job_id,entry_id,push_timestamp,value,revision,push_id,repository_name,test,lower_is_better,name,parent_signature,repository_id,measurement_unit,application,has_subtests,tags,extra_options,signature_id,framework_id,signature_hash,option_collection_hash,machine_platform,suite,should_alert,alert_id,alert_push_id,alert_prev_push_id,alert_creation_timestamp,alert_first_triaged,alert_triage_due_date,alert_repository,alert_framework,test_id,test_status,test_series_signature_framework_id,test_series_signature_signature_hash,test_series_signature_machine_platform,test_series_signature_test,test_series_signature_suite,test_series_signature_lower_is_better,test_series_signature_has_subtests,test_series_signature_option_collection_hash,test_series_signature_tags,test_series_signature_extra_options,test_series_signature_measurement_unit,test_series_signature_suite_public_name,test_series_signature_test_public_name,test_prev_taskcluster_metadata_task_id,test_prev_taskcluster_metadata_retry_id,test_taskcluster_metadata_task_id,test_taskcluster_metadata_retry_id,test_profile_url,test_prev_profile_url,test_is_regression,test_prev_value,test_new_value,test_t_value,test_amount_abs,test_amount_pct,test_summary_id,test_related_summary_id,test_manually_created,test_classifier,test_starred,test_classifier_email,test_backfill_record_context,test_backfill_record_status,test_backfill_record_total_actions_triggered,test_backfill_record_total_backfills_failed,test_backfill_record_total_backfills_successful,test_backfill_record_total_backfills_in_progress,test_noise_profile,alert_related_alerts,alert_status,alert_bug_number,alert_bug_due_date,alert_bug_updated,alert_issue_tracker,alert_notes,alert_push_timestamp,alert_prev_push_revision,alert_assignee_username,alert_assignee_email,alert_performance_tags
,1700064054,2023-05-24 10:49:25,2586.0,1db51625512e546534a6a7352ff4ff3b9c48d713,1245770,autoland,LastVisualChange,True,amazon-search LastVisualChange opt cold webrender,,77,ms,geckoview,False,|c|o|l|d| |w|e|b|r|e|n|d|e|r|,,4361205,13,8bad20cfa5c21f9f330712163e9ddf6ea850f908,102210fe594ee9b33d82058545b1ed14f4c8206e,android-hw-a51-11-0-aarch64-shippable-qr,amazon-search,True,,,,,,,,,,,,,,,,,,,,,,,,,,,,,,,,,,,,,,,,,,,,,,,,,,TN,,,,,,,,,,
,1700089814,2023-05-24 13:34:40,2657.0,6a96bb1f430f92b83cc31f74db4e4c1f71e155e5,1245871,autoland,LastVisualChange,True,amazon-search LastVisualChange opt cold webrender,,77,ms,geckoview,False,|c|o|l|d| |w|e|b|r|e|n|d|e|r|,,4361205,13,8bad20cfa5c21f9f330712163e9ddf6ea850f908,102210fe594ee9b33d82058545b1ed14f4c8206e,android-hw-a51-11-0-aarch64-shippable-qr,amazon-search,True,,,,,,,,,,,,,,,,,,,,,,,,,,,,,,,,,,,,,,,,,,,,,,,,,,TN,,,,,,,,,,
,1700216225,2023-05-24 17:26:23,2586.0,b9da43bde2c92655235855f4bb966f7a2537eafa,1246058,autoland,LastVisualChange,True,amazon-search LastVisualChange opt cold webrender,,77,ms,geckoview,False,|c|o|l|d| |w|e|b|r|e|n|d|e|r|,,4361205,13,8bad20cfa5c21f9f330712163e9ddf6ea850f908,102210fe594ee9b33d82058545b1ed14f4c8206e,android-hw-a51-11-0-aarch64-shippable-qr,amazon-search,True,,,,,,,,,,,,,,,,,,,,,,,,,,,,,,,,,,,,,,,,,,,,,,,,,,TN,,,,,,,,,,
,1700353533,2023-05-24 21:30:03,2754.0,468123d0735b96f7486f1e1a4de373e3dd7520bd,1246204,autoland,LastVisualChange,True,amazon-search LastVisualChange opt cold webrender,,77,ms,geckoview,False,|c|o|l|d| |w|e|b|r|e|n|d|e|r|,,4361205,13,8bad20cfa5c21f9f330712163e9ddf6ea850f908,102210fe594ee9b33d82058545b1ed14f4c8206e,android-hw-a51-11-0-aarch64-shippable-qr,amazon-search,True,,,,,,,,,,,,,,,,,,,,,,,,,,,,,,,,,,,,,,,,,,,,,,,,,,TN,,,,,,,,,,
,1700418797,2023-05-25 01:52:13,2724.0,c1577427eba79d954813d300bfe6d4f09e0249f0,1246339,autoland,LastVisualChange,True,amazon-search LastVisualChange opt cold webrender,,77,ms,geckoview,False,|c|o|l|d| |w|e|b|r|e|n|d|e|r|,,4361205,13,8bad20cfa5c21f9f330712163e9ddf6ea850f908,102210fe594ee9b33d82058545b1ed14f4c8206e,android-hw-a51-11-0-aarch64-shippable-qr,amazon-search,True,,,,,,,,,,,,,,,,,,,,,,,,,,,,,,,,,,,,,,,,,,,,,,,,,,TN,,,,,,,,,,
,1700479042,2023-05-25 06:53:28,2661.0,ee3230b1fe26e5521d07465dcab71e75d586e422,1246434,autoland,LastVisualChange,True,amazon-search LastVisualChange opt cold webrender,,77,ms,geckoview,False,|c|o|l|d| |w|e|b|r|e|n|d|e|r|,,4361205,13,8bad20cfa5c21f9f330712163e9ddf6ea850f908,102210fe594ee9b33d82058545b1ed14f4c8206e,android-hw-a51-11-0-aarch64-shippable-qr,amazon-search,True,,,,,,,,,,,,,,,,,,,,,,,,,,,,,,,,,,,,,,,,,,,,,,,,,,TN,,,,,,,,,,
,1700524974,2023-05-25 09:03:58,2763.0,0cd7e9f3c07773af459b1d5676b4f14a1a4c2844,1246517,autoland,LastVisualChange,True,amazon-search LastVisualChange opt cold webrender,,77,ms,geckoview,False,|c|o|l|d| |w|e|b|r|e|n|d|e|r|,,4361205,13,8bad20cfa5c21f9f330712163e9ddf6ea850f908,102210fe594ee9b33d82058545b1ed14f4c8206e,android-hw-a51-11-0-aarch64-shippable-qr,amazon-search,True,,,,,,,,,,,,,,,,,,,,,,,,,,,,,,,,,,,,,,,,,,,,,,,,,,TN,,,,,,,,,,
,1700667659,2023-05-25 13:17:19,2591.0,09f3ed0c8776aaa707aab014022efa3a16e01a6e,1246661,autoland,LastVisualChange,True,amazon-search LastVisualChange opt cold webrender,,77,ms,geckoview,False,|c|o|l|d| |w|e|b|r|e|n|d|e|r|,,4361205,13,8bad20cfa5c21f9f330712163e9ddf6ea850f908,102210fe594ee9b33d82058545b1ed14f4c8206e,android-hw-a51-11-0-aarch64-shippable-qr,amazon-search,True,,,,,,,,,,,,,,,,,,,,,,,,,,,,,,,,,,,,,,,,,,,,,,,,,,TN,,,,,,,,,,
,1700673786,2023-05-25 13:25:13,2770.0,6e07dad252683bcc1ed82d6a973adda9b490af1f,1246670,autoland,LastVisualChange,True,amazon-search LastVisualChange opt cold webrender,,77,ms,geckoview,False,|c|o|l|d| |w|e|b|r|e|n|d|e|r|,,4361205,13,8bad20cfa5c21f9f330712163e9ddf6ea850f908,102210fe594ee9b33d82058545b1ed14f4c8206e,android-hw-a51-11-0-aarch64-shippable-qr,amazon-search,True,,,,,,,,,,,,,,,,,,,,,,,,,,,,,,,,,,,,,,,,,,,,,,,,,,TN,,,,,,,,,,
,1700757563,2023-05-25 17:00:24,2647.0,4971297a8917c4ce5f9136ebb0c82cde74eb50c4,1246837,autoland,LastVisualChange,True,amazon-search LastVisualChange opt cold webrender,,77,ms,geckoview,False,|c|o|l|d| |w|e|b|r|e|n|d|e|r|,,4361205,13,8bad20cfa5c21f9f330712163e9ddf6ea850f908,102210fe594ee9b33d82058545b1ed14f4c8206e,android-hw-a51-11-0-aarch64-shippable-qr,amazon-search,True,,,,,,,,,,,,,,,,,,,,,,,,,,,,,,,,,,,,,,,,,,,,,,,,,,TN,,,,,,,,,,
,1700920684,2023-05-25 20:49:35,2704.0,6d91b4ed2bb8fbe97d7f5fcf7cad0e6f2bb6ad2f,1247021,autoland,LastVisualChange,True,amazon-search LastVisualChange opt cold webrender,,77,ms,geckoview,False,|c|o|l|d| |w|e|b|r|e|n|d|e|r|,,4361205,13,8bad20cfa5c21f9f330712163e9ddf6ea850f908,102210fe594ee9b33d82058545b1ed14f4c8206e,android-hw-a51-11-0-aarch64-shippable-qr,amazon-search,True,,,,,,,,,,,,,,,,,,,,,,,,,,,,,,,,,,,,,,,,,,,,,,,,,,TN,,,,,,,,,,
,1701053570,2023-05-26 00:58:32,2643.0,d49f009b89ad3ae1616d96cb1d2d9234ef3f6cda,1247180,autoland,LastVisualChange,True,amazon-search LastVisualChange opt cold webrender,,77,ms,geckoview,False,|c|o|l|d| |w|e|b|r|e|n|d|e|r|,,4361205,13,8bad20cfa5c21f9f330712163e9ddf6ea850f908,102210fe594ee9b33d82058545b1ed14f4c8206e,android-hw-a51-11-0-aarch64-shippable-qr,amazon-search,True,,,,,,,,,,,,,,,,,,,,,,,,,,,,,,,,,,,,,,,,,,,,,,,,,,TN,,,,,,,,,,
,1701147779,2023-05-26 04:58:44,2630.0,ffc18acbe9c027a3d6c960322b40a9d0576af311,1247241,autoland,LastVisualChange,True,amazon-search LastVisualChange opt cold webrender,,77,ms,geckoview,False,|c|o|l|d| |w|e|b|r|e|n|d|e|r|,,4361205,13,8bad20cfa5c21f9f330712163e9ddf6ea850f908,102210fe594ee9b33d82058545b1ed14f4c8206e,android-hw-a51-11-0-aarch64-shippable-qr,amazon-search,True,,,,,,,,,,,,,,,,,,,,,,,,,,,,,,,,,,,,,,,,,,,,,,,,,,TN,,,,,,,,,,
,1701224163,2023-05-26 08:30:04,2731.0,35f77e2aafb53fdda81c118a9ea61aefdacd61b4,1247293,autoland,LastVisualChange,True,amazon-search LastVisualChange opt cold webrender,,77,ms,geckoview,False,|c|o|l|d| |w|e|b|r|e|n|d|e|r|,,4361205,13,8bad20cfa5c21f9f330712163e9ddf6ea850f908,102210fe594ee9b33d82058545b1ed14f4c8206e,android-hw-a51-11-0-aarch64-shippable-qr,amazon-search,True,,,,,,,,,,,,,,,,,,,,,,,,,,,,,,,,,,,,,,,,,,,,,,,,,,TN,,,,,,,,,,
,1701376264,2023-05-26 12:58:50,2571.0,3999253a6a3dc448416b9a73377e8599ca6bd022,1247437,autoland,LastVisualChange,True,amazon-search LastVisualChange opt cold webrender,,77,ms,geckoview,False,|c|o|l|d| |w|e|b|r|e|n|d|e|r|,,4361205,13,8bad20cfa5c21f9f330712163e9ddf6ea850f908,102210fe594ee9b33d82058545b1ed14f4c8206e,android-hw-a51-11-0-aarch64-shippable-qr,amazon-search,True,,,,,,,,,,,,,,,,,,,,,,,,,,,,,,,,,,,,,,,,,,,,,,,,,,TN,,,,,,,,,,
,1701386386,2023-05-26 13:11:40,2678.0,bb19012006135abc7ddd72be3cd269be7ef114b5,1247444,autoland,LastVisualChange,True,amazon-search LastVisualChange opt cold webrender,,77,ms,geckoview,False,|c|o|l|d| |w|e|b|r|e|n|d|e|r|,,4361205,13,8bad20cfa5c21f9f330712163e9ddf6ea850f908,102210fe594ee9b33d82058545b1ed14f4c8206e,android-hw-a51-11-0-aarch64-shippable-qr,amazon-search,True,,,,,,,,,,,,,,,,,,,,,,,,,,,,,,,,,,,,,,,,,,,,,,,,,,TN,,,,,,,,,,
,1701515528,2023-05-26 17:23:29,2513.0,8ca2ea7fe36515caaf70ddf90bfd2ee269f059cf,1247619,autoland,LastVisualChange,True,amazon-search LastVisualChange opt cold webrender,,77,ms,geckoview,False,|c|o|l|d| |w|e|b|r|e|n|d|e|r|,,4361205,13,8bad20cfa5c21f9f330712163e9ddf6ea850f908,102210fe594ee9b33d82058545b1ed14f4c8206e,android-hw-a51-11-0-aarch64-shippable-qr,amazon-search,True,,,,,,,,,,,,,,,,,,,,,,,,,,,,,,,,,,,,,,,,,,,,,,,,,,TN,,,,,,,,,,
,1701616243,2023-05-26 19:44:57,2656.0,fc6056442a0fa16146259cb730d4e34a16656952,1247712,autoland,LastVisualChange,True,amazon-search LastVisualChange opt cold webrender,,77,ms,geckoview,False,|c|o|l|d| |w|e|b|r|e|n|d|e|r|,,4361205,13,8bad20cfa5c21f9f330712163e9ddf6ea850f908,102210fe594ee9b33d82058545b1ed14f4c8206e,android-hw-a51-11-0-aarch64-shippable-qr,amazon-search,True,,,,,,,,,,,,,,,,,,,,,,,,,,,,,,,,,,,,,,,,,,,,,,,,,,TN,,,,,,,,,,
,1701737605,2023-05-27 00:56:39,2698.0,b45b68be3f9bae0da4d649a44e60c6cd175f2212,1247879,autoland,LastVisualChange,True,amazon-search LastVisualChange opt cold webrender,,77,ms,geckoview,False,|c|o|l|d| |w|e|b|r|e|n|d|e|r|,,4361205,13,8bad20cfa5c21f9f330712163e9ddf6ea850f908,102210fe594ee9b33d82058545b1ed14f4c8206e,android-hw-a51-11-0-aarch64-shippable-qr,amazon-search,True,,,,,,,,,,,,,,,,,,,,,,,,,,,,,,,,,,,,,,,,,,,,,,,,,,TN,,,,,,,,,,
,1701884906,2023-05-27 11:39:36,2726.0,6a941c8c6ff3290e530942915ee97161b670f15d,1247945,autoland,LastVisualChange,True,amazon-search LastVisualChange opt cold webrender,,77,ms,geckoview,False,|c|o|l|d| |w|e|b|r|e|n|d|e|r|,,4361205,13,8bad20cfa5c21f9f330712163e9ddf6ea850f908,102210fe594ee9b33d82058545b1ed14f4c8206e,android-hw-a51-11-0-aarch64-shippable-qr,amazon-search,True,,,,,,,,,,,,,,,,,,,,,,,,,,,,,,,,,,,,,,,,,,,,,,,,,,TN,,,,,,,,,,
,1701923214,2023-05-27 15:52:21,2630.0,531a15ae09d49e29c270830e9b873aa625a5a8c2,1247961,autoland,LastVisualChange,True,amazon-search LastVisualChange opt cold webrender,,77,ms,geckoview,False,|c|o|l|d| |w|e|b|r|e|n|d|e|r|,,4361205,13,8bad20cfa5c21f9f330712163e9ddf6ea850f908,102210fe594ee9b33d82058545b1ed14f4c8206e,android-hw-a51-11-0-aarch64-shippable-qr,amazon-search,True,,,,,,,,,,,,,,,,,,,,,,,,,,,,,,,,,,,,,,,,,,,,,,,,,,TN,,,,,,,,,,
,1702048411,2023-05-28 20:46:15,2642.0,47f0f49b40361f9c5bde3a5691dc5d65ec1e0061,1248031,autoland,LastVisualChange,True,amazon-search LastVisualChange opt cold webrender,,77,ms,geckoview,False,|c|o|l|d| |w|e|b|r|e|n|d|e|r|,,4361205,13,8bad20cfa5c21f9f330712163e9ddf6ea850f908,102210fe594ee9b33d82058545b1ed14f4c8206e,android-hw-a51-11-0-aarch64-shippable-qr,amazon-search,True,,,,,,,,,,,,,,,,,,,,,,,,,,,,,,,,,,,,,,,,,,,,,,,,,,TN,,,,,,,,,,
,1702084113,2023-05-29 02:12:22,2650.0,1f8f2142966233c5d8d437f93d361aa0cc2b36c6,1248080,autoland,LastVisualChange,True,amazon-search LastVisualChange opt cold webrender,,77,ms,geckoview,False,|c|o|l|d| |w|e|b|r|e|n|d|e|r|,,4361205,13,8bad20cfa5c21f9f330712163e9ddf6ea850f908,102210fe594ee9b33d82058545b1ed14f4c8206e,android-hw-a51-11-0-aarch64-shippable-qr,amazon-search,True,,,,,,,,,,,,,,,,,,,,,,,,,,,,,,,,,,,,,,,,,,,,,,,,,,TN,,,,,,,,,,
,1702145260,2023-05-29 06:50:24,2542.0,1565861edeebf64845658a3f48cb89fa4515bb68,1248115,autoland,LastVisualChange,True,amazon-search LastVisualChange opt cold webrender,,77,ms,geckoview,False,|c|o|l|d| |w|e|b|r|e|n|d|e|r|,,4361205,13,8bad20cfa5c21f9f330712163e9ddf6ea850f908,102210fe594ee9b33d82058545b1ed14f4c8206e,android-hw-a51-11-0-aarch64-shippable-qr,amazon-search,True,,,,,,,,,,,,,,,,,,,,,,,,,,,,,,,,,,,,,,,,,,,,,,,,,,TN,,,,,,,,,,
,1702161690,2023-05-29 07:27:55,2686.0,31915ad324761c4fe80dac65ca36f070ab2102a2,1248125,autoland,LastVisualChange,True,amazon-search LastVisualChange opt cold webrender,,77,ms,geckoview,False,|c|o|l|d| |w|e|b|r|e|n|d|e|r|,,4361205,13,8bad20cfa5c21f9f330712163e9ddf6ea850f908,102210fe594ee9b33d82058545b1ed14f4c8206e,android-hw-a51-11-0-aarch64-shippable-qr,amazon-search,True,,,,,,,,,,,,,,,,,,,,,,,,,,,,,,,,,,,,,,,,,,,,,,,,,,TN,,,,,,,,,,
,1702330656,2023-05-29 15:52:56,2643.0,e1a08bab18008646938a96dfab802d2471fcadc1,1248305,autoland,LastVisualChange,True,amazon-search LastVisualChange opt cold webrender,,77,ms,geckoview,False,|c|o|l|d| |w|e|b|r|e|n|d|e|r|,,4361205,13,8bad20cfa5c21f9f330712163e9ddf6ea850f908,102210fe594ee9b33d82058545b1ed14f4c8206e,android-hw-a51-11-0-aarch64-shippable-qr,amazon-search,True,,,,,,,,,,,,,,,,,,,,,,,,,,,,,,,,,,,,,,,,,,,,,,,,,,TN,,,,,,,,,,
,1702409548,2023-05-29 20:27:32,2643.0,496eefc6bee2519ce93df561b640b582e869b964,1248440,autoland,LastVisualChange,True,amazon-search LastVisualChange opt cold webrender,,77,ms,geckoview,False,|c|o|l|d| |w|e|b|r|e|n|d|e|r|,,4361205,13,8bad20cfa5c21f9f330712163e9ddf6ea850f908,102210fe594ee9b33d82058545b1ed14f4c8206e,android-hw-a51-11-0-aarch64-shippable-qr,amazon-search,True,,,,,,,,,,,,,,,,,,,,,,,,,,,,,,,,,,,,,,,,,,,,,,,,,,TN,,,,,,,,,,
,1702420836,2023-05-29 20:34:18,2632.0,f7d3e204b0fb015cf0fb51a08403e22986a2ae52,1248445,autoland,LastVisualChange,True,amazon-search LastVisualChange opt cold webrender,,77,ms,geckoview,False,|c|o|l|d| |w|e|b|r|e|n|d|e|r|,,4361205,13,8bad20cfa5c21f9f330712163e9ddf6ea850f908,102210fe594ee9b33d82058545b1ed14f4c8206e,android-hw-a51-11-0-aarch64-shippable-qr,amazon-search,True,,,,,,,,,,,,,,,,,,,,,,,,,,,,,,,,,,,,,,,,,,,,,,,,,,TN,,,,,,,,,,
,1702497873,2023-05-30 01:15:28,4497.0,82442b2d56d94c600cca707dd62ab7a19d68bbd2,1248536,autoland,LastVisualChange,True,amazon-search LastVisualChange opt cold webrender,,77,ms,geckoview,False,|c|o|l|d| |w|e|b|r|e|n|d|e|r|,,4361205,13,8bad20cfa5c21f9f330712163e9ddf6ea850f908,102210fe594ee9b33d82058545b1ed14f4c8206e,android-hw-a51-11-0-aarch64-shippable-qr,amazon-search,True,,,,,,,,,,,,,,,,,,,,,,,,,,,,,,,,,,,,,,,,,,,,,,,,,,TN,,,,,,,,,,
,1702591081,2023-05-30 06:58:06,2528.0,23a3b1b5a2b78d86456189221e567423206bc00a,1248601,autoland,LastVisualChange,True,amazon-search LastVisualChange opt cold webrender,,77,ms,geckoview,False,|c|o|l|d| |w|e|b|r|e|n|d|e|r|,,4361205,13,8bad20cfa5c21f9f330712163e9ddf6ea850f908,102210fe594ee9b33d82058545b1ed14f4c8206e,android-hw-a51-11-0-aarch64-shippable-qr,amazon-search,True,,,,,,,,,,,,,,,,,,,,,,,,,,,,,,,,,,,,,,,,,,,,,,,,,,TN,,,,,,,,,,
,1702608767,2023-05-30 07:49:46,2611.0,64b2487b96b949b3c6a787dfd17210f9998fb42e,1248618,autoland,LastVisualChange,True,amazon-search LastVisualChange opt cold webrender,,77,ms,geckoview,False,|c|o|l|d| |w|e|b|r|e|n|d|e|r|,,4361205,13,8bad20cfa5c21f9f330712163e9ddf6ea850f908,102210fe594ee9b33d82058545b1ed14f4c8206e,android-hw-a51-11-0-aarch64-shippable-qr,amazon-search,True,,,,,,,,,,,,,,,,,,,,,,,,,,,,,,,,,,,,,,,,,,,,,,,,,,TN,,,,,,,,,,
,1702754882,2023-05-30 12:05:20,2691.0,121d4440186ece5c7acf444a8879a3818d54fef5,1248752,autoland,LastVisualChange,True,amazon-search LastVisualChange opt cold webrender,,77,ms,geckoview,False,|c|o|l|d| |w|e|b|r|e|n|d|e|r|,,4361205,13,8bad20cfa5c21f9f330712163e9ddf6ea850f908,102210fe594ee9b33d82058545b1ed14f4c8206e,android-hw-a51-11-0-aarch64-shippable-qr,amazon-search,True,,,,,,,,,,,,,,,,,,,,,,,,,,,,,,,,,,,,,,,,,,,,,,,,,,TN,,,,,,,,,,
,1702836442,2023-05-30 15:20:14,2546.0,8ddf44b47ed68e786f1ca69913136fe2ddd7f1d2,1248888,autoland,LastVisualChange,True,amazon-search LastVisualChange opt cold webrender,,77,ms,geckoview,False,|c|o|l|d| |w|e|b|r|e|n|d|e|r|,,4361205,13,8bad20cfa5c21f9f330712163e9ddf6ea850f908,102210fe594ee9b33d82058545b1ed14f4c8206e,android-hw-a51-11-0-aarch64-shippable-qr,amazon-search,True,,,,,,,,,,,,,,,,,,,,,,,,,,,,,,,,,,,,,,,,,,,,,,,,,,TN,,,,,,,,,,
,1702923660,2023-05-30 19:20:55,2576.0,361a866d206fd695b15823113863d449afb7c87d,1249050,autoland,LastVisualChange,True,amazon-search LastVisualChange opt cold webrender,,77,ms,geckoview,False,|c|o|l|d| |w|e|b|r|e|n|d|e|r|,,4361205,13,8bad20cfa5c21f9f330712163e9ddf6ea850f908,102210fe594ee9b33d82058545b1ed14f4c8206e,android-hw-a51-11-0-aarch64-shippable-qr,amazon-search,True,,,,,,,,,,,,,,,,,,,,,,,,,,,,,,,,,,,,,,,,,,,,,,,,,,TN,,,,,,,,,,
,1702964067,2023-05-30 19:21:44,2628.0,f9dad80c02c9517d8cb38311989dab88f1236015,1249051,autoland,LastVisualChange,True,amazon-search LastVisualChange opt cold webrender,,77,ms,geckoview,False,|c|o|l|d| |w|e|b|r|e|n|d|e|r|,,4361205,13,8bad20cfa5c21f9f330712163e9ddf6ea850f908,102210fe594ee9b33d82058545b1ed14f4c8206e,android-hw-a51-11-0-aarch64-shippable-qr,amazon-search,True,,,,,,,,,,,,,,,,,,,,,,,,,,,,,,,,,,,,,,,,,,,,,,,,,,TN,,,,,,,,,,
,1703088006,2023-05-30 22:16:30,2749.0,0ea1f0bff41ab8b0e92e4f35f3d6eaf801ad3fc0,1249172,autoland,LastVisualChange,True,amazon-search LastVisualChange opt cold webrender,,77,ms,geckoview,False,|c|o|l|d| |w|e|b|r|e|n|d|e|r|,,4361205,13,8bad20cfa5c21f9f330712163e9ddf6ea850f908,102210fe594ee9b33d82058545b1ed14f4c8206e,android-hw-a51-11-0-aarch64-shippable-qr,amazon-search,True,,,,,,,,,,,,,,,,,,,,,,,,,,,,,,,,,,,,,,,,,,,,,,,,,,TN,,,,,,,,,,
,1703165747,2023-05-31 02:21:54,2611.0,40997d8c121ee054ffe5df2c1a10d3a392f78c3c,1249255,autoland,LastVisualChange,True,amazon-search LastVisualChange opt cold webrender,,77,ms,geckoview,False,|c|o|l|d| |w|e|b|r|e|n|d|e|r|,,4361205,13,8bad20cfa5c21f9f330712163e9ddf6ea850f908,102210fe594ee9b33d82058545b1ed14f4c8206e,android-hw-a51-11-0-aarch64-shippable-qr,amazon-search,True,,,,,,,,,,,,,,,,,,,,,,,,,,,,,,,,,,,,,,,,,,,,,,,,,,TN,,,,,,,,,,
,1703432490,2023-05-31 09:56:26,2725.0,2317c21d7aeb68528ec7946980e7ca68d74c451a,1249439,autoland,LastVisualChange,True,amazon-search LastVisualChange opt cold webrender,,77,ms,geckoview,False,|c|o|l|d| |w|e|b|r|e|n|d|e|r|,,4361205,13,8bad20cfa5c21f9f330712163e9ddf6ea850f908,102210fe594ee9b33d82058545b1ed14f4c8206e,android-hw-a51-11-0-aarch64-shippable-qr,amazon-search,True,,,,,,,,,,,,,,,,,,,,,,,,,,,,,,,,,,,,,,,,,,,,,,,,,,TN,,,,,,,,,,
,1703720736,2023-05-31 14:02:33,2651.0,7d2ea0789fc8c8538febac2643670ed4a46de087,1249550,autoland,LastVisualChange,True,amazon-search LastVisualChange opt cold webrender,,77,ms,geckoview,False,|c|o|l|d| |w|e|b|r|e|n|d|e|r|,,4361205,13,8bad20cfa5c21f9f330712163e9ddf6ea850f908,102210fe594ee9b33d82058545b1ed14f4c8206e,android-hw-a51-11-0-aarch64-shippable-qr,amazon-search,True,,,,,,,,,,,,,,,,,,,,,,,,,,,,,,,,,,,,,,,,,,,,,,,,,,TN,,,,,,,,,,
,1703776532,2023-05-31 15:08:35,2531.0,513ac812d28fbd668a0b4216f4f52aef38b29501,1249582,autoland,LastVisualChange,True,amazon-search LastVisualChange opt cold webrender,,77,ms,geckoview,False,|c|o|l|d| |w|e|b|r|e|n|d|e|r|,,4361205,13,8bad20cfa5c21f9f330712163e9ddf6ea850f908,102210fe594ee9b33d82058545b1ed14f4c8206e,android-hw-a51-11-0-aarch64-shippable-qr,amazon-search,True,,,,,,,,,,,,,,,,,,,,,,,,,,,,,,,,,,,,,,,,,,,,,,,,,,TN,,,,,,,,,,
,1703906503,2023-05-31 17:22:12,2807.0,b1a1fe06a88b8bdb3f1c5564d12f6798261f34f8,1249712,autoland,LastVisualChange,True,amazon-search LastVisualChange opt cold webrender,,77,ms,geckoview,False,|c|o|l|d| |w|e|b|r|e|n|d|e|r|,,4361205,13,8bad20cfa5c21f9f330712163e9ddf6ea850f908,102210fe594ee9b33d82058545b1ed14f4c8206e,android-hw-a51-11-0-aarch64-shippable-qr,amazon-search,True,,,,,,,,,,,,,,,,,,,,,,,,,,,,,,,,,,,,,,,,,,,,,,,,,,TN,,,,,,,,,,
,1703999379,2023-05-31 20:28:19,2663.0,acd631722a01cb363c4967477af9f240d35cd218,1249881,autoland,LastVisualChange,True,amazon-search LastVisualChange opt cold webrender,,77,ms,geckoview,False,|c|o|l|d| |w|e|b|r|e|n|d|e|r|,,4361205,13,8bad20cfa5c21f9f330712163e9ddf6ea850f908,102210fe594ee9b33d82058545b1ed14f4c8206e,android-hw-a51-11-0-aarch64-shippable-qr,amazon-search,True,,,,,,,,,,,,,,,,,,,,,,,,,,,,,,,,,,,,,,,,,,,,,,,,,,TN,,,,,,,,,,
,1704149455,2023-05-31 23:35:37,2625.0,69cd9d943489100b8424cf1b19b0646cbc9c317c,1250055,autoland,LastVisualChange,True,amazon-search LastVisualChange opt cold webrender,,77,ms,geckoview,False,|c|o|l|d| |w|e|b|r|e|n|d|e|r|,,4361205,13,8bad20cfa5c21f9f330712163e9ddf6ea850f908,102210fe594ee9b33d82058545b1ed14f4c8206e,android-hw-a51-11-0-aarch64-shippable-qr,amazon-search,True,,,,,,,,,,,,,,,,,,,,,,,,,,,,,,,,,,,,,,,,,,,,,,,,,,TN,,,,,,,,,,
,1704228445,2023-06-01 03:44:27,2646.0,5d6127a9b7ed37774d6403efd4ee1ec813503592,1250134,autoland,LastVisualChange,True,amazon-search LastVisualChange opt cold webrender,,77,ms,geckoview,False,|c|o|l|d| |w|e|b|r|e|n|d|e|r|,,4361205,13,8bad20cfa5c21f9f330712163e9ddf6ea850f908,102210fe594ee9b33d82058545b1ed14f4c8206e,android-hw-a51-11-0-aarch64-shippable-qr,amazon-search,True,,,,,,,,,,,,,,,,,,,,,,,,,,,,,,,,,,,,,,,,,,,,,,,,,,TN,,,,,,,,,,
,1704368072,2023-06-01 08:18:01,2546.0,310a02cb1216c0fafadcbc049aac0875871eab96,1250206,autoland,LastVisualChange,True,amazon-search LastVisualChange opt cold webrender,,77,ms,geckoview,False,|c|o|l|d| |w|e|b|r|e|n|d|e|r|,,4361205,13,8bad20cfa5c21f9f330712163e9ddf6ea850f908,102210fe594ee9b33d82058545b1ed14f4c8206e,android-hw-a51-11-0-aarch64-shippable-qr,amazon-search,True,,,,,,,,,,,,,,,,,,,,,,,,,,,,,,,,,,,,,,,,,,,,,,,,,,TN,,,,,,,,,,
,1704416571,2023-06-01 09:51:53,2744.0,3ee1184f75ef01c3b8b3acb826d84a189cac75ce,1250243,autoland,LastVisualChange,True,amazon-search LastVisualChange opt cold webrender,,77,ms,geckoview,False,|c|o|l|d| |w|e|b|r|e|n|d|e|r|,,4361205,13,8bad20cfa5c21f9f330712163e9ddf6ea850f908,102210fe594ee9b33d82058545b1ed14f4c8206e,android-hw-a51-11-0-aarch64-shippable-qr,amazon-search,True,,,,,,,,,,,,,,,,,,,,,,,,,,,,,,,,,,,,,,,,,,,,,,,,,,TN,,,,,,,,,,
,1704625351,2023-06-01 13:54:39,2565.0,01e7e891e3d0793f8a185fe99b6f8cc9c6ffa74e,1250379,autoland,LastVisualChange,True,amazon-search LastVisualChange opt cold webrender,,77,ms,geckoview,False,|c|o|l|d| |w|e|b|r|e|n|d|e|r|,,4361205,13,8bad20cfa5c21f9f330712163e9ddf6ea850f908,102210fe594ee9b33d82058545b1ed14f4c8206e,android-hw-a51-11-0-aarch64-shippable-qr,amazon-search,True,,,,,,,,,,,,,,,,,,,,,,,,,,,,,,,,,,,,,,,,,,,,,,,,,,TN,,,,,,,,,,
,1704842531,2023-06-01 21:35:55,2612.0,9718fca142ae7765c8ca6c3616fab6e303225556,1250675,autoland,LastVisualChange,True,amazon-search LastVisualChange opt cold webrender,,77,ms,geckoview,False,|c|o|l|d| |w|e|b|r|e|n|d|e|r|,,4361205,13,8bad20cfa5c21f9f330712163e9ddf6ea850f908,102210fe594ee9b33d82058545b1ed14f4c8206e,android-hw-a51-11-0-aarch64-shippable-qr,amazon-search,True,,,,,,,,,,,,,,,,,,,,,,,,,,,,,,,,,,,,,,,,,,,,,,,,,,TN,,,,,,,,,,
,1704948490,2023-06-02 02:04:00,2514.0,c365694efc9c7ac4c2c010f9dc97afb7c80107ee,1250783,autoland,LastVisualChange,True,amazon-search LastVisualChange opt cold webrender,,77,ms,geckoview,False,|c|o|l|d| |w|e|b|r|e|n|d|e|r|,,4361205,13,8bad20cfa5c21f9f330712163e9ddf6ea850f908,102210fe594ee9b33d82058545b1ed14f4c8206e,android-hw-a51-11-0-aarch64-shippable-qr,amazon-search,True,,,,,,,,,,,,,,,,,,,,,,,,,,,,,,,,,,,,,,,,,,,,,,,,,,TN,,,,,,,,,,
,1705165350,2023-06-02 12:19:13,2597.0,5d642eb9394b5f5e9e9f0a4b6be492055e341e31,1250979,autoland,LastVisualChange,True,amazon-search LastVisualChange opt cold webrender,,77,ms,geckoview,False,|c|o|l|d| |w|e|b|r|e|n|d|e|r|,,4361205,13,8bad20cfa5c21f9f330712163e9ddf6ea850f908,102210fe594ee9b33d82058545b1ed14f4c8206e,android-hw-a51-11-0-aarch64-shippable-qr,amazon-search,True,,,,,,,,,,,,,,,,,,,,,,,,,,,,,,,,,,,,,,,,,,,,,,,,,,TN,,,,,,,,,,
,1705202221,2023-06-02 13:27:34,2761.0,e2c71d0ed1e8bb2b9752f78b13c31171d5dde3a9,1251019,autoland,LastVisualChange,True,amazon-search LastVisualChange opt cold webrender,,77,ms,geckoview,False,|c|o|l|d| |w|e|b|r|e|n|d|e|r|,,4361205,13,8bad20cfa5c21f9f330712163e9ddf6ea850f908,102210fe594ee9b33d82058545b1ed14f4c8206e,android-hw-a51-11-0-aarch64-shippable-qr,amazon-search,True,,,,,,,,,,,,,,,,,,,,,,,,,,,,,,,,,,,,,,,,,,,,,,,,,,TN,,,,,,,,,,
,1705321643,2023-06-02 17:59:13,2628.0,ad7e9e56836f2bd7e0668d322719f548e825a685,1251185,autoland,LastVisualChange,True,amazon-search LastVisualChange opt cold webrender,,77,ms,geckoview,False,|c|o|l|d| |w|e|b|r|e|n|d|e|r|,,4361205,13,8bad20cfa5c21f9f330712163e9ddf6ea850f908,102210fe594ee9b33d82058545b1ed14f4c8206e,android-hw-a51-11-0-aarch64-shippable-qr,amazon-search,True,,,,,,,,,,,,,,,,,,,,,,,,,,,,,,,,,,,,,,,,,,,,,,,,,,TN,,,,,,,,,,
,1705294988,2023-06-02 18:03:52,2797.0,8c3b1c60fde747fcb4e3421062a37b829d6acb9f,1251187,autoland,LastVisualChange,True,amazon-search LastVisualChange opt cold webrender,,77,ms,geckoview,False,|c|o|l|d| |w|e|b|r|e|n|d|e|r|,,4361205,13,8bad20cfa5c21f9f330712163e9ddf6ea850f908,102210fe594ee9b33d82058545b1ed14f4c8206e,android-hw-a51-11-0-aarch64-shippable-qr,amazon-search,True,,,,,,,,,,,,,,,,,,,,,,,,,,,,,,,,,,,,,,,,,,,,,,,,,,TN,,,,,,,,,,
,1705401918,2023-06-02 22:18:32,2722.0,b9f63a24bc677e4c6a1f9bc801c2e3bf44dbd6e8,1251308,autoland,LastVisualChange,True,amazon-search LastVisualChange opt cold webrender,,77,ms,geckoview,False,|c|o|l|d| |w|e|b|r|e|n|d|e|r|,,4361205,13,8bad20cfa5c21f9f330712163e9ddf6ea850f908,102210fe594ee9b33d82058545b1ed14f4c8206e,android-hw-a51-11-0-aarch64-shippable-qr,amazon-search,True,,,,,,,,,,,,,,,,,,,,,,,,,,,,,,,,,,,,,,,,,,,,,,,,,,TN,,,,,,,,,,
,1705447769,2023-06-03 05:40:17,2644.0,64bce9d136ae9b4bd5482515721d6daf2da53dc3,1251358,autoland,LastVisualChange,True,amazon-search LastVisualChange opt cold webrender,,77,ms,geckoview,False,|c|o|l|d| |w|e|b|r|e|n|d|e|r|,,4361205,13,8bad20cfa5c21f9f330712163e9ddf6ea850f908,102210fe594ee9b33d82058545b1ed14f4c8206e,android-hw-a51-11-0-aarch64-shippable-qr,amazon-search,True,,,,,,,,,,,,,,,,,,,,,,,,,,,,,,,,,,,,,,,,,,,,,,,,,,TN,,,,,,,,,,
,1705533172,2023-06-03 14:24:38,2600.0,7bc8c25b2935765c57adc63333c221bbe5067831,1251409,autoland,LastVisualChange,True,amazon-search LastVisualChange opt cold webrender,,77,ms,geckoview,False,|c|o|l|d| |w|e|b|r|e|n|d|e|r|,,4361205,13,8bad20cfa5c21f9f330712163e9ddf6ea850f908,102210fe594ee9b33d82058545b1ed14f4c8206e,android-hw-a51-11-0-aarch64-shippable-qr,amazon-search,True,,,,,,,,,,,,,,,,,,,,,,,,,,,,,,,,,,,,,,,,,,,,,,,,,,TN,,,,,,,,,,
,1705593244,2023-06-03 23:39:13,2688.0,b8f06acca6bf62e32647496ed613012fa4c27e9e,1251453,autoland,LastVisualChange,True,amazon-search LastVisualChange opt cold webrender,,77,ms,geckoview,False,|c|o|l|d| |w|e|b|r|e|n|d|e|r|,,4361205,13,8bad20cfa5c21f9f330712163e9ddf6ea850f908,102210fe594ee9b33d82058545b1ed14f4c8206e,android-hw-a51-11-0-aarch64-shippable-qr,amazon-search,True,,,,,,,,,,,,,,,,,,,,,,,,,,,,,,,,,,,,,,,,,,,,,,,,,,TN,,,,,,,,,,
,1705677962,2023-06-04 11:53:44,2643.0,00802389f336283602445d4f08e53b8bd09b43eb,1251481,autoland,LastVisualChange,True,amazon-search LastVisualChange opt cold webrender,,77,ms,geckoview,False,|c|o|l|d| |w|e|b|r|e|n|d|e|r|,,4361205,13,8bad20cfa5c21f9f330712163e9ddf6ea850f908,102210fe594ee9b33d82058545b1ed14f4c8206e,android-hw-a51-11-0-aarch64-shippable-qr,amazon-search,True,,,,,,,,,,,,,,,,,,,,,,,,,,,,,,,,,,,,,,,,,,,,,,,,,,TN,,,,,,,,,,
,1705718437,2023-06-04 20:28:08,2500.0,eeba3a3c20a4dc53210a44734b25d2c0870b6523,1251514,autoland,LastVisualChange,True,amazon-search LastVisualChange opt cold webrender,,77,ms,geckoview,False,|c|o|l|d| |w|e|b|r|e|n|d|e|r|,,4361205,13,8bad20cfa5c21f9f330712163e9ddf6ea850f908,102210fe594ee9b33d82058545b1ed14f4c8206e,android-hw-a51-11-0-aarch64-shippable-qr,amazon-search,True,,,,,,,,,,,,,,,,,,,,,,,,,,,,,,,,,,,,,,,,,,,,,,,,,,TN,,,,,,,,,,
,1705767197,2023-06-05 03:24:10,2610.0,f8fa7749f7bdc93fa3491918a4e8b0fb4db659eb,1251552,autoland,LastVisualChange,True,amazon-search LastVisualChange opt cold webrender,,77,ms,geckoview,False,|c|o|l|d| |w|e|b|r|e|n|d|e|r|,,4361205,13,8bad20cfa5c21f9f330712163e9ddf6ea850f908,102210fe594ee9b33d82058545b1ed14f4c8206e,android-hw-a51-11-0-aarch64-shippable-qr,amazon-search,True,,,,,,,,,,,,,,,,,,,,,,,,,,,,,,,,,,,,,,,,,,,,,,,,,,TN,,,,,,,,,,
,1705804929,2023-06-05 08:05:57,2578.0,61d4558543daf8b284b3194aba84289d6e31ad2f,1251588,autoland,LastVisualChange,True,amazon-search LastVisualChange opt cold webrender,,77,ms,geckoview,False,|c|o|l|d| |w|e|b|r|e|n|d|e|r|,,4361205,13,8bad20cfa5c21f9f330712163e9ddf6ea850f908,102210fe594ee9b33d82058545b1ed14f4c8206e,android-hw-a51-11-0-aarch64-shippable-qr,amazon-search,True,,,,,,,,,,,,,,,,,,,,,,,,,,,,,,,,,,,,,,,,,,,,,,,,,,TN,,,,,,,,,,
,1705916084,2023-06-05 12:01:26,2581.0,00af548d93acc8c2c3ab652a04c882e3a80476a9,1251712,autoland,LastVisualChange,True,amazon-search LastVisualChange opt cold webrender,,77,ms,geckoview,False,|c|o|l|d| |w|e|b|r|e|n|d|e|r|,,4361205,13,8bad20cfa5c21f9f330712163e9ddf6ea850f908,102210fe594ee9b33d82058545b1ed14f4c8206e,android-hw-a51-11-0-aarch64-shippable-qr,amazon-search,True,,,,,,,,,,,,,,,,,,,,,,,,,,,,,,,,,,,,,,,,,,,,,,,,,,TN,,,,,,,,,,
,1706093471,2023-06-05 16:13:31,2647.0,c8df8c0bde6047b8fe23c9716940cbc1c07c2a65,1251888,autoland,LastVisualChange,True,amazon-search LastVisualChange opt cold webrender,,77,ms,geckoview,False,|c|o|l|d| |w|e|b|r|e|n|d|e|r|,,4361205,13,8bad20cfa5c21f9f330712163e9ddf6ea850f908,102210fe594ee9b33d82058545b1ed14f4c8206e,android-hw-a51-11-0-aarch64-shippable-qr,amazon-search,True,,,,,,,,,,,,,,,,,,,,,,,,,,,,,,,,,,,,,,,,,,,,,,,,,,TN,,,,,,,,,,
,1706123766,2023-06-05 16:43:43,2815.0,03d635b2bdb2041550924e64dc0dd20abf4499f9,1251915,autoland,LastVisualChange,True,amazon-search LastVisualChange opt cold webrender,,77,ms,geckoview,False,|c|o|l|d| |w|e|b|r|e|n|d|e|r|,,4361205,13,8bad20cfa5c21f9f330712163e9ddf6ea850f908,102210fe594ee9b33d82058545b1ed14f4c8206e,android-hw-a51-11-0-aarch64-shippable-qr,amazon-search,True,,,,,,,,,,,,,,,,,,,,,,,,,,,,,,,,,,,,,,,,,,,,,,,,,,TN,,,,,,,,,,
,1706232392,2023-06-05 20:14:05,2674.0,d73c2643092115d9b5859c16e121e421656264bc,1252060,autoland,LastVisualChange,True,amazon-search LastVisualChange opt cold webrender,,77,ms,geckoview,False,|c|o|l|d| |w|e|b|r|e|n|d|e|r|,,4361205,13,8bad20cfa5c21f9f330712163e9ddf6ea850f908,102210fe594ee9b33d82058545b1ed14f4c8206e,android-hw-a51-11-0-aarch64-shippable-qr,amazon-search,True,,,,,,,,,,,,,,,,,,,,,,,,,,,,,,,,,,,,,,,,,,,,,,,,,,TN,,,,,,,,,,
,1706274688,2023-06-05 22:25:10,2560.0,3a79e9a1c11da81af50cfb6e535537b5e8e7ce9f,1252165,autoland,LastVisualChange,True,amazon-search LastVisualChange opt cold webrender,,77,ms,geckoview,False,|c|o|l|d| |w|e|b|r|e|n|d|e|r|,,4361205,13,8bad20cfa5c21f9f330712163e9ddf6ea850f908,102210fe594ee9b33d82058545b1ed14f4c8206e,android-hw-a51-11-0-aarch64-shippable-qr,amazon-search,True,,,,,,,,,,,,,,,,,,,,,,,,,,,,,,,,,,,,,,,,,,,,,,,,,,TN,,,,,,,,,,
,1706446777,2023-06-06 07:45:19,2608.3,7974ac7e053aa00b02c6b9405b4fe87e6729456d,1252336,autoland,LastVisualChange,True,amazon-search LastVisualChange opt cold webrender,,77,ms,geckoview,False,|c|o|l|d| |w|e|b|r|e|n|d|e|r|,,4361205,13,8bad20cfa5c21f9f330712163e9ddf6ea850f908,102210fe594ee9b33d82058545b1ed14f4c8206e,android-hw-a51-11-0-aarch64-shippable-qr,amazon-search,True,,,,,,,,,,,,,,,,,,,,,,,,,,,,,,,,,,,,,,,,,,,,,,,,,,TN,,,,,,,,,,
,1706631207,2023-06-06 12:19:14,2739.6,847d7aa42cbef71e48427dda557da27be7b8a938,1252475,autoland,LastVisualChange,True,amazon-search LastVisualChange opt cold webrender,,77,ms,geckoview,False,|c|o|l|d| |w|e|b|r|e|n|d|e|r|,,4361205,13,8bad20cfa5c21f9f330712163e9ddf6ea850f908,102210fe594ee9b33d82058545b1ed14f4c8206e,android-hw-a51-11-0-aarch64-shippable-qr,amazon-search,True,,,,,,,,,,,,,,,,,,,,,,,,,,,,,,,,,,,,,,,,,,,,,,,,,,TN,,,,,,,,,,
,1706738404,2023-06-06 15:07:26,2656.8,51ecbed77cf45640a921f61934b70efadfb58982,1252589,autoland,LastVisualChange,True,amazon-search LastVisualChange opt cold webrender,,77,ms,geckoview,False,|c|o|l|d| |w|e|b|r|e|n|d|e|r|,,4361205,13,8bad20cfa5c21f9f330712163e9ddf6ea850f908,102210fe594ee9b33d82058545b1ed14f4c8206e,android-hw-a51-11-0-aarch64-shippable-qr,amazon-search,True,,,,,,,,,,,,,,,,,,,,,,,,,,,,,,,,,,,,,,,,,,,,,,,,,,TN,,,,,,,,,,
,1706884825,2023-06-06 19:22:50,2725.6,3e7d709ab2a3a86ff58f4406faa05e738ca49ec9,1252721,autoland,LastVisualChange,True,amazon-search LastVisualChange opt cold webrender,,77,ms,geckoview,False,|c|o|l|d| |w|e|b|r|e|n|d|e|r|,,4361205,13,8bad20cfa5c21f9f330712163e9ddf6ea850f908,102210fe594ee9b33d82058545b1ed14f4c8206e,android-hw-a51-11-0-aarch64-shippable-qr,amazon-search,True,,,,,,,,,,,,,,,,,,,,,,,,,,,,,,,,,,,,,,,,,,,,,,,,,,TN,,,,,,,,,,
,1706911241,2023-06-06 19:49:29,2579.8,9a56830b39f8d6802cef3772f81535d5f7bd475c,1252741,autoland,LastVisualChange,True,amazon-search LastVisualChange opt cold webrender,,77,ms,geckoview,False,|c|o|l|d| |w|e|b|r|e|n|d|e|r|,,4361205,13,8bad20cfa5c21f9f330712163e9ddf6ea850f908,102210fe594ee9b33d82058545b1ed14f4c8206e,android-hw-a51-11-0-aarch64-shippable-qr,amazon-search,True,,,,,,,,,,,,,,,,,,,,,,,,,,,,,,,,,,,,,,,,,,,,,,,,,,TN,,,,,,,,,,
,1706983414,2023-06-06 22:47:19,2682.4,3a8e0dd854b5d9349d96a17de81427442d412db9,1252831,autoland,LastVisualChange,True,amazon-search LastVisualChange opt cold webrender,,77,ms,geckoview,False,|c|o|l|d| |w|e|b|r|e|n|d|e|r|,,4361205,13,8bad20cfa5c21f9f330712163e9ddf6ea850f908,102210fe594ee9b33d82058545b1ed14f4c8206e,android-hw-a51-11-0-aarch64-shippable-qr,amazon-search,True,,,,,,,,,,,,,,,,,,,,,,,,,,,,,,,,,,,,,,,,,,,,,,,,,,TN,,,,,,,,,,
,1707076468,2023-06-07 02:52:45,2687.9,714383968fdbbcb6ef5ff4fc599e11ae386d09ce,1252906,autoland,LastVisualChange,True,amazon-search LastVisualChange opt cold webrender,,77,ms,geckoview,False,|c|o|l|d| |w|e|b|r|e|n|d|e|r|,,4361205,13,8bad20cfa5c21f9f330712163e9ddf6ea850f908,102210fe594ee9b33d82058545b1ed14f4c8206e,android-hw-a51-11-0-aarch64-shippable-qr,amazon-search,True,,,,,,,,,,,,,,,,,,,,,,,,,,,,,,,,,,,,,,,,,,,,,,,,,,TN,,,,,,,,,,
,1707205771,2023-06-07 06:55:53,2626.6,29928f29c7a08d81bf5a480f4678c4c90b0abc68,1252967,autoland,LastVisualChange,True,amazon-search LastVisualChange opt cold webrender,,77,ms,geckoview,False,|c|o|l|d| |w|e|b|r|e|n|d|e|r|,,4361205,13,8bad20cfa5c21f9f330712163e9ddf6ea850f908,102210fe594ee9b33d82058545b1ed14f4c8206e,android-hw-a51-11-0-aarch64-shippable-qr,amazon-search,True,,,,,,,,,,,,,,,,,,,,,,,,,,,,,,,,,,,,,,,,,,,,,,,,,,TN,,,,,,,,,,
,1707324263,2023-06-07 11:44:03,2692.8,5c2039dcc9e34d981b3343ed3819d1f65ef07909,1253076,autoland,LastVisualChange,True,amazon-search LastVisualChange opt cold webrender,,77,ms,geckoview,False,|c|o|l|d| |w|e|b|r|e|n|d|e|r|,,4361205,13,8bad20cfa5c21f9f330712163e9ddf6ea850f908,102210fe594ee9b33d82058545b1ed14f4c8206e,android-hw-a51-11-0-aarch64-shippable-qr,amazon-search,True,,,,,,,,,,,,,,,,,,,,,,,,,,,,,,,,,,,,,,,,,,,,,,,,,,TN,,,,,,,,,,
,1707366224,2023-06-07 13:36:12,2635.4,ed7804ffc016687db27f68ab46e27c0ffefda3af,1253119,autoland,LastVisualChange,True,amazon-search LastVisualChange opt cold webrender,,77,ms,geckoview,False,|c|o|l|d| |w|e|b|r|e|n|d|e|r|,,4361205,13,8bad20cfa5c21f9f330712163e9ddf6ea850f908,102210fe594ee9b33d82058545b1ed14f4c8206e,android-hw-a51-11-0-aarch64-shippable-qr,amazon-search,True,,,,,,,,,,,,,,,,,,,,,,,,,,,,,,,,,,,,,,,,,,,,,,,,,,TN,,,,,,,,,,
,1707578008,2023-06-07 20:51:47,2618.0,d777b008615418be897668f8099b9e68f6666a3c,1253401,autoland,LastVisualChange,True,amazon-search LastVisualChange opt cold webrender,,77,ms,geckoview,False,|c|o|l|d| |w|e|b|r|e|n|d|e|r|,,4361205,13,8bad20cfa5c21f9f330712163e9ddf6ea850f908,102210fe594ee9b33d82058545b1ed14f4c8206e,android-hw-a51-11-0-aarch64-shippable-qr,amazon-search,True,,,,,,,,,,,,,,,,,,,,,,,,,,,,,,,,,,,,,,,,,,,,,,,,,,TN,,,,,,,,,,
,1707656383,2023-06-07 22:54:42,2783.2,c18688c9011d0dc50b79d2f830dbf323c8c75604,1253472,autoland,LastVisualChange,True,amazon-search LastVisualChange opt cold webrender,,77,ms,geckoview,False,|c|o|l|d| |w|e|b|r|e|n|d|e|r|,,4361205,13,8bad20cfa5c21f9f330712163e9ddf6ea850f908,102210fe594ee9b33d82058545b1ed14f4c8206e,android-hw-a51-11-0-aarch64-shippable-qr,amazon-search,True,,,,,,,,,,,,,,,,,,,,,,,,,,,,,,,,,,,,,,,,,,,,,,,,,,TN,,,,,,,,,,
,1707812119,2023-06-08 03:47:09,2716.6,2b2fb0c1bd13f27bbd5094192791600a5e261c4b,1253596,autoland,LastVisualChange,True,amazon-search LastVisualChange opt cold webrender,,77,ms,geckoview,False,|c|o|l|d| |w|e|b|r|e|n|d|e|r|,,4361205,13,8bad20cfa5c21f9f330712163e9ddf6ea850f908,102210fe594ee9b33d82058545b1ed14f4c8206e,android-hw-a51-11-0-aarch64-shippable-qr,amazon-search,True,,,,,,,,,,,,,,,,,,,,,,,,,,,,,,,,,,,,,,,,,,,,,,,,,,TN,,,,,,,,,,
,1707855951,2023-06-08 06:27:32,2728.0,d588d40904f7880592d27c083cb64d31864340cb,1253626,autoland,LastVisualChange,True,amazon-search LastVisualChange opt cold webrender,,77,ms,geckoview,False,|c|o|l|d| |w|e|b|r|e|n|d|e|r|,,4361205,13,8bad20cfa5c21f9f330712163e9ddf6ea850f908,102210fe594ee9b33d82058545b1ed14f4c8206e,android-hw-a51-11-0-aarch64-shippable-qr,amazon-search,True,,,,,,,,,,,,,,,,,,,,,,,,,,,,,,,,,,,,,,,,,,,,,,,,,,TN,,,,,,,,,,
,1707989914,2023-06-08 10:57:22,2625.5,a86d5a3f177d480362c07a9ed34166ae41840ab6,1253788,autoland,LastVisualChange,True,amazon-search LastVisualChange opt cold webrender,,77,ms,geckoview,False,|c|o|l|d| |w|e|b|r|e|n|d|e|r|,,4361205,13,8bad20cfa5c21f9f330712163e9ddf6ea850f908,102210fe594ee9b33d82058545b1ed14f4c8206e,android-hw-a51-11-0-aarch64-shippable-qr,amazon-search,True,,,,,,,,,,,,,,,,,,,,,,,,,,,,,,,,,,,,,,,,,,,,,,,,,,TN,,,,,,,,,,
,1708349460,2023-06-08 21:44:04,2576.9,c7b3905a77fb83c75344dddb5646c5c7f5d16714,1254265,autoland,LastVisualChange,True,amazon-search LastVisualChange opt cold webrender,,77,ms,geckoview,False,|c|o|l|d| |w|e|b|r|e|n|d|e|r|,,4361205,13,8bad20cfa5c21f9f330712163e9ddf6ea850f908,102210fe594ee9b33d82058545b1ed14f4c8206e,android-hw-a51-11-0-aarch64-shippable-qr,amazon-search,True,,,,,,,,,,,,,,,,,,,,,,,,,,,,,,,,,,,,,,,,,,,,,,,,,,TN,,,,,,,,,,
,1708427623,2023-06-09 02:20:20,2829.3,d18ffb52540958c2b12d76b4a392e12df3bc4280,1254350,autoland,LastVisualChange,True,amazon-search LastVisualChange opt cold webrender,,77,ms,geckoview,False,|c|o|l|d| |w|e|b|r|e|n|d|e|r|,,4361205,13,8bad20cfa5c21f9f330712163e9ddf6ea850f908,102210fe594ee9b33d82058545b1ed14f4c8206e,android-hw-a51-11-0-aarch64-shippable-qr,amazon-search,True,,,,,,,,,,,,,,,,,,,,,,,,,,,,,,,,,,,,,,,,,,,,,,,,,,TN,,,,,,,,,,
,1708503306,2023-06-09 06:38:52,2601.5,e76a7e9393add417bcf6a33d7e0c71909cc3c6d9,1254404,autoland,LastVisualChange,True,amazon-search LastVisualChange opt cold webrender,,77,ms,geckoview,False,|c|o|l|d| |w|e|b|r|e|n|d|e|r|,,4361205,13,8bad20cfa5c21f9f330712163e9ddf6ea850f908,102210fe594ee9b33d82058545b1ed14f4c8206e,android-hw-a51-11-0-aarch64-shippable-qr,amazon-search,True,,,,,,,,,,,,,,,,,,,,,,,,,,,,,,,,,,,,,,,,,,,,,,,,,,TN,,,,,,,,,,
,1708539091,2023-06-09 08:40:41,2592.4,6453bd709950f540a9b961069fe05277eec38c4e,1254469,autoland,LastVisualChange,True,amazon-search LastVisualChange opt cold webrender,,77,ms,geckoview,False,|c|o|l|d| |w|e|b|r|e|n|d|e|r|,,4361205,13,8bad20cfa5c21f9f330712163e9ddf6ea850f908,102210fe594ee9b33d82058545b1ed14f4c8206e,android-hw-a51-11-0-aarch64-shippable-qr,amazon-search,True,,,,,,,,,,,,,,,,,,,,,,,,,,,,,,,,,,,,,,,,,,,,,,,,,,TN,,,,,,,,,,
,1708693009,2023-06-09 13:23:42,2650.5,7467d3da5f29eddf7cf135a00cef8cf87b5c6911,1254611,autoland,LastVisualChange,True,amazon-search LastVisualChange opt cold webrender,,77,ms,geckoview,False,|c|o|l|d| |w|e|b|r|e|n|d|e|r|,,4361205,13,8bad20cfa5c21f9f330712163e9ddf6ea850f908,102210fe594ee9b33d82058545b1ed14f4c8206e,android-hw-a51-11-0-aarch64-shippable-qr,amazon-search,True,,,,,,,,,,,,,,,,,,,,,,,,,,,,,,,,,,,,,,,,,,,,,,,,,,TN,,,,,,,,,,
,1708860193,2023-06-09 18:12:56,2728.4,439e88bdf46b8545bcf3fbf4d1cac9bf084df91d,1254830,autoland,LastVisualChange,True,amazon-search LastVisualChange opt cold webrender,,77,ms,geckoview,False,|c|o|l|d| |w|e|b|r|e|n|d|e|r|,,4361205,13,8bad20cfa5c21f9f330712163e9ddf6ea850f908,102210fe594ee9b33d82058545b1ed14f4c8206e,android-hw-a51-11-0-aarch64-shippable-qr,amazon-search,True,,,,,,,,,,,,,,,,,,,,,,,,,,,,,,,,,,,,,,,,,,,,,,,,,,TN,,,,,,,,,,
,1708905532,2023-06-09 19:52:31,2688.5,14c10deaa83992232930103150b2cb2351a623a5,1254912,autoland,LastVisualChange,True,amazon-search LastVisualChange opt cold webrender,,77,ms,geckoview,False,|c|o|l|d| |w|e|b|r|e|n|d|e|r|,,4361205,13,8bad20cfa5c21f9f330712163e9ddf6ea850f908,102210fe594ee9b33d82058545b1ed14f4c8206e,android-hw-a51-11-0-aarch64-shippable-qr,amazon-search,True,,,,,,,,,,,,,,,,,,,,,,,,,,,,,,,,,,,,,,,,,,,,,,,,,,TN,,,,,,,,,,
,1709017918,2023-06-10 01:55:58,2564.4,463e881a627c52313496a136abc6c038a4b92af6,1255101,autoland,LastVisualChange,True,amazon-search LastVisualChange opt cold webrender,,77,ms,geckoview,False,|c|o|l|d| |w|e|b|r|e|n|d|e|r|,,4361205,13,8bad20cfa5c21f9f330712163e9ddf6ea850f908,102210fe594ee9b33d82058545b1ed14f4c8206e,android-hw-a51-11-0-aarch64-shippable-qr,amazon-search,True,,,,,,,,,,,,,,,,,,,,,,,,,,,,,,,,,,,,,,,,,,,,,,,,,,TN,,,,,,,,,,
,1709140114,2023-06-10 13:36:02,2589.2,9c9d29101b3d0533b84b4e75dc06e89fcad3d31a,1255207,autoland,LastVisualChange,True,amazon-search LastVisualChange opt cold webrender,,77,ms,geckoview,False,|c|o|l|d| |w|e|b|r|e|n|d|e|r|,,4361205,13,8bad20cfa5c21f9f330712163e9ddf6ea850f908,102210fe594ee9b33d82058545b1ed14f4c8206e,android-hw-a51-11-0-aarch64-shippable-qr,amazon-search,True,,,,,,,,,,,,,,,,,,,,,,,,,,,,,,,,,,,,,,,,,,,,,,,,,,TN,,,,,,,,,,
,1709232071,2023-06-10 18:37:05,2572.8,879c6932bb49782e5edfdbe48e93d997a2646d84,1255264,autoland,LastVisualChange,True,amazon-search LastVisualChange opt cold webrender,,77,ms,geckoview,False,|c|o|l|d| |w|e|b|r|e|n|d|e|r|,,4361205,13,8bad20cfa5c21f9f330712163e9ddf6ea850f908,102210fe594ee9b33d82058545b1ed14f4c8206e,android-hw-a51-11-0-aarch64-shippable-qr,amazon-search,True,,,,,,,,,,,,,,,,,,,,,,,,,,,,,,,,,,,,,,,,,,,,,,,,,,TN,,,,,,,,,,
,1709268062,2023-06-10 20:39:30,2545.8,711b87deb431206775bf67c5b0d04ace33eb3660,1255276,autoland,LastVisualChange,True,amazon-search LastVisualChange opt cold webrender,,77,ms,geckoview,False,|c|o|l|d| |w|e|b|r|e|n|d|e|r|,,4361205,13,8bad20cfa5c21f9f330712163e9ddf6ea850f908,102210fe594ee9b33d82058545b1ed14f4c8206e,android-hw-a51-11-0-aarch64-shippable-qr,amazon-search,True,,,,,,,,,,,,,,,,,,,,,,,,,,,,,,,,,,,,,,,,,,,,,,,,,,TN,,,,,,,,,,
,1709479962,2023-06-11 14:35:35,2568.6,3904ff924b73ed2df5a530453ab025bb1c2fdf90,1255360,autoland,LastVisualChange,True,amazon-search LastVisualChange opt cold webrender,,77,ms,geckoview,False,|c|o|l|d| |w|e|b|r|e|n|d|e|r|,,4361205,13,8bad20cfa5c21f9f330712163e9ddf6ea850f908,102210fe594ee9b33d82058545b1ed14f4c8206e,android-hw-a51-11-0-aarch64-shippable-qr,amazon-search,True,,,,,,,,,,,,,,,,,,,,,,,,,,,,,,,,,,,,,,,,,,,,,,,,,,TN,,,,,,,,,,
,1709529947,2023-06-11 19:10:58,2569.2,af0665af954105365927736b6a65c4d28533bc4d,1255387,autoland,LastVisualChange,True,amazon-search LastVisualChange opt cold webrender,,77,ms,geckoview,False,|c|o|l|d| |w|e|b|r|e|n|d|e|r|,,4361205,13,8bad20cfa5c21f9f330712163e9ddf6ea850f908,102210fe594ee9b33d82058545b1ed14f4c8206e,android-hw-a51-11-0-aarch64-shippable-qr,amazon-search,True,,,,,,,,,,,,,,,,,,,,,,,,,,,,,,,,,,,,,,,,,,,,,,,,,,TN,,,,,,,,,,
,1709605674,2023-06-12 00:14:44,2673.9,c73c9ac3fe19822fcf08c5bd0bc112056008b4da,1255422,autoland,LastVisualChange,True,amazon-search LastVisualChange opt cold webrender,,77,ms,geckoview,False,|c|o|l|d| |w|e|b|r|e|n|d|e|r|,,4361205,13,8bad20cfa5c21f9f330712163e9ddf6ea850f908,102210fe594ee9b33d82058545b1ed14f4c8206e,android-hw-a51-11-0-aarch64-shippable-qr,amazon-search,True,,,,,,,,,,,,,,,,,,,,,,,,,,,,,,,,,,,,,,,,,,,,,,,,,,TN,,,,,,,,,,
,1709651241,2023-06-12 04:46:29,2647.1,25564434f810ceea8a17b730bd5498b0ca9856c4,1255461,autoland,LastVisualChange,True,amazon-search LastVisualChange opt cold webrender,,77,ms,geckoview,False,|c|o|l|d| |w|e|b|r|e|n|d|e|r|,,4361205,13,8bad20cfa5c21f9f330712163e9ddf6ea850f908,102210fe594ee9b33d82058545b1ed14f4c8206e,android-hw-a51-11-0-aarch64-shippable-qr,amazon-search,True,,,,,,,,,,,,,,,,,,,,,,,,,,,,,,,,,,,,,,,,,,,,,,,,,,TN,,,,,,,,,,
,1709754549,2023-06-12 09:00:15,2646.3,6c51face7335165a532e8f6b035a975ced1be55c,1255535,autoland,LastVisualChange,True,amazon-search LastVisualChange opt cold webrender,,77,ms,geckoview,False,|c|o|l|d| |w|e|b|r|e|n|d|e|r|,,4361205,13,8bad20cfa5c21f9f330712163e9ddf6ea850f908,102210fe594ee9b33d82058545b1ed14f4c8206e,android-hw-a51-11-0-aarch64-shippable-qr,amazon-search,True,,,,,,,,,,,,,,,,,,,,,,,,,,,,,,,,,,,,,,,,,,,,,,,,,,TN,,,,,,,,,,
,1709765887,2023-06-12 09:27:15,2633.5,1dc3aecfed3a924c48ee323c36ee1e783f836dd7,1255558,autoland,LastVisualChange,True,amazon-search LastVisualChange opt cold webrender,,77,ms,geckoview,False,|c|o|l|d| |w|e|b|r|e|n|d|e|r|,,4361205,13,8bad20cfa5c21f9f330712163e9ddf6ea850f908,102210fe594ee9b33d82058545b1ed14f4c8206e,android-hw-a51-11-0-aarch64-shippable-qr,amazon-search,True,,,,,,,,,,,,,,,,,,,,,,,,,,,,,,,,,,,,,,,,,,,,,,,,,,TN,,,,,,,,,,
,1709977518,2023-06-12 14:14:19,2842.2,ee618a493ff9c25c0ecb9dc6087a6179874541da,1255741,autoland,LastVisualChange,True,amazon-search LastVisualChange opt cold webrender,,77,ms,geckoview,False,|c|o|l|d| |w|e|b|r|e|n|d|e|r|,,4361205,13,8bad20cfa5c21f9f330712163e9ddf6ea850f908,102210fe594ee9b33d82058545b1ed14f4c8206e,android-hw-a51-11-0-aarch64-shippable-qr,amazon-search,True,,,,,,,,,,,,,,,,,,,,,,,,,,,,,,,,,,,,,,,,,,,,,,,,,,TN,,,,,,,,,,
,1710065407,2023-06-12 17:28:50,2777.3,53b4b785ae2a7f70257069e77b138fe36b53698a,1255840,autoland,LastVisualChange,True,amazon-search LastVisualChange opt cold webrender,,77,ms,geckoview,False,|c|o|l|d| |w|e|b|r|e|n|d|e|r|,,4361205,13,8bad20cfa5c21f9f330712163e9ddf6ea850f908,102210fe594ee9b33d82058545b1ed14f4c8206e,android-hw-a51-11-0-aarch64-shippable-qr,amazon-search,True,,,,,,,,,,,,,,,,,,,,,,,,,,,,,,,,,,,,,,,,,,,,,,,,,,TN,,,,,,,,,,
,1710176272,2023-06-12 21:22:21,2752.0,eff1078e2398a9021cd61a20eff8062a582128e2,1256012,autoland,LastVisualChange,True,amazon-search LastVisualChange opt cold webrender,,77,ms,geckoview,False,|c|o|l|d| |w|e|b|r|e|n|d|e|r|,,4361205,13,8bad20cfa5c21f9f330712163e9ddf6ea850f908,102210fe594ee9b33d82058545b1ed14f4c8206e,android-hw-a51-11-0-aarch64-shippable-qr,amazon-search,True,,,,,,,,,,,,,,,,,,,,,,,,,,,,,,,,,,,,,,,,,,,,,,,,,,TN,,,,,,,,,,
,1710274526,2023-06-13 02:32:41,2723.3,2bdaa9d6ac390362734ba199115ca10186243e87,1256169,autoland,LastVisualChange,True,amazon-search LastVisualChange opt cold webrender,,77,ms,geckoview,False,|c|o|l|d| |w|e|b|r|e|n|d|e|r|,,4361205,13,8bad20cfa5c21f9f330712163e9ddf6ea850f908,102210fe594ee9b33d82058545b1ed14f4c8206e,android-hw-a51-11-0-aarch64-shippable-qr,amazon-search,True,,,,,,,,,,,,,,,,,,,,,,,,,,,,,,,,,,,,,,,,,,,,,,,,,,TN,,,,,,,,,,
,1710346190,2023-06-13 05:20:45,2637.5,1a37acad51201ba77a18b0951d3a93bc8c9eebf7,1256212,autoland,LastVisualChange,True,amazon-search LastVisualChange opt cold webrender,,77,ms,geckoview,False,|c|o|l|d| |w|e|b|r|e|n|d|e|r|,,4361205,13,8bad20cfa5c21f9f330712163e9ddf6ea850f908,102210fe594ee9b33d82058545b1ed14f4c8206e,android-hw-a51-11-0-aarch64-shippable-qr,amazon-search,True,,,,,,,,,,,,,,,,,,,,,,,,,,,,,,,,,,,,,,,,,,,,,,,,,,TN,,,,,,,,,,
,1710441354,2023-06-13 09:27:30,2634.2,c7b5ae0c3e2d58a11af3dbe818dd67837d0ff44a,1256328,autoland,LastVisualChange,True,amazon-search LastVisualChange opt cold webrender,,77,ms,geckoview,False,|c|o|l|d| |w|e|b|r|e|n|d|e|r|,,4361205,13,8bad20cfa5c21f9f330712163e9ddf6ea850f908,102210fe594ee9b33d82058545b1ed14f4c8206e,android-hw-a51-11-0-aarch64-shippable-qr,amazon-search,True,,,,,,,,,,,,,,,,,,,,,,,,,,,,,,,,,,,,,,,,,,,,,,,,,,TN,,,,,,,,,,
,1710461798,2023-06-13 10:02:00,2603.5,2b9574ef0cc196618dae379b79b53958470216b3,1256346,autoland,LastVisualChange,True,amazon-search LastVisualChange opt cold webrender,,77,ms,geckoview,False,|c|o|l|d| |w|e|b|r|e|n|d|e|r|,,4361205,13,8bad20cfa5c21f9f330712163e9ddf6ea850f908,102210fe594ee9b33d82058545b1ed14f4c8206e,android-hw-a51-11-0-aarch64-shippable-qr,amazon-search,True,,,,,,,,,,,,,,,,,,,,,,,,,,,,,,,,,,,,,,,,,,,,,,,,,,TN,,,,,,,,,,
,1710553615,2023-06-13 13:01:33,2550.0,8cd7aee6cae85ce9804794d4a45bc2f34aa04b66,1256450,autoland,LastVisualChange,True,amazon-search LastVisualChange opt cold webrender,,77,ms,geckoview,False,|c|o|l|d| |w|e|b|r|e|n|d|e|r|,,4361205,13,8bad20cfa5c21f9f330712163e9ddf6ea850f908,102210fe594ee9b33d82058545b1ed14f4c8206e,android-hw-a51-11-0-aarch64-shippable-qr,amazon-search,True,,,,,,,,,,,,,,,,,,,,,,,,,,,,,,,,,,,,,,,,,,,,,,,,,,TN,,,,,,,,,,
,1710680763,2023-06-13 16:01:20,2693.7,93520e8ffd9617b46d026ea530fde0169def3a80,1256570,autoland,LastVisualChange,True,amazon-search LastVisualChange opt cold webrender,,77,ms,geckoview,False,|c|o|l|d| |w|e|b|r|e|n|d|e|r|,,4361205,13,8bad20cfa5c21f9f330712163e9ddf6ea850f908,102210fe594ee9b33d82058545b1ed14f4c8206e,android-hw-a51-11-0-aarch64-shippable-qr,amazon-search,True,,,,,,,,,,,,,,,,,,,,,,,,,,,,,,,,,,,,,,,,,,,,,,,,,,TN,,,,,,,,,,
,1710748445,2023-06-13 18:36:15,2790.1,2d8fa86b279358b19ca794787248a9600c86ef5a,1256676,autoland,LastVisualChange,True,amazon-search LastVisualChange opt cold webrender,,77,ms,geckoview,False,|c|o|l|d| |w|e|b|r|e|n|d|e|r|,,4361205,13,8bad20cfa5c21f9f330712163e9ddf6ea850f908,102210fe594ee9b33d82058545b1ed14f4c8206e,android-hw-a51-11-0-aarch64-shippable-qr,amazon-search,True,,,,,,,,,,,,,,,,,,,,,,,,,,,,,,,,,,,,,,,,,,,,,,,,,,TN,,,,,,,,,,
,1710851088,2023-06-13 22:49:33,2795.0,0e2078b102ffd940ea83c3a5a8b1a176bdd3a8fb,1256827,autoland,LastVisualChange,True,amazon-search LastVisualChange opt cold webrender,,77,ms,geckoview,False,|c|o|l|d| |w|e|b|r|e|n|d|e|r|,,4361205,13,8bad20cfa5c21f9f330712163e9ddf6ea850f908,102210fe594ee9b33d82058545b1ed14f4c8206e,android-hw-a51-11-0-aarch64-shippable-qr,amazon-search,True,,,,,,,,,,,,,,,,,,,,,,,,,,,,,,,,,,,,,,,,,,,,,,,,,,TN,,,,,,,,,,
,1710876184,2023-06-14 00:25:00,2598.0,4c6c30b03e25cbd9d4dfc96f082e8cf241f51109,1256858,autoland,LastVisualChange,True,amazon-search LastVisualChange opt cold webrender,,77,ms,geckoview,False,|c|o|l|d| |w|e|b|r|e|n|d|e|r|,,4361205,13,8bad20cfa5c21f9f330712163e9ddf6ea850f908,102210fe594ee9b33d82058545b1ed14f4c8206e,android-hw-a51-11-0-aarch64-shippable-qr,amazon-search,True,,,,,,,,,,,,,,,,,,,,,,,,,,,,,,,,,,,,,,,,,,,,,,,,,,TN,,,,,,,,,,
,1710962121,2023-06-14 05:14:15,2605.0,b9e3497b939c3bdfee632c7297184b79cfeec9cc,1256948,autoland,LastVisualChange,True,amazon-search LastVisualChange opt cold webrender,,77,ms,geckoview,False,|c|o|l|d| |w|e|b|r|e|n|d|e|r|,,4361205,13,8bad20cfa5c21f9f330712163e9ddf6ea850f908,102210fe594ee9b33d82058545b1ed14f4c8206e,android-hw-a51-11-0-aarch64-shippable-qr,amazon-search,True,,,,,,,,,,,,,,,,,,,,,,,,,,,,,,,,,,,,,,,,,,,,,,,,,,TN,,,,,,,,,,
,1711112560,2023-06-14 11:48:24,2656.6,c6fa16c28b26a19d81b8853153057f32cec6f2fd,1257091,autoland,LastVisualChange,True,amazon-search LastVisualChange opt cold webrender,,77,ms,geckoview,False,|c|o|l|d| |w|e|b|r|e|n|d|e|r|,,4361205,13,8bad20cfa5c21f9f330712163e9ddf6ea850f908,102210fe594ee9b33d82058545b1ed14f4c8206e,android-hw-a51-11-0-aarch64-shippable-qr,amazon-search,True,,,,,,,,,,,,,,,,,,,,,,,,,,,,,,,,,,,,,,,,,,,,,,,,,,TN,,,,,,,,,,
,1711140057,2023-06-14 13:20:02,2679.6,928a5d849e038bf4277f06519f8f7ab3c94cc7ff,1257127,autoland,LastVisualChange,True,amazon-search LastVisualChange opt cold webrender,,77,ms,geckoview,False,|c|o|l|d| |w|e|b|r|e|n|d|e|r|,,4361205,13,8bad20cfa5c21f9f330712163e9ddf6ea850f908,102210fe594ee9b33d82058545b1ed14f4c8206e,android-hw-a51-11-0-aarch64-shippable-qr,amazon-search,True,,,,,,,,,,,,,,,,,,,,,,,,,,,,,,,,,,,,,,,,,,,,,,,,,,TN,,,,,,,,,,
,1711376202,2023-06-14 17:41:50,2996.6,933dd3c3e1c8beb677df8e4d51b1e99b41599f65,1257281,autoland,LastVisualChange,True,amazon-search LastVisualChange opt cold webrender,,77,ms,geckoview,False,|c|o|l|d| |w|e|b|r|e|n|d|e|r|,,4361205,13,8bad20cfa5c21f9f330712163e9ddf6ea850f908,102210fe594ee9b33d82058545b1ed14f4c8206e,android-hw-a51-11-0-aarch64-shippable-qr,amazon-search,True,,,,,,,,,,,,,,,,,,,,,,,,,,,,,,,,,,,,,,,,,,,,,,,,,,TN,,,,,,,,,,
,1711402605,2023-06-14 18:25:51,2534.2,d730841eed9459e5541190a9525313fb1ff98e75,1257330,autoland,LastVisualChange,True,amazon-search LastVisualChange opt cold webrender,,77,ms,geckoview,False,|c|o|l|d| |w|e|b|r|e|n|d|e|r|,,4361205,13,8bad20cfa5c21f9f330712163e9ddf6ea850f908,102210fe594ee9b33d82058545b1ed14f4c8206e,android-hw-a51-11-0-aarch64-shippable-qr,amazon-search,True,,,,,,,,,,,,,,,,,,,,,,,,,,,,,,,,,,,,,,,,,,,,,,,,,,TN,,,,,,,,,,
,1711454980,2023-06-14 20:09:05,2590.6,ff79aa6f7ba8605e7ea59acddd521284f75136e4,1257422,autoland,LastVisualChange,True,amazon-search LastVisualChange opt cold webrender,,77,ms,geckoview,False,|c|o|l|d| |w|e|b|r|e|n|d|e|r|,,4361205,13,8bad20cfa5c21f9f330712163e9ddf6ea850f908,102210fe594ee9b33d82058545b1ed14f4c8206e,android-hw-a51-11-0-aarch64-shippable-qr,amazon-search,True,,,,,,,,,,,,,,,,,,,,,,,,,,,,,,,,,,,,,,,,,,,,,,,,,,TN,,,,,,,,,,
,1711535369,2023-06-14 21:46:45,2668.8,4b1c6fc1fc0f3e664d546c4bf5c24f0c157bc2c5,1257512,autoland,LastVisualChange,True,amazon-search LastVisualChange opt cold webrender,,77,ms,geckoview,False,|c|o|l|d| |w|e|b|r|e|n|d|e|r|,,4361205,13,8bad20cfa5c21f9f330712163e9ddf6ea850f908,102210fe594ee9b33d82058545b1ed14f4c8206e,android-hw-a51-11-0-aarch64-shippable-qr,amazon-search,True,,,,,,,,,,,,,,,,,,,,,,,,,,,,,,,,,,,,,,,,,,,,,,,,,,TN,,,,,,,,,,
,1713788903,2023-06-14 23:31:39,2625.7,e637dc2466d46339bd454a36b17578805a703e93,1257603,autoland,LastVisualChange,True,amazon-search LastVisualChange opt cold webrender,,77,ms,geckoview,False,|c|o|l|d| |w|e|b|r|e|n|d|e|r|,,4361205,13,8bad20cfa5c21f9f330712163e9ddf6ea850f908,102210fe594ee9b33d82058545b1ed14f4c8206e,android-hw-a51-11-0-aarch64-shippable-qr,amazon-search,True,,,,,,,,,,,,,,,,,,,,,,,,,,,,,,,,,,,,,,,,,,,,,,,,,,TN,,,,,,,,,,
,1713786962,2023-06-14 23:33:14,2695.8,f3ec770d7511f21a227ace0a843acb622f686a1c,1257604,autoland,LastVisualChange,True,amazon-search LastVisualChange opt cold webrender,,77,ms,geckoview,False,|c|o|l|d| |w|e|b|r|e|n|d|e|r|,,4361205,13,8bad20cfa5c21f9f330712163e9ddf6ea850f908,102210fe594ee9b33d82058545b1ed14f4c8206e,android-hw-a51-11-0-aarch64-shippable-qr,amazon-search,True,,,,,,,,,,,,,,,,,,,,,,,,,,,,,,,,,,,,,,,,,,,,,,,,,,TN,,,,,,,,,,
,1713787552,2023-06-15 00:21:58,2559.5,2200d22a37dd7278fa6f151c2d1a1100efaec0e7,1257627,autoland,LastVisualChange,True,amazon-search LastVisualChange opt cold webrender,,77,ms,geckoview,False,|c|o|l|d| |w|e|b|r|e|n|d|e|r|,,4361205,13,8bad20cfa5c21f9f330712163e9ddf6ea850f908,102210fe594ee9b33d82058545b1ed14f4c8206e,android-hw-a51-11-0-aarch64-shippable-qr,amazon-search,True,,,,,,,,,,,,,,,,,,,,,,,,,,,,,,,,,,,,,,,,,,,,,,,,,,TN,,,,,,,,,,
,1713787864,2023-06-15 00:32:06,2581.9,dd8c4852148ddcef2fa3b1723d80559b663bcfa9,1257632,autoland,LastVisualChange,True,amazon-search LastVisualChange opt cold webrender,,77,ms,geckoview,False,|c|o|l|d| |w|e|b|r|e|n|d|e|r|,,4361205,13,8bad20cfa5c21f9f330712163e9ddf6ea850f908,102210fe594ee9b33d82058545b1ed14f4c8206e,android-hw-a51-11-0-aarch64-shippable-qr,amazon-search,True,,,,,,,,,,,,,,,,,,,,,,,,,,,,,,,,,,,,,,,,,,,,,,,,,,TN,,,,,,,,,,
,1713787750,2023-06-15 01:10:18,2524.8,f79a5c376cee537c475ff187d9003ec2a28a2127,1257643,autoland,LastVisualChange,True,amazon-search LastVisualChange opt cold webrender,,77,ms,geckoview,False,|c|o|l|d| |w|e|b|r|e|n|d|e|r|,,4361205,13,8bad20cfa5c21f9f330712163e9ddf6ea850f908,102210fe594ee9b33d82058545b1ed14f4c8206e,android-hw-a51-11-0-aarch64-shippable-qr,amazon-search,True,,,,,,,,,,,,,,,,,,,,,,,,,,,,,,,,,,,,,,,,,,,,,,,,,,TN,,,,,,,,,,
,1713786816,2023-06-15 01:36:53,2797.1,2f7a472cb1c647dd4070e755b7ea245a4df13392,1257653,autoland,LastVisualChange,True,amazon-search LastVisualChange opt cold webrender,,77,ms,geckoview,False,|c|o|l|d| |w|e|b|r|e|n|d|e|r|,,4361205,13,8bad20cfa5c21f9f330712163e9ddf6ea850f908,102210fe594ee9b33d82058545b1ed14f4c8206e,android-hw-a51-11-0-aarch64-shippable-qr,amazon-search,True,,,,,,,,,,,,,,,,,,,,,,,,,,,,,,,,,,,,,,,,,,,,,,,,,,TN,,,,,,,,,,
,1713786930,2023-06-15 01:44:38,2558.7,300ef25e8fb35e15e35570e898293698df57bd34,1257659,autoland,LastVisualChange,True,amazon-search LastVisualChange opt cold webrender,,77,ms,geckoview,False,|c|o|l|d| |w|e|b|r|e|n|d|e|r|,,4361205,13,8bad20cfa5c21f9f330712163e9ddf6ea850f908,102210fe594ee9b33d82058545b1ed14f4c8206e,android-hw-a51-11-0-aarch64-shippable-qr,amazon-search,True,,,,,,,,,,,,,,,,,,,,,,,,,,,,,,,,,,,,,,,,,,,,,,,,,,TN,,,,,,,,,,
,1711640952,2023-06-15 01:50:09,2718.8,53e8e97bbe4e0c8fc4deff56e5b8d03391c0c023,1257663,autoland,LastVisualChange,True,amazon-search LastVisualChange opt cold webrender,,77,ms,geckoview,False,|c|o|l|d| |w|e|b|r|e|n|d|e|r|,,4361205,13,8bad20cfa5c21f9f330712163e9ddf6ea850f908,102210fe594ee9b33d82058545b1ed14f4c8206e,android-hw-a51-11-0-aarch64-shippable-qr,amazon-search,True,,,,,,,,,,,,,,,,,,,,,,,,,,,,,,,,,,,,,,,,,,,,,,,,,,TN,,,,,,,,,,
,1711658918,2023-06-15 02:43:47,2609.6,abf8f424d2d09f957d7ecd02af086a9b7adde3f8,1257688,autoland,LastVisualChange,True,amazon-search LastVisualChange opt cold webrender,,77,ms,geckoview,False,|c|o|l|d| |w|e|b|r|e|n|d|e|r|,,4361205,13,8bad20cfa5c21f9f330712163e9ddf6ea850f908,102210fe594ee9b33d82058545b1ed14f4c8206e,android-hw-a51-11-0-aarch64-shippable-qr,amazon-search,True,,,,,,,,,,,,,,,,,,,,,,,,,,,,,,,,,,,,,,,,,,,,,,,,,,TN,,,,,,,,,,
,1711766840,2023-06-15 06:54:30,2539.9,900ba46a6df5d5b6dde0d5de391246157de49c8a,1257783,autoland,LastVisualChange,True,amazon-search LastVisualChange opt cold webrender,,77,ms,geckoview,False,|c|o|l|d| |w|e|b|r|e|n|d|e|r|,,4361205,13,8bad20cfa5c21f9f330712163e9ddf6ea850f908,102210fe594ee9b33d82058545b1ed14f4c8206e,android-hw-a51-11-0-aarch64-shippable-qr,amazon-search,True,,,,,,,,,,,,,,,,,,,,,,,,,,,,,,,,,,,,,,,,,,,,,,,,,,TN,,,,,,,,,,
,1711845683,2023-06-15 10:33:37,2597.2,86864bda9b5f7077819eb76b661bcefb89fd19fa,1257909,autoland,LastVisualChange,True,amazon-search LastVisualChange opt cold webrender,,77,ms,geckoview,False,|c|o|l|d| |w|e|b|r|e|n|d|e|r|,,4361205,13,8bad20cfa5c21f9f330712163e9ddf6ea850f908,102210fe594ee9b33d82058545b1ed14f4c8206e,android-hw-a51-11-0-aarch64-shippable-qr,amazon-search,True,,,,,,,,,,,,,,,,,,,,,,,,,,,,,,,,,,,,,,,,,,,,,,,,,,TN,,,,,,,,,,
,1712051539,2023-06-15 14:40:40,2562.7,02d601db620c1b64867202e025ce19938938a04f,1258053,autoland,LastVisualChange,True,amazon-search LastVisualChange opt cold webrender,,77,ms,geckoview,False,|c|o|l|d| |w|e|b|r|e|n|d|e|r|,,4361205,13,8bad20cfa5c21f9f330712163e9ddf6ea850f908,102210fe594ee9b33d82058545b1ed14f4c8206e,android-hw-a51-11-0-aarch64-shippable-qr,amazon-search,True,,,,,,,,,,,,,,,,,,,,,,,,,,,,,,,,,,,,,,,,,,,,,,,,,,TN,,,,,,,,,,
,1712075813,2023-06-15 14:52:05,2561.7,c71789b596556b921a7d6ce12b4102f252631c4b,1258066,autoland,LastVisualChange,True,amazon-search LastVisualChange opt cold webrender,,77,ms,geckoview,False,|c|o|l|d| |w|e|b|r|e|n|d|e|r|,,4361205,13,8bad20cfa5c21f9f330712163e9ddf6ea850f908,102210fe594ee9b33d82058545b1ed14f4c8206e,android-hw-a51-11-0-aarch64-shippable-qr,amazon-search,True,,,,,,,,,,,,,,,,,,,,,,,,,,,,,,,,,,,,,,,,,,,,,,,,,,TN,,,,,,,,,,
,1712133330,2023-06-15 17:49:05,2637.7,91738dd5bb441001f7837d0cae71c0be46925602,1258216,autoland,LastVisualChange,True,amazon-search LastVisualChange opt cold webrender,,77,ms,geckoview,False,|c|o|l|d| |w|e|b|r|e|n|d|e|r|,,4361205,13,8bad20cfa5c21f9f330712163e9ddf6ea850f908,102210fe594ee9b33d82058545b1ed14f4c8206e,android-hw-a51-11-0-aarch64-shippable-qr,amazon-search,True,,,,,,,,,,,,,,,,,,,,,,,,,,,,,,,,,,,,,,,,,,,,,,,,,,TN,,,,,,,,,,
,1712213083,2023-06-15 20:51:19,2583.8,ba00fe639072b671be556332e4628092d64d31df,1258374,autoland,LastVisualChange,True,amazon-search LastVisualChange opt cold webrender,,77,ms,geckoview,False,|c|o|l|d| |w|e|b|r|e|n|d|e|r|,,4361205,13,8bad20cfa5c21f9f330712163e9ddf6ea850f908,102210fe594ee9b33d82058545b1ed14f4c8206e,android-hw-a51-11-0-aarch64-shippable-qr,amazon-search,True,,,,,,,,,,,,,,,,,,,,,,,,,,,,,,,,,,,,,,,,,,,,,,,,,,TN,,,,,,,,,,
,1712315324,2023-06-16 01:17:42,2747.4,6bc2d3f9b1aaecde92c9388f00f3d564d136d00a,1258594,autoland,LastVisualChange,True,amazon-search LastVisualChange opt cold webrender,,77,ms,geckoview,False,|c|o|l|d| |w|e|b|r|e|n|d|e|r|,,4361205,13,8bad20cfa5c21f9f330712163e9ddf6ea850f908,102210fe594ee9b33d82058545b1ed14f4c8206e,android-hw-a51-11-0-aarch64-shippable-qr,amazon-search,True,,,,,,,,,,,,,,,,,,,,,,,,,,,,,,,,,,,,,,,,,,,,,,,,,,TN,,,,,,,,,,
,1712420218,2023-06-16 06:01:05,2694.0,6a640a4dd3245b82ce97d863bf842b0cd4089ce5,1258674,autoland,LastVisualChange,True,amazon-search LastVisualChange opt cold webrender,,77,ms,geckoview,False,|c|o|l|d| |w|e|b|r|e|n|d|e|r|,,4361205,13,8bad20cfa5c21f9f330712163e9ddf6ea850f908,102210fe594ee9b33d82058545b1ed14f4c8206e,android-hw-a51-11-0-aarch64-shippable-qr,amazon-search,True,,,,,,,,,,,,,,,,,,,,,,,,,,,,,,,,,,,,,,,,,,,,,,,,,,TN,,,,,,,,,,
,1712669933,2023-06-16 12:30:26,2616.4,439d02859a2ebe8406cb74f8d6c7b148011d1658,1258826,autoland,LastVisualChange,True,amazon-search LastVisualChange opt cold webrender,,77,ms,geckoview,False,|c|o|l|d| |w|e|b|r|e|n|d|e|r|,,4361205,13,8bad20cfa5c21f9f330712163e9ddf6ea850f908,102210fe594ee9b33d82058545b1ed14f4c8206e,android-hw-a51-11-0-aarch64-shippable-qr,amazon-search,True,,,,,,,,,,,,,,,,,,,,,,,,,,,,,,,,,,,,,,,,,,,,,,,,,,TN,,,,,,,,,,
,1712850862,2023-06-16 14:03:27,2995.4,1d8c3788eb6fa2e81d627829a32004244d0271df,1258891,autoland,LastVisualChange,True,amazon-search LastVisualChange opt cold webrender,,77,ms,geckoview,False,|c|o|l|d| |w|e|b|r|e|n|d|e|r|,,4361205,13,8bad20cfa5c21f9f330712163e9ddf6ea850f908,102210fe594ee9b33d82058545b1ed14f4c8206e,android-hw-a51-11-0-aarch64-shippable-qr,amazon-search,True,,,,,,,,,,,,,,,,,,,,,,,,,,,,,,,,,,,,,,,,,,,,,,,,,,TN,,,,,,,,,,
,1712900351,2023-06-16 16:55:49,2766.8,e59de52b8ebea2db606a46a888a941400375fe0f,1259018,autoland,LastVisualChange,True,amazon-search LastVisualChange opt cold webrender,,77,ms,geckoview,False,|c|o|l|d| |w|e|b|r|e|n|d|e|r|,,4361205,13,8bad20cfa5c21f9f330712163e9ddf6ea850f908,102210fe594ee9b33d82058545b1ed14f4c8206e,android-hw-a51-11-0-aarch64-shippable-qr,amazon-search,True,,,,,,,,,,,,,,,,,,,,,,,,,,,,,,,,,,,,,,,,,,,,,,,,,,TN,,,,,,,,,,
,1712981852,2023-06-16 19:50:08,2673.2,789349491e2fe15a39f350fe470db7d696989434,1259157,autoland,LastVisualChange,True,amazon-search LastVisualChange opt cold webrender,,77,ms,geckoview,False,|c|o|l|d| |w|e|b|r|e|n|d|e|r|,,4361205,13,8bad20cfa5c21f9f330712163e9ddf6ea850f908,102210fe594ee9b33d82058545b1ed14f4c8206e,android-hw-a51-11-0-aarch64-shippable-qr,amazon-search,True,,,,,,,,,,,,,,,,,,,,,,,,,,,,,,,,,,,,,,,,,,,,,,,,,,TN,,,,,,,,,,
,1713055597,2023-06-17 00:30:00,2676.5,901b7ccc8be5e49a1b9736555af9653d46de349e,1259314,autoland,LastVisualChange,True,amazon-search LastVisualChange opt cold webrender,,77,ms,geckoview,False,|c|o|l|d| |w|e|b|r|e|n|d|e|r|,,4361205,13,8bad20cfa5c21f9f330712163e9ddf6ea850f908,102210fe594ee9b33d82058545b1ed14f4c8206e,android-hw-a51-11-0-aarch64-shippable-qr,amazon-search,True,,,,,,,,,,,,,,,,,,,,,,,,,,,,,,,,,,,,,,,,,,,,,,,,,,TN,,,,,,,,,,
,1713224226,2023-06-17 15:38:59,2609.2,e0262ee6a9a7a642c11266a1e9cfa4bc3fbd4b3b,1259384,autoland,LastVisualChange,True,amazon-search LastVisualChange opt cold webrender,,77,ms,geckoview,False,|c|o|l|d| |w|e|b|r|e|n|d|e|r|,,4361205,13,8bad20cfa5c21f9f330712163e9ddf6ea850f908,102210fe594ee9b33d82058545b1ed14f4c8206e,android-hw-a51-11-0-aarch64-shippable-qr,amazon-search,True,,,,,,,,,,,,,,,,,,,,,,,,,,,,,,,,,,,,,,,,,,,,,,,,,,TN,,,,,,,,,,
,1713337416,2023-06-17 23:38:11,2561.5,72d2cda2651d8fe01c8649f60e0620bc794a87fe,1259423,autoland,LastVisualChange,True,amazon-search LastVisualChange opt cold webrender,,77,ms,geckoview,False,|c|o|l|d| |w|e|b|r|e|n|d|e|r|,,4361205,13,8bad20cfa5c21f9f330712163e9ddf6ea850f908,102210fe594ee9b33d82058545b1ed14f4c8206e,android-hw-a51-11-0-aarch64-shippable-qr,amazon-search,True,,,,,,,,,,,,,,,,,,,,,,,,,,,,,,,,,,,,,,,,,,,,,,,,,,TN,,,,,,,,,,
,1713472973,2023-06-18 11:39:33,2491.9,1634cff61cb0e270b9660ebdc234cfcf3fed2c68,1259465,autoland,LastVisualChange,True,amazon-search LastVisualChange opt cold webrender,,77,ms,geckoview,False,|c|o|l|d| |w|e|b|r|e|n|d|e|r|,,4361205,13,8bad20cfa5c21f9f330712163e9ddf6ea850f908,102210fe594ee9b33d82058545b1ed14f4c8206e,android-hw-a51-11-0-aarch64-shippable-qr,amazon-search,True,,,,,,,,,,,,,,,,,,,,,,,,,,,,,,,,,,,,,,,,,,,,,,,,,,TN,,,,,,,,,,
,1713701527,2023-06-19 00:32:35,2756.1,1c059369d43547f90439b0a44cc76b54a0a3af97,1259516,autoland,LastVisualChange,True,amazon-search LastVisualChange opt cold webrender,,77,ms,geckoview,False,|c|o|l|d| |w|e|b|r|e|n|d|e|r|,,4361205,13,8bad20cfa5c21f9f330712163e9ddf6ea850f908,102210fe594ee9b33d82058545b1ed14f4c8206e,android-hw-a51-11-0-aarch64-shippable-qr,amazon-search,True,,,,,,,,,,,,,,,,,,,,,,,,,,,,,,,,,,,,,,,,,,,,,,,,,,TN,,,,,,,,,,
,1713773558,2023-06-19 05:49:35,2605.3,a9e342522ebdb9602671208a06e988a285d3af18,1259544,autoland,LastVisualChange,True,amazon-search LastVisualChange opt cold webrender,,77,ms,geckoview,False,|c|o|l|d| |w|e|b|r|e|n|d|e|r|,,4361205,13,8bad20cfa5c21f9f330712163e9ddf6ea850f908,102210fe594ee9b33d82058545b1ed14f4c8206e,android-hw-a51-11-0-aarch64-shippable-qr,amazon-search,True,,,,,,,,,,,,,,,,,,,,,,,,,,,,,,,,,,,,,,,,,,,,,,,,,,TN,,,,,,,,,,
,1713937727,2023-06-19 09:32:15,2557.3,0274a8c06c67e5ee1dccdb4e151ccf0ec70af43f,1259616,autoland,LastVisualChange,True,amazon-search LastVisualChange opt cold webrender,,77,ms,geckoview,False,|c|o|l|d| |w|e|b|r|e|n|d|e|r|,,4361205,13,8bad20cfa5c21f9f330712163e9ddf6ea850f908,102210fe594ee9b33d82058545b1ed14f4c8206e,android-hw-a51-11-0-aarch64-shippable-qr,amazon-search,True,,,,,,,,,,,,,,,,,,,,,,,,,,,,,,,,,,,,,,,,,,,,,,,,,,TN,,,,,,,,,,
,1713981941,2023-06-19 13:01:53,2595.8,89c8bf4e9209c0c4b1eb87efab68e96d6dbf8145,1259739,autoland,LastVisualChange,True,amazon-search LastVisualChange opt cold webrender,,77,ms,geckoview,False,|c|o|l|d| |w|e|b|r|e|n|d|e|r|,,4361205,13,8bad20cfa5c21f9f330712163e9ddf6ea850f908,102210fe594ee9b33d82058545b1ed14f4c8206e,android-hw-a51-11-0-aarch64-shippable-qr,amazon-search,True,,,,,,,,,,,,,,,,,,,,,,,,,,,,,,,,,,,,,,,,,,,,,,,,,,TN,,,,,,,,,,
,1714072668,2023-06-19 16:21:16,2592.7,9ecde3181716f5d8ad265d976575224cc04b2887,1259851,autoland,LastVisualChange,True,amazon-search LastVisualChange opt cold webrender,,77,ms,geckoview,False,|c|o|l|d| |w|e|b|r|e|n|d|e|r|,,4361205,13,8bad20cfa5c21f9f330712163e9ddf6ea850f908,102210fe594ee9b33d82058545b1ed14f4c8206e,android-hw-a51-11-0-aarch64-shippable-qr,amazon-search,True,,,,,,,,,,,,,,,,,,,,,,,,,,,,,,,,,,,,,,,,,,,,,,,,,,TN,,,,,,,,,,
,1714133095,2023-06-19 19:03:14,2705.4,e06365982ef6b00590cb160ebe9f4978558d1052,1259928,autoland,LastVisualChange,True,amazon-search LastVisualChange opt cold webrender,,77,ms,geckoview,False,|c|o|l|d| |w|e|b|r|e|n|d|e|r|,,4361205,13,8bad20cfa5c21f9f330712163e9ddf6ea850f908,102210fe594ee9b33d82058545b1ed14f4c8206e,android-hw-a51-11-0-aarch64-shippable-qr,amazon-search,True,,,,,,,,,,,,,,,,,,,,,,,,,,,,,,,,,,,,,,,,,,,,,,,,,,TN,,,,,,,,,,
,1714213685,2023-06-19 23:03:46,2710.0,edef1940a6bd4d95b235e43b1cada493f561f78a,1260042,autoland,LastVisualChange,True,amazon-search LastVisualChange opt cold webrender,,77,ms,geckoview,False,|c|o|l|d| |w|e|b|r|e|n|d|e|r|,,4361205,13,8bad20cfa5c21f9f330712163e9ddf6ea850f908,102210fe594ee9b33d82058545b1ed14f4c8206e,android-hw-a51-11-0-aarch64-shippable-qr,amazon-search,True,,,,,,,,,,,,,,,,,,,,,,,,,,,,,,,,,,,,,,,,,,,,,,,,,,TN,,,,,,,,,,
,1714378609,2023-06-20 04:00:20,2694.4,a4b679a79f2fa00877013dfcc1a886078d728328,1260102,autoland,LastVisualChange,True,amazon-search LastVisualChange opt cold webrender,,77,ms,geckoview,False,|c|o|l|d| |w|e|b|r|e|n|d|e|r|,,4361205,13,8bad20cfa5c21f9f330712163e9ddf6ea850f908,102210fe594ee9b33d82058545b1ed14f4c8206e,android-hw-a51-11-0-aarch64-shippable-qr,amazon-search,True,,,,,,,,,,,,,,,,,,,,,,,,,,,,,,,,,,,,,,,,,,,,,,,,,,TN,,,,,,,,,,
,1714399069,2023-06-20 05:17:25,2649.7,ce5a84713c8b968709940f18f143d251da4fcb83,1260124,autoland,LastVisualChange,True,amazon-search LastVisualChange opt cold webrender,,77,ms,geckoview,False,|c|o|l|d| |w|e|b|r|e|n|d|e|r|,,4361205,13,8bad20cfa5c21f9f330712163e9ddf6ea850f908,102210fe594ee9b33d82058545b1ed14f4c8206e,android-hw-a51-11-0-aarch64-shippable-qr,amazon-search,True,,,,,,,,,,,,,,,,,,,,,,,,,,,,,,,,,,,,,,,,,,,,,,,,,,TN,,,,,,,,,,
,1714507094,2023-06-20 09:18:46,2627.5,caf02cdd31992e89c9bd81c5ec4d391070651f3a,1260213,autoland,LastVisualChange,True,amazon-search LastVisualChange opt cold webrender,,77,ms,geckoview,False,|c|o|l|d| |w|e|b|r|e|n|d|e|r|,,4361205,13,8bad20cfa5c21f9f330712163e9ddf6ea850f908,102210fe594ee9b33d82058545b1ed14f4c8206e,android-hw-a51-11-0-aarch64-shippable-qr,amazon-search,True,,,,,,,,,,,,,,,,,,,,,,,,,,,,,,,,,,,,,,,,,,,,,,,,,,TN,,,,,,,,,,
,1714733989,2023-06-20 12:29:52,3073.8,5ade2b37847325019878bde832493c342759d7eb,1260284,autoland,LastVisualChange,True,amazon-search LastVisualChange opt cold webrender,,77,ms,geckoview,False,|c|o|l|d| |w|e|b|r|e|n|d|e|r|,,4361205,13,8bad20cfa5c21f9f330712163e9ddf6ea850f908,102210fe594ee9b33d82058545b1ed14f4c8206e,android-hw-a51-11-0-aarch64-shippable-qr,amazon-search,True,,,,,,,,,,,,,,,,,,,,,,,,,,,,,,,,,,,,,,,,,,,,,,,,,,TN,,,,,,,,,,
,1714903964,2023-06-20 16:34:00,2446.0,1877c1e6db6f8a23c52ab9238c7f62d0b696f0ce,1260512,autoland,LastVisualChange,True,amazon-search LastVisualChange opt cold webrender,,77,ms,geckoview,False,|c|o|l|d| |w|e|b|r|e|n|d|e|r|,,4361205,13,8bad20cfa5c21f9f330712163e9ddf6ea850f908,102210fe594ee9b33d82058545b1ed14f4c8206e,android-hw-a51-11-0-aarch64-shippable-qr,amazon-search,True,38826.0,1260512.0,1260284.0,2023-06-22T07:53:17.318112,2023-06-23T06:09:23.075060,2023-06-27T07:53:17.318112,autoland,13.0,177439.0,4.0,13.0,8bad20cfa5c21f9f330712163e9ddf6ea850f908,android-hw-a51-11-0-aarch64-shippable-qr,LastVisualChange,amazon-search,True,False,102210fe594ee9b33d82058545b1ed14f4c8206e,"cold, webrender","cold, webrender",ms,,,,,,,,,False,2674.31,2452.67,7.4,-221.65,8.29,38826.0,,False,mozilla-ldap/cpeterson@mozilla.com,False,cpeterson@mozilla.com,,,,,,,SKEWED,|177347|177349|177339|177348|177418|177420|177422|177424|177503|177505|177507|177509|177511|177566|177567|177569|177571|177587|177589|177591|177594|177596|177598|177599|177605|177607|177609|177611|177613|177615|177618|177669|177680|177682|177685|177692|177694|177721|177723|177760|177765|177766|177767|177768|177769|177771|177777|177844|178156|178157|178171|178172|177417|177419|177421|177423|177502|177504|177506|177508|177510|177512|177568|177570|177572|177586|177588|177590|177592|177593|177595|177597|177600|177606|177608|177610|177612|177614|177616|177617|177620|177681|177683|177684|177686|177691|177693|177720|177722|,TP,1812589.0,2023-06-29T07:53:17.318112,2023-06-24T00:07:07.705516,1.0,,1687278840.0,5ade2b37847325019878bde832493c342759d7eb,mozilla-ldap/cpeterson@mozilla.com,cpeterson@mozilla.com,"infra, improvement"
,1714927684,2023-06-20 16:35:53,2465.4,2ad5c2418b372960126440af5aa568104de3bfb8,1260515,autoland,LastVisualChange,True,amazon-search LastVisualChange opt cold webrender,,77,ms,geckoview,False,|c|o|l|d| |w|e|b|r|e|n|d|e|r|,,4361205,13,8bad20cfa5c21f9f330712163e9ddf6ea850f908,102210fe594ee9b33d82058545b1ed14f4c8206e,android-hw-a51-11-0-aarch64-shippable-qr,amazon-search,True,,,,,,,,,,,,,,,,,,,,,,,,,,,,,,,,,,,,,,,,,,,,,,,,,,TN,,,,,,,,,,
,1715271208,2023-06-21 00:51:29,2492.7,143aa1574b8d50e4d2ddd1a2826b25a8418f13c1,1260862,autoland,LastVisualChange,True,amazon-search LastVisualChange opt cold webrender,,77,ms,geckoview,False,|c|o|l|d| |w|e|b|r|e|n|d|e|r|,,4361205,13,8bad20cfa5c21f9f330712163e9ddf6ea850f908,102210fe594ee9b33d82058545b1ed14f4c8206e,android-hw-a51-11-0-aarch64-shippable-qr,amazon-search,True,,,,,,,,,,,,,,,,,,,,,,,,,,,,,,,,,,,,,,,,,,,,,,,,,,TN,,,,,,,,,,
,1715323626,2023-06-21 02:28:11,2536.4,7bdf45ed2f6b565e69fdbc44285af78de3271a4e,1260905,autoland,LastVisualChange,True,amazon-search LastVisualChange opt cold webrender,,77,ms,geckoview,False,|c|o|l|d| |w|e|b|r|e|n|d|e|r|,,4361205,13,8bad20cfa5c21f9f330712163e9ddf6ea850f908,102210fe594ee9b33d82058545b1ed14f4c8206e,android-hw-a51-11-0-aarch64-shippable-qr,amazon-search,True,,,,,,,,,,,,,,,,,,,,,,,,,,,,,,,,,,,,,,,,,,,,,,,,,,TN,,,,,,,,,,
,1715432624,2023-06-21 06:55:17,2403.1,8a382f0bd3211346516d54c647d157320335a806,1260969,autoland,LastVisualChange,True,amazon-search LastVisualChange opt cold webrender,,77,ms,geckoview,False,|c|o|l|d| |w|e|b|r|e|n|d|e|r|,,4361205,13,8bad20cfa5c21f9f330712163e9ddf6ea850f908,102210fe594ee9b33d82058545b1ed14f4c8206e,android-hw-a51-11-0-aarch64-shippable-qr,amazon-search,True,,,,,,,,,,,,,,,,,,,,,,,,,,,,,,,,,,,,,,,,,,,,,,,,,,TN,,,,,,,,,,
,1715451758,2023-06-21 07:34:24,2449.1,4c90403735bebf09d72af91e99745cfcbbae2a35,1260998,autoland,LastVisualChange,True,amazon-search LastVisualChange opt cold webrender,,77,ms,geckoview,False,|c|o|l|d| |w|e|b|r|e|n|d|e|r|,,4361205,13,8bad20cfa5c21f9f330712163e9ddf6ea850f908,102210fe594ee9b33d82058545b1ed14f4c8206e,android-hw-a51-11-0-aarch64-shippable-qr,amazon-search,True,,,,,,,,,,,,,,,,,,,,,,,,,,,,,,,,,,,,,,,,,,,,,,,,,,TN,,,,,,,,,,
,1715634933,2023-06-21 12:20:35,2363.5,14edc9bcbe5615f748cdb086881c6b983aedf04d,1261182,autoland,LastVisualChange,True,amazon-search LastVisualChange opt cold webrender,,77,ms,geckoview,False,|c|o|l|d| |w|e|b|r|e|n|d|e|r|,,4361205,13,8bad20cfa5c21f9f330712163e9ddf6ea850f908,102210fe594ee9b33d82058545b1ed14f4c8206e,android-hw-a51-11-0-aarch64-shippable-qr,amazon-search,True,,,,,,,,,,,,,,,,,,,,,,,,,,,,,,,,,,,,,,,,,,,,,,,,,,TN,,,,,,,,,,
,1715655074,2023-06-21 12:59:17,2493.4,b94f3d418f54f964368486a65cd5d15e828867db,1261207,autoland,LastVisualChange,True,amazon-search LastVisualChange opt cold webrender,,77,ms,geckoview,False,|c|o|l|d| |w|e|b|r|e|n|d|e|r|,,4361205,13,8bad20cfa5c21f9f330712163e9ddf6ea850f908,102210fe594ee9b33d82058545b1ed14f4c8206e,android-hw-a51-11-0-aarch64-shippable-qr,amazon-search,True,,,,,,,,,,,,,,,,,,,,,,,,,,,,,,,,,,,,,,,,,,,,,,,,,,TN,,,,,,,,,,
,1715788625,2023-06-21 16:33:07,2396.3,702dc0aa87a8c3e4929277c1dc8220a7dd72418f,1261278,autoland,LastVisualChange,True,amazon-search LastVisualChange opt cold webrender,,77,ms,geckoview,False,|c|o|l|d| |w|e|b|r|e|n|d|e|r|,,4361205,13,8bad20cfa5c21f9f330712163e9ddf6ea850f908,102210fe594ee9b33d82058545b1ed14f4c8206e,android-hw-a51-11-0-aarch64-shippable-qr,amazon-search,True,,,,,,,,,,,,,,,,,,,,,,,,,,,,,,,,,,,,,,,,,,,,,,,,,,TN,,,,,,,,,,
,1715941341,2023-06-21 20:43:57,2472.5,78880280c2765ec0520ece3184fc8fdbac5b5356,1261541,autoland,LastVisualChange,True,amazon-search LastVisualChange opt cold webrender,,77,ms,geckoview,False,|c|o|l|d| |w|e|b|r|e|n|d|e|r|,,4361205,13,8bad20cfa5c21f9f330712163e9ddf6ea850f908,102210fe594ee9b33d82058545b1ed14f4c8206e,android-hw-a51-11-0-aarch64-shippable-qr,amazon-search,True,,,,,,,,,,,,,,,,,,,,,,,,,,,,,,,,,,,,,,,,,,,,,,,,,,TN,,,,,,,,,,
,1716025801,2023-06-22 00:43:42,2507.4,109834499ca10a69681c6868a23ec828dcf160cf,1261782,autoland,LastVisualChange,True,amazon-search LastVisualChange opt cold webrender,,77,ms,geckoview,False,|c|o|l|d| |w|e|b|r|e|n|d|e|r|,,4361205,13,8bad20cfa5c21f9f330712163e9ddf6ea850f908,102210fe594ee9b33d82058545b1ed14f4c8206e,android-hw-a51-11-0-aarch64-shippable-qr,amazon-search,True,,,,,,,,,,,,,,,,,,,,,,,,,,,,,,,,,,,,,,,,,,,,,,,,,,TN,,,,,,,,,,
,1716088305,2023-06-22 05:48:27,2406.2,57884604206ce9bb39718006eac660e6e32e5044,1261863,autoland,LastVisualChange,True,amazon-search LastVisualChange opt cold webrender,,77,ms,geckoview,False,|c|o|l|d| |w|e|b|r|e|n|d|e|r|,,4361205,13,8bad20cfa5c21f9f330712163e9ddf6ea850f908,102210fe594ee9b33d82058545b1ed14f4c8206e,android-hw-a51-11-0-aarch64-shippable-qr,amazon-search,True,,,,,,,,,,,,,,,,,,,,,,,,,,,,,,,,,,,,,,,,,,,,,,,,,,TN,,,,,,,,,,
,1716124973,2023-06-22 07:29:35,2385.9,45769d7ff3c64d7abfcfedd8f05bb7dcb442270c,1261886,autoland,LastVisualChange,True,amazon-search LastVisualChange opt cold webrender,,77,ms,geckoview,False,|c|o|l|d| |w|e|b|r|e|n|d|e|r|,,4361205,13,8bad20cfa5c21f9f330712163e9ddf6ea850f908,102210fe594ee9b33d82058545b1ed14f4c8206e,android-hw-a51-11-0-aarch64-shippable-qr,amazon-search,True,,,,,,,,,,,,,,,,,,,,,,,,,,,,,,,,,,,,,,,,,,,,,,,,,,TN,,,,,,,,,,
,1716228945,2023-06-22 11:39:08,2434.9,3d85ee9f4f736ebc38b26fed33c8681bb512aa92,1262053,autoland,LastVisualChange,True,amazon-search LastVisualChange opt cold webrender,,77,ms,geckoview,False,|c|o|l|d| |w|e|b|r|e|n|d|e|r|,,4361205,13,8bad20cfa5c21f9f330712163e9ddf6ea850f908,102210fe594ee9b33d82058545b1ed14f4c8206e,android-hw-a51-11-0-aarch64-shippable-qr,amazon-search,True,,,,,,,,,,,,,,,,,,,,,,,,,,,,,,,,,,,,,,,,,,,,,,,,,,TN,,,,,,,,,,
,1716383545,2023-06-22 14:41:02,2471.4,b9e51e69d0451a93822b61cc15d72666124f02dd,1262179,autoland,LastVisualChange,True,amazon-search LastVisualChange opt cold webrender,,77,ms,geckoview,False,|c|o|l|d| |w|e|b|r|e|n|d|e|r|,,4361205,13,8bad20cfa5c21f9f330712163e9ddf6ea850f908,102210fe594ee9b33d82058545b1ed14f4c8206e,android-hw-a51-11-0-aarch64-shippable-qr,amazon-search,True,,,,,,,,,,,,,,,,,,,,,,,,,,,,,,,,,,,,,,,,,,,,,,,,,,TN,,,,,,,,,,
,1716488886,2023-06-22 18:48:21,2536.5,9a98c67180c5914db4ca78d4fc36d6d0721d24a9,1262325,autoland,LastVisualChange,True,amazon-search LastVisualChange opt cold webrender,,77,ms,geckoview,False,|c|o|l|d| |w|e|b|r|e|n|d|e|r|,,4361205,13,8bad20cfa5c21f9f330712163e9ddf6ea850f908,102210fe594ee9b33d82058545b1ed14f4c8206e,android-hw-a51-11-0-aarch64-shippable-qr,amazon-search,True,,,,,,,,,,,,,,,,,,,,,,,,,,,,,,,,,,,,,,,,,,,,,,,,,,TN,,,,,,,,,,
,1716464411,2023-06-22 19:02:55,2541.7,4b261191412d4972eaab59ddb358f2eef865280d,1262337,autoland,LastVisualChange,True,amazon-search LastVisualChange opt cold webrender,,77,ms,geckoview,False,|c|o|l|d| |w|e|b|r|e|n|d|e|r|,,4361205,13,8bad20cfa5c21f9f330712163e9ddf6ea850f908,102210fe594ee9b33d82058545b1ed14f4c8206e,android-hw-a51-11-0-aarch64-shippable-qr,amazon-search,True,,,,,,,,,,,,,,,,,,,,,,,,,,,,,,,,,,,,,,,,,,,,,,,,,,TN,,,,,,,,,,
,1716596847,2023-06-22 22:58:49,2491.3,ec702239c313d37f8ee8d6b4d9b78aba8d4b6580,1262495,autoland,LastVisualChange,True,amazon-search LastVisualChange opt cold webrender,,77,ms,geckoview,False,|c|o|l|d| |w|e|b|r|e|n|d|e|r|,,4361205,13,8bad20cfa5c21f9f330712163e9ddf6ea850f908,102210fe594ee9b33d82058545b1ed14f4c8206e,android-hw-a51-11-0-aarch64-shippable-qr,amazon-search,True,,,,,,,,,,,,,,,,,,,,,,,,,,,,,,,,,,,,,,,,,,,,,,,,,,TN,,,,,,,,,,
,1716696812,2023-06-23 03:22:10,2437.0,a9c0bee966a1e0b10528a9b41b3dcea34ee95b83,1262648,autoland,LastVisualChange,True,amazon-search LastVisualChange opt cold webrender,,77,ms,geckoview,False,|c|o|l|d| |w|e|b|r|e|n|d|e|r|,,4361205,13,8bad20cfa5c21f9f330712163e9ddf6ea850f908,102210fe594ee9b33d82058545b1ed14f4c8206e,android-hw-a51-11-0-aarch64-shippable-qr,amazon-search,True,,,,,,,,,,,,,,,,,,,,,,,,,,,,,,,,,,,,,,,,,,,,,,,,,,TN,,,,,,,,,,
,1716868925,2023-06-23 06:38:21,2514.0,e6ebe768e49bf43fc6465b297a817d1e4994af82,1262712,autoland,LastVisualChange,True,amazon-search LastVisualChange opt cold webrender,,77,ms,geckoview,False,|c|o|l|d| |w|e|b|r|e|n|d|e|r|,,4361205,13,8bad20cfa5c21f9f330712163e9ddf6ea850f908,102210fe594ee9b33d82058545b1ed14f4c8206e,android-hw-a51-11-0-aarch64-shippable-qr,amazon-search,True,,,,,,,,,,,,,,,,,,,,,,,,,,,,,,,,,,,,,,,,,,,,,,,,,,TN,,,,,,,,,,
,1717215624,2023-06-23 10:04:46,2459.4,bd328e6b49f984c8a1b8e2e0e0b2194267d023ac,1262825,autoland,LastVisualChange,True,amazon-search LastVisualChange opt cold webrender,,77,ms,geckoview,False,|c|o|l|d| |w|e|b|r|e|n|d|e|r|,,4361205,13,8bad20cfa5c21f9f330712163e9ddf6ea850f908,102210fe594ee9b33d82058545b1ed14f4c8206e,android-hw-a51-11-0-aarch64-shippable-qr,amazon-search,True,,,,,,,,,,,,,,,,,,,,,,,,,,,,,,,,,,,,,,,,,,,,,,,,,,TN,,,,,,,,,,
,1717230453,2023-06-23 14:10:04,2513.4,21d4902198ae482d7fd52735881f90fb09ffaa07,1262960,autoland,LastVisualChange,True,amazon-search LastVisualChange opt cold webrender,,77,ms,geckoview,False,|c|o|l|d| |w|e|b|r|e|n|d|e|r|,,4361205,13,8bad20cfa5c21f9f330712163e9ddf6ea850f908,102210fe594ee9b33d82058545b1ed14f4c8206e,android-hw-a51-11-0-aarch64-shippable-qr,amazon-search,True,,,,,,,,,,,,,,,,,,,,,,,,,,,,,,,,,,,,,,,,,,,,,,,,,,TN,,,,,,,,,,
,1717233800,2023-06-23 14:24:51,2464.1,801ba619d741b520231e6a0791457e7b44bef641,1262973,autoland,LastVisualChange,True,amazon-search LastVisualChange opt cold webrender,,77,ms,geckoview,False,|c|o|l|d| |w|e|b|r|e|n|d|e|r|,,4361205,13,8bad20cfa5c21f9f330712163e9ddf6ea850f908,102210fe594ee9b33d82058545b1ed14f4c8206e,android-hw-a51-11-0-aarch64-shippable-qr,amazon-search,True,,,,,,,,,,,,,,,,,,,,,,,,,,,,,,,,,,,,,,,,,,,,,,,,,,TN,,,,,,,,,,
,1717237584,2023-06-23 18:49:22,2485.9,efb1631077da0ef473b1fe37d64cd6f652c34f37,1263094,autoland,LastVisualChange,True,amazon-search LastVisualChange opt cold webrender,,77,ms,geckoview,False,|c|o|l|d| |w|e|b|r|e|n|d|e|r|,,4361205,13,8bad20cfa5c21f9f330712163e9ddf6ea850f908,102210fe594ee9b33d82058545b1ed14f4c8206e,android-hw-a51-11-0-aarch64-shippable-qr,amazon-search,True,,,,,,,,,,,,,,,,,,,,,,,,,,,,,,,,,,,,,,,,,,,,,,,,,,TN,,,,,,,,,,
,1717240943,2023-06-23 19:29:51,2448.4,3cfaf216653a2de7529a3bc74907ea4fecc21912,1263108,autoland,LastVisualChange,True,amazon-search LastVisualChange opt cold webrender,,77,ms,geckoview,False,|c|o|l|d| |w|e|b|r|e|n|d|e|r|,,4361205,13,8bad20cfa5c21f9f330712163e9ddf6ea850f908,102210fe594ee9b33d82058545b1ed14f4c8206e,android-hw-a51-11-0-aarch64-shippable-qr,amazon-search,True,,,,,,,,,,,,,,,,,,,,,,,,,,,,,,,,,,,,,,,,,,,,,,,,,,TN,,,,,,,,,,
,1717263141,2023-06-23 23:33:35,2432.7,45c221c4d7560f0ab2b6f7c4d113e2f96d73e994,1263150,autoland,LastVisualChange,True,amazon-search LastVisualChange opt cold webrender,,77,ms,geckoview,False,|c|o|l|d| |w|e|b|r|e|n|d|e|r|,,4361205,13,8bad20cfa5c21f9f330712163e9ddf6ea850f908,102210fe594ee9b33d82058545b1ed14f4c8206e,android-hw-a51-11-0-aarch64-shippable-qr,amazon-search,True,,,,,,,,,,,,,,,,,,,,,,,,,,,,,,,,,,,,,,,,,,,,,,,,,,TN,,,,,,,,,,
,1717388286,2023-06-24 17:55:21,2447.1,31d5ffaf0b16a722c89e3bc6043d1a6dd2df4f59,1263267,autoland,LastVisualChange,True,amazon-search LastVisualChange opt cold webrender,,77,ms,geckoview,False,|c|o|l|d| |w|e|b|r|e|n|d|e|r|,,4361205,13,8bad20cfa5c21f9f330712163e9ddf6ea850f908,102210fe594ee9b33d82058545b1ed14f4c8206e,android-hw-a51-11-0-aarch64-shippable-qr,amazon-search,True,,,,,,,,,,,,,,,,,,,,,,,,,,,,,,,,,,,,,,,,,,,,,,,,,,TN,,,,,,,,,,
,1717498126,2023-06-25 11:25:42,2687.5,a529a3830f684519fc2c2ffb6fbe1b1e77930e71,1263317,autoland,LastVisualChange,True,amazon-search LastVisualChange opt cold webrender,,77,ms,geckoview,False,|c|o|l|d| |w|e|b|r|e|n|d|e|r|,,4361205,13,8bad20cfa5c21f9f330712163e9ddf6ea850f908,102210fe594ee9b33d82058545b1ed14f4c8206e,android-hw-a51-11-0-aarch64-shippable-qr,amazon-search,True,,,,,,,,,,,,,,,,,,,,,,,,,,,,,,,,,,,,,,,,,,,,,,,,,,TN,,,,,,,,,,
,1717633916,2023-06-26 01:53:17,2523.8,391b29854d65124c758af8d7a7765b53ec46b9bf,1263401,autoland,LastVisualChange,True,amazon-search LastVisualChange opt cold webrender,,77,ms,geckoview,False,|c|o|l|d| |w|e|b|r|e|n|d|e|r|,,4361205,13,8bad20cfa5c21f9f330712163e9ddf6ea850f908,102210fe594ee9b33d82058545b1ed14f4c8206e,android-hw-a51-11-0-aarch64-shippable-qr,amazon-search,True,,,,,,,,,,,,,,,,,,,,,,,,,,,,,,,,,,,,,,,,,,,,,,,,,,TN,,,,,,,,,,
,1717720624,2023-06-26 08:39:50,2516.2,b8784b3350a10d9ba119e133ba1afe2fa2862b64,1263470,autoland,LastVisualChange,True,amazon-search LastVisualChange opt cold webrender,,77,ms,geckoview,False,|c|o|l|d| |w|e|b|r|e|n|d|e|r|,,4361205,13,8bad20cfa5c21f9f330712163e9ddf6ea850f908,102210fe594ee9b33d82058545b1ed14f4c8206e,android-hw-a51-11-0-aarch64-shippable-qr,amazon-search,True,,,,,,,,,,,,,,,,,,,,,,,,,,,,,,,,,,,,,,,,,,,,,,,,,,TN,,,,,,,,,,
,1717832620,2023-06-26 12:15:47,2406.9,147bbf0910da38bd103a6cac5b77bca042225107,1263599,autoland,LastVisualChange,True,amazon-search LastVisualChange opt cold webrender,,77,ms,geckoview,False,|c|o|l|d| |w|e|b|r|e|n|d|e|r|,,4361205,13,8bad20cfa5c21f9f330712163e9ddf6ea850f908,102210fe594ee9b33d82058545b1ed14f4c8206e,android-hw-a51-11-0-aarch64-shippable-qr,amazon-search,True,,,,,,,,,,,,,,,,,,,,,,,,,,,,,,,,,,,,,,,,,,,,,,,,,,TN,,,,,,,,,,
,1717941026,2023-06-26 15:17:27,2445.0,a9a1430953c45602083b397b0d0bb8e55a69fa46,1263769,autoland,LastVisualChange,True,amazon-search LastVisualChange opt cold webrender,,77,ms,geckoview,False,|c|o|l|d| |w|e|b|r|e|n|d|e|r|,,4361205,13,8bad20cfa5c21f9f330712163e9ddf6ea850f908,102210fe594ee9b33d82058545b1ed14f4c8206e,android-hw-a51-11-0-aarch64-shippable-qr,amazon-search,True,,,,,,,,,,,,,,,,,,,,,,,,,,,,,,,,,,,,,,,,,,,,,,,,,,TN,,,,,,,,,,
,1718092910,2023-06-26 19:17:54,2504.7,43533d1489bc82330991d4cbac2d5b8e704b7558,1263990,autoland,LastVisualChange,True,amazon-search LastVisualChange opt cold webrender,,77,ms,geckoview,False,|c|o|l|d| |w|e|b|r|e|n|d|e|r|,,4361205,13,8bad20cfa5c21f9f330712163e9ddf6ea850f908,102210fe594ee9b33d82058545b1ed14f4c8206e,android-hw-a51-11-0-aarch64-shippable-qr,amazon-search,True,,,,,,,,,,,,,,,,,,,,,,,,,,,,,,,,,,,,,,,,,,,,,,,,,,TN,,,,,,,,,,
,1718246275,2023-06-26 23:32:18,2452.7,4bdb9438b18b4b7ad15d5f4f62fd67cad4308d62,1264157,autoland,LastVisualChange,True,amazon-search LastVisualChange opt cold webrender,,77,ms,geckoview,False,|c|o|l|d| |w|e|b|r|e|n|d|e|r|,,4361205,13,8bad20cfa5c21f9f330712163e9ddf6ea850f908,102210fe594ee9b33d82058545b1ed14f4c8206e,android-hw-a51-11-0-aarch64-shippable-qr,amazon-search,True,,,,,,,,,,,,,,,,,,,,,,,,,,,,,,,,,,,,,,,,,,,,,,,,,,TN,,,,,,,,,,
,1718260645,2023-06-26 23:58:56,2476.5,b34d04613ffa3abda9bcdd07fc5185a34cdc407b,1264185,autoland,LastVisualChange,True,amazon-search LastVisualChange opt cold webrender,,77,ms,geckoview,False,|c|o|l|d| |w|e|b|r|e|n|d|e|r|,,4361205,13,8bad20cfa5c21f9f330712163e9ddf6ea850f908,102210fe594ee9b33d82058545b1ed14f4c8206e,android-hw-a51-11-0-aarch64-shippable-qr,amazon-search,True,,,,,,,,,,,,,,,,,,,,,,,,,,,,,,,,,,,,,,,,,,,,,,,,,,TN,,,,,,,,,,
,1718371710,2023-06-27 04:20:21,2477.2,e0d8554167a0aad02af68198462e91dd05958593,1264240,autoland,LastVisualChange,True,amazon-search LastVisualChange opt cold webrender,,77,ms,geckoview,False,|c|o|l|d| |w|e|b|r|e|n|d|e|r|,,4361205,13,8bad20cfa5c21f9f330712163e9ddf6ea850f908,102210fe594ee9b33d82058545b1ed14f4c8206e,android-hw-a51-11-0-aarch64-shippable-qr,amazon-search,True,,,,,,,,,,,,,,,,,,,,,,,,,,,,,,,,,,,,,,,,,,,,,,,,,,TN,,,,,,,,,,
,1718422111,2023-06-27 07:09:08,2415.5,e963fffcb3a0375f0c08e6c62d4300cbf79fba0b,1264287,autoland,LastVisualChange,True,amazon-search LastVisualChange opt cold webrender,,77,ms,geckoview,False,|c|o|l|d| |w|e|b|r|e|n|d|e|r|,,4361205,13,8bad20cfa5c21f9f330712163e9ddf6ea850f908,102210fe594ee9b33d82058545b1ed14f4c8206e,android-hw-a51-11-0-aarch64-shippable-qr,amazon-search,True,,,,,,,,,,,,,,,,,,,,,,,,,,,,,,,,,,,,,,,,,,,,,,,,,,TN,,,,,,,,,,
,1718536044,2023-06-27 11:13:52,2433.0,96efb14c1b2e225253f22aae7b217fdd48b4cb9f,1264423,autoland,LastVisualChange,True,amazon-search LastVisualChange opt cold webrender,,77,ms,geckoview,False,|c|o|l|d| |w|e|b|r|e|n|d|e|r|,,4361205,13,8bad20cfa5c21f9f330712163e9ddf6ea850f908,102210fe594ee9b33d82058545b1ed14f4c8206e,android-hw-a51-11-0-aarch64-shippable-qr,amazon-search,True,,,,,,,,,,,,,,,,,,,,,,,,,,,,,,,,,,,,,,,,,,,,,,,,,,TN,,,,,,,,,,
,1718630097,2023-06-27 15:57:28,2459.8,c041b113d5acbf06ba2e6161d9a1ef4fa5b3636b,1264575,autoland,LastVisualChange,True,amazon-search LastVisualChange opt cold webrender,,77,ms,geckoview,False,|c|o|l|d| |w|e|b|r|e|n|d|e|r|,,4361205,13,8bad20cfa5c21f9f330712163e9ddf6ea850f908,102210fe594ee9b33d82058545b1ed14f4c8206e,android-hw-a51-11-0-aarch64-shippable-qr,amazon-search,True,,,,,,,,,,,,,,,,,,,,,,,,,,,,,,,,,,,,,,,,,,,,,,,,,,TN,,,,,,,,,,
,1718646329,2023-06-27 16:17:01,2519.5,da38525a017e6dd411f2c2ccd84d286d86bdad8d,1264584,autoland,LastVisualChange,True,amazon-search LastVisualChange opt cold webrender,,77,ms,geckoview,False,|c|o|l|d| |w|e|b|r|e|n|d|e|r|,,4361205,13,8bad20cfa5c21f9f330712163e9ddf6ea850f908,102210fe594ee9b33d82058545b1ed14f4c8206e,android-hw-a51-11-0-aarch64-shippable-qr,amazon-search,True,,,,,,,,,,,,,,,,,,,,,,,,,,,,,,,,,,,,,,,,,,,,,,,,,,TN,,,,,,,,,,
,1718751519,2023-06-27 20:57:27,2473.2,80adb872a3d1e32f459e5cf3bc77e47008da925f,1264834,autoland,LastVisualChange,True,amazon-search LastVisualChange opt cold webrender,,77,ms,geckoview,False,|c|o|l|d| |w|e|b|r|e|n|d|e|r|,,4361205,13,8bad20cfa5c21f9f330712163e9ddf6ea850f908,102210fe594ee9b33d82058545b1ed14f4c8206e,android-hw-a51-11-0-aarch64-shippable-qr,amazon-search,True,,,,,,,,,,,,,,,,,,,,,,,,,,,,,,,,,,,,,,,,,,,,,,,,,,TN,,,,,,,,,,
,1718854819,2023-06-28 00:04:05,2402.5,591e3233df273509a8c0d0ccd1cc32795ae584dc,1264952,autoland,LastVisualChange,True,amazon-search LastVisualChange opt cold webrender,,77,ms,geckoview,False,|c|o|l|d| |w|e|b|r|e|n|d|e|r|,,4361205,13,8bad20cfa5c21f9f330712163e9ddf6ea850f908,102210fe594ee9b33d82058545b1ed14f4c8206e,android-hw-a51-11-0-aarch64-shippable-qr,amazon-search,True,,,,,,,,,,,,,,,,,,,,,,,,,,,,,,,,,,,,,,,,,,,,,,,,,,TN,,,,,,,,,,
,1718936716,2023-06-28 03:09:49,2495.3,ecb2997338f1c9a2059192ce04d01243537176b9,1265035,autoland,LastVisualChange,True,amazon-search LastVisualChange opt cold webrender,,77,ms,geckoview,False,|c|o|l|d| |w|e|b|r|e|n|d|e|r|,,4361205,13,8bad20cfa5c21f9f330712163e9ddf6ea850f908,102210fe594ee9b33d82058545b1ed14f4c8206e,android-hw-a51-11-0-aarch64-shippable-qr,amazon-search,True,,,,,,,,,,,,,,,,,,,,,,,,,,,,,,,,,,,,,,,,,,,,,,,,,,TN,,,,,,,,,,
,1719024530,2023-06-28 07:19:30,2428.9,51b6f36ff37d4b6906ec5cab830b1e283c6f7395,1265110,autoland,LastVisualChange,True,amazon-search LastVisualChange opt cold webrender,,77,ms,geckoview,False,|c|o|l|d| |w|e|b|r|e|n|d|e|r|,,4361205,13,8bad20cfa5c21f9f330712163e9ddf6ea850f908,102210fe594ee9b33d82058545b1ed14f4c8206e,android-hw-a51-11-0-aarch64-shippable-qr,amazon-search,True,,,,,,,,,,,,,,,,,,,,,,,,,,,,,,,,,,,,,,,,,,,,,,,,,,TN,,,,,,,,,,
,1719127366,2023-06-28 11:29:09,2444.4,3b7b3970a88459c11033effb61df89644e963bda,1265214,autoland,LastVisualChange,True,amazon-search LastVisualChange opt cold webrender,,77,ms,geckoview,False,|c|o|l|d| |w|e|b|r|e|n|d|e|r|,,4361205,13,8bad20cfa5c21f9f330712163e9ddf6ea850f908,102210fe594ee9b33d82058545b1ed14f4c8206e,android-hw-a51-11-0-aarch64-shippable-qr,amazon-search,True,,,,,,,,,,,,,,,,,,,,,,,,,,,,,,,,,,,,,,,,,,,,,,,,,,TN,,,,,,,,,,
,1719217083,2023-06-28 14:16:43,2501.6,c20ba5651ee046629ef49efd2e49f6214c3ae520,1265309,autoland,LastVisualChange,True,amazon-search LastVisualChange opt cold webrender,,77,ms,geckoview,False,|c|o|l|d| |w|e|b|r|e|n|d|e|r|,,4361205,13,8bad20cfa5c21f9f330712163e9ddf6ea850f908,102210fe594ee9b33d82058545b1ed14f4c8206e,android-hw-a51-11-0-aarch64-shippable-qr,amazon-search,True,,,,,,,,,,,,,,,,,,,,,,,,,,,,,,,,,,,,,,,,,,,,,,,,,,TN,,,,,,,,,,
,1719297443,2023-06-28 17:34:48,2735.4,0df511b69760b69959818e34e07aa74a0ad7061a,1265473,autoland,LastVisualChange,True,amazon-search LastVisualChange opt cold webrender,,77,ms,geckoview,False,|c|o|l|d| |w|e|b|r|e|n|d|e|r|,,4361205,13,8bad20cfa5c21f9f330712163e9ddf6ea850f908,102210fe594ee9b33d82058545b1ed14f4c8206e,android-hw-a51-11-0-aarch64-shippable-qr,amazon-search,True,,,,,,,,,,,,,,,,,,,,,,,,,,,,,,,,,,,,,,,,,,,,,,,,,,TN,,,,,,,,,,
,1719421973,2023-06-28 21:47:35,2454.6,d18ee9401610559d6724af1cf6a4ba7ca620f195,1265682,autoland,LastVisualChange,True,amazon-search LastVisualChange opt cold webrender,,77,ms,geckoview,False,|c|o|l|d| |w|e|b|r|e|n|d|e|r|,,4361205,13,8bad20cfa5c21f9f330712163e9ddf6ea850f908,102210fe594ee9b33d82058545b1ed14f4c8206e,android-hw-a51-11-0-aarch64-shippable-qr,amazon-search,True,,,,,,,,,,,,,,,,,,,,,,,,,,,,,,,,,,,,,,,,,,,,,,,,,,TN,,,,,,,,,,
,1719538543,2023-06-29 02:28:53,2348.4,bab00f4f94d567cf8ccf12e64f4e5cccc2ab6783,1265821,autoland,LastVisualChange,True,amazon-search LastVisualChange opt cold webrender,,77,ms,geckoview,False,|c|o|l|d| |w|e|b|r|e|n|d|e|r|,,4361205,13,8bad20cfa5c21f9f330712163e9ddf6ea850f908,102210fe594ee9b33d82058545b1ed14f4c8206e,android-hw-a51-11-0-aarch64-shippable-qr,amazon-search,True,,,,,,,,,,,,,,,,,,,,,,,,,,,,,,,,,,,,,,,,,,,,,,,,,,TN,,,,,,,,,,
,1719707893,2023-06-29 08:54:52,2423.0,046c4b8aaa8932f15825dc4decd3911bb048e7f5,1265934,autoland,LastVisualChange,True,amazon-search LastVisualChange opt cold webrender,,77,ms,geckoview,False,|c|o|l|d| |w|e|b|r|e|n|d|e|r|,,4361205,13,8bad20cfa5c21f9f330712163e9ddf6ea850f908,102210fe594ee9b33d82058545b1ed14f4c8206e,android-hw-a51-11-0-aarch64-shippable-qr,amazon-search,True,,,,,,,,,,,,,,,,,,,,,,,,,,,,,,,,,,,,,,,,,,,,,,,,,,TN,,,,,,,,,,
,1719798014,2023-06-29 12:57:39,2464.8,e784085dfb507c237319c40245ef0b32ddcf82b0,1266033,autoland,LastVisualChange,True,amazon-search LastVisualChange opt cold webrender,,77,ms,geckoview,False,|c|o|l|d| |w|e|b|r|e|n|d|e|r|,,4361205,13,8bad20cfa5c21f9f330712163e9ddf6ea850f908,102210fe594ee9b33d82058545b1ed14f4c8206e,android-hw-a51-11-0-aarch64-shippable-qr,amazon-search,True,,,,,,,,,,,,,,,,,,,,,,,,,,,,,,,,,,,,,,,,,,,,,,,,,,TN,,,,,,,,,,
,1719898067,2023-06-29 15:22:27,3055.7,573b87117fd3efdb12ffb05692f97323c07a9900,1266105,autoland,LastVisualChange,True,amazon-search LastVisualChange opt cold webrender,,77,ms,geckoview,False,|c|o|l|d| |w|e|b|r|e|n|d|e|r|,,4361205,13,8bad20cfa5c21f9f330712163e9ddf6ea850f908,102210fe594ee9b33d82058545b1ed14f4c8206e,android-hw-a51-11-0-aarch64-shippable-qr,amazon-search,True,,,,,,,,,,,,,,,,,,,,,,,,,,,,,,,,,,,,,,,,,,,,,,,,,,TN,,,,,,,,,,
,1719959573,2023-06-29 19:36:56,2520.9,c5ac7e957828eeda97a3af6fc706f41aa567e48e,1266292,autoland,LastVisualChange,True,amazon-search LastVisualChange opt cold webrender,,77,ms,geckoview,False,|c|o|l|d| |w|e|b|r|e|n|d|e|r|,,4361205,13,8bad20cfa5c21f9f330712163e9ddf6ea850f908,102210fe594ee9b33d82058545b1ed14f4c8206e,android-hw-a51-11-0-aarch64-shippable-qr,amazon-search,True,,,,,,,,,,,,,,,,,,,,,,,,,,,,,,,,,,,,,,,,,,,,,,,,,,TN,,,,,,,,,,
,1719977135,2023-06-29 20:41:17,2440.1,e37ddb3aa508e953837fbd08afec4a2aa6f7f5ed,1266342,autoland,LastVisualChange,True,amazon-search LastVisualChange opt cold webrender,,77,ms,geckoview,False,|c|o|l|d| |w|e|b|r|e|n|d|e|r|,,4361205,13,8bad20cfa5c21f9f330712163e9ddf6ea850f908,102210fe594ee9b33d82058545b1ed14f4c8206e,android-hw-a51-11-0-aarch64-shippable-qr,amazon-search,True,,,,,,,,,,,,,,,,,,,,,,,,,,,,,,,,,,,,,,,,,,,,,,,,,,TN,,,,,,,,,,
,1720059650,2023-06-30 01:00:02,2487.7,e547d8e238568d790c74653068edac30240a95c5,1266447,autoland,LastVisualChange,True,amazon-search LastVisualChange opt cold webrender,,77,ms,geckoview,False,|c|o|l|d| |w|e|b|r|e|n|d|e|r|,,4361205,13,8bad20cfa5c21f9f330712163e9ddf6ea850f908,102210fe594ee9b33d82058545b1ed14f4c8206e,android-hw-a51-11-0-aarch64-shippable-qr,amazon-search,True,,,,,,,,,,,,,,,,,,,,,,,,,,,,,,,,,,,,,,,,,,,,,,,,,,TN,,,,,,,,,,
,1720162717,2023-06-30 08:19:33,2549.0,9bc27d87fa29fd921612525cc37e24f0ec3ba76b,1266526,autoland,LastVisualChange,True,amazon-search LastVisualChange opt cold webrender,,77,ms,geckoview,False,|c|o|l|d| |w|e|b|r|e|n|d|e|r|,,4361205,13,8bad20cfa5c21f9f330712163e9ddf6ea850f908,102210fe594ee9b33d82058545b1ed14f4c8206e,android-hw-a51-11-0-aarch64-shippable-qr,amazon-search,True,,,,,,,,,,,,,,,,,,,,,,,,,,,,,,,,,,,,,,,,,,,,,,,,,,TN,,,,,,,,,,
,1720249922,2023-06-30 13:51:38,2491.6,0abcd848f8218f0e2d339bbd497ac60f4a3b752c,1266633,autoland,LastVisualChange,True,amazon-search LastVisualChange opt cold webrender,,77,ms,geckoview,False,|c|o|l|d| |w|e|b|r|e|n|d|e|r|,,4361205,13,8bad20cfa5c21f9f330712163e9ddf6ea850f908,102210fe594ee9b33d82058545b1ed14f4c8206e,android-hw-a51-11-0-aarch64-shippable-qr,amazon-search,True,,,,,,,,,,,,,,,,,,,,,,,,,,,,,,,,,,,,,,,,,,,,,,,,,,TN,,,,,,,,,,
,1720366165,2023-07-01 00:00:49,2507.5,8ee32af33954493677c04d2dad76681d20d37c02,1266825,autoland,LastVisualChange,True,amazon-search LastVisualChange opt cold webrender,,77,ms,geckoview,False,|c|o|l|d| |w|e|b|r|e|n|d|e|r|,,4361205,13,8bad20cfa5c21f9f330712163e9ddf6ea850f908,102210fe594ee9b33d82058545b1ed14f4c8206e,android-hw-a51-11-0-aarch64-shippable-qr,amazon-search,True,,,,,,,,,,,,,,,,,,,,,,,,,,,,,,,,,,,,,,,,,,,,,,,,,,TN,,,,,,,,,,
,1720391454,2023-07-01 02:26:01,2486.1,81b43c5e095f0b0407b6d1a8d4a7f92bf7115e5e,1266845,autoland,LastVisualChange,True,amazon-search LastVisualChange opt cold webrender,,77,ms,geckoview,False,|c|o|l|d| |w|e|b|r|e|n|d|e|r|,,4361205,13,8bad20cfa5c21f9f330712163e9ddf6ea850f908,102210fe594ee9b33d82058545b1ed14f4c8206e,android-hw-a51-11-0-aarch64-shippable-qr,amazon-search,True,,,,,,,,,,,,,,,,,,,,,,,,,,,,,,,,,,,,,,,,,,,,,,,,,,TN,,,,,,,,,,
,1720490675,2023-07-02 04:09:27,2473.3,e8ccd4d6629a5cde6dd4011e79c55630beb87376,1266929,autoland,LastVisualChange,True,amazon-search LastVisualChange opt cold webrender,,77,ms,geckoview,False,|c|o|l|d| |w|e|b|r|e|n|d|e|r|,,4361205,13,8bad20cfa5c21f9f330712163e9ddf6ea850f908,102210fe594ee9b33d82058545b1ed14f4c8206e,android-hw-a51-11-0-aarch64-shippable-qr,amazon-search,True,,,,,,,,,,,,,,,,,,,,,,,,,,,,,,,,,,,,,,,,,,,,,,,,,,TN,,,,,,,,,,
,1720551935,2023-07-02 10:13:29,2452.8,93c2b16409e05c7d2b654d2b5356a2b7742b0d18,1266947,autoland,LastVisualChange,True,amazon-search LastVisualChange opt cold webrender,,77,ms,geckoview,False,|c|o|l|d| |w|e|b|r|e|n|d|e|r|,,4361205,13,8bad20cfa5c21f9f330712163e9ddf6ea850f908,102210fe594ee9b33d82058545b1ed14f4c8206e,android-hw-a51-11-0-aarch64-shippable-qr,amazon-search,True,,,,,,,,,,,,,,,,,,,,,,,,,,,,,,,,,,,,,,,,,,,,,,,,,,TN,,,,,,,,,,
,1720584539,2023-07-02 16:18:34,2363.9,8a50b880c83f70597cd2951c74b7e9420d4b55c7,1266959,autoland,LastVisualChange,True,amazon-search LastVisualChange opt cold webrender,,77,ms,geckoview,False,|c|o|l|d| |w|e|b|r|e|n|d|e|r|,,4361205,13,8bad20cfa5c21f9f330712163e9ddf6ea850f908,102210fe594ee9b33d82058545b1ed14f4c8206e,android-hw-a51-11-0-aarch64-shippable-qr,amazon-search,True,,,,,,,,,,,,,,,,,,,,,,,,,,,,,,,,,,,,,,,,,,,,,,,,,,TN,,,,,,,,,,
,1720645173,2023-07-03 04:14:26,2468.1,03b04345a888d738f358fc74595aabb1dfb2685c,1267009,autoland,LastVisualChange,True,amazon-search LastVisualChange opt cold webrender,,77,ms,geckoview,False,|c|o|l|d| |w|e|b|r|e|n|d|e|r|,,4361205,13,8bad20cfa5c21f9f330712163e9ddf6ea850f908,102210fe594ee9b33d82058545b1ed14f4c8206e,android-hw-a51-11-0-aarch64-shippable-qr,amazon-search,True,,,,,,,,,,,,,,,,,,,,,,,,,,,,,,,,,,,,,,,,,,,,,,,,,,TN,,,,,,,,,,
,1720744524,2023-07-03 08:58:45,2480.5,3463727761e55956f8308f38f71b1654b79497ca,1267059,autoland,LastVisualChange,True,amazon-search LastVisualChange opt cold webrender,,77,ms,geckoview,False,|c|o|l|d| |w|e|b|r|e|n|d|e|r|,,4361205,13,8bad20cfa5c21f9f330712163e9ddf6ea850f908,102210fe594ee9b33d82058545b1ed14f4c8206e,android-hw-a51-11-0-aarch64-shippable-qr,amazon-search,True,,,,,,,,,,,,,,,,,,,,,,,,,,,,,,,,,,,,,,,,,,,,,,,,,,TN,,,,,,,,,,
,1720745168,2023-07-03 08:59:44,2440.7,90c1c72030a4d515720d44706816256c0a1e30a8,1267060,autoland,LastVisualChange,True,amazon-search LastVisualChange opt cold webrender,,77,ms,geckoview,False,|c|o|l|d| |w|e|b|r|e|n|d|e|r|,,4361205,13,8bad20cfa5c21f9f330712163e9ddf6ea850f908,102210fe594ee9b33d82058545b1ed14f4c8206e,android-hw-a51-11-0-aarch64-shippable-qr,amazon-search,True,,,,,,,,,,,,,,,,,,,,,,,,,,,,,,,,,,,,,,,,,,,,,,,,,,TN,,,,,,,,,,
,1720767826,2023-07-03 14:20:46,2475.4,9d50665254899d8431813bdc04178e6006ce6d59,1267108,autoland,LastVisualChange,True,amazon-search LastVisualChange opt cold webrender,,77,ms,geckoview,False,|c|o|l|d| |w|e|b|r|e|n|d|e|r|,,4361205,13,8bad20cfa5c21f9f330712163e9ddf6ea850f908,102210fe594ee9b33d82058545b1ed14f4c8206e,android-hw-a51-11-0-aarch64-shippable-qr,amazon-search,True,,,,,,,,,,,,,,,,,,,,,,,,,,,,,,,,,,,,,,,,,,,,,,,,,,TN,,,,,,,,,,
,1720846978,2023-07-04 00:08:48,2534.1,a820608802f2194dfc19272bf19b7124a7349b79,1267203,autoland,LastVisualChange,True,amazon-search LastVisualChange opt cold webrender,,77,ms,geckoview,False,|c|o|l|d| |w|e|b|r|e|n|d|e|r|,,4361205,13,8bad20cfa5c21f9f330712163e9ddf6ea850f908,102210fe594ee9b33d82058545b1ed14f4c8206e,android-hw-a51-11-0-aarch64-shippable-qr,amazon-search,True,,,,,,,,,,,,,,,,,,,,,,,,,,,,,,,,,,,,,,,,,,,,,,,,,,TN,,,,,,,,,,
,1720891329,2023-07-04 04:57:05,2506.3,b2af19e5ff82fa8850262a0693f4941570a30474,1267245,autoland,LastVisualChange,True,amazon-search LastVisualChange opt cold webrender,,77,ms,geckoview,False,|c|o|l|d| |w|e|b|r|e|n|d|e|r|,,4361205,13,8bad20cfa5c21f9f330712163e9ddf6ea850f908,102210fe594ee9b33d82058545b1ed14f4c8206e,android-hw-a51-11-0-aarch64-shippable-qr,amazon-search,True,,,,,,,,,,,,,,,,,,,,,,,,,,,,,,,,,,,,,,,,,,,,,,,,,,TN,,,,,,,,,,
,1720942218,2023-07-04 07:10:31,2441.6,54bec48c8d6e571fdfbc0694895c371fd3fd08f9,1267272,autoland,LastVisualChange,True,amazon-search LastVisualChange opt cold webrender,,77,ms,geckoview,False,|c|o|l|d| |w|e|b|r|e|n|d|e|r|,,4361205,13,8bad20cfa5c21f9f330712163e9ddf6ea850f908,102210fe594ee9b33d82058545b1ed14f4c8206e,android-hw-a51-11-0-aarch64-shippable-qr,amazon-search,True,,,,,,,,,,,,,,,,,,,,,,,,,,,,,,,,,,,,,,,,,,,,,,,,,,TN,,,,,,,,,,
,1721068505,2023-07-04 11:21:51,2439.7,da13368ff947a55756c871582b1b13ffb6fa001d,1267342,autoland,LastVisualChange,True,amazon-search LastVisualChange opt cold webrender,,77,ms,geckoview,False,|c|o|l|d| |w|e|b|r|e|n|d|e|r|,,4361205,13,8bad20cfa5c21f9f330712163e9ddf6ea850f908,102210fe594ee9b33d82058545b1ed14f4c8206e,android-hw-a51-11-0-aarch64-shippable-qr,amazon-search,True,,,,,,,,,,,,,,,,,,,,,,,,,,,,,,,,,,,,,,,,,,,,,,,,,,TN,,,,,,,,,,
,1721088341,2023-07-04 11:29:32,2406.5,3aa1825bf09a37959e97ac4b5eaa3cc4b236b283,1267347,autoland,LastVisualChange,True,amazon-search LastVisualChange opt cold webrender,,77,ms,geckoview,False,|c|o|l|d| |w|e|b|r|e|n|d|e|r|,,4361205,13,8bad20cfa5c21f9f330712163e9ddf6ea850f908,102210fe594ee9b33d82058545b1ed14f4c8206e,android-hw-a51-11-0-aarch64-shippable-qr,amazon-search,True,,,,,,,,,,,,,,,,,,,,,,,,,,,,,,,,,,,,,,,,,,,,,,,,,,TN,,,,,,,,,,
,1721187737,2023-07-04 15:22:25,2465.1,cf717d6692eb6ff08bb1d0342645c7c6c1dcf8f7,1267503,autoland,LastVisualChange,True,amazon-search LastVisualChange opt cold webrender,,77,ms,geckoview,False,|c|o|l|d| |w|e|b|r|e|n|d|e|r|,,4361205,13,8bad20cfa5c21f9f330712163e9ddf6ea850f908,102210fe594ee9b33d82058545b1ed14f4c8206e,android-hw-a51-11-0-aarch64-shippable-qr,amazon-search,True,,,,,,,,,,,,,,,,,,,,,,,,,,,,,,,,,,,,,,,,,,,,,,,,,,TN,,,,,,,,,,
,1721264498,2023-07-04 19:21:41,2503.0,a8c47414f934fc13d47ba329f04089ab17eb2407,1267627,autoland,LastVisualChange,True,amazon-search LastVisualChange opt cold webrender,,77,ms,geckoview,False,|c|o|l|d| |w|e|b|r|e|n|d|e|r|,,4361205,13,8bad20cfa5c21f9f330712163e9ddf6ea850f908,102210fe594ee9b33d82058545b1ed14f4c8206e,android-hw-a51-11-0-aarch64-shippable-qr,amazon-search,True,,,,,,,,,,,,,,,,,,,,,,,,,,,,,,,,,,,,,,,,,,,,,,,,,,TN,,,,,,,,,,
,1721371763,2023-07-04 23:33:38,2425.4,3639b6891b332ea6c4ffea87bb2d1139c38b781d,1267723,autoland,LastVisualChange,True,amazon-search LastVisualChange opt cold webrender,,77,ms,geckoview,False,|c|o|l|d| |w|e|b|r|e|n|d|e|r|,,4361205,13,8bad20cfa5c21f9f330712163e9ddf6ea850f908,102210fe594ee9b33d82058545b1ed14f4c8206e,android-hw-a51-11-0-aarch64-shippable-qr,amazon-search,True,,,,,,,,,,,,,,,,,,,,,,,,,,,,,,,,,,,,,,,,,,,,,,,,,,TN,,,,,,,,,,
,1721504700,2023-07-05 03:49:13,2470.3,243ab04b37e31315f3db16a95bf6535124d9edda,1267756,autoland,LastVisualChange,True,amazon-search LastVisualChange opt cold webrender,,77,ms,geckoview,False,|c|o|l|d| |w|e|b|r|e|n|d|e|r|,,4361205,13,8bad20cfa5c21f9f330712163e9ddf6ea850f908,102210fe594ee9b33d82058545b1ed14f4c8206e,android-hw-a51-11-0-aarch64-shippable-qr,amazon-search,True,,,,,,,,,,,,,,,,,,,,,,,,,,,,,,,,,,,,,,,,,,,,,,,,,,TN,,,,,,,,,,
,1721555489,2023-07-05 07:58:23,2448.8,9ab7ea679b12d7e209ada3534abf7baf704fe9d4,1267796,autoland,LastVisualChange,True,amazon-search LastVisualChange opt cold webrender,,77,ms,geckoview,False,|c|o|l|d| |w|e|b|r|e|n|d|e|r|,,4361205,13,8bad20cfa5c21f9f330712163e9ddf6ea850f908,102210fe594ee9b33d82058545b1ed14f4c8206e,android-hw-a51-11-0-aarch64-shippable-qr,amazon-search,True,,,,,,,,,,,,,,,,,,,,,,,,,,,,,,,,,,,,,,,,,,,,,,,,,,TN,,,,,,,,,,
,1721587615,2023-07-05 09:46:48,2436.6,e3f62ea4e59393fe53784906952e9a1417688db1,1267838,autoland,LastVisualChange,True,amazon-search LastVisualChange opt cold webrender,,77,ms,geckoview,False,|c|o|l|d| |w|e|b|r|e|n|d|e|r|,,4361205,13,8bad20cfa5c21f9f330712163e9ddf6ea850f908,102210fe594ee9b33d82058545b1ed14f4c8206e,android-hw-a51-11-0-aarch64-shippable-qr,amazon-search,True,,,,,,,,,,,,,,,,,,,,,,,,,,,,,,,,,,,,,,,,,,,,,,,,,,TN,,,,,,,,,,
,1721749825,2023-07-05 14:18:53,2702.8,cee4ab20ddeef57e9b72447e753e72ed2eb244cf,1267963,autoland,LastVisualChange,True,amazon-search LastVisualChange opt cold webrender,,77,ms,geckoview,False,|c|o|l|d| |w|e|b|r|e|n|d|e|r|,,4361205,13,8bad20cfa5c21f9f330712163e9ddf6ea850f908,102210fe594ee9b33d82058545b1ed14f4c8206e,android-hw-a51-11-0-aarch64-shippable-qr,amazon-search,True,,,,,,,,,,,,,,,,,,,,,,,,,,,,,,,,,,,,,,,,,,,,,,,,,,TN,,,,,,,,,,
,1721824297,2023-07-05 14:38:06,2759.2,4613dfbe6bc2e60b1159da46db2edee3018423e1,1267976,autoland,LastVisualChange,True,amazon-search LastVisualChange opt cold webrender,,77,ms,geckoview,False,|c|o|l|d| |w|e|b|r|e|n|d|e|r|,,4361205,13,8bad20cfa5c21f9f330712163e9ddf6ea850f908,102210fe594ee9b33d82058545b1ed14f4c8206e,android-hw-a51-11-0-aarch64-shippable-qr,amazon-search,True,,,,,,,,,,,,,,,,,,,,,,,,,,,,,,,,,,,,,,,,,,,,,,,,,,TN,,,,,,,,,,
,1721889424,2023-07-05 18:29:49,2431.7,674dc1b6026b9fc62707f0df292dfaf1ba6557f1,1268132,autoland,LastVisualChange,True,amazon-search LastVisualChange opt cold webrender,,77,ms,geckoview,False,|c|o|l|d| |w|e|b|r|e|n|d|e|r|,,4361205,13,8bad20cfa5c21f9f330712163e9ddf6ea850f908,102210fe594ee9b33d82058545b1ed14f4c8206e,android-hw-a51-11-0-aarch64-shippable-qr,amazon-search,True,,,,,,,,,,,,,,,,,,,,,,,,,,,,,,,,,,,,,,,,,,,,,,,,,,TN,,,,,,,,,,
,1721916639,2023-07-05 21:03:11,2497.8,712427656ebd8d82b78a42d8e45b973aa7c220d7,1268236,autoland,LastVisualChange,True,amazon-search LastVisualChange opt cold webrender,,77,ms,geckoview,False,|c|o|l|d| |w|e|b|r|e|n|d|e|r|,,4361205,13,8bad20cfa5c21f9f330712163e9ddf6ea850f908,102210fe594ee9b33d82058545b1ed14f4c8206e,android-hw-a51-11-0-aarch64-shippable-qr,amazon-search,True,,,,,,,,,,,,,,,,,,,,,,,,,,,,,,,,,,,,,,,,,,,,,,,,,,TN,,,,,,,,,,
,1722022904,2023-07-06 01:07:34,2546.3,a0647e42fb1f509d753d2baacd7858b3ee9a8821,1268349,autoland,LastVisualChange,True,amazon-search LastVisualChange opt cold webrender,,77,ms,geckoview,False,|c|o|l|d| |w|e|b|r|e|n|d|e|r|,,4361205,13,8bad20cfa5c21f9f330712163e9ddf6ea850f908,102210fe594ee9b33d82058545b1ed14f4c8206e,android-hw-a51-11-0-aarch64-shippable-qr,amazon-search,True,,,,,,,,,,,,,,,,,,,,,,,,,,,,,,,,,,,,,,,,,,,,,,,,,,TN,,,,,,,,,,
,1722092494,2023-07-06 06:12:07,2537.8,1ba8085e68676425907973397d26e7417c1c4a74,1268405,autoland,LastVisualChange,True,amazon-search LastVisualChange opt cold webrender,,77,ms,geckoview,False,|c|o|l|d| |w|e|b|r|e|n|d|e|r|,,4361205,13,8bad20cfa5c21f9f330712163e9ddf6ea850f908,102210fe594ee9b33d82058545b1ed14f4c8206e,android-hw-a51-11-0-aarch64-shippable-qr,amazon-search,True,,,,,,,,,,,,,,,,,,,,,,,,,,,,,,,,,,,,,,,,,,,,,,,,,,TN,,,,,,,,,,
,1722218460,2023-07-06 11:48:20,2377.4,becc2fa2c186914b1a887e40e6f0e9a6643273eb,1268565,autoland,LastVisualChange,True,amazon-search LastVisualChange opt cold webrender,,77,ms,geckoview,False,|c|o|l|d| |w|e|b|r|e|n|d|e|r|,,4361205,13,8bad20cfa5c21f9f330712163e9ddf6ea850f908,102210fe594ee9b33d82058545b1ed14f4c8206e,android-hw-a51-11-0-aarch64-shippable-qr,amazon-search,True,,,,,,,,,,,,,,,,,,,,,,,,,,,,,,,,,,,,,,,,,,,,,,,,,,TN,,,,,,,,,,
,1722234703,2023-07-06 12:38:53,2497.0,5b919b11b30bcc659d499c9290a54c3f91d96bd2,1268598,autoland,LastVisualChange,True,amazon-search LastVisualChange opt cold webrender,,77,ms,geckoview,False,|c|o|l|d| |w|e|b|r|e|n|d|e|r|,,4361205,13,8bad20cfa5c21f9f330712163e9ddf6ea850f908,102210fe594ee9b33d82058545b1ed14f4c8206e,android-hw-a51-11-0-aarch64-shippable-qr,amazon-search,True,,,,,,,,,,,,,,,,,,,,,,,,,,,,,,,,,,,,,,,,,,,,,,,,,,TN,,,,,,,,,,
,1722407943,2023-07-06 16:43:39,2661.3,433f58fbe4180052220b584f15de1d1d6fda065a,1268777,autoland,LastVisualChange,True,amazon-search LastVisualChange opt cold webrender,,77,ms,geckoview,False,|c|o|l|d| |w|e|b|r|e|n|d|e|r|,,4361205,13,8bad20cfa5c21f9f330712163e9ddf6ea850f908,102210fe594ee9b33d82058545b1ed14f4c8206e,android-hw-a51-11-0-aarch64-shippable-qr,amazon-search,True,,,,,,,,,,,,,,,,,,,,,,,,,,,,,,,,,,,,,,,,,,,,,,,,,,TN,,,,,,,,,,
,1722469305,2023-07-06 18:39:07,2504.0,08f072ae172f3d48b0361ca0d34ead8a0b254e60,1268845,autoland,LastVisualChange,True,amazon-search LastVisualChange opt cold webrender,,77,ms,geckoview,False,|c|o|l|d| |w|e|b|r|e|n|d|e|r|,,4361205,13,8bad20cfa5c21f9f330712163e9ddf6ea850f908,102210fe594ee9b33d82058545b1ed14f4c8206e,android-hw-a51-11-0-aarch64-shippable-qr,amazon-search,True,,,,,,,,,,,,,,,,,,,,,,,,,,,,,,,,,,,,,,,,,,,,,,,,,,TN,,,,,,,,,,
,1722547686,2023-07-06 20:44:41,2441.0,2c6190b6ecb6ab8933a296c08e753c060a3c2e9b,1268939,autoland,LastVisualChange,True,amazon-search LastVisualChange opt cold webrender,,77,ms,geckoview,False,|c|o|l|d| |w|e|b|r|e|n|d|e|r|,,4361205,13,8bad20cfa5c21f9f330712163e9ddf6ea850f908,102210fe594ee9b33d82058545b1ed14f4c8206e,android-hw-a51-11-0-aarch64-shippable-qr,amazon-search,True,,,,,,,,,,,,,,,,,,,,,,,,,,,,,,,,,,,,,,,,,,,,,,,,,,TN,,,,,,,,,,
,1722642834,2023-07-07 00:51:02,2468.2,acd3d81337398ace5cd75f251f18da388ed281fa,1269038,autoland,LastVisualChange,True,amazon-search LastVisualChange opt cold webrender,,77,ms,geckoview,False,|c|o|l|d| |w|e|b|r|e|n|d|e|r|,,4361205,13,8bad20cfa5c21f9f330712163e9ddf6ea850f908,102210fe594ee9b33d82058545b1ed14f4c8206e,android-hw-a51-11-0-aarch64-shippable-qr,amazon-search,True,,,,,,,,,,,,,,,,,,,,,,,,,,,,,,,,,,,,,,,,,,,,,,,,,,TN,,,,,,,,,,
,1722662731,2023-07-07 01:49:15,2466.0,013763c5f493c6232cfa8502e7bcec4b151d9161,1269055,autoland,LastVisualChange,True,amazon-search LastVisualChange opt cold webrender,,77,ms,geckoview,False,|c|o|l|d| |w|e|b|r|e|n|d|e|r|,,4361205,13,8bad20cfa5c21f9f330712163e9ddf6ea850f908,102210fe594ee9b33d82058545b1ed14f4c8206e,android-hw-a51-11-0-aarch64-shippable-qr,amazon-search,True,,,,,,,,,,,,,,,,,,,,,,,,,,,,,,,,,,,,,,,,,,,,,,,,,,TN,,,,,,,,,,
,1722709682,2023-07-07 06:17:26,2435.4,e4d87ff75575880ea0c0fa09b316e360e4d9492f,1269097,autoland,LastVisualChange,True,amazon-search LastVisualChange opt cold webrender,,77,ms,geckoview,False,|c|o|l|d| |w|e|b|r|e|n|d|e|r|,,4361205,13,8bad20cfa5c21f9f330712163e9ddf6ea850f908,102210fe594ee9b33d82058545b1ed14f4c8206e,android-hw-a51-11-0-aarch64-shippable-qr,amazon-search,True,,,,,,,,,,,,,,,,,,,,,,,,,,,,,,,,,,,,,,,,,,,,,,,,,,TN,,,,,,,,,,
,1722845195,2023-07-07 10:08:37,2488.5,3a88b97290a0fe46c6fbfcf6dacd91c6b6900aeb,1269195,autoland,LastVisualChange,True,amazon-search LastVisualChange opt cold webrender,,77,ms,geckoview,False,|c|o|l|d| |w|e|b|r|e|n|d|e|r|,,4361205,13,8bad20cfa5c21f9f330712163e9ddf6ea850f908,102210fe594ee9b33d82058545b1ed14f4c8206e,android-hw-a51-11-0-aarch64-shippable-qr,amazon-search,True,,,,,,,,,,,,,,,,,,,,,,,,,,,,,,,,,,,,,,,,,,,,,,,,,,TN,,,,,,,,,,
,1722898104,2023-07-07 14:06:48,2499.4,fb62b8660fcaa40ecb0be50aa61ba8005dcbba27,1269286,autoland,LastVisualChange,True,amazon-search LastVisualChange opt cold webrender,,77,ms,geckoview,False,|c|o|l|d| |w|e|b|r|e|n|d|e|r|,,4361205,13,8bad20cfa5c21f9f330712163e9ddf6ea850f908,102210fe594ee9b33d82058545b1ed14f4c8206e,android-hw-a51-11-0-aarch64-shippable-qr,amazon-search,True,,,,,,,,,,,,,,,,,,,,,,,,,,,,,,,,,,,,,,,,,,,,,,,,,,TN,,,,,,,,,,
,1723012301,2023-07-07 16:51:44,2566.1,43977d30a10af8e193044a9aa578f2bc8b33edf7,1269420,autoland,LastVisualChange,True,amazon-search LastVisualChange opt cold webrender,,77,ms,geckoview,False,|c|o|l|d| |w|e|b|r|e|n|d|e|r|,,4361205,13,8bad20cfa5c21f9f330712163e9ddf6ea850f908,102210fe594ee9b33d82058545b1ed14f4c8206e,android-hw-a51-11-0-aarch64-shippable-qr,amazon-search,True,,,,,,,,,,,,,,,,,,,,,,,,,,,,,,,,,,,,,,,,,,,,,,,,,,TN,,,,,,,,,,
,1723221362,2023-07-08 02:51:52,2479.1,d2be18e8ce8cd63eaddb8f012d582a2863075164,1269678,autoland,LastVisualChange,True,amazon-search LastVisualChange opt cold webrender,,77,ms,geckoview,False,|c|o|l|d| |w|e|b|r|e|n|d|e|r|,,4361205,13,8bad20cfa5c21f9f330712163e9ddf6ea850f908,102210fe594ee9b33d82058545b1ed14f4c8206e,android-hw-a51-11-0-aarch64-shippable-qr,amazon-search,True,,,,,,,,,,,,,,,,,,,,,,,,,,,,,,,,,,,,,,,,,,,,,,,,,,TN,,,,,,,,,,
,1723243304,2023-07-08 06:55:09,2509.3,ef7d9ea0c3f751e7c525a136923c9c404c297b1f,1269687,autoland,LastVisualChange,True,amazon-search LastVisualChange opt cold webrender,,77,ms,geckoview,False,|c|o|l|d| |w|e|b|r|e|n|d|e|r|,,4361205,13,8bad20cfa5c21f9f330712163e9ddf6ea850f908,102210fe594ee9b33d82058545b1ed14f4c8206e,android-hw-a51-11-0-aarch64-shippable-qr,amazon-search,True,,,,,,,,,,,,,,,,,,,,,,,,,,,,,,,,,,,,,,,,,,,,,,,,,,TN,,,,,,,,,,
,1723341679,2023-07-08 13:13:32,2464.8,ee68eebc7bfd59157569f7de331974b06e765482,1269721,autoland,LastVisualChange,True,amazon-search LastVisualChange opt cold webrender,,77,ms,geckoview,False,|c|o|l|d| |w|e|b|r|e|n|d|e|r|,,4361205,13,8bad20cfa5c21f9f330712163e9ddf6ea850f908,102210fe594ee9b33d82058545b1ed14f4c8206e,android-hw-a51-11-0-aarch64-shippable-qr,amazon-search,True,,,,,,,,,,,,,,,,,,,,,,,,,,,,,,,,,,,,,,,,,,,,,,,,,,TN,,,,,,,,,,
,1723350519,2023-07-08 13:22:34,2430.9,3809d32977a2db97fd06c8fd3214256dc18af9a0,1269723,autoland,LastVisualChange,True,amazon-search LastVisualChange opt cold webrender,,77,ms,geckoview,False,|c|o|l|d| |w|e|b|r|e|n|d|e|r|,,4361205,13,8bad20cfa5c21f9f330712163e9ddf6ea850f908,102210fe594ee9b33d82058545b1ed14f4c8206e,android-hw-a51-11-0-aarch64-shippable-qr,amazon-search,True,,,,,,,,,,,,,,,,,,,,,,,,,,,,,,,,,,,,,,,,,,,,,,,,,,TN,,,,,,,,,,
,1723423983,2023-07-08 18:13:28,2394.1,3b3b41fc7f1dad97415448fb4652eb636903a02a,1269751,autoland,LastVisualChange,True,amazon-search LastVisualChange opt cold webrender,,77,ms,geckoview,False,|c|o|l|d| |w|e|b|r|e|n|d|e|r|,,4361205,13,8bad20cfa5c21f9f330712163e9ddf6ea850f908,102210fe594ee9b33d82058545b1ed14f4c8206e,android-hw-a51-11-0-aarch64-shippable-qr,amazon-search,True,,,,,,,,,,,,,,,,,,,,,,,,,,,,,,,,,,,,,,,,,,,,,,,,,,TN,,,,,,,,,,
,1723482044,2023-07-08 22:36:06,2385.5,47c72d2828f6f406fbe77758e1ae8cd7837af977,1269766,autoland,LastVisualChange,True,amazon-search LastVisualChange opt cold webrender,,77,ms,geckoview,False,|c|o|l|d| |w|e|b|r|e|n|d|e|r|,,4361205,13,8bad20cfa5c21f9f330712163e9ddf6ea850f908,102210fe594ee9b33d82058545b1ed14f4c8206e,android-hw-a51-11-0-aarch64-shippable-qr,amazon-search,True,,,,,,,,,,,,,,,,,,,,,,,,,,,,,,,,,,,,,,,,,,,,,,,,,,TN,,,,,,,,,,
,1723516401,2023-07-09 03:04:33,2473.0,2ac0f03815253b96c145a52b1762ed04c50f079d,1269805,autoland,LastVisualChange,True,amazon-search LastVisualChange opt cold webrender,,77,ms,geckoview,False,|c|o|l|d| |w|e|b|r|e|n|d|e|r|,,4361205,13,8bad20cfa5c21f9f330712163e9ddf6ea850f908,102210fe594ee9b33d82058545b1ed14f4c8206e,android-hw-a51-11-0-aarch64-shippable-qr,amazon-search,True,,,,,,,,,,,,,,,,,,,,,,,,,,,,,,,,,,,,,,,,,,,,,,,,,,TN,,,,,,,,,,
,1723580139,2023-07-09 11:37:17,2484.8,60d4eb46c8b40ab0cd000c9ef298c63c45539be7,1269836,autoland,LastVisualChange,True,amazon-search LastVisualChange opt cold webrender,,77,ms,geckoview,False,|c|o|l|d| |w|e|b|r|e|n|d|e|r|,,4361205,13,8bad20cfa5c21f9f330712163e9ddf6ea850f908,102210fe594ee9b33d82058545b1ed14f4c8206e,android-hw-a51-11-0-aarch64-shippable-qr,amazon-search,True,,,,,,,,,,,,,,,,,,,,,,,,,,,,,,,,,,,,,,,,,,,,,,,,,,TN,,,,,,,,,,
,1723638279,2023-07-09 16:14:27,2462.5,38657e8c266f862cee349b298d0679f6617a8a63,1269855,autoland,LastVisualChange,True,amazon-search LastVisualChange opt cold webrender,,77,ms,geckoview,False,|c|o|l|d| |w|e|b|r|e|n|d|e|r|,,4361205,13,8bad20cfa5c21f9f330712163e9ddf6ea850f908,102210fe594ee9b33d82058545b1ed14f4c8206e,android-hw-a51-11-0-aarch64-shippable-qr,amazon-search,True,,,,,,,,,,,,,,,,,,,,,,,,,,,,,,,,,,,,,,,,,,,,,,,,,,TN,,,,,,,,,,
,1723649660,2023-07-09 17:38:49,2527.5,91d2d276f13316b73f0fed743d543009fcfade03,1269870,autoland,LastVisualChange,True,amazon-search LastVisualChange opt cold webrender,,77,ms,geckoview,False,|c|o|l|d| |w|e|b|r|e|n|d|e|r|,,4361205,13,8bad20cfa5c21f9f330712163e9ddf6ea850f908,102210fe594ee9b33d82058545b1ed14f4c8206e,android-hw-a51-11-0-aarch64-shippable-qr,amazon-search,True,,,,,,,,,,,,,,,,,,,,,,,,,,,,,,,,,,,,,,,,,,,,,,,,,,TN,,,,,,,,,,
,1723714624,2023-07-09 22:03:27,2453.4,5497748101b60ab9149d6616e70cabc4c11c6cb5,1269918,autoland,LastVisualChange,True,amazon-search LastVisualChange opt cold webrender,,77,ms,geckoview,False,|c|o|l|d| |w|e|b|r|e|n|d|e|r|,,4361205,13,8bad20cfa5c21f9f330712163e9ddf6ea850f908,102210fe594ee9b33d82058545b1ed14f4c8206e,android-hw-a51-11-0-aarch64-shippable-qr,amazon-search,True,,,,,,,,,,,,,,,,,,,,,,,,,,,,,,,,,,,,,,,,,,,,,,,,,,TN,,,,,,,,,,
,1723836373,2023-07-10 02:33:11,2391.2,aaa3698312c56a08a7b405178ee462fe3c2a30e7,1269963,autoland,LastVisualChange,True,amazon-search LastVisualChange opt cold webrender,,77,ms,geckoview,False,|c|o|l|d| |w|e|b|r|e|n|d|e|r|,,4361205,13,8bad20cfa5c21f9f330712163e9ddf6ea850f908,102210fe594ee9b33d82058545b1ed14f4c8206e,android-hw-a51-11-0-aarch64-shippable-qr,amazon-search,True,,,,,,,,,,,,,,,,,,,,,,,,,,,,,,,,,,,,,,,,,,,,,,,,,,TN,,,,,,,,,,
,1723908298,2023-07-10 08:51:48,2438.8,7313b6429e48b58bd38ab3be47999be475f2ba6b,1270053,autoland,LastVisualChange,True,amazon-search LastVisualChange opt cold webrender,,77,ms,geckoview,False,|c|o|l|d| |w|e|b|r|e|n|d|e|r|,,4361205,13,8bad20cfa5c21f9f330712163e9ddf6ea850f908,102210fe594ee9b33d82058545b1ed14f4c8206e,android-hw-a51-11-0-aarch64-shippable-qr,amazon-search,True,,,,,,,,,,,,,,,,,,,,,,,,,,,,,,,,,,,,,,,,,,,,,,,,,,TN,,,,,,,,,,
,1724020237,2023-07-10 13:07:04,2468.7,70fb59178ff21c468afeb592869c28371401db6a,1270176,autoland,LastVisualChange,True,amazon-search LastVisualChange opt cold webrender,,77,ms,geckoview,False,|c|o|l|d| |w|e|b|r|e|n|d|e|r|,,4361205,13,8bad20cfa5c21f9f330712163e9ddf6ea850f908,102210fe594ee9b33d82058545b1ed14f4c8206e,android-hw-a51-11-0-aarch64-shippable-qr,amazon-search,True,,,,,,,,,,,,,,,,,,,,,,,,,,,,,,,,,,,,,,,,,,,,,,,,,,TN,,,,,,,,,,
,1724042450,2023-07-10 14:01:57,2451.4,e31033710cfe590d9e7deda75757f71ddef34207,1270199,autoland,LastVisualChange,True,amazon-search LastVisualChange opt cold webrender,,77,ms,geckoview,False,|c|o|l|d| |w|e|b|r|e|n|d|e|r|,,4361205,13,8bad20cfa5c21f9f330712163e9ddf6ea850f908,102210fe594ee9b33d82058545b1ed14f4c8206e,android-hw-a51-11-0-aarch64-shippable-qr,amazon-search,True,,,,,,,,,,,,,,,,,,,,,,,,,,,,,,,,,,,,,,,,,,,,,,,,,,TN,,,,,,,,,,
,1724192721,2023-07-10 18:14:55,2487.0,1c909f267af625b4c370b6735113e1cafc94bbad,1270330,autoland,LastVisualChange,True,amazon-search LastVisualChange opt cold webrender,,77,ms,geckoview,False,|c|o|l|d| |w|e|b|r|e|n|d|e|r|,,4361205,13,8bad20cfa5c21f9f330712163e9ddf6ea850f908,102210fe594ee9b33d82058545b1ed14f4c8206e,android-hw-a51-11-0-aarch64-shippable-qr,amazon-search,True,,,,,,,,,,,,,,,,,,,,,,,,,,,,,,,,,,,,,,,,,,,,,,,,,,TN,,,,,,,,,,
,1724239577,2023-07-10 19:48:56,2475.8,923b28f88778b9de2f2a694c75dcb313148c0fc5,1270385,autoland,LastVisualChange,True,amazon-search LastVisualChange opt cold webrender,,77,ms,geckoview,False,|c|o|l|d| |w|e|b|r|e|n|d|e|r|,,4361205,13,8bad20cfa5c21f9f330712163e9ddf6ea850f908,102210fe594ee9b33d82058545b1ed14f4c8206e,android-hw-a51-11-0-aarch64-shippable-qr,amazon-search,True,,,,,,,,,,,,,,,,,,,,,,,,,,,,,,,,,,,,,,,,,,,,,,,,,,TN,,,,,,,,,,
,1724348700,2023-07-11 01:42:54,2399.8,b6a3e16c65e1298418f1aaf966dd3071d644075b,1270560,autoland,LastVisualChange,True,amazon-search LastVisualChange opt cold webrender,,77,ms,geckoview,False,|c|o|l|d| |w|e|b|r|e|n|d|e|r|,,4361205,13,8bad20cfa5c21f9f330712163e9ddf6ea850f908,102210fe594ee9b33d82058545b1ed14f4c8206e,android-hw-a51-11-0-aarch64-shippable-qr,amazon-search,True,,,,,,,,,,,,,,,,,,,,,,,,,,,,,,,,,,,,,,,,,,,,,,,,,,TN,,,,,,,,,,
,1724434079,2023-07-11 06:35:00,2459.7,bd6b3707b0b4eb7dd36fd65f81325cd71a20ab43,1270619,autoland,LastVisualChange,True,amazon-search LastVisualChange opt cold webrender,,77,ms,geckoview,False,|c|o|l|d| |w|e|b|r|e|n|d|e|r|,,4361205,13,8bad20cfa5c21f9f330712163e9ddf6ea850f908,102210fe594ee9b33d82058545b1ed14f4c8206e,android-hw-a51-11-0-aarch64-shippable-qr,amazon-search,True,,,,,,,,,,,,,,,,,,,,,,,,,,,,,,,,,,,,,,,,,,,,,,,,,,TN,,,,,,,,,,
,1724501303,2023-07-11 08:55:46,2414.7,6f3d3f416c953a7c5f64b907c4afb5906a1868a3,1270644,autoland,LastVisualChange,True,amazon-search LastVisualChange opt cold webrender,,77,ms,geckoview,False,|c|o|l|d| |w|e|b|r|e|n|d|e|r|,,4361205,13,8bad20cfa5c21f9f330712163e9ddf6ea850f908,102210fe594ee9b33d82058545b1ed14f4c8206e,android-hw-a51-11-0-aarch64-shippable-qr,amazon-search,True,,,,,,,,,,,,,,,,,,,,,,,,,,,,,,,,,,,,,,,,,,,,,,,,,,TN,,,,,,,,,,
,1724596541,2023-07-11 13:33:02,2429.6,0c47c1159e0a060ee709f9f8f854bfad27f86c85,1270792,autoland,LastVisualChange,True,amazon-search LastVisualChange opt cold webrender,,77,ms,geckoview,False,|c|o|l|d| |w|e|b|r|e|n|d|e|r|,,4361205,13,8bad20cfa5c21f9f330712163e9ddf6ea850f908,102210fe594ee9b33d82058545b1ed14f4c8206e,android-hw-a51-11-0-aarch64-shippable-qr,amazon-search,True,,,,,,,,,,,,,,,,,,,,,,,,,,,,,,,,,,,,,,,,,,,,,,,,,,TN,,,,,,,,,,
,1724624746,2023-07-11 14:06:52,2455.7,3100a08eeee126bc592700ba015d42a4eeabd552,1270802,autoland,LastVisualChange,True,amazon-search LastVisualChange opt cold webrender,,77,ms,geckoview,False,|c|o|l|d| |w|e|b|r|e|n|d|e|r|,,4361205,13,8bad20cfa5c21f9f330712163e9ddf6ea850f908,102210fe594ee9b33d82058545b1ed14f4c8206e,android-hw-a51-11-0-aarch64-shippable-qr,amazon-search,True,,,,,,,,,,,,,,,,,,,,,,,,,,,,,,,,,,,,,,,,,,,,,,,,,,TN,,,,,,,,,,
,1724800759,2023-07-11 18:36:01,2540.2,87db7bb709335405232188624e8b3fa9990fd678,1270977,autoland,LastVisualChange,True,amazon-search LastVisualChange opt cold webrender,,77,ms,geckoview,False,|c|o|l|d| |w|e|b|r|e|n|d|e|r|,,4361205,13,8bad20cfa5c21f9f330712163e9ddf6ea850f908,102210fe594ee9b33d82058545b1ed14f4c8206e,android-hw-a51-11-0-aarch64-shippable-qr,amazon-search,True,,,,,,,,,,,,,,,,,,,,,,,,,,,,,,,,,,,,,,,,,,,,,,,,,,TN,,,,,,,,,,
,1724886759,2023-07-11 22:00:07,2490.7,799309422d5f66cd280bc2aa8f49a203faaf670f,1271127,autoland,LastVisualChange,True,amazon-search LastVisualChange opt cold webrender,,77,ms,geckoview,False,|c|o|l|d| |w|e|b|r|e|n|d|e|r|,,4361205,13,8bad20cfa5c21f9f330712163e9ddf6ea850f908,102210fe594ee9b33d82058545b1ed14f4c8206e,android-hw-a51-11-0-aarch64-shippable-qr,amazon-search,True,,,,,,,,,,,,,,,,,,,,,,,,,,,,,,,,,,,,,,,,,,,,,,,,,,TN,,,,,,,,,,
,1724966041,2023-07-12 03:43:13,2465.6,409794f954d9150f8da58e49d75898a655aca25d,1271221,autoland,LastVisualChange,True,amazon-search LastVisualChange opt cold webrender,,77,ms,geckoview,False,|c|o|l|d| |w|e|b|r|e|n|d|e|r|,,4361205,13,8bad20cfa5c21f9f330712163e9ddf6ea850f908,102210fe594ee9b33d82058545b1ed14f4c8206e,android-hw-a51-11-0-aarch64-shippable-qr,amazon-search,True,,,,,,,,,,,,,,,,,,,,,,,,,,,,,,,,,,,,,,,,,,,,,,,,,,TN,,,,,,,,,,
,1725005508,2023-07-12 07:41:52,2444.8,3df39b644daab1c941ea8f68e6f1e1018058b95e,1271289,autoland,LastVisualChange,True,amazon-search LastVisualChange opt cold webrender,,77,ms,geckoview,False,|c|o|l|d| |w|e|b|r|e|n|d|e|r|,,4361205,13,8bad20cfa5c21f9f330712163e9ddf6ea850f908,102210fe594ee9b33d82058545b1ed14f4c8206e,android-hw-a51-11-0-aarch64-shippable-qr,amazon-search,True,,,,,,,,,,,,,,,,,,,,,,,,,,,,,,,,,,,,,,,,,,,,,,,,,,TN,,,,,,,,,,
,1725138380,2023-07-12 11:57:10,2411.9,323cd57deb4d5a322c892f49b9141687d7561c0b,1271397,autoland,LastVisualChange,True,amazon-search LastVisualChange opt cold webrender,,77,ms,geckoview,False,|c|o|l|d| |w|e|b|r|e|n|d|e|r|,,4361205,13,8bad20cfa5c21f9f330712163e9ddf6ea850f908,102210fe594ee9b33d82058545b1ed14f4c8206e,android-hw-a51-11-0-aarch64-shippable-qr,amazon-search,True,,,,,,,,,,,,,,,,,,,,,,,,,,,,,,,,,,,,,,,,,,,,,,,,,,TN,,,,,,,,,,
,1725153133,2023-07-12 14:40:04,2380.9,09a138b12b3b18e85b4234788a6f92fa756908af,1271467,autoland,LastVisualChange,True,amazon-search LastVisualChange opt cold webrender,,77,ms,geckoview,False,|c|o|l|d| |w|e|b|r|e|n|d|e|r|,,4361205,13,8bad20cfa5c21f9f330712163e9ddf6ea850f908,102210fe594ee9b33d82058545b1ed14f4c8206e,android-hw-a51-11-0-aarch64-shippable-qr,amazon-search,True,,,,,,,,,,,,,,,,,,,,,,,,,,,,,,,,,,,,,,,,,,,,,,,,,,TN,,,,,,,,,,
,1725273988,2023-07-12 19:44:39,2419.5,5af60a4168846b5be7576faecbb5050fa6d965cf,1271665,autoland,LastVisualChange,True,amazon-search LastVisualChange opt cold webrender,,77,ms,geckoview,False,|c|o|l|d| |w|e|b|r|e|n|d|e|r|,,4361205,13,8bad20cfa5c21f9f330712163e9ddf6ea850f908,102210fe594ee9b33d82058545b1ed14f4c8206e,android-hw-a51-11-0-aarch64-shippable-qr,amazon-search,True,,,,,,,,,,,,,,,,,,,,,,,,,,,,,,,,,,,,,,,,,,,,,,,,,,TN,,,,,,,,,,
,1725401597,2023-07-13 04:00:14,2477.0,0724fde82b2fe250010f13a500b6c525eaf3abb5,1271916,autoland,LastVisualChange,True,amazon-search LastVisualChange opt cold webrender,,77,ms,geckoview,False,|c|o|l|d| |w|e|b|r|e|n|d|e|r|,,4361205,13,8bad20cfa5c21f9f330712163e9ddf6ea850f908,102210fe594ee9b33d82058545b1ed14f4c8206e,android-hw-a51-11-0-aarch64-shippable-qr,amazon-search,True,,,,,,,,,,,,,,,,,,,,,,,,,,,,,,,,,,,,,,,,,,,,,,,,,,TN,,,,,,,,,,
,1725462411,2023-07-13 08:20:37,2441.2,3170f4f57d01091d2a74fe40ee6f4ab8efa7351a,1271978,autoland,LastVisualChange,True,amazon-search LastVisualChange opt cold webrender,,77,ms,geckoview,False,|c|o|l|d| |w|e|b|r|e|n|d|e|r|,,4361205,13,8bad20cfa5c21f9f330712163e9ddf6ea850f908,102210fe594ee9b33d82058545b1ed14f4c8206e,android-hw-a51-11-0-aarch64-shippable-qr,amazon-search,True,,,,,,,,,,,,,,,,,,,,,,,,,,,,,,,,,,,,,,,,,,,,,,,,,,TN,,,,,,,,,,
,1725585538,2023-07-13 11:47:10,2524.0,1bfb25414a090700f286cd06319e91cb9ac6e336,1272070,autoland,LastVisualChange,True,amazon-search LastVisualChange opt cold webrender,,77,ms,geckoview,False,|c|o|l|d| |w|e|b|r|e|n|d|e|r|,,4361205,13,8bad20cfa5c21f9f330712163e9ddf6ea850f908,102210fe594ee9b33d82058545b1ed14f4c8206e,android-hw-a51-11-0-aarch64-shippable-qr,amazon-search,True,,,,,,,,,,,,,,,,,,,,,,,,,,,,,,,,,,,,,,,,,,,,,,,,,,TN,,,,,,,,,,
,1725761643,2023-07-13 14:50:19,2462.5,411654dc3bffdf2358079fc20c662dc3c58a2363,1272192,autoland,LastVisualChange,True,amazon-search LastVisualChange opt cold webrender,,77,ms,geckoview,False,|c|o|l|d| |w|e|b|r|e|n|d|e|r|,,4361205,13,8bad20cfa5c21f9f330712163e9ddf6ea850f908,102210fe594ee9b33d82058545b1ed14f4c8206e,android-hw-a51-11-0-aarch64-shippable-qr,amazon-search,True,,,,,,,,,,,,,,,,,,,,,,,,,,,,,,,,,,,,,,,,,,,,,,,,,,TN,,,,,,,,,,
,1725830176,2023-07-13 19:23:25,2497.6,93efae7712c8170b189d6e2d626af9bc74ee9f33,1272383,autoland,LastVisualChange,True,amazon-search LastVisualChange opt cold webrender,,77,ms,geckoview,False,|c|o|l|d| |w|e|b|r|e|n|d|e|r|,,4361205,13,8bad20cfa5c21f9f330712163e9ddf6ea850f908,102210fe594ee9b33d82058545b1ed14f4c8206e,android-hw-a51-11-0-aarch64-shippable-qr,amazon-search,True,,,,,,,,,,,,,,,,,,,,,,,,,,,,,,,,,,,,,,,,,,,,,,,,,,TN,,,,,,,,,,
,1725915324,2023-07-13 23:46:26,2472.3,d7363bddf2b82c4f02c60bf1f3236c1853a1d788,1272530,autoland,LastVisualChange,True,amazon-search LastVisualChange opt cold webrender,,77,ms,geckoview,False,|c|o|l|d| |w|e|b|r|e|n|d|e|r|,,4361205,13,8bad20cfa5c21f9f330712163e9ddf6ea850f908,102210fe594ee9b33d82058545b1ed14f4c8206e,android-hw-a51-11-0-aarch64-shippable-qr,amazon-search,True,,,,,,,,,,,,,,,,,,,,,,,,,,,,,,,,,,,,,,,,,,,,,,,,,,TN,,,,,,,,,,
,1725924677,2023-07-14 00:33:08,2442.6,ce811b4b8e62538cba1620fbe1f66b6963a00103,1272546,autoland,LastVisualChange,True,amazon-search LastVisualChange opt cold webrender,,77,ms,geckoview,False,|c|o|l|d| |w|e|b|r|e|n|d|e|r|,,4361205,13,8bad20cfa5c21f9f330712163e9ddf6ea850f908,102210fe594ee9b33d82058545b1ed14f4c8206e,android-hw-a51-11-0-aarch64-shippable-qr,amazon-search,True,,,,,,,,,,,,,,,,,,,,,,,,,,,,,,,,,,,,,,,,,,,,,,,,,,TN,,,,,,,,,,
,1725989338,2023-07-14 05:34:55,2417.4,196cda3a105202c8969a926a0637db0e0014c07d,1272621,autoland,LastVisualChange,True,amazon-search LastVisualChange opt cold webrender,,77,ms,geckoview,False,|c|o|l|d| |w|e|b|r|e|n|d|e|r|,,4361205,13,8bad20cfa5c21f9f330712163e9ddf6ea850f908,102210fe594ee9b33d82058545b1ed14f4c8206e,android-hw-a51-11-0-aarch64-shippable-qr,amazon-search,True,,,,,,,,,,,,,,,,,,,,,,,,,,,,,,,,,,,,,,,,,,,,,,,,,,TN,,,,,,,,,,
,1726052305,2023-07-14 08:41:57,2419.1,2c2b2040f7a3a963eaf19ecd574a96682fb4e6c3,1272676,autoland,LastVisualChange,True,amazon-search LastVisualChange opt cold webrender,,77,ms,geckoview,False,|c|o|l|d| |w|e|b|r|e|n|d|e|r|,,4361205,13,8bad20cfa5c21f9f330712163e9ddf6ea850f908,102210fe594ee9b33d82058545b1ed14f4c8206e,android-hw-a51-11-0-aarch64-shippable-qr,amazon-search,True,,,,,,,,,,,,,,,,,,,,,,,,,,,,,,,,,,,,,,,,,,,,,,,,,,TN,,,,,,,,,,
,1726238043,2023-07-14 12:49:37,2515.6,f04d14e8c457c340e7bb0c8955b7a42e3ed32c84,1272721,autoland,LastVisualChange,True,amazon-search LastVisualChange opt cold webrender,,77,ms,geckoview,False,|c|o|l|d| |w|e|b|r|e|n|d|e|r|,,4361205,13,8bad20cfa5c21f9f330712163e9ddf6ea850f908,102210fe594ee9b33d82058545b1ed14f4c8206e,android-hw-a51-11-0-aarch64-shippable-qr,amazon-search,True,,,,,,,,,,,,,,,,,,,,,,,,,,,,,,,,,,,,,,,,,,,,,,,,,,TN,,,,,,,,,,
,1726358950,2023-07-14 16:10:08,2477.2,379fa15b7cfddd1f92027d8c39b32706dc0f59a8,1272833,autoland,LastVisualChange,True,amazon-search LastVisualChange opt cold webrender,,77,ms,geckoview,False,|c|o|l|d| |w|e|b|r|e|n|d|e|r|,,4361205,13,8bad20cfa5c21f9f330712163e9ddf6ea850f908,102210fe594ee9b33d82058545b1ed14f4c8206e,android-hw-a51-11-0-aarch64-shippable-qr,amazon-search,True,,,,,,,,,,,,,,,,,,,,,,,,,,,,,,,,,,,,,,,,,,,,,,,,,,TN,,,,,,,,,,
,1726476011,2023-07-14 21:22:48,2433.5,f65db437bbbe4d54d073843c79519c0a373ada5c,1272987,autoland,LastVisualChange,True,amazon-search LastVisualChange opt cold webrender,,77,ms,geckoview,False,|c|o|l|d| |w|e|b|r|e|n|d|e|r|,,4361205,13,8bad20cfa5c21f9f330712163e9ddf6ea850f908,102210fe594ee9b33d82058545b1ed14f4c8206e,android-hw-a51-11-0-aarch64-shippable-qr,amazon-search,True,,,,,,,,,,,,,,,,,,,,,,,,,,,,,,,,,,,,,,,,,,,,,,,,,,TN,,,,,,,,,,
,1726497033,2023-07-14 22:30:09,2481.7,2fa0f2941257f51a55bcabee0f1913fe395266b0,1273018,autoland,LastVisualChange,True,amazon-search LastVisualChange opt cold webrender,,77,ms,geckoview,False,|c|o|l|d| |w|e|b|r|e|n|d|e|r|,,4361205,13,8bad20cfa5c21f9f330712163e9ddf6ea850f908,102210fe594ee9b33d82058545b1ed14f4c8206e,android-hw-a51-11-0-aarch64-shippable-qr,amazon-search,True,,,,,,,,,,,,,,,,,,,,,,,,,,,,,,,,,,,,,,,,,,,,,,,,,,TN,,,,,,,,,,
,1726520683,2023-07-15 02:41:28,2411.2,1e09c6aabfcd1088a923373e95d74f457e863755,1273070,autoland,LastVisualChange,True,amazon-search LastVisualChange opt cold webrender,,77,ms,geckoview,False,|c|o|l|d| |w|e|b|r|e|n|d|e|r|,,4361205,13,8bad20cfa5c21f9f330712163e9ddf6ea850f908,102210fe594ee9b33d82058545b1ed14f4c8206e,android-hw-a51-11-0-aarch64-shippable-qr,amazon-search,True,,,,,,,,,,,,,,,,,,,,,,,,,,,,,,,,,,,,,,,,,,,,,,,,,,TN,,,,,,,,,,
,1726591307,2023-07-15 12:36:57,2447.3,3a71e5ba50017ceb558d246e6ea58f8d5a57a3af,1273110,autoland,LastVisualChange,True,amazon-search LastVisualChange opt cold webrender,,77,ms,geckoview,False,|c|o|l|d| |w|e|b|r|e|n|d|e|r|,,4361205,13,8bad20cfa5c21f9f330712163e9ddf6ea850f908,102210fe594ee9b33d82058545b1ed14f4c8206e,android-hw-a51-11-0-aarch64-shippable-qr,amazon-search,True,,,,,,,,,,,,,,,,,,,,,,,,,,,,,,,,,,,,,,,,,,,,,,,,,,TN,,,,,,,,,,
,1726632168,2023-07-15 18:59:02,2453.0,23e9067195200f00248b6c027bfae113965bf3ea,1273125,autoland,LastVisualChange,True,amazon-search LastVisualChange opt cold webrender,,77,ms,geckoview,False,|c|o|l|d| |w|e|b|r|e|n|d|e|r|,,4361205,13,8bad20cfa5c21f9f330712163e9ddf6ea850f908,102210fe594ee9b33d82058545b1ed14f4c8206e,android-hw-a51-11-0-aarch64-shippable-qr,amazon-search,True,,,,,,,,,,,,,,,,,,,,,,,,,,,,,,,,,,,,,,,,,,,,,,,,,,TN,,,,,,,,,,
,1726677140,2023-07-16 02:22:04,2435.0,29be5ceedcdd2e835a383389153d9264d9b81217,1273151,autoland,LastVisualChange,True,amazon-search LastVisualChange opt cold webrender,,77,ms,geckoview,False,|c|o|l|d| |w|e|b|r|e|n|d|e|r|,,4361205,13,8bad20cfa5c21f9f330712163e9ddf6ea850f908,102210fe594ee9b33d82058545b1ed14f4c8206e,android-hw-a51-11-0-aarch64-shippable-qr,amazon-search,True,,,,,,,,,,,,,,,,,,,,,,,,,,,,,,,,,,,,,,,,,,,,,,,,,,TN,,,,,,,,,,
,1726770520,2023-07-16 17:40:24,2413.5,2d64faa1590722f6ec14781ee5e175a2c875171c,1273186,autoland,LastVisualChange,True,amazon-search LastVisualChange opt cold webrender,,77,ms,geckoview,False,|c|o|l|d| |w|e|b|r|e|n|d|e|r|,,4361205,13,8bad20cfa5c21f9f330712163e9ddf6ea850f908,102210fe594ee9b33d82058545b1ed14f4c8206e,android-hw-a51-11-0-aarch64-shippable-qr,amazon-search,True,,,,,,,,,,,,,,,,,,,,,,,,,,,,,,,,,,,,,,,,,,,,,,,,,,TN,,,,,,,,,,
,1726904474,2023-07-17 10:08:58,2452.6,ef60c7cdcb76172f1caf579529cf9fb756de4dbd,1273362,autoland,LastVisualChange,True,amazon-search LastVisualChange opt cold webrender,,77,ms,geckoview,False,|c|o|l|d| |w|e|b|r|e|n|d|e|r|,,4361205,13,8bad20cfa5c21f9f330712163e9ddf6ea850f908,102210fe594ee9b33d82058545b1ed14f4c8206e,android-hw-a51-11-0-aarch64-shippable-qr,amazon-search,True,,,,,,,,,,,,,,,,,,,,,,,,,,,,,,,,,,,,,,,,,,,,,,,,,,TN,,,,,,,,,,
,1726989236,2023-07-17 14:30:30,2487.4,e90e64d1c5a944feafdb48fe3527c9aeeac00ec9,1273474,autoland,LastVisualChange,True,amazon-search LastVisualChange opt cold webrender,,77,ms,geckoview,False,|c|o|l|d| |w|e|b|r|e|n|d|e|r|,,4361205,13,8bad20cfa5c21f9f330712163e9ddf6ea850f908,102210fe594ee9b33d82058545b1ed14f4c8206e,android-hw-a51-11-0-aarch64-shippable-qr,amazon-search,True,,,,,,,,,,,,,,,,,,,,,,,,,,,,,,,,,,,,,,,,,,,,,,,,,,TN,,,,,,,,,,
,1727072880,2023-07-17 16:07:24,2973.0,01dc0385e5b93df37aef43d60cd1105523eae328,1273529,autoland,LastVisualChange,True,amazon-search LastVisualChange opt cold webrender,,77,ms,geckoview,False,|c|o|l|d| |w|e|b|r|e|n|d|e|r|,,4361205,13,8bad20cfa5c21f9f330712163e9ddf6ea850f908,102210fe594ee9b33d82058545b1ed14f4c8206e,android-hw-a51-11-0-aarch64-shippable-qr,amazon-search,True,,,,,,,,,,,,,,,,,,,,,,,,,,,,,,,,,,,,,,,,,,,,,,,,,,TN,,,,,,,,,,
,1727149008,2023-07-17 20:04:09,2412.6,f2c1249026167b30c81eff3368093a442a915826,1273673,autoland,LastVisualChange,True,amazon-search LastVisualChange opt cold webrender,,77,ms,geckoview,False,|c|o|l|d| |w|e|b|r|e|n|d|e|r|,,4361205,13,8bad20cfa5c21f9f330712163e9ddf6ea850f908,102210fe594ee9b33d82058545b1ed14f4c8206e,android-hw-a51-11-0-aarch64-shippable-qr,amazon-search,True,,,,,,,,,,,,,,,,,,,,,,,,,,,,,,,,,,,,,,,,,,,,,,,,,,TN,,,,,,,,,,
,1727217538,2023-07-17 23:40:15,2460.4,bbea40f618ed9435d7c989dcb18dc1ba34d55d4c,1273797,autoland,LastVisualChange,True,amazon-search LastVisualChange opt cold webrender,,77,ms,geckoview,False,|c|o|l|d| |w|e|b|r|e|n|d|e|r|,,4361205,13,8bad20cfa5c21f9f330712163e9ddf6ea850f908,102210fe594ee9b33d82058545b1ed14f4c8206e,android-hw-a51-11-0-aarch64-shippable-qr,amazon-search,True,,,,,,,,,,,,,,,,,,,,,,,,,,,,,,,,,,,,,,,,,,,,,,,,,,TN,,,,,,,,,,
,1727276096,2023-07-18 04:33:35,2495.0,35e42e5979dac0b99828194869d5dc00365b37fb,1273869,autoland,LastVisualChange,True,amazon-search LastVisualChange opt cold webrender,,77,ms,geckoview,False,|c|o|l|d| |w|e|b|r|e|n|d|e|r|,,4361205,13,8bad20cfa5c21f9f330712163e9ddf6ea850f908,102210fe594ee9b33d82058545b1ed14f4c8206e,android-hw-a51-11-0-aarch64-shippable-qr,amazon-search,True,,,,,,,,,,,,,,,,,,,,,,,,,,,,,,,,,,,,,,,,,,,,,,,,,,TN,,,,,,,,,,
,1727413691,2023-07-18 08:33:44,2459.0,ff623ceacdca87e37ceaa8e2d7f2072d5a7ae7fb,1273935,autoland,LastVisualChange,True,amazon-search LastVisualChange opt cold webrender,,77,ms,geckoview,False,|c|o|l|d| |w|e|b|r|e|n|d|e|r|,,4361205,13,8bad20cfa5c21f9f330712163e9ddf6ea850f908,102210fe594ee9b33d82058545b1ed14f4c8206e,android-hw-a51-11-0-aarch64-shippable-qr,amazon-search,True,,,,,,,,,,,,,,,,,,,,,,,,,,,,,,,,,,,,,,,,,,,,,,,,,,TN,,,,,,,,,,
,1727391744,2023-07-18 08:34:31,2456.3,ed8bcaa0195e582a53b92eeac99b65a9c1f06da2,1273936,autoland,LastVisualChange,True,amazon-search LastVisualChange opt cold webrender,,77,ms,geckoview,False,|c|o|l|d| |w|e|b|r|e|n|d|e|r|,,4361205,13,8bad20cfa5c21f9f330712163e9ddf6ea850f908,102210fe594ee9b33d82058545b1ed14f4c8206e,android-hw-a51-11-0-aarch64-shippable-qr,amazon-search,True,,,,,,,,,,,,,,,,,,,,,,,,,,,,,,,,,,,,,,,,,,,,,,,,,,TN,,,,,,,,,,
,1727532031,2023-07-18 13:03:29,2509.8,bcffaa369c722f4ebfa7cb8af6a3fc605e2efa10,1274068,autoland,LastVisualChange,True,amazon-search LastVisualChange opt cold webrender,,77,ms,geckoview,False,|c|o|l|d| |w|e|b|r|e|n|d|e|r|,,4361205,13,8bad20cfa5c21f9f330712163e9ddf6ea850f908,102210fe594ee9b33d82058545b1ed14f4c8206e,android-hw-a51-11-0-aarch64-shippable-qr,amazon-search,True,,,,,,,,,,,,,,,,,,,,,,,,,,,,,,,,,,,,,,,,,,,,,,,,,,TN,,,,,,,,,,
,1727597153,2023-07-18 13:45:23,4292.3,0de8fdd9abfcc9f9019857d255157b5eb799f98b,1274096,autoland,LastVisualChange,True,amazon-search LastVisualChange opt cold webrender,,77,ms,geckoview,False,|c|o|l|d| |w|e|b|r|e|n|d|e|r|,,4361205,13,8bad20cfa5c21f9f330712163e9ddf6ea850f908,102210fe594ee9b33d82058545b1ed14f4c8206e,android-hw-a51-11-0-aarch64-shippable-qr,amazon-search,True,,,,,,,,,,,,,,,,,,,,,,,,,,,,,,,,,,,,,,,,,,,,,,,,,,TN,,,,,,,,,,
,1727663699,2023-07-18 17:24:29,2993.1,9330f8cb5765b67a89ac1427300f344a63d42cdc,1274230,autoland,LastVisualChange,True,amazon-search LastVisualChange opt cold webrender,,77,ms,geckoview,False,|c|o|l|d| |w|e|b|r|e|n|d|e|r|,,4361205,13,8bad20cfa5c21f9f330712163e9ddf6ea850f908,102210fe594ee9b33d82058545b1ed14f4c8206e,android-hw-a51-11-0-aarch64-shippable-qr,amazon-search,True,,,,,,,,,,,,,,,,,,,,,,,,,,,,,,,,,,,,,,,,,,,,,,,,,,TN,,,,,,,,,,
,1727806014,2023-07-18 22:22:09,2456.0,b39dcefbe15f24fbf00da64782588b71ef8277a6,1274408,autoland,LastVisualChange,True,amazon-search LastVisualChange opt cold webrender,,77,ms,geckoview,False,|c|o|l|d| |w|e|b|r|e|n|d|e|r|,,4361205,13,8bad20cfa5c21f9f330712163e9ddf6ea850f908,102210fe594ee9b33d82058545b1ed14f4c8206e,android-hw-a51-11-0-aarch64-shippable-qr,amazon-search,True,,,,,,,,,,,,,,,,,,,,,,,,,,,,,,,,,,,,,,,,,,,,,,,,,,TN,,,,,,,,,,
,1727841451,2023-07-18 23:34:55,2471.0,a8acb9b8880c2f1c2cf5891e5a20997a21d9d909,1274454,autoland,LastVisualChange,True,amazon-search LastVisualChange opt cold webrender,,77,ms,geckoview,False,|c|o|l|d| |w|e|b|r|e|n|d|e|r|,,4361205,13,8bad20cfa5c21f9f330712163e9ddf6ea850f908,102210fe594ee9b33d82058545b1ed14f4c8206e,android-hw-a51-11-0-aarch64-shippable-qr,amazon-search,True,,,,,,,,,,,,,,,,,,,,,,,,,,,,,,,,,,,,,,,,,,,,,,,,,,TN,,,,,,,,,,
,1727960266,2023-07-19 05:12:28,2496.5,49a85b3b07e07c1158f9cb0c1f58b67fc2d659f7,1274587,autoland,LastVisualChange,True,amazon-search LastVisualChange opt cold webrender,,77,ms,geckoview,False,|c|o|l|d| |w|e|b|r|e|n|d|e|r|,,4361205,13,8bad20cfa5c21f9f330712163e9ddf6ea850f908,102210fe594ee9b33d82058545b1ed14f4c8206e,android-hw-a51-11-0-aarch64-shippable-qr,amazon-search,True,,,,,,,,,,,,,,,,,,,,,,,,,,,,,,,,,,,,,,,,,,,,,,,,,,TN,,,,,,,,,,
,1728077277,2023-07-19 08:12:16,2504.6,140d21dede36ec0333dbfd36cf0d1320eee6cba4,1274646,autoland,LastVisualChange,True,amazon-search LastVisualChange opt cold webrender,,77,ms,geckoview,False,|c|o|l|d| |w|e|b|r|e|n|d|e|r|,,4361205,13,8bad20cfa5c21f9f330712163e9ddf6ea850f908,102210fe594ee9b33d82058545b1ed14f4c8206e,android-hw-a51-11-0-aarch64-shippable-qr,amazon-search,True,,,,,,,,,,,,,,,,,,,,,,,,,,,,,,,,,,,,,,,,,,,,,,,,,,TN,,,,,,,,,,
,1728267131,2023-07-19 12:13:12,2628.3,b8d9ace4647851e162743362d884084c81a969ab,1274744,autoland,LastVisualChange,True,amazon-search LastVisualChange opt cold webrender,,77,ms,geckoview,False,|c|o|l|d| |w|e|b|r|e|n|d|e|r|,,4361205,13,8bad20cfa5c21f9f330712163e9ddf6ea850f908,102210fe594ee9b33d82058545b1ed14f4c8206e,android-hw-a51-11-0-aarch64-shippable-qr,amazon-search,True,,,,,,,,,,,,,,,,,,,,,,,,,,,,,,,,,,,,,,,,,,,,,,,,,,TN,,,,,,,,,,
,1728555740,2023-07-19 14:37:00,2702.9,c1d9936545b5ba143392d27280eb1d56af5ac580,1274851,autoland,LastVisualChange,True,amazon-search LastVisualChange opt cold webrender,,77,ms,geckoview,False,|c|o|l|d| |w|e|b|r|e|n|d|e|r|,,4361205,13,8bad20cfa5c21f9f330712163e9ddf6ea850f908,102210fe594ee9b33d82058545b1ed14f4c8206e,android-hw-a51-11-0-aarch64-shippable-qr,amazon-search,True,,,,,,,,,,,,,,,,,,,,,,,,,,,,,,,,,,,,,,,,,,,,,,,,,,TN,,,,,,,,,,
,1728569270,2023-07-19 18:46:51,2496.6,a4cb1e2b9e3d0583fb35c77b1b5a61823240d23a,1275034,autoland,LastVisualChange,True,amazon-search LastVisualChange opt cold webrender,,77,ms,geckoview,False,|c|o|l|d| |w|e|b|r|e|n|d|e|r|,,4361205,13,8bad20cfa5c21f9f330712163e9ddf6ea850f908,102210fe594ee9b33d82058545b1ed14f4c8206e,android-hw-a51-11-0-aarch64-shippable-qr,amazon-search,True,,,,,,,,,,,,,,,,,,,,,,,,,,,,,,,,,,,,,,,,,,,,,,,,,,TN,,,,,,,,,,
,1728669563,2023-07-19 22:17:04,2419.1,7d1e4a896dd81d294b7bccc7c20345d7c0432b47,1275176,autoland,LastVisualChange,True,amazon-search LastVisualChange opt cold webrender,,77,ms,geckoview,False,|c|o|l|d| |w|e|b|r|e|n|d|e|r|,,4361205,13,8bad20cfa5c21f9f330712163e9ddf6ea850f908,102210fe594ee9b33d82058545b1ed14f4c8206e,android-hw-a51-11-0-aarch64-shippable-qr,amazon-search,True,,,,,,,,,,,,,,,,,,,,,,,,,,,,,,,,,,,,,,,,,,,,,,,,,,TN,,,,,,,,,,
,1728782684,2023-07-20 03:34:20,2483.5,e73cc92e62dbaf2e2cdb70a1d9890da611a2b772,1275291,autoland,LastVisualChange,True,amazon-search LastVisualChange opt cold webrender,,77,ms,geckoview,False,|c|o|l|d| |w|e|b|r|e|n|d|e|r|,,4361205,13,8bad20cfa5c21f9f330712163e9ddf6ea850f908,102210fe594ee9b33d82058545b1ed14f4c8206e,android-hw-a51-11-0-aarch64-shippable-qr,amazon-search,True,,,,,,,,,,,,,,,,,,,,,,,,,,,,,,,,,,,,,,,,,,,,,,,,,,TN,,,,,,,,,,
,1728933459,2023-07-20 07:42:09,2450.8,9a6d93f12d75deb2d5f6662ca35347a774d7cd6f,1275344,autoland,LastVisualChange,True,amazon-search LastVisualChange opt cold webrender,,77,ms,geckoview,False,|c|o|l|d| |w|e|b|r|e|n|d|e|r|,,4361205,13,8bad20cfa5c21f9f330712163e9ddf6ea850f908,102210fe594ee9b33d82058545b1ed14f4c8206e,android-hw-a51-11-0-aarch64-shippable-qr,amazon-search,True,,,,,,,,,,,,,,,,,,,,,,,,,,,,,,,,,,,,,,,,,,,,,,,,,,TN,,,,,,,,,,
,1729030283,2023-07-20 12:22:04,2466.8,0278b86272728b17ade153f25ef5ec4442158066,1275437,autoland,LastVisualChange,True,amazon-search LastVisualChange opt cold webrender,,77,ms,geckoview,False,|c|o|l|d| |w|e|b|r|e|n|d|e|r|,,4361205,13,8bad20cfa5c21f9f330712163e9ddf6ea850f908,102210fe594ee9b33d82058545b1ed14f4c8206e,android-hw-a51-11-0-aarch64-shippable-qr,amazon-search,True,,,,,,,,,,,,,,,,,,,,,,,,,,,,,,,,,,,,,,,,,,,,,,,,,,TN,,,,,,,,,,
,1729120723,2023-07-20 15:24:57,2529.0,0bc898fe076442e9a552e9918f1b50ece1c87859,1275543,autoland,LastVisualChange,True,amazon-search LastVisualChange opt cold webrender,,77,ms,geckoview,False,|c|o|l|d| |w|e|b|r|e|n|d|e|r|,,4361205,13,8bad20cfa5c21f9f330712163e9ddf6ea850f908,102210fe594ee9b33d82058545b1ed14f4c8206e,android-hw-a51-11-0-aarch64-shippable-qr,amazon-search,True,,,,,,,,,,,,,,,,,,,,,,,,,,,,,,,,,,,,,,,,,,,,,,,,,,TN,,,,,,,,,,
,1729299037,2023-07-20 19:57:27,2492.9,1474bffb9d2bc609c90f59cdbd875d90f152f78b,1275751,autoland,LastVisualChange,True,amazon-search LastVisualChange opt cold webrender,,77,ms,geckoview,False,|c|o|l|d| |w|e|b|r|e|n|d|e|r|,,4361205,13,8bad20cfa5c21f9f330712163e9ddf6ea850f908,102210fe594ee9b33d82058545b1ed14f4c8206e,android-hw-a51-11-0-aarch64-shippable-qr,amazon-search,True,,,,,,,,,,,,,,,,,,,,,,,,,,,,,,,,,,,,,,,,,,,,,,,,,,TN,,,,,,,,,,
,1729396749,2023-07-20 23:58:39,2495.0,a81b4cfa355314c5644c5a1924408dd57a6451ba,1275867,autoland,LastVisualChange,True,amazon-search LastVisualChange opt cold webrender,,77,ms,geckoview,False,|c|o|l|d| |w|e|b|r|e|n|d|e|r|,,4361205,13,8bad20cfa5c21f9f330712163e9ddf6ea850f908,102210fe594ee9b33d82058545b1ed14f4c8206e,android-hw-a51-11-0-aarch64-shippable-qr,amazon-search,True,,,,,,,,,,,,,,,,,,,,,,,,,,,,,,,,,,,,,,,,,,,,,,,,,,TN,,,,,,,,,,
,1729616273,2023-07-21 09:50:03,2815.9,a2fe9197bad582dee22ed11cd3cec32073abcbb1,1276015,autoland,LastVisualChange,True,amazon-search LastVisualChange opt cold webrender,,77,ms,geckoview,False,|c|o|l|d| |w|e|b|r|e|n|d|e|r|,,4361205,13,8bad20cfa5c21f9f330712163e9ddf6ea850f908,102210fe594ee9b33d82058545b1ed14f4c8206e,android-hw-a51-11-0-aarch64-shippable-qr,amazon-search,True,,,,,,,,,,,,,,,,,,,,,,,,,,,,,,,,,,,,,,,,,,,,,,,,,,TN,,,,,,,,,,
,1729675719,2023-07-21 13:55:08,2490.0,9df47ce85e0472ca3ad7784cdf4c5640950ed7d9,1276152,autoland,LastVisualChange,True,amazon-search LastVisualChange opt cold webrender,,77,ms,geckoview,False,|c|o|l|d| |w|e|b|r|e|n|d|e|r|,,4361205,13,8bad20cfa5c21f9f330712163e9ddf6ea850f908,102210fe594ee9b33d82058545b1ed14f4c8206e,android-hw-a51-11-0-aarch64-shippable-qr,amazon-search,True,,,,,,,,,,,,,,,,,,,,,,,,,,,,,,,,,,,,,,,,,,,,,,,,,,TN,,,,,,,,,,
,1729786647,2023-07-21 17:11:12,2486.0,e289c1fd943bfc8c2973687da74a008f86d9e60f,1276290,autoland,LastVisualChange,True,amazon-search LastVisualChange opt cold webrender,,77,ms,geckoview,False,|c|o|l|d| |w|e|b|r|e|n|d|e|r|,,4361205,13,8bad20cfa5c21f9f330712163e9ddf6ea850f908,102210fe594ee9b33d82058545b1ed14f4c8206e,android-hw-a51-11-0-aarch64-shippable-qr,amazon-search,True,,,,,,,,,,,,,,,,,,,,,,,,,,,,,,,,,,,,,,,,,,,,,,,,,,TN,,,,,,,,,,
,1729871516,2023-07-21 21:17:12,2523.1,f13e959d38c7e8d9590bbc8d44f95149bbe180d1,1276495,autoland,LastVisualChange,True,amazon-search LastVisualChange opt cold webrender,,77,ms,geckoview,False,|c|o|l|d| |w|e|b|r|e|n|d|e|r|,,4361205,13,8bad20cfa5c21f9f330712163e9ddf6ea850f908,102210fe594ee9b33d82058545b1ed14f4c8206e,android-hw-a51-11-0-aarch64-shippable-qr,amazon-search,True,,,,,,,,,,,,,,,,,,,,,,,,,,,,,,,,,,,,,,,,,,,,,,,,,,TN,,,,,,,,,,
,1729899713,2023-07-21 22:20:56,2495.8,50344759578b6b2e1851c6a6133121c4d89b4f0d,1276531,autoland,LastVisualChange,True,amazon-search LastVisualChange opt cold webrender,,77,ms,geckoview,False,|c|o|l|d| |w|e|b|r|e|n|d|e|r|,,4361205,13,8bad20cfa5c21f9f330712163e9ddf6ea850f908,102210fe594ee9b33d82058545b1ed14f4c8206e,android-hw-a51-11-0-aarch64-shippable-qr,amazon-search,True,,,,,,,,,,,,,,,,,,,,,,,,,,,,,,,,,,,,,,,,,,,,,,,,,,TN,,,,,,,,,,
,1729962952,2023-07-22 03:42:46,2538.9,e4939251f81ca8c6a2fb9db3bbd4416e04dff97d,1276588,autoland,LastVisualChange,True,amazon-search LastVisualChange opt cold webrender,,77,ms,geckoview,False,|c|o|l|d| |w|e|b|r|e|n|d|e|r|,,4361205,13,8bad20cfa5c21f9f330712163e9ddf6ea850f908,102210fe594ee9b33d82058545b1ed14f4c8206e,android-hw-a51-11-0-aarch64-shippable-qr,amazon-search,True,,,,,,,,,,,,,,,,,,,,,,,,,,,,,,,,,,,,,,,,,,,,,,,,,,TN,,,,,,,,,,
,1730018698,2023-07-22 08:58:42,2499.3,c95ec2e13d66e06547002bd008e87bea4f94c022,1276620,autoland,LastVisualChange,True,amazon-search LastVisualChange opt cold webrender,,77,ms,geckoview,False,|c|o|l|d| |w|e|b|r|e|n|d|e|r|,,4361205,13,8bad20cfa5c21f9f330712163e9ddf6ea850f908,102210fe594ee9b33d82058545b1ed14f4c8206e,android-hw-a51-11-0-aarch64-shippable-qr,amazon-search,True,,,,,,,,,,,,,,,,,,,,,,,,,,,,,,,,,,,,,,,,,,,,,,,,,,TN,,,,,,,,,,
,1730142657,2023-07-22 14:13:52,2424.8,b16351df250c572a14efa126f7702fe104ac9fd7,1276645,autoland,LastVisualChange,True,amazon-search LastVisualChange opt cold webrender,,77,ms,geckoview,False,|c|o|l|d| |w|e|b|r|e|n|d|e|r|,,4361205,13,8bad20cfa5c21f9f330712163e9ddf6ea850f908,102210fe594ee9b33d82058545b1ed14f4c8206e,android-hw-a51-11-0-aarch64-shippable-qr,amazon-search,True,,,,,,,,,,,,,,,,,,,,,,,,,,,,,,,,,,,,,,,,,,,,,,,,,,TN,,,,,,,,,,
,1730211517,2023-07-23 02:59:53,2367.7,829bb0f62051beedfe5ba05f679d3b6c8e0d1a3b,1276677,autoland,LastVisualChange,True,amazon-search LastVisualChange opt cold webrender,,77,ms,geckoview,False,|c|o|l|d| |w|e|b|r|e|n|d|e|r|,,4361205,13,8bad20cfa5c21f9f330712163e9ddf6ea850f908,102210fe594ee9b33d82058545b1ed14f4c8206e,android-hw-a51-11-0-aarch64-shippable-qr,amazon-search,True,,,,,,,,,,,,,,,,,,,,,,,,,,,,,,,,,,,,,,,,,,,,,,,,,,TN,,,,,,,,,,
,1730272334,2023-07-23 12:16:45,2466.7,bd6c5007212e7ee9ecc312d4ef096252a9702033,1276689,autoland,LastVisualChange,True,amazon-search LastVisualChange opt cold webrender,,77,ms,geckoview,False,|c|o|l|d| |w|e|b|r|e|n|d|e|r|,,4361205,13,8bad20cfa5c21f9f330712163e9ddf6ea850f908,102210fe594ee9b33d82058545b1ed14f4c8206e,android-hw-a51-11-0-aarch64-shippable-qr,amazon-search,True,,,,,,,,,,,,,,,,,,,,,,,,,,,,,,,,,,,,,,,,,,,,,,,,,,TN,,,,,,,,,,
,1730321674,2023-07-23 17:37:04,2505.0,2fd3284df4616a8723f5b749c4652a682c7b5372,1276726,autoland,LastVisualChange,True,amazon-search LastVisualChange opt cold webrender,,77,ms,geckoview,False,|c|o|l|d| |w|e|b|r|e|n|d|e|r|,,4361205,13,8bad20cfa5c21f9f330712163e9ddf6ea850f908,102210fe594ee9b33d82058545b1ed14f4c8206e,android-hw-a51-11-0-aarch64-shippable-qr,amazon-search,True,,,,,,,,,,,,,,,,,,,,,,,,,,,,,,,,,,,,,,,,,,,,,,,,,,TN,,,,,,,,,,
,1730399601,2023-07-24 00:19:00,2543.7,7e5acc812edd3bcb93cfaf76eaab2c3fd6c4d274,1276767,autoland,LastVisualChange,True,amazon-search LastVisualChange opt cold webrender,,77,ms,geckoview,False,|c|o|l|d| |w|e|b|r|e|n|d|e|r|,,4361205,13,8bad20cfa5c21f9f330712163e9ddf6ea850f908,102210fe594ee9b33d82058545b1ed14f4c8206e,android-hw-a51-11-0-aarch64-shippable-qr,amazon-search,True,,,,,,,,,,,,,,,,,,,,,,,,,,,,,,,,,,,,,,,,,,,,,,,,,,TN,,,,,,,,,,
,1730435660,2023-07-24 03:08:06,2446.7,7b6332c9bce4487c1db3384523b5991fef31e28c,1276802,autoland,LastVisualChange,True,amazon-search LastVisualChange opt cold webrender,,77,ms,geckoview,False,|c|o|l|d| |w|e|b|r|e|n|d|e|r|,,4361205,13,8bad20cfa5c21f9f330712163e9ddf6ea850f908,102210fe594ee9b33d82058545b1ed14f4c8206e,android-hw-a51-11-0-aarch64-shippable-qr,amazon-search,True,,,,,,,,,,,,,,,,,,,,,,,,,,,,,,,,,,,,,,,,,,,,,,,,,,TN,,,,,,,,,,
,1730484796,2023-07-24 07:35:58,2385.0,91b590f6e608c6c3787304fa0010ce58519bde50,1276834,autoland,LastVisualChange,True,amazon-search LastVisualChange opt cold webrender,,77,ms,geckoview,False,|c|o|l|d| |w|e|b|r|e|n|d|e|r|,,4361205,13,8bad20cfa5c21f9f330712163e9ddf6ea850f908,102210fe594ee9b33d82058545b1ed14f4c8206e,android-hw-a51-11-0-aarch64-shippable-qr,amazon-search,True,,,,,,,,,,,,,,,,,,,,,,,,,,,,,,,,,,,,,,,,,,,,,,,,,,TN,,,,,,,,,,
,1730680394,2023-07-24 11:14:54,2541.4,b1a1263e67ce531d13e0a5e2e77c737b114e38b0,1276910,autoland,LastVisualChange,True,amazon-search LastVisualChange opt cold webrender,,77,ms,geckoview,False,|c|o|l|d| |w|e|b|r|e|n|d|e|r|,,4361205,13,8bad20cfa5c21f9f330712163e9ddf6ea850f908,102210fe594ee9b33d82058545b1ed14f4c8206e,android-hw-a51-11-0-aarch64-shippable-qr,amazon-search,True,,,,,,,,,,,,,,,,,,,,,,,,,,,,,,,,,,,,,,,,,,,,,,,,,,TN,,,,,,,,,,
,1730810471,2023-07-24 16:02:50,2887.8,2483fdffbe5e3c051a32bcf141fb33e9803c0afc,1277068,autoland,LastVisualChange,True,amazon-search LastVisualChange opt cold webrender,,77,ms,geckoview,False,|c|o|l|d| |w|e|b|r|e|n|d|e|r|,,4361205,13,8bad20cfa5c21f9f330712163e9ddf6ea850f908,102210fe594ee9b33d82058545b1ed14f4c8206e,android-hw-a51-11-0-aarch64-shippable-qr,amazon-search,True,,,,,,,,,,,,,,,,,,,,,,,,,,,,,,,,,,,,,,,,,,,,,,,,,,TN,,,,,,,,,,
,1730877310,2023-07-24 19:16:11,2514.3,f9c12557d7a4e074be3fc45027ae8ffbb8f27aaf,1277230,autoland,LastVisualChange,True,amazon-search LastVisualChange opt cold webrender,,77,ms,geckoview,False,|c|o|l|d| |w|e|b|r|e|n|d|e|r|,,4361205,13,8bad20cfa5c21f9f330712163e9ddf6ea850f908,102210fe594ee9b33d82058545b1ed14f4c8206e,android-hw-a51-11-0-aarch64-shippable-qr,amazon-search,True,,,,,,,,,,,,,,,,,,,,,,,,,,,,,,,,,,,,,,,,,,,,,,,,,,TN,,,,,,,,,,
,1730961898,2023-07-24 23:43:54,2567.3,bd745245ac70d82630be9e971b5a9077b5f514e8,1277393,autoland,LastVisualChange,True,amazon-search LastVisualChange opt cold webrender,,77,ms,geckoview,False,|c|o|l|d| |w|e|b|r|e|n|d|e|r|,,4361205,13,8bad20cfa5c21f9f330712163e9ddf6ea850f908,102210fe594ee9b33d82058545b1ed14f4c8206e,android-hw-a51-11-0-aarch64-shippable-qr,amazon-search,True,,,,,,,,,,,,,,,,,,,,,,,,,,,,,,,,,,,,,,,,,,,,,,,,,,TN,,,,,,,,,,
,1730975333,2023-07-25 00:28:34,2436.8,1084bcb2a2550fee8fad1f0be69e603b6c8d67bd,1277414,autoland,LastVisualChange,True,amazon-search LastVisualChange opt cold webrender,,77,ms,geckoview,False,|c|o|l|d| |w|e|b|r|e|n|d|e|r|,,4361205,13,8bad20cfa5c21f9f330712163e9ddf6ea850f908,102210fe594ee9b33d82058545b1ed14f4c8206e,android-hw-a51-11-0-aarch64-shippable-qr,amazon-search,True,,,,,,,,,,,,,,,,,,,,,,,,,,,,,,,,,,,,,,,,,,,,,,,,,,TN,,,,,,,,,,
,1731036803,2023-07-25 04:47:38,2510.7,862d1cf3d7a17e3dde9bda49c5561ec902bb8136,1277485,autoland,LastVisualChange,True,amazon-search LastVisualChange opt cold webrender,,77,ms,geckoview,False,|c|o|l|d| |w|e|b|r|e|n|d|e|r|,,4361205,13,8bad20cfa5c21f9f330712163e9ddf6ea850f908,102210fe594ee9b33d82058545b1ed14f4c8206e,android-hw-a51-11-0-aarch64-shippable-qr,amazon-search,True,,,,,,,,,,,,,,,,,,,,,,,,,,,,,,,,,,,,,,,,,,,,,,,,,,TN,,,,,,,,,,
,1731154048,2023-07-25 10:29:47,2529.5,45a52966f9649f4dc9b8bbb6a8e68cdcc63ee287,1277576,autoland,LastVisualChange,True,amazon-search LastVisualChange opt cold webrender,,77,ms,geckoview,False,|c|o|l|d| |w|e|b|r|e|n|d|e|r|,,4361205,13,8bad20cfa5c21f9f330712163e9ddf6ea850f908,102210fe594ee9b33d82058545b1ed14f4c8206e,android-hw-a51-11-0-aarch64-shippable-qr,amazon-search,True,,,,,,,,,,,,,,,,,,,,,,,,,,,,,,,,,,,,,,,,,,,,,,,,,,TN,,,,,,,,,,
,1731248782,2023-07-25 14:49:04,2379.2,1ae7562fa2353aa63871f769d4e0a1cdd9becf78,1277682,autoland,LastVisualChange,True,amazon-search LastVisualChange opt cold webrender,,77,ms,geckoview,False,|c|o|l|d| |w|e|b|r|e|n|d|e|r|,,4361205,13,8bad20cfa5c21f9f330712163e9ddf6ea850f908,102210fe594ee9b33d82058545b1ed14f4c8206e,android-hw-a51-11-0-aarch64-shippable-qr,amazon-search,True,,,,,,,,,,,,,,,,,,,,,,,,,,,,,,,,,,,,,,,,,,,,,,,,,,TN,,,,,,,,,,
,1731265624,2023-07-25 15:17:56,2544.1,c30662ce80ba57a0977cdeb03e776a28af4fa2fb,1277708,autoland,LastVisualChange,True,amazon-search LastVisualChange opt cold webrender,,77,ms,geckoview,False,|c|o|l|d| |w|e|b|r|e|n|d|e|r|,,4361205,13,8bad20cfa5c21f9f330712163e9ddf6ea850f908,102210fe594ee9b33d82058545b1ed14f4c8206e,android-hw-a51-11-0-aarch64-shippable-qr,amazon-search,True,,,,,,,,,,,,,,,,,,,,,,,,,,,,,,,,,,,,,,,,,,,,,,,,,,TN,,,,,,,,,,
,1731437116,2023-07-25 23:05:26,2352.3,9a2f59dbe5917068801919377341eb7c1ea2030d,1278011,autoland,LastVisualChange,True,amazon-search LastVisualChange opt cold webrender,,77,ms,geckoview,False,|c|o|l|d| |w|e|b|r|e|n|d|e|r|,,4361205,13,8bad20cfa5c21f9f330712163e9ddf6ea850f908,102210fe594ee9b33d82058545b1ed14f4c8206e,android-hw-a51-11-0-aarch64-shippable-qr,amazon-search,True,,,,,,,,,,,,,,,,,,,,,,,,,,,,,,,,,,,,,,,,,,,,,,,,,,TN,,,,,,,,,,
,1731481950,2023-07-26 02:26:30,2425.6,6a9aca2a1b89781175cdec2df700998fa9209282,1278087,autoland,LastVisualChange,True,amazon-search LastVisualChange opt cold webrender,,77,ms,geckoview,False,|c|o|l|d| |w|e|b|r|e|n|d|e|r|,,4361205,13,8bad20cfa5c21f9f330712163e9ddf6ea850f908,102210fe594ee9b33d82058545b1ed14f4c8206e,android-hw-a51-11-0-aarch64-shippable-qr,amazon-search,True,,,,,,,,,,,,,,,,,,,,,,,,,,,,,,,,,,,,,,,,,,,,,,,,,,TN,,,,,,,,,,
,1731544477,2023-07-26 06:49:07,2504.7,8470bc21f160f3c1fecb034308c203412e1fcb3c,1278154,autoland,LastVisualChange,True,amazon-search LastVisualChange opt cold webrender,,77,ms,geckoview,False,|c|o|l|d| |w|e|b|r|e|n|d|e|r|,,4361205,13,8bad20cfa5c21f9f330712163e9ddf6ea850f908,102210fe594ee9b33d82058545b1ed14f4c8206e,android-hw-a51-11-0-aarch64-shippable-qr,amazon-search,True,,,,,,,,,,,,,,,,,,,,,,,,,,,,,,,,,,,,,,,,,,,,,,,,,,TN,,,,,,,,,,
,1731586287,2023-07-26 09:35:06,2431.6,87846ae3f12d74bcc97619bea65453ce0aca0e54,1278218,autoland,LastVisualChange,True,amazon-search LastVisualChange opt cold webrender,,77,ms,geckoview,False,|c|o|l|d| |w|e|b|r|e|n|d|e|r|,,4361205,13,8bad20cfa5c21f9f330712163e9ddf6ea850f908,102210fe594ee9b33d82058545b1ed14f4c8206e,android-hw-a51-11-0-aarch64-shippable-qr,amazon-search,True,,,,,,,,,,,,,,,,,,,,,,,,,,,,,,,,,,,,,,,,,,,,,,,,,,TN,,,,,,,,,,
,1731753276,2023-07-26 15:38:17,2565.5,b65b154c05c37b796b5c0ef7cc01fd37ecfdea1c,1278401,autoland,LastVisualChange,True,amazon-search LastVisualChange opt cold webrender,,77,ms,geckoview,False,|c|o|l|d| |w|e|b|r|e|n|d|e|r|,,4361205,13,8bad20cfa5c21f9f330712163e9ddf6ea850f908,102210fe594ee9b33d82058545b1ed14f4c8206e,android-hw-a51-11-0-aarch64-shippable-qr,amazon-search,True,,,,,,,,,,,,,,,,,,,,,,,,,,,,,,,,,,,,,,,,,,,,,,,,,,TN,,,,,,,,,,
,1731822885,2023-07-26 19:06:03,2514.5,03e38eb3c09f9a7de47640e671486aa51216c461,1278523,autoland,LastVisualChange,True,amazon-search LastVisualChange opt cold webrender,,77,ms,geckoview,False,|c|o|l|d| |w|e|b|r|e|n|d|e|r|,,4361205,13,8bad20cfa5c21f9f330712163e9ddf6ea850f908,102210fe594ee9b33d82058545b1ed14f4c8206e,android-hw-a51-11-0-aarch64-shippable-qr,amazon-search,True,,,,,,,,,,,,,,,,,,,,,,,,,,,,,,,,,,,,,,,,,,,,,,,,,,TN,,,,,,,,,,
,1731891085,2023-07-26 23:24:58,2398.6,84a5d1af6f7ff3689a022412a1fbc2c6632a5f96,1278695,autoland,LastVisualChange,True,amazon-search LastVisualChange opt cold webrender,,77,ms,geckoview,False,|c|o|l|d| |w|e|b|r|e|n|d|e|r|,,4361205,13,8bad20cfa5c21f9f330712163e9ddf6ea850f908,102210fe594ee9b33d82058545b1ed14f4c8206e,android-hw-a51-11-0-aarch64-shippable-qr,amazon-search,True,,,,,,,,,,,,,,,,,,,,,,,,,,,,,,,,,,,,,,,,,,,,,,,,,,TN,,,,,,,,,,
,1731979545,2023-07-27 01:40:00,2389.6,3e5ffa17cbfe0cff1585c411714ca008dc6ae15e,1278764,autoland,LastVisualChange,True,amazon-search LastVisualChange opt cold webrender,,77,ms,geckoview,False,|c|o|l|d| |w|e|b|r|e|n|d|e|r|,,4361205,13,8bad20cfa5c21f9f330712163e9ddf6ea850f908,102210fe594ee9b33d82058545b1ed14f4c8206e,android-hw-a51-11-0-aarch64-shippable-qr,amazon-search,True,,,,,,,,,,,,,,,,,,,,,,,,,,,,,,,,,,,,,,,,,,,,,,,,,,TN,,,,,,,,,,
,1732135693,2023-07-27 11:30:20,2453.4,84800a0d7e6ed9c82449cedd7ba57c2061572292,1278928,autoland,LastVisualChange,True,amazon-search LastVisualChange opt cold webrender,,77,ms,geckoview,False,|c|o|l|d| |w|e|b|r|e|n|d|e|r|,,4361205,13,8bad20cfa5c21f9f330712163e9ddf6ea850f908,102210fe594ee9b33d82058545b1ed14f4c8206e,android-hw-a51-11-0-aarch64-shippable-qr,amazon-search,True,,,,,,,,,,,,,,,,,,,,,,,,,,,,,,,,,,,,,,,,,,,,,,,,,,TN,,,,,,,,,,
,1732269235,2023-07-27 15:18:37,2401.7,481bfcb7b2201e1eb04cebbeee74480be11095cc,1279069,autoland,LastVisualChange,True,amazon-search LastVisualChange opt cold webrender,,77,ms,geckoview,False,|c|o|l|d| |w|e|b|r|e|n|d|e|r|,,4361205,13,8bad20cfa5c21f9f330712163e9ddf6ea850f908,102210fe594ee9b33d82058545b1ed14f4c8206e,android-hw-a51-11-0-aarch64-shippable-qr,amazon-search,True,,,,,,,,,,,,,,,,,,,,,,,,,,,,,,,,,,,,,,,,,,,,,,,,,,TN,,,,,,,,,,
,1732414740,2023-07-27 19:34:25,2513.3,f50f1984cd54c49748c94ebf3f3709aa4c582ead,1279276,autoland,LastVisualChange,True,amazon-search LastVisualChange opt cold webrender,,77,ms,geckoview,False,|c|o|l|d| |w|e|b|r|e|n|d|e|r|,,4361205,13,8bad20cfa5c21f9f330712163e9ddf6ea850f908,102210fe594ee9b33d82058545b1ed14f4c8206e,android-hw-a51-11-0-aarch64-shippable-qr,amazon-search,True,,,,,,,,,,,,,,,,,,,,,,,,,,,,,,,,,,,,,,,,,,,,,,,,,,TN,,,,,,,,,,
,1732504350,2023-07-27 23:35:22,2453.3,0b367e70ac913aeec6308d2b941cff4dc929cd22,1279407,autoland,LastVisualChange,True,amazon-search LastVisualChange opt cold webrender,,77,ms,geckoview,False,|c|o|l|d| |w|e|b|r|e|n|d|e|r|,,4361205,13,8bad20cfa5c21f9f330712163e9ddf6ea850f908,102210fe594ee9b33d82058545b1ed14f4c8206e,android-hw-a51-11-0-aarch64-shippable-qr,amazon-search,True,,,,,,,,,,,,,,,,,,,,,,,,,,,,,,,,,,,,,,,,,,,,,,,,,,TN,,,,,,,,,,
,1732535606,2023-07-28 01:05:08,2362.3,36ce680ea81ccb2f123f0f6831596185e6ea4e83,1279448,autoland,LastVisualChange,True,amazon-search LastVisualChange opt cold webrender,,77,ms,geckoview,False,|c|o|l|d| |w|e|b|r|e|n|d|e|r|,,4361205,13,8bad20cfa5c21f9f330712163e9ddf6ea850f908,102210fe594ee9b33d82058545b1ed14f4c8206e,android-hw-a51-11-0-aarch64-shippable-qr,amazon-search,True,,,,,,,,,,,,,,,,,,,,,,,,,,,,,,,,,,,,,,,,,,,,,,,,,,TN,,,,,,,,,,
,1732609532,2023-07-28 05:46:55,2459.1,10692fd51184d10f78fb0eb56090f3c55827b561,1279508,autoland,LastVisualChange,True,amazon-search LastVisualChange opt cold webrender,,77,ms,geckoview,False,|c|o|l|d| |w|e|b|r|e|n|d|e|r|,,4361205,13,8bad20cfa5c21f9f330712163e9ddf6ea850f908,102210fe594ee9b33d82058545b1ed14f4c8206e,android-hw-a51-11-0-aarch64-shippable-qr,amazon-search,True,,,,,,,,,,,,,,,,,,,,,,,,,,,,,,,,,,,,,,,,,,,,,,,,,,TN,,,,,,,,,,
,1732788780,2023-07-28 11:09:37,2493.5,af33198f4756b96446ab9cb00f77cc6e2b27f314,1279609,autoland,LastVisualChange,True,amazon-search LastVisualChange opt cold webrender,,77,ms,geckoview,False,|c|o|l|d| |w|e|b|r|e|n|d|e|r|,,4361205,13,8bad20cfa5c21f9f330712163e9ddf6ea850f908,102210fe594ee9b33d82058545b1ed14f4c8206e,android-hw-a51-11-0-aarch64-shippable-qr,amazon-search,True,,,,,,,,,,,,,,,,,,,,,,,,,,,,,,,,,,,,,,,,,,,,,,,,,,TN,,,,,,,,,,
,1732856609,2023-07-28 14:46:21,2514.7,08098e30932d89da82f6e452fff88fee938088d7,1279720,autoland,LastVisualChange,True,amazon-search LastVisualChange opt cold webrender,,77,ms,geckoview,False,|c|o|l|d| |w|e|b|r|e|n|d|e|r|,,4361205,13,8bad20cfa5c21f9f330712163e9ddf6ea850f908,102210fe594ee9b33d82058545b1ed14f4c8206e,android-hw-a51-11-0-aarch64-shippable-qr,amazon-search,True,,,,,,,,,,,,,,,,,,,,,,,,,,,,,,,,,,,,,,,,,,,,,,,,,,TN,,,,,,,,,,
,1732920919,2023-07-28 18:48:27,2497.1,2f51f44f5da6afbdb8a587b03f47fcdc7b672475,1279862,autoland,LastVisualChange,True,amazon-search LastVisualChange opt cold webrender,,77,ms,geckoview,False,|c|o|l|d| |w|e|b|r|e|n|d|e|r|,,4361205,13,8bad20cfa5c21f9f330712163e9ddf6ea850f908,102210fe594ee9b33d82058545b1ed14f4c8206e,android-hw-a51-11-0-aarch64-shippable-qr,amazon-search,True,,,,,,,,,,,,,,,,,,,,,,,,,,,,,,,,,,,,,,,,,,,,,,,,,,TN,,,,,,,,,,
,1733001683,2023-07-28 22:56:39,2449.7,95255b6bb2d51d6c10d6a3471da82aeaf7512c0f,1279985,autoland,LastVisualChange,True,amazon-search LastVisualChange opt cold webrender,,77,ms,geckoview,False,|c|o|l|d| |w|e|b|r|e|n|d|e|r|,,4361205,13,8bad20cfa5c21f9f330712163e9ddf6ea850f908,102210fe594ee9b33d82058545b1ed14f4c8206e,android-hw-a51-11-0-aarch64-shippable-qr,amazon-search,True,,,,,,,,,,,,,,,,,,,,,,,,,,,,,,,,,,,,,,,,,,,,,,,,,,TN,,,,,,,,,,
,1733054458,2023-07-29 03:44:49,2478.3,1c410aed156878dc739ffdb4343c315fb0bb0a00,1280031,autoland,LastVisualChange,True,amazon-search LastVisualChange opt cold webrender,,77,ms,geckoview,False,|c|o|l|d| |w|e|b|r|e|n|d|e|r|,,4361205,13,8bad20cfa5c21f9f330712163e9ddf6ea850f908,102210fe594ee9b33d82058545b1ed14f4c8206e,android-hw-a51-11-0-aarch64-shippable-qr,amazon-search,True,,,,,,,,,,,,,,,,,,,,,,,,,,,,,,,,,,,,,,,,,,,,,,,,,,TN,,,,,,,,,,
,1733111349,2023-07-29 09:43:33,2454.0,5f1e1cd609f68ff20fbea6b02e5a3444f7dd303d,1280059,autoland,LastVisualChange,True,amazon-search LastVisualChange opt cold webrender,,77,ms,geckoview,False,|c|o|l|d| |w|e|b|r|e|n|d|e|r|,,4361205,13,8bad20cfa5c21f9f330712163e9ddf6ea850f908,102210fe594ee9b33d82058545b1ed14f4c8206e,android-hw-a51-11-0-aarch64-shippable-qr,amazon-search,True,,,,,,,,,,,,,,,,,,,,,,,,,,,,,,,,,,,,,,,,,,,,,,,,,,TN,,,,,,,,,,
,1733194293,2023-07-30 01:23:54,2428.4,9a9597eb50561ea739c8a26da45dcbad6557a326,1280105,autoland,LastVisualChange,True,amazon-search LastVisualChange opt cold webrender,,77,ms,geckoview,False,|c|o|l|d| |w|e|b|r|e|n|d|e|r|,,4361205,13,8bad20cfa5c21f9f330712163e9ddf6ea850f908,102210fe594ee9b33d82058545b1ed14f4c8206e,android-hw-a51-11-0-aarch64-shippable-qr,amazon-search,True,,,,,,,,,,,,,,,,,,,,,,,,,,,,,,,,,,,,,,,,,,,,,,,,,,TN,,,,,,,,,,
,1733272938,2023-07-30 13:52:06,2466.7,ce5b2b0d4bc01294b78eeb50a7738e0b5755b3a4,1280125,autoland,LastVisualChange,True,amazon-search LastVisualChange opt cold webrender,,77,ms,geckoview,False,|c|o|l|d| |w|e|b|r|e|n|d|e|r|,,4361205,13,8bad20cfa5c21f9f330712163e9ddf6ea850f908,102210fe594ee9b33d82058545b1ed14f4c8206e,android-hw-a51-11-0-aarch64-shippable-qr,amazon-search,True,,,,,,,,,,,,,,,,,,,,,,,,,,,,,,,,,,,,,,,,,,,,,,,,,,TN,,,,,,,,,,
,1733347732,2023-07-31 04:52:45,2481.6,91dd0dbb8e738b29e6f14bdbaaf28f2b1f531b2b,1280185,autoland,LastVisualChange,True,amazon-search LastVisualChange opt cold webrender,,77,ms,geckoview,False,|c|o|l|d| |w|e|b|r|e|n|d|e|r|,,4361205,13,8bad20cfa5c21f9f330712163e9ddf6ea850f908,102210fe594ee9b33d82058545b1ed14f4c8206e,android-hw-a51-11-0-aarch64-shippable-qr,amazon-search,True,,,,,,,,,,,,,,,,,,,,,,,,,,,,,,,,,,,,,,,,,,,,,,,,,,TN,,,,,,,,,,
,1733473553,2023-07-31 09:26:34,2633.7,2b4f8ad0cecd1e9ce287bf572fd28b8b94d91717,1280244,autoland,LastVisualChange,True,amazon-search LastVisualChange opt cold webrender,,77,ms,geckoview,False,|c|o|l|d| |w|e|b|r|e|n|d|e|r|,,4361205,13,8bad20cfa5c21f9f330712163e9ddf6ea850f908,102210fe594ee9b33d82058545b1ed14f4c8206e,android-hw-a51-11-0-aarch64-shippable-qr,amazon-search,True,,,,,,,,,,,,,,,,,,,,,,,,,,,,,,,,,,,,,,,,,,,,,,,,,,TN,,,,,,,,,,
,1733481864,2023-07-31 10:39:42,2464.8,805b1cd5321098059e548eed4aa9db6f43cd833e,1280276,autoland,LastVisualChange,True,amazon-search LastVisualChange opt cold webrender,,77,ms,geckoview,False,|c|o|l|d| |w|e|b|r|e|n|d|e|r|,,4361205,13,8bad20cfa5c21f9f330712163e9ddf6ea850f908,102210fe594ee9b33d82058545b1ed14f4c8206e,android-hw-a51-11-0-aarch64-shippable-qr,amazon-search,True,,,,,,,,,,,,,,,,,,,,,,,,,,,,,,,,,,,,,,,,,,,,,,,,,,TN,,,,,,,,,,
,1733638139,2023-07-31 14:45:15,2458.0,7cad7000bc1c51f14ca241ac2aa08ac299612b8c,1280380,autoland,LastVisualChange,True,amazon-search LastVisualChange opt cold webrender,,77,ms,geckoview,False,|c|o|l|d| |w|e|b|r|e|n|d|e|r|,,4361205,13,8bad20cfa5c21f9f330712163e9ddf6ea850f908,102210fe594ee9b33d82058545b1ed14f4c8206e,android-hw-a51-11-0-aarch64-shippable-qr,amazon-search,True,,,,,,,,,,,,,,,,,,,,,,,,,,,,,,,,,,,,,,,,,,,,,,,,,,TN,,,,,,,,,,
,1733658575,2023-07-31 16:08:26,2493.4,0a238650aa096b0da883226d02d11fc5178541f3,1280438,autoland,LastVisualChange,True,amazon-search LastVisualChange opt cold webrender,,77,ms,geckoview,False,|c|o|l|d| |w|e|b|r|e|n|d|e|r|,,4361205,13,8bad20cfa5c21f9f330712163e9ddf6ea850f908,102210fe594ee9b33d82058545b1ed14f4c8206e,android-hw-a51-11-0-aarch64-shippable-qr,amazon-search,True,,,,,,,,,,,,,,,,,,,,,,,,,,,,,,,,,,,,,,,,,,,,,,,,,,TN,,,,,,,,,,
,1733728137,2023-07-31 21:31:29,2516.2,2d698aca1dece26df297dd085dbde9216e3b2e66,1280612,autoland,LastVisualChange,True,amazon-search LastVisualChange opt cold webrender,,77,ms,geckoview,False,|c|o|l|d| |w|e|b|r|e|n|d|e|r|,,4361205,13,8bad20cfa5c21f9f330712163e9ddf6ea850f908,102210fe594ee9b33d82058545b1ed14f4c8206e,android-hw-a51-11-0-aarch64-shippable-qr,amazon-search,True,,,,,,,,,,,,,,,,,,,,,,,,,,,,,,,,,,,,,,,,,,,,,,,,,,TN,,,,,,,,,,
,1733778413,2023-07-31 21:34:42,2452.3,28250de453513da3369c412cbce0f35b97146bec,1280618,autoland,LastVisualChange,True,amazon-search LastVisualChange opt cold webrender,,77,ms,geckoview,False,|c|o|l|d| |w|e|b|r|e|n|d|e|r|,,4361205,13,8bad20cfa5c21f9f330712163e9ddf6ea850f908,102210fe594ee9b33d82058545b1ed14f4c8206e,android-hw-a51-11-0-aarch64-shippable-qr,amazon-search,True,,,,,,,,,,,,,,,,,,,,,,,,,,,,,,,,,,,,,,,,,,,,,,,,,,TN,,,,,,,,,,
,1733797938,2023-07-31 23:41:21,2562.1,195161a06a7a71dbce0ee5e8ddb8c84f3cb03df7,1280694,autoland,LastVisualChange,True,amazon-search LastVisualChange opt cold webrender,,77,ms,geckoview,False,|c|o|l|d| |w|e|b|r|e|n|d|e|r|,,4361205,13,8bad20cfa5c21f9f330712163e9ddf6ea850f908,102210fe594ee9b33d82058545b1ed14f4c8206e,android-hw-a51-11-0-aarch64-shippable-qr,amazon-search,True,,,,,,,,,,,,,,,,,,,,,,,,,,,,,,,,,,,,,,,,,,,,,,,,,,TN,,,,,,,,,,
,1733912255,2023-08-01 03:53:20,2431.5,ca66ac527c958bd3f26f8c86f291fa85de21ec56,1280753,autoland,LastVisualChange,True,amazon-search LastVisualChange opt cold webrender,,77,ms,geckoview,False,|c|o|l|d| |w|e|b|r|e|n|d|e|r|,,4361205,13,8bad20cfa5c21f9f330712163e9ddf6ea850f908,102210fe594ee9b33d82058545b1ed14f4c8206e,android-hw-a51-11-0-aarch64-shippable-qr,amazon-search,True,,,,,,,,,,,,,,,,,,,,,,,,,,,,,,,,,,,,,,,,,,,,,,,,,,TN,,,,,,,,,,
,1733932199,2023-08-01 04:02:13,2428.5,d5ecff066adaf3a4029a970db93a9f23f1ed2587,1280758,autoland,LastVisualChange,True,amazon-search LastVisualChange opt cold webrender,,77,ms,geckoview,False,|c|o|l|d| |w|e|b|r|e|n|d|e|r|,,4361205,13,8bad20cfa5c21f9f330712163e9ddf6ea850f908,102210fe594ee9b33d82058545b1ed14f4c8206e,android-hw-a51-11-0-aarch64-shippable-qr,amazon-search,True,,,,,,,,,,,,,,,,,,,,,,,,,,,,,,,,,,,,,,,,,,,,,,,,,,TN,,,,,,,,,,
,1733992132,2023-08-01 08:15:56,2450.1,5201d6f4a7e8740bd42f08295800c15e0e18cd7e,1280812,autoland,LastVisualChange,True,amazon-search LastVisualChange opt cold webrender,,77,ms,geckoview,False,|c|o|l|d| |w|e|b|r|e|n|d|e|r|,,4361205,13,8bad20cfa5c21f9f330712163e9ddf6ea850f908,102210fe594ee9b33d82058545b1ed14f4c8206e,android-hw-a51-11-0-aarch64-shippable-qr,amazon-search,True,,,,,,,,,,,,,,,,,,,,,,,,,,,,,,,,,,,,,,,,,,,,,,,,,,TN,,,,,,,,,,
,1733999110,2023-08-01 08:24:47,2466.7,b83cfea645752706c643567095d49b349cb9e610,1280822,autoland,LastVisualChange,True,amazon-search LastVisualChange opt cold webrender,,77,ms,geckoview,False,|c|o|l|d| |w|e|b|r|e|n|d|e|r|,,4361205,13,8bad20cfa5c21f9f330712163e9ddf6ea850f908,102210fe594ee9b33d82058545b1ed14f4c8206e,android-hw-a51-11-0-aarch64-shippable-qr,amazon-search,True,,,,,,,,,,,,,,,,,,,,,,,,,,,,,,,,,,,,,,,,,,,,,,,,,,TN,,,,,,,,,,
,1734089083,2023-08-01 12:32:45,2549.3,90b19e0d07e5d2cd137f135b860f0357df90e338,1280938,autoland,LastVisualChange,True,amazon-search LastVisualChange opt cold webrender,,77,ms,geckoview,False,|c|o|l|d| |w|e|b|r|e|n|d|e|r|,,4361205,13,8bad20cfa5c21f9f330712163e9ddf6ea850f908,102210fe594ee9b33d82058545b1ed14f4c8206e,android-hw-a51-11-0-aarch64-shippable-qr,amazon-search,True,,,,,,,,,,,,,,,,,,,,,,,,,,,,,,,,,,,,,,,,,,,,,,,,,,TN,,,,,,,,,,
,1734109605,2023-08-01 12:49:44,2452.2,61356e1447e3bb09709883f8b5806a201d39c5a4,1280953,autoland,LastVisualChange,True,amazon-search LastVisualChange opt cold webrender,,77,ms,geckoview,False,|c|o|l|d| |w|e|b|r|e|n|d|e|r|,,4361205,13,8bad20cfa5c21f9f330712163e9ddf6ea850f908,102210fe594ee9b33d82058545b1ed14f4c8206e,android-hw-a51-11-0-aarch64-shippable-qr,amazon-search,True,,,,,,,,,,,,,,,,,,,,,,,,,,,,,,,,,,,,,,,,,,,,,,,,,,TN,,,,,,,,,,
,1734153783,2023-08-01 15:48:38,2495.3,ea7df1f8976b5cdf0d7ddbc918c38d7fffcee983,1281058,autoland,LastVisualChange,True,amazon-search LastVisualChange opt cold webrender,,77,ms,geckoview,False,|c|o|l|d| |w|e|b|r|e|n|d|e|r|,,4361205,13,8bad20cfa5c21f9f330712163e9ddf6ea850f908,102210fe594ee9b33d82058545b1ed14f4c8206e,android-hw-a51-11-0-aarch64-shippable-qr,amazon-search,True,,,,,,,,,,,,,,,,,,,,,,,,,,,,,,,,,,,,,,,,,,,,,,,,,,TN,,,,,,,,,,
,1734318439,2023-08-01 20:02:17,2497.2,fd6f3d21ce3f450906d293c067fdadc62ea991a6,1281212,autoland,LastVisualChange,True,amazon-search LastVisualChange opt cold webrender,,77,ms,geckoview,False,|c|o|l|d| |w|e|b|r|e|n|d|e|r|,,4361205,13,8bad20cfa5c21f9f330712163e9ddf6ea850f908,102210fe594ee9b33d82058545b1ed14f4c8206e,android-hw-a51-11-0-aarch64-shippable-qr,amazon-search,True,,,,,,,,,,,,,,,,,,,,,,,,,,,,,,,,,,,,,,,,,,,,,,,,,,TN,,,,,,,,,,
,1734383373,2023-08-02 00:13:38,2381.7,323a980eddb18489b9d7de1ffeff427026574b4c,1281337,autoland,LastVisualChange,True,amazon-search LastVisualChange opt cold webrender,,77,ms,geckoview,False,|c|o|l|d| |w|e|b|r|e|n|d|e|r|,,4361205,13,8bad20cfa5c21f9f330712163e9ddf6ea850f908,102210fe594ee9b33d82058545b1ed14f4c8206e,android-hw-a51-11-0-aarch64-shippable-qr,amazon-search,True,,,,,,,,,,,,,,,,,,,,,,,,,,,,,,,,,,,,,,,,,,,,,,,,,,TN,,,,,,,,,,
,1734500095,2023-08-02 06:07:22,2437.2,7ee1dad073d03db2f730fd5c2baf77f37e458feb,1281414,autoland,LastVisualChange,True,amazon-search LastVisualChange opt cold webrender,,77,ms,geckoview,False,|c|o|l|d| |w|e|b|r|e|n|d|e|r|,,4361205,13,8bad20cfa5c21f9f330712163e9ddf6ea850f908,102210fe594ee9b33d82058545b1ed14f4c8206e,android-hw-a51-11-0-aarch64-shippable-qr,amazon-search,True,,,,,,,,,,,,,,,,,,,,,,,,,,,,,,,,,,,,,,,,,,,,,,,,,,TN,,,,,,,,,,
,1734483029,2023-08-02 06:35:09,2492.8,a8968f9e8cf0bba14f132004f11b34a8abb93165,1281421,autoland,LastVisualChange,True,amazon-search LastVisualChange opt cold webrender,,77,ms,geckoview,False,|c|o|l|d| |w|e|b|r|e|n|d|e|r|,,4361205,13,8bad20cfa5c21f9f330712163e9ddf6ea850f908,102210fe594ee9b33d82058545b1ed14f4c8206e,android-hw-a51-11-0-aarch64-shippable-qr,amazon-search,True,,,,,,,,,,,,,,,,,,,,,,,,,,,,,,,,,,,,,,,,,,,,,,,,,,TN,,,,,,,,,,
,1734622666,2023-08-02 10:39:12,2408.5,338c2c8d91af0f92fa1a7a3b5fb1830adb54b373,1281520,autoland,LastVisualChange,True,amazon-search LastVisualChange opt cold webrender,,77,ms,geckoview,False,|c|o|l|d| |w|e|b|r|e|n|d|e|r|,,4361205,13,8bad20cfa5c21f9f330712163e9ddf6ea850f908,102210fe594ee9b33d82058545b1ed14f4c8206e,android-hw-a51-11-0-aarch64-shippable-qr,amazon-search,True,,,,,,,,,,,,,,,,,,,,,,,,,,,,,,,,,,,,,,,,,,,,,,,,,,TN,,,,,,,,,,
,1734636751,2023-08-02 12:59:29,2510.3,b21c8906db6d0a7e0fbae7e609d90da9cf977fbb,1281568,autoland,LastVisualChange,True,amazon-search LastVisualChange opt cold webrender,,77,ms,geckoview,False,|c|o|l|d| |w|e|b|r|e|n|d|e|r|,,4361205,13,8bad20cfa5c21f9f330712163e9ddf6ea850f908,102210fe594ee9b33d82058545b1ed14f4c8206e,android-hw-a51-11-0-aarch64-shippable-qr,amazon-search,True,,,,,,,,,,,,,,,,,,,,,,,,,,,,,,,,,,,,,,,,,,,,,,,,,,TN,,,,,,,,,,
,1734760665,2023-08-02 16:29:38,2492.1,90ca26ab8ee142d08164d3ed9761aa023bc4e2aa,1281697,autoland,LastVisualChange,True,amazon-search LastVisualChange opt cold webrender,,77,ms,geckoview,False,|c|o|l|d| |w|e|b|r|e|n|d|e|r|,,4361205,13,8bad20cfa5c21f9f330712163e9ddf6ea850f908,102210fe594ee9b33d82058545b1ed14f4c8206e,android-hw-a51-11-0-aarch64-shippable-qr,amazon-search,True,,,,,,,,,,,,,,,,,,,,,,,,,,,,,,,,,,,,,,,,,,,,,,,,,,TN,,,,,,,,,,
,1735012830,2023-08-03 00:54:50,2504.8,9836af94c959ecca4666d7f0c19125b41969ff65,1282044,autoland,LastVisualChange,True,amazon-search LastVisualChange opt cold webrender,,77,ms,geckoview,False,|c|o|l|d| |w|e|b|r|e|n|d|e|r|,,4361205,13,8bad20cfa5c21f9f330712163e9ddf6ea850f908,102210fe594ee9b33d82058545b1ed14f4c8206e,android-hw-a51-11-0-aarch64-shippable-qr,amazon-search,True,,,,,,,,,,,,,,,,,,,,,,,,,,,,,,,,,,,,,,,,,,,,,,,,,,TN,,,,,,,,,,
,1735041044,2023-08-03 00:55:51,2557.2,c37e853eb755f0f4110f01509516da8c93baf284,1282045,autoland,LastVisualChange,True,amazon-search LastVisualChange opt cold webrender,,77,ms,geckoview,False,|c|o|l|d| |w|e|b|r|e|n|d|e|r|,,4361205,13,8bad20cfa5c21f9f330712163e9ddf6ea850f908,102210fe594ee9b33d82058545b1ed14f4c8206e,android-hw-a51-11-0-aarch64-shippable-qr,amazon-search,True,,,,,,,,,,,,,,,,,,,,,,,,,,,,,,,,,,,,,,,,,,,,,,,,,,TN,,,,,,,,,,
,1735136505,2023-08-03 05:32:27,2494.1,1eb2f6905e74aa982d6b71bec524ccfde726bb7b,1282117,autoland,LastVisualChange,True,amazon-search LastVisualChange opt cold webrender,,77,ms,geckoview,False,|c|o|l|d| |w|e|b|r|e|n|d|e|r|,,4361205,13,8bad20cfa5c21f9f330712163e9ddf6ea850f908,102210fe594ee9b33d82058545b1ed14f4c8206e,android-hw-a51-11-0-aarch64-shippable-qr,amazon-search,True,,,,,,,,,,,,,,,,,,,,,,,,,,,,,,,,,,,,,,,,,,,,,,,,,,TN,,,,,,,,,,
,1735209208,2023-08-03 09:35:33,2464.7,6f55c55c40c70eff3b82d3129f516257598ea115,1282197,autoland,LastVisualChange,True,amazon-search LastVisualChange opt cold webrender,,77,ms,geckoview,False,|c|o|l|d| |w|e|b|r|e|n|d|e|r|,,4361205,13,8bad20cfa5c21f9f330712163e9ddf6ea850f908,102210fe594ee9b33d82058545b1ed14f4c8206e,android-hw-a51-11-0-aarch64-shippable-qr,amazon-search,True,,,,,,,,,,,,,,,,,,,,,,,,,,,,,,,,,,,,,,,,,,,,,,,,,,TN,,,,,,,,,,
,1735271220,2023-08-03 11:38:24,2406.4,9a8ae552959ec73c3546151f30d131552d64bce0,1282235,autoland,LastVisualChange,True,amazon-search LastVisualChange opt cold webrender,,77,ms,geckoview,False,|c|o|l|d| |w|e|b|r|e|n|d|e|r|,,4361205,13,8bad20cfa5c21f9f330712163e9ddf6ea850f908,102210fe594ee9b33d82058545b1ed14f4c8206e,android-hw-a51-11-0-aarch64-shippable-qr,amazon-search,True,,,,,,,,,,,,,,,,,,,,,,,,,,,,,,,,,,,,,,,,,,,,,,,,,,TN,,,,,,,,,,
,1735459142,2023-08-03 15:46:38,2495.1,b801323d1ecc3535a192916c7cb0575710458777,1282361,autoland,LastVisualChange,True,amazon-search LastVisualChange opt cold webrender,,77,ms,geckoview,False,|c|o|l|d| |w|e|b|r|e|n|d|e|r|,,4361205,13,8bad20cfa5c21f9f330712163e9ddf6ea850f908,102210fe594ee9b33d82058545b1ed14f4c8206e,android-hw-a51-11-0-aarch64-shippable-qr,amazon-search,True,,,,,,,,,,,,,,,,,,,,,,,,,,,,,,,,,,,,,,,,,,,,,,,,,,TN,,,,,,,,,,
,1735481706,2023-08-03 16:00:50,2620.4,58d067f89f59472dc1a89d573ccebb4850863efa,1282374,autoland,LastVisualChange,True,amazon-search LastVisualChange opt cold webrender,,77,ms,geckoview,False,|c|o|l|d| |w|e|b|r|e|n|d|e|r|,,4361205,13,8bad20cfa5c21f9f330712163e9ddf6ea850f908,102210fe594ee9b33d82058545b1ed14f4c8206e,android-hw-a51-11-0-aarch64-shippable-qr,amazon-search,True,,,,,,,,,,,,,,,,,,,,,,,,,,,,,,,,,,,,,,,,,,,,,,,,,,TN,,,,,,,,,,
,1735535999,2023-08-03 19:10:36,2472.1,8527a2500a35867e4319772e3be1f2756dfcfced,1282500,autoland,LastVisualChange,True,amazon-search LastVisualChange opt cold webrender,,77,ms,geckoview,False,|c|o|l|d| |w|e|b|r|e|n|d|e|r|,,4361205,13,8bad20cfa5c21f9f330712163e9ddf6ea850f908,102210fe594ee9b33d82058545b1ed14f4c8206e,android-hw-a51-11-0-aarch64-shippable-qr,amazon-search,True,,,,,,,,,,,,,,,,,,,,,,,,,,,,,,,,,,,,,,,,,,,,,,,,,,TN,,,,,,,,,,
,1735640786,2023-08-03 22:02:40,2540.5,3922ccc760667154aea7a174114abfacb17fe35e,1282606,autoland,LastVisualChange,True,amazon-search LastVisualChange opt cold webrender,,77,ms,geckoview,False,|c|o|l|d| |w|e|b|r|e|n|d|e|r|,,4361205,13,8bad20cfa5c21f9f330712163e9ddf6ea850f908,102210fe594ee9b33d82058545b1ed14f4c8206e,android-hw-a51-11-0-aarch64-shippable-qr,amazon-search,True,,,,,,,,,,,,,,,,,,,,,,,,,,,,,,,,,,,,,,,,,,,,,,,,,,TN,,,,,,,,,,
,1735716861,2023-08-04 02:28:33,2370.6,2b60f9868271a131fa342332b78f3968159fa46e,1282715,autoland,LastVisualChange,True,amazon-search LastVisualChange opt cold webrender,,77,ms,geckoview,False,|c|o|l|d| |w|e|b|r|e|n|d|e|r|,,4361205,13,8bad20cfa5c21f9f330712163e9ddf6ea850f908,102210fe594ee9b33d82058545b1ed14f4c8206e,android-hw-a51-11-0-aarch64-shippable-qr,amazon-search,True,,,,,,,,,,,,,,,,,,,,,,,,,,,,,,,,,,,,,,,,,,,,,,,,,,TN,,,,,,,,,,
,1735818966,2023-08-04 06:28:57,2376.3,94da8bb07baea6212776a4b3ddcebff2c08eab98,1282781,autoland,LastVisualChange,True,amazon-search LastVisualChange opt cold webrender,,77,ms,geckoview,False,|c|o|l|d| |w|e|b|r|e|n|d|e|r|,,4361205,13,8bad20cfa5c21f9f330712163e9ddf6ea850f908,102210fe594ee9b33d82058545b1ed14f4c8206e,android-hw-a51-11-0-aarch64-shippable-qr,amazon-search,True,,,,,,,,,,,,,,,,,,,,,,,,,,,,,,,,,,,,,,,,,,,,,,,,,,TN,,,,,,,,,,
,1735967250,2023-08-04 13:05:51,2466.7,3a8e173a97d02ae7b0aa11e9ca6f35b1fe8fa926,1282936,autoland,LastVisualChange,True,amazon-search LastVisualChange opt cold webrender,,77,ms,geckoview,False,|c|o|l|d| |w|e|b|r|e|n|d|e|r|,,4361205,13,8bad20cfa5c21f9f330712163e9ddf6ea850f908,102210fe594ee9b33d82058545b1ed14f4c8206e,android-hw-a51-11-0-aarch64-shippable-qr,amazon-search,True,,,,,,,,,,,,,,,,,,,,,,,,,,,,,,,,,,,,,,,,,,,,,,,,,,TN,,,,,,,,,,
,1736113595,2023-08-04 14:26:38,2520.3,8b506ab414513f3320eb7747254e94b37808bb75,1282995,autoland,LastVisualChange,True,amazon-search LastVisualChange opt cold webrender,,77,ms,geckoview,False,|c|o|l|d| |w|e|b|r|e|n|d|e|r|,,4361205,13,8bad20cfa5c21f9f330712163e9ddf6ea850f908,102210fe594ee9b33d82058545b1ed14f4c8206e,android-hw-a51-11-0-aarch64-shippable-qr,amazon-search,True,,,,,,,,,,,,,,,,,,,,,,,,,,,,,,,,,,,,,,,,,,,,,,,,,,TN,,,,,,,,,,
,1736140966,2023-08-04 17:20:09,2610.0,e8c6dc4a318cb8af6210801b4271ea32ee9f324a,1283108,autoland,LastVisualChange,True,amazon-search LastVisualChange opt cold webrender,,77,ms,geckoview,False,|c|o|l|d| |w|e|b|r|e|n|d|e|r|,,4361205,13,8bad20cfa5c21f9f330712163e9ddf6ea850f908,102210fe594ee9b33d82058545b1ed14f4c8206e,android-hw-a51-11-0-aarch64-shippable-qr,amazon-search,True,,,,,,,,,,,,,,,,,,,,,,,,,,,,,,,,,,,,,,,,,,,,,,,,,,TN,,,,,,,,,,
,1736255896,2023-08-04 21:22:40,2493.5,de6dcf5a4c0eec5ef6847cde00ec5da4fcee2e8c,1283226,autoland,LastVisualChange,True,amazon-search LastVisualChange opt cold webrender,,77,ms,geckoview,False,|c|o|l|d| |w|e|b|r|e|n|d|e|r|,,4361205,13,8bad20cfa5c21f9f330712163e9ddf6ea850f908,102210fe594ee9b33d82058545b1ed14f4c8206e,android-hw-a51-11-0-aarch64-shippable-qr,amazon-search,True,,,,,,,,,,,,,,,,,,,,,,,,,,,,,,,,,,,,,,,,,,,,,,,,,,TN,,,,,,,,,,
,1736306906,2023-08-04 23:16:08,2466.2,421628bd5a5c1cf8c64cb86994b1e6dc738abb49,1283269,autoland,LastVisualChange,True,amazon-search LastVisualChange opt cold webrender,,77,ms,geckoview,False,|c|o|l|d| |w|e|b|r|e|n|d|e|r|,,4361205,13,8bad20cfa5c21f9f330712163e9ddf6ea850f908,102210fe594ee9b33d82058545b1ed14f4c8206e,android-hw-a51-11-0-aarch64-shippable-qr,amazon-search,True,,,,,,,,,,,,,,,,,,,,,,,,,,,,,,,,,,,,,,,,,,,,,,,,,,TN,,,,,,,,,,
,1736478698,2023-08-05 11:44:34,2973.7,9e73058ab4aadee7e12b26a9be296b2bbc04cf74,1283328,autoland,LastVisualChange,True,amazon-search LastVisualChange opt cold webrender,,77,ms,geckoview,False,|c|o|l|d| |w|e|b|r|e|n|d|e|r|,,4361205,13,8bad20cfa5c21f9f330712163e9ddf6ea850f908,102210fe594ee9b33d82058545b1ed14f4c8206e,android-hw-a51-11-0-aarch64-shippable-qr,amazon-search,True,,,,,,,,,,,,,,,,,,,,,,,,,,,,,,,,,,,,,,,,,,,,,,,,,,TN,,,,,,,,,,
,1736498541,2023-08-05 16:15:02,2474.1,b0538d39e8c853c9e07b359df9c740d5175e7077,1283346,autoland,LastVisualChange,True,amazon-search LastVisualChange opt cold webrender,,77,ms,geckoview,False,|c|o|l|d| |w|e|b|r|e|n|d|e|r|,,4361205,13,8bad20cfa5c21f9f330712163e9ddf6ea850f908,102210fe594ee9b33d82058545b1ed14f4c8206e,android-hw-a51-11-0-aarch64-shippable-qr,amazon-search,True,,,,,,,,,,,,,,,,,,,,,,,,,,,,,,,,,,,,,,,,,,,,,,,,,,TN,,,,,,,,,,
,1736619620,2023-08-06 23:55:51,2488.6,a777f43c4d9cabe80f2fc3aea6bf95c7e3e9c4c1,1283445,autoland,LastVisualChange,True,amazon-search LastVisualChange opt cold webrender,,77,ms,geckoview,False,|c|o|l|d| |w|e|b|r|e|n|d|e|r|,,4361205,13,8bad20cfa5c21f9f330712163e9ddf6ea850f908,102210fe594ee9b33d82058545b1ed14f4c8206e,android-hw-a51-11-0-aarch64-shippable-qr,amazon-search,True,,,,,,,,,,,,,,,,,,,,,,,,,,,,,,,,,,,,,,,,,,,,,,,,,,TN,,,,,,,,,,
,1736653113,2023-08-07 02:09:17,2500.7,a86a27857ef685b0547d023a29fb8c8bb3f8fc1d,1283462,autoland,LastVisualChange,True,amazon-search LastVisualChange opt cold webrender,,77,ms,geckoview,False,|c|o|l|d| |w|e|b|r|e|n|d|e|r|,,4361205,13,8bad20cfa5c21f9f330712163e9ddf6ea850f908,102210fe594ee9b33d82058545b1ed14f4c8206e,android-hw-a51-11-0-aarch64-shippable-qr,amazon-search,True,,,,,,,,,,,,,,,,,,,,,,,,,,,,,,,,,,,,,,,,,,,,,,,,,,TN,,,,,,,,,,
,1736718606,2023-08-07 06:19:47,2400.3,6d877fdb9a1e892fe6528a26aab81b53cfae55c5,1283519,autoland,LastVisualChange,True,amazon-search LastVisualChange opt cold webrender,,77,ms,geckoview,False,|c|o|l|d| |w|e|b|r|e|n|d|e|r|,,4361205,13,8bad20cfa5c21f9f330712163e9ddf6ea850f908,102210fe594ee9b33d82058545b1ed14f4c8206e,android-hw-a51-11-0-aarch64-shippable-qr,amazon-search,True,,,,,,,,,,,,,,,,,,,,,,,,,,,,,,,,,,,,,,,,,,,,,,,,,,TN,,,,,,,,,,
,1736841074,2023-08-07 09:17:55,2368.1,2f07664dbc304adeae1029ead0f4ab014aaa02a8,1283581,autoland,LastVisualChange,True,amazon-search LastVisualChange opt cold webrender,,77,ms,geckoview,False,|c|o|l|d| |w|e|b|r|e|n|d|e|r|,,4361205,13,8bad20cfa5c21f9f330712163e9ddf6ea850f908,102210fe594ee9b33d82058545b1ed14f4c8206e,android-hw-a51-11-0-aarch64-shippable-qr,amazon-search,True,,,,,,,,,,,,,,,,,,,,,,,,,,,,,,,,,,,,,,,,,,,,,,,,,,TN,,,,,,,,,,
,1736879144,2023-08-07 13:44:02,2461.0,d59d0a5038b29cdbcbb2d4b003d642a2617e297f,1283713,autoland,LastVisualChange,True,amazon-search LastVisualChange opt cold webrender,,77,ms,geckoview,False,|c|o|l|d| |w|e|b|r|e|n|d|e|r|,,4361205,13,8bad20cfa5c21f9f330712163e9ddf6ea850f908,102210fe594ee9b33d82058545b1ed14f4c8206e,android-hw-a51-11-0-aarch64-shippable-qr,amazon-search,True,,,,,,,,,,,,,,,,,,,,,,,,,,,,,,,,,,,,,,,,,,,,,,,,,,TN,,,,,,,,,,
,1736963482,2023-08-07 16:46:35,2464.3,969534e114528550edbcaf30931bc5e255ac2475,1283815,autoland,LastVisualChange,True,amazon-search LastVisualChange opt cold webrender,,77,ms,geckoview,False,|c|o|l|d| |w|e|b|r|e|n|d|e|r|,,4361205,13,8bad20cfa5c21f9f330712163e9ddf6ea850f908,102210fe594ee9b33d82058545b1ed14f4c8206e,android-hw-a51-11-0-aarch64-shippable-qr,amazon-search,True,,,,,,,,,,,,,,,,,,,,,,,,,,,,,,,,,,,,,,,,,,,,,,,,,,TN,,,,,,,,,,
,1737054842,2023-08-07 20:52:42,2450.8,588b596bcb73c4c9cf235c8df1dc04fc9475c321,1283921,autoland,LastVisualChange,True,amazon-search LastVisualChange opt cold webrender,,77,ms,geckoview,False,|c|o|l|d| |w|e|b|r|e|n|d|e|r|,,4361205,13,8bad20cfa5c21f9f330712163e9ddf6ea850f908,102210fe594ee9b33d82058545b1ed14f4c8206e,android-hw-a51-11-0-aarch64-shippable-qr,amazon-search,True,,,,,,,,,,,,,,,,,,,,,,,,,,,,,,,,,,,,,,,,,,,,,,,,,,TN,,,,,,,,,,
,1737077175,2023-08-07 21:31:10,2365.2,0d1a783351f683e500d6e8f83d3dc430b2afdcbf,1283941,autoland,LastVisualChange,True,amazon-search LastVisualChange opt cold webrender,,77,ms,geckoview,False,|c|o|l|d| |w|e|b|r|e|n|d|e|r|,,4361205,13,8bad20cfa5c21f9f330712163e9ddf6ea850f908,102210fe594ee9b33d82058545b1ed14f4c8206e,android-hw-a51-11-0-aarch64-shippable-qr,amazon-search,True,,,,,,,,,,,,,,,,,,,,,,,,,,,,,,,,,,,,,,,,,,,,,,,,,,TN,,,,,,,,,,
,1737207605,2023-08-08 01:47:48,2446.8,7053ad5afbc40a1a98d9e4e447c98e2fd6d70f04,1284029,autoland,LastVisualChange,True,amazon-search LastVisualChange opt cold webrender,,77,ms,geckoview,False,|c|o|l|d| |w|e|b|r|e|n|d|e|r|,,4361205,13,8bad20cfa5c21f9f330712163e9ddf6ea850f908,102210fe594ee9b33d82058545b1ed14f4c8206e,android-hw-a51-11-0-aarch64-shippable-qr,amazon-search,True,,,,,,,,,,,,,,,,,,,,,,,,,,,,,,,,,,,,,,,,,,,,,,,,,,TN,,,,,,,,,,
,1737299601,2023-08-08 08:03:57,2446.2,201950bdeb03d34c7ad70702b52d28c3e0f6a448,1284128,autoland,LastVisualChange,True,amazon-search LastVisualChange opt cold webrender,,77,ms,geckoview,False,|c|o|l|d| |w|e|b|r|e|n|d|e|r|,,4361205,13,8bad20cfa5c21f9f330712163e9ddf6ea850f908,102210fe594ee9b33d82058545b1ed14f4c8206e,android-hw-a51-11-0-aarch64-shippable-qr,amazon-search,True,,,,,,,,,,,,,,,,,,,,,,,,,,,,,,,,,,,,,,,,,,,,,,,,,,TN,,,,,,,,,,
,1737371005,2023-08-08 12:10:40,2363.0,d1fbe6c1f87656fb4f55677904f55f6df433ea9a,1284255,autoland,LastVisualChange,True,amazon-search LastVisualChange opt cold webrender,,77,ms,geckoview,False,|c|o|l|d| |w|e|b|r|e|n|d|e|r|,,4361205,13,8bad20cfa5c21f9f330712163e9ddf6ea850f908,102210fe594ee9b33d82058545b1ed14f4c8206e,android-hw-a51-11-0-aarch64-shippable-qr,amazon-search,True,,,,,,,,,,,,,,,,,,,,,,,,,,,,,,,,,,,,,,,,,,,,,,,,,,TN,,,,,,,,,,
,1737382776,2023-08-08 12:20:31,2447.2,062a5e5729067f579bd6d1ab2f1a3021d7fd291a,1284261,autoland,LastVisualChange,True,amazon-search LastVisualChange opt cold webrender,,77,ms,geckoview,False,|c|o|l|d| |w|e|b|r|e|n|d|e|r|,,4361205,13,8bad20cfa5c21f9f330712163e9ddf6ea850f908,102210fe594ee9b33d82058545b1ed14f4c8206e,android-hw-a51-11-0-aarch64-shippable-qr,amazon-search,True,,,,,,,,,,,,,,,,,,,,,,,,,,,,,,,,,,,,,,,,,,,,,,,,,,TN,,,,,,,,,,
,1737494981,2023-08-08 16:23:23,2409.1,855c69dcdcc457c3e5a54150cdd89a71a2527e2b,1284396,autoland,LastVisualChange,True,amazon-search LastVisualChange opt cold webrender,,77,ms,geckoview,False,|c|o|l|d| |w|e|b|r|e|n|d|e|r|,,4361205,13,8bad20cfa5c21f9f330712163e9ddf6ea850f908,102210fe594ee9b33d82058545b1ed14f4c8206e,android-hw-a51-11-0-aarch64-shippable-qr,amazon-search,True,,,,,,,,,,,,,,,,,,,,,,,,,,,,,,,,,,,,,,,,,,,,,,,,,,TN,,,,,,,,,,
,1737547089,2023-08-08 18:03:32,2561.5,b19ed5a6579d312e71c03201698107835378c612,1284479,autoland,LastVisualChange,True,amazon-search LastVisualChange opt cold webrender,,77,ms,geckoview,False,|c|o|l|d| |w|e|b|r|e|n|d|e|r|,,4361205,13,8bad20cfa5c21f9f330712163e9ddf6ea850f908,102210fe594ee9b33d82058545b1ed14f4c8206e,android-hw-a51-11-0-aarch64-shippable-qr,amazon-search,True,,,,,,,,,,,,,,,,,,,,,,,,,,,,,,,,,,,,,,,,,,,,,,,,,,TN,,,,,,,,,,
,1737670614,2023-08-08 21:27:09,2484.4,4abb9ce2fb8e4174171b3478d6f28b78bf3f214a,1284603,autoland,LastVisualChange,True,amazon-search LastVisualChange opt cold webrender,,77,ms,geckoview,False,|c|o|l|d| |w|e|b|r|e|n|d|e|r|,,4361205,13,8bad20cfa5c21f9f330712163e9ddf6ea850f908,102210fe594ee9b33d82058545b1ed14f4c8206e,android-hw-a51-11-0-aarch64-shippable-qr,amazon-search,True,,,,,,,,,,,,,,,,,,,,,,,,,,,,,,,,,,,,,,,,,,,,,,,,,,TN,,,,,,,,,,
,1737777295,2023-08-09 02:34:29,2478.4,25a29224e55d9a839d6fddde206208a453535ec8,1284750,autoland,LastVisualChange,True,amazon-search LastVisualChange opt cold webrender,,77,ms,geckoview,False,|c|o|l|d| |w|e|b|r|e|n|d|e|r|,,4361205,13,8bad20cfa5c21f9f330712163e9ddf6ea850f908,102210fe594ee9b33d82058545b1ed14f4c8206e,android-hw-a51-11-0-aarch64-shippable-qr,amazon-search,True,,,,,,,,,,,,,,,,,,,,,,,,,,,,,,,,,,,,,,,,,,,,,,,,,,TN,,,,,,,,,,
,1738006255,2023-08-09 13:49:06,2346.1,46b5603cd2b8de629b659ec8d44fc7b086782c46,1285020,autoland,LastVisualChange,True,amazon-search LastVisualChange opt cold webrender,,77,ms,geckoview,False,|c|o|l|d| |w|e|b|r|e|n|d|e|r|,,4361205,13,8bad20cfa5c21f9f330712163e9ddf6ea850f908,102210fe594ee9b33d82058545b1ed14f4c8206e,android-hw-a51-11-0-aarch64-shippable-qr,amazon-search,True,,,,,,,,,,,,,,,,,,,,,,,,,,,,,,,,,,,,,,,,,,,,,,,,,,TN,,,,,,,,,,
,1738216297,2023-08-09 17:29:37,2363.2,299828b58af2fd55f393babed8ea8db6425040df,1285186,autoland,LastVisualChange,True,amazon-search LastVisualChange opt cold webrender,,77,ms,geckoview,False,|c|o|l|d| |w|e|b|r|e|n|d|e|r|,,4361205,13,8bad20cfa5c21f9f330712163e9ddf6ea850f908,102210fe594ee9b33d82058545b1ed14f4c8206e,android-hw-a51-11-0-aarch64-shippable-qr,amazon-search,True,,,,,,,,,,,,,,,,,,,,,,,,,,,,,,,,,,,,,,,,,,,,,,,,,,TN,,,,,,,,,,
,1738303257,2023-08-09 20:56:32,2416.5,9766f63db97d1b85b2f2f47d2b3cb3ee3782ae85,1285337,autoland,LastVisualChange,True,amazon-search LastVisualChange opt cold webrender,,77,ms,geckoview,False,|c|o|l|d| |w|e|b|r|e|n|d|e|r|,,4361205,13,8bad20cfa5c21f9f330712163e9ddf6ea850f908,102210fe594ee9b33d82058545b1ed14f4c8206e,android-hw-a51-11-0-aarch64-shippable-qr,amazon-search,True,,,,,,,,,,,,,,,,,,,,,,,,,,,,,,,,,,,,,,,,,,,,,,,,,,TN,,,,,,,,,,
,1738400096,2023-08-10 01:02:34,2427.5,b2b54f91567d2de224314e03fc81ba6e815e2fa7,1285442,autoland,LastVisualChange,True,amazon-search LastVisualChange opt cold webrender,,77,ms,geckoview,False,|c|o|l|d| |w|e|b|r|e|n|d|e|r|,,4361205,13,8bad20cfa5c21f9f330712163e9ddf6ea850f908,102210fe594ee9b33d82058545b1ed14f4c8206e,android-hw-a51-11-0-aarch64-shippable-qr,amazon-search,True,,,,,,,,,,,,,,,,,,,,,,,,,,,,,,,,,,,,,,,,,,,,,,,,,,TN,,,,,,,,,,
,1738425137,2023-08-10 02:22:08,2467.5,7704c89f0e6bc2ca33282a228b42fb5cd7aa072c,1285454,autoland,LastVisualChange,True,amazon-search LastVisualChange opt cold webrender,,77,ms,geckoview,False,|c|o|l|d| |w|e|b|r|e|n|d|e|r|,,4361205,13,8bad20cfa5c21f9f330712163e9ddf6ea850f908,102210fe594ee9b33d82058545b1ed14f4c8206e,android-hw-a51-11-0-aarch64-shippable-qr,amazon-search,True,,,,,,,,,,,,,,,,,,,,,,,,,,,,,,,,,,,,,,,,,,,,,,,,,,TN,,,,,,,,,,
,1738538573,2023-08-10 06:54:21,2438.2,24eb42c9b3d9f910ba5afe124232608f70532552,1285524,autoland,LastVisualChange,True,amazon-search LastVisualChange opt cold webrender,,77,ms,geckoview,False,|c|o|l|d| |w|e|b|r|e|n|d|e|r|,,4361205,13,8bad20cfa5c21f9f330712163e9ddf6ea850f908,102210fe594ee9b33d82058545b1ed14f4c8206e,android-hw-a51-11-0-aarch64-shippable-qr,amazon-search,True,,,,,,,,,,,,,,,,,,,,,,,,,,,,,,,,,,,,,,,,,,,,,,,,,,TN,,,,,,,,,,
,1738558683,2023-08-10 07:38:16,2396.7,f688cd32ea991c3f0e62e19b43efc48cb4cc183a,1285542,autoland,LastVisualChange,True,amazon-search LastVisualChange opt cold webrender,,77,ms,geckoview,False,|c|o|l|d| |w|e|b|r|e|n|d|e|r|,,4361205,13,8bad20cfa5c21f9f330712163e9ddf6ea850f908,102210fe594ee9b33d82058545b1ed14f4c8206e,android-hw-a51-11-0-aarch64-shippable-qr,amazon-search,True,,,,,,,,,,,,,,,,,,,,,,,,,,,,,,,,,,,,,,,,,,,,,,,,,,TN,,,,,,,,,,
,1738649958,2023-08-10 11:47:02,2448.2,b544a2a999190b3345911b807fac8392e1360811,1285658,autoland,LastVisualChange,True,amazon-search LastVisualChange opt cold webrender,,77,ms,geckoview,False,|c|o|l|d| |w|e|b|r|e|n|d|e|r|,,4361205,13,8bad20cfa5c21f9f330712163e9ddf6ea850f908,102210fe594ee9b33d82058545b1ed14f4c8206e,android-hw-a51-11-0-aarch64-shippable-qr,amazon-search,True,,,,,,,,,,,,,,,,,,,,,,,,,,,,,,,,,,,,,,,,,,,,,,,,,,TN,,,,,,,,,,
,1738676046,2023-08-10 13:06:38,2429.3,11f47f2a1cf08c1e0b5bb6374f2a7dd1f49c8cac,1285701,autoland,LastVisualChange,True,amazon-search LastVisualChange opt cold webrender,,77,ms,geckoview,False,|c|o|l|d| |w|e|b|r|e|n|d|e|r|,,4361205,13,8bad20cfa5c21f9f330712163e9ddf6ea850f908,102210fe594ee9b33d82058545b1ed14f4c8206e,android-hw-a51-11-0-aarch64-shippable-qr,amazon-search,True,,,,,,,,,,,,,,,,,,,,,,,,,,,,,,,,,,,,,,,,,,,,,,,,,,TN,,,,,,,,,,
,1738790876,2023-08-10 16:07:39,2456.5,42a4b2af29229dbfd0675767afaf6965d292e4a7,1285800,autoland,LastVisualChange,True,amazon-search LastVisualChange opt cold webrender,,77,ms,geckoview,False,|c|o|l|d| |w|e|b|r|e|n|d|e|r|,,4361205,13,8bad20cfa5c21f9f330712163e9ddf6ea850f908,102210fe594ee9b33d82058545b1ed14f4c8206e,android-hw-a51-11-0-aarch64-shippable-qr,amazon-search,True,,,,,,,,,,,,,,,,,,,,,,,,,,,,,,,,,,,,,,,,,,,,,,,,,,TN,,,,,,,,,,
,1738845476,2023-08-10 18:32:11,2394.7,fae9c8496544fb4597f4094d95b81fdefec01628,1285918,autoland,LastVisualChange,True,amazon-search LastVisualChange opt cold webrender,,77,ms,geckoview,False,|c|o|l|d| |w|e|b|r|e|n|d|e|r|,,4361205,13,8bad20cfa5c21f9f330712163e9ddf6ea850f908,102210fe594ee9b33d82058545b1ed14f4c8206e,android-hw-a51-11-0-aarch64-shippable-qr,amazon-search,True,,,,,,,,,,,,,,,,,,,,,,,,,,,,,,,,,,,,,,,,,,,,,,,,,,TN,,,,,,,,,,
,1738950726,2023-08-10 21:59:13,2421.1,389f1009f2db207be63aacd4c9c54990f9d1104b,1286074,autoland,LastVisualChange,True,amazon-search LastVisualChange opt cold webrender,,77,ms,geckoview,False,|c|o|l|d| |w|e|b|r|e|n|d|e|r|,,4361205,13,8bad20cfa5c21f9f330712163e9ddf6ea850f908,102210fe594ee9b33d82058545b1ed14f4c8206e,android-hw-a51-11-0-aarch64-shippable-qr,amazon-search,True,,,,,,,,,,,,,,,,,,,,,,,,,,,,,,,,,,,,,,,,,,,,,,,,,,TN,,,,,,,,,,
,1738999825,2023-08-11 03:08:44,2473.4,05da0ca6db46baad5f6e45489d80d5097053bb42,1286160,autoland,LastVisualChange,True,amazon-search LastVisualChange opt cold webrender,,77,ms,geckoview,False,|c|o|l|d| |w|e|b|r|e|n|d|e|r|,,4361205,13,8bad20cfa5c21f9f330712163e9ddf6ea850f908,102210fe594ee9b33d82058545b1ed14f4c8206e,android-hw-a51-11-0-aarch64-shippable-qr,amazon-search,True,,,,,,,,,,,,,,,,,,,,,,,,,,,,,,,,,,,,,,,,,,,,,,,,,,TN,,,,,,,,,,
,1739089860,2023-08-11 07:27:06,2407.9,efb44db563b1abcb74959e12c6ce8e577cd213f2,1286189,autoland,LastVisualChange,True,amazon-search LastVisualChange opt cold webrender,,77,ms,geckoview,False,|c|o|l|d| |w|e|b|r|e|n|d|e|r|,,4361205,13,8bad20cfa5c21f9f330712163e9ddf6ea850f908,102210fe594ee9b33d82058545b1ed14f4c8206e,android-hw-a51-11-0-aarch64-shippable-qr,amazon-search,True,,,,,,,,,,,,,,,,,,,,,,,,,,,,,,,,,,,,,,,,,,,,,,,,,,TN,,,,,,,,,,
,1739114376,2023-08-11 08:27:25,2511.3,cda91469ef2a9b195d09f702816a5f7aec451d02,1286199,autoland,LastVisualChange,True,amazon-search LastVisualChange opt cold webrender,,77,ms,geckoview,False,|c|o|l|d| |w|e|b|r|e|n|d|e|r|,,4361205,13,8bad20cfa5c21f9f330712163e9ddf6ea850f908,102210fe594ee9b33d82058545b1ed14f4c8206e,android-hw-a51-11-0-aarch64-shippable-qr,amazon-search,True,,,,,,,,,,,,,,,,,,,,,,,,,,,,,,,,,,,,,,,,,,,,,,,,,,TN,,,,,,,,,,
,1739287133,2023-08-11 14:16:15,2448.7,21aaca8e9cca74e93bf7c9c3a6c05b78a0d46a06,1286315,autoland,LastVisualChange,True,amazon-search LastVisualChange opt cold webrender,,77,ms,geckoview,False,|c|o|l|d| |w|e|b|r|e|n|d|e|r|,,4361205,13,8bad20cfa5c21f9f330712163e9ddf6ea850f908,102210fe594ee9b33d82058545b1ed14f4c8206e,android-hw-a51-11-0-aarch64-shippable-qr,amazon-search,True,,,,,,,,,,,,,,,,,,,,,,,,,,,,,,,,,,,,,,,,,,,,,,,,,,TN,,,,,,,,,,
,1739334014,2023-08-11 16:12:07,2432.9,16838b515ded4549918a4ebf3e3fa8a0b427e1f4,1286403,autoland,LastVisualChange,True,amazon-search LastVisualChange opt cold webrender,,77,ms,geckoview,False,|c|o|l|d| |w|e|b|r|e|n|d|e|r|,,4361205,13,8bad20cfa5c21f9f330712163e9ddf6ea850f908,102210fe594ee9b33d82058545b1ed14f4c8206e,android-hw-a51-11-0-aarch64-shippable-qr,amazon-search,True,,,,,,,,,,,,,,,,,,,,,,,,,,,,,,,,,,,,,,,,,,,,,,,,,,TN,,,,,,,,,,
,1739415507,2023-08-11 20:27:04,2360.1,700d98d93bde10f22824d5d41b863f4a108f832b,1286565,autoland,LastVisualChange,True,amazon-search LastVisualChange opt cold webrender,,77,ms,geckoview,False,|c|o|l|d| |w|e|b|r|e|n|d|e|r|,,4361205,13,8bad20cfa5c21f9f330712163e9ddf6ea850f908,102210fe594ee9b33d82058545b1ed14f4c8206e,android-hw-a51-11-0-aarch64-shippable-qr,amazon-search,True,,,,,,,,,,,,,,,,,,,,,,,,,,,,,,,,,,,,,,,,,,,,,,,,,,TN,,,,,,,,,,
,1739545092,2023-08-12 05:14:02,2406.9,8dd752fc2bce87d04b7ae3bab02bb57d59c64e8a,1286635,autoland,LastVisualChange,True,amazon-search LastVisualChange opt cold webrender,,77,ms,geckoview,False,|c|o|l|d| |w|e|b|r|e|n|d|e|r|,,4361205,13,8bad20cfa5c21f9f330712163e9ddf6ea850f908,102210fe594ee9b33d82058545b1ed14f4c8206e,android-hw-a51-11-0-aarch64-shippable-qr,amazon-search,True,,,,,,,,,,,,,,,,,,,,,,,,,,,,,,,,,,,,,,,,,,,,,,,,,,TN,,,,,,,,,,
,1739562006,2023-08-12 05:14:50,2420.9,f20040ae7b2f3e1499ea3b90639fd96566103125,1286636,autoland,LastVisualChange,True,amazon-search LastVisualChange opt cold webrender,,77,ms,geckoview,False,|c|o|l|d| |w|e|b|r|e|n|d|e|r|,,4361205,13,8bad20cfa5c21f9f330712163e9ddf6ea850f908,102210fe594ee9b33d82058545b1ed14f4c8206e,android-hw-a51-11-0-aarch64-shippable-qr,amazon-search,True,,,,,,,,,,,,,,,,,,,,,,,,,,,,,,,,,,,,,,,,,,,,,,,,,,TN,,,,,,,,,,
,1739632105,2023-08-12 12:22:39,2428.6,6386291adbedd6140dfbf10b071e5cc82f5433a1,1286663,autoland,LastVisualChange,True,amazon-search LastVisualChange opt cold webrender,,77,ms,geckoview,False,|c|o|l|d| |w|e|b|r|e|n|d|e|r|,,4361205,13,8bad20cfa5c21f9f330712163e9ddf6ea850f908,102210fe594ee9b33d82058545b1ed14f4c8206e,android-hw-a51-11-0-aarch64-shippable-qr,amazon-search,True,,,,,,,,,,,,,,,,,,,,,,,,,,,,,,,,,,,,,,,,,,,,,,,,,,TN,,,,,,,,,,
,1739684150,2023-08-12 17:53:09,2381.3,9a15449ff274a89d15ae4d345601385b371c2dff,1286688,autoland,LastVisualChange,True,amazon-search LastVisualChange opt cold webrender,,77,ms,geckoview,False,|c|o|l|d| |w|e|b|r|e|n|d|e|r|,,4361205,13,8bad20cfa5c21f9f330712163e9ddf6ea850f908,102210fe594ee9b33d82058545b1ed14f4c8206e,android-hw-a51-11-0-aarch64-shippable-qr,amazon-search,True,,,,,,,,,,,,,,,,,,,,,,,,,,,,,,,,,,,,,,,,,,,,,,,,,,TN,,,,,,,,,,
,1739754887,2023-08-13 04:26:09,2382.3,dcf2ddfaffbf9900de8ba4a674708bf996d147b6,1286737,autoland,LastVisualChange,True,amazon-search LastVisualChange opt cold webrender,,77,ms,geckoview,False,|c|o|l|d| |w|e|b|r|e|n|d|e|r|,,4361205,13,8bad20cfa5c21f9f330712163e9ddf6ea850f908,102210fe594ee9b33d82058545b1ed14f4c8206e,android-hw-a51-11-0-aarch64-shippable-qr,amazon-search,True,,,,,,,,,,,,,,,,,,,,,,,,,,,,,,,,,,,,,,,,,,,,,,,,,,TN,,,,,,,,,,
,1739913037,2023-08-14 00:32:30,2447.1,bdeed1276a3515d597485fc241f9757ff607a9d1,1286792,autoland,LastVisualChange,True,amazon-search LastVisualChange opt cold webrender,,77,ms,geckoview,False,|c|o|l|d| |w|e|b|r|e|n|d|e|r|,,4361205,13,8bad20cfa5c21f9f330712163e9ddf6ea850f908,102210fe594ee9b33d82058545b1ed14f4c8206e,android-hw-a51-11-0-aarch64-shippable-qr,amazon-search,True,,,,,,,,,,,,,,,,,,,,,,,,,,,,,,,,,,,,,,,,,,,,,,,,,,TN,,,,,,,,,,
,1739956483,2023-08-14 06:39:21,2459.9,a5bcd3edffd78b69932e1ea7c5dda0894107edaa,1286822,autoland,LastVisualChange,True,amazon-search LastVisualChange opt cold webrender,,77,ms,geckoview,False,|c|o|l|d| |w|e|b|r|e|n|d|e|r|,,4361205,13,8bad20cfa5c21f9f330712163e9ddf6ea850f908,102210fe594ee9b33d82058545b1ed14f4c8206e,android-hw-a51-11-0-aarch64-shippable-qr,amazon-search,True,,,,,,,,,,,,,,,,,,,,,,,,,,,,,,,,,,,,,,,,,,,,,,,,,,TN,,,,,,,,,,
,1740069843,2023-08-14 10:48:55,2470.5,64a1445ac4138d208b6412914b12fd0a2e9ff945,1286891,autoland,LastVisualChange,True,amazon-search LastVisualChange opt cold webrender,,77,ms,geckoview,False,|c|o|l|d| |w|e|b|r|e|n|d|e|r|,,4361205,13,8bad20cfa5c21f9f330712163e9ddf6ea850f908,102210fe594ee9b33d82058545b1ed14f4c8206e,android-hw-a51-11-0-aarch64-shippable-qr,amazon-search,True,,,,,,,,,,,,,,,,,,,,,,,,,,,,,,,,,,,,,,,,,,,,,,,,,,TN,,,,,,,,,,
,1740092363,2023-08-14 14:03:37,2358.4,966f06db181d109fbc6ac97a296ac28efbb8a5f2,1286990,autoland,LastVisualChange,True,amazon-search LastVisualChange opt cold webrender,,77,ms,geckoview,False,|c|o|l|d| |w|e|b|r|e|n|d|e|r|,,4361205,13,8bad20cfa5c21f9f330712163e9ddf6ea850f908,102210fe594ee9b33d82058545b1ed14f4c8206e,android-hw-a51-11-0-aarch64-shippable-qr,amazon-search,True,,,,,,,,,,,,,,,,,,,,,,,,,,,,,,,,,,,,,,,,,,,,,,,,,,TN,,,,,,,,,,
,1740203146,2023-08-14 16:54:04,2439.5,5b1987d52ae19ebe1b311fec0f664563b5bf198d,1287092,autoland,LastVisualChange,True,amazon-search LastVisualChange opt cold webrender,,77,ms,geckoview,False,|c|o|l|d| |w|e|b|r|e|n|d|e|r|,,4361205,13,8bad20cfa5c21f9f330712163e9ddf6ea850f908,102210fe594ee9b33d82058545b1ed14f4c8206e,android-hw-a51-11-0-aarch64-shippable-qr,amazon-search,True,,,,,,,,,,,,,,,,,,,,,,,,,,,,,,,,,,,,,,,,,,,,,,,,,,TN,,,,,,,,,,
,1740294355,2023-08-14 21:20:15,2401.1,7081c01a8f314a82bc3c055c11f0880dc2b706fb,1287268,autoland,LastVisualChange,True,amazon-search LastVisualChange opt cold webrender,,77,ms,geckoview,False,|c|o|l|d| |w|e|b|r|e|n|d|e|r|,,4361205,13,8bad20cfa5c21f9f330712163e9ddf6ea850f908,102210fe594ee9b33d82058545b1ed14f4c8206e,android-hw-a51-11-0-aarch64-shippable-qr,amazon-search,True,,,,,,,,,,,,,,,,,,,,,,,,,,,,,,,,,,,,,,,,,,,,,,,,,,TN,,,,,,,,,,
,1740364486,2023-08-14 23:25:21,2400.5,88ec6682eab1c5c36cb839c8db0156446559a1cb,1287331,autoland,LastVisualChange,True,amazon-search LastVisualChange opt cold webrender,,77,ms,geckoview,False,|c|o|l|d| |w|e|b|r|e|n|d|e|r|,,4361205,13,8bad20cfa5c21f9f330712163e9ddf6ea850f908,102210fe594ee9b33d82058545b1ed14f4c8206e,android-hw-a51-11-0-aarch64-shippable-qr,amazon-search,True,,,,,,,,,,,,,,,,,,,,,,,,,,,,,,,,,,,,,,,,,,,,,,,,,,TN,,,,,,,,,,
,1740476430,2023-08-15 03:40:03,2438.0,ef2753ba331b17b408096bfd42e83a91039b995d,1287395,autoland,LastVisualChange,True,amazon-search LastVisualChange opt cold webrender,,77,ms,geckoview,False,|c|o|l|d| |w|e|b|r|e|n|d|e|r|,,4361205,13,8bad20cfa5c21f9f330712163e9ddf6ea850f908,102210fe594ee9b33d82058545b1ed14f4c8206e,android-hw-a51-11-0-aarch64-shippable-qr,amazon-search,True,,,,,,,,,,,,,,,,,,,,,,,,,,,,,,,,,,,,,,,,,,,,,,,,,,TN,,,,,,,,,,
,1740656845,2023-08-15 12:15:00,2467.8,0038346134ec0c0912660c19edced48ff4c9996b,1287534,autoland,LastVisualChange,True,amazon-search LastVisualChange opt cold webrender,,77,ms,geckoview,False,|c|o|l|d| |w|e|b|r|e|n|d|e|r|,,4361205,13,8bad20cfa5c21f9f330712163e9ddf6ea850f908,102210fe594ee9b33d82058545b1ed14f4c8206e,android-hw-a51-11-0-aarch64-shippable-qr,amazon-search,True,,,,,,,,,,,,,,,,,,,,,,,,,,,,,,,,,,,,,,,,,,,,,,,,,,TN,,,,,,,,,,
,1740629577,2023-08-15 12:16:05,2496.2,34ea39f6bd8afd706e571c5a5c5557f8f02274c7,1287535,autoland,LastVisualChange,True,amazon-search LastVisualChange opt cold webrender,,77,ms,geckoview,False,|c|o|l|d| |w|e|b|r|e|n|d|e|r|,,4361205,13,8bad20cfa5c21f9f330712163e9ddf6ea850f908,102210fe594ee9b33d82058545b1ed14f4c8206e,android-hw-a51-11-0-aarch64-shippable-qr,amazon-search,True,,,,,,,,,,,,,,,,,,,,,,,,,,,,,,,,,,,,,,,,,,,,,,,,,,TN,,,,,,,,,,
,1740827273,2023-08-15 17:48:00,2560.5,c01a1256082294777509d59591b44cc1a9a54101,1287732,autoland,LastVisualChange,True,amazon-search LastVisualChange opt cold webrender,,77,ms,geckoview,False,|c|o|l|d| |w|e|b|r|e|n|d|e|r|,,4361205,13,8bad20cfa5c21f9f330712163e9ddf6ea850f908,102210fe594ee9b33d82058545b1ed14f4c8206e,android-hw-a51-11-0-aarch64-shippable-qr,amazon-search,True,,,,,,,,,,,,,,,,,,,,,,,,,,,,,,,,,,,,,,,,,,,,,,,,,,TN,,,,,,,,,,
,1740925929,2023-08-15 20:18:28,2476.3,b6d00af33f9f1879900a9ff148f77a03de4ca507,1287829,autoland,LastVisualChange,True,amazon-search LastVisualChange opt cold webrender,,77,ms,geckoview,False,|c|o|l|d| |w|e|b|r|e|n|d|e|r|,,4361205,13,8bad20cfa5c21f9f330712163e9ddf6ea850f908,102210fe594ee9b33d82058545b1ed14f4c8206e,android-hw-a51-11-0-aarch64-shippable-qr,amazon-search,True,,,,,,,,,,,,,,,,,,,,,,,,,,,,,,,,,,,,,,,,,,,,,,,,,,TN,,,,,,,,,,
,1741044458,2023-08-16 01:44:13,2505.9,af1979bb2dd22b96889d47af7852253d7f161693,1287987,autoland,LastVisualChange,True,amazon-search LastVisualChange opt cold webrender,,77,ms,geckoview,False,|c|o|l|d| |w|e|b|r|e|n|d|e|r|,,4361205,13,8bad20cfa5c21f9f330712163e9ddf6ea850f908,102210fe594ee9b33d82058545b1ed14f4c8206e,android-hw-a51-11-0-aarch64-shippable-qr,amazon-search,True,,,,,,,,,,,,,,,,,,,,,,,,,,,,,,,,,,,,,,,,,,,,,,,,,,TN,,,,,,,,,,
,1741146354,2023-08-16 06:09:24,2417.7,4d7123b9c5729f33db3288141ea7502fae3cbadc,1288100,autoland,LastVisualChange,True,amazon-search LastVisualChange opt cold webrender,,77,ms,geckoview,False,|c|o|l|d| |w|e|b|r|e|n|d|e|r|,,4361205,13,8bad20cfa5c21f9f330712163e9ddf6ea850f908,102210fe594ee9b33d82058545b1ed14f4c8206e,android-hw-a51-11-0-aarch64-shippable-qr,amazon-search,True,,,,,,,,,,,,,,,,,,,,,,,,,,,,,,,,,,,,,,,,,,,,,,,,,,TN,,,,,,,,,,
,1741205442,2023-08-16 07:28:11,2444.2,3ba3d3cb9bb7860efcbb623d34fc5d721fc7cfcb,1288129,autoland,LastVisualChange,True,amazon-search LastVisualChange opt cold webrender,,77,ms,geckoview,False,|c|o|l|d| |w|e|b|r|e|n|d|e|r|,,4361205,13,8bad20cfa5c21f9f330712163e9ddf6ea850f908,102210fe594ee9b33d82058545b1ed14f4c8206e,android-hw-a51-11-0-aarch64-shippable-qr,amazon-search,True,,,,,,,,,,,,,,,,,,,,,,,,,,,,,,,,,,,,,,,,,,,,,,,,,,TN,,,,,,,,,,
,1741329067,2023-08-16 10:40:28,2400.2,3cbe8cb45dab35d18ef4ffb5481be55dfabf47c7,1288233,autoland,LastVisualChange,True,amazon-search LastVisualChange opt cold webrender,,77,ms,geckoview,False,|c|o|l|d| |w|e|b|r|e|n|d|e|r|,,4361205,13,8bad20cfa5c21f9f330712163e9ddf6ea850f908,102210fe594ee9b33d82058545b1ed14f4c8206e,android-hw-a51-11-0-aarch64-shippable-qr,amazon-search,True,,,,,,,,,,,,,,,,,,,,,,,,,,,,,,,,,,,,,,,,,,,,,,,,,,TN,,,,,,,,,,
,1741522046,2023-08-16 14:37:22,2476.0,1cafd355bbcf32aae501b9419edec5e7c8a59968,1288343,autoland,LastVisualChange,True,amazon-search LastVisualChange opt cold webrender,,77,ms,geckoview,False,|c|o|l|d| |w|e|b|r|e|n|d|e|r|,,4361205,13,8bad20cfa5c21f9f330712163e9ddf6ea850f908,102210fe594ee9b33d82058545b1ed14f4c8206e,android-hw-a51-11-0-aarch64-shippable-qr,amazon-search,True,,,,,,,,,,,,,,,,,,,,,,,,,,,,,,,,,,,,,,,,,,,,,,,,,,TN,,,,,,,,,,
,1741597848,2023-08-16 18:57:22,2466.7,1c8dec8815d59d488dc44109a4361dcec573ec0a,1288496,autoland,LastVisualChange,True,amazon-search LastVisualChange opt cold webrender,,77,ms,geckoview,False,|c|o|l|d| |w|e|b|r|e|n|d|e|r|,,4361205,13,8bad20cfa5c21f9f330712163e9ddf6ea850f908,102210fe594ee9b33d82058545b1ed14f4c8206e,android-hw-a51-11-0-aarch64-shippable-qr,amazon-search,True,,,,,,,,,,,,,,,,,,,,,,,,,,,,,,,,,,,,,,,,,,,,,,,,,,TN,,,,,,,,,,
,1741701786,2023-08-16 23:04:52,2497.0,4e21d241af64f5d1f3b4796d48ab8d58a961f081,1288666,autoland,LastVisualChange,True,amazon-search LastVisualChange opt cold webrender,,77,ms,geckoview,False,|c|o|l|d| |w|e|b|r|e|n|d|e|r|,,4361205,13,8bad20cfa5c21f9f330712163e9ddf6ea850f908,102210fe594ee9b33d82058545b1ed14f4c8206e,android-hw-a51-11-0-aarch64-shippable-qr,amazon-search,True,,,,,,,,,,,,,,,,,,,,,,,,,,,,,,,,,,,,,,,,,,,,,,,,,,TN,,,,,,,,,,
,1741721411,2023-08-16 23:22:50,2411.4,200aa08042f1b584401fd4aca219d4b68edf7973,1288675,autoland,LastVisualChange,True,amazon-search LastVisualChange opt cold webrender,,77,ms,geckoview,False,|c|o|l|d| |w|e|b|r|e|n|d|e|r|,,4361205,13,8bad20cfa5c21f9f330712163e9ddf6ea850f908,102210fe594ee9b33d82058545b1ed14f4c8206e,android-hw-a51-11-0-aarch64-shippable-qr,amazon-search,True,,,,,,,,,,,,,,,,,,,,,,,,,,,,,,,,,,,,,,,,,,,,,,,,,,TN,,,,,,,,,,
,1741849923,2023-08-17 04:16:28,2399.0,18db2934736dc8d16e5b5840ec0b170aef5c0c3b,1288753,autoland,LastVisualChange,True,amazon-search LastVisualChange opt cold webrender,,77,ms,geckoview,False,|c|o|l|d| |w|e|b|r|e|n|d|e|r|,,4361205,13,8bad20cfa5c21f9f330712163e9ddf6ea850f908,102210fe594ee9b33d82058545b1ed14f4c8206e,android-hw-a51-11-0-aarch64-shippable-qr,amazon-search,True,,,,,,,,,,,,,,,,,,,,,,,,,,,,,,,,,,,,,,,,,,,,,,,,,,TN,,,,,,,,,,
,1741920917,2023-08-17 08:24:55,2642.0,bee27401511bf375891968a9ca78d7ef74d19962,1288813,autoland,LastVisualChange,True,amazon-search LastVisualChange opt cold webrender,,77,ms,geckoview,False,|c|o|l|d| |w|e|b|r|e|n|d|e|r|,,4361205,13,8bad20cfa5c21f9f330712163e9ddf6ea850f908,102210fe594ee9b33d82058545b1ed14f4c8206e,android-hw-a51-11-0-aarch64-shippable-qr,amazon-search,True,,,,,,,,,,,,,,,,,,,,,,,,,,,,,,,,,,,,,,,,,,,,,,,,,,TN,,,,,,,,,,
,1741983951,2023-08-17 10:09:55,2440.9,78e7cb2837e7dec0ef55a2f5f383625335ad2520,1288847,autoland,LastVisualChange,True,amazon-search LastVisualChange opt cold webrender,,77,ms,geckoview,False,|c|o|l|d| |w|e|b|r|e|n|d|e|r|,,4361205,13,8bad20cfa5c21f9f330712163e9ddf6ea850f908,102210fe594ee9b33d82058545b1ed14f4c8206e,android-hw-a51-11-0-aarch64-shippable-qr,amazon-search,True,,,,,,,,,,,,,,,,,,,,,,,,,,,,,,,,,,,,,,,,,,,,,,,,,,TN,,,,,,,,,,
,1742180112,2023-08-17 14:34:38,2676.6,776fbad509150f69418e1f44fa2580c651211253,1288953,autoland,LastVisualChange,True,amazon-search LastVisualChange opt cold webrender,,77,ms,geckoview,False,|c|o|l|d| |w|e|b|r|e|n|d|e|r|,,4361205,13,8bad20cfa5c21f9f330712163e9ddf6ea850f908,102210fe594ee9b33d82058545b1ed14f4c8206e,android-hw-a51-11-0-aarch64-shippable-qr,amazon-search,True,,,,,,,,,,,,,,,,,,,,,,,,,,,,,,,,,,,,,,,,,,,,,,,,,,TN,,,,,,,,,,
,1742218799,2023-08-17 16:13:13,2384.0,aac1f1d71d5251ffb80e7a22087e1c473e53069d,1289025,autoland,LastVisualChange,True,amazon-search LastVisualChange opt cold webrender,,77,ms,geckoview,False,|c|o|l|d| |w|e|b|r|e|n|d|e|r|,,4361205,13,8bad20cfa5c21f9f330712163e9ddf6ea850f908,102210fe594ee9b33d82058545b1ed14f4c8206e,android-hw-a51-11-0-aarch64-shippable-qr,amazon-search,True,,,,,,,,,,,,,,,,,,,,,,,,,,,,,,,,,,,,,,,,,,,,,,,,,,TN,,,,,,,,,,
,1742334583,2023-08-17 19:44:04,2448.5,e3a24ea4f8b0be504990cbc266d7af273804678e,1289144,autoland,LastVisualChange,True,amazon-search LastVisualChange opt cold webrender,,77,ms,geckoview,False,|c|o|l|d| |w|e|b|r|e|n|d|e|r|,,4361205,13,8bad20cfa5c21f9f330712163e9ddf6ea850f908,102210fe594ee9b33d82058545b1ed14f4c8206e,android-hw-a51-11-0-aarch64-shippable-qr,amazon-search,True,,,,,,,,,,,,,,,,,,,,,,,,,,,,,,,,,,,,,,,,,,,,,,,,,,TN,,,,,,,,,,
,1742640706,2023-08-18 04:25:36,2754.3,deca2c956e89b8e65d2a1b0fcb79db8b991a7046,1289346,autoland,LastVisualChange,True,amazon-search LastVisualChange opt cold webrender,,77,ms,geckoview,False,|c|o|l|d| |w|e|b|r|e|n|d|e|r|,,4361205,13,8bad20cfa5c21f9f330712163e9ddf6ea850f908,102210fe594ee9b33d82058545b1ed14f4c8206e,android-hw-a51-11-0-aarch64-shippable-qr,amazon-search,True,,,,,,,,,,,,,,,,,,,,,,,,,,,,,,,,,,,,,,,,,,,,,,,,,,TN,,,,,,,,,,
,1742655471,2023-08-18 05:21:52,2711.2,87da0265a044885f5ed64cc9ce2b961721d2142e,1289351,autoland,LastVisualChange,True,amazon-search LastVisualChange opt cold webrender,,77,ms,geckoview,False,|c|o|l|d| |w|e|b|r|e|n|d|e|r|,,4361205,13,8bad20cfa5c21f9f330712163e9ddf6ea850f908,102210fe594ee9b33d82058545b1ed14f4c8206e,android-hw-a51-11-0-aarch64-shippable-qr,amazon-search,True,,,,,,,,,,,,,,,,,,,,,,,,,,,,,,,,,,,,,,,,,,,,,,,,,,TN,,,,,,,,,,
,1742820670,2023-08-18 14:09:35,2476.6,e2305368eaae41c8b47dd15f03addc2ec4fe0504,1289469,autoland,LastVisualChange,True,amazon-search LastVisualChange opt cold webrender,,77,ms,geckoview,False,|c|o|l|d| |w|e|b|r|e|n|d|e|r|,,4361205,13,8bad20cfa5c21f9f330712163e9ddf6ea850f908,102210fe594ee9b33d82058545b1ed14f4c8206e,android-hw-a51-11-0-aarch64-shippable-qr,amazon-search,True,,,,,,,,,,,,,,,,,,,,,,,,,,,,,,,,,,,,,,,,,,,,,,,,,,TN,,,,,,,,,,
,1742943431,2023-08-18 19:46:30,2369.7,62feb2305afdcba50bd84b58cd2ab152d53c61e7,1289627,autoland,LastVisualChange,True,amazon-search LastVisualChange opt cold webrender,,77,ms,geckoview,False,|c|o|l|d| |w|e|b|r|e|n|d|e|r|,,4361205,13,8bad20cfa5c21f9f330712163e9ddf6ea850f908,102210fe594ee9b33d82058545b1ed14f4c8206e,android-hw-a51-11-0-aarch64-shippable-qr,amazon-search,True,,,,,,,,,,,,,,,,,,,,,,,,,,,,,,,,,,,,,,,,,,,,,,,,,,TN,,,,,,,,,,
,1743176957,2023-08-19 05:41:08,2402.0,9814020284505cbc4a6075b3b7aba216be0632f8,1289731,autoland,LastVisualChange,True,amazon-search LastVisualChange opt cold webrender,,77,ms,geckoview,False,|c|o|l|d| |w|e|b|r|e|n|d|e|r|,,4361205,13,8bad20cfa5c21f9f330712163e9ddf6ea850f908,102210fe594ee9b33d82058545b1ed14f4c8206e,android-hw-a51-11-0-aarch64-shippable-qr,amazon-search,True,,,,,,,,,,,,,,,,,,,,,,,,,,,,,,,,,,,,,,,,,,,,,,,,,,TN,,,,,,,,,,
,1743178357,2023-08-19 11:55:58,2362.0,8fefefd6da577f8b3d842ea07120af9e964c09b5,1289750,autoland,LastVisualChange,True,amazon-search LastVisualChange opt cold webrender,,77,ms,geckoview,False,|c|o|l|d| |w|e|b|r|e|n|d|e|r|,,4361205,13,8bad20cfa5c21f9f330712163e9ddf6ea850f908,102210fe594ee9b33d82058545b1ed14f4c8206e,android-hw-a51-11-0-aarch64-shippable-qr,amazon-search,True,,,,,,,,,,,,,,,,,,,,,,,,,,,,,,,,,,,,,,,,,,,,,,,,,,TN,,,,,,,,,,
,1743201211,2023-08-19 16:49:23,2413.3,00ae001484c9ff1069878dc66b64e3cd07b706f4,1289762,autoland,LastVisualChange,True,amazon-search LastVisualChange opt cold webrender,,77,ms,geckoview,False,|c|o|l|d| |w|e|b|r|e|n|d|e|r|,,4361205,13,8bad20cfa5c21f9f330712163e9ddf6ea850f908,102210fe594ee9b33d82058545b1ed14f4c8206e,android-hw-a51-11-0-aarch64-shippable-qr,amazon-search,True,,,,,,,,,,,,,,,,,,,,,,,,,,,,,,,,,,,,,,,,,,,,,,,,,,TN,,,,,,,,,,
,1743435366,2023-08-21 01:56:25,2396.9,80d255ac1919800d21a7e2a610fbcd6fda43ed99,1289869,autoland,LastVisualChange,True,amazon-search LastVisualChange opt cold webrender,,77,ms,geckoview,False,|c|o|l|d| |w|e|b|r|e|n|d|e|r|,,4361205,13,8bad20cfa5c21f9f330712163e9ddf6ea850f908,102210fe594ee9b33d82058545b1ed14f4c8206e,android-hw-a51-11-0-aarch64-shippable-qr,amazon-search,True,,,,,,,,,,,,,,,,,,,,,,,,,,,,,,,,,,,,,,,,,,,,,,,,,,TN,,,,,,,,,,
,1743503942,2023-08-21 07:01:47,2586.9,a4b3b09ad08da2e5b588b641b24f767ff91e5912,1289886,autoland,LastVisualChange,True,amazon-search LastVisualChange opt cold webrender,,77,ms,geckoview,False,|c|o|l|d| |w|e|b|r|e|n|d|e|r|,,4361205,13,8bad20cfa5c21f9f330712163e9ddf6ea850f908,102210fe594ee9b33d82058545b1ed14f4c8206e,android-hw-a51-11-0-aarch64-shippable-qr,amazon-search,True,,,,,,,,,,,,,,,,,,,,,,,,,,,,,,,,,,,,,,,,,,,,,,,,,,TN,,,,,,,,,,
,1743691924,2023-08-21 15:24:43,2373.0,bc597f54f9cf91b3284e6f593c33ca79ec723077,1290025,autoland,LastVisualChange,True,amazon-search LastVisualChange opt cold webrender,,77,ms,geckoview,False,|c|o|l|d| |w|e|b|r|e|n|d|e|r|,,4361205,13,8bad20cfa5c21f9f330712163e9ddf6ea850f908,102210fe594ee9b33d82058545b1ed14f4c8206e,android-hw-a51-11-0-aarch64-shippable-qr,amazon-search,True,,,,,,,,,,,,,,,,,,,,,,,,,,,,,,,,,,,,,,,,,,,,,,,,,,TN,,,,,,,,,,
,1743746888,2023-08-21 19:46:12,2416.9,82b916987920b0a9e2071c575073cbcff078021a,1290082,autoland,LastVisualChange,True,amazon-search LastVisualChange opt cold webrender,,77,ms,geckoview,False,|c|o|l|d| |w|e|b|r|e|n|d|e|r|,,4361205,13,8bad20cfa5c21f9f330712163e9ddf6ea850f908,102210fe594ee9b33d82058545b1ed14f4c8206e,android-hw-a51-11-0-aarch64-shippable-qr,amazon-search,True,,,,,,,,,,,,,,,,,,,,,,,,,,,,,,,,,,,,,,,,,,,,,,,,,,TN,,,,,,,,,,
,1743824456,2023-08-22 01:01:20,2475.1,1bbf9fc4d2dc2a1ff3ccf67fb65cedc71fcc0291,1290123,autoland,LastVisualChange,True,amazon-search LastVisualChange opt cold webrender,,77,ms,geckoview,False,|c|o|l|d| |w|e|b|r|e|n|d|e|r|,,4361205,13,8bad20cfa5c21f9f330712163e9ddf6ea850f908,102210fe594ee9b33d82058545b1ed14f4c8206e,android-hw-a51-11-0-aarch64-shippable-qr,amazon-search,True,,,,,,,,,,,,,,,,,,,,,,,,,,,,,,,,,,,,,,,,,,,,,,,,,,TN,,,,,,,,,,
,1744033146,2023-08-22 11:50:17,2469.2,81c3a95411ab3d706659872a9aedef21494cac9c,1290203,autoland,LastVisualChange,True,amazon-search LastVisualChange opt cold webrender,,77,ms,geckoview,False,|c|o|l|d| |w|e|b|r|e|n|d|e|r|,,4361205,13,8bad20cfa5c21f9f330712163e9ddf6ea850f908,102210fe594ee9b33d82058545b1ed14f4c8206e,android-hw-a51-11-0-aarch64-shippable-qr,amazon-search,True,,,,,,,,,,,,,,,,,,,,,,,,,,,,,,,,,,,,,,,,,,,,,,,,,,TN,,,,,,,,,,
,1744248652,2023-08-22 15:58:55,2376.1,eccdb961d59ca1e4315f6b2d255d638be86d8f63,1290279,autoland,LastVisualChange,True,amazon-search LastVisualChange opt cold webrender,,77,ms,geckoview,False,|c|o|l|d| |w|e|b|r|e|n|d|e|r|,,4361205,13,8bad20cfa5c21f9f330712163e9ddf6ea850f908,102210fe594ee9b33d82058545b1ed14f4c8206e,android-hw-a51-11-0-aarch64-shippable-qr,amazon-search,True,,,,,,,,,,,,,,,,,,,,,,,,,,,,,,,,,,,,,,,,,,,,,,,,,,TN,,,,,,,,,,
,1744209473,2023-08-22 16:02:39,2402.9,ece9fb8fbedfa6acc08840151034f2468832c851,1290281,autoland,LastVisualChange,True,amazon-search LastVisualChange opt cold webrender,,77,ms,geckoview,False,|c|o|l|d| |w|e|b|r|e|n|d|e|r|,,4361205,13,8bad20cfa5c21f9f330712163e9ddf6ea850f908,102210fe594ee9b33d82058545b1ed14f4c8206e,android-hw-a51-11-0-aarch64-shippable-qr,amazon-search,True,,,,,,,,,,,,,,,,,,,,,,,,,,,,,,,,,,,,,,,,,,,,,,,,,,TN,,,,,,,,,,
,1744307377,2023-08-22 20:17:58,2379.7,a1487474ef2708086b96f2b3625f244382eb9f4a,1290386,autoland,LastVisualChange,True,amazon-search LastVisualChange opt cold webrender,,77,ms,geckoview,False,|c|o|l|d| |w|e|b|r|e|n|d|e|r|,,4361205,13,8bad20cfa5c21f9f330712163e9ddf6ea850f908,102210fe594ee9b33d82058545b1ed14f4c8206e,android-hw-a51-11-0-aarch64-shippable-qr,amazon-search,True,,,,,,,,,,,,,,,,,,,,,,,,,,,,,,,,,,,,,,,,,,,,,,,,,,TN,,,,,,,,,,
,1744354816,2023-08-22 22:10:32,2471.8,959c2f0abc19c494aba15ae7513fff9f59631cc1,1290435,autoland,LastVisualChange,True,amazon-search LastVisualChange opt cold webrender,,77,ms,geckoview,False,|c|o|l|d| |w|e|b|r|e|n|d|e|r|,,4361205,13,8bad20cfa5c21f9f330712163e9ddf6ea850f908,102210fe594ee9b33d82058545b1ed14f4c8206e,android-hw-a51-11-0-aarch64-shippable-qr,amazon-search,True,,,,,,,,,,,,,,,,,,,,,,,,,,,,,,,,,,,,,,,,,,,,,,,,,,TN,,,,,,,,,,
,1744439329,2023-08-23 02:11:44,2440.4,df1f27dc099011a97267a844e60b1350575fc73c,1290482,autoland,LastVisualChange,True,amazon-search LastVisualChange opt cold webrender,,77,ms,geckoview,False,|c|o|l|d| |w|e|b|r|e|n|d|e|r|,,4361205,13,8bad20cfa5c21f9f330712163e9ddf6ea850f908,102210fe594ee9b33d82058545b1ed14f4c8206e,android-hw-a51-11-0-aarch64-shippable-qr,amazon-search,True,,,,,,,,,,,,,,,,,,,,,,,,,,,,,,,,,,,,,,,,,,,,,,,,,,TN,,,,,,,,,,
,1744540923,2023-08-23 06:45:25,2466.1,991ab6dbc55b4783dc5a6f561a9cc22cb4408e38,1290546,autoland,LastVisualChange,True,amazon-search LastVisualChange opt cold webrender,,77,ms,geckoview,False,|c|o|l|d| |w|e|b|r|e|n|d|e|r|,,4361205,13,8bad20cfa5c21f9f330712163e9ddf6ea850f908,102210fe594ee9b33d82058545b1ed14f4c8206e,android-hw-a51-11-0-aarch64-shippable-qr,amazon-search,True,,,,,,,,,,,,,,,,,,,,,,,,,,,,,,,,,,,,,,,,,,,,,,,,,,TN,,,,,,,,,,
,1744559449,2023-08-23 07:14:41,2419.3,4a4d5e64aec5efa71e7c743f4c968544faee5332,1290556,autoland,LastVisualChange,True,amazon-search LastVisualChange opt cold webrender,,77,ms,geckoview,False,|c|o|l|d| |w|e|b|r|e|n|d|e|r|,,4361205,13,8bad20cfa5c21f9f330712163e9ddf6ea850f908,102210fe594ee9b33d82058545b1ed14f4c8206e,android-hw-a51-11-0-aarch64-shippable-qr,amazon-search,True,,,,,,,,,,,,,,,,,,,,,,,,,,,,,,,,,,,,,,,,,,,,,,,,,,TN,,,,,,,,,,
,1744675568,2023-08-23 11:20:43,2353.9,c3bfc7b73e9fc06ec28663e6501728233eb0d574,1290592,autoland,LastVisualChange,True,amazon-search LastVisualChange opt cold webrender,,77,ms,geckoview,False,|c|o|l|d| |w|e|b|r|e|n|d|e|r|,,4361205,13,8bad20cfa5c21f9f330712163e9ddf6ea850f908,102210fe594ee9b33d82058545b1ed14f4c8206e,android-hw-a51-11-0-aarch64-shippable-qr,amazon-search,True,,,,,,,,,,,,,,,,,,,,,,,,,,,,,,,,,,,,,,,,,,,,,,,,,,TN,,,,,,,,,,
,1744768967,2023-08-23 15:20:56,2362.4,a7db5ff392b1f3d18507813fbd65458438b3cbc4,1290685,autoland,LastVisualChange,True,amazon-search LastVisualChange opt cold webrender,,77,ms,geckoview,False,|c|o|l|d| |w|e|b|r|e|n|d|e|r|,,4361205,13,8bad20cfa5c21f9f330712163e9ddf6ea850f908,102210fe594ee9b33d82058545b1ed14f4c8206e,android-hw-a51-11-0-aarch64-shippable-qr,amazon-search,True,,,,,,,,,,,,,,,,,,,,,,,,,,,,,,,,,,,,,,,,,,,,,,,,,,TN,,,,,,,,,,
,1744811779,2023-08-23 16:55:50,2432.2,40a8041d06707a315c5f6e4b541dbe805bf34ec7,1290727,autoland,LastVisualChange,True,amazon-search LastVisualChange opt cold webrender,,77,ms,geckoview,False,|c|o|l|d| |w|e|b|r|e|n|d|e|r|,,4361205,13,8bad20cfa5c21f9f330712163e9ddf6ea850f908,102210fe594ee9b33d82058545b1ed14f4c8206e,android-hw-a51-11-0-aarch64-shippable-qr,amazon-search,True,,,,,,,,,,,,,,,,,,,,,,,,,,,,,,,,,,,,,,,,,,,,,,,,,,TN,,,,,,,,,,
,1744905071,2023-08-23 20:58:03,2382.1,b5371614cd5a3e19ca3e500a87546023aea8eb5d,1290847,autoland,LastVisualChange,True,amazon-search LastVisualChange opt cold webrender,,77,ms,geckoview,False,|c|o|l|d| |w|e|b|r|e|n|d|e|r|,,4361205,13,8bad20cfa5c21f9f330712163e9ddf6ea850f908,102210fe594ee9b33d82058545b1ed14f4c8206e,android-hw-a51-11-0-aarch64-shippable-qr,amazon-search,True,,,,,,,,,,,,,,,,,,,,,,,,,,,,,,,,,,,,,,,,,,,,,,,,,,TN,,,,,,,,,,
,1744994445,2023-08-23 22:59:05,2459.4,25936c5809e05c5b5d28810efdfb0af9bb2f1792,1290874,autoland,LastVisualChange,True,amazon-search LastVisualChange opt cold webrender,,77,ms,geckoview,False,|c|o|l|d| |w|e|b|r|e|n|d|e|r|,,4361205,13,8bad20cfa5c21f9f330712163e9ddf6ea850f908,102210fe594ee9b33d82058545b1ed14f4c8206e,android-hw-a51-11-0-aarch64-shippable-qr,amazon-search,True,,,,,,,,,,,,,,,,,,,,,,,,,,,,,,,,,,,,,,,,,,,,,,,,,,TN,,,,,,,,,,
,1745107494,2023-08-24 03:53:22,2437.1,332b088b314103bc02b008e08f1567f092cd6ca1,1290918,autoland,LastVisualChange,True,amazon-search LastVisualChange opt cold webrender,,77,ms,geckoview,False,|c|o|l|d| |w|e|b|r|e|n|d|e|r|,,4361205,13,8bad20cfa5c21f9f330712163e9ddf6ea850f908,102210fe594ee9b33d82058545b1ed14f4c8206e,android-hw-a51-11-0-aarch64-shippable-qr,amazon-search,True,,,,,,,,,,,,,,,,,,,,,,,,,,,,,,,,,,,,,,,,,,,,,,,,,,TN,,,,,,,,,,
,1745199976,2023-08-24 11:04:38,2434.9,fbbf71ea5127f6cc74aab13a3817349afe93580c,1291003,autoland,LastVisualChange,True,amazon-search LastVisualChange opt cold webrender,,77,ms,geckoview,False,|c|o|l|d| |w|e|b|r|e|n|d|e|r|,,4361205,13,8bad20cfa5c21f9f330712163e9ddf6ea850f908,102210fe594ee9b33d82058545b1ed14f4c8206e,android-hw-a51-11-0-aarch64-shippable-qr,amazon-search,True,,,,,,,,,,,,,,,,,,,,,,,,,,,,,,,,,,,,,,,,,,,,,,,,,,TN,,,,,,,,,,
,1745338890,2023-08-24 13:41:33,2381.9,9d2df5cf36fbb1712a62be68c4a309e2451e2d35,1291057,autoland,LastVisualChange,True,amazon-search LastVisualChange opt cold webrender,,77,ms,geckoview,False,|c|o|l|d| |w|e|b|r|e|n|d|e|r|,,4361205,13,8bad20cfa5c21f9f330712163e9ddf6ea850f908,102210fe594ee9b33d82058545b1ed14f4c8206e,android-hw-a51-11-0-aarch64-shippable-qr,amazon-search,True,,,,,,,,,,,,,,,,,,,,,,,,,,,,,,,,,,,,,,,,,,,,,,,,,,TN,,,,,,,,,,
,1745495819,2023-08-24 18:48:40,2407.7,6089e7f0fa57a29c6d080f135f65e146c34457d8,1291216,autoland,LastVisualChange,True,amazon-search LastVisualChange opt cold webrender,,77,ms,geckoview,False,|c|o|l|d| |w|e|b|r|e|n|d|e|r|,,4361205,13,8bad20cfa5c21f9f330712163e9ddf6ea850f908,102210fe594ee9b33d82058545b1ed14f4c8206e,android-hw-a51-11-0-aarch64-shippable-qr,amazon-search,True,,,,,,,,,,,,,,,,,,,,,,,,,,,,,,,,,,,,,,,,,,,,,,,,,,TN,,,,,,,,,,
,1745651347,2023-08-25 00:48:43,2354.2,0129f728663fcc0bcc1f816e006f1eb2635780e4,1291339,autoland,LastVisualChange,True,amazon-search LastVisualChange opt cold webrender,,77,ms,geckoview,False,|c|o|l|d| |w|e|b|r|e|n|d|e|r|,,4361205,13,8bad20cfa5c21f9f330712163e9ddf6ea850f908,102210fe594ee9b33d82058545b1ed14f4c8206e,android-hw-a51-11-0-aarch64-shippable-qr,amazon-search,True,,,,,,,,,,,,,,,,,,,,,,,,,,,,,,,,,,,,,,,,,,,,,,,,,,TN,,,,,,,,,,
,1745816918,2023-08-25 11:24:50,2394.2,e5ba3b52ebac2d2582cecd6122443fc024cd24c9,1291437,autoland,LastVisualChange,True,amazon-search LastVisualChange opt cold webrender,,77,ms,geckoview,False,|c|o|l|d| |w|e|b|r|e|n|d|e|r|,,4361205,13,8bad20cfa5c21f9f330712163e9ddf6ea850f908,102210fe594ee9b33d82058545b1ed14f4c8206e,android-hw-a51-11-0-aarch64-shippable-qr,amazon-search,True,,,,,,,,,,,,,,,,,,,,,,,,,,,,,,,,,,,,,,,,,,,,,,,,,,TN,,,,,,,,,,
,1746017397,2023-08-25 15:32:54,2420.1,059b77df2394c7caf1061e1b817e004878738efa,1291507,autoland,LastVisualChange,True,amazon-search LastVisualChange opt cold webrender,,77,ms,geckoview,False,|c|o|l|d| |w|e|b|r|e|n|d|e|r|,,4361205,13,8bad20cfa5c21f9f330712163e9ddf6ea850f908,102210fe594ee9b33d82058545b1ed14f4c8206e,android-hw-a51-11-0-aarch64-shippable-qr,amazon-search,True,,,,,,,,,,,,,,,,,,,,,,,,,,,,,,,,,,,,,,,,,,,,,,,,,,TN,,,,,,,,,,
,1746093872,2023-08-25 19:36:02,2388.7,47efe79717796bf6f3a70e5733e99a98b0d9fad4,1291599,autoland,LastVisualChange,True,amazon-search LastVisualChange opt cold webrender,,77,ms,geckoview,False,|c|o|l|d| |w|e|b|r|e|n|d|e|r|,,4361205,13,8bad20cfa5c21f9f330712163e9ddf6ea850f908,102210fe594ee9b33d82058545b1ed14f4c8206e,android-hw-a51-11-0-aarch64-shippable-qr,amazon-search,True,,,,,,,,,,,,,,,,,,,,,,,,,,,,,,,,,,,,,,,,,,,,,,,,,,TN,,,,,,,,,,
,1746239795,2023-08-26 03:22:14,2432.5,ddc3d1e9268d9abde51f1082490491f544286b16,1291695,autoland,LastVisualChange,True,amazon-search LastVisualChange opt cold webrender,,77,ms,geckoview,False,|c|o|l|d| |w|e|b|r|e|n|d|e|r|,,4361205,13,8bad20cfa5c21f9f330712163e9ddf6ea850f908,102210fe594ee9b33d82058545b1ed14f4c8206e,android-hw-a51-11-0-aarch64-shippable-qr,amazon-search,True,,,,,,,,,,,,,,,,,,,,,,,,,,,,,,,,,,,,,,,,,,,,,,,,,,TN,,,,,,,,,,
,1746385336,2023-08-26 13:17:30,2396.1,cc8d561a9b401f3ebfda56de56c018b287d8b340,1291872,autoland,LastVisualChange,True,amazon-search LastVisualChange opt cold webrender,,77,ms,geckoview,False,|c|o|l|d| |w|e|b|r|e|n|d|e|r|,,4361205,13,8bad20cfa5c21f9f330712163e9ddf6ea850f908,102210fe594ee9b33d82058545b1ed14f4c8206e,android-hw-a51-11-0-aarch64-shippable-qr,amazon-search,True,,,,,,,,,,,,,,,,,,,,,,,,,,,,,,,,,,,,,,,,,,,,,,,,,,TN,,,,,,,,,,
,1746597165,2023-08-26 23:47:49,2493.5,140288e1dd6073b83aa67b725aa9a96945374a82,1292019,autoland,LastVisualChange,True,amazon-search LastVisualChange opt cold webrender,,77,ms,geckoview,False,|c|o|l|d| |w|e|b|r|e|n|d|e|r|,,4361205,13,8bad20cfa5c21f9f330712163e9ddf6ea850f908,102210fe594ee9b33d82058545b1ed14f4c8206e,android-hw-a51-11-0-aarch64-shippable-qr,amazon-search,True,,,,,,,,,,,,,,,,,,,,,,,,,,,,,,,,,,,,,,,,,,,,,,,,,,TN,,,,,,,,,,
,1746730113,2023-08-27 23:31:15,2473.0,6aaf2cf582814f5a76c09fa2ac7cc760a5886134,1292080,autoland,LastVisualChange,True,amazon-search LastVisualChange opt cold webrender,,77,ms,geckoview,False,|c|o|l|d| |w|e|b|r|e|n|d|e|r|,,4361205,13,8bad20cfa5c21f9f330712163e9ddf6ea850f908,102210fe594ee9b33d82058545b1ed14f4c8206e,android-hw-a51-11-0-aarch64-shippable-qr,amazon-search,True,,,,,,,,,,,,,,,,,,,,,,,,,,,,,,,,,,,,,,,,,,,,,,,,,,TN,,,,,,,,,,
,1746879136,2023-08-28 10:38:35,2483.9,2303dc7d775759ce8737630e7762c69d2beac062,1292181,autoland,LastVisualChange,True,amazon-search LastVisualChange opt cold webrender,,77,ms,geckoview,False,|c|o|l|d| |w|e|b|r|e|n|d|e|r|,,4361205,13,8bad20cfa5c21f9f330712163e9ddf6ea850f908,102210fe594ee9b33d82058545b1ed14f4c8206e,android-hw-a51-11-0-aarch64-shippable-qr,amazon-search,True,,,,,,,,,,,,,,,,,,,,,,,,,,,,,,,,,,,,,,,,,,,,,,,,,,TN,,,,,,,,,,
,1747027733,2023-08-28 14:50:25,2403.1,f8e518c6ab37a0144872f6158300e1de85034002,1292276,autoland,LastVisualChange,True,amazon-search LastVisualChange opt cold webrender,,77,ms,geckoview,False,|c|o|l|d| |w|e|b|r|e|n|d|e|r|,,4361205,13,8bad20cfa5c21f9f330712163e9ddf6ea850f908,102210fe594ee9b33d82058545b1ed14f4c8206e,android-hw-a51-11-0-aarch64-shippable-qr,amazon-search,True,,,,,,,,,,,,,,,,,,,,,,,,,,,,,,,,,,,,,,,,,,,,,,,,,,TN,,,,,,,,,,
,1747061800,2023-08-28 18:02:15,2406.9,7ef66afbcd94bc7787448a9d797ec662b02fe58a,1292360,autoland,LastVisualChange,True,amazon-search LastVisualChange opt cold webrender,,77,ms,geckoview,False,|c|o|l|d| |w|e|b|r|e|n|d|e|r|,,4361205,13,8bad20cfa5c21f9f330712163e9ddf6ea850f908,102210fe594ee9b33d82058545b1ed14f4c8206e,android-hw-a51-11-0-aarch64-shippable-qr,amazon-search,True,,,,,,,,,,,,,,,,,,,,,,,,,,,,,,,,,,,,,,,,,,,,,,,,,,TN,,,,,,,,,,
,1747147096,2023-08-28 20:37:08,2421.2,9451de3148827dbd587f22175b6c0453c7a605db,1292463,autoland,LastVisualChange,True,amazon-search LastVisualChange opt cold webrender,,77,ms,geckoview,False,|c|o|l|d| |w|e|b|r|e|n|d|e|r|,,4361205,13,8bad20cfa5c21f9f330712163e9ddf6ea850f908,102210fe594ee9b33d82058545b1ed14f4c8206e,android-hw-a51-11-0-aarch64-shippable-qr,amazon-search,True,,,,,,,,,,,,,,,,,,,,,,,,,,,,,,,,,,,,,,,,,,,,,,,,,,TN,,,,,,,,,,
,1747253974,2023-08-29 02:20:20,2405.6,4cca72b5cd903bbb8bdc66098aaeb1eb12d8dddd,1292618,autoland,LastVisualChange,True,amazon-search LastVisualChange opt cold webrender,,77,ms,geckoview,False,|c|o|l|d| |w|e|b|r|e|n|d|e|r|,,4361205,13,8bad20cfa5c21f9f330712163e9ddf6ea850f908,102210fe594ee9b33d82058545b1ed14f4c8206e,android-hw-a51-11-0-aarch64-shippable-qr,amazon-search,True,,,,,,,,,,,,,,,,,,,,,,,,,,,,,,,,,,,,,,,,,,,,,,,,,,TN,,,,,,,,,,
,1747268077,2023-08-29 03:02:37,2498.7,f79fe732a6b523e66f30e056118cdd2cff02a5ca,1292639,autoland,LastVisualChange,True,amazon-search LastVisualChange opt cold webrender,,77,ms,geckoview,False,|c|o|l|d| |w|e|b|r|e|n|d|e|r|,,4361205,13,8bad20cfa5c21f9f330712163e9ddf6ea850f908,102210fe594ee9b33d82058545b1ed14f4c8206e,android-hw-a51-11-0-aarch64-shippable-qr,amazon-search,True,,,,,,,,,,,,,,,,,,,,,,,,,,,,,,,,,,,,,,,,,,,,,,,,,,TN,,,,,,,,,,
,1747351815,2023-08-29 07:11:54,2405.0,801325776b1492f30ec6ac7c770000fa8c894d2a,1292691,autoland,LastVisualChange,True,amazon-search LastVisualChange opt cold webrender,,77,ms,geckoview,False,|c|o|l|d| |w|e|b|r|e|n|d|e|r|,,4361205,13,8bad20cfa5c21f9f330712163e9ddf6ea850f908,102210fe594ee9b33d82058545b1ed14f4c8206e,android-hw-a51-11-0-aarch64-shippable-qr,amazon-search,True,,,,,,,,,,,,,,,,,,,,,,,,,,,,,,,,,,,,,,,,,,,,,,,,,,TN,,,,,,,,,,
,1747448022,2023-08-29 11:18:23,2457.4,843a6e4db35622bdd606d6cdd7c0f1a05828a89e,1292770,autoland,LastVisualChange,True,amazon-search LastVisualChange opt cold webrender,,77,ms,geckoview,False,|c|o|l|d| |w|e|b|r|e|n|d|e|r|,,4361205,13,8bad20cfa5c21f9f330712163e9ddf6ea850f908,102210fe594ee9b33d82058545b1ed14f4c8206e,android-hw-a51-11-0-aarch64-shippable-qr,amazon-search,True,,,,,,,,,,,,,,,,,,,,,,,,,,,,,,,,,,,,,,,,,,,,,,,,,,TN,,,,,,,,,,
,1747489585,2023-08-29 11:21:44,2411.4,abe9789555b5960e5b395aba02b4891c388e4839,1292771,autoland,LastVisualChange,True,amazon-search LastVisualChange opt cold webrender,,77,ms,geckoview,False,|c|o|l|d| |w|e|b|r|e|n|d|e|r|,,4361205,13,8bad20cfa5c21f9f330712163e9ddf6ea850f908,102210fe594ee9b33d82058545b1ed14f4c8206e,android-hw-a51-11-0-aarch64-shippable-qr,amazon-search,True,,,,,,,,,,,,,,,,,,,,,,,,,,,,,,,,,,,,,,,,,,,,,,,,,,TN,,,,,,,,,,
,1747695918,2023-08-29 16:25:43,2498.8,0bb8944a5c2a783f353dc7595b2171844923a934,1292913,autoland,LastVisualChange,True,amazon-search LastVisualChange opt cold webrender,,77,ms,geckoview,False,|c|o|l|d| |w|e|b|r|e|n|d|e|r|,,4361205,13,8bad20cfa5c21f9f330712163e9ddf6ea850f908,102210fe594ee9b33d82058545b1ed14f4c8206e,android-hw-a51-11-0-aarch64-shippable-qr,amazon-search,True,,,,,,,,,,,,,,,,,,,,,,,,,,,,,,,,,,,,,,,,,,,,,,,,,,TN,,,,,,,,,,
,1747826835,2023-08-29 20:54:58,2425.1,16c71fac642647b97c85d086e54342a5addaaf13,1293039,autoland,LastVisualChange,True,amazon-search LastVisualChange opt cold webrender,,77,ms,geckoview,False,|c|o|l|d| |w|e|b|r|e|n|d|e|r|,,4361205,13,8bad20cfa5c21f9f330712163e9ddf6ea850f908,102210fe594ee9b33d82058545b1ed14f4c8206e,android-hw-a51-11-0-aarch64-shippable-qr,amazon-search,True,,,,,,,,,,,,,,,,,,,,,,,,,,,,,,,,,,,,,,,,,,,,,,,,,,TN,,,,,,,,,,
,1747859921,2023-08-30 01:49:26,2534.6,34dcd8f28e9a642600425b3383df225859ea91cd,1293133,autoland,LastVisualChange,True,amazon-search LastVisualChange opt cold webrender,,77,ms,geckoview,False,|c|o|l|d| |w|e|b|r|e|n|d|e|r|,,4361205,13,8bad20cfa5c21f9f330712163e9ddf6ea850f908,102210fe594ee9b33d82058545b1ed14f4c8206e,android-hw-a51-11-0-aarch64-shippable-qr,amazon-search,True,,,,,,,,,,,,,,,,,,,,,,,,,,,,,,,,,,,,,,,,,,,,,,,,,,TN,,,,,,,,,,
,1748087267,2023-08-30 13:43:19,2501.8,379bb5e39311a7878ea31b7eb0dd39fdef1ab15a,1293343,autoland,LastVisualChange,True,amazon-search LastVisualChange opt cold webrender,,77,ms,geckoview,False,|c|o|l|d| |w|e|b|r|e|n|d|e|r|,,4361205,13,8bad20cfa5c21f9f330712163e9ddf6ea850f908,102210fe594ee9b33d82058545b1ed14f4c8206e,android-hw-a51-11-0-aarch64-shippable-qr,amazon-search,True,,,,,,,,,,,,,,,,,,,,,,,,,,,,,,,,,,,,,,,,,,,,,,,,,,TN,,,,,,,,,,
,1748163291,2023-08-30 20:58:03,2410.8,7643e2c34ec4fce31fb741b2e7003adc7e547e36,1293585,autoland,LastVisualChange,True,amazon-search LastVisualChange opt cold webrender,,77,ms,geckoview,False,|c|o|l|d| |w|e|b|r|e|n|d|e|r|,,4361205,13,8bad20cfa5c21f9f330712163e9ddf6ea850f908,102210fe594ee9b33d82058545b1ed14f4c8206e,android-hw-a51-11-0-aarch64-shippable-qr,amazon-search,True,,,,,,,,,,,,,,,,,,,,,,,,,,,,,,,,,,,,,,,,,,,,,,,,,,TN,,,,,,,,,,
,1748209663,2023-08-30 23:31:09,2435.5,8db6a3b432759fd37b677c455c7d9ecedafd7e77,1293654,autoland,LastVisualChange,True,amazon-search LastVisualChange opt cold webrender,,77,ms,geckoview,False,|c|o|l|d| |w|e|b|r|e|n|d|e|r|,,4361205,13,8bad20cfa5c21f9f330712163e9ddf6ea850f908,102210fe594ee9b33d82058545b1ed14f4c8206e,android-hw-a51-11-0-aarch64-shippable-qr,amazon-search,True,,,,,,,,,,,,,,,,,,,,,,,,,,,,,,,,,,,,,,,,,,,,,,,,,,TN,,,,,,,,,,
,1748256835,2023-08-31 03:36:38,2564.0,bcc1470439818e29a38c29432af9fd130b8ec931,1293720,autoland,LastVisualChange,True,amazon-search LastVisualChange opt cold webrender,,77,ms,geckoview,False,|c|o|l|d| |w|e|b|r|e|n|d|e|r|,,4361205,13,8bad20cfa5c21f9f330712163e9ddf6ea850f908,102210fe594ee9b33d82058545b1ed14f4c8206e,android-hw-a51-11-0-aarch64-shippable-qr,amazon-search,True,,,,,,,,,,,,,,,,,,,,,,,,,,,,,,,,,,,,,,,,,,,,,,,,,,TN,,,,,,,,,,
,1748340281,2023-08-31 09:19:24,2486.0,e2d1d56b4cb882f210d71f021a2f804a56d718e6,1293811,autoland,LastVisualChange,True,amazon-search LastVisualChange opt cold webrender,,77,ms,geckoview,False,|c|o|l|d| |w|e|b|r|e|n|d|e|r|,,4361205,13,8bad20cfa5c21f9f330712163e9ddf6ea850f908,102210fe594ee9b33d82058545b1ed14f4c8206e,android-hw-a51-11-0-aarch64-shippable-qr,amazon-search,True,,,,,,,,,,,,,,,,,,,,,,,,,,,,,,,,,,,,,,,,,,,,,,,,,,TN,,,,,,,,,,
,1748459777,2023-08-31 14:04:37,2399.5,79fd00522da11013e2076ceccfd842c54d2f0822,1293937,autoland,LastVisualChange,True,amazon-search LastVisualChange opt cold webrender,,77,ms,geckoview,False,|c|o|l|d| |w|e|b|r|e|n|d|e|r|,,4361205,13,8bad20cfa5c21f9f330712163e9ddf6ea850f908,102210fe594ee9b33d82058545b1ed14f4c8206e,android-hw-a51-11-0-aarch64-shippable-qr,amazon-search,True,,,,,,,,,,,,,,,,,,,,,,,,,,,,,,,,,,,,,,,,,,,,,,,,,,TN,,,,,,,,,,
,1748588554,2023-08-31 18:09:30,2529.9,bd48139a6966dfb067c7b31bdf2021bd85a1f6a9,1294069,autoland,LastVisualChange,True,amazon-search LastVisualChange opt cold webrender,,77,ms,geckoview,False,|c|o|l|d| |w|e|b|r|e|n|d|e|r|,,4361205,13,8bad20cfa5c21f9f330712163e9ddf6ea850f908,102210fe594ee9b33d82058545b1ed14f4c8206e,android-hw-a51-11-0-aarch64-shippable-qr,amazon-search,True,,,,,,,,,,,,,,,,,,,,,,,,,,,,,,,,,,,,,,,,,,,,,,,,,,TN,,,,,,,,,,
,1748645815,2023-08-31 19:33:29,2455.5,a0d77e120c268cc1e877891df07436c1128dde4f,1294123,autoland,LastVisualChange,True,amazon-search LastVisualChange opt cold webrender,,77,ms,geckoview,False,|c|o|l|d| |w|e|b|r|e|n|d|e|r|,,4361205,13,8bad20cfa5c21f9f330712163e9ddf6ea850f908,102210fe594ee9b33d82058545b1ed14f4c8206e,android-hw-a51-11-0-aarch64-shippable-qr,amazon-search,True,,,,,,,,,,,,,,,,,,,,,,,,,,,,,,,,,,,,,,,,,,,,,,,,,,TN,,,,,,,,,,
,1748779462,2023-09-01 00:39:38,2787.5,27ce38e0ae179241f6afc83c246df3113fc76eb5,1294315,autoland,LastVisualChange,True,amazon-search LastVisualChange opt cold webrender,,77,ms,geckoview,False,|c|o|l|d| |w|e|b|r|e|n|d|e|r|,,4361205,13,8bad20cfa5c21f9f330712163e9ddf6ea850f908,102210fe594ee9b33d82058545b1ed14f4c8206e,android-hw-a51-11-0-aarch64-shippable-qr,amazon-search,True,,,,,,,,,,,,,,,,,,,,,,,,,,,,,,,,,,,,,,,,,,,,,,,,,,TN,,,,,,,,,,
,1748763931,2023-09-01 01:00:26,2441.0,9034f1db1295f77ef75c8afa9ac280788649b1c4,1294322,autoland,LastVisualChange,True,amazon-search LastVisualChange opt cold webrender,,77,ms,geckoview,False,|c|o|l|d| |w|e|b|r|e|n|d|e|r|,,4361205,13,8bad20cfa5c21f9f330712163e9ddf6ea850f908,102210fe594ee9b33d82058545b1ed14f4c8206e,android-hw-a51-11-0-aarch64-shippable-qr,amazon-search,True,,,,,,,,,,,,,,,,,,,,,,,,,,,,,,,,,,,,,,,,,,,,,,,,,,TN,,,,,,,,,,
,1748908753,2023-09-01 06:26:09,2453.0,ae769caa17a3a27e7fed2cfd78ea439adf051dc8,1294426,autoland,LastVisualChange,True,amazon-search LastVisualChange opt cold webrender,,77,ms,geckoview,False,|c|o|l|d| |w|e|b|r|e|n|d|e|r|,,4361205,13,8bad20cfa5c21f9f330712163e9ddf6ea850f908,102210fe594ee9b33d82058545b1ed14f4c8206e,android-hw-a51-11-0-aarch64-shippable-qr,amazon-search,True,,,,,,,,,,,,,,,,,,,,,,,,,,,,,,,,,,,,,,,,,,,,,,,,,,TN,,,,,,,,,,
,1749102888,2023-09-01 10:42:21,2556.6,2e446d8859cc4a60faa49f68ed5445c534e47850,1294509,autoland,LastVisualChange,True,amazon-search LastVisualChange opt cold webrender,,77,ms,geckoview,False,|c|o|l|d| |w|e|b|r|e|n|d|e|r|,,4361205,13,8bad20cfa5c21f9f330712163e9ddf6ea850f908,102210fe594ee9b33d82058545b1ed14f4c8206e,android-hw-a51-11-0-aarch64-shippable-qr,amazon-search,True,,,,,,,,,,,,,,,,,,,,,,,,,,,,,,,,,,,,,,,,,,,,,,,,,,TN,,,,,,,,,,
,1749112289,2023-09-01 11:44:59,2525.4,bf57203fdaf0f91ccecca73cc02286e5c20686be,1294532,autoland,LastVisualChange,True,amazon-search LastVisualChange opt cold webrender,,77,ms,geckoview,False,|c|o|l|d| |w|e|b|r|e|n|d|e|r|,,4361205,13,8bad20cfa5c21f9f330712163e9ddf6ea850f908,102210fe594ee9b33d82058545b1ed14f4c8206e,android-hw-a51-11-0-aarch64-shippable-qr,amazon-search,True,,,,,,,,,,,,,,,,,,,,,,,,,,,,,,,,,,,,,,,,,,,,,,,,,,TN,,,,,,,,,,
,1749229324,2023-09-01 15:47:54,2590.7,ad7684944accdb72fb27cae1118a774a95ed9c55,1294651,autoland,LastVisualChange,True,amazon-search LastVisualChange opt cold webrender,,77,ms,geckoview,False,|c|o|l|d| |w|e|b|r|e|n|d|e|r|,,4361205,13,8bad20cfa5c21f9f330712163e9ddf6ea850f908,102210fe594ee9b33d82058545b1ed14f4c8206e,android-hw-a51-11-0-aarch64-shippable-qr,amazon-search,True,,,,,,,,,,,,,,,,,,,,,,,,,,,,,,,,,,,,,,,,,,,,,,,,,,TN,,,,,,,,,,
,1749250731,2023-09-01 17:12:14,2380.2,fccf186ac4e88bf822ac830ba689a15017be05e1,1294691,autoland,LastVisualChange,True,amazon-search LastVisualChange opt cold webrender,,77,ms,geckoview,False,|c|o|l|d| |w|e|b|r|e|n|d|e|r|,,4361205,13,8bad20cfa5c21f9f330712163e9ddf6ea850f908,102210fe594ee9b33d82058545b1ed14f4c8206e,android-hw-a51-11-0-aarch64-shippable-qr,amazon-search,True,,,,,,,,,,,,,,,,,,,,,,,,,,,,,,,,,,,,,,,,,,,,,,,,,,TN,,,,,,,,,,
,1749514612,2023-09-02 01:00:47,2482.0,99eed791079c7b72126fee110226a0f9c519a053,1294900,autoland,LastVisualChange,True,amazon-search LastVisualChange opt cold webrender,,77,ms,geckoview,False,|c|o|l|d| |w|e|b|r|e|n|d|e|r|,,4361205,13,8bad20cfa5c21f9f330712163e9ddf6ea850f908,102210fe594ee9b33d82058545b1ed14f4c8206e,android-hw-a51-11-0-aarch64-shippable-qr,amazon-search,True,,,,,,,,,,,,,,,,,,,,,,,,,,,,,,,,,,,,,,,,,,,,,,,,,,TN,,,,,,,,,,
,1749564700,2023-09-02 06:50:37,2355.6,0d100cd406fac31edd725aaa2ca36c72593b7207,1294943,autoland,LastVisualChange,True,amazon-search LastVisualChange opt cold webrender,,77,ms,geckoview,False,|c|o|l|d| |w|e|b|r|e|n|d|e|r|,,4361205,13,8bad20cfa5c21f9f330712163e9ddf6ea850f908,102210fe594ee9b33d82058545b1ed14f4c8206e,android-hw-a51-11-0-aarch64-shippable-qr,amazon-search,True,,,,,,,,,,,,,,,,,,,,,,,,,,,,,,,,,,,,,,,,,,,,,,,,,,TN,,,,,,,,,,
,1749620862,2023-09-02 11:43:51,2487.9,66f85436a9395093f71f506f8cdc16623cbbb38e,1294960,autoland,LastVisualChange,True,amazon-search LastVisualChange opt cold webrender,,77,ms,geckoview,False,|c|o|l|d| |w|e|b|r|e|n|d|e|r|,,4361205,13,8bad20cfa5c21f9f330712163e9ddf6ea850f908,102210fe594ee9b33d82058545b1ed14f4c8206e,android-hw-a51-11-0-aarch64-shippable-qr,amazon-search,True,,,,,,,,,,,,,,,,,,,,,,,,,,,,,,,,,,,,,,,,,,,,,,,,,,TN,,,,,,,,,,
,1749654873,2023-09-02 16:16:12,2469.7,ee62282ee19c0c3cceebbdb2cd283127260a46d6,1294982,autoland,LastVisualChange,True,amazon-search LastVisualChange opt cold webrender,,77,ms,geckoview,False,|c|o|l|d| |w|e|b|r|e|n|d|e|r|,,4361205,13,8bad20cfa5c21f9f330712163e9ddf6ea850f908,102210fe594ee9b33d82058545b1ed14f4c8206e,android-hw-a51-11-0-aarch64-shippable-qr,amazon-search,True,,,,,,,,,,,,,,,,,,,,,,,,,,,,,,,,,,,,,,,,,,,,,,,,,,TN,,,,,,,,,,
,1749852941,2023-09-03 15:28:00,2411.2,e2d4c17692b7650a5aefa27823ab8cb72dc06fe6,1295071,autoland,LastVisualChange,True,amazon-search LastVisualChange opt cold webrender,,77,ms,geckoview,False,|c|o|l|d| |w|e|b|r|e|n|d|e|r|,,4361205,13,8bad20cfa5c21f9f330712163e9ddf6ea850f908,102210fe594ee9b33d82058545b1ed14f4c8206e,android-hw-a51-11-0-aarch64-shippable-qr,amazon-search,True,,,,,,,,,,,,,,,,,,,,,,,,,,,,,,,,,,,,,,,,,,,,,,,,,,TN,,,,,,,,,,
,1749882073,2023-09-03 17:48:29,2427.4,39747a728e31525f254d25d9fa323a491dda5b09,1295079,autoland,LastVisualChange,True,amazon-search LastVisualChange opt cold webrender,,77,ms,geckoview,False,|c|o|l|d| |w|e|b|r|e|n|d|e|r|,,4361205,13,8bad20cfa5c21f9f330712163e9ddf6ea850f908,102210fe594ee9b33d82058545b1ed14f4c8206e,android-hw-a51-11-0-aarch64-shippable-qr,amazon-search,True,,,,,,,,,,,,,,,,,,,,,,,,,,,,,,,,,,,,,,,,,,,,,,,,,,TN,,,,,,,,,,
,1749973700,2023-09-04 00:54:15,2532.1,9398dc74275ecd37eab02b496051302e67ce059f,1295103,autoland,LastVisualChange,True,amazon-search LastVisualChange opt cold webrender,,77,ms,geckoview,False,|c|o|l|d| |w|e|b|r|e|n|d|e|r|,,4361205,13,8bad20cfa5c21f9f330712163e9ddf6ea850f908,102210fe594ee9b33d82058545b1ed14f4c8206e,android-hw-a51-11-0-aarch64-shippable-qr,amazon-search,True,,,,,,,,,,,,,,,,,,,,,,,,,,,,,,,,,,,,,,,,,,,,,,,,,,TN,,,,,,,,,,
,1750043450,2023-09-04 05:09:42,2393.5,738c0a460acb30ab2ab419f4c0dc93fa9af200d6,1295121,autoland,LastVisualChange,True,amazon-search LastVisualChange opt cold webrender,,77,ms,geckoview,False,|c|o|l|d| |w|e|b|r|e|n|d|e|r|,,4361205,13,8bad20cfa5c21f9f330712163e9ddf6ea850f908,102210fe594ee9b33d82058545b1ed14f4c8206e,android-hw-a51-11-0-aarch64-shippable-qr,amazon-search,True,,,,,,,,,,,,,,,,,,,,,,,,,,,,,,,,,,,,,,,,,,,,,,,,,,TN,,,,,,,,,,
,1750078710,2023-09-04 08:06:31,2530.6,5378e223b13ecd8d32d6afddc956d8bdca322ef0,1295171,autoland,LastVisualChange,True,amazon-search LastVisualChange opt cold webrender,,77,ms,geckoview,False,|c|o|l|d| |w|e|b|r|e|n|d|e|r|,,4361205,13,8bad20cfa5c21f9f330712163e9ddf6ea850f908,102210fe594ee9b33d82058545b1ed14f4c8206e,android-hw-a51-11-0-aarch64-shippable-qr,amazon-search,True,,,,,,,,,,,,,,,,,,,,,,,,,,,,,,,,,,,,,,,,,,,,,,,,,,TN,,,,,,,,,,
,1750216755,2023-09-04 12:17:38,2447.7,16cc1aa2701e0b2cf32665cee19dc11308a4760a,1295286,autoland,LastVisualChange,True,amazon-search LastVisualChange opt cold webrender,,77,ms,geckoview,False,|c|o|l|d| |w|e|b|r|e|n|d|e|r|,,4361205,13,8bad20cfa5c21f9f330712163e9ddf6ea850f908,102210fe594ee9b33d82058545b1ed14f4c8206e,android-hw-a51-11-0-aarch64-shippable-qr,amazon-search,True,,,,,,,,,,,,,,,,,,,,,,,,,,,,,,,,,,,,,,,,,,,,,,,,,,TN,,,,,,,,,,
,1750329429,2023-09-04 20:09:20,2915.9,2c0ab3a7f1f3e1e095a0175f8a6096d10a311a5a,1295407,autoland,LastVisualChange,True,amazon-search LastVisualChange opt cold webrender,,77,ms,geckoview,False,|c|o|l|d| |w|e|b|r|e|n|d|e|r|,,4361205,13,8bad20cfa5c21f9f330712163e9ddf6ea850f908,102210fe594ee9b33d82058545b1ed14f4c8206e,android-hw-a51-11-0-aarch64-shippable-qr,amazon-search,True,,,,,,,,,,,,,,,,,,,,,,,,,,,,,,,,,,,,,,,,,,,,,,,,,,TN,,,,,,,,,,
,1750388951,2023-09-05 01:26:26,2644.5,530fe27f752d2f1fa88cd1013b419d7c1ca1a2e0,1295456,autoland,LastVisualChange,True,amazon-search LastVisualChange opt cold webrender,,77,ms,geckoview,False,|c|o|l|d| |w|e|b|r|e|n|d|e|r|,,4361205,13,8bad20cfa5c21f9f330712163e9ddf6ea850f908,102210fe594ee9b33d82058545b1ed14f4c8206e,android-hw-a51-11-0-aarch64-shippable-qr,amazon-search,True,,,,,,,,,,,,,,,,,,,,,,,,,,,,,,,,,,,,,,,,,,,,,,,,,,TN,,,,,,,,,,
,1750491445,2023-09-05 06:45:05,2439.1,55f5393d14f682f76c2d9f9c857c9f0890ee2a7f,1295504,autoland,LastVisualChange,True,amazon-search LastVisualChange opt cold webrender,,77,ms,geckoview,False,|c|o|l|d| |w|e|b|r|e|n|d|e|r|,,4361205,13,8bad20cfa5c21f9f330712163e9ddf6ea850f908,102210fe594ee9b33d82058545b1ed14f4c8206e,android-hw-a51-11-0-aarch64-shippable-qr,amazon-search,True,,,,,,,,,,,,,,,,,,,,,,,,,,,,,,,,,,,,,,,,,,,,,,,,,,TN,,,,,,,,,,
,1750593390,2023-09-05 11:29:45,2506.1,27708fc6f6648945c105baa6a5c63f9d62f265b5,1295622,autoland,LastVisualChange,True,amazon-search LastVisualChange opt cold webrender,,77,ms,geckoview,False,|c|o|l|d| |w|e|b|r|e|n|d|e|r|,,4361205,13,8bad20cfa5c21f9f330712163e9ddf6ea850f908,102210fe594ee9b33d82058545b1ed14f4c8206e,android-hw-a51-11-0-aarch64-shippable-qr,amazon-search,True,,,,,,,,,,,,,,,,,,,,,,,,,,,,,,,,,,,,,,,,,,,,,,,,,,TN,,,,,,,,,,
,1750613980,2023-09-05 11:45:39,2418.4,42d664dd03163fb19554f6e18c4163b8622b4401,1295627,autoland,LastVisualChange,True,amazon-search LastVisualChange opt cold webrender,,77,ms,geckoview,False,|c|o|l|d| |w|e|b|r|e|n|d|e|r|,,4361205,13,8bad20cfa5c21f9f330712163e9ddf6ea850f908,102210fe594ee9b33d82058545b1ed14f4c8206e,android-hw-a51-11-0-aarch64-shippable-qr,amazon-search,True,,,,,,,,,,,,,,,,,,,,,,,,,,,,,,,,,,,,,,,,,,,,,,,,,,TN,,,,,,,,,,
,1750684744,2023-09-05 15:46:18,2429.3,40053facf08c6ea9bc6a6f5ae223a6faa89ebc08,1295770,autoland,LastVisualChange,True,amazon-search LastVisualChange opt cold webrender,,77,ms,geckoview,False,|c|o|l|d| |w|e|b|r|e|n|d|e|r|,,4361205,13,8bad20cfa5c21f9f330712163e9ddf6ea850f908,102210fe594ee9b33d82058545b1ed14f4c8206e,android-hw-a51-11-0-aarch64-shippable-qr,amazon-search,True,,,,,,,,,,,,,,,,,,,,,,,,,,,,,,,,,,,,,,,,,,,,,,,,,,TN,,,,,,,,,,
,1750758371,2023-09-05 16:15:45,2399.8,08da3ca498f61eb9acb594038c5e764cfb37d735,1295791,autoland,LastVisualChange,True,amazon-search LastVisualChange opt cold webrender,,77,ms,geckoview,False,|c|o|l|d| |w|e|b|r|e|n|d|e|r|,,4361205,13,8bad20cfa5c21f9f330712163e9ddf6ea850f908,102210fe594ee9b33d82058545b1ed14f4c8206e,android-hw-a51-11-0-aarch64-shippable-qr,amazon-search,True,,,,,,,,,,,,,,,,,,,,,,,,,,,,,,,,,,,,,,,,,,,,,,,,,,TN,,,,,,,,,,
,1750831365,2023-09-05 19:25:11,2422.4,e6278ccb302b74ca329c17e5d00508b795c54eec,1295926,autoland,LastVisualChange,True,amazon-search LastVisualChange opt cold webrender,,77,ms,geckoview,False,|c|o|l|d| |w|e|b|r|e|n|d|e|r|,,4361205,13,8bad20cfa5c21f9f330712163e9ddf6ea850f908,102210fe594ee9b33d82058545b1ed14f4c8206e,android-hw-a51-11-0-aarch64-shippable-qr,amazon-search,True,,,,,,,,,,,,,,,,,,,,,,,,,,,,,,,,,,,,,,,,,,,,,,,,,,TN,,,,,,,,,,
,1750965320,2023-09-05 23:38:09,2546.2,b34280e9a0872e3b3f0893cd3bd78bf94b421612,1296071,autoland,LastVisualChange,True,amazon-search LastVisualChange opt cold webrender,,77,ms,geckoview,False,|c|o|l|d| |w|e|b|r|e|n|d|e|r|,,4361205,13,8bad20cfa5c21f9f330712163e9ddf6ea850f908,102210fe594ee9b33d82058545b1ed14f4c8206e,android-hw-a51-11-0-aarch64-shippable-qr,amazon-search,True,,,,,,,,,,,,,,,,,,,,,,,,,,,,,,,,,,,,,,,,,,,,,,,,,,TN,,,,,,,,,,
,1751000417,2023-09-06 00:54:53,2483.4,ff7e2e9adbc1753b1f3e01a3f2eb8a91bb911418,1296116,autoland,LastVisualChange,True,amazon-search LastVisualChange opt cold webrender,,77,ms,geckoview,False,|c|o|l|d| |w|e|b|r|e|n|d|e|r|,,4361205,13,8bad20cfa5c21f9f330712163e9ddf6ea850f908,102210fe594ee9b33d82058545b1ed14f4c8206e,android-hw-a51-11-0-aarch64-shippable-qr,amazon-search,True,,,,,,,,,,,,,,,,,,,,,,,,,,,,,,,,,,,,,,,,,,,,,,,,,,TN,,,,,,,,,,
,1751094307,2023-09-06 05:00:41,2448.2,5c56b92baa65aa27df61f84718594767ef8f26f4,1296186,autoland,LastVisualChange,True,amazon-search LastVisualChange opt cold webrender,,77,ms,geckoview,False,|c|o|l|d| |w|e|b|r|e|n|d|e|r|,,4361205,13,8bad20cfa5c21f9f330712163e9ddf6ea850f908,102210fe594ee9b33d82058545b1ed14f4c8206e,android-hw-a51-11-0-aarch64-shippable-qr,amazon-search,True,,,,,,,,,,,,,,,,,,,,,,,,,,,,,,,,,,,,,,,,,,,,,,,,,,TN,,,,,,,,,,
,1751242791,2023-09-06 10:31:58,2414.2,6631a30338d3de03925f76afd071a29511729440,1296288,autoland,LastVisualChange,True,amazon-search LastVisualChange opt cold webrender,,77,ms,geckoview,False,|c|o|l|d| |w|e|b|r|e|n|d|e|r|,,4361205,13,8bad20cfa5c21f9f330712163e9ddf6ea850f908,102210fe594ee9b33d82058545b1ed14f4c8206e,android-hw-a51-11-0-aarch64-shippable-qr,amazon-search,True,,,,,,,,,,,,,,,,,,,,,,,,,,,,,,,,,,,,,,,,,,,,,,,,,,TN,,,,,,,,,,
,1751265099,2023-09-06 11:18:29,2433.8,e43370e4259f61e0c264dbcef8b45e2862b3c5e8,1296309,autoland,LastVisualChange,True,amazon-search LastVisualChange opt cold webrender,,77,ms,geckoview,False,|c|o|l|d| |w|e|b|r|e|n|d|e|r|,,4361205,13,8bad20cfa5c21f9f330712163e9ddf6ea850f908,102210fe594ee9b33d82058545b1ed14f4c8206e,android-hw-a51-11-0-aarch64-shippable-qr,amazon-search,True,,,,,,,,,,,,,,,,,,,,,,,,,,,,,,,,,,,,,,,,,,,,,,,,,,TN,,,,,,,,,,
,1751352779,2023-09-06 14:28:21,2398.4,0315c2d875ca2a95bbb65ef4a1f7b75f72ed7263,1296418,autoland,LastVisualChange,True,amazon-search LastVisualChange opt cold webrender,,77,ms,geckoview,False,|c|o|l|d| |w|e|b|r|e|n|d|e|r|,,4361205,13,8bad20cfa5c21f9f330712163e9ddf6ea850f908,102210fe594ee9b33d82058545b1ed14f4c8206e,android-hw-a51-11-0-aarch64-shippable-qr,amazon-search,True,,,,,,,,,,,,,,,,,,,,,,,,,,,,,,,,,,,,,,,,,,,,,,,,,,TN,,,,,,,,,,
,1751388323,2023-09-06 18:00:42,2501.4,340378041fcfd986f6c0edb18a81efbc36f930c1,1296561,autoland,LastVisualChange,True,amazon-search LastVisualChange opt cold webrender,,77,ms,geckoview,False,|c|o|l|d| |w|e|b|r|e|n|d|e|r|,,4361205,13,8bad20cfa5c21f9f330712163e9ddf6ea850f908,102210fe594ee9b33d82058545b1ed14f4c8206e,android-hw-a51-11-0-aarch64-shippable-qr,amazon-search,True,,,,,,,,,,,,,,,,,,,,,,,,,,,,,,,,,,,,,,,,,,,,,,,,,,TN,,,,,,,,,,
,1751476921,2023-09-06 21:18:27,2385.1,6e5768f3fc480965c2b67e5006ad8351d30a27b2,1296699,autoland,LastVisualChange,True,amazon-search LastVisualChange opt cold webrender,,77,ms,geckoview,False,|c|o|l|d| |w|e|b|r|e|n|d|e|r|,,4361205,13,8bad20cfa5c21f9f330712163e9ddf6ea850f908,102210fe594ee9b33d82058545b1ed14f4c8206e,android-hw-a51-11-0-aarch64-shippable-qr,amazon-search,True,,,,,,,,,,,,,,,,,,,,,,,,,,,,,,,,,,,,,,,,,,,,,,,,,,TN,,,,,,,,,,
,1751582814,2023-09-07 02:02:33,2439.5,172ac46f5fd5a20a001b2cbed27df0ffb44ef6a6,1296842,autoland,LastVisualChange,True,amazon-search LastVisualChange opt cold webrender,,77,ms,geckoview,False,|c|o|l|d| |w|e|b|r|e|n|d|e|r|,,4361205,13,8bad20cfa5c21f9f330712163e9ddf6ea850f908,102210fe594ee9b33d82058545b1ed14f4c8206e,android-hw-a51-11-0-aarch64-shippable-qr,amazon-search,True,,,,,,,,,,,,,,,,,,,,,,,,,,,,,,,,,,,,,,,,,,,,,,,,,,TN,,,,,,,,,,
,1751662899,2023-09-07 05:47:53,2429.9,c8b40099127c273a58ba6defbe045c55752f0f64,1296880,autoland,LastVisualChange,True,amazon-search LastVisualChange opt cold webrender,,77,ms,geckoview,False,|c|o|l|d| |w|e|b|r|e|n|d|e|r|,,4361205,13,8bad20cfa5c21f9f330712163e9ddf6ea850f908,102210fe594ee9b33d82058545b1ed14f4c8206e,android-hw-a51-11-0-aarch64-shippable-qr,amazon-search,True,,,,,,,,,,,,,,,,,,,,,,,,,,,,,,,,,,,,,,,,,,,,,,,,,,TN,,,,,,,,,,
,1751779019,2023-09-07 10:02:59,2477.1,72c09a220d986d7af3fa78b07b9b87cd943f9ab5,1296967,autoland,LastVisualChange,True,amazon-search LastVisualChange opt cold webrender,,77,ms,geckoview,False,|c|o|l|d| |w|e|b|r|e|n|d|e|r|,,4361205,13,8bad20cfa5c21f9f330712163e9ddf6ea850f908,102210fe594ee9b33d82058545b1ed14f4c8206e,android-hw-a51-11-0-aarch64-shippable-qr,amazon-search,True,,,,,,,,,,,,,,,,,,,,,,,,,,,,,,,,,,,,,,,,,,,,,,,,,,TN,,,,,,,,,,
,1751830666,2023-09-07 12:32:17,2411.2,31aee1c71573016a4a40410e1c41adad2304c430,1297037,autoland,LastVisualChange,True,amazon-search LastVisualChange opt cold webrender,,77,ms,geckoview,False,|c|o|l|d| |w|e|b|r|e|n|d|e|r|,,4361205,13,8bad20cfa5c21f9f330712163e9ddf6ea850f908,102210fe594ee9b33d82058545b1ed14f4c8206e,android-hw-a51-11-0-aarch64-shippable-qr,amazon-search,True,,,,,,,,,,,,,,,,,,,,,,,,,,,,,,,,,,,,,,,,,,,,,,,,,,TN,,,,,,,,,,
,1751930821,2023-09-07 16:05:38,2361.5,be838735b3cf99411aaa287377f080810144f92d,1297179,autoland,LastVisualChange,True,amazon-search LastVisualChange opt cold webrender,,77,ms,geckoview,False,|c|o|l|d| |w|e|b|r|e|n|d|e|r|,,4361205,13,8bad20cfa5c21f9f330712163e9ddf6ea850f908,102210fe594ee9b33d82058545b1ed14f4c8206e,android-hw-a51-11-0-aarch64-shippable-qr,amazon-search,True,,,,,,,,,,,,,,,,,,,,,,,,,,,,,,,,,,,,,,,,,,,,,,,,,,TN,,,,,,,,,,
,1752069048,2023-09-07 18:57:03,2373.4,25b4a7559a80b3970d88de68b2ac92420ca025c8,1297304,autoland,LastVisualChange,True,amazon-search LastVisualChange opt cold webrender,,77,ms,geckoview,False,|c|o|l|d| |w|e|b|r|e|n|d|e|r|,,4361205,13,8bad20cfa5c21f9f330712163e9ddf6ea850f908,102210fe594ee9b33d82058545b1ed14f4c8206e,android-hw-a51-11-0-aarch64-shippable-qr,amazon-search,True,,,,,,,,,,,,,,,,,,,,,,,,,,,,,,,,,,,,,,,,,,,,,,,,,,TN,,,,,,,,,,
,1752225396,2023-09-07 23:16:45,2390.8,6fb5507c20420498c1ebe5f2b6df35394d980f1c,1297446,autoland,LastVisualChange,True,amazon-search LastVisualChange opt cold webrender,,77,ms,geckoview,False,|c|o|l|d| |w|e|b|r|e|n|d|e|r|,,4361205,13,8bad20cfa5c21f9f330712163e9ddf6ea850f908,102210fe594ee9b33d82058545b1ed14f4c8206e,android-hw-a51-11-0-aarch64-shippable-qr,amazon-search,True,,,,,,,,,,,,,,,,,,,,,,,,,,,,,,,,,,,,,,,,,,,,,,,,,,TN,,,,,,,,,,
,1752196644,2023-09-07 23:39:19,2434.7,3096b15a785accc50f5e96ad64eed31ebd5ae045,1297453,autoland,LastVisualChange,True,amazon-search LastVisualChange opt cold webrender,,77,ms,geckoview,False,|c|o|l|d| |w|e|b|r|e|n|d|e|r|,,4361205,13,8bad20cfa5c21f9f330712163e9ddf6ea850f908,102210fe594ee9b33d82058545b1ed14f4c8206e,android-hw-a51-11-0-aarch64-shippable-qr,amazon-search,True,,,,,,,,,,,,,,,,,,,,,,,,,,,,,,,,,,,,,,,,,,,,,,,,,,TN,,,,,,,,,,
,1752321549,2023-09-08 04:28:36,2521.9,9cf29328d69c6278a4d9e184fcf79d33542cb600,1297535,autoland,LastVisualChange,True,amazon-search LastVisualChange opt cold webrender,,77,ms,geckoview,False,|c|o|l|d| |w|e|b|r|e|n|d|e|r|,,4361205,13,8bad20cfa5c21f9f330712163e9ddf6ea850f908,102210fe594ee9b33d82058545b1ed14f4c8206e,android-hw-a51-11-0-aarch64-shippable-qr,amazon-search,True,,,,,,,,,,,,,,,,,,,,,,,,,,,,,,,,,,,,,,,,,,,,,,,,,,TN,,,,,,,,,,
,1752515333,2023-09-08 09:52:44,2437.9,274b1d437629e97813d0b7fe7e8b4912cf84cf32,1297644,autoland,LastVisualChange,True,amazon-search LastVisualChange opt cold webrender,,77,ms,geckoview,False,|c|o|l|d| |w|e|b|r|e|n|d|e|r|,,4361205,13,8bad20cfa5c21f9f330712163e9ddf6ea850f908,102210fe594ee9b33d82058545b1ed14f4c8206e,android-hw-a51-11-0-aarch64-shippable-qr,amazon-search,True,,,,,,,,,,,,,,,,,,,,,,,,,,,,,,,,,,,,,,,,,,,,,,,,,,TN,,,,,,,,,,
,1752684348,2023-09-08 14:14:09,2416.1,822367e291b07b889b553a6beaa660fd1d4bf101,1297788,autoland,LastVisualChange,True,amazon-search LastVisualChange opt cold webrender,,77,ms,geckoview,False,|c|o|l|d| |w|e|b|r|e|n|d|e|r|,,4361205,13,8bad20cfa5c21f9f330712163e9ddf6ea850f908,102210fe594ee9b33d82058545b1ed14f4c8206e,android-hw-a51-11-0-aarch64-shippable-qr,amazon-search,True,,,,,,,,,,,,,,,,,,,,,,,,,,,,,,,,,,,,,,,,,,,,,,,,,,TN,,,,,,,,,,
,1752705379,2023-09-08 14:59:47,2458.5,bde2db6f12ce1100b2bbb4b10916f7be1cf90f3a,1297817,autoland,LastVisualChange,True,amazon-search LastVisualChange opt cold webrender,,77,ms,geckoview,False,|c|o|l|d| |w|e|b|r|e|n|d|e|r|,,4361205,13,8bad20cfa5c21f9f330712163e9ddf6ea850f908,102210fe594ee9b33d82058545b1ed14f4c8206e,android-hw-a51-11-0-aarch64-shippable-qr,amazon-search,True,,,,,,,,,,,,,,,,,,,,,,,,,,,,,,,,,,,,,,,,,,,,,,,,,,TN,,,,,,,,,,
,1752722768,2023-09-08 18:04:40,2463.4,27b2bca6565fd4a7d724617dc2a06ad4433d5e7d,1297929,autoland,LastVisualChange,True,amazon-search LastVisualChange opt cold webrender,,77,ms,geckoview,False,|c|o|l|d| |w|e|b|r|e|n|d|e|r|,,4361205,13,8bad20cfa5c21f9f330712163e9ddf6ea850f908,102210fe594ee9b33d82058545b1ed14f4c8206e,android-hw-a51-11-0-aarch64-shippable-qr,amazon-search,True,,,,,,,,,,,,,,,,,,,,,,,,,,,,,,,,,,,,,,,,,,,,,,,,,,TN,,,,,,,,,,
,1752856776,2023-09-08 22:44:42,2532.6,caabab6fd2b88b34f1344af40c555fed0a039949,1298112,autoland,LastVisualChange,True,amazon-search LastVisualChange opt cold webrender,,77,ms,geckoview,False,|c|o|l|d| |w|e|b|r|e|n|d|e|r|,,4361205,13,8bad20cfa5c21f9f330712163e9ddf6ea850f908,102210fe594ee9b33d82058545b1ed14f4c8206e,android-hw-a51-11-0-aarch64-shippable-qr,amazon-search,True,,,,,,,,,,,,,,,,,,,,,,,,,,,,,,,,,,,,,,,,,,,,,,,,,,TN,,,,,,,,,,
,1752919402,2023-09-09 01:11:00,2372.9,266305ba8989b3072ea042b1a3130ddfb89960e1,1298167,autoland,LastVisualChange,True,amazon-search LastVisualChange opt cold webrender,,77,ms,geckoview,False,|c|o|l|d| |w|e|b|r|e|n|d|e|r|,,4361205,13,8bad20cfa5c21f9f330712163e9ddf6ea850f908,102210fe594ee9b33d82058545b1ed14f4c8206e,android-hw-a51-11-0-aarch64-shippable-qr,amazon-search,True,,,,,,,,,,,,,,,,,,,,,,,,,,,,,,,,,,,,,,,,,,,,,,,,,,TN,,,,,,,,,,
,1752968188,2023-09-09 05:59:08,2432.5,02f7c436b43f486a8aec92c449f2df1fedf9226a,1298196,autoland,LastVisualChange,True,amazon-search LastVisualChange opt cold webrender,,77,ms,geckoview,False,|c|o|l|d| |w|e|b|r|e|n|d|e|r|,,4361205,13,8bad20cfa5c21f9f330712163e9ddf6ea850f908,102210fe594ee9b33d82058545b1ed14f4c8206e,android-hw-a51-11-0-aarch64-shippable-qr,amazon-search,True,,,,,,,,,,,,,,,,,,,,,,,,,,,,,,,,,,,,,,,,,,,,,,,,,,TN,,,,,,,,,,
,1753049310,2023-09-09 12:58:29,2441.7,52b4a28cd9d7623a471a02cb994a2aebbd5d7403,1298223,autoland,LastVisualChange,True,amazon-search LastVisualChange opt cold webrender,,77,ms,geckoview,False,|c|o|l|d| |w|e|b|r|e|n|d|e|r|,,4361205,13,8bad20cfa5c21f9f330712163e9ddf6ea850f908,102210fe594ee9b33d82058545b1ed14f4c8206e,android-hw-a51-11-0-aarch64-shippable-qr,amazon-search,True,,,,,,,,,,,,,,,,,,,,,,,,,,,,,,,,,,,,,,,,,,,,,,,,,,TN,,,,,,,,,,
,1753201228,2023-09-09 23:18:35,2439.1,df18c9cb1487f09a89e27eabbd0819691c70701b,1298263,autoland,LastVisualChange,True,amazon-search LastVisualChange opt cold webrender,,77,ms,geckoview,False,|c|o|l|d| |w|e|b|r|e|n|d|e|r|,,4361205,13,8bad20cfa5c21f9f330712163e9ddf6ea850f908,102210fe594ee9b33d82058545b1ed14f4c8206e,android-hw-a51-11-0-aarch64-shippable-qr,amazon-search,True,,,,,,,,,,,,,,,,,,,,,,,,,,,,,,,,,,,,,,,,,,,,,,,,,,TN,,,,,,,,,,
,1753277104,2023-09-10 03:51:10,2474.9,7faa89970aed2f2e16f538aba1a7465bb6a5ea20,1298271,autoland,LastVisualChange,True,amazon-search LastVisualChange opt cold webrender,,77,ms,geckoview,False,|c|o|l|d| |w|e|b|r|e|n|d|e|r|,,4361205,13,8bad20cfa5c21f9f330712163e9ddf6ea850f908,102210fe594ee9b33d82058545b1ed14f4c8206e,android-hw-a51-11-0-aarch64-shippable-qr,amazon-search,True,,,,,,,,,,,,,,,,,,,,,,,,,,,,,,,,,,,,,,,,,,,,,,,,,,TN,,,,,,,,,,
,1753416521,2023-09-10 10:15:01,2349.0,2e1c2dd8ef65a6914ebc4e0bc0a0a274c31e29bc,1298293,autoland,LastVisualChange,True,amazon-search LastVisualChange opt cold webrender,,77,ms,geckoview,False,|c|o|l|d| |w|e|b|r|e|n|d|e|r|,,4361205,13,8bad20cfa5c21f9f330712163e9ddf6ea850f908,102210fe594ee9b33d82058545b1ed14f4c8206e,android-hw-a51-11-0-aarch64-shippable-qr,amazon-search,True,,,,,,,,,,,,,,,,,,,,,,,,,,,,,,,,,,,,,,,,,,,,,,,,,,TN,,,,,,,,,,
,1753518899,2023-09-10 12:24:34,2375.2,640ad6a53cf88f878095f49f98b720a99c2762bd,1298303,autoland,LastVisualChange,True,amazon-search LastVisualChange opt cold webrender,,77,ms,geckoview,False,|c|o|l|d| |w|e|b|r|e|n|d|e|r|,,4361205,13,8bad20cfa5c21f9f330712163e9ddf6ea850f908,102210fe594ee9b33d82058545b1ed14f4c8206e,android-hw-a51-11-0-aarch64-shippable-qr,amazon-search,True,,,,,,,,,,,,,,,,,,,,,,,,,,,,,,,,,,,,,,,,,,,,,,,,,,TN,,,,,,,,,,
,1753613034,2023-09-10 16:24:53,2477.9,e91d172728590586e38bc431f3dc779479e365d5,1298313,autoland,LastVisualChange,True,amazon-search LastVisualChange opt cold webrender,,77,ms,geckoview,False,|c|o|l|d| |w|e|b|r|e|n|d|e|r|,,4361205,13,8bad20cfa5c21f9f330712163e9ddf6ea850f908,102210fe594ee9b33d82058545b1ed14f4c8206e,android-hw-a51-11-0-aarch64-shippable-qr,amazon-search,True,,,,,,,,,,,,,,,,,,,,,,,,,,,,,,,,,,,,,,,,,,,,,,,,,,TN,,,,,,,,,,
,1753732033,2023-09-10 22:24:39,2468.9,fff502a8f26bdfc51eada3cf32107848bff64a76,1298356,autoland,LastVisualChange,True,amazon-search LastVisualChange opt cold webrender,,77,ms,geckoview,False,|c|o|l|d| |w|e|b|r|e|n|d|e|r|,,4361205,13,8bad20cfa5c21f9f330712163e9ddf6ea850f908,102210fe594ee9b33d82058545b1ed14f4c8206e,android-hw-a51-11-0-aarch64-shippable-qr,amazon-search,True,,,,,,,,,,,,,,,,,,,,,,,,,,,,,,,,,,,,,,,,,,,,,,,,,,TN,,,,,,,,,,
,1753848329,2023-09-11 04:00:08,2459.0,5f5a3f190fdfa0947a671467171ab2b3cee62c38,1298396,autoland,LastVisualChange,True,amazon-search LastVisualChange opt cold webrender,,77,ms,geckoview,False,|c|o|l|d| |w|e|b|r|e|n|d|e|r|,,4361205,13,8bad20cfa5c21f9f330712163e9ddf6ea850f908,102210fe594ee9b33d82058545b1ed14f4c8206e,android-hw-a51-11-0-aarch64-shippable-qr,amazon-search,True,,,,,,,,,,,,,,,,,,,,,,,,,,,,,,,,,,,,,,,,,,,,,,,,,,TN,,,,,,,,,,
,1753903205,2023-09-11 08:01:16,2368.0,35ae39561912dad340dac47c7c1dc3af6ead952b,1298437,autoland,LastVisualChange,True,amazon-search LastVisualChange opt cold webrender,,77,ms,geckoview,False,|c|o|l|d| |w|e|b|r|e|n|d|e|r|,,4361205,13,8bad20cfa5c21f9f330712163e9ddf6ea850f908,102210fe594ee9b33d82058545b1ed14f4c8206e,android-hw-a51-11-0-aarch64-shippable-qr,amazon-search,True,,,,,,,,,,,,,,,,,,,,,,,,,,,,,,,,,,,,,,,,,,,,,,,,,,TN,,,,,,,,,,
,1754022571,2023-09-11 10:09:23,2433.8,16a377bb7b5f9713ac6a5fae21ce043c7de7cd67,1298486,autoland,LastVisualChange,True,amazon-search LastVisualChange opt cold webrender,,77,ms,geckoview,False,|c|o|l|d| |w|e|b|r|e|n|d|e|r|,,4361205,13,8bad20cfa5c21f9f330712163e9ddf6ea850f908,102210fe594ee9b33d82058545b1ed14f4c8206e,android-hw-a51-11-0-aarch64-shippable-qr,amazon-search,True,,,,,,,,,,,,,,,,,,,,,,,,,,,,,,,,,,,,,,,,,,,,,,,,,,TN,,,,,,,,,,
,1754122272,2023-09-11 13:54:23,2449.2,2ea4fd5d517a2b5edf081c9e2ccd8c014f6dc171,1298638,autoland,LastVisualChange,True,amazon-search LastVisualChange opt cold webrender,,77,ms,geckoview,False,|c|o|l|d| |w|e|b|r|e|n|d|e|r|,,4361205,13,8bad20cfa5c21f9f330712163e9ddf6ea850f908,102210fe594ee9b33d82058545b1ed14f4c8206e,android-hw-a51-11-0-aarch64-shippable-qr,amazon-search,True,,,,,,,,,,,,,,,,,,,,,,,,,,,,,,,,,,,,,,,,,,,,,,,,,,TN,,,,,,,,,,
,1754224325,2023-09-11 17:41:44,2449.4,f28ec98bf27ffbc0952af3f4ff0ffec4218a6554,1298761,autoland,LastVisualChange,True,amazon-search LastVisualChange opt cold webrender,,77,ms,geckoview,False,|c|o|l|d| |w|e|b|r|e|n|d|e|r|,,4361205,13,8bad20cfa5c21f9f330712163e9ddf6ea850f908,102210fe594ee9b33d82058545b1ed14f4c8206e,android-hw-a51-11-0-aarch64-shippable-qr,amazon-search,True,,,,,,,,,,,,,,,,,,,,,,,,,,,,,,,,,,,,,,,,,,,,,,,,,,TN,,,,,,,,,,
,1754401138,2023-09-11 21:44:17,2382.7,4a10a12f6006582e936c81baefda439d8f078729,1298874,autoland,LastVisualChange,True,amazon-search LastVisualChange opt cold webrender,,77,ms,geckoview,False,|c|o|l|d| |w|e|b|r|e|n|d|e|r|,,4361205,13,8bad20cfa5c21f9f330712163e9ddf6ea850f908,102210fe594ee9b33d82058545b1ed14f4c8206e,android-hw-a51-11-0-aarch64-shippable-qr,amazon-search,True,,,,,,,,,,,,,,,,,,,,,,,,,,,,,,,,,,,,,,,,,,,,,,,,,,TN,,,,,,,,,,
,1754401168,2023-09-11 21:44:17,2413.8,4a10a12f6006582e936c81baefda439d8f078729,1298874,autoland,LastVisualChange,True,amazon-search LastVisualChange opt cold webrender,,77,ms,geckoview,False,|c|o|l|d| |w|e|b|r|e|n|d|e|r|,,4361205,13,8bad20cfa5c21f9f330712163e9ddf6ea850f908,102210fe594ee9b33d82058545b1ed14f4c8206e,android-hw-a51-11-0-aarch64-shippable-qr,amazon-search,True,,,,,,,,,,,,,,,,,,,,,,,,,,,,,,,,,,,,,,,,,,,,,,,,,,TN,,,,,,,,,,
,1754401057,2023-09-11 21:44:17,2379.9,4a10a12f6006582e936c81baefda439d8f078729,1298874,autoland,LastVisualChange,True,amazon-search LastVisualChange opt cold webrender,,77,ms,geckoview,False,|c|o|l|d| |w|e|b|r|e|n|d|e|r|,,4361205,13,8bad20cfa5c21f9f330712163e9ddf6ea850f908,102210fe594ee9b33d82058545b1ed14f4c8206e,android-hw-a51-11-0-aarch64-shippable-qr,amazon-search,True,,,,,,,,,,,,,,,,,,,,,,,,,,,,,,,,,,,,,,,,,,,,,,,,,,TN,,,,,,,,,,
,1754401114,2023-09-11 21:44:17,2421.6,4a10a12f6006582e936c81baefda439d8f078729,1298874,autoland,LastVisualChange,True,amazon-search LastVisualChange opt cold webrender,,77,ms,geckoview,False,|c|o|l|d| |w|e|b|r|e|n|d|e|r|,,4361205,13,8bad20cfa5c21f9f330712163e9ddf6ea850f908,102210fe594ee9b33d82058545b1ed14f4c8206e,android-hw-a51-11-0-aarch64-shippable-qr,amazon-search,True,,,,,,,,,,,,,,,,,,,,,,,,,,,,,,,,,,,,,,,,,,,,,,,,,,TN,,,,,,,,,,
,1754383713,2023-09-11 22:07:56,2457.4,12882fe96164b756c60fff4549300977b85af06f,1298881,autoland,LastVisualChange,True,amazon-search LastVisualChange opt cold webrender,,77,ms,geckoview,False,|c|o|l|d| |w|e|b|r|e|n|d|e|r|,,4361205,13,8bad20cfa5c21f9f330712163e9ddf6ea850f908,102210fe594ee9b33d82058545b1ed14f4c8206e,android-hw-a51-11-0-aarch64-shippable-qr,amazon-search,True,,,,,,,,,,,,,,,,,,,,,,,,,,,,,,,,,,,,,,,,,,,,,,,,,,TN,,,,,,,,,,
,1754523085,2023-09-12 02:35:45,2436.6,cdcc536589320caec69ec36416058cd46b8d4178,1298976,autoland,LastVisualChange,True,amazon-search LastVisualChange opt cold webrender,,77,ms,geckoview,False,|c|o|l|d| |w|e|b|r|e|n|d|e|r|,,4361205,13,8bad20cfa5c21f9f330712163e9ddf6ea850f908,102210fe594ee9b33d82058545b1ed14f4c8206e,android-hw-a51-11-0-aarch64-shippable-qr,amazon-search,True,,,,,,,,,,,,,,,,,,,,,,,,,,,,,,,,,,,,,,,,,,,,,,,,,,TN,,,,,,,,,,
,1754644351,2023-09-12 07:31:58,2340.9,2e2360c55e7b421532f4d12b7a36a0e0f943a1e9,1299027,autoland,LastVisualChange,True,amazon-search LastVisualChange opt cold webrender,,77,ms,geckoview,False,|c|o|l|d| |w|e|b|r|e|n|d|e|r|,,4361205,13,8bad20cfa5c21f9f330712163e9ddf6ea850f908,102210fe594ee9b33d82058545b1ed14f4c8206e,android-hw-a51-11-0-aarch64-shippable-qr,amazon-search,True,,,,,,,,,,,,,,,,,,,,,,,,,,,,,,,,,,,,,,,,,,,,,,,,,,TN,,,,,,,,,,
,1754760074,2023-09-12 11:48:24,2428.3,4cca882e069d67c3a9a9064ac603b0dca23a5b39,1299122,autoland,LastVisualChange,True,amazon-search LastVisualChange opt cold webrender,,77,ms,geckoview,False,|c|o|l|d| |w|e|b|r|e|n|d|e|r|,,4361205,13,8bad20cfa5c21f9f330712163e9ddf6ea850f908,102210fe594ee9b33d82058545b1ed14f4c8206e,android-hw-a51-11-0-aarch64-shippable-qr,amazon-search,True,,,,,,,,,,,,,,,,,,,,,,,,,,,,,,,,,,,,,,,,,,,,,,,,,,TN,,,,,,,,,,
,1754799264,2023-09-12 12:34:27,2447.3,f302f4a5371614cb2d42fbbe4ddfdd068aae146d,1299141,autoland,LastVisualChange,True,amazon-search LastVisualChange opt cold webrender,,77,ms,geckoview,False,|c|o|l|d| |w|e|b|r|e|n|d|e|r|,,4361205,13,8bad20cfa5c21f9f330712163e9ddf6ea850f908,102210fe594ee9b33d82058545b1ed14f4c8206e,android-hw-a51-11-0-aarch64-shippable-qr,amazon-search,True,,,,,,,,,,,,,,,,,,,,,,,,,,,,,,,,,,,,,,,,,,,,,,,,,,TN,,,,,,,,,,
,1754909497,2023-09-12 16:35:29,2455.0,1b3be6b61583c53c2cb899ffc91c921c022e8162,1299257,autoland,LastVisualChange,True,amazon-search LastVisualChange opt cold webrender,,77,ms,geckoview,False,|c|o|l|d| |w|e|b|r|e|n|d|e|r|,,4361205,13,8bad20cfa5c21f9f330712163e9ddf6ea850f908,102210fe594ee9b33d82058545b1ed14f4c8206e,android-hw-a51-11-0-aarch64-shippable-qr,amazon-search,True,,,,,,,,,,,,,,,,,,,,,,,,,,,,,,,,,,,,,,,,,,,,,,,,,,TN,,,,,,,,,,
,1754991493,2023-09-12 17:51:01,2400.1,c77f534dc9b99192eca371e3917ffc5b504bd055,1299297,autoland,LastVisualChange,True,amazon-search LastVisualChange opt cold webrender,,77,ms,geckoview,False,|c|o|l|d| |w|e|b|r|e|n|d|e|r|,,4361205,13,8bad20cfa5c21f9f330712163e9ddf6ea850f908,102210fe594ee9b33d82058545b1ed14f4c8206e,android-hw-a51-11-0-aarch64-shippable-qr,amazon-search,True,,,,,,,,,,,,,,,,,,,,,,,,,,,,,,,,,,,,,,,,,,,,,,,,,,TN,,,,,,,,,,
,1755147854,2023-09-12 22:44:58,2491.4,0339e9d43c22845d7589528bc8a08eee6b2d5c7a,1299446,autoland,LastVisualChange,True,amazon-search LastVisualChange opt cold webrender,,77,ms,geckoview,False,|c|o|l|d| |w|e|b|r|e|n|d|e|r|,,4361205,13,8bad20cfa5c21f9f330712163e9ddf6ea850f908,102210fe594ee9b33d82058545b1ed14f4c8206e,android-hw-a51-11-0-aarch64-shippable-qr,amazon-search,True,,,,,,,,,,,,,,,,,,,,,,,,,,,,,,,,,,,,,,,,,,,,,,,,,,TN,,,,,,,,,,
,1755164025,2023-09-12 23:09:22,3065.4,d238756ba039d0430074dea8fa1db0c2b75b8184,1299456,autoland,LastVisualChange,True,amazon-search LastVisualChange opt cold webrender,,77,ms,geckoview,False,|c|o|l|d| |w|e|b|r|e|n|d|e|r|,,4361205,13,8bad20cfa5c21f9f330712163e9ddf6ea850f908,102210fe594ee9b33d82058545b1ed14f4c8206e,android-hw-a51-11-0-aarch64-shippable-qr,amazon-search,True,,,,,,,,,,,,,,,,,,,,,,,,,,,,,,,,,,,,,,,,,,,,,,,,,,TN,,,,,,,,,,
,1755228837,2023-09-13 03:21:32,2428.0,daceab96e9588ecb729cc3648c7980f1d9928ef1,1299496,autoland,LastVisualChange,True,amazon-search LastVisualChange opt cold webrender,,77,ms,geckoview,False,|c|o|l|d| |w|e|b|r|e|n|d|e|r|,,4361205,13,8bad20cfa5c21f9f330712163e9ddf6ea850f908,102210fe594ee9b33d82058545b1ed14f4c8206e,android-hw-a51-11-0-aarch64-shippable-qr,amazon-search,True,,,,,,,,,,,,,,,,,,,,,,,,,,,,,,,,,,,,,,,,,,,,,,,,,,TN,,,,,,,,,,
,1755300417,2023-09-13 08:07:28,2407.4,00a66a4ea7d34e12302bd63f68a950cbff5a9ffa,1299529,autoland,LastVisualChange,True,amazon-search LastVisualChange opt cold webrender,,77,ms,geckoview,False,|c|o|l|d| |w|e|b|r|e|n|d|e|r|,,4361205,13,8bad20cfa5c21f9f330712163e9ddf6ea850f908,102210fe594ee9b33d82058545b1ed14f4c8206e,android-hw-a51-11-0-aarch64-shippable-qr,amazon-search,True,,,,,,,,,,,,,,,,,,,,,,,,,,,,,,,,,,,,,,,,,,,,,,,,,,TN,,,,,,,,,,
,1755483755,2023-09-13 11:26:03,2402.4,1a4b8c41b3c3efb7f5870fb99730fc6b08a44cc1,1299625,autoland,LastVisualChange,True,amazon-search LastVisualChange opt cold webrender,,77,ms,geckoview,False,|c|o|l|d| |w|e|b|r|e|n|d|e|r|,,4361205,13,8bad20cfa5c21f9f330712163e9ddf6ea850f908,102210fe594ee9b33d82058545b1ed14f4c8206e,android-hw-a51-11-0-aarch64-shippable-qr,amazon-search,True,,,,,,,,,,,,,,,,,,,,,,,,,,,,,,,,,,,,,,,,,,,,,,,,,,TN,,,,,,,,,,
,1755607653,2023-09-13 15:38:40,2431.8,49a7e292daad5c6727d745e6910b8bde5c3f59a6,1299802,autoland,LastVisualChange,True,amazon-search LastVisualChange opt cold webrender,,77,ms,geckoview,False,|c|o|l|d| |w|e|b|r|e|n|d|e|r|,,4361205,13,8bad20cfa5c21f9f330712163e9ddf6ea850f908,102210fe594ee9b33d82058545b1ed14f4c8206e,android-hw-a51-11-0-aarch64-shippable-qr,amazon-search,True,,,,,,,,,,,,,,,,,,,,,,,,,,,,,,,,,,,,,,,,,,,,,,,,,,TN,,,,,,,,,,
,1755674576,2023-09-13 16:07:42,2411.7,ce9c917d3e22a86f9e2a6fb5d5b68cd6d56fb687,1299823,autoland,LastVisualChange,True,amazon-search LastVisualChange opt cold webrender,,77,ms,geckoview,False,|c|o|l|d| |w|e|b|r|e|n|d|e|r|,,4361205,13,8bad20cfa5c21f9f330712163e9ddf6ea850f908,102210fe594ee9b33d82058545b1ed14f4c8206e,android-hw-a51-11-0-aarch64-shippable-qr,amazon-search,True,,,,,,,,,,,,,,,,,,,,,,,,,,,,,,,,,,,,,,,,,,,,,,,,,,TN,,,,,,,,,,
,1755888148,2023-09-13 20:42:18,2417.9,ab101a976da356370e4d513e38e73a1fa55b1597,1300022,autoland,LastVisualChange,True,amazon-search LastVisualChange opt cold webrender,,77,ms,geckoview,False,|c|o|l|d| |w|e|b|r|e|n|d|e|r|,,4361205,13,8bad20cfa5c21f9f330712163e9ddf6ea850f908,102210fe594ee9b33d82058545b1ed14f4c8206e,android-hw-a51-11-0-aarch64-shippable-qr,amazon-search,True,,,,,,,,,,,,,,,,,,,,,,,,,,,,,,,,,,,,,,,,,,,,,,,,,,TN,,,,,,,,,,
,1755922973,2023-09-13 23:14:42,2544.6,8f5a11c1eb0b7598d1415f6efa9c360191a423f8,1300119,autoland,LastVisualChange,True,amazon-search LastVisualChange opt cold webrender,,77,ms,geckoview,False,|c|o|l|d| |w|e|b|r|e|n|d|e|r|,,4361205,13,8bad20cfa5c21f9f330712163e9ddf6ea850f908,102210fe594ee9b33d82058545b1ed14f4c8206e,android-hw-a51-11-0-aarch64-shippable-qr,amazon-search,True,,,,,,,,,,,,,,,,,,,,,,,,,,,,,,,,,,,,,,,,,,,,,,,,,,TN,,,,,,,,,,
,1756129231,2023-09-14 04:10:41,2350.5,c57de172952ed6dfa84943bd2175574e4c87e92b,1300187,autoland,LastVisualChange,True,amazon-search LastVisualChange opt cold webrender,,77,ms,geckoview,False,|c|o|l|d| |w|e|b|r|e|n|d|e|r|,,4361205,13,8bad20cfa5c21f9f330712163e9ddf6ea850f908,102210fe594ee9b33d82058545b1ed14f4c8206e,android-hw-a51-11-0-aarch64-shippable-qr,amazon-search,True,,,,,,,,,,,,,,,,,,,,,,,,,,,,,,,,,,,,,,,,,,,,,,,,,,TN,,,,,,,,,,
,1756260410,2023-09-14 09:30:23,2397.0,69c7e9b937f817f1bee50511a690a35aa3b49793,1300302,autoland,LastVisualChange,True,amazon-search LastVisualChange opt cold webrender,,77,ms,geckoview,False,|c|o|l|d| |w|e|b|r|e|n|d|e|r|,,4361205,13,8bad20cfa5c21f9f330712163e9ddf6ea850f908,102210fe594ee9b33d82058545b1ed14f4c8206e,android-hw-a51-11-0-aarch64-shippable-qr,amazon-search,True,,,,,,,,,,,,,,,,,,,,,,,,,,,,,,,,,,,,,,,,,,,,,,,,,,TN,,,,,,,,,,
,1756370642,2023-09-14 11:38:04,2388.0,76116e6c2476f694d9cd5db9c69d9065e3b2cbbd,1300382,autoland,LastVisualChange,True,amazon-search LastVisualChange opt cold webrender,,77,ms,geckoview,False,|c|o|l|d| |w|e|b|r|e|n|d|e|r|,,4361205,13,8bad20cfa5c21f9f330712163e9ddf6ea850f908,102210fe594ee9b33d82058545b1ed14f4c8206e,android-hw-a51-11-0-aarch64-shippable-qr,amazon-search,True,,,,,,,,,,,,,,,,,,,,,,,,,,,,,,,,,,,,,,,,,,,,,,,,,,TN,,,,,,,,,,
,1756526520,2023-09-14 15:44:34,2370.9,3b93c8502571e31ff0926a4911fae422c3c2118c,1300523,autoland,LastVisualChange,True,amazon-search LastVisualChange opt cold webrender,,77,ms,geckoview,False,|c|o|l|d| |w|e|b|r|e|n|d|e|r|,,4361205,13,8bad20cfa5c21f9f330712163e9ddf6ea850f908,102210fe594ee9b33d82058545b1ed14f4c8206e,android-hw-a51-11-0-aarch64-shippable-qr,amazon-search,True,,,,,,,,,,,,,,,,,,,,,,,,,,,,,,,,,,,,,,,,,,,,,,,,,,TN,,,,,,,,,,
,1756548329,2023-09-14 16:38:11,2444.1,98de7bc404c3786a5459a205dea174bdf39d3dbf,1300546,autoland,LastVisualChange,True,amazon-search LastVisualChange opt cold webrender,,77,ms,geckoview,False,|c|o|l|d| |w|e|b|r|e|n|d|e|r|,,4361205,13,8bad20cfa5c21f9f330712163e9ddf6ea850f908,102210fe594ee9b33d82058545b1ed14f4c8206e,android-hw-a51-11-0-aarch64-shippable-qr,amazon-search,True,,,,,,,,,,,,,,,,,,,,,,,,,,,,,,,,,,,,,,,,,,,,,,,,,,TN,,,,,,,,,,
,1756806948,2023-09-15 00:53:43,2800.6,cfbd0bd9bc623276a862481e44bd71e1d57e2eac,1300850,autoland,LastVisualChange,True,amazon-search LastVisualChange opt cold webrender,,77,ms,geckoview,False,|c|o|l|d| |w|e|b|r|e|n|d|e|r|,,4361205,13,8bad20cfa5c21f9f330712163e9ddf6ea850f908,102210fe594ee9b33d82058545b1ed14f4c8206e,android-hw-a51-11-0-aarch64-shippable-qr,amazon-search,True,,,,,,,,,,,,,,,,,,,,,,,,,,,,,,,,,,,,,,,,,,,,,,,,,,TN,,,,,,,,,,
,1756925859,2023-09-15 06:04:49,2490.1,8f99acff4cbc8f25f158dc6ff079042f02768f05,1300927,autoland,LastVisualChange,True,amazon-search LastVisualChange opt cold webrender,,77,ms,geckoview,False,|c|o|l|d| |w|e|b|r|e|n|d|e|r|,,4361205,13,8bad20cfa5c21f9f330712163e9ddf6ea850f908,102210fe594ee9b33d82058545b1ed14f4c8206e,android-hw-a51-11-0-aarch64-shippable-qr,amazon-search,True,,,,,,,,,,,,,,,,,,,,,,,,,,,,,,,,,,,,,,,,,,,,,,,,,,TN,,,,,,,,,,
,1756967545,2023-09-15 06:59:31,2411.2,0a032c6f1d5da0740059f67c499e0e9f7ab88650,1300939,autoland,LastVisualChange,True,amazon-search LastVisualChange opt cold webrender,,77,ms,geckoview,False,|c|o|l|d| |w|e|b|r|e|n|d|e|r|,,4361205,13,8bad20cfa5c21f9f330712163e9ddf6ea850f908,102210fe594ee9b33d82058545b1ed14f4c8206e,android-hw-a51-11-0-aarch64-shippable-qr,amazon-search,True,,,,,,,,,,,,,,,,,,,,,,,,,,,,,,,,,,,,,,,,,,,,,,,,,,TN,,,,,,,,,,
,1757113044,2023-09-15 11:50:44,2457.4,29c4aff31f1dc95ad970b23a77b763265f1632c0,1301039,autoland,LastVisualChange,True,amazon-search LastVisualChange opt cold webrender,,77,ms,geckoview,False,|c|o|l|d| |w|e|b|r|e|n|d|e|r|,,4361205,13,8bad20cfa5c21f9f330712163e9ddf6ea850f908,102210fe594ee9b33d82058545b1ed14f4c8206e,android-hw-a51-11-0-aarch64-shippable-qr,amazon-search,True,,,,,,,,,,,,,,,,,,,,,,,,,,,,,,,,,,,,,,,,,,,,,,,,,,TN,,,,,,,,,,
,1757242091,2023-09-15 14:51:55,2454.4,079079610ac2a41dba72a91cbe2867519e2bc5bd,1301175,autoland,LastVisualChange,True,amazon-search LastVisualChange opt cold webrender,,77,ms,geckoview,False,|c|o|l|d| |w|e|b|r|e|n|d|e|r|,,4361205,13,8bad20cfa5c21f9f330712163e9ddf6ea850f908,102210fe594ee9b33d82058545b1ed14f4c8206e,android-hw-a51-11-0-aarch64-shippable-qr,amazon-search,True,,,,,,,,,,,,,,,,,,,,,,,,,,,,,,,,,,,,,,,,,,,,,,,,,,TN,,,,,,,,,,
,1757287943,2023-09-15 17:51:06,2468.0,fec6b3b46bc6439ac98e03aa73938deaf6323f5c,1301318,autoland,LastVisualChange,True,amazon-search LastVisualChange opt cold webrender,,77,ms,geckoview,False,|c|o|l|d| |w|e|b|r|e|n|d|e|r|,,4361205,13,8bad20cfa5c21f9f330712163e9ddf6ea850f908,102210fe594ee9b33d82058545b1ed14f4c8206e,android-hw-a51-11-0-aarch64-shippable-qr,amazon-search,True,,,,,,,,,,,,,,,,,,,,,,,,,,,,,,,,,,,,,,,,,,,,,,,,,,TN,,,,,,,,,,
,1757356814,2023-09-15 20:04:54,2495.9,99357ab2bb639918d2ea0e8f391494df18c24cb9,1301421,autoland,LastVisualChange,True,amazon-search LastVisualChange opt cold webrender,,77,ms,geckoview,False,|c|o|l|d| |w|e|b|r|e|n|d|e|r|,,4361205,13,8bad20cfa5c21f9f330712163e9ddf6ea850f908,102210fe594ee9b33d82058545b1ed14f4c8206e,android-hw-a51-11-0-aarch64-shippable-qr,amazon-search,True,,,,,,,,,,,,,,,,,,,,,,,,,,,,,,,,,,,,,,,,,,,,,,,,,,TN,,,,,,,,,,
,1757462309,2023-09-16 00:25:52,2383.1,aa4e3903740dfa0ed175c6ff18e57b8fbe82afd7,1301531,autoland,LastVisualChange,True,amazon-search LastVisualChange opt cold webrender,,77,ms,geckoview,False,|c|o|l|d| |w|e|b|r|e|n|d|e|r|,,4361205,13,8bad20cfa5c21f9f330712163e9ddf6ea850f908,102210fe594ee9b33d82058545b1ed14f4c8206e,android-hw-a51-11-0-aarch64-shippable-qr,amazon-search,True,,,,,,,,,,,,,,,,,,,,,,,,,,,,,,,,,,,,,,,,,,,,,,,,,,TN,,,,,,,,,,
,1757481299,2023-09-16 00:35:43,2408.7,69d0f600b52641dd114b02da128a162f86f09395,1301538,autoland,LastVisualChange,True,amazon-search LastVisualChange opt cold webrender,,77,ms,geckoview,False,|c|o|l|d| |w|e|b|r|e|n|d|e|r|,,4361205,13,8bad20cfa5c21f9f330712163e9ddf6ea850f908,102210fe594ee9b33d82058545b1ed14f4c8206e,android-hw-a51-11-0-aarch64-shippable-qr,amazon-search,True,,,,,,,,,,,,,,,,,,,,,,,,,,,,,,,,,,,,,,,,,,,,,,,,,,TN,,,,,,,,,,
,1757558839,2023-09-16 05:54:34,2450.1,7fcd45f7f407a0c756c8b8292b1df8d8162cdce6,1301559,autoland,LastVisualChange,True,amazon-search LastVisualChange opt cold webrender,,77,ms,geckoview,False,|c|o|l|d| |w|e|b|r|e|n|d|e|r|,,4361205,13,8bad20cfa5c21f9f330712163e9ddf6ea850f908,102210fe594ee9b33d82058545b1ed14f4c8206e,android-hw-a51-11-0-aarch64-shippable-qr,amazon-search,True,,,,,,,,,,,,,,,,,,,,,,,,,,,,,,,,,,,,,,,,,,,,,,,,,,TN,,,,,,,,,,
,1757642030,2023-09-16 12:53:39,2429.6,745d8130d1ac2d3e0ae51f2f22896853f0d34479,1301583,autoland,LastVisualChange,True,amazon-search LastVisualChange opt cold webrender,,77,ms,geckoview,False,|c|o|l|d| |w|e|b|r|e|n|d|e|r|,,4361205,13,8bad20cfa5c21f9f330712163e9ddf6ea850f908,102210fe594ee9b33d82058545b1ed14f4c8206e,android-hw-a51-11-0-aarch64-shippable-qr,amazon-search,True,,,,,,,,,,,,,,,,,,,,,,,,,,,,,,,,,,,,,,,,,,,,,,,,,,TN,,,,,,,,,,
,1757684184,2023-09-16 18:13:35,2378.6,a7bddb715bd51687e4f52876beeb747f6a19cb0d,1301606,autoland,LastVisualChange,True,amazon-search LastVisualChange opt cold webrender,,77,ms,geckoview,False,|c|o|l|d| |w|e|b|r|e|n|d|e|r|,,4361205,13,8bad20cfa5c21f9f330712163e9ddf6ea850f908,102210fe594ee9b33d82058545b1ed14f4c8206e,android-hw-a51-11-0-aarch64-shippable-qr,amazon-search,True,,,,,,,,,,,,,,,,,,,,,,,,,,,,,,,,,,,,,,,,,,,,,,,,,,TN,,,,,,,,,,
,1758082468,2023-09-18 03:57:39,2449.3,d395f485b3a2b96c9d6f47f5167308b763c1891b,1301730,autoland,LastVisualChange,True,amazon-search LastVisualChange opt cold webrender,,77,ms,geckoview,False,|c|o|l|d| |w|e|b|r|e|n|d|e|r|,,4361205,13,8bad20cfa5c21f9f330712163e9ddf6ea850f908,102210fe594ee9b33d82058545b1ed14f4c8206e,android-hw-a51-11-0-aarch64-shippable-qr,amazon-search,True,,,,,,,,,,,,,,,,,,,,,,,,,,,,,,,,,,,,,,,,,,,,,,,,,,TN,,,,,,,,,,
,1758264753,2023-09-18 09:50:33,2482.7,11fb2a6e434951fbef0791563a159cbbdd42f4c8,1301818,autoland,LastVisualChange,True,amazon-search LastVisualChange opt cold webrender,,77,ms,geckoview,False,|c|o|l|d| |w|e|b|r|e|n|d|e|r|,,4361205,13,8bad20cfa5c21f9f330712163e9ddf6ea850f908,102210fe594ee9b33d82058545b1ed14f4c8206e,android-hw-a51-11-0-aarch64-shippable-qr,amazon-search,True,,,,,,,,,,,,,,,,,,,,,,,,,,,,,,,,,,,,,,,,,,,,,,,,,,TN,,,,,,,,,,
,1758595207,2023-09-18 21:05:31,2371.5,44aa0c56427a5e659c7bec91e3b608472cb6f763,1302247,autoland,LastVisualChange,True,amazon-search LastVisualChange opt cold webrender,,77,ms,geckoview,False,|c|o|l|d| |w|e|b|r|e|n|d|e|r|,,4361205,13,8bad20cfa5c21f9f330712163e9ddf6ea850f908,102210fe594ee9b33d82058545b1ed14f4c8206e,android-hw-a51-11-0-aarch64-shippable-qr,amazon-search,True,,,,,,,,,,,,,,,,,,,,,,,,,,,,,,,,,,,,,,,,,,,,,,,,,,TN,,,,,,,,,,
,1758626368,2023-09-18 22:22:31,2414.6,3a523925f8ff99d5984169d7fbae7e4d1fc1cd18,1302316,autoland,LastVisualChange,True,amazon-search LastVisualChange opt cold webrender,,77,ms,geckoview,False,|c|o|l|d| |w|e|b|r|e|n|d|e|r|,,4361205,13,8bad20cfa5c21f9f330712163e9ddf6ea850f908,102210fe594ee9b33d82058545b1ed14f4c8206e,android-hw-a51-11-0-aarch64-shippable-qr,amazon-search,True,,,,,,,,,,,,,,,,,,,,,,,,,,,,,,,,,,,,,,,,,,,,,,,,,,TN,,,,,,,,,,
,1758679647,2023-09-19 00:36:20,2390.6,b0769fdf63e5e9d7ac3ef647f895b15971a8dc99,1302387,autoland,LastVisualChange,True,amazon-search LastVisualChange opt cold webrender,,77,ms,geckoview,False,|c|o|l|d| |w|e|b|r|e|n|d|e|r|,,4361205,13,8bad20cfa5c21f9f330712163e9ddf6ea850f908,102210fe594ee9b33d82058545b1ed14f4c8206e,android-hw-a51-11-0-aarch64-shippable-qr,amazon-search,True,,,,,,,,,,,,,,,,,,,,,,,,,,,,,,,,,,,,,,,,,,,,,,,,,,TN,,,,,,,,,,
,1758765375,2023-09-19 04:53:23,2509.6,6589c0d4d3d3aaed578f6d60cc1831f6cdf79b7c,1302461,autoland,LastVisualChange,True,amazon-search LastVisualChange opt cold webrender,,77,ms,geckoview,False,|c|o|l|d| |w|e|b|r|e|n|d|e|r|,,4361205,13,8bad20cfa5c21f9f330712163e9ddf6ea850f908,102210fe594ee9b33d82058545b1ed14f4c8206e,android-hw-a51-11-0-aarch64-shippable-qr,amazon-search,True,,,,,,,,,,,,,,,,,,,,,,,,,,,,,,,,,,,,,,,,,,,,,,,,,,TN,,,,,,,,,,
,1758840234,2023-09-19 06:42:05,2446.2,0a60f8be5517ddc928471d4a378b46228773fbc5,1302480,autoland,LastVisualChange,True,amazon-search LastVisualChange opt cold webrender,,77,ms,geckoview,False,|c|o|l|d| |w|e|b|r|e|n|d|e|r|,,4361205,13,8bad20cfa5c21f9f330712163e9ddf6ea850f908,102210fe594ee9b33d82058545b1ed14f4c8206e,android-hw-a51-11-0-aarch64-shippable-qr,amazon-search,True,,,,,,,,,,,,,,,,,,,,,,,,,,,,,,,,,,,,,,,,,,,,,,,,,,TN,,,,,,,,,,
,1758912293,2023-09-19 10:00:51,2344.3,f257c2f8440fe82c3833f2d719a2bf3420df9120,1302573,autoland,LastVisualChange,True,amazon-search LastVisualChange opt cold webrender,,77,ms,geckoview,False,|c|o|l|d| |w|e|b|r|e|n|d|e|r|,,4361205,13,8bad20cfa5c21f9f330712163e9ddf6ea850f908,102210fe594ee9b33d82058545b1ed14f4c8206e,android-hw-a51-11-0-aarch64-shippable-qr,amazon-search,True,,,,,,,,,,,,,,,,,,,,,,,,,,,,,,,,,,,,,,,,,,,,,,,,,,TN,,,,,,,,,,
,1759050451,2023-09-19 13:32:40,2419.5,dd890d993c3039c40d9a50218bd3284a9810cc85,1302692,autoland,LastVisualChange,True,amazon-search LastVisualChange opt cold webrender,,77,ms,geckoview,False,|c|o|l|d| |w|e|b|r|e|n|d|e|r|,,4361205,13,8bad20cfa5c21f9f330712163e9ddf6ea850f908,102210fe594ee9b33d82058545b1ed14f4c8206e,android-hw-a51-11-0-aarch64-shippable-qr,amazon-search,True,,,,,,,,,,,,,,,,,,,,,,,,,,,,,,,,,,,,,,,,,,,,,,,,,,TN,,,,,,,,,,
,1759162508,2023-09-19 16:21:41,2424.0,e9e7852ce74f241f2a4f0ffac475410d0ea9a8a4,1302819,autoland,LastVisualChange,True,amazon-search LastVisualChange opt cold webrender,,77,ms,geckoview,False,|c|o|l|d| |w|e|b|r|e|n|d|e|r|,,4361205,13,8bad20cfa5c21f9f330712163e9ddf6ea850f908,102210fe594ee9b33d82058545b1ed14f4c8206e,android-hw-a51-11-0-aarch64-shippable-qr,amazon-search,True,,,,,,,,,,,,,,,,,,,,,,,,,,,,,,,,,,,,,,,,,,,,,,,,,,TN,,,,,,,,,,
,1759349297,2023-09-19 20:31:47,2416.0,f97675e331c2e3f8e3a7649cb722085b3360163c,1303015,autoland,LastVisualChange,True,amazon-search LastVisualChange opt cold webrender,,77,ms,geckoview,False,|c|o|l|d| |w|e|b|r|e|n|d|e|r|,,4361205,13,8bad20cfa5c21f9f330712163e9ddf6ea850f908,102210fe594ee9b33d82058545b1ed14f4c8206e,android-hw-a51-11-0-aarch64-shippable-qr,amazon-search,True,,,,,,,,,,,,,,,,,,,,,,,,,,,,,,,,,,,,,,,,,,,,,,,,,,TN,,,,,,,,,,
,1759324673,2023-09-19 20:45:08,2395.6,abf74735208c16d3b467c2acb344f3030fc5aacb,1303026,autoland,LastVisualChange,True,amazon-search LastVisualChange opt cold webrender,,77,ms,geckoview,False,|c|o|l|d| |w|e|b|r|e|n|d|e|r|,,4361205,13,8bad20cfa5c21f9f330712163e9ddf6ea850f908,102210fe594ee9b33d82058545b1ed14f4c8206e,android-hw-a51-11-0-aarch64-shippable-qr,amazon-search,True,,,,,,,,,,,,,,,,,,,,,,,,,,,,,,,,,,,,,,,,,,,,,,,,,,TN,,,,,,,,,,
,1759441377,2023-09-20 00:59:14,2399.0,71a9b5a8ec8503f993e8d7e8f1b2b98ff57ed283,1303207,autoland,LastVisualChange,True,amazon-search LastVisualChange opt cold webrender,,77,ms,geckoview,False,|c|o|l|d| |w|e|b|r|e|n|d|e|r|,,4361205,13,8bad20cfa5c21f9f330712163e9ddf6ea850f908,102210fe594ee9b33d82058545b1ed14f4c8206e,android-hw-a51-11-0-aarch64-shippable-qr,amazon-search,True,,,,,,,,,,,,,,,,,,,,,,,,,,,,,,,,,,,,,,,,,,,,,,,,,,TN,,,,,,,,,,
,1759528855,2023-09-20 05:02:26,2480.1,71c800e8074fa9f5e246acbf09097a0f15d4eb09,1303254,autoland,LastVisualChange,True,amazon-search LastVisualChange opt cold webrender,,77,ms,geckoview,False,|c|o|l|d| |w|e|b|r|e|n|d|e|r|,,4361205,13,8bad20cfa5c21f9f330712163e9ddf6ea850f908,102210fe594ee9b33d82058545b1ed14f4c8206e,android-hw-a51-11-0-aarch64-shippable-qr,amazon-search,True,,,,,,,,,,,,,,,,,,,,,,,,,,,,,,,,,,,,,,,,,,,,,,,,,,TN,,,,,,,,,,
,1759637608,2023-09-20 09:03:21,2459.1,2664490a1b4aeb2b2bd98c81ac43b68b1a24ea2f,1303343,autoland,LastVisualChange,True,amazon-search LastVisualChange opt cold webrender,,77,ms,geckoview,False,|c|o|l|d| |w|e|b|r|e|n|d|e|r|,,4361205,13,8bad20cfa5c21f9f330712163e9ddf6ea850f908,102210fe594ee9b33d82058545b1ed14f4c8206e,android-hw-a51-11-0-aarch64-shippable-qr,amazon-search,True,,,,,,,,,,,,,,,,,,,,,,,,,,,,,,,,,,,,,,,,,,,,,,,,,,TN,,,,,,,,,,
,1759795088,2023-09-20 10:40:44,2460.6,e11a98968ec15b84dc772d997bc0789a0a078549,1303401,autoland,LastVisualChange,True,amazon-search LastVisualChange opt cold webrender,,77,ms,geckoview,False,|c|o|l|d| |w|e|b|r|e|n|d|e|r|,,4361205,13,8bad20cfa5c21f9f330712163e9ddf6ea850f908,102210fe594ee9b33d82058545b1ed14f4c8206e,android-hw-a51-11-0-aarch64-shippable-qr,amazon-search,True,,,,,,,,,,,,,,,,,,,,,,,,,,,,,,,,,,,,,,,,,,,,,,,,,,TN,,,,,,,,,,
,1759903191,2023-09-20 14:03:46,2454.3,5baf76c5d8f19d35c8e7710816a726d92cfff8bb,1303541,autoland,LastVisualChange,True,amazon-search LastVisualChange opt cold webrender,,77,ms,geckoview,False,|c|o|l|d| |w|e|b|r|e|n|d|e|r|,,4361205,13,8bad20cfa5c21f9f330712163e9ddf6ea850f908,102210fe594ee9b33d82058545b1ed14f4c8206e,android-hw-a51-11-0-aarch64-shippable-qr,amazon-search,True,,,,,,,,,,,,,,,,,,,,,,,,,,,,,,,,,,,,,,,,,,,,,,,,,,TN,,,,,,,,,,
,1760004923,2023-09-20 17:47:40,2499.5,07c4a658632d6c11d371f974b56a6365212bef62,1303718,autoland,LastVisualChange,True,amazon-search LastVisualChange opt cold webrender,,77,ms,geckoview,False,|c|o|l|d| |w|e|b|r|e|n|d|e|r|,,4361205,13,8bad20cfa5c21f9f330712163e9ddf6ea850f908,102210fe594ee9b33d82058545b1ed14f4c8206e,android-hw-a51-11-0-aarch64-shippable-qr,amazon-search,True,,,,,,,,,,,,,,,,,,,,,,,,,,,,,,,,,,,,,,,,,,,,,,,,,,TN,,,,,,,,,,
,1760092520,2023-09-20 21:06:43,2477.5,137b5966e6ec0a63006a36cac0a3f1c4e3f5cefe,1303845,autoland,LastVisualChange,True,amazon-search LastVisualChange opt cold webrender,,77,ms,geckoview,False,|c|o|l|d| |w|e|b|r|e|n|d|e|r|,,4361205,13,8bad20cfa5c21f9f330712163e9ddf6ea850f908,102210fe594ee9b33d82058545b1ed14f4c8206e,android-hw-a51-11-0-aarch64-shippable-qr,amazon-search,True,,,,,,,,,,,,,,,,,,,,,,,,,,,,,,,,,,,,,,,,,,,,,,,,,,TN,,,,,,,,,,
,1760138487,2023-09-20 23:02:53,2418.4,a94c799a5be0d573f8c654b43966b4b772ded228,1303924,autoland,LastVisualChange,True,amazon-search LastVisualChange opt cold webrender,,77,ms,geckoview,False,|c|o|l|d| |w|e|b|r|e|n|d|e|r|,,4361205,13,8bad20cfa5c21f9f330712163e9ddf6ea850f908,102210fe594ee9b33d82058545b1ed14f4c8206e,android-hw-a51-11-0-aarch64-shippable-qr,amazon-search,True,,,,,,,,,,,,,,,,,,,,,,,,,,,,,,,,,,,,,,,,,,,,,,,,,,TN,,,,,,,,,,
,1760250135,2023-09-21 04:47:54,2604.1,7c6496f92bb0572d56513d645f3d6201f77a5653,1304025,autoland,LastVisualChange,True,amazon-search LastVisualChange opt cold webrender,,77,ms,geckoview,False,|c|o|l|d| |w|e|b|r|e|n|d|e|r|,,4361205,13,8bad20cfa5c21f9f330712163e9ddf6ea850f908,102210fe594ee9b33d82058545b1ed14f4c8206e,android-hw-a51-11-0-aarch64-shippable-qr,amazon-search,True,,,,,,,,,,,,,,,,,,,,,,,,,,,,,,,,,,,,,,,,,,,,,,,,,,TN,,,,,,,,,,
,1760389208,2023-09-21 08:45:10,2459.0,e98350675c5a294fe5c7a4138a5b16c4f6992907,1304121,autoland,LastVisualChange,True,amazon-search LastVisualChange opt cold webrender,,77,ms,geckoview,False,|c|o|l|d| |w|e|b|r|e|n|d|e|r|,,4361205,13,8bad20cfa5c21f9f330712163e9ddf6ea850f908,102210fe594ee9b33d82058545b1ed14f4c8206e,android-hw-a51-11-0-aarch64-shippable-qr,amazon-search,True,,,,,,,,,,,,,,,,,,,,,,,,,,,,,,,,,,,,,,,,,,,,,,,,,,TN,,,,,,,,,,
,1760523901,2023-09-21 12:54:54,2475.8,bd8d8c1ecad7cda50d42ce2dfde7fabc50a48948,1304268,autoland,LastVisualChange,True,amazon-search LastVisualChange opt cold webrender,,77,ms,geckoview,False,|c|o|l|d| |w|e|b|r|e|n|d|e|r|,,4361205,13,8bad20cfa5c21f9f330712163e9ddf6ea850f908,102210fe594ee9b33d82058545b1ed14f4c8206e,android-hw-a51-11-0-aarch64-shippable-qr,amazon-search,True,,,,,,,,,,,,,,,,,,,,,,,,,,,,,,,,,,,,,,,,,,,,,,,,,,TN,,,,,,,,,,
,1760553225,2023-09-21 14:02:07,2369.2,6e82382700fc8345a06dc3efd346a25826fa1bf2,1304316,autoland,LastVisualChange,True,amazon-search LastVisualChange opt cold webrender,,77,ms,geckoview,False,|c|o|l|d| |w|e|b|r|e|n|d|e|r|,,4361205,13,8bad20cfa5c21f9f330712163e9ddf6ea850f908,102210fe594ee9b33d82058545b1ed14f4c8206e,android-hw-a51-11-0-aarch64-shippable-qr,amazon-search,True,,,,,,,,,,,,,,,,,,,,,,,,,,,,,,,,,,,,,,,,,,,,,,,,,,TN,,,,,,,,,,
,1760710625,2023-09-21 19:19:33,2419.9,86fd71ad69b346f713966a8f18ec97a5b99a0aee,1304533,autoland,LastVisualChange,True,amazon-search LastVisualChange opt cold webrender,,77,ms,geckoview,False,|c|o|l|d| |w|e|b|r|e|n|d|e|r|,,4361205,13,8bad20cfa5c21f9f330712163e9ddf6ea850f908,102210fe594ee9b33d82058545b1ed14f4c8206e,android-hw-a51-11-0-aarch64-shippable-qr,amazon-search,True,,,,,,,,,,,,,,,,,,,,,,,,,,,,,,,,,,,,,,,,,,,,,,,,,,TN,,,,,,,,,,
,1760779225,2023-09-21 23:47:59,2464.3,efa8aa7a4f5484f349595a2c97ba6a2c6f214c66,1304690,autoland,LastVisualChange,True,amazon-search LastVisualChange opt cold webrender,,77,ms,geckoview,False,|c|o|l|d| |w|e|b|r|e|n|d|e|r|,,4361205,13,8bad20cfa5c21f9f330712163e9ddf6ea850f908,102210fe594ee9b33d82058545b1ed14f4c8206e,android-hw-a51-11-0-aarch64-shippable-qr,amazon-search,True,,,,,,,,,,,,,,,,,,,,,,,,,,,,,,,,,,,,,,,,,,,,,,,,,,TN,,,,,,,,,,
,1760876414,2023-09-22 04:42:00,2430.3,2de4a198348cc150a0c3ce328c42beade9646190,1304767,autoland,LastVisualChange,True,amazon-search LastVisualChange opt cold webrender,,77,ms,geckoview,False,|c|o|l|d| |w|e|b|r|e|n|d|e|r|,,4361205,13,8bad20cfa5c21f9f330712163e9ddf6ea850f908,102210fe594ee9b33d82058545b1ed14f4c8206e,android-hw-a51-11-0-aarch64-shippable-qr,amazon-search,True,,,,,,,,,,,,,,,,,,,,,,,,,,,,,,,,,,,,,,,,,,,,,,,,,,TN,,,,,,,,,,
,1761055434,2023-09-22 11:33:15,2414.6,6da1ce80e10cc6744801930434a44df21da87140,1304916,autoland,LastVisualChange,True,amazon-search LastVisualChange opt cold webrender,,77,ms,geckoview,False,|c|o|l|d| |w|e|b|r|e|n|d|e|r|,,4361205,13,8bad20cfa5c21f9f330712163e9ddf6ea850f908,102210fe594ee9b33d82058545b1ed14f4c8206e,android-hw-a51-11-0-aarch64-shippable-qr,amazon-search,True,,,,,,,,,,,,,,,,,,,,,,,,,,,,,,,,,,,,,,,,,,,,,,,,,,TN,,,,,,,,,,
,1761121111,2023-09-22 15:35:17,2414.1,d244d17a8e9ac94aa05c3bf0c2659104c7b15f76,1305037,autoland,LastVisualChange,True,amazon-search LastVisualChange opt cold webrender,,77,ms,geckoview,False,|c|o|l|d| |w|e|b|r|e|n|d|e|r|,,4361205,13,8bad20cfa5c21f9f330712163e9ddf6ea850f908,102210fe594ee9b33d82058545b1ed14f4c8206e,android-hw-a51-11-0-aarch64-shippable-qr,amazon-search,True,,,,,,,,,,,,,,,,,,,,,,,,,,,,,,,,,,,,,,,,,,,,,,,,,,TN,,,,,,,,,,
,1761208200,2023-09-22 20:28:01,2528.7,80cfc74bb77e6c4abfd0d70c51b274e4b036a05b,1305231,autoland,LastVisualChange,True,amazon-search LastVisualChange opt cold webrender,,77,ms,geckoview,False,|c|o|l|d| |w|e|b|r|e|n|d|e|r|,,4361205,13,8bad20cfa5c21f9f330712163e9ddf6ea850f908,102210fe594ee9b33d82058545b1ed14f4c8206e,android-hw-a51-11-0-aarch64-shippable-qr,amazon-search,True,,,,,,,,,,,,,,,,,,,,,,,,,,,,,,,,,,,,,,,,,,,,,,,,,,TN,,,,,,,,,,
,1761308364,2023-09-23 00:28:09,2435.9,5ce53217bf3e4d42db88aab74741654bfc634cc8,1305322,autoland,LastVisualChange,True,amazon-search LastVisualChange opt cold webrender,,77,ms,geckoview,False,|c|o|l|d| |w|e|b|r|e|n|d|e|r|,,4361205,13,8bad20cfa5c21f9f330712163e9ddf6ea850f908,102210fe594ee9b33d82058545b1ed14f4c8206e,android-hw-a51-11-0-aarch64-shippable-qr,amazon-search,True,,,,,,,,,,,,,,,,,,,,,,,,,,,,,,,,,,,,,,,,,,,,,,,,,,TN,,,,,,,,,,
,1761320160,2023-09-23 00:41:33,2488.2,1d9627a1274de78256ecdee1e8058e6b32392404,1305328,autoland,LastVisualChange,True,amazon-search LastVisualChange opt cold webrender,,77,ms,geckoview,False,|c|o|l|d| |w|e|b|r|e|n|d|e|r|,,4361205,13,8bad20cfa5c21f9f330712163e9ddf6ea850f908,102210fe594ee9b33d82058545b1ed14f4c8206e,android-hw-a51-11-0-aarch64-shippable-qr,amazon-search,True,,,,,,,,,,,,,,,,,,,,,,,,,,,,,,,,,,,,,,,,,,,,,,,,,,TN,,,,,,,,,,
,1761434960,2023-09-23 16:39:34,2414.9,e85748b0b9880ee586b2c155a4d84c1cdf3f31b4,1305402,autoland,LastVisualChange,True,amazon-search LastVisualChange opt cold webrender,,77,ms,geckoview,False,|c|o|l|d| |w|e|b|r|e|n|d|e|r|,,4361205,13,8bad20cfa5c21f9f330712163e9ddf6ea850f908,102210fe594ee9b33d82058545b1ed14f4c8206e,android-hw-a51-11-0-aarch64-shippable-qr,amazon-search,True,,,,,,,,,,,,,,,,,,,,,,,,,,,,,,,,,,,,,,,,,,,,,,,,,,TN,,,,,,,,,,
,1761482198,2023-09-23 21:16:13,2447.2,f4a2f296a2ea585882f2a2a627c036538eb875b0,1305420,autoland,LastVisualChange,True,amazon-search LastVisualChange opt cold webrender,,77,ms,geckoview,False,|c|o|l|d| |w|e|b|r|e|n|d|e|r|,,4361205,13,8bad20cfa5c21f9f330712163e9ddf6ea850f908,102210fe594ee9b33d82058545b1ed14f4c8206e,android-hw-a51-11-0-aarch64-shippable-qr,amazon-search,True,,,,,,,,,,,,,,,,,,,,,,,,,,,,,,,,,,,,,,,,,,,,,,,,,,TN,,,,,,,,,,
,1761673033,2023-09-25 06:00:52,2376.8,68035862c82691cc5ad039c1067c1fd24d048350,1305598,autoland,LastVisualChange,True,amazon-search LastVisualChange opt cold webrender,,77,ms,geckoview,False,|c|o|l|d| |w|e|b|r|e|n|d|e|r|,,4361205,13,8bad20cfa5c21f9f330712163e9ddf6ea850f908,102210fe594ee9b33d82058545b1ed14f4c8206e,android-hw-a51-11-0-aarch64-shippable-qr,amazon-search,True,,,,,,,,,,,,,,,,,,,,,,,,,,,,,,,,,,,,,,,,,,,,,,,,,,TN,,,,,,,,,,
,1761720929,2023-09-25 08:45:06,2514.8,27778dad58d148bf24097e327e55eb3b8631b902,1305656,autoland,LastVisualChange,True,amazon-search LastVisualChange opt cold webrender,,77,ms,geckoview,False,|c|o|l|d| |w|e|b|r|e|n|d|e|r|,,4361205,13,8bad20cfa5c21f9f330712163e9ddf6ea850f908,102210fe594ee9b33d82058545b1ed14f4c8206e,android-hw-a51-11-0-aarch64-shippable-qr,amazon-search,True,,,,,,,,,,,,,,,,,,,,,,,,,,,,,,,,,,,,,,,,,,,,,,,,,,TN,,,,,,,,,,
,1761850327,2023-09-25 12:33:35,2418.8,9a8976307af6049000ae1a1623fd71bd62850a10,1305791,autoland,LastVisualChange,True,amazon-search LastVisualChange opt cold webrender,,77,ms,geckoview,False,|c|o|l|d| |w|e|b|r|e|n|d|e|r|,,4361205,13,8bad20cfa5c21f9f330712163e9ddf6ea850f908,102210fe594ee9b33d82058545b1ed14f4c8206e,android-hw-a51-11-0-aarch64-shippable-qr,amazon-search,True,,,,,,,,,,,,,,,,,,,,,,,,,,,,,,,,,,,,,,,,,,,,,,,,,,TN,,,,,,,,,,
,1762058786,2023-09-25 20:45:54,2413.7,6a7f708c3d0458c9b30efa2bdfde6e7812554d1e,1306210,autoland,LastVisualChange,True,amazon-search LastVisualChange opt cold webrender,,77,ms,geckoview,False,|c|o|l|d| |w|e|b|r|e|n|d|e|r|,,4361205,13,8bad20cfa5c21f9f330712163e9ddf6ea850f908,102210fe594ee9b33d82058545b1ed14f4c8206e,android-hw-a51-11-0-aarch64-shippable-qr,amazon-search,True,,,,,,,,,,,,,,,,,,,,,,,,,,,,,,,,,,,,,,,,,,,,,,,,,,TN,,,,,,,,,,
,1762124006,2023-09-26 00:20:03,2406.7,844608487349450c789be0794a915bb90d90b133,1306338,autoland,LastVisualChange,True,amazon-search LastVisualChange opt cold webrender,,77,ms,geckoview,False,|c|o|l|d| |w|e|b|r|e|n|d|e|r|,,4361205,13,8bad20cfa5c21f9f330712163e9ddf6ea850f908,102210fe594ee9b33d82058545b1ed14f4c8206e,android-hw-a51-11-0-aarch64-shippable-qr,amazon-search,True,,,,,,,,,,,,,,,,,,,,,,,,,,,,,,,,,,,,,,,,,,,,,,,,,,TN,,,,,,,,,,
,1762212099,2023-09-26 05:18:37,2421.9,5c61430973af5452b01293947d0f76b758b97c28,1306392,autoland,LastVisualChange,True,amazon-search LastVisualChange opt cold webrender,,77,ms,geckoview,False,|c|o|l|d| |w|e|b|r|e|n|d|e|r|,,4361205,13,8bad20cfa5c21f9f330712163e9ddf6ea850f908,102210fe594ee9b33d82058545b1ed14f4c8206e,android-hw-a51-11-0-aarch64-shippable-qr,amazon-search,True,,,,,,,,,,,,,,,,,,,,,,,,,,,,,,,,,,,,,,,,,,,,,,,,,,TN,,,,,,,,,,
,1762279482,2023-09-26 07:48:07,2472.3,920e4f82b3485f132edc7f551ecd9334fa702021,1306435,autoland,LastVisualChange,True,amazon-search LastVisualChange opt cold webrender,,77,ms,geckoview,False,|c|o|l|d| |w|e|b|r|e|n|d|e|r|,,4361205,13,8bad20cfa5c21f9f330712163e9ddf6ea850f908,102210fe594ee9b33d82058545b1ed14f4c8206e,android-hw-a51-11-0-aarch64-shippable-qr,amazon-search,True,,,,,,,,,,,,,,,,,,,,,,,,,,,,,,,,,,,,,,,,,,,,,,,,,,TN,,,,,,,,,,
,1762416319,2023-09-26 12:02:33,2439.9,e60c3407f3620f94624c0ac7484a7d1b257be989,1306598,autoland,LastVisualChange,True,amazon-search LastVisualChange opt cold webrender,,77,ms,geckoview,False,|c|o|l|d| |w|e|b|r|e|n|d|e|r|,,4361205,13,8bad20cfa5c21f9f330712163e9ddf6ea850f908,102210fe594ee9b33d82058545b1ed14f4c8206e,android-hw-a51-11-0-aarch64-shippable-qr,amazon-search,True,,,,,,,,,,,,,,,,,,,,,,,,,,,,,,,,,,,,,,,,,,,,,,,,,,TN,,,,,,,,,,
,1762512485,2023-09-26 15:03:48,2436.9,f6c351ade4f28a1ce3843d0af7e5ec35b37a3576,1306757,autoland,LastVisualChange,True,amazon-search LastVisualChange opt cold webrender,,77,ms,geckoview,False,|c|o|l|d| |w|e|b|r|e|n|d|e|r|,,4361205,13,8bad20cfa5c21f9f330712163e9ddf6ea850f908,102210fe594ee9b33d82058545b1ed14f4c8206e,android-hw-a51-11-0-aarch64-shippable-qr,amazon-search,True,,,,,,,,,,,,,,,,,,,,,,,,,,,,,,,,,,,,,,,,,,,,,,,,,,TN,,,,,,,,,,
,1762683391,2023-09-26 21:35:50,2515.3,7a98d860920f5f74014454ce20ec6739e8a16878,1307018,autoland,LastVisualChange,True,amazon-search LastVisualChange opt cold webrender,,77,ms,geckoview,False,|c|o|l|d| |w|e|b|r|e|n|d|e|r|,,4361205,13,8bad20cfa5c21f9f330712163e9ddf6ea850f908,102210fe594ee9b33d82058545b1ed14f4c8206e,android-hw-a51-11-0-aarch64-shippable-qr,amazon-search,True,,,,,,,,,,,,,,,,,,,,,,,,,,,,,,,,,,,,,,,,,,,,,,,,,,TN,,,,,,,,,,
,1762756924,2023-09-27 02:35:37,2448.2,583cfd323dab818e35dc1f15fa3e92a503e56e11,1307110,autoland,LastVisualChange,True,amazon-search LastVisualChange opt cold webrender,,77,ms,geckoview,False,|c|o|l|d| |w|e|b|r|e|n|d|e|r|,,4361205,13,8bad20cfa5c21f9f330712163e9ddf6ea850f908,102210fe594ee9b33d82058545b1ed14f4c8206e,android-hw-a51-11-0-aarch64-shippable-qr,amazon-search,True,,,,,,,,,,,,,,,,,,,,,,,,,,,,,,,,,,,,,,,,,,,,,,,,,,TN,,,,,,,,,,
,1762863937,2023-09-27 06:23:31,2442.9,82ae09837aed66d319e3280febbf971a401bd8a6,1307163,autoland,LastVisualChange,True,amazon-search LastVisualChange opt cold webrender,,77,ms,geckoview,False,|c|o|l|d| |w|e|b|r|e|n|d|e|r|,,4361205,13,8bad20cfa5c21f9f330712163e9ddf6ea850f908,102210fe594ee9b33d82058545b1ed14f4c8206e,android-hw-a51-11-0-aarch64-shippable-qr,amazon-search,True,,,,,,,,,,,,,,,,,,,,,,,,,,,,,,,,,,,,,,,,,,,,,,,,,,TN,,,,,,,,,,
,1763009037,2023-09-27 10:25:54,2407.9,a1a8c2eeff55a4651fa01530fa3ec3ab3bec9b31,1307283,autoland,LastVisualChange,True,amazon-search LastVisualChange opt cold webrender,,77,ms,geckoview,False,|c|o|l|d| |w|e|b|r|e|n|d|e|r|,,4361205,13,8bad20cfa5c21f9f330712163e9ddf6ea850f908,102210fe594ee9b33d82058545b1ed14f4c8206e,android-hw-a51-11-0-aarch64-shippable-qr,amazon-search,True,,,,,,,,,,,,,,,,,,,,,,,,,,,,,,,,,,,,,,,,,,,,,,,,,,TN,,,,,,,,,,
,1763021018,2023-09-27 10:32:06,2406.4,af764baf74a1dd0e0b863a8cf26c25266bdcbc14,1307289,autoland,LastVisualChange,True,amazon-search LastVisualChange opt cold webrender,,77,ms,geckoview,False,|c|o|l|d| |w|e|b|r|e|n|d|e|r|,,4361205,13,8bad20cfa5c21f9f330712163e9ddf6ea850f908,102210fe594ee9b33d82058545b1ed14f4c8206e,android-hw-a51-11-0-aarch64-shippable-qr,amazon-search,True,,,,,,,,,,,,,,,,,,,,,,,,,,,,,,,,,,,,,,,,,,,,,,,,,,TN,,,,,,,,,,
,1763206387,2023-09-27 14:48:02,2380.2,42b4fa32b69deff886ea9bc4f4f7fb94391b751a,1307439,autoland,LastVisualChange,True,amazon-search LastVisualChange opt cold webrender,,77,ms,geckoview,False,|c|o|l|d| |w|e|b|r|e|n|d|e|r|,,4361205,13,8bad20cfa5c21f9f330712163e9ddf6ea850f908,102210fe594ee9b33d82058545b1ed14f4c8206e,android-hw-a51-11-0-aarch64-shippable-qr,amazon-search,True,,,,,,,,,,,,,,,,,,,,,,,,,,,,,,,,,,,,,,,,,,,,,,,,,,TN,,,,,,,,,,
,1763290153,2023-09-27 17:53:51,2504.5,7768cf51f090145a9009fb37298f3c1da7d60a2f,1307581,autoland,LastVisualChange,True,amazon-search LastVisualChange opt cold webrender,,77,ms,geckoview,False,|c|o|l|d| |w|e|b|r|e|n|d|e|r|,,4361205,13,8bad20cfa5c21f9f330712163e9ddf6ea850f908,102210fe594ee9b33d82058545b1ed14f4c8206e,android-hw-a51-11-0-aarch64-shippable-qr,amazon-search,True,,,,,,,,,,,,,,,,,,,,,,,,,,,,,,,,,,,,,,,,,,,,,,,,,,TN,,,,,,,,,,
,1763499194,2023-09-27 23:11:22,2379.3,d60788c1a5064d4f45dd33001554cde650df86be,1307771,autoland,LastVisualChange,True,amazon-search LastVisualChange opt cold webrender,,77,ms,geckoview,False,|c|o|l|d| |w|e|b|r|e|n|d|e|r|,,4361205,13,8bad20cfa5c21f9f330712163e9ddf6ea850f908,102210fe594ee9b33d82058545b1ed14f4c8206e,android-hw-a51-11-0-aarch64-shippable-qr,amazon-search,True,,,,,,,,,,,,,,,,,,,,,,,,,,,,,,,,,,,,,,,,,,,,,,,,,,TN,,,,,,,,,,
,1763702293,2023-09-28 04:14:46,2437.7,d1fc71cc3817fe3529b10939ed53c1d395a346fa,1307836,autoland,LastVisualChange,True,amazon-search LastVisualChange opt cold webrender,,77,ms,geckoview,False,|c|o|l|d| |w|e|b|r|e|n|d|e|r|,,4361205,13,8bad20cfa5c21f9f330712163e9ddf6ea850f908,102210fe594ee9b33d82058545b1ed14f4c8206e,android-hw-a51-11-0-aarch64-shippable-qr,amazon-search,True,,,,,,,,,,,,,,,,,,,,,,,,,,,,,,,,,,,,,,,,,,,,,,,,,,TN,,,,,,,,,,
,1763789398,2023-09-28 08:00:04,2483.9,d330b8e9f58e1065d1ca63ac5f284f7d1865e83c,1307885,autoland,LastVisualChange,True,amazon-search LastVisualChange opt cold webrender,,77,ms,geckoview,False,|c|o|l|d| |w|e|b|r|e|n|d|e|r|,,4361205,13,8bad20cfa5c21f9f330712163e9ddf6ea850f908,102210fe594ee9b33d82058545b1ed14f4c8206e,android-hw-a51-11-0-aarch64-shippable-qr,amazon-search,True,,,,,,,,,,,,,,,,,,,,,,,,,,,,,,,,,,,,,,,,,,,,,,,,,,TN,,,,,,,,,,
,1763903406,2023-09-28 11:44:43,2406.0,a5fd40a8bf47afafdda240c7b8f1b1b911d2d937,1308037,autoland,LastVisualChange,True,amazon-search LastVisualChange opt cold webrender,,77,ms,geckoview,False,|c|o|l|d| |w|e|b|r|e|n|d|e|r|,,4361205,13,8bad20cfa5c21f9f330712163e9ddf6ea850f908,102210fe594ee9b33d82058545b1ed14f4c8206e,android-hw-a51-11-0-aarch64-shippable-qr,amazon-search,True,,,,,,,,,,,,,,,,,,,,,,,,,,,,,,,,,,,,,,,,,,,,,,,,,,TN,,,,,,,,,,
,1764089650,2023-09-28 15:45:35,2386.5,0df79cc60ea0ef86258f3b33d533c75e91805d8b,1308186,autoland,LastVisualChange,True,amazon-search LastVisualChange opt cold webrender,,77,ms,geckoview,False,|c|o|l|d| |w|e|b|r|e|n|d|e|r|,,4361205,13,8bad20cfa5c21f9f330712163e9ddf6ea850f908,102210fe594ee9b33d82058545b1ed14f4c8206e,android-hw-a51-11-0-aarch64-shippable-qr,amazon-search,True,,,,,,,,,,,,,,,,,,,,,,,,,,,,,,,,,,,,,,,,,,,,,,,,,,TN,,,,,,,,,,
,1764083312,2023-09-28 16:38:20,2394.5,a216736126b15f69ebee5d940a5c3394f95759cb,1308227,autoland,LastVisualChange,True,amazon-search LastVisualChange opt cold webrender,,77,ms,geckoview,False,|c|o|l|d| |w|e|b|r|e|n|d|e|r|,,4361205,13,8bad20cfa5c21f9f330712163e9ddf6ea850f908,102210fe594ee9b33d82058545b1ed14f4c8206e,android-hw-a51-11-0-aarch64-shippable-qr,amazon-search,True,,,,,,,,,,,,,,,,,,,,,,,,,,,,,,,,,,,,,,,,,,,,,,,,,,TN,,,,,,,,,,
,1764176835,2023-09-28 19:24:36,2505.5,cd324cfaf45936b4670a6c0d15cbfe22d0e2f609,1308380,autoland,LastVisualChange,True,amazon-search LastVisualChange opt cold webrender,,77,ms,geckoview,False,|c|o|l|d| |w|e|b|r|e|n|d|e|r|,,4361205,13,8bad20cfa5c21f9f330712163e9ddf6ea850f908,102210fe594ee9b33d82058545b1ed14f4c8206e,android-hw-a51-11-0-aarch64-shippable-qr,amazon-search,True,,,,,,,,,,,,,,,,,,,,,,,,,,,,,,,,,,,,,,,,,,,,,,,,,,TN,,,,,,,,,,
,1764285674,2023-09-28 22:48:25,2412.3,72bb9164219d9f54440ccfa7f55dc02f195190f9,1308491,autoland,LastVisualChange,True,amazon-search LastVisualChange opt cold webrender,,77,ms,geckoview,False,|c|o|l|d| |w|e|b|r|e|n|d|e|r|,,4361205,13,8bad20cfa5c21f9f330712163e9ddf6ea850f908,102210fe594ee9b33d82058545b1ed14f4c8206e,android-hw-a51-11-0-aarch64-shippable-qr,amazon-search,True,,,,,,,,,,,,,,,,,,,,,,,,,,,,,,,,,,,,,,,,,,,,,,,,,,TN,,,,,,,,,,
,1764521318,2023-09-29 05:26:28,2469.2,4fd1c7c2dcf2973c3285d981e74b08dee641a0fc,1308580,autoland,LastVisualChange,True,amazon-search LastVisualChange opt cold webrender,,77,ms,geckoview,False,|c|o|l|d| |w|e|b|r|e|n|d|e|r|,,4361205,13,8bad20cfa5c21f9f330712163e9ddf6ea850f908,102210fe594ee9b33d82058545b1ed14f4c8206e,android-hw-a51-11-0-aarch64-shippable-qr,amazon-search,True,,,,,,,,,,,,,,,,,,,,,,,,,,,,,,,,,,,,,,,,,,,,,,,,,,TN,,,,,,,,,,
,1764596745,2023-09-29 09:03:41,2352.4,6453cd78e4f187bc198e83900dd9937c3cc6d0fc,1308650,autoland,LastVisualChange,True,amazon-search LastVisualChange opt cold webrender,,77,ms,geckoview,False,|c|o|l|d| |w|e|b|r|e|n|d|e|r|,,4361205,13,8bad20cfa5c21f9f330712163e9ddf6ea850f908,102210fe594ee9b33d82058545b1ed14f4c8206e,android-hw-a51-11-0-aarch64-shippable-qr,amazon-search,True,,,,,,,,,,,,,,,,,,,,,,,,,,,,,,,,,,,,,,,,,,,,,,,,,,TN,,,,,,,,,,
,1764757551,2023-09-29 13:06:51,2452.7,dfea5c2f2737b0334921941ecd0f5f235432942e,1308761,autoland,LastVisualChange,True,amazon-search LastVisualChange opt cold webrender,,77,ms,geckoview,False,|c|o|l|d| |w|e|b|r|e|n|d|e|r|,,4361205,13,8bad20cfa5c21f9f330712163e9ddf6ea850f908,102210fe594ee9b33d82058545b1ed14f4c8206e,android-hw-a51-11-0-aarch64-shippable-qr,amazon-search,True,,,,,,,,,,,,,,,,,,,,,,,,,,,,,,,,,,,,,,,,,,,,,,,,,,TN,,,,,,,,,,
,1764877279,2023-09-29 14:43:48,2540.4,e2d3169fc579506294a164827b60ea38b9295bb1,1308803,autoland,LastVisualChange,True,amazon-search LastVisualChange opt cold webrender,,77,ms,geckoview,False,|c|o|l|d| |w|e|b|r|e|n|d|e|r|,,4361205,13,8bad20cfa5c21f9f330712163e9ddf6ea850f908,102210fe594ee9b33d82058545b1ed14f4c8206e,android-hw-a51-11-0-aarch64-shippable-qr,amazon-search,True,,,,,,,,,,,,,,,,,,,,,,,,,,,,,,,,,,,,,,,,,,,,,,,,,,TN,,,,,,,,,,
,1765223805,2023-09-30 06:24:14,2497.1,c0cfc8c5836260ab8706d5b737a4f4f654da4610,1309077,autoland,LastVisualChange,True,amazon-search LastVisualChange opt cold webrender,,77,ms,geckoview,False,|c|o|l|d| |w|e|b|r|e|n|d|e|r|,,4361205,13,8bad20cfa5c21f9f330712163e9ddf6ea850f908,102210fe594ee9b33d82058545b1ed14f4c8206e,android-hw-a51-11-0-aarch64-shippable-qr,amazon-search,True,,,,,,,,,,,,,,,,,,,,,,,,,,,,,,,,,,,,,,,,,,,,,,,,,,TN,,,,,,,,,,
,1765349508,2023-09-30 15:09:24,2428.8,0d5209658cf41a9d6d9f6c74890ecf69602525c4,1309133,autoland,LastVisualChange,True,amazon-search LastVisualChange opt cold webrender,,77,ms,geckoview,False,|c|o|l|d| |w|e|b|r|e|n|d|e|r|,,4361205,13,8bad20cfa5c21f9f330712163e9ddf6ea850f908,102210fe594ee9b33d82058545b1ed14f4c8206e,android-hw-a51-11-0-aarch64-shippable-qr,amazon-search,True,,,,,,,,,,,,,,,,,,,,,,,,,,,,,,,,,,,,,,,,,,,,,,,,,,TN,,,,,,,,,,
,1765351496,2023-09-30 15:56:32,2426.4,8c9ba927121cd7f1cb5b31ffb86addc4c34b59a8,1309136,autoland,LastVisualChange,True,amazon-search LastVisualChange opt cold webrender,,77,ms,geckoview,False,|c|o|l|d| |w|e|b|r|e|n|d|e|r|,,4361205,13,8bad20cfa5c21f9f330712163e9ddf6ea850f908,102210fe594ee9b33d82058545b1ed14f4c8206e,android-hw-a51-11-0-aarch64-shippable-qr,amazon-search,True,,,,,,,,,,,,,,,,,,,,,,,,,,,,,,,,,,,,,,,,,,,,,,,,,,TN,,,,,,,,,,
,1765381363,2023-09-30 20:01:07,2461.1,bacf4fcba00b9d708012b5c8144292e5362ed452,1309152,autoland,LastVisualChange,True,amazon-search LastVisualChange opt cold webrender,,77,ms,geckoview,False,|c|o|l|d| |w|e|b|r|e|n|d|e|r|,,4361205,13,8bad20cfa5c21f9f330712163e9ddf6ea850f908,102210fe594ee9b33d82058545b1ed14f4c8206e,android-hw-a51-11-0-aarch64-shippable-qr,amazon-search,True,,,,,,,,,,,,,,,,,,,,,,,,,,,,,,,,,,,,,,,,,,,,,,,,,,TN,,,,,,,,,,
,1765556878,2023-10-01 15:08:35,2458.1,1abb269d873e8bda2c0fa1b4f26f481c89584ca6,1309237,autoland,LastVisualChange,True,amazon-search LastVisualChange opt cold webrender,,77,ms,geckoview,False,|c|o|l|d| |w|e|b|r|e|n|d|e|r|,,4361205,13,8bad20cfa5c21f9f330712163e9ddf6ea850f908,102210fe594ee9b33d82058545b1ed14f4c8206e,android-hw-a51-11-0-aarch64-shippable-qr,amazon-search,True,,,,,,,,,,,,,,,,,,,,,,,,,,,,,,,,,,,,,,,,,,,,,,,,,,TN,,,,,,,,,,
,1765600760,2023-10-01 19:57:41,2467.4,72adc901a818435f7ba23e492963c7e1bf526be1,1309256,autoland,LastVisualChange,True,amazon-search LastVisualChange opt cold webrender,,77,ms,geckoview,False,|c|o|l|d| |w|e|b|r|e|n|d|e|r|,,4361205,13,8bad20cfa5c21f9f330712163e9ddf6ea850f908,102210fe594ee9b33d82058545b1ed14f4c8206e,android-hw-a51-11-0-aarch64-shippable-qr,amazon-search,True,,,,,,,,,,,,,,,,,,,,,,,,,,,,,,,,,,,,,,,,,,,,,,,,,,TN,,,,,,,,,,
,1765613682,2023-10-01 20:03:17,2613.7,1c52958ae6ea59e32694986c0d6332b8171aca86,1309258,autoland,LastVisualChange,True,amazon-search LastVisualChange opt cold webrender,,77,ms,geckoview,False,|c|o|l|d| |w|e|b|r|e|n|d|e|r|,,4361205,13,8bad20cfa5c21f9f330712163e9ddf6ea850f908,102210fe594ee9b33d82058545b1ed14f4c8206e,android-hw-a51-11-0-aarch64-shippable-qr,amazon-search,True,,,,,,,,,,,,,,,,,,,,,,,,,,,,,,,,,,,,,,,,,,,,,,,,,,TN,,,,,,,,,,
,1765700931,2023-10-02 00:31:45,2439.7,55fc90da3cff35171d66e3dcf280575bef8c17a6,1309288,autoland,LastVisualChange,True,amazon-search LastVisualChange opt cold webrender,,77,ms,geckoview,False,|c|o|l|d| |w|e|b|r|e|n|d|e|r|,,4361205,13,8bad20cfa5c21f9f330712163e9ddf6ea850f908,102210fe594ee9b33d82058545b1ed14f4c8206e,android-hw-a51-11-0-aarch64-shippable-qr,amazon-search,True,,,,,,,,,,,,,,,,,,,,,,,,,,,,,,,,,,,,,,,,,,,,,,,,,,TN,,,,,,,,,,
,1765896768,2023-10-02 11:08:53,2372.8,318059aaa167779fcc844cbf085cb7ffacc47523,1309454,autoland,LastVisualChange,True,amazon-search LastVisualChange opt cold webrender,,77,ms,geckoview,False,|c|o|l|d| |w|e|b|r|e|n|d|e|r|,,4361205,13,8bad20cfa5c21f9f330712163e9ddf6ea850f908,102210fe594ee9b33d82058545b1ed14f4c8206e,android-hw-a51-11-0-aarch64-shippable-qr,amazon-search,True,,,,,,,,,,,,,,,,,,,,,,,,,,,,,,,,,,,,,,,,,,,,,,,,,,TN,,,,,,,,,,
,1766097877,2023-10-02 16:59:31,2354.9,db33a2d0d6c36f0c15318f1c5ffaa7498a1ee4f3,1309721,autoland,LastVisualChange,True,amazon-search LastVisualChange opt cold webrender,,77,ms,geckoview,False,|c|o|l|d| |w|e|b|r|e|n|d|e|r|,,4361205,13,8bad20cfa5c21f9f330712163e9ddf6ea850f908,102210fe594ee9b33d82058545b1ed14f4c8206e,android-hw-a51-11-0-aarch64-shippable-qr,amazon-search,True,,,,,,,,,,,,,,,,,,,,,,,,,,,,,,,,,,,,,,,,,,,,,,,,,,TN,,,,,,,,,,
,1766161273,2023-10-02 20:46:43,2487.1,0435b7e1340f2ced37216f0dd2fbf09a0a8f2cad,1309872,autoland,LastVisualChange,True,amazon-search LastVisualChange opt cold webrender,,77,ms,geckoview,False,|c|o|l|d| |w|e|b|r|e|n|d|e|r|,,4361205,13,8bad20cfa5c21f9f330712163e9ddf6ea850f908,102210fe594ee9b33d82058545b1ed14f4c8206e,android-hw-a51-11-0-aarch64-shippable-qr,amazon-search,True,,,,,,,,,,,,,,,,,,,,,,,,,,,,,,,,,,,,,,,,,,,,,,,,,,TN,,,,,,,,,,
,1766404300,2023-10-03 05:01:50,2805.4,53af11a26cb69e0616d9f481f988276e0a6da93e,1310080,autoland,LastVisualChange,True,amazon-search LastVisualChange opt cold webrender,,77,ms,geckoview,False,|c|o|l|d| |w|e|b|r|e|n|d|e|r|,,4361205,13,8bad20cfa5c21f9f330712163e9ddf6ea850f908,102210fe594ee9b33d82058545b1ed14f4c8206e,android-hw-a51-11-0-aarch64-shippable-qr,amazon-search,True,,,,,,,,,,,,,,,,,,,,,,,,,,,,,,,,,,,,,,,,,,,,,,,,,,TN,,,,,,,,,,
,1766688918,2023-10-03 11:04:59,2401.7,f003c74ca9f9399bc6db342491d997d682efc357,1310236,autoland,LastVisualChange,True,amazon-search LastVisualChange opt cold webrender,,77,ms,geckoview,False,|c|o|l|d| |w|e|b|r|e|n|d|e|r|,,4361205,13,8bad20cfa5c21f9f330712163e9ddf6ea850f908,102210fe594ee9b33d82058545b1ed14f4c8206e,android-hw-a51-11-0-aarch64-shippable-qr,amazon-search,True,,,,,,,,,,,,,,,,,,,,,,,,,,,,,,,,,,,,,,,,,,,,,,,,,,TN,,,,,,,,,,
,1766739937,2023-10-03 12:29:11,2392.0,e17d7235b6833e36a524263990347804df15c7fb,1310274,autoland,LastVisualChange,True,amazon-search LastVisualChange opt cold webrender,,77,ms,geckoview,False,|c|o|l|d| |w|e|b|r|e|n|d|e|r|,,4361205,13,8bad20cfa5c21f9f330712163e9ddf6ea850f908,102210fe594ee9b33d82058545b1ed14f4c8206e,android-hw-a51-11-0-aarch64-shippable-qr,amazon-search,True,,,,,,,,,,,,,,,,,,,,,,,,,,,,,,,,,,,,,,,,,,,,,,,,,,TN,,,,,,,,,,
,1766924480,2023-10-03 16:51:48,2363.0,b93578d846b3af884d0a623f8ce43e0183c8307f,1310439,autoland,LastVisualChange,True,amazon-search LastVisualChange opt cold webrender,,77,ms,geckoview,False,|c|o|l|d| |w|e|b|r|e|n|d|e|r|,,4361205,13,8bad20cfa5c21f9f330712163e9ddf6ea850f908,102210fe594ee9b33d82058545b1ed14f4c8206e,android-hw-a51-11-0-aarch64-shippable-qr,amazon-search,True,,,,,,,,,,,,,,,,,,,,,,,,,,,,,,,,,,,,,,,,,,,,,,,,,,TN,,,,,,,,,,
,1767073085,2023-10-03 20:26:11,2415.6,422c0919f37048afb02dc4d87dfc018baa718a5b,1310584,autoland,LastVisualChange,True,amazon-search LastVisualChange opt cold webrender,,77,ms,geckoview,False,|c|o|l|d| |w|e|b|r|e|n|d|e|r|,,4361205,13,8bad20cfa5c21f9f330712163e9ddf6ea850f908,102210fe594ee9b33d82058545b1ed14f4c8206e,android-hw-a51-11-0-aarch64-shippable-qr,amazon-search,True,,,,,,,,,,,,,,,,,,,,,,,,,,,,,,,,,,,,,,,,,,,,,,,,,,TN,,,,,,,,,,
,1767142372,2023-10-04 00:09:44,2504.0,3fb508020251d2cb191f2d62714da25ec3f35118,1310704,autoland,LastVisualChange,True,amazon-search LastVisualChange opt cold webrender,,77,ms,geckoview,False,|c|o|l|d| |w|e|b|r|e|n|d|e|r|,,4361205,13,8bad20cfa5c21f9f330712163e9ddf6ea850f908,102210fe594ee9b33d82058545b1ed14f4c8206e,android-hw-a51-11-0-aarch64-shippable-qr,amazon-search,True,,,,,,,,,,,,,,,,,,,,,,,,,,,,,,,,,,,,,,,,,,,,,,,,,,TN,,,,,,,,,,
,1767326604,2023-10-04 04:52:48,3228.8,413c83e8ccdad48a5ea3e58243d8ec9bb8c317fd,1310758,autoland,LastVisualChange,True,amazon-search LastVisualChange opt cold webrender,,77,ms,geckoview,False,|c|o|l|d| |w|e|b|r|e|n|d|e|r|,,4361205,13,8bad20cfa5c21f9f330712163e9ddf6ea850f908,102210fe594ee9b33d82058545b1ed14f4c8206e,android-hw-a51-11-0-aarch64-shippable-qr,amazon-search,True,,,,,,,,,,,,,,,,,,,,,,,,,,,,,,,,,,,,,,,,,,,,,,,,,,TN,,,,,,,,,,
,1767394810,2023-10-04 07:37:17,2425.3,ee60a98b1285e84f8466d929dd7197b4cb9e3beb,1310806,autoland,LastVisualChange,True,amazon-search LastVisualChange opt cold webrender,,77,ms,geckoview,False,|c|o|l|d| |w|e|b|r|e|n|d|e|r|,,4361205,13,8bad20cfa5c21f9f330712163e9ddf6ea850f908,102210fe594ee9b33d82058545b1ed14f4c8206e,android-hw-a51-11-0-aarch64-shippable-qr,amazon-search,True,,,,,,,,,,,,,,,,,,,,,,,,,,,,,,,,,,,,,,,,,,,,,,,,,,TN,,,,,,,,,,
,1767609958,2023-10-04 11:43:59,2487.0,c559095402a2380ba171d9c60662e36c8d5e948d,1310929,autoland,LastVisualChange,True,amazon-search LastVisualChange opt cold webrender,,77,ms,geckoview,False,|c|o|l|d| |w|e|b|r|e|n|d|e|r|,,4361205,13,8bad20cfa5c21f9f330712163e9ddf6ea850f908,102210fe594ee9b33d82058545b1ed14f4c8206e,android-hw-a51-11-0-aarch64-shippable-qr,amazon-search,True,,,,,,,,,,,,,,,,,,,,,,,,,,,,,,,,,,,,,,,,,,,,,,,,,,TN,,,,,,,,,,
,1767642607,2023-10-04 13:35:26,2459.0,764533656770292f05824c8125c45832ba08baa6,1311025,autoland,LastVisualChange,True,amazon-search LastVisualChange opt cold webrender,,77,ms,geckoview,False,|c|o|l|d| |w|e|b|r|e|n|d|e|r|,,4361205,13,8bad20cfa5c21f9f330712163e9ddf6ea850f908,102210fe594ee9b33d82058545b1ed14f4c8206e,android-hw-a51-11-0-aarch64-shippable-qr,amazon-search,True,,,,,,,,,,,,,,,,,,,,,,,,,,,,,,,,,,,,,,,,,,,,,,,,,,TN,,,,,,,,,,
,1767751214,2023-10-04 16:58:39,2384.3,ce4c0f200f3bbd6681a6313aebf0d64f7ea8afe5,1311191,autoland,LastVisualChange,True,amazon-search LastVisualChange opt cold webrender,,77,ms,geckoview,False,|c|o|l|d| |w|e|b|r|e|n|d|e|r|,,4361205,13,8bad20cfa5c21f9f330712163e9ddf6ea850f908,102210fe594ee9b33d82058545b1ed14f4c8206e,android-hw-a51-11-0-aarch64-shippable-qr,amazon-search,True,,,,,,,,,,,,,,,,,,,,,,,,,,,,,,,,,,,,,,,,,,,,,,,,,,TN,,,,,,,,,,
,1767878071,2023-10-04 20:54:48,2400.5,e557eb7d97ce665fd81c680ed136877f12572c13,1311395,autoland,LastVisualChange,True,amazon-search LastVisualChange opt cold webrender,,77,ms,geckoview,False,|c|o|l|d| |w|e|b|r|e|n|d|e|r|,,4361205,13,8bad20cfa5c21f9f330712163e9ddf6ea850f908,102210fe594ee9b33d82058545b1ed14f4c8206e,android-hw-a51-11-0-aarch64-shippable-qr,amazon-search,True,,,,,,,,,,,,,,,,,,,,,,,,,,,,,,,,,,,,,,,,,,,,,,,,,,TN,,,,,,,,,,
,1768005260,2023-10-05 00:01:56,2445.2,59f4df7189285072039d3a68afd88090443edb71,1311536,autoland,LastVisualChange,True,amazon-search LastVisualChange opt cold webrender,,77,ms,geckoview,False,|c|o|l|d| |w|e|b|r|e|n|d|e|r|,,4361205,13,8bad20cfa5c21f9f330712163e9ddf6ea850f908,102210fe594ee9b33d82058545b1ed14f4c8206e,android-hw-a51-11-0-aarch64-shippable-qr,amazon-search,True,,,,,,,,,,,,,,,,,,,,,,,,,,,,,,,,,,,,,,,,,,,,,,,,,,TN,,,,,,,,,,
,1768114170,2023-10-05 04:15:14,2406.0,c406ccc1889d7f77e187d219bc9800009e26c02e,1311596,autoland,LastVisualChange,True,amazon-search LastVisualChange opt cold webrender,,77,ms,geckoview,False,|c|o|l|d| |w|e|b|r|e|n|d|e|r|,,4361205,13,8bad20cfa5c21f9f330712163e9ddf6ea850f908,102210fe594ee9b33d82058545b1ed14f4c8206e,android-hw-a51-11-0-aarch64-shippable-qr,amazon-search,True,,,,,,,,,,,,,,,,,,,,,,,,,,,,,,,,,,,,,,,,,,,,,,,,,,TN,,,,,,,,,,
,1768168918,2023-10-05 08:15:44,2425.9,526604ee2cd434fcf94020c1c8b6b96d253a6e83,1311663,autoland,LastVisualChange,True,amazon-search LastVisualChange opt cold webrender,,77,ms,geckoview,False,|c|o|l|d| |w|e|b|r|e|n|d|e|r|,,4361205,13,8bad20cfa5c21f9f330712163e9ddf6ea850f908,102210fe594ee9b33d82058545b1ed14f4c8206e,android-hw-a51-11-0-aarch64-shippable-qr,amazon-search,True,,,,,,,,,,,,,,,,,,,,,,,,,,,,,,,,,,,,,,,,,,,,,,,,,,TN,,,,,,,,,,
,1768195688,2023-10-05 08:43:24,2345.5,352fa7471fb72db127fc25a7723d201abec7bd50,1311677,autoland,LastVisualChange,True,amazon-search LastVisualChange opt cold webrender,,77,ms,geckoview,False,|c|o|l|d| |w|e|b|r|e|n|d|e|r|,,4361205,13,8bad20cfa5c21f9f330712163e9ddf6ea850f908,102210fe594ee9b33d82058545b1ed14f4c8206e,android-hw-a51-11-0-aarch64-shippable-qr,amazon-search,True,,,,,,,,,,,,,,,,,,,,,,,,,,,,,,,,,,,,,,,,,,,,,,,,,,TN,,,,,,,,,,
,1768324781,2023-10-05 13:03:19,2621.9,071a248f1589b12a9d492997caf012ac6a813d61,1311840,autoland,LastVisualChange,True,amazon-search LastVisualChange opt cold webrender,,77,ms,geckoview,False,|c|o|l|d| |w|e|b|r|e|n|d|e|r|,,4361205,13,8bad20cfa5c21f9f330712163e9ddf6ea850f908,102210fe594ee9b33d82058545b1ed14f4c8206e,android-hw-a51-11-0-aarch64-shippable-qr,amazon-search,True,,,,,,,,,,,,,,,,,,,,,,,,,,,,,,,,,,,,,,,,,,,,,,,,,,TN,,,,,,,,,,
,1768394514,2023-10-05 14:07:33,2362.8,38a59b940c35dfab50ff2deda3fe6f27bfa99213,1311899,autoland,LastVisualChange,True,amazon-search LastVisualChange opt cold webrender,,77,ms,geckoview,False,|c|o|l|d| |w|e|b|r|e|n|d|e|r|,,4361205,13,8bad20cfa5c21f9f330712163e9ddf6ea850f908,102210fe594ee9b33d82058545b1ed14f4c8206e,android-hw-a51-11-0-aarch64-shippable-qr,amazon-search,True,,,,,,,,,,,,,,,,,,,,,,,,,,,,,,,,,,,,,,,,,,,,,,,,,,TN,,,,,,,,,,
,1768645142,2023-10-05 17:18:24,2459.7,def7651a06fb17bb344eaf48cc6daa6047be722e,1312069,autoland,LastVisualChange,True,amazon-search LastVisualChange opt cold webrender,,77,ms,geckoview,False,|c|o|l|d| |w|e|b|r|e|n|d|e|r|,,4361205,13,8bad20cfa5c21f9f330712163e9ddf6ea850f908,102210fe594ee9b33d82058545b1ed14f4c8206e,android-hw-a51-11-0-aarch64-shippable-qr,amazon-search,True,,,,,,,,,,,,,,,,,,,,,,,,,,,,,,,,,,,,,,,,,,,,,,,,,,TN,,,,,,,,,,
,1768782107,2023-10-05 19:49:01,2417.1,5cb270a4e6b6f0aa6cd6865b7f8daf75ad10263c,1312160,autoland,LastVisualChange,True,amazon-search LastVisualChange opt cold webrender,,77,ms,geckoview,False,|c|o|l|d| |w|e|b|r|e|n|d|e|r|,,4361205,13,8bad20cfa5c21f9f330712163e9ddf6ea850f908,102210fe594ee9b33d82058545b1ed14f4c8206e,android-hw-a51-11-0-aarch64-shippable-qr,amazon-search,True,,,,,,,,,,,,,,,,,,,,,,,,,,,,,,,,,,,,,,,,,,,,,,,,,,TN,,,,,,,,,,
,1768924437,2023-10-06 01:08:36,2543.3,461a9c98a535b9896e9d394bdfee72ce90cf7afd,1312319,autoland,LastVisualChange,True,amazon-search LastVisualChange opt cold webrender,,77,ms,geckoview,False,|c|o|l|d| |w|e|b|r|e|n|d|e|r|,,4361205,13,8bad20cfa5c21f9f330712163e9ddf6ea850f908,102210fe594ee9b33d82058545b1ed14f4c8206e,android-hw-a51-11-0-aarch64-shippable-qr,amazon-search,True,,,,,,,,,,,,,,,,,,,,,,,,,,,,,,,,,,,,,,,,,,,,,,,,,,TN,,,,,,,,,,
,1768997859,2023-10-06 04:02:35,2396.7,055e1badb79853e71fe9123f8e0c60a4381a1239,1312369,autoland,LastVisualChange,True,amazon-search LastVisualChange opt cold webrender,,77,ms,geckoview,False,|c|o|l|d| |w|e|b|r|e|n|d|e|r|,,4361205,13,8bad20cfa5c21f9f330712163e9ddf6ea850f908,102210fe594ee9b33d82058545b1ed14f4c8206e,android-hw-a51-11-0-aarch64-shippable-qr,amazon-search,True,,,,,,,,,,,,,,,,,,,,,,,,,,,,,,,,,,,,,,,,,,,,,,,,,,TN,,,,,,,,,,
,1769066160,2023-10-06 08:43:18,2418.5,00b027478170756439b780282f9cfdf15edea985,1312452,autoland,LastVisualChange,True,amazon-search LastVisualChange opt cold webrender,,77,ms,geckoview,False,|c|o|l|d| |w|e|b|r|e|n|d|e|r|,,4361205,13,8bad20cfa5c21f9f330712163e9ddf6ea850f908,102210fe594ee9b33d82058545b1ed14f4c8206e,android-hw-a51-11-0-aarch64-shippable-qr,amazon-search,True,,,,,,,,,,,,,,,,,,,,,,,,,,,,,,,,,,,,,,,,,,,,,,,,,,TN,,,,,,,,,,
,1769226490,2023-10-06 12:06:22,2459.5,9b362770f30bc360df921ba24ace5de8c387e631,1312537,autoland,LastVisualChange,True,amazon-search LastVisualChange opt cold webrender,,77,ms,geckoview,False,|c|o|l|d| |w|e|b|r|e|n|d|e|r|,,4361205,13,8bad20cfa5c21f9f330712163e9ddf6ea850f908,102210fe594ee9b33d82058545b1ed14f4c8206e,android-hw-a51-11-0-aarch64-shippable-qr,amazon-search,True,,,,,,,,,,,,,,,,,,,,,,,,,,,,,,,,,,,,,,,,,,,,,,,,,,TN,,,,,,,,,,
,1769420010,2023-10-06 19:00:40,2372.5,c561ffa6099b97fd965811d77fd98de66c44d32b,1312844,autoland,LastVisualChange,True,amazon-search LastVisualChange opt cold webrender,,77,ms,geckoview,False,|c|o|l|d| |w|e|b|r|e|n|d|e|r|,,4361205,13,8bad20cfa5c21f9f330712163e9ddf6ea850f908,102210fe594ee9b33d82058545b1ed14f4c8206e,android-hw-a51-11-0-aarch64-shippable-qr,amazon-search,True,,,,,,,,,,,,,,,,,,,,,,,,,,,,,,,,,,,,,,,,,,,,,,,,,,TN,,,,,,,,,,
,1769543118,2023-10-06 23:09:23,2385.9,1d25ed23e85a3a9d0d9117997337757d0ff718a2,1312997,autoland,LastVisualChange,True,amazon-search LastVisualChange opt cold webrender,,77,ms,geckoview,False,|c|o|l|d| |w|e|b|r|e|n|d|e|r|,,4361205,13,8bad20cfa5c21f9f330712163e9ddf6ea850f908,102210fe594ee9b33d82058545b1ed14f4c8206e,android-hw-a51-11-0-aarch64-shippable-qr,amazon-search,True,,,,,,,,,,,,,,,,,,,,,,,,,,,,,,,,,,,,,,,,,,,,,,,,,,TN,,,,,,,,,,
,1769609919,2023-10-07 03:35:30,2403.4,4db29be9ee2947a3d67a996fefc3ff1cb94a6fcc,1313062,autoland,LastVisualChange,True,amazon-search LastVisualChange opt cold webrender,,77,ms,geckoview,False,|c|o|l|d| |w|e|b|r|e|n|d|e|r|,,4361205,13,8bad20cfa5c21f9f330712163e9ddf6ea850f908,102210fe594ee9b33d82058545b1ed14f4c8206e,android-hw-a51-11-0-aarch64-shippable-qr,amazon-search,True,,,,,,,,,,,,,,,,,,,,,,,,,,,,,,,,,,,,,,,,,,,,,,,,,,TN,,,,,,,,,,
,1769645063,2023-10-07 06:02:53,2362.3,c4c56469518a5ccc9349ed7d29a0d56eba776df6,1313071,autoland,LastVisualChange,True,amazon-search LastVisualChange opt cold webrender,,77,ms,geckoview,False,|c|o|l|d| |w|e|b|r|e|n|d|e|r|,,4361205,13,8bad20cfa5c21f9f330712163e9ddf6ea850f908,102210fe594ee9b33d82058545b1ed14f4c8206e,android-hw-a51-11-0-aarch64-shippable-qr,amazon-search,True,,,,,,,,,,,,,,,,,,,,,,,,,,,,,,,,,,,,,,,,,,,,,,,,,,TN,,,,,,,,,,
,1769762384,2023-10-07 13:52:35,2482.0,ef73c2e8cd831f2a46ff5704623db63232fd912d,1313122,autoland,LastVisualChange,True,amazon-search LastVisualChange opt cold webrender,,77,ms,geckoview,False,|c|o|l|d| |w|e|b|r|e|n|d|e|r|,,4361205,13,8bad20cfa5c21f9f330712163e9ddf6ea850f908,102210fe594ee9b33d82058545b1ed14f4c8206e,android-hw-a51-11-0-aarch64-shippable-qr,amazon-search,True,,,,,,,,,,,,,,,,,,,,,,,,,,,,,,,,,,,,,,,,,,,,,,,,,,TN,,,,,,,,,,
,1769811871,2023-10-07 18:43:49,2391.0,8db232d0f8c742a85eb803c996ef87edac9d5c81,1313149,autoland,LastVisualChange,True,amazon-search LastVisualChange opt cold webrender,,77,ms,geckoview,False,|c|o|l|d| |w|e|b|r|e|n|d|e|r|,,4361205,13,8bad20cfa5c21f9f330712163e9ddf6ea850f908,102210fe594ee9b33d82058545b1ed14f4c8206e,android-hw-a51-11-0-aarch64-shippable-qr,amazon-search,True,,,,,,,,,,,,,,,,,,,,,,,,,,,,,,,,,,,,,,,,,,,,,,,,,,TN,,,,,,,,,,
,1769882851,2023-10-07 23:15:17,2520.0,fba49989dde6aa32244c622fd43abe19a32128ae,1313184,autoland,LastVisualChange,True,amazon-search LastVisualChange opt cold webrender,,77,ms,geckoview,False,|c|o|l|d| |w|e|b|r|e|n|d|e|r|,,4361205,13,8bad20cfa5c21f9f330712163e9ddf6ea850f908,102210fe594ee9b33d82058545b1ed14f4c8206e,android-hw-a51-11-0-aarch64-shippable-qr,amazon-search,True,,,,,,,,,,,,,,,,,,,,,,,,,,,,,,,,,,,,,,,,,,,,,,,,,,TN,,,,,,,,,,
,1769969937,2023-10-08 08:55:12,2384.4,68e866f36130edd1c8de093ac6d8a0fb78006527,1313211,autoland,LastVisualChange,True,amazon-search LastVisualChange opt cold webrender,,77,ms,geckoview,False,|c|o|l|d| |w|e|b|r|e|n|d|e|r|,,4361205,13,8bad20cfa5c21f9f330712163e9ddf6ea850f908,102210fe594ee9b33d82058545b1ed14f4c8206e,android-hw-a51-11-0-aarch64-shippable-qr,amazon-search,True,,,,,,,,,,,,,,,,,,,,,,,,,,,,,,,,,,,,,,,,,,,,,,,,,,TN,,,,,,,,,,
,1770210437,2023-10-08 23:28:16,2397.9,38314c6dc43eed509bfa7c922dbbc4147ac2ce34,1313289,autoland,LastVisualChange,True,amazon-search LastVisualChange opt cold webrender,,77,ms,geckoview,False,|c|o|l|d| |w|e|b|r|e|n|d|e|r|,,4361205,13,8bad20cfa5c21f9f330712163e9ddf6ea850f908,102210fe594ee9b33d82058545b1ed14f4c8206e,android-hw-a51-11-0-aarch64-shippable-qr,amazon-search,True,,,,,,,,,,,,,,,,,,,,,,,,,,,,,,,,,,,,,,,,,,,,,,,,,,TN,,,,,,,,,,
,1770265676,2023-10-09 04:48:12,2363.0,d5fd5e481ff21f14c9771aa58f8fb378a8430cdf,1313332,autoland,LastVisualChange,True,amazon-search LastVisualChange opt cold webrender,,77,ms,geckoview,False,|c|o|l|d| |w|e|b|r|e|n|d|e|r|,,4361205,13,8bad20cfa5c21f9f330712163e9ddf6ea850f908,102210fe594ee9b33d82058545b1ed14f4c8206e,android-hw-a51-11-0-aarch64-shippable-qr,amazon-search,True,,,,,,,,,,,,,,,,,,,,,,,,,,,,,,,,,,,,,,,,,,,,,,,,,,TN,,,,,,,,,,
,1770334185,2023-10-09 08:48:33,2383.2,77c18c08c9ff87c6ff0e5b546ac609296d5e04db,1313413,autoland,LastVisualChange,True,amazon-search LastVisualChange opt cold webrender,,77,ms,geckoview,False,|c|o|l|d| |w|e|b|r|e|n|d|e|r|,,4361205,13,8bad20cfa5c21f9f330712163e9ddf6ea850f908,102210fe594ee9b33d82058545b1ed14f4c8206e,android-hw-a51-11-0-aarch64-shippable-qr,amazon-search,True,,,,,,,,,,,,,,,,,,,,,,,,,,,,,,,,,,,,,,,,,,,,,,,,,,TN,,,,,,,,,,
,1770485558,2023-10-09 11:45:29,2432.2,70c980c054e9a0693d3bee343b1235d47894163d,1313495,autoland,LastVisualChange,True,amazon-search LastVisualChange opt cold webrender,,77,ms,geckoview,False,|c|o|l|d| |w|e|b|r|e|n|d|e|r|,,4361205,13,8bad20cfa5c21f9f330712163e9ddf6ea850f908,102210fe594ee9b33d82058545b1ed14f4c8206e,android-hw-a51-11-0-aarch64-shippable-qr,amazon-search,True,,,,,,,,,,,,,,,,,,,,,,,,,,,,,,,,,,,,,,,,,,,,,,,,,,TN,,,,,,,,,,
,1770644442,2023-10-09 16:17:23,2376.9,86e82f01df51429edbb4cfa27823d4d71e7844ab,1313678,autoland,LastVisualChange,True,amazon-search LastVisualChange opt cold webrender,,77,ms,geckoview,False,|c|o|l|d| |w|e|b|r|e|n|d|e|r|,,4361205,13,8bad20cfa5c21f9f330712163e9ddf6ea850f908,102210fe594ee9b33d82058545b1ed14f4c8206e,android-hw-a51-11-0-aarch64-shippable-qr,amazon-search,True,,,,,,,,,,,,,,,,,,,,,,,,,,,,,,,,,,,,,,,,,,,,,,,,,,TN,,,,,,,,,,
,1770648565,2023-10-09 16:47:54,2400.8,9591bcc532c4599dba688d3555c6a0135139c39a,1313694,autoland,LastVisualChange,True,amazon-search LastVisualChange opt cold webrender,,77,ms,geckoview,False,|c|o|l|d| |w|e|b|r|e|n|d|e|r|,,4361205,13,8bad20cfa5c21f9f330712163e9ddf6ea850f908,102210fe594ee9b33d82058545b1ed14f4c8206e,android-hw-a51-11-0-aarch64-shippable-qr,amazon-search,True,,,,,,,,,,,,,,,,,,,,,,,,,,,,,,,,,,,,,,,,,,,,,,,,,,TN,,,,,,,,,,
,1770746054,2023-10-09 21:45:38,2401.8,3d1ac3fb7670dd794589cae42735270de4266f4c,1313856,autoland,LastVisualChange,True,amazon-search LastVisualChange opt cold webrender,,77,ms,geckoview,False,|c|o|l|d| |w|e|b|r|e|n|d|e|r|,,4361205,13,8bad20cfa5c21f9f330712163e9ddf6ea850f908,102210fe594ee9b33d82058545b1ed14f4c8206e,android-hw-a51-11-0-aarch64-shippable-qr,amazon-search,True,,,,,,,,,,,,,,,,,,,,,,,,,,,,,,,,,,,,,,,,,,,,,,,,,,TN,,,,,,,,,,
,1770789530,2023-10-10 02:31:01,2334.6,935a0ba75b642adf295d7792f8ad8129f87e4c03,1313960,autoland,LastVisualChange,True,amazon-search LastVisualChange opt cold webrender,,77,ms,geckoview,False,|c|o|l|d| |w|e|b|r|e|n|d|e|r|,,4361205,13,8bad20cfa5c21f9f330712163e9ddf6ea850f908,102210fe594ee9b33d82058545b1ed14f4c8206e,android-hw-a51-11-0-aarch64-shippable-qr,amazon-search,True,,,,,,,,,,,,,,,,,,,,,,,,,,,,,,,,,,,,,,,,,,,,,,,,,,TN,,,,,,,,,,
,1770843566,2023-10-10 06:35:36,2432.7,de9287a68ed836a8fd2eb2ba90de0770a18c877a,1314004,autoland,LastVisualChange,True,amazon-search LastVisualChange opt cold webrender,,77,ms,geckoview,False,|c|o|l|d| |w|e|b|r|e|n|d|e|r|,,4361205,13,8bad20cfa5c21f9f330712163e9ddf6ea850f908,102210fe594ee9b33d82058545b1ed14f4c8206e,android-hw-a51-11-0-aarch64-shippable-qr,amazon-search,True,,,,,,,,,,,,,,,,,,,,,,,,,,,,,,,,,,,,,,,,,,,,,,,,,,TN,,,,,,,,,,
,1770890854,2023-10-10 08:23:57,2372.8,bec78f6e89cdb3b51ac879af75533217f38970cf,1314048,autoland,LastVisualChange,True,amazon-search LastVisualChange opt cold webrender,,77,ms,geckoview,False,|c|o|l|d| |w|e|b|r|e|n|d|e|r|,,4361205,13,8bad20cfa5c21f9f330712163e9ddf6ea850f908,102210fe594ee9b33d82058545b1ed14f4c8206e,android-hw-a51-11-0-aarch64-shippable-qr,amazon-search,True,,,,,,,,,,,,,,,,,,,,,,,,,,,,,,,,,,,,,,,,,,,,,,,,,,TN,,,,,,,,,,
,1771027872,2023-10-10 12:59:15,2365.9,7a4c861a2d10a6757c8844de9bd8f71c94cb6150,1314216,autoland,LastVisualChange,True,amazon-search LastVisualChange opt cold webrender,,77,ms,geckoview,False,|c|o|l|d| |w|e|b|r|e|n|d|e|r|,,4361205,13,8bad20cfa5c21f9f330712163e9ddf6ea850f908,102210fe594ee9b33d82058545b1ed14f4c8206e,android-hw-a51-11-0-aarch64-shippable-qr,amazon-search,True,,,,,,,,,,,,,,,,,,,,,,,,,,,,,,,,,,,,,,,,,,,,,,,,,,TN,,,,,,,,,,
,1771153124,2023-10-10 15:20:47,2331.4,686073214e498a3ed6018f15d9cd093812f5ab6f,1314341,autoland,LastVisualChange,True,amazon-search LastVisualChange opt cold webrender,,77,ms,geckoview,False,|c|o|l|d| |w|e|b|r|e|n|d|e|r|,,4361205,13,8bad20cfa5c21f9f330712163e9ddf6ea850f908,102210fe594ee9b33d82058545b1ed14f4c8206e,android-hw-a51-11-0-aarch64-shippable-qr,amazon-search,True,,,,,,,,,,,,,,,,,,,,,,,,,,,,,,,,,,,,,,,,,,,,,,,,,,TN,,,,,,,,,,
,1771248520,2023-10-10 18:56:17,2411.1,e746122083e758920b17ca0fd4726093187f3715,1314490,autoland,LastVisualChange,True,amazon-search LastVisualChange opt cold webrender,,77,ms,geckoview,False,|c|o|l|d| |w|e|b|r|e|n|d|e|r|,,4361205,13,8bad20cfa5c21f9f330712163e9ddf6ea850f908,102210fe594ee9b33d82058545b1ed14f4c8206e,android-hw-a51-11-0-aarch64-shippable-qr,amazon-search,True,,,,,,,,,,,,,,,,,,,,,,,,,,,,,,,,,,,,,,,,,,,,,,,,,,TN,,,,,,,,,,
,1771375856,2023-10-10 21:46:34,2388.1,32a23612bb297f386b6239e7bff0be58b62b2f73,1314585,autoland,LastVisualChange,True,amazon-search LastVisualChange opt cold webrender,,77,ms,geckoview,False,|c|o|l|d| |w|e|b|r|e|n|d|e|r|,,4361205,13,8bad20cfa5c21f9f330712163e9ddf6ea850f908,102210fe594ee9b33d82058545b1ed14f4c8206e,android-hw-a51-11-0-aarch64-shippable-qr,amazon-search,True,,,,,,,,,,,,,,,,,,,,,,,,,,,,,,,,,,,,,,,,,,,,,,,,,,TN,,,,,,,,,,
,1771479641,2023-10-11 04:35:52,2374.6,fb1c93363030ee78f4a3ea0da9854fb688a630b8,1314760,autoland,LastVisualChange,True,amazon-search LastVisualChange opt cold webrender,,77,ms,geckoview,False,|c|o|l|d| |w|e|b|r|e|n|d|e|r|,,4361205,13,8bad20cfa5c21f9f330712163e9ddf6ea850f908,102210fe594ee9b33d82058545b1ed14f4c8206e,android-hw-a51-11-0-aarch64-shippable-qr,amazon-search,True,,,,,,,,,,,,,,,,,,,,,,,,,,,,,,,,,,,,,,,,,,,,,,,,,,TN,,,,,,,,,,
,1771477104,2023-10-11 05:18:39,2368.1,d677f2833f2cf056757a6a3cf8c2e8b4273fb788,1314767,autoland,LastVisualChange,True,amazon-search LastVisualChange opt cold webrender,,77,ms,geckoview,False,|c|o|l|d| |w|e|b|r|e|n|d|e|r|,,4361205,13,8bad20cfa5c21f9f330712163e9ddf6ea850f908,102210fe594ee9b33d82058545b1ed14f4c8206e,android-hw-a51-11-0-aarch64-shippable-qr,amazon-search,True,,,,,,,,,,,,,,,,,,,,,,,,,,,,,,,,,,,,,,,,,,,,,,,,,,TN,,,,,,,,,,
,1771664530,2023-10-11 09:29:42,2377.9,2124c3eebcb12eb72e8ced7bfb3c8521a028af8d,1314864,autoland,LastVisualChange,True,amazon-search LastVisualChange opt cold webrender,,77,ms,geckoview,False,|c|o|l|d| |w|e|b|r|e|n|d|e|r|,,4361205,13,8bad20cfa5c21f9f330712163e9ddf6ea850f908,102210fe594ee9b33d82058545b1ed14f4c8206e,android-hw-a51-11-0-aarch64-shippable-qr,amazon-search,True,,,,,,,,,,,,,,,,,,,,,,,,,,,,,,,,,,,,,,,,,,,,,,,,,,TN,,,,,,,,,,
,1771677666,2023-10-11 10:39:45,2373.1,e4751df31e7494090d14b0ab8ff52bab6c1391d7,1314918,autoland,LastVisualChange,True,amazon-search LastVisualChange opt cold webrender,,77,ms,geckoview,False,|c|o|l|d| |w|e|b|r|e|n|d|e|r|,,4361205,13,8bad20cfa5c21f9f330712163e9ddf6ea850f908,102210fe594ee9b33d82058545b1ed14f4c8206e,android-hw-a51-11-0-aarch64-shippable-qr,amazon-search,True,,,,,,,,,,,,,,,,,,,,,,,,,,,,,,,,,,,,,,,,,,,,,,,,,,TN,,,,,,,,,,
,1771785224,2023-10-11 14:42:40,2354.9,2f6d9a971e1895c3186c6f2cdc2286c9f6e9694e,1315015,autoland,LastVisualChange,True,amazon-search LastVisualChange opt cold webrender,,77,ms,geckoview,False,|c|o|l|d| |w|e|b|r|e|n|d|e|r|,,4361205,13,8bad20cfa5c21f9f330712163e9ddf6ea850f908,102210fe594ee9b33d82058545b1ed14f4c8206e,android-hw-a51-11-0-aarch64-shippable-qr,amazon-search,True,,,,,,,,,,,,,,,,,,,,,,,,,,,,,,,,,,,,,,,,,,,,,,,,,,TN,,,,,,,,,,
,1771821228,2023-10-11 15:07:05,2434.8,a710f6c3ab82ca81444f0478a4882217c3628bf0,1315029,autoland,LastVisualChange,True,amazon-search LastVisualChange opt cold webrender,,77,ms,geckoview,False,|c|o|l|d| |w|e|b|r|e|n|d|e|r|,,4361205,13,8bad20cfa5c21f9f330712163e9ddf6ea850f908,102210fe594ee9b33d82058545b1ed14f4c8206e,android-hw-a51-11-0-aarch64-shippable-qr,amazon-search,True,,,,,,,,,,,,,,,,,,,,,,,,,,,,,,,,,,,,,,,,,,,,,,,,,,TN,,,,,,,,,,
,1771865676,2023-10-11 17:21:18,2370.5,be8d8e6ec4b7216d8dcb9b4ff8c8a413fc83da74,1315168,autoland,LastVisualChange,True,amazon-search LastVisualChange opt cold webrender,,77,ms,geckoview,False,|c|o|l|d| |w|e|b|r|e|n|d|e|r|,,4361205,13,8bad20cfa5c21f9f330712163e9ddf6ea850f908,102210fe594ee9b33d82058545b1ed14f4c8206e,android-hw-a51-11-0-aarch64-shippable-qr,amazon-search,True,,,,,,,,,,,,,,,,,,,,,,,,,,,,,,,,,,,,,,,,,,,,,,,,,,TN,,,,,,,,,,
,1771955740,2023-10-11 21:29:22,2375.9,dfe9eba9757679d9dda934ba7dd5798a0c3360fe,1315364,autoland,LastVisualChange,True,amazon-search LastVisualChange opt cold webrender,,77,ms,geckoview,False,|c|o|l|d| |w|e|b|r|e|n|d|e|r|,,4361205,13,8bad20cfa5c21f9f330712163e9ddf6ea850f908,102210fe594ee9b33d82058545b1ed14f4c8206e,android-hw-a51-11-0-aarch64-shippable-qr,amazon-search,True,,,,,,,,,,,,,,,,,,,,,,,,,,,,,,,,,,,,,,,,,,,,,,,,,,TN,,,,,,,,,,
,1772008082,2023-10-11 21:41:54,2416.4,2cbc64e7dbb0cd771d39710e5c3f2ed9a7e02b50,1315372,autoland,LastVisualChange,True,amazon-search LastVisualChange opt cold webrender,,77,ms,geckoview,False,|c|o|l|d| |w|e|b|r|e|n|d|e|r|,,4361205,13,8bad20cfa5c21f9f330712163e9ddf6ea850f908,102210fe594ee9b33d82058545b1ed14f4c8206e,android-hw-a51-11-0-aarch64-shippable-qr,amazon-search,True,,,,,,,,,,,,,,,,,,,,,,,,,,,,,,,,,,,,,,,,,,,,,,,,,,TN,,,,,,,,,,
,1772168544,2023-10-12 04:10:05,2540.2,c77a5d731bccf47b2b9f0714e44d5943f903d95e,1315494,autoland,LastVisualChange,True,amazon-search LastVisualChange opt cold webrender,,77,ms,geckoview,False,|c|o|l|d| |w|e|b|r|e|n|d|e|r|,,4361205,13,8bad20cfa5c21f9f330712163e9ddf6ea850f908,102210fe594ee9b33d82058545b1ed14f4c8206e,android-hw-a51-11-0-aarch64-shippable-qr,amazon-search,True,,,,,,,,,,,,,,,,,,,,,,,,,,,,,,,,,,,,,,,,,,,,,,,,,,TN,,,,,,,,,,
,1772233371,2023-10-12 08:16:23,2354.2,d64dc6406137711ffbc7f0bc42f6794a1c4ad236,1315559,autoland,LastVisualChange,True,amazon-search LastVisualChange opt cold webrender,,77,ms,geckoview,False,|c|o|l|d| |w|e|b|r|e|n|d|e|r|,,4361205,13,8bad20cfa5c21f9f330712163e9ddf6ea850f908,102210fe594ee9b33d82058545b1ed14f4c8206e,android-hw-a51-11-0-aarch64-shippable-qr,amazon-search,True,,,,,,,,,,,,,,,,,,,,,,,,,,,,,,,,,,,,,,,,,,,,,,,,,,TN,,,,,,,,,,
,1772262850,2023-10-12 09:32:06,2336.3,6eb785f75431f10faa331dabd429029e6dd1224e,1315613,autoland,LastVisualChange,True,amazon-search LastVisualChange opt cold webrender,,77,ms,geckoview,False,|c|o|l|d| |w|e|b|r|e|n|d|e|r|,,4361205,13,8bad20cfa5c21f9f330712163e9ddf6ea850f908,102210fe594ee9b33d82058545b1ed14f4c8206e,android-hw-a51-11-0-aarch64-shippable-qr,amazon-search,True,,,,,,,,,,,,,,,,,,,,,,,,,,,,,,,,,,,,,,,,,,,,,,,,,,TN,,,,,,,,,,
,1772367645,2023-10-12 12:42:22,2383.1,d3c6163a42b6002297fdb7cbb78395ee4495a357,1315709,autoland,LastVisualChange,True,amazon-search LastVisualChange opt cold webrender,,77,ms,geckoview,False,|c|o|l|d| |w|e|b|r|e|n|d|e|r|,,4361205,13,8bad20cfa5c21f9f330712163e9ddf6ea850f908,102210fe594ee9b33d82058545b1ed14f4c8206e,android-hw-a51-11-0-aarch64-shippable-qr,amazon-search,True,,,,,,,,,,,,,,,,,,,,,,,,,,,,,,,,,,,,,,,,,,,,,,,,,,TN,,,,,,,,,,
,1772527470,2023-10-12 17:01:35,2435.2,c09a0d19d99b488a292e3583cd0bb488afc74173,1315902,autoland,LastVisualChange,True,amazon-search LastVisualChange opt cold webrender,,77,ms,geckoview,False,|c|o|l|d| |w|e|b|r|e|n|d|e|r|,,4361205,13,8bad20cfa5c21f9f330712163e9ddf6ea850f908,102210fe594ee9b33d82058545b1ed14f4c8206e,android-hw-a51-11-0-aarch64-shippable-qr,amazon-search,True,,,,,,,,,,,,,,,,,,,,,,,,,,,,,,,,,,,,,,,,,,,,,,,,,,TN,,,,,,,,,,
,1772495063,2023-10-12 17:02:35,2428.4,a5369079cd89dd91a42689da9aad1fc607ef9146,1315903,autoland,LastVisualChange,True,amazon-search LastVisualChange opt cold webrender,,77,ms,geckoview,False,|c|o|l|d| |w|e|b|r|e|n|d|e|r|,,4361205,13,8bad20cfa5c21f9f330712163e9ddf6ea850f908,102210fe594ee9b33d82058545b1ed14f4c8206e,android-hw-a51-11-0-aarch64-shippable-qr,amazon-search,True,,,,,,,,,,,,,,,,,,,,,,,,,,,,,,,,,,,,,,,,,,,,,,,,,,TN,,,,,,,,,,
,1772585668,2023-10-12 19:48:41,2376.2,b9478e8898d6397ccb0ca6d2f90b882083ef91d2,1316052,autoland,LastVisualChange,True,amazon-search LastVisualChange opt cold webrender,,77,ms,geckoview,False,|c|o|l|d| |w|e|b|r|e|n|d|e|r|,,4361205,13,8bad20cfa5c21f9f330712163e9ddf6ea850f908,102210fe594ee9b33d82058545b1ed14f4c8206e,android-hw-a51-11-0-aarch64-shippable-qr,amazon-search,True,,,,,,,,,,,,,,,,,,,,,,,,,,,,,,,,,,,,,,,,,,,,,,,,,,TN,,,,,,,,,,
,1772723987,2023-10-12 23:58:41,2507.6,6769216667ff487b1442f654ee41dc5f12c23983,1316211,autoland,LastVisualChange,True,amazon-search LastVisualChange opt cold webrender,,77,ms,geckoview,False,|c|o|l|d| |w|e|b|r|e|n|d|e|r|,,4361205,13,8bad20cfa5c21f9f330712163e9ddf6ea850f908,102210fe594ee9b33d82058545b1ed14f4c8206e,android-hw-a51-11-0-aarch64-shippable-qr,amazon-search,True,,,,,,,,,,,,,,,,,,,,,,,,,,,,,,,,,,,,,,,,,,,,,,,,,,TN,,,,,,,,,,
,1772819873,2023-10-13 06:04:39,2359.2,810153993fc0b06ce0eabae2602fc7f74ed9be18,1316292,autoland,LastVisualChange,True,amazon-search LastVisualChange opt cold webrender,,77,ms,geckoview,False,|c|o|l|d| |w|e|b|r|e|n|d|e|r|,,4361205,13,8bad20cfa5c21f9f330712163e9ddf6ea850f908,102210fe594ee9b33d82058545b1ed14f4c8206e,android-hw-a51-11-0-aarch64-shippable-qr,amazon-search,True,,,,,,,,,,,,,,,,,,,,,,,,,,,,,,,,,,,,,,,,,,,,,,,,,,TN,,,,,,,,,,
,1772838660,2023-10-13 06:28:51,2417.7,930888998f68ddfb0f36d898e98305e459d7cbb2,1316299,autoland,LastVisualChange,True,amazon-search LastVisualChange opt cold webrender,,77,ms,geckoview,False,|c|o|l|d| |w|e|b|r|e|n|d|e|r|,,4361205,13,8bad20cfa5c21f9f330712163e9ddf6ea850f908,102210fe594ee9b33d82058545b1ed14f4c8206e,android-hw-a51-11-0-aarch64-shippable-qr,amazon-search,True,,,,,,,,,,,,,,,,,,,,,,,,,,,,,,,,,,,,,,,,,,,,,,,,,,TN,,,,,,,,,,
,1773028945,2023-10-13 10:45:16,2448.9,0db2502d9e9503580a800e13235be8c02043bbc0,1316413,autoland,LastVisualChange,True,amazon-search LastVisualChange opt cold webrender,,77,ms,geckoview,False,|c|o|l|d| |w|e|b|r|e|n|d|e|r|,,4361205,13,8bad20cfa5c21f9f330712163e9ddf6ea850f908,102210fe594ee9b33d82058545b1ed14f4c8206e,android-hw-a51-11-0-aarch64-shippable-qr,amazon-search,True,,,,,,,,,,,,,,,,,,,,,,,,,,,,,,,,,,,,,,,,,,,,,,,,,,TN,,,,,,,,,,
,1773042373,2023-10-13 11:42:22,2434.3,8246d773a07ce105d3a9f92b96007867c7df3cc4,1316442,autoland,LastVisualChange,True,amazon-search LastVisualChange opt cold webrender,,77,ms,geckoview,False,|c|o|l|d| |w|e|b|r|e|n|d|e|r|,,4361205,13,8bad20cfa5c21f9f330712163e9ddf6ea850f908,102210fe594ee9b33d82058545b1ed14f4c8206e,android-hw-a51-11-0-aarch64-shippable-qr,amazon-search,True,,,,,,,,,,,,,,,,,,,,,,,,,,,,,,,,,,,,,,,,,,,,,,,,,,TN,,,,,,,,,,
,1773152782,2023-10-13 15:49:30,2344.7,8adc92d3a6a8eeeefd63f98296c29907c3838316,1316607,autoland,LastVisualChange,True,amazon-search LastVisualChange opt cold webrender,,77,ms,geckoview,False,|c|o|l|d| |w|e|b|r|e|n|d|e|r|,,4361205,13,8bad20cfa5c21f9f330712163e9ddf6ea850f908,102210fe594ee9b33d82058545b1ed14f4c8206e,android-hw-a51-11-0-aarch64-shippable-qr,amazon-search,True,,,,,,,,,,,,,,,,,,,,,,,,,,,,,,,,,,,,,,,,,,,,,,,,,,TN,,,,,,,,,,
,1773124073,2023-10-13 16:11:23,2335.9,9ba44fb4eeafba4229fe28a6f3b42c79d8d05692,1316611,autoland,LastVisualChange,True,amazon-search LastVisualChange opt cold webrender,,77,ms,geckoview,False,|c|o|l|d| |w|e|b|r|e|n|d|e|r|,,4361205,13,8bad20cfa5c21f9f330712163e9ddf6ea850f908,102210fe594ee9b33d82058545b1ed14f4c8206e,android-hw-a51-11-0-aarch64-shippable-qr,amazon-search,True,,,,,,,,,,,,,,,,,,,,,,,,,,,,,,,,,,,,,,,,,,,,,,,,,,TN,,,,,,,,,,
,1773232518,2023-10-13 20:17:54,2340.3,35e20e70da91e5ef4caee7c732541350343fe927,1316790,autoland,LastVisualChange,True,amazon-search LastVisualChange opt cold webrender,,77,ms,geckoview,False,|c|o|l|d| |w|e|b|r|e|n|d|e|r|,,4361205,13,8bad20cfa5c21f9f330712163e9ddf6ea850f908,102210fe594ee9b33d82058545b1ed14f4c8206e,android-hw-a51-11-0-aarch64-shippable-qr,amazon-search,True,,,,,,,,,,,,,,,,,,,,,,,,,,,,,,,,,,,,,,,,,,,,,,,,,,TN,,,,,,,,,,
,1773319650,2023-10-14 00:40:19,2395.3,bcd044cb6c313be98b766d19688066871ddaa6b3,1316857,autoland,LastVisualChange,True,amazon-search LastVisualChange opt cold webrender,,77,ms,geckoview,False,|c|o|l|d| |w|e|b|r|e|n|d|e|r|,,4361205,13,8bad20cfa5c21f9f330712163e9ddf6ea850f908,102210fe594ee9b33d82058545b1ed14f4c8206e,android-hw-a51-11-0-aarch64-shippable-qr,amazon-search,True,,,,,,,,,,,,,,,,,,,,,,,,,,,,,,,,,,,,,,,,,,,,,,,,,,TN,,,,,,,,,,
,1773353463,2023-10-14 05:14:50,2360.5,19db6b0f6713fdb1f311426a7899070e3ca19d6b,1316873,autoland,LastVisualChange,True,amazon-search LastVisualChange opt cold webrender,,77,ms,geckoview,False,|c|o|l|d| |w|e|b|r|e|n|d|e|r|,,4361205,13,8bad20cfa5c21f9f330712163e9ddf6ea850f908,102210fe594ee9b33d82058545b1ed14f4c8206e,android-hw-a51-11-0-aarch64-shippable-qr,amazon-search,True,,,,,,,,,,,,,,,,,,,,,,,,,,,,,,,,,,,,,,,,,,,,,,,,,,TN,,,,,,,,,,
,1773402314,2023-10-14 09:25:57,2367.4,1e870b95242b07bc4961bf7558d0703dd03814b3,1316895,autoland,LastVisualChange,True,amazon-search LastVisualChange opt cold webrender,,77,ms,geckoview,False,|c|o|l|d| |w|e|b|r|e|n|d|e|r|,,4361205,13,8bad20cfa5c21f9f330712163e9ddf6ea850f908,102210fe594ee9b33d82058545b1ed14f4c8206e,android-hw-a51-11-0-aarch64-shippable-qr,amazon-search,True,,,,,,,,,,,,,,,,,,,,,,,,,,,,,,,,,,,,,,,,,,,,,,,,,,TN,,,,,,,,,,
,1773556145,2023-10-14 16:14:11,2439.9,3f99c563251ec523301e9d46e6904989fc827306,1316942,autoland,LastVisualChange,True,amazon-search LastVisualChange opt cold webrender,,77,ms,geckoview,False,|c|o|l|d| |w|e|b|r|e|n|d|e|r|,,4361205,13,8bad20cfa5c21f9f330712163e9ddf6ea850f908,102210fe594ee9b33d82058545b1ed14f4c8206e,android-hw-a51-11-0-aarch64-shippable-qr,amazon-search,True,,,,,,,,,,,,,,,,,,,,,,,,,,,,,,,,,,,,,,,,,,,,,,,,,,TN,,,,,,,,,,
,1773690083,2023-10-15 06:24:19,2415.6,468469f54da6070a84314dc3c4ddcdfaca74b714,1316977,autoland,LastVisualChange,True,amazon-search LastVisualChange opt cold webrender,,77,ms,geckoview,False,|c|o|l|d| |w|e|b|r|e|n|d|e|r|,,4361205,13,8bad20cfa5c21f9f330712163e9ddf6ea850f908,102210fe594ee9b33d82058545b1ed14f4c8206e,android-hw-a51-11-0-aarch64-shippable-qr,amazon-search,True,,,,,,,,,,,,,,,,,,,,,,,,,,,,,,,,,,,,,,,,,,,,,,,,,,TN,,,,,,,,,,
,1773757249,2023-10-15 10:45:53,2341.9,91657cb1296c904004ace38877b9ca91f502be3f,1317007,autoland,LastVisualChange,True,amazon-search LastVisualChange opt cold webrender,,77,ms,geckoview,False,|c|o|l|d| |w|e|b|r|e|n|d|e|r|,,4361205,13,8bad20cfa5c21f9f330712163e9ddf6ea850f908,102210fe594ee9b33d82058545b1ed14f4c8206e,android-hw-a51-11-0-aarch64-shippable-qr,amazon-search,True,,,,,,,,,,,,,,,,,,,,,,,,,,,,,,,,,,,,,,,,,,,,,,,,,,TN,,,,,,,,,,
,1773806230,2023-10-15 15:32:44,2350.4,aba20bc488e22880b8ef5a89916ecabb51cee798,1317021,autoland,LastVisualChange,True,amazon-search LastVisualChange opt cold webrender,,77,ms,geckoview,False,|c|o|l|d| |w|e|b|r|e|n|d|e|r|,,4361205,13,8bad20cfa5c21f9f330712163e9ddf6ea850f908,102210fe594ee9b33d82058545b1ed14f4c8206e,android-hw-a51-11-0-aarch64-shippable-qr,amazon-search,True,,,,,,,,,,,,,,,,,,,,,,,,,,,,,,,,,,,,,,,,,,,,,,,,,,TN,,,,,,,,,,
,1773912862,2023-10-16 01:55:37,2486.6,f3de6f924333ec7c359d81d9fb16a9fca07ee42e,1317071,autoland,LastVisualChange,True,amazon-search LastVisualChange opt cold webrender,,77,ms,geckoview,False,|c|o|l|d| |w|e|b|r|e|n|d|e|r|,,4361205,13,8bad20cfa5c21f9f330712163e9ddf6ea850f908,102210fe594ee9b33d82058545b1ed14f4c8206e,android-hw-a51-11-0-aarch64-shippable-qr,amazon-search,True,,,,,,,,,,,,,,,,,,,,,,,,,,,,,,,,,,,,,,,,,,,,,,,,,,TN,,,,,,,,,,
,1773969672,2023-10-16 05:57:00,2505.7,e891ad8158b3106dceb2199ed2c74c0c2f05fa88,1317093,autoland,LastVisualChange,True,amazon-search LastVisualChange opt cold webrender,,77,ms,geckoview,False,|c|o|l|d| |w|e|b|r|e|n|d|e|r|,,4361205,13,8bad20cfa5c21f9f330712163e9ddf6ea850f908,102210fe594ee9b33d82058545b1ed14f4c8206e,android-hw-a51-11-0-aarch64-shippable-qr,amazon-search,True,,,,,,,,,,,,,,,,,,,,,,,,,,,,,,,,,,,,,,,,,,,,,,,,,,TN,,,,,,,,,,
,1774162478,2023-10-16 10:06:37,2324.6,e009aa26b6f79e7e5af18000b983f6decaa90eed,1317197,autoland,LastVisualChange,True,amazon-search LastVisualChange opt cold webrender,,77,ms,geckoview,False,|c|o|l|d| |w|e|b|r|e|n|d|e|r|,,4361205,13,8bad20cfa5c21f9f330712163e9ddf6ea850f908,102210fe594ee9b33d82058545b1ed14f4c8206e,android-hw-a51-11-0-aarch64-shippable-qr,amazon-search,True,,,,,,,,,,,,,,,,,,,,,,,,,,,,,,,,,,,,,,,,,,,,,,,,,,TN,,,,,,,,,,
,1774210096,2023-10-16 11:25:28,2391.0,8cb2f63a1e705ad6bf77a8f6dcb151aa3b67d2e6,1317241,autoland,LastVisualChange,True,amazon-search LastVisualChange opt cold webrender,,77,ms,geckoview,False,|c|o|l|d| |w|e|b|r|e|n|d|e|r|,,4361205,13,8bad20cfa5c21f9f330712163e9ddf6ea850f908,102210fe594ee9b33d82058545b1ed14f4c8206e,android-hw-a51-11-0-aarch64-shippable-qr,amazon-search,True,,,,,,,,,,,,,,,,,,,,,,,,,,,,,,,,,,,,,,,,,,,,,,,,,,TN,,,,,,,,,,
,1774258021,2023-10-16 15:34:18,2337.6,e0dd0b10e8fd0ea751f11fb0a6548ad9b6780e16,1317419,autoland,LastVisualChange,True,amazon-search LastVisualChange opt cold webrender,,77,ms,geckoview,False,|c|o|l|d| |w|e|b|r|e|n|d|e|r|,,4361205,13,8bad20cfa5c21f9f330712163e9ddf6ea850f908,102210fe594ee9b33d82058545b1ed14f4c8206e,android-hw-a51-11-0-aarch64-shippable-qr,amazon-search,True,,,,,,,,,,,,,,,,,,,,,,,,,,,,,,,,,,,,,,,,,,,,,,,,,,TN,,,,,,,,,,
,1774423371,2023-10-16 19:06:00,2644.4,36e5163d2528daaa5669d0f9284470b070c8882e,1317546,autoland,LastVisualChange,True,amazon-search LastVisualChange opt cold webrender,,77,ms,geckoview,False,|c|o|l|d| |w|e|b|r|e|n|d|e|r|,,4361205,13,8bad20cfa5c21f9f330712163e9ddf6ea850f908,102210fe594ee9b33d82058545b1ed14f4c8206e,android-hw-a51-11-0-aarch64-shippable-qr,amazon-search,True,,,,,,,,,,,,,,,,,,,,,,,,,,,,,,,,,,,,,,,,,,,,,,,,,,TN,,,,,,,,,,
,1774573129,2023-10-17 00:17:31,2420.3,e4bf7b3e037323072304a1b1327df57c4a54b560,1317700,autoland,LastVisualChange,True,amazon-search LastVisualChange opt cold webrender,,77,ms,geckoview,False,|c|o|l|d| |w|e|b|r|e|n|d|e|r|,,4361205,13,8bad20cfa5c21f9f330712163e9ddf6ea850f908,102210fe594ee9b33d82058545b1ed14f4c8206e,android-hw-a51-11-0-aarch64-shippable-qr,amazon-search,True,,,,,,,,,,,,,,,,,,,,,,,,,,,,,,,,,,,,,,,,,,,,,,,,,,TN,,,,,,,,,,
,1774689943,2023-10-17 05:18:57,2411.6,896b283a3e7185d805f59d4dcb3d6bb89e9e62d8,1317768,autoland,LastVisualChange,True,amazon-search LastVisualChange opt cold webrender,,77,ms,geckoview,False,|c|o|l|d| |w|e|b|r|e|n|d|e|r|,,4361205,13,8bad20cfa5c21f9f330712163e9ddf6ea850f908,102210fe594ee9b33d82058545b1ed14f4c8206e,android-hw-a51-11-0-aarch64-shippable-qr,amazon-search,True,,,,,,,,,,,,,,,,,,,,,,,,,,,,,,,,,,,,,,,,,,,,,,,,,,TN,,,,,,,,,,
,1774722196,2023-10-17 06:01:55,2400.6,ca60a5861d4a8bd5de1c8e5a9f76c9e35767c38c,1317782,autoland,LastVisualChange,True,amazon-search LastVisualChange opt cold webrender,,77,ms,geckoview,False,|c|o|l|d| |w|e|b|r|e|n|d|e|r|,,4361205,13,8bad20cfa5c21f9f330712163e9ddf6ea850f908,102210fe594ee9b33d82058545b1ed14f4c8206e,android-hw-a51-11-0-aarch64-shippable-qr,amazon-search,True,,,,,,,,,,,,,,,,,,,,,,,,,,,,,,,,,,,,,,,,,,,,,,,,,,TN,,,,,,,,,,
,1774878246,2023-10-17 10:34:28,2427.2,d59eb47c0fe47f9dd6886090330bcd49c47262ce,1317920,autoland,LastVisualChange,True,amazon-search LastVisualChange opt cold webrender,,77,ms,geckoview,False,|c|o|l|d| |w|e|b|r|e|n|d|e|r|,,4361205,13,8bad20cfa5c21f9f330712163e9ddf6ea850f908,102210fe594ee9b33d82058545b1ed14f4c8206e,android-hw-a51-11-0-aarch64-shippable-qr,amazon-search,True,,,,,,,,,,,,,,,,,,,,,,,,,,,,,,,,,,,,,,,,,,,,,,,,,,TN,,,,,,,,,,
,1775005823,2023-10-17 13:02:41,2412.8,9b7c81791d7f619271724e082934a933604e20da,1318010,autoland,LastVisualChange,True,amazon-search LastVisualChange opt cold webrender,,77,ms,geckoview,False,|c|o|l|d| |w|e|b|r|e|n|d|e|r|,,4361205,13,8bad20cfa5c21f9f330712163e9ddf6ea850f908,102210fe594ee9b33d82058545b1ed14f4c8206e,android-hw-a51-11-0-aarch64-shippable-qr,amazon-search,True,,,,,,,,,,,,,,,,,,,,,,,,,,,,,,,,,,,,,,,,,,,,,,,,,,TN,,,,,,,,,,
,1775152412,2023-10-17 16:53:16,2418.9,684641630402200d14bf5126668b97a4f280fe59,1318176,autoland,LastVisualChange,True,amazon-search LastVisualChange opt cold webrender,,77,ms,geckoview,False,|c|o|l|d| |w|e|b|r|e|n|d|e|r|,,4361205,13,8bad20cfa5c21f9f330712163e9ddf6ea850f908,102210fe594ee9b33d82058545b1ed14f4c8206e,android-hw-a51-11-0-aarch64-shippable-qr,amazon-search,True,,,,,,,,,,,,,,,,,,,,,,,,,,,,,,,,,,,,,,,,,,,,,,,,,,TN,,,,,,,,,,
,1775403765,2023-10-17 21:03:18,2527.6,421ffc7aa24ace087dc2a09680943f412adc38ff,1318349,autoland,LastVisualChange,True,amazon-search LastVisualChange opt cold webrender,,77,ms,geckoview,False,|c|o|l|d| |w|e|b|r|e|n|d|e|r|,,4361205,13,8bad20cfa5c21f9f330712163e9ddf6ea850f908,102210fe594ee9b33d82058545b1ed14f4c8206e,android-hw-a51-11-0-aarch64-shippable-qr,amazon-search,True,,,,,,,,,,,,,,,,,,,,,,,,,,,,,,,,,,,,,,,,,,,,,,,,,,TN,,,,,,,,,,
,1775358985,2023-10-17 21:04:13,2367.7,4091bed4a0aae7772537e08e6cb49bf0bc7434c9,1318350,autoland,LastVisualChange,True,amazon-search LastVisualChange opt cold webrender,,77,ms,geckoview,False,|c|o|l|d| |w|e|b|r|e|n|d|e|r|,,4361205,13,8bad20cfa5c21f9f330712163e9ddf6ea850f908,102210fe594ee9b33d82058545b1ed14f4c8206e,android-hw-a51-11-0-aarch64-shippable-qr,amazon-search,True,,,,,,,,,,,,,,,,,,,,,,,,,,,,,,,,,,,,,,,,,,,,,,,,,,TN,,,,,,,,,,
,1775568362,2023-10-18 01:40:11,2669.8,ba691c21c968a48e1bd212426fcc20fa5f4c276d,1318466,autoland,LastVisualChange,True,amazon-search LastVisualChange opt cold webrender,,77,ms,geckoview,False,|c|o|l|d| |w|e|b|r|e|n|d|e|r|,,4361205,13,8bad20cfa5c21f9f330712163e9ddf6ea850f908,102210fe594ee9b33d82058545b1ed14f4c8206e,android-hw-a51-11-0-aarch64-shippable-qr,amazon-search,True,,,,,,,,,,,,,,,,,,,,,,,,,,,,,,,,,,,,,,,,,,,,,,,,,,TN,,,,,,,,,,
,1775673526,2023-10-18 07:31:34,2421.6,47d77a0e86e138652fedb38962b9709f9c0fb98d,1318540,autoland,LastVisualChange,True,amazon-search LastVisualChange opt cold webrender,,77,ms,geckoview,False,|c|o|l|d| |w|e|b|r|e|n|d|e|r|,,4361205,13,8bad20cfa5c21f9f330712163e9ddf6ea850f908,102210fe594ee9b33d82058545b1ed14f4c8206e,android-hw-a51-11-0-aarch64-shippable-qr,amazon-search,True,,,,,,,,,,,,,,,,,,,,,,,,,,,,,,,,,,,,,,,,,,,,,,,,,,TN,,,,,,,,,,
,1775888849,2023-10-18 11:51:04,2346.3,639c0da2250e38bb3102b66c6105aaf808e2a817,1318689,autoland,LastVisualChange,True,amazon-search LastVisualChange opt cold webrender,,77,ms,geckoview,False,|c|o|l|d| |w|e|b|r|e|n|d|e|r|,,4361205,13,8bad20cfa5c21f9f330712163e9ddf6ea850f908,102210fe594ee9b33d82058545b1ed14f4c8206e,android-hw-a51-11-0-aarch64-shippable-qr,amazon-search,True,,,,,,,,,,,,,,,,,,,,,,,,,,,,,,,,,,,,,,,,,,,,,,,,,,TN,,,,,,,,,,
,1776061797,2023-10-18 16:05:19,2352.9,023ae54874d34eb300cdfa9630da4455cb406ad3,1318932,autoland,LastVisualChange,True,amazon-search LastVisualChange opt cold webrender,,77,ms,geckoview,False,|c|o|l|d| |w|e|b|r|e|n|d|e|r|,,4361205,13,8bad20cfa5c21f9f330712163e9ddf6ea850f908,102210fe594ee9b33d82058545b1ed14f4c8206e,android-hw-a51-11-0-aarch64-shippable-qr,amazon-search,True,,,,,,,,,,,,,,,,,,,,,,,,,,,,,,,,,,,,,,,,,,,,,,,,,,TN,,,,,,,,,,
,1776067617,2023-10-18 16:32:33,2353.7,361e571454e94ba0cfa1a86d2a7f63a24455581c,1318947,autoland,LastVisualChange,True,amazon-search LastVisualChange opt cold webrender,,77,ms,geckoview,False,|c|o|l|d| |w|e|b|r|e|n|d|e|r|,,4361205,13,8bad20cfa5c21f9f330712163e9ddf6ea850f908,102210fe594ee9b33d82058545b1ed14f4c8206e,android-hw-a51-11-0-aarch64-shippable-qr,amazon-search,True,,,,,,,,,,,,,,,,,,,,,,,,,,,,,,,,,,,,,,,,,,,,,,,,,,TN,,,,,,,,,,
,1776313738,2023-10-18 20:42:45,2367.9,77f05957a4fc15dc053469145b93089adfec3484,1319167,autoland,LastVisualChange,True,amazon-search LastVisualChange opt cold webrender,,77,ms,geckoview,False,|c|o|l|d| |w|e|b|r|e|n|d|e|r|,,4361205,13,8bad20cfa5c21f9f330712163e9ddf6ea850f908,102210fe594ee9b33d82058545b1ed14f4c8206e,android-hw-a51-11-0-aarch64-shippable-qr,amazon-search,True,,,,,,,,,,,,,,,,,,,,,,,,,,,,,,,,,,,,,,,,,,,,,,,,,,TN,,,,,,,,,,
,1776286283,2023-10-18 20:46:18,2339.4,e059b0995a2a62238ca266c3ed9955434ac43517,1319169,autoland,LastVisualChange,True,amazon-search LastVisualChange opt cold webrender,,77,ms,geckoview,False,|c|o|l|d| |w|e|b|r|e|n|d|e|r|,,4361205,13,8bad20cfa5c21f9f330712163e9ddf6ea850f908,102210fe594ee9b33d82058545b1ed14f4c8206e,android-hw-a51-11-0-aarch64-shippable-qr,amazon-search,True,,,,,,,,,,,,,,,,,,,,,,,,,,,,,,,,,,,,,,,,,,,,,,,,,,TN,,,,,,,,,,
,1776419938,2023-10-18 23:25:14,2404.5,beb80bb8c90921077e9c1130ad5a8e925dc060b7,1319276,autoland,LastVisualChange,True,amazon-search LastVisualChange opt cold webrender,,77,ms,geckoview,False,|c|o|l|d| |w|e|b|r|e|n|d|e|r|,,4361205,13,8bad20cfa5c21f9f330712163e9ddf6ea850f908,102210fe594ee9b33d82058545b1ed14f4c8206e,android-hw-a51-11-0-aarch64-shippable-qr,amazon-search,True,,,,,,,,,,,,,,,,,,,,,,,,,,,,,,,,,,,,,,,,,,,,,,,,,,TN,,,,,,,,,,
,1776604706,2023-10-19 04:23:12,2257.6,53cee944c60ac3c237a9aa2dacd19aa6bde80c2a,1319373,autoland,LastVisualChange,True,amazon-search LastVisualChange opt cold webrender,,77,ms,geckoview,False,|c|o|l|d| |w|e|b|r|e|n|d|e|r|,,4361205,13,8bad20cfa5c21f9f330712163e9ddf6ea850f908,102210fe594ee9b33d82058545b1ed14f4c8206e,android-hw-a51-11-0-aarch64-shippable-qr,amazon-search,True,,,,,,,,,,,,,,,,,,,,,,,,,,,,,,,,,,,,,,,,,,,,,,,,,,TN,,,,,,,,,,
,1776742749,2023-10-19 08:39:29,2497.2,a9a0ca5dc9605973d81ded607dfccd4d0a08dc68,1319455,autoland,LastVisualChange,True,amazon-search LastVisualChange opt cold webrender,,77,ms,geckoview,False,|c|o|l|d| |w|e|b|r|e|n|d|e|r|,,4361205,13,8bad20cfa5c21f9f330712163e9ddf6ea850f908,102210fe594ee9b33d82058545b1ed14f4c8206e,android-hw-a51-11-0-aarch64-shippable-qr,amazon-search,True,,,,,,,,,,,,,,,,,,,,,,,,,,,,,,,,,,,,,,,,,,,,,,,,,,TN,,,,,,,,,,
,1776847724,2023-10-19 12:43:18,2514.4,2981b7bbee06c518301e1542545e92b6d80a8d0b,1319613,autoland,LastVisualChange,True,amazon-search LastVisualChange opt cold webrender,,77,ms,geckoview,False,|c|o|l|d| |w|e|b|r|e|n|d|e|r|,,4361205,13,8bad20cfa5c21f9f330712163e9ddf6ea850f908,102210fe594ee9b33d82058545b1ed14f4c8206e,android-hw-a51-11-0-aarch64-shippable-qr,amazon-search,True,,,,,,,,,,,,,,,,,,,,,,,,,,,,,,,,,,,,,,,,,,,,,,,,,,TN,,,,,,,,,,
,1776871346,2023-10-19 12:48:25,2353.2,8be39770f68cb52d1a2b14bdf31a34f5e54212e8,1319617,autoland,LastVisualChange,True,amazon-search LastVisualChange opt cold webrender,,77,ms,geckoview,False,|c|o|l|d| |w|e|b|r|e|n|d|e|r|,,4361205,13,8bad20cfa5c21f9f330712163e9ddf6ea850f908,102210fe594ee9b33d82058545b1ed14f4c8206e,android-hw-a51-11-0-aarch64-shippable-qr,amazon-search,True,,,,,,,,,,,,,,,,,,,,,,,,,,,,,,,,,,,,,,,,,,,,,,,,,,TN,,,,,,,,,,
,1776953216,2023-10-19 17:06:19,2450.4,fafeb43eefd13b4df24d6526d729b15fb42b7d27,1319833,autoland,LastVisualChange,True,amazon-search LastVisualChange opt cold webrender,,77,ms,geckoview,False,|c|o|l|d| |w|e|b|r|e|n|d|e|r|,,4361205,13,8bad20cfa5c21f9f330712163e9ddf6ea850f908,102210fe594ee9b33d82058545b1ed14f4c8206e,android-hw-a51-11-0-aarch64-shippable-qr,amazon-search,True,,,,,,,,,,,,,,,,,,,,,,,,,,,,,,,,,,,,,,,,,,,,,,,,,,TN,,,,,,,,,,
,1777059365,2023-10-19 22:45:17,2364.7,b557109f1b5dd0a5c7be013c630945f886e17708,1320076,autoland,LastVisualChange,True,amazon-search LastVisualChange opt cold webrender,,77,ms,geckoview,False,|c|o|l|d| |w|e|b|r|e|n|d|e|r|,,4361205,13,8bad20cfa5c21f9f330712163e9ddf6ea850f908,102210fe594ee9b33d82058545b1ed14f4c8206e,android-hw-a51-11-0-aarch64-shippable-qr,amazon-search,True,,,,,,,,,,,,,,,,,,,,,,,,,,,,,,,,,,,,,,,,,,,,,,,,,,TN,,,,,,,,,,
,1777088325,2023-10-19 22:59:16,2567.3,0546c85daa8d8b6f7a8c5a842fdf1a990215e249,1320081,autoland,LastVisualChange,True,amazon-search LastVisualChange opt cold webrender,,77,ms,geckoview,False,|c|o|l|d| |w|e|b|r|e|n|d|e|r|,,4361205,13,8bad20cfa5c21f9f330712163e9ddf6ea850f908,102210fe594ee9b33d82058545b1ed14f4c8206e,android-hw-a51-11-0-aarch64-shippable-qr,amazon-search,True,,,,,,,,,,,,,,,,,,,,,,,,,,,,,,,,,,,,,,,,,,,,,,,,,,TN,,,,,,,,,,
,1777175541,2023-10-20 03:32:37,2351.0,dc0d913ecc2486cafc7a005d2fe6705f2c7da222,1320137,autoland,LastVisualChange,True,amazon-search LastVisualChange opt cold webrender,,77,ms,geckoview,False,|c|o|l|d| |w|e|b|r|e|n|d|e|r|,,4361205,13,8bad20cfa5c21f9f330712163e9ddf6ea850f908,102210fe594ee9b33d82058545b1ed14f4c8206e,android-hw-a51-11-0-aarch64-shippable-qr,amazon-search,True,,,,,,,,,,,,,,,,,,,,,,,,,,,,,,,,,,,,,,,,,,,,,,,,,,TN,,,,,,,,,,
,1777379770,2023-10-20 09:14:56,2300.1,5ebf0b67d0519897b95e84598900434fe92b7abb,1320186,autoland,LastVisualChange,True,amazon-search LastVisualChange opt cold webrender,,77,ms,geckoview,False,|c|o|l|d| |w|e|b|r|e|n|d|e|r|,,4361205,13,8bad20cfa5c21f9f330712163e9ddf6ea850f908,102210fe594ee9b33d82058545b1ed14f4c8206e,android-hw-a51-11-0-aarch64-shippable-qr,amazon-search,True,,,,,,,,,,,,,,,,,,,,,,,,,,,,,,,,,,,,,,,,,,,,,,,,,,TN,,,,,,,,,,
,1777436866,2023-10-20 14:06:35,2317.2,dfa7f17930eb1b48ff7435494924a0711114e40a,1320283,autoland,LastVisualChange,True,amazon-search LastVisualChange opt cold webrender,,77,ms,geckoview,False,|c|o|l|d| |w|e|b|r|e|n|d|e|r|,,4361205,13,8bad20cfa5c21f9f330712163e9ddf6ea850f908,102210fe594ee9b33d82058545b1ed14f4c8206e,android-hw-a51-11-0-aarch64-shippable-qr,amazon-search,True,,,,,,,,,,,,,,,,,,,,,,,,,,,,,,,,,,,,,,,,,,,,,,,,,,TN,,,,,,,,,,
,1777440148,2023-10-20 15:24:34,2324.7,8f4fc4b6cc05c16482986671d19d546faf6cb212,1320314,autoland,LastVisualChange,True,amazon-search LastVisualChange opt cold webrender,,77,ms,geckoview,False,|c|o|l|d| |w|e|b|r|e|n|d|e|r|,,4361205,13,8bad20cfa5c21f9f330712163e9ddf6ea850f908,102210fe594ee9b33d82058545b1ed14f4c8206e,android-hw-a51-11-0-aarch64-shippable-qr,amazon-search,True,,,,,,,,,,,,,,,,,,,,,,,,,,,,,,,,,,,,,,,,,,,,,,,,,,TN,,,,,,,,,,
,1777568922,2023-10-20 21:24:05,2441.0,f4da998c2ad5be8d29b4e2523b56d9d5e2a58984,1320380,autoland,LastVisualChange,True,amazon-search LastVisualChange opt cold webrender,,77,ms,geckoview,False,|c|o|l|d| |w|e|b|r|e|n|d|e|r|,,4361205,13,8bad20cfa5c21f9f330712163e9ddf6ea850f908,102210fe594ee9b33d82058545b1ed14f4c8206e,android-hw-a51-11-0-aarch64-shippable-qr,amazon-search,True,,,,,,,,,,,,,,,,,,,,,,,,,,,,,,,,,,,,,,,,,,,,,,,,,,TN,,,,,,,,,,
,1777681066,2023-10-21 14:30:38,2358.1,4124eee4f58ca46e13cb937c757a2fe1875120f0,1320453,autoland,LastVisualChange,True,amazon-search LastVisualChange opt cold webrender,,77,ms,geckoview,False,|c|o|l|d| |w|e|b|r|e|n|d|e|r|,,4361205,13,8bad20cfa5c21f9f330712163e9ddf6ea850f908,102210fe594ee9b33d82058545b1ed14f4c8206e,android-hw-a51-11-0-aarch64-shippable-qr,amazon-search,True,,,,,,,,,,,,,,,,,,,,,,,,,,,,,,,,,,,,,,,,,,,,,,,,,,TN,,,,,,,,,,
,1777791325,2023-10-22 19:07:04,2368.6,529ec79bcdfd6a273fe6607c2a34bcc93c009ec5,1320522,autoland,LastVisualChange,True,amazon-search LastVisualChange opt cold webrender,,77,ms,geckoview,False,|c|o|l|d| |w|e|b|r|e|n|d|e|r|,,4361205,13,8bad20cfa5c21f9f330712163e9ddf6ea850f908,102210fe594ee9b33d82058545b1ed14f4c8206e,android-hw-a51-11-0-aarch64-shippable-qr,amazon-search,True,,,,,,,,,,,,,,,,,,,,,,,,,,,,,,,,,,,,,,,,,,,,,,,,,,TN,,,,,,,,,,
,1777884554,2023-10-22 21:46:31,2355.7,52f2e6e80f6f7d8ab6eaaa36c4aa47c5be27a7a1,1320539,autoland,LastVisualChange,True,amazon-search LastVisualChange opt cold webrender,,77,ms,geckoview,False,|c|o|l|d| |w|e|b|r|e|n|d|e|r|,,4361205,13,8bad20cfa5c21f9f330712163e9ddf6ea850f908,102210fe594ee9b33d82058545b1ed14f4c8206e,android-hw-a51-11-0-aarch64-shippable-qr,amazon-search,True,,,,,,,,,,,,,,,,,,,,,,,,,,,,,,,,,,,,,,,,,,,,,,,,,,TN,,,,,,,,,,
,1778073024,2023-10-23 11:07:29,2327.8,acba8a75249bc2b26b143d4d2830575cf0d7bcc2,1320744,autoland,LastVisualChange,True,amazon-search LastVisualChange opt cold webrender,,77,ms,geckoview,False,|c|o|l|d| |w|e|b|r|e|n|d|e|r|,,4361205,13,8bad20cfa5c21f9f330712163e9ddf6ea850f908,102210fe594ee9b33d82058545b1ed14f4c8206e,android-hw-a51-11-0-aarch64-shippable-qr,amazon-search,True,,,,,,,,,,,,,,,,,,,,,,,,,,,,,,,,,,,,,,,,,,,,,,,,,,TN,,,,,,,,,,
,1778101683,2023-10-23 12:26:53,2448.6,818b5938920e6868a3f3b5a16b0c972bd8ec5cfc,1320781,autoland,LastVisualChange,True,amazon-search LastVisualChange opt cold webrender,,77,ms,geckoview,False,|c|o|l|d| |w|e|b|r|e|n|d|e|r|,,4361205,13,8bad20cfa5c21f9f330712163e9ddf6ea850f908,102210fe594ee9b33d82058545b1ed14f4c8206e,android-hw-a51-11-0-aarch64-shippable-qr,amazon-search,True,,,,,,,,,,,,,,,,,,,,,,,,,,,,,,,,,,,,,,,,,,,,,,,,,,TN,,,,,,,,,,
,1778298691,2023-10-23 15:48:05,2313.0,f222bdcd6517e233cb62a3164afd50fd17a55e62,1320978,autoland,LastVisualChange,True,amazon-search LastVisualChange opt cold webrender,,77,ms,geckoview,False,|c|o|l|d| |w|e|b|r|e|n|d|e|r|,,4361205,13,8bad20cfa5c21f9f330712163e9ddf6ea850f908,102210fe594ee9b33d82058545b1ed14f4c8206e,android-hw-a51-11-0-aarch64-shippable-qr,amazon-search,True,,,,,,,,,,,,,,,,,,,,,,,,,,,,,,,,,,,,,,,,,,,,,,,,,,TN,,,,,,,,,,
,1778387188,2023-10-23 17:53:04,2384.6,00c1813123fd4ca7ec1446ebdabe2848814e550e,1321095,autoland,LastVisualChange,True,amazon-search LastVisualChange opt cold webrender,,77,ms,geckoview,False,|c|o|l|d| |w|e|b|r|e|n|d|e|r|,,4361205,13,8bad20cfa5c21f9f330712163e9ddf6ea850f908,102210fe594ee9b33d82058545b1ed14f4c8206e,android-hw-a51-11-0-aarch64-shippable-qr,amazon-search,True,,,,,,,,,,,,,,,,,,,,,,,,,,,,,,,,,,,,,,,,,,,,,,,,,,TN,,,,,,,,,,
,1778499173,2023-10-23 20:36:06,2576.8,0fdbf0a455f26afa0a7a0390d6a380e318fce9d4,1321210,autoland,LastVisualChange,True,amazon-search LastVisualChange opt cold webrender,,77,ms,geckoview,False,|c|o|l|d| |w|e|b|r|e|n|d|e|r|,,4361205,13,8bad20cfa5c21f9f330712163e9ddf6ea850f908,102210fe594ee9b33d82058545b1ed14f4c8206e,android-hw-a51-11-0-aarch64-shippable-qr,amazon-search,True,,,,,,,,,,,,,,,,,,,,,,,,,,,,,,,,,,,,,,,,,,,,,,,,,,TN,,,,,,,,,,
,1778697358,2023-10-24 00:49:55,2466.7,ed9d130c38a8858740845db8ec5c8bb7e68cce65,1321359,autoland,LastVisualChange,True,amazon-search LastVisualChange opt cold webrender,,77,ms,geckoview,False,|c|o|l|d| |w|e|b|r|e|n|d|e|r|,,4361205,13,8bad20cfa5c21f9f330712163e9ddf6ea850f908,102210fe594ee9b33d82058545b1ed14f4c8206e,android-hw-a51-11-0-aarch64-shippable-qr,amazon-search,True,,,,,,,,,,,,,,,,,,,,,,,,,,,,,,,,,,,,,,,,,,,,,,,,,,TN,,,,,,,,,,
,1778836839,2023-10-24 05:06:29,2370.8,bcdbc81d4adffb0c3b1e04e1854e43cf49314d92,1321416,autoland,LastVisualChange,True,amazon-search LastVisualChange opt cold webrender,,77,ms,geckoview,False,|c|o|l|d| |w|e|b|r|e|n|d|e|r|,,4361205,13,8bad20cfa5c21f9f330712163e9ddf6ea850f908,102210fe594ee9b33d82058545b1ed14f4c8206e,android-hw-a51-11-0-aarch64-shippable-qr,amazon-search,True,,,,,,,,,,,,,,,,,,,,,,,,,,,,,,,,,,,,,,,,,,,,,,,,,,TN,,,,,,,,,,
,1778943062,2023-10-24 08:18:26,2347.6,36a87a6432703a1f3a1f2a92756c90146a19e5f2,1321456,autoland,LastVisualChange,True,amazon-search LastVisualChange opt cold webrender,,77,ms,geckoview,False,|c|o|l|d| |w|e|b|r|e|n|d|e|r|,,4361205,13,8bad20cfa5c21f9f330712163e9ddf6ea850f908,102210fe594ee9b33d82058545b1ed14f4c8206e,android-hw-a51-11-0-aarch64-shippable-qr,amazon-search,True,,,,,,,,,,,,,,,,,,,,,,,,,,,,,,,,,,,,,,,,,,,,,,,,,,TN,,,,,,,,,,
,1779069479,2023-10-24 12:23:09,2363.6,ea758c7008d76a67d75d4874bb1a1a00838f4128,1321565,autoland,LastVisualChange,True,amazon-search LastVisualChange opt cold webrender,,77,ms,geckoview,False,|c|o|l|d| |w|e|b|r|e|n|d|e|r|,,4361205,13,8bad20cfa5c21f9f330712163e9ddf6ea850f908,102210fe594ee9b33d82058545b1ed14f4c8206e,android-hw-a51-11-0-aarch64-shippable-qr,amazon-search,True,,,,,,,,,,,,,,,,,,,,,,,,,,,,,,,,,,,,,,,,,,,,,,,,,,TN,,,,,,,,,,
,1779149386,2023-10-24 13:48:19,2419.1,eccda51a6f68b20cfe9af1e94b9336b9856b103e,1321616,autoland,LastVisualChange,True,amazon-search LastVisualChange opt cold webrender,,77,ms,geckoview,False,|c|o|l|d| |w|e|b|r|e|n|d|e|r|,,4361205,13,8bad20cfa5c21f9f330712163e9ddf6ea850f908,102210fe594ee9b33d82058545b1ed14f4c8206e,android-hw-a51-11-0-aarch64-shippable-qr,amazon-search,True,,,,,,,,,,,,,,,,,,,,,,,,,,,,,,,,,,,,,,,,,,,,,,,,,,TN,,,,,,,,,,
,1779384934,2023-10-24 17:52:45,2351.1,b2dec8a51f6e781be65a730cfde18a11c9569f94,1321799,autoland,LastVisualChange,True,amazon-search LastVisualChange opt cold webrender,,77,ms,geckoview,False,|c|o|l|d| |w|e|b|r|e|n|d|e|r|,,4361205,13,8bad20cfa5c21f9f330712163e9ddf6ea850f908,102210fe594ee9b33d82058545b1ed14f4c8206e,android-hw-a51-11-0-aarch64-shippable-qr,amazon-search,True,,,,,,,,,,,,,,,,,,,,,,,,,,,,,,,,,,,,,,,,,,,,,,,,,,TN,,,,,,,,,,
,1779587263,2023-10-24 21:54:59,2484.2,27ee97bc90986bde66dfb122cc4c8a6a3730e4a3,1321984,autoland,LastVisualChange,True,amazon-search LastVisualChange opt cold webrender,,77,ms,geckoview,False,|c|o|l|d| |w|e|b|r|e|n|d|e|r|,,4361205,13,8bad20cfa5c21f9f330712163e9ddf6ea850f908,102210fe594ee9b33d82058545b1ed14f4c8206e,android-hw-a51-11-0-aarch64-shippable-qr,amazon-search,True,,,,,,,,,,,,,,,,,,,,,,,,,,,,,,,,,,,,,,,,,,,,,,,,,,TN,,,,,,,,,,
,1779660243,2023-10-25 01:35:01,2458.1,edfb4ab939a51c9dc131c959da539ef71f17cf5f,1322066,autoland,LastVisualChange,True,amazon-search LastVisualChange opt cold webrender,,77,ms,geckoview,False,|c|o|l|d| |w|e|b|r|e|n|d|e|r|,,4361205,13,8bad20cfa5c21f9f330712163e9ddf6ea850f908,102210fe594ee9b33d82058545b1ed14f4c8206e,android-hw-a51-11-0-aarch64-shippable-qr,amazon-search,True,,,,,,,,,,,,,,,,,,,,,,,,,,,,,,,,,,,,,,,,,,,,,,,,,,TN,,,,,,,,,,
,1779724272,2023-10-25 05:46:17,2323.7,c00936a538d944ced81780de7e2670806145f0ec,1322115,autoland,LastVisualChange,True,amazon-search LastVisualChange opt cold webrender,,77,ms,geckoview,False,|c|o|l|d| |w|e|b|r|e|n|d|e|r|,,4361205,13,8bad20cfa5c21f9f330712163e9ddf6ea850f908,102210fe594ee9b33d82058545b1ed14f4c8206e,android-hw-a51-11-0-aarch64-shippable-qr,amazon-search,True,,,,,,,,,,,,,,,,,,,,,,,,,,,,,,,,,,,,,,,,,,,,,,,,,,TN,,,,,,,,,,
,1779967234,2023-10-25 09:46:40,2364.6,03d61eb955a9ac6e3374ca4c5504edc41cd1aa4a,1322203,autoland,LastVisualChange,True,amazon-search LastVisualChange opt cold webrender,,77,ms,geckoview,False,|c|o|l|d| |w|e|b|r|e|n|d|e|r|,,4361205,13,8bad20cfa5c21f9f330712163e9ddf6ea850f908,102210fe594ee9b33d82058545b1ed14f4c8206e,android-hw-a51-11-0-aarch64-shippable-qr,amazon-search,True,,,,,,,,,,,,,,,,,,,,,,,,,,,,,,,,,,,,,,,,,,,,,,,,,,TN,,,,,,,,,,
,1779995713,2023-10-25 12:40:12,2310.5,44697a7ca8612ae5a4807f530347c3df1d2c191a,1322280,autoland,LastVisualChange,True,amazon-search LastVisualChange opt cold webrender,,77,ms,geckoview,False,|c|o|l|d| |w|e|b|r|e|n|d|e|r|,,4361205,13,8bad20cfa5c21f9f330712163e9ddf6ea850f908,102210fe594ee9b33d82058545b1ed14f4c8206e,android-hw-a51-11-0-aarch64-shippable-qr,amazon-search,True,,,,,,,,,,,,,,,,,,,,,,,,,,,,,,,,,,,,,,,,,,,,,,,,,,TN,,,,,,,,,,
,1780196246,2023-10-25 16:42:09,2512.0,b8c2a1837c16c66a12ef79eaf5545e92ae448768,1322418,autoland,LastVisualChange,True,amazon-search LastVisualChange opt cold webrender,,77,ms,geckoview,False,|c|o|l|d| |w|e|b|r|e|n|d|e|r|,,4361205,13,8bad20cfa5c21f9f330712163e9ddf6ea850f908,102210fe594ee9b33d82058545b1ed14f4c8206e,android-hw-a51-11-0-aarch64-shippable-qr,amazon-search,True,,,,,,,,,,,,,,,,,,,,,,,,,,,,,,,,,,,,,,,,,,,,,,,,,,TN,,,,,,,,,,
,1780249560,2023-10-25 18:17:29,2413.9,691148c77012c40658cd4a6e4ee3ca178d1c1ca8,1322468,autoland,LastVisualChange,True,amazon-search LastVisualChange opt cold webrender,,77,ms,geckoview,False,|c|o|l|d| |w|e|b|r|e|n|d|e|r|,,4361205,13,8bad20cfa5c21f9f330712163e9ddf6ea850f908,102210fe594ee9b33d82058545b1ed14f4c8206e,android-hw-a51-11-0-aarch64-shippable-qr,amazon-search,True,,,,,,,,,,,,,,,,,,,,,,,,,,,,,,,,,,,,,,,,,,,,,,,,,,TN,,,,,,,,,,
,1780410358,2023-10-25 21:16:28,2457.5,e6a52d2c9941178fa5113e3c7af81f561078c5f5,1322573,autoland,LastVisualChange,True,amazon-search LastVisualChange opt cold webrender,,77,ms,geckoview,False,|c|o|l|d| |w|e|b|r|e|n|d|e|r|,,4361205,13,8bad20cfa5c21f9f330712163e9ddf6ea850f908,102210fe594ee9b33d82058545b1ed14f4c8206e,android-hw-a51-11-0-aarch64-shippable-qr,amazon-search,True,,,,,,,,,,,,,,,,,,,,,,,,,,,,,,,,,,,,,,,,,,,,,,,,,,TN,,,,,,,,,,
,1780534893,2023-10-26 00:52:13,2934.9,68373a168c7ca93b1aa9bb3016a1ffa9ad6b7aac,1322694,autoland,LastVisualChange,True,amazon-search LastVisualChange opt cold webrender,,77,ms,geckoview,False,|c|o|l|d| |w|e|b|r|e|n|d|e|r|,,4361205,13,8bad20cfa5c21f9f330712163e9ddf6ea850f908,102210fe594ee9b33d82058545b1ed14f4c8206e,android-hw-a51-11-0-aarch64-shippable-qr,amazon-search,True,,,,,,,,,,,,,,,,,,,,,,,,,,,,,,,,,,,,,,,,,,,,,,,,,,TN,,,,,,,,,,
,1780711771,2023-10-26 04:52:14,2488.9,62489b97d11d4bb88f1184670849ed8c9dc61708,1322765,autoland,LastVisualChange,True,amazon-search LastVisualChange opt cold webrender,,77,ms,geckoview,False,|c|o|l|d| |w|e|b|r|e|n|d|e|r|,,4361205,13,8bad20cfa5c21f9f330712163e9ddf6ea850f908,102210fe594ee9b33d82058545b1ed14f4c8206e,android-hw-a51-11-0-aarch64-shippable-qr,amazon-search,True,,,,,,,,,,,,,,,,,,,,,,,,,,,,,,,,,,,,,,,,,,,,,,,,,,TN,,,,,,,,,,
,1780807142,2023-10-26 09:06:19,2390.7,8923dca93b808a23856287229fc8f1c0c1d1e20e,1322848,autoland,LastVisualChange,True,amazon-search LastVisualChange opt cold webrender,,77,ms,geckoview,False,|c|o|l|d| |w|e|b|r|e|n|d|e|r|,,4361205,13,8bad20cfa5c21f9f330712163e9ddf6ea850f908,102210fe594ee9b33d82058545b1ed14f4c8206e,android-hw-a51-11-0-aarch64-shippable-qr,amazon-search,True,,,,,,,,,,,,,,,,,,,,,,,,,,,,,,,,,,,,,,,,,,,,,,,,,,TN,,,,,,,,,,
,1780864701,2023-10-26 09:07:41,2399.8,4d2c1911361bbc41f63b4e807070a3d83596b70c,1322851,autoland,LastVisualChange,True,amazon-search LastVisualChange opt cold webrender,,77,ms,geckoview,False,|c|o|l|d| |w|e|b|r|e|n|d|e|r|,,4361205,13,8bad20cfa5c21f9f330712163e9ddf6ea850f908,102210fe594ee9b33d82058545b1ed14f4c8206e,android-hw-a51-11-0-aarch64-shippable-qr,amazon-search,True,,,,,,,,,,,,,,,,,,,,,,,,,,,,,,,,,,,,,,,,,,,,,,,,,,TN,,,,,,,,,,
,1781004154,2023-10-26 13:14:16,2378.5,db6b75385ffe5e764d60c5842add31b3a90c0587,1322985,autoland,LastVisualChange,True,amazon-search LastVisualChange opt cold webrender,,77,ms,geckoview,False,|c|o|l|d| |w|e|b|r|e|n|d|e|r|,,4361205,13,8bad20cfa5c21f9f330712163e9ddf6ea850f908,102210fe594ee9b33d82058545b1ed14f4c8206e,android-hw-a51-11-0-aarch64-shippable-qr,amazon-search,True,,,,,,,,,,,,,,,,,,,,,,,,,,,,,,,,,,,,,,,,,,,,,,,,,,TN,,,,,,,,,,
,1781135484,2023-10-26 13:50:58,2330.0,630864299a197bf416ac18d405063b7ec40c3644,1323009,autoland,LastVisualChange,True,amazon-search LastVisualChange opt cold webrender,,77,ms,geckoview,False,|c|o|l|d| |w|e|b|r|e|n|d|e|r|,,4361205,13,8bad20cfa5c21f9f330712163e9ddf6ea850f908,102210fe594ee9b33d82058545b1ed14f4c8206e,android-hw-a51-11-0-aarch64-shippable-qr,amazon-search,True,,,,,,,,,,,,,,,,,,,,,,,,,,,,,,,,,,,,,,,,,,,,,,,,,,TN,,,,,,,,,,
,1781194731,2023-10-26 17:52:00,2565.7,945d53ccf09fe8c263a6a24db6604162a4707ff9,1323156,autoland,LastVisualChange,True,amazon-search LastVisualChange opt cold webrender,,77,ms,geckoview,False,|c|o|l|d| |w|e|b|r|e|n|d|e|r|,,4361205,13,8bad20cfa5c21f9f330712163e9ddf6ea850f908,102210fe594ee9b33d82058545b1ed14f4c8206e,android-hw-a51-11-0-aarch64-shippable-qr,amazon-search,True,,,,,,,,,,,,,,,,,,,,,,,,,,,,,,,,,,,,,,,,,,,,,,,,,,TN,,,,,,,,,,
,1781249194,2023-10-26 19:25:04,2391.7,a1dbe7d2099563e23614b7c0d0b0f6923ab447f7,1323220,autoland,LastVisualChange,True,amazon-search LastVisualChange opt cold webrender,,77,ms,geckoview,False,|c|o|l|d| |w|e|b|r|e|n|d|e|r|,,4361205,13,8bad20cfa5c21f9f330712163e9ddf6ea850f908,102210fe594ee9b33d82058545b1ed14f4c8206e,android-hw-a51-11-0-aarch64-shippable-qr,amazon-search,True,,,,,,,,,,,,,,,,,,,,,,,,,,,,,,,,,,,,,,,,,,,,,,,,,,TN,,,,,,,,,,
,1781453831,2023-10-26 23:27:25,2374.9,a880804c93083962e65cea658b69a28c06528e8e,1323339,autoland,LastVisualChange,True,amazon-search LastVisualChange opt cold webrender,,77,ms,geckoview,False,|c|o|l|d| |w|e|b|r|e|n|d|e|r|,,4361205,13,8bad20cfa5c21f9f330712163e9ddf6ea850f908,102210fe594ee9b33d82058545b1ed14f4c8206e,android-hw-a51-11-0-aarch64-shippable-qr,amazon-search,True,,,,,,,,,,,,,,,,,,,,,,,,,,,,,,,,,,,,,,,,,,,,,,,,,,TN,,,,,,,,,,
,1781468359,2023-10-27 00:10:25,2498.7,6d47bee6d52ee11125f54db9df7336cbe69593c0,1323363,autoland,LastVisualChange,True,amazon-search LastVisualChange opt cold webrender,,77,ms,geckoview,False,|c|o|l|d| |w|e|b|r|e|n|d|e|r|,,4361205,13,8bad20cfa5c21f9f330712163e9ddf6ea850f908,102210fe594ee9b33d82058545b1ed14f4c8206e,android-hw-a51-11-0-aarch64-shippable-qr,amazon-search,True,,,,,,,,,,,,,,,,,,,,,,,,,,,,,,,,,,,,,,,,,,,,,,,,,,TN,,,,,,,,,,
,1781608482,2023-10-27 05:17:25,2322.9,4024630f5ffa1704a32f70c816f1003b0af9f105,1323421,autoland,LastVisualChange,True,amazon-search LastVisualChange opt cold webrender,,77,ms,geckoview,False,|c|o|l|d| |w|e|b|r|e|n|d|e|r|,,4361205,13,8bad20cfa5c21f9f330712163e9ddf6ea850f908,102210fe594ee9b33d82058545b1ed14f4c8206e,android-hw-a51-11-0-aarch64-shippable-qr,amazon-search,True,,,,,,,,,,,,,,,,,,,,,,,,,,,,,,,,,,,,,,,,,,,,,,,,,,TN,,,,,,,,,,
,1781729271,2023-10-27 08:56:16,2601.2,6e09ac4a4c291480d5951adca6d1659a46f571b2,1323505,autoland,LastVisualChange,True,amazon-search LastVisualChange opt cold webrender,,77,ms,geckoview,False,|c|o|l|d| |w|e|b|r|e|n|d|e|r|,,4361205,13,8bad20cfa5c21f9f330712163e9ddf6ea850f908,102210fe594ee9b33d82058545b1ed14f4c8206e,android-hw-a51-11-0-aarch64-shippable-qr,amazon-search,True,,,,,,,,,,,,,,,,,,,,,,,,,,,,,,,,,,,,,,,,,,,,,,,,,,TN,,,,,,,,,,
,1781893283,2023-10-27 13:05:02,2413.6,6013b7df2b9133416d4244ef4d45c492f215c3d0,1323649,autoland,LastVisualChange,True,amazon-search LastVisualChange opt cold webrender,,77,ms,geckoview,False,|c|o|l|d| |w|e|b|r|e|n|d|e|r|,,4361205,13,8bad20cfa5c21f9f330712163e9ddf6ea850f908,102210fe594ee9b33d82058545b1ed14f4c8206e,android-hw-a51-11-0-aarch64-shippable-qr,amazon-search,True,,,,,,,,,,,,,,,,,,,,,,,,,,,,,,,,,,,,,,,,,,,,,,,,,,TN,,,,,,,,,,
,1781913095,2023-10-27 13:54:58,2381.1,cda838e04db16590f96ddeaa7d7d54cc80e12a03,1323685,autoland,LastVisualChange,True,amazon-search LastVisualChange opt cold webrender,,77,ms,geckoview,False,|c|o|l|d| |w|e|b|r|e|n|d|e|r|,,4361205,13,8bad20cfa5c21f9f330712163e9ddf6ea850f908,102210fe594ee9b33d82058545b1ed14f4c8206e,android-hw-a51-11-0-aarch64-shippable-qr,amazon-search,True,,,,,,,,,,,,,,,,,,,,,,,,,,,,,,,,,,,,,,,,,,,,,,,,,,TN,,,,,,,,,,
,1782066440,2023-10-27 17:16:47,2303.3,b6d6a9c84257af5a3d659491a2ab963896e70d0d,1323813,autoland,LastVisualChange,True,amazon-search LastVisualChange opt cold webrender,,77,ms,geckoview,False,|c|o|l|d| |w|e|b|r|e|n|d|e|r|,,4361205,13,8bad20cfa5c21f9f330712163e9ddf6ea850f908,102210fe594ee9b33d82058545b1ed14f4c8206e,android-hw-a51-11-0-aarch64-shippable-qr,amazon-search,True,,,,,,,,,,,,,,,,,,,,,,,,,,,,,,,,,,,,,,,,,,,,,,,,,,TN,,,,,,,,,,
,1782338583,2023-10-27 23:12:32,2325.0,5c87acee8b894f06e4b248cb602b36ccfcef1615,1323985,autoland,LastVisualChange,True,amazon-search LastVisualChange opt cold webrender,,77,ms,geckoview,False,|c|o|l|d| |w|e|b|r|e|n|d|e|r|,,4361205,13,8bad20cfa5c21f9f330712163e9ddf6ea850f908,102210fe594ee9b33d82058545b1ed14f4c8206e,android-hw-a51-11-0-aarch64-shippable-qr,amazon-search,True,,,,,,,,,,,,,,,,,,,,,,,,,,,,,,,,,,,,,,,,,,,,,,,,,,TN,,,,,,,,,,
,1782477019,2023-10-28 03:14:30,2541.0,0be08aa0812f81d5eb9f2235165d8478ebaf825b,1324017,autoland,LastVisualChange,True,amazon-search LastVisualChange opt cold webrender,,77,ms,geckoview,False,|c|o|l|d| |w|e|b|r|e|n|d|e|r|,,4361205,13,8bad20cfa5c21f9f330712163e9ddf6ea850f908,102210fe594ee9b33d82058545b1ed14f4c8206e,android-hw-a51-11-0-aarch64-shippable-qr,amazon-search,True,,,,,,,,,,,,,,,,,,,,,,,,,,,,,,,,,,,,,,,,,,,,,,,,,,TN,,,,,,,,,,
,1783046098,2023-10-29 17:34:24,2420.1,da935aab57913c853df3002f297cc6eb76175828,1324194,autoland,LastVisualChange,True,amazon-search LastVisualChange opt cold webrender,,77,ms,geckoview,False,|c|o|l|d| |w|e|b|r|e|n|d|e|r|,,4361205,13,8bad20cfa5c21f9f330712163e9ddf6ea850f908,102210fe594ee9b33d82058545b1ed14f4c8206e,android-hw-a51-11-0-aarch64-shippable-qr,amazon-search,True,,,,,,,,,,,,,,,,,,,,,,,,,,,,,,,,,,,,,,,,,,,,,,,,,,TN,,,,,,,,,,
,1783127342,2023-10-29 22:37:58,2350.2,61e57e6ba3b7e09a71062e7cdc44f395af832716,1324214,autoland,LastVisualChange,True,amazon-search LastVisualChange opt cold webrender,,77,ms,geckoview,False,|c|o|l|d| |w|e|b|r|e|n|d|e|r|,,4361205,13,8bad20cfa5c21f9f330712163e9ddf6ea850f908,102210fe594ee9b33d82058545b1ed14f4c8206e,android-hw-a51-11-0-aarch64-shippable-qr,amazon-search,True,,,,,,,,,,,,,,,,,,,,,,,,,,,,,,,,,,,,,,,,,,,,,,,,,,TN,,,,,,,,,,
,1783242796,2023-10-30 03:06:34,2415.9,cfc1bbb8edcc79491d2e1267e84338d155b2ee3c,1324224,autoland,LastVisualChange,True,amazon-search LastVisualChange opt cold webrender,,77,ms,geckoview,False,|c|o|l|d| |w|e|b|r|e|n|d|e|r|,,4361205,13,8bad20cfa5c21f9f330712163e9ddf6ea850f908,102210fe594ee9b33d82058545b1ed14f4c8206e,android-hw-a51-11-0-aarch64-shippable-qr,amazon-search,True,,,,,,,,,,,,,,,,,,,,,,,,,,,,,,,,,,,,,,,,,,,,,,,,,,TN,,,,,,,,,,
,1783337807,2023-10-30 07:08:15,2349.4,07ff1e2e4f656661631e6746f339e6232b59ebfd,1324243,autoland,LastVisualChange,True,amazon-search LastVisualChange opt cold webrender,,77,ms,geckoview,False,|c|o|l|d| |w|e|b|r|e|n|d|e|r|,,4361205,13,8bad20cfa5c21f9f330712163e9ddf6ea850f908,102210fe594ee9b33d82058545b1ed14f4c8206e,android-hw-a51-11-0-aarch64-shippable-qr,amazon-search,True,,,,,,,,,,,,,,,,,,,,,,,,,,,,,,,,,,,,,,,,,,,,,,,,,,TN,,,,,,,,,,
,1783535530,2023-10-30 12:36:41,2400.2,9c6272da5dc92ff944d294d9a026bd42a408c784,1324389,autoland,LastVisualChange,True,amazon-search LastVisualChange opt cold webrender,,77,ms,geckoview,False,|c|o|l|d| |w|e|b|r|e|n|d|e|r|,,4361205,13,8bad20cfa5c21f9f330712163e9ddf6ea850f908,102210fe594ee9b33d82058545b1ed14f4c8206e,android-hw-a51-11-0-aarch64-shippable-qr,amazon-search,True,,,,,,,,,,,,,,,,,,,,,,,,,,,,,,,,,,,,,,,,,,,,,,,,,,TN,,,,,,,,,,
,1783595174,2023-10-30 13:43:34,2449.5,d2a035a8329b5914bcd659ea1ea427c251c4d138,1324429,autoland,LastVisualChange,True,amazon-search LastVisualChange opt cold webrender,,77,ms,geckoview,False,|c|o|l|d| |w|e|b|r|e|n|d|e|r|,,4361205,13,8bad20cfa5c21f9f330712163e9ddf6ea850f908,102210fe594ee9b33d82058545b1ed14f4c8206e,android-hw-a51-11-0-aarch64-shippable-qr,amazon-search,True,,,,,,,,,,,,,,,,,,,,,,,,,,,,,,,,,,,,,,,,,,,,,,,,,,TN,,,,,,,,,,
,1783725621,2023-10-30 17:20:21,2421.9,277907757ae0f5c9f9a9b4b15473ec6f3eab7674,1324599,autoland,LastVisualChange,True,amazon-search LastVisualChange opt cold webrender,,77,ms,geckoview,False,|c|o|l|d| |w|e|b|r|e|n|d|e|r|,,4361205,13,8bad20cfa5c21f9f330712163e9ddf6ea850f908,102210fe594ee9b33d82058545b1ed14f4c8206e,android-hw-a51-11-0-aarch64-shippable-qr,amazon-search,True,,,,,,,,,,,,,,,,,,,,,,,,,,,,,,,,,,,,,,,,,,,,,,,,,,TN,,,,,,,,,,
,1783914147,2023-10-30 21:26:51,2370.0,250d50a3e9aedba6c41312d2ce03b03eabac5c84,1324725,autoland,LastVisualChange,True,amazon-search LastVisualChange opt cold webrender,,77,ms,geckoview,False,|c|o|l|d| |w|e|b|r|e|n|d|e|r|,,4361205,13,8bad20cfa5c21f9f330712163e9ddf6ea850f908,102210fe594ee9b33d82058545b1ed14f4c8206e,android-hw-a51-11-0-aarch64-shippable-qr,amazon-search,True,,,,,,,,,,,,,,,,,,,,,,,,,,,,,,,,,,,,,,,,,,,,,,,,,,TN,,,,,,,,,,
,1783958251,2023-10-30 22:47:24,2472.4,9d87d8875f3012f1cb5e065b5861f41a29d1173c,1324763,autoland,LastVisualChange,True,amazon-search LastVisualChange opt cold webrender,,77,ms,geckoview,False,|c|o|l|d| |w|e|b|r|e|n|d|e|r|,,4361205,13,8bad20cfa5c21f9f330712163e9ddf6ea850f908,102210fe594ee9b33d82058545b1ed14f4c8206e,android-hw-a51-11-0-aarch64-shippable-qr,amazon-search,True,,,,,,,,,,,,,,,,,,,,,,,,,,,,,,,,,,,,,,,,,,,,,,,,,,TN,,,,,,,,,,
,1784104483,2023-10-31 03:27:18,2362.7,88295a805fb918c5a40c57d9827608c50c65da1a,1324833,autoland,LastVisualChange,True,amazon-search LastVisualChange opt cold webrender,,77,ms,geckoview,False,|c|o|l|d| |w|e|b|r|e|n|d|e|r|,,4361205,13,8bad20cfa5c21f9f330712163e9ddf6ea850f908,102210fe594ee9b33d82058545b1ed14f4c8206e,android-hw-a51-11-0-aarch64-shippable-qr,amazon-search,True,,,,,,,,,,,,,,,,,,,,,,,,,,,,,,,,,,,,,,,,,,,,,,,,,,TN,,,,,,,,,,
,1784287661,2023-10-31 08:52:16,2468.3,26a58e0274b4491ce07587bf329d30954bfa36a5,1324883,autoland,LastVisualChange,True,amazon-search LastVisualChange opt cold webrender,,77,ms,geckoview,False,|c|o|l|d| |w|e|b|r|e|n|d|e|r|,,4361205,13,8bad20cfa5c21f9f330712163e9ddf6ea850f908,102210fe594ee9b33d82058545b1ed14f4c8206e,android-hw-a51-11-0-aarch64-shippable-qr,amazon-search,True,,,,,,,,,,,,,,,,,,,,,,,,,,,,,,,,,,,,,,,,,,,,,,,,,,TN,,,,,,,,,,
,1784390714,2023-10-31 10:24:24,2407.6,173608723df3997c0b39049e55f7e4f529974bd1,1324925,autoland,LastVisualChange,True,amazon-search LastVisualChange opt cold webrender,,77,ms,geckoview,False,|c|o|l|d| |w|e|b|r|e|n|d|e|r|,,4361205,13,8bad20cfa5c21f9f330712163e9ddf6ea850f908,102210fe594ee9b33d82058545b1ed14f4c8206e,android-hw-a51-11-0-aarch64-shippable-qr,amazon-search,True,,,,,,,,,,,,,,,,,,,,,,,,,,,,,,,,,,,,,,,,,,,,,,,,,,TN,,,,,,,,,,
,1784570442,2023-10-31 14:28:55,2524.8,d93c1e224fa334cb0e1a4faf860be329181c1d60,1325039,autoland,LastVisualChange,True,amazon-search LastVisualChange opt cold webrender,,77,ms,geckoview,False,|c|o|l|d| |w|e|b|r|e|n|d|e|r|,,4361205,13,8bad20cfa5c21f9f330712163e9ddf6ea850f908,102210fe594ee9b33d82058545b1ed14f4c8206e,android-hw-a51-11-0-aarch64-shippable-qr,amazon-search,True,,,,,,,,,,,,,,,,,,,,,,,,,,,,,,,,,,,,,,,,,,,,,,,,,,TN,,,,,,,,,,
,1784586081,2023-10-31 15:46:12,2396.3,4712d595873a538c628ea09a2826c33e3f2e383d,1325101,autoland,LastVisualChange,True,amazon-search LastVisualChange opt cold webrender,,77,ms,geckoview,False,|c|o|l|d| |w|e|b|r|e|n|d|e|r|,,4361205,13,8bad20cfa5c21f9f330712163e9ddf6ea850f908,102210fe594ee9b33d82058545b1ed14f4c8206e,android-hw-a51-11-0-aarch64-shippable-qr,amazon-search,True,,,,,,,,,,,,,,,,,,,,,,,,,,,,,,,,,,,,,,,,,,,,,,,,,,TN,,,,,,,,,,
,1784769468,2023-10-31 20:04:41,2422.2,5624631ba42eb404a5c5b4e50e9c4fbc826eef31,1325256,autoland,LastVisualChange,True,amazon-search LastVisualChange opt cold webrender,,77,ms,geckoview,False,|c|o|l|d| |w|e|b|r|e|n|d|e|r|,,4361205,13,8bad20cfa5c21f9f330712163e9ddf6ea850f908,102210fe594ee9b33d82058545b1ed14f4c8206e,android-hw-a51-11-0-aarch64-shippable-qr,amazon-search,True,,,,,,,,,,,,,,,,,,,,,,,,,,,,,,,,,,,,,,,,,,,,,,,,,,TN,,,,,,,,,,
,1784865497,2023-10-31 22:59:03,2297.6,251055c46bfcc027766c9bdaccaaa919c3e6c8f6,1325343,autoland,LastVisualChange,True,amazon-search LastVisualChange opt cold webrender,,77,ms,geckoview,False,|c|o|l|d| |w|e|b|r|e|n|d|e|r|,,4361205,13,8bad20cfa5c21f9f330712163e9ddf6ea850f908,102210fe594ee9b33d82058545b1ed14f4c8206e,android-hw-a51-11-0-aarch64-shippable-qr,amazon-search,True,,,,,,,,,,,,,,,,,,,,,,,,,,,,,,,,,,,,,,,,,,,,,,,,,,TN,,,,,,,,,,
,1785095340,2023-11-01 04:08:21,2382.7,b73ef4c8979fb0702de9f4bf2fdf986b1d0fd487,1325446,autoland,LastVisualChange,True,amazon-search LastVisualChange opt cold webrender,,77,ms,geckoview,False,|c|o|l|d| |w|e|b|r|e|n|d|e|r|,,4361205,13,8bad20cfa5c21f9f330712163e9ddf6ea850f908,102210fe594ee9b33d82058545b1ed14f4c8206e,android-hw-a51-11-0-aarch64-shippable-qr,amazon-search,True,,,,,,,,,,,,,,,,,,,,,,,,,,,,,,,,,,,,,,,,,,,,,,,,,,TN,,,,,,,,,,
,1785177438,2023-11-01 08:27:37,2359.2,5db6f03a7c103189ba38ef4c4687a046566f4e5b,1325492,autoland,LastVisualChange,True,amazon-search LastVisualChange opt cold webrender,,77,ms,geckoview,False,|c|o|l|d| |w|e|b|r|e|n|d|e|r|,,4361205,13,8bad20cfa5c21f9f330712163e9ddf6ea850f908,102210fe594ee9b33d82058545b1ed14f4c8206e,android-hw-a51-11-0-aarch64-shippable-qr,amazon-search,True,,,,,,,,,,,,,,,,,,,,,,,,,,,,,,,,,,,,,,,,,,,,,,,,,,TN,,,,,,,,,,
,1785394988,2023-11-01 15:00:09,2353.9,dee5e3c280a214c32ea4f7a2b6446bbe456ecb54,1325661,autoland,LastVisualChange,True,amazon-search LastVisualChange opt cold webrender,,77,ms,geckoview,False,|c|o|l|d| |w|e|b|r|e|n|d|e|r|,,4361205,13,8bad20cfa5c21f9f330712163e9ddf6ea850f908,102210fe594ee9b33d82058545b1ed14f4c8206e,android-hw-a51-11-0-aarch64-shippable-qr,amazon-search,True,,,,,,,,,,,,,,,,,,,,,,,,,,,,,,,,,,,,,,,,,,,,,,,,,,TN,,,,,,,,,,
,1785593077,2023-11-01 21:17:16,2433.8,3eea9367b17b3c112968a3f0e008b1005452bbdd,1325895,autoland,LastVisualChange,True,amazon-search LastVisualChange opt cold webrender,,77,ms,geckoview,False,|c|o|l|d| |w|e|b|r|e|n|d|e|r|,,4361205,13,8bad20cfa5c21f9f330712163e9ddf6ea850f908,102210fe594ee9b33d82058545b1ed14f4c8206e,android-hw-a51-11-0-aarch64-shippable-qr,amazon-search,True,,,,,,,,,,,,,,,,,,,,,,,,,,,,,,,,,,,,,,,,,,,,,,,,,,TN,,,,,,,,,,
,1785715443,2023-11-02 01:36:12,2442.2,0ea21c7c9ab7dcf411a8094c876b12784bc6343c,1325979,autoland,LastVisualChange,True,amazon-search LastVisualChange opt cold webrender,,77,ms,geckoview,False,|c|o|l|d| |w|e|b|r|e|n|d|e|r|,,4361205,13,8bad20cfa5c21f9f330712163e9ddf6ea850f908,102210fe594ee9b33d82058545b1ed14f4c8206e,android-hw-a51-11-0-aarch64-shippable-qr,amazon-search,True,,,,,,,,,,,,,,,,,,,,,,,,,,,,,,,,,,,,,,,,,,,,,,,,,,TN,,,,,,,,,,
,1785834993,2023-11-02 06:18:28,2419.1,1fcf041bc427507f767a28519182263ab9925550,1326017,autoland,LastVisualChange,True,amazon-search LastVisualChange opt cold webrender,,77,ms,geckoview,False,|c|o|l|d| |w|e|b|r|e|n|d|e|r|,,4361205,13,8bad20cfa5c21f9f330712163e9ddf6ea850f908,102210fe594ee9b33d82058545b1ed14f4c8206e,android-hw-a51-11-0-aarch64-shippable-qr,amazon-search,True,,,,,,,,,,,,,,,,,,,,,,,,,,,,,,,,,,,,,,,,,,,,,,,,,,TN,,,,,,,,,,
,1785944982,2023-11-02 10:56:45,2410.6,86b37d608b6dff619ef21dd6df25970d2f35504f,1326103,autoland,LastVisualChange,True,amazon-search LastVisualChange opt cold webrender,,77,ms,geckoview,False,|c|o|l|d| |w|e|b|r|e|n|d|e|r|,,4361205,13,8bad20cfa5c21f9f330712163e9ddf6ea850f908,102210fe594ee9b33d82058545b1ed14f4c8206e,android-hw-a51-11-0-aarch64-shippable-qr,amazon-search,True,,,,,,,,,,,,,,,,,,,,,,,,,,,,,,,,,,,,,,,,,,,,,,,,,,TN,,,,,,,,,,
,1785973101,2023-11-02 12:13:53,2334.9,59754ae1b71386535d42979e577deaaad4aa522f,1326138,autoland,LastVisualChange,True,amazon-search LastVisualChange opt cold webrender,,77,ms,geckoview,False,|c|o|l|d| |w|e|b|r|e|n|d|e|r|,,4361205,13,8bad20cfa5c21f9f330712163e9ddf6ea850f908,102210fe594ee9b33d82058545b1ed14f4c8206e,android-hw-a51-11-0-aarch64-shippable-qr,amazon-search,True,,,,,,,,,,,,,,,,,,,,,,,,,,,,,,,,,,,,,,,,,,,,,,,,,,TN,,,,,,,,,,
,1786192542,2023-11-02 15:35:11,2412.6,b32fede7af3947e835399bab4d1d7f096517521f,1326301,autoland,LastVisualChange,True,amazon-search LastVisualChange opt cold webrender,,77,ms,geckoview,False,|c|o|l|d| |w|e|b|r|e|n|d|e|r|,,4361205,13,8bad20cfa5c21f9f330712163e9ddf6ea850f908,102210fe594ee9b33d82058545b1ed14f4c8206e,android-hw-a51-11-0-aarch64-shippable-qr,amazon-search,True,,,,,,,,,,,,,,,,,,,,,,,,,,,,,,,,,,,,,,,,,,,,,,,,,,TN,,,,,,,,,,
,1786286851,2023-11-02 19:35:23,2503.8,94e5f553d8ee5632338645c8928e3cc1454d7b5b,1326465,autoland,LastVisualChange,True,amazon-search LastVisualChange opt cold webrender,,77,ms,geckoview,False,|c|o|l|d| |w|e|b|r|e|n|d|e|r|,,4361205,13,8bad20cfa5c21f9f330712163e9ddf6ea850f908,102210fe594ee9b33d82058545b1ed14f4c8206e,android-hw-a51-11-0-aarch64-shippable-qr,amazon-search,True,,,,,,,,,,,,,,,,,,,,,,,,,,,,,,,,,,,,,,,,,,,,,,,,,,TN,,,,,,,,,,
,1786383430,2023-11-02 22:16:50,2366.0,e76a1dc1e2e5cfa536e6893665fb8d42d2669341,1326592,autoland,LastVisualChange,True,amazon-search LastVisualChange opt cold webrender,,77,ms,geckoview,False,|c|o|l|d| |w|e|b|r|e|n|d|e|r|,,4361205,13,8bad20cfa5c21f9f330712163e9ddf6ea850f908,102210fe594ee9b33d82058545b1ed14f4c8206e,android-hw-a51-11-0-aarch64-shippable-qr,amazon-search,True,,,,,,,,,,,,,,,,,,,,,,,,,,,,,,,,,,,,,,,,,,,,,,,,,,TN,,,,,,,,,,
,1786479788,2023-11-03 02:17:21,2321.3,7398cacb1ad3e7be98ad07eff3a56fd050025c48,1326661,autoland,LastVisualChange,True,amazon-search LastVisualChange opt cold webrender,,77,ms,geckoview,False,|c|o|l|d| |w|e|b|r|e|n|d|e|r|,,4361205,13,8bad20cfa5c21f9f330712163e9ddf6ea850f908,102210fe594ee9b33d82058545b1ed14f4c8206e,android-hw-a51-11-0-aarch64-shippable-qr,amazon-search,True,,,,,,,,,,,,,,,,,,,,,,,,,,,,,,,,,,,,,,,,,,,,,,,,,,TN,,,,,,,,,,
,1786554215,2023-11-03 06:29:48,2448.8,63221dffde4f2b6c134c16fb540dea75d856626d,1326720,autoland,LastVisualChange,True,amazon-search LastVisualChange opt cold webrender,,77,ms,geckoview,False,|c|o|l|d| |w|e|b|r|e|n|d|e|r|,,4361205,13,8bad20cfa5c21f9f330712163e9ddf6ea850f908,102210fe594ee9b33d82058545b1ed14f4c8206e,android-hw-a51-11-0-aarch64-shippable-qr,amazon-search,True,,,,,,,,,,,,,,,,,,,,,,,,,,,,,,,,,,,,,,,,,,,,,,,,,,TN,,,,,,,,,,
,1786760149,2023-11-03 09:45:55,2379.4,fef2ab0f10caa08593c20e7febc4cec185670a4a,1326769,autoland,LastVisualChange,True,amazon-search LastVisualChange opt cold webrender,,77,ms,geckoview,False,|c|o|l|d| |w|e|b|r|e|n|d|e|r|,,4361205,13,8bad20cfa5c21f9f330712163e9ddf6ea850f908,102210fe594ee9b33d82058545b1ed14f4c8206e,android-hw-a51-11-0-aarch64-shippable-qr,amazon-search,True,,,,,,,,,,,,,,,,,,,,,,,,,,,,,,,,,,,,,,,,,,,,,,,,,,TN,,,,,,,,,,
,1786800064,2023-11-03 14:08:17,2343.0,db8c28afe588aab0cd434e280a4614c075350cde,1326874,autoland,LastVisualChange,True,amazon-search LastVisualChange opt cold webrender,,77,ms,geckoview,False,|c|o|l|d| |w|e|b|r|e|n|d|e|r|,,4361205,13,8bad20cfa5c21f9f330712163e9ddf6ea850f908,102210fe594ee9b33d82058545b1ed14f4c8206e,android-hw-a51-11-0-aarch64-shippable-qr,amazon-search,True,,,,,,,,,,,,,,,,,,,,,,,,,,,,,,,,,,,,,,,,,,,,,,,,,,TN,,,,,,,,,,
,1786951173,2023-11-03 15:30:02,2318.7,c1bbed9e33815cc111047e95375c6446ad566b5b,1326932,autoland,LastVisualChange,True,amazon-search LastVisualChange opt cold webrender,,77,ms,geckoview,False,|c|o|l|d| |w|e|b|r|e|n|d|e|r|,,4361205,13,8bad20cfa5c21f9f330712163e9ddf6ea850f908,102210fe594ee9b33d82058545b1ed14f4c8206e,android-hw-a51-11-0-aarch64-shippable-qr,amazon-search,True,,,,,,,,,,,,,,,,,,,,,,,,,,,,,,,,,,,,,,,,,,,,,,,,,,TN,,,,,,,,,,
,1786991281,2023-11-03 19:29:08,2519.5,3483c8458f12814829ccacc001ce04923ce9c601,1327119,autoland,LastVisualChange,True,amazon-search LastVisualChange opt cold webrender,,77,ms,geckoview,False,|c|o|l|d| |w|e|b|r|e|n|d|e|r|,,4361205,13,8bad20cfa5c21f9f330712163e9ddf6ea850f908,102210fe594ee9b33d82058545b1ed14f4c8206e,android-hw-a51-11-0-aarch64-shippable-qr,amazon-search,True,,,,,,,,,,,,,,,,,,,,,,,,,,,,,,,,,,,,,,,,,,,,,,,,,,TN,,,,,,,,,,
,1787123487,2023-11-04 00:04:01,2452.4,71b8373e6622cf42c02a4244f2c2629c6afed2db,1327246,autoland,LastVisualChange,True,amazon-search LastVisualChange opt cold webrender,,77,ms,geckoview,False,|c|o|l|d| |w|e|b|r|e|n|d|e|r|,,4361205,13,8bad20cfa5c21f9f330712163e9ddf6ea850f908,102210fe594ee9b33d82058545b1ed14f4c8206e,android-hw-a51-11-0-aarch64-shippable-qr,amazon-search,True,,,,,,,,,,,,,,,,,,,,,,,,,,,,,,,,,,,,,,,,,,,,,,,,,,TN,,,,,,,,,,
,1787221031,2023-11-04 08:24:01,2413.6,f65c77517e3e8d32a23f3607a039a558abd2b12c,1327306,autoland,LastVisualChange,True,amazon-search LastVisualChange opt cold webrender,,77,ms,geckoview,False,|c|o|l|d| |w|e|b|r|e|n|d|e|r|,,4361205,13,8bad20cfa5c21f9f330712163e9ddf6ea850f908,102210fe594ee9b33d82058545b1ed14f4c8206e,android-hw-a51-11-0-aarch64-shippable-qr,amazon-search,True,,,,,,,,,,,,,,,,,,,,,,,,,,,,,,,,,,,,,,,,,,,,,,,,,,TN,,,,,,,,,,
,1787350636,2023-11-04 14:15:16,2375.1,90f5a1a99e4af4267d041ebe447fe2c0d6028eec,1327379,autoland,LastVisualChange,True,amazon-search LastVisualChange opt cold webrender,,77,ms,geckoview,False,|c|o|l|d| |w|e|b|r|e|n|d|e|r|,,4361205,13,8bad20cfa5c21f9f330712163e9ddf6ea850f908,102210fe594ee9b33d82058545b1ed14f4c8206e,android-hw-a51-11-0-aarch64-shippable-qr,amazon-search,True,,,,,,,,,,,,,,,,,,,,,,,,,,,,,,,,,,,,,,,,,,,,,,,,,,TN,,,,,,,,,,
,1787440146,2023-11-04 18:45:40,2349.0,55a02a6f1e91945e24618f64bd61b9f3a0beeea0,1327418,autoland,LastVisualChange,True,amazon-search LastVisualChange opt cold webrender,,77,ms,geckoview,False,|c|o|l|d| |w|e|b|r|e|n|d|e|r|,,4361205,13,8bad20cfa5c21f9f330712163e9ddf6ea850f908,102210fe594ee9b33d82058545b1ed14f4c8206e,android-hw-a51-11-0-aarch64-shippable-qr,amazon-search,True,,,,,,,,,,,,,,,,,,,,,,,,,,,,,,,,,,,,,,,,,,,,,,,,,,TN,,,,,,,,,,
,1787509552,2023-11-04 23:01:16,2446.2,c6d6218c85ae690d272c8b978051ec7c2718b1b2,1327454,autoland,LastVisualChange,True,amazon-search LastVisualChange opt cold webrender,,77,ms,geckoview,False,|c|o|l|d| |w|e|b|r|e|n|d|e|r|,,4361205,13,8bad20cfa5c21f9f330712163e9ddf6ea850f908,102210fe594ee9b33d82058545b1ed14f4c8206e,android-hw-a51-11-0-aarch64-shippable-qr,amazon-search,True,,,,,,,,,,,,,,,,,,,,,,,,,,,,,,,,,,,,,,,,,,,,,,,,,,TN,,,,,,,,,,
,1787740770,2023-11-05 12:31:02,2403.5,6e473b5825d2acd52739d9cc4cdec6ea5e26c9d1,1327508,autoland,LastVisualChange,True,amazon-search LastVisualChange opt cold webrender,,77,ms,geckoview,False,|c|o|l|d| |w|e|b|r|e|n|d|e|r|,,4361205,13,8bad20cfa5c21f9f330712163e9ddf6ea850f908,102210fe594ee9b33d82058545b1ed14f4c8206e,android-hw-a51-11-0-aarch64-shippable-qr,amazon-search,True,,,,,,,,,,,,,,,,,,,,,,,,,,,,,,,,,,,,,,,,,,,,,,,,,,TN,,,,,,,,,,
,1787880829,2023-11-05 17:15:11,2366.4,e4d362eebc148baf8432d0b013b6233995a2f16e,1327546,autoland,LastVisualChange,True,amazon-search LastVisualChange opt cold webrender,,77,ms,geckoview,False,|c|o|l|d| |w|e|b|r|e|n|d|e|r|,,4361205,13,8bad20cfa5c21f9f330712163e9ddf6ea850f908,102210fe594ee9b33d82058545b1ed14f4c8206e,android-hw-a51-11-0-aarch64-shippable-qr,amazon-search,True,,,,,,,,,,,,,,,,,,,,,,,,,,,,,,,,,,,,,,,,,,,,,,,,,,TN,,,,,,,,,,
,1787992013,2023-11-05 22:35:05,2406.7,1995198e0bee1b9f7d4ac3a5286fb89a8305fa28,1327567,autoland,LastVisualChange,True,amazon-search LastVisualChange opt cold webrender,,77,ms,geckoview,False,|c|o|l|d| |w|e|b|r|e|n|d|e|r|,,4361205,13,8bad20cfa5c21f9f330712163e9ddf6ea850f908,102210fe594ee9b33d82058545b1ed14f4c8206e,android-hw-a51-11-0-aarch64-shippable-qr,amazon-search,True,,,,,,,,,,,,,,,,,,,,,,,,,,,,,,,,,,,,,,,,,,,,,,,,,,TN,,,,,,,,,,
,1788236808,2023-11-06 03:28:15,2387.7,925231a8fb5eccf055afb3e9921596d8f990128b,1327590,autoland,LastVisualChange,True,amazon-search LastVisualChange opt cold webrender,,77,ms,geckoview,False,|c|o|l|d| |w|e|b|r|e|n|d|e|r|,,4361205,13,8bad20cfa5c21f9f330712163e9ddf6ea850f908,102210fe594ee9b33d82058545b1ed14f4c8206e,android-hw-a51-11-0-aarch64-shippable-qr,amazon-search,True,,,,,,,,,,,,,,,,,,,,,,,,,,,,,,,,,,,,,,,,,,,,,,,,,,TN,,,,,,,,,,
,1788308343,2023-11-06 06:27:10,2377.7,58f61f19462af6371405866cd0506983856d5433,1327613,autoland,LastVisualChange,True,amazon-search LastVisualChange opt cold webrender,,77,ms,geckoview,False,|c|o|l|d| |w|e|b|r|e|n|d|e|r|,,4361205,13,8bad20cfa5c21f9f330712163e9ddf6ea850f908,102210fe594ee9b33d82058545b1ed14f4c8206e,android-hw-a51-11-0-aarch64-shippable-qr,amazon-search,True,,,,,,,,,,,,,,,,,,,,,,,,,,,,,,,,,,,,,,,,,,,,,,,,,,TN,,,,,,,,,,
,1788537025,2023-11-06 10:22:32,2401.6,47130f8e8a79f36f7bea8cf4a4a19a3ef155e539,1327714,autoland,LastVisualChange,True,amazon-search LastVisualChange opt cold webrender,,77,ms,geckoview,False,|c|o|l|d| |w|e|b|r|e|n|d|e|r|,,4361205,13,8bad20cfa5c21f9f330712163e9ddf6ea850f908,102210fe594ee9b33d82058545b1ed14f4c8206e,android-hw-a51-11-0-aarch64-shippable-qr,amazon-search,True,,,,,,,,,,,,,,,,,,,,,,,,,,,,,,,,,,,,,,,,,,,,,,,,,,TN,,,,,,,,,,
,1788686789,2023-11-06 14:23:08,2354.1,e85ef9b0c6ee61f9f14bf8b49cd5f6e0a5fac3d7,1327890,autoland,LastVisualChange,True,amazon-search LastVisualChange opt cold webrender,,77,ms,geckoview,False,|c|o|l|d| |w|e|b|r|e|n|d|e|r|,,4361205,13,8bad20cfa5c21f9f330712163e9ddf6ea850f908,102210fe594ee9b33d82058545b1ed14f4c8206e,android-hw-a51-11-0-aarch64-shippable-qr,amazon-search,True,,,,,,,,,,,,,,,,,,,,,,,,,,,,,,,,,,,,,,,,,,,,,,,,,,TN,,,,,,,,,,
,1788750336,2023-11-06 17:39:09,2378.1,6d5e2f6a296345f3afbeecf2e34bf0f7da7c7991,1328028,autoland,LastVisualChange,True,amazon-search LastVisualChange opt cold webrender,,77,ms,geckoview,False,|c|o|l|d| |w|e|b|r|e|n|d|e|r|,,4361205,13,8bad20cfa5c21f9f330712163e9ddf6ea850f908,102210fe594ee9b33d82058545b1ed14f4c8206e,android-hw-a51-11-0-aarch64-shippable-qr,amazon-search,True,,,,,,,,,,,,,,,,,,,,,,,,,,,,,,,,,,,,,,,,,,,,,,,,,,TN,,,,,,,,,,
,1788853846,2023-11-06 20:45:17,2437.1,cfad60e16bc9ffd1123a5eb881ba42aaa60b9b18,1328100,autoland,LastVisualChange,True,amazon-search LastVisualChange opt cold webrender,,77,ms,geckoview,False,|c|o|l|d| |w|e|b|r|e|n|d|e|r|,,4361205,13,8bad20cfa5c21f9f330712163e9ddf6ea850f908,102210fe594ee9b33d82058545b1ed14f4c8206e,android-hw-a51-11-0-aarch64-shippable-qr,amazon-search,True,,,,,,,,,,,,,,,,,,,,,,,,,,,,,,,,,,,,,,,,,,,,,,,,,,TN,,,,,,,,,,
,1788958657,2023-11-07 01:37:21,2498.8,05f23c29b41cfcb7bfe0b081854260fa6d04388f,1328269,autoland,LastVisualChange,True,amazon-search LastVisualChange opt cold webrender,,77,ms,geckoview,False,|c|o|l|d| |w|e|b|r|e|n|d|e|r|,,4361205,13,8bad20cfa5c21f9f330712163e9ddf6ea850f908,102210fe594ee9b33d82058545b1ed14f4c8206e,android-hw-a51-11-0-aarch64-shippable-qr,amazon-search,True,,,,,,,,,,,,,,,,,,,,,,,,,,,,,,,,,,,,,,,,,,,,,,,,,,TN,,,,,,,,,,
,1789123831,2023-11-07 05:57:42,2334.2,5f6163941f402e507f0d384b9904f2a425a28d57,1328312,autoland,LastVisualChange,True,amazon-search LastVisualChange opt cold webrender,,77,ms,geckoview,False,|c|o|l|d| |w|e|b|r|e|n|d|e|r|,,4361205,13,8bad20cfa5c21f9f330712163e9ddf6ea850f908,102210fe594ee9b33d82058545b1ed14f4c8206e,android-hw-a51-11-0-aarch64-shippable-qr,amazon-search,True,,,,,,,,,,,,,,,,,,,,,,,,,,,,,,,,,,,,,,,,,,,,,,,,,,TN,,,,,,,,,,
,1789159725,2023-11-07 07:13:43,2379.4,7a3978f0626b31f7d311cbc700a8ad6eef3c38a7,1328322,autoland,LastVisualChange,True,amazon-search LastVisualChange opt cold webrender,,77,ms,geckoview,False,|c|o|l|d| |w|e|b|r|e|n|d|e|r|,,4361205,13,8bad20cfa5c21f9f330712163e9ddf6ea850f908,102210fe594ee9b33d82058545b1ed14f4c8206e,android-hw-a51-11-0-aarch64-shippable-qr,amazon-search,True,,,,,,,,,,,,,,,,,,,,,,,,,,,,,,,,,,,,,,,,,,,,,,,,,,TN,,,,,,,,,,
,1789400136,2023-11-07 15:22:28,2420.1,3a6678776d36c32f58fe521d73f09bbc1478cbbb,1328534,autoland,LastVisualChange,True,amazon-search LastVisualChange opt cold webrender,,77,ms,geckoview,False,|c|o|l|d| |w|e|b|r|e|n|d|e|r|,,4361205,13,8bad20cfa5c21f9f330712163e9ddf6ea850f908,102210fe594ee9b33d82058545b1ed14f4c8206e,android-hw-a51-11-0-aarch64-shippable-qr,amazon-search,True,,,,,,,,,,,,,,,,,,,,,,,,,,,,,,,,,,,,,,,,,,,,,,,,,,TN,,,,,,,,,,
,1789518973,2023-11-07 20:38:50,2339.7,2f5322fade4338f844537e7e14979d023e4b7d48,1328596,autoland,LastVisualChange,True,amazon-search LastVisualChange opt cold webrender,,77,ms,geckoview,False,|c|o|l|d| |w|e|b|r|e|n|d|e|r|,,4361205,13,8bad20cfa5c21f9f330712163e9ddf6ea850f908,102210fe594ee9b33d82058545b1ed14f4c8206e,android-hw-a51-11-0-aarch64-shippable-qr,amazon-search,True,,,,,,,,,,,,,,,,,,,,,,,,,,,,,,,,,,,,,,,,,,,,,,,,,,TN,,,,,,,,,,
,1793539406,2023-11-07 20:43:20,2315.4,0cb5b12aa2dffce0f3c4119e0e4a1bdeeb5bbd31,1328605,autoland,LastVisualChange,True,amazon-search LastVisualChange opt cold webrender,,77,ms,geckoview,False,|c|o|l|d| |w|e|b|r|e|n|d|e|r|,,4361205,13,8bad20cfa5c21f9f330712163e9ddf6ea850f908,102210fe594ee9b33d82058545b1ed14f4c8206e,android-hw-a51-11-0-aarch64-shippable-qr,amazon-search,True,,,,,,,,,,,,,,,,,,,,,,,,,,,,,,,,,,,,,,,,,,,,,,,,,,TN,,,,,,,,,,
,1793539299,2023-11-07 22:06:24,2387.0,5e0e44d9e024c68de16f25cdffae9b7a16599fef,1328684,autoland,LastVisualChange,True,amazon-search LastVisualChange opt cold webrender,,77,ms,geckoview,False,|c|o|l|d| |w|e|b|r|e|n|d|e|r|,,4361205,13,8bad20cfa5c21f9f330712163e9ddf6ea850f908,102210fe594ee9b33d82058545b1ed14f4c8206e,android-hw-a51-11-0-aarch64-shippable-qr,amazon-search,True,,,,,,,,,,,,,,,,,,,,,,,,,,,,,,,,,,,,,,,,,,,,,,,,,,TN,,,,,,,,,,
,1793537103,2023-11-07 22:08:32,2340.0,748270842d826a0049a2fa6fab1fcf031cfb9355,1328688,autoland,LastVisualChange,True,amazon-search LastVisualChange opt cold webrender,,77,ms,geckoview,False,|c|o|l|d| |w|e|b|r|e|n|d|e|r|,,4361205,13,8bad20cfa5c21f9f330712163e9ddf6ea850f908,102210fe594ee9b33d82058545b1ed14f4c8206e,android-hw-a51-11-0-aarch64-shippable-qr,amazon-search,True,,,,,,,,,,,,,,,,,,,,,,,,,,,,,,,,,,,,,,,,,,,,,,,,,,TN,,,,,,,,,,
,1793520633,2023-11-07 22:09:26,2368.5,933ecd8bd8498bca93c22bd0154d49940d2938e0,1328690,autoland,LastVisualChange,True,amazon-search LastVisualChange opt cold webrender,,77,ms,geckoview,False,|c|o|l|d| |w|e|b|r|e|n|d|e|r|,,4361205,13,8bad20cfa5c21f9f330712163e9ddf6ea850f908,102210fe594ee9b33d82058545b1ed14f4c8206e,android-hw-a51-11-0-aarch64-shippable-qr,amazon-search,True,,,,,,,,,,,,,,,,,,,,,,,,,,,,,,,,,,,,,,,,,,,,,,,,,,TN,,,,,,,,,,
,1793526454,2023-11-07 22:10:17,2320.5,7278fb415a0e99129b6befbc877aabdc7ef6d7b0,1328692,autoland,LastVisualChange,True,amazon-search LastVisualChange opt cold webrender,,77,ms,geckoview,False,|c|o|l|d| |w|e|b|r|e|n|d|e|r|,,4361205,13,8bad20cfa5c21f9f330712163e9ddf6ea850f908,102210fe594ee9b33d82058545b1ed14f4c8206e,android-hw-a51-11-0-aarch64-shippable-qr,amazon-search,True,,,,,,,,,,,,,,,,,,,,,,,,,,,,,,,,,,,,,,,,,,,,,,,,,,TN,,,,,,,,,,
,1793526217,2023-11-07 22:11:28,2379.4,648aa2777a89089d34589c99bd93444ee15f75c1,1328693,autoland,LastVisualChange,True,amazon-search LastVisualChange opt cold webrender,,77,ms,geckoview,False,|c|o|l|d| |w|e|b|r|e|n|d|e|r|,,4361205,13,8bad20cfa5c21f9f330712163e9ddf6ea850f908,102210fe594ee9b33d82058545b1ed14f4c8206e,android-hw-a51-11-0-aarch64-shippable-qr,amazon-search,True,,,,,,,,,,,,,,,,,,,,,,,,,,,,,,,,,,,,,,,,,,,,,,,,,,TN,,,,,,,,,,
,1793528578,2023-11-07 22:12:28,2320.9,e39859a83e6a87b9726f3e0f3fefc15069130dbc,1328694,autoland,LastVisualChange,True,amazon-search LastVisualChange opt cold webrender,,77,ms,geckoview,False,|c|o|l|d| |w|e|b|r|e|n|d|e|r|,,4361205,13,8bad20cfa5c21f9f330712163e9ddf6ea850f908,102210fe594ee9b33d82058545b1ed14f4c8206e,android-hw-a51-11-0-aarch64-shippable-qr,amazon-search,True,,,,,,,,,,,,,,,,,,,,,,,,,,,,,,,,,,,,,,,,,,,,,,,,,,TN,,,,,,,,,,
,1793538956,2023-11-07 22:13:28,2357.7,41043c74e42a20a68cd4dcf5422fd698eb9ff29a,1328700,autoland,LastVisualChange,True,amazon-search LastVisualChange opt cold webrender,,77,ms,geckoview,False,|c|o|l|d| |w|e|b|r|e|n|d|e|r|,,4361205,13,8bad20cfa5c21f9f330712163e9ddf6ea850f908,102210fe594ee9b33d82058545b1ed14f4c8206e,android-hw-a51-11-0-aarch64-shippable-qr,amazon-search,True,,,,,,,,,,,,,,,,,,,,,,,,,,,,,,,,,,,,,,,,,,,,,,,,,,TN,,,,,,,,,,
,1793534966,2023-11-07 22:14:24,2351.5,83dba4a74d67e72988ba3c10626548f04afec6aa,1328701,autoland,LastVisualChange,True,amazon-search LastVisualChange opt cold webrender,,77,ms,geckoview,False,|c|o|l|d| |w|e|b|r|e|n|d|e|r|,,4361205,13,8bad20cfa5c21f9f330712163e9ddf6ea850f908,102210fe594ee9b33d82058545b1ed14f4c8206e,android-hw-a51-11-0-aarch64-shippable-qr,amazon-search,True,,,,,,,,,,,,,,,,,,,,,,,,,,,,,,,,,,,,,,,,,,,,,,,,,,TN,,,,,,,,,,
,1793534914,2023-11-07 22:15:16,2321.8,279e1795af9d707bae3eed153900c8aaec98f9be,1328702,autoland,LastVisualChange,True,amazon-search LastVisualChange opt cold webrender,,77,ms,geckoview,False,|c|o|l|d| |w|e|b|r|e|n|d|e|r|,,4361205,13,8bad20cfa5c21f9f330712163e9ddf6ea850f908,102210fe594ee9b33d82058545b1ed14f4c8206e,android-hw-a51-11-0-aarch64-shippable-qr,amazon-search,True,,,,,,,,,,,,,,,,,,,,,,,,,,,,,,,,,,,,,,,,,,,,,,,,,,TN,,,,,,,,,,
,1791920089,2023-11-07 22:16:16,2313.4,eaf61f658327552daaed7a97d497c7455f8d9531,1328703,autoland,LastVisualChange,True,amazon-search LastVisualChange opt cold webrender,,77,ms,geckoview,False,|c|o|l|d| |w|e|b|r|e|n|d|e|r|,,4361205,13,8bad20cfa5c21f9f330712163e9ddf6ea850f908,102210fe594ee9b33d82058545b1ed14f4c8206e,android-hw-a51-11-0-aarch64-shippable-qr,amazon-search,True,,,,,,,,,,,,,,,,,,,,,,,,,,,,,,,,,,,,,,,,,,,,,,,,,,TN,,,,,,,,,,
,1793528763,2023-11-07 22:16:16,2371.8,eaf61f658327552daaed7a97d497c7455f8d9531,1328703,autoland,LastVisualChange,True,amazon-search LastVisualChange opt cold webrender,,77,ms,geckoview,False,|c|o|l|d| |w|e|b|r|e|n|d|e|r|,,4361205,13,8bad20cfa5c21f9f330712163e9ddf6ea850f908,102210fe594ee9b33d82058545b1ed14f4c8206e,android-hw-a51-11-0-aarch64-shippable-qr,amazon-search,True,,,,,,,,,,,,,,,,,,,,,,,,,,,,,,,,,,,,,,,,,,,,,,,,,,TN,,,,,,,,,,
,1791940294,2023-11-07 22:17:11,2379.2,5e9da0fd496038d933be462a0a28eb091a51a931,1328704,autoland,LastVisualChange,True,amazon-search LastVisualChange opt cold webrender,,77,ms,geckoview,False,|c|o|l|d| |w|e|b|r|e|n|d|e|r|,,4361205,13,8bad20cfa5c21f9f330712163e9ddf6ea850f908,102210fe594ee9b33d82058545b1ed14f4c8206e,android-hw-a51-11-0-aarch64-shippable-qr,amazon-search,True,,,,,,,,,,,,,,,,,,,,,,,,,,,,,,,,,,,,,,,,,,,,,,,,,,TN,,,,,,,,,,
,1793544094,2023-11-07 22:17:11,2444.1,5e9da0fd496038d933be462a0a28eb091a51a931,1328704,autoland,LastVisualChange,True,amazon-search LastVisualChange opt cold webrender,,77,ms,geckoview,False,|c|o|l|d| |w|e|b|r|e|n|d|e|r|,,4361205,13,8bad20cfa5c21f9f330712163e9ddf6ea850f908,102210fe594ee9b33d82058545b1ed14f4c8206e,android-hw-a51-11-0-aarch64-shippable-qr,amazon-search,True,,,,,,,,,,,,,,,,,,,,,,,,,,,,,,,,,,,,,,,,,,,,,,,,,,TN,,,,,,,,,,
,1791910398,2023-11-07 22:18:09,2357.4,da03620aecd85ddfd5f47e960a1e3c8197716231,1328711,autoland,LastVisualChange,True,amazon-search LastVisualChange opt cold webrender,,77,ms,geckoview,False,|c|o|l|d| |w|e|b|r|e|n|d|e|r|,,4361205,13,8bad20cfa5c21f9f330712163e9ddf6ea850f908,102210fe594ee9b33d82058545b1ed14f4c8206e,android-hw-a51-11-0-aarch64-shippable-qr,amazon-search,True,,,,,,,,,,,,,,,,,,,,,,,,,,,,,,,,,,,,,,,,,,,,,,,,,,TN,,,,,,,,,,
,1793545351,2023-11-07 22:18:09,2482.2,da03620aecd85ddfd5f47e960a1e3c8197716231,1328711,autoland,LastVisualChange,True,amazon-search LastVisualChange opt cold webrender,,77,ms,geckoview,False,|c|o|l|d| |w|e|b|r|e|n|d|e|r|,,4361205,13,8bad20cfa5c21f9f330712163e9ddf6ea850f908,102210fe594ee9b33d82058545b1ed14f4c8206e,android-hw-a51-11-0-aarch64-shippable-qr,amazon-search,True,,,,,,,,,,,,,,,,,,,,,,,,,,,,,,,,,,,,,,,,,,,,,,,,,,TN,,,,,,,,,,
,1791956055,2023-11-07 22:19:10,2427.7,6d4c590f4e5c158e87b2140403af8f3269b16213,1328712,autoland,LastVisualChange,True,amazon-search LastVisualChange opt cold webrender,,77,ms,geckoview,False,|c|o|l|d| |w|e|b|r|e|n|d|e|r|,,4361205,13,8bad20cfa5c21f9f330712163e9ddf6ea850f908,102210fe594ee9b33d82058545b1ed14f4c8206e,android-hw-a51-11-0-aarch64-shippable-qr,amazon-search,True,,,,,,,,,,,,,,,,,,,,,,,,,,,,,,,,,,,,,,,,,,,,,,,,,,TN,,,,,,,,,,
,1793540946,2023-11-07 22:19:10,2486.2,6d4c590f4e5c158e87b2140403af8f3269b16213,1328712,autoland,LastVisualChange,True,amazon-search LastVisualChange opt cold webrender,,77,ms,geckoview,False,|c|o|l|d| |w|e|b|r|e|n|d|e|r|,,4361205,13,8bad20cfa5c21f9f330712163e9ddf6ea850f908,102210fe594ee9b33d82058545b1ed14f4c8206e,android-hw-a51-11-0-aarch64-shippable-qr,amazon-search,True,,,,,,,,,,,,,,,,,,,,,,,,,,,,,,,,,,,,,,,,,,,,,,,,,,TN,,,,,,,,,,
,1791911795,2023-11-07 23:06:58,2433.3,904f1f3b31741dc9a659b702790fba17d771903a,1328769,autoland,LastVisualChange,True,amazon-search LastVisualChange opt cold webrender,,77,ms,geckoview,False,|c|o|l|d| |w|e|b|r|e|n|d|e|r|,,4361205,13,8bad20cfa5c21f9f330712163e9ddf6ea850f908,102210fe594ee9b33d82058545b1ed14f4c8206e,android-hw-a51-11-0-aarch64-shippable-qr,amazon-search,True,,,,,,,,,,,,,,,,,,,,,,,,,,,,,,,,,,,,,,,,,,,,,,,,,,TN,,,,,,,,,,
,1793536975,2023-11-07 23:06:58,2364.0,904f1f3b31741dc9a659b702790fba17d771903a,1328769,autoland,LastVisualChange,True,amazon-search LastVisualChange opt cold webrender,,77,ms,geckoview,False,|c|o|l|d| |w|e|b|r|e|n|d|e|r|,,4361205,13,8bad20cfa5c21f9f330712163e9ddf6ea850f908,102210fe594ee9b33d82058545b1ed14f4c8206e,android-hw-a51-11-0-aarch64-shippable-qr,amazon-search,True,,,,,,,,,,,,,,,,,,,,,,,,,,,,,,,,,,,,,,,,,,,,,,,,,,TN,,,,,,,,,,
,1789642704,2023-11-07 23:09:36,2409.2,146ef5c46755802d7609ece035e0115301c936bd,1328770,autoland,LastVisualChange,True,amazon-search LastVisualChange opt cold webrender,,77,ms,geckoview,False,|c|o|l|d| |w|e|b|r|e|n|d|e|r|,,4361205,13,8bad20cfa5c21f9f330712163e9ddf6ea850f908,102210fe594ee9b33d82058545b1ed14f4c8206e,android-hw-a51-11-0-aarch64-shippable-qr,amazon-search,True,,,,,,,,,,,,,,,,,,,,,,,,,,,,,,,,,,,,,,,,,,,,,,,,,,TN,,,,,,,,,,
,1791799750,2023-11-07 23:09:36,2356.4,146ef5c46755802d7609ece035e0115301c936bd,1328770,autoland,LastVisualChange,True,amazon-search LastVisualChange opt cold webrender,,77,ms,geckoview,False,|c|o|l|d| |w|e|b|r|e|n|d|e|r|,,4361205,13,8bad20cfa5c21f9f330712163e9ddf6ea850f908,102210fe594ee9b33d82058545b1ed14f4c8206e,android-hw-a51-11-0-aarch64-shippable-qr,amazon-search,True,,,,,,,,,,,,,,,,,,,,,,,,,,,,,,,,,,,,,,,,,,,,,,,,,,TN,,,,,,,,,,
,1793142199,2023-11-07 23:09:36,2286.2,146ef5c46755802d7609ece035e0115301c936bd,1328770,autoland,LastVisualChange,True,amazon-search LastVisualChange opt cold webrender,,77,ms,geckoview,False,|c|o|l|d| |w|e|b|r|e|n|d|e|r|,,4361205,13,8bad20cfa5c21f9f330712163e9ddf6ea850f908,102210fe594ee9b33d82058545b1ed14f4c8206e,android-hw-a51-11-0-aarch64-shippable-qr,amazon-search,True,,,,,,,,,,,,,,,,,,,,,,,,,,,,,,,,,,,,,,,,,,,,,,,,,,TN,,,,,,,,,,
,1793149531,2023-11-07 23:09:36,2346.8,146ef5c46755802d7609ece035e0115301c936bd,1328770,autoland,LastVisualChange,True,amazon-search LastVisualChange opt cold webrender,,77,ms,geckoview,False,|c|o|l|d| |w|e|b|r|e|n|d|e|r|,,4361205,13,8bad20cfa5c21f9f330712163e9ddf6ea850f908,102210fe594ee9b33d82058545b1ed14f4c8206e,android-hw-a51-11-0-aarch64-shippable-qr,amazon-search,True,,,,,,,,,,,,,,,,,,,,,,,,,,,,,,,,,,,,,,,,,,,,,,,,,,TN,,,,,,,,,,
,1793541480,2023-11-07 23:09:36,2319.0,146ef5c46755802d7609ece035e0115301c936bd,1328770,autoland,LastVisualChange,True,amazon-search LastVisualChange opt cold webrender,,77,ms,geckoview,False,|c|o|l|d| |w|e|b|r|e|n|d|e|r|,,4361205,13,8bad20cfa5c21f9f330712163e9ddf6ea850f908,102210fe594ee9b33d82058545b1ed14f4c8206e,android-hw-a51-11-0-aarch64-shippable-qr,amazon-search,True,,,,,,,,,,,,,,,,,,,,,,,,,,,,,,,,,,,,,,,,,,,,,,,,,,TN,,,,,,,,,,
,1791896819,2023-11-07 23:10:36,2438.8,3302e541a24dbe2379276963ce0fe8076bc7ccfa,1328771,autoland,LastVisualChange,True,amazon-search LastVisualChange opt cold webrender,,77,ms,geckoview,False,|c|o|l|d| |w|e|b|r|e|n|d|e|r|,,4361205,13,8bad20cfa5c21f9f330712163e9ddf6ea850f908,102210fe594ee9b33d82058545b1ed14f4c8206e,android-hw-a51-11-0-aarch64-shippable-qr,amazon-search,True,,,,,,,,,,,,,,,,,,,,,,,,,,,,,,,,,,,,,,,,,,,,,,,,,,TN,,,,,,,,,,
,1793538525,2023-11-07 23:10:36,2392.4,3302e541a24dbe2379276963ce0fe8076bc7ccfa,1328771,autoland,LastVisualChange,True,amazon-search LastVisualChange opt cold webrender,,77,ms,geckoview,False,|c|o|l|d| |w|e|b|r|e|n|d|e|r|,,4361205,13,8bad20cfa5c21f9f330712163e9ddf6ea850f908,102210fe594ee9b33d82058545b1ed14f4c8206e,android-hw-a51-11-0-aarch64-shippable-qr,amazon-search,True,,,,,,,,,,,,,,,,,,,,,,,,,,,,,,,,,,,,,,,,,,,,,,,,,,TN,,,,,,,,,,
,1791908493,2023-11-07 23:11:37,2359.4,5361a2ae63d6b72d301d14130bcffda5956321bc,1328772,autoland,LastVisualChange,True,amazon-search LastVisualChange opt cold webrender,,77,ms,geckoview,False,|c|o|l|d| |w|e|b|r|e|n|d|e|r|,,4361205,13,8bad20cfa5c21f9f330712163e9ddf6ea850f908,102210fe594ee9b33d82058545b1ed14f4c8206e,android-hw-a51-11-0-aarch64-shippable-qr,amazon-search,True,,,,,,,,,,,,,,,,,,,,,,,,,,,,,,,,,,,,,,,,,,,,,,,,,,TN,,,,,,,,,,
,1793541797,2023-11-07 23:11:37,2329.6,5361a2ae63d6b72d301d14130bcffda5956321bc,1328772,autoland,LastVisualChange,True,amazon-search LastVisualChange opt cold webrender,,77,ms,geckoview,False,|c|o|l|d| |w|e|b|r|e|n|d|e|r|,,4361205,13,8bad20cfa5c21f9f330712163e9ddf6ea850f908,102210fe594ee9b33d82058545b1ed14f4c8206e,android-hw-a51-11-0-aarch64-shippable-qr,amazon-search,True,,,,,,,,,,,,,,,,,,,,,,,,,,,,,,,,,,,,,,,,,,,,,,,,,,TN,,,,,,,,,,
,1791894451,2023-11-07 23:12:28,2411.9,72b08ed8495fdad3452fe81894cd17e9064c54c7,1328773,autoland,LastVisualChange,True,amazon-search LastVisualChange opt cold webrender,,77,ms,geckoview,False,|c|o|l|d| |w|e|b|r|e|n|d|e|r|,,4361205,13,8bad20cfa5c21f9f330712163e9ddf6ea850f908,102210fe594ee9b33d82058545b1ed14f4c8206e,android-hw-a51-11-0-aarch64-shippable-qr,amazon-search,True,,,,,,,,,,,,,,,,,,,,,,,,,,,,,,,,,,,,,,,,,,,,,,,,,,TN,,,,,,,,,,
,1793544162,2023-11-07 23:12:28,2336.2,72b08ed8495fdad3452fe81894cd17e9064c54c7,1328773,autoland,LastVisualChange,True,amazon-search LastVisualChange opt cold webrender,,77,ms,geckoview,False,|c|o|l|d| |w|e|b|r|e|n|d|e|r|,,4361205,13,8bad20cfa5c21f9f330712163e9ddf6ea850f908,102210fe594ee9b33d82058545b1ed14f4c8206e,android-hw-a51-11-0-aarch64-shippable-qr,amazon-search,True,,,,,,,,,,,,,,,,,,,,,,,,,,,,,,,,,,,,,,,,,,,,,,,,,,TN,,,,,,,,,,
,1791906782,2023-11-07 23:14:04,2495.8,46c2904744712393daa3033210bdaccc2d21fc48,1328777,autoland,LastVisualChange,True,amazon-search LastVisualChange opt cold webrender,,77,ms,geckoview,False,|c|o|l|d| |w|e|b|r|e|n|d|e|r|,,4361205,13,8bad20cfa5c21f9f330712163e9ddf6ea850f908,102210fe594ee9b33d82058545b1ed14f4c8206e,android-hw-a51-11-0-aarch64-shippable-qr,amazon-search,True,,,,,,,,,,,,,,,,,,,,,,,,,,,,,,,,,,,,,,,,,,,,,,,,,,TN,,,,,,,,,,
,1793543817,2023-11-07 23:14:04,2293.3,46c2904744712393daa3033210bdaccc2d21fc48,1328777,autoland,LastVisualChange,True,amazon-search LastVisualChange opt cold webrender,,77,ms,geckoview,False,|c|o|l|d| |w|e|b|r|e|n|d|e|r|,,4361205,13,8bad20cfa5c21f9f330712163e9ddf6ea850f908,102210fe594ee9b33d82058545b1ed14f4c8206e,android-hw-a51-11-0-aarch64-shippable-qr,amazon-search,True,,,,,,,,,,,,,,,,,,,,,,,,,,,,,,,,,,,,,,,,,,,,,,,,,,TN,,,,,,,,,,
,1791916409,2023-11-07 23:14:55,2315.6,1aae1c9181ac13183d620009c878510415ca58ab,1328778,autoland,LastVisualChange,True,amazon-search LastVisualChange opt cold webrender,,77,ms,geckoview,False,|c|o|l|d| |w|e|b|r|e|n|d|e|r|,,4361205,13,8bad20cfa5c21f9f330712163e9ddf6ea850f908,102210fe594ee9b33d82058545b1ed14f4c8206e,android-hw-a51-11-0-aarch64-shippable-qr,amazon-search,True,,,,,,,,,,,,,,,,,,,,,,,,,,,,,,,,,,,,,,,,,,,,,,,,,,TN,,,,,,,,,,
,1793544206,2023-11-07 23:14:55,2341.5,1aae1c9181ac13183d620009c878510415ca58ab,1328778,autoland,LastVisualChange,True,amazon-search LastVisualChange opt cold webrender,,77,ms,geckoview,False,|c|o|l|d| |w|e|b|r|e|n|d|e|r|,,4361205,13,8bad20cfa5c21f9f330712163e9ddf6ea850f908,102210fe594ee9b33d82058545b1ed14f4c8206e,android-hw-a51-11-0-aarch64-shippable-qr,amazon-search,True,,,,,,,,,,,,,,,,,,,,,,,,,,,,,,,,,,,,,,,,,,,,,,,,,,TN,,,,,,,,,,
,1791922011,2023-11-07 23:15:58,2377.4,3b68fa2b102fa7cc24951cb9dc62a67008b4bb10,1328779,autoland,LastVisualChange,True,amazon-search LastVisualChange opt cold webrender,,77,ms,geckoview,False,|c|o|l|d| |w|e|b|r|e|n|d|e|r|,,4361205,13,8bad20cfa5c21f9f330712163e9ddf6ea850f908,102210fe594ee9b33d82058545b1ed14f4c8206e,android-hw-a51-11-0-aarch64-shippable-qr,amazon-search,True,,,,,,,,,,,,,,,,,,,,,,,,,,,,,,,,,,,,,,,,,,,,,,,,,,TN,,,,,,,,,,
,1793548339,2023-11-07 23:15:58,2401.2,3b68fa2b102fa7cc24951cb9dc62a67008b4bb10,1328779,autoland,LastVisualChange,True,amazon-search LastVisualChange opt cold webrender,,77,ms,geckoview,False,|c|o|l|d| |w|e|b|r|e|n|d|e|r|,,4361205,13,8bad20cfa5c21f9f330712163e9ddf6ea850f908,102210fe594ee9b33d82058545b1ed14f4c8206e,android-hw-a51-11-0-aarch64-shippable-qr,amazon-search,True,,,,,,,,,,,,,,,,,,,,,,,,,,,,,,,,,,,,,,,,,,,,,,,,,,TN,,,,,,,,,,
,1791898106,2023-11-07 23:16:50,2402.1,f6f5ec03cb7e2d98170d0f4650fd4239075302a1,1328780,autoland,LastVisualChange,True,amazon-search LastVisualChange opt cold webrender,,77,ms,geckoview,False,|c|o|l|d| |w|e|b|r|e|n|d|e|r|,,4361205,13,8bad20cfa5c21f9f330712163e9ddf6ea850f908,102210fe594ee9b33d82058545b1ed14f4c8206e,android-hw-a51-11-0-aarch64-shippable-qr,amazon-search,True,,,,,,,,,,,,,,,,,,,,,,,,,,,,,,,,,,,,,,,,,,,,,,,,,,TN,,,,,,,,,,
,1793548531,2023-11-07 23:16:50,2355.4,f6f5ec03cb7e2d98170d0f4650fd4239075302a1,1328780,autoland,LastVisualChange,True,amazon-search LastVisualChange opt cold webrender,,77,ms,geckoview,False,|c|o|l|d| |w|e|b|r|e|n|d|e|r|,,4361205,13,8bad20cfa5c21f9f330712163e9ddf6ea850f908,102210fe594ee9b33d82058545b1ed14f4c8206e,android-hw-a51-11-0-aarch64-shippable-qr,amazon-search,True,,,,,,,,,,,,,,,,,,,,,,,,,,,,,,,,,,,,,,,,,,,,,,,,,,TN,,,,,,,,,,
,1791933261,2023-11-07 23:18:19,2354.4,569b6a151d3e83f65323a459744eab52f47b53e0,1328781,autoland,LastVisualChange,True,amazon-search LastVisualChange opt cold webrender,,77,ms,geckoview,False,|c|o|l|d| |w|e|b|r|e|n|d|e|r|,,4361205,13,8bad20cfa5c21f9f330712163e9ddf6ea850f908,102210fe594ee9b33d82058545b1ed14f4c8206e,android-hw-a51-11-0-aarch64-shippable-qr,amazon-search,True,,,,,,,,,,,,,,,,,,,,,,,,,,,,,,,,,,,,,,,,,,,,,,,,,,TN,,,,,,,,,,
,1793548464,2023-11-07 23:18:19,2381.3,569b6a151d3e83f65323a459744eab52f47b53e0,1328781,autoland,LastVisualChange,True,amazon-search LastVisualChange opt cold webrender,,77,ms,geckoview,False,|c|o|l|d| |w|e|b|r|e|n|d|e|r|,,4361205,13,8bad20cfa5c21f9f330712163e9ddf6ea850f908,102210fe594ee9b33d82058545b1ed14f4c8206e,android-hw-a51-11-0-aarch64-shippable-qr,amazon-search,True,,,,,,,,,,,,,,,,,,,,,,,,,,,,,,,,,,,,,,,,,,,,,,,,,,TN,,,,,,,,,,
,1791904030,2023-11-07 23:19:19,2318.1,35d9f03fd8592d645fd69838893cb8c471f14a95,1328782,autoland,LastVisualChange,True,amazon-search LastVisualChange opt cold webrender,,77,ms,geckoview,False,|c|o|l|d| |w|e|b|r|e|n|d|e|r|,,4361205,13,8bad20cfa5c21f9f330712163e9ddf6ea850f908,102210fe594ee9b33d82058545b1ed14f4c8206e,android-hw-a51-11-0-aarch64-shippable-qr,amazon-search,True,,,,,,,,,,,,,,,,,,,,,,,,,,,,,,,,,,,,,,,,,,,,,,,,,,TN,,,,,,,,,,
,1793549688,2023-11-07 23:19:19,2322.4,35d9f03fd8592d645fd69838893cb8c471f14a95,1328782,autoland,LastVisualChange,True,amazon-search LastVisualChange opt cold webrender,,77,ms,geckoview,False,|c|o|l|d| |w|e|b|r|e|n|d|e|r|,,4361205,13,8bad20cfa5c21f9f330712163e9ddf6ea850f908,102210fe594ee9b33d82058545b1ed14f4c8206e,android-hw-a51-11-0-aarch64-shippable-qr,amazon-search,True,,,,,,,,,,,,,,,,,,,,,,,,,,,,,,,,,,,,,,,,,,,,,,,,,,TN,,,,,,,,,,
,1791913908,2023-11-08 00:05:44,2357.3,14791c645827fa0483c9a0c242943dcd7733492b,1328794,autoland,LastVisualChange,True,amazon-search LastVisualChange opt cold webrender,,77,ms,geckoview,False,|c|o|l|d| |w|e|b|r|e|n|d|e|r|,,4361205,13,8bad20cfa5c21f9f330712163e9ddf6ea850f908,102210fe594ee9b33d82058545b1ed14f4c8206e,android-hw-a51-11-0-aarch64-shippable-qr,amazon-search,True,,,,,,,,,,,,,,,,,,,,,,,,,,,,,,,,,,,,,,,,,,,,,,,,,,TN,,,,,,,,,,
,1793127474,2023-11-08 00:05:44,2282.3,14791c645827fa0483c9a0c242943dcd7733492b,1328794,autoland,LastVisualChange,True,amazon-search LastVisualChange opt cold webrender,,77,ms,geckoview,False,|c|o|l|d| |w|e|b|r|e|n|d|e|r|,,4361205,13,8bad20cfa5c21f9f330712163e9ddf6ea850f908,102210fe594ee9b33d82058545b1ed14f4c8206e,android-hw-a51-11-0-aarch64-shippable-qr,amazon-search,True,,,,,,,,,,,,,,,,,,,,,,,,,,,,,,,,,,,,,,,,,,,,,,,,,,TN,,,,,,,,,,
,1793127491,2023-11-08 00:05:44,2371.0,14791c645827fa0483c9a0c242943dcd7733492b,1328794,autoland,LastVisualChange,True,amazon-search LastVisualChange opt cold webrender,,77,ms,geckoview,False,|c|o|l|d| |w|e|b|r|e|n|d|e|r|,,4361205,13,8bad20cfa5c21f9f330712163e9ddf6ea850f908,102210fe594ee9b33d82058545b1ed14f4c8206e,android-hw-a51-11-0-aarch64-shippable-qr,amazon-search,True,,,,,,,,,,,,,,,,,,,,,,,,,,,,,,,,,,,,,,,,,,,,,,,,,,TN,,,,,,,,,,
,1793127581,2023-11-08 00:05:44,2355.3,14791c645827fa0483c9a0c242943dcd7733492b,1328794,autoland,LastVisualChange,True,amazon-search LastVisualChange opt cold webrender,,77,ms,geckoview,False,|c|o|l|d| |w|e|b|r|e|n|d|e|r|,,4361205,13,8bad20cfa5c21f9f330712163e9ddf6ea850f908,102210fe594ee9b33d82058545b1ed14f4c8206e,android-hw-a51-11-0-aarch64-shippable-qr,amazon-search,True,,,,,,,,,,,,,,,,,,,,,,,,,,,,,,,,,,,,,,,,,,,,,,,,,,TN,,,,,,,,,,
,1793127895,2023-11-08 00:05:44,2407.7,14791c645827fa0483c9a0c242943dcd7733492b,1328794,autoland,LastVisualChange,True,amazon-search LastVisualChange opt cold webrender,,77,ms,geckoview,False,|c|o|l|d| |w|e|b|r|e|n|d|e|r|,,4361205,13,8bad20cfa5c21f9f330712163e9ddf6ea850f908,102210fe594ee9b33d82058545b1ed14f4c8206e,android-hw-a51-11-0-aarch64-shippable-qr,amazon-search,True,,,,,,,,,,,,,,,,,,,,,,,,,,,,,,,,,,,,,,,,,,,,,,,,,,TN,,,,,,,,,,
,1793129104,2023-11-08 00:05:44,2359.9,14791c645827fa0483c9a0c242943dcd7733492b,1328794,autoland,LastVisualChange,True,amazon-search LastVisualChange opt cold webrender,,77,ms,geckoview,False,|c|o|l|d| |w|e|b|r|e|n|d|e|r|,,4361205,13,8bad20cfa5c21f9f330712163e9ddf6ea850f908,102210fe594ee9b33d82058545b1ed14f4c8206e,android-hw-a51-11-0-aarch64-shippable-qr,amazon-search,True,,,,,,,,,,,,,,,,,,,,,,,,,,,,,,,,,,,,,,,,,,,,,,,,,,TN,,,,,,,,,,
,1793130284,2023-11-08 00:05:44,2335.6,14791c645827fa0483c9a0c242943dcd7733492b,1328794,autoland,LastVisualChange,True,amazon-search LastVisualChange opt cold webrender,,77,ms,geckoview,False,|c|o|l|d| |w|e|b|r|e|n|d|e|r|,,4361205,13,8bad20cfa5c21f9f330712163e9ddf6ea850f908,102210fe594ee9b33d82058545b1ed14f4c8206e,android-hw-a51-11-0-aarch64-shippable-qr,amazon-search,True,,,,,,,,,,,,,,,,,,,,,,,,,,,,,,,,,,,,,,,,,,,,,,,,,,TN,,,,,,,,,,
,1791850142,2023-11-08 00:06:38,2356.1,4440db50fd5993db3634ed655b3ad20ca8237c0d,1328795,autoland,LastVisualChange,True,amazon-search LastVisualChange opt cold webrender,,77,ms,geckoview,False,|c|o|l|d| |w|e|b|r|e|n|d|e|r|,,4361205,13,8bad20cfa5c21f9f330712163e9ddf6ea850f908,102210fe594ee9b33d82058545b1ed14f4c8206e,android-hw-a51-11-0-aarch64-shippable-qr,amazon-search,True,,,,,,,,,,,,,,,,,,,,,,,,,,,,,,,,,,,,,,,,,,,,,,,,,,TN,,,,,,,,,,
,1793127204,2023-11-08 00:06:38,2412.8,4440db50fd5993db3634ed655b3ad20ca8237c0d,1328795,autoland,LastVisualChange,True,amazon-search LastVisualChange opt cold webrender,,77,ms,geckoview,False,|c|o|l|d| |w|e|b|r|e|n|d|e|r|,,4361205,13,8bad20cfa5c21f9f330712163e9ddf6ea850f908,102210fe594ee9b33d82058545b1ed14f4c8206e,android-hw-a51-11-0-aarch64-shippable-qr,amazon-search,True,,,,,,,,,,,,,,,,,,,,,,,,,,,,,,,,,,,,,,,,,,,,,,,,,,TN,,,,,,,,,,
,1793127258,2023-11-08 00:06:38,2364.8,4440db50fd5993db3634ed655b3ad20ca8237c0d,1328795,autoland,LastVisualChange,True,amazon-search LastVisualChange opt cold webrender,,77,ms,geckoview,False,|c|o|l|d| |w|e|b|r|e|n|d|e|r|,,4361205,13,8bad20cfa5c21f9f330712163e9ddf6ea850f908,102210fe594ee9b33d82058545b1ed14f4c8206e,android-hw-a51-11-0-aarch64-shippable-qr,amazon-search,True,,,,,,,,,,,,,,,,,,,,,,,,,,,,,,,,,,,,,,,,,,,,,,,,,,TN,,,,,,,,,,
,1793150523,2023-11-08 00:06:38,2291.7,4440db50fd5993db3634ed655b3ad20ca8237c0d,1328795,autoland,LastVisualChange,True,amazon-search LastVisualChange opt cold webrender,,77,ms,geckoview,False,|c|o|l|d| |w|e|b|r|e|n|d|e|r|,,4361205,13,8bad20cfa5c21f9f330712163e9ddf6ea850f908,102210fe594ee9b33d82058545b1ed14f4c8206e,android-hw-a51-11-0-aarch64-shippable-qr,amazon-search,True,,,,,,,,,,,,,,,,,,,,,,,,,,,,,,,,,,,,,,,,,,,,,,,,,,TN,,,,,,,,,,
,1793150144,2023-11-08 00:06:38,2338.6,4440db50fd5993db3634ed655b3ad20ca8237c0d,1328795,autoland,LastVisualChange,True,amazon-search LastVisualChange opt cold webrender,,77,ms,geckoview,False,|c|o|l|d| |w|e|b|r|e|n|d|e|r|,,4361205,13,8bad20cfa5c21f9f330712163e9ddf6ea850f908,102210fe594ee9b33d82058545b1ed14f4c8206e,android-hw-a51-11-0-aarch64-shippable-qr,amazon-search,True,,,,,,,,,,,,,,,,,,,,,,,,,,,,,,,,,,,,,,,,,,,,,,,,,,TN,,,,,,,,,,
,1793150175,2023-11-08 00:06:38,2379.5,4440db50fd5993db3634ed655b3ad20ca8237c0d,1328795,autoland,LastVisualChange,True,amazon-search LastVisualChange opt cold webrender,,77,ms,geckoview,False,|c|o|l|d| |w|e|b|r|e|n|d|e|r|,,4361205,13,8bad20cfa5c21f9f330712163e9ddf6ea850f908,102210fe594ee9b33d82058545b1ed14f4c8206e,android-hw-a51-11-0-aarch64-shippable-qr,amazon-search,True,,,,,,,,,,,,,,,,,,,,,,,,,,,,,,,,,,,,,,,,,,,,,,,,,,TN,,,,,,,,,,
,1791803796,2023-11-08 00:07:32,2282.5,112da6f5092cf8637b150aeb5201d8f65e4c0b76,1328796,autoland,LastVisualChange,True,amazon-search LastVisualChange opt cold webrender,,77,ms,geckoview,False,|c|o|l|d| |w|e|b|r|e|n|d|e|r|,,4361205,13,8bad20cfa5c21f9f330712163e9ddf6ea850f908,102210fe594ee9b33d82058545b1ed14f4c8206e,android-hw-a51-11-0-aarch64-shippable-qr,amazon-search,True,40219.0,1328796.0,1328795.0,2023-11-10T18:23:56.104627,2023-11-13T10:32:41.432533,2023-11-15T18:23:56.104627,autoland,13.0,183790.0,4.0,13.0,8bad20cfa5c21f9f330712163e9ddf6ea850f908,android-hw-a51-11-0-aarch64-shippable-qr,LastVisualChange,amazon-search,True,False,102210fe594ee9b33d82058545b1ed14f4c8206e,"cold, webrender","cold, webrender",ms,,,,,,,,,False,2395.05,2292.38,7.94,-102.68,4.29,40219.0,,False,mozilla-ldap/afinder@mozilla.com,False,afinder@mozilla.com,"('[{""perf_datum_id"": 1791904030, ""value"": 2318.1, ""job_id"": 435809042, ""push_id"": 1328782, ""push_timestamp"": ""2023-11-07T23:19:19"", ""push__revision"": ""35d9f03fd8592d645fd69838893cb8c471f14a95""}, {""perf_datum_id"": 1791850142, ""value"": 2356.1, ""job_id"": 435796304, ""push_id"": 1328795, ""push_timestamp"": ""2023-11-08T00:06:38"", ""push__revision"": ""4440db50fd5993db3634ed655b3ad20ca8237c0d""}, {""perf_datum_id"": 1791803796, ""value"": 2282.5, ""job_id"": 435796283, ""push_id"": 1328796, ""push_timestamp"": ""2023-11-08T00:07:32"", ""push__revision"": ""112da6f5092cf8637b150aeb5201d8f65e4c0b76""}, {""perf_datum_id"": 1791804859, ""value"": 2239.3, ""job_id"": 435796289, ""push_id"": 1328799, ""push_timestamp"": ""2023-11-08T00:08:36"", ""push__revision"": ""e6241b851988554a737c26cbe77c6da2db16f7d8""}, {""perf_datum_id"": 1791861589, ""value"": 2312.1, ""job_id"": 435796346, ""push_id"": 1328802, ""push_timestamp"": ""2023-11-08T00:09:38"", ""push__revision"": ""aa168a721ae9a7de0629b9708b55762a53a5835a""}]',)","(1,)","(0,)","(0,)","(0,)","(0,)",OK,|183763|183767|183768|183743|183756|183765|183766|183775|183784|183757|,TP,1663700.0,2023-11-17T18:23:56.104627,2023-11-15T13:56:48.714306,1.0,,1699402052.0,4440db50fd5993db3634ed655b3ad20ca8237c0d,mozilla-ldap/afinder@mozilla.com,afinder@mozilla.com,improvement
,1793128556,2023-11-08 00:07:32,2314.2,112da6f5092cf8637b150aeb5201d8f65e4c0b76,1328796,autoland,LastVisualChange,True,amazon-search LastVisualChange opt cold webrender,,77,ms,geckoview,False,|c|o|l|d| |w|e|b|r|e|n|d|e|r|,,4361205,13,8bad20cfa5c21f9f330712163e9ddf6ea850f908,102210fe594ee9b33d82058545b1ed14f4c8206e,android-hw-a51-11-0-aarch64-shippable-qr,amazon-search,True,40219.0,1328796.0,1328795.0,2023-11-10T18:23:56.104627,2023-11-13T10:32:41.432533,2023-11-15T18:23:56.104627,autoland,13.0,183790.0,4.0,13.0,8bad20cfa5c21f9f330712163e9ddf6ea850f908,android-hw-a51-11-0-aarch64-shippable-qr,LastVisualChange,amazon-search,True,False,102210fe594ee9b33d82058545b1ed14f4c8206e,"cold, webrender","cold, webrender",ms,,,,,,,,,False,2395.05,2292.38,7.94,-102.68,4.29,40219.0,,False,mozilla-ldap/afinder@mozilla.com,False,afinder@mozilla.com,"('[{""perf_datum_id"": 1791904030, ""value"": 2318.1, ""job_id"": 435809042, ""push_id"": 1328782, ""push_timestamp"": ""2023-11-07T23:19:19"", ""push__revision"": ""35d9f03fd8592d645fd69838893cb8c471f14a95""}, {""perf_datum_id"": 1791850142, ""value"": 2356.1, ""job_id"": 435796304, ""push_id"": 1328795, ""push_timestamp"": ""2023-11-08T00:06:38"", ""push__revision"": ""4440db50fd5993db3634ed655b3ad20ca8237c0d""}, {""perf_datum_id"": 1791803796, ""value"": 2282.5, ""job_id"": 435796283, ""push_id"": 1328796, ""push_timestamp"": ""2023-11-08T00:07:32"", ""push__revision"": ""112da6f5092cf8637b150aeb5201d8f65e4c0b76""}, {""perf_datum_id"": 1791804859, ""value"": 2239.3, ""job_id"": 435796289, ""push_id"": 1328799, ""push_timestamp"": ""2023-11-08T00:08:36"", ""push__revision"": ""e6241b851988554a737c26cbe77c6da2db16f7d8""}, {""perf_datum_id"": 1791861589, ""value"": 2312.1, ""job_id"": 435796346, ""push_id"": 1328802, ""push_timestamp"": ""2023-11-08T00:09:38"", ""push__revision"": ""aa168a721ae9a7de0629b9708b55762a53a5835a""}]',)","(1,)","(0,)","(0,)","(0,)","(0,)",OK,|183763|183767|183768|183743|183756|183765|183766|183775|183784|183757|,TP,1663700.0,2023-11-17T18:23:56.104627,2023-11-15T13:56:48.714306,1.0,,1699402052.0,4440db50fd5993db3634ed655b3ad20ca8237c0d,mozilla-ldap/afinder@mozilla.com,afinder@mozilla.com,improvement
,1793129033,2023-11-08 00:07:32,2285.2,112da6f5092cf8637b150aeb5201d8f65e4c0b76,1328796,autoland,LastVisualChange,True,amazon-search LastVisualChange opt cold webrender,,77,ms,geckoview,False,|c|o|l|d| |w|e|b|r|e|n|d|e|r|,,4361205,13,8bad20cfa5c21f9f330712163e9ddf6ea850f908,102210fe594ee9b33d82058545b1ed14f4c8206e,android-hw-a51-11-0-aarch64-shippable-qr,amazon-search,True,40219.0,1328796.0,1328795.0,2023-11-10T18:23:56.104627,2023-11-13T10:32:41.432533,2023-11-15T18:23:56.104627,autoland,13.0,183790.0,4.0,13.0,8bad20cfa5c21f9f330712163e9ddf6ea850f908,android-hw-a51-11-0-aarch64-shippable-qr,LastVisualChange,amazon-search,True,False,102210fe594ee9b33d82058545b1ed14f4c8206e,"cold, webrender","cold, webrender",ms,,,,,,,,,False,2395.05,2292.38,7.94,-102.68,4.29,40219.0,,False,mozilla-ldap/afinder@mozilla.com,False,afinder@mozilla.com,"('[{""perf_datum_id"": 1791904030, ""value"": 2318.1, ""job_id"": 435809042, ""push_id"": 1328782, ""push_timestamp"": ""2023-11-07T23:19:19"", ""push__revision"": ""35d9f03fd8592d645fd69838893cb8c471f14a95""}, {""perf_datum_id"": 1791850142, ""value"": 2356.1, ""job_id"": 435796304, ""push_id"": 1328795, ""push_timestamp"": ""2023-11-08T00:06:38"", ""push__revision"": ""4440db50fd5993db3634ed655b3ad20ca8237c0d""}, {""perf_datum_id"": 1791803796, ""value"": 2282.5, ""job_id"": 435796283, ""push_id"": 1328796, ""push_timestamp"": ""2023-11-08T00:07:32"", ""push__revision"": ""112da6f5092cf8637b150aeb5201d8f65e4c0b76""}, {""perf_datum_id"": 1791804859, ""value"": 2239.3, ""job_id"": 435796289, ""push_id"": 1328799, ""push_timestamp"": ""2023-11-08T00:08:36"", ""push__revision"": ""e6241b851988554a737c26cbe77c6da2db16f7d8""}, {""perf_datum_id"": 1791861589, ""value"": 2312.1, ""job_id"": 435796346, ""push_id"": 1328802, ""push_timestamp"": ""2023-11-08T00:09:38"", ""push__revision"": ""aa168a721ae9a7de0629b9708b55762a53a5835a""}]',)","(1,)","(0,)","(0,)","(0,)","(0,)",OK,|183763|183767|183768|183743|183756|183765|183766|183775|183784|183757|,TP,1663700.0,2023-11-17T18:23:56.104627,2023-11-15T13:56:48.714306,1.0,,1699402052.0,4440db50fd5993db3634ed655b3ad20ca8237c0d,mozilla-ldap/afinder@mozilla.com,afinder@mozilla.com,improvement
,1793131010,2023-11-08 00:07:32,2319.0,112da6f5092cf8637b150aeb5201d8f65e4c0b76,1328796,autoland,LastVisualChange,True,amazon-search LastVisualChange opt cold webrender,,77,ms,geckoview,False,|c|o|l|d| |w|e|b|r|e|n|d|e|r|,,4361205,13,8bad20cfa5c21f9f330712163e9ddf6ea850f908,102210fe594ee9b33d82058545b1ed14f4c8206e,android-hw-a51-11-0-aarch64-shippable-qr,amazon-search,True,40219.0,1328796.0,1328795.0,2023-11-10T18:23:56.104627,2023-11-13T10:32:41.432533,2023-11-15T18:23:56.104627,autoland,13.0,183790.0,4.0,13.0,8bad20cfa5c21f9f330712163e9ddf6ea850f908,android-hw-a51-11-0-aarch64-shippable-qr,LastVisualChange,amazon-search,True,False,102210fe594ee9b33d82058545b1ed14f4c8206e,"cold, webrender","cold, webrender",ms,,,,,,,,,False,2395.05,2292.38,7.94,-102.68,4.29,40219.0,,False,mozilla-ldap/afinder@mozilla.com,False,afinder@mozilla.com,"('[{""perf_datum_id"": 1791904030, ""value"": 2318.1, ""job_id"": 435809042, ""push_id"": 1328782, ""push_timestamp"": ""2023-11-07T23:19:19"", ""push__revision"": ""35d9f03fd8592d645fd69838893cb8c471f14a95""}, {""perf_datum_id"": 1791850142, ""value"": 2356.1, ""job_id"": 435796304, ""push_id"": 1328795, ""push_timestamp"": ""2023-11-08T00:06:38"", ""push__revision"": ""4440db50fd5993db3634ed655b3ad20ca8237c0d""}, {""perf_datum_id"": 1791803796, ""value"": 2282.5, ""job_id"": 435796283, ""push_id"": 1328796, ""push_timestamp"": ""2023-11-08T00:07:32"", ""push__revision"": ""112da6f5092cf8637b150aeb5201d8f65e4c0b76""}, {""perf_datum_id"": 1791804859, ""value"": 2239.3, ""job_id"": 435796289, ""push_id"": 1328799, ""push_timestamp"": ""2023-11-08T00:08:36"", ""push__revision"": ""e6241b851988554a737c26cbe77c6da2db16f7d8""}, {""perf_datum_id"": 1791861589, ""value"": 2312.1, ""job_id"": 435796346, ""push_id"": 1328802, ""push_timestamp"": ""2023-11-08T00:09:38"", ""push__revision"": ""aa168a721ae9a7de0629b9708b55762a53a5835a""}]',)","(1,)","(0,)","(0,)","(0,)","(0,)",OK,|183763|183767|183768|183743|183756|183765|183766|183775|183784|183757|,TP,1663700.0,2023-11-17T18:23:56.104627,2023-11-15T13:56:48.714306,1.0,,1699402052.0,4440db50fd5993db3634ed655b3ad20ca8237c0d,mozilla-ldap/afinder@mozilla.com,afinder@mozilla.com,improvement
,1793153724,2023-11-08 00:07:32,2265.7,112da6f5092cf8637b150aeb5201d8f65e4c0b76,1328796,autoland,LastVisualChange,True,amazon-search LastVisualChange opt cold webrender,,77,ms,geckoview,False,|c|o|l|d| |w|e|b|r|e|n|d|e|r|,,4361205,13,8bad20cfa5c21f9f330712163e9ddf6ea850f908,102210fe594ee9b33d82058545b1ed14f4c8206e,android-hw-a51-11-0-aarch64-shippable-qr,amazon-search,True,40219.0,1328796.0,1328795.0,2023-11-10T18:23:56.104627,2023-11-13T10:32:41.432533,2023-11-15T18:23:56.104627,autoland,13.0,183790.0,4.0,13.0,8bad20cfa5c21f9f330712163e9ddf6ea850f908,android-hw-a51-11-0-aarch64-shippable-qr,LastVisualChange,amazon-search,True,False,102210fe594ee9b33d82058545b1ed14f4c8206e,"cold, webrender","cold, webrender",ms,,,,,,,,,False,2395.05,2292.38,7.94,-102.68,4.29,40219.0,,False,mozilla-ldap/afinder@mozilla.com,False,afinder@mozilla.com,"('[{""perf_datum_id"": 1791904030, ""value"": 2318.1, ""job_id"": 435809042, ""push_id"": 1328782, ""push_timestamp"": ""2023-11-07T23:19:19"", ""push__revision"": ""35d9f03fd8592d645fd69838893cb8c471f14a95""}, {""perf_datum_id"": 1791850142, ""value"": 2356.1, ""job_id"": 435796304, ""push_id"": 1328795, ""push_timestamp"": ""2023-11-08T00:06:38"", ""push__revision"": ""4440db50fd5993db3634ed655b3ad20ca8237c0d""}, {""perf_datum_id"": 1791803796, ""value"": 2282.5, ""job_id"": 435796283, ""push_id"": 1328796, ""push_timestamp"": ""2023-11-08T00:07:32"", ""push__revision"": ""112da6f5092cf8637b150aeb5201d8f65e4c0b76""}, {""perf_datum_id"": 1791804859, ""value"": 2239.3, ""job_id"": 435796289, ""push_id"": 1328799, ""push_timestamp"": ""2023-11-08T00:08:36"", ""push__revision"": ""e6241b851988554a737c26cbe77c6da2db16f7d8""}, {""perf_datum_id"": 1791861589, ""value"": 2312.1, ""job_id"": 435796346, ""push_id"": 1328802, ""push_timestamp"": ""2023-11-08T00:09:38"", ""push__revision"": ""aa168a721ae9a7de0629b9708b55762a53a5835a""}]',)","(1,)","(0,)","(0,)","(0,)","(0,)",OK,|183763|183767|183768|183743|183756|183765|183766|183775|183784|183757|,TP,1663700.0,2023-11-17T18:23:56.104627,2023-11-15T13:56:48.714306,1.0,,1699402052.0,4440db50fd5993db3634ed655b3ad20ca8237c0d,mozilla-ldap/afinder@mozilla.com,afinder@mozilla.com,improvement
,1791804859,2023-11-08 00:08:36,2239.3,e6241b851988554a737c26cbe77c6da2db16f7d8,1328799,autoland,LastVisualChange,True,amazon-search LastVisualChange opt cold webrender,,77,ms,geckoview,False,|c|o|l|d| |w|e|b|r|e|n|d|e|r|,,4361205,13,8bad20cfa5c21f9f330712163e9ddf6ea850f908,102210fe594ee9b33d82058545b1ed14f4c8206e,android-hw-a51-11-0-aarch64-shippable-qr,amazon-search,True,,,,,,,,,,,,,,,,,,,,,,,,,,,,,,,,,,,,,,,,,,,,,,,,,,TN,,,,,,,,,,
,1793144665,2023-11-08 00:08:36,2244.1,e6241b851988554a737c26cbe77c6da2db16f7d8,1328799,autoland,LastVisualChange,True,amazon-search LastVisualChange opt cold webrender,,77,ms,geckoview,False,|c|o|l|d| |w|e|b|r|e|n|d|e|r|,,4361205,13,8bad20cfa5c21f9f330712163e9ddf6ea850f908,102210fe594ee9b33d82058545b1ed14f4c8206e,android-hw-a51-11-0-aarch64-shippable-qr,amazon-search,True,,,,,,,,,,,,,,,,,,,,,,,,,,,,,,,,,,,,,,,,,,,,,,,,,,TN,,,,,,,,,,
,1793144557,2023-11-08 00:08:36,2338.8,e6241b851988554a737c26cbe77c6da2db16f7d8,1328799,autoland,LastVisualChange,True,amazon-search LastVisualChange opt cold webrender,,77,ms,geckoview,False,|c|o|l|d| |w|e|b|r|e|n|d|e|r|,,4361205,13,8bad20cfa5c21f9f330712163e9ddf6ea850f908,102210fe594ee9b33d82058545b1ed14f4c8206e,android-hw-a51-11-0-aarch64-shippable-qr,amazon-search,True,,,,,,,,,,,,,,,,,,,,,,,,,,,,,,,,,,,,,,,,,,,,,,,,,,TN,,,,,,,,,,
,1793144869,2023-11-08 00:08:36,2238.8,e6241b851988554a737c26cbe77c6da2db16f7d8,1328799,autoland,LastVisualChange,True,amazon-search LastVisualChange opt cold webrender,,77,ms,geckoview,False,|c|o|l|d| |w|e|b|r|e|n|d|e|r|,,4361205,13,8bad20cfa5c21f9f330712163e9ddf6ea850f908,102210fe594ee9b33d82058545b1ed14f4c8206e,android-hw-a51-11-0-aarch64-shippable-qr,amazon-search,True,,,,,,,,,,,,,,,,,,,,,,,,,,,,,,,,,,,,,,,,,,,,,,,,,,TN,,,,,,,,,,
,1791861589,2023-11-08 00:09:38,2312.1,aa168a721ae9a7de0629b9708b55762a53a5835a,1328802,autoland,LastVisualChange,True,amazon-search LastVisualChange opt cold webrender,,77,ms,geckoview,False,|c|o|l|d| |w|e|b|r|e|n|d|e|r|,,4361205,13,8bad20cfa5c21f9f330712163e9ddf6ea850f908,102210fe594ee9b33d82058545b1ed14f4c8206e,android-hw-a51-11-0-aarch64-shippable-qr,amazon-search,True,,,,,,,,,,,,,,,,,,,,,,,,,,,,,,,,,,,,,,,,,,,,,,,,,,TN,,,,,,,,,,
,1793151156,2023-11-08 00:09:38,2275.1,aa168a721ae9a7de0629b9708b55762a53a5835a,1328802,autoland,LastVisualChange,True,amazon-search LastVisualChange opt cold webrender,,77,ms,geckoview,False,|c|o|l|d| |w|e|b|r|e|n|d|e|r|,,4361205,13,8bad20cfa5c21f9f330712163e9ddf6ea850f908,102210fe594ee9b33d82058545b1ed14f4c8206e,android-hw-a51-11-0-aarch64-shippable-qr,amazon-search,True,,,,,,,,,,,,,,,,,,,,,,,,,,,,,,,,,,,,,,,,,,,,,,,,,,TN,,,,,,,,,,
,1793151116,2023-11-08 00:09:38,2299.3,aa168a721ae9a7de0629b9708b55762a53a5835a,1328802,autoland,LastVisualChange,True,amazon-search LastVisualChange opt cold webrender,,77,ms,geckoview,False,|c|o|l|d| |w|e|b|r|e|n|d|e|r|,,4361205,13,8bad20cfa5c21f9f330712163e9ddf6ea850f908,102210fe594ee9b33d82058545b1ed14f4c8206e,android-hw-a51-11-0-aarch64-shippable-qr,amazon-search,True,,,,,,,,,,,,,,,,,,,,,,,,,,,,,,,,,,,,,,,,,,,,,,,,,,TN,,,,,,,,,,
,1793151624,2023-11-08 00:09:38,2273.0,aa168a721ae9a7de0629b9708b55762a53a5835a,1328802,autoland,LastVisualChange,True,amazon-search LastVisualChange opt cold webrender,,77,ms,geckoview,False,|c|o|l|d| |w|e|b|r|e|n|d|e|r|,,4361205,13,8bad20cfa5c21f9f330712163e9ddf6ea850f908,102210fe594ee9b33d82058545b1ed14f4c8206e,android-hw-a51-11-0-aarch64-shippable-qr,amazon-search,True,,,,,,,,,,,,,,,,,,,,,,,,,,,,,,,,,,,,,,,,,,,,,,,,,,TN,,,,,,,,,,
,1791861153,2023-11-08 00:10:31,2306.3,bf0c12a3c9849d9076678237eb16ad1452df16bd,1328803,autoland,LastVisualChange,True,amazon-search LastVisualChange opt cold webrender,,77,ms,geckoview,False,|c|o|l|d| |w|e|b|r|e|n|d|e|r|,,4361205,13,8bad20cfa5c21f9f330712163e9ddf6ea850f908,102210fe594ee9b33d82058545b1ed14f4c8206e,android-hw-a51-11-0-aarch64-shippable-qr,amazon-search,True,,,,,,,,,,,,,,,,,,,,,,,,,,,,,,,,,,,,,,,,,,,,,,,,,,TN,,,,,,,,,,
,1793127930,2023-11-08 00:10:31,2270.8,bf0c12a3c9849d9076678237eb16ad1452df16bd,1328803,autoland,LastVisualChange,True,amazon-search LastVisualChange opt cold webrender,,77,ms,geckoview,False,|c|o|l|d| |w|e|b|r|e|n|d|e|r|,,4361205,13,8bad20cfa5c21f9f330712163e9ddf6ea850f908,102210fe594ee9b33d82058545b1ed14f4c8206e,android-hw-a51-11-0-aarch64-shippable-qr,amazon-search,True,,,,,,,,,,,,,,,,,,,,,,,,,,,,,,,,,,,,,,,,,,,,,,,,,,TN,,,,,,,,,,
,1793128094,2023-11-08 00:10:31,2242.9,bf0c12a3c9849d9076678237eb16ad1452df16bd,1328803,autoland,LastVisualChange,True,amazon-search LastVisualChange opt cold webrender,,77,ms,geckoview,False,|c|o|l|d| |w|e|b|r|e|n|d|e|r|,,4361205,13,8bad20cfa5c21f9f330712163e9ddf6ea850f908,102210fe594ee9b33d82058545b1ed14f4c8206e,android-hw-a51-11-0-aarch64-shippable-qr,amazon-search,True,,,,,,,,,,,,,,,,,,,,,,,,,,,,,,,,,,,,,,,,,,,,,,,,,,TN,,,,,,,,,,
,1793129149,2023-11-08 00:10:31,2286.1,bf0c12a3c9849d9076678237eb16ad1452df16bd,1328803,autoland,LastVisualChange,True,amazon-search LastVisualChange opt cold webrender,,77,ms,geckoview,False,|c|o|l|d| |w|e|b|r|e|n|d|e|r|,,4361205,13,8bad20cfa5c21f9f330712163e9ddf6ea850f908,102210fe594ee9b33d82058545b1ed14f4c8206e,android-hw-a51-11-0-aarch64-shippable-qr,amazon-search,True,,,,,,,,,,,,,,,,,,,,,,,,,,,,,,,,,,,,,,,,,,,,,,,,,,TN,,,,,,,,,,
,1793396752,2023-11-08 00:10:31,2330.0,bf0c12a3c9849d9076678237eb16ad1452df16bd,1328803,autoland,LastVisualChange,True,amazon-search LastVisualChange opt cold webrender,,77,ms,geckoview,False,|c|o|l|d| |w|e|b|r|e|n|d|e|r|,,4361205,13,8bad20cfa5c21f9f330712163e9ddf6ea850f908,102210fe594ee9b33d82058545b1ed14f4c8206e,android-hw-a51-11-0-aarch64-shippable-qr,amazon-search,True,,,,,,,,,,,,,,,,,,,,,,,,,,,,,,,,,,,,,,,,,,,,,,,,,,TN,,,,,,,,,,
,1791856200,2023-11-08 00:11:37,2340.0,36cd4787833aa50ad51341da086befe9ab591119,1328804,autoland,LastVisualChange,True,amazon-search LastVisualChange opt cold webrender,,77,ms,geckoview,False,|c|o|l|d| |w|e|b|r|e|n|d|e|r|,,4361205,13,8bad20cfa5c21f9f330712163e9ddf6ea850f908,102210fe594ee9b33d82058545b1ed14f4c8206e,android-hw-a51-11-0-aarch64-shippable-qr,amazon-search,True,,,,,,,,,,,,,,,,,,,,,,,,,,,,,,,,,,,,,,,,,,,,,,,,,,TN,,,,,,,,,,
,1793127979,2023-11-08 00:11:37,2228.7,36cd4787833aa50ad51341da086befe9ab591119,1328804,autoland,LastVisualChange,True,amazon-search LastVisualChange opt cold webrender,,77,ms,geckoview,False,|c|o|l|d| |w|e|b|r|e|n|d|e|r|,,4361205,13,8bad20cfa5c21f9f330712163e9ddf6ea850f908,102210fe594ee9b33d82058545b1ed14f4c8206e,android-hw-a51-11-0-aarch64-shippable-qr,amazon-search,True,,,,,,,,,,,,,,,,,,,,,,,,,,,,,,,,,,,,,,,,,,,,,,,,,,TN,,,,,,,,,,
,1793130234,2023-11-08 00:11:37,2436.7,36cd4787833aa50ad51341da086befe9ab591119,1328804,autoland,LastVisualChange,True,amazon-search LastVisualChange opt cold webrender,,77,ms,geckoview,False,|c|o|l|d| |w|e|b|r|e|n|d|e|r|,,4361205,13,8bad20cfa5c21f9f330712163e9ddf6ea850f908,102210fe594ee9b33d82058545b1ed14f4c8206e,android-hw-a51-11-0-aarch64-shippable-qr,amazon-search,True,,,,,,,,,,,,,,,,,,,,,,,,,,,,,,,,,,,,,,,,,,,,,,,,,,TN,,,,,,,,,,
,1793130263,2023-11-08 00:11:37,2384.5,36cd4787833aa50ad51341da086befe9ab591119,1328804,autoland,LastVisualChange,True,amazon-search LastVisualChange opt cold webrender,,77,ms,geckoview,False,|c|o|l|d| |w|e|b|r|e|n|d|e|r|,,4361205,13,8bad20cfa5c21f9f330712163e9ddf6ea850f908,102210fe594ee9b33d82058545b1ed14f4c8206e,android-hw-a51-11-0-aarch64-shippable-qr,amazon-search,True,,,,,,,,,,,,,,,,,,,,,,,,,,,,,,,,,,,,,,,,,,,,,,,,,,TN,,,,,,,,,,
,1791861500,2023-11-08 00:12:30,2296.0,1890dc05cf58b0ccdde80fa349092ef1f058a269,1328805,autoland,LastVisualChange,True,amazon-search LastVisualChange opt cold webrender,,77,ms,geckoview,False,|c|o|l|d| |w|e|b|r|e|n|d|e|r|,,4361205,13,8bad20cfa5c21f9f330712163e9ddf6ea850f908,102210fe594ee9b33d82058545b1ed14f4c8206e,android-hw-a51-11-0-aarch64-shippable-qr,amazon-search,True,,,,,,,,,,,,,,,,,,,,,,,,,,,,,,,,,,,,,,,,,,,,,,,,,,TN,,,,,,,,,,
,1793129078,2023-11-08 00:12:30,2269.2,1890dc05cf58b0ccdde80fa349092ef1f058a269,1328805,autoland,LastVisualChange,True,amazon-search LastVisualChange opt cold webrender,,77,ms,geckoview,False,|c|o|l|d| |w|e|b|r|e|n|d|e|r|,,4361205,13,8bad20cfa5c21f9f330712163e9ddf6ea850f908,102210fe594ee9b33d82058545b1ed14f4c8206e,android-hw-a51-11-0-aarch64-shippable-qr,amazon-search,True,,,,,,,,,,,,,,,,,,,,,,,,,,,,,,,,,,,,,,,,,,,,,,,,,,TN,,,,,,,,,,
,1793130507,2023-11-08 00:12:30,2344.1,1890dc05cf58b0ccdde80fa349092ef1f058a269,1328805,autoland,LastVisualChange,True,amazon-search LastVisualChange opt cold webrender,,77,ms,geckoview,False,|c|o|l|d| |w|e|b|r|e|n|d|e|r|,,4361205,13,8bad20cfa5c21f9f330712163e9ddf6ea850f908,102210fe594ee9b33d82058545b1ed14f4c8206e,android-hw-a51-11-0-aarch64-shippable-qr,amazon-search,True,,,,,,,,,,,,,,,,,,,,,,,,,,,,,,,,,,,,,,,,,,,,,,,,,,TN,,,,,,,,,,
,1793129937,2023-11-08 00:12:30,2273.6,1890dc05cf58b0ccdde80fa349092ef1f058a269,1328805,autoland,LastVisualChange,True,amazon-search LastVisualChange opt cold webrender,,77,ms,geckoview,False,|c|o|l|d| |w|e|b|r|e|n|d|e|r|,,4361205,13,8bad20cfa5c21f9f330712163e9ddf6ea850f908,102210fe594ee9b33d82058545b1ed14f4c8206e,android-hw-a51-11-0-aarch64-shippable-qr,amazon-search,True,,,,,,,,,,,,,,,,,,,,,,,,,,,,,,,,,,,,,,,,,,,,,,,,,,TN,,,,,,,,,,
,1791861722,2023-11-08 00:13:26,2286.7,9b10b5dc0623bfadbc8a515f465f42d07ec6765d,1328808,autoland,LastVisualChange,True,amazon-search LastVisualChange opt cold webrender,,77,ms,geckoview,False,|c|o|l|d| |w|e|b|r|e|n|d|e|r|,,4361205,13,8bad20cfa5c21f9f330712163e9ddf6ea850f908,102210fe594ee9b33d82058545b1ed14f4c8206e,android-hw-a51-11-0-aarch64-shippable-qr,amazon-search,True,,,,,,,,,,,,,,,,,,,,,,,,,,,,,,,,,,,,,,,,,,,,,,,,,,TN,,,,,,,,,,
,1793149293,2023-11-08 00:13:26,2304.2,9b10b5dc0623bfadbc8a515f465f42d07ec6765d,1328808,autoland,LastVisualChange,True,amazon-search LastVisualChange opt cold webrender,,77,ms,geckoview,False,|c|o|l|d| |w|e|b|r|e|n|d|e|r|,,4361205,13,8bad20cfa5c21f9f330712163e9ddf6ea850f908,102210fe594ee9b33d82058545b1ed14f4c8206e,android-hw-a51-11-0-aarch64-shippable-qr,amazon-search,True,,,,,,,,,,,,,,,,,,,,,,,,,,,,,,,,,,,,,,,,,,,,,,,,,,TN,,,,,,,,,,
,1793149636,2023-11-08 00:13:26,2266.6,9b10b5dc0623bfadbc8a515f465f42d07ec6765d,1328808,autoland,LastVisualChange,True,amazon-search LastVisualChange opt cold webrender,,77,ms,geckoview,False,|c|o|l|d| |w|e|b|r|e|n|d|e|r|,,4361205,13,8bad20cfa5c21f9f330712163e9ddf6ea850f908,102210fe594ee9b33d82058545b1ed14f4c8206e,android-hw-a51-11-0-aarch64-shippable-qr,amazon-search,True,,,,,,,,,,,,,,,,,,,,,,,,,,,,,,,,,,,,,,,,,,,,,,,,,,TN,,,,,,,,,,
,1793149893,2023-11-08 00:13:26,2268.0,9b10b5dc0623bfadbc8a515f465f42d07ec6765d,1328808,autoland,LastVisualChange,True,amazon-search LastVisualChange opt cold webrender,,77,ms,geckoview,False,|c|o|l|d| |w|e|b|r|e|n|d|e|r|,,4361205,13,8bad20cfa5c21f9f330712163e9ddf6ea850f908,102210fe594ee9b33d82058545b1ed14f4c8206e,android-hw-a51-11-0-aarch64-shippable-qr,amazon-search,True,,,,,,,,,,,,,,,,,,,,,,,,,,,,,,,,,,,,,,,,,,,,,,,,,,TN,,,,,,,,,,
,1791861664,2023-11-08 00:14:32,2290.4,caeb0650491098f96eabb5fd900aaf06e1f63761,1328810,autoland,LastVisualChange,True,amazon-search LastVisualChange opt cold webrender,,77,ms,geckoview,False,|c|o|l|d| |w|e|b|r|e|n|d|e|r|,,4361205,13,8bad20cfa5c21f9f330712163e9ddf6ea850f908,102210fe594ee9b33d82058545b1ed14f4c8206e,android-hw-a51-11-0-aarch64-shippable-qr,amazon-search,True,,,,,,,,,,,,,,,,,,,,,,,,,,,,,,,,,,,,,,,,,,,,,,,,,,TN,,,,,,,,,,
,1793141221,2023-11-08 00:14:32,2314.4,caeb0650491098f96eabb5fd900aaf06e1f63761,1328810,autoland,LastVisualChange,True,amazon-search LastVisualChange opt cold webrender,,77,ms,geckoview,False,|c|o|l|d| |w|e|b|r|e|n|d|e|r|,,4361205,13,8bad20cfa5c21f9f330712163e9ddf6ea850f908,102210fe594ee9b33d82058545b1ed14f4c8206e,android-hw-a51-11-0-aarch64-shippable-qr,amazon-search,True,,,,,,,,,,,,,,,,,,,,,,,,,,,,,,,,,,,,,,,,,,,,,,,,,,TN,,,,,,,,,,
,1793141149,2023-11-08 00:14:32,2297.8,caeb0650491098f96eabb5fd900aaf06e1f63761,1328810,autoland,LastVisualChange,True,amazon-search LastVisualChange opt cold webrender,,77,ms,geckoview,False,|c|o|l|d| |w|e|b|r|e|n|d|e|r|,,4361205,13,8bad20cfa5c21f9f330712163e9ddf6ea850f908,102210fe594ee9b33d82058545b1ed14f4c8206e,android-hw-a51-11-0-aarch64-shippable-qr,amazon-search,True,,,,,,,,,,,,,,,,,,,,,,,,,,,,,,,,,,,,,,,,,,,,,,,,,,TN,,,,,,,,,,
,1793141479,2023-11-08 00:14:32,2285.3,caeb0650491098f96eabb5fd900aaf06e1f63761,1328810,autoland,LastVisualChange,True,amazon-search LastVisualChange opt cold webrender,,77,ms,geckoview,False,|c|o|l|d| |w|e|b|r|e|n|d|e|r|,,4361205,13,8bad20cfa5c21f9f330712163e9ddf6ea850f908,102210fe594ee9b33d82058545b1ed14f4c8206e,android-hw-a51-11-0-aarch64-shippable-qr,amazon-search,True,,,,,,,,,,,,,,,,,,,,,,,,,,,,,,,,,,,,,,,,,,,,,,,,,,TN,,,,,,,,,,
,1789693964,2023-11-08 00:15:37,2288.7,54f6a0fa6c5ffe3ce0a5f981a4cdedc058256898,1328812,autoland,LastVisualChange,True,amazon-search LastVisualChange opt cold webrender,,77,ms,geckoview,False,|c|o|l|d| |w|e|b|r|e|n|d|e|r|,,4361205,13,8bad20cfa5c21f9f330712163e9ddf6ea850f908,102210fe594ee9b33d82058545b1ed14f4c8206e,android-hw-a51-11-0-aarch64-shippable-qr,amazon-search,True,,,,,,,,,,,,,,,,,,,,,,,,,,,,,,,,,,,,,,,,,,,,,,,,,,TN,,,,,,,,,,
,1794031770,2023-11-08 00:15:37,2280.4,54f6a0fa6c5ffe3ce0a5f981a4cdedc058256898,1328812,autoland,LastVisualChange,True,amazon-search LastVisualChange opt cold webrender,,77,ms,geckoview,False,|c|o|l|d| |w|e|b|r|e|n|d|e|r|,,4361205,13,8bad20cfa5c21f9f330712163e9ddf6ea850f908,102210fe594ee9b33d82058545b1ed14f4c8206e,android-hw-a51-11-0-aarch64-shippable-qr,amazon-search,True,,,,,,,,,,,,,,,,,,,,,,,,,,,,,,,,,,,,,,,,,,,,,,,,,,TN,,,,,,,,,,
,1794031670,2023-11-08 00:15:37,2274.3,54f6a0fa6c5ffe3ce0a5f981a4cdedc058256898,1328812,autoland,LastVisualChange,True,amazon-search LastVisualChange opt cold webrender,,77,ms,geckoview,False,|c|o|l|d| |w|e|b|r|e|n|d|e|r|,,4361205,13,8bad20cfa5c21f9f330712163e9ddf6ea850f908,102210fe594ee9b33d82058545b1ed14f4c8206e,android-hw-a51-11-0-aarch64-shippable-qr,amazon-search,True,,,,,,,,,,,,,,,,,,,,,,,,,,,,,,,,,,,,,,,,,,,,,,,,,,TN,,,,,,,,,,
,1794031594,2023-11-08 00:15:37,2344.2,54f6a0fa6c5ffe3ce0a5f981a4cdedc058256898,1328812,autoland,LastVisualChange,True,amazon-search LastVisualChange opt cold webrender,,77,ms,geckoview,False,|c|o|l|d| |w|e|b|r|e|n|d|e|r|,,4361205,13,8bad20cfa5c21f9f330712163e9ddf6ea850f908,102210fe594ee9b33d82058545b1ed14f4c8206e,android-hw-a51-11-0-aarch64-shippable-qr,amazon-search,True,,,,,,,,,,,,,,,,,,,,,,,,,,,,,,,,,,,,,,,,,,,,,,,,,,TN,,,,,,,,,,
,1794031742,2023-11-08 00:15:37,2360.7,54f6a0fa6c5ffe3ce0a5f981a4cdedc058256898,1328812,autoland,LastVisualChange,True,amazon-search LastVisualChange opt cold webrender,,77,ms,geckoview,False,|c|o|l|d| |w|e|b|r|e|n|d|e|r|,,4361205,13,8bad20cfa5c21f9f330712163e9ddf6ea850f908,102210fe594ee9b33d82058545b1ed14f4c8206e,android-hw-a51-11-0-aarch64-shippable-qr,amazon-search,True,,,,,,,,,,,,,,,,,,,,,,,,,,,,,,,,,,,,,,,,,,,,,,,,,,TN,,,,,,,,,,
,1789833108,2023-11-08 05:24:12,2277.9,68721f0d6aec0facf9c8f271ea2bb2719348014a,1328912,autoland,LastVisualChange,True,amazon-search LastVisualChange opt cold webrender,,77,ms,geckoview,False,|c|o|l|d| |w|e|b|r|e|n|d|e|r|,,4361205,13,8bad20cfa5c21f9f330712163e9ddf6ea850f908,102210fe594ee9b33d82058545b1ed14f4c8206e,android-hw-a51-11-0-aarch64-shippable-qr,amazon-search,True,,,,,,,,,,,,,,,,,,,,,,,,,,,,,,,,,,,,,,,,,,,,,,,,,,TN,,,,,,,,,,
,1790016201,2023-11-08 09:44:01,2285.6,578787894d0e996af4d743caf71b5501330fb2ab,1328973,autoland,LastVisualChange,True,amazon-search LastVisualChange opt cold webrender,,77,ms,geckoview,False,|c|o|l|d| |w|e|b|r|e|n|d|e|r|,,4361205,13,8bad20cfa5c21f9f330712163e9ddf6ea850f908,102210fe594ee9b33d82058545b1ed14f4c8206e,android-hw-a51-11-0-aarch64-shippable-qr,amazon-search,True,,,,,,,,,,,,,,,,,,,,,,,,,,,,,,,,,,,,,,,,,,,,,,,,,,TN,,,,,,,,,,
,1790037880,2023-11-08 09:46:58,2303.0,e65fca949600e3163fd1befd6423958e0bc70029,1328975,autoland,LastVisualChange,True,amazon-search LastVisualChange opt cold webrender,,77,ms,geckoview,False,|c|o|l|d| |w|e|b|r|e|n|d|e|r|,,4361205,13,8bad20cfa5c21f9f330712163e9ddf6ea850f908,102210fe594ee9b33d82058545b1ed14f4c8206e,android-hw-a51-11-0-aarch64-shippable-qr,amazon-search,True,,,,,,,,,,,,,,,,,,,,,,,,,,,,,,,,,,,,,,,,,,,,,,,,,,TN,,,,,,,,,,
,1790104418,2023-11-08 13:41:28,2436.7,ae536a17c1ffbb830141240a38f81e032b6645ea,1329115,autoland,LastVisualChange,True,amazon-search LastVisualChange opt cold webrender,,77,ms,geckoview,False,|c|o|l|d| |w|e|b|r|e|n|d|e|r|,,4361205,13,8bad20cfa5c21f9f330712163e9ddf6ea850f908,102210fe594ee9b33d82058545b1ed14f4c8206e,android-hw-a51-11-0-aarch64-shippable-qr,amazon-search,True,,,,,,,,,,,,,,,,,,,,,,,,,,,,,,,,,,,,,,,,,,,,,,,,,,TN,,,,,,,,,,
,1790193361,2023-11-08 17:45:21,2292.9,f1fb5f0afb5896b5c30e6a9b1439a9c4de4a3db2,1329261,autoland,LastVisualChange,True,amazon-search LastVisualChange opt cold webrender,,77,ms,geckoview,False,|c|o|l|d| |w|e|b|r|e|n|d|e|r|,,4361205,13,8bad20cfa5c21f9f330712163e9ddf6ea850f908,102210fe594ee9b33d82058545b1ed14f4c8206e,android-hw-a51-11-0-aarch64-shippable-qr,amazon-search,True,,,,,,,,,,,,,,,,,,,,,,,,,,,,,,,,,,,,,,,,,,,,,,,,,,TN,,,,,,,,,,
,1790427823,2023-11-08 23:10:55,2340.5,9b044e3ed5981e128922152098934a6691bfcd97,1329500,autoland,LastVisualChange,True,amazon-search LastVisualChange opt cold webrender,,77,ms,geckoview,False,|c|o|l|d| |w|e|b|r|e|n|d|e|r|,,4361205,13,8bad20cfa5c21f9f330712163e9ddf6ea850f908,102210fe594ee9b33d82058545b1ed14f4c8206e,android-hw-a51-11-0-aarch64-shippable-qr,amazon-search,True,,,,,,,,,,,,,,,,,,,,,,,,,,,,,,,,,,,,,,,,,,,,,,,,,,TN,,,,,,,,,,
,1790454613,2023-11-09 00:04:05,2358.7,fd3f50f4dce00592f4da8f972037ced4a0c9f5be,1329532,autoland,LastVisualChange,True,amazon-search LastVisualChange opt cold webrender,,77,ms,geckoview,False,|c|o|l|d| |w|e|b|r|e|n|d|e|r|,,4361205,13,8bad20cfa5c21f9f330712163e9ddf6ea850f908,102210fe594ee9b33d82058545b1ed14f4c8206e,android-hw-a51-11-0-aarch64-shippable-qr,amazon-search,True,,,,,,,,,,,,,,,,,,,,,,,,,,,,,,,,,,,,,,,,,,,,,,,,,,TN,,,,,,,,,,
,1793142494,2023-11-09 00:04:05,2254.6,fd3f50f4dce00592f4da8f972037ced4a0c9f5be,1329532,autoland,LastVisualChange,True,amazon-search LastVisualChange opt cold webrender,,77,ms,geckoview,False,|c|o|l|d| |w|e|b|r|e|n|d|e|r|,,4361205,13,8bad20cfa5c21f9f330712163e9ddf6ea850f908,102210fe594ee9b33d82058545b1ed14f4c8206e,android-hw-a51-11-0-aarch64-shippable-qr,amazon-search,True,,,,,,,,,,,,,,,,,,,,,,,,,,,,,,,,,,,,,,,,,,,,,,,,,,TN,,,,,,,,,,
,1793148703,2023-11-09 00:04:05,2290.4,fd3f50f4dce00592f4da8f972037ced4a0c9f5be,1329532,autoland,LastVisualChange,True,amazon-search LastVisualChange opt cold webrender,,77,ms,geckoview,False,|c|o|l|d| |w|e|b|r|e|n|d|e|r|,,4361205,13,8bad20cfa5c21f9f330712163e9ddf6ea850f908,102210fe594ee9b33d82058545b1ed14f4c8206e,android-hw-a51-11-0-aarch64-shippable-qr,amazon-search,True,,,,,,,,,,,,,,,,,,,,,,,,,,,,,,,,,,,,,,,,,,,,,,,,,,TN,,,,,,,,,,
,1793149790,2023-11-09 00:04:05,2279.1,fd3f50f4dce00592f4da8f972037ced4a0c9f5be,1329532,autoland,LastVisualChange,True,amazon-search LastVisualChange opt cold webrender,,77,ms,geckoview,False,|c|o|l|d| |w|e|b|r|e|n|d|e|r|,,4361205,13,8bad20cfa5c21f9f330712163e9ddf6ea850f908,102210fe594ee9b33d82058545b1ed14f4c8206e,android-hw-a51-11-0-aarch64-shippable-qr,amazon-search,True,,,,,,,,,,,,,,,,,,,,,,,,,,,,,,,,,,,,,,,,,,,,,,,,,,TN,,,,,,,,,,
,1793149816,2023-11-09 00:04:05,2228.8,fd3f50f4dce00592f4da8f972037ced4a0c9f5be,1329532,autoland,LastVisualChange,True,amazon-search LastVisualChange opt cold webrender,,77,ms,geckoview,False,|c|o|l|d| |w|e|b|r|e|n|d|e|r|,,4361205,13,8bad20cfa5c21f9f330712163e9ddf6ea850f908,102210fe594ee9b33d82058545b1ed14f4c8206e,android-hw-a51-11-0-aarch64-shippable-qr,amazon-search,True,,,,,,,,,,,,,,,,,,,,,,,,,,,,,,,,,,,,,,,,,,,,,,,,,,TN,,,,,,,,,,
,1793149987,2023-11-09 00:04:05,2301.3,fd3f50f4dce00592f4da8f972037ced4a0c9f5be,1329532,autoland,LastVisualChange,True,amazon-search LastVisualChange opt cold webrender,,77,ms,geckoview,False,|c|o|l|d| |w|e|b|r|e|n|d|e|r|,,4361205,13,8bad20cfa5c21f9f330712163e9ddf6ea850f908,102210fe594ee9b33d82058545b1ed14f4c8206e,android-hw-a51-11-0-aarch64-shippable-qr,amazon-search,True,,,,,,,,,,,,,,,,,,,,,,,,,,,,,,,,,,,,,,,,,,,,,,,,,,TN,,,,,,,,,,
,1793152503,2023-11-09 00:04:05,2315.4,fd3f50f4dce00592f4da8f972037ced4a0c9f5be,1329532,autoland,LastVisualChange,True,amazon-search LastVisualChange opt cold webrender,,77,ms,geckoview,False,|c|o|l|d| |w|e|b|r|e|n|d|e|r|,,4361205,13,8bad20cfa5c21f9f330712163e9ddf6ea850f908,102210fe594ee9b33d82058545b1ed14f4c8206e,android-hw-a51-11-0-aarch64-shippable-qr,amazon-search,True,,,,,,,,,,,,,,,,,,,,,,,,,,,,,,,,,,,,,,,,,,,,,,,,,,TN,,,,,,,,,,
,1793153887,2023-11-09 00:04:05,2267.4,fd3f50f4dce00592f4da8f972037ced4a0c9f5be,1329532,autoland,LastVisualChange,True,amazon-search LastVisualChange opt cold webrender,,77,ms,geckoview,False,|c|o|l|d| |w|e|b|r|e|n|d|e|r|,,4361205,13,8bad20cfa5c21f9f330712163e9ddf6ea850f908,102210fe594ee9b33d82058545b1ed14f4c8206e,android-hw-a51-11-0-aarch64-shippable-qr,amazon-search,True,,,,,,,,,,,,,,,,,,,,,,,,,,,,,,,,,,,,,,,,,,,,,,,,,,TN,,,,,,,,,,
,1790635698,2023-11-09 04:14:58,2223.8,975206b939dc6e4f823a1a29c703dd586e4157b9,1329628,autoland,LastVisualChange,True,amazon-search LastVisualChange opt cold webrender,,77,ms,geckoview,False,|c|o|l|d| |w|e|b|r|e|n|d|e|r|,,4361205,13,8bad20cfa5c21f9f330712163e9ddf6ea850f908,102210fe594ee9b33d82058545b1ed14f4c8206e,android-hw-a51-11-0-aarch64-shippable-qr,amazon-search,True,,,,,,,,,,,,,,,,,,,,,,,,,,,,,,,,,,,,,,,,,,,,,,,,,,TN,,,,,,,,,,
,1790741408,2023-11-09 08:18:01,2311.5,d0c4fdebcd36de1f0361cb29103afbf36e498521,1329688,autoland,LastVisualChange,True,amazon-search LastVisualChange opt cold webrender,,77,ms,geckoview,False,|c|o|l|d| |w|e|b|r|e|n|d|e|r|,,4361205,13,8bad20cfa5c21f9f330712163e9ddf6ea850f908,102210fe594ee9b33d82058545b1ed14f4c8206e,android-hw-a51-11-0-aarch64-shippable-qr,amazon-search,True,,,,,,,,,,,,,,,,,,,,,,,,,,,,,,,,,,,,,,,,,,,,,,,,,,TN,,,,,,,,,,
,1790766213,2023-11-09 08:32:31,2502.8,5392006086fa6f66b9c2f5919b8c65d04cf44936,1329693,autoland,LastVisualChange,True,amazon-search LastVisualChange opt cold webrender,,77,ms,geckoview,False,|c|o|l|d| |w|e|b|r|e|n|d|e|r|,,4361205,13,8bad20cfa5c21f9f330712163e9ddf6ea850f908,102210fe594ee9b33d82058545b1ed14f4c8206e,android-hw-a51-11-0-aarch64-shippable-qr,amazon-search,True,,,,,,,,,,,,,,,,,,,,,,,,,,,,,,,,,,,,,,,,,,,,,,,,,,TN,,,,,,,,,,
,1790942896,2023-11-09 12:39:55,2399.0,0d25aa82c9421a1a0e1d9bf224094a9feaa083c0,1329818,autoland,LastVisualChange,True,amazon-search LastVisualChange opt cold webrender,,77,ms,geckoview,False,|c|o|l|d| |w|e|b|r|e|n|d|e|r|,,4361205,13,8bad20cfa5c21f9f330712163e9ddf6ea850f908,102210fe594ee9b33d82058545b1ed14f4c8206e,android-hw-a51-11-0-aarch64-shippable-qr,amazon-search,True,,,,,,,,,,,,,,,,,,,,,,,,,,,,,,,,,,,,,,,,,,,,,,,,,,TN,,,,,,,,,,
,1790965616,2023-11-09 13:52:13,2334.2,af9d30c92582a30a1e7987079e780e59aa69ab7b,1329843,autoland,LastVisualChange,True,amazon-search LastVisualChange opt cold webrender,,77,ms,geckoview,False,|c|o|l|d| |w|e|b|r|e|n|d|e|r|,,4361205,13,8bad20cfa5c21f9f330712163e9ddf6ea850f908,102210fe594ee9b33d82058545b1ed14f4c8206e,android-hw-a51-11-0-aarch64-shippable-qr,amazon-search,True,,,,,,,,,,,,,,,,,,,,,,,,,,,,,,,,,,,,,,,,,,,,,,,,,,TN,,,,,,,,,,
,1791120564,2023-11-09 18:06:54,2354.2,1eda7f37f458e81d7c275eb0a3e1959cdfdb5053,1329987,autoland,LastVisualChange,True,amazon-search LastVisualChange opt cold webrender,,77,ms,geckoview,False,|c|o|l|d| |w|e|b|r|e|n|d|e|r|,,4361205,13,8bad20cfa5c21f9f330712163e9ddf6ea850f908,102210fe594ee9b33d82058545b1ed14f4c8206e,android-hw-a51-11-0-aarch64-shippable-qr,amazon-search,True,,,,,,,,,,,,,,,,,,,,,,,,,,,,,,,,,,,,,,,,,,,,,,,,,,TN,,,,,,,,,,
,1791159219,2023-11-09 18:57:17,2380.8,938e6fc607623834483a5ab95019520814f10ee8,1330029,autoland,LastVisualChange,True,amazon-search LastVisualChange opt cold webrender,,77,ms,geckoview,False,|c|o|l|d| |w|e|b|r|e|n|d|e|r|,,4361205,13,8bad20cfa5c21f9f330712163e9ddf6ea850f908,102210fe594ee9b33d82058545b1ed14f4c8206e,android-hw-a51-11-0-aarch64-shippable-qr,amazon-search,True,,,,,,,,,,,,,,,,,,,,,,,,,,,,,,,,,,,,,,,,,,,,,,,,,,TN,,,,,,,,,,
,1791331670,2023-11-09 23:53:27,2460.2,d3aff5d6c69730c6f26eb54b7e24fdd203480069,1330185,autoland,LastVisualChange,True,amazon-search LastVisualChange opt cold webrender,,77,ms,geckoview,False,|c|o|l|d| |w|e|b|r|e|n|d|e|r|,,4361205,13,8bad20cfa5c21f9f330712163e9ddf6ea850f908,102210fe594ee9b33d82058545b1ed14f4c8206e,android-hw-a51-11-0-aarch64-shippable-qr,amazon-search,True,,,,,,,,,,,,,,,,,,,,,,,,,,,,,,,,,,,,,,,,,,,,,,,,,,TN,,,,,,,,,,
,1791370650,2023-11-10 00:18:00,2304.6,543c915fc8c6775cd665ad6ebe58df0f46e9198c,1330200,autoland,LastVisualChange,True,amazon-search LastVisualChange opt cold webrender,,77,ms,geckoview,False,|c|o|l|d| |w|e|b|r|e|n|d|e|r|,,4361205,13,8bad20cfa5c21f9f330712163e9ddf6ea850f908,102210fe594ee9b33d82058545b1ed14f4c8206e,android-hw-a51-11-0-aarch64-shippable-qr,amazon-search,True,,,,,,,,,,,,,,,,,,,,,,,,,,,,,,,,,,,,,,,,,,,,,,,,,,TN,,,,,,,,,,
,1791574384,2023-11-10 06:00:15,2369.4,5fcc529533b87c657e0dd95ea8cdd37f7cbac5c0,1330263,autoland,LastVisualChange,True,amazon-search LastVisualChange opt cold webrender,,77,ms,geckoview,False,|c|o|l|d| |w|e|b|r|e|n|d|e|r|,,4361205,13,8bad20cfa5c21f9f330712163e9ddf6ea850f908,102210fe594ee9b33d82058545b1ed14f4c8206e,android-hw-a51-11-0-aarch64-shippable-qr,amazon-search,True,,,,,,,,,,,,,,,,,,,,,,,,,,,,,,,,,,,,,,,,,,,,,,,,,,TN,,,,,,,,,,
,1791764771,2023-11-10 10:16:47,2320.6,2033848fe740a46b19d19b2689365e6d5122d399,1330353,autoland,LastVisualChange,True,amazon-search LastVisualChange opt cold webrender,,77,ms,geckoview,False,|c|o|l|d| |w|e|b|r|e|n|d|e|r|,,4361205,13,8bad20cfa5c21f9f330712163e9ddf6ea850f908,102210fe594ee9b33d82058545b1ed14f4c8206e,android-hw-a51-11-0-aarch64-shippable-qr,amazon-search,True,,,,,,,,,,,,,,,,,,,,,,,,,,,,,,,,,,,,,,,,,,,,,,,,,,TN,,,,,,,,,,
,1792014935,2023-11-10 14:18:06,2371.3,e2c6fa08aa82b40d8316fc19e08ea45be70e9292,1330451,autoland,LastVisualChange,True,amazon-search LastVisualChange opt cold webrender,,77,ms,geckoview,False,|c|o|l|d| |w|e|b|r|e|n|d|e|r|,,4361205,13,8bad20cfa5c21f9f330712163e9ddf6ea850f908,102210fe594ee9b33d82058545b1ed14f4c8206e,android-hw-a51-11-0-aarch64-shippable-qr,amazon-search,True,,,,,,,,,,,,,,,,,,,,,,,,,,,,,,,,,,,,,,,,,,,,,,,,,,TN,,,,,,,,,,
,1792122811,2023-11-10 14:48:51,2399.4,f90b853d9b0b112db86ff41fcce843afb13939ce,1330467,autoland,LastVisualChange,True,amazon-search LastVisualChange opt cold webrender,,77,ms,geckoview,False,|c|o|l|d| |w|e|b|r|e|n|d|e|r|,,4361205,13,8bad20cfa5c21f9f330712163e9ddf6ea850f908,102210fe594ee9b33d82058545b1ed14f4c8206e,android-hw-a51-11-0-aarch64-shippable-qr,amazon-search,True,,,,,,,,,,,,,,,,,,,,,,,,,,,,,,,,,,,,,,,,,,,,,,,,,,TN,,,,,,,,,,
,1792158940,2023-11-10 23:46:31,2334.7,740891aba7f0d05a95960669bd6efe7b25177226,1330635,autoland,LastVisualChange,True,amazon-search LastVisualChange opt cold webrender,,77,ms,geckoview,False,|c|o|l|d| |w|e|b|r|e|n|d|e|r|,,4361205,13,8bad20cfa5c21f9f330712163e9ddf6ea850f908,102210fe594ee9b33d82058545b1ed14f4c8206e,android-hw-a51-11-0-aarch64-shippable-qr,amazon-search,True,,,,,,,,,,,,,,,,,,,,,,,,,,,,,,,,,,,,,,,,,,,,,,,,,,TN,,,,,,,,,,
,1792332432,2023-11-11 08:27:10,2338.4,29fb30143955ee92cd789fd467326c47f82f7968,1330680,autoland,LastVisualChange,True,amazon-search LastVisualChange opt cold webrender,,77,ms,geckoview,False,|c|o|l|d| |w|e|b|r|e|n|d|e|r|,,4361205,13,8bad20cfa5c21f9f330712163e9ddf6ea850f908,102210fe594ee9b33d82058545b1ed14f4c8206e,android-hw-a51-11-0-aarch64-shippable-qr,amazon-search,True,,,,,,,,,,,,,,,,,,,,,,,,,,,,,,,,,,,,,,,,,,,,,,,,,,TN,,,,,,,,,,
,1792475086,2023-11-11 12:34:55,2235.3,81243364a707b159122b0c5ee8e682567162117c,1330712,autoland,LastVisualChange,True,amazon-search LastVisualChange opt cold webrender,,77,ms,geckoview,False,|c|o|l|d| |w|e|b|r|e|n|d|e|r|,,4361205,13,8bad20cfa5c21f9f330712163e9ddf6ea850f908,102210fe594ee9b33d82058545b1ed14f4c8206e,android-hw-a51-11-0-aarch64-shippable-qr,amazon-search,True,,,,,,,,,,,,,,,,,,,,,,,,,,,,,,,,,,,,,,,,,,,,,,,,,,TN,,,,,,,,,,
,1792718610,2023-11-11 23:06:06,2348.1,3c8320ef59532128e1a7589968f497f0efcabbaf,1330750,autoland,LastVisualChange,True,amazon-search LastVisualChange opt cold webrender,,77,ms,geckoview,False,|c|o|l|d| |w|e|b|r|e|n|d|e|r|,,4361205,13,8bad20cfa5c21f9f330712163e9ddf6ea850f908,102210fe594ee9b33d82058545b1ed14f4c8206e,android-hw-a51-11-0-aarch64-shippable-qr,amazon-search,True,,,,,,,,,,,,,,,,,,,,,,,,,,,,,,,,,,,,,,,,,,,,,,,,,,TN,,,,,,,,,,
,1792786672,2023-11-12 05:45:19,2347.1,43bee97ffb8cfcea7412fb86386ea2cb2a1b9b49,1330766,autoland,LastVisualChange,True,amazon-search LastVisualChange opt cold webrender,,77,ms,geckoview,False,|c|o|l|d| |w|e|b|r|e|n|d|e|r|,,4361205,13,8bad20cfa5c21f9f330712163e9ddf6ea850f908,102210fe594ee9b33d82058545b1ed14f4c8206e,android-hw-a51-11-0-aarch64-shippable-qr,amazon-search,True,,,,,,,,,,,,,,,,,,,,,,,,,,,,,,,,,,,,,,,,,,,,,,,,,,TN,,,,,,,,,,
,1793077449,2023-11-13 00:59:12,2394.5,211dc86c8f534a950af69434fa996976b566a6a0,1330865,autoland,LastVisualChange,True,amazon-search LastVisualChange opt cold webrender,,77,ms,geckoview,False,|c|o|l|d| |w|e|b|r|e|n|d|e|r|,,4361205,13,8bad20cfa5c21f9f330712163e9ddf6ea850f908,102210fe594ee9b33d82058545b1ed14f4c8206e,android-hw-a51-11-0-aarch64-shippable-qr,amazon-search,True,,,,,,,,,,,,,,,,,,,,,,,,,,,,,,,,,,,,,,,,,,,,,,,,,,TN,,,,,,,,,,
,1793647980,2023-11-13 10:08:58,2338.4,25308a5c7e551cda7c3cfd77836eff8610462eae,1330949,autoland,LastVisualChange,True,amazon-search LastVisualChange opt cold webrender,,77,ms,geckoview,False,|c|o|l|d| |w|e|b|r|e|n|d|e|r|,,4361205,13,8bad20cfa5c21f9f330712163e9ddf6ea850f908,102210fe594ee9b33d82058545b1ed14f4c8206e,android-hw-a51-11-0-aarch64-shippable-qr,amazon-search,True,,,,,,,,,,,,,,,,,,,,,,,,,,,,,,,,,,,,,,,,,,,,,,,,,,TN,,,,,,,,,,
,1793736412,2023-11-13 14:09:58,2365.7,54d191b31d03235c75592d07a8c538749933a18f,1331049,autoland,LastVisualChange,True,amazon-search LastVisualChange opt cold webrender,,77,ms,geckoview,False,|c|o|l|d| |w|e|b|r|e|n|d|e|r|,,4361205,13,8bad20cfa5c21f9f330712163e9ddf6ea850f908,102210fe594ee9b33d82058545b1ed14f4c8206e,android-hw-a51-11-0-aarch64-shippable-qr,amazon-search,True,,,,,,,,,,,,,,,,,,,,,,,,,,,,,,,,,,,,,,,,,,,,,,,,,,TN,,,,,,,,,,
,1793750916,2023-11-13 15:01:04,2230.3,70f361f21a24a6e9fc53cb014e28172d360fa851,1331086,autoland,LastVisualChange,True,amazon-search LastVisualChange opt cold webrender,,77,ms,geckoview,False,|c|o|l|d| |w|e|b|r|e|n|d|e|r|,,4361205,13,8bad20cfa5c21f9f330712163e9ddf6ea850f908,102210fe594ee9b33d82058545b1ed14f4c8206e,android-hw-a51-11-0-aarch64-shippable-qr,amazon-search,True,,,,,,,,,,,,,,,,,,,,,,,,,,,,,,,,,,,,,,,,,,,,,,,,,,TN,,,,,,,,,,
,1793756597,2023-11-13 22:35:59,2401.2,9d523f46c7d8642d6601894c5166ddcd17b6388a,1331378,autoland,LastVisualChange,True,amazon-search LastVisualChange opt cold webrender,,77,ms,geckoview,False,|c|o|l|d| |w|e|b|r|e|n|d|e|r|,,4361205,13,8bad20cfa5c21f9f330712163e9ddf6ea850f908,102210fe594ee9b33d82058545b1ed14f4c8206e,android-hw-a51-11-0-aarch64-shippable-qr,amazon-search,True,,,,,,,,,,,,,,,,,,,,,,,,,,,,,,,,,,,,,,,,,,,,,,,,,,TN,,,,,,,,,,
,1793809449,2023-11-14 03:20:13,2356.7,2628fd55e661366941f56769829687c53da4669b,1331480,autoland,LastVisualChange,True,amazon-search LastVisualChange opt cold webrender,,77,ms,geckoview,False,|c|o|l|d| |w|e|b|r|e|n|d|e|r|,,4361205,13,8bad20cfa5c21f9f330712163e9ddf6ea850f908,102210fe594ee9b33d82058545b1ed14f4c8206e,android-hw-a51-11-0-aarch64-shippable-qr,amazon-search,True,,,,,,,,,,,,,,,,,,,,,,,,,,,,,,,,,,,,,,,,,,,,,,,,,,TN,,,,,,,,,,
,1793828917,2023-11-14 06:06:45,2352.8,acdcddac0b907d2e59d6d0fa1f96fff98453093a,1331509,autoland,LastVisualChange,True,amazon-search LastVisualChange opt cold webrender,,77,ms,geckoview,False,|c|o|l|d| |w|e|b|r|e|n|d|e|r|,,4361205,13,8bad20cfa5c21f9f330712163e9ddf6ea850f908,102210fe594ee9b33d82058545b1ed14f4c8206e,android-hw-a51-11-0-aarch64-shippable-qr,amazon-search,True,,,,,,,,,,,,,,,,,,,,,,,,,,,,,,,,,,,,,,,,,,,,,,,,,,TN,,,,,,,,,,
,1794142414,2023-11-14 15:09:42,2293.9,cb79861638fa94cb8c4df5b5e303dc4bd22f762c,1331752,autoland,LastVisualChange,True,amazon-search LastVisualChange opt cold webrender,,77,ms,geckoview,False,|c|o|l|d| |w|e|b|r|e|n|d|e|r|,,4361205,13,8bad20cfa5c21f9f330712163e9ddf6ea850f908,102210fe594ee9b33d82058545b1ed14f4c8206e,android-hw-a51-11-0-aarch64-shippable-qr,amazon-search,True,,,,,,,,,,,,,,,,,,,,,,,,,,,,,,,,,,,,,,,,,,,,,,,,,,TN,,,,,,,,,,
,1794101831,2023-11-14 15:18:46,2304.2,1d700517893b09ca1438b9111ea148a71e7398ae,1331762,autoland,LastVisualChange,True,amazon-search LastVisualChange opt cold webrender,,77,ms,geckoview,False,|c|o|l|d| |w|e|b|r|e|n|d|e|r|,,4361205,13,8bad20cfa5c21f9f330712163e9ddf6ea850f908,102210fe594ee9b33d82058545b1ed14f4c8206e,android-hw-a51-11-0-aarch64-shippable-qr,amazon-search,True,,,,,,,,,,,,,,,,,,,,,,,,,,,,,,,,,,,,,,,,,,,,,,,,,,TN,,,,,,,,,,
,1794231255,2023-11-14 18:32:45,2356.4,cee24679e2a2e085bdefdbd66106fa1a805db56d,1331906,autoland,LastVisualChange,True,amazon-search LastVisualChange opt cold webrender,,77,ms,geckoview,False,|c|o|l|d| |w|e|b|r|e|n|d|e|r|,,4361205,13,8bad20cfa5c21f9f330712163e9ddf6ea850f908,102210fe594ee9b33d82058545b1ed14f4c8206e,android-hw-a51-11-0-aarch64-shippable-qr,amazon-search,True,,,,,,,,,,,,,,,,,,,,,,,,,,,,,,,,,,,,,,,,,,,,,,,,,,TN,,,,,,,,,,
,1794343284,2023-11-14 20:17:49,2295.8,45f7ef4749636f24bbab519e5d4e3851950ccacc,1331971,autoland,LastVisualChange,True,amazon-search LastVisualChange opt cold webrender,,77,ms,geckoview,False,|c|o|l|d| |w|e|b|r|e|n|d|e|r|,,4361205,13,8bad20cfa5c21f9f330712163e9ddf6ea850f908,102210fe594ee9b33d82058545b1ed14f4c8206e,android-hw-a51-11-0-aarch64-shippable-qr,amazon-search,True,,,,,,,,,,,,,,,,,,,,,,,,,,,,,,,,,,,,,,,,,,,,,,,,,,TN,,,,,,,,,,
,1794496193,2023-11-15 01:57:11,2365.1,0083ca2f4709e599083520545d538d1ee1b8356d,1332132,autoland,LastVisualChange,True,amazon-search LastVisualChange opt cold webrender,,77,ms,geckoview,False,|c|o|l|d| |w|e|b|r|e|n|d|e|r|,,4361205,13,8bad20cfa5c21f9f330712163e9ddf6ea850f908,102210fe594ee9b33d82058545b1ed14f4c8206e,android-hw-a51-11-0-aarch64-shippable-qr,amazon-search,True,,,,,,,,,,,,,,,,,,,,,,,,,,,,,,,,,,,,,,,,,,,,,,,,,,TN,,,,,,,,,,
,1794548275,2023-11-15 03:02:01,2331.5,d9f2158d4d442a658bb2029948eeebd438457667,1332148,autoland,LastVisualChange,True,amazon-search LastVisualChange opt cold webrender,,77,ms,geckoview,False,|c|o|l|d| |w|e|b|r|e|n|d|e|r|,,4361205,13,8bad20cfa5c21f9f330712163e9ddf6ea850f908,102210fe594ee9b33d82058545b1ed14f4c8206e,android-hw-a51-11-0-aarch64-shippable-qr,amazon-search,True,,,,,,,,,,,,,,,,,,,,,,,,,,,,,,,,,,,,,,,,,,,,,,,,,,TN,,,,,,,,,,
,1794608276,2023-11-15 07:02:46,2364.3,d12a09b7c773efc37f5d0e37cc52339e25f07b6c,1332195,autoland,LastVisualChange,True,amazon-search LastVisualChange opt cold webrender,,77,ms,geckoview,False,|c|o|l|d| |w|e|b|r|e|n|d|e|r|,,4361205,13,8bad20cfa5c21f9f330712163e9ddf6ea850f908,102210fe594ee9b33d82058545b1ed14f4c8206e,android-hw-a51-11-0-aarch64-shippable-qr,amazon-search,True,,,,,,,,,,,,,,,,,,,,,,,,,,,,,,,,,,,,,,,,,,,,,,,,,,TN,,,,,,,,,,
,1794725129,2023-11-15 12:47:49,2296.0,571c293cedd28db6ac86fd553e2810f40e382e80,1332324,autoland,LastVisualChange,True,amazon-search LastVisualChange opt cold webrender,,77,ms,geckoview,False,|c|o|l|d| |w|e|b|r|e|n|d|e|r|,,4361205,13,8bad20cfa5c21f9f330712163e9ddf6ea850f908,102210fe594ee9b33d82058545b1ed14f4c8206e,android-hw-a51-11-0-aarch64-shippable-qr,amazon-search,True,,,,,,,,,,,,,,,,,,,,,,,,,,,,,,,,,,,,,,,,,,,,,,,,,,TN,,,,,,,,,,
,1794826094,2023-11-15 15:33:52,2360.2,58fc056d56521455bb36e7bd4fcce81222093c75,1332438,autoland,LastVisualChange,True,amazon-search LastVisualChange opt cold webrender,,77,ms,geckoview,False,|c|o|l|d| |w|e|b|r|e|n|d|e|r|,,4361205,13,8bad20cfa5c21f9f330712163e9ddf6ea850f908,102210fe594ee9b33d82058545b1ed14f4c8206e,android-hw-a51-11-0-aarch64-shippable-qr,amazon-search,True,,,,,,,,,,,,,,,,,,,,,,,,,,,,,,,,,,,,,,,,,,,,,,,,,,TN,,,,,,,,,,
,1794851664,2023-11-15 16:43:35,2366.3,a70ee84d8943b9a1eaaf0fb3a0df60a1595f5782,1332515,autoland,LastVisualChange,True,amazon-search LastVisualChange opt cold webrender,,77,ms,geckoview,False,|c|o|l|d| |w|e|b|r|e|n|d|e|r|,,4361205,13,8bad20cfa5c21f9f330712163e9ddf6ea850f908,102210fe594ee9b33d82058545b1ed14f4c8206e,android-hw-a51-11-0-aarch64-shippable-qr,amazon-search,True,,,,,,,,,,,,,,,,,,,,,,,,,,,,,,,,,,,,,,,,,,,,,,,,,,TN,,,,,,,,,,
,1795108896,2023-11-15 23:08:22,2425.7,eb78feb610e5d895bd63b81693cde56dd08d82df,1332792,autoland,LastVisualChange,True,amazon-search LastVisualChange opt cold webrender,,77,ms,geckoview,False,|c|o|l|d| |w|e|b|r|e|n|d|e|r|,,4361205,13,8bad20cfa5c21f9f330712163e9ddf6ea850f908,102210fe594ee9b33d82058545b1ed14f4c8206e,android-hw-a51-11-0-aarch64-shippable-qr,amazon-search,True,,,,,,,,,,,,,,,,,,,,,,,,,,,,,,,,,,,,,,,,,,,,,,,,,,TN,,,,,,,,,,
,1795256585,2023-11-16 09:33:00,2206.1,ffd7ebdedeacec6717a3e8904121052ebbe61fe6,1332997,autoland,LastVisualChange,True,amazon-search LastVisualChange opt cold webrender,,77,ms,geckoview,False,|c|o|l|d| |w|e|b|r|e|n|d|e|r|,,4361205,13,8bad20cfa5c21f9f330712163e9ddf6ea850f908,102210fe594ee9b33d82058545b1ed14f4c8206e,android-hw-a51-11-0-aarch64-shippable-qr,amazon-search,True,,,,,,,,,,,,,,,,,,,,,,,,,,,,,,,,,,,,,,,,,,,,,,,,,,TN,,,,,,,,,,
,1795384873,2023-11-16 13:34:03,2375.9,71ef91d3bf98c6475cfe762c0152d5b31588182c,1333089,autoland,LastVisualChange,True,amazon-search LastVisualChange opt cold webrender,,77,ms,geckoview,False,|c|o|l|d| |w|e|b|r|e|n|d|e|r|,,4361205,13,8bad20cfa5c21f9f330712163e9ddf6ea850f908,102210fe594ee9b33d82058545b1ed14f4c8206e,android-hw-a51-11-0-aarch64-shippable-qr,amazon-search,True,,,,,,,,,,,,,,,,,,,,,,,,,,,,,,,,,,,,,,,,,,,,,,,,,,TN,,,,,,,,,,
,1795444211,2023-11-16 15:30:11,2384.7,5dba86b1842a5256c2845d69a7cebd605267d535,1333183,autoland,LastVisualChange,True,amazon-search LastVisualChange opt cold webrender,,77,ms,geckoview,False,|c|o|l|d| |w|e|b|r|e|n|d|e|r|,,4361205,13,8bad20cfa5c21f9f330712163e9ddf6ea850f908,102210fe594ee9b33d82058545b1ed14f4c8206e,android-hw-a51-11-0-aarch64-shippable-qr,amazon-search,True,,,,,,,,,,,,,,,,,,,,,,,,,,,,,,,,,,,,,,,,,,,,,,,,,,TN,,,,,,,,,,
,1795557555,2023-11-16 20:27:49,2321.9,53b2405c0e70ae3283dbbba0d568665110f0db23,1333335,autoland,LastVisualChange,True,amazon-search LastVisualChange opt cold webrender,,77,ms,geckoview,False,|c|o|l|d| |w|e|b|r|e|n|d|e|r|,,4361205,13,8bad20cfa5c21f9f330712163e9ddf6ea850f908,102210fe594ee9b33d82058545b1ed14f4c8206e,android-hw-a51-11-0-aarch64-shippable-qr,amazon-search,True,,,,,,,,,,,,,,,,,,,,,,,,,,,,,,,,,,,,,,,,,,,,,,,,,,TN,,,,,,,,,,
,1795611507,2023-11-16 23:04:46,2864.5,3b45d04f6865b297c8b2548a2c24424c5e9467e9,1333418,autoland,LastVisualChange,True,amazon-search LastVisualChange opt cold webrender,,77,ms,geckoview,False,|c|o|l|d| |w|e|b|r|e|n|d|e|r|,,4361205,13,8bad20cfa5c21f9f330712163e9ddf6ea850f908,102210fe594ee9b33d82058545b1ed14f4c8206e,android-hw-a51-11-0-aarch64-shippable-qr,amazon-search,True,,,,,,,,,,,,,,,,,,,,,,,,,,,,,,,,,,,,,,,,,,,,,,,,,,TN,,,,,,,,,,
,1795788006,2023-11-17 06:40:14,2332.7,8a71397fb808df79e78f3023bf95b46f7cc2d2a4,1333538,autoland,LastVisualChange,True,amazon-search LastVisualChange opt cold webrender,,77,ms,geckoview,False,|c|o|l|d| |w|e|b|r|e|n|d|e|r|,,4361205,13,8bad20cfa5c21f9f330712163e9ddf6ea850f908,102210fe594ee9b33d82058545b1ed14f4c8206e,android-hw-a51-11-0-aarch64-shippable-qr,amazon-search,True,,,,,,,,,,,,,,,,,,,,,,,,,,,,,,,,,,,,,,,,,,,,,,,,,,TN,,,,,,,,,,
,1795951300,2023-11-17 10:54:07,2341.4,ff5810792fa57d1b0a1076b4c90b3a83ac0242ca,1333644,autoland,LastVisualChange,True,amazon-search LastVisualChange opt cold webrender,,77,ms,geckoview,False,|c|o|l|d| |w|e|b|r|e|n|d|e|r|,,4361205,13,8bad20cfa5c21f9f330712163e9ddf6ea850f908,102210fe594ee9b33d82058545b1ed14f4c8206e,android-hw-a51-11-0-aarch64-shippable-qr,amazon-search,True,,,,,,,,,,,,,,,,,,,,,,,,,,,,,,,,,,,,,,,,,,,,,,,,,,TN,,,,,,,,,,
,1796138998,2023-11-17 15:35:00,2352.9,f3b46286b5bad609725e65f541d6609a1bafcbce,1333770,autoland,LastVisualChange,True,amazon-search LastVisualChange opt cold webrender,,77,ms,geckoview,False,|c|o|l|d| |w|e|b|r|e|n|d|e|r|,,4361205,13,8bad20cfa5c21f9f330712163e9ddf6ea850f908,102210fe594ee9b33d82058545b1ed14f4c8206e,android-hw-a51-11-0-aarch64-shippable-qr,amazon-search,True,,,,,,,,,,,,,,,,,,,,,,,,,,,,,,,,,,,,,,,,,,,,,,,,,,TN,,,,,,,,,,
,1796215641,2023-11-17 21:05:40,2336.2,b3bec7a68bb8ccbb4c637b64bec4dc0c806fecb3,1334007,autoland,LastVisualChange,True,amazon-search LastVisualChange opt cold webrender,,77,ms,geckoview,False,|c|o|l|d| |w|e|b|r|e|n|d|e|r|,,4361205,13,8bad20cfa5c21f9f330712163e9ddf6ea850f908,102210fe594ee9b33d82058545b1ed14f4c8206e,android-hw-a51-11-0-aarch64-shippable-qr,amazon-search,True,,,,,,,,,,,,,,,,,,,,,,,,,,,,,,,,,,,,,,,,,,,,,,,,,,TN,,,,,,,,,,
,1796271530,2023-11-18 01:23:43,2250.1,391181d97b6bb5b53fe8a1186c8a1a85971812de,1334085,autoland,LastVisualChange,True,amazon-search LastVisualChange opt cold webrender,,77,ms,geckoview,False,|c|o|l|d| |w|e|b|r|e|n|d|e|r|,,4361205,13,8bad20cfa5c21f9f330712163e9ddf6ea850f908,102210fe594ee9b33d82058545b1ed14f4c8206e,android-hw-a51-11-0-aarch64-shippable-qr,amazon-search,True,,,,,,,,,,,,,,,,,,,,,,,,,,,,,,,,,,,,,,,,,,,,,,,,,,TN,,,,,,,,,,
,1796439699,2023-11-18 14:15:26,2331.3,2cf1b902ea75e1237bbd69eaf02c889bc2924d10,1334153,autoland,LastVisualChange,True,amazon-search LastVisualChange opt cold webrender,,77,ms,geckoview,False,|c|o|l|d| |w|e|b|r|e|n|d|e|r|,,4361205,13,8bad20cfa5c21f9f330712163e9ddf6ea850f908,102210fe594ee9b33d82058545b1ed14f4c8206e,android-hw-a51-11-0-aarch64-shippable-qr,amazon-search,True,,,,,,,,,,,,,,,,,,,,,,,,,,,,,,,,,,,,,,,,,,,,,,,,,,TN,,,,,,,,,,
,1796557951,2023-11-19 06:03:16,2230.7,98917be406eeca58f61d8aeaf62aa4cae5be2137,1334239,autoland,LastVisualChange,True,amazon-search LastVisualChange opt cold webrender,,77,ms,geckoview,False,|c|o|l|d| |w|e|b|r|e|n|d|e|r|,,4361205,13,8bad20cfa5c21f9f330712163e9ddf6ea850f908,102210fe594ee9b33d82058545b1ed14f4c8206e,android-hw-a51-11-0-aarch64-shippable-qr,amazon-search,True,,,,,,,,,,,,,,,,,,,,,,,,,,,,,,,,,,,,,,,,,,,,,,,,,,TN,,,,,,,,,,
,1796634012,2023-11-19 11:10:53,2293.7,b403bb5b1c833d29961882402a090cf08f44c190,1334278,autoland,LastVisualChange,True,amazon-search LastVisualChange opt cold webrender,,77,ms,geckoview,False,|c|o|l|d| |w|e|b|r|e|n|d|e|r|,,4361205,13,8bad20cfa5c21f9f330712163e9ddf6ea850f908,102210fe594ee9b33d82058545b1ed14f4c8206e,android-hw-a51-11-0-aarch64-shippable-qr,amazon-search,True,,,,,,,,,,,,,,,,,,,,,,,,,,,,,,,,,,,,,,,,,,,,,,,,,,TN,,,,,,,,,,
,1796691551,2023-11-19 15:28:11,2339.8,1044018d08bd15166ae94a05bf5299b0701f4109,1334290,autoland,LastVisualChange,True,amazon-search LastVisualChange opt cold webrender,,77,ms,geckoview,False,|c|o|l|d| |w|e|b|r|e|n|d|e|r|,,4361205,13,8bad20cfa5c21f9f330712163e9ddf6ea850f908,102210fe594ee9b33d82058545b1ed14f4c8206e,android-hw-a51-11-0-aarch64-shippable-qr,amazon-search,True,,,,,,,,,,,,,,,,,,,,,,,,,,,,,,,,,,,,,,,,,,,,,,,,,,TN,,,,,,,,,,
,1796841647,2023-11-20 01:53:49,2512.5,73f60b8af6dadb15fb13d768baf6b4c3313d939b,1334371,autoland,LastVisualChange,True,amazon-search LastVisualChange opt cold webrender,,77,ms,geckoview,False,|c|o|l|d| |w|e|b|r|e|n|d|e|r|,,4361205,13,8bad20cfa5c21f9f330712163e9ddf6ea850f908,102210fe594ee9b33d82058545b1ed14f4c8206e,android-hw-a51-11-0-aarch64-shippable-qr,amazon-search,True,,,,,,,,,,,,,,,,,,,,,,,,,,,,,,,,,,,,,,,,,,,,,,,,,,TN,,,,,,,,,,
,1797009634,2023-11-20 09:30:46,2283.0,86da25fdbc81a93ed888df6b8a9f7cc128fb9b5b,1334455,autoland,LastVisualChange,True,amazon-search LastVisualChange opt cold webrender,,77,ms,geckoview,False,|c|o|l|d| |w|e|b|r|e|n|d|e|r|,,4361205,13,8bad20cfa5c21f9f330712163e9ddf6ea850f908,102210fe594ee9b33d82058545b1ed14f4c8206e,android-hw-a51-11-0-aarch64-shippable-qr,amazon-search,True,,,,,,,,,,,,,,,,,,,,,,,,,,,,,,,,,,,,,,,,,,,,,,,,,,TN,,,,,,,,,,
,1797143892,2023-11-20 12:44:46,2321.3,de35cb5de97565935b503eade2990b5c385c7293,1334619,autoland,LastVisualChange,True,amazon-search LastVisualChange opt cold webrender,,77,ms,geckoview,False,|c|o|l|d| |w|e|b|r|e|n|d|e|r|,,4361205,13,8bad20cfa5c21f9f330712163e9ddf6ea850f908,102210fe594ee9b33d82058545b1ed14f4c8206e,android-hw-a51-11-0-aarch64-shippable-qr,amazon-search,True,,,,,,,,,,,,,,,,,,,,,,,,,,,,,,,,,,,,,,,,,,,,,,,,,,TN,,,,,,,,,,
,1797380698,2023-11-20 16:13:55,2247.0,f78453d754386d0000dae39e031b91b0d0c4b07f,1334757,autoland,LastVisualChange,True,amazon-search LastVisualChange opt cold webrender,,77,ms,geckoview,False,|c|o|l|d| |w|e|b|r|e|n|d|e|r|,,4361205,13,8bad20cfa5c21f9f330712163e9ddf6ea850f908,102210fe594ee9b33d82058545b1ed14f4c8206e,android-hw-a51-11-0-aarch64-shippable-qr,amazon-search,True,,,,,,,,,,,,,,,,,,,,,,,,,,,,,,,,,,,,,,,,,,,,,,,,,,TN,,,,,,,,,,
,1797393157,2023-11-20 18:08:54,2323.6,a2089603188c4136890163ddd71b1d4e60e1c396,1334868,autoland,LastVisualChange,True,amazon-search LastVisualChange opt cold webrender,,77,ms,geckoview,False,|c|o|l|d| |w|e|b|r|e|n|d|e|r|,,4361205,13,8bad20cfa5c21f9f330712163e9ddf6ea850f908,102210fe594ee9b33d82058545b1ed14f4c8206e,android-hw-a51-11-0-aarch64-shippable-qr,amazon-search,True,,,,,,,,,,,,,,,,,,,,,,,,,,,,,,,,,,,,,,,,,,,,,,,,,,TN,,,,,,,,,,
,1797586121,2023-11-20 23:09:27,2411.0,7b567ceeead73f84de62ab77b4b6c87450b347fa,1335119,autoland,LastVisualChange,True,amazon-search LastVisualChange opt cold webrender,,77,ms,geckoview,False,|c|o|l|d| |w|e|b|r|e|n|d|e|r|,,4361205,13,8bad20cfa5c21f9f330712163e9ddf6ea850f908,102210fe594ee9b33d82058545b1ed14f4c8206e,android-hw-a51-11-0-aarch64-shippable-qr,amazon-search,True,,,,,,,,,,,,,,,,,,,,,,,,,,,,,,,,,,,,,,,,,,,,,,,,,,TN,,,,,,,,,,
,1797666669,2023-11-21 01:49:39,2526.9,b9fe9a49496aa38ca77c335f20236610ef01a582,1335206,autoland,LastVisualChange,True,amazon-search LastVisualChange opt cold webrender,,77,ms,geckoview,False,|c|o|l|d| |w|e|b|r|e|n|d|e|r|,,4361205,13,8bad20cfa5c21f9f330712163e9ddf6ea850f908,102210fe594ee9b33d82058545b1ed14f4c8206e,android-hw-a51-11-0-aarch64-shippable-qr,amazon-search,True,,,,,,,,,,,,,,,,,,,,,,,,,,,,,,,,,,,,,,,,,,,,,,,,,,TN,,,,,,,,,,
,1797807350,2023-11-21 08:38:33,2379.9,fddad0a59b2d028b2147493bf9ba8cc953d9e3eb,1335289,autoland,LastVisualChange,True,amazon-search LastVisualChange opt cold webrender,,77,ms,geckoview,False,|c|o|l|d| |w|e|b|r|e|n|d|e|r|,,4361205,13,8bad20cfa5c21f9f330712163e9ddf6ea850f908,102210fe594ee9b33d82058545b1ed14f4c8206e,android-hw-a51-11-0-aarch64-shippable-qr,amazon-search,True,,,,,,,,,,,,,,,,,,,,,,,,,,,,,,,,,,,,,,,,,,,,,,,,,,TN,,,,,,,,,,
,1797959290,2023-11-21 12:15:20,2338.3,1ff1d467cb8d49467127613245f448026cd7df9e,1335466,autoland,LastVisualChange,True,amazon-search LastVisualChange opt cold webrender,,77,ms,geckoview,False,|c|o|l|d| |w|e|b|r|e|n|d|e|r|,,4361205,13,8bad20cfa5c21f9f330712163e9ddf6ea850f908,102210fe594ee9b33d82058545b1ed14f4c8206e,android-hw-a51-11-0-aarch64-shippable-qr,amazon-search,True,,,,,,,,,,,,,,,,,,,,,,,,,,,,,,,,,,,,,,,,,,,,,,,,,,TN,,,,,,,,,,
,1798300634,2023-11-21 17:01:46,2260.2,cbc5eb28277f8e6d60fede93a822ede9eb7f01a5,1335682,autoland,LastVisualChange,True,amazon-search LastVisualChange opt cold webrender,,77,ms,geckoview,False,|c|o|l|d| |w|e|b|r|e|n|d|e|r|,,4361205,13,8bad20cfa5c21f9f330712163e9ddf6ea850f908,102210fe594ee9b33d82058545b1ed14f4c8206e,android-hw-a51-11-0-aarch64-shippable-qr,amazon-search,True,,,,,,,,,,,,,,,,,,,,,,,,,,,,,,,,,,,,,,,,,,,,,,,,,,TN,,,,,,,,,,
,1798375672,2023-11-21 21:47:24,2423.8,62f686461927825493253d0f82a43804b3eddf71,1335911,autoland,LastVisualChange,True,amazon-search LastVisualChange opt cold webrender,,77,ms,geckoview,False,|c|o|l|d| |w|e|b|r|e|n|d|e|r|,,4361205,13,8bad20cfa5c21f9f330712163e9ddf6ea850f908,102210fe594ee9b33d82058545b1ed14f4c8206e,android-hw-a51-11-0-aarch64-shippable-qr,amazon-search,True,,,,,,,,,,,,,,,,,,,,,,,,,,,,,,,,,,,,,,,,,,,,,,,,,,TN,,,,,,,,,,
,1798416703,2023-11-21 21:50:11,2399.8,ef0b50d89a7f6107932087c2c1adc2f6fd9ab06a,1335914,autoland,LastVisualChange,True,amazon-search LastVisualChange opt cold webrender,,77,ms,geckoview,False,|c|o|l|d| |w|e|b|r|e|n|d|e|r|,,4361205,13,8bad20cfa5c21f9f330712163e9ddf6ea850f908,102210fe594ee9b33d82058545b1ed14f4c8206e,android-hw-a51-11-0-aarch64-shippable-qr,amazon-search,True,,,,,,,,,,,,,,,,,,,,,,,,,,,,,,,,,,,,,,,,,,,,,,,,,,TN,,,,,,,,,,
,1798432331,2023-11-22 01:56:32,2477.7,7dc6122ebd68b46a9d4320c40c86f20c2b78984a,1336017,autoland,LastVisualChange,True,amazon-search LastVisualChange opt cold webrender,,77,ms,geckoview,False,|c|o|l|d| |w|e|b|r|e|n|d|e|r|,,4361205,13,8bad20cfa5c21f9f330712163e9ddf6ea850f908,102210fe594ee9b33d82058545b1ed14f4c8206e,android-hw-a51-11-0-aarch64-shippable-qr,amazon-search,True,,,,,,,,,,,,,,,,,,,,,,,,,,,,,,,,,,,,,,,,,,,,,,,,,,TN,,,,,,,,,,
,1798473172,2023-11-22 05:59:37,2311.2,ed20a8b98a8f2d8593dbbbd9b5df993e3e91433f,1336060,autoland,LastVisualChange,True,amazon-search LastVisualChange opt cold webrender,,77,ms,geckoview,False,|c|o|l|d| |w|e|b|r|e|n|d|e|r|,,4361205,13,8bad20cfa5c21f9f330712163e9ddf6ea850f908,102210fe594ee9b33d82058545b1ed14f4c8206e,android-hw-a51-11-0-aarch64-shippable-qr,amazon-search,True,,,,,,,,,,,,,,,,,,,,,,,,,,,,,,,,,,,,,,,,,,,,,,,,,,TN,,,,,,,,,,
,1798491649,2023-11-22 07:16:13,2299.7,0222787eb3244ffb2e62210f697d039bdef46036,1336076,autoland,LastVisualChange,True,amazon-search LastVisualChange opt cold webrender,,77,ms,geckoview,False,|c|o|l|d| |w|e|b|r|e|n|d|e|r|,,4361205,13,8bad20cfa5c21f9f330712163e9ddf6ea850f908,102210fe594ee9b33d82058545b1ed14f4c8206e,android-hw-a51-11-0-aarch64-shippable-qr,amazon-search,True,,,,,,,,,,,,,,,,,,,,,,,,,,,,,,,,,,,,,,,,,,,,,,,,,,TN,,,,,,,,,,
,1798819557,2023-11-22 13:00:34,2415.4,b90083f581e182455cf23aaacb125b728b3ccb32,1336296,autoland,LastVisualChange,True,amazon-search LastVisualChange opt cold webrender,,77,ms,geckoview,False,|c|o|l|d| |w|e|b|r|e|n|d|e|r|,,4361205,13,8bad20cfa5c21f9f330712163e9ddf6ea850f908,102210fe594ee9b33d82058545b1ed14f4c8206e,android-hw-a51-11-0-aarch64-shippable-qr,amazon-search,True,,,,,,,,,,,,,,,,,,,,,,,,,,,,,,,,,,,,,,,,,,,,,,,,,,TN,,,,,,,,,,
,1798941105,2023-11-22 16:22:37,2325.4,f4fae08660c1f3323af7bdef3ed152a3d34bc751,1336410,autoland,LastVisualChange,True,amazon-search LastVisualChange opt cold webrender,,77,ms,geckoview,False,|c|o|l|d| |w|e|b|r|e|n|d|e|r|,,4361205,13,8bad20cfa5c21f9f330712163e9ddf6ea850f908,102210fe594ee9b33d82058545b1ed14f4c8206e,android-hw-a51-11-0-aarch64-shippable-qr,amazon-search,True,,,,,,,,,,,,,,,,,,,,,,,,,,,,,,,,,,,,,,,,,,,,,,,,,,TN,,,,,,,,,,
,1799001565,2023-11-22 19:14:54,2377.2,bcdbc1e5d9a7c0fea2fcdc91ab0eebe908b34ece,1336555,autoland,LastVisualChange,True,amazon-search LastVisualChange opt cold webrender,,77,ms,geckoview,False,|c|o|l|d| |w|e|b|r|e|n|d|e|r|,,4361205,13,8bad20cfa5c21f9f330712163e9ddf6ea850f908,102210fe594ee9b33d82058545b1ed14f4c8206e,android-hw-a51-11-0-aarch64-shippable-qr,amazon-search,True,,,,,,,,,,,,,,,,,,,,,,,,,,,,,,,,,,,,,,,,,,,,,,,,,,TN,,,,,,,,,,
,1799159478,2023-11-22 23:02:09,2378.4,3122924cd341ff55738fd6a06d4bd708010c15e4,1336681,autoland,LastVisualChange,True,amazon-search LastVisualChange opt cold webrender,,77,ms,geckoview,False,|c|o|l|d| |w|e|b|r|e|n|d|e|r|,,4361205,13,8bad20cfa5c21f9f330712163e9ddf6ea850f908,102210fe594ee9b33d82058545b1ed14f4c8206e,android-hw-a51-11-0-aarch64-shippable-qr,amazon-search,True,,,,,,,,,,,,,,,,,,,,,,,,,,,,,,,,,,,,,,,,,,,,,,,,,,TN,,,,,,,,,,
,1799375350,2023-11-23 04:10:29,2272.2,8366d9b1b0ca63aa3b706dd53ce23f052221c11b,1336756,autoland,LastVisualChange,True,amazon-search LastVisualChange opt cold webrender,,77,ms,geckoview,False,|c|o|l|d| |w|e|b|r|e|n|d|e|r|,,4361205,13,8bad20cfa5c21f9f330712163e9ddf6ea850f908,102210fe594ee9b33d82058545b1ed14f4c8206e,android-hw-a51-11-0-aarch64-shippable-qr,amazon-search,True,,,,,,,,,,,,,,,,,,,,,,,,,,,,,,,,,,,,,,,,,,,,,,,,,,TN,,,,,,,,,,
,1799507956,2023-11-23 08:19:48,2453.9,023a5c518562ad97c805915ae5addfcad59d1223,1336795,autoland,LastVisualChange,True,amazon-search LastVisualChange opt cold webrender,,77,ms,geckoview,False,|c|o|l|d| |w|e|b|r|e|n|d|e|r|,,4361205,13,8bad20cfa5c21f9f330712163e9ddf6ea850f908,102210fe594ee9b33d82058545b1ed14f4c8206e,android-hw-a51-11-0-aarch64-shippable-qr,amazon-search,True,,,,,,,,,,,,,,,,,,,,,,,,,,,,,,,,,,,,,,,,,,,,,,,,,,TN,,,,,,,,,,
,1799588148,2023-11-23 10:10:14,2377.3,7392664630b156e348b2a77aef6fdd70004c9b47,1336839,autoland,LastVisualChange,True,amazon-search LastVisualChange opt cold webrender,,77,ms,geckoview,False,|c|o|l|d| |w|e|b|r|e|n|d|e|r|,,4361205,13,8bad20cfa5c21f9f330712163e9ddf6ea850f908,102210fe594ee9b33d82058545b1ed14f4c8206e,android-hw-a51-11-0-aarch64-shippable-qr,amazon-search,True,,,,,,,,,,,,,,,,,,,,,,,,,,,,,,,,,,,,,,,,,,,,,,,,,,TN,,,,,,,,,,
,1800022945,2023-11-23 15:57:23,2303.8,872aa271adfdb73a79c09de279f0001bf419850c,1337066,autoland,LastVisualChange,True,amazon-search LastVisualChange opt cold webrender,,77,ms,geckoview,False,|c|o|l|d| |w|e|b|r|e|n|d|e|r|,,4361205,13,8bad20cfa5c21f9f330712163e9ddf6ea850f908,102210fe594ee9b33d82058545b1ed14f4c8206e,android-hw-a51-11-0-aarch64-shippable-qr,amazon-search,True,,,,,,,,,,,,,,,,,,,,,,,,,,,,,,,,,,,,,,,,,,,,,,,,,,TN,,,,,,,,,,
,1800036786,2023-11-23 19:58:47,2368.0,180501fca2278e97c30e09ab097da1cb514f5ca1,1337231,autoland,LastVisualChange,True,amazon-search LastVisualChange opt cold webrender,,77,ms,geckoview,False,|c|o|l|d| |w|e|b|r|e|n|d|e|r|,,4361205,13,8bad20cfa5c21f9f330712163e9ddf6ea850f908,102210fe594ee9b33d82058545b1ed14f4c8206e,android-hw-a51-11-0-aarch64-shippable-qr,amazon-search,True,,,,,,,,,,,,,,,,,,,,,,,,,,,,,,,,,,,,,,,,,,,,,,,,,,TN,,,,,,,,,,
,1800054850,2023-11-23 23:50:52,2338.5,29d489a7e05adef3300e076dd1c46d14928ddf24,1337321,autoland,LastVisualChange,True,amazon-search LastVisualChange opt cold webrender,,77,ms,geckoview,False,|c|o|l|d| |w|e|b|r|e|n|d|e|r|,,4361205,13,8bad20cfa5c21f9f330712163e9ddf6ea850f908,102210fe594ee9b33d82058545b1ed14f4c8206e,android-hw-a51-11-0-aarch64-shippable-qr,amazon-search,True,,,,,,,,,,,,,,,,,,,,,,,,,,,,,,,,,,,,,,,,,,,,,,,,,,TN,,,,,,,,,,
,1800217424,2023-11-24 05:36:58,2358.8,dbd1a6aef0a74dc60875a4904d9eddb5ca9afbb7,1337356,autoland,LastVisualChange,True,amazon-search LastVisualChange opt cold webrender,,77,ms,geckoview,False,|c|o|l|d| |w|e|b|r|e|n|d|e|r|,,4361205,13,8bad20cfa5c21f9f330712163e9ddf6ea850f908,102210fe594ee9b33d82058545b1ed14f4c8206e,android-hw-a51-11-0-aarch64-shippable-qr,amazon-search,True,,,,,,,,,,,,,,,,,,,,,,,,,,,,,,,,,,,,,,,,,,,,,,,,,,TN,,,,,,,,,,
,1800471562,2023-11-24 09:28:03,2216.1,8bec1f302a76929843c944e27b75ddcbf1f21954,1337436,autoland,LastVisualChange,True,amazon-search LastVisualChange opt cold webrender,,77,ms,geckoview,False,|c|o|l|d| |w|e|b|r|e|n|d|e|r|,,4361205,13,8bad20cfa5c21f9f330712163e9ddf6ea850f908,102210fe594ee9b33d82058545b1ed14f4c8206e,android-hw-a51-11-0-aarch64-shippable-qr,amazon-search,True,,,,,,,,,,,,,,,,,,,,,,,,,,,,,,,,,,,,,,,,,,,,,,,,,,TN,,,,,,,,,,
,1800708224,2023-11-24 13:31:32,2260.5,1e01aa4b558aff87267a6384c318e6963b66a0d8,1337559,autoland,LastVisualChange,True,amazon-search LastVisualChange opt cold webrender,,77,ms,geckoview,False,|c|o|l|d| |w|e|b|r|e|n|d|e|r|,,4361205,13,8bad20cfa5c21f9f330712163e9ddf6ea850f908,102210fe594ee9b33d82058545b1ed14f4c8206e,android-hw-a51-11-0-aarch64-shippable-qr,amazon-search,True,,,,,,,,,,,,,,,,,,,,,,,,,,,,,,,,,,,,,,,,,,,,,,,,,,TN,,,,,,,,,,
,1800713882,2023-11-24 14:07:25,2372.9,6354cfb105a6c9a46216d5c8ea95ee463892366e,1337582,autoland,LastVisualChange,True,amazon-search LastVisualChange opt cold webrender,,77,ms,geckoview,False,|c|o|l|d| |w|e|b|r|e|n|d|e|r|,,4361205,13,8bad20cfa5c21f9f330712163e9ddf6ea850f908,102210fe594ee9b33d82058545b1ed14f4c8206e,android-hw-a51-11-0-aarch64-shippable-qr,amazon-search,True,,,,,,,,,,,,,,,,,,,,,,,,,,,,,,,,,,,,,,,,,,,,,,,,,,TN,,,,,,,,,,
,1800758534,2023-11-24 21:54:25,2224.7,8875acba4f482b90d60501b953fb4530b361bd8f,1337760,autoland,LastVisualChange,True,amazon-search LastVisualChange opt cold webrender,,77,ms,geckoview,False,|c|o|l|d| |w|e|b|r|e|n|d|e|r|,,4361205,13,8bad20cfa5c21f9f330712163e9ddf6ea850f908,102210fe594ee9b33d82058545b1ed14f4c8206e,android-hw-a51-11-0-aarch64-shippable-qr,amazon-search,True,,,,,,,,,,,,,,,,,,,,,,,,,,,,,,,,,,,,,,,,,,,,,,,,,,TN,,,,,,,,,,
,1800760431,2023-11-25 04:13:26,2209.2,a137631f73ce188671f50c5225295d64d427fec2,1337799,autoland,LastVisualChange,True,amazon-search LastVisualChange opt cold webrender,,77,ms,geckoview,False,|c|o|l|d| |w|e|b|r|e|n|d|e|r|,,4361205,13,8bad20cfa5c21f9f330712163e9ddf6ea850f908,102210fe594ee9b33d82058545b1ed14f4c8206e,android-hw-a51-11-0-aarch64-shippable-qr,amazon-search,True,,,,,,,,,,,,,,,,,,,,,,,,,,,,,,,,,,,,,,,,,,,,,,,,,,TN,,,,,,,,,,
,1800804027,2023-11-25 09:26:54,2307.4,860c52f225fa7410ed4a4bf3bd0eb0846483e08d,1337840,autoland,LastVisualChange,True,amazon-search LastVisualChange opt cold webrender,,77,ms,geckoview,False,|c|o|l|d| |w|e|b|r|e|n|d|e|r|,,4361205,13,8bad20cfa5c21f9f330712163e9ddf6ea850f908,102210fe594ee9b33d82058545b1ed14f4c8206e,android-hw-a51-11-0-aarch64-shippable-qr,amazon-search,True,,,,,,,,,,,,,,,,,,,,,,,,,,,,,,,,,,,,,,,,,,,,,,,,,,TN,,,,,,,,,,
,1800902555,2023-11-25 14:41:03,2409.6,2ff68fa9f49916065f4ebb7a74c0940bf425f396,1337869,autoland,LastVisualChange,True,amazon-search LastVisualChange opt cold webrender,,77,ms,geckoview,False,|c|o|l|d| |w|e|b|r|e|n|d|e|r|,,4361205,13,8bad20cfa5c21f9f330712163e9ddf6ea850f908,102210fe594ee9b33d82058545b1ed14f4c8206e,android-hw-a51-11-0-aarch64-shippable-qr,amazon-search,True,,,,,,,,,,,,,,,,,,,,,,,,,,,,,,,,,,,,,,,,,,,,,,,,,,TN,,,,,,,,,,
,1801024848,2023-11-26 15:57:31,2316.3,0cd5e7d76f8ac3e26423c36c9d06f91a310dab45,1337946,autoland,LastVisualChange,True,amazon-search LastVisualChange opt cold webrender,,77,ms,geckoview,False,|c|o|l|d| |w|e|b|r|e|n|d|e|r|,,4361205,13,8bad20cfa5c21f9f330712163e9ddf6ea850f908,102210fe594ee9b33d82058545b1ed14f4c8206e,android-hw-a51-11-0-aarch64-shippable-qr,amazon-search,True,,,,,,,,,,,,,,,,,,,,,,,,,,,,,,,,,,,,,,,,,,,,,,,,,,TN,,,,,,,,,,
,1801041521,2023-11-26 18:39:37,2320.5,ffaaa99c517223770b014031e25b54d585f95ef2,1337950,autoland,LastVisualChange,True,amazon-search LastVisualChange opt cold webrender,,77,ms,geckoview,False,|c|o|l|d| |w|e|b|r|e|n|d|e|r|,,4361205,13,8bad20cfa5c21f9f330712163e9ddf6ea850f908,102210fe594ee9b33d82058545b1ed14f4c8206e,android-hw-a51-11-0-aarch64-shippable-qr,amazon-search,True,,,,,,,,,,,,,,,,,,,,,,,,,,,,,,,,,,,,,,,,,,,,,,,,,,TN,,,,,,,,,,
,1801196315,2023-11-27 01:49:37,2428.5,edf9292c0bc9c671afa4de12648c16622e9d418c,1337984,autoland,LastVisualChange,True,amazon-search LastVisualChange opt cold webrender,,77,ms,geckoview,False,|c|o|l|d| |w|e|b|r|e|n|d|e|r|,,4361205,13,8bad20cfa5c21f9f330712163e9ddf6ea850f908,102210fe594ee9b33d82058545b1ed14f4c8206e,android-hw-a51-11-0-aarch64-shippable-qr,amazon-search,True,,,,,,,,,,,,,,,,,,,,,,,,,,,,,,,,,,,,,,,,,,,,,,,,,,TN,,,,,,,,,,
,1801623005,2023-11-27 10:22:36,2433.4,c1a92ff5b44e8a296b847ed428ebeec04f7f8f72,1338085,autoland,LastVisualChange,True,amazon-search LastVisualChange opt cold webrender,,77,ms,geckoview,False,|c|o|l|d| |w|e|b|r|e|n|d|e|r|,,4361205,13,8bad20cfa5c21f9f330712163e9ddf6ea850f908,102210fe594ee9b33d82058545b1ed14f4c8206e,android-hw-a51-11-0-aarch64-shippable-qr,amazon-search,True,,,,,,,,,,,,,,,,,,,,,,,,,,,,,,,,,,,,,,,,,,,,,,,,,,TN,,,,,,,,,,
,1801799467,2023-11-27 14:05:43,2300.3,9ca2bcf6799b1a5f71d2d58db26f6b6c16a90427,1338215,autoland,LastVisualChange,True,amazon-search LastVisualChange opt cold webrender,,77,ms,geckoview,False,|c|o|l|d| |w|e|b|r|e|n|d|e|r|,,4361205,13,8bad20cfa5c21f9f330712163e9ddf6ea850f908,102210fe594ee9b33d82058545b1ed14f4c8206e,android-hw-a51-11-0-aarch64-shippable-qr,amazon-search,True,,,,,,,,,,,,,,,,,,,,,,,,,,,,,,,,,,,,,,,,,,,,,,,,,,TN,,,,,,,,,,
,1801838982,2023-11-27 17:34:20,2286.4,6aa54d6d7cbf1a46e62c6765c489a940322b6bca,1338399,autoland,LastVisualChange,True,amazon-search LastVisualChange opt cold webrender,,77,ms,geckoview,False,|c|o|l|d| |w|e|b|r|e|n|d|e|r|,,4361205,13,8bad20cfa5c21f9f330712163e9ddf6ea850f908,102210fe594ee9b33d82058545b1ed14f4c8206e,android-hw-a51-11-0-aarch64-shippable-qr,amazon-search,True,,,,,,,,,,,,,,,,,,,,,,,,,,,,,,,,,,,,,,,,,,,,,,,,,,TN,,,,,,,,,,
,1801891545,2023-11-28 05:10:16,2239.2,fbcb2af38cdaecde2b2da1efc0fc49b82fa9749e,1338781,autoland,LastVisualChange,True,amazon-search LastVisualChange opt cold webrender,,77,ms,geckoview,False,|c|o|l|d| |w|e|b|r|e|n|d|e|r|,,4361205,13,8bad20cfa5c21f9f330712163e9ddf6ea850f908,102210fe594ee9b33d82058545b1ed14f4c8206e,android-hw-a51-11-0-aarch64-shippable-qr,amazon-search,True,,,,,,,,,,,,,,,,,,,,,,,,,,,,,,,,,,,,,,,,,,,,,,,,,,TN,,,,,,,,,,
,1801989327,2023-11-28 08:42:21,2317.5,785b3d438fe5a8cba4caf5f4a2ed7250d324096c,1338855,autoland,LastVisualChange,True,amazon-search LastVisualChange opt cold webrender,,77,ms,geckoview,False,|c|o|l|d| |w|e|b|r|e|n|d|e|r|,,4361205,13,8bad20cfa5c21f9f330712163e9ddf6ea850f908,102210fe594ee9b33d82058545b1ed14f4c8206e,android-hw-a51-11-0-aarch64-shippable-qr,amazon-search,True,,,,,,,,,,,,,,,,,,,,,,,,,,,,,,,,,,,,,,,,,,,,,,,,,,TN,,,,,,,,,,
,1802123794,2023-11-28 13:17:34,2287.5,1957c4453ab1dfba8b7820dbf2fe772220e6eedc,1339007,autoland,LastVisualChange,True,amazon-search LastVisualChange opt cold webrender,,77,ms,geckoview,False,|c|o|l|d| |w|e|b|r|e|n|d|e|r|,,4361205,13,8bad20cfa5c21f9f330712163e9ddf6ea850f908,102210fe594ee9b33d82058545b1ed14f4c8206e,android-hw-a51-11-0-aarch64-shippable-qr,amazon-search,True,,,,,,,,,,,,,,,,,,,,,,,,,,,,,,,,,,,,,,,,,,,,,,,,,,TN,,,,,,,,,,
,1802146254,2023-11-28 14:12:32,2268.5,0745c3e29ba3856c91cbae74bd41d2135137bfd0,1339043,autoland,LastVisualChange,True,amazon-search LastVisualChange opt cold webrender,,77,ms,geckoview,False,|c|o|l|d| |w|e|b|r|e|n|d|e|r|,,4361205,13,8bad20cfa5c21f9f330712163e9ddf6ea850f908,102210fe594ee9b33d82058545b1ed14f4c8206e,android-hw-a51-11-0-aarch64-shippable-qr,amazon-search,True,,,,,,,,,,,,,,,,,,,,,,,,,,,,,,,,,,,,,,,,,,,,,,,,,,TN,,,,,,,,,,
,1802340729,2023-11-28 17:36:07,2266.7,691b7e1a899214d8685841da762bd2b2415fa569,1339183,autoland,LastVisualChange,True,amazon-search LastVisualChange opt cold webrender,,77,ms,geckoview,False,|c|o|l|d| |w|e|b|r|e|n|d|e|r|,,4361205,13,8bad20cfa5c21f9f330712163e9ddf6ea850f908,102210fe594ee9b33d82058545b1ed14f4c8206e,android-hw-a51-11-0-aarch64-shippable-qr,amazon-search,True,,,,,,,,,,,,,,,,,,,,,,,,,,,,,,,,,,,,,,,,,,,,,,,,,,TN,,,,,,,,,,
,1802486002,2023-11-28 21:29:24,2248.6,000fea3a9ed37b16c009c76e8af859a50c9234dc,1339366,autoland,LastVisualChange,True,amazon-search LastVisualChange opt cold webrender,,77,ms,geckoview,False,|c|o|l|d| |w|e|b|r|e|n|d|e|r|,,4361205,13,8bad20cfa5c21f9f330712163e9ddf6ea850f908,102210fe594ee9b33d82058545b1ed14f4c8206e,android-hw-a51-11-0-aarch64-shippable-qr,amazon-search,True,,,,,,,,,,,,,,,,,,,,,,,,,,,,,,,,,,,,,,,,,,,,,,,,,,TN,,,,,,,,,,
,1802577085,2023-11-29 01:28:26,2322.2,a162f6ee0eef32a68c73ddb77aa04efda3afeb7c,1339520,autoland,LastVisualChange,True,amazon-search LastVisualChange opt cold webrender,,77,ms,geckoview,False,|c|o|l|d| |w|e|b|r|e|n|d|e|r|,,4361205,13,8bad20cfa5c21f9f330712163e9ddf6ea850f908,102210fe594ee9b33d82058545b1ed14f4c8206e,android-hw-a51-11-0-aarch64-shippable-qr,amazon-search,True,,,,,,,,,,,,,,,,,,,,,,,,,,,,,,,,,,,,,,,,,,,,,,,,,,TN,,,,,,,,,,
,1802744940,2023-11-29 06:56:45,2164.0,b675f0a9e569a63bedb249150a2be6b3e15197f9,1339623,autoland,LastVisualChange,True,amazon-search LastVisualChange opt cold webrender,,77,ms,geckoview,False,|c|o|l|d| |w|e|b|r|e|n|d|e|r|,,4361205,13,8bad20cfa5c21f9f330712163e9ddf6ea850f908,102210fe594ee9b33d82058545b1ed14f4c8206e,android-hw-a51-11-0-aarch64-shippable-qr,amazon-search,True,,,,,,,,,,,,,,,,,,,,,,,,,,,,,,,,,,,,,,,,,,,,,,,,,,TN,,,,,,,,,,
,1802846226,2023-11-29 09:02:39,2197.6,66c2fb78dfe25ce9af21d0e1dd82f62dbb5da53f,1339662,autoland,LastVisualChange,True,amazon-search LastVisualChange opt cold webrender,,77,ms,geckoview,False,|c|o|l|d| |w|e|b|r|e|n|d|e|r|,,4361205,13,8bad20cfa5c21f9f330712163e9ddf6ea850f908,102210fe594ee9b33d82058545b1ed14f4c8206e,android-hw-a51-11-0-aarch64-shippable-qr,amazon-search,True,,,,,,,,,,,,,,,,,,,,,,,,,,,,,,,,,,,,,,,,,,,,,,,,,,TN,,,,,,,,,,
,1802940173,2023-11-29 13:11:23,2258.1,be2b109ddbb7f38c98c25b3c79c036f6f06f81fb,1339776,autoland,LastVisualChange,True,amazon-search LastVisualChange opt cold webrender,,77,ms,geckoview,False,|c|o|l|d| |w|e|b|r|e|n|d|e|r|,,4361205,13,8bad20cfa5c21f9f330712163e9ddf6ea850f908,102210fe594ee9b33d82058545b1ed14f4c8206e,android-hw-a51-11-0-aarch64-shippable-qr,amazon-search,True,,,,,,,,,,,,,,,,,,,,,,,,,,,,,,,,,,,,,,,,,,,,,,,,,,TN,,,,,,,,,,
,1803104343,2023-11-29 17:15:33,2186.8,0008fcc93b9b4a6aa22e3abf1888be08024320e9,1339929,autoland,LastVisualChange,True,amazon-search LastVisualChange opt cold webrender,,77,ms,geckoview,False,|c|o|l|d| |w|e|b|r|e|n|d|e|r|,,4361205,13,8bad20cfa5c21f9f330712163e9ddf6ea850f908,102210fe594ee9b33d82058545b1ed14f4c8206e,android-hw-a51-11-0-aarch64-shippable-qr,amazon-search,True,,,,,,,,,,,,,,,,,,,,,,,,,,,,,,,,,,,,,,,,,,,,,,,,,,TN,,,,,,,,,,
,1803263377,2023-11-29 22:52:27,2296.1,65a0553b296ae1432e5d18c3d2d607cacbb0a35e,1340166,autoland,LastVisualChange,True,amazon-search LastVisualChange opt cold webrender,,77,ms,geckoview,False,|c|o|l|d| |w|e|b|r|e|n|d|e|r|,,4361205,13,8bad20cfa5c21f9f330712163e9ddf6ea850f908,102210fe594ee9b33d82058545b1ed14f4c8206e,android-hw-a51-11-0-aarch64-shippable-qr,amazon-search,True,,,,,,,,,,,,,,,,,,,,,,,,,,,,,,,,,,,,,,,,,,,,,,,,,,TN,,,,,,,,,,
,1803282929,2023-11-29 22:59:56,2324.9,4bbe309179a5869e893e8f9ed2b110ef00ccec95,1340178,autoland,LastVisualChange,True,amazon-search LastVisualChange opt cold webrender,,77,ms,geckoview,False,|c|o|l|d| |w|e|b|r|e|n|d|e|r|,,4361205,13,8bad20cfa5c21f9f330712163e9ddf6ea850f908,102210fe594ee9b33d82058545b1ed14f4c8206e,android-hw-a51-11-0-aarch64-shippable-qr,amazon-search,True,,,,,,,,,,,,,,,,,,,,,,,,,,,,,,,,,,,,,,,,,,,,,,,,,,TN,,,,,,,,,,
,1803428904,2023-11-30 04:33:01,2264.2,556c8b22cbbbcc165c42b2c52ebdfd01be3cee6b,1340302,autoland,LastVisualChange,True,amazon-search LastVisualChange opt cold webrender,,77,ms,geckoview,False,|c|o|l|d| |w|e|b|r|e|n|d|e|r|,,4361205,13,8bad20cfa5c21f9f330712163e9ddf6ea850f908,102210fe594ee9b33d82058545b1ed14f4c8206e,android-hw-a51-11-0-aarch64-shippable-qr,amazon-search,True,,,,,,,,,,,,,,,,,,,,,,,,,,,,,,,,,,,,,,,,,,,,,,,,,,TN,,,,,,,,,,
,1803446499,2023-11-30 04:50:42,2315.9,423046d6c3a5eee3ab51f25a3ab7b836b64d0d30,1340324,autoland,LastVisualChange,True,amazon-search LastVisualChange opt cold webrender,,77,ms,geckoview,False,|c|o|l|d| |w|e|b|r|e|n|d|e|r|,,4361205,13,8bad20cfa5c21f9f330712163e9ddf6ea850f908,102210fe594ee9b33d82058545b1ed14f4c8206e,android-hw-a51-11-0-aarch64-shippable-qr,amazon-search,True,,,,,,,,,,,,,,,,,,,,,,,,,,,,,,,,,,,,,,,,,,,,,,,,,,TN,,,,,,,,,,
,1803535367,2023-11-30 08:51:25,2177.4,43fc350794aaccc50748bce9b965590d842ef9ac,1340399,autoland,LastVisualChange,True,amazon-search LastVisualChange opt cold webrender,,77,ms,geckoview,False,|c|o|l|d| |w|e|b|r|e|n|d|e|r|,,4361205,13,8bad20cfa5c21f9f330712163e9ddf6ea850f908,102210fe594ee9b33d82058545b1ed14f4c8206e,android-hw-a51-11-0-aarch64-shippable-qr,amazon-search,True,,,,,,,,,,,,,,,,,,,,,,,,,,,,,,,,,,,,,,,,,,,,,,,,,,TN,,,,,,,,,,
,1803565477,2023-11-30 08:52:22,2214.4,b33dd40c7ea956e89c10d4e8a54f9e869a431b64,1340400,autoland,LastVisualChange,True,amazon-search LastVisualChange opt cold webrender,,77,ms,geckoview,False,|c|o|l|d| |w|e|b|r|e|n|d|e|r|,,4361205,13,8bad20cfa5c21f9f330712163e9ddf6ea850f908,102210fe594ee9b33d82058545b1ed14f4c8206e,android-hw-a51-11-0-aarch64-shippable-qr,amazon-search,True,,,,,,,,,,,,,,,,,,,,,,,,,,,,,,,,,,,,,,,,,,,,,,,,,,TN,,,,,,,,,,
,1803832156,2023-11-30 13:07:37,2248.7,120432262a8cb73f69c8d683b4ddec3a037cbd91,1340520,autoland,LastVisualChange,True,amazon-search LastVisualChange opt cold webrender,,77,ms,geckoview,False,|c|o|l|d| |w|e|b|r|e|n|d|e|r|,,4361205,13,8bad20cfa5c21f9f330712163e9ddf6ea850f908,102210fe594ee9b33d82058545b1ed14f4c8206e,android-hw-a51-11-0-aarch64-shippable-qr,amazon-search,True,,,,,,,,,,,,,,,,,,,,,,,,,,,,,,,,,,,,,,,,,,,,,,,,,,TN,,,,,,,,,,
,1803894051,2023-11-30 13:51:04,2292.5,1d1fb9d5a4974d94e8c317f226c962fd351eae27,1340541,autoland,LastVisualChange,True,amazon-search LastVisualChange opt cold webrender,,77,ms,geckoview,False,|c|o|l|d| |w|e|b|r|e|n|d|e|r|,,4361205,13,8bad20cfa5c21f9f330712163e9ddf6ea850f908,102210fe594ee9b33d82058545b1ed14f4c8206e,android-hw-a51-11-0-aarch64-shippable-qr,amazon-search,True,,,,,,,,,,,,,,,,,,,,,,,,,,,,,,,,,,,,,,,,,,,,,,,,,,TN,,,,,,,,,,
,1803936358,2023-11-30 17:04:12,2262.4,3ec1ddf45e5a6562bd1d81fe4144541880bf3a24,1340716,autoland,LastVisualChange,True,amazon-search LastVisualChange opt cold webrender,,77,ms,geckoview,False,|c|o|l|d| |w|e|b|r|e|n|d|e|r|,,4361205,13,8bad20cfa5c21f9f330712163e9ddf6ea850f908,102210fe594ee9b33d82058545b1ed14f4c8206e,android-hw-a51-11-0-aarch64-shippable-qr,amazon-search,True,,,,,,,,,,,,,,,,,,,,,,,,,,,,,,,,,,,,,,,,,,,,,,,,,,TN,,,,,,,,,,
,1803952228,2023-11-30 20:20:14,2182.0,620e49ab6438e8c933133e9b4eb7a11188514a70,1340881,autoland,LastVisualChange,True,amazon-search LastVisualChange opt cold webrender,,77,ms,geckoview,False,|c|o|l|d| |w|e|b|r|e|n|d|e|r|,,4361205,13,8bad20cfa5c21f9f330712163e9ddf6ea850f908,102210fe594ee9b33d82058545b1ed14f4c8206e,android-hw-a51-11-0-aarch64-shippable-qr,amazon-search,True,,,,,,,,,,,,,,,,,,,,,,,,,,,,,,,,,,,,,,,,,,,,,,,,,,TN,,,,,,,,,,
,1804016827,2023-11-30 22:54:04,2342.8,68378d2409bc693ef00f3f157ecaea7067df7edc,1340995,autoland,LastVisualChange,True,amazon-search LastVisualChange opt cold webrender,,77,ms,geckoview,False,|c|o|l|d| |w|e|b|r|e|n|d|e|r|,,4361205,13,8bad20cfa5c21f9f330712163e9ddf6ea850f908,102210fe594ee9b33d82058545b1ed14f4c8206e,android-hw-a51-11-0-aarch64-shippable-qr,amazon-search,True,,,,,,,,,,,,,,,,,,,,,,,,,,,,,,,,,,,,,,,,,,,,,,,,,,TN,,,,,,,,,,
,1804133422,2023-12-01 03:29:20,2233.7,a1795b069cc23fbcb93366d99b3ddfb8664f054c,1341103,autoland,LastVisualChange,True,amazon-search LastVisualChange opt cold webrender,,77,ms,geckoview,False,|c|o|l|d| |w|e|b|r|e|n|d|e|r|,,4361205,13,8bad20cfa5c21f9f330712163e9ddf6ea850f908,102210fe594ee9b33d82058545b1ed14f4c8206e,android-hw-a51-11-0-aarch64-shippable-qr,amazon-search,True,,,,,,,,,,,,,,,,,,,,,,,,,,,,,,,,,,,,,,,,,,,,,,,,,,TN,,,,,,,,,,
,1804233756,2023-12-01 07:13:54,2300.7,81869d55a8d7b3d1d573810ab4e99f63cbe11a8a,1341156,autoland,LastVisualChange,True,amazon-search LastVisualChange opt cold webrender,,77,ms,geckoview,False,|c|o|l|d| |w|e|b|r|e|n|d|e|r|,,4361205,13,8bad20cfa5c21f9f330712163e9ddf6ea850f908,102210fe594ee9b33d82058545b1ed14f4c8206e,android-hw-a51-11-0-aarch64-shippable-qr,amazon-search,True,,,,,,,,,,,,,,,,,,,,,,,,,,,,,,,,,,,,,,,,,,,,,,,,,,TN,,,,,,,,,,
,1804378096,2023-12-01 11:47:02,2341.2,7440634a33a31738fc145eeac0bb47bc73fc64a0,1341285,autoland,LastVisualChange,True,amazon-search LastVisualChange opt cold webrender,,77,ms,geckoview,False,|c|o|l|d| |w|e|b|r|e|n|d|e|r|,,4361205,13,8bad20cfa5c21f9f330712163e9ddf6ea850f908,102210fe594ee9b33d82058545b1ed14f4c8206e,android-hw-a51-11-0-aarch64-shippable-qr,amazon-search,True,,,,,,,,,,,,,,,,,,,,,,,,,,,,,,,,,,,,,,,,,,,,,,,,,,TN,,,,,,,,,,
,1804418028,2023-12-01 14:17:01,2160.6,22b9561cfef1c56a9940f5117d7ff6a754861629,1341402,autoland,LastVisualChange,True,amazon-search LastVisualChange opt cold webrender,,77,ms,geckoview,False,|c|o|l|d| |w|e|b|r|e|n|d|e|r|,,4361205,13,8bad20cfa5c21f9f330712163e9ddf6ea850f908,102210fe594ee9b33d82058545b1ed14f4c8206e,android-hw-a51-11-0-aarch64-shippable-qr,amazon-search,True,,,,,,,,,,,,,,,,,,,,,,,,,,,,,,,,,,,,,,,,,,,,,,,,,,TN,,,,,,,,,,
,1804520018,2023-12-01 17:28:20,2207.0,efe09552a4d3540f0639e50d023f74997921fa37,1341534,autoland,LastVisualChange,True,amazon-search LastVisualChange opt cold webrender,,77,ms,geckoview,False,|c|o|l|d| |w|e|b|r|e|n|d|e|r|,,4361205,13,8bad20cfa5c21f9f330712163e9ddf6ea850f908,102210fe594ee9b33d82058545b1ed14f4c8206e,android-hw-a51-11-0-aarch64-shippable-qr,amazon-search,True,,,,,,,,,,,,,,,,,,,,,,,,,,,,,,,,,,,,,,,,,,,,,,,,,,TN,,,,,,,,,,
,1804626400,2023-12-01 20:34:55,2219.7,a5a9381a759e44485d639727614ceb2b77851c90,1341661,autoland,LastVisualChange,True,amazon-search LastVisualChange opt cold webrender,,77,ms,geckoview,False,|c|o|l|d| |w|e|b|r|e|n|d|e|r|,,4361205,13,8bad20cfa5c21f9f330712163e9ddf6ea850f908,102210fe594ee9b33d82058545b1ed14f4c8206e,android-hw-a51-11-0-aarch64-shippable-qr,amazon-search,True,,,,,,,,,,,,,,,,,,,,,,,,,,,,,,,,,,,,,,,,,,,,,,,,,,TN,,,,,,,,,,
,1804732091,2023-12-02 01:52:53,2234.5,bf4c1083cec10076ccbf07f2cfc3e18b04d0bf72,1341816,autoland,LastVisualChange,True,amazon-search LastVisualChange opt cold webrender,,77,ms,geckoview,False,|c|o|l|d| |w|e|b|r|e|n|d|e|r|,,4361205,13,8bad20cfa5c21f9f330712163e9ddf6ea850f908,102210fe594ee9b33d82058545b1ed14f4c8206e,android-hw-a51-11-0-aarch64-shippable-qr,amazon-search,True,,,,,,,,,,,,,,,,,,,,,,,,,,,,,,,,,,,,,,,,,,,,,,,,,,TN,,,,,,,,,,
,1804855527,2023-12-02 08:10:23,2217.2,965cddb8421900af69da86a586e617bf7dec3b56,1341832,autoland,LastVisualChange,True,amazon-search LastVisualChange opt cold webrender,,77,ms,geckoview,False,|c|o|l|d| |w|e|b|r|e|n|d|e|r|,,4361205,13,8bad20cfa5c21f9f330712163e9ddf6ea850f908,102210fe594ee9b33d82058545b1ed14f4c8206e,android-hw-a51-11-0-aarch64-shippable-qr,amazon-search,True,,,,,,,,,,,,,,,,,,,,,,,,,,,,,,,,,,,,,,,,,,,,,,,,,,TN,,,,,,,,,,
,1804998277,2023-12-02 14:39:28,2201.4,2d582fee4916ee442de05970cc77f7be702c22a2,1341863,autoland,LastVisualChange,True,amazon-search LastVisualChange opt cold webrender,,77,ms,geckoview,False,|c|o|l|d| |w|e|b|r|e|n|d|e|r|,,4361205,13,8bad20cfa5c21f9f330712163e9ddf6ea850f908,102210fe594ee9b33d82058545b1ed14f4c8206e,android-hw-a51-11-0-aarch64-shippable-qr,amazon-search,True,,,,,,,,,,,,,,,,,,,,,,,,,,,,,,,,,,,,,,,,,,,,,,,,,,TN,,,,,,,,,,
,1805081958,2023-12-03 00:49:27,2213.2,fe75ab906c798b6697934b3789355dceb5748966,1341930,autoland,LastVisualChange,True,amazon-search LastVisualChange opt cold webrender,,77,ms,geckoview,False,|c|o|l|d| |w|e|b|r|e|n|d|e|r|,,4361205,13,8bad20cfa5c21f9f330712163e9ddf6ea850f908,102210fe594ee9b33d82058545b1ed14f4c8206e,android-hw-a51-11-0-aarch64-shippable-qr,amazon-search,True,,,,,,,,,,,,,,,,,,,,,,,,,,,,,,,,,,,,,,,,,,,,,,,,,,TN,,,,,,,,,,
,1805116834,2023-12-03 05:05:07,2247.2,8e959a7ded5f111e711c06a6728f76d3bd660699,1341942,autoland,LastVisualChange,True,amazon-search LastVisualChange opt cold webrender,,77,ms,geckoview,False,|c|o|l|d| |w|e|b|r|e|n|d|e|r|,,4361205,13,8bad20cfa5c21f9f330712163e9ddf6ea850f908,102210fe594ee9b33d82058545b1ed14f4c8206e,android-hw-a51-11-0-aarch64-shippable-qr,amazon-search,True,,,,,,,,,,,,,,,,,,,,,,,,,,,,,,,,,,,,,,,,,,,,,,,,,,TN,,,,,,,,,,
,1805220507,2023-12-03 10:45:57,2278.1,5d84c395021682cc2af1bf5da98c205cfbc32f76,1341997,autoland,LastVisualChange,True,amazon-search LastVisualChange opt cold webrender,,77,ms,geckoview,False,|c|o|l|d| |w|e|b|r|e|n|d|e|r|,,4361205,13,8bad20cfa5c21f9f330712163e9ddf6ea850f908,102210fe594ee9b33d82058545b1ed14f4c8206e,android-hw-a51-11-0-aarch64-shippable-qr,amazon-search,True,,,,,,,,,,,,,,,,,,,,,,,,,,,,,,,,,,,,,,,,,,,,,,,,,,TN,,,,,,,,,,
,1805246418,2023-12-03 12:21:22,2204.2,3445cc3f842050a3cdfc4da74ce254df933f7e7b,1342011,autoland,LastVisualChange,True,amazon-search LastVisualChange opt cold webrender,,77,ms,geckoview,False,|c|o|l|d| |w|e|b|r|e|n|d|e|r|,,4361205,13,8bad20cfa5c21f9f330712163e9ddf6ea850f908,102210fe594ee9b33d82058545b1ed14f4c8206e,android-hw-a51-11-0-aarch64-shippable-qr,amazon-search,True,,,,,,,,,,,,,,,,,,,,,,,,,,,,,,,,,,,,,,,,,,,,,,,,,,TN,,,,,,,,,,
,1805306164,2023-12-03 18:05:44,2291.8,8038f0b90bbd46dcb74eaaddf1fd1c6871dc4426,1342033,autoland,LastVisualChange,True,amazon-search LastVisualChange opt cold webrender,,77,ms,geckoview,False,|c|o|l|d| |w|e|b|r|e|n|d|e|r|,,4361205,13,8bad20cfa5c21f9f330712163e9ddf6ea850f908,102210fe594ee9b33d82058545b1ed14f4c8206e,android-hw-a51-11-0-aarch64-shippable-qr,amazon-search,True,,,,,,,,,,,,,,,,,,,,,,,,,,,,,,,,,,,,,,,,,,,,,,,,,,TN,,,,,,,,,,
,1805416724,2023-12-04 01:54:51,2273.0,369922cc5c4efad6c87b13600325eb5a989cde81,1342108,autoland,LastVisualChange,True,amazon-search LastVisualChange opt cold webrender,,77,ms,geckoview,False,|c|o|l|d| |w|e|b|r|e|n|d|e|r|,,4361205,13,8bad20cfa5c21f9f330712163e9ddf6ea850f908,102210fe594ee9b33d82058545b1ed14f4c8206e,android-hw-a51-11-0-aarch64-shippable-qr,amazon-search,True,,,,,,,,,,,,,,,,,,,,,,,,,,,,,,,,,,,,,,,,,,,,,,,,,,TN,,,,,,,,,,
,1805665873,2023-12-04 11:05:28,2193.7,223106736a61f5cc112b0cc9d38ab1f63e034f89,1342238,autoland,LastVisualChange,True,amazon-search LastVisualChange opt cold webrender,,77,ms,geckoview,False,|c|o|l|d| |w|e|b|r|e|n|d|e|r|,,4361205,13,8bad20cfa5c21f9f330712163e9ddf6ea850f908,102210fe594ee9b33d82058545b1ed14f4c8206e,android-hw-a51-11-0-aarch64-shippable-qr,amazon-search,True,,,,,,,,,,,,,,,,,,,,,,,,,,,,,,,,,,,,,,,,,,,,,,,,,,TN,,,,,,,,,,
,1805654846,2023-12-04 11:06:23,2261.3,20b709d0fa5633c408dd900f830b09af96c0465d,1342240,autoland,LastVisualChange,True,amazon-search LastVisualChange opt cold webrender,,77,ms,geckoview,False,|c|o|l|d| |w|e|b|r|e|n|d|e|r|,,4361205,13,8bad20cfa5c21f9f330712163e9ddf6ea850f908,102210fe594ee9b33d82058545b1ed14f4c8206e,android-hw-a51-11-0-aarch64-shippable-qr,amazon-search,True,,,,,,,,,,,,,,,,,,,,,,,,,,,,,,,,,,,,,,,,,,,,,,,,,,TN,,,,,,,,,,
,1805916432,2023-12-04 14:54:31,2256.7,38094e01a744c421fe469d9a01cbfe12a1ee949b,1342377,autoland,LastVisualChange,True,amazon-search LastVisualChange opt cold webrender,,77,ms,geckoview,False,|c|o|l|d| |w|e|b|r|e|n|d|e|r|,,4361205,13,8bad20cfa5c21f9f330712163e9ddf6ea850f908,102210fe594ee9b33d82058545b1ed14f4c8206e,android-hw-a51-11-0-aarch64-shippable-qr,amazon-search,True,,,,,,,,,,,,,,,,,,,,,,,,,,,,,,,,,,,,,,,,,,,,,,,,,,TN,,,,,,,,,,
,1806023666,2023-12-04 19:05:48,2237.4,72ca57fdc9feb1e9765ce2cc4f26b6b60135122f,1342587,autoland,LastVisualChange,True,amazon-search LastVisualChange opt cold webrender,,77,ms,geckoview,False,|c|o|l|d| |w|e|b|r|e|n|d|e|r|,,4361205,13,8bad20cfa5c21f9f330712163e9ddf6ea850f908,102210fe594ee9b33d82058545b1ed14f4c8206e,android-hw-a51-11-0-aarch64-shippable-qr,amazon-search,True,,,,,,,,,,,,,,,,,,,,,,,,,,,,,,,,,,,,,,,,,,,,,,,,,,TN,,,,,,,,,,
,1806076616,2023-12-04 22:13:56,2225.6,3d0a5f6fd8b4a0537cb85ae502a4be6cafec1c23,1342750,autoland,LastVisualChange,True,amazon-search LastVisualChange opt cold webrender,,77,ms,geckoview,False,|c|o|l|d| |w|e|b|r|e|n|d|e|r|,,4361205,13,8bad20cfa5c21f9f330712163e9ddf6ea850f908,102210fe594ee9b33d82058545b1ed14f4c8206e,android-hw-a51-11-0-aarch64-shippable-qr,amazon-search,True,,,,,,,,,,,,,,,,,,,,,,,,,,,,,,,,,,,,,,,,,,,,,,,,,,TN,,,,,,,,,,
,1806151461,2023-12-05 02:36:15,2168.7,39486bb8305a2e3128c6ecd97d33378744922507,1342897,autoland,LastVisualChange,True,amazon-search LastVisualChange opt cold webrender,,77,ms,geckoview,False,|c|o|l|d| |w|e|b|r|e|n|d|e|r|,,4361205,13,8bad20cfa5c21f9f330712163e9ddf6ea850f908,102210fe594ee9b33d82058545b1ed14f4c8206e,android-hw-a51-11-0-aarch64-shippable-qr,amazon-search,True,,,,,,,,,,,,,,,,,,,,,,,,,,,,,,,,,,,,,,,,,,,,,,,,,,TN,,,,,,,,,,
,1806195249,2023-12-05 03:50:36,2212.1,775ade8b04da775ad41d5d135baae415863a874c,1342908,autoland,LastVisualChange,True,amazon-search LastVisualChange opt cold webrender,,77,ms,geckoview,False,|c|o|l|d| |w|e|b|r|e|n|d|e|r|,,4361205,13,8bad20cfa5c21f9f330712163e9ddf6ea850f908,102210fe594ee9b33d82058545b1ed14f4c8206e,android-hw-a51-11-0-aarch64-shippable-qr,amazon-search,True,,,,,,,,,,,,,,,,,,,,,,,,,,,,,,,,,,,,,,,,,,,,,,,,,,TN,,,,,,,,,,
,1806288141,2023-12-05 08:48:01,2260.9,429e8cc8473b4c76828d06e2f07abbeb9dbebd81,1342965,autoland,LastVisualChange,True,amazon-search LastVisualChange opt cold webrender,,77,ms,geckoview,False,|c|o|l|d| |w|e|b|r|e|n|d|e|r|,,4361205,13,8bad20cfa5c21f9f330712163e9ddf6ea850f908,102210fe594ee9b33d82058545b1ed14f4c8206e,android-hw-a51-11-0-aarch64-shippable-qr,amazon-search,True,,,,,,,,,,,,,,,,,,,,,,,,,,,,,,,,,,,,,,,,,,,,,,,,,,TN,,,,,,,,,,
,1806377672,2023-12-05 11:07:31,2532.2,10602eb918edd2ccf85a22fb60b3dc62c845c42a,1343031,autoland,LastVisualChange,True,amazon-search LastVisualChange opt cold webrender,,77,ms,geckoview,False,|c|o|l|d| |w|e|b|r|e|n|d|e|r|,,4361205,13,8bad20cfa5c21f9f330712163e9ddf6ea850f908,102210fe594ee9b33d82058545b1ed14f4c8206e,android-hw-a51-11-0-aarch64-shippable-qr,amazon-search,True,,,,,,,,,,,,,,,,,,,,,,,,,,,,,,,,,,,,,,,,,,,,,,,,,,TN,,,,,,,,,,
,1806555069,2023-12-05 15:11:37,2228.9,e603b8b016d76de025bea02bfdc1e0590166c2c0,1343145,autoland,LastVisualChange,True,amazon-search LastVisualChange opt cold webrender,,77,ms,geckoview,False,|c|o|l|d| |w|e|b|r|e|n|d|e|r|,,4361205,13,8bad20cfa5c21f9f330712163e9ddf6ea850f908,102210fe594ee9b33d82058545b1ed14f4c8206e,android-hw-a51-11-0-aarch64-shippable-qr,amazon-search,True,,,,,,,,,,,,,,,,,,,,,,,,,,,,,,,,,,,,,,,,,,,,,,,,,,TN,,,,,,,,,,
,1806644408,2023-12-05 16:28:46,2279.4,91bda8b5915b84ed6533a6620f955f271dc5aac3,1343203,autoland,LastVisualChange,True,amazon-search LastVisualChange opt cold webrender,,77,ms,geckoview,False,|c|o|l|d| |w|e|b|r|e|n|d|e|r|,,4361205,13,8bad20cfa5c21f9f330712163e9ddf6ea850f908,102210fe594ee9b33d82058545b1ed14f4c8206e,android-hw-a51-11-0-aarch64-shippable-qr,amazon-search,True,,,,,,,,,,,,,,,,,,,,,,,,,,,,,,,,,,,,,,,,,,,,,,,,,,TN,,,,,,,,,,
,1806720571,2023-12-05 20:37:35,2167.4,f778448a1da5f0622c4361d37810461a035f4627,1343409,autoland,LastVisualChange,True,amazon-search LastVisualChange opt cold webrender,,77,ms,geckoview,False,|c|o|l|d| |w|e|b|r|e|n|d|e|r|,,4361205,13,8bad20cfa5c21f9f330712163e9ddf6ea850f908,102210fe594ee9b33d82058545b1ed14f4c8206e,android-hw-a51-11-0-aarch64-shippable-qr,amazon-search,True,,,,,,,,,,,,,,,,,,,,,,,,,,,,,,,,,,,,,,,,,,,,,,,,,,TN,,,,,,,,,,
,1806803331,2023-12-05 21:38:52,2284.8,177375e24d1352ab203de0ac3aa53003c5d0ffd2,1343440,autoland,LastVisualChange,True,amazon-search LastVisualChange opt cold webrender,,77,ms,geckoview,False,|c|o|l|d| |w|e|b|r|e|n|d|e|r|,,4361205,13,8bad20cfa5c21f9f330712163e9ddf6ea850f908,102210fe594ee9b33d82058545b1ed14f4c8206e,android-hw-a51-11-0-aarch64-shippable-qr,amazon-search,True,,,,,,,,,,,,,,,,,,,,,,,,,,,,,,,,,,,,,,,,,,,,,,,,,,TN,,,,,,,,,,
,1806913879,2023-12-06 02:13:38,2241.8,30004166d9f2cc3399da68e8762c35b1b886c0dc,1343563,autoland,LastVisualChange,True,amazon-search LastVisualChange opt cold webrender,,77,ms,geckoview,False,|c|o|l|d| |w|e|b|r|e|n|d|e|r|,,4361205,13,8bad20cfa5c21f9f330712163e9ddf6ea850f908,102210fe594ee9b33d82058545b1ed14f4c8206e,android-hw-a51-11-0-aarch64-shippable-qr,amazon-search,True,,,,,,,,,,,,,,,,,,,,,,,,,,,,,,,,,,,,,,,,,,,,,,,,,,TN,,,,,,,,,,
,1807010978,2023-12-06 09:09:58,2149.2,63afa0f8febdc8b199d998d50bb76fc8f7945c3e,1343650,autoland,LastVisualChange,True,amazon-search LastVisualChange opt cold webrender,,77,ms,geckoview,False,|c|o|l|d| |w|e|b|r|e|n|d|e|r|,,4361205,13,8bad20cfa5c21f9f330712163e9ddf6ea850f908,102210fe594ee9b33d82058545b1ed14f4c8206e,android-hw-a51-11-0-aarch64-shippable-qr,amazon-search,True,,,,,,,,,,,,,,,,,,,,,,,,,,,,,,,,,,,,,,,,,,,,,,,,,,TN,,,,,,,,,,
,1807166513,2023-12-06 13:42:54,2242.0,52f516546de7ac66228e074000877d32ebf093af,1343745,autoland,LastVisualChange,True,amazon-search LastVisualChange opt cold webrender,,77,ms,geckoview,False,|c|o|l|d| |w|e|b|r|e|n|d|e|r|,,4361205,13,8bad20cfa5c21f9f330712163e9ddf6ea850f908,102210fe594ee9b33d82058545b1ed14f4c8206e,android-hw-a51-11-0-aarch64-shippable-qr,amazon-search,True,,,,,,,,,,,,,,,,,,,,,,,,,,,,,,,,,,,,,,,,,,,,,,,,,,TN,,,,,,,,,,
,1807137512,2023-12-06 14:11:26,2216.9,a035ddfc75fc597cd1df3c347d2cbbc50568f884,1343771,autoland,LastVisualChange,True,amazon-search LastVisualChange opt cold webrender,,77,ms,geckoview,False,|c|o|l|d| |w|e|b|r|e|n|d|e|r|,,4361205,13,8bad20cfa5c21f9f330712163e9ddf6ea850f908,102210fe594ee9b33d82058545b1ed14f4c8206e,android-hw-a51-11-0-aarch64-shippable-qr,amazon-search,True,,,,,,,,,,,,,,,,,,,,,,,,,,,,,,,,,,,,,,,,,,,,,,,,,,TN,,,,,,,,,,
,1807285728,2023-12-06 18:17:17,2169.4,ab110e2fcc6ab3c8e078fe970b109f482069386e,1343990,autoland,LastVisualChange,True,amazon-search LastVisualChange opt cold webrender,,77,ms,geckoview,False,|c|o|l|d| |w|e|b|r|e|n|d|e|r|,,4361205,13,8bad20cfa5c21f9f330712163e9ddf6ea850f908,102210fe594ee9b33d82058545b1ed14f4c8206e,android-hw-a51-11-0-aarch64-shippable-qr,amazon-search,True,,,,,,,,,,,,,,,,,,,,,,,,,,,,,,,,,,,,,,,,,,,,,,,,,,TN,,,,,,,,,,
,1807452831,2023-12-06 22:50:02,2227.0,f3fc0213f527ba806a10092bbadec34e00dbe4f6,1344189,autoland,LastVisualChange,True,amazon-search LastVisualChange opt cold webrender,,77,ms,geckoview,False,|c|o|l|d| |w|e|b|r|e|n|d|e|r|,,4361205,13,8bad20cfa5c21f9f330712163e9ddf6ea850f908,102210fe594ee9b33d82058545b1ed14f4c8206e,android-hw-a51-11-0-aarch64-shippable-qr,amazon-search,True,,,,,,,,,,,,,,,,,,,,,,,,,,,,,,,,,,,,,,,,,,,,,,,,,,TN,,,,,,,,,,
,1807540424,2023-12-07 04:18:34,2282.7,93a04e8835aaaf359b24f47f54d622f7d36fd813,1344290,autoland,LastVisualChange,True,amazon-search LastVisualChange opt cold webrender,,77,ms,geckoview,False,|c|o|l|d| |w|e|b|r|e|n|d|e|r|,,4361205,13,8bad20cfa5c21f9f330712163e9ddf6ea850f908,102210fe594ee9b33d82058545b1ed14f4c8206e,android-hw-a51-11-0-aarch64-shippable-qr,amazon-search,True,,,,,,,,,,,,,,,,,,,,,,,,,,,,,,,,,,,,,,,,,,,,,,,,,,TN,,,,,,,,,,
,1807636133,2023-12-07 09:07:30,2167.2,f5d904bee3fe6c9e79061b56c8499b6154f7d3ff,1344349,autoland,LastVisualChange,True,amazon-search LastVisualChange opt cold webrender,,77,ms,geckoview,False,|c|o|l|d| |w|e|b|r|e|n|d|e|r|,,4361205,13,8bad20cfa5c21f9f330712163e9ddf6ea850f908,102210fe594ee9b33d82058545b1ed14f4c8206e,android-hw-a51-11-0-aarch64-shippable-qr,amazon-search,True,,,,,,,,,,,,,,,,,,,,,,,,,,,,,,,,,,,,,,,,,,,,,,,,,,TN,,,,,,,,,,
,1807745683,2023-12-07 12:51:56,2235.3,bea12a00706c3b2951d467008996bf7e89d17e5b,1344456,autoland,LastVisualChange,True,amazon-search LastVisualChange opt cold webrender,,77,ms,geckoview,False,|c|o|l|d| |w|e|b|r|e|n|d|e|r|,,4361205,13,8bad20cfa5c21f9f330712163e9ddf6ea850f908,102210fe594ee9b33d82058545b1ed14f4c8206e,android-hw-a51-11-0-aarch64-shippable-qr,amazon-search,True,,,,,,,,,,,,,,,,,,,,,,,,,,,,,,,,,,,,,,,,,,,,,,,,,,TN,,,,,,,,,,
,1808089248,2023-12-07 21:41:48,2297.2,797281d7e3b5fdd5f6a033248fec7bd885227546,1344786,autoland,LastVisualChange,True,amazon-search LastVisualChange opt cold webrender,,77,ms,geckoview,False,|c|o|l|d| |w|e|b|r|e|n|d|e|r|,,4361205,13,8bad20cfa5c21f9f330712163e9ddf6ea850f908,102210fe594ee9b33d82058545b1ed14f4c8206e,android-hw-a51-11-0-aarch64-shippable-qr,amazon-search,True,,,,,,,,,,,,,,,,,,,,,,,,,,,,,,,,,,,,,,,,,,,,,,,,,,TN,,,,,,,,,,
,1808118520,2023-12-07 22:56:27,2153.9,c34126c5e2a85c81e511c7c4017e7f2694ddce13,1344823,autoland,LastVisualChange,True,amazon-search LastVisualChange opt cold webrender,,77,ms,geckoview,False,|c|o|l|d| |w|e|b|r|e|n|d|e|r|,,4361205,13,8bad20cfa5c21f9f330712163e9ddf6ea850f908,102210fe594ee9b33d82058545b1ed14f4c8206e,android-hw-a51-11-0-aarch64-shippable-qr,amazon-search,True,,,,,,,,,,,,,,,,,,,,,,,,,,,,,,,,,,,,,,,,,,,,,,,,,,TN,,,,,,,,,,
,1808405787,2023-12-08 04:49:01,2237.6,3152110c63b5c99048b0651867ecf7723aa5ddf8,1344948,autoland,LastVisualChange,True,amazon-search LastVisualChange opt cold webrender,,77,ms,geckoview,False,|c|o|l|d| |w|e|b|r|e|n|d|e|r|,,4361205,13,8bad20cfa5c21f9f330712163e9ddf6ea850f908,102210fe594ee9b33d82058545b1ed14f4c8206e,android-hw-a51-11-0-aarch64-shippable-qr,amazon-search,True,,,,,,,,,,,,,,,,,,,,,,,,,,,,,,,,,,,,,,,,,,,,,,,,,,TN,,,,,,,,,,
,1808405962,2023-12-08 04:49:01,2215.5,3152110c63b5c99048b0651867ecf7723aa5ddf8,1344948,autoland,LastVisualChange,True,amazon-search LastVisualChange opt cold webrender,,77,ms,geckoview,False,|c|o|l|d| |w|e|b|r|e|n|d|e|r|,,4361205,13,8bad20cfa5c21f9f330712163e9ddf6ea850f908,102210fe594ee9b33d82058545b1ed14f4c8206e,android-hw-a51-11-0-aarch64-shippable-qr,amazon-search,True,,,,,,,,,,,,,,,,,,,,,,,,,,,,,,,,,,,,,,,,,,,,,,,,,,TN,,,,,,,,,,
,1808405812,2023-12-08 04:49:01,2171.6,3152110c63b5c99048b0651867ecf7723aa5ddf8,1344948,autoland,LastVisualChange,True,amazon-search LastVisualChange opt cold webrender,,77,ms,geckoview,False,|c|o|l|d| |w|e|b|r|e|n|d|e|r|,,4361205,13,8bad20cfa5c21f9f330712163e9ddf6ea850f908,102210fe594ee9b33d82058545b1ed14f4c8206e,android-hw-a51-11-0-aarch64-shippable-qr,amazon-search,True,,,,,,,,,,,,,,,,,,,,,,,,,,,,,,,,,,,,,,,,,,,,,,,,,,TN,,,,,,,,,,
,1808508181,2023-12-08 09:01:47,2303.3,ff785fa504232b935c33c7d8c38a1cdc2f8d2d35,1345044,autoland,LastVisualChange,True,amazon-search LastVisualChange opt cold webrender,,77,ms,geckoview,False,|c|o|l|d| |w|e|b|r|e|n|d|e|r|,,4361205,13,8bad20cfa5c21f9f330712163e9ddf6ea850f908,102210fe594ee9b33d82058545b1ed14f4c8206e,android-hw-a51-11-0-aarch64-shippable-qr,amazon-search,True,,,,,,,,,,,,,,,,,,,,,,,,,,,,,,,,,,,,,,,,,,,,,,,,,,TN,,,,,,,,,,
,1808824949,2023-12-08 14:53:30,2229.2,84f194823b719420c22157f7e540e660397a17f2,1345173,autoland,LastVisualChange,True,amazon-search LastVisualChange opt cold webrender,,77,ms,geckoview,False,|c|o|l|d| |w|e|b|r|e|n|d|e|r|,,4361205,13,8bad20cfa5c21f9f330712163e9ddf6ea850f908,102210fe594ee9b33d82058545b1ed14f4c8206e,android-hw-a51-11-0-aarch64-shippable-qr,amazon-search,True,,,,,,,,,,,,,,,,,,,,,,,,,,,,,,,,,,,,,,,,,,,,,,,,,,TN,,,,,,,,,,
,1809003951,2023-12-08 20:09:00,2146.4,6f5601bcf5ef9fa22b46e44e1d5e34893a04fc9e,1345337,autoland,LastVisualChange,True,amazon-search LastVisualChange opt cold webrender,,77,ms,geckoview,False,|c|o|l|d| |w|e|b|r|e|n|d|e|r|,,4361205,13,8bad20cfa5c21f9f330712163e9ddf6ea850f908,102210fe594ee9b33d82058545b1ed14f4c8206e,android-hw-a51-11-0-aarch64-shippable-qr,amazon-search,True,,,,,,,,,,,,,,,,,,,,,,,,,,,,,,,,,,,,,,,,,,,,,,,,,,TN,,,,,,,,,,
,1809027794,2023-12-09 00:35:37,2240.7,5e7ca7b9c60d764540bfc20b243ffaa67dfbfaa9,1345495,autoland,LastVisualChange,True,amazon-search LastVisualChange opt cold webrender,,77,ms,geckoview,False,|c|o|l|d| |w|e|b|r|e|n|d|e|r|,,4361205,13,8bad20cfa5c21f9f330712163e9ddf6ea850f908,102210fe594ee9b33d82058545b1ed14f4c8206e,android-hw-a51-11-0-aarch64-shippable-qr,amazon-search,True,,,,,,,,,,,,,,,,,,,,,,,,,,,,,,,,,,,,,,,,,,,,,,,,,,TN,,,,,,,,,,
,1809036427,2023-12-09 00:36:34,2256.0,9536c8afccb6fe6adb81c34e04ad22608a1cc454,1345496,autoland,LastVisualChange,True,amazon-search LastVisualChange opt cold webrender,,77,ms,geckoview,False,|c|o|l|d| |w|e|b|r|e|n|d|e|r|,,4361205,13,8bad20cfa5c21f9f330712163e9ddf6ea850f908,102210fe594ee9b33d82058545b1ed14f4c8206e,android-hw-a51-11-0-aarch64-shippable-qr,amazon-search,True,,,,,,,,,,,,,,,,,,,,,,,,,,,,,,,,,,,,,,,,,,,,,,,,,,TN,,,,,,,,,,
,1809228288,2023-12-09 11:58:04,2249.2,ce53d4215ca91122e12f63ca196acefc22a8d98c,1345582,autoland,LastVisualChange,True,amazon-search LastVisualChange opt cold webrender,,77,ms,geckoview,False,|c|o|l|d| |w|e|b|r|e|n|d|e|r|,,4361205,13,8bad20cfa5c21f9f330712163e9ddf6ea850f908,102210fe594ee9b33d82058545b1ed14f4c8206e,android-hw-a51-11-0-aarch64-shippable-qr,amazon-search,True,,,,,,,,,,,,,,,,,,,,,,,,,,,,,,,,,,,,,,,,,,,,,,,,,,TN,,,,,,,,,,
,1809271627,2023-12-09 16:44:21,2159.0,199c3dc51f2dd8c55a3346ac587238e6376b7236,1345611,autoland,LastVisualChange,True,amazon-search LastVisualChange opt cold webrender,,77,ms,geckoview,False,|c|o|l|d| |w|e|b|r|e|n|d|e|r|,,4361205,13,8bad20cfa5c21f9f330712163e9ddf6ea850f908,102210fe594ee9b33d82058545b1ed14f4c8206e,android-hw-a51-11-0-aarch64-shippable-qr,amazon-search,True,,,,,,,,,,,,,,,,,,,,,,,,,,,,,,,,,,,,,,,,,,,,,,,,,,TN,,,,,,,,,,
,1809292139,2023-12-09 17:32:11,2190.1,037b4a8e4edce03936a64d9d073da41b8b1bd9fb,1345614,autoland,LastVisualChange,True,amazon-search LastVisualChange opt cold webrender,,77,ms,geckoview,False,|c|o|l|d| |w|e|b|r|e|n|d|e|r|,,4361205,13,8bad20cfa5c21f9f330712163e9ddf6ea850f908,102210fe594ee9b33d82058545b1ed14f4c8206e,android-hw-a51-11-0-aarch64-shippable-qr,amazon-search,True,,,,,,,,,,,,,,,,,,,,,,,,,,,,,,,,,,,,,,,,,,,,,,,,,,TN,,,,,,,,,,
,1809372369,2023-12-10 03:19:38,2310.7,815bf21f166b5019bdab6ec104bc2f4475a7b553,1345657,autoland,LastVisualChange,True,amazon-search LastVisualChange opt cold webrender,,77,ms,geckoview,False,|c|o|l|d| |w|e|b|r|e|n|d|e|r|,,4361205,13,8bad20cfa5c21f9f330712163e9ddf6ea850f908,102210fe594ee9b33d82058545b1ed14f4c8206e,android-hw-a51-11-0-aarch64-shippable-qr,amazon-search,True,,,,,,,,,,,,,,,,,,,,,,,,,,,,,,,,,,,,,,,,,,,,,,,,,,TN,,,,,,,,,,
,1809498466,2023-12-11 00:42:11,2299.8,d4ee61633ce965862e2ee27be32e8a58344a7b03,1345765,autoland,LastVisualChange,True,amazon-search LastVisualChange opt cold webrender,,77,ms,geckoview,False,|c|o|l|d| |w|e|b|r|e|n|d|e|r|,,4361205,13,8bad20cfa5c21f9f330712163e9ddf6ea850f908,102210fe594ee9b33d82058545b1ed14f4c8206e,android-hw-a51-11-0-aarch64-shippable-qr,amazon-search,True,,,,,,,,,,,,,,,,,,,,,,,,,,,,,,,,,,,,,,,,,,,,,,,,,,TN,,,,,,,,,,
,1809537887,2023-12-11 06:57:03,2213.5,e84648aa607a32b9e4bbd2378f5a7caf9e31264a,1345835,autoland,LastVisualChange,True,amazon-search LastVisualChange opt cold webrender,,77,ms,geckoview,False,|c|o|l|d| |w|e|b|r|e|n|d|e|r|,,4361205,13,8bad20cfa5c21f9f330712163e9ddf6ea850f908,102210fe594ee9b33d82058545b1ed14f4c8206e,android-hw-a51-11-0-aarch64-shippable-qr,amazon-search,True,,,,,,,,,,,,,,,,,,,,,,,,,,,,,,,,,,,,,,,,,,,,,,,,,,TN,,,,,,,,,,
,1809596318,2023-12-11 09:13:41,2279.4,25a3d6c779f3ef9a9220e2d972c18f2e5a039cb2,1345868,autoland,LastVisualChange,True,amazon-search LastVisualChange opt cold webrender,,77,ms,geckoview,False,|c|o|l|d| |w|e|b|r|e|n|d|e|r|,,4361205,13,8bad20cfa5c21f9f330712163e9ddf6ea850f908,102210fe594ee9b33d82058545b1ed14f4c8206e,android-hw-a51-11-0-aarch64-shippable-qr,amazon-search,True,,,,,,,,,,,,,,,,,,,,,,,,,,,,,,,,,,,,,,,,,,,,,,,,,,TN,,,,,,,,,,
,1809742037,2023-12-11 13:39:55,2207.8,46d1ac4f2e9c8c9c173c430225737701542931bb,1346049,autoland,LastVisualChange,True,amazon-search LastVisualChange opt cold webrender,,77,ms,geckoview,False,|c|o|l|d| |w|e|b|r|e|n|d|e|r|,,4361205,13,8bad20cfa5c21f9f330712163e9ddf6ea850f908,102210fe594ee9b33d82058545b1ed14f4c8206e,android-hw-a51-11-0-aarch64-shippable-qr,amazon-search,True,,,,,,,,,,,,,,,,,,,,,,,,,,,,,,,,,,,,,,,,,,,,,,,,,,TN,,,,,,,,,,
,1809823960,2023-12-11 15:49:45,2286.6,fbda7db8e39b50ebf5ed7092f81706bd1d8c91ab,1346158,autoland,LastVisualChange,True,amazon-search LastVisualChange opt cold webrender,,77,ms,geckoview,False,|c|o|l|d| |w|e|b|r|e|n|d|e|r|,,4361205,13,8bad20cfa5c21f9f330712163e9ddf6ea850f908,102210fe594ee9b33d82058545b1ed14f4c8206e,android-hw-a51-11-0-aarch64-shippable-qr,amazon-search,True,,,,,,,,,,,,,,,,,,,,,,,,,,,,,,,,,,,,,,,,,,,,,,,,,,TN,,,,,,,,,,
,1809885135,2023-12-11 18:22:43,2248.5,8043d7693dbaf145c601652e0b8947d55f399fd8,1346298,autoland,LastVisualChange,True,amazon-search LastVisualChange opt cold webrender,,77,ms,geckoview,False,|c|o|l|d| |w|e|b|r|e|n|d|e|r|,,4361205,13,8bad20cfa5c21f9f330712163e9ddf6ea850f908,102210fe594ee9b33d82058545b1ed14f4c8206e,android-hw-a51-11-0-aarch64-shippable-qr,amazon-search,True,,,,,,,,,,,,,,,,,,,,,,,,,,,,,,,,,,,,,,,,,,,,,,,,,,TN,,,,,,,,,,
,1809976508,2023-12-11 21:32:13,2194.2,c2126b815d283d4d848e431071fa77e023b06eb2,1346462,autoland,LastVisualChange,True,amazon-search LastVisualChange opt cold webrender,,77,ms,geckoview,False,|c|o|l|d| |w|e|b|r|e|n|d|e|r|,,4361205,13,8bad20cfa5c21f9f330712163e9ddf6ea850f908,102210fe594ee9b33d82058545b1ed14f4c8206e,android-hw-a51-11-0-aarch64-shippable-qr,amazon-search,True,,,,,,,,,,,,,,,,,,,,,,,,,,,,,,,,,,,,,,,,,,,,,,,,,,TN,,,,,,,,,,
,1810038054,2023-12-12 01:33:17,2210.9,6e08bc24f0ba8814dfda465963c22d139bf6e80b,1346620,autoland,LastVisualChange,True,amazon-search LastVisualChange opt cold webrender,,77,ms,geckoview,False,|c|o|l|d| |w|e|b|r|e|n|d|e|r|,,4361205,13,8bad20cfa5c21f9f330712163e9ddf6ea850f908,102210fe594ee9b33d82058545b1ed14f4c8206e,android-hw-a51-11-0-aarch64-shippable-qr,amazon-search,True,,,,,,,,,,,,,,,,,,,,,,,,,,,,,,,,,,,,,,,,,,,,,,,,,,TN,,,,,,,,,,
,1810111535,2023-12-12 04:01:22,2236.8,55cd203304b8d5343dd941d772085dc25fd278c4,1346691,autoland,LastVisualChange,True,amazon-search LastVisualChange opt cold webrender,,77,ms,geckoview,False,|c|o|l|d| |w|e|b|r|e|n|d|e|r|,,4361205,13,8bad20cfa5c21f9f330712163e9ddf6ea850f908,102210fe594ee9b33d82058545b1ed14f4c8206e,android-hw-a51-11-0-aarch64-shippable-qr,amazon-search,True,,,,,,,,,,,,,,,,,,,,,,,,,,,,,,,,,,,,,,,,,,,,,,,,,,TN,,,,,,,,,,
,1810219873,2023-12-12 08:08:04,2193.0,64c2a5cd2e5c12acc49f695acaca7fc074be00ef,1346735,autoland,LastVisualChange,True,amazon-search LastVisualChange opt cold webrender,,77,ms,geckoview,False,|c|o|l|d| |w|e|b|r|e|n|d|e|r|,,4361205,13,8bad20cfa5c21f9f330712163e9ddf6ea850f908,102210fe594ee9b33d82058545b1ed14f4c8206e,android-hw-a51-11-0-aarch64-shippable-qr,amazon-search,True,,,,,,,,,,,,,,,,,,,,,,,,,,,,,,,,,,,,,,,,,,,,,,,,,,TN,,,,,,,,,,
,1810367488,2023-12-12 13:15:06,2228.9,378226435d1f217637869bc238a2bff9ae584e04,1346892,autoland,LastVisualChange,True,amazon-search LastVisualChange opt cold webrender,,77,ms,geckoview,False,|c|o|l|d| |w|e|b|r|e|n|d|e|r|,,4361205,13,8bad20cfa5c21f9f330712163e9ddf6ea850f908,102210fe594ee9b33d82058545b1ed14f4c8206e,android-hw-a51-11-0-aarch64-shippable-qr,amazon-search,True,,,,,,,,,,,,,,,,,,,,,,,,,,,,,,,,,,,,,,,,,,,,,,,,,,TN,,,,,,,,,,
,1810371888,2023-12-12 13:20:17,2251.1,661e5ee3675f09044e67f461631530ae9bc19953,1346894,autoland,LastVisualChange,True,amazon-search LastVisualChange opt cold webrender,,77,ms,geckoview,False,|c|o|l|d| |w|e|b|r|e|n|d|e|r|,,4361205,13,8bad20cfa5c21f9f330712163e9ddf6ea850f908,102210fe594ee9b33d82058545b1ed14f4c8206e,android-hw-a51-11-0-aarch64-shippable-qr,amazon-search,True,,,,,,,,,,,,,,,,,,,,,,,,,,,,,,,,,,,,,,,,,,,,,,,,,,TN,,,,,,,,,,
,1810533501,2023-12-12 17:56:51,2184.8,89856dfbbbb09660fd0b56d3d9ba6f60c823c81f,1347131,autoland,LastVisualChange,True,amazon-search LastVisualChange opt cold webrender,,77,ms,geckoview,False,|c|o|l|d| |w|e|b|r|e|n|d|e|r|,,4361205,13,8bad20cfa5c21f9f330712163e9ddf6ea850f908,102210fe594ee9b33d82058545b1ed14f4c8206e,android-hw-a51-11-0-aarch64-shippable-qr,amazon-search,True,,,,,,,,,,,,,,,,,,,,,,,,,,,,,,,,,,,,,,,,,,,,,,,,,,TN,,,,,,,,,,
,1810572616,2023-12-12 18:39:48,2282.2,b7336e3f433e4055ba8a7fcb5c2f756e0e9b59ef,1347165,autoland,LastVisualChange,True,amazon-search LastVisualChange opt cold webrender,,77,ms,geckoview,False,|c|o|l|d| |w|e|b|r|e|n|d|e|r|,,4361205,13,8bad20cfa5c21f9f330712163e9ddf6ea850f908,102210fe594ee9b33d82058545b1ed14f4c8206e,android-hw-a51-11-0-aarch64-shippable-qr,amazon-search,True,,,,,,,,,,,,,,,,,,,,,,,,,,,,,,,,,,,,,,,,,,,,,,,,,,TN,,,,,,,,,,
,1810620882,2023-12-12 20:06:07,2273.7,7272d706196d83e16ea8366481dce5127407ba4d,1347223,autoland,LastVisualChange,True,amazon-search LastVisualChange opt cold webrender,,77,ms,geckoview,False,|c|o|l|d| |w|e|b|r|e|n|d|e|r|,,4361205,13,8bad20cfa5c21f9f330712163e9ddf6ea850f908,102210fe594ee9b33d82058545b1ed14f4c8206e,android-hw-a51-11-0-aarch64-shippable-qr,amazon-search,True,,,,,,,,,,,,,,,,,,,,,,,,,,,,,,,,,,,,,,,,,,,,,,,,,,TN,,,,,,,,,,
,1810748355,2023-12-13 00:40:28,2253.4,f823ab1d9a00b627089b75899e588823b584a9c4,1347426,autoland,LastVisualChange,True,amazon-search LastVisualChange opt cold webrender,,77,ms,geckoview,False,|c|o|l|d| |w|e|b|r|e|n|d|e|r|,,4361205,13,8bad20cfa5c21f9f330712163e9ddf6ea850f908,102210fe594ee9b33d82058545b1ed14f4c8206e,android-hw-a51-11-0-aarch64-shippable-qr,amazon-search,True,,,,,,,,,,,,,,,,,,,,,,,,,,,,,,,,,,,,,,,,,,,,,,,,,,TN,,,,,,,,,,
,1810809300,2023-12-13 01:59:28,2209.4,c7169e7d15af250d7b1ffb91c072a4b2309457c1,1347482,autoland,LastVisualChange,True,amazon-search LastVisualChange opt cold webrender,,77,ms,geckoview,False,|c|o|l|d| |w|e|b|r|e|n|d|e|r|,,4361205,13,8bad20cfa5c21f9f330712163e9ddf6ea850f908,102210fe594ee9b33d82058545b1ed14f4c8206e,android-hw-a51-11-0-aarch64-shippable-qr,amazon-search,True,,,,,,,,,,,,,,,,,,,,,,,,,,,,,,,,,,,,,,,,,,,,,,,,,,TN,,,,,,,,,,
,1810851483,2023-12-13 03:53:55,2316.7,de73ddb24c16e91d220095612fc21b6636e51f81,1347525,autoland,LastVisualChange,True,amazon-search LastVisualChange opt cold webrender,,77,ms,geckoview,False,|c|o|l|d| |w|e|b|r|e|n|d|e|r|,,4361205,13,8bad20cfa5c21f9f330712163e9ddf6ea850f908,102210fe594ee9b33d82058545b1ed14f4c8206e,android-hw-a51-11-0-aarch64-shippable-qr,amazon-search,True,,,,,,,,,,,,,,,,,,,,,,,,,,,,,,,,,,,,,,,,,,,,,,,,,,TN,,,,,,,,,,
,1810900345,2023-12-13 08:08:28,2137.3,de61802013d3eabd67e8f7c4382ab95c650835ba,1347584,autoland,LastVisualChange,True,amazon-search LastVisualChange opt cold webrender,,77,ms,geckoview,False,|c|o|l|d| |w|e|b|r|e|n|d|e|r|,,4361205,13,8bad20cfa5c21f9f330712163e9ddf6ea850f908,102210fe594ee9b33d82058545b1ed14f4c8206e,android-hw-a51-11-0-aarch64-shippable-qr,amazon-search,True,,,,,,,,,,,,,,,,,,,,,,,,,,,,,,,,,,,,,,,,,,,,,,,,,,TN,,,,,,,,,,
,1810975880,2023-12-13 10:08:23,2278.6,12f45306a093afef1d1ed86121d9fcd9e8c69e15,1347641,autoland,LastVisualChange,True,amazon-search LastVisualChange opt cold webrender,,77,ms,geckoview,False,|c|o|l|d| |w|e|b|r|e|n|d|e|r|,,4361205,13,8bad20cfa5c21f9f330712163e9ddf6ea850f908,102210fe594ee9b33d82058545b1ed14f4c8206e,android-hw-a51-11-0-aarch64-shippable-qr,amazon-search,True,,,,,,,,,,,,,,,,,,,,,,,,,,,,,,,,,,,,,,,,,,,,,,,,,,TN,,,,,,,,,,
,1811037301,2023-12-13 13:51:07,2265.0,a54a846dda9a20948451fa14e9ebbd3bb19c826c,1347765,autoland,LastVisualChange,True,amazon-search LastVisualChange opt cold webrender,,77,ms,geckoview,False,|c|o|l|d| |w|e|b|r|e|n|d|e|r|,,4361205,13,8bad20cfa5c21f9f330712163e9ddf6ea850f908,102210fe594ee9b33d82058545b1ed14f4c8206e,android-hw-a51-11-0-aarch64-shippable-qr,amazon-search,True,,,,,,,,,,,,,,,,,,,,,,,,,,,,,,,,,,,,,,,,,,,,,,,,,,TN,,,,,,,,,,
,1811138404,2023-12-13 17:42:49,2134.9,951b244454e1790b94e5fa8474efc7fb8c990e28,1347961,autoland,LastVisualChange,True,amazon-search LastVisualChange opt cold webrender,,77,ms,geckoview,False,|c|o|l|d| |w|e|b|r|e|n|d|e|r|,,4361205,13,8bad20cfa5c21f9f330712163e9ddf6ea850f908,102210fe594ee9b33d82058545b1ed14f4c8206e,android-hw-a51-11-0-aarch64-shippable-qr,amazon-search,True,,,,,,,,,,,,,,,,,,,,,,,,,,,,,,,,,,,,,,,,,,,,,,,,,,TN,,,,,,,,,,
,1811270552,2023-12-13 20:42:40,2328.4,b89dc85aa7e47069b80251ce43d7d66c034a5b88,1348117,autoland,LastVisualChange,True,amazon-search LastVisualChange opt cold webrender,,77,ms,geckoview,False,|c|o|l|d| |w|e|b|r|e|n|d|e|r|,,4361205,13,8bad20cfa5c21f9f330712163e9ddf6ea850f908,102210fe594ee9b33d82058545b1ed14f4c8206e,android-hw-a51-11-0-aarch64-shippable-qr,amazon-search,True,,,,,,,,,,,,,,,,,,,,,,,,,,,,,,,,,,,,,,,,,,,,,,,,,,TN,,,,,,,,,,
,1811384180,2023-12-14 01:23:55,2309.3,12888ec6533c4e6ec49c2d7081e67ac660129ab6,1348332,autoland,LastVisualChange,True,amazon-search LastVisualChange opt cold webrender,,77,ms,geckoview,False,|c|o|l|d| |w|e|b|r|e|n|d|e|r|,,4361205,13,8bad20cfa5c21f9f330712163e9ddf6ea850f908,102210fe594ee9b33d82058545b1ed14f4c8206e,android-hw-a51-11-0-aarch64-shippable-qr,amazon-search,True,,,,,,,,,,,,,,,,,,,,,,,,,,,,,,,,,,,,,,,,,,,,,,,,,,TN,,,,,,,,,,
,1811488050,2023-12-14 06:57:49,2213.3,3af75f3310fc53f70cba7e6c5a7e7bec2d3381dc,1348404,autoland,LastVisualChange,True,amazon-search LastVisualChange opt cold webrender,,77,ms,geckoview,False,|c|o|l|d| |w|e|b|r|e|n|d|e|r|,,4361205,13,8bad20cfa5c21f9f330712163e9ddf6ea850f908,102210fe594ee9b33d82058545b1ed14f4c8206e,android-hw-a51-11-0-aarch64-shippable-qr,amazon-search,True,,,,,,,,,,,,,,,,,,,,,,,,,,,,,,,,,,,,,,,,,,,,,,,,,,TN,,,,,,,,,,
,1811560818,2023-12-14 09:15:58,2199.2,1c0fd259312d4631a0d1a7e0ea0560cff577beba,1348457,autoland,LastVisualChange,True,amazon-search LastVisualChange opt cold webrender,,77,ms,geckoview,False,|c|o|l|d| |w|e|b|r|e|n|d|e|r|,,4361205,13,8bad20cfa5c21f9f330712163e9ddf6ea850f908,102210fe594ee9b33d82058545b1ed14f4c8206e,android-hw-a51-11-0-aarch64-shippable-qr,amazon-search,True,,,,,,,,,,,,,,,,,,,,,,,,,,,,,,,,,,,,,,,,,,,,,,,,,,TN,,,,,,,,,,
,1811745728,2023-12-14 13:22:59,2271.1,31a1108bee2768e6f329db2b083b5066b2c83def,1348529,autoland,LastVisualChange,True,amazon-search LastVisualChange opt cold webrender,,77,ms,geckoview,False,|c|o|l|d| |w|e|b|r|e|n|d|e|r|,,4361205,13,8bad20cfa5c21f9f330712163e9ddf6ea850f908,102210fe594ee9b33d82058545b1ed14f4c8206e,android-hw-a51-11-0-aarch64-shippable-qr,amazon-search,True,,,,,,,,,,,,,,,,,,,,,,,,,,,,,,,,,,,,,,,,,,,,,,,,,,TN,,,,,,,,,,
,1811923380,2023-12-14 15:25:58,2253.7,44c4e62a38e1a18cd9c3cdc37be672c5b2eccb06,1348605,autoland,LastVisualChange,True,amazon-search LastVisualChange opt cold webrender,,77,ms,geckoview,False,|c|o|l|d| |w|e|b|r|e|n|d|e|r|,,4361205,13,8bad20cfa5c21f9f330712163e9ddf6ea850f908,102210fe594ee9b33d82058545b1ed14f4c8206e,android-hw-a51-11-0-aarch64-shippable-qr,amazon-search,True,,,,,,,,,,,,,,,,,,,,,,,,,,,,,,,,,,,,,,,,,,,,,,,,,,TN,,,,,,,,,,
,1812039409,2023-12-14 19:45:40,2165.5,5b5faa47b870a45949438e5959b9ef04204a9bac,1348855,autoland,LastVisualChange,True,amazon-search LastVisualChange opt cold webrender,,77,ms,geckoview,False,|c|o|l|d| |w|e|b|r|e|n|d|e|r|,,4361205,13,8bad20cfa5c21f9f330712163e9ddf6ea850f908,102210fe594ee9b33d82058545b1ed14f4c8206e,android-hw-a51-11-0-aarch64-shippable-qr,amazon-search,True,,,,,,,,,,,,,,,,,,,,,,,,,,,,,,,,,,,,,,,,,,,,,,,,,,TN,,,,,,,,,,
,1812186615,2023-12-14 21:45:13,2229.5,04ae3a53d7df39b7ef7380e872889038951a9e63,1348957,autoland,LastVisualChange,True,amazon-search LastVisualChange opt cold webrender,,77,ms,geckoview,False,|c|o|l|d| |w|e|b|r|e|n|d|e|r|,,4361205,13,8bad20cfa5c21f9f330712163e9ddf6ea850f908,102210fe594ee9b33d82058545b1ed14f4c8206e,android-hw-a51-11-0-aarch64-shippable-qr,amazon-search,True,,,,,,,,,,,,,,,,,,,,,,,,,,,,,,,,,,,,,,,,,,,,,,,,,,TN,,,,,,,,,,
,1812297785,2023-12-15 01:58:19,2344.1,efffe49c7c1c0f6b54d9f752224880e07e588f36,1349130,autoland,LastVisualChange,True,amazon-search LastVisualChange opt cold webrender,,77,ms,geckoview,False,|c|o|l|d| |w|e|b|r|e|n|d|e|r|,,4361205,13,8bad20cfa5c21f9f330712163e9ddf6ea850f908,102210fe594ee9b33d82058545b1ed14f4c8206e,android-hw-a51-11-0-aarch64-shippable-qr,amazon-search,True,,,,,,,,,,,,,,,,,,,,,,,,,,,,,,,,,,,,,,,,,,,,,,,,,,TN,,,,,,,,,,
,1812486929,2023-12-15 11:00:39,2219.1,d3a29d02b3dd8d8cfbfff6fcad00d94226e102e8,1349239,autoland,LastVisualChange,True,amazon-search LastVisualChange opt cold webrender,,77,ms,geckoview,False,|c|o|l|d| |w|e|b|r|e|n|d|e|r|,,4361205,13,8bad20cfa5c21f9f330712163e9ddf6ea850f908,102210fe594ee9b33d82058545b1ed14f4c8206e,android-hw-a51-11-0-aarch64-shippable-qr,amazon-search,True,,,,,,,,,,,,,,,,,,,,,,,,,,,,,,,,,,,,,,,,,,,,,,,,,,TN,,,,,,,,,,
,1812719628,2023-12-15 15:09:59,2246.6,8fd04cb03fbd84435d9834d1de340c2f64e013bb,1349331,autoland,LastVisualChange,True,amazon-search LastVisualChange opt cold webrender,,77,ms,geckoview,False,|c|o|l|d| |w|e|b|r|e|n|d|e|r|,,4361205,13,8bad20cfa5c21f9f330712163e9ddf6ea850f908,102210fe594ee9b33d82058545b1ed14f4c8206e,android-hw-a51-11-0-aarch64-shippable-qr,amazon-search,True,,,,,,,,,,,,,,,,,,,,,,,,,,,,,,,,,,,,,,,,,,,,,,,,,,TN,,,,,,,,,,
,1812846165,2023-12-15 20:18:56,2366.2,8f1a041ed5a88918a5fe585c89ffabd9450bc0ef,1349528,autoland,LastVisualChange,True,amazon-search LastVisualChange opt cold webrender,,77,ms,geckoview,False,|c|o|l|d| |w|e|b|r|e|n|d|e|r|,,4361205,13,8bad20cfa5c21f9f330712163e9ddf6ea850f908,102210fe594ee9b33d82058545b1ed14f4c8206e,android-hw-a51-11-0-aarch64-shippable-qr,amazon-search,True,,,,,,,,,,,,,,,,,,,,,,,,,,,,,,,,,,,,,,,,,,,,,,,,,,TN,,,,,,,,,,
,1813006782,2023-12-16 02:28:17,2262.9,33b0a0fecfd912ef3f540060b5e13f54db31d5cd,1349675,autoland,LastVisualChange,True,amazon-search LastVisualChange opt cold webrender,,77,ms,geckoview,False,|c|o|l|d| |w|e|b|r|e|n|d|e|r|,,4361205,13,8bad20cfa5c21f9f330712163e9ddf6ea850f908,102210fe594ee9b33d82058545b1ed14f4c8206e,android-hw-a51-11-0-aarch64-shippable-qr,amazon-search,True,,,,,,,,,,,,,,,,,,,,,,,,,,,,,,,,,,,,,,,,,,,,,,,,,,TN,,,,,,,,,,
,1813165814,2023-12-16 14:03:11,2324.4,6d6d4867b0f48dce26d871d94c5f74f5a8ac6aaf,1349726,autoland,LastVisualChange,True,amazon-search LastVisualChange opt cold webrender,,77,ms,geckoview,False,|c|o|l|d| |w|e|b|r|e|n|d|e|r|,,4361205,13,8bad20cfa5c21f9f330712163e9ddf6ea850f908,102210fe594ee9b33d82058545b1ed14f4c8206e,android-hw-a51-11-0-aarch64-shippable-qr,amazon-search,True,,,,,,,,,,,,,,,,,,,,,,,,,,,,,,,,,,,,,,,,,,,,,,,,,,TN,,,,,,,,,,
,1813344634,2023-12-17 06:27:55,2250.7,2d19e1f44e562ba1bb3be1f4b8f95b9884d9b07d,1349827,autoland,LastVisualChange,True,amazon-search LastVisualChange opt cold webrender,,77,ms,geckoview,False,|c|o|l|d| |w|e|b|r|e|n|d|e|r|,,4361205,13,8bad20cfa5c21f9f330712163e9ddf6ea850f908,102210fe594ee9b33d82058545b1ed14f4c8206e,android-hw-a51-11-0-aarch64-shippable-qr,amazon-search,True,,,,,,,,,,,,,,,,,,,,,,,,,,,,,,,,,,,,,,,,,,,,,,,,,,TN,,,,,,,,,,
,1813435614,2023-12-17 14:26:46,2231.1,ab5e2f241728caa5dc020e829b1045df55247758,1349862,autoland,LastVisualChange,True,amazon-search LastVisualChange opt cold webrender,,77,ms,geckoview,False,|c|o|l|d| |w|e|b|r|e|n|d|e|r|,,4361205,13,8bad20cfa5c21f9f330712163e9ddf6ea850f908,102210fe594ee9b33d82058545b1ed14f4c8206e,android-hw-a51-11-0-aarch64-shippable-qr,amazon-search,True,,,,,,,,,,,,,,,,,,,,,,,,,,,,,,,,,,,,,,,,,,,,,,,,,,TN,,,,,,,,,,
,1813533173,2023-12-18 01:43:16,2171.9,b46057158b0694677a8174089de1cb8929d3116b,1349993,autoland,LastVisualChange,True,amazon-search LastVisualChange opt cold webrender,,77,ms,geckoview,False,|c|o|l|d| |w|e|b|r|e|n|d|e|r|,,4361205,13,8bad20cfa5c21f9f330712163e9ddf6ea850f908,102210fe594ee9b33d82058545b1ed14f4c8206e,android-hw-a51-11-0-aarch64-shippable-qr,amazon-search,True,,,,,,,,,,,,,,,,,,,,,,,,,,,,,,,,,,,,,,,,,,,,,,,,,,TN,,,,,,,,,,
,1813568958,2023-12-18 05:48:57,2190.5,1d2ed0b2947385e77bd609220eb0e453b44d4cb3,1350028,autoland,LastVisualChange,True,amazon-search LastVisualChange opt cold webrender,,77,ms,geckoview,False,|c|o|l|d| |w|e|b|r|e|n|d|e|r|,,4361205,13,8bad20cfa5c21f9f330712163e9ddf6ea850f908,102210fe594ee9b33d82058545b1ed14f4c8206e,android-hw-a51-11-0-aarch64-shippable-qr,amazon-search,True,,,,,,,,,,,,,,,,,,,,,,,,,,,,,,,,,,,,,,,,,,,,,,,,,,TN,,,,,,,,,,
,1813695448,2023-12-18 10:08:52,2260.9,1f7904968650806af8d68bbc64a717bac22df318,1350088,autoland,LastVisualChange,True,amazon-search LastVisualChange opt cold webrender,,77,ms,geckoview,False,|c|o|l|d| |w|e|b|r|e|n|d|e|r|,,4361205,13,8bad20cfa5c21f9f330712163e9ddf6ea850f908,102210fe594ee9b33d82058545b1ed14f4c8206e,android-hw-a51-11-0-aarch64-shippable-qr,amazon-search,True,,,,,,,,,,,,,,,,,,,,,,,,,,,,,,,,,,,,,,,,,,,,,,,,,,TN,,,,,,,,,,
,1813854897,2023-12-18 14:56:17,2212.8,8942476b2dcd0a89abfb3183ea577d611785e77e,1350212,autoland,LastVisualChange,True,amazon-search LastVisualChange opt cold webrender,,77,ms,geckoview,False,|c|o|l|d| |w|e|b|r|e|n|d|e|r|,,4361205,13,8bad20cfa5c21f9f330712163e9ddf6ea850f908,102210fe594ee9b33d82058545b1ed14f4c8206e,android-hw-a51-11-0-aarch64-shippable-qr,amazon-search,True,,,,,,,,,,,,,,,,,,,,,,,,,,,,,,,,,,,,,,,,,,,,,,,,,,TN,,,,,,,,,,
,1813938806,2023-12-18 15:53:23,2230.7,e409a860d27d9dbd962eb6568c1700e2aa2716aa,1350255,autoland,LastVisualChange,True,amazon-search LastVisualChange opt cold webrender,,77,ms,geckoview,False,|c|o|l|d| |w|e|b|r|e|n|d|e|r|,,4361205,13,8bad20cfa5c21f9f330712163e9ddf6ea850f908,102210fe594ee9b33d82058545b1ed14f4c8206e,android-hw-a51-11-0-aarch64-shippable-qr,amazon-search,True,,,,,,,,,,,,,,,,,,,,,,,,,,,,,,,,,,,,,,,,,,,,,,,,,,TN,,,,,,,,,,
,1813963969,2023-12-18 18:13:05,2215.2,c909d207f316bf0512f63f8262872083353a6ef5,1350369,autoland,LastVisualChange,True,amazon-search LastVisualChange opt cold webrender,,77,ms,geckoview,False,|c|o|l|d| |w|e|b|r|e|n|d|e|r|,,4361205,13,8bad20cfa5c21f9f330712163e9ddf6ea850f908,102210fe594ee9b33d82058545b1ed14f4c8206e,android-hw-a51-11-0-aarch64-shippable-qr,amazon-search,True,,,,,,,,,,,,,,,,,,,,,,,,,,,,,,,,,,,,,,,,,,,,,,,,,,TN,,,,,,,,,,
,1814008623,2023-12-18 20:47:25,2206.9,593e78a41c38b062baab03b6280366f86d0d233c,1350523,autoland,LastVisualChange,True,amazon-search LastVisualChange opt cold webrender,,77,ms,geckoview,False,|c|o|l|d| |w|e|b|r|e|n|d|e|r|,,4361205,13,8bad20cfa5c21f9f330712163e9ddf6ea850f908,102210fe594ee9b33d82058545b1ed14f4c8206e,android-hw-a51-11-0-aarch64-shippable-qr,amazon-search,True,,,,,,,,,,,,,,,,,,,,,,,,,,,,,,,,,,,,,,,,,,,,,,,,,,TN,,,,,,,,,,
,1814090723,2023-12-19 00:56:17,2259.0,4bc62630a431fca569dfb1add5eee214dcdd091c,1350695,autoland,LastVisualChange,True,amazon-search LastVisualChange opt cold webrender,,77,ms,geckoview,False,|c|o|l|d| |w|e|b|r|e|n|d|e|r|,,4361205,13,8bad20cfa5c21f9f330712163e9ddf6ea850f908,102210fe594ee9b33d82058545b1ed14f4c8206e,android-hw-a51-11-0-aarch64-shippable-qr,amazon-search,True,,,,,,,,,,,,,,,,,,,,,,,,,,,,,,,,,,,,,,,,,,,,,,,,,,TN,,,,,,,,,,
,1814111056,2023-12-19 02:00:57,2301.7,7e32f178b02fef938f803492c4bfd6d897ffcb21,1350710,autoland,LastVisualChange,True,amazon-search LastVisualChange opt cold webrender,,77,ms,geckoview,False,|c|o|l|d| |w|e|b|r|e|n|d|e|r|,,4361205,13,8bad20cfa5c21f9f330712163e9ddf6ea850f908,102210fe594ee9b33d82058545b1ed14f4c8206e,android-hw-a51-11-0-aarch64-shippable-qr,amazon-search,True,,,,,,,,,,,,,,,,,,,,,,,,,,,,,,,,,,,,,,,,,,,,,,,,,,TN,,,,,,,,,,
,1814199259,2023-12-19 06:19:40,2148.6,05b607c3bbe6ca02e9133ecb969e033fd3d7959e,1350758,autoland,LastVisualChange,True,amazon-search LastVisualChange opt cold webrender,,77,ms,geckoview,False,|c|o|l|d| |w|e|b|r|e|n|d|e|r|,,4361205,13,8bad20cfa5c21f9f330712163e9ddf6ea850f908,102210fe594ee9b33d82058545b1ed14f4c8206e,android-hw-a51-11-0-aarch64-shippable-qr,amazon-search,True,,,,,,,,,,,,,,,,,,,,,,,,,,,,,,,,,,,,,,,,,,,,,,,,,,TN,,,,,,,,,,
,1814304698,2023-12-19 10:31:52,2391.0,8efb8cc3558006677c6d18fcf41c3445498e257c,1350823,autoland,LastVisualChange,True,amazon-search LastVisualChange opt cold webrender,,77,ms,geckoview,False,|c|o|l|d| |w|e|b|r|e|n|d|e|r|,,4361205,13,8bad20cfa5c21f9f330712163e9ddf6ea850f908,102210fe594ee9b33d82058545b1ed14f4c8206e,android-hw-a51-11-0-aarch64-shippable-qr,amazon-search,True,,,,,,,,,,,,,,,,,,,,,,,,,,,,,,,,,,,,,,,,,,,,,,,,,,TN,,,,,,,,,,
,1814318887,2023-12-19 10:59:27,2295.2,e382d15d709c00d2fc941c2d6e9344b826246c27,1350835,autoland,LastVisualChange,True,amazon-search LastVisualChange opt cold webrender,,77,ms,geckoview,False,|c|o|l|d| |w|e|b|r|e|n|d|e|r|,,4361205,13,8bad20cfa5c21f9f330712163e9ddf6ea850f908,102210fe594ee9b33d82058545b1ed14f4c8206e,android-hw-a51-11-0-aarch64-shippable-qr,amazon-search,True,,,,,,,,,,,,,,,,,,,,,,,,,,,,,,,,,,,,,,,,,,,,,,,,,,TN,,,,,,,,,,
,1814544720,2023-12-19 15:05:00,2436.3,58a9c7e82a58e7e951a669f0634901963c5ed696,1350969,autoland,LastVisualChange,True,amazon-search LastVisualChange opt cold webrender,,77,ms,geckoview,False,|c|o|l|d| |w|e|b|r|e|n|d|e|r|,,4361205,13,8bad20cfa5c21f9f330712163e9ddf6ea850f908,102210fe594ee9b33d82058545b1ed14f4c8206e,android-hw-a51-11-0-aarch64-shippable-qr,amazon-search,True,,,,,,,,,,,,,,,,,,,,,,,,,,,,,,,,,,,,,,,,,,,,,,,,,,TN,,,,,,,,,,
,1814558695,2023-12-19 15:55:04,2278.9,ffd610f5a3bc262042d0839f354a1cf0cc9d5dff,1351025,autoland,LastVisualChange,True,amazon-search LastVisualChange opt cold webrender,,77,ms,geckoview,False,|c|o|l|d| |w|e|b|r|e|n|d|e|r|,,4361205,13,8bad20cfa5c21f9f330712163e9ddf6ea850f908,102210fe594ee9b33d82058545b1ed14f4c8206e,android-hw-a51-11-0-aarch64-shippable-qr,amazon-search,True,,,,,,,,,,,,,,,,,,,,,,,,,,,,,,,,,,,,,,,,,,,,,,,,,,TN,,,,,,,,,,
,1814643171,2023-12-19 20:21:31,2297.7,b50326daf412a23a363c8ca18b03b1dcede121ff,1351238,autoland,LastVisualChange,True,amazon-search LastVisualChange opt cold webrender,,77,ms,geckoview,False,|c|o|l|d| |w|e|b|r|e|n|d|e|r|,,4361205,13,8bad20cfa5c21f9f330712163e9ddf6ea850f908,102210fe594ee9b33d82058545b1ed14f4c8206e,android-hw-a51-11-0-aarch64-shippable-qr,amazon-search,True,,,,,,,,,,,,,,,,,,,,,,,,,,,,,,,,,,,,,,,,,,,,,,,,,,TN,,,,,,,,,,
,1814684169,2023-12-19 21:18:40,2174.6,31eaa2b1cf1b61e0b8868c53cf6bdbfc14805942,1351276,autoland,LastVisualChange,True,amazon-search LastVisualChange opt cold webrender,,77,ms,geckoview,False,|c|o|l|d| |w|e|b|r|e|n|d|e|r|,,4361205,13,8bad20cfa5c21f9f330712163e9ddf6ea850f908,102210fe594ee9b33d82058545b1ed14f4c8206e,android-hw-a51-11-0-aarch64-shippable-qr,amazon-search,True,,,,,,,,,,,,,,,,,,,,,,,,,,,,,,,,,,,,,,,,,,,,,,,,,,TN,,,,,,,,,,
,1814848794,2023-12-20 02:06:01,2217.6,9ac6d461916454c17cd8c7dfc7f73401ef3da12a,1351432,autoland,LastVisualChange,True,amazon-search LastVisualChange opt cold webrender,,77,ms,geckoview,False,|c|o|l|d| |w|e|b|r|e|n|d|e|r|,,4361205,13,8bad20cfa5c21f9f330712163e9ddf6ea850f908,102210fe594ee9b33d82058545b1ed14f4c8206e,android-hw-a51-11-0-aarch64-shippable-qr,amazon-search,True,,,,,,,,,,,,,,,,,,,,,,,,,,,,,,,,,,,,,,,,,,,,,,,,,,TN,,,,,,,,,,
,1814931325,2023-12-20 04:26:18,2202.1,e3bf6261f6fc31e78c716c97399a60f6f575ebcd,1351473,autoland,LastVisualChange,True,amazon-search LastVisualChange opt cold webrender,,77,ms,geckoview,False,|c|o|l|d| |w|e|b|r|e|n|d|e|r|,,4361205,13,8bad20cfa5c21f9f330712163e9ddf6ea850f908,102210fe594ee9b33d82058545b1ed14f4c8206e,android-hw-a51-11-0-aarch64-shippable-qr,amazon-search,True,,,,,,,,,,,,,,,,,,,,,,,,,,,,,,,,,,,,,,,,,,,,,,,,,,TN,,,,,,,,,,
,1815053119,2023-12-20 09:15:46,2178.4,4d6eabdc6228d414c7043c4fabdddfd95a3afb0e,1351517,autoland,LastVisualChange,True,amazon-search LastVisualChange opt cold webrender,,77,ms,geckoview,False,|c|o|l|d| |w|e|b|r|e|n|d|e|r|,,4361205,13,8bad20cfa5c21f9f330712163e9ddf6ea850f908,102210fe594ee9b33d82058545b1ed14f4c8206e,android-hw-a51-11-0-aarch64-shippable-qr,amazon-search,True,,,,,,,,,,,,,,,,,,,,,,,,,,,,,,,,,,,,,,,,,,,,,,,,,,TN,,,,,,,,,,
,1815171627,2023-12-20 13:10:00,2187.1,97f2e0f6b821072bc498a3bc7921831eb6d10d38,1351639,autoland,LastVisualChange,True,amazon-search LastVisualChange opt cold webrender,,77,ms,geckoview,False,|c|o|l|d| |w|e|b|r|e|n|d|e|r|,,4361205,13,8bad20cfa5c21f9f330712163e9ddf6ea850f908,102210fe594ee9b33d82058545b1ed14f4c8206e,android-hw-a51-11-0-aarch64-shippable-qr,amazon-search,True,,,,,,,,,,,,,,,,,,,,,,,,,,,,,,,,,,,,,,,,,,,,,,,,,,TN,,,,,,,,,,
,1815327617,2023-12-20 17:43:19,2172.9,c12f6936509f05b3caad77d4cb4b783a38761897,1351821,autoland,LastVisualChange,True,amazon-search LastVisualChange opt cold webrender,,77,ms,geckoview,False,|c|o|l|d| |w|e|b|r|e|n|d|e|r|,,4361205,13,8bad20cfa5c21f9f330712163e9ddf6ea850f908,102210fe594ee9b33d82058545b1ed14f4c8206e,android-hw-a51-11-0-aarch64-shippable-qr,amazon-search,True,,,,,,,,,,,,,,,,,,,,,,,,,,,,,,,,,,,,,,,,,,,,,,,,,,TN,,,,,,,,,,
,1815435892,2023-12-20 21:55:32,2274.5,aa4d4fecaf969d49a7ecf2568e3dda25cd2a7f1d,1352017,autoland,LastVisualChange,True,amazon-search LastVisualChange opt cold webrender,,77,ms,geckoview,False,|c|o|l|d| |w|e|b|r|e|n|d|e|r|,,4361205,13,8bad20cfa5c21f9f330712163e9ddf6ea850f908,102210fe594ee9b33d82058545b1ed14f4c8206e,android-hw-a51-11-0-aarch64-shippable-qr,amazon-search,True,,,,,,,,,,,,,,,,,,,,,,,,,,,,,,,,,,,,,,,,,,,,,,,,,,TN,,,,,,,,,,
,1815502137,2023-12-20 21:58:53,2354.3,dfc7e32798343d88b72708bf68fc966d1e088330,1352020,autoland,LastVisualChange,True,amazon-search LastVisualChange opt cold webrender,,77,ms,geckoview,False,|c|o|l|d| |w|e|b|r|e|n|d|e|r|,,4361205,13,8bad20cfa5c21f9f330712163e9ddf6ea850f908,102210fe594ee9b33d82058545b1ed14f4c8206e,android-hw-a51-11-0-aarch64-shippable-qr,amazon-search,True,,,,,,,,,,,,,,,,,,,,,,,,,,,,,,,,,,,,,,,,,,,,,,,,,,TN,,,,,,,,,,
,1815587891,2023-12-21 03:06:09,2197.9,37657c7691664026e54babf7d1cf608fe58a92fb,1352135,autoland,LastVisualChange,True,amazon-search LastVisualChange opt cold webrender,,77,ms,geckoview,False,|c|o|l|d| |w|e|b|r|e|n|d|e|r|,,4361205,13,8bad20cfa5c21f9f330712163e9ddf6ea850f908,102210fe594ee9b33d82058545b1ed14f4c8206e,android-hw-a51-11-0-aarch64-shippable-qr,amazon-search,True,,,,,,,,,,,,,,,,,,,,,,,,,,,,,,,,,,,,,,,,,,,,,,,,,,TN,,,,,,,,,,
,1815660085,2023-12-21 06:56:11,2264.6,2339ef37f5863c45acf6280581ec0994b40f11d5,1352164,autoland,LastVisualChange,True,amazon-search LastVisualChange opt cold webrender,,77,ms,geckoview,False,|c|o|l|d| |w|e|b|r|e|n|d|e|r|,,4361205,13,8bad20cfa5c21f9f330712163e9ddf6ea850f908,102210fe594ee9b33d82058545b1ed14f4c8206e,android-hw-a51-11-0-aarch64-shippable-qr,amazon-search,True,,,,,,,,,,,,,,,,,,,,,,,,,,,,,,,,,,,,,,,,,,,,,,,,,,TN,,,,,,,,,,
,1815784326,2023-12-21 11:39:11,2238.9,5e551f2bacc3d6a8294dcb0273e8299cf7a17e2d,1352265,autoland,LastVisualChange,True,amazon-search LastVisualChange opt cold webrender,,77,ms,geckoview,False,|c|o|l|d| |w|e|b|r|e|n|d|e|r|,,4361205,13,8bad20cfa5c21f9f330712163e9ddf6ea850f908,102210fe594ee9b33d82058545b1ed14f4c8206e,android-hw-a51-11-0-aarch64-shippable-qr,amazon-search,True,,,,,,,,,,,,,,,,,,,,,,,,,,,,,,,,,,,,,,,,,,,,,,,,,,TN,,,,,,,,,,
,1815854213,2023-12-21 13:05:54,2298.0,8b474eeffbe09d0e5e30675fa595293863b0db34,1352315,autoland,LastVisualChange,True,amazon-search LastVisualChange opt cold webrender,,77,ms,geckoview,False,|c|o|l|d| |w|e|b|r|e|n|d|e|r|,,4361205,13,8bad20cfa5c21f9f330712163e9ddf6ea850f908,102210fe594ee9b33d82058545b1ed14f4c8206e,android-hw-a51-11-0-aarch64-shippable-qr,amazon-search,True,,,,,,,,,,,,,,,,,,,,,,,,,,,,,,,,,,,,,,,,,,,,,,,,,,TN,,,,,,,,,,
,1816031021,2023-12-21 18:00:27,2253.9,e685307ecb90f0e91ef9f3781b3614b7308384b9,1352454,autoland,LastVisualChange,True,amazon-search LastVisualChange opt cold webrender,,77,ms,geckoview,False,|c|o|l|d| |w|e|b|r|e|n|d|e|r|,,4361205,13,8bad20cfa5c21f9f330712163e9ddf6ea850f908,102210fe594ee9b33d82058545b1ed14f4c8206e,android-hw-a51-11-0-aarch64-shippable-qr,amazon-search,True,,,,,,,,,,,,,,,,,,,,,,,,,,,,,,,,,,,,,,,,,,,,,,,,,,TN,,,,,,,,,,
,1816058035,2023-12-21 18:17:05,2138.5,14c89fd054c7ac54bac01a4fcb619d5dff3cc6ef,1352468,autoland,LastVisualChange,True,amazon-search LastVisualChange opt cold webrender,,77,ms,geckoview,False,|c|o|l|d| |w|e|b|r|e|n|d|e|r|,,4361205,13,8bad20cfa5c21f9f330712163e9ddf6ea850f908,102210fe594ee9b33d82058545b1ed14f4c8206e,android-hw-a51-11-0-aarch64-shippable-qr,amazon-search,True,,,,,,,,,,,,,,,,,,,,,,,,,,,,,,,,,,,,,,,,,,,,,,,,,,TN,,,,,,,,,,
,1816153073,2023-12-21 22:08:07,2230.8,e20257bfa3ef6e394b6669c19aa1a165ee73fefa,1352650,autoland,LastVisualChange,True,amazon-search LastVisualChange opt cold webrender,,77,ms,geckoview,False,|c|o|l|d| |w|e|b|r|e|n|d|e|r|,,4361205,13,8bad20cfa5c21f9f330712163e9ddf6ea850f908,102210fe594ee9b33d82058545b1ed14f4c8206e,android-hw-a51-11-0-aarch64-shippable-qr,amazon-search,True,,,,,,,,,,,,,,,,,,,,,,,,,,,,,,,,,,,,,,,,,,,,,,,,,,TN,,,,,,,,,,
,1816266917,2023-12-22 08:16:59,2247.5,6814c9419790a8ee7c93cac282a82a11d93d16ba,1352807,autoland,LastVisualChange,True,amazon-search LastVisualChange opt cold webrender,,77,ms,geckoview,False,|c|o|l|d| |w|e|b|r|e|n|d|e|r|,,4361205,13,8bad20cfa5c21f9f330712163e9ddf6ea850f908,102210fe594ee9b33d82058545b1ed14f4c8206e,android-hw-a51-11-0-aarch64-shippable-qr,amazon-search,True,,,,,,,,,,,,,,,,,,,,,,,,,,,,,,,,,,,,,,,,,,,,,,,,,,TN,,,,,,,,,,
,1816350243,2023-12-22 13:33:45,2248.7,3189af86c93aef59c4fc9363b40f92eb4ef0358f,1352859,autoland,LastVisualChange,True,amazon-search LastVisualChange opt cold webrender,,77,ms,geckoview,False,|c|o|l|d| |w|e|b|r|e|n|d|e|r|,,4361205,13,8bad20cfa5c21f9f330712163e9ddf6ea850f908,102210fe594ee9b33d82058545b1ed14f4c8206e,android-hw-a51-11-0-aarch64-shippable-qr,amazon-search,True,,,,,,,,,,,,,,,,,,,,,,,,,,,,,,,,,,,,,,,,,,,,,,,,,,TN,,,,,,,,,,
,1816445982,2023-12-22 13:41:08,2313.7,8cd1fc9da2b45034679cc880c08d91e84d8e9516,1352862,autoland,LastVisualChange,True,amazon-search LastVisualChange opt cold webrender,,77,ms,geckoview,False,|c|o|l|d| |w|e|b|r|e|n|d|e|r|,,4361205,13,8bad20cfa5c21f9f330712163e9ddf6ea850f908,102210fe594ee9b33d82058545b1ed14f4c8206e,android-hw-a51-11-0-aarch64-shippable-qr,amazon-search,True,,,,,,,,,,,,,,,,,,,,,,,,,,,,,,,,,,,,,,,,,,,,,,,,,,TN,,,,,,,,,,
,1816522505,2023-12-22 19:27:05,2239.2,ac9f813bbc0f39b5e52be4229972795f2ca6309b,1353028,autoland,LastVisualChange,True,amazon-search LastVisualChange opt cold webrender,,77,ms,geckoview,False,|c|o|l|d| |w|e|b|r|e|n|d|e|r|,,4361205,13,8bad20cfa5c21f9f330712163e9ddf6ea850f908,102210fe594ee9b33d82058545b1ed14f4c8206e,android-hw-a51-11-0-aarch64-shippable-qr,amazon-search,True,,,,,,,,,,,,,,,,,,,,,,,,,,,,,,,,,,,,,,,,,,,,,,,,,,TN,,,,,,,,,,
,1816591180,2023-12-23 00:08:27,2184.9,58581f618255e51b846d0792b6abc3e5c2c67d51,1353154,autoland,LastVisualChange,True,amazon-search LastVisualChange opt cold webrender,,77,ms,geckoview,False,|c|o|l|d| |w|e|b|r|e|n|d|e|r|,,4361205,13,8bad20cfa5c21f9f330712163e9ddf6ea850f908,102210fe594ee9b33d82058545b1ed14f4c8206e,android-hw-a51-11-0-aarch64-shippable-qr,amazon-search,True,,,,,,,,,,,,,,,,,,,,,,,,,,,,,,,,,,,,,,,,,,,,,,,,,,TN,,,,,,,,,,
,1816646966,2023-12-23 05:47:03,2209.4,8b92fb4e3f41d856629818bd2ecfc25bed23a643,1353193,autoland,LastVisualChange,True,amazon-search LastVisualChange opt cold webrender,,77,ms,geckoview,False,|c|o|l|d| |w|e|b|r|e|n|d|e|r|,,4361205,13,8bad20cfa5c21f9f330712163e9ddf6ea850f908,102210fe594ee9b33d82058545b1ed14f4c8206e,android-hw-a51-11-0-aarch64-shippable-qr,amazon-search,True,,,,,,,,,,,,,,,,,,,,,,,,,,,,,,,,,,,,,,,,,,,,,,,,,,TN,,,,,,,,,,
,1816677829,2023-12-23 08:44:57,2300.2,6f7de1b98becd7269380a213d3eff367b81efe72,1353213,autoland,LastVisualChange,True,amazon-search LastVisualChange opt cold webrender,,77,ms,geckoview,False,|c|o|l|d| |w|e|b|r|e|n|d|e|r|,,4361205,13,8bad20cfa5c21f9f330712163e9ddf6ea850f908,102210fe594ee9b33d82058545b1ed14f4c8206e,android-hw-a51-11-0-aarch64-shippable-qr,amazon-search,True,,,,,,,,,,,,,,,,,,,,,,,,,,,,,,,,,,,,,,,,,,,,,,,,,,TN,,,,,,,,,,
,1816776301,2023-12-23 15:53:06,2211.2,e6f85355d2f352d6bc64a11372bc8efc1ced07b8,1353251,autoland,LastVisualChange,True,amazon-search LastVisualChange opt cold webrender,,77,ms,geckoview,False,|c|o|l|d| |w|e|b|r|e|n|d|e|r|,,4361205,13,8bad20cfa5c21f9f330712163e9ddf6ea850f908,102210fe594ee9b33d82058545b1ed14f4c8206e,android-hw-a51-11-0-aarch64-shippable-qr,amazon-search,True,,,,,,,,,,,,,,,,,,,,,,,,,,,,,,,,,,,,,,,,,,,,,,,,,,TN,,,,,,,,,,
,1816842954,2023-12-24 06:04:04,2261.2,0f896a4a54629904c55cc5e18aa1f6e387c9a697,1353282,autoland,LastVisualChange,True,amazon-search LastVisualChange opt cold webrender,,77,ms,geckoview,False,|c|o|l|d| |w|e|b|r|e|n|d|e|r|,,4361205,13,8bad20cfa5c21f9f330712163e9ddf6ea850f908,102210fe594ee9b33d82058545b1ed14f4c8206e,android-hw-a51-11-0-aarch64-shippable-qr,amazon-search,True,,,,,,,,,,,,,,,,,,,,,,,,,,,,,,,,,,,,,,,,,,,,,,,,,,TN,,,,,,,,,,
,1816923655,2023-12-24 13:46:59,2142.4,a15215077df33152e936203ec411ea07343a3f36,1353302,autoland,LastVisualChange,True,amazon-search LastVisualChange opt cold webrender,,77,ms,geckoview,False,|c|o|l|d| |w|e|b|r|e|n|d|e|r|,,4361205,13,8bad20cfa5c21f9f330712163e9ddf6ea850f908,102210fe594ee9b33d82058545b1ed14f4c8206e,android-hw-a51-11-0-aarch64-shippable-qr,amazon-search,True,,,,,,,,,,,,,,,,,,,,,,,,,,,,,,,,,,,,,,,,,,,,,,,,,,TN,,,,,,,,,,
,1816971007,2023-12-24 18:13:48,2316.9,65471d13c8aaa5b3c5aa872ca12360b7f26ad6e0,1353317,autoland,LastVisualChange,True,amazon-search LastVisualChange opt cold webrender,,77,ms,geckoview,False,|c|o|l|d| |w|e|b|r|e|n|d|e|r|,,4361205,13,8bad20cfa5c21f9f330712163e9ddf6ea850f908,102210fe594ee9b33d82058545b1ed14f4c8206e,android-hw-a51-11-0-aarch64-shippable-qr,amazon-search,True,,,,,,,,,,,,,,,,,,,,,,,,,,,,,,,,,,,,,,,,,,,,,,,,,,TN,,,,,,,,,,
,1817039001,2023-12-25 01:21:58,2241.4,29784c387017c900dc842f070d5cd88464dfc494,1353335,autoland,LastVisualChange,True,amazon-search LastVisualChange opt cold webrender,,77,ms,geckoview,False,|c|o|l|d| |w|e|b|r|e|n|d|e|r|,,4361205,13,8bad20cfa5c21f9f330712163e9ddf6ea850f908,102210fe594ee9b33d82058545b1ed14f4c8206e,android-hw-a51-11-0-aarch64-shippable-qr,amazon-search,True,,,,,,,,,,,,,,,,,,,,,,,,,,,,,,,,,,,,,,,,,,,,,,,,,,TN,,,,,,,,,,
,1817083170,2023-12-25 05:53:22,2294.8,f69f493b2f3cde5ef4b46b9675cfd4708287666e,1353343,autoland,LastVisualChange,True,amazon-search LastVisualChange opt cold webrender,,77,ms,geckoview,False,|c|o|l|d| |w|e|b|r|e|n|d|e|r|,,4361205,13,8bad20cfa5c21f9f330712163e9ddf6ea850f908,102210fe594ee9b33d82058545b1ed14f4c8206e,android-hw-a51-11-0-aarch64-shippable-qr,amazon-search,True,,,,,,,,,,,,,,,,,,,,,,,,,,,,,,,,,,,,,,,,,,,,,,,,,,TN,,,,,,,,,,
,1817172735,2023-12-25 12:57:04,3279.4,b9600c5aa59e300200656691d1f1997593caafbd,1353372,autoland,LastVisualChange,True,amazon-search LastVisualChange opt cold webrender,,77,ms,geckoview,False,|c|o|l|d| |w|e|b|r|e|n|d|e|r|,,4361205,13,8bad20cfa5c21f9f330712163e9ddf6ea850f908,102210fe594ee9b33d82058545b1ed14f4c8206e,android-hw-a51-11-0-aarch64-shippable-qr,amazon-search,True,,,,,,,,,,,,,,,,,,,,,,,,,,,,,,,,,,,,,,,,,,,,,,,,,,TN,,,,,,,,,,
,1817199350,2023-12-25 17:10:06,2180.0,fdd85a789550f85e20e7b7128f2b3316cbc76640,1353386,autoland,LastVisualChange,True,amazon-search LastVisualChange opt cold webrender,,77,ms,geckoview,False,|c|o|l|d| |w|e|b|r|e|n|d|e|r|,,4361205,13,8bad20cfa5c21f9f330712163e9ddf6ea850f908,102210fe594ee9b33d82058545b1ed14f4c8206e,android-hw-a51-11-0-aarch64-shippable-qr,amazon-search,True,,,,,,,,,,,,,,,,,,,,,,,,,,,,,,,,,,,,,,,,,,,,,,,,,,TN,,,,,,,,,,
,1817237911,2023-12-25 21:32:12,2226.7,ba6abbd36b496501cea141e17b61af674a18e279,1353402,autoland,LastVisualChange,True,amazon-search LastVisualChange opt cold webrender,,77,ms,geckoview,False,|c|o|l|d| |w|e|b|r|e|n|d|e|r|,,4361205,13,8bad20cfa5c21f9f330712163e9ddf6ea850f908,102210fe594ee9b33d82058545b1ed14f4c8206e,android-hw-a51-11-0-aarch64-shippable-qr,amazon-search,True,,,,,,,,,,,,,,,,,,,,,,,,,,,,,,,,,,,,,,,,,,,,,,,,,,TN,,,,,,,,,,
441391429.0,1817301168,2023-12-26 03:31:03,2325.9,280c0b4dd9140984e6177c89f5858ceac6ae0107,1353431,autoland,LastVisualChange,True,amazon-search LastVisualChange opt cold webrender,,77,ms,geckoview,False,|c|o|l|d| |w|e|b|r|e|n|d|e|r|,,4361205,13,8bad20cfa5c21f9f330712163e9ddf6ea850f908,102210fe594ee9b33d82058545b1ed14f4c8206e,android-hw-a51-11-0-aarch64-shippable-qr,amazon-search,True,,,,,,,,,,,,,,,,,,,,,,,,,,,,,,,,,,,,,,,,,,,,,,,,,,TN,,,,,,,,,,
441397471.0,1817372336,2023-12-26 07:50:55,2240.2,7503b1d6a430d23303b6ec356b3388951a1eca83,1353461,autoland,LastVisualChange,True,amazon-search LastVisualChange opt cold webrender,,77,ms,geckoview,False,|c|o|l|d| |w|e|b|r|e|n|d|e|r|,,4361205,13,8bad20cfa5c21f9f330712163e9ddf6ea850f908,102210fe594ee9b33d82058545b1ed14f4c8206e,android-hw-a51-11-0-aarch64-shippable-qr,amazon-search,True,,,,,,,,,,,,,,,,,,,,,,,,,,,,,,,,,,,,,,,,,,,,,,,,,,TN,,,,,,,,,,
441423333.0,1817460128,2023-12-26 11:52:29,2328.1,807f04c86e5d02f04afa662ade3d505a80a4f660,1353488,autoland,LastVisualChange,True,amazon-search LastVisualChange opt cold webrender,,77,ms,geckoview,False,|c|o|l|d| |w|e|b|r|e|n|d|e|r|,,4361205,13,8bad20cfa5c21f9f330712163e9ddf6ea850f908,102210fe594ee9b33d82058545b1ed14f4c8206e,android-hw-a51-11-0-aarch64-shippable-qr,amazon-search,True,,,,,,,,,,,,,,,,,,,,,,,,,,,,,,,,,,,,,,,,,,,,,,,,,,TN,,,,,,,,,,
441451459.0,1817550815,2023-12-27 02:56:18,2327.1,6d9a0abd0a3c26f4337aff723c15795fe91fe884,1353555,autoland,LastVisualChange,True,amazon-search LastVisualChange opt cold webrender,,77,ms,geckoview,False,|c|o|l|d| |w|e|b|r|e|n|d|e|r|,,4361205,13,8bad20cfa5c21f9f330712163e9ddf6ea850f908,102210fe594ee9b33d82058545b1ed14f4c8206e,android-hw-a51-11-0-aarch64-shippable-qr,amazon-search,True,,,,,,,,,,,,,,,,,,,,,,,,,,,,,,,,,,,,,,,,,,,,,,,,,,TN,,,,,,,,,,
441493048.0,1817781930,2023-12-27 14:58:54,2177.5,856e86584c4c811f064f93e2b734dd374c787eaf,1353654,autoland,LastVisualChange,True,amazon-search LastVisualChange opt cold webrender,,77,ms,geckoview,False,|c|o|l|d| |w|e|b|r|e|n|d|e|r|,,4361205,13,8bad20cfa5c21f9f330712163e9ddf6ea850f908,102210fe594ee9b33d82058545b1ed14f4c8206e,android-hw-a51-11-0-aarch64-shippable-qr,amazon-search,True,,,,,,,,,,,,,,,,,,,,,,,,,,,,,,,,,,,,,,,,,,,,,,,,,,TN,,,,,,,,,,
441507429.0,1817824144,2023-12-27 20:22:55,2159.5,97a27d8a860d5bd8ab2962d2f0e5e376287e527c,1353722,autoland,LastVisualChange,True,amazon-search LastVisualChange opt cold webrender,,77,ms,geckoview,False,|c|o|l|d| |w|e|b|r|e|n|d|e|r|,,4361205,13,8bad20cfa5c21f9f330712163e9ddf6ea850f908,102210fe594ee9b33d82058545b1ed14f4c8206e,android-hw-a51-11-0-aarch64-shippable-qr,amazon-search,True,,,,,,,,,,,,,,,,,,,,,,,,,,,,,,,,,,,,,,,,,,,,,,,,,,TN,,,,,,,,,,
441527804.0,1817905252,2023-12-28 01:36:38,2335.9,00fe06571a66e6773ca7801e6747493299cf4bda,1353793,autoland,LastVisualChange,True,amazon-search LastVisualChange opt cold webrender,,77,ms,geckoview,False,|c|o|l|d| |w|e|b|r|e|n|d|e|r|,,4361205,13,8bad20cfa5c21f9f330712163e9ddf6ea850f908,102210fe594ee9b33d82058545b1ed14f4c8206e,android-hw-a51-11-0-aarch64-shippable-qr,amazon-search,True,,,,,,,,,,,,,,,,,,,,,,,,,,,,,,,,,,,,,,,,,,,,,,,,,,TN,,,,,,,,,,
441553177.0,1818017822,2023-12-28 13:32:35,2280.4,10aa7423789835a7dbd24b0b44ad1ae2ad77b59b,1353834,autoland,LastVisualChange,True,amazon-search LastVisualChange opt cold webrender,,77,ms,geckoview,False,|c|o|l|d| |w|e|b|r|e|n|d|e|r|,,4361205,13,8bad20cfa5c21f9f330712163e9ddf6ea850f908,102210fe594ee9b33d82058545b1ed14f4c8206e,android-hw-a51-11-0-aarch64-shippable-qr,amazon-search,True,,,,,,,,,,,,,,,,,,,,,,,,,,,,,,,,,,,,,,,,,,,,,,,,,,TN,,,,,,,,,,
441573818.0,1818178998,2023-12-28 17:48:27,2220.9,659e4e8345823ce8331b67df6c3865b76063e2c2,1353939,autoland,LastVisualChange,True,amazon-search LastVisualChange opt cold webrender,,77,ms,geckoview,False,|c|o|l|d| |w|e|b|r|e|n|d|e|r|,,4361205,13,8bad20cfa5c21f9f330712163e9ddf6ea850f908,102210fe594ee9b33d82058545b1ed14f4c8206e,android-hw-a51-11-0-aarch64-shippable-qr,amazon-search,True,,,,,,,,,,,,,,,,,,,,,,,,,,,,,,,,,,,,,,,,,,,,,,,,,,TN,,,,,,,,,,
441601364.0,1818271142,2023-12-28 23:04:44,2207.5,0bd8678e10b6f0eb1d7e16cfe010ca8856e2bfcc,1354003,autoland,LastVisualChange,True,amazon-search LastVisualChange opt cold webrender,,77,ms,geckoview,False,|c|o|l|d| |w|e|b|r|e|n|d|e|r|,,4361205,13,8bad20cfa5c21f9f330712163e9ddf6ea850f908,102210fe594ee9b33d82058545b1ed14f4c8206e,android-hw-a51-11-0-aarch64-shippable-qr,amazon-search,True,,,,,,,,,,,,,,,,,,,,,,,,,,,,,,,,,,,,,,,,,,,,,,,,,,TN,,,,,,,,,,
441615570.0,1818358511,2023-12-29 05:51:26,2256.5,25b973ec90316da3daa35b031e4a4e089d70443a,1354078,autoland,LastVisualChange,True,amazon-search LastVisualChange opt cold webrender,,77,ms,geckoview,False,|c|o|l|d| |w|e|b|r|e|n|d|e|r|,,4361205,13,8bad20cfa5c21f9f330712163e9ddf6ea850f908,102210fe594ee9b33d82058545b1ed14f4c8206e,android-hw-a51-11-0-aarch64-shippable-qr,amazon-search,True,,,,,,,,,,,,,,,,,,,,,,,,,,,,,,,,,,,,,,,,,,,,,,,,,,TN,,,,,,,,,,
441662621.0,1818525644,2023-12-29 14:24:04,2201.9,4d00abb11b573ff386a9f02816ff81f2030e6dfe,1354164,autoland,LastVisualChange,True,amazon-search LastVisualChange opt cold webrender,,77,ms,geckoview,False,|c|o|l|d| |w|e|b|r|e|n|d|e|r|,,4361205,13,8bad20cfa5c21f9f330712163e9ddf6ea850f908,102210fe594ee9b33d82058545b1ed14f4c8206e,android-hw-a51-11-0-aarch64-shippable-qr,amazon-search,True,,,,,,,,,,,,,,,,,,,,,,,,,,,,,,,,,,,,,,,,,,,,,,,,,,TN,,,,,,,,,,
441669180.0,1818576539,2023-12-29 16:09:29,2331.9,52b5c5b51719976906d668db1cd59b2b49315565,1354179,autoland,LastVisualChange,True,amazon-search LastVisualChange opt cold webrender,,77,ms,geckoview,False,|c|o|l|d| |w|e|b|r|e|n|d|e|r|,,4361205,13,8bad20cfa5c21f9f330712163e9ddf6ea850f908,102210fe594ee9b33d82058545b1ed14f4c8206e,android-hw-a51-11-0-aarch64-shippable-qr,amazon-search,True,,,,,,,,,,,,,,,,,,,,,,,,,,,,,,,,,,,,,,,,,,,,,,,,,,TN,,,,,,,,,,
441691080.0,1818599201,2023-12-29 20:10:09,2294.6,8d822c618985176a1d4ebc4eedcd5a388e798418,1354279,autoland,LastVisualChange,True,amazon-search LastVisualChange opt cold webrender,,77,ms,geckoview,False,|c|o|l|d| |w|e|b|r|e|n|d|e|r|,,4361205,13,8bad20cfa5c21f9f330712163e9ddf6ea850f908,102210fe594ee9b33d82058545b1ed14f4c8206e,android-hw-a51-11-0-aarch64-shippable-qr,amazon-search,True,,,,,,,,,,,,,,,,,,,,,,,,,,,,,,,,,,,,,,,,,,,,,,,,,,TN,,,,,,,,,,
441706912.0,1818694454,2023-12-30 03:46:41,2265.9,15c3c77f07b45a04b27a42ab403aadaaed857fff,1354316,autoland,LastVisualChange,True,amazon-search LastVisualChange opt cold webrender,,77,ms,geckoview,False,|c|o|l|d| |w|e|b|r|e|n|d|e|r|,,4361205,13,8bad20cfa5c21f9f330712163e9ddf6ea850f908,102210fe594ee9b33d82058545b1ed14f4c8206e,android-hw-a51-11-0-aarch64-shippable-qr,amazon-search,True,,,,,,,,,,,,,,,,,,,,,,,,,,,,,,,,,,,,,,,,,,,,,,,,,,TN,,,,,,,,,,
441719134.0,1818740848,2023-12-30 08:00:00,2208.1,9660032084db64efbe9cbbf4c47a38d0a6c36c9f,1354351,autoland,LastVisualChange,True,amazon-search LastVisualChange opt cold webrender,,77,ms,geckoview,False,|c|o|l|d| |w|e|b|r|e|n|d|e|r|,,4361205,13,8bad20cfa5c21f9f330712163e9ddf6ea850f908,102210fe594ee9b33d82058545b1ed14f4c8206e,android-hw-a51-11-0-aarch64-shippable-qr,amazon-search,True,,,,,,,,,,,,,,,,,,,,,,,,,,,,,,,,,,,,,,,,,,,,,,,,,,TN,,,,,,,,,,
441744249.0,1818813604,2023-12-30 12:53:05,2256.9,94ab264a143c3086d948c401c047297f01b76527,1354380,autoland,LastVisualChange,True,amazon-search LastVisualChange opt cold webrender,,77,ms,geckoview,False,|c|o|l|d| |w|e|b|r|e|n|d|e|r|,,4361205,13,8bad20cfa5c21f9f330712163e9ddf6ea850f908,102210fe594ee9b33d82058545b1ed14f4c8206e,android-hw-a51-11-0-aarch64-shippable-qr,amazon-search,True,,,,,,,,,,,,,,,,,,,,,,,,,,,,,,,,,,,,,,,,,,,,,,,,,,TN,,,,,,,,,,
441757949.0,1818885850,2023-12-30 17:18:37,2341.7,3e9c9290e422e1f39255953e22e3d8bfe8234425,1354396,autoland,LastVisualChange,True,amazon-search LastVisualChange opt cold webrender,,77,ms,geckoview,False,|c|o|l|d| |w|e|b|r|e|n|d|e|r|,,4361205,13,8bad20cfa5c21f9f330712163e9ddf6ea850f908,102210fe594ee9b33d82058545b1ed14f4c8206e,android-hw-a51-11-0-aarch64-shippable-qr,amazon-search,True,,,,,,,,,,,,,,,,,,,,,,,,,,,,,,,,,,,,,,,,,,,,,,,,,,TN,,,,,,,,,,
441777811.0,1818978083,2023-12-31 00:47:53,2253.0,be0bfc7f906523649c68f45d4b25ca752bfc701c,1354421,autoland,LastVisualChange,True,amazon-search LastVisualChange opt cold webrender,,77,ms,geckoview,False,|c|o|l|d| |w|e|b|r|e|n|d|e|r|,,4361205,13,8bad20cfa5c21f9f330712163e9ddf6ea850f908,102210fe594ee9b33d82058545b1ed14f4c8206e,android-hw-a51-11-0-aarch64-shippable-qr,amazon-search,True,,,,,,,,,,,,,,,,,,,,,,,,,,,,,,,,,,,,,,,,,,,,,,,,,,TN,,,,,,,,,,
441810049.0,1819125309,2023-12-31 16:29:03,2210.6,30b0d1ecdc26a3e4753bef7807739106282ed827,1354470,autoland,LastVisualChange,True,amazon-search LastVisualChange opt cold webrender,,77,ms,geckoview,False,|c|o|l|d| |w|e|b|r|e|n|d|e|r|,,4361205,13,8bad20cfa5c21f9f330712163e9ddf6ea850f908,102210fe594ee9b33d82058545b1ed14f4c8206e,android-hw-a51-11-0-aarch64-shippable-qr,amazon-search,True,,,,,,,,,,,,,,,,,,,,,,,,,,,,,,,,,,,,,,,,,,,,,,,,,,TN,,,,,,,,,,
441821894.0,1819203162,2023-12-31 21:56:05,2197.7,430d1a5b377307a1050c23ae96cab333c5a33be8,1354489,autoland,LastVisualChange,True,amazon-search LastVisualChange opt cold webrender,,77,ms,geckoview,False,|c|o|l|d| |w|e|b|r|e|n|d|e|r|,,4361205,13,8bad20cfa5c21f9f330712163e9ddf6ea850f908,102210fe594ee9b33d82058545b1ed14f4c8206e,android-hw-a51-11-0-aarch64-shippable-qr,amazon-search,True,,,,,,,,,,,,,,,,,,,,,,,,,,,,,,,,,,,,,,,,,,,,,,,,,,TN,,,,,,,,,,
441851138.0,1819306668,2024-01-01 15:22:20,2197.6,da3b8f5f832d95192044762406363fda8d55ef19,1354571,autoland,LastVisualChange,True,amazon-search LastVisualChange opt cold webrender,,77,ms,geckoview,False,|c|o|l|d| |w|e|b|r|e|n|d|e|r|,,4361205,13,8bad20cfa5c21f9f330712163e9ddf6ea850f908,102210fe594ee9b33d82058545b1ed14f4c8206e,android-hw-a51-11-0-aarch64-shippable-qr,amazon-search,True,,,,,,,,,,,,,,,,,,,,,,,,,,,,,,,,,,,,,,,,,,,,,,,,,,TN,,,,,,,,,,
441853355.0,1819354278,2024-01-01 20:27:36,2228.2,42461c8e1289d1829e0902914b12524c1fffa0a1,1354574,autoland,LastVisualChange,True,amazon-search LastVisualChange opt cold webrender,,77,ms,geckoview,False,|c|o|l|d| |w|e|b|r|e|n|d|e|r|,,4361205,13,8bad20cfa5c21f9f330712163e9ddf6ea850f908,102210fe594ee9b33d82058545b1ed14f4c8206e,android-hw-a51-11-0-aarch64-shippable-qr,amazon-search,True,,,,,,,,,,,,,,,,,,,,,,,,,,,,,,,,,,,,,,,,,,,,,,,,,,TN,,,,,,,,,,
441879490.0,1819462831,2024-01-02 07:16:40,2284.5,60c369c930dc96abae06a2e0ad6833a3574b803f,1354603,autoland,LastVisualChange,True,amazon-search LastVisualChange opt cold webrender,,77,ms,geckoview,False,|c|o|l|d| |w|e|b|r|e|n|d|e|r|,,4361205,13,8bad20cfa5c21f9f330712163e9ddf6ea850f908,102210fe594ee9b33d82058545b1ed14f4c8206e,android-hw-a51-11-0-aarch64-shippable-qr,amazon-search,True,,,,,,,,,,,,,,,,,,,,,,,,,,,,,,,,,,,,,,,,,,,,,,,,,,TN,,,,,,,,,,
441904832.0,1819544692,2024-01-02 11:19:41,2194.3,399d9781e72b3a4a01e67c7f902f80c9df9da386,1354672,autoland,LastVisualChange,True,amazon-search LastVisualChange opt cold webrender,,77,ms,geckoview,False,|c|o|l|d| |w|e|b|r|e|n|d|e|r|,,4361205,13,8bad20cfa5c21f9f330712163e9ddf6ea850f908,102210fe594ee9b33d82058545b1ed14f4c8206e,android-hw-a51-11-0-aarch64-shippable-qr,amazon-search,True,,,,,,,,,,,,,,,,,,,,,,,,,,,,,,,,,,,,,,,,,,,,,,,,,,TN,,,,,,,,,,
441930281.0,1819697255,2024-01-02 15:21:54,2199.9,9f15f6c0236cc27aa82549841609068645c13445,1354784,autoland,LastVisualChange,True,amazon-search LastVisualChange opt cold webrender,,77,ms,geckoview,False,|c|o|l|d| |w|e|b|r|e|n|d|e|r|,,4361205,13,8bad20cfa5c21f9f330712163e9ddf6ea850f908,102210fe594ee9b33d82058545b1ed14f4c8206e,android-hw-a51-11-0-aarch64-shippable-qr,amazon-search,True,,,,,,,,,,,,,,,,,,,,,,,,,,,,,,,,,,,,,,,,,,,,,,,,,,TN,,,,,,,,,,
441931721.0,1819717903,2024-01-02 15:38:43,2238.4,c44f0d09630a8cf36dac42c4eb31bf2a9395bf90,1354794,autoland,LastVisualChange,True,amazon-search LastVisualChange opt cold webrender,,77,ms,geckoview,False,|c|o|l|d| |w|e|b|r|e|n|d|e|r|,,4361205,13,8bad20cfa5c21f9f330712163e9ddf6ea850f908,102210fe594ee9b33d82058545b1ed14f4c8206e,android-hw-a51-11-0-aarch64-shippable-qr,amazon-search,True,,,,,,,,,,,,,,,,,,,,,,,,,,,,,,,,,,,,,,,,,,,,,,,,,,TN,,,,,,,,,,
441956862.0,1819767727,2024-01-02 20:40:29,2276.9,cc67c788cded515a24f96c72c8a12b87a2cd1b3a,1354935,autoland,LastVisualChange,True,amazon-search LastVisualChange opt cold webrender,,77,ms,geckoview,False,|c|o|l|d| |w|e|b|r|e|n|d|e|r|,,4361205,13,8bad20cfa5c21f9f330712163e9ddf6ea850f908,102210fe594ee9b33d82058545b1ed14f4c8206e,android-hw-a51-11-0-aarch64-shippable-qr,amazon-search,True,,,,,,,,,,,,,,,,,,,,,,,,,,,,,,,,,,,,,,,,,,,,,,,,,,TN,,,,,,,,,,
441992148.0,1819917232,2024-01-03 08:18:49,2320.0,655286516798565db497786ca92d9a8f7f7744bf,1355061,autoland,LastVisualChange,True,amazon-search LastVisualChange opt cold webrender,,77,ms,geckoview,False,|c|o|l|d| |w|e|b|r|e|n|d|e|r|,,4361205,13,8bad20cfa5c21f9f330712163e9ddf6ea850f908,102210fe594ee9b33d82058545b1ed14f4c8206e,android-hw-a51-11-0-aarch64-shippable-qr,amazon-search,True,,,,,,,,,,,,,,,,,,,,,,,,,,,,,,,,,,,,,,,,,,,,,,,,,,TN,,,,,,,,,,
442052583.0,1820169754,2024-01-03 16:19:36,2225.5,6aab4af4cab879cc95debd549578bc909a21cff7,1355230,autoland,LastVisualChange,True,amazon-search LastVisualChange opt cold webrender,,77,ms,geckoview,False,|c|o|l|d| |w|e|b|r|e|n|d|e|r|,,4361205,13,8bad20cfa5c21f9f330712163e9ddf6ea850f908,102210fe594ee9b33d82058545b1ed14f4c8206e,android-hw-a51-11-0-aarch64-shippable-qr,amazon-search,True,,,,,,,,,,,,,,,,,,,,,,,,,,,,,,,,,,,,,,,,,,,,,,,,,,TN,,,,,,,,,,
442074576.0,1820222102,2024-01-03 20:41:01,2199.5,c5a68fbf81d038a69c4e9be728d50030fd0d6271,1355381,autoland,LastVisualChange,True,amazon-search LastVisualChange opt cold webrender,,77,ms,geckoview,False,|c|o|l|d| |w|e|b|r|e|n|d|e|r|,,4361205,13,8bad20cfa5c21f9f330712163e9ddf6ea850f908,102210fe594ee9b33d82058545b1ed14f4c8206e,android-hw-a51-11-0-aarch64-shippable-qr,amazon-search,True,,,,,,,,,,,,,,,,,,,,,,,,,,,,,,,,,,,,,,,,,,,,,,,,,,TN,,,,,,,,,,
442074639.0,1820237930,2024-01-03 20:57:48,2265.9,d071b2f4ff07e1815cfa6650ffafb87c9b7e9fb1,1355389,autoland,LastVisualChange,True,amazon-search LastVisualChange opt cold webrender,,77,ms,geckoview,False,|c|o|l|d| |w|e|b|r|e|n|d|e|r|,,4361205,13,8bad20cfa5c21f9f330712163e9ddf6ea850f908,102210fe594ee9b33d82058545b1ed14f4c8206e,android-hw-a51-11-0-aarch64-shippable-qr,amazon-search,True,,,,,,,,,,,,,,,,,,,,,,,,,,,,,,,,,,,,,,,,,,,,,,,,,,TN,,,,,,,,,,
442095914.0,1820308496,2024-01-04 01:41:43,2149.7,99d5c9d12fe8a000d9b092346826d2101720ee5f,1355473,autoland,LastVisualChange,True,amazon-search LastVisualChange opt cold webrender,,77,ms,geckoview,False,|c|o|l|d| |w|e|b|r|e|n|d|e|r|,,4361205,13,8bad20cfa5c21f9f330712163e9ddf6ea850f908,102210fe594ee9b33d82058545b1ed14f4c8206e,android-hw-a51-11-0-aarch64-shippable-qr,amazon-search,True,,,,,,,,,,,,,,,,,,,,,,,,,,,,,,,,,,,,,,,,,,,,,,,,,,TN,,,,,,,,,,
442107896.0,1820369488,2024-01-04 05:54:21,2155.4,c285a1e59436529ca8d4acd4acf55d45e4277b1b,1355496,autoland,LastVisualChange,True,amazon-search LastVisualChange opt cold webrender,,77,ms,geckoview,False,|c|o|l|d| |w|e|b|r|e|n|d|e|r|,,4361205,13,8bad20cfa5c21f9f330712163e9ddf6ea850f908,102210fe594ee9b33d82058545b1ed14f4c8206e,android-hw-a51-11-0-aarch64-shippable-qr,amazon-search,True,,,,,,,,,,,,,,,,,,,,,,,,,,,,,,,,,,,,,,,,,,,,,,,,,,TN,,,,,,,,,,
442138177.0,1820487212,2024-01-04 11:10:14,2296.4,740351987a4ee46ea2c571e5824e859680bda968,1355581,autoland,LastVisualChange,True,amazon-search LastVisualChange opt cold webrender,,77,ms,geckoview,False,|c|o|l|d| |w|e|b|r|e|n|d|e|r|,,4361205,13,8bad20cfa5c21f9f330712163e9ddf6ea850f908,102210fe594ee9b33d82058545b1ed14f4c8206e,android-hw-a51-11-0-aarch64-shippable-qr,amazon-search,True,,,,,,,,,,,,,,,,,,,,,,,,,,,,,,,,,,,,,,,,,,,,,,,,,,TN,,,,,,,,,,
442171949.0,1820676434,2024-01-04 15:17:03,2299.5,45533d2448ef281f6e604ca7626c0a6ecce3e188,1355683,autoland,LastVisualChange,True,amazon-search LastVisualChange opt cold webrender,,77,ms,geckoview,False,|c|o|l|d| |w|e|b|r|e|n|d|e|r|,,4361205,13,8bad20cfa5c21f9f330712163e9ddf6ea850f908,102210fe594ee9b33d82058545b1ed14f4c8206e,android-hw-a51-11-0-aarch64-shippable-qr,amazon-search,True,,,,,,,,,,,,,,,,,,,,,,,,,,,,,,,,,,,,,,,,,,,,,,,,,,TN,,,,,,,,,,
442180404.0,1820703834,2024-01-04 15:42:51,2144.0,0a133d5fd15504b371307e44739e8f97c80096b9,1355702,autoland,LastVisualChange,True,amazon-search LastVisualChange opt cold webrender,,77,ms,geckoview,False,|c|o|l|d| |w|e|b|r|e|n|d|e|r|,,4361205,13,8bad20cfa5c21f9f330712163e9ddf6ea850f908,102210fe594ee9b33d82058545b1ed14f4c8206e,android-hw-a51-11-0-aarch64-shippable-qr,amazon-search,True,,,,,,,,,,,,,,,,,,,,,,,,,,,,,,,,,,,,,,,,,,,,,,,,,,TN,,,,,,,,,,
442198708.0,1820736890,2024-01-04 19:37:18,2245.4,048b65210703dec3aec972f180b52548b2664f7d,1355859,autoland,LastVisualChange,True,amazon-search LastVisualChange opt cold webrender,,77,ms,geckoview,False,|c|o|l|d| |w|e|b|r|e|n|d|e|r|,,4361205,13,8bad20cfa5c21f9f330712163e9ddf6ea850f908,102210fe594ee9b33d82058545b1ed14f4c8206e,android-hw-a51-11-0-aarch64-shippable-qr,amazon-search,True,,,,,,,,,,,,,,,,,,,,,,,,,,,,,,,,,,,,,,,,,,,,,,,,,,TN,,,,,,,,,,
442240372.0,1820933149,2024-01-05 00:18:01,2213.8,84d53ee96a81d7e514d24d1fb3160e91d9cee533,1356034,autoland,LastVisualChange,True,amazon-search LastVisualChange opt cold webrender,,77,ms,geckoview,False,|c|o|l|d| |w|e|b|r|e|n|d|e|r|,,4361205,13,8bad20cfa5c21f9f330712163e9ddf6ea850f908,102210fe594ee9b33d82058545b1ed14f4c8206e,android-hw-a51-11-0-aarch64-shippable-qr,amazon-search,True,,,,,,,,,,,,,,,,,,,,,,,,,,,,,,,,,,,,,,,,,,,,,,,,,,TN,,,,,,,,,,
442251140.0,1821004695,2024-01-05 04:43:02,2351.5,376266ac23d50822ae8c18d60d1577f0b89b7c03,1356081,autoland,LastVisualChange,True,amazon-search LastVisualChange opt cold webrender,,77,ms,geckoview,False,|c|o|l|d| |w|e|b|r|e|n|d|e|r|,,4361205,13,8bad20cfa5c21f9f330712163e9ddf6ea850f908,102210fe594ee9b33d82058545b1ed14f4c8206e,android-hw-a51-11-0-aarch64-shippable-qr,amazon-search,True,,,,,,,,,,,,,,,,,,,,,,,,,,,,,,,,,,,,,,,,,,,,,,,,,,TN,,,,,,,,,,
442267346.0,1821099925,2024-01-05 08:43:49,2236.2,fa9bfcd5f0dbd19a8aaafddc25f6f73e4bcfd484,1356147,autoland,LastVisualChange,True,amazon-search LastVisualChange opt cold webrender,,77,ms,geckoview,False,|c|o|l|d| |w|e|b|r|e|n|d|e|r|,,4361205,13,8bad20cfa5c21f9f330712163e9ddf6ea850f908,102210fe594ee9b33d82058545b1ed14f4c8206e,android-hw-a51-11-0-aarch64-shippable-qr,amazon-search,True,,,,,,,,,,,,,,,,,,,,,,,,,,,,,,,,,,,,,,,,,,,,,,,,,,TN,,,,,,,,,,
442305164.0,1821204123,2024-01-05 12:49:29,2398.4,30bc5759ffcd80a2febc0a054214a3c910d31aea,1356208,autoland,LastVisualChange,True,amazon-search LastVisualChange opt cold webrender,,77,ms,geckoview,False,|c|o|l|d| |w|e|b|r|e|n|d|e|r|,,4361205,13,8bad20cfa5c21f9f330712163e9ddf6ea850f908,102210fe594ee9b33d82058545b1ed14f4c8206e,android-hw-a51-11-0-aarch64-shippable-qr,amazon-search,True,,,,,,,,,,,,,,,,,,,,,,,,,,,,,,,,,,,,,,,,,,,,,,,,,,TN,,,,,,,,,,
442335219.0,1821372702,2024-01-05 17:02:32,2280.9,d2e417f0f208016a0a4e369e822a12e20ef4fc5f,1356351,autoland,LastVisualChange,True,amazon-search LastVisualChange opt cold webrender,,77,ms,geckoview,False,|c|o|l|d| |w|e|b|r|e|n|d|e|r|,,4361205,13,8bad20cfa5c21f9f330712163e9ddf6ea850f908,102210fe594ee9b33d82058545b1ed14f4c8206e,android-hw-a51-11-0-aarch64-shippable-qr,amazon-search,True,,,,,,,,,,,,,,,,,,,,,,,,,,,,,,,,,,,,,,,,,,,,,,,,,,TN,,,,,,,,,,
442350641.0,1821397774,2024-01-05 19:52:18,2221.3,567f5a81c44108f44c4e694af42be8f209da4c0a,1356444,autoland,LastVisualChange,True,amazon-search LastVisualChange opt cold webrender,,77,ms,geckoview,False,|c|o|l|d| |w|e|b|r|e|n|d|e|r|,,4361205,13,8bad20cfa5c21f9f330712163e9ddf6ea850f908,102210fe594ee9b33d82058545b1ed14f4c8206e,android-hw-a51-11-0-aarch64-shippable-qr,amazon-search,True,,,,,,,,,,,,,,,,,,,,,,,,,,,,,,,,,,,,,,,,,,,,,,,,,,TN,,,,,,,,,,
442382505.0,1821517648,2024-01-06 00:04:36,2311.8,2a86438878465bd10e251c52285e2455425bfeb9,1356549,autoland,LastVisualChange,True,amazon-search LastVisualChange opt cold webrender,,77,ms,geckoview,False,|c|o|l|d| |w|e|b|r|e|n|d|e|r|,,4361205,13,8bad20cfa5c21f9f330712163e9ddf6ea850f908,102210fe594ee9b33d82058545b1ed14f4c8206e,android-hw-a51-11-0-aarch64-shippable-qr,amazon-search,True,,,,,,,,,,,,,,,,,,,,,,,,,,,,,,,,,,,,,,,,,,,,,,,,,,TN,,,,,,,,,,
442380897.0,1821507843,2024-01-06 00:21:54,2246.4,ce6cf7dcf8b16c2a478f122f8bab575231c99881,1356554,autoland,LastVisualChange,True,amazon-search LastVisualChange opt cold webrender,,77,ms,geckoview,False,|c|o|l|d| |w|e|b|r|e|n|d|e|r|,,4361205,13,8bad20cfa5c21f9f330712163e9ddf6ea850f908,102210fe594ee9b33d82058545b1ed14f4c8206e,android-hw-a51-11-0-aarch64-shippable-qr,amazon-search,True,,,,,,,,,,,,,,,,,,,,,,,,,,,,,,,,,,,,,,,,,,,,,,,,,,TN,,,,,,,,,,
442417397.0,1821700566,2024-01-06 12:48:14,2222.6,b54f34f26a3a753076473795a42574f426a960ee,1356631,autoland,LastVisualChange,True,amazon-search LastVisualChange opt cold webrender,,77,ms,geckoview,False,|c|o|l|d| |w|e|b|r|e|n|d|e|r|,,4361205,13,8bad20cfa5c21f9f330712163e9ddf6ea850f908,102210fe594ee9b33d82058545b1ed14f4c8206e,android-hw-a51-11-0-aarch64-shippable-qr,amazon-search,True,,,,,,,,,,,,,,,,,,,,,,,,,,,,,,,,,,,,,,,,,,,,,,,,,,TN,,,,,,,,,,
442424753.0,1821742819,2024-01-06 17:09:10,2198.7,d6318b034527ed62918fa4fd893f093c084a6ccb,1356650,autoland,LastVisualChange,True,amazon-search LastVisualChange opt cold webrender,,77,ms,geckoview,False,|c|o|l|d| |w|e|b|r|e|n|d|e|r|,,4361205,13,8bad20cfa5c21f9f330712163e9ddf6ea850f908,102210fe594ee9b33d82058545b1ed14f4c8206e,android-hw-a51-11-0-aarch64-shippable-qr,amazon-search,True,,,,,,,,,,,,,,,,,,,,,,,,,,,,,,,,,,,,,,,,,,,,,,,,,,TN,,,,,,,,,,
442444244.0,1821810835,2024-01-06 21:44:09,2276.4,1d9422a3e1d878f2f2c54ef4e836faabebfdfc9a,1356666,autoland,LastVisualChange,True,amazon-search LastVisualChange opt cold webrender,,77,ms,geckoview,False,|c|o|l|d| |w|e|b|r|e|n|d|e|r|,,4361205,13,8bad20cfa5c21f9f330712163e9ddf6ea850f908,102210fe594ee9b33d82058545b1ed14f4c8206e,android-hw-a51-11-0-aarch64-shippable-qr,amazon-search,True,,,,,,,,,,,,,,,,,,,,,,,,,,,,,,,,,,,,,,,,,,,,,,,,,,TN,,,,,,,,,,
442482429.0,1822030629,2024-01-07 23:26:49,2362.0,47fc814524de5c30dfd7711cf3eda088303ad905,1356765,autoland,LastVisualChange,True,amazon-search LastVisualChange opt cold webrender,,77,ms,geckoview,False,|c|o|l|d| |w|e|b|r|e|n|d|e|r|,,4361205,13,8bad20cfa5c21f9f330712163e9ddf6ea850f908,102210fe594ee9b33d82058545b1ed14f4c8206e,android-hw-a51-11-0-aarch64-shippable-qr,amazon-search,True,,,,,,,,,,,,,,,,,,,,,,,,,,,,,,,,,,,,,,,,,,,,,,,,,,TN,,,,,,,,,,
442485981.0,1822053687,2024-01-08 02:39:55,2337.3,750c44842f26873f40a2d09bc4ee94ecc4c39997,1356771,autoland,LastVisualChange,True,amazon-search LastVisualChange opt cold webrender,,77,ms,geckoview,False,|c|o|l|d| |w|e|b|r|e|n|d|e|r|,,4361205,13,8bad20cfa5c21f9f330712163e9ddf6ea850f908,102210fe594ee9b33d82058545b1ed14f4c8206e,android-hw-a51-11-0-aarch64-shippable-qr,amazon-search,True,,,,,,,,,,,,,,,,,,,,,,,,,,,,,,,,,,,,,,,,,,,,,,,,,,TN,,,,,,,,,,
442534078.0,1822222072,2024-01-08 11:59:03,2213.4,f0a524f0a0085554a1bfdfe1320ee1e87caf7a94,1356886,autoland,LastVisualChange,True,amazon-search LastVisualChange opt cold webrender,,77,ms,geckoview,False,|c|o|l|d| |w|e|b|r|e|n|d|e|r|,,4361205,13,8bad20cfa5c21f9f330712163e9ddf6ea850f908,102210fe594ee9b33d82058545b1ed14f4c8206e,android-hw-a51-11-0-aarch64-shippable-qr,amazon-search,True,,,,,,,,,,,,,,,,,,,,,,,,,,,,,,,,,,,,,,,,,,,,,,,,,,TN,,,,,,,,,,
442557812.0,1822387247,2024-01-08 15:57:02,2219.4,fa142c3f71b8a5f5e5781fe41471dc1528cecd75,1357053,autoland,LastVisualChange,True,amazon-search LastVisualChange opt cold webrender,,77,ms,geckoview,False,|c|o|l|d| |w|e|b|r|e|n|d|e|r|,,4361205,13,8bad20cfa5c21f9f330712163e9ddf6ea850f908,102210fe594ee9b33d82058545b1ed14f4c8206e,android-hw-a51-11-0-aarch64-shippable-qr,amazon-search,True,,,,,,,,,,,,,,,,,,,,,,,,,,,,,,,,,,,,,,,,,,,,,,,,,,TN,,,,,,,,,,
442591324.0,1822451094,2024-01-08 20:04:05,2246.9,41ae953b02271ceda653046c5072bfe0329c7e96,1357175,autoland,LastVisualChange,True,amazon-search LastVisualChange opt cold webrender,,77,ms,geckoview,False,|c|o|l|d| |w|e|b|r|e|n|d|e|r|,,4361205,13,8bad20cfa5c21f9f330712163e9ddf6ea850f908,102210fe594ee9b33d82058545b1ed14f4c8206e,android-hw-a51-11-0-aarch64-shippable-qr,amazon-search,True,,,,,,,,,,,,,,,,,,,,,,,,,,,,,,,,,,,,,,,,,,,,,,,,,,TN,,,,,,,,,,
442630124.0,1822618413,2024-01-09 02:28:42,2331.3,ea866029ce2e23f03843038e1fd8ba7ca9ea30bb,1357330,autoland,LastVisualChange,True,amazon-search LastVisualChange opt cold webrender,,77,ms,geckoview,False,|c|o|l|d| |w|e|b|r|e|n|d|e|r|,,4361205,13,8bad20cfa5c21f9f330712163e9ddf6ea850f908,102210fe594ee9b33d82058545b1ed14f4c8206e,android-hw-a51-11-0-aarch64-shippable-qr,amazon-search,True,,,,,,,,,,,,,,,,,,,,,,,,,,,,,,,,,,,,,,,,,,,,,,,,,,TN,,,,,,,,,,
442682553.0,1822921403,2024-01-09 11:20:33,2207.8,b29d6ace45f4ca84cd58b15ab4430194755a7056,1357465,autoland,LastVisualChange,True,amazon-search LastVisualChange opt cold webrender,,77,ms,geckoview,False,|c|o|l|d| |w|e|b|r|e|n|d|e|r|,,4361205,13,8bad20cfa5c21f9f330712163e9ddf6ea850f908,102210fe594ee9b33d82058545b1ed14f4c8206e,android-hw-a51-11-0-aarch64-shippable-qr,amazon-search,True,,,,,,,,,,,,,,,,,,,,,,,,,,,,,,,,,,,,,,,,,,,,,,,,,,TN,,,,,,,,,,
442685420.0,1822946505,2024-01-09 11:56:06,2210.0,051ee8b6b5420d6e2ef877ed6ff3a70306257659,1357476,autoland,LastVisualChange,True,amazon-search LastVisualChange opt cold webrender,,77,ms,geckoview,False,|c|o|l|d| |w|e|b|r|e|n|d|e|r|,,4361205,13,8bad20cfa5c21f9f330712163e9ddf6ea850f908,102210fe594ee9b33d82058545b1ed14f4c8206e,android-hw-a51-11-0-aarch64-shippable-qr,amazon-search,True,,,,,,,,,,,,,,,,,,,,,,,,,,,,,,,,,,,,,,,,,,,,,,,,,,TN,,,,,,,,,,
442722259.0,1823094527,2024-01-09 16:23:43,2266.6,39da72deac75c8026ae23df612934a7fc7c3693a,1357611,autoland,LastVisualChange,True,amazon-search LastVisualChange opt cold webrender,,77,ms,geckoview,False,|c|o|l|d| |w|e|b|r|e|n|d|e|r|,,4361205,13,8bad20cfa5c21f9f330712163e9ddf6ea850f908,102210fe594ee9b33d82058545b1ed14f4c8206e,android-hw-a51-11-0-aarch64-shippable-qr,amazon-search,True,,,,,,,,,,,,,,,,,,,,,,,,,,,,,,,,,,,,,,,,,,,,,,,,,,TN,,,,,,,,,,
442726157.0,1823110916,2024-01-09 17:04:21,2223.6,65446098ef641575f65d67f1db14e51401e565de,1357636,autoland,LastVisualChange,True,amazon-search LastVisualChange opt cold webrender,,77,ms,geckoview,False,|c|o|l|d| |w|e|b|r|e|n|d|e|r|,,4361205,13,8bad20cfa5c21f9f330712163e9ddf6ea850f908,102210fe594ee9b33d82058545b1ed14f4c8206e,android-hw-a51-11-0-aarch64-shippable-qr,amazon-search,True,,,,,,,,,,,,,,,,,,,,,,,,,,,,,,,,,,,,,,,,,,,,,,,,,,TN,,,,,,,,,,
442750668.0,1823234713,2024-01-09 20:55:28,2221.0,b089f828d54fe4d5fff32c8f142a603bc9d51325,1357773,autoland,LastVisualChange,True,amazon-search LastVisualChange opt cold webrender,,77,ms,geckoview,False,|c|o|l|d| |w|e|b|r|e|n|d|e|r|,,4361205,13,8bad20cfa5c21f9f330712163e9ddf6ea850f908,102210fe594ee9b33d82058545b1ed14f4c8206e,android-hw-a51-11-0-aarch64-shippable-qr,amazon-search,True,,,,,,,,,,,,,,,,,,,,,,,,,,,,,,,,,,,,,,,,,,,,,,,,,,TN,,,,,,,,,,
442766303.0,1823336657,2024-01-09 23:58:45,2202.8,33d47d05c368a7b03c3843f70deb11c351eab0e7,1357896,autoland,LastVisualChange,True,amazon-search LastVisualChange opt cold webrender,,77,ms,geckoview,False,|c|o|l|d| |w|e|b|r|e|n|d|e|r|,,4361205,13,8bad20cfa5c21f9f330712163e9ddf6ea850f908,102210fe594ee9b33d82058545b1ed14f4c8206e,android-hw-a51-11-0-aarch64-shippable-qr,amazon-search,True,,,,,,,,,,,,,,,,,,,,,,,,,,,,,,,,,,,,,,,,,,,,,,,,,,TN,,,,,,,,,,
442790190.0,1823468362,2024-01-10 06:33:00,2249.6,8d93c10892064c983f5603645b9f6db6494fac24,1357998,autoland,LastVisualChange,True,amazon-search LastVisualChange opt cold webrender,,77,ms,geckoview,False,|c|o|l|d| |w|e|b|r|e|n|d|e|r|,,4361205,13,8bad20cfa5c21f9f330712163e9ddf6ea850f908,102210fe594ee9b33d82058545b1ed14f4c8206e,android-hw-a51-11-0-aarch64-shippable-qr,amazon-search,True,,,,,,,,,,,,,,,,,,,,,,,,,,,,,,,,,,,,,,,,,,,,,,,,,,TN,,,,,,,,,,
442816622.0,1823607984,2024-01-10 10:37:21,2369.8,c892e00c62dbbeba07a14640ce9baf3a7c27383d,1358093,autoland,LastVisualChange,True,amazon-search LastVisualChange opt cold webrender,,77,ms,geckoview,False,|c|o|l|d| |w|e|b|r|e|n|d|e|r|,,4361205,13,8bad20cfa5c21f9f330712163e9ddf6ea850f908,102210fe594ee9b33d82058545b1ed14f4c8206e,android-hw-a51-11-0-aarch64-shippable-qr,amazon-search,True,,,,,,,,,,,,,,,,,,,,,,,,,,,,,,,,,,,,,,,,,,,,,,,,,,TN,,,,,,,,,,
442830085.0,1823627255,2024-01-10 11:50:05,2312.7,645f7ed438fb8172e3e4db34d3d7821251ae066c,1358132,autoland,LastVisualChange,True,amazon-search LastVisualChange opt cold webrender,,77,ms,geckoview,False,|c|o|l|d| |w|e|b|r|e|n|d|e|r|,,4361205,13,8bad20cfa5c21f9f330712163e9ddf6ea850f908,102210fe594ee9b33d82058545b1ed14f4c8206e,android-hw-a51-11-0-aarch64-shippable-qr,amazon-search,True,,,,,,,,,,,,,,,,,,,,,,,,,,,,,,,,,,,,,,,,,,,,,,,,,,TN,,,,,,,,,,
442858838.0,1823743520,2024-01-10 15:53:53,2277.7,abbd6756776d8ea1ff22b8a5ee76e1417583f893,1358258,autoland,LastVisualChange,True,amazon-search LastVisualChange opt cold webrender,,77,ms,geckoview,False,|c|o|l|d| |w|e|b|r|e|n|d|e|r|,,4361205,13,8bad20cfa5c21f9f330712163e9ddf6ea850f908,102210fe594ee9b33d82058545b1ed14f4c8206e,android-hw-a51-11-0-aarch64-shippable-qr,amazon-search,True,,,,,,,,,,,,,,,,,,,,,,,,,,,,,,,,,,,,,,,,,,,,,,,,,,TN,,,,,,,,,,
442881149.0,1823840947,2024-01-10 20:02:55,2380.0,13107fcd50cf2795a397cd8d72ce290a0b34a909,1358406,autoland,LastVisualChange,True,amazon-search LastVisualChange opt cold webrender,,77,ms,geckoview,False,|c|o|l|d| |w|e|b|r|e|n|d|e|r|,,4361205,13,8bad20cfa5c21f9f330712163e9ddf6ea850f908,102210fe594ee9b33d82058545b1ed14f4c8206e,android-hw-a51-11-0-aarch64-shippable-qr,amazon-search,True,,,,,,,,,,,,,,,,,,,,,,,,,,,,,,,,,,,,,,,,,,,,,,,,,,TN,,,,,,,,,,
442906456.0,1823952878,2024-01-11 01:22:24,2318.6,1a93f0a64a7f897212da58c5753433922e0953cb,1358548,autoland,LastVisualChange,True,amazon-search LastVisualChange opt cold webrender,,77,ms,geckoview,False,|c|o|l|d| |w|e|b|r|e|n|d|e|r|,,4361205,13,8bad20cfa5c21f9f330712163e9ddf6ea850f908,102210fe594ee9b33d82058545b1ed14f4c8206e,android-hw-a51-11-0-aarch64-shippable-qr,amazon-search,True,,,,,,,,,,,,,,,,,,,,,,,,,,,,,,,,,,,,,,,,,,,,,,,,,,TN,,,,,,,,,,
442925572.0,1824058559,2024-01-11 07:34:58,2260.5,53b379d2ca1da12d341d8c9f8e59575152c88b27,1358622,autoland,LastVisualChange,True,amazon-search LastVisualChange opt cold webrender,,77,ms,geckoview,False,|c|o|l|d| |w|e|b|r|e|n|d|e|r|,,4361205,13,8bad20cfa5c21f9f330712163e9ddf6ea850f908,102210fe594ee9b33d82058545b1ed14f4c8206e,android-hw-a51-11-0-aarch64-shippable-qr,amazon-search,True,,,,,,,,,,,,,,,,,,,,,,,,,,,,,,,,,,,,,,,,,,,,,,,,,,TN,,,,,,,,,,
442938129.0,1824113240,2024-01-11 09:13:52,2342.0,0bd36479d605b1a8748ee37096ff0d54383f0402,1358650,autoland,LastVisualChange,True,amazon-search LastVisualChange opt cold webrender,,77,ms,geckoview,False,|c|o|l|d| |w|e|b|r|e|n|d|e|r|,,4361205,13,8bad20cfa5c21f9f330712163e9ddf6ea850f908,102210fe594ee9b33d82058545b1ed14f4c8206e,android-hw-a51-11-0-aarch64-shippable-qr,amazon-search,True,,,,,,,,,,,,,,,,,,,,,,,,,,,,,,,,,,,,,,,,,,,,,,,,,,TN,,,,,,,,,,
442969651.0,1824201491,2024-01-11 13:33:40,2245.9,9e9da9a3335070604e4d44a2a97d897ca73a4c16,1358737,autoland,LastVisualChange,True,amazon-search LastVisualChange opt cold webrender,,77,ms,geckoview,False,|c|o|l|d| |w|e|b|r|e|n|d|e|r|,,4361205,13,8bad20cfa5c21f9f330712163e9ddf6ea850f908,102210fe594ee9b33d82058545b1ed14f4c8206e,android-hw-a51-11-0-aarch64-shippable-qr,amazon-search,True,,,,,,,,,,,,,,,,,,,,,,,,,,,,,,,,,,,,,,,,,,,,,,,,,,TN,,,,,,,,,,
442985434.0,1824292913,2024-01-11 15:31:24,2211.3,0fbc415c1704aee17dbd065e8d41e057993f1797,1358816,autoland,LastVisualChange,True,amazon-search LastVisualChange opt cold webrender,,77,ms,geckoview,False,|c|o|l|d| |w|e|b|r|e|n|d|e|r|,,4361205,13,8bad20cfa5c21f9f330712163e9ddf6ea850f908,102210fe594ee9b33d82058545b1ed14f4c8206e,android-hw-a51-11-0-aarch64-shippable-qr,amazon-search,True,,,,,,,,,,,,,,,,,,,,,,,,,,,,,,,,,,,,,,,,,,,,,,,,,,TN,,,,,,,,,,
443017209.0,1824390490,2024-01-11 19:45:18,2365.2,51d3d025e7fa3113193da45b9c1b1d792060a4c3,1358981,autoland,LastVisualChange,True,amazon-search LastVisualChange opt cold webrender,,77,ms,geckoview,False,|c|o|l|d| |w|e|b|r|e|n|d|e|r|,,4361205,13,8bad20cfa5c21f9f330712163e9ddf6ea850f908,102210fe594ee9b33d82058545b1ed14f4c8206e,android-hw-a51-11-0-aarch64-shippable-qr,amazon-search,True,,,,,,,,,,,,,,,,,,,,,,,,,,,,,,,,,,,,,,,,,,,,,,,,,,TN,,,,,,,,,,
443023003.0,1824414358,2024-01-11 20:05:09,2293.3,8f1e9e2c902a89cfb9f9ea20307fb3ee8a91a4af,1358995,autoland,LastVisualChange,True,amazon-search LastVisualChange opt cold webrender,,77,ms,geckoview,False,|c|o|l|d| |w|e|b|r|e|n|d|e|r|,,4361205,13,8bad20cfa5c21f9f330712163e9ddf6ea850f908,102210fe594ee9b33d82058545b1ed14f4c8206e,android-hw-a51-11-0-aarch64-shippable-qr,amazon-search,True,,,,,,,,,,,,,,,,,,,,,,,,,,,,,,,,,,,,,,,,,,,,,,,,,,TN,,,,,,,,,,
443054184.0,1824580191,2024-01-12 01:35:24,2223.8,1d2ccbe0bb6db4d9628b16914b33c5dc5e9406dc,1359176,autoland,LastVisualChange,True,amazon-search LastVisualChange opt cold webrender,,77,ms,geckoview,False,|c|o|l|d| |w|e|b|r|e|n|d|e|r|,,4361205,13,8bad20cfa5c21f9f330712163e9ddf6ea850f908,102210fe594ee9b33d82058545b1ed14f4c8206e,android-hw-a51-11-0-aarch64-shippable-qr,amazon-search,True,,,,,,,,,,,,,,,,,,,,,,,,,,,,,,,,,,,,,,,,,,,,,,,,,,TN,,,,,,,,,,
443069745.0,1824672684,2024-01-12 05:09:20,2324.8,1dc9f987063cf678f5c26e7534eadc8bfd186fa9,1359210,autoland,LastVisualChange,True,amazon-search LastVisualChange opt cold webrender,,77,ms,geckoview,False,|c|o|l|d| |w|e|b|r|e|n|d|e|r|,,4361205,13,8bad20cfa5c21f9f330712163e9ddf6ea850f908,102210fe594ee9b33d82058545b1ed14f4c8206e,android-hw-a51-11-0-aarch64-shippable-qr,amazon-search,True,,,,,,,,,,,,,,,,,,,,,,,,,,,,,,,,,,,,,,,,,,,,,,,,,,TN,,,,,,,,,,
443095925.0,1824843483,2024-01-12 09:17:33,2183.8,734e2e027196a9d64120ebf11a01a1b03e494d43,1359269,autoland,LastVisualChange,True,amazon-search LastVisualChange opt cold webrender,,77,ms,geckoview,False,|c|o|l|d| |w|e|b|r|e|n|d|e|r|,,4361205,13,8bad20cfa5c21f9f330712163e9ddf6ea850f908,102210fe594ee9b33d82058545b1ed14f4c8206e,android-hw-a51-11-0-aarch64-shippable-qr,amazon-search,True,,,,,,,,,,,,,,,,,,,,,,,,,,,,,,,,,,,,,,,,,,,,,,,,,,TN,,,,,,,,,,
443098406.0,1824864344,2024-01-12 09:50:00,2230.0,04e959fcffc3608cfdc8e3812cac822a94eb7f79,1359287,autoland,LastVisualChange,True,amazon-search LastVisualChange opt cold webrender,,77,ms,geckoview,False,|c|o|l|d| |w|e|b|r|e|n|d|e|r|,,4361205,13,8bad20cfa5c21f9f330712163e9ddf6ea850f908,102210fe594ee9b33d82058545b1ed14f4c8206e,android-hw-a51-11-0-aarch64-shippable-qr,amazon-search,True,,,,,,,,,,,,,,,,,,,,,,,,,,,,,,,,,,,,,,,,,,,,,,,,,,TN,,,,,,,,,,
443127447.0,1825006552,2024-01-12 13:58:07,2281.6,ce67ec7f0570e0dbbb4af59d868791341b3ae825,1359382,autoland,LastVisualChange,True,amazon-search LastVisualChange opt cold webrender,,77,ms,geckoview,False,|c|o|l|d| |w|e|b|r|e|n|d|e|r|,,4361205,13,8bad20cfa5c21f9f330712163e9ddf6ea850f908,102210fe594ee9b33d82058545b1ed14f4c8206e,android-hw-a51-11-0-aarch64-shippable-qr,amazon-search,True,,,,,,,,,,,,,,,,,,,,,,,,,,,,,,,,,,,,,,,,,,,,,,,,,,TN,,,,,,,,,,
443139688.0,1825126192,2024-01-12 15:59:03,2341.0,ca885660ea6d70595474b1663ce6806f7a86a6ea,1359473,autoland,LastVisualChange,True,amazon-search LastVisualChange opt cold webrender,,77,ms,geckoview,False,|c|o|l|d| |w|e|b|r|e|n|d|e|r|,,4361205,13,8bad20cfa5c21f9f330712163e9ddf6ea850f908,102210fe594ee9b33d82058545b1ed14f4c8206e,android-hw-a51-11-0-aarch64-shippable-qr,amazon-search,True,,,,,,,,,,,,,,,,,,,,,,,,,,,,,,,,,,,,,,,,,,,,,,,,,,TN,,,,,,,,,,
443164703.0,1825219871,2024-01-12 19:38:29,2303.5,00f949eecc1be917553e235f582aeb7e1e1146fd,1359666,autoland,LastVisualChange,True,amazon-search LastVisualChange opt cold webrender,,77,ms,geckoview,False,|c|o|l|d| |w|e|b|r|e|n|d|e|r|,,4361205,13,8bad20cfa5c21f9f330712163e9ddf6ea850f908,102210fe594ee9b33d82058545b1ed14f4c8206e,android-hw-a51-11-0-aarch64-shippable-qr,amazon-search,True,,,,,,,,,,,,,,,,,,,,,,,,,,,,,,,,,,,,,,,,,,,,,,,,,,TN,,,,,,,,,,
443184760.0,1825295471,2024-01-12 23:40:01,2328.9,53d4d65c33f1a556689dd9de738b173142e52749,1359778,autoland,LastVisualChange,True,amazon-search LastVisualChange opt cold webrender,,77,ms,geckoview,False,|c|o|l|d| |w|e|b|r|e|n|d|e|r|,,4361205,13,8bad20cfa5c21f9f330712163e9ddf6ea850f908,102210fe594ee9b33d82058545b1ed14f4c8206e,android-hw-a51-11-0-aarch64-shippable-qr,amazon-search,True,,,,,,,,,,,,,,,,,,,,,,,,,,,,,,,,,,,,,,,,,,,,,,,,,,TN,,,,,,,,,,
443204806.0,1825431904,2024-01-13 08:47:40,2249.3,1c1cef3dae75411dbe9bc03547274f506cade636,1359844,autoland,LastVisualChange,True,amazon-search LastVisualChange opt cold webrender,,77,ms,geckoview,False,|c|o|l|d| |w|e|b|r|e|n|d|e|r|,,4361205,13,8bad20cfa5c21f9f330712163e9ddf6ea850f908,102210fe594ee9b33d82058545b1ed14f4c8206e,android-hw-a51-11-0-aarch64-shippable-qr,amazon-search,True,,,,,,,,,,,,,,,,,,,,,,,,,,,,,,,,,,,,,,,,,,,,,,,,,,TN,,,,,,,,,,
443227661.0,1825540117,2024-01-13 14:38:07,2248.3,9e96d1447f6c77f15bcd1c7fa432cefae4418038,1359886,autoland,LastVisualChange,True,amazon-search LastVisualChange opt cold webrender,,77,ms,geckoview,False,|c|o|l|d| |w|e|b|r|e|n|d|e|r|,,4361205,13,8bad20cfa5c21f9f330712163e9ddf6ea850f908,102210fe594ee9b33d82058545b1ed14f4c8206e,android-hw-a51-11-0-aarch64-shippable-qr,amazon-search,True,,,,,,,,,,,,,,,,,,,,,,,,,,,,,,,,,,,,,,,,,,,,,,,,,,TN,,,,,,,,,,
443248845.0,1825609611,2024-01-13 23:22:39,2277.2,05b08c9f9a5822b969513dda16d5f55e322ade4f,1359908,autoland,LastVisualChange,True,amazon-search LastVisualChange opt cold webrender,,77,ms,geckoview,False,|c|o|l|d| |w|e|b|r|e|n|d|e|r|,,4361205,13,8bad20cfa5c21f9f330712163e9ddf6ea850f908,102210fe594ee9b33d82058545b1ed14f4c8206e,android-hw-a51-11-0-aarch64-shippable-qr,amazon-search,True,,,,,,,,,,,,,,,,,,,,,,,,,,,,,,,,,,,,,,,,,,,,,,,,,,TN,,,,,,,,,,
443275246.0,1825765154,2024-01-14 13:25:52,2357.6,b24d63d72f77a64fe5d8bce6420b88e7e0c4d9da,1359942,autoland,LastVisualChange,True,amazon-search LastVisualChange opt cold webrender,,77,ms,geckoview,False,|c|o|l|d| |w|e|b|r|e|n|d|e|r|,,4361205,13,8bad20cfa5c21f9f330712163e9ddf6ea850f908,102210fe594ee9b33d82058545b1ed14f4c8206e,android-hw-a51-11-0-aarch64-shippable-qr,amazon-search,True,,,,,,,,,,,,,,,,,,,,,,,,,,,,,,,,,,,,,,,,,,,,,,,,,,TN,,,,,,,,,,
443298140.0,1825860276,2024-01-15 05:08:04,2351.0,de4567bec5231630b24dbc8a0f117c108e274afc,1360013,autoland,LastVisualChange,True,amazon-search LastVisualChange opt cold webrender,,77,ms,geckoview,False,|c|o|l|d| |w|e|b|r|e|n|d|e|r|,,4361205,13,8bad20cfa5c21f9f330712163e9ddf6ea850f908,102210fe594ee9b33d82058545b1ed14f4c8206e,android-hw-a51-11-0-aarch64-shippable-qr,amazon-search,True,,,,,,,,,,,,,,,,,,,,,,,,,,,,,,,,,,,,,,,,,,,,,,,,,,TN,,,,,,,,,,
443302906.0,1825890407,2024-01-15 06:43:10,2254.5,fed0bf16c40eba956c10bb3214420acaf75ee212,1360023,autoland,LastVisualChange,True,amazon-search LastVisualChange opt cold webrender,,77,ms,geckoview,False,|c|o|l|d| |w|e|b|r|e|n|d|e|r|,,4361205,13,8bad20cfa5c21f9f330712163e9ddf6ea850f908,102210fe594ee9b33d82058545b1ed14f4c8206e,android-hw-a51-11-0-aarch64-shippable-qr,amazon-search,True,,,,,,,,,,,,,,,,,,,,,,,,,,,,,,,,,,,,,,,,,,,,,,,,,,TN,,,,,,,,,,
443332752.0,1825989172,2024-01-15 11:02:38,2220.0,43598f45eee98e83ea2f55ce9a36e000770cf985,1360080,autoland,LastVisualChange,True,amazon-search LastVisualChange opt cold webrender,,77,ms,geckoview,False,|c|o|l|d| |w|e|b|r|e|n|d|e|r|,,4361205,13,8bad20cfa5c21f9f330712163e9ddf6ea850f908,102210fe594ee9b33d82058545b1ed14f4c8206e,android-hw-a51-11-0-aarch64-shippable-qr,amazon-search,True,,,,,,,,,,,,,,,,,,,,,,,,,,,,,,,,,,,,,,,,,,,,,,,,,,TN,,,,,,,,,,
443342984.0,1826046302,2024-01-15 13:01:22,2387.3,253b1ef032b4e35683449c7af5d9effaa417e813,1360125,autoland,LastVisualChange,True,amazon-search LastVisualChange opt cold webrender,,77,ms,geckoview,False,|c|o|l|d| |w|e|b|r|e|n|d|e|r|,,4361205,13,8bad20cfa5c21f9f330712163e9ddf6ea850f908,102210fe594ee9b33d82058545b1ed14f4c8206e,android-hw-a51-11-0-aarch64-shippable-qr,amazon-search,True,,,,,,,,,,,,,,,,,,,,,,,,,,,,,,,,,,,,,,,,,,,,,,,,,,TN,,,,,,,,,,
443368750.0,1826212879,2024-01-15 16:45:21,2296.0,a9ede7f8216422a86a2b25e0696d884c8a069b78,1360291,autoland,LastVisualChange,True,amazon-search LastVisualChange opt cold webrender,,77,ms,geckoview,False,|c|o|l|d| |w|e|b|r|e|n|d|e|r|,,4361205,13,8bad20cfa5c21f9f330712163e9ddf6ea850f908,102210fe594ee9b33d82058545b1ed14f4c8206e,android-hw-a51-11-0-aarch64-shippable-qr,amazon-search,True,,,,,,,,,,,,,,,,,,,,,,,,,,,,,,,,,,,,,,,,,,,,,,,,,,TN,,,,,,,,,,
443405409.0,1826311251,2024-01-15 21:04:35,2292.2,8a68c5a8cac8300a140767d36eaed293e8f2664c,1360446,autoland,LastVisualChange,True,amazon-search LastVisualChange opt cold webrender,,77,ms,geckoview,False,|c|o|l|d| |w|e|b|r|e|n|d|e|r|,,4361205,13,8bad20cfa5c21f9f330712163e9ddf6ea850f908,102210fe594ee9b33d82058545b1ed14f4c8206e,android-hw-a51-11-0-aarch64-shippable-qr,amazon-search,True,,,,,,,,,,,,,,,,,,,,,,,,,,,,,,,,,,,,,,,,,,,,,,,,,,TN,,,,,,,,,,
443424264.0,1826365287,2024-01-16 02:30:18,2222.1,02d1a62ad90af487d859bc4971a43862dceeda6e,1360561,autoland,LastVisualChange,True,amazon-search LastVisualChange opt cold webrender,,77,ms,geckoview,False,|c|o|l|d| |w|e|b|r|e|n|d|e|r|,,4361205,13,8bad20cfa5c21f9f330712163e9ddf6ea850f908,102210fe594ee9b33d82058545b1ed14f4c8206e,android-hw-a51-11-0-aarch64-shippable-qr,amazon-search,True,,,,,,,,,,,,,,,,,,,,,,,,,,,,,,,,,,,,,,,,,,,,,,,,,,TN,,,,,,,,,,
443428591.0,1826419071,2024-01-16 03:41:09,2234.4,70cdba288eb3585a65e68748b4aecfe615cf92e8,1360576,autoland,LastVisualChange,True,amazon-search LastVisualChange opt cold webrender,,77,ms,geckoview,False,|c|o|l|d| |w|e|b|r|e|n|d|e|r|,,4361205,13,8bad20cfa5c21f9f330712163e9ddf6ea850f908,102210fe594ee9b33d82058545b1ed14f4c8206e,android-hw-a51-11-0-aarch64-shippable-qr,amazon-search,True,,,,,,,,,,,,,,,,,,,,,,,,,,,,,,,,,,,,,,,,,,,,,,,,,,TN,,,,,,,,,,
443447679.0,1826527391,2024-01-16 08:02:14,2309.3,f2c924263ffece6d0b30e6a52dfd32792c5bf5ab,1360634,autoland,LastVisualChange,True,amazon-search LastVisualChange opt cold webrender,,77,ms,geckoview,False,|c|o|l|d| |w|e|b|r|e|n|d|e|r|,,4361205,13,8bad20cfa5c21f9f330712163e9ddf6ea850f908,102210fe594ee9b33d82058545b1ed14f4c8206e,android-hw-a51-11-0-aarch64-shippable-qr,amazon-search,True,,,,,,,,,,,,,,,,,,,,,,,,,,,,,,,,,,,,,,,,,,,,,,,,,,TN,,,,,,,,,,
443485859.0,1826652977,2024-01-16 12:14:54,2363.1,b7a792b71de6beb8e167d10494fa1c387f55f9c2,1360755,autoland,LastVisualChange,True,amazon-search LastVisualChange opt cold webrender,,77,ms,geckoview,False,|c|o|l|d| |w|e|b|r|e|n|d|e|r|,,4361205,13,8bad20cfa5c21f9f330712163e9ddf6ea850f908,102210fe594ee9b33d82058545b1ed14f4c8206e,android-hw-a51-11-0-aarch64-shippable-qr,amazon-search,True,,,,,,,,,,,,,,,,,,,,,,,,,,,,,,,,,,,,,,,,,,,,,,,,,,TN,,,,,,,,,,
443505847.0,1826766123,2024-01-16 16:10:42,2294.2,c57d859580d036c47f9c0140e247b012211f6475,1360921,autoland,LastVisualChange,True,amazon-search LastVisualChange opt cold webrender,,77,ms,geckoview,False,|c|o|l|d| |w|e|b|r|e|n|d|e|r|,,4361205,13,8bad20cfa5c21f9f330712163e9ddf6ea850f908,102210fe594ee9b33d82058545b1ed14f4c8206e,android-hw-a51-11-0-aarch64-shippable-qr,amazon-search,True,,,,,,,,,,,,,,,,,,,,,,,,,,,,,,,,,,,,,,,,,,,,,,,,,,TN,,,,,,,,,,
443520416.0,1826831694,2024-01-16 18:47:57,2257.3,70d83d705e48aa6e7e7f765142176e775044db26,1361053,autoland,LastVisualChange,True,amazon-search LastVisualChange opt cold webrender,,77,ms,geckoview,False,|c|o|l|d| |w|e|b|r|e|n|d|e|r|,,4361205,13,8bad20cfa5c21f9f330712163e9ddf6ea850f908,102210fe594ee9b33d82058545b1ed14f4c8206e,android-hw-a51-11-0-aarch64-shippable-qr,amazon-search,True,,,,,,,,,,,,,,,,,,,,,,,,,,,,,,,,,,,,,,,,,,,,,,,,,,TN,,,,,,,,,,
443544506.0,1826908619,2024-01-16 21:05:47,2319.8,be11cd2890f611f1552236eed7ffe53fba913a46,1361171,autoland,LastVisualChange,True,amazon-search LastVisualChange opt cold webrender,,77,ms,geckoview,False,|c|o|l|d| |w|e|b|r|e|n|d|e|r|,,4361205,13,8bad20cfa5c21f9f330712163e9ddf6ea850f908,102210fe594ee9b33d82058545b1ed14f4c8206e,android-hw-a51-11-0-aarch64-shippable-qr,amazon-search,True,,,,,,,,,,,,,,,,,,,,,,,,,,,,,,,,,,,,,,,,,,,,,,,,,,TN,,,,,,,,,,
443555672.0,1826977845,2024-01-17 00:27:37,2219.3,2425c93f20f61b806df955141332d7cb553c6efb,1361277,autoland,LastVisualChange,True,amazon-search LastVisualChange opt cold webrender,,77,ms,geckoview,False,|c|o|l|d| |w|e|b|r|e|n|d|e|r|,,4361205,13,8bad20cfa5c21f9f330712163e9ddf6ea850f908,102210fe594ee9b33d82058545b1ed14f4c8206e,android-hw-a51-11-0-aarch64-shippable-qr,amazon-search,True,,,,,,,,,,,,,,,,,,,,,,,,,,,,,,,,,,,,,,,,,,,,,,,,,,TN,,,,,,,,,,
443572879.0,1827087504,2024-01-17 05:04:36,2187.4,71000174812fc0992b6793e53ac5f11f1b87bdc0,1361364,autoland,LastVisualChange,True,amazon-search LastVisualChange opt cold webrender,,77,ms,geckoview,False,|c|o|l|d| |w|e|b|r|e|n|d|e|r|,,4361205,13,8bad20cfa5c21f9f330712163e9ddf6ea850f908,102210fe594ee9b33d82058545b1ed14f4c8206e,android-hw-a51-11-0-aarch64-shippable-qr,amazon-search,True,,,,,,,,,,,,,,,,,,,,,,,,,,,,,,,,,,,,,,,,,,,,,,,,,,TN,,,,,,,,,,
443606784.0,1827191778,2024-01-17 09:39:35,2263.2,504ffc20d2ebb35be48357830d614ec96765c802,1361428,autoland,LastVisualChange,True,amazon-search LastVisualChange opt cold webrender,,77,ms,geckoview,False,|c|o|l|d| |w|e|b|r|e|n|d|e|r|,,4361205,13,8bad20cfa5c21f9f330712163e9ddf6ea850f908,102210fe594ee9b33d82058545b1ed14f4c8206e,android-hw-a51-11-0-aarch64-shippable-qr,amazon-search,True,,,,,,,,,,,,,,,,,,,,,,,,,,,,,,,,,,,,,,,,,,,,,,,,,,TN,,,,,,,,,,
443624521.0,1827247313,2024-01-17 11:04:44,2194.4,362d9aca9e101b9ee8f7efe2a7c456e245e6313c,1361499,autoland,LastVisualChange,True,amazon-search LastVisualChange opt cold webrender,,77,ms,geckoview,False,|c|o|l|d| |w|e|b|r|e|n|d|e|r|,,4361205,13,8bad20cfa5c21f9f330712163e9ddf6ea850f908,102210fe594ee9b33d82058545b1ed14f4c8206e,android-hw-a51-11-0-aarch64-shippable-qr,amazon-search,True,,,,,,,,,,,,,,,,,,,,,,,,,,,,,,,,,,,,,,,,,,,,,,,,,,TN,,,,,,,,,,
443676468.0,1827457791,2024-01-17 15:07:48,2356.8,848e3e2acdf34af9e6862b8a77a8d1ea39c48098,1361632,autoland,LastVisualChange,True,amazon-search LastVisualChange opt cold webrender,,77,ms,geckoview,False,|c|o|l|d| |w|e|b|r|e|n|d|e|r|,,4361205,13,8bad20cfa5c21f9f330712163e9ddf6ea850f908,102210fe594ee9b33d82058545b1ed14f4c8206e,android-hw-a51-11-0-aarch64-shippable-qr,amazon-search,True,,,,,,,,,,,,,,,,,,,,,,,,,,,,,,,,,,,,,,,,,,,,,,,,,,TN,,,,,,,,,,
443667987.0,1827447366,2024-01-17 15:18:54,2207.9,a11dab561c63102a4ed97f42068f448ec332c652,1361644,autoland,LastVisualChange,True,amazon-search LastVisualChange opt cold webrender,,77,ms,geckoview,False,|c|o|l|d| |w|e|b|r|e|n|d|e|r|,,4361205,13,8bad20cfa5c21f9f330712163e9ddf6ea850f908,102210fe594ee9b33d82058545b1ed14f4c8206e,android-hw-a51-11-0-aarch64-shippable-qr,amazon-search,True,,,,,,,,,,,,,,,,,,,,,,,,,,,,,,,,,,,,,,,,,,,,,,,,,,TN,,,,,,,,,,
443714660.0,1827654633,2024-01-17 23:49:06,2280.3,fe239ad8a8aea4198d356ae3ab92415c5237b530,1361957,autoland,LastVisualChange,True,amazon-search LastVisualChange opt cold webrender,,77,ms,geckoview,False,|c|o|l|d| |w|e|b|r|e|n|d|e|r|,,4361205,13,8bad20cfa5c21f9f330712163e9ddf6ea850f908,102210fe594ee9b33d82058545b1ed14f4c8206e,android-hw-a51-11-0-aarch64-shippable-qr,amazon-search,True,,,,,,,,,,,,,,,,,,,,,,,,,,,,,,,,,,,,,,,,,,,,,,,,,,TN,,,,,,,,,,
443716966.0,1827679130,2024-01-17 23:52:50,2422.6,79a6322a49b2f811fe674c1802ab75b99d9c95a3,1361961,autoland,LastVisualChange,True,amazon-search LastVisualChange opt cold webrender,,77,ms,geckoview,False,|c|o|l|d| |w|e|b|r|e|n|d|e|r|,,4361205,13,8bad20cfa5c21f9f330712163e9ddf6ea850f908,102210fe594ee9b33d82058545b1ed14f4c8206e,android-hw-a51-11-0-aarch64-shippable-qr,amazon-search,True,,,,,,,,,,,,,,,,,,,,,,,,,,,,,,,,,,,,,,,,,,,,,,,,,,TN,,,,,,,,,,
443726828.0,1827753909,2024-01-18 01:49:32,2347.2,c38d482445a0c034ac7b8fc0219092fccdbc58b2,1362034,autoland,LastVisualChange,True,amazon-search LastVisualChange opt cold webrender,,77,ms,geckoview,False,|c|o|l|d| |w|e|b|r|e|n|d|e|r|,,4361205,13,8bad20cfa5c21f9f330712163e9ddf6ea850f908,102210fe594ee9b33d82058545b1ed14f4c8206e,android-hw-a51-11-0-aarch64-shippable-qr,amazon-search,True,,,,,,,,,,,,,,,,,,,,,,,,,,,,,,,,,,,,,,,,,,,,,,,,,,TN,,,,,,,,,,
443756613.0,1827905455,2024-01-18 06:50:06,2280.7,a505d6315623943fb581b7f21beece40fc6faf17,1362092,autoland,LastVisualChange,True,amazon-search LastVisualChange opt cold webrender,,77,ms,geckoview,False,|c|o|l|d| |w|e|b|r|e|n|d|e|r|,,4361205,13,8bad20cfa5c21f9f330712163e9ddf6ea850f908,102210fe594ee9b33d82058545b1ed14f4c8206e,android-hw-a51-11-0-aarch64-shippable-qr,amazon-search,True,,,,,,,,,,,,,,,,,,,,,,,,,,,,,,,,,,,,,,,,,,,,,,,,,,TN,,,,,,,,,,
443781359.0,1828084231,2024-01-18 10:52:50,2301.8,0688ca401470034e41e10f2480620e88cac2700f,1362184,autoland,LastVisualChange,True,amazon-search LastVisualChange opt cold webrender,,77,ms,geckoview,False,|c|o|l|d| |w|e|b|r|e|n|d|e|r|,,4361205,13,8bad20cfa5c21f9f330712163e9ddf6ea850f908,102210fe594ee9b33d82058545b1ed14f4c8206e,android-hw-a51-11-0-aarch64-shippable-qr,amazon-search,True,,,,,,,,,,,,,,,,,,,,,,,,,,,,,,,,,,,,,,,,,,,,,,,,,,TN,,,,,,,,,,
443801942.0,1828169000,2024-01-18 13:21:23,2198.6,68ff26df33468fe750b39f175b43b8507718ece4,1362232,autoland,LastVisualChange,True,amazon-search LastVisualChange opt cold webrender,,77,ms,geckoview,False,|c|o|l|d| |w|e|b|r|e|n|d|e|r|,,4361205,13,8bad20cfa5c21f9f330712163e9ddf6ea850f908,102210fe594ee9b33d82058545b1ed14f4c8206e,android-hw-a51-11-0-aarch64-shippable-qr,amazon-search,True,,,,,,,,,,,,,,,,,,,,,,,,,,,,,,,,,,,,,,,,,,,,,,,,,,TN,,,,,,,,,,
443828312.0,1828363860,2024-01-18 17:52:02,2252.8,2b70f662a79773d519e78f0b8b64723a20b1e788,1362427,autoland,LastVisualChange,True,amazon-search LastVisualChange opt cold webrender,,77,ms,geckoview,False,|c|o|l|d| |w|e|b|r|e|n|d|e|r|,,4361205,13,8bad20cfa5c21f9f330712163e9ddf6ea850f908,102210fe594ee9b33d82058545b1ed14f4c8206e,android-hw-a51-11-0-aarch64-shippable-qr,amazon-search,True,,,,,,,,,,,,,,,,,,,,,,,,,,,,,,,,,,,,,,,,,,,,,,,,,,TN,,,,,,,,,,
443870248.0,1828471143,2024-01-18 23:10:50,2299.5,ef9ad6a28dae5d4efbe723dde5068cfdde493918,1362632,autoland,LastVisualChange,True,amazon-search LastVisualChange opt cold webrender,,77,ms,geckoview,False,|c|o|l|d| |w|e|b|r|e|n|d|e|r|,,4361205,13,8bad20cfa5c21f9f330712163e9ddf6ea850f908,102210fe594ee9b33d82058545b1ed14f4c8206e,android-hw-a51-11-0-aarch64-shippable-qr,amazon-search,True,,,,,,,,,,,,,,,,,,,,,,,,,,,,,,,,,,,,,,,,,,,,,,,,,,TN,,,,,,,,,,
443871803.0,1828495337,2024-01-18 23:17:45,2386.3,5624cd2e1525fd15b148c44ce2106fce74d6f297,1362637,autoland,LastVisualChange,True,amazon-search LastVisualChange opt cold webrender,,77,ms,geckoview,False,|c|o|l|d| |w|e|b|r|e|n|d|e|r|,,4361205,13,8bad20cfa5c21f9f330712163e9ddf6ea850f908,102210fe594ee9b33d82058545b1ed14f4c8206e,android-hw-a51-11-0-aarch64-shippable-qr,amazon-search,True,,,,,,,,,,,,,,,,,,,,,,,,,,,,,,,,,,,,,,,,,,,,,,,,,,TN,,,,,,,,,,
443894062.0,1828631291,2024-01-19 04:17:47,2248.4,b6393478fdf670fcce10fd4334c2601561eaea5d,1362724,autoland,LastVisualChange,True,amazon-search LastVisualChange opt cold webrender,,77,ms,geckoview,False,|c|o|l|d| |w|e|b|r|e|n|d|e|r|,,4361205,13,8bad20cfa5c21f9f330712163e9ddf6ea850f908,102210fe594ee9b33d82058545b1ed14f4c8206e,android-hw-a51-11-0-aarch64-shippable-qr,amazon-search,True,,,,,,,,,,,,,,,,,,,,,,,,,,,,,,,,,,,,,,,,,,,,,,,,,,TN,,,,,,,,,,
443933101.0,1828781351,2024-01-19 10:07:40,2391.2,99bf71eaca444aa371e7c84536a1b8aa434ef205,1362807,autoland,LastVisualChange,True,amazon-search LastVisualChange opt cold webrender,,77,ms,geckoview,False,|c|o|l|d| |w|e|b|r|e|n|d|e|r|,,4361205,13,8bad20cfa5c21f9f330712163e9ddf6ea850f908,102210fe594ee9b33d82058545b1ed14f4c8206e,android-hw-a51-11-0-aarch64-shippable-qr,amazon-search,True,,,,,,,,,,,,,,,,,,,,,,,,,,,,,,,,,,,,,,,,,,,,,,,,,,TN,,,,,,,,,,
443927380.0,1828757685,2024-01-19 10:28:03,2279.9,7459e9088955262e4430e24661d856acc7ca8929,1362814,autoland,LastVisualChange,True,amazon-search LastVisualChange opt cold webrender,,77,ms,geckoview,False,|c|o|l|d| |w|e|b|r|e|n|d|e|r|,,4361205,13,8bad20cfa5c21f9f330712163e9ddf6ea850f908,102210fe594ee9b33d82058545b1ed14f4c8206e,android-hw-a51-11-0-aarch64-shippable-qr,amazon-search,True,,,,,,,,,,,,,,,,,,,,,,,,,,,,,,,,,,,,,,,,,,,,,,,,,,TN,,,,,,,,,,
443955036.0,1828882681,2024-01-19 14:55:23,2324.2,3aabb457a4630b878d121ef2eb9d2f0448847a6b,1362913,autoland,LastVisualChange,True,amazon-search LastVisualChange opt cold webrender,,77,ms,geckoview,False,|c|o|l|d| |w|e|b|r|e|n|d|e|r|,,4361205,13,8bad20cfa5c21f9f330712163e9ddf6ea850f908,102210fe594ee9b33d82058545b1ed14f4c8206e,android-hw-a51-11-0-aarch64-shippable-qr,amazon-search,True,,,,,,,,,,,,,,,,,,,,,,,,,,,,,,,,,,,,,,,,,,,,,,,,,,TN,,,,,,,,,,
443977457.0,1828987359,2024-01-19 19:17:59,2290.9,1ccd394332683308e570afe9039275d8e79be900,1363113,autoland,LastVisualChange,True,amazon-search LastVisualChange opt cold webrender,,77,ms,geckoview,False,|c|o|l|d| |w|e|b|r|e|n|d|e|r|,,4361205,13,8bad20cfa5c21f9f330712163e9ddf6ea850f908,102210fe594ee9b33d82058545b1ed14f4c8206e,android-hw-a51-11-0-aarch64-shippable-qr,amazon-search,True,,,,,,,,,,,,,,,,,,,,,,,,,,,,,,,,,,,,,,,,,,,,,,,,,,TN,,,,,,,,,,
444003556.0,1829200628,2024-01-20 00:04:44,2256.2,6d2ef7f226a0360135c1955b8805bd41d9af41e4,1363285,autoland,LastVisualChange,True,amazon-search LastVisualChange opt cold webrender,,77,ms,geckoview,False,|c|o|l|d| |w|e|b|r|e|n|d|e|r|,,4361205,13,8bad20cfa5c21f9f330712163e9ddf6ea850f908,102210fe594ee9b33d82058545b1ed14f4c8206e,android-hw-a51-11-0-aarch64-shippable-qr,amazon-search,True,,,,,,,,,,,,,,,,,,,,,,,,,,,,,,,,,,,,,,,,,,,,,,,,,,TN,,,,,,,,,,
444011801.0,1829289400,2024-01-20 04:18:19,2284.5,5471899cc9d0a7dfda174e9d7cfc986c2820eff8,1363367,autoland,LastVisualChange,True,amazon-search LastVisualChange opt cold webrender,,77,ms,geckoview,False,|c|o|l|d| |w|e|b|r|e|n|d|e|r|,,4361205,13,8bad20cfa5c21f9f330712163e9ddf6ea850f908,102210fe594ee9b33d82058545b1ed14f4c8206e,android-hw-a51-11-0-aarch64-shippable-qr,amazon-search,True,,,,,,,,,,,,,,,,,,,,,,,,,,,,,,,,,,,,,,,,,,,,,,,,,,TN,,,,,,,,,,
444041248.0,1829491230,2024-01-21 00:59:25,2291.6,4f4fa003a90f9d818ecfa36474300a11af18be25,1363463,autoland,LastVisualChange,True,amazon-search LastVisualChange opt cold webrender,,77,ms,geckoview,False,|c|o|l|d| |w|e|b|r|e|n|d|e|r|,,4361205,13,8bad20cfa5c21f9f330712163e9ddf6ea850f908,102210fe594ee9b33d82058545b1ed14f4c8206e,android-hw-a51-11-0-aarch64-shippable-qr,amazon-search,True,,,,,,,,,,,,,,,,,,,,,,,,,,,,,,,,,,,,,,,,,,,,,,,,,,TN,,,,,,,,,,
444068365.0,1829597935,2024-01-21 14:36:57,2352.7,0361c1f29babcfb2f10e1646dffe72cd452a3df4,1363517,autoland,LastVisualChange,True,amazon-search LastVisualChange opt cold webrender,,77,ms,geckoview,False,|c|o|l|d| |w|e|b|r|e|n|d|e|r|,,4361205,13,8bad20cfa5c21f9f330712163e9ddf6ea850f908,102210fe594ee9b33d82058545b1ed14f4c8206e,android-hw-a51-11-0-aarch64-shippable-qr,amazon-search,True,,,,,,,,,,,,,,,,,,,,,,,,,,,,,,,,,,,,,,,,,,,,,,,,,,TN,,,,,,,,,,
444096784.0,1829699571,2024-01-22 07:43:27,2328.7,6b4a069fe37d2413229dda3b61ccaf7b8f3a5f5d,1363663,autoland,LastVisualChange,True,amazon-search LastVisualChange opt cold webrender,,77,ms,geckoview,False,|c|o|l|d| |w|e|b|r|e|n|d|e|r|,,4361205,13,8bad20cfa5c21f9f330712163e9ddf6ea850f908,102210fe594ee9b33d82058545b1ed14f4c8206e,android-hw-a51-11-0-aarch64-shippable-qr,amazon-search,True,,,,,,,,,,,,,,,,,,,,,,,,,,,,,,,,,,,,,,,,,,,,,,,,,,TN,,,,,,,,,,
444121743.0,1829781661,2024-01-22 10:58:56,2718.3,095c9da9e10fc012c2e6a7d929fdcc7c03d09373,1363731,autoland,LastVisualChange,True,amazon-search LastVisualChange opt cold webrender,,77,ms,geckoview,False,|c|o|l|d| |w|e|b|r|e|n|d|e|r|,,4361205,13,8bad20cfa5c21f9f330712163e9ddf6ea850f908,102210fe594ee9b33d82058545b1ed14f4c8206e,android-hw-a51-11-0-aarch64-shippable-qr,amazon-search,True,,,,,,,,,,,,,,,,,,,,,,,,,,,,,,,,,,,,,,,,,,,,,,,,,,TN,,,,,,,,,,
444162697.0,1829960727,2024-01-22 15:24:53,2192.1,58cedc1e4ff28881f9ebd1749feaa24edbded9ce,1363894,autoland,LastVisualChange,True,amazon-search LastVisualChange opt cold webrender,,77,ms,geckoview,False,|c|o|l|d| |w|e|b|r|e|n|d|e|r|,,4361205,13,8bad20cfa5c21f9f330712163e9ddf6ea850f908,102210fe594ee9b33d82058545b1ed14f4c8206e,android-hw-a51-11-0-aarch64-shippable-qr,amazon-search,True,,,,,,,,,,,,,,,,,,,,,,,,,,,,,,,,,,,,,,,,,,,,,,,,,,TN,,,,,,,,,,
444167082.0,1830070037,2024-01-22 15:55:20,2284.7,82dfbdd770bc54674f82bae256dae683772884af,1363920,autoland,LastVisualChange,True,amazon-search LastVisualChange opt cold webrender,,77,ms,geckoview,False,|c|o|l|d| |w|e|b|r|e|n|d|e|r|,,4361205,13,8bad20cfa5c21f9f330712163e9ddf6ea850f908,102210fe594ee9b33d82058545b1ed14f4c8206e,android-hw-a51-11-0-aarch64-shippable-qr,amazon-search,True,,,,,,,,,,,,,,,,,,,,,,,,,,,,,,,,,,,,,,,,,,,,,,,,,,TN,,,,,,,,,,
444198721.0,1830107137,2024-01-22 18:55:34,2201.5,ef71d190cd57de7a178f312b29fc104e6e3e98d4,1364078,autoland,LastVisualChange,True,amazon-search LastVisualChange opt cold webrender,,77,ms,geckoview,False,|c|o|l|d| |w|e|b|r|e|n|d|e|r|,,4361205,13,8bad20cfa5c21f9f330712163e9ddf6ea850f908,102210fe594ee9b33d82058545b1ed14f4c8206e,android-hw-a51-11-0-aarch64-shippable-qr,amazon-search,True,,,,,,,,,,,,,,,,,,,,,,,,,,,,,,,,,,,,,,,,,,,,,,,,,,TN,,,,,,,,,,
444230409.0,1830229670,2024-01-22 22:04:08,2381.0,06bafd5cf7f34e757edddf2def6a98003c6b1643,1364244,autoland,LastVisualChange,True,amazon-search LastVisualChange opt cold webrender,,77,ms,geckoview,False,|c|o|l|d| |w|e|b|r|e|n|d|e|r|,,4361205,13,8bad20cfa5c21f9f330712163e9ddf6ea850f908,102210fe594ee9b33d82058545b1ed14f4c8206e,android-hw-a51-11-0-aarch64-shippable-qr,amazon-search,True,,,,,,,,,,,,,,,,,,,,,,,,,,,,,,,,,,,,,,,,,,,,,,,,,,TN,,,,,,,,,,
444241247.0,1830292708,2024-01-23 00:22:14,2275.1,43fa5aa71c8c00288a4fe686f0e4bf72e2f5f28d,1364332,autoland,LastVisualChange,True,amazon-search LastVisualChange opt cold webrender,,77,ms,geckoview,False,|c|o|l|d| |w|e|b|r|e|n|d|e|r|,,4361205,13,8bad20cfa5c21f9f330712163e9ddf6ea850f908,102210fe594ee9b33d82058545b1ed14f4c8206e,android-hw-a51-11-0-aarch64-shippable-qr,amazon-search,True,,,,,,,,,,,,,,,,,,,,,,,,,,,,,,,,,,,,,,,,,,,,,,,,,,TN,,,,,,,,,,
444259806.0,1830425446,2024-01-23 05:54:31,2335.7,fcdb6404eb0234c50bf85922bacad525da6851d5,1364408,autoland,LastVisualChange,True,amazon-search LastVisualChange opt cold webrender,,77,ms,geckoview,False,|c|o|l|d| |w|e|b|r|e|n|d|e|r|,,4361205,13,8bad20cfa5c21f9f330712163e9ddf6ea850f908,102210fe594ee9b33d82058545b1ed14f4c8206e,android-hw-a51-11-0-aarch64-shippable-qr,amazon-search,True,,,,,,,,,,,,,,,,,,,,,,,,,,,,,,,,,,,,,,,,,,,,,,,,,,TN,,,,,,,,,,
444305991.0,1830645296,2024-01-23 14:14:29,2338.1,296f1b67a4750aa2166832b5b9d8ba0eee6fe635,1364570,autoland,LastVisualChange,True,amazon-search LastVisualChange opt cold webrender,,77,ms,geckoview,False,|c|o|l|d| |w|e|b|r|e|n|d|e|r|,,4361205,13,8bad20cfa5c21f9f330712163e9ddf6ea850f908,102210fe594ee9b33d82058545b1ed14f4c8206e,android-hw-a51-11-0-aarch64-shippable-qr,amazon-search,True,,,,,,,,,,,,,,,,,,,,,,,,,,,,,,,,,,,,,,,,,,,,,,,,,,TN,,,,,,,,,,
444318529.0,1830738909,2024-01-23 14:50:16,2605.6,f3efca74da0f43269bd8ac07e2a5d27e89c4d7c3,1364607,autoland,LastVisualChange,True,amazon-search LastVisualChange opt cold webrender,,77,ms,geckoview,False,|c|o|l|d| |w|e|b|r|e|n|d|e|r|,,4361205,13,8bad20cfa5c21f9f330712163e9ddf6ea850f908,102210fe594ee9b33d82058545b1ed14f4c8206e,android-hw-a51-11-0-aarch64-shippable-qr,amazon-search,True,,,,,,,,,,,,,,,,,,,,,,,,,,,,,,,,,,,,,,,,,,,,,,,,,,TN,,,,,,,,,,
444327022.0,1830761145,2024-01-23 16:09:55,2664.5,936300bf2ee78e086143fb3718e2c0af755385b0,1364702,autoland,LastVisualChange,True,amazon-search LastVisualChange opt cold webrender,,77,ms,geckoview,False,|c|o|l|d| |w|e|b|r|e|n|d|e|r|,,4361205,13,8bad20cfa5c21f9f330712163e9ddf6ea850f908,102210fe594ee9b33d82058545b1ed14f4c8206e,android-hw-a51-11-0-aarch64-shippable-qr,amazon-search,True,,,,,,,,,,,,,,,,,,,,,,,,,,,,,,,,,,,,,,,,,,,,,,,,,,TN,,,,,,,,,,
444344042.0,1830859464,2024-01-23 19:03:54,2186.3,ec71bc6778c4bdb9b4a93283fc0a3d3f302eb89e,1364834,autoland,LastVisualChange,True,amazon-search LastVisualChange opt cold webrender,,77,ms,geckoview,False,|c|o|l|d| |w|e|b|r|e|n|d|e|r|,,4361205,13,8bad20cfa5c21f9f330712163e9ddf6ea850f908,102210fe594ee9b33d82058545b1ed14f4c8206e,android-hw-a51-11-0-aarch64-shippable-qr,amazon-search,True,,,,,,,,,,,,,,,,,,,,,,,,,,,,,,,,,,,,,,,,,,,,,,,,,,TN,,,,,,,,,,
444370178.0,1830991854,2024-01-23 22:21:15,2295.0,25e5c4ea04b149ffa31cda5c4d75559df5369612,1365024,autoland,LastVisualChange,True,amazon-search LastVisualChange opt cold webrender,,77,ms,geckoview,False,|c|o|l|d| |w|e|b|r|e|n|d|e|r|,,4361205,13,8bad20cfa5c21f9f330712163e9ddf6ea850f908,102210fe594ee9b33d82058545b1ed14f4c8206e,android-hw-a51-11-0-aarch64-shippable-qr,amazon-search,True,,,,,,,,,,,,,,,,,,,,,,,,,,,,,,,,,,,,,,,,,,,,,,,,,,TN,,,,,,,,,,
444388742.0,1831054166,2024-01-24 02:38:58,2420.8,a0389da68b91e5a92b02ccd9e65991bffb5d5771,1365197,autoland,LastVisualChange,True,amazon-search LastVisualChange opt cold webrender,,77,ms,geckoview,False,|c|o|l|d| |w|e|b|r|e|n|d|e|r|,,4361205,13,8bad20cfa5c21f9f330712163e9ddf6ea850f908,102210fe594ee9b33d82058545b1ed14f4c8206e,android-hw-a51-11-0-aarch64-shippable-qr,amazon-search,True,,,,,,,,,,,,,,,,,,,,,,,,,,,,,,,,,,,,,,,,,,,,,,,,,,TN,,,,,,,,,,
444402901.0,1831145122,2024-01-24 06:43:12,2177.7,eed6f8e8fe3af01f49be74cc1be72d51e5a0933f,1365260,autoland,LastVisualChange,True,amazon-search LastVisualChange opt cold webrender,,77,ms,geckoview,False,|c|o|l|d| |w|e|b|r|e|n|d|e|r|,,4361205,13,8bad20cfa5c21f9f330712163e9ddf6ea850f908,102210fe594ee9b33d82058545b1ed14f4c8206e,android-hw-a51-11-0-aarch64-shippable-qr,amazon-search,True,,,,,,,,,,,,,,,,,,,,,,,,,,,,,,,,,,,,,,,,,,,,,,,,,,TN,,,,,,,,,,
444406104.0,1831153191,2024-01-24 06:57:11,2296.6,7079db6b8da9081aee6b0ce96b68f368efec3277,1365262,autoland,LastVisualChange,True,amazon-search LastVisualChange opt cold webrender,,77,ms,geckoview,False,|c|o|l|d| |w|e|b|r|e|n|d|e|r|,,4361205,13,8bad20cfa5c21f9f330712163e9ddf6ea850f908,102210fe594ee9b33d82058545b1ed14f4c8206e,android-hw-a51-11-0-aarch64-shippable-qr,amazon-search,True,,,,,,,,,,,,,,,,,,,,,,,,,,,,,,,,,,,,,,,,,,,,,,,,,,TN,,,,,,,,,,
444452283.0,1831349752,2024-01-24 11:40:35,2297.4,ce20634f32a1b78384fbbc028b4f86266056e7fb,1365369,autoland,LastVisualChange,True,amazon-search LastVisualChange opt cold webrender,,77,ms,geckoview,False,|c|o|l|d| |w|e|b|r|e|n|d|e|r|,,4361205,13,8bad20cfa5c21f9f330712163e9ddf6ea850f908,102210fe594ee9b33d82058545b1ed14f4c8206e,android-hw-a51-11-0-aarch64-shippable-qr,amazon-search,True,,,,,,,,,,,,,,,,,,,,,,,,,,,,,,,,,,,,,,,,,,,,,,,,,,TN,,,,,,,,,,
444487156.0,1831537189,2024-01-24 16:03:05,2387.8,150dd33322ea6d34c4829f8e67efe7e37be8c48e,1365533,autoland,LastVisualChange,True,amazon-search LastVisualChange opt cold webrender,,77,ms,geckoview,False,|c|o|l|d| |w|e|b|r|e|n|d|e|r|,,4361205,13,8bad20cfa5c21f9f330712163e9ddf6ea850f908,102210fe594ee9b33d82058545b1ed14f4c8206e,android-hw-a51-11-0-aarch64-shippable-qr,amazon-search,True,,,,,,,,,,,,,,,,,,,,,,,,,,,,,,,,,,,,,,,,,,,,,,,,,,TN,,,,,,,,,,
444506317.0,1831621787,2024-01-24 18:01:21,2310.4,e22428605dbb49942204564b03db80f474ea35ba,1365677,autoland,LastVisualChange,True,amazon-search LastVisualChange opt cold webrender,,77,ms,geckoview,False,|c|o|l|d| |w|e|b|r|e|n|d|e|r|,,4361205,13,8bad20cfa5c21f9f330712163e9ddf6ea850f908,102210fe594ee9b33d82058545b1ed14f4c8206e,android-hw-a51-11-0-aarch64-shippable-qr,amazon-search,True,,,,,,,,,,,,,,,,,,,,,,,,,,,,,,,,,,,,,,,,,,,,,,,,,,TN,,,,,,,,,,
444529244.0,1831729085,2024-01-24 22:08:16,2408.4,b8b82bd9546fe4e63cd5e9d29248d87665c548b8,1365907,autoland,LastVisualChange,True,amazon-search LastVisualChange opt cold webrender,,77,ms,geckoview,False,|c|o|l|d| |w|e|b|r|e|n|d|e|r|,,4361205,13,8bad20cfa5c21f9f330712163e9ddf6ea850f908,102210fe594ee9b33d82058545b1ed14f4c8206e,android-hw-a51-11-0-aarch64-shippable-qr,amazon-search,True,,,,,,,,,,,,,,,,,,,,,,,,,,,,,,,,,,,,,,,,,,,,,,,,,,TN,,,,,,,,,,
444546723.0,1831822529,2024-01-25 05:05:51,2306.8,ce5606473bf95f0899f69034525766ca9d0ed749,1366048,autoland,LastVisualChange,True,amazon-search LastVisualChange opt cold webrender,,77,ms,geckoview,False,|c|o|l|d| |w|e|b|r|e|n|d|e|r|,,4361205,13,8bad20cfa5c21f9f330712163e9ddf6ea850f908,102210fe594ee9b33d82058545b1ed14f4c8206e,android-hw-a51-11-0-aarch64-shippable-qr,amazon-search,True,,,,,,,,,,,,,,,,,,,,,,,,,,,,,,,,,,,,,,,,,,,,,,,,,,TN,,,,,,,,,,
444564979.0,1831902417,2024-01-25 07:56:38,2372.3,c0289f78466cf0bf8a6871ef3417c180aab77e07,1366087,autoland,LastVisualChange,True,amazon-search LastVisualChange opt cold webrender,,77,ms,geckoview,False,|c|o|l|d| |w|e|b|r|e|n|d|e|r|,,4361205,13,8bad20cfa5c21f9f330712163e9ddf6ea850f908,102210fe594ee9b33d82058545b1ed14f4c8206e,android-hw-a51-11-0-aarch64-shippable-qr,amazon-search,True,,,,,,,,,,,,,,,,,,,,,,,,,,,,,,,,,,,,,,,,,,,,,,,,,,TN,,,,,,,,,,
444597166.0,1832026326,2024-01-25 12:05:33,2211.5,c746000752516a4b8ede1f6a5c7b2f4be12a33d7,1366202,autoland,LastVisualChange,True,amazon-search LastVisualChange opt cold webrender,,77,ms,geckoview,False,|c|o|l|d| |w|e|b|r|e|n|d|e|r|,,4361205,13,8bad20cfa5c21f9f330712163e9ddf6ea850f908,102210fe594ee9b33d82058545b1ed14f4c8206e,android-hw-a51-11-0-aarch64-shippable-qr,amazon-search,True,,,,,,,,,,,,,,,,,,,,,,,,,,,,,,,,,,,,,,,,,,,,,,,,,,TN,,,,,,,,,,
444620092.0,1832180560,2024-01-25 15:26:29,2299.3,34f197ce93a24d93523617eba67ecee2e990c37c,1366326,autoland,LastVisualChange,True,amazon-search LastVisualChange opt cold webrender,,77,ms,geckoview,False,|c|o|l|d| |w|e|b|r|e|n|d|e|r|,,4361205,13,8bad20cfa5c21f9f330712163e9ddf6ea850f908,102210fe594ee9b33d82058545b1ed14f4c8206e,android-hw-a51-11-0-aarch64-shippable-qr,amazon-search,True,,,,,,,,,,,,,,,,,,,,,,,,,,,,,,,,,,,,,,,,,,,,,,,,,,TN,,,,,,,,,,
444651645.0,1832357125,2024-01-25 20:50:47,2535.0,dd2a416c0c76b4cc9f6161d6be89aa7356e4eae5,1366563,autoland,LastVisualChange,True,amazon-search LastVisualChange opt cold webrender,,77,ms,geckoview,False,|c|o|l|d| |w|e|b|r|e|n|d|e|r|,,4361205,13,8bad20cfa5c21f9f330712163e9ddf6ea850f908,102210fe594ee9b33d82058545b1ed14f4c8206e,android-hw-a51-11-0-aarch64-shippable-qr,amazon-search,True,,,,,,,,,,,,,,,,,,,,,,,,,,,,,,,,,,,,,,,,,,,,,,,,,,TN,,,,,,,,,,
444651789.0,1832395237,2024-01-25 20:51:29,2233.4,5da1e842ef70c74d8ed72128e460f75b633fae95,1366564,autoland,LastVisualChange,True,amazon-search LastVisualChange opt cold webrender,,77,ms,geckoview,False,|c|o|l|d| |w|e|b|r|e|n|d|e|r|,,4361205,13,8bad20cfa5c21f9f330712163e9ddf6ea850f908,102210fe594ee9b33d82058545b1ed14f4c8206e,android-hw-a51-11-0-aarch64-shippable-qr,amazon-search,True,,,,,,,,,,,,,,,,,,,,,,,,,,,,,,,,,,,,,,,,,,,,,,,,,,TN,,,,,,,,,,
444689502.0,1832551254,2024-01-26 03:41:27,2380.1,a412d893c38f632f34b44a9c5b3fd8cc30bb87be,1366751,autoland,LastVisualChange,True,amazon-search LastVisualChange opt cold webrender,,77,ms,geckoview,False,|c|o|l|d| |w|e|b|r|e|n|d|e|r|,,4361205,13,8bad20cfa5c21f9f330712163e9ddf6ea850f908,102210fe594ee9b33d82058545b1ed14f4c8206e,android-hw-a51-11-0-aarch64-shippable-qr,amazon-search,True,,,,,,,,,,,,,,,,,,,,,,,,,,,,,,,,,,,,,,,,,,,,,,,,,,TN,,,,,,,,,,
444741208.0,1832725943,2024-01-26 11:04:34,2207.8,18f5823716e4c35d7c899d2ce4be7fcd66cab9d0,1366921,autoland,LastVisualChange,True,amazon-search LastVisualChange opt cold webrender,,77,ms,geckoview,False,|c|o|l|d| |w|e|b|r|e|n|d|e|r|,,4361205,13,8bad20cfa5c21f9f330712163e9ddf6ea850f908,102210fe594ee9b33d82058545b1ed14f4c8206e,android-hw-a51-11-0-aarch64-shippable-qr,amazon-search,True,,,,,,,,,,,,,,,,,,,,,,,,,,,,,,,,,,,,,,,,,,,,,,,,,,TN,,,,,,,,,,
444783833.0,1832983047,2024-01-26 15:49:43,2239.5,19005661ad786853d186a7d3434e6c290bccaa95,1367044,autoland,LastVisualChange,True,amazon-search LastVisualChange opt cold webrender,,77,ms,geckoview,False,|c|o|l|d| |w|e|b|r|e|n|d|e|r|,,4361205,13,8bad20cfa5c21f9f330712163e9ddf6ea850f908,102210fe594ee9b33d82058545b1ed14f4c8206e,android-hw-a51-11-0-aarch64-shippable-qr,amazon-search,True,,,,,,,,,,,,,,,,,,,,,,,,,,,,,,,,,,,,,,,,,,,,,,,,,,TN,,,,,,,,,,
444784086.0,1832990296,2024-01-26 15:52:38,2262.7,4641c3dcf0c3cfbdc8976f2fcc6898107149e19e,1367050,autoland,LastVisualChange,True,amazon-search LastVisualChange opt cold webrender,,77,ms,geckoview,False,|c|o|l|d| |w|e|b|r|e|n|d|e|r|,,4361205,13,8bad20cfa5c21f9f330712163e9ddf6ea850f908,102210fe594ee9b33d82058545b1ed14f4c8206e,android-hw-a51-11-0-aarch64-shippable-qr,amazon-search,True,,,,,,,,,,,,,,,,,,,,,,,,,,,,,,,,,,,,,,,,,,,,,,,,,,TN,,,,,,,,,,
444807815.0,1833085440,2024-01-26 20:02:47,2293.5,38fb47dac16804e3d5c8211277f084198e43de88,1367207,autoland,LastVisualChange,True,amazon-search LastVisualChange opt cold webrender,,77,ms,geckoview,False,|c|o|l|d| |w|e|b|r|e|n|d|e|r|,,4361205,13,8bad20cfa5c21f9f330712163e9ddf6ea850f908,102210fe594ee9b33d82058545b1ed14f4c8206e,android-hw-a51-11-0-aarch64-shippable-qr,amazon-search,True,,,,,,,,,,,,,,,,,,,,,,,,,,,,,,,,,,,,,,,,,,,,,,,,,,TN,,,,,,,,,,
444807851.0,1833103197,2024-01-26 20:05:08,2294.7,ac4906fa040ce76ad5ea8f73caf83045f291b613,1367213,autoland,LastVisualChange,True,amazon-search LastVisualChange opt cold webrender,,77,ms,geckoview,False,|c|o|l|d| |w|e|b|r|e|n|d|e|r|,,4361205,13,8bad20cfa5c21f9f330712163e9ddf6ea850f908,102210fe594ee9b33d82058545b1ed14f4c8206e,android-hw-a51-11-0-aarch64-shippable-qr,amazon-search,True,,,,,,,,,,,,,,,,,,,,,,,,,,,,,,,,,,,,,,,,,,,,,,,,,,TN,,,,,,,,,,
444846653.0,1833409005,2024-01-27 06:05:38,2395.1,1e79d9e65ec0577bb7d698c86edc6f35b4f92ce8,1367422,autoland,LastVisualChange,True,amazon-search LastVisualChange opt cold webrender,,77,ms,geckoview,False,|c|o|l|d| |w|e|b|r|e|n|d|e|r|,,4361205,13,8bad20cfa5c21f9f330712163e9ddf6ea850f908,102210fe594ee9b33d82058545b1ed14f4c8206e,android-hw-a51-11-0-aarch64-shippable-qr,amazon-search,True,,,,,,,,,,,,,,,,,,,,,,,,,,,,,,,,,,,,,,,,,,,,,,,,,,TN,,,,,,,,,,
444879646.0,1833594967,2024-01-27 14:01:44,2329.8,09a1abcfcfb73aa1ae9781d2816102729c0f82a6,1367473,autoland,LastVisualChange,True,amazon-search LastVisualChange opt cold webrender,,77,ms,geckoview,False,|c|o|l|d| |w|e|b|r|e|n|d|e|r|,,4361205,13,8bad20cfa5c21f9f330712163e9ddf6ea850f908,102210fe594ee9b33d82058545b1ed14f4c8206e,android-hw-a51-11-0-aarch64-shippable-qr,amazon-search,True,,,,,,,,,,,,,,,,,,,,,,,,,,,,,,,,,,,,,,,,,,,,,,,,,,TN,,,,,,,,,,
444900381.0,1833733101,2024-01-28 01:17:56,2288.8,2e376c0d1662606cf6811ab3ff138b784d465291,1367530,autoland,LastVisualChange,True,amazon-search LastVisualChange opt cold webrender,,77,ms,geckoview,False,|c|o|l|d| |w|e|b|r|e|n|d|e|r|,,4361205,13,8bad20cfa5c21f9f330712163e9ddf6ea850f908,102210fe594ee9b33d82058545b1ed14f4c8206e,android-hw-a51-11-0-aarch64-shippable-qr,amazon-search,True,,,,,,,,,,,,,,,,,,,,,,,,,,,,,,,,,,,,,,,,,,,,,,,,,,TN,,,,,,,,,,
444904908.0,1833763667,2024-01-28 06:00:30,2239.9,0f372a16b1e1e959f46701e4210f6a6eaf4e40ec,1367545,autoland,LastVisualChange,True,amazon-search LastVisualChange opt cold webrender,,77,ms,geckoview,False,|c|o|l|d| |w|e|b|r|e|n|d|e|r|,,4361205,13,8bad20cfa5c21f9f330712163e9ddf6ea850f908,102210fe594ee9b33d82058545b1ed14f4c8206e,android-hw-a51-11-0-aarch64-shippable-qr,amazon-search,True,,,,,,,,,,,,,,,,,,,,,,,,,,,,,,,,,,,,,,,,,,,,,,,,,,TN,,,,,,,,,,
444927256.0,1833838772,2024-01-28 10:01:02,2272.5,9b32d8116833ab08f4e3f0b18c12587ac1f9360b,1367556,autoland,LastVisualChange,True,amazon-search LastVisualChange opt cold webrender,,77,ms,geckoview,False,|c|o|l|d| |w|e|b|r|e|n|d|e|r|,,4361205,13,8bad20cfa5c21f9f330712163e9ddf6ea850f908,102210fe594ee9b33d82058545b1ed14f4c8206e,android-hw-a51-11-0-aarch64-shippable-qr,amazon-search,True,,,,,,,,,,,,,,,,,,,,,,,,,,,,,,,,,,,,,,,,,,,,,,,,,,TN,,,,,,,,,,
444945943.0,1833977206,2024-01-28 14:31:15,2377.9,13780f5cb2f5d698f35a23f2fafa1593ef7affe9,1367584,autoland,LastVisualChange,True,amazon-search LastVisualChange opt cold webrender,,77,ms,geckoview,False,|c|o|l|d| |w|e|b|r|e|n|d|e|r|,,4361205,13,8bad20cfa5c21f9f330712163e9ddf6ea850f908,102210fe594ee9b33d82058545b1ed14f4c8206e,android-hw-a51-11-0-aarch64-shippable-qr,amazon-search,True,,,,,,,,,,,,,,,,,,,,,,,,,,,,,,,,,,,,,,,,,,,,,,,,,,TN,,,,,,,,,,
444971032.0,1834107259,2024-01-29 01:40:26,2272.7,852acff05fb8be21502af8fc12cceeb2baa70dd7,1367631,autoland,LastVisualChange,True,amazon-search LastVisualChange opt cold webrender,,77,ms,geckoview,False,|c|o|l|d| |w|e|b|r|e|n|d|e|r|,,4361205,13,8bad20cfa5c21f9f330712163e9ddf6ea850f908,102210fe594ee9b33d82058545b1ed14f4c8206e,android-hw-a51-11-0-aarch64-shippable-qr,amazon-search,True,,,,,,,,,,,,,,,,,,,,,,,,,,,,,,,,,,,,,,,,,,,,,,,,,,TN,,,,,,,,,,
445041370.0,1834464539,2024-01-29 14:53:09,2326.0,97de3c8a7931e01c1a1c1cf6ac90a580607b77c9,1367876,autoland,LastVisualChange,True,amazon-search LastVisualChange opt cold webrender,,77,ms,geckoview,False,|c|o|l|d| |w|e|b|r|e|n|d|e|r|,,4361205,13,8bad20cfa5c21f9f330712163e9ddf6ea850f908,102210fe594ee9b33d82058545b1ed14f4c8206e,android-hw-a51-11-0-aarch64-shippable-qr,amazon-search,True,,,,,,,,,,,,,,,,,,,,,,,,,,,,,,,,,,,,,,,,,,,,,,,,,,TN,,,,,,,,,,
445045222.0,1834542467,2024-01-29 14:59:33,2220.2,8e91f5176c0f6e1689a893ed34d5046dbbd1122e,1367883,autoland,LastVisualChange,True,amazon-search LastVisualChange opt cold webrender,,77,ms,geckoview,False,|c|o|l|d| |w|e|b|r|e|n|d|e|r|,,4361205,13,8bad20cfa5c21f9f330712163e9ddf6ea850f908,102210fe594ee9b33d82058545b1ed14f4c8206e,android-hw-a51-11-0-aarch64-shippable-qr,amazon-search,True,,,,,,,,,,,,,,,,,,,,,,,,,,,,,,,,,,,,,,,,,,,,,,,,,,TN,,,,,,,,,,
445073563.0,1834566263,2024-01-29 17:46:45,2447.6,8913eab3409d19e1cf1a2c19f256256c293b3154,1368035,autoland,LastVisualChange,True,amazon-search LastVisualChange opt cold webrender,,77,ms,geckoview,False,|c|o|l|d| |w|e|b|r|e|n|d|e|r|,,4361205,13,8bad20cfa5c21f9f330712163e9ddf6ea850f908,102210fe594ee9b33d82058545b1ed14f4c8206e,android-hw-a51-11-0-aarch64-shippable-qr,amazon-search,True,,,,,,,,,,,,,,,,,,,,,,,,,,,,,,,,,,,,,,,,,,,,,,,,,,TN,,,,,,,,,,
445096822.0,1834664993,2024-01-29 21:21:15,2234.8,57a27d8b6d2a7f1f5c1ec710e4a09422fb9c05e1,1368229,autoland,LastVisualChange,True,amazon-search LastVisualChange opt cold webrender,,77,ms,geckoview,False,|c|o|l|d| |w|e|b|r|e|n|d|e|r|,,4361205,13,8bad20cfa5c21f9f330712163e9ddf6ea850f908,102210fe594ee9b33d82058545b1ed14f4c8206e,android-hw-a51-11-0-aarch64-shippable-qr,amazon-search,True,,,,,,,,,,,,,,,,,,,,,,,,,,,,,,,,,,,,,,,,,,,,,,,,,,TN,,,,,,,,,,
445117162.0,1834749286,2024-01-30 01:21:53,2236.0,265910d5bfe79cc856e1c18d9e403fed38ee5a79,1368286,autoland,LastVisualChange,True,amazon-search LastVisualChange opt cold webrender,,77,ms,geckoview,False,|c|o|l|d| |w|e|b|r|e|n|d|e|r|,,4361205,13,8bad20cfa5c21f9f330712163e9ddf6ea850f908,102210fe594ee9b33d82058545b1ed14f4c8206e,android-hw-a51-11-0-aarch64-shippable-qr,amazon-search,True,,,,,,,,,,,,,,,,,,,,,,,,,,,,,,,,,,,,,,,,,,,,,,,,,,TN,,,,,,,,,,
445185533.0,1835220689,2024-01-30 13:09:07,2203.7,a9528d76a91bc50db12b4a18830536bb25a6e378,1368599,autoland,LastVisualChange,True,amazon-search LastVisualChange opt cold webrender,,77,ms,geckoview,False,|c|o|l|d| |w|e|b|r|e|n|d|e|r|,,4361205,13,8bad20cfa5c21f9f330712163e9ddf6ea850f908,102210fe594ee9b33d82058545b1ed14f4c8206e,android-hw-a51-11-0-aarch64-shippable-qr,amazon-search,True,,,,,,,,,,,,,,,,,,,,,,,,,,,,,,,,,,,,,,,,,,,,,,,,,,TN,,,,,,,,,,
445189418.0,1835227859,2024-01-30 13:14:31,2165.5,91338712d82fcf42896cfc451e6341a5b95963b8,1368603,autoland,LastVisualChange,True,amazon-search LastVisualChange opt cold webrender,,77,ms,geckoview,False,|c|o|l|d| |w|e|b|r|e|n|d|e|r|,,4361205,13,8bad20cfa5c21f9f330712163e9ddf6ea850f908,102210fe594ee9b33d82058545b1ed14f4c8206e,android-hw-a51-11-0-aarch64-shippable-qr,amazon-search,True,,,,,,,,,,,,,,,,,,,,,,,,,,,,,,,,,,,,,,,,,,,,,,,,,,TN,,,,,,,,,,
445197516.0,1835341863,2024-01-30 14:29:15,2225.9,1ac69623ae79a621c0035377f0841b1ba83070c1,1368655,autoland,LastVisualChange,True,amazon-search LastVisualChange opt cold webrender,,77,ms,geckoview,False,|c|o|l|d| |w|e|b|r|e|n|d|e|r|,,4361205,13,8bad20cfa5c21f9f330712163e9ddf6ea850f908,102210fe594ee9b33d82058545b1ed14f4c8206e,android-hw-a51-11-0-aarch64-shippable-qr,amazon-search,True,,,,,,,,,,,,,,,,,,,,,,,,,,,,,,,,,,,,,,,,,,,,,,,,,,TN,,,,,,,,,,
445238805.0,1835458935,2024-01-30 18:56:21,2275.4,a3dd43748dcdec6a27a5c140bfd611d463cd9acf,1368858,autoland,LastVisualChange,True,amazon-search LastVisualChange opt cold webrender,,77,ms,geckoview,False,|c|o|l|d| |w|e|b|r|e|n|d|e|r|,,4361205,13,8bad20cfa5c21f9f330712163e9ddf6ea850f908,102210fe594ee9b33d82058545b1ed14f4c8206e,android-hw-a51-11-0-aarch64-shippable-qr,amazon-search,True,,,,,,,,,,,,,,,,,,,,,,,,,,,,,,,,,,,,,,,,,,,,,,,,,,TN,,,,,,,,,,
445248970.0,1835521808,2024-01-30 20:08:25,2159.2,06b0ce1a9748e18deb48466efed01c1f5a8ff984,1368918,autoland,LastVisualChange,True,amazon-search LastVisualChange opt cold webrender,,77,ms,geckoview,False,|c|o|l|d| |w|e|b|r|e|n|d|e|r|,,4361205,13,8bad20cfa5c21f9f330712163e9ddf6ea850f908,102210fe594ee9b33d82058545b1ed14f4c8206e,android-hw-a51-11-0-aarch64-shippable-qr,amazon-search,True,,,,,,,,,,,,,,,,,,,,,,,,,,,,,,,,,,,,,,,,,,,,,,,,,,TN,,,,,,,,,,
445277282.0,1835685250,2024-01-31 00:31:01,2448.7,e35109546c3cb0f5957a604c27f5f1dd2b7f81c0,1369086,autoland,LastVisualChange,True,amazon-search LastVisualChange opt cold webrender,,77,ms,geckoview,False,|c|o|l|d| |w|e|b|r|e|n|d|e|r|,,4361205,13,8bad20cfa5c21f9f330712163e9ddf6ea850f908,102210fe594ee9b33d82058545b1ed14f4c8206e,android-hw-a51-11-0-aarch64-shippable-qr,amazon-search,True,,,,,,,,,,,,,,,,,,,,,,,,,,,,,,,,,,,,,,,,,,,,,,,,,,TN,,,,,,,,,,
445277121.0,1835669219,2024-01-31 00:32:30,2243.3,2cac2f68bfdcfc9012c537044bc475f076bda7b0,1369088,autoland,LastVisualChange,True,amazon-search LastVisualChange opt cold webrender,,77,ms,geckoview,False,|c|o|l|d| |w|e|b|r|e|n|d|e|r|,,4361205,13,8bad20cfa5c21f9f330712163e9ddf6ea850f908,102210fe594ee9b33d82058545b1ed14f4c8206e,android-hw-a51-11-0-aarch64-shippable-qr,amazon-search,True,,,,,,,,,,,,,,,,,,,,,,,,,,,,,,,,,,,,,,,,,,,,,,,,,,TN,,,,,,,,,,
445294160.0,1835800925,2024-01-31 05:59:52,2229.3,5f6f60ae2125dc46d98b4b9276bce2d562d1f1bf,1369182,autoland,LastVisualChange,True,amazon-search LastVisualChange opt cold webrender,,77,ms,geckoview,False,|c|o|l|d| |w|e|b|r|e|n|d|e|r|,,4361205,13,8bad20cfa5c21f9f330712163e9ddf6ea850f908,102210fe594ee9b33d82058545b1ed14f4c8206e,android-hw-a51-11-0-aarch64-shippable-qr,amazon-search,True,,,,,,,,,,,,,,,,,,,,,,,,,,,,,,,,,,,,,,,,,,,,,,,,,,TN,,,,,,,,,,
445322423.0,1835961007,2024-01-31 10:01:40,2264.2,201f8fe705d53181047778d1c0722017bab79e95,1369265,autoland,LastVisualChange,True,amazon-search LastVisualChange opt cold webrender,,77,ms,geckoview,False,|c|o|l|d| |w|e|b|r|e|n|d|e|r|,,4361205,13,8bad20cfa5c21f9f330712163e9ddf6ea850f908,102210fe594ee9b33d82058545b1ed14f4c8206e,android-hw-a51-11-0-aarch64-shippable-qr,amazon-search,True,,,,,,,,,,,,,,,,,,,,,,,,,,,,,,,,,,,,,,,,,,,,,,,,,,TN,,,,,,,,,,
445347471.0,1836034056,2024-01-31 13:01:30,2216.0,5e52e144df4112277cfdda903747f83f1f147385,1369309,autoland,LastVisualChange,True,amazon-search LastVisualChange opt cold webrender,,77,ms,geckoview,False,|c|o|l|d| |w|e|b|r|e|n|d|e|r|,,4361205,13,8bad20cfa5c21f9f330712163e9ddf6ea850f908,102210fe594ee9b33d82058545b1ed14f4c8206e,android-hw-a51-11-0-aarch64-shippable-qr,amazon-search,True,,,,,,,,,,,,,,,,,,,,,,,,,,,,,,,,,,,,,,,,,,,,,,,,,,TN,,,,,,,,,,
445387622.0,1836183681,2024-01-31 17:27:18,2246.3,a0bd6c4162065e8caa2b60ce8082f77d53221fb7,1369495,autoland,LastVisualChange,True,amazon-search LastVisualChange opt cold webrender,,77,ms,geckoview,False,|c|o|l|d| |w|e|b|r|e|n|d|e|r|,,4361205,13,8bad20cfa5c21f9f330712163e9ddf6ea850f908,102210fe594ee9b33d82058545b1ed14f4c8206e,android-hw-a51-11-0-aarch64-shippable-qr,amazon-search,True,,,,,,,,,,,,,,,,,,,,,,,,,,,,,,,,,,,,,,,,,,,,,,,,,,TN,,,,,,,,,,
445397351.0,1836226187,2024-01-31 18:39:44,2203.9,6bfab7427c326136417b187f0df7a7c63528daa3,1369546,autoland,LastVisualChange,True,amazon-search LastVisualChange opt cold webrender,,77,ms,geckoview,False,|c|o|l|d| |w|e|b|r|e|n|d|e|r|,,4361205,13,8bad20cfa5c21f9f330712163e9ddf6ea850f908,102210fe594ee9b33d82058545b1ed14f4c8206e,android-hw-a51-11-0-aarch64-shippable-qr,amazon-search,True,,,,,,,,,,,,,,,,,,,,,,,,,,,,,,,,,,,,,,,,,,,,,,,,,,TN,,,,,,,,,,
445430980.0,1836361322,2024-01-31 21:40:54,2230.8,2ee5ce9b3c67b7e972b0dff7348ea32cb570880e,1369676,autoland,LastVisualChange,True,amazon-search LastVisualChange opt cold webrender,,77,ms,geckoview,False,|c|o|l|d| |w|e|b|r|e|n|d|e|r|,,4361205,13,8bad20cfa5c21f9f330712163e9ddf6ea850f908,102210fe594ee9b33d82058545b1ed14f4c8206e,android-hw-a51-11-0-aarch64-shippable-qr,amazon-search,True,,,,,,,,,,,,,,,,,,,,,,,,,,,,,,,,,,,,,,,,,,,,,,,,,,TN,,,,,,,,,,
445445773.0,1836444222,2024-02-01 02:14:37,2178.0,6db2a1e04f4120175d3aad9831795823a4269aab,1369822,autoland,LastVisualChange,True,amazon-search LastVisualChange opt cold webrender,,77,ms,geckoview,False,|c|o|l|d| |w|e|b|r|e|n|d|e|r|,,4361205,13,8bad20cfa5c21f9f330712163e9ddf6ea850f908,102210fe594ee9b33d82058545b1ed14f4c8206e,android-hw-a51-11-0-aarch64-shippable-qr,amazon-search,True,,,,,,,,,,,,,,,,,,,,,,,,,,,,,,,,,,,,,,,,,,,,,,,,,,TN,,,,,,,,,,
445462452.0,1836563662,2024-02-01 06:47:17,2218.2,959c3318d5c3f3881746455c2c584be49bb179b6,1369862,autoland,LastVisualChange,True,amazon-search LastVisualChange opt cold webrender,,77,ms,geckoview,False,|c|o|l|d| |w|e|b|r|e|n|d|e|r|,,4361205,13,8bad20cfa5c21f9f330712163e9ddf6ea850f908,102210fe594ee9b33d82058545b1ed14f4c8206e,android-hw-a51-11-0-aarch64-shippable-qr,amazon-search,True,,,,,,,,,,,,,,,,,,,,,,,,,,,,,,,,,,,,,,,,,,,,,,,,,,TN,,,,,,,,,,
445497683.0,1836695431,2024-02-01 11:14:36,2239.4,a6957fa936149dccf133bd99e165c5879c2cb4d5,1370007,autoland,LastVisualChange,True,amazon-search LastVisualChange opt cold webrender,,77,ms,geckoview,False,|c|o|l|d| |w|e|b|r|e|n|d|e|r|,,4361205,13,8bad20cfa5c21f9f330712163e9ddf6ea850f908,102210fe594ee9b33d82058545b1ed14f4c8206e,android-hw-a51-11-0-aarch64-shippable-qr,amazon-search,True,,,,,,,,,,,,,,,,,,,,,,,,,,,,,,,,,,,,,,,,,,,,,,,,,,TN,,,,,,,,,,
445524257.0,1836780697,2024-02-01 13:09:51,2258.3,93a67689b8581caaa6d429ea7105abf0dc55e98f,1370065,autoland,LastVisualChange,True,amazon-search LastVisualChange opt cold webrender,,77,ms,geckoview,False,|c|o|l|d| |w|e|b|r|e|n|d|e|r|,,4361205,13,8bad20cfa5c21f9f330712163e9ddf6ea850f908,102210fe594ee9b33d82058545b1ed14f4c8206e,android-hw-a51-11-0-aarch64-shippable-qr,amazon-search,True,,,,,,,,,,,,,,,,,,,,,,,,,,,,,,,,,,,,,,,,,,,,,,,,,,TN,,,,,,,,,,
445569556.0,1836984210,2024-02-01 17:13:14,2625.4,f84c76f9460d8a2a4048954be483e24638c0f39c,1370273,autoland,LastVisualChange,True,amazon-search LastVisualChange opt cold webrender,,77,ms,geckoview,False,|c|o|l|d| |w|e|b|r|e|n|d|e|r|,,4361205,13,8bad20cfa5c21f9f330712163e9ddf6ea850f908,102210fe594ee9b33d82058545b1ed14f4c8206e,android-hw-a51-11-0-aarch64-shippable-qr,amazon-search,True,,,,,,,,,,,,,,,,,,,,,,,,,,,,,,,,,,,,,,,,,,,,,,,,,,TN,,,,,,,,,,
445575591.0,1837041218,2024-02-01 18:09:58,2154.7,854c462a083b4271435625134f95ce342e243ccb,1370333,autoland,LastVisualChange,True,amazon-search LastVisualChange opt cold webrender,,77,ms,geckoview,False,|c|o|l|d| |w|e|b|r|e|n|d|e|r|,,4361205,13,8bad20cfa5c21f9f330712163e9ddf6ea850f908,102210fe594ee9b33d82058545b1ed14f4c8206e,android-hw-a51-11-0-aarch64-shippable-qr,amazon-search,True,,,,,,,,,,,,,,,,,,,,,,,,,,,,,,,,,,,,,,,,,,,,,,,,,,TN,,,,,,,,,,
445612752.0,1837162225,2024-02-01 22:12:05,2212.9,144c524a091e2ed65d62b4911026d3400cea02fa,1370552,autoland,LastVisualChange,True,amazon-search LastVisualChange opt cold webrender,,77,ms,geckoview,False,|c|o|l|d| |w|e|b|r|e|n|d|e|r|,,4361205,13,8bad20cfa5c21f9f330712163e9ddf6ea850f908,102210fe594ee9b33d82058545b1ed14f4c8206e,android-hw-a51-11-0-aarch64-shippable-qr,amazon-search,True,,,,,,,,,,,,,,,,,,,,,,,,,,,,,,,,,,,,,,,,,,,,,,,,,,TN,,,,,,,,,,
445614088.0,1837176991,2024-02-01 22:19:46,2257.8,085a323ab16cb288d40fca29f6bb35d5d7e85753,1370561,autoland,LastVisualChange,True,amazon-search LastVisualChange opt cold webrender,,77,ms,geckoview,False,|c|o|l|d| |w|e|b|r|e|n|d|e|r|,,4361205,13,8bad20cfa5c21f9f330712163e9ddf6ea850f908,102210fe594ee9b33d82058545b1ed14f4c8206e,android-hw-a51-11-0-aarch64-shippable-qr,amazon-search,True,,,,,,,,,,,,,,,,,,,,,,,,,,,,,,,,,,,,,,,,,,,,,,,,,,TN,,,,,,,,,,
445627736.0,1837248196,2024-02-02 02:49:20,2315.6,dd4c0135beb5076b1a073f8d52507b724781d423,1370659,autoland,LastVisualChange,True,amazon-search LastVisualChange opt cold webrender,,77,ms,geckoview,False,|c|o|l|d| |w|e|b|r|e|n|d|e|r|,,4361205,13,8bad20cfa5c21f9f330712163e9ddf6ea850f908,102210fe594ee9b33d82058545b1ed14f4c8206e,android-hw-a51-11-0-aarch64-shippable-qr,amazon-search,True,,,,,,,,,,,,,,,,,,,,,,,,,,,,,,,,,,,,,,,,,,,,,,,,,,TN,,,,,,,,,,
445702060.0,1837549896,2024-02-02 13:54:17,2204.0,90d84a362f057a96158ef63f7aa96d639916e390,1370837,autoland,LastVisualChange,True,amazon-search LastVisualChange opt cold webrender,,77,ms,geckoview,False,|c|o|l|d| |w|e|b|r|e|n|d|e|r|,,4361205,13,8bad20cfa5c21f9f330712163e9ddf6ea850f908,102210fe594ee9b33d82058545b1ed14f4c8206e,android-hw-a51-11-0-aarch64-shippable-qr,amazon-search,True,,,,,,,,,,,,,,,,,,,,,,,,,,,,,,,,,,,,,,,,,,,,,,,,,,TN,,,,,,,,,,
445716056.0,1837843192,2024-02-02 14:44:09,2207.9,2d3365b1475ea6b0234b76a4ccfefc8c11e491a0,1370872,autoland,LastVisualChange,True,amazon-search LastVisualChange opt cold webrender,,77,ms,geckoview,False,|c|o|l|d| |w|e|b|r|e|n|d|e|r|,,4361205,13,8bad20cfa5c21f9f330712163e9ddf6ea850f908,102210fe594ee9b33d82058545b1ed14f4c8206e,android-hw-a51-11-0-aarch64-shippable-qr,amazon-search,True,,,,,,,,,,,,,,,,,,,,,,,,,,,,,,,,,,,,,,,,,,,,,,,,,,TN,,,,,,,,,,
445766903.0,1837874884,2024-02-02 19:53:24,2138.7,67f13af428e383eb2f3472448564da31a6cd3eae,1371106,autoland,LastVisualChange,True,amazon-search LastVisualChange opt cold webrender,,77,ms,geckoview,False,|c|o|l|d| |w|e|b|r|e|n|d|e|r|,,4361205,13,8bad20cfa5c21f9f330712163e9ddf6ea850f908,102210fe594ee9b33d82058545b1ed14f4c8206e,android-hw-a51-11-0-aarch64-shippable-qr,amazon-search,True,,,,,,,,,,,,,,,,,,,,,,,,,,,,,,,,,,,,,,,,,,,,,,,,,,TN,,,,,,,,,,
445776474.0,1837916990,2024-02-02 21:53:09,2195.9,0a89948ba0c00bf10f2fb02375bb347cffbdc1e1,1371183,autoland,LastVisualChange,True,amazon-search LastVisualChange opt cold webrender,,77,ms,geckoview,False,|c|o|l|d| |w|e|b|r|e|n|d|e|r|,,4361205,13,8bad20cfa5c21f9f330712163e9ddf6ea850f908,102210fe594ee9b33d82058545b1ed14f4c8206e,android-hw-a51-11-0-aarch64-shippable-qr,amazon-search,True,,,,,,,,,,,,,,,,,,,,,,,,,,,,,,,,,,,,,,,,,,,,,,,,,,TN,,,,,,,,,,
445785263.0,1837958080,2024-02-03 02:32:07,2289.6,b9172a6f32d47b58f805d7cdc242ba32e55cb4a6,1371314,autoland,LastVisualChange,True,amazon-search LastVisualChange opt cold webrender,,77,ms,geckoview,False,|c|o|l|d| |w|e|b|r|e|n|d|e|r|,,4361205,13,8bad20cfa5c21f9f330712163e9ddf6ea850f908,102210fe594ee9b33d82058545b1ed14f4c8206e,android-hw-a51-11-0-aarch64-shippable-qr,amazon-search,True,,,,,,,,,,,,,,,,,,,,,,,,,,,,,,,,,,,,,,,,,,,,,,,,,,TN,,,,,,,,,,
445798015.0,1838016127,2024-02-03 06:48:17,2286.1,f8d442e9495d595bd8d4c6cbd272480f9d0dbfb5,1371333,autoland,LastVisualChange,True,amazon-search LastVisualChange opt cold webrender,,77,ms,geckoview,False,|c|o|l|d| |w|e|b|r|e|n|d|e|r|,,4361205,13,8bad20cfa5c21f9f330712163e9ddf6ea850f908,102210fe594ee9b33d82058545b1ed14f4c8206e,android-hw-a51-11-0-aarch64-shippable-qr,amazon-search,True,,,,,,,,,,,,,,,,,,,,,,,,,,,,,,,,,,,,,,,,,,,,,,,,,,TN,,,,,,,,,,
445808786.0,1838055357,2024-02-03 09:08:28,2225.2,6c316fd08b2f2ac6443dd8193a52f819df23ce2e,1371368,autoland,LastVisualChange,True,amazon-search LastVisualChange opt cold webrender,,77,ms,geckoview,False,|c|o|l|d| |w|e|b|r|e|n|d|e|r|,,4361205,13,8bad20cfa5c21f9f330712163e9ddf6ea850f908,102210fe594ee9b33d82058545b1ed14f4c8206e,android-hw-a51-11-0-aarch64-shippable-qr,amazon-search,True,,,,,,,,,,,,,,,,,,,,,,,,,,,,,,,,,,,,,,,,,,,,,,,,,,TN,,,,,,,,,,
445831629.0,1838130983,2024-02-03 16:51:05,2242.7,234a8e0fb95fc4c3f978bc6c198667481d3115da,1371417,autoland,LastVisualChange,True,amazon-search LastVisualChange opt cold webrender,,77,ms,geckoview,False,|c|o|l|d| |w|e|b|r|e|n|d|e|r|,,4361205,13,8bad20cfa5c21f9f330712163e9ddf6ea850f908,102210fe594ee9b33d82058545b1ed14f4c8206e,android-hw-a51-11-0-aarch64-shippable-qr,amazon-search,True,,,,,,,,,,,,,,,,,,,,,,,,,,,,,,,,,,,,,,,,,,,,,,,,,,TN,,,,,,,,,,
445850304.0,1838258333,2024-02-04 01:32:05,2093.8,7a5ad9c8b72b8e9fbc0f63d91a955bff54216958,1371481,autoland,LastVisualChange,True,amazon-search LastVisualChange opt cold webrender,,77,ms,geckoview,False,|c|o|l|d| |w|e|b|r|e|n|d|e|r|,,4361205,13,8bad20cfa5c21f9f330712163e9ddf6ea850f908,102210fe594ee9b33d82058545b1ed14f4c8206e,android-hw-a51-11-0-aarch64-shippable-qr,amazon-search,True,,,,,,,,,,,,,,,,,,,,,,,,,,,,,,,,,,,,,,,,,,,,,,,,,,TN,,,,,,,,,,
445878288.0,1838421507,2024-02-04 11:04:08,2188.0,eb281b3fd4660b5e7e7d1e77f7ebe3182c28569d,1371513,autoland,LastVisualChange,True,amazon-search LastVisualChange opt cold webrender,,77,ms,geckoview,False,|c|o|l|d| |w|e|b|r|e|n|d|e|r|,,4361205,13,8bad20cfa5c21f9f330712163e9ddf6ea850f908,102210fe594ee9b33d82058545b1ed14f4c8206e,android-hw-a51-11-0-aarch64-shippable-qr,amazon-search,True,,,,,,,,,,,,,,,,,,,,,,,,,,,,,,,,,,,,,,,,,,,,,,,,,,TN,,,,,,,,,,
445890068.0,1838585167,2024-02-04 18:26:12,2308.7,6cb794603d85d30882e94931d5c7cba2c609e8dd,1371541,autoland,LastVisualChange,True,amazon-search LastVisualChange opt cold webrender,,77,ms,geckoview,False,|c|o|l|d| |w|e|b|r|e|n|d|e|r|,,4361205,13,8bad20cfa5c21f9f330712163e9ddf6ea850f908,102210fe594ee9b33d82058545b1ed14f4c8206e,android-hw-a51-11-0-aarch64-shippable-qr,amazon-search,True,,,,,,,,,,,,,,,,,,,,,,,,,,,,,,,,,,,,,,,,,,,,,,,,,,TN,,,,,,,,,,
445908161.0,1838664596,2024-02-05 01:14:58,2186.4,778e884de4e5ecb46e2d212a6f5f4a13e465a3a4,1371575,autoland,LastVisualChange,True,amazon-search LastVisualChange opt cold webrender,,77,ms,geckoview,False,|c|o|l|d| |w|e|b|r|e|n|d|e|r|,,4361205,13,8bad20cfa5c21f9f330712163e9ddf6ea850f908,102210fe594ee9b33d82058545b1ed14f4c8206e,android-hw-a51-11-0-aarch64-shippable-qr,amazon-search,True,,,,,,,,,,,,,,,,,,,,,,,,,,,,,,,,,,,,,,,,,,,,,,,,,,TN,,,,,,,,,,
445914495.0,1838698545,2024-02-05 06:38:18,2320.8,9ca12d444230411e2168420a584a7f95e90c1f97,1371605,autoland,LastVisualChange,True,amazon-search LastVisualChange opt cold webrender,,77,ms,geckoview,False,|c|o|l|d| |w|e|b|r|e|n|d|e|r|,,4361205,13,8bad20cfa5c21f9f330712163e9ddf6ea850f908,102210fe594ee9b33d82058545b1ed14f4c8206e,android-hw-a51-11-0-aarch64-shippable-qr,amazon-search,True,,,,,,,,,,,,,,,,,,,,,,,,,,,,,,,,,,,,,,,,,,,,,,,,,,TN,,,,,,,,,,
445950396.0,1838829466,2024-02-05 11:13:48,2230.3,e026ce62cd3a8700c3c5fb7495521391420d3ef6,1371747,autoland,LastVisualChange,True,amazon-search LastVisualChange opt cold webrender,,77,ms,geckoview,False,|c|o|l|d| |w|e|b|r|e|n|d|e|r|,,4361205,13,8bad20cfa5c21f9f330712163e9ddf6ea850f908,102210fe594ee9b33d82058545b1ed14f4c8206e,android-hw-a51-11-0-aarch64-shippable-qr,amazon-search,True,,,,,,,,,,,,,,,,,,,,,,,,,,,,,,,,,,,,,,,,,,,,,,,,,,TN,,,,,,,,,,
445987434.0,1838962288,2024-02-05 15:06:21,2545.4,d67e058935bae8bfad9fb5868b225926a25cb64a,1371897,autoland,LastVisualChange,True,amazon-search LastVisualChange opt cold webrender,,77,ms,geckoview,False,|c|o|l|d| |w|e|b|r|e|n|d|e|r|,,4361205,13,8bad20cfa5c21f9f330712163e9ddf6ea850f908,102210fe594ee9b33d82058545b1ed14f4c8206e,android-hw-a51-11-0-aarch64-shippable-qr,amazon-search,True,,,,,,,,,,,,,,,,,,,,,,,,,,,,,,,,,,,,,,,,,,,,,,,,,,TN,,,,,,,,,,
446025853.0,1839062413,2024-02-05 18:46:19,2195.8,9559ddacce7e802c8bda80f0f58d6cfd6cdd2948,1372136,autoland,LastVisualChange,True,amazon-search LastVisualChange opt cold webrender,,77,ms,geckoview,False,|c|o|l|d| |w|e|b|r|e|n|d|e|r|,,4361205,13,8bad20cfa5c21f9f330712163e9ddf6ea850f908,102210fe594ee9b33d82058545b1ed14f4c8206e,android-hw-a51-11-0-aarch64-shippable-qr,amazon-search,True,,,,,,,,,,,,,,,,,,,,,,,,,,,,,,,,,,,,,,,,,,,,,,,,,,TN,,,,,,,,,,
446060590.0,1839190225,2024-02-05 23:26:30,2248.4,9f16b642b137c1390a012556c58e9f957a816ef6,1372325,autoland,LastVisualChange,True,amazon-search LastVisualChange opt cold webrender,,77,ms,geckoview,False,|c|o|l|d| |w|e|b|r|e|n|d|e|r|,,4361205,13,8bad20cfa5c21f9f330712163e9ddf6ea850f908,102210fe594ee9b33d82058545b1ed14f4c8206e,android-hw-a51-11-0-aarch64-shippable-qr,amazon-search,True,,,,,,,,,,,,,,,,,,,,,,,,,,,,,,,,,,,,,,,,,,,,,,,,,,TN,,,,,,,,,,
446076677.0,1839380604,2024-02-06 03:53:00,2248.5,1995789cfffa08b612d3571d2e8596837f772a49,1372390,autoland,LastVisualChange,True,amazon-search LastVisualChange opt cold webrender,,77,ms,geckoview,False,|c|o|l|d| |w|e|b|r|e|n|d|e|r|,,4361205,13,8bad20cfa5c21f9f330712163e9ddf6ea850f908,102210fe594ee9b33d82058545b1ed14f4c8206e,android-hw-a51-11-0-aarch64-shippable-qr,amazon-search,True,,,,,,,,,,,,,,,,,,,,,,,,,,,,,,,,,,,,,,,,,,,,,,,,,,TN,,,,,,,,,,
446097890.0,1839482803,2024-02-06 07:31:17,2306.1,df0b9539f5604a9aefc6916ce6ecf2e52670b78b,1372455,autoland,LastVisualChange,True,amazon-search LastVisualChange opt cold webrender,,77,ms,geckoview,False,|c|o|l|d| |w|e|b|r|e|n|d|e|r|,,4361205,13,8bad20cfa5c21f9f330712163e9ddf6ea850f908,102210fe594ee9b33d82058545b1ed14f4c8206e,android-hw-a51-11-0-aarch64-shippable-qr,amazon-search,True,,,,,,,,,,,,,,,,,,,,,,,,,,,,,,,,,,,,,,,,,,,,,,,,,,TN,,,,,,,,,,
446141547.0,1839637248,2024-02-06 11:44:40,2212.5,c48ca61bc9255db0107d377c103a752265b60eb8,1372588,autoland,LastVisualChange,True,amazon-search LastVisualChange opt cold webrender,,77,ms,geckoview,False,|c|o|l|d| |w|e|b|r|e|n|d|e|r|,,4361205,13,8bad20cfa5c21f9f330712163e9ddf6ea850f908,102210fe594ee9b33d82058545b1ed14f4c8206e,android-hw-a51-11-0-aarch64-shippable-qr,amazon-search,True,,,,,,,,,,,,,,,,,,,,,,,,,,,,,,,,,,,,,,,,,,,,,,,,,,TN,,,,,,,,,,
446212886.0,1839927684,2024-02-06 17:15:13,2194.3,79b38383448166074627506218757a9881ca5679,1372809,autoland,LastVisualChange,True,amazon-search LastVisualChange opt cold webrender,,77,ms,geckoview,False,|c|o|l|d| |w|e|b|r|e|n|d|e|r|,,4361205,13,8bad20cfa5c21f9f330712163e9ddf6ea850f908,102210fe594ee9b33d82058545b1ed14f4c8206e,android-hw-a51-11-0-aarch64-shippable-qr,amazon-search,True,,,,,,,,,,,,,,,,,,,,,,,,,,,,,,,,,,,,,,,,,,,,,,,,,,TN,,,,,,,,,,
446207398.0,1839912961,2024-02-06 17:24:04,2279.7,1f93ea2744765ca11b90874574cc12168d3828a5,1372818,autoland,LastVisualChange,True,amazon-search LastVisualChange opt cold webrender,,77,ms,geckoview,False,|c|o|l|d| |w|e|b|r|e|n|d|e|r|,,4361205,13,8bad20cfa5c21f9f330712163e9ddf6ea850f908,102210fe594ee9b33d82058545b1ed14f4c8206e,android-hw-a51-11-0-aarch64-shippable-qr,amazon-search,True,,,,,,,,,,,,,,,,,,,,,,,,,,,,,,,,,,,,,,,,,,,,,,,,,,TN,,,,,,,,,,
446275796.0,1840251360,2024-02-07 04:17:01,2196.1,1d87eb92ed10d04dccab53b631b14010ca09beb6,1373159,autoland,LastVisualChange,True,amazon-search LastVisualChange opt cold webrender,,77,ms,geckoview,False,|c|o|l|d| |w|e|b|r|e|n|d|e|r|,,4361205,13,8bad20cfa5c21f9f330712163e9ddf6ea850f908,102210fe594ee9b33d82058545b1ed14f4c8206e,android-hw-a51-11-0-aarch64-shippable-qr,amazon-search,True,,,,,,,,,,,,,,,,,,,,,,,,,,,,,,,,,,,,,,,,,,,,,,,,,,TN,,,,,,,,,,
446286055.0,1840321465,2024-02-07 04:22:59,2210.1,fce00cd55ffb9127f24e7e1d2186178f72429fce,1373168,autoland,LastVisualChange,True,amazon-search LastVisualChange opt cold webrender,,77,ms,geckoview,False,|c|o|l|d| |w|e|b|r|e|n|d|e|r|,,4361205,13,8bad20cfa5c21f9f330712163e9ddf6ea850f908,102210fe594ee9b33d82058545b1ed14f4c8206e,android-hw-a51-11-0-aarch64-shippable-qr,amazon-search,True,,,,,,,,,,,,,,,,,,,,,,,,,,,,,,,,,,,,,,,,,,,,,,,,,,TN,,,,,,,,,,
446306395.0,1840418378,2024-02-07 08:54:39,2166.1,df59ba0b3152fb8f6812b413bd2a6869bff469c1,1373246,autoland,LastVisualChange,True,amazon-search LastVisualChange opt cold webrender,,77,ms,geckoview,False,|c|o|l|d| |w|e|b|r|e|n|d|e|r|,,4361205,13,8bad20cfa5c21f9f330712163e9ddf6ea850f908,102210fe594ee9b33d82058545b1ed14f4c8206e,android-hw-a51-11-0-aarch64-shippable-qr,amazon-search,True,,,,,,,,,,,,,,,,,,,,,,,,,,,,,,,,,,,,,,,,,,,,,,,,,,TN,,,,,,,,,,
446315670.0,1840468342,2024-02-07 09:01:16,2248.4,ab5b008e36a4742d737a89c8cbfc1a69e2b76456,1373249,autoland,LastVisualChange,True,amazon-search LastVisualChange opt cold webrender,,77,ms,geckoview,False,|c|o|l|d| |w|e|b|r|e|n|d|e|r|,,4361205,13,8bad20cfa5c21f9f330712163e9ddf6ea850f908,102210fe594ee9b33d82058545b1ed14f4c8206e,android-hw-a51-11-0-aarch64-shippable-qr,amazon-search,True,,,,,,,,,,,,,,,,,,,,,,,,,,,,,,,,,,,,,,,,,,,,,,,,,,TN,,,,,,,,,,
446356765.0,1840553180,2024-02-07 13:03:40,2306.5,ec34bf3905e43d945effa45ba094092c7355d4b2,1373380,autoland,LastVisualChange,True,amazon-search LastVisualChange opt cold webrender,,77,ms,geckoview,False,|c|o|l|d| |w|e|b|r|e|n|d|e|r|,,4361205,13,8bad20cfa5c21f9f330712163e9ddf6ea850f908,102210fe594ee9b33d82058545b1ed14f4c8206e,android-hw-a51-11-0-aarch64-shippable-qr,amazon-search,True,,,,,,,,,,,,,,,,,,,,,,,,,,,,,,,,,,,,,,,,,,,,,,,,,,TN,,,,,,,,,,
446362633.0,1840577953,2024-02-07 14:05:10,2415.3,fdda8b6b095615f06fbef5c21ff9ad0a90927c83,1373437,autoland,LastVisualChange,True,amazon-search LastVisualChange opt cold webrender,,77,ms,geckoview,False,|c|o|l|d| |w|e|b|r|e|n|d|e|r|,,4361205,13,8bad20cfa5c21f9f330712163e9ddf6ea850f908,102210fe594ee9b33d82058545b1ed14f4c8206e,android-hw-a51-11-0-aarch64-shippable-qr,amazon-search,True,,,,,,,,,,,,,,,,,,,,,,,,,,,,,,,,,,,,,,,,,,,,,,,,,,TN,,,,,,,,,,
446405293.0,1840775764,2024-02-07 17:25:01,2284.1,fcafc196f2cef3d5c607edaa0f66c96cdf1708d6,1373622,autoland,LastVisualChange,True,amazon-search LastVisualChange opt cold webrender,,77,ms,geckoview,False,|c|o|l|d| |w|e|b|r|e|n|d|e|r|,,4361205,13,8bad20cfa5c21f9f330712163e9ddf6ea850f908,102210fe594ee9b33d82058545b1ed14f4c8206e,android-hw-a51-11-0-aarch64-shippable-qr,amazon-search,True,,,,,,,,,,,,,,,,,,,,,,,,,,,,,,,,,,,,,,,,,,,,,,,,,,TN,,,,,,,,,,
446430919.0,1840852650,2024-02-07 21:31:39,2270.3,0eee0e78f83c43165f612c4e7f3f7ff52d665b9c,1373826,autoland,LastVisualChange,True,amazon-search LastVisualChange opt cold webrender,,77,ms,geckoview,False,|c|o|l|d| |w|e|b|r|e|n|d|e|r|,,4361205,13,8bad20cfa5c21f9f330712163e9ddf6ea850f908,102210fe594ee9b33d82058545b1ed14f4c8206e,android-hw-a51-11-0-aarch64-shippable-qr,amazon-search,True,,,,,,,,,,,,,,,,,,,,,,,,,,,,,,,,,,,,,,,,,,,,,,,,,,TN,,,,,,,,,,
446434399.0,1840897967,2024-02-07 21:36:53,2256.4,1cb745ef034e9cd65d98c15632e13f5862e7390b,1373829,autoland,LastVisualChange,True,amazon-search LastVisualChange opt cold webrender,,77,ms,geckoview,False,|c|o|l|d| |w|e|b|r|e|n|d|e|r|,,4361205,13,8bad20cfa5c21f9f330712163e9ddf6ea850f908,102210fe594ee9b33d82058545b1ed14f4c8206e,android-hw-a51-11-0-aarch64-shippable-qr,amazon-search,True,,,,,,,,,,,,,,,,,,,,,,,,,,,,,,,,,,,,,,,,,,,,,,,,,,TN,,,,,,,,,,
446455142.0,1840958140,2024-02-08 01:47:30,2203.0,0cb1cb869761baae745081466c878e32a7d83888,1373927,autoland,LastVisualChange,True,amazon-search LastVisualChange opt cold webrender,,77,ms,geckoview,False,|c|o|l|d| |w|e|b|r|e|n|d|e|r|,,4361205,13,8bad20cfa5c21f9f330712163e9ddf6ea850f908,102210fe594ee9b33d82058545b1ed14f4c8206e,android-hw-a51-11-0-aarch64-shippable-qr,amazon-search,True,,,,,,,,,,,,,,,,,,,,,,,,,,,,,,,,,,,,,,,,,,,,,,,,,,TN,,,,,,,,,,
446459387.0,1841000052,2024-02-08 02:38:53,2237.2,bbcb9c75a4919aa67c2fc1ec689eb69d653990dd,1373953,autoland,LastVisualChange,True,amazon-search LastVisualChange opt cold webrender,,77,ms,geckoview,False,|c|o|l|d| |w|e|b|r|e|n|d|e|r|,,4361205,13,8bad20cfa5c21f9f330712163e9ddf6ea850f908,102210fe594ee9b33d82058545b1ed14f4c8206e,android-hw-a51-11-0-aarch64-shippable-qr,amazon-search,True,,,,,,,,,,,,,,,,,,,,,,,,,,,,,,,,,,,,,,,,,,,,,,,,,,TN,,,,,,,,,,
446470736.0,1841062812,2024-02-08 07:03:19,2272.2,344524bd7c755d7d7fcfca1d69503577b07db2b7,1374007,autoland,LastVisualChange,True,amazon-search LastVisualChange opt cold webrender,,77,ms,geckoview,False,|c|o|l|d| |w|e|b|r|e|n|d|e|r|,,4361205,13,8bad20cfa5c21f9f330712163e9ddf6ea850f908,102210fe594ee9b33d82058545b1ed14f4c8206e,android-hw-a51-11-0-aarch64-shippable-qr,amazon-search,True,,,,,,,,,,,,,,,,,,,,,,,,,,,,,,,,,,,,,,,,,,,,,,,,,,TN,,,,,,,,,,
446528213.0,1841312442,2024-02-08 14:56:42,2182.3,286029e09b16d8910d7110864541cdb9d4b84681,1374192,autoland,LastVisualChange,True,amazon-search LastVisualChange opt cold webrender,,77,ms,geckoview,False,|c|o|l|d| |w|e|b|r|e|n|d|e|r|,,4361205,13,8bad20cfa5c21f9f330712163e9ddf6ea850f908,102210fe594ee9b33d82058545b1ed14f4c8206e,android-hw-a51-11-0-aarch64-shippable-qr,amazon-search,True,,,,,,,,,,,,,,,,,,,,,,,,,,,,,,,,,,,,,,,,,,,,,,,,,,TN,,,,,,,,,,
446540776.0,1841333711,2024-02-08 16:03:43,2354.3,590071462358f92ff5d36dc8f99a472a45101fdb,1374244,autoland,LastVisualChange,True,amazon-search LastVisualChange opt cold webrender,,77,ms,geckoview,False,|c|o|l|d| |w|e|b|r|e|n|d|e|r|,,4361205,13,8bad20cfa5c21f9f330712163e9ddf6ea850f908,102210fe594ee9b33d82058545b1ed14f4c8206e,android-hw-a51-11-0-aarch64-shippable-qr,amazon-search,True,,,,,,,,,,,,,,,,,,,,,,,,,,,,,,,,,,,,,,,,,,,,,,,,,,TN,,,,,,,,,,
446587966.0,1841528192,2024-02-08 22:41:03,2194.1,8b424277a5065ea04bc1818e9ba12a8b24c12008,1374550,autoland,LastVisualChange,True,amazon-search LastVisualChange opt cold webrender,,77,ms,geckoview,False,|c|o|l|d| |w|e|b|r|e|n|d|e|r|,,4361205,13,8bad20cfa5c21f9f330712163e9ddf6ea850f908,102210fe594ee9b33d82058545b1ed14f4c8206e,android-hw-a51-11-0-aarch64-shippable-qr,amazon-search,True,,,,,,,,,,,,,,,,,,,,,,,,,,,,,,,,,,,,,,,,,,,,,,,,,,TN,,,,,,,,,,
446590036.0,1841538326,2024-02-08 23:27:55,2147.5,ba6c8f006d21287c25440f5141e3eead45bd9f96,1374577,autoland,LastVisualChange,True,amazon-search LastVisualChange opt cold webrender,,77,ms,geckoview,False,|c|o|l|d| |w|e|b|r|e|n|d|e|r|,,4361205,13,8bad20cfa5c21f9f330712163e9ddf6ea850f908,102210fe594ee9b33d82058545b1ed14f4c8206e,android-hw-a51-11-0-aarch64-shippable-qr,amazon-search,True,,,,,,,,,,,,,,,,,,,,,,,,,,,,,,,,,,,,,,,,,,,,,,,,,,TN,,,,,,,,,,
446615237.0,1841646824,2024-02-09 04:08:21,2246.9,b17a56f7d0a828b62b52f572c8237345bf64786f,1374660,autoland,LastVisualChange,True,amazon-search LastVisualChange opt cold webrender,,77,ms,geckoview,False,|c|o|l|d| |w|e|b|r|e|n|d|e|r|,,4361205,13,8bad20cfa5c21f9f330712163e9ddf6ea850f908,102210fe594ee9b33d82058545b1ed14f4c8206e,android-hw-a51-11-0-aarch64-shippable-qr,amazon-search,True,,,,,,,,,,,,,,,,,,,,,,,,,,,,,,,,,,,,,,,,,,,,,,,,,,TN,,,,,,,,,,
446641678.0,1841762107,2024-02-09 08:27:03,2145.9,7b81e807e547afd0cca0453e9697e58369ae5e92,1374718,autoland,LastVisualChange,True,amazon-search LastVisualChange opt cold webrender,,77,ms,geckoview,False,|c|o|l|d| |w|e|b|r|e|n|d|e|r|,,4361205,13,8bad20cfa5c21f9f330712163e9ddf6ea850f908,102210fe594ee9b33d82058545b1ed14f4c8206e,android-hw-a51-11-0-aarch64-shippable-qr,amazon-search,True,,,,,,,,,,,,,,,,,,,,,,,,,,,,,,,,,,,,,,,,,,,,,,,,,,TN,,,,,,,,,,
446679273.0,1841914750,2024-02-09 11:56:29,2231.0,045e453bba33077fb8d5641ca3706f3785ce14f5,1374806,autoland,LastVisualChange,True,amazon-search LastVisualChange opt cold webrender,,77,ms,geckoview,False,|c|o|l|d| |w|e|b|r|e|n|d|e|r|,,4361205,13,8bad20cfa5c21f9f330712163e9ddf6ea850f908,102210fe594ee9b33d82058545b1ed14f4c8206e,android-hw-a51-11-0-aarch64-shippable-qr,amazon-search,True,,,,,,,,,,,,,,,,,,,,,,,,,,,,,,,,,,,,,,,,,,,,,,,,,,TN,,,,,,,,,,
446729033.0,1842125435,2024-02-09 16:09:01,2147.0,193e6982f5a17f0fa7cced978df3079f87e4ad99,1374959,autoland,LastVisualChange,True,amazon-search LastVisualChange opt cold webrender,,77,ms,geckoview,False,|c|o|l|d| |w|e|b|r|e|n|d|e|r|,,4361205,13,8bad20cfa5c21f9f330712163e9ddf6ea850f908,102210fe594ee9b33d82058545b1ed14f4c8206e,android-hw-a51-11-0-aarch64-shippable-qr,amazon-search,True,,,,,,,,,,,,,,,,,,,,,,,,,,,,,,,,,,,,,,,,,,,,,,,,,,TN,,,,,,,,,,
446732989.0,1842146957,2024-02-09 17:06:42,2152.8,39d76f98160905dab2a294ece0e03ee8ba5ba4cc,1375009,autoland,LastVisualChange,True,amazon-search LastVisualChange opt cold webrender,,77,ms,geckoview,False,|c|o|l|d| |w|e|b|r|e|n|d|e|r|,,4361205,13,8bad20cfa5c21f9f330712163e9ddf6ea850f908,102210fe594ee9b33d82058545b1ed14f4c8206e,android-hw-a51-11-0-aarch64-shippable-qr,amazon-search,True,,,,,,,,,,,,,,,,,,,,,,,,,,,,,,,,,,,,,,,,,,,,,,,,,,TN,,,,,,,,,,
446766611.0,1842234188,2024-02-09 21:47:15,2315.6,0fb5f3212fd93e901bed6bb19bd8b63339869991,1375247,autoland,LastVisualChange,True,amazon-search LastVisualChange opt cold webrender,,77,ms,geckoview,False,|c|o|l|d| |w|e|b|r|e|n|d|e|r|,,4361205,13,8bad20cfa5c21f9f330712163e9ddf6ea850f908,102210fe594ee9b33d82058545b1ed14f4c8206e,android-hw-a51-11-0-aarch64-shippable-qr,amazon-search,True,,,,,,,,,,,,,,,,,,,,,,,,,,,,,,,,,,,,,,,,,,,,,,,,,,TN,,,,,,,,,,
446787071.0,1842292876,2024-02-10 07:03:30,2413.7,20876ae07c4b760464125773aa45200a98f34159,1375365,autoland,LastVisualChange,True,amazon-search LastVisualChange opt cold webrender,,77,ms,geckoview,False,|c|o|l|d| |w|e|b|r|e|n|d|e|r|,,4361205,13,8bad20cfa5c21f9f330712163e9ddf6ea850f908,102210fe594ee9b33d82058545b1ed14f4c8206e,android-hw-a51-11-0-aarch64-shippable-qr,amazon-search,True,,,,,,,,,,,,,,,,,,,,,,,,,,,,,,,,,,,,,,,,,,,,,,,,,,TN,,,,,,,,,,
446813880.0,1842388310,2024-02-10 13:47:16,2124.5,b09350ff8440d3ef5d3ac2b811bfe9a5d243196a,1375389,autoland,LastVisualChange,True,amazon-search LastVisualChange opt cold webrender,,77,ms,geckoview,False,|c|o|l|d| |w|e|b|r|e|n|d|e|r|,,4361205,13,8bad20cfa5c21f9f330712163e9ddf6ea850f908,102210fe594ee9b33d82058545b1ed14f4c8206e,android-hw-a51-11-0-aarch64-shippable-qr,amazon-search,True,,,,,,,,,,,,,,,,,,,,,,,,,,,,,,,,,,,,,,,,,,,,,,,,,,TN,,,,,,,,,,
446822107.0,1842411866,2024-02-10 17:58:32,2299.4,f6690a5e6ceef6b384dc31d4485e790a4935508a,1375417,autoland,LastVisualChange,True,amazon-search LastVisualChange opt cold webrender,,77,ms,geckoview,False,|c|o|l|d| |w|e|b|r|e|n|d|e|r|,,4361205,13,8bad20cfa5c21f9f330712163e9ddf6ea850f908,102210fe594ee9b33d82058545b1ed14f4c8206e,android-hw-a51-11-0-aarch64-shippable-qr,amazon-search,True,,,,,,,,,,,,,,,,,,,,,,,,,,,,,,,,,,,,,,,,,,,,,,,,,,TN,,,,,,,,,,
446840611.0,1842496508,2024-02-11 02:31:23,2411.4,f92c77fccb76549171ecc809818a26b1eb883b43,1375439,autoland,LastVisualChange,True,amazon-search LastVisualChange opt cold webrender,,77,ms,geckoview,False,|c|o|l|d| |w|e|b|r|e|n|d|e|r|,,4361205,13,8bad20cfa5c21f9f330712163e9ddf6ea850f908,102210fe594ee9b33d82058545b1ed14f4c8206e,android-hw-a51-11-0-aarch64-shippable-qr,amazon-search,True,,,,,,,,,,,,,,,,,,,,,,,,,,,,,,,,,,,,,,,,,,,,,,,,,,TN,,,,,,,,,,
446873362.0,1842615968,2024-02-11 15:25:51,2187.7,13676fc9b0cd8461cb9863d3a2d1b9a696a9c0f5,1375518,autoland,LastVisualChange,True,amazon-search LastVisualChange opt cold webrender,,77,ms,geckoview,False,|c|o|l|d| |w|e|b|r|e|n|d|e|r|,,4361205,13,8bad20cfa5c21f9f330712163e9ddf6ea850f908,102210fe594ee9b33d82058545b1ed14f4c8206e,android-hw-a51-11-0-aarch64-shippable-qr,amazon-search,True,,,,,,,,,,,,,,,,,,,,,,,,,,,,,,,,,,,,,,,,,,,,,,,,,,TN,,,,,,,,,,
446946021.0,1842931771,2024-02-12 15:53:07,2276.7,cab51450b6bd71ade4db0f49831f7e402b375b45,1375888,autoland,LastVisualChange,True,amazon-search LastVisualChange opt cold webrender,,77,ms,geckoview,False,|c|o|l|d| |w|e|b|r|e|n|d|e|r|,,4361205,13,8bad20cfa5c21f9f330712163e9ddf6ea850f908,102210fe594ee9b33d82058545b1ed14f4c8206e,android-hw-a51-11-0-aarch64-shippable-qr,amazon-search,True,,,,,,,,,,,,,,,,,,,,,,,,,,,,,,,,,,,,,,,,,,,,,,,,,,TN,,,,,,,,,,
446979734.0,1843026164,2024-02-12 20:04:04,2308.0,37ec3180a6cbce3bb2544f9a16b4ded4657c6eb6,1376093,autoland,LastVisualChange,True,amazon-search LastVisualChange opt cold webrender,,77,ms,geckoview,False,|c|o|l|d| |w|e|b|r|e|n|d|e|r|,,4361205,13,8bad20cfa5c21f9f330712163e9ddf6ea850f908,102210fe594ee9b33d82058545b1ed14f4c8206e,android-hw-a51-11-0-aarch64-shippable-qr,amazon-search,True,,,,,,,,,,,,,,,,,,,,,,,,,,,,,,,,,,,,,,,,,,,,,,,,,,TN,,,,,,,,,,
446980466.0,1843029750,2024-02-12 20:15:07,2290.5,995a3050d70cb954214be8710caa54a1794745ec,1376103,autoland,LastVisualChange,True,amazon-search LastVisualChange opt cold webrender,,77,ms,geckoview,False,|c|o|l|d| |w|e|b|r|e|n|d|e|r|,,4361205,13,8bad20cfa5c21f9f330712163e9ddf6ea850f908,102210fe594ee9b33d82058545b1ed14f4c8206e,android-hw-a51-11-0-aarch64-shippable-qr,amazon-search,True,,,,,,,,,,,,,,,,,,,,,,,,,,,,,,,,,,,,,,,,,,,,,,,,,,TN,,,,,,,,,,
447022420.0,1843124149,2024-02-13 00:22:17,2359.8,b316bafe790ef37c5585cadd21f6a2c8ebd749b9,1376256,autoland,LastVisualChange,True,amazon-search LastVisualChange opt cold webrender,,77,ms,geckoview,False,|c|o|l|d| |w|e|b|r|e|n|d|e|r|,,4361205,13,8bad20cfa5c21f9f330712163e9ddf6ea850f908,102210fe594ee9b33d82058545b1ed14f4c8206e,android-hw-a51-11-0-aarch64-shippable-qr,amazon-search,True,,,,,,,,,,,,,,,,,,,,,,,,,,,,,,,,,,,,,,,,,,,,,,,,,,TN,,,,,,,,,,
447039124.0,1843198041,2024-02-13 02:51:29,3524.0,52fc8e3041c5f42dfa50438336b110a9a5e77f2b,1376298,autoland,LastVisualChange,True,amazon-search LastVisualChange opt cold webrender,,77,ms,geckoview,False,|c|o|l|d| |w|e|b|r|e|n|d|e|r|,,4361205,13,8bad20cfa5c21f9f330712163e9ddf6ea850f908,102210fe594ee9b33d82058545b1ed14f4c8206e,android-hw-a51-11-0-aarch64-shippable-qr,amazon-search,True,,,,,,,,,,,,,,,,,,,,,,,,,,,,,,,,,,,,,,,,,,,,,,,,,,TN,,,,,,,,,,
447058865.0,1843297734,2024-02-13 06:57:28,2890.5,5f6ad5b21119b4bbef2bc6c9153e0f7329c20ebe,1376370,autoland,LastVisualChange,True,amazon-search LastVisualChange opt cold webrender,,77,ms,geckoview,False,|c|o|l|d| |w|e|b|r|e|n|d|e|r|,,4361205,13,8bad20cfa5c21f9f330712163e9ddf6ea850f908,102210fe594ee9b33d82058545b1ed14f4c8206e,android-hw-a51-11-0-aarch64-shippable-qr,amazon-search,True,,,,,,,,,,,,,,,,,,,,,,,,,,,,,,,,,,,,,,,,,,,,,,,,,,TN,,,,,,,,,,
447089843.0,1843399609,2024-02-13 09:49:45,2311.3,c5320acccd4a760b0ae41149fcdd8fe44b658ee7,1376447,autoland,LastVisualChange,True,amazon-search LastVisualChange opt cold webrender,,77,ms,geckoview,False,|c|o|l|d| |w|e|b|r|e|n|d|e|r|,,4361205,13,8bad20cfa5c21f9f330712163e9ddf6ea850f908,102210fe594ee9b33d82058545b1ed14f4c8206e,android-hw-a51-11-0-aarch64-shippable-qr,amazon-search,True,,,,,,,,,,,,,,,,,,,,,,,,,,,,,,,,,,,,,,,,,,,,,,,,,,TN,,,,,,,,,,
447111895.0,1843492605,2024-02-13 13:45:34,3650.9,0d474eb34652f4c47a16b6d83012c0f2e026dc00,1376559,autoland,LastVisualChange,True,amazon-search LastVisualChange opt cold webrender,,77,ms,geckoview,False,|c|o|l|d| |w|e|b|r|e|n|d|e|r|,,4361205,13,8bad20cfa5c21f9f330712163e9ddf6ea850f908,102210fe594ee9b33d82058545b1ed14f4c8206e,android-hw-a51-11-0-aarch64-shippable-qr,amazon-search,True,,,,,,,,,,,,,,,,,,,,,,,,,,,,,,,,,,,,,,,,,,,,,,,,,,TN,,,,,,,,,,
447132235.0,1843560295,2024-02-13 16:46:39,2180.8,17329a53b9f9a20247103958883a0ce7c42af78d,1376703,autoland,LastVisualChange,True,amazon-search LastVisualChange opt cold webrender,,77,ms,geckoview,False,|c|o|l|d| |w|e|b|r|e|n|d|e|r|,,4361205,13,8bad20cfa5c21f9f330712163e9ddf6ea850f908,102210fe594ee9b33d82058545b1ed14f4c8206e,android-hw-a51-11-0-aarch64-shippable-qr,amazon-search,True,,,,,,,,,,,,,,,,,,,,,,,,,,,,,,,,,,,,,,,,,,,,,,,,,,TN,,,,,,,,,,
447197305.0,1843756574,2024-02-14 00:47:09,2240.3,4a18caac75720f24abc9063ce8df5fa6b7948aa4,1376921,autoland,LastVisualChange,True,amazon-search LastVisualChange opt cold webrender,,77,ms,geckoview,False,|c|o|l|d| |w|e|b|r|e|n|d|e|r|,,4361205,13,8bad20cfa5c21f9f330712163e9ddf6ea850f908,102210fe594ee9b33d82058545b1ed14f4c8206e,android-hw-a51-11-0-aarch64-shippable-qr,amazon-search,True,,,,,,,,,,,,,,,,,,,,,,,,,,,,,,,,,,,,,,,,,,,,,,,,,,TN,,,,,,,,,,
447199953.0,1843771295,2024-02-14 01:35:59,2189.4,aaaa3f2b8fed9e159a8b08e4263034e9a051be71,1376937,autoland,LastVisualChange,True,amazon-search LastVisualChange opt cold webrender,,77,ms,geckoview,False,|c|o|l|d| |w|e|b|r|e|n|d|e|r|,,4361205,13,8bad20cfa5c21f9f330712163e9ddf6ea850f908,102210fe594ee9b33d82058545b1ed14f4c8206e,android-hw-a51-11-0-aarch64-shippable-qr,amazon-search,True,,,,,,,,,,,,,,,,,,,,,,,,,,,,,,,,,,,,,,,,,,,,,,,,,,TN,,,,,,,,,,
447222380.0,1843847200,2024-02-14 05:55:05,3562.5,1b24ea8c2e7e02f00bd61e8cd672da76b16c42a6,1376972,autoland,LastVisualChange,True,amazon-search LastVisualChange opt cold webrender,,77,ms,geckoview,False,|c|o|l|d| |w|e|b|r|e|n|d|e|r|,,4361205,13,8bad20cfa5c21f9f330712163e9ddf6ea850f908,102210fe594ee9b33d82058545b1ed14f4c8206e,android-hw-a51-11-0-aarch64-shippable-qr,amazon-search,True,,,,,,,,,,,,,,,,,,,,,,,,,,,,,,,,,,,,,,,,,,,,,,,,,,TN,,,,,,,,,,
447274227.0,1843989481,2024-02-14 15:32:04,2230.5,dca10aca1871edfdba5107bc7766982b186d7f2c,1377071,autoland,LastVisualChange,True,amazon-search LastVisualChange opt cold webrender,,77,ms,geckoview,False,|c|o|l|d| |w|e|b|r|e|n|d|e|r|,,4361205,13,8bad20cfa5c21f9f330712163e9ddf6ea850f908,102210fe594ee9b33d82058545b1ed14f4c8206e,android-hw-a51-11-0-aarch64-shippable-qr,amazon-search,True,,,,,,,,,,,,,,,,,,,,,,,,,,,,,,,,,,,,,,,,,,,,,,,,,,TN,,,,,,,,,,
447279482.0,1844028435,2024-02-14 15:37:30,2248.0,2ea0fda6ec6ed02a530a3a4bb67fabb0d14d403f,1377078,autoland,LastVisualChange,True,amazon-search LastVisualChange opt cold webrender,,77,ms,geckoview,False,|c|o|l|d| |w|e|b|r|e|n|d|e|r|,,4361205,13,8bad20cfa5c21f9f330712163e9ddf6ea850f908,102210fe594ee9b33d82058545b1ed14f4c8206e,android-hw-a51-11-0-aarch64-shippable-qr,amazon-search,True,,,,,,,,,,,,,,,,,,,,,,,,,,,,,,,,,,,,,,,,,,,,,,,,,,TN,,,,,,,,,,
447311758.0,1844097564,2024-02-14 20:39:05,2254.8,b0b34dab81d56b5e5ee526c9f44e926db4b27dce,1377195,autoland,LastVisualChange,True,amazon-search LastVisualChange opt cold webrender,,77,ms,geckoview,False,|c|o|l|d| |w|e|b|r|e|n|d|e|r|,,4361205,13,8bad20cfa5c21f9f330712163e9ddf6ea850f908,102210fe594ee9b33d82058545b1ed14f4c8206e,android-hw-a51-11-0-aarch64-shippable-qr,amazon-search,True,,,,,,,,,,,,,,,,,,,,,,,,,,,,,,,,,,,,,,,,,,,,,,,,,,TN,,,,,,,,,,
447332966.0,1844174855,2024-02-15 00:51:05,2286.8,981afc9a696a12b7e873eae165925138a2726efe,1377256,autoland,LastVisualChange,True,amazon-search LastVisualChange opt cold webrender,,77,ms,geckoview,False,|c|o|l|d| |w|e|b|r|e|n|d|e|r|,,4361205,13,8bad20cfa5c21f9f330712163e9ddf6ea850f908,102210fe594ee9b33d82058545b1ed14f4c8206e,android-hw-a51-11-0-aarch64-shippable-qr,amazon-search,True,,,,,,,,,,,,,,,,,,,,,,,,,,,,,,,,,,,,,,,,,,,,,,,,,,TN,,,,,,,,,,
447348830.0,1844250019,2024-02-15 04:52:31,2319.8,aa5fc411278d3beae081682cb31a2167257d3aed,1377304,autoland,LastVisualChange,True,amazon-search LastVisualChange opt cold webrender,,77,ms,geckoview,False,|c|o|l|d| |w|e|b|r|e|n|d|e|r|,,4361205,13,8bad20cfa5c21f9f330712163e9ddf6ea850f908,102210fe594ee9b33d82058545b1ed14f4c8206e,android-hw-a51-11-0-aarch64-shippable-qr,amazon-search,True,,,,,,,,,,,,,,,,,,,,,,,,,,,,,,,,,,,,,,,,,,,,,,,,,,TN,,,,,,,,,,
447394737.0,1844413380,2024-02-15 12:49:34,2131.5,2b4e9ee6225f1183da45d24404e72f48e3803f08,1377375,autoland,LastVisualChange,True,amazon-search LastVisualChange opt cold webrender,,77,ms,geckoview,False,|c|o|l|d| |w|e|b|r|e|n|d|e|r|,,4361205,13,8bad20cfa5c21f9f330712163e9ddf6ea850f908,102210fe594ee9b33d82058545b1ed14f4c8206e,android-hw-a51-11-0-aarch64-shippable-qr,amazon-search,True,,,,,,,,,,,,,,,,,,,,,,,,,,,,,,,,,,,,,,,,,,,,,,,,,,TN,,,,,,,,,,
447413167.0,1844502792,2024-02-15 16:23:45,2204.8,dbe553dd13b79a3c4821f203f3adca31fe71cc56,1377427,autoland,LastVisualChange,True,amazon-search LastVisualChange opt cold webrender,,77,ms,geckoview,False,|c|o|l|d| |w|e|b|r|e|n|d|e|r|,,4361205,13,8bad20cfa5c21f9f330712163e9ddf6ea850f908,102210fe594ee9b33d82058545b1ed14f4c8206e,android-hw-a51-11-0-aarch64-shippable-qr,amazon-search,True,,,,,,,,,,,,,,,,,,,,,,,,,,,,,,,,,,,,,,,,,,,,,,,,,,TN,,,,,,,,,,
447432873.0,1844575472,2024-02-15 20:44:46,2157.4,02d5bc9805676f9a22f3cef50c86ddc38e7534d9,1377493,autoland,LastVisualChange,True,amazon-search LastVisualChange opt cold webrender,,77,ms,geckoview,False,|c|o|l|d| |w|e|b|r|e|n|d|e|r|,,4361205,13,8bad20cfa5c21f9f330712163e9ddf6ea850f908,102210fe594ee9b33d82058545b1ed14f4c8206e,android-hw-a51-11-0-aarch64-shippable-qr,amazon-search,True,,,,,,,,,,,,,,,,,,,,,,,,,,,,,,,,,,,,,,,,,,,,,,,,,,TN,,,,,,,,,,
447435629.0,1844605630,2024-02-15 22:19:13,2192.6,798af36e79586239c3954fe06796d9a27a353b92,1377518,autoland,LastVisualChange,True,amazon-search LastVisualChange opt cold webrender,,77,ms,geckoview,False,|c|o|l|d| |w|e|b|r|e|n|d|e|r|,,4361205,13,8bad20cfa5c21f9f330712163e9ddf6ea850f908,102210fe594ee9b33d82058545b1ed14f4c8206e,android-hw-a51-11-0-aarch64-shippable-qr,amazon-search,True,,,,,,,,,,,,,,,,,,,,,,,,,,,,,,,,,,,,,,,,,,,,,,,,,,TN,,,,,,,,,,
447482787.0,1844727657,2024-02-16 06:24:45,2279.8,861d200fe3e761e23bbb6ce556446725fb01cd43,1378006,autoland,LastVisualChange,True,amazon-search LastVisualChange opt cold webrender,,77,ms,geckoview,False,|c|o|l|d| |w|e|b|r|e|n|d|e|r|,,4361205,13,8bad20cfa5c21f9f330712163e9ddf6ea850f908,102210fe594ee9b33d82058545b1ed14f4c8206e,android-hw-a51-11-0-aarch64-shippable-qr,amazon-search,True,,,,,,,,,,,,,,,,,,,,,,,,,,,,,,,,,,,,,,,,,,,,,,,,,,TN,,,,,,,,,,
447522180.0,1844840075,2024-02-16 14:55:53,2219.4,313b43f262a908e7e012c7d19f326345a0863bae,1378386,autoland,LastVisualChange,True,amazon-search LastVisualChange opt cold webrender,,77,ms,geckoview,False,|c|o|l|d| |w|e|b|r|e|n|d|e|r|,,4361205,13,8bad20cfa5c21f9f330712163e9ddf6ea850f908,102210fe594ee9b33d82058545b1ed14f4c8206e,android-hw-a51-11-0-aarch64-shippable-qr,amazon-search,True,,,,,,,,,,,,,,,,,,,,,,,,,,,,,,,,,,,,,,,,,,,,,,,,,,TN,,,,,,,,,,
447564983.0,1845032353,2024-02-17 16:55:38,2316.7,2af34b4c9adf8c8defd3251b569af9c38cc0a429,1378583,autoland,LastVisualChange,True,amazon-search LastVisualChange opt cold webrender,,77,ms,geckoview,False,|c|o|l|d| |w|e|b|r|e|n|d|e|r|,,4361205,13,8bad20cfa5c21f9f330712163e9ddf6ea850f908,102210fe594ee9b33d82058545b1ed14f4c8206e,android-hw-a51-11-0-aarch64-shippable-qr,amazon-search,True,,,,,,,,,,,,,,,,,,,,,,,,,,,,,,,,,,,,,,,,,,,,,,,,,,TN,,,,,,,,,,
447595756.0,1845215978,2024-02-19 03:31:58,2265.6,fcdb3e9046c67688b2a5b8aeb6451b081b3b52ea,1378717,autoland,LastVisualChange,True,amazon-search LastVisualChange opt cold webrender,,77,ms,geckoview,False,|c|o|l|d| |w|e|b|r|e|n|d|e|r|,,4361205,13,8bad20cfa5c21f9f330712163e9ddf6ea850f908,102210fe594ee9b33d82058545b1ed14f4c8206e,android-hw-a51-11-0-aarch64-shippable-qr,amazon-search,True,,,,,,,,,,,,,,,,,,,,,,,,,,,,,,,,,,,,,,,,,,,,,,,,,,TN,,,,,,,,,,
447619675.0,1845375722,2024-02-19 10:14:02,2178.9,1dcfa194ad7d005175d431adf6ee3b93c00fb453,1378796,autoland,LastVisualChange,True,amazon-search LastVisualChange opt cold webrender,,77,ms,geckoview,False,|c|o|l|d| |w|e|b|r|e|n|d|e|r|,,4361205,13,8bad20cfa5c21f9f330712163e9ddf6ea850f908,102210fe594ee9b33d82058545b1ed14f4c8206e,android-hw-a51-11-0-aarch64-shippable-qr,amazon-search,True,,,,,,,,,,,,,,,,,,,,,,,,,,,,,,,,,,,,,,,,,,,,,,,,,,TN,,,,,,,,,,
447644881.0,1845397052,2024-02-19 12:40:02,2192.7,ac4ab326e785a5ad42ce51b54749c2bcce394916,1378838,autoland,LastVisualChange,True,amazon-search LastVisualChange opt cold webrender,,77,ms,geckoview,False,|c|o|l|d| |w|e|b|r|e|n|d|e|r|,,4361205,13,8bad20cfa5c21f9f330712163e9ddf6ea850f908,102210fe594ee9b33d82058545b1ed14f4c8206e,android-hw-a51-11-0-aarch64-shippable-qr,amazon-search,True,,,,,,,,,,,,,,,,,,,,,,,,,,,,,,,,,,,,,,,,,,,,,,,,,,TN,,,,,,,,,,
447669111.0,1845457360,2024-02-19 16:50:13,2188.2,bef8b1b461b8524917fc01cd866e903290b1d7f6,1378949,autoland,LastVisualChange,True,amazon-search LastVisualChange opt cold webrender,,77,ms,geckoview,False,|c|o|l|d| |w|e|b|r|e|n|d|e|r|,,4361205,13,8bad20cfa5c21f9f330712163e9ddf6ea850f908,102210fe594ee9b33d82058545b1ed14f4c8206e,android-hw-a51-11-0-aarch64-shippable-qr,amazon-search,True,,,,,,,,,,,,,,,,,,,,,,,,,,,,,,,,,,,,,,,,,,,,,,,,,,TN,,,,,,,,,,
447693644.0,1845550908,2024-02-19 20:56:27,2152.1,2f43b0ae1352efb25f67ffe4f86884c0eb959adb,1379008,autoland,LastVisualChange,True,amazon-search LastVisualChange opt cold webrender,,77,ms,geckoview,False,|c|o|l|d| |w|e|b|r|e|n|d|e|r|,,4361205,13,8bad20cfa5c21f9f330712163e9ddf6ea850f908,102210fe594ee9b33d82058545b1ed14f4c8206e,android-hw-a51-11-0-aarch64-shippable-qr,amazon-search,True,,,,,,,,,,,,,,,,,,,,,,,,,,,,,,,,,,,,,,,,,,,,,,,,,,TN,,,,,,,,,,
447697734.0,1845565288,2024-02-19 22:19:49,2311.1,e9309553f817fa164bde4c229fe12ae51207bed9,1379038,autoland,LastVisualChange,True,amazon-search LastVisualChange opt cold webrender,,77,ms,geckoview,False,|c|o|l|d| |w|e|b|r|e|n|d|e|r|,,4361205,13,8bad20cfa5c21f9f330712163e9ddf6ea850f908,102210fe594ee9b33d82058545b1ed14f4c8206e,android-hw-a51-11-0-aarch64-shippable-qr,amazon-search,True,,,,,,,,,,,,,,,,,,,,,,,,,,,,,,,,,,,,,,,,,,,,,,,,,,TN,,,,,,,,,,
447712997.0,1845616072,2024-02-20 03:01:00,2293.8,ad2add2f3c608b924436c34684c1a775130e74ce,1379095,autoland,LastVisualChange,True,amazon-search LastVisualChange opt cold webrender,,77,ms,geckoview,False,|c|o|l|d| |w|e|b|r|e|n|d|e|r|,,4361205,13,8bad20cfa5c21f9f330712163e9ddf6ea850f908,102210fe594ee9b33d82058545b1ed14f4c8206e,android-hw-a51-11-0-aarch64-shippable-qr,amazon-search,True,,,,,,,,,,,,,,,,,,,,,,,,,,,,,,,,,,,,,,,,,,,,,,,,,,TN,,,,,,,,,,
447728901.0,1845717346,2024-02-20 09:01:06,2314.4,cc3c4937fb69e80b552b61a4f2dfd1405b518d89,1379152,autoland,LastVisualChange,True,amazon-search LastVisualChange opt cold webrender,,77,ms,geckoview,False,|c|o|l|d| |w|e|b|r|e|n|d|e|r|,,4361205,13,8bad20cfa5c21f9f330712163e9ddf6ea850f908,102210fe594ee9b33d82058545b1ed14f4c8206e,android-hw-a51-11-0-aarch64-shippable-qr,amazon-search,True,,,,,,,,,,,,,,,,,,,,,,,,,,,,,,,,,,,,,,,,,,,,,,,,,,TN,,,,,,,,,,
447781390.0,1845923792,2024-02-20 16:46:59,2250.5,0465723cfb4ca46ccf93d696eb564093a1d9f2e6,1379390,autoland,LastVisualChange,True,amazon-search LastVisualChange opt cold webrender,,77,ms,geckoview,False,|c|o|l|d| |w|e|b|r|e|n|d|e|r|,,4361205,13,8bad20cfa5c21f9f330712163e9ddf6ea850f908,102210fe594ee9b33d82058545b1ed14f4c8206e,android-hw-a51-11-0-aarch64-shippable-qr,amazon-search,True,,,,,,,,,,,,,,,,,,,,,,,,,,,,,,,,,,,,,,,,,,,,,,,,,,TN,,,,,,,,,,
447801470.0,1845979949,2024-02-20 20:06:07,2182.6,53f7baad39fc2408bc5c1ab6df97372a395730a4,1379528,autoland,LastVisualChange,True,amazon-search LastVisualChange opt cold webrender,,77,ms,geckoview,False,|c|o|l|d| |w|e|b|r|e|n|d|e|r|,,4361205,13,8bad20cfa5c21f9f330712163e9ddf6ea850f908,102210fe594ee9b33d82058545b1ed14f4c8206e,android-hw-a51-11-0-aarch64-shippable-qr,amazon-search,True,,,,,,,,,,,,,,,,,,,,,,,,,,,,,,,,,,,,,,,,,,,,,,,,,,TN,,,,,,,,,,
447832143.0,1846079039,2024-02-21 00:08:41,2270.2,05e1180d2aa04a8882ff66dfaeeb0705694f7a61,1379609,autoland,LastVisualChange,True,amazon-search LastVisualChange opt cold webrender,,77,ms,geckoview,False,|c|o|l|d| |w|e|b|r|e|n|d|e|r|,,4361205,13,8bad20cfa5c21f9f330712163e9ddf6ea850f908,102210fe594ee9b33d82058545b1ed14f4c8206e,android-hw-a51-11-0-aarch64-shippable-qr,amazon-search,True,,,,,,,,,,,,,,,,,,,,,,,,,,,,,,,,,,,,,,,,,,,,,,,,,,TN,,,,,,,,,,
447832817.0,1846083152,2024-02-21 00:41:01,2173.0,119078d182dd2557cd70eb6933abc1ecfb499edd,1379618,autoland,LastVisualChange,True,amazon-search LastVisualChange opt cold webrender,,77,ms,geckoview,False,|c|o|l|d| |w|e|b|r|e|n|d|e|r|,,4361205,13,8bad20cfa5c21f9f330712163e9ddf6ea850f908,102210fe594ee9b33d82058545b1ed14f4c8206e,android-hw-a51-11-0-aarch64-shippable-qr,amazon-search,True,,,,,,,,,,,,,,,,,,,,,,,,,,,,,,,,,,,,,,,,,,,,,,,,,,TN,,,,,,,,,,
447846496.0,1846156591,2024-02-21 05:21:04,2241.8,714d9f89093457451e3881a56b2477e958b70fe0,1379764,autoland,LastVisualChange,True,amazon-search LastVisualChange opt cold webrender,,77,ms,geckoview,False,|c|o|l|d| |w|e|b|r|e|n|d|e|r|,,4361205,13,8bad20cfa5c21f9f330712163e9ddf6ea850f908,102210fe594ee9b33d82058545b1ed14f4c8206e,android-hw-a51-11-0-aarch64-shippable-qr,amazon-search,True,,,,,,,,,,,,,,,,,,,,,,,,,,,,,,,,,,,,,,,,,,,,,,,,,,TN,,,,,,,,,,
447875977.0,1846295976,2024-02-21 10:11:10,2315.9,764b93d1a22891bddaaec4e5f73836957d938bac,1379832,autoland,LastVisualChange,True,amazon-search LastVisualChange opt cold webrender,,77,ms,geckoview,False,|c|o|l|d| |w|e|b|r|e|n|d|e|r|,,4361205,13,8bad20cfa5c21f9f330712163e9ddf6ea850f908,102210fe594ee9b33d82058545b1ed14f4c8206e,android-hw-a51-11-0-aarch64-shippable-qr,amazon-search,True,,,,,,,,,,,,,,,,,,,,,,,,,,,,,,,,,,,,,,,,,,,,,,,,,,TN,,,,,,,,,,
447877564.0,1846309610,2024-02-21 10:22:21,2155.2,24ffc625c71e9cb6e20c48936ac06da6ec066694,1379838,autoland,LastVisualChange,True,amazon-search LastVisualChange opt cold webrender,,77,ms,geckoview,False,|c|o|l|d| |w|e|b|r|e|n|d|e|r|,,4361205,13,8bad20cfa5c21f9f330712163e9ddf6ea850f908,102210fe594ee9b33d82058545b1ed14f4c8206e,android-hw-a51-11-0-aarch64-shippable-qr,amazon-search,True,,,,,,,,,,,,,,,,,,,,,,,,,,,,,,,,,,,,,,,,,,,,,,,,,,TN,,,,,,,,,,
447915439.0,1846432477,2024-02-21 14:24:58,2266.1,799f79fdcedba2bbccee86179c8b547894a16162,1379926,autoland,LastVisualChange,True,amazon-search LastVisualChange opt cold webrender,,77,ms,geckoview,False,|c|o|l|d| |w|e|b|r|e|n|d|e|r|,,4361205,13,8bad20cfa5c21f9f330712163e9ddf6ea850f908,102210fe594ee9b33d82058545b1ed14f4c8206e,android-hw-a51-11-0-aarch64-shippable-qr,amazon-search,True,,,,,,,,,,,,,,,,,,,,,,,,,,,,,,,,,,,,,,,,,,,,,,,,,,TN,,,,,,,,,,
447923018.0,1846454053,2024-02-21 15:14:56,2139.0,f8dd4015fa59fee3a1a74c00cd2393a9578e49f0,1379958,autoland,LastVisualChange,True,amazon-search LastVisualChange opt cold webrender,,77,ms,geckoview,False,|c|o|l|d| |w|e|b|r|e|n|d|e|r|,,4361205,13,8bad20cfa5c21f9f330712163e9ddf6ea850f908,102210fe594ee9b33d82058545b1ed14f4c8206e,android-hw-a51-11-0-aarch64-shippable-qr,amazon-search,True,,,,,,,,,,,,,,,,,,,,,,,,,,,,,,,,,,,,,,,,,,,,,,,,,,TN,,,,,,,,,,
447962812.0,1846745127,2024-02-21 20:37:48,2261.9,bec4dc4bd9ce0a51dab009936bc838963e3f16b3,1380197,autoland,LastVisualChange,True,amazon-search LastVisualChange opt cold webrender,,77,ms,geckoview,False,|c|o|l|d| |w|e|b|r|e|n|d|e|r|,,4361205,13,8bad20cfa5c21f9f330712163e9ddf6ea850f908,102210fe594ee9b33d82058545b1ed14f4c8206e,android-hw-a51-11-0-aarch64-shippable-qr,amazon-search,True,,,,,,,,,,,,,,,,,,,,,,,,,,,,,,,,,,,,,,,,,,,,,,,,,,TN,,,,,,,,,,
447962742.0,1846733748,2024-02-21 20:47:55,2284.7,31b9ef95a482db91c24a809eb6a64f2c0d7f8f9d,1380210,autoland,LastVisualChange,True,amazon-search LastVisualChange opt cold webrender,,77,ms,geckoview,False,|c|o|l|d| |w|e|b|r|e|n|d|e|r|,,4361205,13,8bad20cfa5c21f9f330712163e9ddf6ea850f908,102210fe594ee9b33d82058545b1ed14f4c8206e,android-hw-a51-11-0-aarch64-shippable-qr,amazon-search,True,,,,,,,,,,,,,,,,,,,,,,,,,,,,,,,,,,,,,,,,,,,,,,,,,,TN,,,,,,,,,,
447993783.0,1846808817,2024-02-22 00:49:41,2270.8,445c60e096fe3cdc8b7169881875c476febfe082,1380338,autoland,LastVisualChange,True,amazon-search LastVisualChange opt cold webrender,,77,ms,geckoview,False,|c|o|l|d| |w|e|b|r|e|n|d|e|r|,,4361205,13,8bad20cfa5c21f9f330712163e9ddf6ea850f908,102210fe594ee9b33d82058545b1ed14f4c8206e,android-hw-a51-11-0-aarch64-shippable-qr,amazon-search,True,,,,,,,,,,,,,,,,,,,,,,,,,,,,,,,,,,,,,,,,,,,,,,,,,,TN,,,,,,,,,,
448003367.0,1846868976,2024-02-22 02:03:24,2181.9,093d37f32ef033aa168508e96b9ec2e753850ccc,1380373,autoland,LastVisualChange,True,amazon-search LastVisualChange opt cold webrender,,77,ms,geckoview,False,|c|o|l|d| |w|e|b|r|e|n|d|e|r|,,4361205,13,8bad20cfa5c21f9f330712163e9ddf6ea850f908,102210fe594ee9b33d82058545b1ed14f4c8206e,android-hw-a51-11-0-aarch64-shippable-qr,amazon-search,True,,,,,,,,,,,,,,,,,,,,,,,,,,,,,,,,,,,,,,,,,,,,,,,,,,TN,,,,,,,,,,
448016596.0,1846941426,2024-02-22 06:55:22,2209.6,e32e8effe8493ec71ad7a3b2b043f7742905b2be,1380445,autoland,LastVisualChange,True,amazon-search LastVisualChange opt cold webrender,,77,ms,geckoview,False,|c|o|l|d| |w|e|b|r|e|n|d|e|r|,,4361205,13,8bad20cfa5c21f9f330712163e9ddf6ea850f908,102210fe594ee9b33d82058545b1ed14f4c8206e,android-hw-a51-11-0-aarch64-shippable-qr,amazon-search,True,,,,,,,,,,,,,,,,,,,,,,,,,,,,,,,,,,,,,,,,,,,,,,,,,,TN,,,,,,,,,,
448045550.0,1847032271,2024-02-22 08:58:43,2278.8,836800665817ebbf328952caef8477f135630733,1380488,autoland,LastVisualChange,True,amazon-search LastVisualChange opt cold webrender,,77,ms,geckoview,False,|c|o|l|d| |w|e|b|r|e|n|d|e|r|,,4361205,13,8bad20cfa5c21f9f330712163e9ddf6ea850f908,102210fe594ee9b33d82058545b1ed14f4c8206e,android-hw-a51-11-0-aarch64-shippable-qr,amazon-search,True,,,,,,,,,,,,,,,,,,,,,,,,,,,,,,,,,,,,,,,,,,,,,,,,,,TN,,,,,,,,,,
448073124.0,1847166542,2024-02-22 12:54:00,2248.3,583b3985eb0c0410cf6ebaf8e2f5c576185726c5,1380594,autoland,LastVisualChange,True,amazon-search LastVisualChange opt cold webrender,,77,ms,geckoview,False,|c|o|l|d| |w|e|b|r|e|n|d|e|r|,,4361205,13,8bad20cfa5c21f9f330712163e9ddf6ea850f908,102210fe594ee9b33d82058545b1ed14f4c8206e,android-hw-a51-11-0-aarch64-shippable-qr,amazon-search,True,,,,,,,,,,,,,,,,,,,,,,,,,,,,,,,,,,,,,,,,,,,,,,,,,,TN,,,,,,,,,,
448098204.0,1847261399,2024-02-22 16:54:14,2211.4,51ea0932b27ba455533226277e6c6deeb38a8fd4,1380794,autoland,LastVisualChange,True,amazon-search LastVisualChange opt cold webrender,,77,ms,geckoview,False,|c|o|l|d| |w|e|b|r|e|n|d|e|r|,,4361205,13,8bad20cfa5c21f9f330712163e9ddf6ea850f908,102210fe594ee9b33d82058545b1ed14f4c8206e,android-hw-a51-11-0-aarch64-shippable-qr,amazon-search,True,,,,,,,,,,,,,,,,,,,,,,,,,,,,,,,,,,,,,,,,,,,,,,,,,,TN,,,,,,,,,,
448100600.0,1847269870,2024-02-22 17:17:40,2216.6,aac0a57bd987ca0633e2f48ca37f8564344749b9,1380806,autoland,LastVisualChange,True,amazon-search LastVisualChange opt cold webrender,,77,ms,geckoview,False,|c|o|l|d| |w|e|b|r|e|n|d|e|r|,,4361205,13,8bad20cfa5c21f9f330712163e9ddf6ea850f908,102210fe594ee9b33d82058545b1ed14f4c8206e,android-hw-a51-11-0-aarch64-shippable-qr,amazon-search,True,,,,,,,,,,,,,,,,,,,,,,,,,,,,,,,,,,,,,,,,,,,,,,,,,,TN,,,,,,,,,,
448136999.0,1847391141,2024-02-22 21:59:43,2223.2,1b60bca1b546c120891a0263bcdf7757d75178bc,1380998,autoland,LastVisualChange,True,amazon-search LastVisualChange opt cold webrender,,77,ms,geckoview,False,|c|o|l|d| |w|e|b|r|e|n|d|e|r|,,4361205,13,8bad20cfa5c21f9f330712163e9ddf6ea850f908,102210fe594ee9b33d82058545b1ed14f4c8206e,android-hw-a51-11-0-aarch64-shippable-qr,amazon-search,True,,,,,,,,,,,,,,,,,,,,,,,,,,,,,,,,,,,,,,,,,,,,,,,,,,TN,,,,,,,,,,
448137402.0,1847416309,2024-02-22 22:05:44,2246.1,3157eece201c15988ff693f9746bc767ad633fa8,1381007,autoland,LastVisualChange,True,amazon-search LastVisualChange opt cold webrender,,77,ms,geckoview,False,|c|o|l|d| |w|e|b|r|e|n|d|e|r|,,4361205,13,8bad20cfa5c21f9f330712163e9ddf6ea850f908,102210fe594ee9b33d82058545b1ed14f4c8206e,android-hw-a51-11-0-aarch64-shippable-qr,amazon-search,True,,,,,,,,,,,,,,,,,,,,,,,,,,,,,,,,,,,,,,,,,,,,,,,,,,TN,,,,,,,,,,
448163898.0,1847565828,2024-02-23 03:42:44,2195.0,90d2dd7d6b48918404ecc4906e62fa106b4238a9,1381156,autoland,LastVisualChange,True,amazon-search LastVisualChange opt cold webrender,,77,ms,geckoview,False,|c|o|l|d| |w|e|b|r|e|n|d|e|r|,,4361205,13,8bad20cfa5c21f9f330712163e9ddf6ea850f908,102210fe594ee9b33d82058545b1ed14f4c8206e,android-hw-a51-11-0-aarch64-shippable-qr,amazon-search,True,,,,,,,,,,,,,,,,,,,,,,,,,,,,,,,,,,,,,,,,,,,,,,,,,,TN,,,,,,,,,,
448177918.0,1847638992,2024-02-23 07:23:44,2218.0,21d2a36f8f072b9b57adbeb73eca449f62093ca3,1381206,autoland,LastVisualChange,True,amazon-search LastVisualChange opt cold webrender,,77,ms,geckoview,False,|c|o|l|d| |w|e|b|r|e|n|d|e|r|,,4361205,13,8bad20cfa5c21f9f330712163e9ddf6ea850f908,102210fe594ee9b33d82058545b1ed14f4c8206e,android-hw-a51-11-0-aarch64-shippable-qr,amazon-search,True,,,,,,,,,,,,,,,,,,,,,,,,,,,,,,,,,,,,,,,,,,,,,,,,,,TN,,,,,,,,,,
448219093.0,1847761634,2024-02-23 12:03:57,2275.1,75e12d12d89c2d79200c0057830f9e0c37f973f5,1381319,autoland,LastVisualChange,True,amazon-search LastVisualChange opt cold webrender,,77,ms,geckoview,False,|c|o|l|d| |w|e|b|r|e|n|d|e|r|,,4361205,13,8bad20cfa5c21f9f330712163e9ddf6ea850f908,102210fe594ee9b33d82058545b1ed14f4c8206e,android-hw-a51-11-0-aarch64-shippable-qr,amazon-search,True,,,,,,,,,,,,,,,,,,,,,,,,,,,,,,,,,,,,,,,,,,,,,,,,,,TN,,,,,,,,,,
448241723.0,1847873122,2024-02-23 15:17:21,2159.1,e2c67ce1b79f08538c8f70b2089d860802aa289e,1381416,autoland,LastVisualChange,True,amazon-search LastVisualChange opt cold webrender,,77,ms,geckoview,False,|c|o|l|d| |w|e|b|r|e|n|d|e|r|,,4361205,13,8bad20cfa5c21f9f330712163e9ddf6ea850f908,102210fe594ee9b33d82058545b1ed14f4c8206e,android-hw-a51-11-0-aarch64-shippable-qr,amazon-search,True,,,,,,,,,,,,,,,,,,,,,,,,,,,,,,,,,,,,,,,,,,,,,,,,,,TN,,,,,,,,,,
448264852.0,1847972290,2024-02-23 18:14:32,2265.0,dccf526bcc0afbf9f7abd33abff453ced5a76335,1381598,autoland,LastVisualChange,True,amazon-search LastVisualChange opt cold webrender,,77,ms,geckoview,False,|c|o|l|d| |w|e|b|r|e|n|d|e|r|,,4361205,13,8bad20cfa5c21f9f330712163e9ddf6ea850f908,102210fe594ee9b33d82058545b1ed14f4c8206e,android-hw-a51-11-0-aarch64-shippable-qr,amazon-search,True,,,,,,,,,,,,,,,,,,,,,,,,,,,,,,,,,,,,,,,,,,,,,,,,,,TN,,,,,,,,,,
448298026.0,1848070264,2024-02-23 22:24:23,2232.9,8c239bb8c3fa84633497932b3d3a1d566f9e7581,1381790,autoland,LastVisualChange,True,amazon-search LastVisualChange opt cold webrender,,77,ms,geckoview,False,|c|o|l|d| |w|e|b|r|e|n|d|e|r|,,4361205,13,8bad20cfa5c21f9f330712163e9ddf6ea850f908,102210fe594ee9b33d82058545b1ed14f4c8206e,android-hw-a51-11-0-aarch64-shippable-qr,amazon-search,True,,,,,,,,,,,,,,,,,,,,,,,,,,,,,,,,,,,,,,,,,,,,,,,,,,TN,,,,,,,,,,
448300438.0,1848074372,2024-02-23 22:37:13,2248.4,fc1f91bbfd85565b6b9a06155b3d750dc17812f0,1381800,autoland,LastVisualChange,True,amazon-search LastVisualChange opt cold webrender,,77,ms,geckoview,False,|c|o|l|d| |w|e|b|r|e|n|d|e|r|,,4361205,13,8bad20cfa5c21f9f330712163e9ddf6ea850f908,102210fe594ee9b33d82058545b1ed14f4c8206e,android-hw-a51-11-0-aarch64-shippable-qr,amazon-search,True,,,,,,,,,,,,,,,,,,,,,,,,,,,,,,,,,,,,,,,,,,,,,,,,,,TN,,,,,,,,,,
448316381.0,1848178193,2024-02-24 03:17:09,2332.0,504cbf2189790d36f74d4fc454949d0c55a40c37,1381876,autoland,LastVisualChange,True,amazon-search LastVisualChange opt cold webrender,,77,ms,geckoview,False,|c|o|l|d| |w|e|b|r|e|n|d|e|r|,,4361205,13,8bad20cfa5c21f9f330712163e9ddf6ea850f908,102210fe594ee9b33d82058545b1ed14f4c8206e,android-hw-a51-11-0-aarch64-shippable-qr,amazon-search,True,,,,,,,,,,,,,,,,,,,,,,,,,,,,,,,,,,,,,,,,,,,,,,,,,,TN,,,,,,,,,,
448327858.0,1848242396,2024-02-24 08:59:15,2208.8,f571738470f98e8161bf79b269e333053dca32c4,1381906,autoland,LastVisualChange,True,amazon-search LastVisualChange opt cold webrender,,77,ms,geckoview,False,|c|o|l|d| |w|e|b|r|e|n|d|e|r|,,4361205,13,8bad20cfa5c21f9f330712163e9ddf6ea850f908,102210fe594ee9b33d82058545b1ed14f4c8206e,android-hw-a51-11-0-aarch64-shippable-qr,amazon-search,True,,,,,,,,,,,,,,,,,,,,,,,,,,,,,,,,,,,,,,,,,,,,,,,,,,TN,,,,,,,,,,
448354232.0,1848321893,2024-02-24 18:15:08,2205.6,fb873ef9e164e2ac423d266870ce82445945de97,1381948,autoland,LastVisualChange,True,amazon-search LastVisualChange opt cold webrender,,77,ms,geckoview,False,|c|o|l|d| |w|e|b|r|e|n|d|e|r|,,4361205,13,8bad20cfa5c21f9f330712163e9ddf6ea850f908,102210fe594ee9b33d82058545b1ed14f4c8206e,android-hw-a51-11-0-aarch64-shippable-qr,amazon-search,True,,,,,,,,,,,,,,,,,,,,,,,,,,,,,,,,,,,,,,,,,,,,,,,,,,TN,,,,,,,,,,
448375299.0,1848386198,2024-02-25 01:06:55,2334.2,fedd91b7af1e6b3c4a7d6f58b8bce94d55eb9d74,1381999,autoland,LastVisualChange,True,amazon-search LastVisualChange opt cold webrender,,77,ms,geckoview,False,|c|o|l|d| |w|e|b|r|e|n|d|e|r|,,4361205,13,8bad20cfa5c21f9f330712163e9ddf6ea850f908,102210fe594ee9b33d82058545b1ed14f4c8206e,android-hw-a51-11-0-aarch64-shippable-qr,amazon-search,True,,,,,,,,,,,,,,,,,,,,,,,,,,,,,,,,,,,,,,,,,,,,,,,,,,TN,,,,,,,,,,
448413297.0,1848511138,2024-02-26 01:39:06,2360.9,689cf8cf7e6b9b9ee5e599a77325de05487a5eed,1382090,autoland,LastVisualChange,True,amazon-search LastVisualChange opt cold webrender,,77,ms,geckoview,False,|c|o|l|d| |w|e|b|r|e|n|d|e|r|,,4361205,13,8bad20cfa5c21f9f330712163e9ddf6ea850f908,102210fe594ee9b33d82058545b1ed14f4c8206e,android-hw-a51-11-0-aarch64-shippable-qr,amazon-search,True,,,,,,,,,,,,,,,,,,,,,,,,,,,,,,,,,,,,,,,,,,,,,,,,,,TN,,,,,,,,,,
448449048.0,1848665922,2024-02-26 10:31:50,2238.5,8268ce246a04145ed6598e99b5d061a4e1ee3ca6,1382207,autoland,LastVisualChange,True,amazon-search LastVisualChange opt cold webrender,,77,ms,geckoview,False,|c|o|l|d| |w|e|b|r|e|n|d|e|r|,,4361205,13,8bad20cfa5c21f9f330712163e9ddf6ea850f908,102210fe594ee9b33d82058545b1ed14f4c8206e,android-hw-a51-11-0-aarch64-shippable-qr,amazon-search,True,,,,,,,,,,,,,,,,,,,,,,,,,,,,,,,,,,,,,,,,,,,,,,,,,,TN,,,,,,,,,,
448486399.0,1848781569,2024-02-26 14:40:18,2260.6,a5c1fbe78e431fe4a1db712f75edb33f6fd668e4,1382307,autoland,LastVisualChange,True,amazon-search LastVisualChange opt cold webrender,,77,ms,geckoview,False,|c|o|l|d| |w|e|b|r|e|n|d|e|r|,,4361205,13,8bad20cfa5c21f9f330712163e9ddf6ea850f908,102210fe594ee9b33d82058545b1ed14f4c8206e,android-hw-a51-11-0-aarch64-shippable-qr,amazon-search,True,,,,,,,,,,,,,,,,,,,,,,,,,,,,,,,,,,,,,,,,,,,,,,,,,,TN,,,,,,,,,,
448492690.0,1848795872,2024-02-26 15:06:28,2211.0,621c8480cd3562f3f61966b4219a0335ce72f698,1382323,autoland,LastVisualChange,True,amazon-search LastVisualChange opt cold webrender,,77,ms,geckoview,False,|c|o|l|d| |w|e|b|r|e|n|d|e|r|,,4361205,13,8bad20cfa5c21f9f330712163e9ddf6ea850f908,102210fe594ee9b33d82058545b1ed14f4c8206e,android-hw-a51-11-0-aarch64-shippable-qr,amazon-search,True,,,,,,,,,,,,,,,,,,,,,,,,,,,,,,,,,,,,,,,,,,,,,,,,,,TN,,,,,,,,,,
448511933.0,1848884657,2024-02-26 18:24:43,2253.0,b26d4c8d5e44cc544e259f32a62382902af6f7ff,1382496,autoland,LastVisualChange,True,amazon-search LastVisualChange opt cold webrender,,77,ms,geckoview,False,|c|o|l|d| |w|e|b|r|e|n|d|e|r|,,4361205,13,8bad20cfa5c21f9f330712163e9ddf6ea850f908,102210fe594ee9b33d82058545b1ed14f4c8206e,android-hw-a51-11-0-aarch64-shippable-qr,amazon-search,True,,,,,,,,,,,,,,,,,,,,,,,,,,,,,,,,,,,,,,,,,,,,,,,,,,TN,,,,,,,,,,
448544964.0,1848978659,2024-02-26 22:27:48,2206.7,2bd01d77bc4d2a1ad705bb1ecb8e793864a737ee,1382641,autoland,LastVisualChange,True,amazon-search LastVisualChange opt cold webrender,,77,ms,geckoview,False,|c|o|l|d| |w|e|b|r|e|n|d|e|r|,,4361205,13,8bad20cfa5c21f9f330712163e9ddf6ea850f908,102210fe594ee9b33d82058545b1ed14f4c8206e,android-hw-a51-11-0-aarch64-shippable-qr,amazon-search,True,,,,,,,,,,,,,,,,,,,,,,,,,,,,,,,,,,,,,,,,,,,,,,,,,,TN,,,,,,,,,,
448548812.0,1849012733,2024-02-26 22:53:03,2206.8,9fbcc8f23c0b7543b9146f0d90dd58ce36d32898,1382666,autoland,LastVisualChange,True,amazon-search LastVisualChange opt cold webrender,,77,ms,geckoview,False,|c|o|l|d| |w|e|b|r|e|n|d|e|r|,,4361205,13,8bad20cfa5c21f9f330712163e9ddf6ea850f908,102210fe594ee9b33d82058545b1ed14f4c8206e,android-hw-a51-11-0-aarch64-shippable-qr,amazon-search,True,,,,,,,,,,,,,,,,,,,,,,,,,,,,,,,,,,,,,,,,,,,,,,,,,,TN,,,,,,,,,,
448573606.0,1849119076,2024-02-27 03:06:58,2133.0,74094dc4022c8437eb87a7e25bf6433fb07a7fbb,1382765,autoland,LastVisualChange,True,amazon-search LastVisualChange opt cold webrender,,77,ms,geckoview,False,|c|o|l|d| |w|e|b|r|e|n|d|e|r|,,4361205,13,8bad20cfa5c21f9f330712163e9ddf6ea850f908,102210fe594ee9b33d82058545b1ed14f4c8206e,android-hw-a51-11-0-aarch64-shippable-qr,amazon-search,True,,,,,,,,,,,,,,,,,,,,,,,,,,,,,,,,,,,,,,,,,,,,,,,,,,TN,,,,,,,,,,
448609303.0,1849336431,2024-02-27 10:31:28,2301.0,f0fd4d27a58991220e91d1c086442a03b0a52117,1382887,autoland,LastVisualChange,True,amazon-search LastVisualChange opt cold webrender,,77,ms,geckoview,False,|c|o|l|d| |w|e|b|r|e|n|d|e|r|,,4361205,13,8bad20cfa5c21f9f330712163e9ddf6ea850f908,102210fe594ee9b33d82058545b1ed14f4c8206e,android-hw-a51-11-0-aarch64-shippable-qr,amazon-search,True,,,,,,,,,,,,,,,,,,,,,,,,,,,,,,,,,,,,,,,,,,,,,,,,,,TN,,,,,,,,,,
448640960.0,1849418784,2024-02-27 13:59:53,2255.4,32acc4e2db50b53733cfcf554a308ccc986925b5,1383025,autoland,LastVisualChange,True,amazon-search LastVisualChange opt cold webrender,,77,ms,geckoview,False,|c|o|l|d| |w|e|b|r|e|n|d|e|r|,,4361205,13,8bad20cfa5c21f9f330712163e9ddf6ea850f908,102210fe594ee9b33d82058545b1ed14f4c8206e,android-hw-a51-11-0-aarch64-shippable-qr,amazon-search,True,,,,,,,,,,,,,,,,,,,,,,,,,,,,,,,,,,,,,,,,,,,,,,,,,,TN,,,,,,,,,,
448676326.0,1849550361,2024-02-27 19:00:03,2183.7,149f61eecb69d6cf570be79260785c5b4a42e516,1383277,autoland,LastVisualChange,True,amazon-search LastVisualChange opt cold webrender,,77,ms,geckoview,False,|c|o|l|d| |w|e|b|r|e|n|d|e|r|,,4361205,13,8bad20cfa5c21f9f330712163e9ddf6ea850f908,102210fe594ee9b33d82058545b1ed14f4c8206e,android-hw-a51-11-0-aarch64-shippable-qr,amazon-search,True,,,,,,,,,,,,,,,,,,,,,,,,,,,,,,,,,,,,,,,,,,,,,,,,,,TN,,,,,,,,,,
448704349.0,1849649467,2024-02-27 23:02:29,2330.3,06645f775e47ea71f6dfa2daff5411ab31c5a629,1383416,autoland,LastVisualChange,True,amazon-search LastVisualChange opt cold webrender,,77,ms,geckoview,False,|c|o|l|d| |w|e|b|r|e|n|d|e|r|,,4361205,13,8bad20cfa5c21f9f330712163e9ddf6ea850f908,102210fe594ee9b33d82058545b1ed14f4c8206e,android-hw-a51-11-0-aarch64-shippable-qr,amazon-search,True,,,,,,,,,,,,,,,,,,,,,,,,,,,,,,,,,,,,,,,,,,,,,,,,,,TN,,,,,,,,,,
448706165.0,1849672903,2024-02-27 23:18:10,2160.5,c2895c7db175458e315a65fd8d5e9385e60a76d3,1383436,autoland,LastVisualChange,True,amazon-search LastVisualChange opt cold webrender,,77,ms,geckoview,False,|c|o|l|d| |w|e|b|r|e|n|d|e|r|,,4361205,13,8bad20cfa5c21f9f330712163e9ddf6ea850f908,102210fe594ee9b33d82058545b1ed14f4c8206e,android-hw-a51-11-0-aarch64-shippable-qr,amazon-search,True,,,,,,,,,,,,,,,,,,,,,,,,,,,,,,,,,,,,,,,,,,,,,,,,,,TN,,,,,,,,,,
448725559.0,1849763714,2024-02-28 03:31:31,2190.9,41ceb034dc709c821d837a321d2c5fb944bd4231,1383545,autoland,LastVisualChange,True,amazon-search LastVisualChange opt cold webrender,,77,ms,geckoview,False,|c|o|l|d| |w|e|b|r|e|n|d|e|r|,,4361205,13,8bad20cfa5c21f9f330712163e9ddf6ea850f908,102210fe594ee9b33d82058545b1ed14f4c8206e,android-hw-a51-11-0-aarch64-shippable-qr,amazon-search,True,,,,,,,,,,,,,,,,,,,,,,,,,,,,,,,,,,,,,,,,,,,,,,,,,,TN,,,,,,,,,,
448741665.0,1849817454,2024-02-28 07:34:11,2175.3,710f48d1638d076913089bfa3978b6a1efc1d842,1383600,autoland,LastVisualChange,True,amazon-search LastVisualChange opt cold webrender,,77,ms,geckoview,False,|c|o|l|d| |w|e|b|r|e|n|d|e|r|,,4361205,13,8bad20cfa5c21f9f330712163e9ddf6ea850f908,102210fe594ee9b33d82058545b1ed14f4c8206e,android-hw-a51-11-0-aarch64-shippable-qr,amazon-search,True,,,,,,,,,,,,,,,,,,,,,,,,,,,,,,,,,,,,,,,,,,,,,,,,,,TN,,,,,,,,,,
448744442.0,1849830967,2024-02-28 08:18:18,2215.8,85f3a9a2a4155f207064d78c57f79611f7332287,1383612,autoland,LastVisualChange,True,amazon-search LastVisualChange opt cold webrender,,77,ms,geckoview,False,|c|o|l|d| |w|e|b|r|e|n|d|e|r|,,4361205,13,8bad20cfa5c21f9f330712163e9ddf6ea850f908,102210fe594ee9b33d82058545b1ed14f4c8206e,android-hw-a51-11-0-aarch64-shippable-qr,amazon-search,True,,,,,,,,,,,,,,,,,,,,,,,,,,,,,,,,,,,,,,,,,,,,,,,,,,TN,,,,,,,,,,
448793592.0,1849988950,2024-02-28 12:53:19,2228.9,2356949f5c6d9a4f229d012051bac51b3eb83aec,1383715,autoland,LastVisualChange,True,amazon-search LastVisualChange opt cold webrender,,77,ms,geckoview,False,|c|o|l|d| |w|e|b|r|e|n|d|e|r|,,4361205,13,8bad20cfa5c21f9f330712163e9ddf6ea850f908,102210fe594ee9b33d82058545b1ed14f4c8206e,android-hw-a51-11-0-aarch64-shippable-qr,amazon-search,True,,,,,,,,,,,,,,,,,,,,,,,,,,,,,,,,,,,,,,,,,,,,,,,,,,TN,,,,,,,,,,
448799826.0,1850017038,2024-02-28 14:06:22,2224.0,6583cb878dec05576053eaa9368a4eb5bbbbbedc,1383751,autoland,LastVisualChange,True,amazon-search LastVisualChange opt cold webrender,,77,ms,geckoview,False,|c|o|l|d| |w|e|b|r|e|n|d|e|r|,,4361205,13,8bad20cfa5c21f9f330712163e9ddf6ea850f908,102210fe594ee9b33d82058545b1ed14f4c8206e,android-hw-a51-11-0-aarch64-shippable-qr,amazon-search,True,,,,,,,,,,,,,,,,,,,,,,,,,,,,,,,,,,,,,,,,,,,,,,,,,,TN,,,,,,,,,,
448824203.0,1850126669,2024-02-28 17:56:27,2213.7,32ca524f7abf0664a2f0d882868c3e913297f446,1383890,autoland,LastVisualChange,True,amazon-search LastVisualChange opt cold webrender,,77,ms,geckoview,False,|c|o|l|d| |w|e|b|r|e|n|d|e|r|,,4361205,13,8bad20cfa5c21f9f330712163e9ddf6ea850f908,102210fe594ee9b33d82058545b1ed14f4c8206e,android-hw-a51-11-0-aarch64-shippable-qr,amazon-search,True,,,,,,,,,,,,,,,,,,,,,,,,,,,,,,,,,,,,,,,,,,,,,,,,,,TN,,,,,,,,,,
448872484.0,1850279054,2024-02-28 20:42:42,2243.2,da466faa7aee60bdeeca32b0767a1f0b9b964272,1384009,autoland,LastVisualChange,True,amazon-search LastVisualChange opt cold webrender,,77,ms,geckoview,False,|c|o|l|d| |w|e|b|r|e|n|d|e|r|,,4361205,13,8bad20cfa5c21f9f330712163e9ddf6ea850f908,102210fe594ee9b33d82058545b1ed14f4c8206e,android-hw-a51-11-0-aarch64-shippable-qr,amazon-search,True,,,,,,,,,,,,,,,,,,,,,,,,,,,,,,,,,,,,,,,,,,,,,,,,,,TN,,,,,,,,,,
448899625.0,1850370240,2024-02-29 00:51:41,2158.7,cbef4527f79aadfe5c4dd940effe9b01df8734b1,1384174,autoland,LastVisualChange,True,amazon-search LastVisualChange opt cold webrender,,77,ms,geckoview,False,|c|o|l|d| |w|e|b|r|e|n|d|e|r|,,4361205,13,8bad20cfa5c21f9f330712163e9ddf6ea850f908,102210fe594ee9b33d82058545b1ed14f4c8206e,android-hw-a51-11-0-aarch64-shippable-qr,amazon-search,True,,,,,,,,,,,,,,,,,,,,,,,,,,,,,,,,,,,,,,,,,,,,,,,,,,TN,,,,,,,,,,
448897877.0,1850358596,2024-02-29 01:20:40,2261.8,f21a5f54b6ecffa5b49d4944c32c752ea622e3c6,1384182,autoland,LastVisualChange,True,amazon-search LastVisualChange opt cold webrender,,77,ms,geckoview,False,|c|o|l|d| |w|e|b|r|e|n|d|e|r|,,4361205,13,8bad20cfa5c21f9f330712163e9ddf6ea850f908,102210fe594ee9b33d82058545b1ed14f4c8206e,android-hw-a51-11-0-aarch64-shippable-qr,amazon-search,True,,,,,,,,,,,,,,,,,,,,,,,,,,,,,,,,,,,,,,,,,,,,,,,,,,TN,,,,,,,,,,
448922562.0,1850492966,2024-02-29 06:49:17,2256.1,bb7b045d24f7773df5e27742496f2c0bb95d780f,1384273,autoland,LastVisualChange,True,amazon-search LastVisualChange opt cold webrender,,77,ms,geckoview,False,|c|o|l|d| |w|e|b|r|e|n|d|e|r|,,4361205,13,8bad20cfa5c21f9f330712163e9ddf6ea850f908,102210fe594ee9b33d82058545b1ed14f4c8206e,android-hw-a51-11-0-aarch64-shippable-qr,amazon-search,True,,,,,,,,,,,,,,,,,,,,,,,,,,,,,,,,,,,,,,,,,,,,,,,,,,TN,,,,,,,,,,
448945457.0,1850620025,2024-02-29 10:50:05,2292.0,fbb087d5e5b8af76523b084cba81dc1be84c7fb4,1384399,autoland,LastVisualChange,True,amazon-search LastVisualChange opt cold webrender,,77,ms,geckoview,False,|c|o|l|d| |w|e|b|r|e|n|d|e|r|,,4361205,13,8bad20cfa5c21f9f330712163e9ddf6ea850f908,102210fe594ee9b33d82058545b1ed14f4c8206e,android-hw-a51-11-0-aarch64-shippable-qr,amazon-search,True,,,,,,,,,,,,,,,,,,,,,,,,,,,,,,,,,,,,,,,,,,,,,,,,,,TN,,,,,,,,,,
448967410.0,1850772480,2024-02-29 13:22:41,2254.6,42781edfbf79030ca8e6f7c1584ebfc2bd31935c,1384414,autoland,LastVisualChange,True,amazon-search LastVisualChange opt cold webrender,,77,ms,geckoview,False,|c|o|l|d| |w|e|b|r|e|n|d|e|r|,,4361205,13,8bad20cfa5c21f9f330712163e9ddf6ea850f908,102210fe594ee9b33d82058545b1ed14f4c8206e,android-hw-a51-11-0-aarch64-shippable-qr,amazon-search,True,,,,,,,,,,,,,,,,,,,,,,,,,,,,,,,,,,,,,,,,,,,,,,,,,,TN,,,,,,,,,,
448997843.0,1850888895,2024-02-29 17:24:54,2186.7,4b82553ad6abc0079d2d7a0642c099ca93d1d156,1384673,autoland,LastVisualChange,True,amazon-search LastVisualChange opt cold webrender,,77,ms,geckoview,False,|c|o|l|d| |w|e|b|r|e|n|d|e|r|,,4361205,13,8bad20cfa5c21f9f330712163e9ddf6ea850f908,102210fe594ee9b33d82058545b1ed14f4c8206e,android-hw-a51-11-0-aarch64-shippable-qr,amazon-search,True,,,,,,,,,,,,,,,,,,,,,,,,,,,,,,,,,,,,,,,,,,,,,,,,,,TN,,,,,,,,,,
448997770.0,1850882681,2024-02-29 17:36:34,2245.2,636cf8095a0f42555363480bc387b9a5aad03efe,1384681,autoland,LastVisualChange,True,amazon-search LastVisualChange opt cold webrender,,77,ms,geckoview,False,|c|o|l|d| |w|e|b|r|e|n|d|e|r|,,4361205,13,8bad20cfa5c21f9f330712163e9ddf6ea850f908,102210fe594ee9b33d82058545b1ed14f4c8206e,android-hw-a51-11-0-aarch64-shippable-qr,amazon-search,True,,,,,,,,,,,,,,,,,,,,,,,,,,,,,,,,,,,,,,,,,,,,,,,,,,TN,,,,,,,,,,
449026038.0,1851005441,2024-02-29 21:50:05,2197.7,1a461feeeb4e7725855a242023e45625b9bddae4,1384804,autoland,LastVisualChange,True,amazon-search LastVisualChange opt cold webrender,,77,ms,geckoview,False,|c|o|l|d| |w|e|b|r|e|n|d|e|r|,,4361205,13,8bad20cfa5c21f9f330712163e9ddf6ea850f908,102210fe594ee9b33d82058545b1ed14f4c8206e,android-hw-a51-11-0-aarch64-shippable-qr,amazon-search,True,,,,,,,,,,,,,,,,,,,,,,,,,,,,,,,,,,,,,,,,,,,,,,,,,,TN,,,,,,,,,,
449031125.0,1851030745,2024-02-29 21:57:41,2288.9,415f94176c1508d1acb91186346a42009b378ca7,1384812,autoland,LastVisualChange,True,amazon-search LastVisualChange opt cold webrender,,77,ms,geckoview,False,|c|o|l|d| |w|e|b|r|e|n|d|e|r|,,4361205,13,8bad20cfa5c21f9f330712163e9ddf6ea850f908,102210fe594ee9b33d82058545b1ed14f4c8206e,android-hw-a51-11-0-aarch64-shippable-qr,amazon-search,True,,,,,,,,,,,,,,,,,,,,,,,,,,,,,,,,,,,,,,,,,,,,,,,,,,TN,,,,,,,,,,
449055073.0,1851111788,2024-03-01 02:06:20,2261.0,3ed1cc3830b2bb116e2875dedadc6ea20235768a,1385033,autoland,LastVisualChange,True,amazon-search LastVisualChange opt cold webrender,,77,ms,geckoview,False,|c|o|l|d| |w|e|b|r|e|n|d|e|r|,,4361205,13,8bad20cfa5c21f9f330712163e9ddf6ea850f908,102210fe594ee9b33d82058545b1ed14f4c8206e,android-hw-a51-11-0-aarch64-shippable-qr,amazon-search,True,,,,,,,,,,,,,,,,,,,,,,,,,,,,,,,,,,,,,,,,,,,,,,,,,,TN,,,,,,,,,,
449054746.0,1851101443,2024-03-01 02:09:48,2229.0,c726403b9a5aaed84563fd210952c3858369c756,1385038,autoland,LastVisualChange,True,amazon-search LastVisualChange opt cold webrender,,77,ms,geckoview,False,|c|o|l|d| |w|e|b|r|e|n|d|e|r|,,4361205,13,8bad20cfa5c21f9f330712163e9ddf6ea850f908,102210fe594ee9b33d82058545b1ed14f4c8206e,android-hw-a51-11-0-aarch64-shippable-qr,amazon-search,True,,,,,,,,,,,,,,,,,,,,,,,,,,,,,,,,,,,,,,,,,,,,,,,,,,TN,,,,,,,,,,
449104015.0,1851319649,2024-03-01 11:09:10,2241.3,b921bb1aee11c101ece321f78bcc56942889bac9,1385336,autoland,LastVisualChange,True,amazon-search LastVisualChange opt cold webrender,,77,ms,geckoview,False,|c|o|l|d| |w|e|b|r|e|n|d|e|r|,,4361205,13,8bad20cfa5c21f9f330712163e9ddf6ea850f908,102210fe594ee9b33d82058545b1ed14f4c8206e,android-hw-a51-11-0-aarch64-shippable-qr,amazon-search,True,,,,,,,,,,,,,,,,,,,,,,,,,,,,,,,,,,,,,,,,,,,,,,,,,,TN,,,,,,,,,,
449143763.0,1851468097,2024-03-01 15:15:21,2153.8,ab2f491c1f6a1907e3cd7de371a27940c1b7ae66,1385464,autoland,LastVisualChange,True,amazon-search LastVisualChange opt cold webrender,,77,ms,geckoview,False,|c|o|l|d| |w|e|b|r|e|n|d|e|r|,,4361205,13,8bad20cfa5c21f9f330712163e9ddf6ea850f908,102210fe594ee9b33d82058545b1ed14f4c8206e,android-hw-a51-11-0-aarch64-shippable-qr,amazon-search,True,,,,,,,,,,,,,,,,,,,,,,,,,,,,,,,,,,,,,,,,,,,,,,,,,,TN,,,,,,,,,,
449143721.0,1851459218,2024-03-01 15:18:33,2247.8,179ceb82c9e5e6619e0a43e7c9a8682bff1f55ac,1385469,autoland,LastVisualChange,True,amazon-search LastVisualChange opt cold webrender,,77,ms,geckoview,False,|c|o|l|d| |w|e|b|r|e|n|d|e|r|,,4361205,13,8bad20cfa5c21f9f330712163e9ddf6ea850f908,102210fe594ee9b33d82058545b1ed14f4c8206e,android-hw-a51-11-0-aarch64-shippable-qr,amazon-search,True,,,,,,,,,,,,,,,,,,,,,,,,,,,,,,,,,,,,,,,,,,,,,,,,,,TN,,,,,,,,,,
449170215.0,1851536374,2024-03-01 19:33:22,2196.6,c12ee5058abff427e2fd65f86c453b2c0ef5c315,1385653,autoland,LastVisualChange,True,amazon-search LastVisualChange opt cold webrender,,77,ms,geckoview,False,|c|o|l|d| |w|e|b|r|e|n|d|e|r|,,4361205,13,8bad20cfa5c21f9f330712163e9ddf6ea850f908,102210fe594ee9b33d82058545b1ed14f4c8206e,android-hw-a51-11-0-aarch64-shippable-qr,amazon-search,True,,,,,,,,,,,,,,,,,,,,,,,,,,,,,,,,,,,,,,,,,,,,,,,,,,TN,,,,,,,,,,
449198291.0,1851661435,2024-03-02 08:44:09,2367.8,ac7b674e512d88788161e657fbc3371b8d955c65,1385889,autoland,LastVisualChange,True,amazon-search LastVisualChange opt cold webrender,,77,ms,geckoview,False,|c|o|l|d| |w|e|b|r|e|n|d|e|r|,,4361205,13,8bad20cfa5c21f9f330712163e9ddf6ea850f908,102210fe594ee9b33d82058545b1ed14f4c8206e,android-hw-a51-11-0-aarch64-shippable-qr,amazon-search,True,,,,,,,,,,,,,,,,,,,,,,,,,,,,,,,,,,,,,,,,,,,,,,,,,,TN,,,,,,,,,,
449220377.0,1851758776,2024-03-02 12:50:07,2290.0,6263d391d703f61cfd3ddbb3791adc628a603520,1385922,autoland,LastVisualChange,True,amazon-search LastVisualChange opt cold webrender,,77,ms,geckoview,False,|c|o|l|d| |w|e|b|r|e|n|d|e|r|,,4361205,13,8bad20cfa5c21f9f330712163e9ddf6ea850f908,102210fe594ee9b33d82058545b1ed14f4c8206e,android-hw-a51-11-0-aarch64-shippable-qr,amazon-search,True,,,,,,,,,,,,,,,,,,,,,,,,,,,,,,,,,,,,,,,,,,,,,,,,,,TN,,,,,,,,,,
449249337.0,1851907652,2024-03-02 18:47:19,2443.7,a2ddc20095d176734a72080712b366c74a36c934,1385949,autoland,LastVisualChange,True,amazon-search LastVisualChange opt cold webrender,,77,ms,geckoview,False,|c|o|l|d| |w|e|b|r|e|n|d|e|r|,,4361205,13,8bad20cfa5c21f9f330712163e9ddf6ea850f908,102210fe594ee9b33d82058545b1ed14f4c8206e,android-hw-a51-11-0-aarch64-shippable-qr,amazon-search,True,,,,,,,,,,,,,,,,,,,,,,,,,,,,,,,,,,,,,,,,,,,,,,,,,,TN,,,,,,,,,,
449252111.0,1851920843,2024-03-02 19:45:31,2246.2,8042d9f9b7b6eb6e6a6fbefba554c035ef6bbda1,1385954,autoland,LastVisualChange,True,amazon-search LastVisualChange opt cold webrender,,77,ms,geckoview,False,|c|o|l|d| |w|e|b|r|e|n|d|e|r|,,4361205,13,8bad20cfa5c21f9f330712163e9ddf6ea850f908,102210fe594ee9b33d82058545b1ed14f4c8206e,android-hw-a51-11-0-aarch64-shippable-qr,amazon-search,True,,,,,,,,,,,,,,,,,,,,,,,,,,,,,,,,,,,,,,,,,,,,,,,,,,TN,,,,,,,,,,
449278410.0,1851996204,2024-03-03 01:04:11,2361.8,c5ddc3b211e53221a5b12ce6c8a5a523bba3641f,1385990,autoland,LastVisualChange,True,amazon-search LastVisualChange opt cold webrender,,77,ms,geckoview,False,|c|o|l|d| |w|e|b|r|e|n|d|e|r|,,4361205,13,8bad20cfa5c21f9f330712163e9ddf6ea850f908,102210fe594ee9b33d82058545b1ed14f4c8206e,android-hw-a51-11-0-aarch64-shippable-qr,amazon-search,True,,,,,,,,,,,,,,,,,,,,,,,,,,,,,,,,,,,,,,,,,,,,,,,,,,TN,,,,,,,,,,
449315847.0,1852135360,2024-03-03 12:29:51,2336.6,62056fe89aac9d2f369746854f0e3a55ad7153d0,1386069,autoland,LastVisualChange,True,amazon-search LastVisualChange opt cold webrender,,77,ms,geckoview,False,|c|o|l|d| |w|e|b|r|e|n|d|e|r|,,4361205,13,8bad20cfa5c21f9f330712163e9ddf6ea850f908,102210fe594ee9b33d82058545b1ed14f4c8206e,android-hw-a51-11-0-aarch64-shippable-qr,amazon-search,True,,,,,,,,,,,,,,,,,,,,,,,,,,,,,,,,,,,,,,,,,,,,,,,,,,TN,,,,,,,,,,
449343620.0,1852235609,2024-03-04 01:21:19,2231.8,499cae53f42dfc8f376fd97d0a83c1f8e85e274c,1386148,autoland,LastVisualChange,True,amazon-search LastVisualChange opt cold webrender,,77,ms,geckoview,False,|c|o|l|d| |w|e|b|r|e|n|d|e|r|,,4361205,13,8bad20cfa5c21f9f330712163e9ddf6ea850f908,102210fe594ee9b33d82058545b1ed14f4c8206e,android-hw-a51-11-0-aarch64-shippable-qr,amazon-search,True,,,,,,,,,,,,,,,,,,,,,,,,,,,,,,,,,,,,,,,,,,,,,,,,,,TN,,,,,,,,,,
449355380.0,1852300144,2024-03-04 06:32:50,2196.1,79823348e9cf740dbe5ae11eb654b1a85ea0ecbc,1386182,autoland,LastVisualChange,True,amazon-search LastVisualChange opt cold webrender,,77,ms,geckoview,False,|c|o|l|d| |w|e|b|r|e|n|d|e|r|,,4361205,13,8bad20cfa5c21f9f330712163e9ddf6ea850f908,102210fe594ee9b33d82058545b1ed14f4c8206e,android-hw-a51-11-0-aarch64-shippable-qr,amazon-search,True,,,,,,,,,,,,,,,,,,,,,,,,,,,,,,,,,,,,,,,,,,,,,,,,,,TN,,,,,,,,,,
449370504.0,1852364959,2024-03-04 08:48:22,2253.1,54c13c0498731427f23aff4c7e87900a715761b0,1386226,autoland,LastVisualChange,True,amazon-search LastVisualChange opt cold webrender,,77,ms,geckoview,False,|c|o|l|d| |w|e|b|r|e|n|d|e|r|,,4361205,13,8bad20cfa5c21f9f330712163e9ddf6ea850f908,102210fe594ee9b33d82058545b1ed14f4c8206e,android-hw-a51-11-0-aarch64-shippable-qr,amazon-search,True,,,,,,,,,,,,,,,,,,,,,,,,,,,,,,,,,,,,,,,,,,,,,,,,,,TN,,,,,,,,,,
449426220.0,1852510580,2024-03-04 12:51:58,2298.2,938c019ec0d1f3f1c0932e575d8f9e9f4c387320,1386363,autoland,LastVisualChange,True,amazon-search LastVisualChange opt cold webrender,,77,ms,geckoview,False,|c|o|l|d| |w|e|b|r|e|n|d|e|r|,,4361205,13,8bad20cfa5c21f9f330712163e9ddf6ea850f908,102210fe594ee9b33d82058545b1ed14f4c8206e,android-hw-a51-11-0-aarch64-shippable-qr,amazon-search,True,,,,,,,,,,,,,,,,,,,,,,,,,,,,,,,,,,,,,,,,,,,,,,,,,,TN,,,,,,,,,,
449433692.0,1852576719,2024-03-04 14:27:11,2212.5,c90923a84670e17105b275c5be4a3c2842cb248e,1386418,autoland,LastVisualChange,True,amazon-search LastVisualChange opt cold webrender,,77,ms,geckoview,False,|c|o|l|d| |w|e|b|r|e|n|d|e|r|,,4361205,13,8bad20cfa5c21f9f330712163e9ddf6ea850f908,102210fe594ee9b33d82058545b1ed14f4c8206e,android-hw-a51-11-0-aarch64-shippable-qr,amazon-search,True,,,,,,,,,,,,,,,,,,,,,,,,,,,,,,,,,,,,,,,,,,,,,,,,,,TN,,,,,,,,,,
449460098.0,1852660189,2024-03-04 16:31:41,2339.4,6c8dfd2a5bcafec953d7303c1fc35ec76d05f6ac,1386528,autoland,LastVisualChange,True,amazon-search LastVisualChange opt cold webrender,,77,ms,geckoview,False,|c|o|l|d| |w|e|b|r|e|n|d|e|r|,,4361205,13,8bad20cfa5c21f9f330712163e9ddf6ea850f908,102210fe594ee9b33d82058545b1ed14f4c8206e,android-hw-a51-11-0-aarch64-shippable-qr,amazon-search,True,,,,,,,,,,,,,,,,,,,,,,,,,,,,,,,,,,,,,,,,,,,,,,,,,,TN,,,,,,,,,,
449504008.0,1852838501,2024-03-04 20:31:42,2172.7,430bda8b01b3b00b083a0034de19b12b032caf6b,1386698,autoland,LastVisualChange,True,amazon-search LastVisualChange opt cold webrender,,77,ms,geckoview,False,|c|o|l|d| |w|e|b|r|e|n|d|e|r|,,4361205,13,8bad20cfa5c21f9f330712163e9ddf6ea850f908,102210fe594ee9b33d82058545b1ed14f4c8206e,android-hw-a51-11-0-aarch64-shippable-qr,amazon-search,True,,,,,,,,,,,,,,,,,,,,,,,,,,,,,,,,,,,,,,,,,,,,,,,,,,TN,,,,,,,,,,
449498783.0,1852803105,2024-03-04 21:16:05,2206.6,5b706eb2187070200b3eecb6d99a95e750c3266e,1386717,autoland,LastVisualChange,True,amazon-search LastVisualChange opt cold webrender,,77,ms,geckoview,False,|c|o|l|d| |w|e|b|r|e|n|d|e|r|,,4361205,13,8bad20cfa5c21f9f330712163e9ddf6ea850f908,102210fe594ee9b33d82058545b1ed14f4c8206e,android-hw-a51-11-0-aarch64-shippable-qr,amazon-search,True,,,,,,,,,,,,,,,,,,,,,,,,,,,,,,,,,,,,,,,,,,,,,,,,,,TN,,,,,,,,,,
449537705.0,1852906120,2024-03-05 01:28:34,2192.0,2b54764bcf2909b800951938d1f6fd47752c91b6,1386871,autoland,LastVisualChange,True,amazon-search LastVisualChange opt cold webrender,,77,ms,geckoview,False,|c|o|l|d| |w|e|b|r|e|n|d|e|r|,,4361205,13,8bad20cfa5c21f9f330712163e9ddf6ea850f908,102210fe594ee9b33d82058545b1ed14f4c8206e,android-hw-a51-11-0-aarch64-shippable-qr,amazon-search,True,,,,,,,,,,,,,,,,,,,,,,,,,,,,,,,,,,,,,,,,,,,,,,,,,,TN,,,,,,,,,,
449550132.0,1853010502,2024-03-05 05:25:14,2264.9,61bb37d1ba16985ef9e5cd99cd02912849f743a3,1386945,autoland,LastVisualChange,True,amazon-search LastVisualChange opt cold webrender,,77,ms,geckoview,False,|c|o|l|d| |w|e|b|r|e|n|d|e|r|,,4361205,13,8bad20cfa5c21f9f330712163e9ddf6ea850f908,102210fe594ee9b33d82058545b1ed14f4c8206e,android-hw-a51-11-0-aarch64-shippable-qr,amazon-search,True,,,,,,,,,,,,,,,,,,,,,,,,,,,,,,,,,,,,,,,,,,,,,,,,,,TN,,,,,,,,,,
449577829.0,1853109818,2024-03-05 09:36:09,2204.8,20859a1f25eb48ec31fdd24c0552b9fa83c5dcf2,1387072,autoland,LastVisualChange,True,amazon-search LastVisualChange opt cold webrender,,77,ms,geckoview,False,|c|o|l|d| |w|e|b|r|e|n|d|e|r|,,4361205,13,8bad20cfa5c21f9f330712163e9ddf6ea850f908,102210fe594ee9b33d82058545b1ed14f4c8206e,android-hw-a51-11-0-aarch64-shippable-qr,amazon-search,True,,,,,,,,,,,,,,,,,,,,,,,,,,,,,,,,,,,,,,,,,,,,,,,,,,TN,,,,,,,,,,
449606484.0,1853198397,2024-03-05 11:43:18,3652.3,300643546ea85a42a1f88a11595ebbb0b7157128,1387157,autoland,LastVisualChange,True,amazon-search LastVisualChange opt cold webrender,,77,ms,geckoview,False,|c|o|l|d| |w|e|b|r|e|n|d|e|r|,,4361205,13,8bad20cfa5c21f9f330712163e9ddf6ea850f908,102210fe594ee9b33d82058545b1ed14f4c8206e,android-hw-a51-11-0-aarch64-shippable-qr,amazon-search,True,,,,,,,,,,,,,,,,,,,,,,,,,,,,,,,,,,,,,,,,,,,,,,,,,,TN,,,,,,,,,,
449631685.0,1853278242,2024-03-05 15:52:09,2345.5,adf17fc47c84c0fa237aecff550ba42344a5c629,1387348,autoland,LastVisualChange,True,amazon-search LastVisualChange opt cold webrender,,77,ms,geckoview,False,|c|o|l|d| |w|e|b|r|e|n|d|e|r|,,4361205,13,8bad20cfa5c21f9f330712163e9ddf6ea850f908,102210fe594ee9b33d82058545b1ed14f4c8206e,android-hw-a51-11-0-aarch64-shippable-qr,amazon-search,True,,,,,,,,,,,,,,,,,,,,,,,,,,,,,,,,,,,,,,,,,,,,,,,,,,TN,,,,,,,,,,
449665455.0,1853363893,2024-03-05 19:23:59,2243.0,c13ff57ddd8d6b9f971a631b45c6da97b3c14fb9,1387560,autoland,LastVisualChange,True,amazon-search LastVisualChange opt cold webrender,,77,ms,geckoview,False,|c|o|l|d| |w|e|b|r|e|n|d|e|r|,,4361205,13,8bad20cfa5c21f9f330712163e9ddf6ea850f908,102210fe594ee9b33d82058545b1ed14f4c8206e,android-hw-a51-11-0-aarch64-shippable-qr,amazon-search,True,,,,,,,,,,,,,,,,,,,,,,,,,,,,,,,,,,,,,,,,,,,,,,,,,,TN,,,,,,,,,,
449687640.0,1853447764,2024-03-05 22:16:54,2205.3,099f52f30c39008328dfbc02ff824310e082a8da,1387647,autoland,LastVisualChange,True,amazon-search LastVisualChange opt cold webrender,,77,ms,geckoview,False,|c|o|l|d| |w|e|b|r|e|n|d|e|r|,,4361205,13,8bad20cfa5c21f9f330712163e9ddf6ea850f908,102210fe594ee9b33d82058545b1ed14f4c8206e,android-hw-a51-11-0-aarch64-shippable-qr,amazon-search,True,,,,,,,,,,,,,,,,,,,,,,,,,,,,,,,,,,,,,,,,,,,,,,,,,,TN,,,,,,,,,,
449712321.0,1853528955,2024-03-06 02:53:23,2236.9,488c772c72746cdfbf99e927acee696c4d6a5aef,1387831,autoland,LastVisualChange,True,amazon-search LastVisualChange opt cold webrender,,77,ms,geckoview,False,|c|o|l|d| |w|e|b|r|e|n|d|e|r|,,4361205,13,8bad20cfa5c21f9f330712163e9ddf6ea850f908,102210fe594ee9b33d82058545b1ed14f4c8206e,android-hw-a51-11-0-aarch64-shippable-qr,amazon-search,True,,,,,,,,,,,,,,,,,,,,,,,,,,,,,,,,,,,,,,,,,,,,,,,,,,TN,,,,,,,,,,
449796012.0,1853847987,2024-03-06 14:00:28,2280.4,143c3925806ed35200c2a71e650e7e74f58520a7,1388157,autoland,LastVisualChange,True,amazon-search LastVisualChange opt cold webrender,,77,ms,geckoview,False,|c|o|l|d| |w|e|b|r|e|n|d|e|r|,,4361205,13,8bad20cfa5c21f9f330712163e9ddf6ea850f908,102210fe594ee9b33d82058545b1ed14f4c8206e,android-hw-a51-11-0-aarch64-shippable-qr,amazon-search,True,,,,,,,,,,,,,,,,,,,,,,,,,,,,,,,,,,,,,,,,,,,,,,,,,,TN,,,,,,,,,,
449833713.0,1853997903,2024-03-06 18:03:03,2239.4,03e6d6ff8bde56b645cfbc34dee452ff375ff3ca,1388329,autoland,LastVisualChange,True,amazon-search LastVisualChange opt cold webrender,,77,ms,geckoview,False,|c|o|l|d| |w|e|b|r|e|n|d|e|r|,,4361205,13,8bad20cfa5c21f9f330712163e9ddf6ea850f908,102210fe594ee9b33d82058545b1ed14f4c8206e,android-hw-a51-11-0-aarch64-shippable-qr,amazon-search,True,,,,,,,,,,,,,,,,,,,,,,,,,,,,,,,,,,,,,,,,,,,,,,,,,,TN,,,,,,,,,,
449829916.0,1853973429,2024-03-06 18:05:41,2242.4,f408182c4687f0490084c35cc766e637d0bdfd0f,1388333,autoland,LastVisualChange,True,amazon-search LastVisualChange opt cold webrender,,77,ms,geckoview,False,|c|o|l|d| |w|e|b|r|e|n|d|e|r|,,4361205,13,8bad20cfa5c21f9f330712163e9ddf6ea850f908,102210fe594ee9b33d82058545b1ed14f4c8206e,android-hw-a51-11-0-aarch64-shippable-qr,amazon-search,True,,,,,,,,,,,,,,,,,,,,,,,,,,,,,,,,,,,,,,,,,,,,,,,,,,TN,,,,,,,,,,
449857814.0,1854107608,2024-03-06 20:32:27,2129.8,cbcc69d30489c534df28a444097bd87fcf8d8352,1388530,autoland,LastVisualChange,True,amazon-search LastVisualChange opt cold webrender,,77,ms,geckoview,False,|c|o|l|d| |w|e|b|r|e|n|d|e|r|,,4361205,13,8bad20cfa5c21f9f330712163e9ddf6ea850f908,102210fe594ee9b33d82058545b1ed14f4c8206e,android-hw-a51-11-0-aarch64-shippable-qr,amazon-search,True,,,,,,,,,,,,,,,,,,,,,,,,,,,,,,,,,,,,,,,,,,,,,,,,,,TN,,,,,,,,,,
449875477.0,1854170567,2024-03-06 22:58:04,2202.6,98eadcb9210580189dd1cb9eb2cad1362b0c2835,1388664,autoland,LastVisualChange,True,amazon-search LastVisualChange opt cold webrender,,77,ms,geckoview,False,|c|o|l|d| |w|e|b|r|e|n|d|e|r|,,4361205,13,8bad20cfa5c21f9f330712163e9ddf6ea850f908,102210fe594ee9b33d82058545b1ed14f4c8206e,android-hw-a51-11-0-aarch64-shippable-qr,amazon-search,True,,,,,,,,,,,,,,,,,,,,,,,,,,,,,,,,,,,,,,,,,,,,,,,,,,TN,,,,,,,,,,
449894221.0,1854316237,2024-03-07 03:21:51,2313.3,62ed755b7c5e2b357e66b4f19a5419c685e87a47,1388820,autoland,LastVisualChange,True,amazon-search LastVisualChange opt cold webrender,,77,ms,geckoview,False,|c|o|l|d| |w|e|b|r|e|n|d|e|r|,,4361205,13,8bad20cfa5c21f9f330712163e9ddf6ea850f908,102210fe594ee9b33d82058545b1ed14f4c8206e,android-hw-a51-11-0-aarch64-shippable-qr,amazon-search,True,,,,,,,,,,,,,,,,,,,,,,,,,,,,,,,,,,,,,,,,,,,,,,,,,,TN,,,,,,,,,,
449902442.0,1854360075,2024-03-07 06:37:03,2143.8,d48a42b340b69771d9dc99ddf1303d3f88ae9165,1388849,autoland,LastVisualChange,True,amazon-search LastVisualChange opt cold webrender,,77,ms,geckoview,False,|c|o|l|d| |w|e|b|r|e|n|d|e|r|,,4361205,13,8bad20cfa5c21f9f330712163e9ddf6ea850f908,102210fe594ee9b33d82058545b1ed14f4c8206e,android-hw-a51-11-0-aarch64-shippable-qr,amazon-search,True,,,,,,,,,,,,,,,,,,,,,,,,,,,,,,,,,,,,,,,,,,,,,,,,,,TN,,,,,,,,,,
449918868.0,1854463515,2024-03-07 10:49:51,2197.9,cfe658475285f9b5c867bcbd191d2e1332df885e,1388876,autoland,LastVisualChange,True,amazon-search LastVisualChange opt cold webrender,,77,ms,geckoview,False,|c|o|l|d| |w|e|b|r|e|n|d|e|r|,,4361205,13,8bad20cfa5c21f9f330712163e9ddf6ea850f908,102210fe594ee9b33d82058545b1ed14f4c8206e,android-hw-a51-11-0-aarch64-shippable-qr,amazon-search,True,,,,,,,,,,,,,,,,,,,,,,,,,,,,,,,,,,,,,,,,,,,,,,,,,,TN,,,,,,,,,,
449945319.0,1854553758,2024-03-07 13:27:03,2233.9,0027da61966ddaf727a4c543b4541d0e175cb354,1388885,autoland,LastVisualChange,True,amazon-search LastVisualChange opt cold webrender,,77,ms,geckoview,False,|c|o|l|d| |w|e|b|r|e|n|d|e|r|,,4361205,13,8bad20cfa5c21f9f330712163e9ddf6ea850f908,102210fe594ee9b33d82058545b1ed14f4c8206e,android-hw-a51-11-0-aarch64-shippable-qr,amazon-search,True,,,,,,,,,,,,,,,,,,,,,,,,,,,,,,,,,,,,,,,,,,,,,,,,,,TN,,,,,,,,,,
449979931.0,1854682867,2024-03-07 20:11:01,2234.2,c9b3f598aa024ffbe096094ee8845222b7483c50,1389147,autoland,LastVisualChange,True,amazon-search LastVisualChange opt cold webrender,,77,ms,geckoview,False,|c|o|l|d| |w|e|b|r|e|n|d|e|r|,,4361205,13,8bad20cfa5c21f9f330712163e9ddf6ea850f908,102210fe594ee9b33d82058545b1ed14f4c8206e,android-hw-a51-11-0-aarch64-shippable-qr,amazon-search,True,,,,,,,,,,,,,,,,,,,,,,,,,,,,,,,,,,,,,,,,,,,,,,,,,,TN,,,,,,,,,,
450014770.0,1854825919,2024-03-08 00:14:27,2200.9,f9c5e71ad2de0632a1d833b02eb16cd13e4eabc1,1389377,autoland,LastVisualChange,True,amazon-search LastVisualChange opt cold webrender,,77,ms,geckoview,False,|c|o|l|d| |w|e|b|r|e|n|d|e|r|,,4361205,13,8bad20cfa5c21f9f330712163e9ddf6ea850f908,102210fe594ee9b33d82058545b1ed14f4c8206e,android-hw-a51-11-0-aarch64-shippable-qr,amazon-search,True,,,,,,,,,,,,,,,,,,,,,,,,,,,,,,,,,,,,,,,,,,,,,,,,,,TN,,,,,,,,,,
450015046.0,1854854217,2024-03-08 01:03:56,2221.3,ac5529a784bdd0522e58c4bcdb3293674601ac52,1389404,autoland,LastVisualChange,True,amazon-search LastVisualChange opt cold webrender,,77,ms,geckoview,False,|c|o|l|d| |w|e|b|r|e|n|d|e|r|,,4361205,13,8bad20cfa5c21f9f330712163e9ddf6ea850f908,102210fe594ee9b33d82058545b1ed14f4c8206e,android-hw-a51-11-0-aarch64-shippable-qr,amazon-search,True,,,,,,,,,,,,,,,,,,,,,,,,,,,,,,,,,,,,,,,,,,,,,,,,,,TN,,,,,,,,,,
450052830.0,1855037448,2024-03-08 09:44:20,2221.1,fe38c21e5d5ba7ab071d13411995b46f31d7862c,1389593,autoland,LastVisualChange,True,amazon-search LastVisualChange opt cold webrender,,77,ms,geckoview,False,|c|o|l|d| |w|e|b|r|e|n|d|e|r|,,4361205,13,8bad20cfa5c21f9f330712163e9ddf6ea850f908,102210fe594ee9b33d82058545b1ed14f4c8206e,android-hw-a51-11-0-aarch64-shippable-qr,amazon-search,True,,,,,,,,,,,,,,,,,,,,,,,,,,,,,,,,,,,,,,,,,,,,,,,,,,TN,,,,,,,,,,
450076642.0,1855225526,2024-03-08 13:47:55,2257.3,e38d79679348570701c9c0b244b0d905b241b83b,1389613,autoland,LastVisualChange,True,amazon-search LastVisualChange opt cold webrender,,77,ms,geckoview,False,|c|o|l|d| |w|e|b|r|e|n|d|e|r|,,4361205,13,8bad20cfa5c21f9f330712163e9ddf6ea850f908,102210fe594ee9b33d82058545b1ed14f4c8206e,android-hw-a51-11-0-aarch64-shippable-qr,amazon-search,True,,,,,,,,,,,,,,,,,,,,,,,,,,,,,,,,,,,,,,,,,,,,,,,,,,TN,,,,,,,,,,
450092879.0,1855308846,2024-03-08 15:54:44,2300.8,c306d54c8963e4dda4426d48bf41774947f5138d,1389685,autoland,LastVisualChange,True,amazon-search LastVisualChange opt cold webrender,,77,ms,geckoview,False,|c|o|l|d| |w|e|b|r|e|n|d|e|r|,,4361205,13,8bad20cfa5c21f9f330712163e9ddf6ea850f908,102210fe594ee9b33d82058545b1ed14f4c8206e,android-hw-a51-11-0-aarch64-shippable-qr,amazon-search,True,,,,,,,,,,,,,,,,,,,,,,,,,,,,,,,,,,,,,,,,,,,,,,,,,,TN,,,,,,,,,,
450147846.0,1855449243,2024-03-09 00:01:41,2313.9,e40628b4cd80f3469e6fb5836c1e513e3e058225,1390115,autoland,LastVisualChange,True,amazon-search LastVisualChange opt cold webrender,,77,ms,geckoview,False,|c|o|l|d| |w|e|b|r|e|n|d|e|r|,,4361205,13,8bad20cfa5c21f9f330712163e9ddf6ea850f908,102210fe594ee9b33d82058545b1ed14f4c8206e,android-hw-a51-11-0-aarch64-shippable-qr,amazon-search,True,,,,,,,,,,,,,,,,,,,,,,,,,,,,,,,,,,,,,,,,,,,,,,,,,,TN,,,,,,,,,,
450147915.0,1855461961,2024-03-09 00:02:45,2451.4,4d67ec80ce46b924295e599b81d0db0071664eca,1390116,autoland,LastVisualChange,True,amazon-search LastVisualChange opt cold webrender,,77,ms,geckoview,False,|c|o|l|d| |w|e|b|r|e|n|d|e|r|,,4361205,13,8bad20cfa5c21f9f330712163e9ddf6ea850f908,102210fe594ee9b33d82058545b1ed14f4c8206e,android-hw-a51-11-0-aarch64-shippable-qr,amazon-search,True,,,,,,,,,,,,,,,,,,,,,,,,,,,,,,,,,,,,,,,,,,,,,,,,,,TN,,,,,,,,,,
450147164.0,1855433402,2024-03-09 00:03:40,2226.1,fb2eeb44f22026d0a1c7b18f8cb0786169300c1b,1390117,autoland,LastVisualChange,True,amazon-search LastVisualChange opt cold webrender,,77,ms,geckoview,False,|c|o|l|d| |w|e|b|r|e|n|d|e|r|,,4361205,13,8bad20cfa5c21f9f330712163e9ddf6ea850f908,102210fe594ee9b33d82058545b1ed14f4c8206e,android-hw-a51-11-0-aarch64-shippable-qr,amazon-search,True,,,,,,,,,,,,,,,,,,,,,,,,,,,,,,,,,,,,,,,,,,,,,,,,,,TN,,,,,,,,,,
450165921.0,1855521625,2024-03-09 05:38:15,2194.7,efb6c465b7de5cb34b029bb51e5b445952bdd9b2,1390162,autoland,LastVisualChange,True,amazon-search LastVisualChange opt cold webrender,,77,ms,geckoview,False,|c|o|l|d| |w|e|b|r|e|n|d|e|r|,,4361205,13,8bad20cfa5c21f9f330712163e9ddf6ea850f908,102210fe594ee9b33d82058545b1ed14f4c8206e,android-hw-a51-11-0-aarch64-shippable-qr,amazon-search,True,,,,,,,,,,,,,,,,,,,,,,,,,,,,,,,,,,,,,,,,,,,,,,,,,,TN,,,,,,,,,,
450193686.0,1855603664,2024-03-09 10:41:02,2245.8,1d530888568c2a44fc30d9b6567ab6195f238cb2,1390188,autoland,LastVisualChange,True,amazon-search LastVisualChange opt cold webrender,,77,ms,geckoview,False,|c|o|l|d| |w|e|b|r|e|n|d|e|r|,,4361205,13,8bad20cfa5c21f9f330712163e9ddf6ea850f908,102210fe594ee9b33d82058545b1ed14f4c8206e,android-hw-a51-11-0-aarch64-shippable-qr,amazon-search,True,,,,,,,,,,,,,,,,,,,,,,,,,,,,,,,,,,,,,,,,,,,,,,,,,,TN,,,,,,,,,,
450205600.0,1855644217,2024-03-09 15:33:05,2232.5,10af6b2ff03bd7512d53f3ed02f7e83dba7c57ba,1390221,autoland,LastVisualChange,True,amazon-search LastVisualChange opt cold webrender,,77,ms,geckoview,False,|c|o|l|d| |w|e|b|r|e|n|d|e|r|,,4361205,13,8bad20cfa5c21f9f330712163e9ddf6ea850f908,102210fe594ee9b33d82058545b1ed14f4c8206e,android-hw-a51-11-0-aarch64-shippable-qr,amazon-search,True,,,,,,,,,,,,,,,,,,,,,,,,,,,,,,,,,,,,,,,,,,,,,,,,,,TN,,,,,,,,,,
450217487.0,1855681436,2024-03-09 20:59:44,2270.6,9768cd53e66eef4a715150196cfa1138f7edf7ba,1390244,autoland,LastVisualChange,True,amazon-search LastVisualChange opt cold webrender,,77,ms,geckoview,False,|c|o|l|d| |w|e|b|r|e|n|d|e|r|,,4361205,13,8bad20cfa5c21f9f330712163e9ddf6ea850f908,102210fe594ee9b33d82058545b1ed14f4c8206e,android-hw-a51-11-0-aarch64-shippable-qr,amazon-search,True,,,,,,,,,,,,,,,,,,,,,,,,,,,,,,,,,,,,,,,,,,,,,,,,,,TN,,,,,,,,,,
450254040.0,1855805431,2024-03-10 13:59:13,2236.6,f8edec6de8b50f0f6809208600e5c8ab87dd12d4,1390283,autoland,LastVisualChange,True,amazon-search LastVisualChange opt cold webrender,,77,ms,geckoview,False,|c|o|l|d| |w|e|b|r|e|n|d|e|r|,,4361205,13,8bad20cfa5c21f9f330712163e9ddf6ea850f908,102210fe594ee9b33d82058545b1ed14f4c8206e,android-hw-a51-11-0-aarch64-shippable-qr,amazon-search,True,,,,,,,,,,,,,,,,,,,,,,,,,,,,,,,,,,,,,,,,,,,,,,,,,,TN,,,,,,,,,,
450259617.0,1855832768,2024-03-10 18:05:45,2234.0,059c20bed3da7a717ee144e4c2339499009d7c44,1390298,autoland,LastVisualChange,True,amazon-search LastVisualChange opt cold webrender,,77,ms,geckoview,False,|c|o|l|d| |w|e|b|r|e|n|d|e|r|,,4361205,13,8bad20cfa5c21f9f330712163e9ddf6ea850f908,102210fe594ee9b33d82058545b1ed14f4c8206e,android-hw-a51-11-0-aarch64-shippable-qr,amazon-search,True,,,,,,,,,,,,,,,,,,,,,,,,,,,,,,,,,,,,,,,,,,,,,,,,,,TN,,,,,,,,,,
450281828.0,1855938283,2024-03-11 02:48:56,2236.0,0f63ab5624960b1aa464bb2e3bd76c6cd196f186,1390365,autoland,LastVisualChange,True,amazon-search LastVisualChange opt cold webrender,,77,ms,geckoview,False,|c|o|l|d| |w|e|b|r|e|n|d|e|r|,,4361205,13,8bad20cfa5c21f9f330712163e9ddf6ea850f908,102210fe594ee9b33d82058545b1ed14f4c8206e,android-hw-a51-11-0-aarch64-shippable-qr,amazon-search,True,,,,,,,,,,,,,,,,,,,,,,,,,,,,,,,,,,,,,,,,,,,,,,,,,,TN,,,,,,,,,,
450300579.0,1856068001,2024-03-11 09:18:44,2577.9,343e945a502ea35f40687ffca3eab7543522fe79,1390442,autoland,LastVisualChange,True,amazon-search LastVisualChange opt cold webrender,,77,ms,geckoview,False,|c|o|l|d| |w|e|b|r|e|n|d|e|r|,,4361205,13,8bad20cfa5c21f9f330712163e9ddf6ea850f908,102210fe594ee9b33d82058545b1ed14f4c8206e,android-hw-a51-11-0-aarch64-shippable-qr,amazon-search,True,,,,,,,,,,,,,,,,,,,,,,,,,,,,,,,,,,,,,,,,,,,,,,,,,,TN,,,,,,,,,,
450333446.0,1856144835,2024-03-11 13:24:20,2296.2,23b4081496822ae44a0f120f8429c0c57a864325,1390505,autoland,LastVisualChange,True,amazon-search LastVisualChange opt cold webrender,,77,ms,geckoview,False,|c|o|l|d| |w|e|b|r|e|n|d|e|r|,,4361205,13,8bad20cfa5c21f9f330712163e9ddf6ea850f908,102210fe594ee9b33d82058545b1ed14f4c8206e,android-hw-a51-11-0-aarch64-shippable-qr,amazon-search,True,,,,,,,,,,,,,,,,,,,,,,,,,,,,,,,,,,,,,,,,,,,,,,,,,,TN,,,,,,,,,,
450339742.0,1856220201,2024-03-11 14:23:46,2245.7,ec25d27f83b73ab4fbd93c737d29b732042c2139,1390552,autoland,LastVisualChange,True,amazon-search LastVisualChange opt cold webrender,,77,ms,geckoview,False,|c|o|l|d| |w|e|b|r|e|n|d|e|r|,,4361205,13,8bad20cfa5c21f9f330712163e9ddf6ea850f908,102210fe594ee9b33d82058545b1ed14f4c8206e,android-hw-a51-11-0-aarch64-shippable-qr,amazon-search,True,,,,,,,,,,,,,,,,,,,,,,,,,,,,,,,,,,,,,,,,,,,,,,,,,,TN,,,,,,,,,,
450375501.0,1856296423,2024-03-11 18:03:14,2246.2,b5f646ecf7f3ca586020974d36c3f4c4fca4a3a3,1390747,autoland,LastVisualChange,True,amazon-search LastVisualChange opt cold webrender,,77,ms,geckoview,False,|c|o|l|d| |w|e|b|r|e|n|d|e|r|,,4361205,13,8bad20cfa5c21f9f330712163e9ddf6ea850f908,102210fe594ee9b33d82058545b1ed14f4c8206e,android-hw-a51-11-0-aarch64-shippable-qr,amazon-search,True,,,,,,,,,,,,,,,,,,,,,,,,,,,,,,,,,,,,,,,,,,,,,,,,,,TN,,,,,,,,,,
450391415.0,1856327335,2024-03-11 19:41:42,2272.4,4984afdb79c55a76ef741d1667378c296f74240f,1390851,autoland,LastVisualChange,True,amazon-search LastVisualChange opt cold webrender,,77,ms,geckoview,False,|c|o|l|d| |w|e|b|r|e|n|d|e|r|,,4361205,13,8bad20cfa5c21f9f330712163e9ddf6ea850f908,102210fe594ee9b33d82058545b1ed14f4c8206e,android-hw-a51-11-0-aarch64-shippable-qr,amazon-search,True,,,,,,,,,,,,,,,,,,,,,,,,,,,,,,,,,,,,,,,,,,,,,,,,,,TN,,,,,,,,,,
450424908.0,1856459343,2024-03-12 03:06:47,2110.9,5dbe89396d7f52d57c4a21457fcf95d4e1ae24c3,1391174,autoland,LastVisualChange,True,amazon-search LastVisualChange opt cold webrender,,77,ms,geckoview,False,|c|o|l|d| |w|e|b|r|e|n|d|e|r|,,4361205,13,8bad20cfa5c21f9f330712163e9ddf6ea850f908,102210fe594ee9b33d82058545b1ed14f4c8206e,android-hw-a51-11-0-aarch64-shippable-qr,amazon-search,True,,,,,,,,,,,,,,,,,,,,,,,,,,,,,,,,,,,,,,,,,,,,,,,,,,TN,,,,,,,,,,
450434268.0,1856546152,2024-03-12 07:06:36,2170.3,45bdb06ed9f6ae6b675b169c0b4dbd488363098d,1391218,autoland,LastVisualChange,True,amazon-search LastVisualChange opt cold webrender,,77,ms,geckoview,False,|c|o|l|d| |w|e|b|r|e|n|d|e|r|,,4361205,13,8bad20cfa5c21f9f330712163e9ddf6ea850f908,102210fe594ee9b33d82058545b1ed14f4c8206e,android-hw-a51-11-0-aarch64-shippable-qr,amazon-search,True,,,,,,,,,,,,,,,,,,,,,,,,,,,,,,,,,,,,,,,,,,,,,,,,,,TN,,,,,,,,,,
450461148.0,1856626842,2024-03-12 11:26:19,2137.7,8c1e5f6bca5a8f2ab2297cff5c736e61d3a3bd27,1391230,autoland,LastVisualChange,True,amazon-search LastVisualChange opt cold webrender,,77,ms,geckoview,False,|c|o|l|d| |w|e|b|r|e|n|d|e|r|,,4361205,13,8bad20cfa5c21f9f330712163e9ddf6ea850f908,102210fe594ee9b33d82058545b1ed14f4c8206e,android-hw-a51-11-0-aarch64-shippable-qr,amazon-search,True,,,,,,,,,,,,,,,,,,,,,,,,,,,,,,,,,,,,,,,,,,,,,,,,,,TN,,,,,,,,,,
450495363.0,1856719422,2024-03-12 14:58:20,2138.1,c93ce7649d8d7d874130caed9005d92be916b10e,1391396,autoland,LastVisualChange,True,amazon-search LastVisualChange opt cold webrender,,77,ms,geckoview,False,|c|o|l|d| |w|e|b|r|e|n|d|e|r|,,4361205,13,8bad20cfa5c21f9f330712163e9ddf6ea850f908,102210fe594ee9b33d82058545b1ed14f4c8206e,android-hw-a51-11-0-aarch64-shippable-qr,amazon-search,True,,,,,,,,,,,,,,,,,,,,,,,,,,,,,,,,,,,,,,,,,,,,,,,,,,TN,,,,,,,,,,
450525777.0,1856855521,2024-03-12 19:37:06,2155.3,d91b0606279d7c22a0119cdc8061cdeffe233787,1391673,autoland,LastVisualChange,True,amazon-search LastVisualChange opt cold webrender,,77,ms,geckoview,False,|c|o|l|d| |w|e|b|r|e|n|d|e|r|,,4361205,13,8bad20cfa5c21f9f330712163e9ddf6ea850f908,102210fe594ee9b33d82058545b1ed14f4c8206e,android-hw-a51-11-0-aarch64-shippable-qr,amazon-search,True,,,,,,,,,,,,,,,,,,,,,,,,,,,,,,,,,,,,,,,,,,,,,,,,,,TN,,,,,,,,,,
450552122.0,1856933982,2024-03-12 23:13:34,2211.9,bb96cef2989d78eaa9d2485bb379b29449a815b2,1391824,autoland,LastVisualChange,True,amazon-search LastVisualChange opt cold webrender,,77,ms,geckoview,False,|c|o|l|d| |w|e|b|r|e|n|d|e|r|,,4361205,13,8bad20cfa5c21f9f330712163e9ddf6ea850f908,102210fe594ee9b33d82058545b1ed14f4c8206e,android-hw-a51-11-0-aarch64-shippable-qr,amazon-search,True,,,,,,,,,,,,,,,,,,,,,,,,,,,,,,,,,,,,,,,,,,,,,,,,,,TN,,,,,,,,,,
450581743.0,1857061522,2024-03-13 07:01:16,2104.9,2dfb9f01e06f190da79fb195ea51dac2be58dde7,1392060,autoland,LastVisualChange,True,amazon-search LastVisualChange opt cold webrender,,77,ms,geckoview,False,|c|o|l|d| |w|e|b|r|e|n|d|e|r|,,4361205,13,8bad20cfa5c21f9f330712163e9ddf6ea850f908,102210fe594ee9b33d82058545b1ed14f4c8206e,android-hw-a51-11-0-aarch64-shippable-qr,amazon-search,True,,,,,,,,,,,,,,,,,,,,,,,,,,,,,,,,,,,,,,,,,,,,,,,,,,TN,,,,,,,,,,
450614223.0,1857231776,2024-03-13 11:15:45,2191.0,ae0da9180abdc1990832791041b323e05082f6f8,1392165,autoland,LastVisualChange,True,amazon-search LastVisualChange opt cold webrender,,77,ms,geckoview,False,|c|o|l|d| |w|e|b|r|e|n|d|e|r|,,4361205,13,8bad20cfa5c21f9f330712163e9ddf6ea850f908,102210fe594ee9b33d82058545b1ed14f4c8206e,android-hw-a51-11-0-aarch64-shippable-qr,amazon-search,True,,,,,,,,,,,,,,,,,,,,,,,,,,,,,,,,,,,,,,,,,,,,,,,,,,TN,,,,,,,,,,
450641325.0,1857338249,2024-03-13 15:23:46,2144.6,49e9b26b528b94a9db43d4b65112add1268f64fc,1392302,autoland,LastVisualChange,True,amazon-search LastVisualChange opt cold webrender,,77,ms,geckoview,False,|c|o|l|d| |w|e|b|r|e|n|d|e|r|,,4361205,13,8bad20cfa5c21f9f330712163e9ddf6ea850f908,102210fe594ee9b33d82058545b1ed14f4c8206e,android-hw-a51-11-0-aarch64-shippable-qr,amazon-search,True,,,,,,,,,,,,,,,,,,,,,,,,,,,,,,,,,,,,,,,,,,,,,,,,,,TN,,,,,,,,,,
450641816.0,1857351170,2024-03-13 15:33:19,2157.6,35c5c892ca1e96f731d20bc6edd310a5d4e13bad,1392307,autoland,LastVisualChange,True,amazon-search LastVisualChange opt cold webrender,,77,ms,geckoview,False,|c|o|l|d| |w|e|b|r|e|n|d|e|r|,,4361205,13,8bad20cfa5c21f9f330712163e9ddf6ea850f908,102210fe594ee9b33d82058545b1ed14f4c8206e,android-hw-a51-11-0-aarch64-shippable-qr,amazon-search,True,,,,,,,,,,,,,,,,,,,,,,,,,,,,,,,,,,,,,,,,,,,,,,,,,,TN,,,,,,,,,,
450658712.0,1857449301,2024-03-13 18:41:03,2162.2,ebcab57cf7cd8a64a561c831dc4d1bf6694f82b8,1392487,autoland,LastVisualChange,True,amazon-search LastVisualChange opt cold webrender,,77,ms,geckoview,False,|c|o|l|d| |w|e|b|r|e|n|d|e|r|,,4361205,13,8bad20cfa5c21f9f330712163e9ddf6ea850f908,102210fe594ee9b33d82058545b1ed14f4c8206e,android-hw-a51-11-0-aarch64-shippable-qr,amazon-search,True,,,,,,,,,,,,,,,,,,,,,,,,,,,,,,,,,,,,,,,,,,,,,,,,,,TN,,,,,,,,,,
450679220.0,1857565975,2024-03-13 21:49:05,2367.4,1f3b4df016ac965dd3a2c97cb547c495364fdeef,1392594,autoland,LastVisualChange,True,amazon-search LastVisualChange opt cold webrender,,77,ms,geckoview,False,|c|o|l|d| |w|e|b|r|e|n|d|e|r|,,4361205,13,8bad20cfa5c21f9f330712163e9ddf6ea850f908,102210fe594ee9b33d82058545b1ed14f4c8206e,android-hw-a51-11-0-aarch64-shippable-qr,amazon-search,True,,,,,,,,,,,,,,,,,,,,,,,,,,,,,,,,,,,,,,,,,,,,,,,,,,TN,,,,,,,,,,
450710728.0,1857665371,2024-03-14 04:20:25,2170.5,2333872b0f5028fa1f0e9236440fe58df07a0235,1392734,autoland,LastVisualChange,True,amazon-search LastVisualChange opt cold webrender,,77,ms,geckoview,False,|c|o|l|d| |w|e|b|r|e|n|d|e|r|,,4361205,13,8bad20cfa5c21f9f330712163e9ddf6ea850f908,102210fe594ee9b33d82058545b1ed14f4c8206e,android-hw-a51-11-0-aarch64-shippable-qr,amazon-search,True,,,,,,,,,,,,,,,,,,,,,,,,,,,,,,,,,,,,,,,,,,,,,,,,,,TN,,,,,,,,,,
450724700.0,1857733500,2024-03-14 06:52:21,2209.1,0c82ff77321a85c36f1c5b27c99d25bad8603028,1392758,autoland,LastVisualChange,True,amazon-search LastVisualChange opt cold webrender,,77,ms,geckoview,False,|c|o|l|d| |w|e|b|r|e|n|d|e|r|,,4361205,13,8bad20cfa5c21f9f330712163e9ddf6ea850f908,102210fe594ee9b33d82058545b1ed14f4c8206e,android-hw-a51-11-0-aarch64-shippable-qr,amazon-search,True,,,,,,,,,,,,,,,,,,,,,,,,,,,,,,,,,,,,,,,,,,,,,,,,,,TN,,,,,,,,,,
450757909.0,1857847090,2024-03-14 10:59:46,2169.8,1f30bd08be619a6ea06444a2a6e36123f7baad65,1392883,autoland,LastVisualChange,True,amazon-search LastVisualChange opt cold webrender,,77,ms,geckoview,False,|c|o|l|d| |w|e|b|r|e|n|d|e|r|,,4361205,13,8bad20cfa5c21f9f330712163e9ddf6ea850f908,102210fe594ee9b33d82058545b1ed14f4c8206e,android-hw-a51-11-0-aarch64-shippable-qr,amazon-search,True,,,,,,,,,,,,,,,,,,,,,,,,,,,,,,,,,,,,,,,,,,,,,,,,,,TN,,,,,,,,,,
450803938.0,1858008525,2024-03-14 17:45:33,2119.8,e0d1a1dbfd5c36a2527b566ff831a989ca5ae5f5,1393195,autoland,LastVisualChange,True,amazon-search LastVisualChange opt cold webrender,,77,ms,geckoview,False,|c|o|l|d| |w|e|b|r|e|n|d|e|r|,,4361205,13,8bad20cfa5c21f9f330712163e9ddf6ea850f908,102210fe594ee9b33d82058545b1ed14f4c8206e,android-hw-a51-11-0-aarch64-shippable-qr,amazon-search,True,,,,,,,,,,,,,,,,,,,,,,,,,,,,,,,,,,,,,,,,,,,,,,,,,,TN,,,,,,,,,,
450827545.0,1858102715,2024-03-14 21:51:03,2155.7,278273f1c1fdca23ad419f0bd277a616aa240d1e,1393332,autoland,LastVisualChange,True,amazon-search LastVisualChange opt cold webrender,,77,ms,geckoview,False,|c|o|l|d| |w|e|b|r|e|n|d|e|r|,,4361205,13,8bad20cfa5c21f9f330712163e9ddf6ea850f908,102210fe594ee9b33d82058545b1ed14f4c8206e,android-hw-a51-11-0-aarch64-shippable-qr,amazon-search,True,,,,,,,,,,,,,,,,,,,,,,,,,,,,,,,,,,,,,,,,,,,,,,,,,,TN,,,,,,,,,,
450845909.0,1858164539,2024-03-15 00:00:33,2149.4,e18af9ec05f36a6f63a2e3889d5bc27f11be4267,1393414,autoland,LastVisualChange,True,amazon-search LastVisualChange opt cold webrender,,77,ms,geckoview,False,|c|o|l|d| |w|e|b|r|e|n|d|e|r|,,4361205,13,8bad20cfa5c21f9f330712163e9ddf6ea850f908,102210fe594ee9b33d82058545b1ed14f4c8206e,android-hw-a51-11-0-aarch64-shippable-qr,amazon-search,True,,,,,,,,,,,,,,,,,,,,,,,,,,,,,,,,,,,,,,,,,,,,,,,,,,TN,,,,,,,,,,
450868812.0,1858384889,2024-03-15 06:02:39,2122.2,0eb2b661743e4b5d2ed6cf61116bc5ade9da405b,1393511,autoland,LastVisualChange,True,amazon-search LastVisualChange opt cold webrender,,77,ms,geckoview,False,|c|o|l|d| |w|e|b|r|e|n|d|e|r|,,4361205,13,8bad20cfa5c21f9f330712163e9ddf6ea850f908,102210fe594ee9b33d82058545b1ed14f4c8206e,android-hw-a51-11-0-aarch64-shippable-qr,amazon-search,True,,,,,,,,,,,,,,,,,,,,,,,,,,,,,,,,,,,,,,,,,,,,,,,,,,TN,,,,,,,,,,
450885200.0,1858466155,2024-03-15 09:39:32,2113.7,02d8b0bd788352c236ca20d0163498e5ee3faa07,1393552,autoland,LastVisualChange,True,amazon-search LastVisualChange opt cold webrender,,77,ms,geckoview,False,|c|o|l|d| |w|e|b|r|e|n|d|e|r|,,4361205,13,8bad20cfa5c21f9f330712163e9ddf6ea850f908,102210fe594ee9b33d82058545b1ed14f4c8206e,android-hw-a51-11-0-aarch64-shippable-qr,amazon-search,True,,,,,,,,,,,,,,,,,,,,,,,,,,,,,,,,,,,,,,,,,,,,,,,,,,TN,,,,,,,,,,
450910535.0,1858573313,2024-03-15 14:14:34,2102.3,4b69d32113781e4489234ce2c9cf8f5b5dcbce5a,1393636,autoland,LastVisualChange,True,amazon-search LastVisualChange opt cold webrender,,77,ms,geckoview,False,|c|o|l|d| |w|e|b|r|e|n|d|e|r|,,4361205,13,8bad20cfa5c21f9f330712163e9ddf6ea850f908,102210fe594ee9b33d82058545b1ed14f4c8206e,android-hw-a51-11-0-aarch64-shippable-qr,amazon-search,True,,,,,,,,,,,,,,,,,,,,,,,,,,,,,,,,,,,,,,,,,,,,,,,,,,TN,,,,,,,,,,
450927157.0,1858625943,2024-03-15 16:14:11,2145.8,eff5ebeb21a902d6ed24f356b4a4b41e89ff1172,1393715,autoland,LastVisualChange,True,amazon-search LastVisualChange opt cold webrender,,77,ms,geckoview,False,|c|o|l|d| |w|e|b|r|e|n|d|e|r|,,4361205,13,8bad20cfa5c21f9f330712163e9ddf6ea850f908,102210fe594ee9b33d82058545b1ed14f4c8206e,android-hw-a51-11-0-aarch64-shippable-qr,amazon-search,True,,,,,,,,,,,,,,,,,,,,,,,,,,,,,,,,,,,,,,,,,,,,,,,,,,TN,,,,,,,,,,
450954656.0,1858779912,2024-03-15 20:55:49,2120.3,f4367b1826eb51a4bbcde0cd6ae1a5b1644115d0,1393941,autoland,LastVisualChange,True,amazon-search LastVisualChange opt cold webrender,,77,ms,geckoview,False,|c|o|l|d| |w|e|b|r|e|n|d|e|r|,,4361205,13,8bad20cfa5c21f9f330712163e9ddf6ea850f908,102210fe594ee9b33d82058545b1ed14f4c8206e,android-hw-a51-11-0-aarch64-shippable-qr,amazon-search,True,,,,,,,,,,,,,,,,,,,,,,,,,,,,,,,,,,,,,,,,,,,,,,,,,,TN,,,,,,,,,,
450975410.0,1858835863,2024-03-16 01:29:19,2092.3,bbe046e25d1447071e399f377b669bbe9cbf3bf3,1394036,autoland,LastVisualChange,True,amazon-search LastVisualChange opt cold webrender,,77,ms,geckoview,False,|c|o|l|d| |w|e|b|r|e|n|d|e|r|,,4361205,13,8bad20cfa5c21f9f330712163e9ddf6ea850f908,102210fe594ee9b33d82058545b1ed14f4c8206e,android-hw-a51-11-0-aarch64-shippable-qr,amazon-search,True,,,,,,,,,,,,,,,,,,,,,,,,,,,,,,,,,,,,,,,,,,,,,,,,,,TN,,,,,,,,,,
450981580.0,1858884341,2024-03-16 06:01:10,2167.8,a7134d792577d5d0529bf81b769c32138f7bb0c0,1394058,autoland,LastVisualChange,True,amazon-search LastVisualChange opt cold webrender,,77,ms,geckoview,False,|c|o|l|d| |w|e|b|r|e|n|d|e|r|,,4361205,13,8bad20cfa5c21f9f330712163e9ddf6ea850f908,102210fe594ee9b33d82058545b1ed14f4c8206e,android-hw-a51-11-0-aarch64-shippable-qr,amazon-search,True,,,,,,,,,,,,,,,,,,,,,,,,,,,,,,,,,,,,,,,,,,,,,,,,,,TN,,,,,,,,,,
451015670.0,1859002090,2024-03-16 15:16:53,2094.0,a65344e02551e44aca46a84016a3a07cce9d23e6,1394103,autoland,LastVisualChange,True,amazon-search LastVisualChange opt cold webrender,,77,ms,geckoview,False,|c|o|l|d| |w|e|b|r|e|n|d|e|r|,,4361205,13,8bad20cfa5c21f9f330712163e9ddf6ea850f908,102210fe594ee9b33d82058545b1ed14f4c8206e,android-hw-a51-11-0-aarch64-shippable-qr,amazon-search,True,,,,,,,,,,,,,,,,,,,,,,,,,,,,,,,,,,,,,,,,,,,,,,,,,,TN,,,,,,,,,,
451021280.0,1859047953,2024-03-16 21:40:10,2125.8,bc06944d050ccff5aed2248b83d51d946814e90d,1394130,autoland,LastVisualChange,True,amazon-search LastVisualChange opt cold webrender,,77,ms,geckoview,False,|c|o|l|d| |w|e|b|r|e|n|d|e|r|,,4361205,13,8bad20cfa5c21f9f330712163e9ddf6ea850f908,102210fe594ee9b33d82058545b1ed14f4c8206e,android-hw-a51-11-0-aarch64-shippable-qr,amazon-search,True,,,,,,,,,,,,,,,,,,,,,,,,,,,,,,,,,,,,,,,,,,,,,,,,,,TN,,,,,,,,,,
451041826.0,1859132390,2024-03-17 07:03:06,2136.9,7ef716435af3dee46482a893f4a3b29a4d3faafe,1394146,autoland,LastVisualChange,True,amazon-search LastVisualChange opt cold webrender,,77,ms,geckoview,False,|c|o|l|d| |w|e|b|r|e|n|d|e|r|,,4361205,13,8bad20cfa5c21f9f330712163e9ddf6ea850f908,102210fe594ee9b33d82058545b1ed14f4c8206e,android-hw-a51-11-0-aarch64-shippable-qr,amazon-search,True,,,,,,,,,,,,,,,,,,,,,,,,,,,,,,,,,,,,,,,,,,,,,,,,,,TN,,,,,,,,,,
451051570.0,1859170397,2024-03-17 13:56:17,2091.7,47d63b18299914bf2eecdeb64fe8df0a52605aec,1394162,autoland,LastVisualChange,True,amazon-search LastVisualChange opt cold webrender,,77,ms,geckoview,False,|c|o|l|d| |w|e|b|r|e|n|d|e|r|,,4361205,13,8bad20cfa5c21f9f330712163e9ddf6ea850f908,102210fe594ee9b33d82058545b1ed14f4c8206e,android-hw-a51-11-0-aarch64-shippable-qr,amazon-search,True,,,,,,,,,,,,,,,,,,,,,,,,,,,,,,,,,,,,,,,,,,,,,,,,,,TN,,,,,,,,,,
451055868.0,1859185261,2024-03-17 19:02:19,2183.4,164fcac77feead59372521b0072049f25a4c9692,1394171,autoland,LastVisualChange,True,amazon-search LastVisualChange opt cold webrender,,77,ms,geckoview,False,|c|o|l|d| |w|e|b|r|e|n|d|e|r|,,4361205,13,8bad20cfa5c21f9f330712163e9ddf6ea850f908,102210fe594ee9b33d82058545b1ed14f4c8206e,android-hw-a51-11-0-aarch64-shippable-qr,amazon-search,True,,,,,,,,,,,,,,,,,,,,,,,,,,,,,,,,,,,,,,,,,,,,,,,,,,TN,,,,,,,,,,
451076432.0,1859309137,2024-03-18 01:14:25,2145.1,469d4a744966c133ae480dc66643d47b77aa3209,1394186,autoland,LastVisualChange,True,amazon-search LastVisualChange opt cold webrender,,77,ms,geckoview,False,|c|o|l|d| |w|e|b|r|e|n|d|e|r|,,4361205,13,8bad20cfa5c21f9f330712163e9ddf6ea850f908,102210fe594ee9b33d82058545b1ed14f4c8206e,android-hw-a51-11-0-aarch64-shippable-qr,amazon-search,True,,,,,,,,,,,,,,,,,,,,,,,,,,,,,,,,,,,,,,,,,,,,,,,,,,TN,,,,,,,,,,
451086091.0,1859396319,2024-03-18 07:02:14,2067.7,9ae71156ef3c731f44e2af8d1d9c34b7eb7c6c9b,1394207,autoland,LastVisualChange,True,amazon-search LastVisualChange opt cold webrender,,77,ms,geckoview,False,|c|o|l|d| |w|e|b|r|e|n|d|e|r|,,4361205,13,8bad20cfa5c21f9f330712163e9ddf6ea850f908,102210fe594ee9b33d82058545b1ed14f4c8206e,android-hw-a51-11-0-aarch64-shippable-qr,amazon-search,True,,,,,,,,,,,,,,,,,,,,,,,,,,,,,,,,,,,,,,,,,,,,,,,,,,TN,,,,,,,,,,
451101311.0,1859463047,2024-03-18 09:15:45,2181.4,d3946837037d31a7b6f83b1977e57c4ea384c904,1394248,autoland,LastVisualChange,True,amazon-search LastVisualChange opt cold webrender,,77,ms,geckoview,False,|c|o|l|d| |w|e|b|r|e|n|d|e|r|,,4361205,13,8bad20cfa5c21f9f330712163e9ddf6ea850f908,102210fe594ee9b33d82058545b1ed14f4c8206e,android-hw-a51-11-0-aarch64-shippable-qr,amazon-search,True,,,,,,,,,,,,,,,,,,,,,,,,,,,,,,,,,,,,,,,,,,,,,,,,,,TN,,,,,,,,,,
451152217.0,1859640127,2024-03-18 16:13:31,2319.0,9a84c7a992c26cd844507c8b4a7215e1aa1dd56e,1394426,autoland,LastVisualChange,True,amazon-search LastVisualChange opt cold webrender,,77,ms,geckoview,False,|c|o|l|d| |w|e|b|r|e|n|d|e|r|,,4361205,13,8bad20cfa5c21f9f330712163e9ddf6ea850f908,102210fe594ee9b33d82058545b1ed14f4c8206e,android-hw-a51-11-0-aarch64-shippable-qr,amazon-search,True,,,,,,,,,,,,,,,,,,,,,,,,,,,,,,,,,,,,,,,,,,,,,,,,,,TN,,,,,,,,,,
451166910.0,1859728807,2024-03-18 17:45:54,2152.4,ab4a4d632bcfcdcb0f37c6791a75467e73c47795,1394460,autoland,LastVisualChange,True,amazon-search LastVisualChange opt cold webrender,,77,ms,geckoview,False,|c|o|l|d| |w|e|b|r|e|n|d|e|r|,,4361205,13,8bad20cfa5c21f9f330712163e9ddf6ea850f908,102210fe594ee9b33d82058545b1ed14f4c8206e,android-hw-a51-11-0-aarch64-shippable-qr,amazon-search,True,,,,,,,,,,,,,,,,,,,,,,,,,,,,,,,,,,,,,,,,,,,,,,,,,,TN,,,,,,,,,,
453038375.0,1867219386,2024-03-18 17:45:54,2105.7,ab4a4d632bcfcdcb0f37c6791a75467e73c47795,1394460,autoland,LastVisualChange,True,amazon-search LastVisualChange opt cold webrender,,77,ms,geckoview,False,|c|o|l|d| |w|e|b|r|e|n|d|e|r|,,4361205,13,8bad20cfa5c21f9f330712163e9ddf6ea850f908,102210fe594ee9b33d82058545b1ed14f4c8206e,android-hw-a51-11-0-aarch64-shippable-qr,amazon-search,True,,,,,,,,,,,,,,,,,,,,,,,,,,,,,,,,,,,,,,,,,,,,,,,,,,TN,,,,,,,,,,
453038378.0,1867219342,2024-03-18 17:45:54,2095.3,ab4a4d632bcfcdcb0f37c6791a75467e73c47795,1394460,autoland,LastVisualChange,True,amazon-search LastVisualChange opt cold webrender,,77,ms,geckoview,False,|c|o|l|d| |w|e|b|r|e|n|d|e|r|,,4361205,13,8bad20cfa5c21f9f330712163e9ddf6ea850f908,102210fe594ee9b33d82058545b1ed14f4c8206e,android-hw-a51-11-0-aarch64-shippable-qr,amazon-search,True,,,,,,,,,,,,,,,,,,,,,,,,,,,,,,,,,,,,,,,,,,,,,,,,,,TN,,,,,,,,,,
453039017.0,1867219805,2024-03-18 17:45:54,2188.9,ab4a4d632bcfcdcb0f37c6791a75467e73c47795,1394460,autoland,LastVisualChange,True,amazon-search LastVisualChange opt cold webrender,,77,ms,geckoview,False,|c|o|l|d| |w|e|b|r|e|n|d|e|r|,,4361205,13,8bad20cfa5c21f9f330712163e9ddf6ea850f908,102210fe594ee9b33d82058545b1ed14f4c8206e,android-hw-a51-11-0-aarch64-shippable-qr,amazon-search,True,,,,,,,,,,,,,,,,,,,,,,,,,,,,,,,,,,,,,,,,,,,,,,,,,,TN,,,,,,,,,,
453039018.0,1867220096,2024-03-18 17:45:54,2142.1,ab4a4d632bcfcdcb0f37c6791a75467e73c47795,1394460,autoland,LastVisualChange,True,amazon-search LastVisualChange opt cold webrender,,77,ms,geckoview,False,|c|o|l|d| |w|e|b|r|e|n|d|e|r|,,4361205,13,8bad20cfa5c21f9f330712163e9ddf6ea850f908,102210fe594ee9b33d82058545b1ed14f4c8206e,android-hw-a51-11-0-aarch64-shippable-qr,amazon-search,True,,,,,,,,,,,,,,,,,,,,,,,,,,,,,,,,,,,,,,,,,,,,,,,,,,TN,,,,,,,,,,
453039019.0,1867220057,2024-03-18 17:45:54,2185.9,ab4a4d632bcfcdcb0f37c6791a75467e73c47795,1394460,autoland,LastVisualChange,True,amazon-search LastVisualChange opt cold webrender,,77,ms,geckoview,False,|c|o|l|d| |w|e|b|r|e|n|d|e|r|,,4361205,13,8bad20cfa5c21f9f330712163e9ddf6ea850f908,102210fe594ee9b33d82058545b1ed14f4c8206e,android-hw-a51-11-0-aarch64-shippable-qr,amazon-search,True,,,,,,,,,,,,,,,,,,,,,,,,,,,,,,,,,,,,,,,,,,,,,,,,,,TN,,,,,,,,,,
453039024.0,1867220124,2024-03-18 17:45:54,2117.8,ab4a4d632bcfcdcb0f37c6791a75467e73c47795,1394460,autoland,LastVisualChange,True,amazon-search LastVisualChange opt cold webrender,,77,ms,geckoview,False,|c|o|l|d| |w|e|b|r|e|n|d|e|r|,,4361205,13,8bad20cfa5c21f9f330712163e9ddf6ea850f908,102210fe594ee9b33d82058545b1ed14f4c8206e,android-hw-a51-11-0-aarch64-shippable-qr,amazon-search,True,,,,,,,,,,,,,,,,,,,,,,,,,,,,,,,,,,,,,,,,,,,,,,,,,,TN,,,,,,,,,,
453039076.0,1867220239,2024-03-18 17:45:54,2184.5,ab4a4d632bcfcdcb0f37c6791a75467e73c47795,1394460,autoland,LastVisualChange,True,amazon-search LastVisualChange opt cold webrender,,77,ms,geckoview,False,|c|o|l|d| |w|e|b|r|e|n|d|e|r|,,4361205,13,8bad20cfa5c21f9f330712163e9ddf6ea850f908,102210fe594ee9b33d82058545b1ed14f4c8206e,android-hw-a51-11-0-aarch64-shippable-qr,amazon-search,True,,,,,,,,,,,,,,,,,,,,,,,,,,,,,,,,,,,,,,,,,,,,,,,,,,TN,,,,,,,,,,
453039077.0,1867221016,2024-03-18 17:45:54,2211.1,ab4a4d632bcfcdcb0f37c6791a75467e73c47795,1394460,autoland,LastVisualChange,True,amazon-search LastVisualChange opt cold webrender,,77,ms,geckoview,False,|c|o|l|d| |w|e|b|r|e|n|d|e|r|,,4361205,13,8bad20cfa5c21f9f330712163e9ddf6ea850f908,102210fe594ee9b33d82058545b1ed14f4c8206e,android-hw-a51-11-0-aarch64-shippable-qr,amazon-search,True,,,,,,,,,,,,,,,,,,,,,,,,,,,,,,,,,,,,,,,,,,,,,,,,,,TN,,,,,,,,,,
453039114.0,1867220990,2024-03-18 17:45:54,2125.6,ab4a4d632bcfcdcb0f37c6791a75467e73c47795,1394460,autoland,LastVisualChange,True,amazon-search LastVisualChange opt cold webrender,,77,ms,geckoview,False,|c|o|l|d| |w|e|b|r|e|n|d|e|r|,,4361205,13,8bad20cfa5c21f9f330712163e9ddf6ea850f908,102210fe594ee9b33d82058545b1ed14f4c8206e,android-hw-a51-11-0-aarch64-shippable-qr,amazon-search,True,,,,,,,,,,,,,,,,,,,,,,,,,,,,,,,,,,,,,,,,,,,,,,,,,,TN,,,,,,,,,,
451195743.0,1859835296,2024-03-18 20:20:59,2175.4,3d0c771e9c28d7bad460e8683406e4a832de5d93,1394525,autoland,LastVisualChange,True,amazon-search LastVisualChange opt cold webrender,,77,ms,geckoview,False,|c|o|l|d| |w|e|b|r|e|n|d|e|r|,,4361205,13,8bad20cfa5c21f9f330712163e9ddf6ea850f908,102210fe594ee9b33d82058545b1ed14f4c8206e,android-hw-a51-11-0-aarch64-shippable-qr,amazon-search,True,,,,,,,,,,,,,,,,,,,,,,,,,,,,,,,,,,,,,,,,,,,,,,,,,,TN,,,,,,,,,,
451218441.0,1859940851,2024-03-19 01:00:45,2101.4,0febedb51783638cc944e4b495547ccfedb4c43f,1394573,autoland,LastVisualChange,True,amazon-search LastVisualChange opt cold webrender,,77,ms,geckoview,False,|c|o|l|d| |w|e|b|r|e|n|d|e|r|,,4361205,13,8bad20cfa5c21f9f330712163e9ddf6ea850f908,102210fe594ee9b33d82058545b1ed14f4c8206e,android-hw-a51-11-0-aarch64-shippable-qr,amazon-search,True,,,,,,,,,,,,,,,,,,,,,,,,,,,,,,,,,,,,,,,,,,,,,,,,,,TN,,,,,,,,,,
451224441.0,1859968918,2024-03-19 02:26:21,2165.2,16ddc2d8ba870a73f3a200338e1400a51d2299c1,1394599,autoland,LastVisualChange,True,amazon-search LastVisualChange opt cold webrender,,77,ms,geckoview,False,|c|o|l|d| |w|e|b|r|e|n|d|e|r|,,4361205,13,8bad20cfa5c21f9f330712163e9ddf6ea850f908,102210fe594ee9b33d82058545b1ed14f4c8206e,android-hw-a51-11-0-aarch64-shippable-qr,amazon-search,True,,,,,,,,,,,,,,,,,,,,,,,,,,,,,,,,,,,,,,,,,,,,,,,,,,TN,,,,,,,,,,
451241563.0,1860032770,2024-03-19 06:03:35,2102.3,0fbe242e1d975dcdea4df1bc8187bd9ecfe80291,1394632,autoland,LastVisualChange,True,amazon-search LastVisualChange opt cold webrender,,77,ms,geckoview,False,|c|o|l|d| |w|e|b|r|e|n|d|e|r|,,4361205,13,8bad20cfa5c21f9f330712163e9ddf6ea850f908,102210fe594ee9b33d82058545b1ed14f4c8206e,android-hw-a51-11-0-aarch64-shippable-qr,amazon-search,True,,,,,,,,,,,,,,,,,,,,,,,,,,,,,,,,,,,,,,,,,,,,,,,,,,TN,,,,,,,,,,
451254315.0,1860086820,2024-03-19 08:17:39,2194.0,bd45b4ccb1292ec35d0fb6c623cb70b62fecd87b,1394665,autoland,LastVisualChange,True,amazon-search LastVisualChange opt cold webrender,,77,ms,geckoview,False,|c|o|l|d| |w|e|b|r|e|n|d|e|r|,,4361205,13,8bad20cfa5c21f9f330712163e9ddf6ea850f908,102210fe594ee9b33d82058545b1ed14f4c8206e,android-hw-a51-11-0-aarch64-shippable-qr,amazon-search,True,,,,,,,,,,,,,,,,,,,,,,,,,,,,,,,,,,,,,,,,,,,,,,,,,,TN,,,,,,,,,,
453042611.0,1867231024,2024-03-19 08:17:39,2117.6,bd45b4ccb1292ec35d0fb6c623cb70b62fecd87b,1394665,autoland,LastVisualChange,True,amazon-search LastVisualChange opt cold webrender,,77,ms,geckoview,False,|c|o|l|d| |w|e|b|r|e|n|d|e|r|,,4361205,13,8bad20cfa5c21f9f330712163e9ddf6ea850f908,102210fe594ee9b33d82058545b1ed14f4c8206e,android-hw-a51-11-0-aarch64-shippable-qr,amazon-search,True,,,,,,,,,,,,,,,,,,,,,,,,,,,,,,,,,,,,,,,,,,,,,,,,,,TN,,,,,,,,,,
453042619.0,1867231129,2024-03-19 08:17:39,2064.4,bd45b4ccb1292ec35d0fb6c623cb70b62fecd87b,1394665,autoland,LastVisualChange,True,amazon-search LastVisualChange opt cold webrender,,77,ms,geckoview,False,|c|o|l|d| |w|e|b|r|e|n|d|e|r|,,4361205,13,8bad20cfa5c21f9f330712163e9ddf6ea850f908,102210fe594ee9b33d82058545b1ed14f4c8206e,android-hw-a51-11-0-aarch64-shippable-qr,amazon-search,True,,,,,,,,,,,,,,,,,,,,,,,,,,,,,,,,,,,,,,,,,,,,,,,,,,TN,,,,,,,,,,
453042621.0,1867231309,2024-03-19 08:17:39,2124.7,bd45b4ccb1292ec35d0fb6c623cb70b62fecd87b,1394665,autoland,LastVisualChange,True,amazon-search LastVisualChange opt cold webrender,,77,ms,geckoview,False,|c|o|l|d| |w|e|b|r|e|n|d|e|r|,,4361205,13,8bad20cfa5c21f9f330712163e9ddf6ea850f908,102210fe594ee9b33d82058545b1ed14f4c8206e,android-hw-a51-11-0-aarch64-shippable-qr,amazon-search,True,,,,,,,,,,,,,,,,,,,,,,,,,,,,,,,,,,,,,,,,,,,,,,,,,,TN,,,,,,,,,,
453042742.0,1867231369,2024-03-19 08:17:39,2076.5,bd45b4ccb1292ec35d0fb6c623cb70b62fecd87b,1394665,autoland,LastVisualChange,True,amazon-search LastVisualChange opt cold webrender,,77,ms,geckoview,False,|c|o|l|d| |w|e|b|r|e|n|d|e|r|,,4361205,13,8bad20cfa5c21f9f330712163e9ddf6ea850f908,102210fe594ee9b33d82058545b1ed14f4c8206e,android-hw-a51-11-0-aarch64-shippable-qr,amazon-search,True,,,,,,,,,,,,,,,,,,,,,,,,,,,,,,,,,,,,,,,,,,,,,,,,,,TN,,,,,,,,,,
451287110.0,1860206050,2024-03-19 11:15:16,2436.5,a4280d9d04d7841f3a7286d7cb6d9667ed276e03,1394711,autoland,LastVisualChange,True,amazon-search LastVisualChange opt cold webrender,,77,ms,geckoview,False,|c|o|l|d| |w|e|b|r|e|n|d|e|r|,,4361205,13,8bad20cfa5c21f9f330712163e9ddf6ea850f908,102210fe594ee9b33d82058545b1ed14f4c8206e,android-hw-a51-11-0-aarch64-shippable-qr,amazon-search,True,,,,,,,,,,,,,,,,,,,,,,,,,,,,,,,,,,,,,,,,,,,,,,,,,,TN,,,,,,,,,,
453014411.0,1867122800,2024-03-19 13:24:16,2083.5,cc100568267a61b45307e4dcb400751716e6ca17,1394761,autoland,LastVisualChange,True,amazon-search LastVisualChange opt cold webrender,,77,ms,geckoview,False,|c|o|l|d| |w|e|b|r|e|n|d|e|r|,,4361205,13,8bad20cfa5c21f9f330712163e9ddf6ea850f908,102210fe594ee9b33d82058545b1ed14f4c8206e,android-hw-a51-11-0-aarch64-shippable-qr,amazon-search,True,,,,,,,,,,,,,,,,,,,,,,,,,,,,,,,,,,,,,,,,,,,,,,,,,,TN,,,,,,,,,,
451316752.0,1860276275,2024-03-19 13:28:22,2219.5,43d89580ba9c295f67bc3df94ba1aac23b435b63,1394763,autoland,LastVisualChange,True,amazon-search LastVisualChange opt cold webrender,,77,ms,geckoview,False,|c|o|l|d| |w|e|b|r|e|n|d|e|r|,,4361205,13,8bad20cfa5c21f9f330712163e9ddf6ea850f908,102210fe594ee9b33d82058545b1ed14f4c8206e,android-hw-a51-11-0-aarch64-shippable-qr,amazon-search,True,,,,,,,,,,,,,,,,,,,,,,,,,,,,,,,,,,,,,,,,,,,,,,,,,,TN,,,,,,,,,,
453014389.0,1867122536,2024-03-19 13:28:22,2061.6,43d89580ba9c295f67bc3df94ba1aac23b435b63,1394763,autoland,LastVisualChange,True,amazon-search LastVisualChange opt cold webrender,,77,ms,geckoview,False,|c|o|l|d| |w|e|b|r|e|n|d|e|r|,,4361205,13,8bad20cfa5c21f9f330712163e9ddf6ea850f908,102210fe594ee9b33d82058545b1ed14f4c8206e,android-hw-a51-11-0-aarch64-shippable-qr,amazon-search,True,,,,,,,,,,,,,,,,,,,,,,,,,,,,,,,,,,,,,,,,,,,,,,,,,,TN,,,,,,,,,,
453014388.0,1867121917,2024-03-19 13:30:21,2128.7,35bd4ace2aab29a326fe45ac8af6263a654e4923,1394765,autoland,LastVisualChange,True,amazon-search LastVisualChange opt cold webrender,,77,ms,geckoview,False,|c|o|l|d| |w|e|b|r|e|n|d|e|r|,,4361205,13,8bad20cfa5c21f9f330712163e9ddf6ea850f908,102210fe594ee9b33d82058545b1ed14f4c8206e,android-hw-a51-11-0-aarch64-shippable-qr,amazon-search,True,,,,,,,,,,,,,,,,,,,,,,,,,,,,,,,,,,,,,,,,,,,,,,,,,,TN,,,,,,,,,,
453014390.0,1867122467,2024-03-19 13:34:03,2115.8,3c6b70ffefcd6fa12f7e60940411338848ceecbd,1394767,autoland,LastVisualChange,True,amazon-search LastVisualChange opt cold webrender,,77,ms,geckoview,False,|c|o|l|d| |w|e|b|r|e|n|d|e|r|,,4361205,13,8bad20cfa5c21f9f330712163e9ddf6ea850f908,102210fe594ee9b33d82058545b1ed14f4c8206e,android-hw-a51-11-0-aarch64-shippable-qr,amazon-search,True,,,,,,,,,,,,,,,,,,,,,,,,,,,,,,,,,,,,,,,,,,,,,,,,,,TN,,,,,,,,,,
453014412.0,1867123111,2024-03-19 13:56:10,2167.6,7b0cb8c3d4cf20dd8f600e2f4162bba73de96ecd,1394779,autoland,LastVisualChange,True,amazon-search LastVisualChange opt cold webrender,,77,ms,geckoview,False,|c|o|l|d| |w|e|b|r|e|n|d|e|r|,,4361205,13,8bad20cfa5c21f9f330712163e9ddf6ea850f908,102210fe594ee9b33d82058545b1ed14f4c8206e,android-hw-a51-11-0-aarch64-shippable-qr,amazon-search,True,,,,,,,,,,,,,,,,,,,,,,,,,,,,,,,,,,,,,,,,,,,,,,,,,,TN,,,,,,,,,,
453014345.0,1867120873,2024-03-19 14:00:46,2099.8,86b02f822790d85a5792865a127f2a487d52534d,1394781,autoland,LastVisualChange,True,amazon-search LastVisualChange opt cold webrender,,77,ms,geckoview,False,|c|o|l|d| |w|e|b|r|e|n|d|e|r|,,4361205,13,8bad20cfa5c21f9f330712163e9ddf6ea850f908,102210fe594ee9b33d82058545b1ed14f4c8206e,android-hw-a51-11-0-aarch64-shippable-qr,amazon-search,True,,,,,,,,,,,,,,,,,,,,,,,,,,,,,,,,,,,,,,,,,,,,,,,,,,TN,,,,,,,,,,
453014434.0,1867123382,2024-03-19 14:02:11,2116.6,0746235dc3958b615e70977f3800811f64a764b4,1394784,autoland,LastVisualChange,True,amazon-search LastVisualChange opt cold webrender,,77,ms,geckoview,False,|c|o|l|d| |w|e|b|r|e|n|d|e|r|,,4361205,13,8bad20cfa5c21f9f330712163e9ddf6ea850f908,102210fe594ee9b33d82058545b1ed14f4c8206e,android-hw-a51-11-0-aarch64-shippable-qr,amazon-search,True,,,,,,,,,,,,,,,,,,,,,,,,,,,,,,,,,,,,,,,,,,,,,,,,,,TN,,,,,,,,,,
453014433.0,1867123058,2024-03-19 15:22:42,2105.6,adfe57981526527ef9d85979937d06f6e8b5c9ea,1394820,autoland,LastVisualChange,True,amazon-search LastVisualChange opt cold webrender,,77,ms,geckoview,False,|c|o|l|d| |w|e|b|r|e|n|d|e|r|,,4361205,13,8bad20cfa5c21f9f330712163e9ddf6ea850f908,102210fe594ee9b33d82058545b1ed14f4c8206e,android-hw-a51-11-0-aarch64-shippable-qr,amazon-search,True,,,,,,,,,,,,,,,,,,,,,,,,,,,,,,,,,,,,,,,,,,,,,,,,,,TN,,,,,,,,,,
453014435.0,1867123596,2024-03-19 15:33:07,2146.3,3f87e310a83ec89a9598ebc64f0a457dbb5316a8,1394829,autoland,LastVisualChange,True,amazon-search LastVisualChange opt cold webrender,,77,ms,geckoview,False,|c|o|l|d| |w|e|b|r|e|n|d|e|r|,,4361205,13,8bad20cfa5c21f9f330712163e9ddf6ea850f908,102210fe594ee9b33d82058545b1ed14f4c8206e,android-hw-a51-11-0-aarch64-shippable-qr,amazon-search,True,,,,,,,,,,,,,,,,,,,,,,,,,,,,,,,,,,,,,,,,,,,,,,,,,,TN,,,,,,,,,,
453014494.0,1867123251,2024-03-19 15:33:57,2134.6,dc2c79ec121bc45d80e22abc7b35f291f62d7386,1394830,autoland,LastVisualChange,True,amazon-search LastVisualChange opt cold webrender,,77,ms,geckoview,False,|c|o|l|d| |w|e|b|r|e|n|d|e|r|,,4361205,13,8bad20cfa5c21f9f330712163e9ddf6ea850f908,102210fe594ee9b33d82058545b1ed14f4c8206e,android-hw-a51-11-0-aarch64-shippable-qr,amazon-search,True,,,,,,,,,,,,,,,,,,,,,,,,,,,,,,,,,,,,,,,,,,,,,,,,,,TN,,,,,,,,,,
453024743.0,1867155940,2024-03-19 15:33:57,2159.8,dc2c79ec121bc45d80e22abc7b35f291f62d7386,1394830,autoland,LastVisualChange,True,amazon-search LastVisualChange opt cold webrender,,77,ms,geckoview,False,|c|o|l|d| |w|e|b|r|e|n|d|e|r|,,4361205,13,8bad20cfa5c21f9f330712163e9ddf6ea850f908,102210fe594ee9b33d82058545b1ed14f4c8206e,android-hw-a51-11-0-aarch64-shippable-qr,amazon-search,True,,,,,,,,,,,,,,,,,,,,,,,,,,,,,,,,,,,,,,,,,,,,,,,,,,TN,,,,,,,,,,
453024744.0,1867157630,2024-03-19 15:33:57,2112.1,dc2c79ec121bc45d80e22abc7b35f291f62d7386,1394830,autoland,LastVisualChange,True,amazon-search LastVisualChange opt cold webrender,,77,ms,geckoview,False,|c|o|l|d| |w|e|b|r|e|n|d|e|r|,,4361205,13,8bad20cfa5c21f9f330712163e9ddf6ea850f908,102210fe594ee9b33d82058545b1ed14f4c8206e,android-hw-a51-11-0-aarch64-shippable-qr,amazon-search,True,,,,,,,,,,,,,,,,,,,,,,,,,,,,,,,,,,,,,,,,,,,,,,,,,,TN,,,,,,,,,,
453024745.0,1867158670,2024-03-19 15:33:57,2131.4,dc2c79ec121bc45d80e22abc7b35f291f62d7386,1394830,autoland,LastVisualChange,True,amazon-search LastVisualChange opt cold webrender,,77,ms,geckoview,False,|c|o|l|d| |w|e|b|r|e|n|d|e|r|,,4361205,13,8bad20cfa5c21f9f330712163e9ddf6ea850f908,102210fe594ee9b33d82058545b1ed14f4c8206e,android-hw-a51-11-0-aarch64-shippable-qr,amazon-search,True,,,,,,,,,,,,,,,,,,,,,,,,,,,,,,,,,,,,,,,,,,,,,,,,,,TN,,,,,,,,,,
453024746.0,1867158743,2024-03-19 15:33:57,2094.3,dc2c79ec121bc45d80e22abc7b35f291f62d7386,1394830,autoland,LastVisualChange,True,amazon-search LastVisualChange opt cold webrender,,77,ms,geckoview,False,|c|o|l|d| |w|e|b|r|e|n|d|e|r|,,4361205,13,8bad20cfa5c21f9f330712163e9ddf6ea850f908,102210fe594ee9b33d82058545b1ed14f4c8206e,android-hw-a51-11-0-aarch64-shippable-qr,amazon-search,True,,,,,,,,,,,,,,,,,,,,,,,,,,,,,,,,,,,,,,,,,,,,,,,,,,TN,,,,,,,,,,
453014493.0,1867123035,2024-03-19 15:34:55,2111.3,2092d43bfaaeefc21ae6a09ba0b9e0a73668ed37,1394832,autoland,LastVisualChange,True,amazon-search LastVisualChange opt cold webrender,,77,ms,geckoview,False,|c|o|l|d| |w|e|b|r|e|n|d|e|r|,,4361205,13,8bad20cfa5c21f9f330712163e9ddf6ea850f908,102210fe594ee9b33d82058545b1ed14f4c8206e,android-hw-a51-11-0-aarch64-shippable-qr,amazon-search,True,,,,,,,,,,,,,,,,,,,,,,,,,,,,,,,,,,,,,,,,,,,,,,,,,,TN,,,,,,,,,,
453024756.0,1867159584,2024-03-19 15:34:55,2140.6,2092d43bfaaeefc21ae6a09ba0b9e0a73668ed37,1394832,autoland,LastVisualChange,True,amazon-search LastVisualChange opt cold webrender,,77,ms,geckoview,False,|c|o|l|d| |w|e|b|r|e|n|d|e|r|,,4361205,13,8bad20cfa5c21f9f330712163e9ddf6ea850f908,102210fe594ee9b33d82058545b1ed14f4c8206e,android-hw-a51-11-0-aarch64-shippable-qr,amazon-search,True,,,,,,,,,,,,,,,,,,,,,,,,,,,,,,,,,,,,,,,,,,,,,,,,,,TN,,,,,,,,,,
453024757.0,1867159760,2024-03-19 15:34:55,2076.0,2092d43bfaaeefc21ae6a09ba0b9e0a73668ed37,1394832,autoland,LastVisualChange,True,amazon-search LastVisualChange opt cold webrender,,77,ms,geckoview,False,|c|o|l|d| |w|e|b|r|e|n|d|e|r|,,4361205,13,8bad20cfa5c21f9f330712163e9ddf6ea850f908,102210fe594ee9b33d82058545b1ed14f4c8206e,android-hw-a51-11-0-aarch64-shippable-qr,amazon-search,True,,,,,,,,,,,,,,,,,,,,,,,,,,,,,,,,,,,,,,,,,,,,,,,,,,TN,,,,,,,,,,
453024758.0,1867159620,2024-03-19 15:34:55,2103.7,2092d43bfaaeefc21ae6a09ba0b9e0a73668ed37,1394832,autoland,LastVisualChange,True,amazon-search LastVisualChange opt cold webrender,,77,ms,geckoview,False,|c|o|l|d| |w|e|b|r|e|n|d|e|r|,,4361205,13,8bad20cfa5c21f9f330712163e9ddf6ea850f908,102210fe594ee9b33d82058545b1ed14f4c8206e,android-hw-a51-11-0-aarch64-shippable-qr,amazon-search,True,,,,,,,,,,,,,,,,,,,,,,,,,,,,,,,,,,,,,,,,,,,,,,,,,,TN,,,,,,,,,,
453024759.0,1867159608,2024-03-19 15:34:55,2131.5,2092d43bfaaeefc21ae6a09ba0b9e0a73668ed37,1394832,autoland,LastVisualChange,True,amazon-search LastVisualChange opt cold webrender,,77,ms,geckoview,False,|c|o|l|d| |w|e|b|r|e|n|d|e|r|,,4361205,13,8bad20cfa5c21f9f330712163e9ddf6ea850f908,102210fe594ee9b33d82058545b1ed14f4c8206e,android-hw-a51-11-0-aarch64-shippable-qr,amazon-search,True,,,,,,,,,,,,,,,,,,,,,,,,,,,,,,,,,,,,,,,,,,,,,,,,,,TN,,,,,,,,,,
453014491.0,1867123820,2024-03-19 15:35:48,2074.0,f983e945bb0df08a6d90ac794e316776e2eb7892,1394833,autoland,LastVisualChange,True,amazon-search LastVisualChange opt cold webrender,,77,ms,geckoview,False,|c|o|l|d| |w|e|b|r|e|n|d|e|r|,,4361205,13,8bad20cfa5c21f9f330712163e9ddf6ea850f908,102210fe594ee9b33d82058545b1ed14f4c8206e,android-hw-a51-11-0-aarch64-shippable-qr,amazon-search,True,,,,,,,,,,,,,,,,,,,,,,,,,,,,,,,,,,,,,,,,,,,,,,,,,,TN,,,,,,,,,,
453024777.0,1867159737,2024-03-19 15:35:48,2085.3,f983e945bb0df08a6d90ac794e316776e2eb7892,1394833,autoland,LastVisualChange,True,amazon-search LastVisualChange opt cold webrender,,77,ms,geckoview,False,|c|o|l|d| |w|e|b|r|e|n|d|e|r|,,4361205,13,8bad20cfa5c21f9f330712163e9ddf6ea850f908,102210fe594ee9b33d82058545b1ed14f4c8206e,android-hw-a51-11-0-aarch64-shippable-qr,amazon-search,True,,,,,,,,,,,,,,,,,,,,,,,,,,,,,,,,,,,,,,,,,,,,,,,,,,TN,,,,,,,,,,
453024778.0,1867159866,2024-03-19 15:35:48,2087.7,f983e945bb0df08a6d90ac794e316776e2eb7892,1394833,autoland,LastVisualChange,True,amazon-search LastVisualChange opt cold webrender,,77,ms,geckoview,False,|c|o|l|d| |w|e|b|r|e|n|d|e|r|,,4361205,13,8bad20cfa5c21f9f330712163e9ddf6ea850f908,102210fe594ee9b33d82058545b1ed14f4c8206e,android-hw-a51-11-0-aarch64-shippable-qr,amazon-search,True,,,,,,,,,,,,,,,,,,,,,,,,,,,,,,,,,,,,,,,,,,,,,,,,,,TN,,,,,,,,,,
453024779.0,1867159993,2024-03-19 15:35:48,2113.1,f983e945bb0df08a6d90ac794e316776e2eb7892,1394833,autoland,LastVisualChange,True,amazon-search LastVisualChange opt cold webrender,,77,ms,geckoview,False,|c|o|l|d| |w|e|b|r|e|n|d|e|r|,,4361205,13,8bad20cfa5c21f9f330712163e9ddf6ea850f908,102210fe594ee9b33d82058545b1ed14f4c8206e,android-hw-a51-11-0-aarch64-shippable-qr,amazon-search,True,,,,,,,,,,,,,,,,,,,,,,,,,,,,,,,,,,,,,,,,,,,,,,,,,,TN,,,,,,,,,,
453024780.0,1867159938,2024-03-19 15:35:48,2110.9,f983e945bb0df08a6d90ac794e316776e2eb7892,1394833,autoland,LastVisualChange,True,amazon-search LastVisualChange opt cold webrender,,77,ms,geckoview,False,|c|o|l|d| |w|e|b|r|e|n|d|e|r|,,4361205,13,8bad20cfa5c21f9f330712163e9ddf6ea850f908,102210fe594ee9b33d82058545b1ed14f4c8206e,android-hw-a51-11-0-aarch64-shippable-qr,amazon-search,True,,,,,,,,,,,,,,,,,,,,,,,,,,,,,,,,,,,,,,,,,,,,,,,,,,TN,,,,,,,,,,
453014492.0,1867122953,2024-03-19 15:36:41,2108.5,5b4c193400a219eeb807076839e43da8f9bacce5,1394835,autoland,LastVisualChange,True,amazon-search LastVisualChange opt cold webrender,,77,ms,geckoview,False,|c|o|l|d| |w|e|b|r|e|n|d|e|r|,,4361205,13,8bad20cfa5c21f9f330712163e9ddf6ea850f908,102210fe594ee9b33d82058545b1ed14f4c8206e,android-hw-a51-11-0-aarch64-shippable-qr,amazon-search,True,,,,,,,,,,,,,,,,,,,,,,,,,,,,,,,,,,,,,,,,,,,,,,,,,,TN,,,,,,,,,,
453025057.0,1867179786,2024-03-19 15:36:41,2281.5,5b4c193400a219eeb807076839e43da8f9bacce5,1394835,autoland,LastVisualChange,True,amazon-search LastVisualChange opt cold webrender,,77,ms,geckoview,False,|c|o|l|d| |w|e|b|r|e|n|d|e|r|,,4361205,13,8bad20cfa5c21f9f330712163e9ddf6ea850f908,102210fe594ee9b33d82058545b1ed14f4c8206e,android-hw-a51-11-0-aarch64-shippable-qr,amazon-search,True,,,,,,,,,,,,,,,,,,,,,,,,,,,,,,,,,,,,,,,,,,,,,,,,,,TN,,,,,,,,,,
453025058.0,1867180225,2024-03-19 15:36:41,2113.5,5b4c193400a219eeb807076839e43da8f9bacce5,1394835,autoland,LastVisualChange,True,amazon-search LastVisualChange opt cold webrender,,77,ms,geckoview,False,|c|o|l|d| |w|e|b|r|e|n|d|e|r|,,4361205,13,8bad20cfa5c21f9f330712163e9ddf6ea850f908,102210fe594ee9b33d82058545b1ed14f4c8206e,android-hw-a51-11-0-aarch64-shippable-qr,amazon-search,True,,,,,,,,,,,,,,,,,,,,,,,,,,,,,,,,,,,,,,,,,,,,,,,,,,TN,,,,,,,,,,
453025060.0,1867179328,2024-03-19 15:36:41,2075.4,5b4c193400a219eeb807076839e43da8f9bacce5,1394835,autoland,LastVisualChange,True,amazon-search LastVisualChange opt cold webrender,,77,ms,geckoview,False,|c|o|l|d| |w|e|b|r|e|n|d|e|r|,,4361205,13,8bad20cfa5c21f9f330712163e9ddf6ea850f908,102210fe594ee9b33d82058545b1ed14f4c8206e,android-hw-a51-11-0-aarch64-shippable-qr,amazon-search,True,,,,,,,,,,,,,,,,,,,,,,,,,,,,,,,,,,,,,,,,,,,,,,,,,,TN,,,,,,,,,,
453025062.0,1867180571,2024-03-19 15:36:41,2087.4,5b4c193400a219eeb807076839e43da8f9bacce5,1394835,autoland,LastVisualChange,True,amazon-search LastVisualChange opt cold webrender,,77,ms,geckoview,False,|c|o|l|d| |w|e|b|r|e|n|d|e|r|,,4361205,13,8bad20cfa5c21f9f330712163e9ddf6ea850f908,102210fe594ee9b33d82058545b1ed14f4c8206e,android-hw-a51-11-0-aarch64-shippable-qr,amazon-search,True,,,,,,,,,,,,,,,,,,,,,,,,,,,,,,,,,,,,,,,,,,,,,,,,,,TN,,,,,,,,,,
453014496.0,1867123884,2024-03-19 15:37:56,2115.0,dc701f4ef6c47286e8c2603ecc472cbaa342a608,1394836,autoland,LastVisualChange,True,amazon-search LastVisualChange opt cold webrender,,77,ms,geckoview,False,|c|o|l|d| |w|e|b|r|e|n|d|e|r|,,4361205,13,8bad20cfa5c21f9f330712163e9ddf6ea850f908,102210fe594ee9b33d82058545b1ed14f4c8206e,android-hw-a51-11-0-aarch64-shippable-qr,amazon-search,True,,,,,,,,,,,,,,,,,,,,,,,,,,,,,,,,,,,,,,,,,,,,,,,,,,TN,,,,,,,,,,
453025044.0,1867178595,2024-03-19 15:37:56,2092.8,dc701f4ef6c47286e8c2603ecc472cbaa342a608,1394836,autoland,LastVisualChange,True,amazon-search LastVisualChange opt cold webrender,,77,ms,geckoview,False,|c|o|l|d| |w|e|b|r|e|n|d|e|r|,,4361205,13,8bad20cfa5c21f9f330712163e9ddf6ea850f908,102210fe594ee9b33d82058545b1ed14f4c8206e,android-hw-a51-11-0-aarch64-shippable-qr,amazon-search,True,,,,,,,,,,,,,,,,,,,,,,,,,,,,,,,,,,,,,,,,,,,,,,,,,,TN,,,,,,,,,,
453025048.0,1867178455,2024-03-19 15:37:56,2095.4,dc701f4ef6c47286e8c2603ecc472cbaa342a608,1394836,autoland,LastVisualChange,True,amazon-search LastVisualChange opt cold webrender,,77,ms,geckoview,False,|c|o|l|d| |w|e|b|r|e|n|d|e|r|,,4361205,13,8bad20cfa5c21f9f330712163e9ddf6ea850f908,102210fe594ee9b33d82058545b1ed14f4c8206e,android-hw-a51-11-0-aarch64-shippable-qr,amazon-search,True,,,,,,,,,,,,,,,,,,,,,,,,,,,,,,,,,,,,,,,,,,,,,,,,,,TN,,,,,,,,,,
453025049.0,1867178725,2024-03-19 15:37:56,2557.8,dc701f4ef6c47286e8c2603ecc472cbaa342a608,1394836,autoland,LastVisualChange,True,amazon-search LastVisualChange opt cold webrender,,77,ms,geckoview,False,|c|o|l|d| |w|e|b|r|e|n|d|e|r|,,4361205,13,8bad20cfa5c21f9f330712163e9ddf6ea850f908,102210fe594ee9b33d82058545b1ed14f4c8206e,android-hw-a51-11-0-aarch64-shippable-qr,amazon-search,True,,,,,,,,,,,,,,,,,,,,,,,,,,,,,,,,,,,,,,,,,,,,,,,,,,TN,,,,,,,,,,
453025050.0,1867179842,2024-03-19 15:37:56,2455.6,dc701f4ef6c47286e8c2603ecc472cbaa342a608,1394836,autoland,LastVisualChange,True,amazon-search LastVisualChange opt cold webrender,,77,ms,geckoview,False,|c|o|l|d| |w|e|b|r|e|n|d|e|r|,,4361205,13,8bad20cfa5c21f9f330712163e9ddf6ea850f908,102210fe594ee9b33d82058545b1ed14f4c8206e,android-hw-a51-11-0-aarch64-shippable-qr,amazon-search,True,,,,,,,,,,,,,,,,,,,,,,,,,,,,,,,,,,,,,,,,,,,,,,,,,,TN,,,,,,,,,,
453014495.0,1867123773,2024-03-19 15:38:50,2209.6,79f80b3cf047bd2b1e6527a6c44053230722f1f7,1394837,autoland,LastVisualChange,True,amazon-search LastVisualChange opt cold webrender,,77,ms,geckoview,False,|c|o|l|d| |w|e|b|r|e|n|d|e|r|,,4361205,13,8bad20cfa5c21f9f330712163e9ddf6ea850f908,102210fe594ee9b33d82058545b1ed14f4c8206e,android-hw-a51-11-0-aarch64-shippable-qr,amazon-search,True,,,,,,,,,,,,,,,,,,,,,,,,,,,,,,,,,,,,,,,,,,,,,,,,,,TN,,,,,,,,,,
453024785.0,1867159841,2024-03-19 15:38:50,2149.3,79f80b3cf047bd2b1e6527a6c44053230722f1f7,1394837,autoland,LastVisualChange,True,amazon-search LastVisualChange opt cold webrender,,77,ms,geckoview,False,|c|o|l|d| |w|e|b|r|e|n|d|e|r|,,4361205,13,8bad20cfa5c21f9f330712163e9ddf6ea850f908,102210fe594ee9b33d82058545b1ed14f4c8206e,android-hw-a51-11-0-aarch64-shippable-qr,amazon-search,True,,,,,,,,,,,,,,,,,,,,,,,,,,,,,,,,,,,,,,,,,,,,,,,,,,TN,,,,,,,,,,
453024786.0,1867160282,2024-03-19 15:38:50,2143.1,79f80b3cf047bd2b1e6527a6c44053230722f1f7,1394837,autoland,LastVisualChange,True,amazon-search LastVisualChange opt cold webrender,,77,ms,geckoview,False,|c|o|l|d| |w|e|b|r|e|n|d|e|r|,,4361205,13,8bad20cfa5c21f9f330712163e9ddf6ea850f908,102210fe594ee9b33d82058545b1ed14f4c8206e,android-hw-a51-11-0-aarch64-shippable-qr,amazon-search,True,,,,,,,,,,,,,,,,,,,,,,,,,,,,,,,,,,,,,,,,,,,,,,,,,,TN,,,,,,,,,,
453024787.0,1867160233,2024-03-19 15:38:50,2150.9,79f80b3cf047bd2b1e6527a6c44053230722f1f7,1394837,autoland,LastVisualChange,True,amazon-search LastVisualChange opt cold webrender,,77,ms,geckoview,False,|c|o|l|d| |w|e|b|r|e|n|d|e|r|,,4361205,13,8bad20cfa5c21f9f330712163e9ddf6ea850f908,102210fe594ee9b33d82058545b1ed14f4c8206e,android-hw-a51-11-0-aarch64-shippable-qr,amazon-search,True,,,,,,,,,,,,,,,,,,,,,,,,,,,,,,,,,,,,,,,,,,,,,,,,,,TN,,,,,,,,,,
453024788.0,1867160157,2024-03-19 15:38:50,2113.4,79f80b3cf047bd2b1e6527a6c44053230722f1f7,1394837,autoland,LastVisualChange,True,amazon-search LastVisualChange opt cold webrender,,77,ms,geckoview,False,|c|o|l|d| |w|e|b|r|e|n|d|e|r|,,4361205,13,8bad20cfa5c21f9f330712163e9ddf6ea850f908,102210fe594ee9b33d82058545b1ed14f4c8206e,android-hw-a51-11-0-aarch64-shippable-qr,amazon-search,True,,,,,,,,,,,,,,,,,,,,,,,,,,,,,,,,,,,,,,,,,,,,,,,,,,TN,,,,,,,,,,
453014384.0,1867122163,2024-03-19 15:39:40,2086.4,6be5ac2730b807b3b16659edc3d79b645564c79b,1394838,autoland,LastVisualChange,True,amazon-search LastVisualChange opt cold webrender,,77,ms,geckoview,False,|c|o|l|d| |w|e|b|r|e|n|d|e|r|,,4361205,13,8bad20cfa5c21f9f330712163e9ddf6ea850f908,102210fe594ee9b33d82058545b1ed14f4c8206e,android-hw-a51-11-0-aarch64-shippable-qr,amazon-search,True,,,,,,,,,,,,,,,,,,,,,,,,,,,,,,,,,,,,,,,,,,,,,,,,,,TN,,,,,,,,,,
453024800.0,1867160353,2024-03-19 15:39:40,2171.0,6be5ac2730b807b3b16659edc3d79b645564c79b,1394838,autoland,LastVisualChange,True,amazon-search LastVisualChange opt cold webrender,,77,ms,geckoview,False,|c|o|l|d| |w|e|b|r|e|n|d|e|r|,,4361205,13,8bad20cfa5c21f9f330712163e9ddf6ea850f908,102210fe594ee9b33d82058545b1ed14f4c8206e,android-hw-a51-11-0-aarch64-shippable-qr,amazon-search,True,,,,,,,,,,,,,,,,,,,,,,,,,,,,,,,,,,,,,,,,,,,,,,,,,,TN,,,,,,,,,,
453024803.0,1867160563,2024-03-19 15:39:40,2135.2,6be5ac2730b807b3b16659edc3d79b645564c79b,1394838,autoland,LastVisualChange,True,amazon-search LastVisualChange opt cold webrender,,77,ms,geckoview,False,|c|o|l|d| |w|e|b|r|e|n|d|e|r|,,4361205,13,8bad20cfa5c21f9f330712163e9ddf6ea850f908,102210fe594ee9b33d82058545b1ed14f4c8206e,android-hw-a51-11-0-aarch64-shippable-qr,amazon-search,True,,,,,,,,,,,,,,,,,,,,,,,,,,,,,,,,,,,,,,,,,,,,,,,,,,TN,,,,,,,,,,
453024804.0,1867160498,2024-03-19 15:39:40,2136.3,6be5ac2730b807b3b16659edc3d79b645564c79b,1394838,autoland,LastVisualChange,True,amazon-search LastVisualChange opt cold webrender,,77,ms,geckoview,False,|c|o|l|d| |w|e|b|r|e|n|d|e|r|,,4361205,13,8bad20cfa5c21f9f330712163e9ddf6ea850f908,102210fe594ee9b33d82058545b1ed14f4c8206e,android-hw-a51-11-0-aarch64-shippable-qr,amazon-search,True,,,,,,,,,,,,,,,,,,,,,,,,,,,,,,,,,,,,,,,,,,,,,,,,,,TN,,,,,,,,,,
453024805.0,1867160589,2024-03-19 15:39:40,2145.0,6be5ac2730b807b3b16659edc3d79b645564c79b,1394838,autoland,LastVisualChange,True,amazon-search LastVisualChange opt cold webrender,,77,ms,geckoview,False,|c|o|l|d| |w|e|b|r|e|n|d|e|r|,,4361205,13,8bad20cfa5c21f9f330712163e9ddf6ea850f908,102210fe594ee9b33d82058545b1ed14f4c8206e,android-hw-a51-11-0-aarch64-shippable-qr,amazon-search,True,,,,,,,,,,,,,,,,,,,,,,,,,,,,,,,,,,,,,,,,,,,,,,,,,,TN,,,,,,,,,,
453014474.0,1867122879,2024-03-19 16:34:39,2153.9,7343078a368c7afc58db7d3236d03fcdca07b1fd,1394861,autoland,LastVisualChange,True,amazon-search LastVisualChange opt cold webrender,,77,ms,geckoview,False,|c|o|l|d| |w|e|b|r|e|n|d|e|r|,,4361205,13,8bad20cfa5c21f9f330712163e9ddf6ea850f908,102210fe594ee9b33d82058545b1ed14f4c8206e,android-hw-a51-11-0-aarch64-shippable-qr,amazon-search,True,,,,,,,,,,,,,,,,,,,,,,,,,,,,,,,,,,,,,,,,,,,,,,,,,,TN,,,,,,,,,,
453025056.0,1867179816,2024-03-19 16:34:39,2230.3,7343078a368c7afc58db7d3236d03fcdca07b1fd,1394861,autoland,LastVisualChange,True,amazon-search LastVisualChange opt cold webrender,,77,ms,geckoview,False,|c|o|l|d| |w|e|b|r|e|n|d|e|r|,,4361205,13,8bad20cfa5c21f9f330712163e9ddf6ea850f908,102210fe594ee9b33d82058545b1ed14f4c8206e,android-hw-a51-11-0-aarch64-shippable-qr,amazon-search,True,,,,,,,,,,,,,,,,,,,,,,,,,,,,,,,,,,,,,,,,,,,,,,,,,,TN,,,,,,,,,,
453025059.0,1867179693,2024-03-19 16:34:39,2119.3,7343078a368c7afc58db7d3236d03fcdca07b1fd,1394861,autoland,LastVisualChange,True,amazon-search LastVisualChange opt cold webrender,,77,ms,geckoview,False,|c|o|l|d| |w|e|b|r|e|n|d|e|r|,,4361205,13,8bad20cfa5c21f9f330712163e9ddf6ea850f908,102210fe594ee9b33d82058545b1ed14f4c8206e,android-hw-a51-11-0-aarch64-shippable-qr,amazon-search,True,,,,,,,,,,,,,,,,,,,,,,,,,,,,,,,,,,,,,,,,,,,,,,,,,,TN,,,,,,,,,,
453025061.0,1867180338,2024-03-19 16:34:39,2108.3,7343078a368c7afc58db7d3236d03fcdca07b1fd,1394861,autoland,LastVisualChange,True,amazon-search LastVisualChange opt cold webrender,,77,ms,geckoview,False,|c|o|l|d| |w|e|b|r|e|n|d|e|r|,,4361205,13,8bad20cfa5c21f9f330712163e9ddf6ea850f908,102210fe594ee9b33d82058545b1ed14f4c8206e,android-hw-a51-11-0-aarch64-shippable-qr,amazon-search,True,,,,,,,,,,,,,,,,,,,,,,,,,,,,,,,,,,,,,,,,,,,,,,,,,,TN,,,,,,,,,,
453025063.0,1867181352,2024-03-19 16:34:39,2080.5,7343078a368c7afc58db7d3236d03fcdca07b1fd,1394861,autoland,LastVisualChange,True,amazon-search LastVisualChange opt cold webrender,,77,ms,geckoview,False,|c|o|l|d| |w|e|b|r|e|n|d|e|r|,,4361205,13,8bad20cfa5c21f9f330712163e9ddf6ea850f908,102210fe594ee9b33d82058545b1ed14f4c8206e,android-hw-a51-11-0-aarch64-shippable-qr,amazon-search,True,,,,,,,,,,,,,,,,,,,,,,,,,,,,,,,,,,,,,,,,,,,,,,,,,,TN,,,,,,,,,,
453014475.0,1867123796,2024-03-19 17:01:41,2112.1,f1fbe41260ccd8c334edcef9a356b9484bd15710,1394871,autoland,LastVisualChange,True,amazon-search LastVisualChange opt cold webrender,,77,ms,geckoview,False,|c|o|l|d| |w|e|b|r|e|n|d|e|r|,,4361205,13,8bad20cfa5c21f9f330712163e9ddf6ea850f908,102210fe594ee9b33d82058545b1ed14f4c8206e,android-hw-a51-11-0-aarch64-shippable-qr,amazon-search,True,,,,,,,,,,,,,,,,,,,,,,,,,,,,,,,,,,,,,,,,,,,,,,,,,,TN,,,,,,,,,,
453025026.0,1867178188,2024-03-19 17:01:41,2356.6,f1fbe41260ccd8c334edcef9a356b9484bd15710,1394871,autoland,LastVisualChange,True,amazon-search LastVisualChange opt cold webrender,,77,ms,geckoview,False,|c|o|l|d| |w|e|b|r|e|n|d|e|r|,,4361205,13,8bad20cfa5c21f9f330712163e9ddf6ea850f908,102210fe594ee9b33d82058545b1ed14f4c8206e,android-hw-a51-11-0-aarch64-shippable-qr,amazon-search,True,,,,,,,,,,,,,,,,,,,,,,,,,,,,,,,,,,,,,,,,,,,,,,,,,,TN,,,,,,,,,,
453025034.0,1867177978,2024-03-19 17:01:41,2296.2,f1fbe41260ccd8c334edcef9a356b9484bd15710,1394871,autoland,LastVisualChange,True,amazon-search LastVisualChange opt cold webrender,,77,ms,geckoview,False,|c|o|l|d| |w|e|b|r|e|n|d|e|r|,,4361205,13,8bad20cfa5c21f9f330712163e9ddf6ea850f908,102210fe594ee9b33d82058545b1ed14f4c8206e,android-hw-a51-11-0-aarch64-shippable-qr,amazon-search,True,,,,,,,,,,,,,,,,,,,,,,,,,,,,,,,,,,,,,,,,,,,,,,,,,,TN,,,,,,,,,,
453025035.0,1867177906,2024-03-19 17:01:41,2456.5,f1fbe41260ccd8c334edcef9a356b9484bd15710,1394871,autoland,LastVisualChange,True,amazon-search LastVisualChange opt cold webrender,,77,ms,geckoview,False,|c|o|l|d| |w|e|b|r|e|n|d|e|r|,,4361205,13,8bad20cfa5c21f9f330712163e9ddf6ea850f908,102210fe594ee9b33d82058545b1ed14f4c8206e,android-hw-a51-11-0-aarch64-shippable-qr,amazon-search,True,,,,,,,,,,,,,,,,,,,,,,,,,,,,,,,,,,,,,,,,,,,,,,,,,,TN,,,,,,,,,,
453025036.0,1867178311,2024-03-19 17:01:41,2145.3,f1fbe41260ccd8c334edcef9a356b9484bd15710,1394871,autoland,LastVisualChange,True,amazon-search LastVisualChange opt cold webrender,,77,ms,geckoview,False,|c|o|l|d| |w|e|b|r|e|n|d|e|r|,,4361205,13,8bad20cfa5c21f9f330712163e9ddf6ea850f908,102210fe594ee9b33d82058545b1ed14f4c8206e,android-hw-a51-11-0-aarch64-shippable-qr,amazon-search,True,,,,,,,,,,,,,,,,,,,,,,,,,,,,,,,,,,,,,,,,,,,,,,,,,,TN,,,,,,,,,,
453014391.0,1867122823,2024-03-19 17:02:34,2116.0,90c7bb425e9215f104b1646f0cb78f064eee85b8,1394872,autoland,LastVisualChange,True,amazon-search LastVisualChange opt cold webrender,,77,ms,geckoview,False,|c|o|l|d| |w|e|b|r|e|n|d|e|r|,,4361205,13,8bad20cfa5c21f9f330712163e9ddf6ea850f908,102210fe594ee9b33d82058545b1ed14f4c8206e,android-hw-a51-11-0-aarch64-shippable-qr,amazon-search,True,,,,,,,,,,,,,,,,,,,,,,,,,,,,,,,,,,,,,,,,,,,,,,,,,,TN,,,,,,,,,,
453024806.0,1867160527,2024-03-19 17:02:34,2090.1,90c7bb425e9215f104b1646f0cb78f064eee85b8,1394872,autoland,LastVisualChange,True,amazon-search LastVisualChange opt cold webrender,,77,ms,geckoview,False,|c|o|l|d| |w|e|b|r|e|n|d|e|r|,,4361205,13,8bad20cfa5c21f9f330712163e9ddf6ea850f908,102210fe594ee9b33d82058545b1ed14f4c8206e,android-hw-a51-11-0-aarch64-shippable-qr,amazon-search,True,,,,,,,,,,,,,,,,,,,,,,,,,,,,,,,,,,,,,,,,,,,,,,,,,,TN,,,,,,,,,,
453024808.0,1867160613,2024-03-19 17:02:34,2106.5,90c7bb425e9215f104b1646f0cb78f064eee85b8,1394872,autoland,LastVisualChange,True,amazon-search LastVisualChange opt cold webrender,,77,ms,geckoview,False,|c|o|l|d| |w|e|b|r|e|n|d|e|r|,,4361205,13,8bad20cfa5c21f9f330712163e9ddf6ea850f908,102210fe594ee9b33d82058545b1ed14f4c8206e,android-hw-a51-11-0-aarch64-shippable-qr,amazon-search,True,,,,,,,,,,,,,,,,,,,,,,,,,,,,,,,,,,,,,,,,,,,,,,,,,,TN,,,,,,,,,,
453024809.0,1867160951,2024-03-19 17:02:34,2130.3,90c7bb425e9215f104b1646f0cb78f064eee85b8,1394872,autoland,LastVisualChange,True,amazon-search LastVisualChange opt cold webrender,,77,ms,geckoview,False,|c|o|l|d| |w|e|b|r|e|n|d|e|r|,,4361205,13,8bad20cfa5c21f9f330712163e9ddf6ea850f908,102210fe594ee9b33d82058545b1ed14f4c8206e,android-hw-a51-11-0-aarch64-shippable-qr,amazon-search,True,,,,,,,,,,,,,,,,,,,,,,,,,,,,,,,,,,,,,,,,,,,,,,,,,,TN,,,,,,,,,,
453024810.0,1867160756,2024-03-19 17:02:34,2065.5,90c7bb425e9215f104b1646f0cb78f064eee85b8,1394872,autoland,LastVisualChange,True,amazon-search LastVisualChange opt cold webrender,,77,ms,geckoview,False,|c|o|l|d| |w|e|b|r|e|n|d|e|r|,,4361205,13,8bad20cfa5c21f9f330712163e9ddf6ea850f908,102210fe594ee9b33d82058545b1ed14f4c8206e,android-hw-a51-11-0-aarch64-shippable-qr,amazon-search,True,,,,,,,,,,,,,,,,,,,,,,,,,,,,,,,,,,,,,,,,,,,,,,,,,,TN,,,,,,,,,,
453025144.0,1867207190,2024-03-19 17:02:34,2126.9,90c7bb425e9215f104b1646f0cb78f064eee85b8,1394872,autoland,LastVisualChange,True,amazon-search LastVisualChange opt cold webrender,,77,ms,geckoview,False,|c|o|l|d| |w|e|b|r|e|n|d|e|r|,,4361205,13,8bad20cfa5c21f9f330712163e9ddf6ea850f908,102210fe594ee9b33d82058545b1ed14f4c8206e,android-hw-a51-11-0-aarch64-shippable-qr,amazon-search,True,,,,,,,,,,,,,,,,,,,,,,,,,,,,,,,,,,,,,,,,,,,,,,,,,,TN,,,,,,,,,,
451358965.0,1860473655,2024-03-19 17:03:22,2156.7,3d4f500d317cd4c54e93299c01efed1c4354deb7,1394873,autoland,LastVisualChange,True,amazon-search LastVisualChange opt cold webrender,,77,ms,geckoview,False,|c|o|l|d| |w|e|b|r|e|n|d|e|r|,,4361205,13,8bad20cfa5c21f9f330712163e9ddf6ea850f908,102210fe594ee9b33d82058545b1ed14f4c8206e,android-hw-a51-11-0-aarch64-shippable-qr,amazon-search,True,,,,,,,,,,,,,,,,,,,,,,,,,,,,,,,,,,,,,,,,,,,,,,,,,,TN,,,,,,,,,,
453014410.0,1867122439,2024-03-19 17:03:22,2114.7,3d4f500d317cd4c54e93299c01efed1c4354deb7,1394873,autoland,LastVisualChange,True,amazon-search LastVisualChange opt cold webrender,,77,ms,geckoview,False,|c|o|l|d| |w|e|b|r|e|n|d|e|r|,,4361205,13,8bad20cfa5c21f9f330712163e9ddf6ea850f908,102210fe594ee9b33d82058545b1ed14f4c8206e,android-hw-a51-11-0-aarch64-shippable-qr,amazon-search,True,,,,,,,,,,,,,,,,,,,,,,,,,,,,,,,,,,,,,,,,,,,,,,,,,,TN,,,,,,,,,,
453025150.0,1867207285,2024-03-19 17:03:22,2177.7,3d4f500d317cd4c54e93299c01efed1c4354deb7,1394873,autoland,LastVisualChange,True,amazon-search LastVisualChange opt cold webrender,,77,ms,geckoview,False,|c|o|l|d| |w|e|b|r|e|n|d|e|r|,,4361205,13,8bad20cfa5c21f9f330712163e9ddf6ea850f908,102210fe594ee9b33d82058545b1ed14f4c8206e,android-hw-a51-11-0-aarch64-shippable-qr,amazon-search,True,,,,,,,,,,,,,,,,,,,,,,,,,,,,,,,,,,,,,,,,,,,,,,,,,,TN,,,,,,,,,,
453025154.0,1867211673,2024-03-19 17:03:22,2147.7,3d4f500d317cd4c54e93299c01efed1c4354deb7,1394873,autoland,LastVisualChange,True,amazon-search LastVisualChange opt cold webrender,,77,ms,geckoview,False,|c|o|l|d| |w|e|b|r|e|n|d|e|r|,,4361205,13,8bad20cfa5c21f9f330712163e9ddf6ea850f908,102210fe594ee9b33d82058545b1ed14f4c8206e,android-hw-a51-11-0-aarch64-shippable-qr,amazon-search,True,,,,,,,,,,,,,,,,,,,,,,,,,,,,,,,,,,,,,,,,,,,,,,,,,,TN,,,,,,,,,,
453025155.0,1867211609,2024-03-19 17:03:22,2129.8,3d4f500d317cd4c54e93299c01efed1c4354deb7,1394873,autoland,LastVisualChange,True,amazon-search LastVisualChange opt cold webrender,,77,ms,geckoview,False,|c|o|l|d| |w|e|b|r|e|n|d|e|r|,,4361205,13,8bad20cfa5c21f9f330712163e9ddf6ea850f908,102210fe594ee9b33d82058545b1ed14f4c8206e,android-hw-a51-11-0-aarch64-shippable-qr,amazon-search,True,,,,,,,,,,,,,,,,,,,,,,,,,,,,,,,,,,,,,,,,,,,,,,,,,,TN,,,,,,,,,,
453025156.0,1867212387,2024-03-19 17:03:22,2124.0,3d4f500d317cd4c54e93299c01efed1c4354deb7,1394873,autoland,LastVisualChange,True,amazon-search LastVisualChange opt cold webrender,,77,ms,geckoview,False,|c|o|l|d| |w|e|b|r|e|n|d|e|r|,,4361205,13,8bad20cfa5c21f9f330712163e9ddf6ea850f908,102210fe594ee9b33d82058545b1ed14f4c8206e,android-hw-a51-11-0-aarch64-shippable-qr,amazon-search,True,,,,,,,,,,,,,,,,,,,,,,,,,,,,,,,,,,,,,,,,,,,,,,,,,,TN,,,,,,,,,,
453025157.0,1867212716,2024-03-19 17:03:22,2133.7,3d4f500d317cd4c54e93299c01efed1c4354deb7,1394873,autoland,LastVisualChange,True,amazon-search LastVisualChange opt cold webrender,,77,ms,geckoview,False,|c|o|l|d| |w|e|b|r|e|n|d|e|r|,,4361205,13,8bad20cfa5c21f9f330712163e9ddf6ea850f908,102210fe594ee9b33d82058545b1ed14f4c8206e,android-hw-a51-11-0-aarch64-shippable-qr,amazon-search,True,,,,,,,,,,,,,,,,,,,,,,,,,,,,,,,,,,,,,,,,,,,,,,,,,,TN,,,,,,,,,,
453025149.0,1867208576,2024-03-19 17:05:18,2273.6,7305404462c07cbaecb903621abbdf6c87a6f5cd,1394874,autoland,LastVisualChange,True,amazon-search LastVisualChange opt cold webrender,,77,ms,geckoview,False,|c|o|l|d| |w|e|b|r|e|n|d|e|r|,,4361205,13,8bad20cfa5c21f9f330712163e9ddf6ea850f908,102210fe594ee9b33d82058545b1ed14f4c8206e,android-hw-a51-11-0-aarch64-shippable-qr,amazon-search,True,,,,,,,,,,,,,,,,,,,,,,,,,,,,,,,,,,,,,,,,,,,,,,,,,,TN,,,,,,,,,,
453025090.0,1867206804,2024-03-19 17:06:07,2146.2,b385fda596419557a627195eeca04e00e5e70853,1394875,autoland,LastVisualChange,True,amazon-search LastVisualChange opt cold webrender,,77,ms,geckoview,False,|c|o|l|d| |w|e|b|r|e|n|d|e|r|,,4361205,13,8bad20cfa5c21f9f330712163e9ddf6ea850f908,102210fe594ee9b33d82058545b1ed14f4c8206e,android-hw-a51-11-0-aarch64-shippable-qr,amazon-search,True,,,,,,,,,,,,,,,,,,,,,,,,,,,,,,,,,,,,,,,,,,,,,,,,,,TN,,,,,,,,,,
453025089.0,1867207111,2024-03-19 17:07:00,2171.5,37ad73d4bc67da9987ba83e4312129adcab098b1,1394877,autoland,LastVisualChange,True,amazon-search LastVisualChange opt cold webrender,,77,ms,geckoview,False,|c|o|l|d| |w|e|b|r|e|n|d|e|r|,,4361205,13,8bad20cfa5c21f9f330712163e9ddf6ea850f908,102210fe594ee9b33d82058545b1ed14f4c8206e,android-hw-a51-11-0-aarch64-shippable-qr,amazon-search,True,,,,,,,,,,,,,,,,,,,,,,,,,,,,,,,,,,,,,,,,,,,,,,,,,,TN,,,,,,,,,,
453024820.0,1867161487,2024-03-19 17:10:24,2103.0,075d02b3d330cb754d21972246fd20adb3ec0b41,1394878,autoland,LastVisualChange,True,amazon-search LastVisualChange opt cold webrender,,77,ms,geckoview,False,|c|o|l|d| |w|e|b|r|e|n|d|e|r|,,4361205,13,8bad20cfa5c21f9f330712163e9ddf6ea850f908,102210fe594ee9b33d82058545b1ed14f4c8206e,android-hw-a51-11-0-aarch64-shippable-qr,amazon-search,True,,,,,,,,,,,,,,,,,,,,,,,,,,,,,,,,,,,,,,,,,,,,,,,,,,TN,,,,,,,,,,
453024835.0,1867162792,2024-03-19 17:11:12,2141.8,b2f4fc8e6b027e886b2e54c0810b8338eae1f9a0,1394879,autoland,LastVisualChange,True,amazon-search LastVisualChange opt cold webrender,,77,ms,geckoview,False,|c|o|l|d| |w|e|b|r|e|n|d|e|r|,,4361205,13,8bad20cfa5c21f9f330712163e9ddf6ea850f908,102210fe594ee9b33d82058545b1ed14f4c8206e,android-hw-a51-11-0-aarch64-shippable-qr,amazon-search,True,,,,,,,,,,,,,,,,,,,,,,,,,,,,,,,,,,,,,,,,,,,,,,,,,,TN,,,,,,,,,,
453024837.0,1867164433,2024-03-19 17:11:58,2111.3,0b1b88d093f40f192d0d1fc959c0fcfaaebc3c68,1394883,autoland,LastVisualChange,True,amazon-search LastVisualChange opt cold webrender,,77,ms,geckoview,False,|c|o|l|d| |w|e|b|r|e|n|d|e|r|,,4361205,13,8bad20cfa5c21f9f330712163e9ddf6ea850f908,102210fe594ee9b33d82058545b1ed14f4c8206e,android-hw-a51-11-0-aarch64-shippable-qr,amazon-search,True,,,,,,,,,,,,,,,,,,,,,,,,,,,,,,,,,,,,,,,,,,,,,,,,,,TN,,,,,,,,,,
453024833.0,1867162249,2024-03-19 17:12:43,2082.8,c5e567a16b9bdfa4d4b95c996419580ace3d7e61,1394884,autoland,LastVisualChange,True,amazon-search LastVisualChange opt cold webrender,,77,ms,geckoview,False,|c|o|l|d| |w|e|b|r|e|n|d|e|r|,,4361205,13,8bad20cfa5c21f9f330712163e9ddf6ea850f908,102210fe594ee9b33d82058545b1ed14f4c8206e,android-hw-a51-11-0-aarch64-shippable-qr,amazon-search,True,,,,,,,,,,,,,,,,,,,,,,,,,,,,,,,,,,,,,,,,,,,,,,,,,,TN,,,,,,,,,,
453024855.0,1867165133,2024-03-19 17:13:28,2150.3,b9c4f8219055730cdbeebf4409b982580f466cd2,1394885,autoland,LastVisualChange,True,amazon-search LastVisualChange opt cold webrender,,77,ms,geckoview,False,|c|o|l|d| |w|e|b|r|e|n|d|e|r|,,4361205,13,8bad20cfa5c21f9f330712163e9ddf6ea850f908,102210fe594ee9b33d82058545b1ed14f4c8206e,android-hw-a51-11-0-aarch64-shippable-qr,amazon-search,True,,,,,,,,,,,,,,,,,,,,,,,,,,,,,,,,,,,,,,,,,,,,,,,,,,TN,,,,,,,,,,
453025185.0,1867214393,2024-03-19 17:14:13,2128.1,133faaf08dd783faeb88f98aa8104fb3c8f6cf1c,1394887,autoland,LastVisualChange,True,amazon-search LastVisualChange opt cold webrender,,77,ms,geckoview,False,|c|o|l|d| |w|e|b|r|e|n|d|e|r|,,4361205,13,8bad20cfa5c21f9f330712163e9ddf6ea850f908,102210fe594ee9b33d82058545b1ed14f4c8206e,android-hw-a51-11-0-aarch64-shippable-qr,amazon-search,True,,,,,,,,,,,,,,,,,,,,,,,,,,,,,,,,,,,,,,,,,,,,,,,,,,TN,,,,,,,,,,
453025194.0,1867214786,2024-03-19 17:15:04,2146.8,f635514491d2a8a5482389b5ac410a5744d6c4a9,1394888,autoland,LastVisualChange,True,amazon-search LastVisualChange opt cold webrender,,77,ms,geckoview,False,|c|o|l|d| |w|e|b|r|e|n|d|e|r|,,4361205,13,8bad20cfa5c21f9f330712163e9ddf6ea850f908,102210fe594ee9b33d82058545b1ed14f4c8206e,android-hw-a51-11-0-aarch64-shippable-qr,amazon-search,True,,,,,,,,,,,,,,,,,,,,,,,,,,,,,,,,,,,,,,,,,,,,,,,,,,TN,,,,,,,,,,
453024870.0,1867174566,2024-03-19 17:15:57,2157.2,5fa7e85069490f978df94d392ba80487fb41635d,1394889,autoland,LastVisualChange,True,amazon-search LastVisualChange opt cold webrender,,77,ms,geckoview,False,|c|o|l|d| |w|e|b|r|e|n|d|e|r|,,4361205,13,8bad20cfa5c21f9f330712163e9ddf6ea850f908,102210fe594ee9b33d82058545b1ed14f4c8206e,android-hw-a51-11-0-aarch64-shippable-qr,amazon-search,True,,,,,,,,,,,,,,,,,,,,,,,,,,,,,,,,,,,,,,,,,,,,,,,,,,TN,,,,,,,,,,
453024869.0,1867173000,2024-03-19 17:16:44,2151.2,07eab96de41b5162064b8800d06ad56840895f55,1394891,autoland,LastVisualChange,True,amazon-search LastVisualChange opt cold webrender,,77,ms,geckoview,False,|c|o|l|d| |w|e|b|r|e|n|d|e|r|,,4361205,13,8bad20cfa5c21f9f330712163e9ddf6ea850f908,102210fe594ee9b33d82058545b1ed14f4c8206e,android-hw-a51-11-0-aarch64-shippable-qr,amazon-search,True,,,,,,,,,,,,,,,,,,,,,,,,,,,,,,,,,,,,,,,,,,,,,,,,,,TN,,,,,,,,,,
453024873.0,1867174465,2024-03-19 19:01:17,2096.3,67c27892c2fb09cfce61f59fb72bb0d12422f24f,1394924,autoland,LastVisualChange,True,amazon-search LastVisualChange opt cold webrender,,77,ms,geckoview,False,|c|o|l|d| |w|e|b|r|e|n|d|e|r|,,4361205,13,8bad20cfa5c21f9f330712163e9ddf6ea850f908,102210fe594ee9b33d82058545b1ed14f4c8206e,android-hw-a51-11-0-aarch64-shippable-qr,amazon-search,True,,,,,,,,,,,,,,,,,,,,,,,,,,,,,,,,,,,,,,,,,,,,,,,,,,TN,,,,,,,,,,
453024876.0,1867176279,2024-03-19 19:26:24,2080.4,e98d395467c4df44e6f3098474513e8c3e894e2c,1394935,autoland,LastVisualChange,True,amazon-search LastVisualChange opt cold webrender,,77,ms,geckoview,False,|c|o|l|d| |w|e|b|r|e|n|d|e|r|,,4361205,13,8bad20cfa5c21f9f330712163e9ddf6ea850f908,102210fe594ee9b33d82058545b1ed14f4c8206e,android-hw-a51-11-0-aarch64-shippable-qr,amazon-search,True,,,,,,,,,,,,,,,,,,,,,,,,,,,,,,,,,,,,,,,,,,,,,,,,,,TN,,,,,,,,,,
453025209.0,1867216921,2024-03-19 19:39:49,2158.6,3210370acb38a092baa26d5c51936604472e371b,1394937,autoland,LastVisualChange,True,amazon-search LastVisualChange opt cold webrender,,77,ms,geckoview,False,|c|o|l|d| |w|e|b|r|e|n|d|e|r|,,4361205,13,8bad20cfa5c21f9f330712163e9ddf6ea850f908,102210fe594ee9b33d82058545b1ed14f4c8206e,android-hw-a51-11-0-aarch64-shippable-qr,amazon-search,True,,,,,,,,,,,,,,,,,,,,,,,,,,,,,,,,,,,,,,,,,,,,,,,,,,TN,,,,,,,,,,
453025210.0,1867217306,2024-03-19 19:41:47,2116.1,f6c6242528fe38cf56079d37b3841cf7684ae34a,1394939,autoland,LastVisualChange,True,amazon-search LastVisualChange opt cold webrender,,77,ms,geckoview,False,|c|o|l|d| |w|e|b|r|e|n|d|e|r|,,4361205,13,8bad20cfa5c21f9f330712163e9ddf6ea850f908,102210fe594ee9b33d82058545b1ed14f4c8206e,android-hw-a51-11-0-aarch64-shippable-qr,amazon-search,True,,,,,,,,,,,,,,,,,,,,,,,,,,,,,,,,,,,,,,,,,,,,,,,,,,TN,,,,,,,,,,
453024885.0,1867177615,2024-03-19 19:45:51,2350.4,22372035539cbc1b324ffc44e8f5ed038d15181c,1394941,autoland,LastVisualChange,True,amazon-search LastVisualChange opt cold webrender,,77,ms,geckoview,False,|c|o|l|d| |w|e|b|r|e|n|d|e|r|,,4361205,13,8bad20cfa5c21f9f330712163e9ddf6ea850f908,102210fe594ee9b33d82058545b1ed14f4c8206e,android-hw-a51-11-0-aarch64-shippable-qr,amazon-search,True,,,,,,,,,,,,,,,,,,,,,,,,,,,,,,,,,,,,,,,,,,,,,,,,,,TN,,,,,,,,,,
453024884.0,1867176682,2024-03-19 19:46:44,2170.8,a87db3b698e19b65bc001936fc7a8b80239a25dd,1394942,autoland,LastVisualChange,True,amazon-search LastVisualChange opt cold webrender,,77,ms,geckoview,False,|c|o|l|d| |w|e|b|r|e|n|d|e|r|,,4361205,13,8bad20cfa5c21f9f330712163e9ddf6ea850f908,102210fe594ee9b33d82058545b1ed14f4c8206e,android-hw-a51-11-0-aarch64-shippable-qr,amazon-search,True,,,,,,,,,,,,,,,,,,,,,,,,,,,,,,,,,,,,,,,,,,,,,,,,,,TN,,,,,,,,,,
453024887.0,1867177883,2024-03-19 19:47:51,2124.7,f5ac2d368c7d44f585bea0397dedcd879e2b8ab4,1394944,autoland,LastVisualChange,True,amazon-search LastVisualChange opt cold webrender,,77,ms,geckoview,False,|c|o|l|d| |w|e|b|r|e|n|d|e|r|,,4361205,13,8bad20cfa5c21f9f330712163e9ddf6ea850f908,102210fe594ee9b33d82058545b1ed14f4c8206e,android-hw-a51-11-0-aarch64-shippable-qr,amazon-search,True,,,,,,,,,,,,,,,,,,,,,,,,,,,,,,,,,,,,,,,,,,,,,,,,,,TN,,,,,,,,,,
451378199.0,1860554926,2024-03-19 19:48:40,2164.8,7c0de707e2a448dd3846c81f12ee9bae3ebca9d3,1394945,autoland,LastVisualChange,True,amazon-search LastVisualChange opt cold webrender,,77,ms,geckoview,False,|c|o|l|d| |w|e|b|r|e|n|d|e|r|,,4361205,13,8bad20cfa5c21f9f330712163e9ddf6ea850f908,102210fe594ee9b33d82058545b1ed14f4c8206e,android-hw-a51-11-0-aarch64-shippable-qr,amazon-search,True,,,,,,,,,,,,,,,,,,,,,,,,,,,,,,,,,,,,,,,,,,,,,,,,,,TN,,,,,,,,,,
453024947.0,1867177924,2024-03-19 19:48:40,2145.0,7c0de707e2a448dd3846c81f12ee9bae3ebca9d3,1394945,autoland,LastVisualChange,True,amazon-search LastVisualChange opt cold webrender,,77,ms,geckoview,False,|c|o|l|d| |w|e|b|r|e|n|d|e|r|,,4361205,13,8bad20cfa5c21f9f330712163e9ddf6ea850f908,102210fe594ee9b33d82058545b1ed14f4c8206e,android-hw-a51-11-0-aarch64-shippable-qr,amazon-search,True,,,,,,,,,,,,,,,,,,,,,,,,,,,,,,,,,,,,,,,,,,,,,,,,,,TN,,,,,,,,,,
451409335.0,1860645335,2024-03-20 00:04:56,2281.3,25a7b6dcdd27704494317e01334be69707ff521f,1395012,autoland,LastVisualChange,True,amazon-search LastVisualChange opt cold webrender,,77,ms,geckoview,False,|c|o|l|d| |w|e|b|r|e|n|d|e|r|,,4361205,13,8bad20cfa5c21f9f330712163e9ddf6ea850f908,102210fe594ee9b33d82058545b1ed14f4c8206e,android-hw-a51-11-0-aarch64-shippable-qr,amazon-search,True,,,,,,,,,,,,,,,,,,,,,,,,,,,,,,,,,,,,,,,,,,,,,,,,,,TN,,,,,,,,,,
451434187.0,1860809421,2024-03-20 06:31:28,2204.5,dbb1856b4f3345f0353d4ea33ed0f83a90420827,1395067,autoland,LastVisualChange,True,amazon-search LastVisualChange opt cold webrender,,77,ms,geckoview,False,|c|o|l|d| |w|e|b|r|e|n|d|e|r|,,4361205,13,8bad20cfa5c21f9f330712163e9ddf6ea850f908,102210fe594ee9b33d82058545b1ed14f4c8206e,android-hw-a51-11-0-aarch64-shippable-qr,amazon-search,True,,,,,,,,,,,,,,,,,,,,,,,,,,,,,,,,,,,,,,,,,,,,,,,,,,TN,,,,,,,,,,
451475268.0,1861039627,2024-03-20 10:14:04,2107.1,89f62e190e69ddb95685488010b5807b31491168,1395103,autoland,LastVisualChange,True,amazon-search LastVisualChange opt cold webrender,,77,ms,geckoview,False,|c|o|l|d| |w|e|b|r|e|n|d|e|r|,,4361205,13,8bad20cfa5c21f9f330712163e9ddf6ea850f908,102210fe594ee9b33d82058545b1ed14f4c8206e,android-hw-a51-11-0-aarch64-shippable-qr,amazon-search,True,,,,,,,,,,,,,,,,,,,,,,,,,,,,,,,,,,,,,,,,,,,,,,,,,,TN,,,,,,,,,,
451539258.0,1861147431,2024-03-20 16:49:51,2251.0,44ee710d3a49501b5b000c7e0f6d2167c47ac041,1395254,autoland,LastVisualChange,True,amazon-search LastVisualChange opt cold webrender,,77,ms,geckoview,False,|c|o|l|d| |w|e|b|r|e|n|d|e|r|,,4361205,13,8bad20cfa5c21f9f330712163e9ddf6ea850f908,102210fe594ee9b33d82058545b1ed14f4c8206e,android-hw-a51-11-0-aarch64-shippable-qr,amazon-search,True,,,,,,,,,,,,,,,,,,,,,,,,,,,,,,,,,,,,,,,,,,,,,,,,,,TN,,,,,,,,,,
451554924.0,1861245676,2024-03-20 19:06:24,2154.2,a54ceb09cf6c6289a4353feb9c3cb771a7651bd0,1395310,autoland,LastVisualChange,True,amazon-search LastVisualChange opt cold webrender,,77,ms,geckoview,False,|c|o|l|d| |w|e|b|r|e|n|d|e|r|,,4361205,13,8bad20cfa5c21f9f330712163e9ddf6ea850f908,102210fe594ee9b33d82058545b1ed14f4c8206e,android-hw-a51-11-0-aarch64-shippable-qr,amazon-search,True,,,,,,,,,,,,,,,,,,,,,,,,,,,,,,,,,,,,,,,,,,,,,,,,,,TN,,,,,,,,,,
451587762.0,1861393967,2024-03-20 21:30:57,2133.8,7e65c2e3fa5893e80c6f6f8ef4deef5861f82edc,1395367,autoland,LastVisualChange,True,amazon-search LastVisualChange opt cold webrender,,77,ms,geckoview,False,|c|o|l|d| |w|e|b|r|e|n|d|e|r|,,4361205,13,8bad20cfa5c21f9f330712163e9ddf6ea850f908,102210fe594ee9b33d82058545b1ed14f4c8206e,android-hw-a51-11-0-aarch64-shippable-qr,amazon-search,True,,,,,,,,,,,,,,,,,,,,,,,,,,,,,,,,,,,,,,,,,,,,,,,,,,TN,,,,,,,,,,
453051289.0,1867231665,2024-03-20 21:30:57,2142.9,7e65c2e3fa5893e80c6f6f8ef4deef5861f82edc,1395367,autoland,LastVisualChange,True,amazon-search LastVisualChange opt cold webrender,,77,ms,geckoview,False,|c|o|l|d| |w|e|b|r|e|n|d|e|r|,,4361205,13,8bad20cfa5c21f9f330712163e9ddf6ea850f908,102210fe594ee9b33d82058545b1ed14f4c8206e,android-hw-a51-11-0-aarch64-shippable-qr,amazon-search,True,,,,,,,,,,,,,,,,,,,,,,,,,,,,,,,,,,,,,,,,,,,,,,,,,,TN,,,,,,,,,,
453051320.0,1867231866,2024-03-20 21:30:57,2157.5,7e65c2e3fa5893e80c6f6f8ef4deef5861f82edc,1395367,autoland,LastVisualChange,True,amazon-search LastVisualChange opt cold webrender,,77,ms,geckoview,False,|c|o|l|d| |w|e|b|r|e|n|d|e|r|,,4361205,13,8bad20cfa5c21f9f330712163e9ddf6ea850f908,102210fe594ee9b33d82058545b1ed14f4c8206e,android-hw-a51-11-0-aarch64-shippable-qr,amazon-search,True,,,,,,,,,,,,,,,,,,,,,,,,,,,,,,,,,,,,,,,,,,,,,,,,,,TN,,,,,,,,,,
453051324.0,1867232021,2024-03-20 21:30:57,2264.4,7e65c2e3fa5893e80c6f6f8ef4deef5861f82edc,1395367,autoland,LastVisualChange,True,amazon-search LastVisualChange opt cold webrender,,77,ms,geckoview,False,|c|o|l|d| |w|e|b|r|e|n|d|e|r|,,4361205,13,8bad20cfa5c21f9f330712163e9ddf6ea850f908,102210fe594ee9b33d82058545b1ed14f4c8206e,android-hw-a51-11-0-aarch64-shippable-qr,amazon-search,True,,,,,,,,,,,,,,,,,,,,,,,,,,,,,,,,,,,,,,,,,,,,,,,,,,TN,,,,,,,,,,
453051325.0,1867231753,2024-03-20 21:30:57,2133.7,7e65c2e3fa5893e80c6f6f8ef4deef5861f82edc,1395367,autoland,LastVisualChange,True,amazon-search LastVisualChange opt cold webrender,,77,ms,geckoview,False,|c|o|l|d| |w|e|b|r|e|n|d|e|r|,,4361205,13,8bad20cfa5c21f9f330712163e9ddf6ea850f908,102210fe594ee9b33d82058545b1ed14f4c8206e,android-hw-a51-11-0-aarch64-shippable-qr,amazon-search,True,,,,,,,,,,,,,,,,,,,,,,,,,,,,,,,,,,,,,,,,,,,,,,,,,,TN,,,,,,,,,,
451608671.0,1861458558,2024-03-21 02:02:41,2105.5,cd39ad6d1934b2a8d659607d5fc0c1f88df011ba,1395495,autoland,LastVisualChange,True,amazon-search LastVisualChange opt cold webrender,,77,ms,geckoview,False,|c|o|l|d| |w|e|b|r|e|n|d|e|r|,,4361205,13,8bad20cfa5c21f9f330712163e9ddf6ea850f908,102210fe594ee9b33d82058545b1ed14f4c8206e,android-hw-a51-11-0-aarch64-shippable-qr,amazon-search,True,,,,,,,,,,,,,,,,,,,,,,,,,,,,,,,,,,,,,,,,,,,,,,,,,,TN,,,,,,,,,,
451623355.0,1861613076,2024-03-21 06:23:30,2203.3,ed7ada93d4ad18f5c9f613bf5ce8d5f89bdaa140,1395640,autoland,LastVisualChange,True,amazon-search LastVisualChange opt cold webrender,,77,ms,geckoview,False,|c|o|l|d| |w|e|b|r|e|n|d|e|r|,,4361205,13,8bad20cfa5c21f9f330712163e9ddf6ea850f908,102210fe594ee9b33d82058545b1ed14f4c8206e,android-hw-a51-11-0-aarch64-shippable-qr,amazon-search,True,,,,,,,,,,,,,,,,,,,,,,,,,,,,,,,,,,,,,,,,,,,,,,,,,,TN,,,,,,,,,,
451641575.0,1861879356,2024-03-21 08:38:48,2081.5,335ba8ea2f56243d2cb6a5bc7aa4d0d0f3c415c7,1395685,autoland,LastVisualChange,True,amazon-search LastVisualChange opt cold webrender,,77,ms,geckoview,False,|c|o|l|d| |w|e|b|r|e|n|d|e|r|,,4361205,13,8bad20cfa5c21f9f330712163e9ddf6ea850f908,102210fe594ee9b33d82058545b1ed14f4c8206e,android-hw-a51-11-0-aarch64-shippable-qr,amazon-search,True,,,,,,,,,,,,,,,,,,,,,,,,,,,,,,,,,,,,,,,,,,,,,,,,,,TN,,,,,,,,,,
451691754.0,1861987254,2024-03-21 12:46:07,2120.4,d90b4451e543266ae9d98982a92dafa311c75db6,1395897,autoland,LastVisualChange,True,amazon-search LastVisualChange opt cold webrender,,77,ms,geckoview,False,|c|o|l|d| |w|e|b|r|e|n|d|e|r|,,4361205,13,8bad20cfa5c21f9f330712163e9ddf6ea850f908,102210fe594ee9b33d82058545b1ed14f4c8206e,android-hw-a51-11-0-aarch64-shippable-qr,amazon-search,True,,,,,,,,,,,,,,,,,,,,,,,,,,,,,,,,,,,,,,,,,,,,,,,,,,TN,,,,,,,,,,
451691827.0,1862023008,2024-03-21 13:53:06,2174.2,dbfd6042b4d2b3a3b509b22f41276fdfdd6a17b0,1395978,autoland,LastVisualChange,True,amazon-search LastVisualChange opt cold webrender,,77,ms,geckoview,False,|c|o|l|d| |w|e|b|r|e|n|d|e|r|,,4361205,13,8bad20cfa5c21f9f330712163e9ddf6ea850f908,102210fe594ee9b33d82058545b1ed14f4c8206e,android-hw-a51-11-0-aarch64-shippable-qr,amazon-search,True,,,,,,,,,,,,,,,,,,,,,,,,,,,,,,,,,,,,,,,,,,,,,,,,,,TN,,,,,,,,,,
451740756.0,1862103221,2024-03-21 17:29:27,2192.2,6a09c380e669a377e8254dd93ff3485ae0ec96c4,1396220,autoland,LastVisualChange,True,amazon-search LastVisualChange opt cold webrender,,77,ms,geckoview,False,|c|o|l|d| |w|e|b|r|e|n|d|e|r|,,4361205,13,8bad20cfa5c21f9f330712163e9ddf6ea850f908,102210fe594ee9b33d82058545b1ed14f4c8206e,android-hw-a51-11-0-aarch64-shippable-qr,amazon-search,True,,,,,,,,,,,,,,,,,,,,,,,,,,,,,,,,,,,,,,,,,,,,,,,,,,TN,,,,,,,,,,
451748605.0,1862155586,2024-03-21 18:47:13,2130.7,c83258a2f5a9fd7b7107508c07827d9aa1a83035,1396360,autoland,LastVisualChange,True,amazon-search LastVisualChange opt cold webrender,,77,ms,geckoview,False,|c|o|l|d| |w|e|b|r|e|n|d|e|r|,,4361205,13,8bad20cfa5c21f9f330712163e9ddf6ea850f908,102210fe594ee9b33d82058545b1ed14f4c8206e,android-hw-a51-11-0-aarch64-shippable-qr,amazon-search,True,,,,,,,,,,,,,,,,,,,,,,,,,,,,,,,,,,,,,,,,,,,,,,,,,,TN,,,,,,,,,,
451772954.0,1862173961,2024-03-21 21:19:12,2215.1,3e3e5631944ec7d9d81a7c8ca0c3b5998ad044b3,1396573,autoland,LastVisualChange,True,amazon-search LastVisualChange opt cold webrender,,77,ms,geckoview,False,|c|o|l|d| |w|e|b|r|e|n|d|e|r|,,4361205,13,8bad20cfa5c21f9f330712163e9ddf6ea850f908,102210fe594ee9b33d82058545b1ed14f4c8206e,android-hw-a51-11-0-aarch64-shippable-qr,amazon-search,True,,,,,,,,,,,,,,,,,,,,,,,,,,,,,,,,,,,,,,,,,,,,,,,,,,TN,,,,,,,,,,
451831632.0,1862212463,2024-03-22 02:33:11,2123.4,a64d6cbeaa4f78ec1f700f6123469eb1b3a31608,1396939,autoland,LastVisualChange,True,amazon-search LastVisualChange opt cold webrender,,77,ms,geckoview,False,|c|o|l|d| |w|e|b|r|e|n|d|e|r|,,4361205,13,8bad20cfa5c21f9f330712163e9ddf6ea850f908,102210fe594ee9b33d82058545b1ed14f4c8206e,android-hw-a51-11-0-aarch64-shippable-qr,amazon-search,True,,,,,,,,,,,,,,,,,,,,,,,,,,,,,,,,,,,,,,,,,,,,,,,,,,TN,,,,,,,,,,
451851767.0,1862316281,2024-03-22 05:34:14,2159.1,5d6efea5e0bbc9c3cb2231d09450c2c7dd045122,1397066,autoland,LastVisualChange,True,amazon-search LastVisualChange opt cold webrender,,77,ms,geckoview,False,|c|o|l|d| |w|e|b|r|e|n|d|e|r|,,4361205,13,8bad20cfa5c21f9f330712163e9ddf6ea850f908,102210fe594ee9b33d82058545b1ed14f4c8206e,android-hw-a51-11-0-aarch64-shippable-qr,amazon-search,True,,,,,,,,,,,,,,,,,,,,,,,,,,,,,,,,,,,,,,,,,,,,,,,,,,TN,,,,,,,,,,
451879414.0,1862597380,2024-03-22 10:08:21,2206.2,48b19f0a3ca9e2d02e502182cb41095a870c3c30,1397249,autoland,LastVisualChange,True,amazon-search LastVisualChange opt cold webrender,,77,ms,geckoview,False,|c|o|l|d| |w|e|b|r|e|n|d|e|r|,,4361205,13,8bad20cfa5c21f9f330712163e9ddf6ea850f908,102210fe594ee9b33d82058545b1ed14f4c8206e,android-hw-a51-11-0-aarch64-shippable-qr,amazon-search,True,,,,,,,,,,,,,,,,,,,,,,,,,,,,,,,,,,,,,,,,,,,,,,,,,,TN,,,,,,,,,,
451928342.0,1862696583,2024-03-22 13:22:55,2188.4,640f274ba8d721083e3a62631c1c96e652d0965c,1397337,autoland,LastVisualChange,True,amazon-search LastVisualChange opt cold webrender,,77,ms,geckoview,False,|c|o|l|d| |w|e|b|r|e|n|d|e|r|,,4361205,13,8bad20cfa5c21f9f330712163e9ddf6ea850f908,102210fe594ee9b33d82058545b1ed14f4c8206e,android-hw-a51-11-0-aarch64-shippable-qr,amazon-search,True,,,,,,,,,,,,,,,,,,,,,,,,,,,,,,,,,,,,,,,,,,,,,,,,,,TN,,,,,,,,,,
451953940.0,1862751047,2024-03-22 17:28:16,2142.0,d12a19660d53686074475ffbbed160cc788ebe05,1397524,autoland,LastVisualChange,True,amazon-search LastVisualChange opt cold webrender,,77,ms,geckoview,False,|c|o|l|d| |w|e|b|r|e|n|d|e|r|,,4361205,13,8bad20cfa5c21f9f330712163e9ddf6ea850f908,102210fe594ee9b33d82058545b1ed14f4c8206e,android-hw-a51-11-0-aarch64-shippable-qr,amazon-search,True,,,,,,,,,,,,,,,,,,,,,,,,,,,,,,,,,,,,,,,,,,,,,,,,,,TN,,,,,,,,,,
451973051.0,1862844012,2024-03-22 22:43:04,2193.7,a008405a9171acdb92d2997564e16713185f054f,1397682,autoland,LastVisualChange,True,amazon-search LastVisualChange opt cold webrender,,77,ms,geckoview,False,|c|o|l|d| |w|e|b|r|e|n|d|e|r|,,4361205,13,8bad20cfa5c21f9f330712163e9ddf6ea850f908,102210fe594ee9b33d82058545b1ed14f4c8206e,android-hw-a51-11-0-aarch64-shippable-qr,amazon-search,True,,,,,,,,,,,,,,,,,,,,,,,,,,,,,,,,,,,,,,,,,,,,,,,,,,TN,,,,,,,,,,
451984701.0,1862923288,2024-03-23 04:11:22,2140.7,341c752f9f931ed8ca1220eb7006bdfcd026038e,1397768,autoland,LastVisualChange,True,amazon-search LastVisualChange opt cold webrender,,77,ms,geckoview,False,|c|o|l|d| |w|e|b|r|e|n|d|e|r|,,4361205,13,8bad20cfa5c21f9f330712163e9ddf6ea850f908,102210fe594ee9b33d82058545b1ed14f4c8206e,android-hw-a51-11-0-aarch64-shippable-qr,amazon-search,True,,,,,,,,,,,,,,,,,,,,,,,,,,,,,,,,,,,,,,,,,,,,,,,,,,TN,,,,,,,,,,
451996372.0,1862967837,2024-03-23 08:45:37,2132.7,7575296d6781e483bc76a289f68623eb548baac4,1397819,autoland,LastVisualChange,True,amazon-search LastVisualChange opt cold webrender,,77,ms,geckoview,False,|c|o|l|d| |w|e|b|r|e|n|d|e|r|,,4361205,13,8bad20cfa5c21f9f330712163e9ddf6ea850f908,102210fe594ee9b33d82058545b1ed14f4c8206e,android-hw-a51-11-0-aarch64-shippable-qr,amazon-search,True,,,,,,,,,,,,,,,,,,,,,,,,,,,,,,,,,,,,,,,,,,,,,,,,,,TN,,,,,,,,,,
452019396.0,1863053168,2024-03-23 13:51:59,2274.9,47e43ed2bb6cad873900cd00ccf834a51f3dfe83,1397843,autoland,LastVisualChange,True,amazon-search LastVisualChange opt cold webrender,,77,ms,geckoview,False,|c|o|l|d| |w|e|b|r|e|n|d|e|r|,,4361205,13,8bad20cfa5c21f9f330712163e9ddf6ea850f908,102210fe594ee9b33d82058545b1ed14f4c8206e,android-hw-a51-11-0-aarch64-shippable-qr,amazon-search,True,,,,,,,,,,,,,,,,,,,,,,,,,,,,,,,,,,,,,,,,,,,,,,,,,,TN,,,,,,,,,,
452029669.0,1863093904,2024-03-23 18:44:13,2084.0,69c342123c6fdb9190169823dd12a42a77559b9f,1397871,autoland,LastVisualChange,True,amazon-search LastVisualChange opt cold webrender,,77,ms,geckoview,False,|c|o|l|d| |w|e|b|r|e|n|d|e|r|,,4361205,13,8bad20cfa5c21f9f330712163e9ddf6ea850f908,102210fe594ee9b33d82058545b1ed14f4c8206e,android-hw-a51-11-0-aarch64-shippable-qr,amazon-search,True,,,,,,,,,,,,,,,,,,,,,,,,,,,,,,,,,,,,,,,,,,,,,,,,,,TN,,,,,,,,,,
452047374.0,1863169396,2024-03-24 00:54:50,2348.5,c43bc8bba8a808b2f5005002f96936afa3697b34,1397899,autoland,LastVisualChange,True,amazon-search LastVisualChange opt cold webrender,,77,ms,geckoview,False,|c|o|l|d| |w|e|b|r|e|n|d|e|r|,,4361205,13,8bad20cfa5c21f9f330712163e9ddf6ea850f908,102210fe594ee9b33d82058545b1ed14f4c8206e,android-hw-a51-11-0-aarch64-shippable-qr,amazon-search,True,,,,,,,,,,,,,,,,,,,,,,,,,,,,,,,,,,,,,,,,,,,,,,,,,,TN,,,,,,,,,,
452053342.0,1863216812,2024-03-24 07:02:41,2143.0,fa1b327e74e89e08f7fff24dbb35f11e48736aab,1397916,autoland,LastVisualChange,True,amazon-search LastVisualChange opt cold webrender,,77,ms,geckoview,False,|c|o|l|d| |w|e|b|r|e|n|d|e|r|,,4361205,13,8bad20cfa5c21f9f330712163e9ddf6ea850f908,102210fe594ee9b33d82058545b1ed14f4c8206e,android-hw-a51-11-0-aarch64-shippable-qr,amazon-search,True,,,,,,,,,,,,,,,,,,,,,,,,,,,,,,,,,,,,,,,,,,,,,,,,,,TN,,,,,,,,,,
452078648.0,1863306101,2024-03-24 11:13:54,2124.0,f0597fea22797603c0e45ec1c43433afa5ed6dcd,1397937,autoland,LastVisualChange,True,amazon-search LastVisualChange opt cold webrender,,77,ms,geckoview,False,|c|o|l|d| |w|e|b|r|e|n|d|e|r|,,4361205,13,8bad20cfa5c21f9f330712163e9ddf6ea850f908,102210fe594ee9b33d82058545b1ed14f4c8206e,android-hw-a51-11-0-aarch64-shippable-qr,amazon-search,True,,,,,,,,,,,,,,,,,,,,,,,,,,,,,,,,,,,,,,,,,,,,,,,,,,TN,,,,,,,,,,
452104063.0,1863404785,2024-03-24 23:02:44,2184.3,f16b84d2aab6142f8b4fd6de574e96c2f551ebc7,1397973,autoland,LastVisualChange,True,amazon-search LastVisualChange opt cold webrender,,77,ms,geckoview,False,|c|o|l|d| |w|e|b|r|e|n|d|e|r|,,4361205,13,8bad20cfa5c21f9f330712163e9ddf6ea850f908,102210fe594ee9b33d82058545b1ed14f4c8206e,android-hw-a51-11-0-aarch64-shippable-qr,amazon-search,True,,,,,,,,,,,,,,,,,,,,,,,,,,,,,,,,,,,,,,,,,,,,,,,,,,TN,,,,,,,,,,
452115622.0,1863460831,2024-03-25 03:31:22,2276.4,19d905446a32ebc5b281e61c8ee49718ee784a25,1397989,autoland,LastVisualChange,True,amazon-search LastVisualChange opt cold webrender,,77,ms,geckoview,False,|c|o|l|d| |w|e|b|r|e|n|d|e|r|,,4361205,13,8bad20cfa5c21f9f330712163e9ddf6ea850f908,102210fe594ee9b33d82058545b1ed14f4c8206e,android-hw-a51-11-0-aarch64-shippable-qr,amazon-search,True,,,,,,,,,,,,,,,,,,,,,,,,,,,,,,,,,,,,,,,,,,,,,,,,,,TN,,,,,,,,,,
452136110.0,1863595711,2024-03-25 08:43:58,2130.1,db7773c959d542b2327b7158f769c657e46e2992,1398035,autoland,LastVisualChange,True,amazon-search LastVisualChange opt cold webrender,,77,ms,geckoview,False,|c|o|l|d| |w|e|b|r|e|n|d|e|r|,,4361205,13,8bad20cfa5c21f9f330712163e9ddf6ea850f908,102210fe594ee9b33d82058545b1ed14f4c8206e,android-hw-a51-11-0-aarch64-shippable-qr,amazon-search,True,,,,,,,,,,,,,,,,,,,,,,,,,,,,,,,,,,,,,,,,,,,,,,,,,,TN,,,,,,,,,,
452137589.0,1863728811,2024-03-25 09:25:18,2144.9,71c813e27dff32e4664eb9116e60097837485bfb,1398057,autoland,LastVisualChange,True,amazon-search LastVisualChange opt cold webrender,,77,ms,geckoview,False,|c|o|l|d| |w|e|b|r|e|n|d|e|r|,,4361205,13,8bad20cfa5c21f9f330712163e9ddf6ea850f908,102210fe594ee9b33d82058545b1ed14f4c8206e,android-hw-a51-11-0-aarch64-shippable-qr,amazon-search,True,,,,,,,,,,,,,,,,,,,,,,,,,,,,,,,,,,,,,,,,,,,,,,,,,,TN,,,,,,,,,,
452190901.0,1863917972,2024-03-25 13:40:37,2233.8,5969005dae85cc8ac486b2f0bdbb7454b660f252,1398214,autoland,LastVisualChange,True,amazon-search LastVisualChange opt cold webrender,,77,ms,geckoview,False,|c|o|l|d| |w|e|b|r|e|n|d|e|r|,,4361205,13,8bad20cfa5c21f9f330712163e9ddf6ea850f908,102210fe594ee9b33d82058545b1ed14f4c8206e,android-hw-a51-11-0-aarch64-shippable-qr,amazon-search,True,,,,,,,,,,,,,,,,,,,,,,,,,,,,,,,,,,,,,,,,,,,,,,,,,,TN,,,,,,,,,,
452192627.0,1863969098,2024-03-25 14:05:55,2077.2,19dcff1ee3fcbb431110e0639c80a3ba51ee0a34,1398235,autoland,LastVisualChange,True,amazon-search LastVisualChange opt cold webrender,,77,ms,geckoview,False,|c|o|l|d| |w|e|b|r|e|n|d|e|r|,,4361205,13,8bad20cfa5c21f9f330712163e9ddf6ea850f908,102210fe594ee9b33d82058545b1ed14f4c8206e,android-hw-a51-11-0-aarch64-shippable-qr,amazon-search,True,,,,,,,,,,,,,,,,,,,,,,,,,,,,,,,,,,,,,,,,,,,,,,,,,,TN,,,,,,,,,,
452213929.0,1864006615,2024-03-25 17:00:38,2152.2,9b5934ed0d6138133e3cab84d859a8e38bd43683,1398374,autoland,LastVisualChange,True,amazon-search LastVisualChange opt cold webrender,,77,ms,geckoview,False,|c|o|l|d| |w|e|b|r|e|n|d|e|r|,,4361205,13,8bad20cfa5c21f9f330712163e9ddf6ea850f908,102210fe594ee9b33d82058545b1ed14f4c8206e,android-hw-a51-11-0-aarch64-shippable-qr,amazon-search,True,,,,,,,,,,,,,,,,,,,,,,,,,,,,,,,,,,,,,,,,,,,,,,,,,,TN,,,,,,,,,,
452245479.0,1864042724,2024-03-25 20:16:40,2188.6,05ef22f3485b9acca72235e56c8e11abea982310,1398545,autoland,LastVisualChange,True,amazon-search LastVisualChange opt cold webrender,,77,ms,geckoview,False,|c|o|l|d| |w|e|b|r|e|n|d|e|r|,,4361205,13,8bad20cfa5c21f9f330712163e9ddf6ea850f908,102210fe594ee9b33d82058545b1ed14f4c8206e,android-hw-a51-11-0-aarch64-shippable-qr,amazon-search,True,,,,,,,,,,,,,,,,,,,,,,,,,,,,,,,,,,,,,,,,,,,,,,,,,,TN,,,,,,,,,,
452273425.0,1864104960,2024-03-26 00:18:31,2131.5,af6fe1ffacb6272ced1d27e874f376c671a19461,1398725,autoland,LastVisualChange,True,amazon-search LastVisualChange opt cold webrender,,77,ms,geckoview,False,|c|o|l|d| |w|e|b|r|e|n|d|e|r|,,4361205,13,8bad20cfa5c21f9f330712163e9ddf6ea850f908,102210fe594ee9b33d82058545b1ed14f4c8206e,android-hw-a51-11-0-aarch64-shippable-qr,amazon-search,True,,,,,,,,,,,,,,,,,,,,,,,,,,,,,,,,,,,,,,,,,,,,,,,,,,TN,,,,,,,,,,
452283759.0,1864131150,2024-03-26 01:24:19,2143.5,f0c093accca57074b185d7b3a5a76937ae8c57ed,1398741,autoland,LastVisualChange,True,amazon-search LastVisualChange opt cold webrender,,77,ms,geckoview,False,|c|o|l|d| |w|e|b|r|e|n|d|e|r|,,4361205,13,8bad20cfa5c21f9f330712163e9ddf6ea850f908,102210fe594ee9b33d82058545b1ed14f4c8206e,android-hw-a51-11-0-aarch64-shippable-qr,amazon-search,True,,,,,,,,,,,,,,,,,,,,,,,,,,,,,,,,,,,,,,,,,,,,,,,,,,TN,,,,,,,,,,
452303073.0,1864257018,2024-03-26 06:19:49,2281.5,f76227b1c05f51b70e7d261e993b5cfa5fd8ee70,1398803,autoland,LastVisualChange,True,amazon-search LastVisualChange opt cold webrender,,77,ms,geckoview,False,|c|o|l|d| |w|e|b|r|e|n|d|e|r|,,4361205,13,8bad20cfa5c21f9f330712163e9ddf6ea850f908,102210fe594ee9b33d82058545b1ed14f4c8206e,android-hw-a51-11-0-aarch64-shippable-qr,amazon-search,True,,,,,,,,,,,,,,,,,,,,,,,,,,,,,,,,,,,,,,,,,,,,,,,,,,TN,,,,,,,,,,
452320557.0,1864314758,2024-03-26 09:05:54,2217.1,e02aed8fb19856047df1d2cb7de887404e2b6956,1398850,autoland,LastVisualChange,True,amazon-search LastVisualChange opt cold webrender,,77,ms,geckoview,False,|c|o|l|d| |w|e|b|r|e|n|d|e|r|,,4361205,13,8bad20cfa5c21f9f330712163e9ddf6ea850f908,102210fe594ee9b33d82058545b1ed14f4c8206e,android-hw-a51-11-0-aarch64-shippable-qr,amazon-search,True,,,,,,,,,,,,,,,,,,,,,,,,,,,,,,,,,,,,,,,,,,,,,,,,,,TN,,,,,,,,,,
452349378.0,1864413542,2024-03-26 12:57:56,2172.5,8bfc3595e66f8c45af3a35d0489015d7522799d3,1398965,autoland,LastVisualChange,True,amazon-search LastVisualChange opt cold webrender,,77,ms,geckoview,False,|c|o|l|d| |w|e|b|r|e|n|d|e|r|,,4361205,13,8bad20cfa5c21f9f330712163e9ddf6ea850f908,102210fe594ee9b33d82058545b1ed14f4c8206e,android-hw-a51-11-0-aarch64-shippable-qr,amazon-search,True,,,,,,,,,,,,,,,,,,,,,,,,,,,,,,,,,,,,,,,,,,,,,,,,,,TN,,,,,,,,,,
452382776.0,1864573614,2024-03-26 16:59:38,2175.3,a95909edf99f57b3e1ff98f748fd9e2ff57447da,1399161,autoland,LastVisualChange,True,amazon-search LastVisualChange opt cold webrender,,77,ms,geckoview,False,|c|o|l|d| |w|e|b|r|e|n|d|e|r|,,4361205,13,8bad20cfa5c21f9f330712163e9ddf6ea850f908,102210fe594ee9b33d82058545b1ed14f4c8206e,android-hw-a51-11-0-aarch64-shippable-qr,amazon-search,True,,,,,,,,,,,,,,,,,,,,,,,,,,,,,,,,,,,,,,,,,,,,,,,,,,TN,,,,,,,,,,
452389971.0,1864592943,2024-03-26 17:44:32,2247.2,a93eeb987e4a1e533ac94ec0d1703c6f9b52b9ef,1399196,autoland,LastVisualChange,True,amazon-search LastVisualChange opt cold webrender,,77,ms,geckoview,False,|c|o|l|d| |w|e|b|r|e|n|d|e|r|,,4361205,13,8bad20cfa5c21f9f330712163e9ddf6ea850f908,102210fe594ee9b33d82058545b1ed14f4c8206e,android-hw-a51-11-0-aarch64-shippable-qr,amazon-search,True,,,,,,,,,,,,,,,,,,,,,,,,,,,,,,,,,,,,,,,,,,,,,,,,,,TN,,,,,,,,,,
452406139.0,1864675862,2024-03-26 19:19:03,2210.3,dfd96ba0e09153e6f98c22d8adcaf944059434ac,1399261,autoland,LastVisualChange,True,amazon-search LastVisualChange opt cold webrender,,77,ms,geckoview,False,|c|o|l|d| |w|e|b|r|e|n|d|e|r|,,4361205,13,8bad20cfa5c21f9f330712163e9ddf6ea850f908,102210fe594ee9b33d82058545b1ed14f4c8206e,android-hw-a51-11-0-aarch64-shippable-qr,amazon-search,True,,,,,,,,,,,,,,,,,,,,,,,,,,,,,,,,,,,,,,,,,,,,,,,,,,TN,,,,,,,,,,
452435737.0,1864762084,2024-03-26 22:59:31,2108.8,babb5943701ffb0ddb6991106d28f73ad2061bb6,1399480,autoland,LastVisualChange,True,amazon-search LastVisualChange opt cold webrender,,77,ms,geckoview,False,|c|o|l|d| |w|e|b|r|e|n|d|e|r|,,4361205,13,8bad20cfa5c21f9f330712163e9ddf6ea850f908,102210fe594ee9b33d82058545b1ed14f4c8206e,android-hw-a51-11-0-aarch64-shippable-qr,amazon-search,True,,,,,,,,,,,,,,,,,,,,,,,,,,,,,,,,,,,,,,,,,,,,,,,,,,TN,,,,,,,,,,
452463874.0,1864899141,2024-03-27 06:25:00,2200.2,1e79b6199559c2d8acfccdb5e9d5bc62033e6c15,1399622,autoland,LastVisualChange,True,amazon-search LastVisualChange opt cold webrender,,77,ms,geckoview,False,|c|o|l|d| |w|e|b|r|e|n|d|e|r|,,4361205,13,8bad20cfa5c21f9f330712163e9ddf6ea850f908,102210fe594ee9b33d82058545b1ed14f4c8206e,android-hw-a51-11-0-aarch64-shippable-qr,amazon-search,True,,,,,,,,,,,,,,,,,,,,,,,,,,,,,,,,,,,,,,,,,,,,,,,,,,TN,,,,,,,,,,
452493146.0,1865149114,2024-03-27 09:31:11,2186.3,7f2993771f48536c575137e4b51984ab6d3de136,1399694,autoland,LastVisualChange,True,amazon-search LastVisualChange opt cold webrender,,77,ms,geckoview,False,|c|o|l|d| |w|e|b|r|e|n|d|e|r|,,4361205,13,8bad20cfa5c21f9f330712163e9ddf6ea850f908,102210fe594ee9b33d82058545b1ed14f4c8206e,android-hw-a51-11-0-aarch64-shippable-qr,amazon-search,True,,,,,,,,,,,,,,,,,,,,,,,,,,,,,,,,,,,,,,,,,,,,,,,,,,TN,,,,,,,,,,
452533945.0,1865234730,2024-03-27 13:38:48,2146.0,bc7ca80e302a788b0c3cc63cb148c628351b4946,1399827,autoland,LastVisualChange,True,amazon-search LastVisualChange opt cold webrender,,77,ms,geckoview,False,|c|o|l|d| |w|e|b|r|e|n|d|e|r|,,4361205,13,8bad20cfa5c21f9f330712163e9ddf6ea850f908,102210fe594ee9b33d82058545b1ed14f4c8206e,android-hw-a51-11-0-aarch64-shippable-qr,amazon-search,True,,,,,,,,,,,,,,,,,,,,,,,,,,,,,,,,,,,,,,,,,,,,,,,,,,TN,,,,,,,,,,
452548000.0,1865281586,2024-03-27 15:45:41,2064.6,f8ac03b3c764017d5704deed413c8d35c99978fd,1399897,autoland,LastVisualChange,True,amazon-search LastVisualChange opt cold webrender,,77,ms,geckoview,False,|c|o|l|d| |w|e|b|r|e|n|d|e|r|,,4361205,13,8bad20cfa5c21f9f330712163e9ddf6ea850f908,102210fe594ee9b33d82058545b1ed14f4c8206e,android-hw-a51-11-0-aarch64-shippable-qr,amazon-search,True,,,,,,,,,,,,,,,,,,,,,,,,,,,,,,,,,,,,,,,,,,,,,,,,,,TN,,,,,,,,,,
452563739.0,1865387916,2024-03-27 17:44:07,2199.4,5937312af5ae37b411939c2dcddbf6072d8d9cfc,1400012,autoland,LastVisualChange,True,amazon-search LastVisualChange opt cold webrender,,77,ms,geckoview,False,|c|o|l|d| |w|e|b|r|e|n|d|e|r|,,4361205,13,8bad20cfa5c21f9f330712163e9ddf6ea850f908,102210fe594ee9b33d82058545b1ed14f4c8206e,android-hw-a51-11-0-aarch64-shippable-qr,amazon-search,True,,,,,,,,,,,,,,,,,,,,,,,,,,,,,,,,,,,,,,,,,,,,,,,,,,TN,,,,,,,,,,
452582516.0,1865452289,2024-03-27 20:37:25,2146.9,43066dd9b4e30f4504495c65e0ca1dfe5bb620e1,1400142,autoland,LastVisualChange,True,amazon-search LastVisualChange opt cold webrender,,77,ms,geckoview,False,|c|o|l|d| |w|e|b|r|e|n|d|e|r|,,4361205,13,8bad20cfa5c21f9f330712163e9ddf6ea850f908,102210fe594ee9b33d82058545b1ed14f4c8206e,android-hw-a51-11-0-aarch64-shippable-qr,amazon-search,True,,,,,,,,,,,,,,,,,,,,,,,,,,,,,,,,,,,,,,,,,,,,,,,,,,TN,,,,,,,,,,
452621193.0,1865542407,2024-03-28 01:10:01,2174.0,b1cc62489fae8d475f67dec2d9abdf69e2d47614,1400291,autoland,LastVisualChange,True,amazon-search LastVisualChange opt cold webrender,,77,ms,geckoview,False,|c|o|l|d| |w|e|b|r|e|n|d|e|r|,,4361205,13,8bad20cfa5c21f9f330712163e9ddf6ea850f908,102210fe594ee9b33d82058545b1ed14f4c8206e,android-hw-a51-11-0-aarch64-shippable-qr,amazon-search,True,,,,,,,,,,,,,,,,,,,,,,,,,,,,,,,,,,,,,,,,,,,,,,,,,,TN,,,,,,,,,,
452663366.0,1865736976,2024-03-28 09:47:39,2243.1,1e7411c6b6399b5f5595f99e8d08576e473af625,1400442,autoland,LastVisualChange,True,amazon-search LastVisualChange opt cold webrender,,77,ms,geckoview,False,|c|o|l|d| |w|e|b|r|e|n|d|e|r|,,4361205,13,8bad20cfa5c21f9f330712163e9ddf6ea850f908,102210fe594ee9b33d82058545b1ed14f4c8206e,android-hw-a51-11-0-aarch64-shippable-qr,amazon-search,True,,,,,,,,,,,,,,,,,,,,,,,,,,,,,,,,,,,,,,,,,,,,,,,,,,TN,,,,,,,,,,
452664507.0,1865754993,2024-03-28 10:32:02,2065.3,55aaac6352fb1fbc44f600408b2bd5a63b4ae440,1400466,autoland,LastVisualChange,True,amazon-search LastVisualChange opt cold webrender,,77,ms,geckoview,False,|c|o|l|d| |w|e|b|r|e|n|d|e|r|,,4361205,13,8bad20cfa5c21f9f330712163e9ddf6ea850f908,102210fe594ee9b33d82058545b1ed14f4c8206e,android-hw-a51-11-0-aarch64-shippable-qr,amazon-search,True,,,,,,,,,,,,,,,,,,,,,,,,,,,,,,,,,,,,,,,,,,,,,,,,,,TN,,,,,,,,,,
452702806.0,1866130130,2024-03-28 14:53:03,2196.8,1c98db62bb1a20d26f812d28d86672158450e71c,1400606,autoland,LastVisualChange,True,amazon-search LastVisualChange opt cold webrender,,77,ms,geckoview,False,|c|o|l|d| |w|e|b|r|e|n|d|e|r|,,4361205,13,8bad20cfa5c21f9f330712163e9ddf6ea850f908,102210fe594ee9b33d82058545b1ed14f4c8206e,android-hw-a51-11-0-aarch64-shippable-qr,amazon-search,True,,,,,,,,,,,,,,,,,,,,,,,,,,,,,,,,,,,,,,,,,,,,,,,,,,TN,,,,,,,,,,
452702749.0,1866119080,2024-03-28 15:08:02,2197.7,2b1a58a2fa54e47a357b20bda28512cebd79f732,1400620,autoland,LastVisualChange,True,amazon-search LastVisualChange opt cold webrender,,77,ms,geckoview,False,|c|o|l|d| |w|e|b|r|e|n|d|e|r|,,4361205,13,8bad20cfa5c21f9f330712163e9ddf6ea850f908,102210fe594ee9b33d82058545b1ed14f4c8206e,android-hw-a51-11-0-aarch64-shippable-qr,amazon-search,True,,,,,,,,,,,,,,,,,,,,,,,,,,,,,,,,,,,,,,,,,,,,,,,,,,TN,,,,,,,,,,
452728759.0,1866167641,2024-03-28 19:06:21,2126.4,b9f38a3edd45f19c8f1f0e6f96e11dea269f3399,1400789,autoland,LastVisualChange,True,amazon-search LastVisualChange opt cold webrender,,77,ms,geckoview,False,|c|o|l|d| |w|e|b|r|e|n|d|e|r|,,4361205,13,8bad20cfa5c21f9f330712163e9ddf6ea850f908,102210fe594ee9b33d82058545b1ed14f4c8206e,android-hw-a51-11-0-aarch64-shippable-qr,amazon-search,True,,,,,,,,,,,,,,,,,,,,,,,,,,,,,,,,,,,,,,,,,,,,,,,,,,TN,,,,,,,,,,
452760630.0,1866226687,2024-03-28 23:11:00,2157.6,8b46ddebfb7e99c2dd8d13182e11398381eda976,1400928,autoland,LastVisualChange,True,amazon-search LastVisualChange opt cold webrender,,77,ms,geckoview,False,|c|o|l|d| |w|e|b|r|e|n|d|e|r|,,4361205,13,8bad20cfa5c21f9f330712163e9ddf6ea850f908,102210fe594ee9b33d82058545b1ed14f4c8206e,android-hw-a51-11-0-aarch64-shippable-qr,amazon-search,True,,,,,,,,,,,,,,,,,,,,,,,,,,,,,,,,,,,,,,,,,,,,,,,,,,TN,,,,,,,,,,
452762146.0,1866241750,2024-03-29 00:03:22,2179.9,28b4eaeb70285be21ee6612c4e891e41c7949b68,1400956,autoland,LastVisualChange,True,amazon-search LastVisualChange opt cold webrender,,77,ms,geckoview,False,|c|o|l|d| |w|e|b|r|e|n|d|e|r|,,4361205,13,8bad20cfa5c21f9f330712163e9ddf6ea850f908,102210fe594ee9b33d82058545b1ed14f4c8206e,android-hw-a51-11-0-aarch64-shippable-qr,amazon-search,True,,,,,,,,,,,,,,,,,,,,,,,,,,,,,,,,,,,,,,,,,,,,,,,,,,TN,,,,,,,,,,
452777498.0,1866379233,2024-03-29 04:27:46,2320.2,4120fb3d12f57159ca2e6809f555312e00adda5d,1401028,autoland,LastVisualChange,True,amazon-search LastVisualChange opt cold webrender,,77,ms,geckoview,False,|c|o|l|d| |w|e|b|r|e|n|d|e|r|,,4361205,13,8bad20cfa5c21f9f330712163e9ddf6ea850f908,102210fe594ee9b33d82058545b1ed14f4c8206e,android-hw-a51-11-0-aarch64-shippable-qr,amazon-search,True,,,,,,,,,,,,,,,,,,,,,,,,,,,,,,,,,,,,,,,,,,,,,,,,,,TN,,,,,,,,,,
452833866.0,1866393961,2024-03-29 12:22:16,2457.0,39124d8575b2fb025ca7fd37b91e052f28e88e67,1401116,autoland,LastVisualChange,True,amazon-search LastVisualChange opt cold webrender,,77,ms,geckoview,False,|c|o|l|d| |w|e|b|r|e|n|d|e|r|,,4361205,13,8bad20cfa5c21f9f330712163e9ddf6ea850f908,102210fe594ee9b33d82058545b1ed14f4c8206e,android-hw-a51-11-0-aarch64-shippable-qr,amazon-search,True,,,,,,,,,,,,,,,,,,,,,,,,,,,,,,,,,,,,,,,,,,,,,,,,,,TN,,,,,,,,,,
452853393.0,1866441514,2024-03-29 16:11:04,2272.5,33becba24b3c497daf0c1180e5c659ed3cc9028c,1401211,autoland,LastVisualChange,True,amazon-search LastVisualChange opt cold webrender,,77,ms,geckoview,False,|c|o|l|d| |w|e|b|r|e|n|d|e|r|,,4361205,13,8bad20cfa5c21f9f330712163e9ddf6ea850f908,102210fe594ee9b33d82058545b1ed14f4c8206e,android-hw-a51-11-0-aarch64-shippable-qr,amazon-search,True,,,,,,,,,,,,,,,,,,,,,,,,,,,,,,,,,,,,,,,,,,,,,,,,,,TN,,,,,,,,,,
452879409.0,1866559488,2024-03-29 20:24:43,2067.7,dd4f0b5931701d3aa7f7ed94fd3ba8c45816316c,1401326,autoland,LastVisualChange,True,amazon-search LastVisualChange opt cold webrender,,77,ms,geckoview,False,|c|o|l|d| |w|e|b|r|e|n|d|e|r|,,4361205,13,8bad20cfa5c21f9f330712163e9ddf6ea850f908,102210fe594ee9b33d82058545b1ed14f4c8206e,android-hw-a51-11-0-aarch64-shippable-qr,amazon-search,True,,,,,,,,,,,,,,,,,,,,,,,,,,,,,,,,,,,,,,,,,,,,,,,,,,TN,,,,,,,,,,
452901231.0,1866687442,2024-03-30 04:38:25,2069.9,2fe1ab05c8fa00d73df88b20df9bc87301a46d46,1401437,autoland,LastVisualChange,True,amazon-search LastVisualChange opt cold webrender,,77,ms,geckoview,False,|c|o|l|d| |w|e|b|r|e|n|d|e|r|,,4361205,13,8bad20cfa5c21f9f330712163e9ddf6ea850f908,102210fe594ee9b33d82058545b1ed14f4c8206e,android-hw-a51-11-0-aarch64-shippable-qr,amazon-search,True,,,,,,,,,,,,,,,,,,,,,,,,,,,,,,,,,,,,,,,,,,,,,,,,,,TN,,,,,,,,,,
452910116.0,1866738534,2024-03-30 08:43:08,2151.1,3e1a0031f44e72f557f0ec79cf8423168b952d80,1401445,autoland,LastVisualChange,True,amazon-search LastVisualChange opt cold webrender,,77,ms,geckoview,False,|c|o|l|d| |w|e|b|r|e|n|d|e|r|,,4361205,13,8bad20cfa5c21f9f330712163e9ddf6ea850f908,102210fe594ee9b33d82058545b1ed14f4c8206e,android-hw-a51-11-0-aarch64-shippable-qr,amazon-search,True,,,,,,,,,,,,,,,,,,,,,,,,,,,,,,,,,,,,,,,,,,,,,,,,,,TN,,,,,,,,,,
452935222.0,1866823949,2024-03-30 16:23:17,2124.6,dea770591ed30035f88966bbf45cbbcc6557cdcc,1401476,autoland,LastVisualChange,True,amazon-search LastVisualChange opt cold webrender,,77,ms,geckoview,False,|c|o|l|d| |w|e|b|r|e|n|d|e|r|,,4361205,13,8bad20cfa5c21f9f330712163e9ddf6ea850f908,102210fe594ee9b33d82058545b1ed14f4c8206e,android-hw-a51-11-0-aarch64-shippable-qr,amazon-search,True,,,,,,,,,,,,,,,,,,,,,,,,,,,,,,,,,,,,,,,,,,,,,,,,,,TN,,,,,,,,,,
452939956.0,1866848410,2024-03-30 17:37:54,2166.7,d7916bbe3cb4118dd9464ef3af064b13b3b0d0c4,1401479,autoland,LastVisualChange,True,amazon-search LastVisualChange opt cold webrender,,77,ms,geckoview,False,|c|o|l|d| |w|e|b|r|e|n|d|e|r|,,4361205,13,8bad20cfa5c21f9f330712163e9ddf6ea850f908,102210fe594ee9b33d82058545b1ed14f4c8206e,android-hw-a51-11-0-aarch64-shippable-qr,amazon-search,True,,,,,,,,,,,,,,,,,,,,,,,,,,,,,,,,,,,,,,,,,,,,,,,,,,TN,,,,,,,,,,
452966728.0,1866935714,2024-03-31 07:04:36,2123.5,579426b2f39c365731042d79d87533ac3f616461,1401509,autoland,LastVisualChange,True,amazon-search LastVisualChange opt cold webrender,,77,ms,geckoview,False,|c|o|l|d| |w|e|b|r|e|n|d|e|r|,,4361205,13,8bad20cfa5c21f9f330712163e9ddf6ea850f908,102210fe594ee9b33d82058545b1ed14f4c8206e,android-hw-a51-11-0-aarch64-shippable-qr,amazon-search,True,,,,,,,,,,,,,,,,,,,,,,,,,,,,,,,,,,,,,,,,,,,,,,,,,,TN,,,,,,,,,,
452989842.0,1867024912,2024-03-31 14:47:20,2102.1,dfc3fd176c4fcd62b5a28dcfedea3c509f24ebf5,1401533,autoland,LastVisualChange,True,amazon-search LastVisualChange opt cold webrender,,77,ms,geckoview,False,|c|o|l|d| |w|e|b|r|e|n|d|e|r|,,4361205,13,8bad20cfa5c21f9f330712163e9ddf6ea850f908,102210fe594ee9b33d82058545b1ed14f4c8206e,android-hw-a51-11-0-aarch64-shippable-qr,amazon-search,True,,,,,,,,,,,,,,,,,,,,,,,,,,,,,,,,,,,,,,,,,,,,,,,,,,TN,,,,,,,,,,
452995010.0,1867050762,2024-03-31 19:03:22,2262.6,334eacacff83840ceed0bb2077c0a2a527e491a5,1401545,autoland,LastVisualChange,True,amazon-search LastVisualChange opt cold webrender,,77,ms,geckoview,False,|c|o|l|d| |w|e|b|r|e|n|d|e|r|,,4361205,13,8bad20cfa5c21f9f330712163e9ddf6ea850f908,102210fe594ee9b33d82058545b1ed14f4c8206e,android-hw-a51-11-0-aarch64-shippable-qr,amazon-search,True,,,,,,,,,,,,,,,,,,,,,,,,,,,,,,,,,,,,,,,,,,,,,,,,,,TN,,,,,,,,,,
453015316.0,1867132481,2024-04-01 07:03:36,2201.6,5d97e037b69610f99c35f4bbd65d27bafc5605fc,1401600,autoland,LastVisualChange,True,amazon-search LastVisualChange opt cold webrender,,77,ms,geckoview,False,|c|o|l|d| |w|e|b|r|e|n|d|e|r|,,4361205,13,8bad20cfa5c21f9f330712163e9ddf6ea850f908,102210fe594ee9b33d82058545b1ed14f4c8206e,android-hw-a51-11-0-aarch64-shippable-qr,amazon-search,True,,,,,,,,,,,,,,,,,,,,,,,,,,,,,,,,,,,,,,,,,,,,,,,,,,TN,,,,,,,,,,
453041923.0,1867221886,2024-04-01 11:30:18,2133.6,9546c05d8f57091e5d3e12129a49f11b8b027da7,1401661,autoland,LastVisualChange,True,amazon-search LastVisualChange opt cold webrender,,77,ms,geckoview,False,|c|o|l|d| |w|e|b|r|e|n|d|e|r|,,4361205,13,8bad20cfa5c21f9f330712163e9ddf6ea850f908,102210fe594ee9b33d82058545b1ed14f4c8206e,android-hw-a51-11-0-aarch64-shippable-qr,amazon-search,True,,,,,,,,,,,,,,,,,,,,,,,,,,,,,,,,,,,,,,,,,,,,,,,,,,TN,,,,,,,,,,
453063703.0,1867260826,2024-04-01 13:16:41,2118.5,26157b52a8c30d72d8e065cc4a8286633ee85b63,1401687,autoland,LastVisualChange,True,amazon-search LastVisualChange opt cold webrender,,77,ms,geckoview,False,|c|o|l|d| |w|e|b|r|e|n|d|e|r|,,4361205,13,8bad20cfa5c21f9f330712163e9ddf6ea850f908,102210fe594ee9b33d82058545b1ed14f4c8206e,android-hw-a51-11-0-aarch64-shippable-qr,amazon-search,True,,,,,,,,,,,,,,,,,,,,,,,,,,,,,,,,,,,,,,,,,,,,,,,,,,TN,,,,,,,,,,
453087398.0,1867331923,2024-04-01 17:19:53,2218.9,cdd16ab5df10333f1a1eb637ecf2692e15271d17,1401785,autoland,LastVisualChange,True,amazon-search LastVisualChange opt cold webrender,,77,ms,geckoview,False,|c|o|l|d| |w|e|b|r|e|n|d|e|r|,,4361205,13,8bad20cfa5c21f9f330712163e9ddf6ea850f908,102210fe594ee9b33d82058545b1ed14f4c8206e,android-hw-a51-11-0-aarch64-shippable-qr,amazon-search,True,,,,,,,,,,,,,,,,,,,,,,,,,,,,,,,,,,,,,,,,,,,,,,,,,,TN,,,,,,,,,,
453095183.0,1867376682,2024-04-01 18:19:29,2162.9,57354c5689ef8a5f598978d912570706445e1034,1401826,autoland,LastVisualChange,True,amazon-search LastVisualChange opt cold webrender,,77,ms,geckoview,False,|c|o|l|d| |w|e|b|r|e|n|d|e|r|,,4361205,13,8bad20cfa5c21f9f330712163e9ddf6ea850f908,102210fe594ee9b33d82058545b1ed14f4c8206e,android-hw-a51-11-0-aarch64-shippable-qr,amazon-search,True,,,,,,,,,,,,,,,,,,,,,,,,,,,,,,,,,,,,,,,,,,,,,,,,,,TN,,,,,,,,,,
453136743.0,1867550950,2024-04-01 22:35:55,2182.1,13111643fbf4557d26174a12b2cde1954182b0ab,1402004,autoland,LastVisualChange,True,amazon-search LastVisualChange opt cold webrender,,77,ms,geckoview,False,|c|o|l|d| |w|e|b|r|e|n|d|e|r|,,4361205,13,8bad20cfa5c21f9f330712163e9ddf6ea850f908,102210fe594ee9b33d82058545b1ed14f4c8206e,android-hw-a51-11-0-aarch64-shippable-qr,amazon-search,True,,,,,,,,,,,,,,,,,,,,,,,,,,,,,,,,,,,,,,,,,,,,,,,,,,TN,,,,,,,,,,
453135389.0,1867516148,2024-04-01 22:39:43,2159.6,e7ec5d35ae0d80f4a77b6705e1a393c637da672e,1402007,autoland,LastVisualChange,True,amazon-search LastVisualChange opt cold webrender,,77,ms,geckoview,False,|c|o|l|d| |w|e|b|r|e|n|d|e|r|,,4361205,13,8bad20cfa5c21f9f330712163e9ddf6ea850f908,102210fe594ee9b33d82058545b1ed14f4c8206e,android-hw-a51-11-0-aarch64-shippable-qr,amazon-search,True,,,,,,,,,,,,,,,,,,,,,,,,,,,,,,,,,,,,,,,,,,,,,,,,,,TN,,,,,,,,,,
453150518.0,1867607699,2024-04-02 04:32:43,2107.9,de086751acb845c252c37aab95a7e6b265df39a6,1402085,autoland,LastVisualChange,True,amazon-search LastVisualChange opt cold webrender,,77,ms,geckoview,False,|c|o|l|d| |w|e|b|r|e|n|d|e|r|,,4361205,13,8bad20cfa5c21f9f330712163e9ddf6ea850f908,102210fe594ee9b33d82058545b1ed14f4c8206e,android-hw-a51-11-0-aarch64-shippable-qr,amazon-search,True,,,,,,,,,,,,,,,,,,,,,,,,,,,,,,,,,,,,,,,,,,,,,,,,,,TN,,,,,,,,,,
453172486.0,1867680986,2024-04-02 08:47:33,2158.6,4df6842cb470c27ca949eaaa6d3a9b6b37d9c8fe,1402179,autoland,LastVisualChange,True,amazon-search LastVisualChange opt cold webrender,,77,ms,geckoview,False,|c|o|l|d| |w|e|b|r|e|n|d|e|r|,,4361205,13,8bad20cfa5c21f9f330712163e9ddf6ea850f908,102210fe594ee9b33d82058545b1ed14f4c8206e,android-hw-a51-11-0-aarch64-shippable-qr,amazon-search,True,,,,,,,,,,,,,,,,,,,,,,,,,,,,,,,,,,,,,,,,,,,,,,,,,,TN,,,,,,,,,,
453173141.0,1867703313,2024-04-02 08:57:49,2219.6,52bb75377d06cfb305446ca966c7526c9c9729c7,1402180,autoland,LastVisualChange,True,amazon-search LastVisualChange opt cold webrender,,77,ms,geckoview,False,|c|o|l|d| |w|e|b|r|e|n|d|e|r|,,4361205,13,8bad20cfa5c21f9f330712163e9ddf6ea850f908,102210fe594ee9b33d82058545b1ed14f4c8206e,android-hw-a51-11-0-aarch64-shippable-qr,amazon-search,True,,,,,,,,,,,,,,,,,,,,,,,,,,,,,,,,,,,,,,,,,,,,,,,,,,TN,,,,,,,,,,
