repository_name,signature_id,framework_id,signature_hash,machine_platform,should_alert,has_subtests,extra_options,tags,option_collection_hash,test,suite,lower_is_better,name,parent_signature,repository_id,measurement_unit,application,job_id,entry_id,push_timestamp,value,revision,push_id,test_new_value,test_classifier,alert_prev_push_revision,alert_id,test_amount_pct,alert_performance_tags,test_prev_value,alert_first_triaged,test_series_signature_has_subtests,alert_framework,test_series_signature_framework_id,test_series_signature_suite_public_name,alert_related_alerts,test_taskcluster_metadata_retry_id,alert_prev_push_id,alert_status,alert_push_id,test_status,alert_assignee_username,test_series_signature_signature_hash,test_prev_taskcluster_metadata_task_id,test_series_signature_machine_platform,alert_bug_number,alert_repository,alert_bug_due_date,test_series_signature_test_public_name,alert_issue_tracker,test_amount_abs,test_id,test_series_signature_measurement_unit,test_taskcluster_metadata_task_id,test_backfill_record_total_backfills_successful,test_summary_id,test_series_signature_option_collection_hash,test_prev_taskcluster_metadata_retry_id,test_is_regression,test_manually_created,test_classifier_email,test_backfill_record_total_backfills_failed,test_backfill_record_total_actions_triggered,alert_assignee_email,alert_creation_timestamp,test_prev_profile_url,alert_notes,test_series_signature_test,test_noise_profile,test_series_signature_lower_is_better,alert_revision,test_related_summary_id,alert_bug_updated,test_profile_url,test_backfill_record_context,test_starred,test_backfill_record_total_backfills_in_progress,test_t_value,test_series_signature_suite,test_series_signature_extra_options,test_backfill_record_status,test_series_signature_tags,alert_triage_due_date,alert_status_general,test_status_general
autoland,4768071,12,69b95d09da21c937720a8d3aaca237f47b683aa9,linux1804-64-shippable-qr,True,False,,,102210fe594ee9b33d82058545b1ed14f4c8206e,browser-toolbox.connect.DAMP,damp,True,damp browser-toolbox.connect.DAMP opt e10s fission stylo webrender-sw,4767235,77,ms,firefox,,1700021750,2023-05-24 10:49:25,2016.3034189999928,1db51625512e546534a6a7352ff4ff3b9c48d713,1245770,,,,,,,,,,,,,,,,,,,,,,,,,,,,,,,,,,,,,,,,,,,,,,,,,,,,,,,,,,,,,TN,TN
autoland,4768071,12,69b95d09da21c937720a8d3aaca237f47b683aa9,linux1804-64-shippable-qr,True,False,,,102210fe594ee9b33d82058545b1ed14f4c8206e,browser-toolbox.connect.DAMP,damp,True,damp browser-toolbox.connect.DAMP opt e10s fission stylo webrender-sw,4767235,77,ms,firefox,,1700081984,2023-05-24 13:34:40,2038.3634500000044,6a96bb1f430f92b83cc31f74db4e4c1f71e155e5,1245871,,,,,,,,,,,,,,,,,,,,,,,,,,,,,,,,,,,,,,,,,,,,,,,,,,,,,,,,,,,,,TN,TN
autoland,4768071,12,69b95d09da21c937720a8d3aaca237f47b683aa9,linux1804-64-shippable-qr,True,False,,,102210fe594ee9b33d82058545b1ed14f4c8206e,browser-toolbox.connect.DAMP,damp,True,damp browser-toolbox.connect.DAMP opt e10s fission stylo webrender-sw,4767235,77,ms,firefox,,1700206991,2023-05-24 17:26:23,1991.1575015000128,b9da43bde2c92655235855f4bb966f7a2537eafa,1246058,,,,,,,,,,,,,,,,,,,,,,,,,,,,,,,,,,,,,,,,,,,,,,,,,,,,,,,,,,,,,TN,TN
autoland,4768071,12,69b95d09da21c937720a8d3aaca237f47b683aa9,linux1804-64-shippable-qr,True,False,,,102210fe594ee9b33d82058545b1ed14f4c8206e,browser-toolbox.connect.DAMP,damp,True,damp browser-toolbox.connect.DAMP opt e10s fission stylo webrender-sw,4767235,77,ms,firefox,,1700312128,2023-05-24 21:30:03,1960.304598499992,468123d0735b96f7486f1e1a4de373e3dd7520bd,1246204,,,,,,,,,,,,,,,,,,,,,,,,,,,,,,,,,,,,,,,,,,,,,,,,,,,,,,,,,,,,,TN,TN
autoland,4768071,12,69b95d09da21c937720a8d3aaca237f47b683aa9,linux1804-64-shippable-qr,True,False,,,102210fe594ee9b33d82058545b1ed14f4c8206e,browser-toolbox.connect.DAMP,damp,True,damp browser-toolbox.connect.DAMP opt e10s fission stylo webrender-sw,4767235,77,ms,firefox,,1700410173,2023-05-25 01:52:13,1962.189997999987,c1577427eba79d954813d300bfe6d4f09e0249f0,1246339,,,,,,,,,,,,,,,,,,,,,,,,,,,,,,,,,,,,,,,,,,,,,,,,,,,,,,,,,,,,,TN,TN
autoland,4768071,12,69b95d09da21c937720a8d3aaca237f47b683aa9,linux1804-64-shippable-qr,True,False,,,102210fe594ee9b33d82058545b1ed14f4c8206e,browser-toolbox.connect.DAMP,damp,True,damp browser-toolbox.connect.DAMP opt e10s fission stylo webrender-sw,4767235,77,ms,firefox,,1700472789,2023-05-25 06:53:28,1966.863467999996,ee3230b1fe26e5521d07465dcab71e75d586e422,1246434,,,,,,,,,,,,,,,,,,,,,,,,,,,,,,,,,,,,,,,,,,,,,,,,,,,,,,,,,,,,,TN,TN
autoland,4768071,12,69b95d09da21c937720a8d3aaca237f47b683aa9,linux1804-64-shippable-qr,True,False,,,102210fe594ee9b33d82058545b1ed14f4c8206e,browser-toolbox.connect.DAMP,damp,True,damp browser-toolbox.connect.DAMP opt e10s fission stylo webrender-sw,4767235,77,ms,firefox,,1700519160,2023-05-25 09:03:58,1990.0945145000296,0cd7e9f3c07773af459b1d5676b4f14a1a4c2844,1246517,,,,,,,,,,,,,,,,,,,,,,,,,,,,,,,,,,,,,,,,,,,,,,,,,,,,,,,,,,,,,TN,TN
autoland,4768071,12,69b95d09da21c937720a8d3aaca237f47b683aa9,linux1804-64-shippable-qr,True,False,,,102210fe594ee9b33d82058545b1ed14f4c8206e,browser-toolbox.connect.DAMP,damp,True,damp browser-toolbox.connect.DAMP opt e10s fission stylo webrender-sw,4767235,77,ms,firefox,,1700642199,2023-05-25 13:17:19,1975.7376345000084,09f3ed0c8776aaa707aab014022efa3a16e01a6e,1246661,,,,,,,,,,,,,,,,,,,,,,,,,,,,,,,,,,,,,,,,,,,,,,,,,,,,,,,,,,,,,TN,TN
autoland,4768071,12,69b95d09da21c937720a8d3aaca237f47b683aa9,linux1804-64-shippable-qr,True,False,,,102210fe594ee9b33d82058545b1ed14f4c8206e,browser-toolbox.connect.DAMP,damp,True,damp browser-toolbox.connect.DAMP opt e10s fission stylo webrender-sw,4767235,77,ms,firefox,,1700655927,2023-05-25 13:25:13,1982.4767910000228,6e07dad252683bcc1ed82d6a973adda9b490af1f,1246670,,,,,,,,,,,,,,,,,,,,,,,,,,,,,,,,,,,,,,,,,,,,,,,,,,,,,,,,,,,,,TN,TN
autoland,4768071,12,69b95d09da21c937720a8d3aaca237f47b683aa9,linux1804-64-shippable-qr,True,False,,,102210fe594ee9b33d82058545b1ed14f4c8206e,browser-toolbox.connect.DAMP,damp,True,damp browser-toolbox.connect.DAMP opt e10s fission stylo webrender-sw,4767235,77,ms,firefox,,1700754673,2023-05-25 17:00:24,1969.5503940000017,4971297a8917c4ce5f9136ebb0c82cde74eb50c4,1246837,,,,,,,,,,,,,,,,,,,,,,,,,,,,,,,,,,,,,,,,,,,,,,,,,,,,,,,,,,,,,TN,TN
autoland,4768071,12,69b95d09da21c937720a8d3aaca237f47b683aa9,linux1804-64-shippable-qr,True,False,,,102210fe594ee9b33d82058545b1ed14f4c8206e,browser-toolbox.connect.DAMP,damp,True,damp browser-toolbox.connect.DAMP opt e10s fission stylo webrender-sw,4767235,77,ms,firefox,,1700925441,2023-05-25 20:49:35,1985.691840499996,6d91b4ed2bb8fbe97d7f5fcf7cad0e6f2bb6ad2f,1247021,,,,,,,,,,,,,,,,,,,,,,,,,,,,,,,,,,,,,,,,,,,,,,,,,,,,,,,,,,,,,TN,TN
autoland,4768071,12,69b95d09da21c937720a8d3aaca237f47b683aa9,linux1804-64-shippable-qr,True,False,,,102210fe594ee9b33d82058545b1ed14f4c8206e,browser-toolbox.connect.DAMP,damp,True,damp browser-toolbox.connect.DAMP opt e10s fission stylo webrender-sw,4767235,77,ms,firefox,,1701037100,2023-05-26 00:58:32,2047.6025779999472,d49f009b89ad3ae1616d96cb1d2d9234ef3f6cda,1247180,,,,,,,,,,,,,,,,,,,,,,,,,,,,,,,,,,,,,,,,,,,,,,,,,,,,,,,,,,,,,TN,TN
autoland,4768071,12,69b95d09da21c937720a8d3aaca237f47b683aa9,linux1804-64-shippable-qr,True,False,,,102210fe594ee9b33d82058545b1ed14f4c8206e,browser-toolbox.connect.DAMP,damp,True,damp browser-toolbox.connect.DAMP opt e10s fission stylo webrender-sw,4767235,77,ms,firefox,,1701138398,2023-05-26 04:58:44,2024.977793500002,ffc18acbe9c027a3d6c960322b40a9d0576af311,1247241,,,,,,,,,,,,,,,,,,,,,,,,,,,,,,,,,,,,,,,,,,,,,,,,,,,,,,,,,,,,,TN,TN
autoland,4768071,12,69b95d09da21c937720a8d3aaca237f47b683aa9,linux1804-64-shippable-qr,True,False,,,102210fe594ee9b33d82058545b1ed14f4c8206e,browser-toolbox.connect.DAMP,damp,True,damp browser-toolbox.connect.DAMP opt e10s fission stylo webrender-sw,4767235,77,ms,firefox,,1701218163,2023-05-26 08:30:04,1990.10956599997,35f77e2aafb53fdda81c118a9ea61aefdacd61b4,1247293,,,,,,,,,,,,,,,,,,,,,,,,,,,,,,,,,,,,,,,,,,,,,,,,,,,,,,,,,,,,,TN,TN
autoland,4768071,12,69b95d09da21c937720a8d3aaca237f47b683aa9,linux1804-64-shippable-qr,True,False,,,102210fe594ee9b33d82058545b1ed14f4c8206e,browser-toolbox.connect.DAMP,damp,True,damp browser-toolbox.connect.DAMP opt e10s fission stylo webrender-sw,4767235,77,ms,firefox,,1701355428,2023-05-26 12:58:50,1976.2744594999824,3999253a6a3dc448416b9a73377e8599ca6bd022,1247437,,,,,,,,,,,,,,,,,,,,,,,,,,,,,,,,,,,,,,,,,,,,,,,,,,,,,,,,,,,,,TN,TN
autoland,4768071,12,69b95d09da21c937720a8d3aaca237f47b683aa9,linux1804-64-shippable-qr,True,False,,,102210fe594ee9b33d82058545b1ed14f4c8206e,browser-toolbox.connect.DAMP,damp,True,damp browser-toolbox.connect.DAMP opt e10s fission stylo webrender-sw,4767235,77,ms,firefox,,1701379717,2023-05-26 13:11:40,1962.038818499976,bb19012006135abc7ddd72be3cd269be7ef114b5,1247444,,,,,,,,,,,,,,,,,,,,,,,,,,,,,,,,,,,,,,,,,,,,,,,,,,,,,,,,,,,,,TN,TN
autoland,4768071,12,69b95d09da21c937720a8d3aaca237f47b683aa9,linux1804-64-shippable-qr,True,False,,,102210fe594ee9b33d82058545b1ed14f4c8206e,browser-toolbox.connect.DAMP,damp,True,damp browser-toolbox.connect.DAMP opt e10s fission stylo webrender-sw,4767235,77,ms,firefox,,1701524059,2023-05-26 17:23:29,1989.0336940000125,8ca2ea7fe36515caaf70ddf90bfd2ee269f059cf,1247619,,,,,,,,,,,,,,,,,,,,,,,,,,,,,,,,,,,,,,,,,,,,,,,,,,,,,,,,,,,,,TN,TN
autoland,4768071,12,69b95d09da21c937720a8d3aaca237f47b683aa9,linux1804-64-shippable-qr,True,False,,,102210fe594ee9b33d82058545b1ed14f4c8206e,browser-toolbox.connect.DAMP,damp,True,damp browser-toolbox.connect.DAMP opt e10s fission stylo webrender-sw,4767235,77,ms,firefox,,1701610637,2023-05-26 19:44:57,2015.158218499997,fc6056442a0fa16146259cb730d4e34a16656952,1247712,,,,,,,,,,,,,,,,,,,,,,,,,,,,,,,,,,,,,,,,,,,,,,,,,,,,,,,,,,,,,TN,TN
autoland,4768071,12,69b95d09da21c937720a8d3aaca237f47b683aa9,linux1804-64-shippable-qr,True,False,,,102210fe594ee9b33d82058545b1ed14f4c8206e,browser-toolbox.connect.DAMP,damp,True,damp browser-toolbox.connect.DAMP opt e10s fission stylo webrender-sw,4767235,77,ms,firefox,,1701730050,2023-05-27 00:56:39,1965.0041649999948,b45b68be3f9bae0da4d649a44e60c6cd175f2212,1247879,,,,,,,,,,,,,,,,,,,,,,,,,,,,,,,,,,,,,,,,,,,,,,,,,,,,,,,,,,,,,TN,TN
autoland,4768071,12,69b95d09da21c937720a8d3aaca237f47b683aa9,linux1804-64-shippable-qr,True,False,,,102210fe594ee9b33d82058545b1ed14f4c8206e,browser-toolbox.connect.DAMP,damp,True,damp browser-toolbox.connect.DAMP opt e10s fission stylo webrender-sw,4767235,77,ms,firefox,,1701881042,2023-05-27 11:39:36,2036.6330089999972,6a941c8c6ff3290e530942915ee97161b670f15d,1247945,,,,,,,,,,,,,,,,,,,,,,,,,,,,,,,,,,,,,,,,,,,,,,,,,,,,,,,,,,,,,TN,TN
autoland,4768071,12,69b95d09da21c937720a8d3aaca237f47b683aa9,linux1804-64-shippable-qr,True,False,,,102210fe594ee9b33d82058545b1ed14f4c8206e,browser-toolbox.connect.DAMP,damp,True,damp browser-toolbox.connect.DAMP opt e10s fission stylo webrender-sw,4767235,77,ms,firefox,,1701915350,2023-05-27 15:52:21,1974.40919699999,531a15ae09d49e29c270830e9b873aa625a5a8c2,1247961,,,,,,,,,,,,,,,,,,,,,,,,,,,,,,,,,,,,,,,,,,,,,,,,,,,,,,,,,,,,,TN,TN
autoland,4768071,12,69b95d09da21c937720a8d3aaca237f47b683aa9,linux1804-64-shippable-qr,True,False,,,102210fe594ee9b33d82058545b1ed14f4c8206e,browser-toolbox.connect.DAMP,damp,True,damp browser-toolbox.connect.DAMP opt e10s fission stylo webrender-sw,4767235,77,ms,firefox,,1702042443,2023-05-28 20:46:15,1953.0465050000491,47f0f49b40361f9c5bde3a5691dc5d65ec1e0061,1248031,,,,,,,,,,,,,,,,,,,,,,,,,,,,,,,,,,,,,,,,,,,,,,,,,,,,,,,,,,,,,TN,TN
autoland,4768071,12,69b95d09da21c937720a8d3aaca237f47b683aa9,linux1804-64-shippable-qr,True,False,,,102210fe594ee9b33d82058545b1ed14f4c8206e,browser-toolbox.connect.DAMP,damp,True,damp browser-toolbox.connect.DAMP opt e10s fission stylo webrender-sw,4767235,77,ms,firefox,,1702075947,2023-05-29 02:12:22,1981.2538364999928,1f8f2142966233c5d8d437f93d361aa0cc2b36c6,1248080,,,,,,,,,,,,,,,,,,,,,,,,,,,,,,,,,,,,,,,,,,,,,,,,,,,,,,,,,,,,,TN,TN
autoland,4768071,12,69b95d09da21c937720a8d3aaca237f47b683aa9,linux1804-64-shippable-qr,True,False,,,102210fe594ee9b33d82058545b1ed14f4c8206e,browser-toolbox.connect.DAMP,damp,True,damp browser-toolbox.connect.DAMP opt e10s fission stylo webrender-sw,4767235,77,ms,firefox,,1702137889,2023-05-29 06:50:24,1968.4667814999996,1565861edeebf64845658a3f48cb89fa4515bb68,1248115,,,,,,,,,,,,,,,,,,,,,,,,,,,,,,,,,,,,,,,,,,,,,,,,,,,,,,,,,,,,,TN,TN
autoland,4768071,12,69b95d09da21c937720a8d3aaca237f47b683aa9,linux1804-64-shippable-qr,True,False,,,102210fe594ee9b33d82058545b1ed14f4c8206e,browser-toolbox.connect.DAMP,damp,True,damp browser-toolbox.connect.DAMP opt e10s fission stylo webrender-sw,4767235,77,ms,firefox,,1702153523,2023-05-29 07:27:55,1959.3998945000055,31915ad324761c4fe80dac65ca36f070ab2102a2,1248125,,,,,,,,,,,,,,,,,,,,,,,,,,,,,,,,,,,,,,,,,,,,,,,,,,,,,,,,,,,,,TN,TN
autoland,4768071,12,69b95d09da21c937720a8d3aaca237f47b683aa9,linux1804-64-shippable-qr,True,False,,,102210fe594ee9b33d82058545b1ed14f4c8206e,browser-toolbox.connect.DAMP,damp,True,damp browser-toolbox.connect.DAMP opt e10s fission stylo webrender-sw,4767235,77,ms,firefox,,1703772788,2023-05-29 14:27:57,2022.633571499995,83f34deeebbf4c6c6ab5d535abf0d8b6681429a5,1248269,,,,,,,,,,,,,,,,,,,,,,,,,,,,,,,,,,,,,,,,,,,,,,,,,,,,,,,,,,,,,TN,TN
autoland,4768071,12,69b95d09da21c937720a8d3aaca237f47b683aa9,linux1804-64-shippable-qr,True,False,,,102210fe594ee9b33d82058545b1ed14f4c8206e,browser-toolbox.connect.DAMP,damp,True,damp browser-toolbox.connect.DAMP opt e10s fission stylo webrender-sw,4767235,77,ms,firefox,,1703770660,2023-05-29 14:36:00,1967.123246999996,9865f9ad00a4be4ca189957186c8e453a69433cb,1248271,,,,,,,,,,,,,,,,,,,,,,,,,,,,,,,,,,,,,,,,,,,,,,,,,,,,,,,,,,,,,TN,TN
autoland,4768071,12,69b95d09da21c937720a8d3aaca237f47b683aa9,linux1804-64-shippable-qr,True,False,,,102210fe594ee9b33d82058545b1ed14f4c8206e,browser-toolbox.connect.DAMP,damp,True,damp browser-toolbox.connect.DAMP opt e10s fission stylo webrender-sw,4767235,77,ms,firefox,,1703771036,2023-05-29 14:42:50,1946.5538189999788,863fae78db03c2bffe5d860a7ada23a66d3634ad,1248275,,,,,,,,,,,,,,,,,,,,,,,,,,,,,,,,,,,,,,,,,,,,,,,,,,,,,,,,,,,,,TN,TN
autoland,4768071,12,69b95d09da21c937720a8d3aaca237f47b683aa9,linux1804-64-shippable-qr,True,False,,,102210fe594ee9b33d82058545b1ed14f4c8206e,browser-toolbox.connect.DAMP,damp,True,damp browser-toolbox.connect.DAMP opt e10s fission stylo webrender-sw,4767235,77,ms,firefox,,1703773278,2023-05-29 15:08:21,1995.111216499994,8e03224a019c674d3b61c734ae819e8557cef17f,1248288,,,,,,,,,,,,,,,,,,,,,,,,,,,,,,,,,,,,,,,,,,,,,,,,,,,,,,,,,,,,,TN,TN
autoland,4768071,12,69b95d09da21c937720a8d3aaca237f47b683aa9,linux1804-64-shippable-qr,True,False,,,102210fe594ee9b33d82058545b1ed14f4c8206e,browser-toolbox.connect.DAMP,damp,True,damp browser-toolbox.connect.DAMP opt e10s fission stylo webrender-sw,4767235,77,ms,firefox,,1703771157,2023-05-29 15:13:34,1995.437771500001,934b572f87f75a1aa549ef81f2a8068b67d9db9a,1248290,,,,,,,,,,,,,,,,,,,,,,,,,,,,,,,,,,,,,,,,,,,,,,,,,,,,,,,,,,,,,TN,TN
autoland,4768071,12,69b95d09da21c937720a8d3aaca237f47b683aa9,linux1804-64-shippable-qr,True,False,,,102210fe594ee9b33d82058545b1ed14f4c8206e,browser-toolbox.connect.DAMP,damp,True,damp browser-toolbox.connect.DAMP opt e10s fission stylo webrender-sw,4767235,77,ms,firefox,,1703773264,2023-05-29 15:27:41,1963.945801499969,19b8e6404f2f1450a33bb8a0759eac2cc5b5c984,1248297,,,,,,,,,,,,,,,,,,,,,,,,,,,,,,,,,,,,,,,,,,,,,,,,,,,,,,,,,,,,,TN,TN
autoland,4768071,12,69b95d09da21c937720a8d3aaca237f47b683aa9,linux1804-64-shippable-qr,True,False,,,102210fe594ee9b33d82058545b1ed14f4c8206e,browser-toolbox.connect.DAMP,damp,True,damp browser-toolbox.connect.DAMP opt e10s fission stylo webrender-sw,4767235,77,ms,firefox,,1703773518,2023-05-29 15:28:37,2036.23733600002,01dffee0963acf860a88f0acacedec6b45003bcd,1248298,,,,,,,,,,,,,,,,,,,,,,,,,,,,,,,,,,,,,,,,,,,,,,,,,,,,,,,,,,,,,TN,TN
autoland,4768071,12,69b95d09da21c937720a8d3aaca237f47b683aa9,linux1804-64-shippable-qr,True,False,,,102210fe594ee9b33d82058545b1ed14f4c8206e,browser-toolbox.connect.DAMP,damp,True,damp browser-toolbox.connect.DAMP opt e10s fission stylo webrender-sw,4767235,77,ms,firefox,,1703767573,2023-05-29 15:35:58,1754.1013380000368,79fb1520edea2a80a21d35c86ed08f90603260ba,1248301,,,,,,,,,,,,,,,,,,,,,,,,,,,,,,,,,,,,,,,,,,,,,,,,,,,,,,,,,,,,,TN,TN
autoland,4768071,12,69b95d09da21c937720a8d3aaca237f47b683aa9,linux1804-64-shippable-qr,True,False,,,102210fe594ee9b33d82058545b1ed14f4c8206e,browser-toolbox.connect.DAMP,damp,True,damp browser-toolbox.connect.DAMP opt e10s fission stylo webrender-sw,4767235,77,ms,firefox,,1703772659,2023-05-29 15:40:40,2079.038667000012,e95d47f885f841da513efcea5500ec20d9409395,1248303,,,,,,,,,,,,,,,,,,,,,,,,,,,,,,,,,,,,,,,,,,,,,,,,,,,,,,,,,,,,,TN,TN
autoland,4768071,12,69b95d09da21c937720a8d3aaca237f47b683aa9,linux1804-64-shippable-qr,True,False,,,102210fe594ee9b33d82058545b1ed14f4c8206e,browser-toolbox.connect.DAMP,damp,True,damp browser-toolbox.connect.DAMP opt e10s fission stylo webrender-sw,4767235,77,ms,firefox,,1702323366,2023-05-29 15:52:56,1991.203394999975,e1a08bab18008646938a96dfab802d2471fcadc1,1248305,,,,,,,,,,,,,,,,,,,,,,,,,,,,,,,,,,,,,,,,,,,,,,,,,,,,,,,,,,,,,TN,TN
autoland,4768071,12,69b95d09da21c937720a8d3aaca237f47b683aa9,linux1804-64-shippable-qr,True,False,,,102210fe594ee9b33d82058545b1ed14f4c8206e,browser-toolbox.connect.DAMP,damp,True,damp browser-toolbox.connect.DAMP opt e10s fission stylo webrender-sw,4767235,77,ms,firefox,,1703770477,2023-05-29 16:59:50,2028.0603790000316,25cde57b213e9fe2e6eb7b30c2fc9ca34454b349,1248355,,,,,,,,,,,,,,,,,,,,,,,,,,,,,,,,,,,,,,,,,,,,,,,,,,,,,,,,,,,,,TN,TN
autoland,4768071,12,69b95d09da21c937720a8d3aaca237f47b683aa9,linux1804-64-shippable-qr,True,False,,,102210fe594ee9b33d82058545b1ed14f4c8206e,browser-toolbox.connect.DAMP,damp,True,damp browser-toolbox.connect.DAMP opt e10s fission stylo webrender-sw,4767235,77,ms,firefox,,1703770532,2023-05-29 17:33:11,1992.314927499974,2c9ee3c4df9f038b0c03d2f4368e0417f2015872,1248371,,,,,,,,,,,,,,,,,,,,,,,,,,,,,,,,,,,,,,,,,,,,,,,,,,,,,,,,,,,,,TN,TN
autoland,4768071,12,69b95d09da21c937720a8d3aaca237f47b683aa9,linux1804-64-shippable-qr,True,False,,,102210fe594ee9b33d82058545b1ed14f4c8206e,browser-toolbox.connect.DAMP,damp,True,damp browser-toolbox.connect.DAMP opt e10s fission stylo webrender-sw,4767235,77,ms,firefox,,1703770770,2023-05-29 18:06:05,1948.6358659999933,4ca7939d9cc253817e1826b204a948d5703cb4da,1248382,,,,,,,,,,,,,,,,,,,,,,,,,,,,,,,,,,,,,,,,,,,,,,,,,,,,,,,,,,,,,TN,TN
autoland,4768071,12,69b95d09da21c937720a8d3aaca237f47b683aa9,linux1804-64-shippable-qr,True,False,,,102210fe594ee9b33d82058545b1ed14f4c8206e,browser-toolbox.connect.DAMP,damp,True,damp browser-toolbox.connect.DAMP opt e10s fission stylo webrender-sw,4767235,77,ms,firefox,,1703770729,2023-05-29 18:33:56,1949.9443390000088,90b70a4d4a673f3057de61f893693fb6488235c8,1248388,,,,,,,,,,,,,,,,,,,,,,,,,,,,,,,,,,,,,,,,,,,,,,,,,,,,,,,,,,,,,TN,TN
autoland,4768071,12,69b95d09da21c937720a8d3aaca237f47b683aa9,linux1804-64-shippable-qr,True,False,,,102210fe594ee9b33d82058545b1ed14f4c8206e,browser-toolbox.connect.DAMP,damp,True,damp browser-toolbox.connect.DAMP opt e10s fission stylo webrender-sw,4767235,77,ms,firefox,,1703772401,2023-05-29 18:40:08,1979.72387099998,27d8567370e57ff8acb306f9f0de55cb493d64b2,1248391,,,,,,,,,,,,,,,,,,,,,,,,,,,,,,,,,,,,,,,,,,,,,,,,,,,,,,,,,,,,,TN,TN
autoland,4768071,12,69b95d09da21c937720a8d3aaca237f47b683aa9,linux1804-64-shippable-qr,True,False,,,102210fe594ee9b33d82058545b1ed14f4c8206e,browser-toolbox.connect.DAMP,damp,True,damp browser-toolbox.connect.DAMP opt e10s fission stylo webrender-sw,4767235,77,ms,firefox,,1703770897,2023-05-29 19:01:00,2033.481781000024,c094753fbd78f98a36bbca0ee5f9ee70f57df0a3,1248396,,,,,,,,,,,,,,,,,,,,,,,,,,,,,,,,,,,,,,,,,,,,,,,,,,,,,,,,,,,,,TN,TN
autoland,4768071,12,69b95d09da21c937720a8d3aaca237f47b683aa9,linux1804-64-shippable-qr,True,False,,,102210fe594ee9b33d82058545b1ed14f4c8206e,browser-toolbox.connect.DAMP,damp,True,damp browser-toolbox.connect.DAMP opt e10s fission stylo webrender-sw,4767235,77,ms,firefox,,1703770964,2023-05-29 19:05:06,1978.4352255000197,bf91ed88fa0ff8d6bb4583582745431e4250ea30,1248398,,,,,,,,,,,,,,,,,,,,,,,,,,,,,,,,,,,,,,,,,,,,,,,,,,,,,,,,,,,,,TN,TN
autoland,4768071,12,69b95d09da21c937720a8d3aaca237f47b683aa9,linux1804-64-shippable-qr,True,False,,,102210fe594ee9b33d82058545b1ed14f4c8206e,browser-toolbox.connect.DAMP,damp,True,damp browser-toolbox.connect.DAMP opt e10s fission stylo webrender-sw,4767235,77,ms,firefox,,1703772801,2023-05-29 19:23:38,2054.890085499996,7e0621d3a953509d3c0e822386637bea2df1b934,1248410,,,,,,,,,,,,,,,,,,,,,,,,,,,,,,,,,,,,,,,,,,,,,,,,,,,,,,,,,,,,,TN,TN
autoland,4768071,12,69b95d09da21c937720a8d3aaca237f47b683aa9,linux1804-64-shippable-qr,True,False,,,102210fe594ee9b33d82058545b1ed14f4c8206e,browser-toolbox.connect.DAMP,damp,True,damp browser-toolbox.connect.DAMP opt e10s fission stylo webrender-sw,4767235,77,ms,firefox,,1703772958,2023-05-29 19:32:00,2070.3847059999825,510fb435f07924d78c03bb3d2bf3e9ba2bea5b57,1248419,,,,,,,,,,,,,,,,,,,,,,,,,,,,,,,,,,,,,,,,,,,,,,,,,,,,,,,,,,,,,TN,TN
autoland,4768071,12,69b95d09da21c937720a8d3aaca237f47b683aa9,linux1804-64-shippable-qr,True,False,,,102210fe594ee9b33d82058545b1ed14f4c8206e,browser-toolbox.connect.DAMP,damp,True,damp browser-toolbox.connect.DAMP opt e10s fission stylo webrender-sw,4767235,77,ms,firefox,,1702418342,2023-05-29 20:27:32,1994.555312000015,496eefc6bee2519ce93df561b640b582e869b964,1248440,,,,,,,,,,,,,,,,,,,,,,,,,,,,,,,,,,,,,,,,,,,,,,,,,,,,,,,,,,,,,TN,TN
autoland,4768071,12,69b95d09da21c937720a8d3aaca237f47b683aa9,linux1804-64-shippable-qr,True,False,,,102210fe594ee9b33d82058545b1ed14f4c8206e,browser-toolbox.connect.DAMP,damp,True,damp browser-toolbox.connect.DAMP opt e10s fission stylo webrender-sw,4767235,77,ms,firefox,,1703771115,2023-05-29 20:31:39,1994.550381500016,a388b9832d56311d671c8c0f9d7e8f503bdfd966,1248442,,,,,,,,,,,,,,,,,,,,,,,,,,,,,,,,,,,,,,,,,,,,,,,,,,,,,,,,,,,,,TN,TN
autoland,4768071,12,69b95d09da21c937720a8d3aaca237f47b683aa9,linux1804-64-shippable-qr,True,False,,,102210fe594ee9b33d82058545b1ed14f4c8206e,browser-toolbox.connect.DAMP,damp,True,damp browser-toolbox.connect.DAMP opt e10s fission stylo webrender-sw,4767235,77,ms,firefox,,1703771357,2023-05-29 20:32:29,2018.1036444999957,6c12bd04640fca63429e170a9e51a2cf01dbf1bf,1248443,,,,,,,,,,,,,,,,,,,,,,,,,,,,,,,,,,,,,,,,,,,,,,,,,,,,,,,,,,,,,TN,TN
autoland,4768071,12,69b95d09da21c937720a8d3aaca237f47b683aa9,linux1804-64-shippable-qr,True,False,,,102210fe594ee9b33d82058545b1ed14f4c8206e,browser-toolbox.connect.DAMP,damp,True,damp browser-toolbox.connect.DAMP opt e10s fission stylo webrender-sw,4767235,77,ms,firefox,,1703771660,2023-05-29 20:33:27,2038.2207310000013,73dd43f556334e053beb3b524f936568a087c5b2,1248444,,,,,,,,,,,,,,,,,,,,,,,,,,,,,,,,,,,,,,,,,,,,,,,,,,,,,,,,,,,,,TN,TN
autoland,4768071,12,69b95d09da21c937720a8d3aaca237f47b683aa9,linux1804-64-shippable-qr,True,False,,,102210fe594ee9b33d82058545b1ed14f4c8206e,browser-toolbox.connect.DAMP,damp,True,damp browser-toolbox.connect.DAMP opt e10s fission stylo webrender-sw,4767235,77,ms,firefox,,1702398640,2023-05-29 20:34:18,1990.8234709999813,f7d3e204b0fb015cf0fb51a08403e22986a2ae52,1248445,,,,,,,,,,,,,,,,,,,,,,,,,,,,,,,,,,,,,,,,,,,,,,,,,,,,,,,,,,,,,TN,TN
autoland,4768071,12,69b95d09da21c937720a8d3aaca237f47b683aa9,linux1804-64-shippable-qr,True,False,,,102210fe594ee9b33d82058545b1ed14f4c8206e,browser-toolbox.connect.DAMP,damp,True,damp browser-toolbox.connect.DAMP opt e10s fission stylo webrender-sw,4767235,77,ms,firefox,,1703890588,2023-05-29 21:12:53,2033.1872105000368,ad92507a727305609e2bafc4c0d6953505ad96c0,1248457,,,,,,,,,,,,,,,,,,,,,,,,,,,,,,,,,,,,,,,,,,,,,,,,,,,,,,,,,,,,,TN,TN
autoland,4768071,12,69b95d09da21c937720a8d3aaca237f47b683aa9,linux1804-64-shippable-qr,True,False,,,102210fe594ee9b33d82058545b1ed14f4c8206e,browser-toolbox.connect.DAMP,damp,True,damp browser-toolbox.connect.DAMP opt e10s fission stylo webrender-sw,4767235,77,ms,firefox,,1703890362,2023-05-29 21:19:10,1991.111105500022,bf29886dbbd501b65199c507c8f3e971eccbc361,1248459,,,,,,,,,,,,,,,,,,,,,,,,,,,,,,,,,,,,,,,,,,,,,,,,,,,,,,,,,,,,,TN,TN
autoland,4768071,12,69b95d09da21c937720a8d3aaca237f47b683aa9,linux1804-64-shippable-qr,True,False,,,102210fe594ee9b33d82058545b1ed14f4c8206e,browser-toolbox.connect.DAMP,damp,True,damp browser-toolbox.connect.DAMP opt e10s fission stylo webrender-sw,4767235,77,ms,firefox,,1703887672,2023-05-29 21:48:42,2011.880221000003,c72a0f17ce516981f66b6ea48d92883b99d3fdcb,1248466,,,,,,,,,,,,,,,,,,,,,,,,,,,,,,,,,,,,,,,,,,,,,,,,,,,,,,,,,,,,,TN,TN
autoland,4768071,12,69b95d09da21c937720a8d3aaca237f47b683aa9,linux1804-64-shippable-qr,True,False,,,102210fe594ee9b33d82058545b1ed14f4c8206e,browser-toolbox.connect.DAMP,damp,True,damp browser-toolbox.connect.DAMP opt e10s fission stylo webrender-sw,4767235,77,ms,firefox,,1703820098,2023-05-29 22:34:23,2017.9110329999749,5eb0c339e4a6c919642f1e70d15347b766ceec00,1248477,,,,,,,,,,,,,,,,,,,,,,,,,,,,,,,,,,,,,,,,,,,,,,,,,,,,,,,,,,,,,TN,TN
autoland,4768071,12,69b95d09da21c937720a8d3aaca237f47b683aa9,linux1804-64-shippable-qr,True,False,,,102210fe594ee9b33d82058545b1ed14f4c8206e,browser-toolbox.connect.DAMP,damp,True,damp browser-toolbox.connect.DAMP opt e10s fission stylo webrender-sw,4767235,77,ms,firefox,,1703891227,2023-05-29 22:43:06,2059.567135499994,4adf1e46346688c72a6dbaeb5e965cfee658401b,1248478,,,,,,,,,,,,,,,,,,,,,,,,,,,,,,,,,,,,,,,,,,,,,,,,,,,,,,,,,,,,,TN,TN
autoland,4768071,12,69b95d09da21c937720a8d3aaca237f47b683aa9,linux1804-64-shippable-qr,True,False,,,102210fe594ee9b33d82058545b1ed14f4c8206e,browser-toolbox.connect.DAMP,damp,True,damp browser-toolbox.connect.DAMP opt e10s fission stylo webrender-sw,4767235,77,ms,firefox,,1703870644,2023-05-29 23:11:16,1722.9590245,4ccd4812f7c0d415cd23537bb82139a6dde181ce,1248499,,,,,,,,,,,,,,,,,,,,,,,,,,,,,,,,,,,,,,,,,,,,,,,,,,,,,,,,,,,,,TN,TN
autoland,4768071,12,69b95d09da21c937720a8d3aaca237f47b683aa9,linux1804-64-shippable-qr,True,False,,,102210fe594ee9b33d82058545b1ed14f4c8206e,browser-toolbox.connect.DAMP,damp,True,damp browser-toolbox.connect.DAMP opt e10s fission stylo webrender-sw,4767235,77,ms,firefox,,1703888428,2023-05-29 23:46:21,1977.3930860000253,b523680472807db897898ef94b66c7de3fda158e,1248510,,,,,,,,,,,,,,,,,,,,,,,,,,,,,,,,,,,,,,,,,,,,,,,,,,,,,,,,,,,,,TN,TN
autoland,4768071,12,69b95d09da21c937720a8d3aaca237f47b683aa9,linux1804-64-shippable-qr,True,False,,,102210fe594ee9b33d82058545b1ed14f4c8206e,browser-toolbox.connect.DAMP,damp,True,damp browser-toolbox.connect.DAMP opt e10s fission stylo webrender-sw,4767235,77,ms,firefox,,1703889938,2023-05-29 23:51:29,2018.246960000004,6f34b6289b388b7d1f92cf9302f0ac45f905478f,1248512,,,,,,,,,,,,,,,,,,,,,,,,,,,,,,,,,,,,,,,,,,,,,,,,,,,,,,,,,,,,,TN,TN
autoland,4768071,12,69b95d09da21c937720a8d3aaca237f47b683aa9,linux1804-64-shippable-qr,True,False,,,102210fe594ee9b33d82058545b1ed14f4c8206e,browser-toolbox.connect.DAMP,damp,True,damp browser-toolbox.connect.DAMP opt e10s fission stylo webrender-sw,4767235,77,ms,firefox,,1703889126,2023-05-29 23:59:11,1953.8891160000055,a0fd96c06ef7a5bbad0dd7e2e624a48dc06ed3c0,1248516,,,,,,,,,,,,,,,,,,,,,,,,,,,,,,,,,,,,,,,,,,,,,,,,,,,,,,,,,,,,,TN,TN
autoland,4768071,12,69b95d09da21c937720a8d3aaca237f47b683aa9,linux1804-64-shippable-qr,True,False,,,102210fe594ee9b33d82058545b1ed14f4c8206e,browser-toolbox.connect.DAMP,damp,True,damp browser-toolbox.connect.DAMP opt e10s fission stylo webrender-sw,4767235,77,ms,firefox,,1702491770,2023-05-30 01:15:28,1959.8427135000093,82442b2d56d94c600cca707dd62ab7a19d68bbd2,1248536,,,,,,,,,,,,,,,,,,,,,,,,,,,,,,,,,,,,,,,,,,,,,,,,,,,,,,,,,,,,,TN,TN
autoland,4768071,12,69b95d09da21c937720a8d3aaca237f47b683aa9,linux1804-64-shippable-qr,True,False,,,102210fe594ee9b33d82058545b1ed14f4c8206e,browser-toolbox.connect.DAMP,damp,True,damp browser-toolbox.connect.DAMP opt e10s fission stylo webrender-sw,4767235,77,ms,firefox,,1702582929,2023-05-30 06:58:06,1989.7173855,23a3b1b5a2b78d86456189221e567423206bc00a,1248601,,,,,,,,,,,,,,,,,,,,,,,,,,,,,,,,,,,,,,,,,,,,,,,,,,,,,,,,,,,,,TN,TN
autoland,4768071,12,69b95d09da21c937720a8d3aaca237f47b683aa9,linux1804-64-shippable-qr,True,False,,,102210fe594ee9b33d82058545b1ed14f4c8206e,browser-toolbox.connect.DAMP,damp,True,damp browser-toolbox.connect.DAMP opt e10s fission stylo webrender-sw,4767235,77,ms,firefox,,1702608562,2023-05-30 07:49:46,2057.531978500003,64b2487b96b949b3c6a787dfd17210f9998fb42e,1248618,,,,,,,,,,,,,,,,,,,,,,,,,,,,,,,,,,,,,,,,,,,,,,,,,,,,,,,,,,,,,TN,TN
autoland,4768071,12,69b95d09da21c937720a8d3aaca237f47b683aa9,linux1804-64-shippable-qr,True,False,,,102210fe594ee9b33d82058545b1ed14f4c8206e,browser-toolbox.connect.DAMP,damp,True,damp browser-toolbox.connect.DAMP opt e10s fission stylo webrender-sw,4767235,77,ms,firefox,,1702748714,2023-05-30 12:05:20,2019.1520894999996,121d4440186ece5c7acf444a8879a3818d54fef5,1248752,,,,,,,,,,,,,,,,,,,,,,,,,,,,,,,,,,,,,,,,,,,,,,,,,,,,,,,,,,,,,TN,TN
autoland,4768071,12,69b95d09da21c937720a8d3aaca237f47b683aa9,linux1804-64-shippable-qr,True,False,,,102210fe594ee9b33d82058545b1ed14f4c8206e,browser-toolbox.connect.DAMP,damp,True,damp browser-toolbox.connect.DAMP opt e10s fission stylo webrender-sw,4767235,77,ms,firefox,,1702817904,2023-05-30 15:20:14,2011.0752154999973,8ddf44b47ed68e786f1ca69913136fe2ddd7f1d2,1248888,,,,,,,,,,,,,,,,,,,,,,,,,,,,,,,,,,,,,,,,,,,,,,,,,,,,,,,,,,,,,TN,TN
autoland,4768071,12,69b95d09da21c937720a8d3aaca237f47b683aa9,linux1804-64-shippable-qr,True,False,,,102210fe594ee9b33d82058545b1ed14f4c8206e,browser-toolbox.connect.DAMP,damp,True,damp browser-toolbox.connect.DAMP opt e10s fission stylo webrender-sw,4767235,77,ms,firefox,,1702913494,2023-05-30 19:20:55,1972.0354824999813,361a866d206fd695b15823113863d449afb7c87d,1249050,,,,,,,,,,,,,,,,,,,,,,,,,,,,,,,,,,,,,,,,,,,,,,,,,,,,,,,,,,,,,TN,TN
autoland,4768071,12,69b95d09da21c937720a8d3aaca237f47b683aa9,linux1804-64-shippable-qr,True,False,,,102210fe594ee9b33d82058545b1ed14f4c8206e,browser-toolbox.connect.DAMP,damp,True,damp browser-toolbox.connect.DAMP opt e10s fission stylo webrender-sw,4767235,77,ms,firefox,,1702935510,2023-05-30 19:21:44,2022.047276999976,f9dad80c02c9517d8cb38311989dab88f1236015,1249051,,,,,,,,,,,,,,,,,,,,,,,,,,,,,,,,,,,,,,,,,,,,,,,,,,,,,,,,,,,,,TN,TN
autoland,4768071,12,69b95d09da21c937720a8d3aaca237f47b683aa9,linux1804-64-shippable-qr,True,False,,,102210fe594ee9b33d82058545b1ed14f4c8206e,browser-toolbox.connect.DAMP,damp,True,damp browser-toolbox.connect.DAMP opt e10s fission stylo webrender-sw,4767235,77,ms,firefox,,1703062360,2023-05-30 22:16:30,2029.323973999988,0ea1f0bff41ab8b0e92e4f35f3d6eaf801ad3fc0,1249172,,,,,,,,,,,,,,,,,,,,,,,,,,,,,,,,,,,,,,,,,,,,,,,,,,,,,,,,,,,,,TN,TN
autoland,4768071,12,69b95d09da21c937720a8d3aaca237f47b683aa9,linux1804-64-shippable-qr,True,False,,,102210fe594ee9b33d82058545b1ed14f4c8206e,browser-toolbox.connect.DAMP,damp,True,damp browser-toolbox.connect.DAMP opt e10s fission stylo webrender-sw,4767235,77,ms,firefox,,1703149476,2023-05-31 02:21:54,2031.1503674999983,40997d8c121ee054ffe5df2c1a10d3a392f78c3c,1249255,,,,,,,,,,,,,,,,,,,,,,,,,,,,,,,,,,,,,,,,,,,,,,,,,,,,,,,,,,,,,TN,TN
autoland,4768071,12,69b95d09da21c937720a8d3aaca237f47b683aa9,linux1804-64-shippable-qr,True,False,,,102210fe594ee9b33d82058545b1ed14f4c8206e,browser-toolbox.connect.DAMP,damp,True,damp browser-toolbox.connect.DAMP opt e10s fission stylo webrender-sw,4767235,77,ms,firefox,,1703392630,2023-05-31 09:56:26,1989.5167434999892,2317c21d7aeb68528ec7946980e7ca68d74c451a,1249439,,,,,,,,,,,,,,,,,,,,,,,,,,,,,,,,,,,,,,,,,,,,,,,,,,,,,,,,,,,,,TN,TN
autoland,4768071,12,69b95d09da21c937720a8d3aaca237f47b683aa9,linux1804-64-shippable-qr,True,False,,,102210fe594ee9b33d82058545b1ed14f4c8206e,browser-toolbox.connect.DAMP,damp,True,damp browser-toolbox.connect.DAMP opt e10s fission stylo webrender-sw,4767235,77,ms,firefox,,1703703162,2023-05-31 14:02:33,2081.419661999993,7d2ea0789fc8c8538febac2643670ed4a46de087,1249550,,,,,,,,,,,,,,,,,,,,,,,,,,,,,,,,,,,,,,,,,,,,,,,,,,,,,,,,,,,,,TN,TN
autoland,4768071,12,69b95d09da21c937720a8d3aaca237f47b683aa9,linux1804-64-shippable-qr,True,False,,,102210fe594ee9b33d82058545b1ed14f4c8206e,browser-toolbox.connect.DAMP,damp,True,damp browser-toolbox.connect.DAMP opt e10s fission stylo webrender-sw,4767235,77,ms,firefox,,1703743862,2023-05-31 15:08:35,2006.0511635000148,513ac812d28fbd668a0b4216f4f52aef38b29501,1249582,,,,,,,,,,,,,,,,,,,,,,,,,,,,,,,,,,,,,,,,,,,,,,,,,,,,,,,,,,,,,TN,TN
autoland,4768071,12,69b95d09da21c937720a8d3aaca237f47b683aa9,linux1804-64-shippable-qr,True,False,,,102210fe594ee9b33d82058545b1ed14f4c8206e,browser-toolbox.connect.DAMP,damp,True,damp browser-toolbox.connect.DAMP opt e10s fission stylo webrender-sw,4767235,77,ms,firefox,,1703863454,2023-05-31 17:22:12,2089.7022349999897,b1a1fe06a88b8bdb3f1c5564d12f6798261f34f8,1249712,,,,,,,,,,,,,,,,,,,,,,,,,,,,,,,,,,,,,,,,,,,,,,,,,,,,,,,,,,,,,TN,TN
autoland,4768071,12,69b95d09da21c937720a8d3aaca237f47b683aa9,linux1804-64-shippable-qr,True,False,,,102210fe594ee9b33d82058545b1ed14f4c8206e,browser-toolbox.connect.DAMP,damp,True,damp browser-toolbox.connect.DAMP opt e10s fission stylo webrender-sw,4767235,77,ms,firefox,,1703986795,2023-05-31 20:28:19,1996.1017495000012,acd631722a01cb363c4967477af9f240d35cd218,1249881,,,,,,,,,,,,,,,,,,,,,,,,,,,,,,,,,,,,,,,,,,,,,,,,,,,,,,,,,,,,,TN,TN
autoland,4768071,12,69b95d09da21c937720a8d3aaca237f47b683aa9,linux1804-64-shippable-qr,True,False,,,102210fe594ee9b33d82058545b1ed14f4c8206e,browser-toolbox.connect.DAMP,damp,True,damp browser-toolbox.connect.DAMP opt e10s fission stylo webrender-sw,4767235,77,ms,firefox,,1704138067,2023-05-31 23:35:37,2028.2303835000057,69cd9d943489100b8424cf1b19b0646cbc9c317c,1250055,,,,,,,,,,,,,,,,,,,,,,,,,,,,,,,,,,,,,,,,,,,,,,,,,,,,,,,,,,,,,TN,TN
autoland,4768071,12,69b95d09da21c937720a8d3aaca237f47b683aa9,linux1804-64-shippable-qr,True,False,,,102210fe594ee9b33d82058545b1ed14f4c8206e,browser-toolbox.connect.DAMP,damp,True,damp browser-toolbox.connect.DAMP opt e10s fission stylo webrender-sw,4767235,77,ms,firefox,,1704233469,2023-06-01 03:44:27,1983.915772499989,5d6127a9b7ed37774d6403efd4ee1ec813503592,1250134,,,,,,,,,,,,,,,,,,,,,,,,,,,,,,,,,,,,,,,,,,,,,,,,,,,,,,,,,,,,,TN,TN
autoland,4768071,12,69b95d09da21c937720a8d3aaca237f47b683aa9,linux1804-64-shippable-qr,True,False,,,102210fe594ee9b33d82058545b1ed14f4c8206e,browser-toolbox.connect.DAMP,damp,True,damp browser-toolbox.connect.DAMP opt e10s fission stylo webrender-sw,4767235,77,ms,firefox,,1704346252,2023-06-01 08:18:01,2012.0634834999876,310a02cb1216c0fafadcbc049aac0875871eab96,1250206,,,,,,,,,,,,,,,,,,,,,,,,,,,,,,,,,,,,,,,,,,,,,,,,,,,,,,,,,,,,,TN,TN
autoland,4768071,12,69b95d09da21c937720a8d3aaca237f47b683aa9,linux1804-64-shippable-qr,True,False,,,102210fe594ee9b33d82058545b1ed14f4c8206e,browser-toolbox.connect.DAMP,damp,True,damp browser-toolbox.connect.DAMP opt e10s fission stylo webrender-sw,4767235,77,ms,firefox,,1704409986,2023-06-01 09:51:53,1999.7611575000049,3ee1184f75ef01c3b8b3acb826d84a189cac75ce,1250243,,,,,,,,,,,,,,,,,,,,,,,,,,,,,,,,,,,,,,,,,,,,,,,,,,,,,,,,,,,,,TN,TN
autoland,4768071,12,69b95d09da21c937720a8d3aaca237f47b683aa9,linux1804-64-shippable-qr,True,False,,,102210fe594ee9b33d82058545b1ed14f4c8206e,browser-toolbox.connect.DAMP,damp,True,damp browser-toolbox.connect.DAMP opt e10s fission stylo webrender-sw,4767235,77,ms,firefox,,1704614477,2023-06-01 13:54:39,1981.7129125000065,01e7e891e3d0793f8a185fe99b6f8cc9c6ffa74e,1250379,,,,,,,,,,,,,,,,,,,,,,,,,,,,,,,,,,,,,,,,,,,,,,,,,,,,,,,,,,,,,TN,TN
autoland,4768071,12,69b95d09da21c937720a8d3aaca237f47b683aa9,linux1804-64-shippable-qr,True,False,,,102210fe594ee9b33d82058545b1ed14f4c8206e,browser-toolbox.connect.DAMP,damp,True,damp browser-toolbox.connect.DAMP opt e10s fission stylo webrender-sw,4767235,77,ms,firefox,,1704772996,2023-06-01 19:53:44,2043.203200000004,ae0f513f1d25aef3f79ad009b5f2dd7407536827,1250634,,,,,,,,,,,,,,,,,,,,,,,,,,,,,,,,,,,,,,,,,,,,,,,,,,,,,,,,,,,,,TN,TN
autoland,4768071,12,69b95d09da21c937720a8d3aaca237f47b683aa9,linux1804-64-shippable-qr,True,False,,,102210fe594ee9b33d82058545b1ed14f4c8206e,browser-toolbox.connect.DAMP,damp,True,damp browser-toolbox.connect.DAMP opt e10s fission stylo webrender-sw,4767235,77,ms,firefox,,1704830763,2023-06-01 21:35:55,1961.040043999987,9718fca142ae7765c8ca6c3616fab6e303225556,1250675,,,,,,,,,,,,,,,,,,,,,,,,,,,,,,,,,,,,,,,,,,,,,,,,,,,,,,,,,,,,,TN,TN
autoland,4768071,12,69b95d09da21c937720a8d3aaca237f47b683aa9,linux1804-64-shippable-qr,True,False,,,102210fe594ee9b33d82058545b1ed14f4c8206e,browser-toolbox.connect.DAMP,damp,True,damp browser-toolbox.connect.DAMP opt e10s fission stylo webrender-sw,4767235,77,ms,firefox,,1704922397,2023-06-02 02:04:00,2005.24198799998,c365694efc9c7ac4c2c010f9dc97afb7c80107ee,1250783,,,,,,,,,,,,,,,,,,,,,,,,,,,,,,,,,,,,,,,,,,,,,,,,,,,,,,,,,,,,,TN,TN
autoland,4768071,12,69b95d09da21c937720a8d3aaca237f47b683aa9,linux1804-64-shippable-qr,True,False,,,102210fe594ee9b33d82058545b1ed14f4c8206e,browser-toolbox.connect.DAMP,damp,True,damp browser-toolbox.connect.DAMP opt e10s fission stylo webrender-sw,4767235,77,ms,firefox,,1705159516,2023-06-02 12:19:13,2014.396630999996,5d642eb9394b5f5e9e9f0a4b6be492055e341e31,1250979,,,,,,,,,,,,,,,,,,,,,,,,,,,,,,,,,,,,,,,,,,,,,,,,,,,,,,,,,,,,,TN,TN
autoland,4768071,12,69b95d09da21c937720a8d3aaca237f47b683aa9,linux1804-64-shippable-qr,True,False,,,102210fe594ee9b33d82058545b1ed14f4c8206e,browser-toolbox.connect.DAMP,damp,True,damp browser-toolbox.connect.DAMP opt e10s fission stylo webrender-sw,4767235,77,ms,firefox,,1705187365,2023-06-02 13:27:34,2030.2962955000112,e2c71d0ed1e8bb2b9752f78b13c31171d5dde3a9,1251019,,,,,,,,,,,,,,,,,,,,,,,,,,,,,,,,,,,,,,,,,,,,,,,,,,,,,,,,,,,,,TN,TN
autoland,4768071,12,69b95d09da21c937720a8d3aaca237f47b683aa9,linux1804-64-shippable-qr,True,False,,,102210fe594ee9b33d82058545b1ed14f4c8206e,browser-toolbox.connect.DAMP,damp,True,damp browser-toolbox.connect.DAMP opt e10s fission stylo webrender-sw,4767235,77,ms,firefox,,1705287446,2023-06-02 17:59:13,2011.61510700002,ad7e9e56836f2bd7e0668d322719f548e825a685,1251185,,,,,,,,,,,,,,,,,,,,,,,,,,,,,,,,,,,,,,,,,,,,,,,,,,,,,,,,,,,,,TN,TN
autoland,4768071,12,69b95d09da21c937720a8d3aaca237f47b683aa9,linux1804-64-shippable-qr,True,False,,,102210fe594ee9b33d82058545b1ed14f4c8206e,browser-toolbox.connect.DAMP,damp,True,damp browser-toolbox.connect.DAMP opt e10s fission stylo webrender-sw,4767235,77,ms,firefox,,1705275437,2023-06-02 18:03:52,1987.5681104999967,8c3b1c60fde747fcb4e3421062a37b829d6acb9f,1251187,,,,,,,,,,,,,,,,,,,,,,,,,,,,,,,,,,,,,,,,,,,,,,,,,,,,,,,,,,,,,TN,TN
autoland,4768071,12,69b95d09da21c937720a8d3aaca237f47b683aa9,linux1804-64-shippable-qr,True,False,,,102210fe594ee9b33d82058545b1ed14f4c8206e,browser-toolbox.connect.DAMP,damp,True,damp browser-toolbox.connect.DAMP opt e10s fission stylo webrender-sw,4767235,77,ms,firefox,,1705390486,2023-06-02 22:18:32,1961.4261595000132,b9f63a24bc677e4c6a1f9bc801c2e3bf44dbd6e8,1251308,,,,,,,,,,,,,,,,,,,,,,,,,,,,,,,,,,,,,,,,,,,,,,,,,,,,,,,,,,,,,TN,TN
autoland,4768071,12,69b95d09da21c937720a8d3aaca237f47b683aa9,linux1804-64-shippable-qr,True,False,,,102210fe594ee9b33d82058545b1ed14f4c8206e,browser-toolbox.connect.DAMP,damp,True,damp browser-toolbox.connect.DAMP opt e10s fission stylo webrender-sw,4767235,77,ms,firefox,,1705445023,2023-06-03 05:40:17,2041.7080504999903,64bce9d136ae9b4bd5482515721d6daf2da53dc3,1251358,,,,,,,,,,,,,,,,,,,,,,,,,,,,,,,,,,,,,,,,,,,,,,,,,,,,,,,,,,,,,TN,TN
autoland,4768071,12,69b95d09da21c937720a8d3aaca237f47b683aa9,linux1804-64-shippable-qr,True,False,,,102210fe594ee9b33d82058545b1ed14f4c8206e,browser-toolbox.connect.DAMP,damp,True,damp browser-toolbox.connect.DAMP opt e10s fission stylo webrender-sw,4767235,77,ms,firefox,,1705527158,2023-06-03 14:24:38,1989.368793499998,7bc8c25b2935765c57adc63333c221bbe5067831,1251409,,,,,,,,,,,,,,,,,,,,,,,,,,,,,,,,,,,,,,,,,,,,,,,,,,,,,,,,,,,,,TN,TN
autoland,4768071,12,69b95d09da21c937720a8d3aaca237f47b683aa9,linux1804-64-shippable-qr,True,False,,,102210fe594ee9b33d82058545b1ed14f4c8206e,browser-toolbox.connect.DAMP,damp,True,damp browser-toolbox.connect.DAMP opt e10s fission stylo webrender-sw,4767235,77,ms,firefox,,1705590806,2023-06-03 23:39:13,2008.6451404999932,b8f06acca6bf62e32647496ed613012fa4c27e9e,1251453,,,,,,,,,,,,,,,,,,,,,,,,,,,,,,,,,,,,,,,,,,,,,,,,,,,,,,,,,,,,,TN,TN
autoland,4768071,12,69b95d09da21c937720a8d3aaca237f47b683aa9,linux1804-64-shippable-qr,True,False,,,102210fe594ee9b33d82058545b1ed14f4c8206e,browser-toolbox.connect.DAMP,damp,True,damp browser-toolbox.connect.DAMP opt e10s fission stylo webrender-sw,4767235,77,ms,firefox,,1705670801,2023-06-04 11:53:44,1975.5666959999944,00802389f336283602445d4f08e53b8bd09b43eb,1251481,,,,,,,,,,,,,,,,,,,,,,,,,,,,,,,,,,,,,,,,,,,,,,,,,,,,,,,,,,,,,TN,TN
autoland,4768071,12,69b95d09da21c937720a8d3aaca237f47b683aa9,linux1804-64-shippable-qr,True,False,,,102210fe594ee9b33d82058545b1ed14f4c8206e,browser-toolbox.connect.DAMP,damp,True,damp browser-toolbox.connect.DAMP opt e10s fission stylo webrender-sw,4767235,77,ms,firefox,,1707249038,2023-06-04 12:16:03,2042.778901499998,54a959f32279f40b113d9f866a11411fd1401b01,1251484,,,,,,,,,,,,,,,,,,,,,,,,,,,,,,,,,,,,,,,,,,,,,,,,,,,,,,,,,,,,,TN,TN
autoland,4768071,12,69b95d09da21c937720a8d3aaca237f47b683aa9,linux1804-64-shippable-qr,True,False,,,102210fe594ee9b33d82058545b1ed14f4c8206e,browser-toolbox.connect.DAMP,damp,True,damp browser-toolbox.connect.DAMP opt e10s fission stylo webrender-sw,4767235,77,ms,firefox,,1707249484,2023-06-04 15:30:56,1989.836180000013,81afd61afe48ea4877eff969a6eda908bcf79231,1251486,,,,,,,,,,,,,,,,,,,,,,,,,,,,,,,,,,,,,,,,,,,,,,,,,,,,,,,,,,,,,TN,TN
autoland,4768071,12,69b95d09da21c937720a8d3aaca237f47b683aa9,linux1804-64-shippable-qr,True,False,,,102210fe594ee9b33d82058545b1ed14f4c8206e,browser-toolbox.connect.DAMP,damp,True,damp browser-toolbox.connect.DAMP opt e10s fission stylo webrender-sw,4767235,77,ms,firefox,,1707248862,2023-06-04 15:33:34,2026.5373404999737,8a4b7b46101dab1ab91d388939059d21319cd034,1251487,,,,,,,,,,,,,,,,,,,,,,,,,,,,,,,,,,,,,,,,,,,,,,,,,,,,,,,,,,,,,TN,TN
autoland,4768071,12,69b95d09da21c937720a8d3aaca237f47b683aa9,linux1804-64-shippable-qr,True,False,,,102210fe594ee9b33d82058545b1ed14f4c8206e,browser-toolbox.connect.DAMP,damp,True,damp browser-toolbox.connect.DAMP opt e10s fission stylo webrender-sw,4767235,77,ms,firefox,,1707246056,2023-06-04 18:58:43,1709.734318500021,711f085aefdfb5da768b3be4fea2b93b914315a8,1251508,,,,,,,,,,,,,,,,,,,,,,,,,,,,,,,,,,,,,,,,,,,,,,,,,,,,,,,,,,,,,TN,TN
autoland,4768071,12,69b95d09da21c937720a8d3aaca237f47b683aa9,linux1804-64-shippable-qr,True,False,,,102210fe594ee9b33d82058545b1ed14f4c8206e,browser-toolbox.connect.DAMP,damp,True,damp browser-toolbox.connect.DAMP opt e10s fission stylo webrender-sw,4767235,77,ms,firefox,,1705716969,2023-06-04 20:28:08,2053.601084500013,eeba3a3c20a4dc53210a44734b25d2c0870b6523,1251514,,,,,,,,,,,,,,,,,,,,,,,,,,,,,,,,,,,,,,,,,,,,,,,,,,,,,,,,,,,,,TN,TN
autoland,4768071,12,69b95d09da21c937720a8d3aaca237f47b683aa9,linux1804-64-shippable-qr,True,False,,,102210fe594ee9b33d82058545b1ed14f4c8206e,browser-toolbox.connect.DAMP,damp,True,damp browser-toolbox.connect.DAMP opt e10s fission stylo webrender-sw,4767235,77,ms,firefox,,1705761939,2023-06-05 03:24:10,1972.156918000004,f8fa7749f7bdc93fa3491918a4e8b0fb4db659eb,1251552,,,,,,,,,,,,,,,,,,,,,,,,,,,,,,,,,,,,,,,,,,,,,,,,,,,,,,,,,,,,,TN,TN
autoland,4768071,12,69b95d09da21c937720a8d3aaca237f47b683aa9,linux1804-64-shippable-qr,True,False,,,102210fe594ee9b33d82058545b1ed14f4c8206e,browser-toolbox.connect.DAMP,damp,True,damp browser-toolbox.connect.DAMP opt e10s fission stylo webrender-sw,4767235,77,ms,firefox,,1705796024,2023-06-05 08:05:57,2004.2397585000035,61d4558543daf8b284b3194aba84289d6e31ad2f,1251588,,,,,,,,,,,,,,,,,,,,,,,,,,,,,,,,,,,,,,,,,,,,,,,,,,,,,,,,,,,,,TN,TN
autoland,4768071,12,69b95d09da21c937720a8d3aaca237f47b683aa9,linux1804-64-shippable-qr,True,False,,,102210fe594ee9b33d82058545b1ed14f4c8206e,browser-toolbox.connect.DAMP,damp,True,damp browser-toolbox.connect.DAMP opt e10s fission stylo webrender-sw,4767235,77,ms,firefox,,1707248329,2023-06-05 11:51:57,2029.581946499988,6ad4019db2d5ac7bea3f12238282b70312e33b89,1251708,,,,,,,,,,,,,,,,,,,,,,,,,,,,,,,,,,,,,,,,,,,,,,,,,,,,,,,,,,,,,TN,TN
autoland,4768071,12,69b95d09da21c937720a8d3aaca237f47b683aa9,linux1804-64-shippable-qr,True,False,,,102210fe594ee9b33d82058545b1ed14f4c8206e,browser-toolbox.connect.DAMP,damp,True,damp browser-toolbox.connect.DAMP opt e10s fission stylo webrender-sw,4767235,77,ms,firefox,,1705907437,2023-06-05 12:01:26,2003.5196259999504,00af548d93acc8c2c3ab652a04c882e3a80476a9,1251712,,,,,,,,,,,,,,,,,,,,,,,,,,,,,,,,,,,,,,,,,,,,,,,,,,,,,,,,,,,,,TN,TN
autoland,4768071,12,69b95d09da21c937720a8d3aaca237f47b683aa9,linux1804-64-shippable-qr,True,False,,,102210fe594ee9b33d82058545b1ed14f4c8206e,browser-toolbox.connect.DAMP,damp,True,damp browser-toolbox.connect.DAMP opt e10s fission stylo webrender-sw,4767235,77,ms,firefox,,1707923043,2023-06-05 12:01:26,1993.0484504999915,00af548d93acc8c2c3ab652a04c882e3a80476a9,1251712,,,,,,,,,,,,,,,,,,,,,,,,,,,,,,,,,,,,,,,,,,,,,,,,,,,,,,,,,,,,,TN,TN
autoland,4768071,12,69b95d09da21c937720a8d3aaca237f47b683aa9,linux1804-64-shippable-qr,True,False,,,102210fe594ee9b33d82058545b1ed14f4c8206e,browser-toolbox.connect.DAMP,damp,True,damp browser-toolbox.connect.DAMP opt e10s fission stylo webrender-sw,4767235,77,ms,firefox,,1707924409,2023-06-05 12:01:26,2003.4570964999875,00af548d93acc8c2c3ab652a04c882e3a80476a9,1251712,,,,,,,,,,,,,,,,,,,,,,,,,,,,,,,,,,,,,,,,,,,,,,,,,,,,,,,,,,,,,TN,TN
autoland,4768071,12,69b95d09da21c937720a8d3aaca237f47b683aa9,linux1804-64-shippable-qr,True,False,,,102210fe594ee9b33d82058545b1ed14f4c8206e,browser-toolbox.connect.DAMP,damp,True,damp browser-toolbox.connect.DAMP opt e10s fission stylo webrender-sw,4767235,77,ms,firefox,,1707922874,2023-06-05 12:01:26,1993.7087499999907,00af548d93acc8c2c3ab652a04c882e3a80476a9,1251712,,,,,,,,,,,,,,,,,,,,,,,,,,,,,,,,,,,,,,,,,,,,,,,,,,,,,,,,,,,,,TN,TN
autoland,4768071,12,69b95d09da21c937720a8d3aaca237f47b683aa9,linux1804-64-shippable-qr,True,False,,,102210fe594ee9b33d82058545b1ed14f4c8206e,browser-toolbox.connect.DAMP,damp,True,damp browser-toolbox.connect.DAMP opt e10s fission stylo webrender-sw,4767235,77,ms,firefox,,1707922935,2023-06-05 12:01:26,2008.082983000022,00af548d93acc8c2c3ab652a04c882e3a80476a9,1251712,,,,,,,,,,,,,,,,,,,,,,,,,,,,,,,,,,,,,,,,,,,,,,,,,,,,,,,,,,,,,TN,TN
autoland,4768071,12,69b95d09da21c937720a8d3aaca237f47b683aa9,linux1804-64-shippable-qr,True,False,,,102210fe594ee9b33d82058545b1ed14f4c8206e,browser-toolbox.connect.DAMP,damp,True,damp browser-toolbox.connect.DAMP opt e10s fission stylo webrender-sw,4767235,77,ms,firefox,,1707922989,2023-06-05 12:01:26,2057.3619745000105,00af548d93acc8c2c3ab652a04c882e3a80476a9,1251712,,,,,,,,,,,,,,,,,,,,,,,,,,,,,,,,,,,,,,,,,,,,,,,,,,,,,,,,,,,,,TN,TN
autoland,4768071,12,69b95d09da21c937720a8d3aaca237f47b683aa9,linux1804-64-shippable-qr,True,False,,,102210fe594ee9b33d82058545b1ed14f4c8206e,browser-toolbox.connect.DAMP,damp,True,damp browser-toolbox.connect.DAMP opt e10s fission stylo webrender-sw,4767235,77,ms,firefox,,1707925500,2023-06-05 12:01:26,2042.0810709999787,00af548d93acc8c2c3ab652a04c882e3a80476a9,1251712,,,,,,,,,,,,,,,,,,,,,,,,,,,,,,,,,,,,,,,,,,,,,,,,,,,,,,,,,,,,,TN,TN
autoland,4768071,12,69b95d09da21c937720a8d3aaca237f47b683aa9,linux1804-64-shippable-qr,True,False,,,102210fe594ee9b33d82058545b1ed14f4c8206e,browser-toolbox.connect.DAMP,damp,True,damp browser-toolbox.connect.DAMP opt e10s fission stylo webrender-sw,4767235,77,ms,firefox,,1707249861,2023-06-05 13:59:37,1978.404440499988,d0e9eed0248ae2b4c48f90fa0209770e06bbe1eb,1251771,,,,,,,,,,,,,,,,,,,,,,,,,,,,,,,,,,,,,,,,,,,,,,,,,,,,,,,,,,,,,TN,TN
autoland,4768071,12,69b95d09da21c937720a8d3aaca237f47b683aa9,linux1804-64-shippable-qr,True,False,,,102210fe594ee9b33d82058545b1ed14f4c8206e,browser-toolbox.connect.DAMP,damp,True,damp browser-toolbox.connect.DAMP opt e10s fission stylo webrender-sw,4767235,77,ms,firefox,,1707249587,2023-06-05 14:11:14,1982.348103500008,d84c5b30fb0fe6abfbbcc6cc60b9df0c863e4612,1251781,,,,,,,,,,,,,,,,,,,,,,,,,,,,,,,,,,,,,,,,,,,,,,,,,,,,,,,,,,,,,TN,TN
autoland,4768071,12,69b95d09da21c937720a8d3aaca237f47b683aa9,linux1804-64-shippable-qr,True,False,,,102210fe594ee9b33d82058545b1ed14f4c8206e,browser-toolbox.connect.DAMP,damp,True,damp browser-toolbox.connect.DAMP opt e10s fission stylo webrender-sw,4767235,77,ms,firefox,,1707250413,2023-06-05 14:17:47,2009.543382000018,e8a4b71ba339fc9138bf905ba2451af3c350ed82,1251788,,,,,,,,,,,,,,,,,,,,,,,,,,,,,,,,,,,,,,,,,,,,,,,,,,,,,,,,,,,,,TN,TN
autoland,4768071,12,69b95d09da21c937720a8d3aaca237f47b683aa9,linux1804-64-shippable-qr,True,False,,,102210fe594ee9b33d82058545b1ed14f4c8206e,browser-toolbox.connect.DAMP,damp,True,damp browser-toolbox.connect.DAMP opt e10s fission stylo webrender-sw,4767235,77,ms,firefox,,1707249641,2023-06-05 14:28:50,2025.4642390000224,44fb15e25492477801ad23050af8db4ebeb7b85c,1251799,,,,,,,,,,,,,,,,,,,,,,,,,,,,,,,,,,,,,,,,,,,,,,,,,,,,,,,,,,,,,TN,TN
autoland,4768071,12,69b95d09da21c937720a8d3aaca237f47b683aa9,linux1804-64-shippable-qr,True,False,,,102210fe594ee9b33d82058545b1ed14f4c8206e,browser-toolbox.connect.DAMP,damp,True,damp browser-toolbox.connect.DAMP opt e10s fission stylo webrender-sw,4767235,77,ms,firefox,,1707249549,2023-06-05 14:30:29,2050.750800499998,2c255581fd1f57c69e3f4439c2083bff1e5b8a0d,1251800,,,,,,,,,,,,,,,,,,,,,,,,,,,,,,,,,,,,,,,,,,,,,,,,,,,,,,,,,,,,,TN,TN
autoland,4768071,12,69b95d09da21c937720a8d3aaca237f47b683aa9,linux1804-64-shippable-qr,True,False,,,102210fe594ee9b33d82058545b1ed14f4c8206e,browser-toolbox.connect.DAMP,damp,True,damp browser-toolbox.connect.DAMP opt e10s fission stylo webrender-sw,4767235,77,ms,firefox,,1707250009,2023-06-05 15:39:51,2044.9974379999912,33f432ba7bed03f9a1c77dc6301e571e94293ab7,1251849,,,,,,,,,,,,,,,,,,,,,,,,,,,,,,,,,,,,,,,,,,,,,,,,,,,,,,,,,,,,,TN,TN
autoland,4768071,12,69b95d09da21c937720a8d3aaca237f47b683aa9,linux1804-64-shippable-qr,True,False,,,102210fe594ee9b33d82058545b1ed14f4c8206e,browser-toolbox.connect.DAMP,damp,True,damp browser-toolbox.connect.DAMP opt e10s fission stylo webrender-sw,4767235,77,ms,firefox,,1707249890,2023-06-05 15:44:42,1998.430200999996,07a9bab5ac94357f2a8efa4e676d57d3e13570da,1251857,,,,,,,,,,,,,,,,,,,,,,,,,,,,,,,,,,,,,,,,,,,,,,,,,,,,,,,,,,,,,TN,TN
autoland,4768071,12,69b95d09da21c937720a8d3aaca237f47b683aa9,linux1804-64-shippable-qr,True,False,,,102210fe594ee9b33d82058545b1ed14f4c8206e,browser-toolbox.connect.DAMP,damp,True,damp browser-toolbox.connect.DAMP opt e10s fission stylo webrender-sw,4767235,77,ms,firefox,,1707250531,2023-06-05 15:48:01,2114.5751610000007,57fa01866c54b16c0a9f098549f93aaf2e218e09,1251862,,,,,,,,,,,,,,,,,,,,,,,,,,,,,,,,,,,,,,,,,,,,,,,,,,,,,,,,,,,,,TN,TN
autoland,4768071,12,69b95d09da21c937720a8d3aaca237f47b683aa9,linux1804-64-shippable-qr,True,False,,,102210fe594ee9b33d82058545b1ed14f4c8206e,browser-toolbox.connect.DAMP,damp,True,damp browser-toolbox.connect.DAMP opt e10s fission stylo webrender-sw,4767235,77,ms,firefox,,1707250314,2023-06-05 15:56:33,2000.2258424999852,7fa82a1776ab432689aba691b8b92a79bfb659e5,1251872,,,,,,,,,,,,,,,,,,,,,,,,,,,,,,,,,,,,,,,,,,,,,,,,,,,,,,,,,,,,,TN,TN
autoland,4768071,12,69b95d09da21c937720a8d3aaca237f47b683aa9,linux1804-64-shippable-qr,True,False,,,102210fe594ee9b33d82058545b1ed14f4c8206e,browser-toolbox.connect.DAMP,damp,True,damp browser-toolbox.connect.DAMP opt e10s fission stylo webrender-sw,4767235,77,ms,firefox,,1706063831,2023-06-05 16:13:31,2057.031734999997,c8df8c0bde6047b8fe23c9716940cbc1c07c2a65,1251888,,,,,,,,,,,,,,,,,,,,,,,,,,,,,,,,,,,,,,,,,,,,,,,,,,,,,,,,,,,,,TN,TN
autoland,4768071,12,69b95d09da21c937720a8d3aaca237f47b683aa9,linux1804-64-shippable-qr,True,False,,,102210fe594ee9b33d82058545b1ed14f4c8206e,browser-toolbox.connect.DAMP,damp,True,damp browser-toolbox.connect.DAMP opt e10s fission stylo webrender-sw,4767235,77,ms,firefox,,1707266072,2023-06-05 16:17:00,2011.457582500021,b34dc8f7157a5c572efbf7d16dabd1f04df768d8,1251892,,,,,,,,,,,,,,,,,,,,,,,,,,,,,,,,,,,,,,,,,,,,,,,,,,,,,,,,,,,,,TN,TN
autoland,4768071,12,69b95d09da21c937720a8d3aaca237f47b683aa9,linux1804-64-shippable-qr,True,False,,,102210fe594ee9b33d82058545b1ed14f4c8206e,browser-toolbox.connect.DAMP,damp,True,damp browser-toolbox.connect.DAMP opt e10s fission stylo webrender-sw,4767235,77,ms,firefox,,1707250181,2023-06-05 16:35:47,2041.7733220000227,c37910bebc714941e341f25bae7e0f8a2090df09,1251910,,,,,,,,,,,,,,,,,,,,,,,,,,,,,,,,,,,,,,,,,,,,,,,,,,,,,,,,,,,,,TN,TN
autoland,4768071,12,69b95d09da21c937720a8d3aaca237f47b683aa9,linux1804-64-shippable-qr,True,False,,,102210fe594ee9b33d82058545b1ed14f4c8206e,browser-toolbox.connect.DAMP,damp,True,damp browser-toolbox.connect.DAMP opt e10s fission stylo webrender-sw,4767235,77,ms,firefox,,1706068423,2023-06-05 16:43:43,2044.920731999999,03d635b2bdb2041550924e64dc0dd20abf4499f9,1251915,,,,,,,,,,,,,,,,,,,,,,,,,,,,,,,,,,,,,,,,,,,,,,,,,,,,,,,,,,,,,TN,TN
autoland,4768071,12,69b95d09da21c937720a8d3aaca237f47b683aa9,linux1804-64-shippable-qr,True,False,,,102210fe594ee9b33d82058545b1ed14f4c8206e,browser-toolbox.connect.DAMP,damp,True,damp browser-toolbox.connect.DAMP opt e10s fission stylo webrender-sw,4767235,77,ms,firefox,,1706169470,2023-06-05 20:14:05,2010.0947679999808,d73c2643092115d9b5859c16e121e421656264bc,1252060,,,,,,,,,,,,,,,,,,,,,,,,,,,,,,,,,,,,,,,,,,,,,,,,,,,,,,,,,,,,,TN,TN
autoland,4768071,12,69b95d09da21c937720a8d3aaca237f47b683aa9,linux1804-64-shippable-qr,True,False,,,102210fe594ee9b33d82058545b1ed14f4c8206e,browser-toolbox.connect.DAMP,damp,True,damp browser-toolbox.connect.DAMP opt e10s fission stylo webrender-sw,4767235,77,ms,firefox,,1706266466,2023-06-05 22:25:10,1972.487159500008,3a79e9a1c11da81af50cfb6e535537b5e8e7ce9f,1252165,,,,,,,,,,,,,,,,,,,,,,,,,,,,,,,,,,,,,,,,,,,,,,,,,,,,,,,,,,,,,TN,TN
autoland,4768071,12,69b95d09da21c937720a8d3aaca237f47b683aa9,linux1804-64-shippable-qr,True,False,,,102210fe594ee9b33d82058545b1ed14f4c8206e,browser-toolbox.connect.DAMP,damp,True,damp browser-toolbox.connect.DAMP opt e10s fission stylo webrender-sw,4767235,77,ms,firefox,,1706427429,2023-06-06 07:45:19,2060.404782500027,7974ac7e053aa00b02c6b9405b4fe87e6729456d,1252336,,,,,,,,,,,,,,,,,,,,,,,,,,,,,,,,,,,,,,,,,,,,,,,,,,,,,,,,,,,,,TN,TN
autoland,4768071,12,69b95d09da21c937720a8d3aaca237f47b683aa9,linux1804-64-shippable-qr,True,False,,,102210fe594ee9b33d82058545b1ed14f4c8206e,browser-toolbox.connect.DAMP,damp,True,damp browser-toolbox.connect.DAMP opt e10s fission stylo webrender-sw,4767235,77,ms,firefox,,1708030130,2023-06-06 09:54:47,2037.7291569999943,d65af714b0fdd0ee5f9ce476b8fc190ba5f55b60,1252397,,,,,,,,,,,,,,,,,,,,,,,,,,,,,,,,,,,,,,,,,,,,,,,,,,,,,,,,,,,,,TN,TN
autoland,4768071,12,69b95d09da21c937720a8d3aaca237f47b683aa9,linux1804-64-shippable-qr,True,False,,,102210fe594ee9b33d82058545b1ed14f4c8206e,browser-toolbox.connect.DAMP,damp,True,damp browser-toolbox.connect.DAMP opt e10s fission stylo webrender-sw,4767235,77,ms,firefox,,1708030188,2023-06-06 10:19:29,2041.528598500008,3e4384557768738718080265a78d359c27c18f12,1252406,,,,,,,,,,,,,,,,,,,,,,,,,,,,,,,,,,,,,,,,,,,,,,,,,,,,,,,,,,,,,TN,TN
autoland,4768071,12,69b95d09da21c937720a8d3aaca237f47b683aa9,linux1804-64-shippable-qr,True,False,,,102210fe594ee9b33d82058545b1ed14f4c8206e,browser-toolbox.connect.DAMP,damp,True,damp browser-toolbox.connect.DAMP opt e10s fission stylo webrender-sw,4767235,77,ms,firefox,,1708031366,2023-06-06 10:23:19,1984.9766344999955,832a5840ccf75993a3a7a21f1d93c854237d467a,1252407,,,,,,,,,,,,,,,,,,,,,,,,,,,,,,,,,,,,,,,,,,,,,,,,,,,,,,,,,,,,,TN,TN
autoland,4768071,12,69b95d09da21c937720a8d3aaca237f47b683aa9,linux1804-64-shippable-qr,True,False,,,102210fe594ee9b33d82058545b1ed14f4c8206e,browser-toolbox.connect.DAMP,damp,True,damp browser-toolbox.connect.DAMP opt e10s fission stylo webrender-sw,4767235,77,ms,firefox,,1708031180,2023-06-06 10:37:23,2017.217202499989,78f4ea7de45671de85a129f294afac8054b37639,1252411,,,,,,,,,,,,,,,,,,,,,,,,,,,,,,,,,,,,,,,,,,,,,,,,,,,,,,,,,,,,,TN,TN
autoland,4768071,12,69b95d09da21c937720a8d3aaca237f47b683aa9,linux1804-64-shippable-qr,True,False,,,102210fe594ee9b33d82058545b1ed14f4c8206e,browser-toolbox.connect.DAMP,damp,True,damp browser-toolbox.connect.DAMP opt e10s fission stylo webrender-sw,4767235,77,ms,firefox,,1708031238,2023-06-06 11:15:50,2062.5970890000026,6f1ff2bca66b3dfdd8844e9e25ada2a2cffdcf70,1252438,,,,,,,,,,,,,,,,,,,,,,,,,,,,,,,,,,,,,,,,,,,,,,,,,,,,,,,,,,,,,TN,TN
autoland,4768071,12,69b95d09da21c937720a8d3aaca237f47b683aa9,linux1804-64-shippable-qr,True,False,,,102210fe594ee9b33d82058545b1ed14f4c8206e,browser-toolbox.connect.DAMP,damp,True,damp browser-toolbox.connect.DAMP opt e10s fission stylo webrender-sw,4767235,77,ms,firefox,,1708033237,2023-06-06 11:22:16,2018.1260705000025,140e58bd0868043ccfb2d2fafc2d399ccb2be7d4,1252446,,,,,,,,,,,,,,,,,,,,,,,,,,,,,,,,,,,,,,,,,,,,,,,,,,,,,,,,,,,,,TN,TN
autoland,4768071,12,69b95d09da21c937720a8d3aaca237f47b683aa9,linux1804-64-shippable-qr,True,False,,,102210fe594ee9b33d82058545b1ed14f4c8206e,browser-toolbox.connect.DAMP,damp,True,damp browser-toolbox.connect.DAMP opt e10s fission stylo webrender-sw,4767235,77,ms,firefox,,1708032571,2023-06-06 11:23:06,1992.7617705000007,9ccaad4630db78ad8e12abf18110e00ab1716fcc,1252448,,,,,,,,,,,,,,,,,,,,,,,,,,,,,,,,,,,,,,,,,,,,,,,,,,,,,,,,,,,,,TN,TN
autoland,4768071,12,69b95d09da21c937720a8d3aaca237f47b683aa9,linux1804-64-shippable-qr,True,False,,,102210fe594ee9b33d82058545b1ed14f4c8206e,browser-toolbox.connect.DAMP,damp,True,damp browser-toolbox.connect.DAMP opt e10s fission stylo webrender-sw,4767235,77,ms,firefox,,1708031733,2023-06-06 11:23:56,1978.8996529999893,fd2577ea9b64ca2f858424cb1733a183dfc1563e,1252450,,,,,,,,,,,,,,,,,,,,,,,,,,,,,,,,,,,,,,,,,,,,,,,,,,,,,,,,,,,,,TN,TN
autoland,4768071,12,69b95d09da21c937720a8d3aaca237f47b683aa9,linux1804-64-shippable-qr,True,False,,,102210fe594ee9b33d82058545b1ed14f4c8206e,browser-toolbox.connect.DAMP,damp,True,damp browser-toolbox.connect.DAMP opt e10s fission stylo webrender-sw,4767235,77,ms,firefox,,1708032382,2023-06-06 11:26:27,2014.0515789999808,eb3d18321ac2a30548014e6ad4b18cee6764ba51,1252452,,,,,,,,,,,,,,,,,,,,,,,,,,,,,,,,,,,,,,,,,,,,,,,,,,,,,,,,,,,,,TN,TN
autoland,4768071,12,69b95d09da21c937720a8d3aaca237f47b683aa9,linux1804-64-shippable-qr,True,False,,,102210fe594ee9b33d82058545b1ed14f4c8206e,browser-toolbox.connect.DAMP,damp,True,damp browser-toolbox.connect.DAMP opt e10s fission stylo webrender-sw,4767235,77,ms,firefox,,1706626966,2023-06-06 12:19:14,2066.363863499995,847d7aa42cbef71e48427dda557da27be7b8a938,1252475,,,,,,,,,,,,,,,,,,,,,,,,,,,,,,,,,,,,,,,,,,,,,,,,,,,,,,,,,,,,,TN,TN
autoland,4768071,12,69b95d09da21c937720a8d3aaca237f47b683aa9,linux1804-64-shippable-qr,True,False,,,102210fe594ee9b33d82058545b1ed14f4c8206e,browser-toolbox.connect.DAMP,damp,True,damp browser-toolbox.connect.DAMP opt e10s fission stylo webrender-sw,4767235,77,ms,firefox,,1708030884,2023-06-06 13:20:12,2047.77231450002,acd7574ed678967e69cf68f97b396373f558141c,1252517,,,,,,,,,,,,,,,,,,,,,,,,,,,,,,,,,,,,,,,,,,,,,,,,,,,,,,,,,,,,,TN,TN
autoland,4768071,12,69b95d09da21c937720a8d3aaca237f47b683aa9,linux1804-64-shippable-qr,True,False,,,102210fe594ee9b33d82058545b1ed14f4c8206e,browser-toolbox.connect.DAMP,damp,True,damp browser-toolbox.connect.DAMP opt e10s fission stylo webrender-sw,4767235,77,ms,firefox,,1708029735,2023-06-06 13:25:53,1995.5472170000064,13d61302e4abee9d44a41b4f16495b4a133dc1a8,1252522,,,,,,,,,,,,,,,,,,,,,,,,,,,,,,,,,,,,,,,,,,,,,,,,,,,,,,,,,,,,,TN,TN
autoland,4768071,12,69b95d09da21c937720a8d3aaca237f47b683aa9,linux1804-64-shippable-qr,True,False,,,102210fe594ee9b33d82058545b1ed14f4c8206e,browser-toolbox.connect.DAMP,damp,True,damp browser-toolbox.connect.DAMP opt e10s fission stylo webrender-sw,4767235,77,ms,firefox,,1708029744,2023-06-06 13:29:27,2009.1191544999888,b44f42bf0f7bbe046669a5c3f40d7616a1d748c1,1252524,,,,,,,,,,,,,,,,,,,,,,,,,,,,,,,,,,,,,,,,,,,,,,,,,,,,,,,,,,,,,TN,TN
autoland,4768071,12,69b95d09da21c937720a8d3aaca237f47b683aa9,linux1804-64-shippable-qr,True,False,,,102210fe594ee9b33d82058545b1ed14f4c8206e,browser-toolbox.connect.DAMP,damp,True,damp browser-toolbox.connect.DAMP opt e10s fission stylo webrender-sw,4767235,77,ms,firefox,,1708025176,2023-06-06 14:51:47,1751.9389340000198,4cc8e322f8832e379a9c7f48a29878cf0963d6b6,1252578,,,,,,,,,,,,,,,,,,,,,,,,,,,,,,,,,,,,,,,,,,,,,,,,,,,,,,,,,,,,,TN,TN
autoland,4768071,12,69b95d09da21c937720a8d3aaca237f47b683aa9,linux1804-64-shippable-qr,True,False,,,102210fe594ee9b33d82058545b1ed14f4c8206e,browser-toolbox.connect.DAMP,damp,True,damp browser-toolbox.connect.DAMP opt e10s fission stylo webrender-sw,4767235,77,ms,firefox,,1708031077,2023-06-06 15:02:17,1957.0926265000016,08fb757d7ac853660e6026961ec799dd0a6a5e6c,1252582,,,,,,,,,,,,,,,,,,,,,,,,,,,,,,,,,,,,,,,,,,,,,,,,,,,,,,,,,,,,,TN,TN
autoland,4768071,12,69b95d09da21c937720a8d3aaca237f47b683aa9,linux1804-64-shippable-qr,True,False,,,102210fe594ee9b33d82058545b1ed14f4c8206e,browser-toolbox.connect.DAMP,damp,True,damp browser-toolbox.connect.DAMP opt e10s fission stylo webrender-sw,4767235,77,ms,firefox,,1708030981,2023-06-06 15:03:17,2006.105463,862bd1ab18fd2f92af4100fe30d15b23746f1620,1252583,,,,,,,,,,,,,,,,,,,,,,,,,,,,,,,,,,,,,,,,,,,,,,,,,,,,,,,,,,,,,TN,TN
autoland,4768071,12,69b95d09da21c937720a8d3aaca237f47b683aa9,linux1804-64-shippable-qr,True,False,,,102210fe594ee9b33d82058545b1ed14f4c8206e,browser-toolbox.connect.DAMP,damp,True,damp browser-toolbox.connect.DAMP opt e10s fission stylo webrender-sw,4767235,77,ms,firefox,,1708030776,2023-06-06 15:04:14,2031.452423499999,48770eeaa7829e74fd5c6e649d26edaad09e2077,1252584,,,,,,,,,,,,,,,,,,,,,,,,,,,,,,,,,,,,,,,,,,,,,,,,,,,,,,,,,,,,,TN,TN
autoland,4768071,12,69b95d09da21c937720a8d3aaca237f47b683aa9,linux1804-64-shippable-qr,True,False,,,102210fe594ee9b33d82058545b1ed14f4c8206e,browser-toolbox.connect.DAMP,damp,True,damp browser-toolbox.connect.DAMP opt e10s fission stylo webrender-sw,4767235,77,ms,firefox,,1708030645,2023-06-06 15:05:04,1969.5290349999705,58db56fb92e512ab38519e761371449b91f03577,1252586,,,,,,,,,,,,,,,,,,,,,,,,,,,,,,,,,,,,,,,,,,,,,,,,,,,,,,,,,,,,,TN,TN
autoland,4768071,12,69b95d09da21c937720a8d3aaca237f47b683aa9,linux1804-64-shippable-qr,True,False,,,102210fe594ee9b33d82058545b1ed14f4c8206e,browser-toolbox.connect.DAMP,damp,True,damp browser-toolbox.connect.DAMP opt e10s fission stylo webrender-sw,4767235,77,ms,firefox,,1708030059,2023-06-06 15:06:04,2043.1053964999955,8a5e6b282c100e8fd6dcde510047b2ad3b4875e1,1252587,,,,,,,,,,,,,,,,,,,,,,,,,,,,,,,,,,,,,,,,,,,,,,,,,,,,,,,,,,,,,TN,TN
autoland,4768071,12,69b95d09da21c937720a8d3aaca237f47b683aa9,linux1804-64-shippable-qr,True,False,,,102210fe594ee9b33d82058545b1ed14f4c8206e,browser-toolbox.connect.DAMP,damp,True,damp browser-toolbox.connect.DAMP opt e10s fission stylo webrender-sw,4767235,77,ms,firefox,,1706701582,2023-06-06 15:07:26,1989.62939050002,51ecbed77cf45640a921f61934b70efadfb58982,1252589,,,,,,,,,,,,,,,,,,,,,,,,,,,,,,,,,,,,,,,,,,,,,,,,,,,,,,,,,,,,,TN,TN
autoland,4768071,12,69b95d09da21c937720a8d3aaca237f47b683aa9,linux1804-64-shippable-qr,True,False,,,102210fe594ee9b33d82058545b1ed14f4c8206e,browser-toolbox.connect.DAMP,damp,True,damp browser-toolbox.connect.DAMP opt e10s fission stylo webrender-sw,4767235,77,ms,firefox,,1708029547,2023-06-06 18:38:30,1959.4956810000224,fa55914f4b75f48d57ab43d8802ea56412b703a0,1252705,,,,,,,,,,,,,,,,,,,,,,,,,,,,,,,,,,,,,,,,,,,,,,,,,,,,,,,,,,,,,TN,TN
autoland,4768071,12,69b95d09da21c937720a8d3aaca237f47b683aa9,linux1804-64-shippable-qr,True,False,,,102210fe594ee9b33d82058545b1ed14f4c8206e,browser-toolbox.connect.DAMP,damp,True,damp browser-toolbox.connect.DAMP opt e10s fission stylo webrender-sw,4767235,77,ms,firefox,,1708028405,2023-06-06 18:41:58,1969.0875109999904,da2e4e6f72c156d629d5397b8af3de2aaf60725f,1252710,,,,,,,,,,,,,,,,,,,,,,,,,,,,,,,,,,,,,,,,,,,,,,,,,,,,,,,,,,,,,TN,TN
autoland,4768071,12,69b95d09da21c937720a8d3aaca237f47b683aa9,linux1804-64-shippable-qr,True,False,,,102210fe594ee9b33d82058545b1ed14f4c8206e,browser-toolbox.connect.DAMP,damp,True,damp browser-toolbox.connect.DAMP opt e10s fission stylo webrender-sw,4767235,77,ms,firefox,,1706862654,2023-06-06 19:22:50,1986.939075000002,3e7d709ab2a3a86ff58f4406faa05e738ca49ec9,1252721,,,,,,,,,,,,,,,,,,,,,,,,,,,,,,,,,,,,,,,,,,,,,,,,,,,,,,,,,,,,,TN,TN
autoland,4768071,12,69b95d09da21c937720a8d3aaca237f47b683aa9,linux1804-64-shippable-qr,True,False,,,102210fe594ee9b33d82058545b1ed14f4c8206e,browser-toolbox.connect.DAMP,damp,True,damp browser-toolbox.connect.DAMP opt e10s fission stylo webrender-sw,4767235,77,ms,firefox,,1708069314,2023-06-06 19:38:01,2017.9876885000049,ad11391dac323b2412b29c842279c2f661639b2e,1252733,,,,,,,,,,,,,,,,,,,,,,,,,,,,,,,,,,,,,,,,,,,,,,,,,,,,,,,,,,,,,TN,TN
autoland,4768071,12,69b95d09da21c937720a8d3aaca237f47b683aa9,linux1804-64-shippable-qr,True,False,,,102210fe594ee9b33d82058545b1ed14f4c8206e,browser-toolbox.connect.DAMP,damp,True,damp browser-toolbox.connect.DAMP opt e10s fission stylo webrender-sw,4767235,77,ms,firefox,,1708068468,2023-06-06 19:47:44,1962.4352090000173,8a27d5959b3e8b398735e9d88bc8034cf831b5e1,1252739,,,,,,,,,,,,,,,,,,,,,,,,,,,,,,,,,,,,,,,,,,,,,,,,,,,,,,,,,,,,,TN,TN
autoland,4768071,12,69b95d09da21c937720a8d3aaca237f47b683aa9,linux1804-64-shippable-qr,True,False,,,102210fe594ee9b33d82058545b1ed14f4c8206e,browser-toolbox.connect.DAMP,damp,True,damp browser-toolbox.connect.DAMP opt e10s fission stylo webrender-sw,4767235,77,ms,firefox,,1708069725,2023-06-06 19:48:38,2012.373430499996,8a0c6cebd70d5958a8999f28a3ba87b18802cb8b,1252740,,,,,,,,,,,,,,,,,,,,,,,,,,,,,,,,,,,,,,,,,,,,,,,,,,,,,,,,,,,,,TN,TN
autoland,4768071,12,69b95d09da21c937720a8d3aaca237f47b683aa9,linux1804-64-shippable-qr,True,False,,,102210fe594ee9b33d82058545b1ed14f4c8206e,browser-toolbox.connect.DAMP,damp,True,damp browser-toolbox.connect.DAMP opt e10s fission stylo webrender-sw,4767235,77,ms,firefox,,1706898130,2023-06-06 19:49:29,2047.12722200001,9a56830b39f8d6802cef3772f81535d5f7bd475c,1252741,,,,,,,,,,,,,,,,,,,,,,,,,,,,,,,,,,,,,,,,,,,,,,,,,,,,,,,,,,,,,TN,TN
autoland,4768071,12,69b95d09da21c937720a8d3aaca237f47b683aa9,linux1804-64-shippable-qr,True,False,,,102210fe594ee9b33d82058545b1ed14f4c8206e,browser-toolbox.connect.DAMP,damp,True,damp browser-toolbox.connect.DAMP opt e10s fission stylo webrender-sw,4767235,77,ms,firefox,,1706967489,2023-06-06 22:47:19,1998.007927500017,3a8e0dd854b5d9349d96a17de81427442d412db9,1252831,,,,,,,,,,,,,,,,,,,,,,,,,,,,,,,,,,,,,,,,,,,,,,,,,,,,,,,,,,,,,TN,TN
autoland,4768071,12,69b95d09da21c937720a8d3aaca237f47b683aa9,linux1804-64-shippable-qr,True,False,,,102210fe594ee9b33d82058545b1ed14f4c8206e,browser-toolbox.connect.DAMP,damp,True,damp browser-toolbox.connect.DAMP opt e10s fission stylo webrender-sw,4767235,77,ms,firefox,,1707070268,2023-06-07 02:52:45,2017.864350999982,714383968fdbbcb6ef5ff4fc599e11ae386d09ce,1252906,,,,,,,,,,,,,,,,,,,,,,,,,,,,,,,,,,,,,,,,,,,,,,,,,,,,,,,,,,,,,TN,TN
autoland,4768071,12,69b95d09da21c937720a8d3aaca237f47b683aa9,linux1804-64-shippable-qr,True,False,,,102210fe594ee9b33d82058545b1ed14f4c8206e,browser-toolbox.connect.DAMP,damp,True,damp browser-toolbox.connect.DAMP opt e10s fission stylo webrender-sw,4767235,77,ms,firefox,,1707210460,2023-06-07 06:55:53,1983.742894000039,29928f29c7a08d81bf5a480f4678c4c90b0abc68,1252967,,,,,,,,,,,,,,,,,,,,,,,,,,,,,,,,,,,,,,,,,,,,,,,,,,,,,,,,,,,,,TN,TN
autoland,4768071,12,69b95d09da21c937720a8d3aaca237f47b683aa9,linux1804-64-shippable-qr,True,False,,,102210fe594ee9b33d82058545b1ed14f4c8206e,browser-toolbox.connect.DAMP,damp,True,damp browser-toolbox.connect.DAMP opt e10s fission stylo webrender-sw,4767235,77,ms,firefox,,1707319978,2023-06-07 11:44:03,1963.8310029999996,5c2039dcc9e34d981b3343ed3819d1f65ef07909,1253076,,,,,,,,,,,,,,,,,,,,,,,,,,,,,,,,,,,,,,,,,,,,,,,,,,,,,,,,,,,,,TN,TN
autoland,4768071,12,69b95d09da21c937720a8d3aaca237f47b683aa9,linux1804-64-shippable-qr,True,False,,,102210fe594ee9b33d82058545b1ed14f4c8206e,browser-toolbox.connect.DAMP,damp,True,damp browser-toolbox.connect.DAMP opt e10s fission stylo webrender-sw,4767235,77,ms,firefox,,1707350491,2023-06-07 13:36:12,1969.0579629999995,ed7804ffc016687db27f68ab46e27c0ffefda3af,1253119,,,,,,,,,,,,,,,,,,,,,,,,,,,,,,,,,,,,,,,,,,,,,,,,,,,,,,,,,,,,,TN,TN
autoland,4768071,12,69b95d09da21c937720a8d3aaca237f47b683aa9,linux1804-64-shippable-qr,True,False,,,102210fe594ee9b33d82058545b1ed14f4c8206e,browser-toolbox.connect.DAMP,damp,True,damp browser-toolbox.connect.DAMP opt e10s fission stylo webrender-sw,4767235,77,ms,firefox,,1707448767,2023-06-07 16:40:09,2027.1876214999936,1e9ddd307894fd2055ca49dcaa461478d0acea9e,1253256,,,,,,,,,,,,,,,,,,,,,,,,,,,,,,,,,,,,,,,,,,,,,,,,,,,,,,,,,,,,,TN,TN
autoland,4768071,12,69b95d09da21c937720a8d3aaca237f47b683aa9,linux1804-64-shippable-qr,True,False,,,102210fe594ee9b33d82058545b1ed14f4c8206e,browser-toolbox.connect.DAMP,damp,True,damp browser-toolbox.connect.DAMP opt e10s fission stylo webrender-sw,4767235,77,ms,firefox,,1707570621,2023-06-07 20:51:47,1988.4196859999936,d777b008615418be897668f8099b9e68f6666a3c,1253401,,,,,,,,,,,,,,,,,,,,,,,,,,,,,,,,,,,,,,,,,,,,,,,,,,,,,,,,,,,,,TN,TN
autoland,4768071,12,69b95d09da21c937720a8d3aaca237f47b683aa9,linux1804-64-shippable-qr,True,False,,,102210fe594ee9b33d82058545b1ed14f4c8206e,browser-toolbox.connect.DAMP,damp,True,damp browser-toolbox.connect.DAMP opt e10s fission stylo webrender-sw,4767235,77,ms,firefox,,1707646020,2023-06-07 22:54:42,1989.5178025000205,c18688c9011d0dc50b79d2f830dbf323c8c75604,1253472,,,,,,,,,,,,,,,,,,,,,,,,,,,,,,,,,,,,,,,,,,,,,,,,,,,,,,,,,,,,,TN,TN
autoland,4768071,12,69b95d09da21c937720a8d3aaca237f47b683aa9,linux1804-64-shippable-qr,True,False,,,102210fe594ee9b33d82058545b1ed14f4c8206e,browser-toolbox.connect.DAMP,damp,True,damp browser-toolbox.connect.DAMP opt e10s fission stylo webrender-sw,4767235,77,ms,firefox,,1707787775,2023-06-08 03:47:09,1967.359499999999,2b2fb0c1bd13f27bbd5094192791600a5e261c4b,1253596,,,,,,,,,,,,,,,,,,,,,,,,,,,,,,,,,,,,,,,,,,,,,,,,,,,,,,,,,,,,,TN,TN
autoland,4768071,12,69b95d09da21c937720a8d3aaca237f47b683aa9,linux1804-64-shippable-qr,True,False,,,102210fe594ee9b33d82058545b1ed14f4c8206e,browser-toolbox.connect.DAMP,damp,True,damp browser-toolbox.connect.DAMP opt e10s fission stylo webrender-sw,4767235,77,ms,firefox,,1707843906,2023-06-08 06:27:32,1996.495852499982,d588d40904f7880592d27c083cb64d31864340cb,1253626,,,,,,,,,,,,,,,,,,,,,,,,,,,,,,,,,,,,,,,,,,,,,,,,,,,,,,,,,,,,,TN,TN
autoland,4768071,12,69b95d09da21c937720a8d3aaca237f47b683aa9,linux1804-64-shippable-qr,True,False,,,102210fe594ee9b33d82058545b1ed14f4c8206e,browser-toolbox.connect.DAMP,damp,True,damp browser-toolbox.connect.DAMP opt e10s fission stylo webrender-sw,4767235,77,ms,firefox,,1707988964,2023-06-08 10:57:22,1986.3647879999955,a86d5a3f177d480362c07a9ed34166ae41840ab6,1253788,,,,,,,,,,,,,,,,,,,,,,,,,,,,,,,,,,,,,,,,,,,,,,,,,,,,,,,,,,,,,TN,TN
autoland,4768071,12,69b95d09da21c937720a8d3aaca237f47b683aa9,linux1804-64-shippable-qr,True,False,,,102210fe594ee9b33d82058545b1ed14f4c8206e,browser-toolbox.connect.DAMP,damp,True,damp browser-toolbox.connect.DAMP opt e10s fission stylo webrender-sw,4767235,77,ms,firefox,,1708129382,2023-06-08 15:05:55,2054.254163999998,581d6b2a5146b01bfc5a4a599127e2e794918f78,1253951,,,,,,,,,,,,,,,,,,,,,,,,,,,,,,,,,,,,,,,,,,,,,,,,,,,,,,,,,,,,,TN,TN
autoland,4768071,12,69b95d09da21c937720a8d3aaca237f47b683aa9,linux1804-64-shippable-qr,True,False,,,102210fe594ee9b33d82058545b1ed14f4c8206e,browser-toolbox.connect.DAMP,damp,True,damp browser-toolbox.connect.DAMP opt e10s fission stylo webrender-sw,4767235,77,ms,firefox,,1708134883,2023-06-08 15:14:50,1978.558589000022,954d7d588e595404fbe8f79a002de1a32f4175fc,1253958,,,,,,,,,,,,,,,,,,,,,,,,,,,,,,,,,,,,,,,,,,,,,,,,,,,,,,,,,,,,,TN,TN
autoland,4768071,12,69b95d09da21c937720a8d3aaca237f47b683aa9,linux1804-64-shippable-qr,True,False,,,102210fe594ee9b33d82058545b1ed14f4c8206e,browser-toolbox.connect.DAMP,damp,True,damp browser-toolbox.connect.DAMP opt e10s fission stylo webrender-sw,4767235,77,ms,firefox,,1708355899,2023-06-08 21:44:04,1965.4039544999976,c7b3905a77fb83c75344dddb5646c5c7f5d16714,1254265,,,,,,,,,,,,,,,,,,,,,,,,,,,,,,,,,,,,,,,,,,,,,,,,,,,,,,,,,,,,,TN,TN
autoland,4768071,12,69b95d09da21c937720a8d3aaca237f47b683aa9,linux1804-64-shippable-qr,True,False,,,102210fe594ee9b33d82058545b1ed14f4c8206e,browser-toolbox.connect.DAMP,damp,True,damp browser-toolbox.connect.DAMP opt e10s fission stylo webrender-sw,4767235,77,ms,firefox,,1708424344,2023-06-09 02:20:20,1986.6475610000048,d18ffb52540958c2b12d76b4a392e12df3bc4280,1254350,,,,,,,,,,,,,,,,,,,,,,,,,,,,,,,,,,,,,,,,,,,,,,,,,,,,,,,,,,,,,TN,TN
autoland,4768071,12,69b95d09da21c937720a8d3aaca237f47b683aa9,linux1804-64-shippable-qr,True,False,,,102210fe594ee9b33d82058545b1ed14f4c8206e,browser-toolbox.connect.DAMP,damp,True,damp browser-toolbox.connect.DAMP opt e10s fission stylo webrender-sw,4767235,77,ms,firefox,,1708495171,2023-06-09 06:38:52,1969.727743000025,e76a7e9393add417bcf6a33d7e0c71909cc3c6d9,1254404,,,,,,,,,,,,,,,,,,,,,,,,,,,,,,,,,,,,,,,,,,,,,,,,,,,,,,,,,,,,,TN,TN
autoland,4768071,12,69b95d09da21c937720a8d3aaca237f47b683aa9,linux1804-64-shippable-qr,True,False,,,102210fe594ee9b33d82058545b1ed14f4c8206e,browser-toolbox.connect.DAMP,damp,True,damp browser-toolbox.connect.DAMP opt e10s fission stylo webrender-sw,4767235,77,ms,firefox,,1708532265,2023-06-09 08:40:41,1963.485441999976,6453bd709950f540a9b961069fe05277eec38c4e,1254469,,,,,,,,,,,,,,,,,,,,,,,,,,,,,,,,,,,,,,,,,,,,,,,,,,,,,,,,,,,,,TN,TN
autoland,4768071,12,69b95d09da21c937720a8d3aaca237f47b683aa9,linux1804-64-shippable-qr,True,False,,,102210fe594ee9b33d82058545b1ed14f4c8206e,browser-toolbox.connect.DAMP,damp,True,damp browser-toolbox.connect.DAMP opt e10s fission stylo webrender-sw,4767235,77,ms,firefox,,1708685612,2023-06-09 13:23:42,1958.3387940000105,7467d3da5f29eddf7cf135a00cef8cf87b5c6911,1254611,,,,,,,,,,,,,,,,,,,,,,,,,,,,,,,,,,,,,,,,,,,,,,,,,,,,,,,,,,,,,TN,TN
autoland,4768071,12,69b95d09da21c937720a8d3aaca237f47b683aa9,linux1804-64-shippable-qr,True,False,,,102210fe594ee9b33d82058545b1ed14f4c8206e,browser-toolbox.connect.DAMP,damp,True,damp browser-toolbox.connect.DAMP opt e10s fission stylo webrender-sw,4767235,77,ms,firefox,,1708836769,2023-06-09 18:12:56,1966.580901999987,439e88bdf46b8545bcf3fbf4d1cac9bf084df91d,1254830,,,,,,,,,,,,,,,,,,,,,,,,,,,,,,,,,,,,,,,,,,,,,,,,,,,,,,,,,,,,,TN,TN
autoland,4768071,12,69b95d09da21c937720a8d3aaca237f47b683aa9,linux1804-64-shippable-qr,True,False,,,102210fe594ee9b33d82058545b1ed14f4c8206e,browser-toolbox.connect.DAMP,damp,True,damp browser-toolbox.connect.DAMP opt e10s fission stylo webrender-sw,4767235,77,ms,firefox,,1708894891,2023-06-09 19:52:31,1981.20660450001,14c10deaa83992232930103150b2cb2351a623a5,1254912,,,,,,,,,,,,,,,,,,,,,,,,,,,,,,,,,,,,,,,,,,,,,,,,,,,,,,,,,,,,,TN,TN
autoland,4768071,12,69b95d09da21c937720a8d3aaca237f47b683aa9,linux1804-64-shippable-qr,True,False,,,102210fe594ee9b33d82058545b1ed14f4c8206e,browser-toolbox.connect.DAMP,damp,True,damp browser-toolbox.connect.DAMP opt e10s fission stylo webrender-sw,4767235,77,ms,firefox,,1709005690,2023-06-10 01:55:58,1973.918423999996,463e881a627c52313496a136abc6c038a4b92af6,1255101,,,,,,,,,,,,,,,,,,,,,,,,,,,,,,,,,,,,,,,,,,,,,,,,,,,,,,,,,,,,,TN,TN
autoland,4768071,12,69b95d09da21c937720a8d3aaca237f47b683aa9,linux1804-64-shippable-qr,True,False,,,102210fe594ee9b33d82058545b1ed14f4c8206e,browser-toolbox.connect.DAMP,damp,True,damp browser-toolbox.connect.DAMP opt e10s fission stylo webrender-sw,4767235,77,ms,firefox,,1709112800,2023-06-10 13:36:02,1963.559934000019,9c9d29101b3d0533b84b4e75dc06e89fcad3d31a,1255207,,,,,,,,,,,,,,,,,,,,,,,,,,,,,,,,,,,,,,,,,,,,,,,,,,,,,,,,,,,,,TN,TN
autoland,4768071,12,69b95d09da21c937720a8d3aaca237f47b683aa9,linux1804-64-shippable-qr,True,False,,,102210fe594ee9b33d82058545b1ed14f4c8206e,browser-toolbox.connect.DAMP,damp,True,damp browser-toolbox.connect.DAMP opt e10s fission stylo webrender-sw,4767235,77,ms,firefox,,1709231970,2023-06-10 18:37:05,1993.9244709999984,879c6932bb49782e5edfdbe48e93d997a2646d84,1255264,,,,,,,,,,,,,,,,,,,,,,,,,,,,,,,,,,,,,,,,,,,,,,,,,,,,,,,,,,,,,TN,TN
autoland,4768071,12,69b95d09da21c937720a8d3aaca237f47b683aa9,linux1804-64-shippable-qr,True,False,,,102210fe594ee9b33d82058545b1ed14f4c8206e,browser-toolbox.connect.DAMP,damp,True,damp browser-toolbox.connect.DAMP opt e10s fission stylo webrender-sw,4767235,77,ms,firefox,,1709258982,2023-06-10 20:39:30,1956.2910629999897,711b87deb431206775bf67c5b0d04ace33eb3660,1255276,,,,,,,,,,,,,,,,,,,,,,,,,,,,,,,,,,,,,,,,,,,,,,,,,,,,,,,,,,,,,TN,TN
autoland,4768071,12,69b95d09da21c937720a8d3aaca237f47b683aa9,linux1804-64-shippable-qr,True,False,,,102210fe594ee9b33d82058545b1ed14f4c8206e,browser-toolbox.connect.DAMP,damp,True,damp browser-toolbox.connect.DAMP opt e10s fission stylo webrender-sw,4767235,77,ms,firefox,,1709465570,2023-06-11 14:35:35,1983.0154835000576,3904ff924b73ed2df5a530453ab025bb1c2fdf90,1255360,,,,,,,,,,,,,,,,,,,,,,,,,,,,,,,,,,,,,,,,,,,,,,,,,,,,,,,,,,,,,TN,TN
autoland,4768071,12,69b95d09da21c937720a8d3aaca237f47b683aa9,linux1804-64-shippable-qr,True,False,,,102210fe594ee9b33d82058545b1ed14f4c8206e,browser-toolbox.connect.DAMP,damp,True,damp browser-toolbox.connect.DAMP opt e10s fission stylo webrender-sw,4767235,77,ms,firefox,,1709522681,2023-06-11 19:10:58,1991.8254874999548,af0665af954105365927736b6a65c4d28533bc4d,1255387,,,,,,,,,,,,,,,,,,,,,,,,,,,,,,,,,,,,,,,,,,,,,,,,,,,,,,,,,,,,,TN,TN
autoland,4768071,12,69b95d09da21c937720a8d3aaca237f47b683aa9,linux1804-64-shippable-qr,True,False,,,102210fe594ee9b33d82058545b1ed14f4c8206e,browser-toolbox.connect.DAMP,damp,True,damp browser-toolbox.connect.DAMP opt e10s fission stylo webrender-sw,4767235,77,ms,firefox,,1709596327,2023-06-12 00:14:44,1951.352681999997,c73c9ac3fe19822fcf08c5bd0bc112056008b4da,1255422,,,,,,,,,,,,,,,,,,,,,,,,,,,,,,,,,,,,,,,,,,,,,,,,,,,,,,,,,,,,,TN,TN
autoland,4768071,12,69b95d09da21c937720a8d3aaca237f47b683aa9,linux1804-64-shippable-qr,True,False,,,102210fe594ee9b33d82058545b1ed14f4c8206e,browser-toolbox.connect.DAMP,damp,True,damp browser-toolbox.connect.DAMP opt e10s fission stylo webrender-sw,4767235,77,ms,firefox,,1709647224,2023-06-12 04:46:29,2003.0933234999904,25564434f810ceea8a17b730bd5498b0ca9856c4,1255461,,,,,,,,,,,,,,,,,,,,,,,,,,,,,,,,,,,,,,,,,,,,,,,,,,,,,,,,,,,,,TN,TN
autoland,4768071,12,69b95d09da21c937720a8d3aaca237f47b683aa9,linux1804-64-shippable-qr,True,False,,,102210fe594ee9b33d82058545b1ed14f4c8206e,browser-toolbox.connect.DAMP,damp,True,damp browser-toolbox.connect.DAMP opt e10s fission stylo webrender-sw,4767235,77,ms,firefox,,1709740672,2023-06-12 09:00:15,1954.7055244999865,6c51face7335165a532e8f6b035a975ced1be55c,1255535,,,,,,,,,,,,,,,,,,,,,,,,,,,,,,,,,,,,,,,,,,,,,,,,,,,,,,,,,,,,,TN,TN
autoland,4768071,12,69b95d09da21c937720a8d3aaca237f47b683aa9,linux1804-64-shippable-qr,True,False,,,102210fe594ee9b33d82058545b1ed14f4c8206e,browser-toolbox.connect.DAMP,damp,True,damp browser-toolbox.connect.DAMP opt e10s fission stylo webrender-sw,4767235,77,ms,firefox,,1709760273,2023-06-12 09:27:15,1977.7163405000172,1dc3aecfed3a924c48ee323c36ee1e783f836dd7,1255558,,,,,,,,,,,,,,,,,,,,,,,,,,,,,,,,,,,,,,,,,,,,,,,,,,,,,,,,,,,,,TN,TN
autoland,4768071,12,69b95d09da21c937720a8d3aaca237f47b683aa9,linux1804-64-shippable-qr,True,False,,,102210fe594ee9b33d82058545b1ed14f4c8206e,browser-toolbox.connect.DAMP,damp,True,damp browser-toolbox.connect.DAMP opt e10s fission stylo webrender-sw,4767235,77,ms,firefox,,1709955154,2023-06-12 14:14:19,1955.8710250000004,ee618a493ff9c25c0ecb9dc6087a6179874541da,1255741,,,,,,,,,,,,,,,,,,,,,,,,,,,,,,,,,,,,,,,,,,,,,,,,,,,,,,,,,,,,,TN,TN
autoland,4768071,12,69b95d09da21c937720a8d3aaca237f47b683aa9,linux1804-64-shippable-qr,True,False,,,102210fe594ee9b33d82058545b1ed14f4c8206e,browser-toolbox.connect.DAMP,damp,True,damp browser-toolbox.connect.DAMP opt e10s fission stylo webrender-sw,4767235,77,ms,firefox,,1710063193,2023-06-12 17:28:50,1966.6694630000347,53b4b785ae2a7f70257069e77b138fe36b53698a,1255840,,,,,,,,,,,,,,,,,,,,,,,,,,,,,,,,,,,,,,,,,,,,,,,,,,,,,,,,,,,,,TN,TN
autoland,4768071,12,69b95d09da21c937720a8d3aaca237f47b683aa9,linux1804-64-shippable-qr,True,False,,,102210fe594ee9b33d82058545b1ed14f4c8206e,browser-toolbox.connect.DAMP,damp,True,damp browser-toolbox.connect.DAMP opt e10s fission stylo webrender-sw,4767235,77,ms,firefox,,1711489623,2023-06-12 19:39:34,1972.646255499989,844a8a0d35e37c4383aa97e570579d5a15ec6c74,1255922,,,,,,,,,,,,,,,,,,,,,,,,,,,,,,,,,,,,,,,,,,,,,,,,,,,,,,,,,,,,,TN,TN
autoland,4768071,12,69b95d09da21c937720a8d3aaca237f47b683aa9,linux1804-64-shippable-qr,True,False,,,102210fe594ee9b33d82058545b1ed14f4c8206e,browser-toolbox.connect.DAMP,damp,True,damp browser-toolbox.connect.DAMP opt e10s fission stylo webrender-sw,4767235,77,ms,firefox,,1711527869,2023-06-12 19:45:14,1948.8348140000016,c3d69f091115468a0db60aa8471cde3cc3a2e4bc,1255928,,,,,,,,,,,,,,,,,,,,,,,,,,,,,,,,,,,,,,,,,,,,,,,,,,,,,,,,,,,,,TN,TN
autoland,4768071,12,69b95d09da21c937720a8d3aaca237f47b683aa9,linux1804-64-shippable-qr,True,False,,,102210fe594ee9b33d82058545b1ed14f4c8206e,browser-toolbox.connect.DAMP,damp,True,damp browser-toolbox.connect.DAMP opt e10s fission stylo webrender-sw,4767235,77,ms,firefox,,1711490788,2023-06-12 19:48:33,1987.1669630000104,1a7c806e2c8db802a9cedc95d3268052b94a0e28,1255931,,,,,,,,,,,,,,,,,,,,,,,,,,,,,,,,,,,,,,,,,,,,,,,,,,,,,,,,,,,,,TN,TN
autoland,4768071,12,69b95d09da21c937720a8d3aaca237f47b683aa9,linux1804-64-shippable-qr,True,False,,,102210fe594ee9b33d82058545b1ed14f4c8206e,browser-toolbox.connect.DAMP,damp,True,damp browser-toolbox.connect.DAMP opt e10s fission stylo webrender-sw,4767235,77,ms,firefox,,1711528159,2023-06-12 20:27:32,1958.661395499992,fc85dbdd86e9aeb4348d5673889e7715e0edad6f,1255963,,,,,,,,,,,,,,,,,,,,,,,,,,,,,,,,,,,,,,,,,,,,,,,,,,,,,,,,,,,,,TN,TN
autoland,4768071,12,69b95d09da21c937720a8d3aaca237f47b683aa9,linux1804-64-shippable-qr,True,False,,,102210fe594ee9b33d82058545b1ed14f4c8206e,browser-toolbox.connect.DAMP,damp,True,damp browser-toolbox.connect.DAMP opt e10s fission stylo webrender-sw,4767235,77,ms,firefox,,1711559689,2023-06-12 20:28:27,2021.289755999984,11d0cb525f1d1b5cbea7237b9a68b6407f8fa068,1255964,,,,,,,,,,,,,,,,,,,,,,,,,,,,,,,,,,,,,,,,,,,,,,,,,,,,,,,,,,,,,TN,TN
autoland,4768071,12,69b95d09da21c937720a8d3aaca237f47b683aa9,linux1804-64-shippable-qr,True,False,,,102210fe594ee9b33d82058545b1ed14f4c8206e,browser-toolbox.connect.DAMP,damp,True,damp browser-toolbox.connect.DAMP opt e10s fission stylo webrender-sw,4767235,77,ms,firefox,,1711559290,2023-06-12 20:29:50,1981.5832349999985,7e809ca5c010b96ddc4db794b6b311871199f2c1,1255967,,,,,,,,,,,,,,,,,,,,,,,,,,,,,,,,,,,,,,,,,,,,,,,,,,,,,,,,,,,,,TN,TN
autoland,4768071,12,69b95d09da21c937720a8d3aaca237f47b683aa9,linux1804-64-shippable-qr,True,False,,,102210fe594ee9b33d82058545b1ed14f4c8206e,browser-toolbox.connect.DAMP,damp,True,damp browser-toolbox.connect.DAMP opt e10s fission stylo webrender-sw,4767235,77,ms,firefox,,1711527253,2023-06-12 20:33:52,1979.6763875000036,c33c010f3a4fd2de9d4c591c1ed03676b1808802,1255971,,,,,,,,,,,,,,,,,,,,,,,,,,,,,,,,,,,,,,,,,,,,,,,,,,,,,,,,,,,,,TN,TN
autoland,4768071,12,69b95d09da21c937720a8d3aaca237f47b683aa9,linux1804-64-shippable-qr,True,False,,,102210fe594ee9b33d82058545b1ed14f4c8206e,browser-toolbox.connect.DAMP,damp,True,damp browser-toolbox.connect.DAMP opt e10s fission stylo webrender-sw,4767235,77,ms,firefox,,1711527710,2023-06-12 21:08:10,1970.1682610000064,c552d41490c7670eb12076a3028b6863c23f4ff0,1255996,,,,,,,,,,,,,,,,,,,,,,,,,,,,,,,,,,,,,,,,,,,,,,,,,,,,,,,,,,,,,TN,TN
autoland,4768071,12,69b95d09da21c937720a8d3aaca237f47b683aa9,linux1804-64-shippable-qr,True,False,,,102210fe594ee9b33d82058545b1ed14f4c8206e,browser-toolbox.connect.DAMP,damp,True,damp browser-toolbox.connect.DAMP opt e10s fission stylo webrender-sw,4767235,77,ms,firefox,,1711526967,2023-06-12 21:12:53,1958.2224169999968,5ed1439037c404a2393288d520ae0fc01d21f628,1256001,,,,,,,,,,,,,,,,,,,,,,,,,,,,,,,,,,,,,,,,,,,,,,,,,,,,,,,,,,,,,TN,TN
autoland,4768071,12,69b95d09da21c937720a8d3aaca237f47b683aa9,linux1804-64-shippable-qr,True,False,,,102210fe594ee9b33d82058545b1ed14f4c8206e,browser-toolbox.connect.DAMP,damp,True,damp browser-toolbox.connect.DAMP opt e10s fission stylo webrender-sw,4767235,77,ms,firefox,,1710202836,2023-06-12 21:22:21,1966.3104124999957,eff1078e2398a9021cd61a20eff8062a582128e2,1256012,,,,,,,,,,,,,,,,,,,,,,,,,,,,,,,,,,,,,,,,,,,,,,,,,,,,,,,,,,,,,TN,TN
autoland,4768071,12,69b95d09da21c937720a8d3aaca237f47b683aa9,linux1804-64-shippable-qr,True,False,,,102210fe594ee9b33d82058545b1ed14f4c8206e,browser-toolbox.connect.DAMP,damp,True,damp browser-toolbox.connect.DAMP opt e10s fission stylo webrender-sw,4767235,77,ms,firefox,,1711530348,2023-06-12 22:16:30,1964.2598825000025,7f88f4a1748334e06137fc25f4a53ccf930c408f,1256047,,,,,,,,,,,,,,,,,,,,,,,,,,,,,,,,,,,,,,,,,,,,,,,,,,,,,,,,,,,,,TN,TN
autoland,4768071,12,69b95d09da21c937720a8d3aaca237f47b683aa9,linux1804-64-shippable-qr,True,False,,,102210fe594ee9b33d82058545b1ed14f4c8206e,browser-toolbox.connect.DAMP,damp,True,damp browser-toolbox.connect.DAMP opt e10s fission stylo webrender-sw,4767235,77,ms,firefox,,1711496165,2023-06-12 22:25:03,1999.912687000004,eebce79aa786aceb30215a968599bffacc84d2f4,1256055,,,,,,,,,,,,,,,,,,,,,,,,,,,,,,,,,,,,,,,,,,,,,,,,,,,,,,,,,,,,,TN,TN
autoland,4768071,12,69b95d09da21c937720a8d3aaca237f47b683aa9,linux1804-64-shippable-qr,True,False,,,102210fe594ee9b33d82058545b1ed14f4c8206e,browser-toolbox.connect.DAMP,damp,True,damp browser-toolbox.connect.DAMP opt e10s fission stylo webrender-sw,4767235,77,ms,firefox,,1711489540,2023-06-12 23:18:00,1992.522949999984,64d1a1e2d93e19fbec70165d04cfab57ab1dbe1f,1256094,,,,,,,,,,,,,,,,,,,,,,,,,,,,,,,,,,,,,,,,,,,,,,,,,,,,,,,,,,,,,TN,TN
autoland,4768071,12,69b95d09da21c937720a8d3aaca237f47b683aa9,linux1804-64-shippable-qr,True,False,,,102210fe594ee9b33d82058545b1ed14f4c8206e,browser-toolbox.connect.DAMP,damp,True,damp browser-toolbox.connect.DAMP opt e10s fission stylo webrender-sw,4767235,77,ms,firefox,,1711487920,2023-06-12 23:39:36,1948.931212499985,1b140d3a27708ab1a8cc60a70d2963b3b1cd96a5,1256108,,,,,,,,,,,,,,,,,,,,,,,,,,,,,,,,,,,,,,,,,,,,,,,,,,,,,,,,,,,,,TN,TN
autoland,4768071,12,69b95d09da21c937720a8d3aaca237f47b683aa9,linux1804-64-shippable-qr,True,False,,,102210fe594ee9b33d82058545b1ed14f4c8206e,browser-toolbox.connect.DAMP,damp,True,damp browser-toolbox.connect.DAMP opt e10s fission stylo webrender-sw,4767235,77,ms,firefox,,1711494707,2023-06-13 00:27:17,2019.082213000016,aa31e8faae1f74d71325ff4255aefbe5aab1e5ec,1256122,,,,,,,,,,,,,,,,,,,,,,,,,,,,,,,,,,,,,,,,,,,,,,,,,,,,,,,,,,,,,TN,TN
autoland,4768071,12,69b95d09da21c937720a8d3aaca237f47b683aa9,linux1804-64-shippable-qr,True,False,,,102210fe594ee9b33d82058545b1ed14f4c8206e,browser-toolbox.connect.DAMP,damp,True,damp browser-toolbox.connect.DAMP opt e10s fission stylo webrender-sw,4767235,77,ms,firefox,,1711487270,2023-06-13 00:33:19,1965.5013524999813,5b5f38cf2107059eac44287c43546030cc2dab35,1256125,,,,,,,,,,,,,,,,,,,,,,,,,,,,,,,,,,,,,,,,,,,,,,,,,,,,,,,,,,,,,TN,TN
autoland,4768071,12,69b95d09da21c937720a8d3aaca237f47b683aa9,linux1804-64-shippable-qr,True,False,,,102210fe594ee9b33d82058545b1ed14f4c8206e,browser-toolbox.connect.DAMP,damp,True,damp browser-toolbox.connect.DAMP opt e10s fission stylo webrender-sw,4767235,77,ms,firefox,,1711451964,2023-06-13 00:34:11,2040.0671795000237,f2b4a1f9f940c8b638678d57049d4d9589bbf619,1256126,,,,,,,,,,,,,,,,,,,,,,,,,,,,,,,,,,,,,,,,,,,,,,,,,,,,,,,,,,,,,TN,TN
autoland,4768071,12,69b95d09da21c937720a8d3aaca237f47b683aa9,linux1804-64-shippable-qr,True,False,,,102210fe594ee9b33d82058545b1ed14f4c8206e,browser-toolbox.connect.DAMP,damp,True,damp browser-toolbox.connect.DAMP opt e10s fission stylo webrender-sw,4767235,77,ms,firefox,,1711529434,2023-06-13 00:36:07,1971.294448000015,db17b8c7548bf954a535f49818d65c39bc27973d,1256127,,,,,,,,,,,,,,,,,,,,,,,,,,,,,,,,,,,,,,,,,,,,,,,,,,,,,,,,,,,,,TN,TN
autoland,4768071,12,69b95d09da21c937720a8d3aaca237f47b683aa9,linux1804-64-shippable-qr,True,False,,,102210fe594ee9b33d82058545b1ed14f4c8206e,browser-toolbox.connect.DAMP,damp,True,damp browser-toolbox.connect.DAMP opt e10s fission stylo webrender-sw,4767235,77,ms,firefox,,1711488694,2023-06-13 01:16:33,1976.9973760000064,2fbfefb8c6cfddd0278b53353298837afd1f7d70,1256145,,,,,,,,,,,,,,,,,,,,,,,,,,,,,,,,,,,,,,,,,,,,,,,,,,,,,,,,,,,,,TN,TN
autoland,4768071,12,69b95d09da21c937720a8d3aaca237f47b683aa9,linux1804-64-shippable-qr,True,False,,,102210fe594ee9b33d82058545b1ed14f4c8206e,browser-toolbox.connect.DAMP,damp,True,damp browser-toolbox.connect.DAMP opt e10s fission stylo webrender-sw,4767235,77,ms,firefox,,1710266025,2023-06-13 02:32:41,1994.31313850006,2bdaa9d6ac390362734ba199115ca10186243e87,1256169,,,,,,,,,,,,,,,,,,,,,,,,,,,,,,,,,,,,,,,,,,,,,,,,,,,,,,,,,,,,,TN,TN
autoland,4768071,12,69b95d09da21c937720a8d3aaca237f47b683aa9,linux1804-64-shippable-qr,True,False,,,102210fe594ee9b33d82058545b1ed14f4c8206e,browser-toolbox.connect.DAMP,damp,True,damp browser-toolbox.connect.DAMP opt e10s fission stylo webrender-sw,4767235,77,ms,firefox,,1711495617,2023-06-13 03:45:50,1965.4894535000055,fb69d7772108dadd70bbe67d27de0e817c297291,1256178,,,,,,,,,,,,,,,,,,,,,,,,,,,,,,,,,,,,,,,,,,,,,,,,,,,,,,,,,,,,,TN,TN
autoland,4768071,12,69b95d09da21c937720a8d3aaca237f47b683aa9,linux1804-64-shippable-qr,True,False,,,102210fe594ee9b33d82058545b1ed14f4c8206e,browser-toolbox.connect.DAMP,damp,True,damp browser-toolbox.connect.DAMP opt e10s fission stylo webrender-sw,4767235,77,ms,firefox,,1711529381,2023-06-13 04:14:39,1944.5454469999968,8f96604b79a63fe139dc8182dfff1bd83f4029b0,1256186,,,,,,,,,,,,,,,,,,,,,,,,,,,,,,,,,,,,,,,,,,,,,,,,,,,,,,,,,,,,,TN,TN
autoland,4768071,12,69b95d09da21c937720a8d3aaca237f47b683aa9,linux1804-64-shippable-qr,True,False,,,102210fe594ee9b33d82058545b1ed14f4c8206e,browser-toolbox.connect.DAMP,damp,True,damp browser-toolbox.connect.DAMP opt e10s fission stylo webrender-sw,4767235,77,ms,firefox,,1711489749,2023-06-13 04:15:29,2047.496955499992,2c5b5021aecc3d17db137b828c805288ee4ade3e,1256187,,,,,,,,,,,,,,,,,,,,,,,,,,,,,,,,,,,,,,,,,,,,,,,,,,,,,,,,,,,,,TN,TN
autoland,4768071,12,69b95d09da21c937720a8d3aaca237f47b683aa9,linux1804-64-shippable-qr,True,False,,,102210fe594ee9b33d82058545b1ed14f4c8206e,browser-toolbox.connect.DAMP,damp,True,damp browser-toolbox.connect.DAMP opt e10s fission stylo webrender-sw,4767235,77,ms,firefox,,1711495725,2023-06-13 04:25:17,1944.8070504999775,3661d47fd7f743c3a24092a879ebcbffa26f84c8,1256191,,,,,,,,,,,,,,,,,,,,,,,,,,,,,,,,,,,,,,,,,,,,,,,,,,,,,,,,,,,,,TN,TN
autoland,4768071,12,69b95d09da21c937720a8d3aaca237f47b683aa9,linux1804-64-shippable-qr,True,False,,,102210fe594ee9b33d82058545b1ed14f4c8206e,browser-toolbox.connect.DAMP,damp,True,damp browser-toolbox.connect.DAMP opt e10s fission stylo webrender-sw,4767235,77,ms,firefox,,1711493699,2023-06-13 04:47:41,1997.949426499996,69915e51348105d47423c4b1d4f0dfa0173d01bc,1256195,,,,,,,,,,,,,,,,,,,,,,,,,,,,,,,,,,,,,,,,,,,,,,,,,,,,,,,,,,,,,TN,TN
autoland,4768071,12,69b95d09da21c937720a8d3aaca237f47b683aa9,linux1804-64-shippable-qr,True,False,,,102210fe594ee9b33d82058545b1ed14f4c8206e,browser-toolbox.connect.DAMP,damp,True,damp browser-toolbox.connect.DAMP opt e10s fission stylo webrender-sw,4767235,77,ms,firefox,,1711529898,2023-06-13 05:08:04,1963.455846499972,24cab11905b4a9ff6096fd916c8a49f921bdfa51,1256209,,,,,,,,,,,,,,,,,,,,,,,,,,,,,,,,,,,,,,,,,,,,,,,,,,,,,,,,,,,,,TN,TN
autoland,4768071,12,69b95d09da21c937720a8d3aaca237f47b683aa9,linux1804-64-shippable-qr,True,False,,,102210fe594ee9b33d82058545b1ed14f4c8206e,browser-toolbox.connect.DAMP,damp,True,damp browser-toolbox.connect.DAMP opt e10s fission stylo webrender-sw,4767235,77,ms,firefox,,1710336886,2023-06-13 05:20:45,2007.499358499983,1a37acad51201ba77a18b0951d3a93bc8c9eebf7,1256212,,,,,,,,,,,,,,,,,,,,,,,,,,,,,,,,,,,,,,,,,,,,,,,,,,,,,,,,,,,,,TN,TN
autoland,4768071,12,69b95d09da21c937720a8d3aaca237f47b683aa9,linux1804-64-shippable-qr,True,False,,,102210fe594ee9b33d82058545b1ed14f4c8206e,browser-toolbox.connect.DAMP,damp,True,damp browser-toolbox.connect.DAMP opt e10s fission stylo webrender-sw,4767235,77,ms,firefox,,1711490465,2023-06-13 08:00:46,1966.8113445000051,9084ef70cf2aaa4b662efba124d92bb28e9646e5,1256276,,,,,,,,,,,,,,,,,,,,,,,,,,,,,,,,,,,,,,,,,,,,,,,,,,,,,,,,,,,,,TN,TN
autoland,4768071,12,69b95d09da21c937720a8d3aaca237f47b683aa9,linux1804-64-shippable-qr,True,False,,,102210fe594ee9b33d82058545b1ed14f4c8206e,browser-toolbox.connect.DAMP,damp,True,damp browser-toolbox.connect.DAMP opt e10s fission stylo webrender-sw,4767235,77,ms,firefox,,1711489296,2023-06-13 08:06:30,1938.3842179999772,3999920d4893c9c0f758962c1e0ab9fe5a3ea28e,1256278,,,,,,,,,,,,,,,,,,,,,,,,,,,,,,,,,,,,,,,,,,,,,,,,,,,,,,,,,,,,,TN,TN
autoland,4768071,12,69b95d09da21c937720a8d3aaca237f47b683aa9,linux1804-64-shippable-qr,True,False,,,102210fe594ee9b33d82058545b1ed14f4c8206e,browser-toolbox.connect.DAMP,damp,True,damp browser-toolbox.connect.DAMP opt e10s fission stylo webrender-sw,4767235,77,ms,firefox,,1711451901,2023-06-13 08:07:23,2001.3195759999944,48bedd7ad73f194f4b7544587d4889eb45db570c,1256279,,,,,,,,,,,,,,,,,,,,,,,,,,,,,,,,,,,,,,,,,,,,,,,,,,,,,,,,,,,,,TN,TN
autoland,4768071,12,69b95d09da21c937720a8d3aaca237f47b683aa9,linux1804-64-shippable-qr,True,False,,,102210fe594ee9b33d82058545b1ed14f4c8206e,browser-toolbox.connect.DAMP,damp,True,damp browser-toolbox.connect.DAMP opt e10s fission stylo webrender-sw,4767235,77,ms,firefox,,1711492185,2023-06-13 08:48:06,2001.406962499983,d483b78ddcff871a55ec7de383e5c7003b4b6e77,1256302,,,,,,,,,,,,,,,,,,,,,,,,,,,,,,,,,,,,,,,,,,,,,,,,,,,,,,,,,,,,,TN,TN
autoland,4768071,12,69b95d09da21c937720a8d3aaca237f47b683aa9,linux1804-64-shippable-qr,True,False,,,102210fe594ee9b33d82058545b1ed14f4c8206e,browser-toolbox.connect.DAMP,damp,True,damp browser-toolbox.connect.DAMP opt e10s fission stylo webrender-sw,4767235,77,ms,firefox,,1711528258,2023-06-13 08:49:38,2048.490186499956,c1d723b1a88ffc044bb38659f7b841b33255e783,1256306,,,,,,,,,,,,,,,,,,,,,,,,,,,,,,,,,,,,,,,,,,,,,,,,,,,,,,,,,,,,,TN,TN
autoland,4768071,12,69b95d09da21c937720a8d3aaca237f47b683aa9,linux1804-64-shippable-qr,True,False,,,102210fe594ee9b33d82058545b1ed14f4c8206e,browser-toolbox.connect.DAMP,damp,True,damp browser-toolbox.connect.DAMP opt e10s fission stylo webrender-sw,4767235,77,ms,firefox,,1711452158,2023-06-13 08:50:35,2008.55683400001,449ecd31e0496eb73aa09f3b059f137f73cd0089,1256307,,,,,,,,,,,,,,,,,,,,,,,,,,,,,,,,,,,,,,,,,,,,,,,,,,,,,,,,,,,,,TN,TN
autoland,4768071,12,69b95d09da21c937720a8d3aaca237f47b683aa9,linux1804-64-shippable-qr,True,False,,,102210fe594ee9b33d82058545b1ed14f4c8206e,browser-toolbox.connect.DAMP,damp,True,damp browser-toolbox.connect.DAMP opt e10s fission stylo webrender-sw,4767235,77,ms,firefox,,1711451588,2023-06-13 08:51:35,2014.8132645000003,6e1ed6cba6942bf676c684a291c2b9f3376fddd9,1256308,,,,,,,,,,,,,,,,,,,,,,,,,,,,,,,,,,,,,,,,,,,,,,,,,,,,,,,,,,,,,TN,TN
autoland,4768071,12,69b95d09da21c937720a8d3aaca237f47b683aa9,linux1804-64-shippable-qr,True,False,,,102210fe594ee9b33d82058545b1ed14f4c8206e,browser-toolbox.connect.DAMP,damp,True,damp browser-toolbox.connect.DAMP opt e10s fission stylo webrender-sw,4767235,77,ms,firefox,,1711452101,2023-06-13 09:05:55,1948.860631500007,0e2af922ec2aa5011ff5cdc73bda4582199f3279,1256317,,,,,,,,,,,,,,,,,,,,,,,,,,,,,,,,,,,,,,,,,,,,,,,,,,,,,,,,,,,,,TN,TN
autoland,4768071,12,69b95d09da21c937720a8d3aaca237f47b683aa9,linux1804-64-shippable-qr,True,False,,,102210fe594ee9b33d82058545b1ed14f4c8206e,browser-toolbox.connect.DAMP,damp,True,damp browser-toolbox.connect.DAMP opt e10s fission stylo webrender-sw,4767235,77,ms,firefox,,1710411958,2023-06-13 09:27:30,1748.145077000012,c7b5ae0c3e2d58a11af3dbe818dd67837d0ff44a,1256328,,,,,,,,,,,,,,,,,,,,,,,,,,,,,,,,,,,,,,,,,,,,,,,,,,,,,,,,,,,,,TN,TN
autoland,4768071,12,69b95d09da21c937720a8d3aaca237f47b683aa9,linux1804-64-shippable-qr,True,False,,,102210fe594ee9b33d82058545b1ed14f4c8206e,browser-toolbox.connect.DAMP,damp,True,damp browser-toolbox.connect.DAMP opt e10s fission stylo webrender-sw,4767235,77,ms,firefox,,1710458433,2023-06-13 10:02:00,2000.4395584999877,2b9574ef0cc196618dae379b79b53958470216b3,1256346,,,,,,,,,,,,,,,,,,,,,,,,,,,,,,,,,,,,,,,,,,,,,,,,,,,,,,,,,,,,,TN,TN
autoland,4768071,12,69b95d09da21c937720a8d3aaca237f47b683aa9,linux1804-64-shippable-qr,True,False,,,102210fe594ee9b33d82058545b1ed14f4c8206e,browser-toolbox.connect.DAMP,damp,True,damp browser-toolbox.connect.DAMP opt e10s fission stylo webrender-sw,4767235,77,ms,firefox,,1710538713,2023-06-13 13:01:33,1965.869312500028,8cd7aee6cae85ce9804794d4a45bc2f34aa04b66,1256450,,,,,,,,,,,,,,,,,,,,,,,,,,,,,,,,,,,,,,,,,,,,,,,,,,,,,,,,,,,,,TN,TN
autoland,4768071,12,69b95d09da21c937720a8d3aaca237f47b683aa9,linux1804-64-shippable-qr,True,False,,,102210fe594ee9b33d82058545b1ed14f4c8206e,browser-toolbox.connect.DAMP,damp,True,damp browser-toolbox.connect.DAMP opt e10s fission stylo webrender-sw,4767235,77,ms,firefox,,1710658226,2023-06-13 16:01:20,2043.170832000018,93520e8ffd9617b46d026ea530fde0169def3a80,1256570,,,,,,,,,,,,,,,,,,,,,,,,,,,,,,,,,,,,,,,,,,,,,,,,,,,,,,,,,,,,,TN,TN
autoland,4768071,12,69b95d09da21c937720a8d3aaca237f47b683aa9,linux1804-64-shippable-qr,True,False,,,102210fe594ee9b33d82058545b1ed14f4c8206e,browser-toolbox.connect.DAMP,damp,True,damp browser-toolbox.connect.DAMP opt e10s fission stylo webrender-sw,4767235,77,ms,firefox,,1710753431,2023-06-13 18:36:15,2030.0480979999995,2d8fa86b279358b19ca794787248a9600c86ef5a,1256676,,,,,,,,,,,,,,,,,,,,,,,,,,,,,,,,,,,,,,,,,,,,,,,,,,,,,,,,,,,,,TN,TN
autoland,4768071,12,69b95d09da21c937720a8d3aaca237f47b683aa9,linux1804-64-shippable-qr,True,False,,,102210fe594ee9b33d82058545b1ed14f4c8206e,browser-toolbox.connect.DAMP,damp,True,damp browser-toolbox.connect.DAMP opt e10s fission stylo webrender-sw,4767235,77,ms,firefox,,1710844249,2023-06-13 22:49:33,2067.7548894999927,0e2078b102ffd940ea83c3a5a8b1a176bdd3a8fb,1256827,,,,,,,,,,,,,,,,,,,,,,,,,,,,,,,,,,,,,,,,,,,,,,,,,,,,,,,,,,,,,TN,TN
autoland,4768071,12,69b95d09da21c937720a8d3aaca237f47b683aa9,linux1804-64-shippable-qr,True,False,,,102210fe594ee9b33d82058545b1ed14f4c8206e,browser-toolbox.connect.DAMP,damp,True,damp browser-toolbox.connect.DAMP opt e10s fission stylo webrender-sw,4767235,77,ms,firefox,,1710871202,2023-06-14 00:25:00,2025.909215499996,4c6c30b03e25cbd9d4dfc96f082e8cf241f51109,1256858,,,,,,,,,,,,,,,,,,,,,,,,,,,,,,,,,,,,,,,,,,,,,,,,,,,,,,,,,,,,,TN,TN
autoland,4768071,12,69b95d09da21c937720a8d3aaca237f47b683aa9,linux1804-64-shippable-qr,True,False,,,102210fe594ee9b33d82058545b1ed14f4c8206e,browser-toolbox.connect.DAMP,damp,True,damp browser-toolbox.connect.DAMP opt e10s fission stylo webrender-sw,4767235,77,ms,firefox,,1710961397,2023-06-14 05:14:15,1959.5221165000112,b9e3497b939c3bdfee632c7297184b79cfeec9cc,1256948,,,,,,,,,,,,,,,,,,,,,,,,,,,,,,,,,,,,,,,,,,,,,,,,,,,,,,,,,,,,,TN,TN
autoland,4768071,12,69b95d09da21c937720a8d3aaca237f47b683aa9,linux1804-64-shippable-qr,True,False,,,102210fe594ee9b33d82058545b1ed14f4c8206e,browser-toolbox.connect.DAMP,damp,True,damp browser-toolbox.connect.DAMP opt e10s fission stylo webrender-sw,4767235,77,ms,firefox,,1711062796,2023-06-14 11:48:24,1990.8033245000408,c6fa16c28b26a19d81b8853153057f32cec6f2fd,1257091,,,,,,,,,,,,,,,,,,,,,,,,,,,,,,,,,,,,,,,,,,,,,,,,,,,,,,,,,,,,,TN,TN
autoland,4768071,12,69b95d09da21c937720a8d3aaca237f47b683aa9,linux1804-64-shippable-qr,True,False,,,102210fe594ee9b33d82058545b1ed14f4c8206e,browser-toolbox.connect.DAMP,damp,True,damp browser-toolbox.connect.DAMP opt e10s fission stylo webrender-sw,4767235,77,ms,firefox,,1711150513,2023-06-14 13:20:02,1991.565063999995,928a5d849e038bf4277f06519f8f7ab3c94cc7ff,1257127,,,,,,,,,,,,,,,,,,,,,,,,,,,,,,,,,,,,,,,,,,,,,,,,,,,,,,,,,,,,,TN,TN
autoland,4768071,12,69b95d09da21c937720a8d3aaca237f47b683aa9,linux1804-64-shippable-qr,True,False,,,102210fe594ee9b33d82058545b1ed14f4c8206e,browser-toolbox.connect.DAMP,damp,True,damp browser-toolbox.connect.DAMP opt e10s fission stylo webrender-sw,4767235,77,ms,firefox,,1711335530,2023-06-14 17:41:50,1968.516542999998,933dd3c3e1c8beb677df8e4d51b1e99b41599f65,1257281,,,,,,,,,,,,,,,,,,,,,,,,,,,,,,,,,,,,,,,,,,,,,,,,,,,,,,,,,,,,,TN,TN
autoland,4768071,12,69b95d09da21c937720a8d3aaca237f47b683aa9,linux1804-64-shippable-qr,True,False,,,102210fe594ee9b33d82058545b1ed14f4c8206e,browser-toolbox.connect.DAMP,damp,True,damp browser-toolbox.connect.DAMP opt e10s fission stylo webrender-sw,4767235,77,ms,firefox,,1711380726,2023-06-14 18:25:51,2007.0533520000167,d730841eed9459e5541190a9525313fb1ff98e75,1257330,,,,,,,,,,,,,,,,,,,,,,,,,,,,,,,,,,,,,,,,,,,,,,,,,,,,,,,,,,,,,TN,TN
autoland,4768071,12,69b95d09da21c937720a8d3aaca237f47b683aa9,linux1804-64-shippable-qr,True,False,,,102210fe594ee9b33d82058545b1ed14f4c8206e,browser-toolbox.connect.DAMP,damp,True,damp browser-toolbox.connect.DAMP opt e10s fission stylo webrender-sw,4767235,77,ms,firefox,,1711438316,2023-06-14 20:09:05,1959.9399279999848,ff79aa6f7ba8605e7ea59acddd521284f75136e4,1257422,,,,,,,,,,,,,,,,,,,,,,,,,,,,,,,,,,,,,,,,,,,,,,,,,,,,,,,,,,,,,TN,TN
autoland,4768071,12,69b95d09da21c937720a8d3aaca237f47b683aa9,linux1804-64-shippable-qr,True,False,,,102210fe594ee9b33d82058545b1ed14f4c8206e,browser-toolbox.connect.DAMP,damp,True,damp browser-toolbox.connect.DAMP opt e10s fission stylo webrender-sw,4767235,77,ms,firefox,,1711535338,2023-06-14 21:46:45,1960.4849594999976,4b1c6fc1fc0f3e664d546c4bf5c24f0c157bc2c5,1257512,,,,,,,,,,,,,,,,,,,,,,,,,,,,,,,,,,,,,,,,,,,,,,,,,,,,,,,,,,,,,TN,TN
autoland,4768071,12,69b95d09da21c937720a8d3aaca237f47b683aa9,linux1804-64-shippable-qr,True,False,,,102210fe594ee9b33d82058545b1ed14f4c8206e,browser-toolbox.connect.DAMP,damp,True,damp browser-toolbox.connect.DAMP opt e10s fission stylo webrender-sw,4767235,77,ms,firefox,,1711631183,2023-06-15 01:50:09,1959.5221949999905,53e8e97bbe4e0c8fc4deff56e5b8d03391c0c023,1257663,,,,,,,,,,,,,,,,,,,,,,,,,,,,,,,,,,,,,,,,,,,,,,,,,,,,,,,,,,,,,TN,TN
autoland,4768071,12,69b95d09da21c937720a8d3aaca237f47b683aa9,linux1804-64-shippable-qr,True,False,,,102210fe594ee9b33d82058545b1ed14f4c8206e,browser-toolbox.connect.DAMP,damp,True,damp browser-toolbox.connect.DAMP opt e10s fission stylo webrender-sw,4767235,77,ms,firefox,,1711653681,2023-06-15 02:43:47,1987.8267480000068,abf8f424d2d09f957d7ecd02af086a9b7adde3f8,1257688,,,,,,,,,,,,,,,,,,,,,,,,,,,,,,,,,,,,,,,,,,,,,,,,,,,,,,,,,,,,,TN,TN
autoland,4768071,12,69b95d09da21c937720a8d3aaca237f47b683aa9,linux1804-64-shippable-qr,True,False,,,102210fe594ee9b33d82058545b1ed14f4c8206e,browser-toolbox.connect.DAMP,damp,True,damp browser-toolbox.connect.DAMP opt e10s fission stylo webrender-sw,4767235,77,ms,firefox,,1711752415,2023-06-15 06:54:30,2043.5141204999964,900ba46a6df5d5b6dde0d5de391246157de49c8a,1257783,,,,,,,,,,,,,,,,,,,,,,,,,,,,,,,,,,,,,,,,,,,,,,,,,,,,,,,,,,,,,TN,TN
autoland,4768071,12,69b95d09da21c937720a8d3aaca237f47b683aa9,linux1804-64-shippable-qr,True,False,,,102210fe594ee9b33d82058545b1ed14f4c8206e,browser-toolbox.connect.DAMP,damp,True,damp browser-toolbox.connect.DAMP opt e10s fission stylo webrender-sw,4767235,77,ms,firefox,,1713081092,2023-06-15 08:29:45,1729.3849895000094,401066ea9e1fd55d147e72bc4a5cc141e7d3cd3e,1257834,,,,,,,,,,,,,,,,,,,,,,,,,,,,,,,,,,,,,,,,,,,,,,,,,,,,,,,,,,,,,TN,TN
autoland,4768071,12,69b95d09da21c937720a8d3aaca237f47b683aa9,linux1804-64-shippable-qr,True,False,,,102210fe594ee9b33d82058545b1ed14f4c8206e,browser-toolbox.connect.DAMP,damp,True,damp browser-toolbox.connect.DAMP opt e10s fission stylo webrender-sw,4767235,77,ms,firefox,,1713083620,2023-06-15 08:30:50,1946.38305449998,314d09f09c5e58d106b3d37650a95c2f529d5e47,1257836,,,,,,,,,,,,,,,,,,,,,,,,,,,,,,,,,,,,,,,,,,,,,,,,,,,,,,,,,,,,,TN,TN
autoland,4768071,12,69b95d09da21c937720a8d3aaca237f47b683aa9,linux1804-64-shippable-qr,True,False,,,102210fe594ee9b33d82058545b1ed14f4c8206e,browser-toolbox.connect.DAMP,damp,True,damp browser-toolbox.connect.DAMP opt e10s fission stylo webrender-sw,4767235,77,ms,firefox,,1713083675,2023-06-15 08:31:52,1966.455185999992,58ca5c7b686c9aa77283fdd7ae2cf21e905f21d7,1257837,,,,,,,,,,,,,,,,,,,,,,,,,,,,,,,,,,,,,,,,,,,,,,,,,,,,,,,,,,,,,TN,TN
autoland,4768071,12,69b95d09da21c937720a8d3aaca237f47b683aa9,linux1804-64-shippable-qr,True,False,,,102210fe594ee9b33d82058545b1ed14f4c8206e,browser-toolbox.connect.DAMP,damp,True,damp browser-toolbox.connect.DAMP opt e10s fission stylo webrender-sw,4767235,77,ms,firefox,,1713083569,2023-06-15 08:32:55,1946.138475500018,6b660d3dd7840217e973e778bcb419a11c7a22b4,1257839,,,,,,,,,,,,,,,,,,,,,,,,,,,,,,,,,,,,,,,,,,,,,,,,,,,,,,,,,,,,,TN,TN
autoland,4768071,12,69b95d09da21c937720a8d3aaca237f47b683aa9,linux1804-64-shippable-qr,True,False,,,102210fe594ee9b33d82058545b1ed14f4c8206e,browser-toolbox.connect.DAMP,damp,True,damp browser-toolbox.connect.DAMP opt e10s fission stylo webrender-sw,4767235,77,ms,firefox,,1713083413,2023-06-15 08:36:57,1934.944691499972,6c42ef642d0b0708e9a2fa2638b6670e90ef2b3b,1257841,,,,,,,,,,,,,,,,,,,,,,,,,,,,,,,,,,,,,,,,,,,,,,,,,,,,,,,,,,,,,TN,TN
autoland,4768071,12,69b95d09da21c937720a8d3aaca237f47b683aa9,linux1804-64-shippable-qr,True,False,,,102210fe594ee9b33d82058545b1ed14f4c8206e,browser-toolbox.connect.DAMP,damp,True,damp browser-toolbox.connect.DAMP opt e10s fission stylo webrender-sw,4767235,77,ms,firefox,,1713083734,2023-06-15 08:44:40,1982.5676620000088,698d86db485b0752be9afd7cc39439fa3599bcf1,1257849,,,,,,,,,,,,,,,,,,,,,,,,,,,,,,,,,,,,,,,,,,,,,,,,,,,,,,,,,,,,,TN,TN
autoland,4768071,12,69b95d09da21c937720a8d3aaca237f47b683aa9,linux1804-64-shippable-qr,True,False,,,102210fe594ee9b33d82058545b1ed14f4c8206e,browser-toolbox.connect.DAMP,damp,True,damp browser-toolbox.connect.DAMP opt e10s fission stylo webrender-sw,4767235,77,ms,firefox,,1713086555,2023-06-15 09:20:10,2029.779679500003,b94558d76bd2943ba1063d7fade51c4d54d0db35,1257869,,,,,,,,,,,,,,,,,,,,,,,,,,,,,,,,,,,,,,,,,,,,,,,,,,,,,,,,,,,,,TN,TN
autoland,4768071,12,69b95d09da21c937720a8d3aaca237f47b683aa9,linux1804-64-shippable-qr,True,False,,,102210fe594ee9b33d82058545b1ed14f4c8206e,browser-toolbox.connect.DAMP,damp,True,damp browser-toolbox.connect.DAMP opt e10s fission stylo webrender-sw,4767235,77,ms,firefox,,1713086344,2023-06-15 09:48:25,1972.9797010000257,3b836f1d44b08b3bad0bb27dfab5e0063169e485,1257889,,,,,,,,,,,,,,,,,,,,,,,,,,,,,,,,,,,,,,,,,,,,,,,,,,,,,,,,,,,,,TN,TN
autoland,4768071,12,69b95d09da21c937720a8d3aaca237f47b683aa9,linux1804-64-shippable-qr,True,False,,,102210fe594ee9b33d82058545b1ed14f4c8206e,browser-toolbox.connect.DAMP,damp,True,damp browser-toolbox.connect.DAMP opt e10s fission stylo webrender-sw,4767235,77,ms,firefox,,1711835475,2023-06-15 10:33:37,2005.1316225000048,86864bda9b5f7077819eb76b661bcefb89fd19fa,1257909,,,,,,,,,,,,,,,,,,,,,,,,,,,,,,,,,,,,,,,,,,,,,,,,,,,,,,,,,,,,,TN,TN
autoland,4768071,12,69b95d09da21c937720a8d3aaca237f47b683aa9,linux1804-64-shippable-qr,True,False,,,102210fe594ee9b33d82058545b1ed14f4c8206e,browser-toolbox.connect.DAMP,damp,True,damp browser-toolbox.connect.DAMP opt e10s fission stylo webrender-sw,4767235,77,ms,firefox,,1713088951,2023-06-15 13:03:11,1971.5429970000116,e1fb66fe89b02b2c2972c4f2b284cf5d02f196ea,1257982,,,,,,,,,,,,,,,,,,,,,,,,,,,,,,,,,,,,,,,,,,,,,,,,,,,,,,,,,,,,,TN,TN
autoland,4768071,12,69b95d09da21c937720a8d3aaca237f47b683aa9,linux1804-64-shippable-qr,True,False,,,102210fe594ee9b33d82058545b1ed14f4c8206e,browser-toolbox.connect.DAMP,damp,True,damp browser-toolbox.connect.DAMP opt e10s fission stylo webrender-sw,4767235,77,ms,firefox,,1713083466,2023-06-15 13:10:27,1970.7612844999967,f1fb26526a2e8e7d9539b3f975817b0578e1bc0c,1257987,,,,,,,,,,,,,,,,,,,,,,,,,,,,,,,,,,,,,,,,,,,,,,,,,,,,,,,,,,,,,TN,TN
autoland,4768071,12,69b95d09da21c937720a8d3aaca237f47b683aa9,linux1804-64-shippable-qr,True,False,,,102210fe594ee9b33d82058545b1ed14f4c8206e,browser-toolbox.connect.DAMP,damp,True,damp browser-toolbox.connect.DAMP opt e10s fission stylo webrender-sw,4767235,77,ms,firefox,,1713094285,2023-06-15 13:34:57,1994.5314235000117,a44656c2ad83d278286aa51507864e53a3911df3,1258006,,,,,,,,,,,,,,,,,,,,,,,,,,,,,,,,,,,,,,,,,,,,,,,,,,,,,,,,,,,,,TN,TN
autoland,4768071,12,69b95d09da21c937720a8d3aaca237f47b683aa9,linux1804-64-shippable-qr,True,False,,,102210fe594ee9b33d82058545b1ed14f4c8206e,browser-toolbox.connect.DAMP,damp,True,damp browser-toolbox.connect.DAMP opt e10s fission stylo webrender-sw,4767235,77,ms,firefox,,1713089977,2023-06-15 13:36:02,1956.541398500005,15a57a8cf9c1a82df222dfec76e5f167ea53107b,1258007,,,,,,,,,,,,,,,,,,,,,,,,,,,,,,,,,,,,,,,,,,,,,,,,,,,,,,,,,,,,,TN,TN
autoland,4768071,12,69b95d09da21c937720a8d3aaca237f47b683aa9,linux1804-64-shippable-qr,True,False,,,102210fe594ee9b33d82058545b1ed14f4c8206e,browser-toolbox.connect.DAMP,damp,True,damp browser-toolbox.connect.DAMP opt e10s fission stylo webrender-sw,4767235,77,ms,firefox,,1713083785,2023-06-15 13:50:46,1984.4347175000148,71a53b2520f2d70c17c0b28eb2746ab1879f0704,1258018,,,,,,,,,,,,,,,,,,,,,,,,,,,,,,,,,,,,,,,,,,,,,,,,,,,,,,,,,,,,,TN,TN
autoland,4768071,12,69b95d09da21c937720a8d3aaca237f47b683aa9,linux1804-64-shippable-qr,True,False,,,102210fe594ee9b33d82058545b1ed14f4c8206e,browser-toolbox.connect.DAMP,damp,True,damp browser-toolbox.connect.DAMP opt e10s fission stylo webrender-sw,4767235,77,ms,firefox,,1713089046,2023-06-15 14:06:21,1963.739767500003,8fa5403a47ee05e4324a8d096d42a05b8e42b8c6,1258028,,,,,,,,,,,,,,,,,,,,,,,,,,,,,,,,,,,,,,,,,,,,,,,,,,,,,,,,,,,,,TN,TN
autoland,4768071,12,69b95d09da21c937720a8d3aaca237f47b683aa9,linux1804-64-shippable-qr,True,False,,,102210fe594ee9b33d82058545b1ed14f4c8206e,browser-toolbox.connect.DAMP,damp,True,damp browser-toolbox.connect.DAMP opt e10s fission stylo webrender-sw,4767235,77,ms,firefox,,1713089652,2023-06-15 14:14:47,1953.0930735,d70485ffa51ee08043739e2db9a6a9880777d0fd,1258029,,,,,,,,,,,,,,,,,,,,,,,,,,,,,,,,,,,,,,,,,,,,,,,,,,,,,,,,,,,,,TN,TN
autoland,4768071,12,69b95d09da21c937720a8d3aaca237f47b683aa9,linux1804-64-shippable-qr,True,False,,,102210fe594ee9b33d82058545b1ed14f4c8206e,browser-toolbox.connect.DAMP,damp,True,damp browser-toolbox.connect.DAMP opt e10s fission stylo webrender-sw,4767235,77,ms,firefox,,1713083838,2023-06-15 14:15:45,1962.58061049995,ecab7f04e7d616a69e1d213ac8e660ebae99926d,1258032,,,,,,,,,,,,,,,,,,,,,,,,,,,,,,,,,,,,,,,,,,,,,,,,,,,,,,,,,,,,,TN,TN
autoland,4768071,12,69b95d09da21c937720a8d3aaca237f47b683aa9,linux1804-64-shippable-qr,True,False,,,102210fe594ee9b33d82058545b1ed14f4c8206e,browser-toolbox.connect.DAMP,damp,True,damp browser-toolbox.connect.DAMP opt e10s fission stylo webrender-sw,4767235,77,ms,firefox,,1713089304,2023-06-15 14:17:38,1975.4144985000169,214490a419fb2f60b4ea03f3bf17c3f0d5bb4d09,1258033,,,,,,,,,,,,,,,,,,,,,,,,,,,,,,,,,,,,,,,,,,,,,,,,,,,,,,,,,,,,,TN,TN
autoland,4768071,12,69b95d09da21c937720a8d3aaca237f47b683aa9,linux1804-64-shippable-qr,True,False,,,102210fe594ee9b33d82058545b1ed14f4c8206e,browser-toolbox.connect.DAMP,damp,True,damp browser-toolbox.connect.DAMP opt e10s fission stylo webrender-sw,4767235,77,ms,firefox,,1711959718,2023-06-15 14:40:40,2010.7274515000024,02d601db620c1b64867202e025ce19938938a04f,1258053,,,,,,,,,,,,,,,,,,,,,,,,,,,,,,,,,,,,,,,,,,,,,,,,,,,,,,,,,,,,,TN,TN
autoland,4768071,12,69b95d09da21c937720a8d3aaca237f47b683aa9,linux1804-64-shippable-qr,True,False,,,102210fe594ee9b33d82058545b1ed14f4c8206e,browser-toolbox.connect.DAMP,damp,True,damp browser-toolbox.connect.DAMP opt e10s fission stylo webrender-sw,4767235,77,ms,firefox,,1713089201,2023-06-15 14:41:30,1963.992533000004,a0dc8dc759b39da8d17a1e40ccfa45dafddd682a,1258055,,,,,,,,,,,,,,,,,,,,,,,,,,,,,,,,,,,,,,,,,,,,,,,,,,,,,,,,,,,,,TN,TN
autoland,4768071,12,69b95d09da21c937720a8d3aaca237f47b683aa9,linux1804-64-shippable-qr,True,False,,,102210fe594ee9b33d82058545b1ed14f4c8206e,browser-toolbox.connect.DAMP,damp,True,damp browser-toolbox.connect.DAMP opt e10s fission stylo webrender-sw,4767235,77,ms,firefox,,1711975413,2023-06-15 14:52:05,1946.885076000006,c71789b596556b921a7d6ce12b4102f252631c4b,1258066,,,,,,,,,,,,,,,,,,,,,,,,,,,,,,,,,,,,,,,,,,,,,,,,,,,,,,,,,,,,,TN,TN
autoland,4768071,12,69b95d09da21c937720a8d3aaca237f47b683aa9,linux1804-64-shippable-qr,True,False,,,102210fe594ee9b33d82058545b1ed14f4c8206e,browser-toolbox.connect.DAMP,damp,True,damp browser-toolbox.connect.DAMP opt e10s fission stylo webrender-sw,4767235,77,ms,firefox,,1713264404,2023-06-15 15:02:55,1961.2439585000247,192377746f22e1d060ce8f3f9403a151d0a49044,1258076,,,,,,,,,,,,,,,,,,,,,,,,,,,,,,,,,,,,,,,,,,,,,,,,,,,,,,,,,,,,,TN,TN
autoland,4768071,12,69b95d09da21c937720a8d3aaca237f47b683aa9,linux1804-64-shippable-qr,True,False,,,102210fe594ee9b33d82058545b1ed14f4c8206e,browser-toolbox.connect.DAMP,damp,True,damp browser-toolbox.connect.DAMP opt e10s fission stylo webrender-sw,4767235,77,ms,firefox,,1713181229,2023-06-15 15:03:50,1979.3797595000212,31b8dd660a71b313c4a02b2935babba05380da9a,1258078,,,,,,,,,,,,,,,,,,,,,,,,,,,,,,,,,,,,,,,,,,,,,,,,,,,,,,,,,,,,,TN,TN
autoland,4768071,12,69b95d09da21c937720a8d3aaca237f47b683aa9,linux1804-64-shippable-qr,True,False,,,102210fe594ee9b33d82058545b1ed14f4c8206e,browser-toolbox.connect.DAMP,damp,True,damp browser-toolbox.connect.DAMP opt e10s fission stylo webrender-sw,4767235,77,ms,firefox,,1713147229,2023-06-15 15:04:41,1973.7861944999825,fcc729658406fdb39ee043ecc43584d2f6a0389d,1258080,,,,,,,,,,,,,,,,,,,,,,,,,,,,,,,,,,,,,,,,,,,,,,,,,,,,,,,,,,,,,TN,TN
autoland,4768071,12,69b95d09da21c937720a8d3aaca237f47b683aa9,linux1804-64-shippable-qr,True,False,,,102210fe594ee9b33d82058545b1ed14f4c8206e,browser-toolbox.connect.DAMP,damp,True,damp browser-toolbox.connect.DAMP opt e10s fission stylo webrender-sw,4767235,77,ms,firefox,,1713146860,2023-06-15 15:12:55,1748.6432924999826,c882e1bf805b7149ed08a3dc0ebf5c5d2e35f114,1258088,,,,,,,,,,,,,,,,,,,,,,,,,,,,,,,,,,,,,,,,,,,,,,,,,,,,,,,,,,,,,TN,TN
autoland,4768071,12,69b95d09da21c937720a8d3aaca237f47b683aa9,linux1804-64-shippable-qr,True,False,,,102210fe594ee9b33d82058545b1ed14f4c8206e,browser-toolbox.connect.DAMP,damp,True,damp browser-toolbox.connect.DAMP opt e10s fission stylo webrender-sw,4767235,77,ms,firefox,,1713180706,2023-06-15 15:19:39,1973.02891199998,fb6b0cada3460bafaa9adb7d5389bda679d9b0fe,1258094,,,,,,,,,,,,,,,,,,,,,,,,,,,,,,,,,,,,,,,,,,,,,,,,,,,,,,,,,,,,,TN,TN
autoland,4768071,12,69b95d09da21c937720a8d3aaca237f47b683aa9,linux1804-64-shippable-qr,True,False,,,102210fe594ee9b33d82058545b1ed14f4c8206e,browser-toolbox.connect.DAMP,damp,True,damp browser-toolbox.connect.DAMP opt e10s fission stylo webrender-sw,4767235,77,ms,firefox,,1713180957,2023-06-15 15:31:21,1962.5685094999865,920e157c7853129f594f1dd35366ab6574f13abd,1258102,,,,,,,,,,,,,,,,,,,,,,,,,,,,,,,,,,,,,,,,,,,,,,,,,,,,,,,,,,,,,TN,TN
autoland,4768071,12,69b95d09da21c937720a8d3aaca237f47b683aa9,linux1804-64-shippable-qr,True,False,,,102210fe594ee9b33d82058545b1ed14f4c8206e,browser-toolbox.connect.DAMP,damp,True,damp browser-toolbox.connect.DAMP opt e10s fission stylo webrender-sw,4767235,77,ms,firefox,,1713181075,2023-06-15 15:39:47,2023.2444719999912,9bda20e8eeaa26017d980a8b27aeac4d2cc8bbd6,1258111,,,,,,,,,,,,,,,,,,,,,,,,,,,,,,,,,,,,,,,,,,,,,,,,,,,,,,,,,,,,,TN,TN
autoland,4768071,12,69b95d09da21c937720a8d3aaca237f47b683aa9,linux1804-64-shippable-qr,True,False,,,102210fe594ee9b33d82058545b1ed14f4c8206e,browser-toolbox.connect.DAMP,damp,True,damp browser-toolbox.connect.DAMP opt e10s fission stylo webrender-sw,4767235,77,ms,firefox,,1713180276,2023-06-15 15:40:39,1958.7340134999977,fbb47c712fc8b3e6ba45af2b2b97f06da1720090,1258113,,,,,,,,,,,,,,,,,,,,,,,,,,,,,,,,,,,,,,,,,,,,,,,,,,,,,,,,,,,,,TN,TN
autoland,4768071,12,69b95d09da21c937720a8d3aaca237f47b683aa9,linux1804-64-shippable-qr,True,False,,,102210fe594ee9b33d82058545b1ed14f4c8206e,browser-toolbox.connect.DAMP,damp,True,damp browser-toolbox.connect.DAMP opt e10s fission stylo webrender-sw,4767235,77,ms,firefox,,1713180797,2023-06-15 15:41:30,1967.9845365000076,bcd6ccb148e760c531954e107d078d57f2d4b080,1258115,,,,,,,,,,,,,,,,,,,,,,,,,,,,,,,,,,,,,,,,,,,,,,,,,,,,,,,,,,,,,TN,TN
autoland,4768071,12,69b95d09da21c937720a8d3aaca237f47b683aa9,linux1804-64-shippable-qr,True,False,,,102210fe594ee9b33d82058545b1ed14f4c8206e,browser-toolbox.connect.DAMP,damp,True,damp browser-toolbox.connect.DAMP opt e10s fission stylo webrender-sw,4767235,77,ms,firefox,,1713147121,2023-06-15 15:42:21,1968.9933104999875,e2c1388d63e7b6d9e905c46e05f1037995911d7c,1258116,,,,,,,,,,,,,,,,,,,,,,,,,,,,,,,,,,,,,,,,,,,,,,,,,,,,,,,,,,,,,TN,TN
autoland,4768071,12,69b95d09da21c937720a8d3aaca237f47b683aa9,linux1804-64-shippable-qr,True,False,,,102210fe594ee9b33d82058545b1ed14f4c8206e,browser-toolbox.connect.DAMP,damp,True,damp browser-toolbox.connect.DAMP opt e10s fission stylo webrender-sw,4767235,77,ms,firefox,,1713086657,2023-06-15 15:48:13,1973.68393699998,2d5289bd983bae6ecac3e9f7428bc7c5f59758c0,1258121,,,,,,,,,,,,,,,,,,,,,,,,,,,,,,,,,,,,,,,,,,,,,,,,,,,,,,,,,,,,,TN,TN
autoland,4768071,12,69b95d09da21c937720a8d3aaca237f47b683aa9,linux1804-64-shippable-qr,True,False,,,102210fe594ee9b33d82058545b1ed14f4c8206e,browser-toolbox.connect.DAMP,damp,True,damp browser-toolbox.connect.DAMP opt e10s fission stylo webrender-sw,4767235,77,ms,firefox,,1713091138,2023-06-15 16:04:48,2001.5146545000096,77411a7cae99d18b80f0f647ac92fedc6b019354,1258131,,,,,,,,,,,,,,,,,,,,,,,,,,,,,,,,,,,,,,,,,,,,,,,,,,,,,,,,,,,,,TN,TN
autoland,4768071,12,69b95d09da21c937720a8d3aaca237f47b683aa9,linux1804-64-shippable-qr,True,False,,,102210fe594ee9b33d82058545b1ed14f4c8206e,browser-toolbox.connect.DAMP,damp,True,damp browser-toolbox.connect.DAMP opt e10s fission stylo webrender-sw,4767235,77,ms,firefox,,1713090636,2023-06-15 16:05:43,2000.514064499985,208ba0efbefb610471f8b8adcfb056aed4f38435,1258133,,,,,,,,,,,,,,,,,,,,,,,,,,,,,,,,,,,,,,,,,,,,,,,,,,,,,,,,,,,,,TN,TN
autoland,4768071,12,69b95d09da21c937720a8d3aaca237f47b683aa9,linux1804-64-shippable-qr,True,False,,,102210fe594ee9b33d82058545b1ed14f4c8206e,browser-toolbox.connect.DAMP,damp,True,damp browser-toolbox.connect.DAMP opt e10s fission stylo webrender-sw,4767235,77,ms,firefox,,1713089684,2023-06-15 16:31:16,1955.102288000009,6c39860fcf06aea505ec64e630610573792de27a,1258155,,,,,,,,,,,,,,,,,,,,,,,,,,,,,,,,,,,,,,,,,,,,,,,,,,,,,,,,,,,,,TN,TN
autoland,4768071,12,69b95d09da21c937720a8d3aaca237f47b683aa9,linux1804-64-shippable-qr,True,False,,,102210fe594ee9b33d82058545b1ed14f4c8206e,browser-toolbox.connect.DAMP,damp,True,damp browser-toolbox.connect.DAMP opt e10s fission stylo webrender-sw,4767235,77,ms,firefox,,1713090390,2023-06-15 17:08:44,1999.1841780000104,e31965aaf77ac81823bb86418199c600d1f64fb3,1258183,,,,,,,,,,,,,,,,,,,,,,,,,,,,,,,,,,,,,,,,,,,,,,,,,,,,,,,,,,,,,TN,TN
autoland,4768071,12,69b95d09da21c937720a8d3aaca237f47b683aa9,linux1804-64-shippable-qr,True,False,,,102210fe594ee9b33d82058545b1ed14f4c8206e,browser-toolbox.connect.DAMP,damp,True,damp browser-toolbox.connect.DAMP opt e10s fission stylo webrender-sw,4767235,77,ms,firefox,,1713091335,2023-06-15 17:09:41,1991.566059500008,81ac1990bb44e81a2146c84d6b226408e0df0891,1258185,,,,,,,,,,,,,,,,,,,,,,,,,,,,,,,,,,,,,,,,,,,,,,,,,,,,,,,,,,,,,TN,TN
autoland,4768071,12,69b95d09da21c937720a8d3aaca237f47b683aa9,linux1804-64-shippable-qr,True,False,,,102210fe594ee9b33d82058545b1ed14f4c8206e,browser-toolbox.connect.DAMP,damp,True,damp browser-toolbox.connect.DAMP opt e10s fission stylo webrender-sw,4767235,77,ms,firefox,,1713086824,2023-06-15 17:11:43,1973.8935684999888,9c1c9f4c2dd4cac7554705af41d4e7c2c412ccc7,1258188,,,,,,,,,,,,,,,,,,,,,,,,,,,,,,,,,,,,,,,,,,,,,,,,,,,,,,,,,,,,,TN,TN
autoland,4768071,12,69b95d09da21c937720a8d3aaca237f47b683aa9,linux1804-64-shippable-qr,True,False,,,102210fe594ee9b33d82058545b1ed14f4c8206e,browser-toolbox.connect.DAMP,damp,True,damp browser-toolbox.connect.DAMP opt e10s fission stylo webrender-sw,4767235,77,ms,firefox,,1713090689,2023-06-15 17:12:51,1985.7013089999964,764a1a55a06209b9b3a1361692ffba613937c3a0,1258189,,,,,,,,,,,,,,,,,,,,,,,,,,,,,,,,,,,,,,,,,,,,,,,,,,,,,,,,,,,,,TN,TN
autoland,4768071,12,69b95d09da21c937720a8d3aaca237f47b683aa9,linux1804-64-shippable-qr,True,False,,,102210fe594ee9b33d82058545b1ed14f4c8206e,browser-toolbox.connect.DAMP,damp,True,damp browser-toolbox.connect.DAMP opt e10s fission stylo webrender-sw,4767235,77,ms,firefox,,1713091388,2023-06-15 17:22:26,1984.905386999992,53310b02f8709dc07c821e4997b890ca98c248a1,1258197,,,,,,,,,,,,,,,,,,,,,,,,,,,,,,,,,,,,,,,,,,,,,,,,,,,,,,,,,,,,,TN,TN
autoland,4768071,12,69b95d09da21c937720a8d3aaca237f47b683aa9,linux1804-64-shippable-qr,True,False,,,102210fe594ee9b33d82058545b1ed14f4c8206e,browser-toolbox.connect.DAMP,damp,True,damp browser-toolbox.connect.DAMP opt e10s fission stylo webrender-sw,4767235,77,ms,firefox,,1712093744,2023-06-15 17:49:05,2030.2939849999968,91738dd5bb441001f7837d0cae71c0be46925602,1258216,,,,,,,,,,,,,,,,,,,,,,,,,,,,,,,,,,,,,,,,,,,,,,,,,,,,,,,,,,,,,TN,TN
autoland,4768071,12,69b95d09da21c937720a8d3aaca237f47b683aa9,linux1804-64-shippable-qr,True,False,,,102210fe594ee9b33d82058545b1ed14f4c8206e,browser-toolbox.connect.DAMP,damp,True,damp browser-toolbox.connect.DAMP opt e10s fission stylo webrender-sw,4767235,77,ms,firefox,,1712199823,2023-06-15 20:51:19,1943.4575359999944,ba00fe639072b671be556332e4628092d64d31df,1258374,,,,,,,,,,,,,,,,,,,,,,,,,,,,,,,,,,,,,,,,,,,,,,,,,,,,,,,,,,,,,TN,TN
autoland,4768071,12,69b95d09da21c937720a8d3aaca237f47b683aa9,linux1804-64-shippable-qr,True,False,,,102210fe594ee9b33d82058545b1ed14f4c8206e,browser-toolbox.connect.DAMP,damp,True,damp browser-toolbox.connect.DAMP opt e10s fission stylo webrender-sw,4767235,77,ms,firefox,,1712309365,2023-06-16 01:17:42,1951.073393000028,6bc2d3f9b1aaecde92c9388f00f3d564d136d00a,1258594,,,,,,,,,,,,,,,,,,,,,,,,,,,,,,,,,,,,,,,,,,,,,,,,,,,,,,,,,,,,,TN,TN
autoland,4768071,12,69b95d09da21c937720a8d3aaca237f47b683aa9,linux1804-64-shippable-qr,True,False,,,102210fe594ee9b33d82058545b1ed14f4c8206e,browser-toolbox.connect.DAMP,damp,True,damp browser-toolbox.connect.DAMP opt e10s fission stylo webrender-sw,4767235,77,ms,firefox,,1712402562,2023-06-16 06:01:05,1946.9279824999976,6a640a4dd3245b82ce97d863bf842b0cd4089ce5,1258674,,,,,,,,,,,,,,,,,,,,,,,,,,,,,,,,,,,,,,,,,,,,,,,,,,,,,,,,,,,,,TN,TN
autoland,4768071,12,69b95d09da21c937720a8d3aaca237f47b683aa9,linux1804-64-shippable-qr,True,False,,,102210fe594ee9b33d82058545b1ed14f4c8206e,browser-toolbox.connect.DAMP,damp,True,damp browser-toolbox.connect.DAMP opt e10s fission stylo webrender-sw,4767235,77,ms,firefox,,1712470018,2023-06-16 08:20:05,1948.0859329999948,34ee66e105968b161583947185cad1fcebdc6641,1258718,,,,,,,,,,,,,,,,,,,,,,,,,,,,,,,,,,,,,,,,,,,,,,,,,,,,,,,,,,,,,TN,TN
autoland,4768071,12,69b95d09da21c937720a8d3aaca237f47b683aa9,linux1804-64-shippable-qr,True,False,,,102210fe594ee9b33d82058545b1ed14f4c8206e,browser-toolbox.connect.DAMP,damp,True,damp browser-toolbox.connect.DAMP opt e10s fission stylo webrender-sw,4767235,77,ms,firefox,,1712641320,2023-06-16 12:30:26,1992.9105094999832,439d02859a2ebe8406cb74f8d6c7b148011d1658,1258826,,,,,,,,,,,,,,,,,,,,,,,,,,,,,,,,,,,,,,,,,,,,,,,,,,,,,,,,,,,,,TN,TN
autoland,4768071,12,69b95d09da21c937720a8d3aaca237f47b683aa9,linux1804-64-shippable-qr,True,False,,,102210fe594ee9b33d82058545b1ed14f4c8206e,browser-toolbox.connect.DAMP,damp,True,damp browser-toolbox.connect.DAMP opt e10s fission stylo webrender-sw,4767235,77,ms,firefox,,1712687703,2023-06-16 14:03:27,1944.6796124999964,1d8c3788eb6fa2e81d627829a32004244d0271df,1258891,,,,,,,,,,,,,,,,,,,,,,,,,,,,,,,,,,,,,,,,,,,,,,,,,,,,,,,,,,,,,TN,TN
autoland,4768071,12,69b95d09da21c937720a8d3aaca237f47b683aa9,linux1804-64-shippable-qr,True,False,,,102210fe594ee9b33d82058545b1ed14f4c8206e,browser-toolbox.connect.DAMP,damp,True,damp browser-toolbox.connect.DAMP opt e10s fission stylo webrender-sw,4767235,77,ms,firefox,,1712829686,2023-06-16 16:55:49,1985.4717639999872,e59de52b8ebea2db606a46a888a941400375fe0f,1259018,,,,,,,,,,,,,,,,,,,,,,,,,,,,,,,,,,,,,,,,,,,,,,,,,,,,,,,,,,,,,TN,TN
autoland,4768071,12,69b95d09da21c937720a8d3aaca237f47b683aa9,linux1804-64-shippable-qr,True,False,,,102210fe594ee9b33d82058545b1ed14f4c8206e,browser-toolbox.connect.DAMP,damp,True,damp browser-toolbox.connect.DAMP opt e10s fission stylo webrender-sw,4767235,77,ms,firefox,,1712945824,2023-06-16 19:50:08,1951.2942570000012,789349491e2fe15a39f350fe470db7d696989434,1259157,,,,,,,,,,,,,,,,,,,,,,,,,,,,,,,,,,,,,,,,,,,,,,,,,,,,,,,,,,,,,TN,TN
autoland,4768071,12,69b95d09da21c937720a8d3aaca237f47b683aa9,linux1804-64-shippable-qr,True,False,,,102210fe594ee9b33d82058545b1ed14f4c8206e,browser-toolbox.connect.DAMP,damp,True,damp browser-toolbox.connect.DAMP opt e10s fission stylo webrender-sw,4767235,77,ms,firefox,,1713046995,2023-06-17 00:30:00,1964.0535315000309,901b7ccc8be5e49a1b9736555af9653d46de349e,1259314,,,,,,,,,,,,,,,,,,,,,,,,,,,,,,,,,,,,,,,,,,,,,,,,,,,,,,,,,,,,,TN,TN
autoland,4768071,12,69b95d09da21c937720a8d3aaca237f47b683aa9,linux1804-64-shippable-qr,True,False,,,102210fe594ee9b33d82058545b1ed14f4c8206e,browser-toolbox.connect.DAMP,damp,True,damp browser-toolbox.connect.DAMP opt e10s fission stylo webrender-sw,4767235,77,ms,firefox,,1713216105,2023-06-17 15:38:59,1967.3966864999968,e0262ee6a9a7a642c11266a1e9cfa4bc3fbd4b3b,1259384,,,,,,,,,,,,,,,,,,,,,,,,,,,,,,,,,,,,,,,,,,,,,,,,,,,,,,,,,,,,,TN,TN
autoland,4768071,12,69b95d09da21c937720a8d3aaca237f47b683aa9,linux1804-64-shippable-qr,True,False,,,102210fe594ee9b33d82058545b1ed14f4c8206e,browser-toolbox.connect.DAMP,damp,True,damp browser-toolbox.connect.DAMP opt e10s fission stylo webrender-sw,4767235,77,ms,firefox,,1713332099,2023-06-17 23:38:11,1938.544574,72d2cda2651d8fe01c8649f60e0620bc794a87fe,1259423,,,,,,,,,,,,,,,,,,,,,,,,,,,,,,,,,,,,,,,,,,,,,,,,,,,,,,,,,,,,,TN,TN
autoland,4768071,12,69b95d09da21c937720a8d3aaca237f47b683aa9,linux1804-64-shippable-qr,True,False,,,102210fe594ee9b33d82058545b1ed14f4c8206e,browser-toolbox.connect.DAMP,damp,True,damp browser-toolbox.connect.DAMP opt e10s fission stylo webrender-sw,4767235,77,ms,firefox,,1713471209,2023-06-18 11:39:33,1986.894124000028,1634cff61cb0e270b9660ebdc234cfcf3fed2c68,1259465,,,,,,,,,,,,,,,,,,,,,,,,,,,,,,,,,,,,,,,,,,,,,,,,,,,,,,,,,,,,,TN,TN
autoland,4768071,12,69b95d09da21c937720a8d3aaca237f47b683aa9,linux1804-64-shippable-qr,True,False,,,102210fe594ee9b33d82058545b1ed14f4c8206e,browser-toolbox.connect.DAMP,damp,True,damp browser-toolbox.connect.DAMP opt e10s fission stylo webrender-sw,4767235,77,ms,firefox,,1713699872,2023-06-19 00:32:35,2013.804892,1c059369d43547f90439b0a44cc76b54a0a3af97,1259516,,,,,,,,,,,,,,,,,,,,,,,,,,,,,,,,,,,,,,,,,,,,,,,,,,,,,,,,,,,,,TN,TN
autoland,4768071,12,69b95d09da21c937720a8d3aaca237f47b683aa9,linux1804-64-shippable-qr,True,False,,,102210fe594ee9b33d82058545b1ed14f4c8206e,browser-toolbox.connect.DAMP,damp,True,damp browser-toolbox.connect.DAMP opt e10s fission stylo webrender-sw,4767235,77,ms,firefox,,1715652252,2023-06-19 04:26:54,1975.1268570000104,64a74f5c324cada7c9dc3043ee4ea1d038b3ff11,1259531,,,,,,,,,,,,,,,,,,,,,,,,,,,,,,,,,,,,,,,,,,,,,,,,,,,,,,,,,,,,,TN,TN
autoland,4768071,12,69b95d09da21c937720a8d3aaca237f47b683aa9,linux1804-64-shippable-qr,True,False,,,102210fe594ee9b33d82058545b1ed14f4c8206e,browser-toolbox.connect.DAMP,damp,True,damp browser-toolbox.connect.DAMP opt e10s fission stylo webrender-sw,4767235,77,ms,firefox,,1713766302,2023-06-19 05:49:35,1943.796335500003,a9e342522ebdb9602671208a06e988a285d3af18,1259544,,,,,,,,,,,,,,,,,,,,,,,,,,,,,,,,,,,,,,,,,,,,,,,,,,,,,,,,,,,,,TN,TN
autoland,4768071,12,69b95d09da21c937720a8d3aaca237f47b683aa9,linux1804-64-shippable-qr,True,False,,,102210fe594ee9b33d82058545b1ed14f4c8206e,browser-toolbox.connect.DAMP,damp,True,damp browser-toolbox.connect.DAMP opt e10s fission stylo webrender-sw,4767235,77,ms,firefox,,1715652051,2023-06-19 07:00:55,2037.7635190000144,7f2f2bfb71760da911abb1e0795352c850bac426,1259557,,,,,,,,,,,,,,,,,,,,,,,,,,,,,,,,,,,,,,,,,,,,,,,,,,,,,,,,,,,,,TN,TN
autoland,4768071,12,69b95d09da21c937720a8d3aaca237f47b683aa9,linux1804-64-shippable-qr,True,False,,,102210fe594ee9b33d82058545b1ed14f4c8206e,browser-toolbox.connect.DAMP,damp,True,damp browser-toolbox.connect.DAMP opt e10s fission stylo webrender-sw,4767235,77,ms,firefox,,1715651515,2023-06-19 07:52:05,1959.368032999977,ef725e0a6e5d4de9613fc2c961b48dcb8d49dd32,1259581,,,,,,,,,,,,,,,,,,,,,,,,,,,,,,,,,,,,,,,,,,,,,,,,,,,,,,,,,,,,,TN,TN
autoland,4768071,12,69b95d09da21c937720a8d3aaca237f47b683aa9,linux1804-64-shippable-qr,True,False,,,102210fe594ee9b33d82058545b1ed14f4c8206e,browser-toolbox.connect.DAMP,damp,True,damp browser-toolbox.connect.DAMP opt e10s fission stylo webrender-sw,4767235,77,ms,firefox,,1715652682,2023-06-19 08:18:22,1967.9009615000032,09073d17c6819b180c15a1692615cc1aecc121ce,1259592,,,,,,,,,,,,,,,,,,,,,,,,,,,,,,,,,,,,,,,,,,,,,,,,,,,,,,,,,,,,,TN,TN
autoland,4768071,12,69b95d09da21c937720a8d3aaca237f47b683aa9,linux1804-64-shippable-qr,True,False,,,102210fe594ee9b33d82058545b1ed14f4c8206e,browser-toolbox.connect.DAMP,damp,True,damp browser-toolbox.connect.DAMP opt e10s fission stylo webrender-sw,4767235,77,ms,firefox,,1715651779,2023-06-19 08:27:42,1976.219451500001,7524a63fd9e815bedb91d25238d84a3ed2723d92,1259599,,,,,,,,,,,,,,,,,,,,,,,,,,,,,,,,,,,,,,,,,,,,,,,,,,,,,,,,,,,,,TN,TN
autoland,4768071,12,69b95d09da21c937720a8d3aaca237f47b683aa9,linux1804-64-shippable-qr,True,False,,,102210fe594ee9b33d82058545b1ed14f4c8206e,browser-toolbox.connect.DAMP,damp,True,damp browser-toolbox.connect.DAMP opt e10s fission stylo webrender-sw,4767235,77,ms,firefox,,1715651567,2023-06-19 09:07:21,1952.575853999966,9d0febec22e44c8ed71d569f8c03733102c47199,1259607,,,,,,,,,,,,,,,,,,,,,,,,,,,,,,,,,,,,,,,,,,,,,,,,,,,,,,,,,,,,,TN,TN
autoland,4768071,12,69b95d09da21c937720a8d3aaca237f47b683aa9,linux1804-64-shippable-qr,True,False,,,102210fe594ee9b33d82058545b1ed14f4c8206e,browser-toolbox.connect.DAMP,damp,True,damp browser-toolbox.connect.DAMP opt e10s fission stylo webrender-sw,4767235,77,ms,firefox,,1715651923,2023-06-19 09:10:20,1972.1957685000016,a97115e2be2374e480bb480120c62488e87739d5,1259610,,,,,,,,,,,,,,,,,,,,,,,,,,,,,,,,,,,,,,,,,,,,,,,,,,,,,,,,,,,,,TN,TN
autoland,4768071,12,69b95d09da21c937720a8d3aaca237f47b683aa9,linux1804-64-shippable-qr,True,False,,,102210fe594ee9b33d82058545b1ed14f4c8206e,browser-toolbox.connect.DAMP,damp,True,damp browser-toolbox.connect.DAMP opt e10s fission stylo webrender-sw,4767235,77,ms,firefox,,1715652509,2023-06-19 09:31:25,1958.189648999978,c6ba7e7602d85a24db682c500d6d9dbef68437cb,1259615,,,,,,,,,,,,,,,,,,,,,,,,,,,,,,,,,,,,,,,,,,,,,,,,,,,,,,,,,,,,,TN,TN
autoland,4768071,12,69b95d09da21c937720a8d3aaca237f47b683aa9,linux1804-64-shippable-qr,True,False,,,102210fe594ee9b33d82058545b1ed14f4c8206e,browser-toolbox.connect.DAMP,damp,True,damp browser-toolbox.connect.DAMP opt e10s fission stylo webrender-sw,4767235,77,ms,firefox,,1713837821,2023-06-19 09:32:15,1984.509594999952,0274a8c06c67e5ee1dccdb4e151ccf0ec70af43f,1259616,,,,,,,,,,,,,,,,,,,,,,,,,,,,,,,,,,,,,,,,,,,,,,,,,,,,,,,,,,,,,TN,TN
autoland,4768071,12,69b95d09da21c937720a8d3aaca237f47b683aa9,linux1804-64-shippable-qr,True,False,,,102210fe594ee9b33d82058545b1ed14f4c8206e,browser-toolbox.connect.DAMP,damp,True,damp browser-toolbox.connect.DAMP opt e10s fission stylo webrender-sw,4767235,77,ms,firefox,,1715651979,2023-06-19 12:21:35,1945.6744355000048,4cfdbab324ecef776398e73d2e7d7df276627d85,1259709,,,,,,,,,,,,,,,,,,,,,,,,,,,,,,,,,,,,,,,,,,,,,,,,,,,,,,,,,,,,,TN,TN
autoland,4768071,12,69b95d09da21c937720a8d3aaca237f47b683aa9,linux1804-64-shippable-qr,True,False,,,102210fe594ee9b33d82058545b1ed14f4c8206e,browser-toolbox.connect.DAMP,damp,True,damp browser-toolbox.connect.DAMP opt e10s fission stylo webrender-sw,4767235,77,ms,firefox,,1715653155,2023-06-19 12:29:14,1922.1659579999832,d9bcdd99921a975e7d59491a3061b03900fe175c,1259714,,,,,,,,,,,,,,,,,,,,,,,,,,,,,,,,,,,,,,,,,,,,,,,,,,,,,,,,,,,,,TN,TN
autoland,4768071,12,69b95d09da21c937720a8d3aaca237f47b683aa9,linux1804-64-shippable-qr,True,False,,,102210fe594ee9b33d82058545b1ed14f4c8206e,browser-toolbox.connect.DAMP,damp,True,damp browser-toolbox.connect.DAMP opt e10s fission stylo webrender-sw,4767235,77,ms,firefox,,1715652773,2023-06-19 12:30:04,2027.8926600000125,569ee35398db24e428d99ff22a6b9995a345395c,1259715,,,,,,,,,,,,,,,,,,,,,,,,,,,,,,,,,,,,,,,,,,,,,,,,,,,,,,,,,,,,,TN,TN
autoland,4768071,12,69b95d09da21c937720a8d3aaca237f47b683aa9,linux1804-64-shippable-qr,True,False,,,102210fe594ee9b33d82058545b1ed14f4c8206e,browser-toolbox.connect.DAMP,damp,True,damp browser-toolbox.connect.DAMP opt e10s fission stylo webrender-sw,4767235,77,ms,firefox,,1715653207,2023-06-19 12:30:52,1971.878852000009,5f1f0f5559e239e38d683a443db7f8649327d102,1259716,,,,,,,,,,,,,,,,,,,,,,,,,,,,,,,,,,,,,,,,,,,,,,,,,,,,,,,,,,,,,TN,TN
autoland,4768071,12,69b95d09da21c937720a8d3aaca237f47b683aa9,linux1804-64-shippable-qr,True,False,,,102210fe594ee9b33d82058545b1ed14f4c8206e,browser-toolbox.connect.DAMP,damp,True,damp browser-toolbox.connect.DAMP opt e10s fission stylo webrender-sw,4767235,77,ms,firefox,,1715653574,2023-06-19 12:46:32,1968.6607364999943,1f44bd42ebc26f6649ceb625e083dd37727b6611,1259727,,,,,,,,,,,,,,,,,,,,,,,,,,,,,,,,,,,,,,,,,,,,,,,,,,,,,,,,,,,,,TN,TN
autoland,4768071,12,69b95d09da21c937720a8d3aaca237f47b683aa9,linux1804-64-shippable-qr,True,False,,,102210fe594ee9b33d82058545b1ed14f4c8206e,browser-toolbox.connect.DAMP,damp,True,damp browser-toolbox.connect.DAMP opt e10s fission stylo webrender-sw,4767235,77,ms,firefox,,1713987204,2023-06-19 13:01:53,1965.7270330000172,89c8bf4e9209c0c4b1eb87efab68e96d6dbf8145,1259739,,,,,,,,,,,,,,,,,,,,,,,,,,,,,,,,,,,,,,,,,,,,,,,,,,,,,,,,,,,,,TN,TN
autoland,4768071,12,69b95d09da21c937720a8d3aaca237f47b683aa9,linux1804-64-shippable-qr,True,False,,,102210fe594ee9b33d82058545b1ed14f4c8206e,browser-toolbox.connect.DAMP,damp,True,damp browser-toolbox.connect.DAMP opt e10s fission stylo webrender-sw,4767235,77,ms,firefox,,1715652888,2023-06-19 15:02:14,1972.9597924999837,8b00e3ecb05c7b19cc9945a01725d8083612f071,1259812,,,,,,,,,,,,,,,,,,,,,,,,,,,,,,,,,,,,,,,,,,,,,,,,,,,,,,,,,,,,,TN,TN
autoland,4768071,12,69b95d09da21c937720a8d3aaca237f47b683aa9,linux1804-64-shippable-qr,True,False,,,102210fe594ee9b33d82058545b1ed14f4c8206e,browser-toolbox.connect.DAMP,damp,True,damp browser-toolbox.connect.DAMP opt e10s fission stylo webrender-sw,4767235,77,ms,firefox,,1715653363,2023-06-19 15:03:02,2002.6639060000307,d84bcf432e12c2a8385aa5fadb41f973bbb10a56,1259813,,,,,,,,,,,,,,,,,,,,,,,,,,,,,,,,,,,,,,,,,,,,,,,,,,,,,,,,,,,,,TN,TN
autoland,4768071,12,69b95d09da21c937720a8d3aaca237f47b683aa9,linux1804-64-shippable-qr,True,False,,,102210fe594ee9b33d82058545b1ed14f4c8206e,browser-toolbox.connect.DAMP,damp,True,damp browser-toolbox.connect.DAMP opt e10s fission stylo webrender-sw,4767235,77,ms,firefox,,1715653702,2023-06-19 15:03:54,1981.0195360000143,d6954fee046033204051091189999f6c520deea6,1259814,,,,,,,,,,,,,,,,,,,,,,,,,,,,,,,,,,,,,,,,,,,,,,,,,,,,,,,,,,,,,TN,TN
autoland,4768071,12,69b95d09da21c937720a8d3aaca237f47b683aa9,linux1804-64-shippable-qr,True,False,,,102210fe594ee9b33d82058545b1ed14f4c8206e,browser-toolbox.connect.DAMP,damp,True,damp browser-toolbox.connect.DAMP opt e10s fission stylo webrender-sw,4767235,77,ms,firefox,,1715653888,2023-06-19 15:37:57,1981.9084305000288,83770e500714a732d514758e51c41484608f7dce,1259823,,,,,,,,,,,,,,,,,,,,,,,,,,,,,,,,,,,,,,,,,,,,,,,,,,,,,,,,,,,,,TN,TN
autoland,4768071,12,69b95d09da21c937720a8d3aaca237f47b683aa9,linux1804-64-shippable-qr,True,False,,,102210fe594ee9b33d82058545b1ed14f4c8206e,browser-toolbox.connect.DAMP,damp,True,damp browser-toolbox.connect.DAMP opt e10s fission stylo webrender-sw,4767235,77,ms,firefox,,1715655150,2023-06-19 15:43:30,2031.928992000001,41581deb338a0f524c02f374390e58c71f6656ec,1259827,,,,,,,,,,,,,,,,,,,,,,,,,,,,,,,,,,,,,,,,,,,,,,,,,,,,,,,,,,,,,TN,TN
autoland,4768071,12,69b95d09da21c937720a8d3aaca237f47b683aa9,linux1804-64-shippable-qr,True,False,,,102210fe594ee9b33d82058545b1ed14f4c8206e,browser-toolbox.connect.DAMP,damp,True,damp browser-toolbox.connect.DAMP opt e10s fission stylo webrender-sw,4767235,77,ms,firefox,,1715654639,2023-06-19 15:44:33,1958.847554499982,b2d23872d92d11290c2c43d919562305d2173902,1259828,,,,,,,,,,,,,,,,,,,,,,,,,,,,,,,,,,,,,,,,,,,,,,,,,,,,,,,,,,,,,TN,TN
autoland,4768071,12,69b95d09da21c937720a8d3aaca237f47b683aa9,linux1804-64-shippable-qr,True,False,,,102210fe594ee9b33d82058545b1ed14f4c8206e,browser-toolbox.connect.DAMP,damp,True,damp browser-toolbox.connect.DAMP opt e10s fission stylo webrender-sw,4767235,77,ms,firefox,,1715654775,2023-06-19 15:45:32,1997.0585834999947,a7d3d1ff5e6d4107158c82919ff558a386e43b93,1259829,,,,,,,,,,,,,,,,,,,,,,,,,,,,,,,,,,,,,,,,,,,,,,,,,,,,,,,,,,,,,TN,TN
autoland,4768071,12,69b95d09da21c937720a8d3aaca237f47b683aa9,linux1804-64-shippable-qr,True,False,,,102210fe594ee9b33d82058545b1ed14f4c8206e,browser-toolbox.connect.DAMP,damp,True,damp browser-toolbox.connect.DAMP opt e10s fission stylo webrender-sw,4767235,77,ms,firefox,,1715654582,2023-06-19 15:51:53,2002.095929499992,009415898de1b16fd6b0a7bc9fe889f5b6033e9f,1259832,,,,,,,,,,,,,,,,,,,,,,,,,,,,,,,,,,,,,,,,,,,,,,,,,,,,,,,,,,,,,TN,TN
autoland,4768071,12,69b95d09da21c937720a8d3aaca237f47b683aa9,linux1804-64-shippable-qr,True,False,,,102210fe594ee9b33d82058545b1ed14f4c8206e,browser-toolbox.connect.DAMP,damp,True,damp browser-toolbox.connect.DAMP opt e10s fission stylo webrender-sw,4767235,77,ms,firefox,,1715654938,2023-06-19 16:01:29,2012.2992780000056,2e0c179db6fbc7070ab826bc771fa7c04ff51a68,1259836,,,,,,,,,,,,,,,,,,,,,,,,,,,,,,,,,,,,,,,,,,,,,,,,,,,,,,,,,,,,,TN,TN
autoland,4768071,12,69b95d09da21c937720a8d3aaca237f47b683aa9,linux1804-64-shippable-qr,True,False,,,102210fe594ee9b33d82058545b1ed14f4c8206e,browser-toolbox.connect.DAMP,damp,True,damp browser-toolbox.connect.DAMP opt e10s fission stylo webrender-sw,4767235,77,ms,firefox,,1714067750,2023-06-19 16:21:16,1986.974232499968,9ecde3181716f5d8ad265d976575224cc04b2887,1259851,,,,,,,,,,,,,,,,,,,,,,,,,,,,,,,,,,,,,,,,,,,,,,,,,,,,,,,,,,,,,TN,TN
autoland,4768071,12,69b95d09da21c937720a8d3aaca237f47b683aa9,linux1804-64-shippable-qr,True,False,,,102210fe594ee9b33d82058545b1ed14f4c8206e,browser-toolbox.connect.DAMP,damp,True,damp browser-toolbox.connect.DAMP opt e10s fission stylo webrender-sw,4767235,77,ms,firefox,,1715652562,2023-06-19 17:46:12,2046.0239254999976,b040fff76ed7ecee270c125c9c3229c5e9ee1ff0,1259890,,,,,,,,,,,,,,,,,,,,,,,,,,,,,,,,,,,,,,,,,,,,,,,,,,,,,,,,,,,,,TN,TN
autoland,4768071,12,69b95d09da21c937720a8d3aaca237f47b683aa9,linux1804-64-shippable-qr,True,False,,,102210fe594ee9b33d82058545b1ed14f4c8206e,browser-toolbox.connect.DAMP,damp,True,damp browser-toolbox.connect.DAMP opt e10s fission stylo webrender-sw,4767235,77,ms,firefox,,1715652242,2023-06-19 18:01:00,1967.8272369999977,f9f8e7cfe057c0d11fd0795b1b8da2400880840c,1259896,,,,,,,,,,,,,,,,,,,,,,,,,,,,,,,,,,,,,,,,,,,,,,,,,,,,,,,,,,,,,TN,TN
autoland,4768071,12,69b95d09da21c937720a8d3aaca237f47b683aa9,linux1804-64-shippable-qr,True,False,,,102210fe594ee9b33d82058545b1ed14f4c8206e,browser-toolbox.connect.DAMP,damp,True,damp browser-toolbox.connect.DAMP opt e10s fission stylo webrender-sw,4767235,77,ms,firefox,,1715653627,2023-06-19 18:26:12,1961.0997205000167,c8f1d9f2dbf28345000613f309fdf7de281beb74,1259906,,,,,,,,,,,,,,,,,,,,,,,,,,,,,,,,,,,,,,,,,,,,,,,,,,,,,,,,,,,,,TN,TN
autoland,4768071,12,69b95d09da21c937720a8d3aaca237f47b683aa9,linux1804-64-shippable-qr,True,False,,,102210fe594ee9b33d82058545b1ed14f4c8206e,browser-toolbox.connect.DAMP,damp,True,damp browser-toolbox.connect.DAMP opt e10s fission stylo webrender-sw,4767235,77,ms,firefox,,1715653522,2023-06-19 18:37:51,1969.2301309999891,5f266371028f0ed5fe633f259a012880a2a6df89,1259913,,,,,,,,,,,,,,,,,,,,,,,,,,,,,,,,,,,,,,,,,,,,,,,,,,,,,,,,,,,,,TN,TN
autoland,4768071,12,69b95d09da21c937720a8d3aaca237f47b683aa9,linux1804-64-shippable-qr,True,False,,,102210fe594ee9b33d82058545b1ed14f4c8206e,browser-toolbox.connect.DAMP,damp,True,damp browser-toolbox.connect.DAMP opt e10s fission stylo webrender-sw,4767235,77,ms,firefox,,1715653281,2023-06-19 18:48:22,1950.0450544999912,03a00f2c2bc451f4edbf350398a03d2342d68101,1259919,,,,,,,,,,,,,,,,,,,,,,,,,,,,,,,,,,,,,,,,,,,,,,,,,,,,,,,,,,,,,TN,TN
autoland,4768071,12,69b95d09da21c937720a8d3aaca237f47b683aa9,linux1804-64-shippable-qr,True,False,,,102210fe594ee9b33d82058545b1ed14f4c8206e,browser-toolbox.connect.DAMP,damp,True,damp browser-toolbox.connect.DAMP opt e10s fission stylo webrender-sw,4767235,77,ms,firefox,,1715653072,2023-06-19 18:59:52,1974.2482114999875,d248322e9501e005fe38de9e614a734fba6a4e86,1259927,,,,,,,,,,,,,,,,,,,,,,,,,,,,,,,,,,,,,,,,,,,,,,,,,,,,,,,,,,,,,TN,TN
autoland,4768071,12,69b95d09da21c937720a8d3aaca237f47b683aa9,linux1804-64-shippable-qr,True,False,,,102210fe594ee9b33d82058545b1ed14f4c8206e,browser-toolbox.connect.DAMP,damp,True,damp browser-toolbox.connect.DAMP opt e10s fission stylo webrender-sw,4767235,77,ms,firefox,,1714124489,2023-06-19 19:03:14,1952.9668920000256,e06365982ef6b00590cb160ebe9f4978558d1052,1259928,,,,,,,,,,,,,,,,,,,,,,,,,,,,,,,,,,,,,,,,,,,,,,,,,,,,,,,,,,,,,TN,TN
autoland,4768071,12,69b95d09da21c937720a8d3aaca237f47b683aa9,linux1804-64-shippable-qr,True,False,,,102210fe594ee9b33d82058545b1ed14f4c8206e,browser-toolbox.connect.DAMP,damp,True,damp browser-toolbox.connect.DAMP opt e10s fission stylo webrender-sw,4767235,77,ms,firefox,,1714212331,2023-06-19 23:03:46,1978.327356499984,edef1940a6bd4d95b235e43b1cada493f561f78a,1260042,,,,,,,,,,,,,,,,,,,,,,,,,,,,,,,,,,,,,,,,,,,,,,,,,,,,,,,,,,,,,TN,TN
autoland,4768071,12,69b95d09da21c937720a8d3aaca237f47b683aa9,linux1804-64-shippable-qr,True,False,,,102210fe594ee9b33d82058545b1ed14f4c8206e,browser-toolbox.connect.DAMP,damp,True,damp browser-toolbox.connect.DAMP opt e10s fission stylo webrender-sw,4767235,77,ms,firefox,,1714388634,2023-06-20 04:00:20,1977.3020495000087,a4b679a79f2fa00877013dfcc1a886078d728328,1260102,,,,,,,,,,,,,,,,,,,,,,,,,,,,,,,,,,,,,,,,,,,,,,,,,,,,,,,,,,,,,TN,TN
autoland,4768071,12,69b95d09da21c937720a8d3aaca237f47b683aa9,linux1804-64-shippable-qr,True,False,,,102210fe594ee9b33d82058545b1ed14f4c8206e,browser-toolbox.connect.DAMP,damp,True,damp browser-toolbox.connect.DAMP opt e10s fission stylo webrender-sw,4767235,77,ms,firefox,,1714551166,2023-06-20 05:17:25,1955.5881384999807,ce5a84713c8b968709940f18f143d251da4fcb83,1260124,,,,,,,,,,,,,,,,,,,,,,,,,,,,,,,,,,,,,,,,,,,,,,,,,,,,,,,,,,,,,TN,TN
autoland,4768071,12,69b95d09da21c937720a8d3aaca237f47b683aa9,linux1804-64-shippable-qr,True,False,,,102210fe594ee9b33d82058545b1ed14f4c8206e,browser-toolbox.connect.DAMP,damp,True,damp browser-toolbox.connect.DAMP opt e10s fission stylo webrender-sw,4767235,77,ms,firefox,,1714611504,2023-06-20 09:18:46,1966.706383000012,caf02cdd31992e89c9bd81c5ec4d391070651f3a,1260213,,,,,,,,,,,,,,,,,,,,,,,,,,,,,,,,,,,,,,,,,,,,,,,,,,,,,,,,,,,,,TN,TN
autoland,4768071,12,69b95d09da21c937720a8d3aaca237f47b683aa9,linux1804-64-shippable-qr,True,False,,,102210fe594ee9b33d82058545b1ed14f4c8206e,browser-toolbox.connect.DAMP,damp,True,damp browser-toolbox.connect.DAMP opt e10s fission stylo webrender-sw,4767235,77,ms,firefox,,1714721887,2023-06-20 12:29:52,1987.6715624999924,5ade2b37847325019878bde832493c342759d7eb,1260284,,,,,,,,,,,,,,,,,,,,,,,,,,,,,,,,,,,,,,,,,,,,,,,,,,,,,,,,,,,,,TN,TN
autoland,4768071,12,69b95d09da21c937720a8d3aaca237f47b683aa9,linux1804-64-shippable-qr,True,False,,,102210fe594ee9b33d82058545b1ed14f4c8206e,browser-toolbox.connect.DAMP,damp,True,damp browser-toolbox.connect.DAMP opt e10s fission stylo webrender-sw,4767235,77,ms,firefox,,1714882824,2023-06-20 16:34:00,1978.911807999997,1877c1e6db6f8a23c52ab9238c7f62d0b696f0ce,1260512,,,,,,,,,,,,,,,,,,,,,,,,,,,,,,,,,,,,,,,,,,,,,,,,,,,,,,,,,,,,,TN,TN
autoland,4768071,12,69b95d09da21c937720a8d3aaca237f47b683aa9,linux1804-64-shippable-qr,True,False,,,102210fe594ee9b33d82058545b1ed14f4c8206e,browser-toolbox.connect.DAMP,damp,True,damp browser-toolbox.connect.DAMP opt e10s fission stylo webrender-sw,4767235,77,ms,firefox,,1715006988,2023-06-20 16:35:53,2022.137970000011,2ad5c2418b372960126440af5aa568104de3bfb8,1260515,,,,,,,,,,,,,,,,,,,,,,,,,,,,,,,,,,,,,,,,,,,,,,,,,,,,,,,,,,,,,TN,TN
autoland,4768071,12,69b95d09da21c937720a8d3aaca237f47b683aa9,linux1804-64-shippable-qr,True,False,,,102210fe594ee9b33d82058545b1ed14f4c8206e,browser-toolbox.connect.DAMP,damp,True,damp browser-toolbox.connect.DAMP opt e10s fission stylo webrender-sw,4767235,77,ms,firefox,,1715258673,2023-06-21 00:51:29,1979.782812500016,143aa1574b8d50e4d2ddd1a2826b25a8418f13c1,1260862,,,,,,,,,,,,,,,,,,,,,,,,,,,,,,,,,,,,,,,,,,,,,,,,,,,,,,,,,,,,,TN,TN
autoland,4768071,12,69b95d09da21c937720a8d3aaca237f47b683aa9,linux1804-64-shippable-qr,True,False,,,102210fe594ee9b33d82058545b1ed14f4c8206e,browser-toolbox.connect.DAMP,damp,True,damp browser-toolbox.connect.DAMP opt e10s fission stylo webrender-sw,4767235,77,ms,firefox,,1715308030,2023-06-21 02:28:11,1956.059057500024,7bdf45ed2f6b565e69fdbc44285af78de3271a4e,1260905,,,,,,,,,,,,,,,,,,,,,,,,,,,,,,,,,,,,,,,,,,,,,,,,,,,,,,,,,,,,,TN,TN
autoland,4768071,12,69b95d09da21c937720a8d3aaca237f47b683aa9,linux1804-64-shippable-qr,True,False,,,102210fe594ee9b33d82058545b1ed14f4c8206e,browser-toolbox.connect.DAMP,damp,True,damp browser-toolbox.connect.DAMP opt e10s fission stylo webrender-sw,4767235,77,ms,firefox,,1716643959,2023-06-21 02:30:21,1971.5630535000016,547eef7056680d2890b0b128ec82657735171ce0,1260908,,,,,,,,,,,,,,,,,,,,,,,,,,,,,,,,,,,,,,,,,,,,,,,,,,,,,,,,,,,,,TN,TN
autoland,4768071,12,69b95d09da21c937720a8d3aaca237f47b683aa9,linux1804-64-shippable-qr,True,False,,,102210fe594ee9b33d82058545b1ed14f4c8206e,browser-toolbox.connect.DAMP,damp,True,damp browser-toolbox.connect.DAMP opt e10s fission stylo webrender-sw,4767235,77,ms,firefox,,1716644277,2023-06-21 02:57:31,1948.5685370000135,e9da5aeb62e1cf86e5e52726391d8db0c532019d,1260910,,,,,,,,,,,,,,,,,,,,,,,,,,,,,,,,,,,,,,,,,,,,,,,,,,,,,,,,,,,,,TN,TN
autoland,4768071,12,69b95d09da21c937720a8d3aaca237f47b683aa9,linux1804-64-shippable-qr,True,False,,,102210fe594ee9b33d82058545b1ed14f4c8206e,browser-toolbox.connect.DAMP,damp,True,damp browser-toolbox.connect.DAMP opt e10s fission stylo webrender-sw,4767235,77,ms,firefox,,1716680426,2023-06-21 03:18:42,1965.691013500007,e975cb149fac5a27eb937d5318623f85fc3279ba,1260916,,,,,,,,,,,,,,,,,,,,,,,,,,,,,,,,,,,,,,,,,,,,,,,,,,,,,,,,,,,,,TN,TN
autoland,4768071,12,69b95d09da21c937720a8d3aaca237f47b683aa9,linux1804-64-shippable-qr,True,False,,,102210fe594ee9b33d82058545b1ed14f4c8206e,browser-toolbox.connect.DAMP,damp,True,damp browser-toolbox.connect.DAMP opt e10s fission stylo webrender-sw,4767235,77,ms,firefox,,1716681450,2023-06-21 03:55:42,1953.4143814999989,635bd3e302b204a2754afd3ec24ae237189ddcc7,1260919,,,,,,,,,,,,,,,,,,,,,,,,,,,,,,,,,,,,,,,,,,,,,,,,,,,,,,,,,,,,,TN,TN
autoland,4768071,12,69b95d09da21c937720a8d3aaca237f47b683aa9,linux1804-64-shippable-qr,True,False,,,102210fe594ee9b33d82058545b1ed14f4c8206e,browser-toolbox.connect.DAMP,damp,True,damp browser-toolbox.connect.DAMP opt e10s fission stylo webrender-sw,4767235,77,ms,firefox,,1716680192,2023-06-21 04:03:03,1942.3865509999669,097ec90cb4844c7f8414d1535dc19b74c9555ddb,1260923,,,,,,,,,,,,,,,,,,,,,,,,,,,,,,,,,,,,,,,,,,,,,,,,,,,,,,,,,,,,,TN,TN
autoland,4768071,12,69b95d09da21c937720a8d3aaca237f47b683aa9,linux1804-64-shippable-qr,True,False,,,102210fe594ee9b33d82058545b1ed14f4c8206e,browser-toolbox.connect.DAMP,damp,True,damp browser-toolbox.connect.DAMP opt e10s fission stylo webrender-sw,4767235,77,ms,firefox,,1716644333,2023-06-21 04:44:00,1954.93849700001,5f4b944fb41ace9f9218331ea87ab5a9c44affc6,1260928,,,,,,,,,,,,,,,,,,,,,,,,,,,,,,,,,,,,,,,,,,,,,,,,,,,,,,,,,,,,,TN,TN
autoland,4768071,12,69b95d09da21c937720a8d3aaca237f47b683aa9,linux1804-64-shippable-qr,True,False,,,102210fe594ee9b33d82058545b1ed14f4c8206e,browser-toolbox.connect.DAMP,damp,True,damp browser-toolbox.connect.DAMP opt e10s fission stylo webrender-sw,4767235,77,ms,firefox,,1716644393,2023-06-21 05:20:27,1957.801055000018,9aab3ffdbe8f52ec2804407b13e8bc1e066aa76c,1260937,,,,,,,,,,,,,,,,,,,,,,,,,,,,,,,,,,,,,,,,,,,,,,,,,,,,,,,,,,,,,TN,TN
autoland,4768071,12,69b95d09da21c937720a8d3aaca237f47b683aa9,linux1804-64-shippable-qr,True,False,,,102210fe594ee9b33d82058545b1ed14f4c8206e,browser-toolbox.connect.DAMP,damp,True,damp browser-toolbox.connect.DAMP opt e10s fission stylo webrender-sw,4767235,77,ms,firefox,,1716679699,2023-06-21 05:48:54,1994.190766499989,a46912c4b3346354f06b8ae512d4f4acb052e156,1260949,,,,,,,,,,,,,,,,,,,,,,,,,,,,,,,,,,,,,,,,,,,,,,,,,,,,,,,,,,,,,TN,TN
autoland,4768071,12,69b95d09da21c937720a8d3aaca237f47b683aa9,linux1804-64-shippable-qr,True,False,,,102210fe594ee9b33d82058545b1ed14f4c8206e,browser-toolbox.connect.DAMP,damp,True,damp browser-toolbox.connect.DAMP opt e10s fission stylo webrender-sw,4767235,77,ms,firefox,,1716644525,2023-06-21 06:04:22,1957.3196014999849,0394e1ebde86f8289a5cc190c49543b75eff4272,1260953,,,,,,,,,,,,,,,,,,,,,,,,,,,,,,,,,,,,,,,,,,,,,,,,,,,,,,,,,,,,,TN,TN
autoland,4768071,12,69b95d09da21c937720a8d3aaca237f47b683aa9,linux1804-64-shippable-qr,True,False,,,102210fe594ee9b33d82058545b1ed14f4c8206e,browser-toolbox.connect.DAMP,damp,True,damp browser-toolbox.connect.DAMP opt e10s fission stylo webrender-sw,4767235,77,ms,firefox,,1715415522,2023-06-21 06:55:17,1994.2314824999776,8a382f0bd3211346516d54c647d157320335a806,1260969,,,,,,,,,,,,,,,,,,,,,,,,,,,,,,,,,,,,,,,,,,,,,,,,,,,,,,,,,,,,,TN,TN
autoland,4768071,12,69b95d09da21c937720a8d3aaca237f47b683aa9,linux1804-64-shippable-qr,True,False,,,102210fe594ee9b33d82058545b1ed14f4c8206e,browser-toolbox.connect.DAMP,damp,True,damp browser-toolbox.connect.DAMP opt e10s fission stylo webrender-sw,4767235,77,ms,firefox,,1716682046,2023-06-21 06:58:14,1958.9542005000112,3a2d8da23d13f992206e474e947a8e6405dcf7dd,1260971,,,,,,,,,,,,,,,,,,,,,,,,,,,,,,,,,,,,,,,,,,,,,,,,,,,,,,,,,,,,,TN,TN
autoland,4768071,12,69b95d09da21c937720a8d3aaca237f47b683aa9,linux1804-64-shippable-qr,True,False,,,102210fe594ee9b33d82058545b1ed14f4c8206e,browser-toolbox.connect.DAMP,damp,True,damp browser-toolbox.connect.DAMP opt e10s fission stylo webrender-sw,4767235,77,ms,firefox,,1716656704,2023-06-21 07:06:42,1988.9765714999808,dedf1536e842cf528af6c5746d4f6068241328ad,1260976,,,,,,,,,,,,,,,,,,,,,,,,,,,,,,,,,,,,,,,,,,,,,,,,,,,,,,,,,,,,,TN,TN
autoland,4768071,12,69b95d09da21c937720a8d3aaca237f47b683aa9,linux1804-64-shippable-qr,True,False,,,102210fe594ee9b33d82058545b1ed14f4c8206e,browser-toolbox.connect.DAMP,damp,True,damp browser-toolbox.connect.DAMP opt e10s fission stylo webrender-sw,4767235,77,ms,firefox,,1716662695,2023-06-21 07:10:44,1952.7558525000056,2d7083c6241d1088731d98b9728357d9c8ebe9b0,1260977,,,,,,,,,,,,,,,,,,,,,,,,,,,,,,,,,,,,,,,,,,,,,,,,,,,,,,,,,,,,,TN,TN
autoland,4768071,12,69b95d09da21c937720a8d3aaca237f47b683aa9,linux1804-64-shippable-qr,True,False,,,102210fe594ee9b33d82058545b1ed14f4c8206e,browser-toolbox.connect.DAMP,damp,True,damp browser-toolbox.connect.DAMP opt e10s fission stylo webrender-sw,4767235,77,ms,firefox,,1716682393,2023-06-21 07:13:55,1958.3234855000048,a69c0deca1907a5aa0ab4ac99f1af814bca47523,1260978,,,,,,,,,,,,,,,,,,,,,,,,,,,,,,,,,,,,,,,,,,,,,,,,,,,,,,,,,,,,,TN,TN
autoland,4768071,12,69b95d09da21c937720a8d3aaca237f47b683aa9,linux1804-64-shippable-qr,True,False,,,102210fe594ee9b33d82058545b1ed14f4c8206e,browser-toolbox.connect.DAMP,damp,True,damp browser-toolbox.connect.DAMP opt e10s fission stylo webrender-sw,4767235,77,ms,firefox,,1716683093,2023-06-21 07:17:27,1950.9365010000183,bb3c35dfb321af4d7e67e08c22df53c3c6ff0609,1260980,,,,,,,,,,,,,,,,,,,,,,,,,,,,,,,,,,,,,,,,,,,,,,,,,,,,,,,,,,,,,TN,TN
autoland,4768071,12,69b95d09da21c937720a8d3aaca237f47b683aa9,linux1804-64-shippable-qr,True,False,,,102210fe594ee9b33d82058545b1ed14f4c8206e,browser-toolbox.connect.DAMP,damp,True,damp browser-toolbox.connect.DAMP opt e10s fission stylo webrender-sw,4767235,77,ms,firefox,,1716657133,2023-06-21 07:18:33,1950.0459529999932,782b982f3a81e011e992b2a40b23d21f83027946,1260982,,,,,,,,,,,,,,,,,,,,,,,,,,,,,,,,,,,,,,,,,,,,,,,,,,,,,,,,,,,,,TN,TN
autoland,4768071,12,69b95d09da21c937720a8d3aaca237f47b683aa9,linux1804-64-shippable-qr,True,False,,,102210fe594ee9b33d82058545b1ed14f4c8206e,browser-toolbox.connect.DAMP,damp,True,damp browser-toolbox.connect.DAMP opt e10s fission stylo webrender-sw,4767235,77,ms,firefox,,1716682260,2023-06-21 07:19:23,1981.631530500017,fb9464de6de987e4d63f28df3cd609c668e987bd,1260983,,,,,,,,,,,,,,,,,,,,,,,,,,,,,,,,,,,,,,,,,,,,,,,,,,,,,,,,,,,,,TN,TN
autoland,4768071,12,69b95d09da21c937720a8d3aaca237f47b683aa9,linux1804-64-shippable-qr,True,False,,,102210fe594ee9b33d82058545b1ed14f4c8206e,browser-toolbox.connect.DAMP,damp,True,damp browser-toolbox.connect.DAMP opt e10s fission stylo webrender-sw,4767235,77,ms,firefox,,1716682334,2023-06-21 07:21:49,1951.9018774999856,22c38e18f9e88ca912a22de5fe1b578e9f77959a,1260985,,,,,,,,,,,,,,,,,,,,,,,,,,,,,,,,,,,,,,,,,,,,,,,,,,,,,,,,,,,,,TN,TN
autoland,4768071,12,69b95d09da21c937720a8d3aaca237f47b683aa9,linux1804-64-shippable-qr,True,False,,,102210fe594ee9b33d82058545b1ed14f4c8206e,browser-toolbox.connect.DAMP,damp,True,damp browser-toolbox.connect.DAMP opt e10s fission stylo webrender-sw,4767235,77,ms,firefox,,1715443106,2023-06-21 07:34:24,1997.5392974999995,4c90403735bebf09d72af91e99745cfcbbae2a35,1260998,,,,,,,,,,,,,,,,,,,,,,,,,,,,,,,,,,,,,,,,,,,,,,,,,,,,,,,,,,,,,TN,TN
autoland,4768071,12,69b95d09da21c937720a8d3aaca237f47b683aa9,linux1804-64-shippable-qr,True,False,,,102210fe594ee9b33d82058545b1ed14f4c8206e,browser-toolbox.connect.DAMP,damp,True,damp browser-toolbox.connect.DAMP opt e10s fission stylo webrender-sw,4767235,77,ms,firefox,,1716680510,2023-06-21 09:48:38,1980.8498024999933,20ddf56bef8aad155f52ba245320dacf0107aadf,1261092,,,,,,,,,,,,,,,,,,,,,,,,,,,,,,,,,,,,,,,,,,,,,,,,,,,,,,,,,,,,,TN,TN
autoland,4768071,12,69b95d09da21c937720a8d3aaca237f47b683aa9,linux1804-64-shippable-qr,True,False,,,102210fe594ee9b33d82058545b1ed14f4c8206e,browser-toolbox.connect.DAMP,damp,True,damp browser-toolbox.connect.DAMP opt e10s fission stylo webrender-sw,4767235,77,ms,firefox,,1716680894,2023-06-21 09:55:35,1976.5898495000076,3dabb9290349e7a9ea00dc24a9f9a8d9645dcf1d,1261099,,,,,,,,,,,,,,,,,,,,,,,,,,,,,,,,,,,,,,,,,,,,,,,,,,,,,,,,,,,,,TN,TN
autoland,4768071,12,69b95d09da21c937720a8d3aaca237f47b683aa9,linux1804-64-shippable-qr,True,False,,,102210fe594ee9b33d82058545b1ed14f4c8206e,browser-toolbox.connect.DAMP,damp,True,damp browser-toolbox.connect.DAMP opt e10s fission stylo webrender-sw,4767235,77,ms,firefox,,1716680283,2023-06-21 10:29:51,2009.929917500005,8eb871cb02a1c8594fb604376e40b27cebd7b8bd,1261123,,,,,,,,,,,,,,,,,,,,,,,,,,,,,,,,,,,,,,,,,,,,,,,,,,,,,,,,,,,,,TN,TN
autoland,4768071,12,69b95d09da21c937720a8d3aaca237f47b683aa9,linux1804-64-shippable-qr,True,False,,,102210fe594ee9b33d82058545b1ed14f4c8206e,browser-toolbox.connect.DAMP,damp,True,damp browser-toolbox.connect.DAMP opt e10s fission stylo webrender-sw,4767235,77,ms,firefox,,1716681804,2023-06-21 10:30:39,1989.250125999999,6e760185c049c9b07756b413ce702e3b70af0efc,1261124,,,,,,,,,,,,,,,,,,,,,,,,,,,,,,,,,,,,,,,,,,,,,,,,,,,,,,,,,,,,,TN,TN
autoland,4768071,12,69b95d09da21c937720a8d3aaca237f47b683aa9,linux1804-64-shippable-qr,True,False,,,102210fe594ee9b33d82058545b1ed14f4c8206e,browser-toolbox.connect.DAMP,damp,True,damp browser-toolbox.connect.DAMP opt e10s fission stylo webrender-sw,4767235,77,ms,firefox,,1716680356,2023-06-21 11:18:49,1956.4113885000045,d30811fca62a1e6095cd3a74600d0ec8bf749ed0,1261155,,,,,,,,,,,,,,,,,,,,,,,,,,,,,,,,,,,,,,,,,,,,,,,,,,,,,,,,,,,,,TN,TN
autoland,4768071,12,69b95d09da21c937720a8d3aaca237f47b683aa9,linux1804-64-shippable-qr,True,False,,,102210fe594ee9b33d82058545b1ed14f4c8206e,browser-toolbox.connect.DAMP,damp,True,damp browser-toolbox.connect.DAMP opt e10s fission stylo webrender-sw,4767235,77,ms,firefox,,1715625204,2023-06-21 12:20:35,1962.181958499976,14edc9bcbe5615f748cdb086881c6b983aedf04d,1261182,,,,,,,,,,,,,,,,,,,,,,,,,,,,,,,,,,,,,,,,,,,,,,,,,,,,,,,,,,,,,TN,TN
autoland,4768071,12,69b95d09da21c937720a8d3aaca237f47b683aa9,linux1804-64-shippable-qr,True,False,,,102210fe594ee9b33d82058545b1ed14f4c8206e,browser-toolbox.connect.DAMP,damp,True,damp browser-toolbox.connect.DAMP opt e10s fission stylo webrender-sw,4767235,77,ms,firefox,,1716684158,2023-06-21 12:28:53,1979.4641469999988,33d2377b255dbfbe7ca7d86e2211b6336f44bff4,1261192,,,,,,,,,,,,,,,,,,,,,,,,,,,,,,,,,,,,,,,,,,,,,,,,,,,,,,,,,,,,,TN,TN
autoland,4768071,12,69b95d09da21c937720a8d3aaca237f47b683aa9,linux1804-64-shippable-qr,True,False,,,102210fe594ee9b33d82058545b1ed14f4c8206e,browser-toolbox.connect.DAMP,damp,True,damp browser-toolbox.connect.DAMP opt e10s fission stylo webrender-sw,4767235,77,ms,firefox,,1715639894,2023-06-21 12:59:17,1958.582263000033,b94f3d418f54f964368486a65cd5d15e828867db,1261207,,,,,,,,,,,,,,,,,,,,,,,,,,,,,,,,,,,,,,,,,,,,,,,,,,,,,,,,,,,,,TN,TN
autoland,4768071,12,69b95d09da21c937720a8d3aaca237f47b683aa9,linux1804-64-shippable-qr,True,False,,,102210fe594ee9b33d82058545b1ed14f4c8206e,browser-toolbox.connect.DAMP,damp,True,damp browser-toolbox.connect.DAMP opt e10s fission stylo webrender-sw,4767235,77,ms,firefox,,1715729348,2023-06-21 16:33:07,1981.9994775000375,702dc0aa87a8c3e4929277c1dc8220a7dd72418f,1261278,,,,,,,,,,,,,,,,,,,,,,,,,,,,,,,,,,,,,,,,,,,,,,,,,,,,,,,,,,,,,TN,TN
autoland,4768071,12,69b95d09da21c937720a8d3aaca237f47b683aa9,linux1804-64-shippable-qr,True,False,,,102210fe594ee9b33d82058545b1ed14f4c8206e,browser-toolbox.connect.DAMP,damp,True,damp browser-toolbox.connect.DAMP opt e10s fission stylo webrender-sw,4767235,77,ms,firefox,,1715945057,2023-06-21 20:43:57,1959.7699765000143,78880280c2765ec0520ece3184fc8fdbac5b5356,1261541,,,,,,,,,,,,,,,,,,,,,,,,,,,,,,,,,,,,,,,,,,,,,,,,,,,,,,,,,,,,,TN,TN
autoland,4768071,12,69b95d09da21c937720a8d3aaca237f47b683aa9,linux1804-64-shippable-qr,True,False,,,102210fe594ee9b33d82058545b1ed14f4c8206e,browser-toolbox.connect.DAMP,damp,True,damp browser-toolbox.connect.DAMP opt e10s fission stylo webrender-sw,4767235,77,ms,firefox,,1716021590,2023-06-22 00:43:42,1992.6272014999995,109834499ca10a69681c6868a23ec828dcf160cf,1261782,,,,,,,,,,,,,,,,,,,,,,,,,,,,,,,,,,,,,,,,,,,,,,,,,,,,,,,,,,,,,TN,TN
autoland,4768071,12,69b95d09da21c937720a8d3aaca237f47b683aa9,linux1804-64-shippable-qr,True,False,,,102210fe594ee9b33d82058545b1ed14f4c8206e,browser-toolbox.connect.DAMP,damp,True,damp browser-toolbox.connect.DAMP opt e10s fission stylo webrender-sw,4767235,77,ms,firefox,,1716078221,2023-06-22 05:48:27,1976.2264625000096,57884604206ce9bb39718006eac660e6e32e5044,1261863,,,,,,,,,,,,,,,,,,,,,,,,,,,,,,,,,,,,,,,,,,,,,,,,,,,,,,,,,,,,,TN,TN
autoland,4768071,12,69b95d09da21c937720a8d3aaca237f47b683aa9,linux1804-64-shippable-qr,True,False,,,102210fe594ee9b33d82058545b1ed14f4c8206e,browser-toolbox.connect.DAMP,damp,True,damp browser-toolbox.connect.DAMP opt e10s fission stylo webrender-sw,4767235,77,ms,firefox,,1716115615,2023-06-22 07:29:35,1948.8666905000136,45769d7ff3c64d7abfcfedd8f05bb7dcb442270c,1261886,,,,,,,,,,,,,,,,,,,,,,,,,,,,,,,,,,,,,,,,,,,,,,,,,,,,,,,,,,,,,TN,TN
autoland,4768071,12,69b95d09da21c937720a8d3aaca237f47b683aa9,linux1804-64-shippable-qr,True,False,,,102210fe594ee9b33d82058545b1ed14f4c8206e,browser-toolbox.connect.DAMP,damp,True,damp browser-toolbox.connect.DAMP opt e10s fission stylo webrender-sw,4767235,77,ms,firefox,,1716223234,2023-06-22 11:39:08,1977.4202549999973,3d85ee9f4f736ebc38b26fed33c8681bb512aa92,1262053,,,,,,,,,,,,,,,,,,,,,,,,,,,,,,,,,,,,,,,,,,,,,,,,,,,,,,,,,,,,,TN,TN
autoland,4768071,12,69b95d09da21c937720a8d3aaca237f47b683aa9,linux1804-64-shippable-qr,True,False,,,102210fe594ee9b33d82058545b1ed14f4c8206e,browser-toolbox.connect.DAMP,damp,True,damp browser-toolbox.connect.DAMP opt e10s fission stylo webrender-sw,4767235,77,ms,firefox,,1716361732,2023-06-22 14:41:02,1952.1658755000096,b9e51e69d0451a93822b61cc15d72666124f02dd,1262179,,,,,,,,,,,,,,,,,,,,,,,,,,,,,,,,,,,,,,,,,,,,,,,,,,,,,,,,,,,,,TN,TN
autoland,4768071,12,69b95d09da21c937720a8d3aaca237f47b683aa9,linux1804-64-shippable-qr,True,False,,,102210fe594ee9b33d82058545b1ed14f4c8206e,browser-toolbox.connect.DAMP,damp,True,damp browser-toolbox.connect.DAMP opt e10s fission stylo webrender-sw,4767235,77,ms,firefox,,1716451591,2023-06-22 18:48:21,1954.4949769999948,9a98c67180c5914db4ca78d4fc36d6d0721d24a9,1262325,,,,,,,,,,,,,,,,,,,,,,,,,,,,,,,,,,,,,,,,,,,,,,,,,,,,,,,,,,,,,TN,TN
autoland,4768071,12,69b95d09da21c937720a8d3aaca237f47b683aa9,linux1804-64-shippable-qr,True,False,,,102210fe594ee9b33d82058545b1ed14f4c8206e,browser-toolbox.connect.DAMP,damp,True,damp browser-toolbox.connect.DAMP opt e10s fission stylo webrender-sw,4767235,77,ms,firefox,,1716473587,2023-06-22 19:02:55,1983.993489499997,4b261191412d4972eaab59ddb358f2eef865280d,1262337,,,,,,,,,,,,,,,,,,,,,,,,,,,,,,,,,,,,,,,,,,,,,,,,,,,,,,,,,,,,,TN,TN
autoland,4768071,12,69b95d09da21c937720a8d3aaca237f47b683aa9,linux1804-64-shippable-qr,True,False,,,102210fe594ee9b33d82058545b1ed14f4c8206e,browser-toolbox.connect.DAMP,damp,True,damp browser-toolbox.connect.DAMP opt e10s fission stylo webrender-sw,4767235,77,ms,firefox,,1716571666,2023-06-22 22:58:49,1747.3918794999954,ec702239c313d37f8ee8d6b4d9b78aba8d4b6580,1262495,,,,,,,,,,,,,,,,,,,,,,,,,,,,,,,,,,,,,,,,,,,,,,,,,,,,,,,,,,,,,TN,TN
autoland,4768071,12,69b95d09da21c937720a8d3aaca237f47b683aa9,linux1804-64-shippable-qr,True,False,,,102210fe594ee9b33d82058545b1ed14f4c8206e,browser-toolbox.connect.DAMP,damp,True,damp browser-toolbox.connect.DAMP opt e10s fission stylo webrender-sw,4767235,77,ms,firefox,,1716691207,2023-06-23 03:22:10,1949.1757974999928,a9c0bee966a1e0b10528a9b41b3dcea34ee95b83,1262648,,,,,,,,,,,,,,,,,,,,,,,,,,,,,,,,,,,,,,,,,,,,,,,,,,,,,,,,,,,,,TN,TN
autoland,4768071,12,69b95d09da21c937720a8d3aaca237f47b683aa9,linux1804-64-shippable-qr,True,False,,,102210fe594ee9b33d82058545b1ed14f4c8206e,browser-toolbox.connect.DAMP,damp,True,damp browser-toolbox.connect.DAMP opt e10s fission stylo webrender-sw,4767235,77,ms,firefox,,1716845286,2023-06-23 06:38:21,1976.7735514999656,e6ebe768e49bf43fc6465b297a817d1e4994af82,1262712,,,,,,,,,,,,,,,,,,,,,,,,,,,,,,,,,,,,,,,,,,,,,,,,,,,,,,,,,,,,,TN,TN
autoland,4768071,12,69b95d09da21c937720a8d3aaca237f47b683aa9,linux1804-64-shippable-qr,True,False,,,102210fe594ee9b33d82058545b1ed14f4c8206e,browser-toolbox.connect.DAMP,damp,True,damp browser-toolbox.connect.DAMP opt e10s fission stylo webrender-sw,4767235,77,ms,firefox,,1717005362,2023-06-23 10:04:46,1969.0134820000092,bd328e6b49f984c8a1b8e2e0e0b2194267d023ac,1262825,,,,,,,,,,,,,,,,,,,,,,,,,,,,,,,,,,,,,,,,,,,,,,,,,,,,,,,,,,,,,TN,TN
autoland,4768071,12,69b95d09da21c937720a8d3aaca237f47b683aa9,linux1804-64-shippable-qr,True,False,,,102210fe594ee9b33d82058545b1ed14f4c8206e,browser-toolbox.connect.DAMP,damp,True,damp browser-toolbox.connect.DAMP opt e10s fission stylo webrender-sw,4767235,77,ms,firefox,,1717061438,2023-06-23 14:10:04,1950.8217185000249,21d4902198ae482d7fd52735881f90fb09ffaa07,1262960,,,,,,,,,,,,,,,,,,,,,,,,,,,,,,,,,,,,,,,,,,,,,,,,,,,,,,,,,,,,,TN,TN
autoland,4768071,12,69b95d09da21c937720a8d3aaca237f47b683aa9,linux1804-64-shippable-qr,True,False,,,102210fe594ee9b33d82058545b1ed14f4c8206e,browser-toolbox.connect.DAMP,damp,True,damp browser-toolbox.connect.DAMP opt e10s fission stylo webrender-sw,4767235,77,ms,firefox,,1717083371,2023-06-23 14:24:51,1942.986429499986,801ba619d741b520231e6a0791457e7b44bef641,1262973,,,,,,,,,,,,,,,,,,,,,,,,,,,,,,,,,,,,,,,,,,,,,,,,,,,,,,,,,,,,,TN,TN
autoland,4768071,12,69b95d09da21c937720a8d3aaca237f47b683aa9,linux1804-64-shippable-qr,True,False,,,102210fe594ee9b33d82058545b1ed14f4c8206e,browser-toolbox.connect.DAMP,damp,True,damp browser-toolbox.connect.DAMP opt e10s fission stylo webrender-sw,4767235,77,ms,firefox,,1717182919,2023-06-23 18:49:22,1969.0159860000056,efb1631077da0ef473b1fe37d64cd6f652c34f37,1263094,,,,,,,,,,,,,,,,,,,,,,,,,,,,,,,,,,,,,,,,,,,,,,,,,,,,,,,,,,,,,TN,TN
autoland,4768071,12,69b95d09da21c937720a8d3aaca237f47b683aa9,linux1804-64-shippable-qr,True,False,,,102210fe594ee9b33d82058545b1ed14f4c8206e,browser-toolbox.connect.DAMP,damp,True,damp browser-toolbox.connect.DAMP opt e10s fission stylo webrender-sw,4767235,77,ms,firefox,,1717207796,2023-06-23 19:29:51,1980.3174409999772,3cfaf216653a2de7529a3bc74907ea4fecc21912,1263108,,,,,,,,,,,,,,,,,,,,,,,,,,,,,,,,,,,,,,,,,,,,,,,,,,,,,,,,,,,,,TN,TN
autoland,4768071,12,69b95d09da21c937720a8d3aaca237f47b683aa9,linux1804-64-shippable-qr,True,False,,,102210fe594ee9b33d82058545b1ed14f4c8206e,browser-toolbox.connect.DAMP,damp,True,damp browser-toolbox.connect.DAMP opt e10s fission stylo webrender-sw,4767235,77,ms,firefox,,1717254324,2023-06-23 23:33:35,1965.895629000006,45c221c4d7560f0ab2b6f7c4d113e2f96d73e994,1263150,,,,,,,,,,,,,,,,,,,,,,,,,,,,,,,,,,,,,,,,,,,,,,,,,,,,,,,,,,,,,TN,TN
autoland,4768071,12,69b95d09da21c937720a8d3aaca237f47b683aa9,linux1804-64-shippable-qr,True,False,,,102210fe594ee9b33d82058545b1ed14f4c8206e,browser-toolbox.connect.DAMP,damp,True,damp browser-toolbox.connect.DAMP opt e10s fission stylo webrender-sw,4767235,77,ms,firefox,,1717395364,2023-06-24 17:55:21,1927.1303030000129,31d5ffaf0b16a722c89e3bc6043d1a6dd2df4f59,1263267,,,,,,,,,,,,,,,,,,,,,,,,,,,,,,,,,,,,,,,,,,,,,,,,,,,,,,,,,,,,,TN,TN
autoland,4768071,12,69b95d09da21c937720a8d3aaca237f47b683aa9,linux1804-64-shippable-qr,True,False,,,102210fe594ee9b33d82058545b1ed14f4c8206e,browser-toolbox.connect.DAMP,damp,True,damp browser-toolbox.connect.DAMP opt e10s fission stylo webrender-sw,4767235,77,ms,firefox,,1717494305,2023-06-25 11:25:42,2018.1866260000097,a529a3830f684519fc2c2ffb6fbe1b1e77930e71,1263317,,,,,,,,,,,,,,,,,,,,,,,,,,,,,,,,,,,,,,,,,,,,,,,,,,,,,,,,,,,,,TN,TN
autoland,4768071,12,69b95d09da21c937720a8d3aaca237f47b683aa9,linux1804-64-shippable-qr,True,False,,,102210fe594ee9b33d82058545b1ed14f4c8206e,browser-toolbox.connect.DAMP,damp,True,damp browser-toolbox.connect.DAMP opt e10s fission stylo webrender-sw,4767235,77,ms,firefox,,1717623028,2023-06-26 01:53:17,1952.789395500018,391b29854d65124c758af8d7a7765b53ec46b9bf,1263401,,,,,,,,,,,,,,,,,,,,,,,,,,,,,,,,,,,,,,,,,,,,,,,,,,,,,,,,,,,,,TN,TN
autoland,4768071,12,69b95d09da21c937720a8d3aaca237f47b683aa9,linux1804-64-shippable-qr,True,False,,,102210fe594ee9b33d82058545b1ed14f4c8206e,browser-toolbox.connect.DAMP,damp,True,damp browser-toolbox.connect.DAMP opt e10s fission stylo webrender-sw,4767235,77,ms,firefox,,1717718375,2023-06-26 08:39:50,1957.9480389999665,b8784b3350a10d9ba119e133ba1afe2fa2862b64,1263470,,,,,,,,,,,,,,,,,,,,,,,,,,,,,,,,,,,,,,,,,,,,,,,,,,,,,,,,,,,,,TN,TN
autoland,4768071,12,69b95d09da21c937720a8d3aaca237f47b683aa9,linux1804-64-shippable-qr,True,False,,,102210fe594ee9b33d82058545b1ed14f4c8206e,browser-toolbox.connect.DAMP,damp,True,damp browser-toolbox.connect.DAMP opt e10s fission stylo webrender-sw,4767235,77,ms,firefox,,1717821324,2023-06-26 12:15:47,1943.0311504999768,147bbf0910da38bd103a6cac5b77bca042225107,1263599,,,,,,,,,,,,,,,,,,,,,,,,,,,,,,,,,,,,,,,,,,,,,,,,,,,,,,,,,,,,,TN,TN
autoland,4768071,12,69b95d09da21c937720a8d3aaca237f47b683aa9,linux1804-64-shippable-qr,True,False,,,102210fe594ee9b33d82058545b1ed14f4c8206e,browser-toolbox.connect.DAMP,damp,True,damp browser-toolbox.connect.DAMP opt e10s fission stylo webrender-sw,4767235,77,ms,firefox,,1717921262,2023-06-26 15:17:27,1949.592460500004,a9a1430953c45602083b397b0d0bb8e55a69fa46,1263769,,,,,,,,,,,,,,,,,,,,,,,,,,,,,,,,,,,,,,,,,,,,,,,,,,,,,,,,,,,,,TN,TN
autoland,4768071,12,69b95d09da21c937720a8d3aaca237f47b683aa9,linux1804-64-shippable-qr,True,False,,,102210fe594ee9b33d82058545b1ed14f4c8206e,browser-toolbox.connect.DAMP,damp,True,damp browser-toolbox.connect.DAMP opt e10s fission stylo webrender-sw,4767235,77,ms,firefox,,1718088451,2023-06-26 19:17:54,2000.1098980000024,43533d1489bc82330991d4cbac2d5b8e704b7558,1263990,,,,,,,,,,,,,,,,,,,,,,,,,,,,,,,,,,,,,,,,,,,,,,,,,,,,,,,,,,,,,TN,TN
autoland,4768071,12,69b95d09da21c937720a8d3aaca237f47b683aa9,linux1804-64-shippable-qr,True,False,,,102210fe594ee9b33d82058545b1ed14f4c8206e,browser-toolbox.connect.DAMP,damp,True,damp browser-toolbox.connect.DAMP opt e10s fission stylo webrender-sw,4767235,77,ms,firefox,,1718243494,2023-06-26 23:32:18,1989.3298470000157,4bdb9438b18b4b7ad15d5f4f62fd67cad4308d62,1264157,,,,,,,,,,,,,,,,,,,,,,,,,,,,,,,,,,,,,,,,,,,,,,,,,,,,,,,,,,,,,TN,TN
autoland,4768071,12,69b95d09da21c937720a8d3aaca237f47b683aa9,linux1804-64-shippable-qr,True,False,,,102210fe594ee9b33d82058545b1ed14f4c8206e,browser-toolbox.connect.DAMP,damp,True,damp browser-toolbox.connect.DAMP opt e10s fission stylo webrender-sw,4767235,77,ms,firefox,,1718249152,2023-06-26 23:58:56,1979.750494500004,b34d04613ffa3abda9bcdd07fc5185a34cdc407b,1264185,,,,,,,,,,,,,,,,,,,,,,,,,,,,,,,,,,,,,,,,,,,,,,,,,,,,,,,,,,,,,TN,TN
autoland,4768071,12,69b95d09da21c937720a8d3aaca237f47b683aa9,linux1804-64-shippable-qr,True,False,,,102210fe594ee9b33d82058545b1ed14f4c8206e,browser-toolbox.connect.DAMP,damp,True,damp browser-toolbox.connect.DAMP opt e10s fission stylo webrender-sw,4767235,77,ms,firefox,,1718341733,2023-06-27 04:20:21,1969.5978484999869,e0d8554167a0aad02af68198462e91dd05958593,1264240,,,,,,,,,,,,,,,,,,,,,,,,,,,,,,,,,,,,,,,,,,,,,,,,,,,,,,,,,,,,,TN,TN
autoland,4768071,12,69b95d09da21c937720a8d3aaca237f47b683aa9,linux1804-64-shippable-qr,True,False,,,102210fe594ee9b33d82058545b1ed14f4c8206e,browser-toolbox.connect.DAMP,damp,True,damp browser-toolbox.connect.DAMP opt e10s fission stylo webrender-sw,4767235,77,ms,firefox,,1718417132,2023-06-27 07:09:08,1962.1984565000168,e963fffcb3a0375f0c08e6c62d4300cbf79fba0b,1264287,,,,,,,,,,,,,,,,,,,,,,,,,,,,,,,,,,,,,,,,,,,,,,,,,,,,,,,,,,,,,TN,TN
autoland,4768071,12,69b95d09da21c937720a8d3aaca237f47b683aa9,linux1804-64-shippable-qr,True,False,,,102210fe594ee9b33d82058545b1ed14f4c8206e,browser-toolbox.connect.DAMP,damp,True,damp browser-toolbox.connect.DAMP opt e10s fission stylo webrender-sw,4767235,77,ms,firefox,,1718519634,2023-06-27 11:13:52,1945.62233449996,96efb14c1b2e225253f22aae7b217fdd48b4cb9f,1264423,,,,,,,,,,,,,,,,,,,,,,,,,,,,,,,,,,,,,,,,,,,,,,,,,,,,,,,,,,,,,TN,TN
autoland,4768071,12,69b95d09da21c937720a8d3aaca237f47b683aa9,linux1804-64-shippable-qr,True,False,,,102210fe594ee9b33d82058545b1ed14f4c8206e,browser-toolbox.connect.DAMP,damp,True,damp browser-toolbox.connect.DAMP opt e10s fission stylo webrender-sw,4767235,77,ms,firefox,,1718619657,2023-06-27 15:57:28,1949.440940000015,c041b113d5acbf06ba2e6161d9a1ef4fa5b3636b,1264575,,,,,,,,,,,,,,,,,,,,,,,,,,,,,,,,,,,,,,,,,,,,,,,,,,,,,,,,,,,,,TN,TN
autoland,4768071,12,69b95d09da21c937720a8d3aaca237f47b683aa9,linux1804-64-shippable-qr,True,False,,,102210fe594ee9b33d82058545b1ed14f4c8206e,browser-toolbox.connect.DAMP,damp,True,damp browser-toolbox.connect.DAMP opt e10s fission stylo webrender-sw,4767235,77,ms,firefox,,1718634643,2023-06-27 16:17:01,1971.7536809999729,da38525a017e6dd411f2c2ccd84d286d86bdad8d,1264584,,,,,,,,,,,,,,,,,,,,,,,,,,,,,,,,,,,,,,,,,,,,,,,,,,,,,,,,,,,,,TN,TN
autoland,4768071,12,69b95d09da21c937720a8d3aaca237f47b683aa9,linux1804-64-shippable-qr,True,False,,,102210fe594ee9b33d82058545b1ed14f4c8206e,browser-toolbox.connect.DAMP,damp,True,damp browser-toolbox.connect.DAMP opt e10s fission stylo webrender-sw,4767235,77,ms,firefox,,1718759842,2023-06-27 20:57:27,1989.1278020000243,80adb872a3d1e32f459e5cf3bc77e47008da925f,1264834,,,,,,,,,,,,,,,,,,,,,,,,,,,,,,,,,,,,,,,,,,,,,,,,,,,,,,,,,,,,,TN,TN
autoland,4768071,12,69b95d09da21c937720a8d3aaca237f47b683aa9,linux1804-64-shippable-qr,True,False,,,102210fe594ee9b33d82058545b1ed14f4c8206e,browser-toolbox.connect.DAMP,damp,True,damp browser-toolbox.connect.DAMP opt e10s fission stylo webrender-sw,4767235,77,ms,firefox,,1718846091,2023-06-28 00:04:05,1961.2820349999963,591e3233df273509a8c0d0ccd1cc32795ae584dc,1264952,,,,,,,,,,,,,,,,,,,,,,,,,,,,,,,,,,,,,,,,,,,,,,,,,,,,,,,,,,,,,TN,TN
autoland,4768071,12,69b95d09da21c937720a8d3aaca237f47b683aa9,linux1804-64-shippable-qr,True,False,,,102210fe594ee9b33d82058545b1ed14f4c8206e,browser-toolbox.connect.DAMP,damp,True,damp browser-toolbox.connect.DAMP opt e10s fission stylo webrender-sw,4767235,77,ms,firefox,,1718934679,2023-06-28 03:09:49,1999.0558820000008,ecb2997338f1c9a2059192ce04d01243537176b9,1265035,,,,,,,,,,,,,,,,,,,,,,,,,,,,,,,,,,,,,,,,,,,,,,,,,,,,,,,,,,,,,TN,TN
autoland,4768071,12,69b95d09da21c937720a8d3aaca237f47b683aa9,linux1804-64-shippable-qr,True,False,,,102210fe594ee9b33d82058545b1ed14f4c8206e,browser-toolbox.connect.DAMP,damp,True,damp browser-toolbox.connect.DAMP opt e10s fission stylo webrender-sw,4767235,77,ms,firefox,,1719023524,2023-06-28 07:19:30,2043.5775495000123,51b6f36ff37d4b6906ec5cab830b1e283c6f7395,1265110,,,,,,,,,,,,,,,,,,,,,,,,,,,,,,,,,,,,,,,,,,,,,,,,,,,,,,,,,,,,,TN,TN
autoland,4768071,12,69b95d09da21c937720a8d3aaca237f47b683aa9,linux1804-64-shippable-qr,True,False,,,102210fe594ee9b33d82058545b1ed14f4c8206e,browser-toolbox.connect.DAMP,damp,True,damp browser-toolbox.connect.DAMP opt e10s fission stylo webrender-sw,4767235,77,ms,firefox,,1719116013,2023-06-28 11:29:09,1983.3734850000185,3b7b3970a88459c11033effb61df89644e963bda,1265214,,,,,,,,,,,,,,,,,,,,,,,,,,,,,,,,,,,,,,,,,,,,,,,,,,,,,,,,,,,,,TN,TN
autoland,4768071,12,69b95d09da21c937720a8d3aaca237f47b683aa9,linux1804-64-shippable-qr,True,False,,,102210fe594ee9b33d82058545b1ed14f4c8206e,browser-toolbox.connect.DAMP,damp,True,damp browser-toolbox.connect.DAMP opt e10s fission stylo webrender-sw,4767235,77,ms,firefox,,1719203232,2023-06-28 14:16:43,1939.8805669999856,c20ba5651ee046629ef49efd2e49f6214c3ae520,1265309,,,,,,,,,,,,,,,,,,,,,,,,,,,,,,,,,,,,,,,,,,,,,,,,,,,,,,,,,,,,,TN,TN
autoland,4768071,12,69b95d09da21c937720a8d3aaca237f47b683aa9,linux1804-64-shippable-qr,True,False,,,102210fe594ee9b33d82058545b1ed14f4c8206e,browser-toolbox.connect.DAMP,damp,True,damp browser-toolbox.connect.DAMP opt e10s fission stylo webrender-sw,4767235,77,ms,firefox,,1719291168,2023-06-28 17:34:48,1976.7238444999969,0df511b69760b69959818e34e07aa74a0ad7061a,1265473,,,,,,,,,,,,,,,,,,,,,,,,,,,,,,,,,,,,,,,,,,,,,,,,,,,,,,,,,,,,,TN,TN
autoland,4768071,12,69b95d09da21c937720a8d3aaca237f47b683aa9,linux1804-64-shippable-qr,True,False,,,102210fe594ee9b33d82058545b1ed14f4c8206e,browser-toolbox.connect.DAMP,damp,True,damp browser-toolbox.connect.DAMP opt e10s fission stylo webrender-sw,4767235,77,ms,firefox,,1719400725,2023-06-28 21:47:35,1973.0684915000093,d18ee9401610559d6724af1cf6a4ba7ca620f195,1265682,,,,,,,,,,,,,,,,,,,,,,,,,,,,,,,,,,,,,,,,,,,,,,,,,,,,,,,,,,,,,TN,TN
autoland,4768071,12,69b95d09da21c937720a8d3aaca237f47b683aa9,linux1804-64-shippable-qr,True,False,,,102210fe594ee9b33d82058545b1ed14f4c8206e,browser-toolbox.connect.DAMP,damp,True,damp browser-toolbox.connect.DAMP opt e10s fission stylo webrender-sw,4767235,77,ms,firefox,,1719521986,2023-06-29 02:28:53,1963.9722514999885,bab00f4f94d567cf8ccf12e64f4e5cccc2ab6783,1265821,,,,,,,,,,,,,,,,,,,,,,,,,,,,,,,,,,,,,,,,,,,,,,,,,,,,,,,,,,,,,TN,TN
autoland,4768071,12,69b95d09da21c937720a8d3aaca237f47b683aa9,linux1804-64-shippable-qr,True,False,,,102210fe594ee9b33d82058545b1ed14f4c8206e,browser-toolbox.connect.DAMP,damp,True,damp browser-toolbox.connect.DAMP opt e10s fission stylo webrender-sw,4767235,77,ms,firefox,,1719676505,2023-06-29 08:54:52,1921.8886440000208,046c4b8aaa8932f15825dc4decd3911bb048e7f5,1265934,,,,,,,,,,,,,,,,,,,,,,,,,,,,,,,,,,,,,,,,,,,,,,,,,,,,,,,,,,,,,TN,TN
autoland,4768071,12,69b95d09da21c937720a8d3aaca237f47b683aa9,linux1804-64-shippable-qr,True,False,,,102210fe594ee9b33d82058545b1ed14f4c8206e,browser-toolbox.connect.DAMP,damp,True,damp browser-toolbox.connect.DAMP opt e10s fission stylo webrender-sw,4767235,77,ms,firefox,,1719790958,2023-06-29 12:57:39,1963.6662150000195,e784085dfb507c237319c40245ef0b32ddcf82b0,1266033,,,,,,,,,,,,,,,,,,,,,,,,,,,,,,,,,,,,,,,,,,,,,,,,,,,,,,,,,,,,,TN,TN
autoland,4768071,12,69b95d09da21c937720a8d3aaca237f47b683aa9,linux1804-64-shippable-qr,True,False,,,102210fe594ee9b33d82058545b1ed14f4c8206e,browser-toolbox.connect.DAMP,damp,True,damp browser-toolbox.connect.DAMP opt e10s fission stylo webrender-sw,4767235,77,ms,firefox,,1719865982,2023-06-29 15:22:27,1986.77917300001,573b87117fd3efdb12ffb05692f97323c07a9900,1266105,,,,,,,,,,,,,,,,,,,,,,,,,,,,,,,,,,,,,,,,,,,,,,,,,,,,,,,,,,,,,TN,TN
autoland,4768071,12,69b95d09da21c937720a8d3aaca237f47b683aa9,linux1804-64-shippable-qr,True,False,,,102210fe594ee9b33d82058545b1ed14f4c8206e,browser-toolbox.connect.DAMP,damp,True,damp browser-toolbox.connect.DAMP opt e10s fission stylo webrender-sw,4767235,77,ms,firefox,,1719952213,2023-06-29 19:36:56,1957.1970180000355,c5ac7e957828eeda97a3af6fc706f41aa567e48e,1266292,,,,,,,,,,,,,,,,,,,,,,,,,,,,,,,,,,,,,,,,,,,,,,,,,,,,,,,,,,,,,TN,TN
autoland,4768071,12,69b95d09da21c937720a8d3aaca237f47b683aa9,linux1804-64-shippable-qr,True,False,,,102210fe594ee9b33d82058545b1ed14f4c8206e,browser-toolbox.connect.DAMP,damp,True,damp browser-toolbox.connect.DAMP opt e10s fission stylo webrender-sw,4767235,77,ms,firefox,,1719971964,2023-06-29 20:41:17,1943.7224495000264,e37ddb3aa508e953837fbd08afec4a2aa6f7f5ed,1266342,,,,,,,,,,,,,,,,,,,,,,,,,,,,,,,,,,,,,,,,,,,,,,,,,,,,,,,,,,,,,TN,TN
autoland,4768071,12,69b95d09da21c937720a8d3aaca237f47b683aa9,linux1804-64-shippable-qr,True,False,,,102210fe594ee9b33d82058545b1ed14f4c8206e,browser-toolbox.connect.DAMP,damp,True,damp browser-toolbox.connect.DAMP opt e10s fission stylo webrender-sw,4767235,77,ms,firefox,,1720054158,2023-06-30 01:00:02,1979.819389500015,e547d8e238568d790c74653068edac30240a95c5,1266447,,,,,,,,,,,,,,,,,,,,,,,,,,,,,,,,,,,,,,,,,,,,,,,,,,,,,,,,,,,,,TN,TN
autoland,4768071,12,69b95d09da21c937720a8d3aaca237f47b683aa9,linux1804-64-shippable-qr,True,False,,,102210fe594ee9b33d82058545b1ed14f4c8206e,browser-toolbox.connect.DAMP,damp,True,damp browser-toolbox.connect.DAMP opt e10s fission stylo webrender-sw,4767235,77,ms,firefox,,1720155490,2023-06-30 08:19:33,1911.8421729999827,9bc27d87fa29fd921612525cc37e24f0ec3ba76b,1266526,,,,,,,,,,,,,,,,,,,,,,,,,,,,,,,,,,,,,,,,,,,,,,,,,,,,,,,,,,,,,TN,TN
autoland,4768071,12,69b95d09da21c937720a8d3aaca237f47b683aa9,linux1804-64-shippable-qr,True,False,,,102210fe594ee9b33d82058545b1ed14f4c8206e,browser-toolbox.connect.DAMP,damp,True,damp browser-toolbox.connect.DAMP opt e10s fission stylo webrender-sw,4767235,77,ms,firefox,,1720245008,2023-06-30 13:51:38,1968.713486499997,0abcd848f8218f0e2d339bbd497ac60f4a3b752c,1266633,,,,,,,,,,,,,,,,,,,,,,,,,,,,,,,,,,,,,,,,,,,,,,,,,,,,,,,,,,,,,TN,TN
autoland,4768071,12,69b95d09da21c937720a8d3aaca237f47b683aa9,linux1804-64-shippable-qr,True,False,,,102210fe594ee9b33d82058545b1ed14f4c8206e,browser-toolbox.connect.DAMP,damp,True,damp browser-toolbox.connect.DAMP opt e10s fission stylo webrender-sw,4767235,77,ms,firefox,,1720359693,2023-07-01 00:00:49,1949.18565449999,8ee32af33954493677c04d2dad76681d20d37c02,1266825,,,,,,,,,,,,,,,,,,,,,,,,,,,,,,,,,,,,,,,,,,,,,,,,,,,,,,,,,,,,,TN,TN
autoland,4768071,12,69b95d09da21c937720a8d3aaca237f47b683aa9,linux1804-64-shippable-qr,True,False,,,102210fe594ee9b33d82058545b1ed14f4c8206e,browser-toolbox.connect.DAMP,damp,True,damp browser-toolbox.connect.DAMP opt e10s fission stylo webrender-sw,4767235,77,ms,firefox,,1720391055,2023-07-01 02:26:01,1982.9969995000283,81b43c5e095f0b0407b6d1a8d4a7f92bf7115e5e,1266845,,,,,,,,,,,,,,,,,,,,,,,,,,,,,,,,,,,,,,,,,,,,,,,,,,,,,,,,,,,,,TN,TN
autoland,4768071,12,69b95d09da21c937720a8d3aaca237f47b683aa9,linux1804-64-shippable-qr,True,False,,,102210fe594ee9b33d82058545b1ed14f4c8206e,browser-toolbox.connect.DAMP,damp,True,damp browser-toolbox.connect.DAMP opt e10s fission stylo webrender-sw,4767235,77,ms,firefox,,1720482076,2023-07-02 04:09:27,2042.9787799999904,e8ccd4d6629a5cde6dd4011e79c55630beb87376,1266929,,,,,,,,,,,,,,,,,,,,,,,,,,,,,,,,,,,,,,,,,,,,,,,,,,,,,,,,,,,,,TN,TN
autoland,4768071,12,69b95d09da21c937720a8d3aaca237f47b683aa9,linux1804-64-shippable-qr,True,False,,,102210fe594ee9b33d82058545b1ed14f4c8206e,browser-toolbox.connect.DAMP,damp,True,damp browser-toolbox.connect.DAMP opt e10s fission stylo webrender-sw,4767235,77,ms,firefox,,1720540943,2023-07-02 10:13:29,1962.196968999997,93c2b16409e05c7d2b654d2b5356a2b7742b0d18,1266947,,,,,,,,,,,,,,,,,,,,,,,,,,,,,,,,,,,,,,,,,,,,,,,,,,,,,,,,,,,,,TN,TN
autoland,4768071,12,69b95d09da21c937720a8d3aaca237f47b683aa9,linux1804-64-shippable-qr,True,False,,,102210fe594ee9b33d82058545b1ed14f4c8206e,browser-toolbox.connect.DAMP,damp,True,damp browser-toolbox.connect.DAMP opt e10s fission stylo webrender-sw,4767235,77,ms,firefox,,1720580315,2023-07-02 16:18:34,1947.277082000015,8a50b880c83f70597cd2951c74b7e9420d4b55c7,1266959,,,,,,,,,,,,,,,,,,,,,,,,,,,,,,,,,,,,,,,,,,,,,,,,,,,,,,,,,,,,,TN,TN
autoland,4768071,12,69b95d09da21c937720a8d3aaca237f47b683aa9,linux1804-64-shippable-qr,True,False,,,102210fe594ee9b33d82058545b1ed14f4c8206e,browser-toolbox.connect.DAMP,damp,True,damp browser-toolbox.connect.DAMP opt e10s fission stylo webrender-sw,4767235,77,ms,firefox,,1720643535,2023-07-03 04:14:26,1952.2070729999975,03b04345a888d738f358fc74595aabb1dfb2685c,1267009,,,,,,,,,,,,,,,,,,,,,,,,,,,,,,,,,,,,,,,,,,,,,,,,,,,,,,,,,,,,,TN,TN
autoland,4768071,12,69b95d09da21c937720a8d3aaca237f47b683aa9,linux1804-64-shippable-qr,True,False,,,102210fe594ee9b33d82058545b1ed14f4c8206e,browser-toolbox.connect.DAMP,damp,True,damp browser-toolbox.connect.DAMP opt e10s fission stylo webrender-sw,4767235,77,ms,firefox,,1720735895,2023-07-03 08:58:45,1943.399816500023,3463727761e55956f8308f38f71b1654b79497ca,1267059,,,,,,,,,,,,,,,,,,,,,,,,,,,,,,,,,,,,,,,,,,,,,,,,,,,,,,,,,,,,,TN,TN
autoland,4768071,12,69b95d09da21c937720a8d3aaca237f47b683aa9,linux1804-64-shippable-qr,True,False,,,102210fe594ee9b33d82058545b1ed14f4c8206e,browser-toolbox.connect.DAMP,damp,True,damp browser-toolbox.connect.DAMP opt e10s fission stylo webrender-sw,4767235,77,ms,firefox,,1720722070,2023-07-03 08:59:44,1957.4258885000015,90c1c72030a4d515720d44706816256c0a1e30a8,1267060,,,,,,,,,,,,,,,,,,,,,,,,,,,,,,,,,,,,,,,,,,,,,,,,,,,,,,,,,,,,,TN,TN
autoland,4768071,12,69b95d09da21c937720a8d3aaca237f47b683aa9,linux1804-64-shippable-qr,True,False,,,102210fe594ee9b33d82058545b1ed14f4c8206e,browser-toolbox.connect.DAMP,damp,True,damp browser-toolbox.connect.DAMP opt e10s fission stylo webrender-sw,4767235,77,ms,firefox,,1720760317,2023-07-03 14:20:46,1962.8634010000096,9d50665254899d8431813bdc04178e6006ce6d59,1267108,,,,,,,,,,,,,,,,,,,,,,,,,,,,,,,,,,,,,,,,,,,,,,,,,,,,,,,,,,,,,TN,TN
autoland,4768071,12,69b95d09da21c937720a8d3aaca237f47b683aa9,linux1804-64-shippable-qr,True,False,,,102210fe594ee9b33d82058545b1ed14f4c8206e,browser-toolbox.connect.DAMP,damp,True,damp browser-toolbox.connect.DAMP opt e10s fission stylo webrender-sw,4767235,77,ms,firefox,,1720843307,2023-07-04 00:08:48,2001.302258999989,a820608802f2194dfc19272bf19b7124a7349b79,1267203,,,,,,,,,,,,,,,,,,,,,,,,,,,,,,,,,,,,,,,,,,,,,,,,,,,,,,,,,,,,,TN,TN
autoland,4768071,12,69b95d09da21c937720a8d3aaca237f47b683aa9,linux1804-64-shippable-qr,True,False,,,102210fe594ee9b33d82058545b1ed14f4c8206e,browser-toolbox.connect.DAMP,damp,True,damp browser-toolbox.connect.DAMP opt e10s fission stylo webrender-sw,4767235,77,ms,firefox,,1720901548,2023-07-04 04:57:05,1994.508357999992,b2af19e5ff82fa8850262a0693f4941570a30474,1267245,,,,,,,,,,,,,,,,,,,,,,,,,,,,,,,,,,,,,,,,,,,,,,,,,,,,,,,,,,,,,TN,TN
autoland,4768071,12,69b95d09da21c937720a8d3aaca237f47b683aa9,linux1804-64-shippable-qr,True,False,,,102210fe594ee9b33d82058545b1ed14f4c8206e,browser-toolbox.connect.DAMP,damp,True,damp browser-toolbox.connect.DAMP opt e10s fission stylo webrender-sw,4767235,77,ms,firefox,,1720925401,2023-07-04 07:10:31,1968.469066000005,54bec48c8d6e571fdfbc0694895c371fd3fd08f9,1267272,,,,,,,,,,,,,,,,,,,,,,,,,,,,,,,,,,,,,,,,,,,,,,,,,,,,,,,,,,,,,TN,TN
autoland,4768071,12,69b95d09da21c937720a8d3aaca237f47b683aa9,linux1804-64-shippable-qr,True,False,,,102210fe594ee9b33d82058545b1ed14f4c8206e,browser-toolbox.connect.DAMP,damp,True,damp browser-toolbox.connect.DAMP opt e10s fission stylo webrender-sw,4767235,77,ms,firefox,,1721060936,2023-07-04 11:21:51,1972.627081999992,da13368ff947a55756c871582b1b13ffb6fa001d,1267342,,,,,,,,,,,,,,,,,,,,,,,,,,,,,,,,,,,,,,,,,,,,,,,,,,,,,,,,,,,,,TN,TN
autoland,4768071,12,69b95d09da21c937720a8d3aaca237f47b683aa9,linux1804-64-shippable-qr,True,False,,,102210fe594ee9b33d82058545b1ed14f4c8206e,browser-toolbox.connect.DAMP,damp,True,damp browser-toolbox.connect.DAMP opt e10s fission stylo webrender-sw,4767235,77,ms,firefox,,1721066044,2023-07-04 11:29:32,1973.692265999969,3aa1825bf09a37959e97ac4b5eaa3cc4b236b283,1267347,,,,,,,,,,,,,,,,,,,,,,,,,,,,,,,,,,,,,,,,,,,,,,,,,,,,,,,,,,,,,TN,TN
autoland,4768071,12,69b95d09da21c937720a8d3aaca237f47b683aa9,linux1804-64-shippable-qr,True,False,,,102210fe594ee9b33d82058545b1ed14f4c8206e,browser-toolbox.connect.DAMP,damp,True,damp browser-toolbox.connect.DAMP opt e10s fission stylo webrender-sw,4767235,77,ms,firefox,,1721161129,2023-07-04 15:22:25,1984.975375499984,cf717d6692eb6ff08bb1d0342645c7c6c1dcf8f7,1267503,,,,,,,,,,,,,,,,,,,,,,,,,,,,,,,,,,,,,,,,,,,,,,,,,,,,,,,,,,,,,TN,TN
autoland,4768071,12,69b95d09da21c937720a8d3aaca237f47b683aa9,linux1804-64-shippable-qr,True,False,,,102210fe594ee9b33d82058545b1ed14f4c8206e,browser-toolbox.connect.DAMP,damp,True,damp browser-toolbox.connect.DAMP opt e10s fission stylo webrender-sw,4767235,77,ms,firefox,,1723073183,2023-07-04 17:40:34,1977.329052000001,7aa55b4c40bbe537734ff54c74097d188422c632,1267589,,,,,,,,,,,,,,,,,,,,,,,,,,,,,,,,,,,,,,,,,,,,,,,,,,,,,,,,,,,,,TN,TN
autoland,4768071,12,69b95d09da21c937720a8d3aaca237f47b683aa9,linux1804-64-shippable-qr,True,False,,,102210fe594ee9b33d82058545b1ed14f4c8206e,browser-toolbox.connect.DAMP,damp,True,damp browser-toolbox.connect.DAMP opt e10s fission stylo webrender-sw,4767235,77,ms,firefox,,1723072735,2023-07-04 17:41:34,1989.1864745000055,c9d9d8e3fae101074d839b5ffbb2f060fb0f0187,1267591,,,,,,,,,,,,,,,,,,,,,,,,,,,,,,,,,,,,,,,,,,,,,,,,,,,,,,,,,,,,,TN,TN
autoland,4768071,12,69b95d09da21c937720a8d3aaca237f47b683aa9,linux1804-64-shippable-qr,True,False,,,102210fe594ee9b33d82058545b1ed14f4c8206e,browser-toolbox.connect.DAMP,damp,True,damp browser-toolbox.connect.DAMP opt e10s fission stylo webrender-sw,4767235,77,ms,firefox,,1723072969,2023-07-04 17:42:35,2021.415047500006,3afcc1296ba1c46d49c4f6e258a7ca951f7a2732,1267592,,,,,,,,,,,,,,,,,,,,,,,,,,,,,,,,,,,,,,,,,,,,,,,,,,,,,,,,,,,,,TN,TN
autoland,4768071,12,69b95d09da21c937720a8d3aaca237f47b683aa9,linux1804-64-shippable-qr,True,False,,,102210fe594ee9b33d82058545b1ed14f4c8206e,browser-toolbox.connect.DAMP,damp,True,damp browser-toolbox.connect.DAMP opt e10s fission stylo webrender-sw,4767235,77,ms,firefox,,1723073130,2023-07-04 17:43:30,1951.4713509999783,ba73a7622f6366fa1c1446fa96d42b93166d91e0,1267593,,,,,,,,,,,,,,,,,,,,,,,,,,,,,,,,,,,,,,,,,,,,,,,,,,,,,,,,,,,,,TN,TN
autoland,4768071,12,69b95d09da21c937720a8d3aaca237f47b683aa9,linux1804-64-shippable-qr,True,False,,,102210fe594ee9b33d82058545b1ed14f4c8206e,browser-toolbox.connect.DAMP,damp,True,damp browser-toolbox.connect.DAMP opt e10s fission stylo webrender-sw,4767235,77,ms,firefox,,1723073601,2023-07-04 18:37:48,1966.037718500011,8b103d18b112bd2754ebfd3beb24edc70b073666,1267612,,,,,,,,,,,,,,,,,,,,,,,,,,,,,,,,,,,,,,,,,,,,,,,,,,,,,,,,,,,,,TN,TN
autoland,4768071,12,69b95d09da21c937720a8d3aaca237f47b683aa9,linux1804-64-shippable-qr,True,False,,,102210fe594ee9b33d82058545b1ed14f4c8206e,browser-toolbox.connect.DAMP,damp,True,damp browser-toolbox.connect.DAMP opt e10s fission stylo webrender-sw,4767235,77,ms,firefox,,1723073472,2023-07-04 18:43:31,1985.102423999997,2795277d59636e2d6376f3392797cffdba4bebc9,1267613,,,,,,,,,,,,,,,,,,,,,,,,,,,,,,,,,,,,,,,,,,,,,,,,,,,,,,,,,,,,,TN,TN
autoland,4768071,12,69b95d09da21c937720a8d3aaca237f47b683aa9,linux1804-64-shippable-qr,True,False,,,102210fe594ee9b33d82058545b1ed14f4c8206e,browser-toolbox.connect.DAMP,damp,True,damp browser-toolbox.connect.DAMP opt e10s fission stylo webrender-sw,4767235,77,ms,firefox,,1723073023,2023-07-04 19:00:49,1957.805284999988,6d1b445c88df2625e866db2b963a21e2fd4cb08e,1267618,,,,,,,,,,,,,,,,,,,,,,,,,,,,,,,,,,,,,,,,,,,,,,,,,,,,,,,,,,,,,TN,TN
autoland,4768071,12,69b95d09da21c937720a8d3aaca237f47b683aa9,linux1804-64-shippable-qr,True,False,,,102210fe594ee9b33d82058545b1ed14f4c8206e,browser-toolbox.connect.DAMP,damp,True,damp browser-toolbox.connect.DAMP opt e10s fission stylo webrender-sw,4767235,77,ms,firefox,,1723073077,2023-07-04 19:19:52,1977.050083999988,f745813dc10805a8c9bfc4eb78ea2397ef028eca,1267625,,,,,,,,,,,,,,,,,,,,,,,,,,,,,,,,,,,,,,,,,,,,,,,,,,,,,,,,,,,,,TN,TN
autoland,4768071,12,69b95d09da21c937720a8d3aaca237f47b683aa9,linux1804-64-shippable-qr,True,False,,,102210fe594ee9b33d82058545b1ed14f4c8206e,browser-toolbox.connect.DAMP,damp,True,damp browser-toolbox.connect.DAMP opt e10s fission stylo webrender-sw,4767235,77,ms,firefox,,1723073397,2023-07-04 19:20:42,1971.9702034999648,e2175d8e24ddedf2fd360616303a36ed9e8def0e,1267626,,,,,,,,,,,,,,,,,,,,,,,,,,,,,,,,,,,,,,,,,,,,,,,,,,,,,,,,,,,,,TN,TN
autoland,4768071,12,69b95d09da21c937720a8d3aaca237f47b683aa9,linux1804-64-shippable-qr,True,False,,,102210fe594ee9b33d82058545b1ed14f4c8206e,browser-toolbox.connect.DAMP,damp,True,damp browser-toolbox.connect.DAMP opt e10s fission stylo webrender-sw,4767235,77,ms,firefox,,1721252230,2023-07-04 19:21:41,2007.523980000013,a8c47414f934fc13d47ba329f04089ab17eb2407,1267627,,,,,,,,,,,,,,,,,,,,,,,,,,,,,,,,,,,,,,,,,,,,,,,,,,,,,,,,,,,,,TN,TN
autoland,4768071,12,69b95d09da21c937720a8d3aaca237f47b683aa9,linux1804-64-shippable-qr,True,False,,,102210fe594ee9b33d82058545b1ed14f4c8206e,browser-toolbox.connect.DAMP,damp,True,damp browser-toolbox.connect.DAMP opt e10s fission stylo webrender-sw,4767235,77,ms,firefox,,1723073742,2023-07-04 21:52:24,2003.4704969999875,fb001a0dc90de47636a3f16d693b68f45a8ef911,1267690,,,,,,,,,,,,,,,,,,,,,,,,,,,,,,,,,,,,,,,,,,,,,,,,,,,,,,,,,,,,,TN,TN
autoland,4768071,12,69b95d09da21c937720a8d3aaca237f47b683aa9,linux1804-64-shippable-qr,True,False,,,102210fe594ee9b33d82058545b1ed14f4c8206e,browser-toolbox.connect.DAMP,damp,True,damp browser-toolbox.connect.DAMP opt e10s fission stylo webrender-sw,4767235,77,ms,firefox,,1723074477,2023-07-04 22:07:29,1958.982159999956,402350721bd2ada84f64e4361a3474aa0a1e1c41,1267696,,,,,,,,,,,,,,,,,,,,,,,,,,,,,,,,,,,,,,,,,,,,,,,,,,,,,,,,,,,,,TN,TN
autoland,4768071,12,69b95d09da21c937720a8d3aaca237f47b683aa9,linux1804-64-shippable-qr,True,False,,,102210fe594ee9b33d82058545b1ed14f4c8206e,browser-toolbox.connect.DAMP,damp,True,damp browser-toolbox.connect.DAMP opt e10s fission stylo webrender-sw,4767235,77,ms,firefox,,1723073675,2023-07-04 22:22:27,1979.8358555000011,6320a2dc6b9f0a8c1bc9a1b9418014a676502330,1267703,,,,,,,,,,,,,,,,,,,,,,,,,,,,,,,,,,,,,,,,,,,,,,,,,,,,,,,,,,,,,TN,TN
autoland,4768071,12,69b95d09da21c937720a8d3aaca237f47b683aa9,linux1804-64-shippable-qr,True,False,,,102210fe594ee9b33d82058545b1ed14f4c8206e,browser-toolbox.connect.DAMP,damp,True,damp browser-toolbox.connect.DAMP opt e10s fission stylo webrender-sw,4767235,77,ms,firefox,,1723076327,2023-07-04 22:22:27,1956.592615500027,6320a2dc6b9f0a8c1bc9a1b9418014a676502330,1267703,,,,,,,,,,,,,,,,,,,,,,,,,,,,,,,,,,,,,,,,,,,,,,,,,,,,,,,,,,,,,TN,TN
autoland,4768071,12,69b95d09da21c937720a8d3aaca237f47b683aa9,linux1804-64-shippable-qr,True,False,,,102210fe594ee9b33d82058545b1ed14f4c8206e,browser-toolbox.connect.DAMP,damp,True,damp browser-toolbox.connect.DAMP opt e10s fission stylo webrender-sw,4767235,77,ms,firefox,,1723074980,2023-07-04 22:23:26,1986.0462604999996,d335ae7e1399b25833efa8bd3ff64e79996654d6,1267704,,,,,,,,,,,,,,,,,,,,,,,,,,,,,,,,,,,,,,,,,,,,,,,,,,,,,,,,,,,,,TN,TN
autoland,4768071,12,69b95d09da21c937720a8d3aaca237f47b683aa9,linux1804-64-shippable-qr,True,False,,,102210fe594ee9b33d82058545b1ed14f4c8206e,browser-toolbox.connect.DAMP,damp,True,damp browser-toolbox.connect.DAMP opt e10s fission stylo webrender-sw,4767235,77,ms,firefox,,1723075870,2023-07-04 22:23:26,2014.2143390000276,d335ae7e1399b25833efa8bd3ff64e79996654d6,1267704,,,,,,,,,,,,,,,,,,,,,,,,,,,,,,,,,,,,,,,,,,,,,,,,,,,,,,,,,,,,,TN,TN
autoland,4768071,12,69b95d09da21c937720a8d3aaca237f47b683aa9,linux1804-64-shippable-qr,True,False,,,102210fe594ee9b33d82058545b1ed14f4c8206e,browser-toolbox.connect.DAMP,damp,True,damp browser-toolbox.connect.DAMP opt e10s fission stylo webrender-sw,4767235,77,ms,firefox,,1723076535,2023-07-04 22:24:29,1955.8181285000028,79fd1aa3d835cd2f277f1c969efb4dbabb70ebed,1267705,,,,,,,,,,,,,,,,,,,,,,,,,,,,,,,,,,,,,,,,,,,,,,,,,,,,,,,,,,,,,TN,TN
autoland,4768071,12,69b95d09da21c937720a8d3aaca237f47b683aa9,linux1804-64-shippable-qr,True,False,,,102210fe594ee9b33d82058545b1ed14f4c8206e,browser-toolbox.connect.DAMP,damp,True,damp browser-toolbox.connect.DAMP opt e10s fission stylo webrender-sw,4767235,77,ms,firefox,,1723076577,2023-07-04 22:24:29,2000.6641194999972,79fd1aa3d835cd2f277f1c969efb4dbabb70ebed,1267705,,,,,,,,,,,,,,,,,,,,,,,,,,,,,,,,,,,,,,,,,,,,,,,,,,,,,,,,,,,,,TN,TN
autoland,4768071,12,69b95d09da21c937720a8d3aaca237f47b683aa9,linux1804-64-shippable-qr,True,False,,,102210fe594ee9b33d82058545b1ed14f4c8206e,browser-toolbox.connect.DAMP,damp,True,damp browser-toolbox.connect.DAMP opt e10s fission stylo webrender-sw,4767235,77,ms,firefox,,1723074571,2023-07-04 22:25:20,2018.4573004999984,02f123fa2258e7e8b40f6a11a6e7898b38c055ba,1267707,,,,,,,,,,,,,,,,,,,,,,,,,,,,,,,,,,,,,,,,,,,,,,,,,,,,,,,,,,,,,TN,TN
autoland,4768071,12,69b95d09da21c937720a8d3aaca237f47b683aa9,linux1804-64-shippable-qr,True,False,,,102210fe594ee9b33d82058545b1ed14f4c8206e,browser-toolbox.connect.DAMP,damp,True,damp browser-toolbox.connect.DAMP opt e10s fission stylo webrender-sw,4767235,77,ms,firefox,,1723074681,2023-07-04 22:25:20,1972.192011999985,02f123fa2258e7e8b40f6a11a6e7898b38c055ba,1267707,,,,,,,,,,,,,,,,,,,,,,,,,,,,,,,,,,,,,,,,,,,,,,,,,,,,,,,,,,,,,TN,TN
autoland,4768071,12,69b95d09da21c937720a8d3aaca237f47b683aa9,linux1804-64-shippable-qr,True,False,,,102210fe594ee9b33d82058545b1ed14f4c8206e,browser-toolbox.connect.DAMP,damp,True,damp browser-toolbox.connect.DAMP opt e10s fission stylo webrender-sw,4767235,77,ms,firefox,,1723076630,2023-07-04 22:28:23,1980.2549934999915,8b504e681c8a9b6b86dee738abbbeaa8653ad33c,1267709,,,,,,,,,,,,,,,,,,,,,,,,,,,,,,,,,,,,,,,,,,,,,,,,,,,,,,,,,,,,,TN,TN
autoland,4768071,12,69b95d09da21c937720a8d3aaca237f47b683aa9,linux1804-64-shippable-qr,True,False,,,102210fe594ee9b33d82058545b1ed14f4c8206e,browser-toolbox.connect.DAMP,damp,True,damp browser-toolbox.connect.DAMP opt e10s fission stylo webrender-sw,4767235,77,ms,firefox,,1723077410,2023-07-04 22:28:23,2013.923244000005,8b504e681c8a9b6b86dee738abbbeaa8653ad33c,1267709,,,,,,,,,,,,,,,,,,,,,,,,,,,,,,,,,,,,,,,,,,,,,,,,,,,,,,,,,,,,,TN,TN
autoland,4768071,12,69b95d09da21c937720a8d3aaca237f47b683aa9,linux1804-64-shippable-qr,True,False,,,102210fe594ee9b33d82058545b1ed14f4c8206e,browser-toolbox.connect.DAMP,damp,True,damp browser-toolbox.connect.DAMP opt e10s fission stylo webrender-sw,4767235,77,ms,firefox,,1723077096,2023-07-04 22:34:13,1945.3665104999964,088b1611348a45bc62d793f3851a16a12156bbba,1267713,,,,,,,,,,,,,,,,,,,,,,,,,,,,,,,,,,,,,,,,,,,,,,,,,,,,,,,,,,,,,TN,TN
autoland,4768071,12,69b95d09da21c937720a8d3aaca237f47b683aa9,linux1804-64-shippable-qr,True,False,,,102210fe594ee9b33d82058545b1ed14f4c8206e,browser-toolbox.connect.DAMP,damp,True,damp browser-toolbox.connect.DAMP opt e10s fission stylo webrender-sw,4767235,77,ms,firefox,,1723077008,2023-07-04 22:34:13,1956.955077000006,088b1611348a45bc62d793f3851a16a12156bbba,1267713,,,,,,,,,,,,,,,,,,,,,,,,,,,,,,,,,,,,,,,,,,,,,,,,,,,,,,,,,,,,,TN,TN
autoland,4768071,12,69b95d09da21c937720a8d3aaca237f47b683aa9,linux1804-64-shippable-qr,True,False,,,102210fe594ee9b33d82058545b1ed14f4c8206e,browser-toolbox.connect.DAMP,damp,True,damp browser-toolbox.connect.DAMP opt e10s fission stylo webrender-sw,4767235,77,ms,firefox,,1723077465,2023-07-04 22:39:56,1990.7915389999907,6a29c0b6c038b8623b1a5b6f7722791a7ea60141,1267715,,,,,,,,,,,,,,,,,,,,,,,,,,,,,,,,,,,,,,,,,,,,,,,,,,,,,,,,,,,,,TN,TN
autoland,4768071,12,69b95d09da21c937720a8d3aaca237f47b683aa9,linux1804-64-shippable-qr,True,False,,,102210fe594ee9b33d82058545b1ed14f4c8206e,browser-toolbox.connect.DAMP,damp,True,damp browser-toolbox.connect.DAMP opt e10s fission stylo webrender-sw,4767235,77,ms,firefox,,1723077745,2023-07-04 22:39:56,1981.286038000013,6a29c0b6c038b8623b1a5b6f7722791a7ea60141,1267715,,,,,,,,,,,,,,,,,,,,,,,,,,,,,,,,,,,,,,,,,,,,,,,,,,,,,,,,,,,,,TN,TN
autoland,4768071,12,69b95d09da21c937720a8d3aaca237f47b683aa9,linux1804-64-shippable-qr,True,False,,,102210fe594ee9b33d82058545b1ed14f4c8206e,browser-toolbox.connect.DAMP,damp,True,damp browser-toolbox.connect.DAMP opt e10s fission stylo webrender-sw,4767235,77,ms,firefox,,1721365277,2023-07-04 23:33:38,2040.4933864999912,3639b6891b332ea6c4ffea87bb2d1139c38b781d,1267723,,,,,,,,,,,,,,,,,,,,,,,,,,,,,,,,,,,,,,,,,,,,,,,,,,,,,,,,,,,,,TN,TN
autoland,4768071,12,69b95d09da21c937720a8d3aaca237f47b683aa9,linux1804-64-shippable-qr,True,False,,,102210fe594ee9b33d82058545b1ed14f4c8206e,browser-toolbox.connect.DAMP,damp,True,damp browser-toolbox.connect.DAMP opt e10s fission stylo webrender-sw,4767235,77,ms,firefox,,1723077983,2023-07-05 01:05:25,1969.1559704999963,bcbd4d16edf07012b460d5e3896c378774300bb0,1267737,,,,,,,,,,,,,,,,,,,,,,,,,,,,,,,,,,,,,,,,,,,,,,,,,,,,,,,,,,,,,TN,TN
autoland,4768071,12,69b95d09da21c937720a8d3aaca237f47b683aa9,linux1804-64-shippable-qr,True,False,,,102210fe594ee9b33d82058545b1ed14f4c8206e,browser-toolbox.connect.DAMP,damp,True,damp browser-toolbox.connect.DAMP opt e10s fission stylo webrender-sw,4767235,77,ms,firefox,,1721449720,2023-07-05 03:49:13,1952.8365679999988,243ab04b37e31315f3db16a95bf6535124d9edda,1267756,,,,,,,,,,,,,,,,,,,,,,,,,,,,,,,,,,,,,,,,,,,,,,,,,,,,,,,,,,,,,TN,TN
autoland,4768071,12,69b95d09da21c937720a8d3aaca237f47b683aa9,linux1804-64-shippable-qr,True,False,,,102210fe594ee9b33d82058545b1ed14f4c8206e,browser-toolbox.connect.DAMP,damp,True,damp browser-toolbox.connect.DAMP opt e10s fission stylo webrender-sw,4767235,77,ms,firefox,,1723115743,2023-07-05 04:22:15,2000.7814495000057,7e02bf68fd17737bc5e37040e3cb2789e5b87b4a,1267760,,,,,,,,,,,,,,,,,,,,,,,,,,,,,,,,,,,,,,,,,,,,,,,,,,,,,,,,,,,,,TN,TN
autoland,4768071,12,69b95d09da21c937720a8d3aaca237f47b683aa9,linux1804-64-shippable-qr,True,False,,,102210fe594ee9b33d82058545b1ed14f4c8206e,browser-toolbox.connect.DAMP,damp,True,damp browser-toolbox.connect.DAMP opt e10s fission stylo webrender-sw,4767235,77,ms,firefox,,1723115169,2023-07-05 05:49:28,1952.2336760000037,e3964660f1211615723564e77f7781dadacee0e5,1267770,,,,,,,,,,,,,,,,,,,,,,,,,,,,,,,,,,,,,,,,,,,,,,,,,,,,,,,,,,,,,TN,TN
autoland,4768071,12,69b95d09da21c937720a8d3aaca237f47b683aa9,linux1804-64-shippable-qr,True,False,,,102210fe594ee9b33d82058545b1ed14f4c8206e,browser-toolbox.connect.DAMP,damp,True,damp browser-toolbox.connect.DAMP opt e10s fission stylo webrender-sw,4767235,77,ms,firefox,,1723114355,2023-07-05 06:00:26,1990.5772829999917,4a29b0f689d166fde288d25efe1d8a0ed3361f9f,1267773,,,,,,,,,,,,,,,,,,,,,,,,,,,,,,,,,,,,,,,,,,,,,,,,,,,,,,,,,,,,,TN,TN
autoland,4768071,12,69b95d09da21c937720a8d3aaca237f47b683aa9,linux1804-64-shippable-qr,True,False,,,102210fe594ee9b33d82058545b1ed14f4c8206e,browser-toolbox.connect.DAMP,damp,True,damp browser-toolbox.connect.DAMP opt e10s fission stylo webrender-sw,4767235,77,ms,firefox,,1723115949,2023-07-05 06:02:43,1974.3910259999973,c72e45d169698edf947e55b4bc659ca99d136049,1267775,,,,,,,,,,,,,,,,,,,,,,,,,,,,,,,,,,,,,,,,,,,,,,,,,,,,,,,,,,,,,TN,TN
autoland,4768071,12,69b95d09da21c937720a8d3aaca237f47b683aa9,linux1804-64-shippable-qr,True,False,,,102210fe594ee9b33d82058545b1ed14f4c8206e,browser-toolbox.connect.DAMP,damp,True,damp browser-toolbox.connect.DAMP opt e10s fission stylo webrender-sw,4767235,77,ms,firefox,,1723116001,2023-07-05 06:07:30,1985.150420499965,3ca643b638186c36036dcd8e191da96efda9f2c8,1267776,,,,,,,,,,,,,,,,,,,,,,,,,,,,,,,,,,,,,,,,,,,,,,,,,,,,,,,,,,,,,TN,TN
autoland,4768071,12,69b95d09da21c937720a8d3aaca237f47b683aa9,linux1804-64-shippable-qr,True,False,,,102210fe594ee9b33d82058545b1ed14f4c8206e,browser-toolbox.connect.DAMP,damp,True,damp browser-toolbox.connect.DAMP opt e10s fission stylo webrender-sw,4767235,77,ms,firefox,,1723116148,2023-07-05 06:49:03,1978.857766999994,14c71e8b2c75910a32f07e4d493b3516078c010d,1267780,,,,,,,,,,,,,,,,,,,,,,,,,,,,,,,,,,,,,,,,,,,,,,,,,,,,,,,,,,,,,TN,TN
autoland,4768071,12,69b95d09da21c937720a8d3aaca237f47b683aa9,linux1804-64-shippable-qr,True,False,,,102210fe594ee9b33d82058545b1ed14f4c8206e,browser-toolbox.connect.DAMP,damp,True,damp browser-toolbox.connect.DAMP opt e10s fission stylo webrender-sw,4767235,77,ms,firefox,,1723114291,2023-07-05 07:01:02,1957.363551500028,9a7487c0f0e80a303bf399a67140d1a06aa61537,1267781,,,,,,,,,,,,,,,,,,,,,,,,,,,,,,,,,,,,,,,,,,,,,,,,,,,,,,,,,,,,,TN,TN
autoland,4768071,12,69b95d09da21c937720a8d3aaca237f47b683aa9,linux1804-64-shippable-qr,True,False,,,102210fe594ee9b33d82058545b1ed14f4c8206e,browser-toolbox.connect.DAMP,damp,True,damp browser-toolbox.connect.DAMP opt e10s fission stylo webrender-sw,4767235,77,ms,firefox,,1723073342,2023-07-05 07:39:56,1957.9752399999925,38b13df05dd40dab0cd1eaba4f7248de589d99e8,1267790,,,,,,,,,,,,,,,,,,,,,,,,,,,,,,,,,,,,,,,,,,,,,,,,,,,,,,,,,,,,,TN,TN
autoland,4768071,12,69b95d09da21c937720a8d3aaca237f47b683aa9,linux1804-64-shippable-qr,True,False,,,102210fe594ee9b33d82058545b1ed14f4c8206e,browser-toolbox.connect.DAMP,damp,True,damp browser-toolbox.connect.DAMP opt e10s fission stylo webrender-sw,4767235,77,ms,firefox,,1723116092,2023-07-05 07:57:32,1941.3305094999812,aec57c7faed9d7639d7e1fbd936a8b38bc747e63,1267795,,,,,,,,,,,,,,,,,,,,,,,,,,,,,,,,,,,,,,,,,,,,,,,,,,,,,,,,,,,,,TN,TN
autoland,4768071,12,69b95d09da21c937720a8d3aaca237f47b683aa9,linux1804-64-shippable-qr,True,False,,,102210fe594ee9b33d82058545b1ed14f4c8206e,browser-toolbox.connect.DAMP,damp,True,damp browser-toolbox.connect.DAMP opt e10s fission stylo webrender-sw,4767235,77,ms,firefox,,1721543789,2023-07-05 07:58:23,1946.170326499996,9ab7ea679b12d7e209ada3534abf7baf704fe9d4,1267796,,,,,,,,,,,,,,,,,,,,,,,,,,,,,,,,,,,,,,,,,,,,,,,,,,,,,,,,,,,,,TN,TN
autoland,4768071,12,69b95d09da21c937720a8d3aaca237f47b683aa9,linux1804-64-shippable-qr,True,False,,,102210fe594ee9b33d82058545b1ed14f4c8206e,browser-toolbox.connect.DAMP,damp,True,damp browser-toolbox.connect.DAMP opt e10s fission stylo webrender-sw,4767235,77,ms,firefox,,1721581564,2023-07-05 09:46:48,1968.296106499998,e3f62ea4e59393fe53784906952e9a1417688db1,1267838,,,,,,,,,,,,,,,,,,,,,,,,,,,,,,,,,,,,,,,,,,,,,,,,,,,,,,,,,,,,,TN,TN
autoland,4768071,12,69b95d09da21c937720a8d3aaca237f47b683aa9,linux1804-64-shippable-qr,True,False,,,102210fe594ee9b33d82058545b1ed14f4c8206e,browser-toolbox.connect.DAMP,damp,True,damp browser-toolbox.connect.DAMP opt e10s fission stylo webrender-sw,4767235,77,ms,firefox,,1721714885,2023-07-05 14:18:53,1958.0194195000224,cee4ab20ddeef57e9b72447e753e72ed2eb244cf,1267963,,,,,,,,,,,,,,,,,,,,,,,,,,,,,,,,,,,,,,,,,,,,,,,,,,,,,,,,,,,,,TN,TN
autoland,4768071,12,69b95d09da21c937720a8d3aaca237f47b683aa9,linux1804-64-shippable-qr,True,False,,,102210fe594ee9b33d82058545b1ed14f4c8206e,browser-toolbox.connect.DAMP,damp,True,damp browser-toolbox.connect.DAMP opt e10s fission stylo webrender-sw,4767235,77,ms,firefox,,1722867778,2023-07-05 14:19:56,1966.8901400000177,5409ce5bbc96f5e669988fecfeda482b825c372a,1267964,,,,,,,,,,,,,,,,,,,,,,,,,,,,,,,,,,,,,,,,,,,,,,,,,,,,,,,,,,,,,TN,TN
autoland,4768071,12,69b95d09da21c937720a8d3aaca237f47b683aa9,linux1804-64-shippable-qr,True,False,,,102210fe594ee9b33d82058545b1ed14f4c8206e,browser-toolbox.connect.DAMP,damp,True,damp browser-toolbox.connect.DAMP opt e10s fission stylo webrender-sw,4767235,77,ms,firefox,,1722867721,2023-07-05 14:20:48,1962.111296000017,f7ee3b7391818ebc151d1aea94279ae4163d5b41,1267965,,,,,,,,,,,,,,,,,,,,,,,,,,,,,,,,,,,,,,,,,,,,,,,,,,,,,,,,,,,,,TN,TN
autoland,4768071,12,69b95d09da21c937720a8d3aaca237f47b683aa9,linux1804-64-shippable-qr,True,False,,,102210fe594ee9b33d82058545b1ed14f4c8206e,browser-toolbox.connect.DAMP,damp,True,damp browser-toolbox.connect.DAMP opt e10s fission stylo webrender-sw,4767235,77,ms,firefox,,1722868276,2023-07-05 14:21:38,1955.8321504999917,38b06f0c751021f94bebb032242b2326666ec476,1267967,,,,,,,,,,,,,,,,,,,,,,,,,,,,,,,,,,,,,,,,,,,,,,,,,,,,,,,,,,,,,TN,TN
autoland,4768071,12,69b95d09da21c937720a8d3aaca237f47b683aa9,linux1804-64-shippable-qr,True,False,,,102210fe594ee9b33d82058545b1ed14f4c8206e,browser-toolbox.connect.DAMP,damp,True,damp browser-toolbox.connect.DAMP opt e10s fission stylo webrender-sw,4767235,77,ms,firefox,,1722867595,2023-07-05 14:22:39,1952.7962784999984,27dfafd3d2a2efe57272d05468e809a8ab27dc57,1267968,,,,,,,,,,,,,,,,,,,,,,,,,,,,,,,,,,,,,,,,,,,,,,,,,,,,,,,,,,,,,TN,TN
autoland,4768071,12,69b95d09da21c937720a8d3aaca237f47b683aa9,linux1804-64-shippable-qr,True,False,,,102210fe594ee9b33d82058545b1ed14f4c8206e,browser-toolbox.connect.DAMP,damp,True,damp browser-toolbox.connect.DAMP opt e10s fission stylo webrender-sw,4767235,77,ms,firefox,,1722868621,2023-07-05 14:23:55,1962.4350929999928,8f7835cd7d0ccebe73f1ae422adea68ae4120403,1267969,,,,,,,,,,,,,,,,,,,,,,,,,,,,,,,,,,,,,,,,,,,,,,,,,,,,,,,,,,,,,TN,TN
autoland,4768071,12,69b95d09da21c937720a8d3aaca237f47b683aa9,linux1804-64-shippable-qr,True,False,,,102210fe594ee9b33d82058545b1ed14f4c8206e,browser-toolbox.connect.DAMP,damp,True,damp browser-toolbox.connect.DAMP opt e10s fission stylo webrender-sw,4767235,77,ms,firefox,,1722865815,2023-07-05 14:24:45,1740.599354499995,e4feb54cd43cf5f994e64363f5d192f5545f9fcf,1267970,,,,,,,,,,,,,,,,,,,,,,,,,,,,,,,,,,,,,,,,,,,,,,,,,,,,,,,,,,,,,TN,TN
autoland,4768071,12,69b95d09da21c937720a8d3aaca237f47b683aa9,linux1804-64-shippable-qr,True,False,,,102210fe594ee9b33d82058545b1ed14f4c8206e,browser-toolbox.connect.DAMP,damp,True,damp browser-toolbox.connect.DAMP opt e10s fission stylo webrender-sw,4767235,77,ms,firefox,,1722868753,2023-07-05 14:28:11,1946.098486999981,63c2183104b181c3082ebebd3afff8b039080652,1267972,,,,,,,,,,,,,,,,,,,,,,,,,,,,,,,,,,,,,,,,,,,,,,,,,,,,,,,,,,,,,TN,TN
autoland,4768071,12,69b95d09da21c937720a8d3aaca237f47b683aa9,linux1804-64-shippable-qr,True,False,,,102210fe594ee9b33d82058545b1ed14f4c8206e,browser-toolbox.connect.DAMP,damp,True,damp browser-toolbox.connect.DAMP opt e10s fission stylo webrender-sw,4767235,77,ms,firefox,,1722868951,2023-07-05 14:31:34,1972.7616250000135,e0d642bf72e6c9fc5149ee2d9bc95ee0e790c002,1267974,,,,,,,,,,,,,,,,,,,,,,,,,,,,,,,,,,,,,,,,,,,,,,,,,,,,,,,,,,,,,TN,TN
autoland,4768071,12,69b95d09da21c937720a8d3aaca237f47b683aa9,linux1804-64-shippable-qr,True,False,,,102210fe594ee9b33d82058545b1ed14f4c8206e,browser-toolbox.connect.DAMP,damp,True,damp browser-toolbox.connect.DAMP opt e10s fission stylo webrender-sw,4767235,77,ms,firefox,,1722869413,2023-07-05 14:33:40,1984.1387334999745,6f0fb39ed2208b9a890b7a96df7fe97053d3c37c,1267975,,,,,,,,,,,,,,,,,,,,,,,,,,,,,,,,,,,,,,,,,,,,,,,,,,,,,,,,,,,,,TN,TN
autoland,4768071,12,69b95d09da21c937720a8d3aaca237f47b683aa9,linux1804-64-shippable-qr,True,False,,,102210fe594ee9b33d82058545b1ed14f4c8206e,browser-toolbox.connect.DAMP,damp,True,damp browser-toolbox.connect.DAMP opt e10s fission stylo webrender-sw,4767235,77,ms,firefox,,1721730898,2023-07-05 14:38:06,1987.292090999996,4613dfbe6bc2e60b1159da46db2edee3018423e1,1267976,,,,,,,,,,,,,,,,,,,,,,,,,,,,,,,,,,,,,,,,,,,,,,,,,,,,,,,,,,,,,TN,TN
autoland,4768071,12,69b95d09da21c937720a8d3aaca237f47b683aa9,linux1804-64-shippable-qr,True,False,,,102210fe594ee9b33d82058545b1ed14f4c8206e,browser-toolbox.connect.DAMP,damp,True,damp browser-toolbox.connect.DAMP opt e10s fission stylo webrender-sw,4767235,77,ms,firefox,,1723107738,2023-07-05 15:40:57,1972.11441900002,95c936b7d536ff5c0b761109cf772d3ab6112d32,1268006,,,,,,,,,,,,,,,,,,,,,,,,,,,,,,,,,,,,,,,,,,,,,,,,,,,,,,,,,,,,,TN,TN
autoland,4768071,12,69b95d09da21c937720a8d3aaca237f47b683aa9,linux1804-64-shippable-qr,True,False,,,102210fe594ee9b33d82058545b1ed14f4c8206e,browser-toolbox.connect.DAMP,damp,True,damp browser-toolbox.connect.DAMP opt e10s fission stylo webrender-sw,4767235,77,ms,firefox,,1723105622,2023-07-05 15:42:18,1969.9190645000344,9fa248115d04c4c176d45c9843ac4f4e4c91c35f,1268009,,,,,,,,,,,,,,,,,,,,,,,,,,,,,,,,,,,,,,,,,,,,,,,,,,,,,,,,,,,,,TN,TN
autoland,4768071,12,69b95d09da21c937720a8d3aaca237f47b683aa9,linux1804-64-shippable-qr,True,False,,,102210fe594ee9b33d82058545b1ed14f4c8206e,browser-toolbox.connect.DAMP,damp,True,damp browser-toolbox.connect.DAMP opt e10s fission stylo webrender-sw,4767235,77,ms,firefox,,1723104657,2023-07-05 15:43:36,1956.7032114999963,ad7e8a2b535b206b4c64d764a65a3bfcd1048a3b,1268011,,,,,,,,,,,,,,,,,,,,,,,,,,,,,,,,,,,,,,,,,,,,,,,,,,,,,,,,,,,,,TN,TN
autoland,4768071,12,69b95d09da21c937720a8d3aaca237f47b683aa9,linux1804-64-shippable-qr,True,False,,,102210fe594ee9b33d82058545b1ed14f4c8206e,browser-toolbox.connect.DAMP,damp,True,damp browser-toolbox.connect.DAMP opt e10s fission stylo webrender-sw,4767235,77,ms,firefox,,1723104845,2023-07-05 15:46:19,1965.4217629999985,5f3bdce0e3a185c78db0aeda1ae577216309e7eb,1268013,,,,,,,,,,,,,,,,,,,,,,,,,,,,,,,,,,,,,,,,,,,,,,,,,,,,,,,,,,,,,TN,TN
autoland,4768071,12,69b95d09da21c937720a8d3aaca237f47b683aa9,linux1804-64-shippable-qr,True,False,,,102210fe594ee9b33d82058545b1ed14f4c8206e,browser-toolbox.connect.DAMP,damp,True,damp browser-toolbox.connect.DAMP opt e10s fission stylo webrender-sw,4767235,77,ms,firefox,,1723104010,2023-07-05 15:50:52,1949.1560599999796,b87c580577d02fb9d1b6f888cacb9db69a443e5a,1268018,,,,,,,,,,,,,,,,,,,,,,,,,,,,,,,,,,,,,,,,,,,,,,,,,,,,,,,,,,,,,TN,TN
autoland,4768071,12,69b95d09da21c937720a8d3aaca237f47b683aa9,linux1804-64-shippable-qr,True,False,,,102210fe594ee9b33d82058545b1ed14f4c8206e,browser-toolbox.connect.DAMP,damp,True,damp browser-toolbox.connect.DAMP opt e10s fission stylo webrender-sw,4767235,77,ms,firefox,,1723103652,2023-07-05 15:58:48,1996.4983234999816,b2154b397ef787592eb1b88ebade9957d33df816,1268023,,,,,,,,,,,,,,,,,,,,,,,,,,,,,,,,,,,,,,,,,,,,,,,,,,,,,,,,,,,,,TN,TN
autoland,4768071,12,69b95d09da21c937720a8d3aaca237f47b683aa9,linux1804-64-shippable-qr,True,False,,,102210fe594ee9b33d82058545b1ed14f4c8206e,browser-toolbox.connect.DAMP,damp,True,damp browser-toolbox.connect.DAMP opt e10s fission stylo webrender-sw,4767235,77,ms,firefox,,1723104903,2023-07-05 16:51:22,1947.5995934999955,0f08c46deb0e9d27840717141cc877b4a0d54e23,1268046,,,,,,,,,,,,,,,,,,,,,,,,,,,,,,,,,,,,,,,,,,,,,,,,,,,,,,,,,,,,,TN,TN
autoland,4768071,12,69b95d09da21c937720a8d3aaca237f47b683aa9,linux1804-64-shippable-qr,True,False,,,102210fe594ee9b33d82058545b1ed14f4c8206e,browser-toolbox.connect.DAMP,damp,True,damp browser-toolbox.connect.DAMP opt e10s fission stylo webrender-sw,4767235,77,ms,firefox,,1722868549,2023-07-05 18:20:19,1952.65672850002,0e8e81c68d5f2b8d0058d18c9692c610f37b52bc,1268114,,,,,,,,,,,,,,,,,,,,,,,,,,,,,,,,,,,,,,,,,,,,,,,,,,,,,,,,,,,,,TN,TN
autoland,4768071,12,69b95d09da21c937720a8d3aaca237f47b683aa9,linux1804-64-shippable-qr,True,False,,,102210fe594ee9b33d82058545b1ed14f4c8206e,browser-toolbox.connect.DAMP,damp,True,damp browser-toolbox.connect.DAMP opt e10s fission stylo webrender-sw,4767235,77,ms,firefox,,1722868338,2023-07-05 18:21:18,1965.1589865000133,09daa709ca35269c0786a2a9f717b1b55a1a4387,1268116,,,,,,,,,,,,,,,,,,,,,,,,,,,,,,,,,,,,,,,,,,,,,,,,,,,,,,,,,,,,,TN,TN
autoland,4768071,12,69b95d09da21c937720a8d3aaca237f47b683aa9,linux1804-64-shippable-qr,True,False,,,102210fe594ee9b33d82058545b1ed14f4c8206e,browser-toolbox.connect.DAMP,damp,True,damp browser-toolbox.connect.DAMP opt e10s fission stylo webrender-sw,4767235,77,ms,firefox,,1722868472,2023-07-05 18:22:09,1964.959431500014,b94ebbc25e0365a900ce1cffc0085f040062a832,1268119,,,,,,,,,,,,,,,,,,,,,,,,,,,,,,,,,,,,,,,,,,,,,,,,,,,,,,,,,,,,,TN,TN
autoland,4768071,12,69b95d09da21c937720a8d3aaca237f47b683aa9,linux1804-64-shippable-qr,True,False,,,102210fe594ee9b33d82058545b1ed14f4c8206e,browser-toolbox.connect.DAMP,damp,True,damp browser-toolbox.connect.DAMP opt e10s fission stylo webrender-sw,4767235,77,ms,firefox,,1722868895,2023-07-05 18:23:02,1987.3837645000167,93ab703992f90d1e0ae2314686183e1bb08febd9,1268120,,,,,,,,,,,,,,,,,,,,,,,,,,,,,,,,,,,,,,,,,,,,,,,,,,,,,,,,,,,,,TN,TN
autoland,4768071,12,69b95d09da21c937720a8d3aaca237f47b683aa9,linux1804-64-shippable-qr,True,False,,,102210fe594ee9b33d82058545b1ed14f4c8206e,browser-toolbox.connect.DAMP,damp,True,damp browser-toolbox.connect.DAMP opt e10s fission stylo webrender-sw,4767235,77,ms,firefox,,1722869112,2023-07-05 18:23:58,1946.7895360000111,6e7721ce39246523853331c2ac40e5783554f51c,1268121,,,,,,,,,,,,,,,,,,,,,,,,,,,,,,,,,,,,,,,,,,,,,,,,,,,,,,,,,,,,,TN,TN
autoland,4768071,12,69b95d09da21c937720a8d3aaca237f47b683aa9,linux1804-64-shippable-qr,True,False,,,102210fe594ee9b33d82058545b1ed14f4c8206e,browser-toolbox.connect.DAMP,damp,True,damp browser-toolbox.connect.DAMP opt e10s fission stylo webrender-sw,4767235,77,ms,firefox,,1722869057,2023-07-05 18:24:55,1971.4495310000057,c7fe6d85db557608216cb2e870d26127bf42dfbe,1268124,,,,,,,,,,,,,,,,,,,,,,,,,,,,,,,,,,,,,,,,,,,,,,,,,,,,,,,,,,,,,TN,TN
autoland,4768071,12,69b95d09da21c937720a8d3aaca237f47b683aa9,linux1804-64-shippable-qr,True,False,,,102210fe594ee9b33d82058545b1ed14f4c8206e,browser-toolbox.connect.DAMP,damp,True,damp browser-toolbox.connect.DAMP opt e10s fission stylo webrender-sw,4767235,77,ms,firefox,,1722868831,2023-07-05 18:25:49,1997.3522274999705,8efc65a77701390b2bd18840ac0b5e19d292abf5,1268125,,,,,,,,,,,,,,,,,,,,,,,,,,,,,,,,,,,,,,,,,,,,,,,,,,,,,,,,,,,,,TN,TN
autoland,4768071,12,69b95d09da21c937720a8d3aaca237f47b683aa9,linux1804-64-shippable-qr,True,False,,,102210fe594ee9b33d82058545b1ed14f4c8206e,browser-toolbox.connect.DAMP,damp,True,damp browser-toolbox.connect.DAMP opt e10s fission stylo webrender-sw,4767235,77,ms,firefox,,1722869004,2023-07-05 18:26:40,1976.7087935000052,79bdd5a85918f7de7c26f8c592b1cc9858404734,1268127,,,,,,,,,,,,,,,,,,,,,,,,,,,,,,,,,,,,,,,,,,,,,,,,,,,,,,,,,,,,,TN,TN
autoland,4768071,12,69b95d09da21c937720a8d3aaca237f47b683aa9,linux1804-64-shippable-qr,True,False,,,102210fe594ee9b33d82058545b1ed14f4c8206e,browser-toolbox.connect.DAMP,damp,True,damp browser-toolbox.connect.DAMP opt e10s fission stylo webrender-sw,4767235,77,ms,firefox,,1722868678,2023-07-05 18:28:34,1957.368493499962,c744a2111c3b894f66af628b182eb0ae80b9a70f,1268129,,,,,,,,,,,,,,,,,,,,,,,,,,,,,,,,,,,,,,,,,,,,,,,,,,,,,,,,,,,,,TN,TN
autoland,4768071,12,69b95d09da21c937720a8d3aaca237f47b683aa9,linux1804-64-shippable-qr,True,False,,,102210fe594ee9b33d82058545b1ed14f4c8206e,browser-toolbox.connect.DAMP,damp,True,damp browser-toolbox.connect.DAMP opt e10s fission stylo webrender-sw,4767235,77,ms,firefox,,1721882596,2023-07-05 18:29:49,1974.6283784999976,674dc1b6026b9fc62707f0df292dfaf1ba6557f1,1268132,,,,,,,,,,,,,,,,,,,,,,,,,,,,,,,,,,,,,,,,,,,,,,,,,,,,,,,,,,,,,TN,TN
autoland,4768071,12,69b95d09da21c937720a8d3aaca237f47b683aa9,linux1804-64-shippable-qr,True,False,,,102210fe594ee9b33d82058545b1ed14f4c8206e,browser-toolbox.connect.DAMP,damp,True,damp browser-toolbox.connect.DAMP opt e10s fission stylo webrender-sw,4767235,77,ms,firefox,,1722879602,2023-07-05 20:52:26,2023.8791640000272,73ee623a68c47f911e711f01db46952c5d4d55bd,1268222,,,,,,,,,,,,,,,,,,,,,,,,,,,,,,,,,,,,,,,,,,,,,,,,,,,,,,,,,,,,,TN,TN
autoland,4768071,12,69b95d09da21c937720a8d3aaca237f47b683aa9,linux1804-64-shippable-qr,True,False,,,102210fe594ee9b33d82058545b1ed14f4c8206e,browser-toolbox.connect.DAMP,damp,True,damp browser-toolbox.connect.DAMP opt e10s fission stylo webrender-sw,4767235,77,ms,firefox,,1722879222,2023-07-05 20:55:17,1953.369761000009,e9251e249c27a9f695341d5ba28a9a04e3ebd6a7,1268226,,,,,,,,,,,,,,,,,,,,,,,,,,,,,,,,,,,,,,,,,,,,,,,,,,,,,,,,,,,,,TN,TN
autoland,4768071,12,69b95d09da21c937720a8d3aaca237f47b683aa9,linux1804-64-shippable-qr,True,False,,,102210fe594ee9b33d82058545b1ed14f4c8206e,browser-toolbox.connect.DAMP,damp,True,damp browser-toolbox.connect.DAMP opt e10s fission stylo webrender-sw,4767235,77,ms,firefox,,1722908632,2023-07-05 20:56:12,1979.6600854999924,0f0668b2eeb544fddd48900cc975ecf764d03b2a,1268227,,,,,,,,,,,,,,,,,,,,,,,,,,,,,,,,,,,,,,,,,,,,,,,,,,,,,,,,,,,,,TN,TN
autoland,4768071,12,69b95d09da21c937720a8d3aaca237f47b683aa9,linux1804-64-shippable-qr,True,False,,,102210fe594ee9b33d82058545b1ed14f4c8206e,browser-toolbox.connect.DAMP,damp,True,damp browser-toolbox.connect.DAMP opt e10s fission stylo webrender-sw,4767235,77,ms,firefox,,1722918881,2023-07-05 20:57:08,1974.7995004999937,7e78cd8ecee6c5b404d69dc9c74be7b91ab9d3a5,1268229,,,,,,,,,,,,,,,,,,,,,,,,,,,,,,,,,,,,,,,,,,,,,,,,,,,,,,,,,,,,,TN,TN
autoland,4768071,12,69b95d09da21c937720a8d3aaca237f47b683aa9,linux1804-64-shippable-qr,True,False,,,102210fe594ee9b33d82058545b1ed14f4c8206e,browser-toolbox.connect.DAMP,damp,True,damp browser-toolbox.connect.DAMP opt e10s fission stylo webrender-sw,4767235,77,ms,firefox,,1722884917,2023-07-05 20:58:25,1963.0107909999788,548365f1d102075b3ec1ade2bf5907142e343580,1268230,,,,,,,,,,,,,,,,,,,,,,,,,,,,,,,,,,,,,,,,,,,,,,,,,,,,,,,,,,,,,TN,TN
autoland,4768071,12,69b95d09da21c937720a8d3aaca237f47b683aa9,linux1804-64-shippable-qr,True,False,,,102210fe594ee9b33d82058545b1ed14f4c8206e,browser-toolbox.connect.DAMP,damp,True,damp browser-toolbox.connect.DAMP opt e10s fission stylo webrender-sw,4767235,77,ms,firefox,,1722887249,2023-07-05 20:59:19,1956.6801115000128,a60baa68669b1d5df71edae212b893831d2aa02c,1268231,,,,,,,,,,,,,,,,,,,,,,,,,,,,,,,,,,,,,,,,,,,,,,,,,,,,,,,,,,,,,TN,TN
autoland,4768071,12,69b95d09da21c937720a8d3aaca237f47b683aa9,linux1804-64-shippable-qr,True,False,,,102210fe594ee9b33d82058545b1ed14f4c8206e,browser-toolbox.connect.DAMP,damp,True,damp browser-toolbox.connect.DAMP opt e10s fission stylo webrender-sw,4767235,77,ms,firefox,,1722881475,2023-07-05 21:00:10,1944.546634000028,6d2d5f1d2f9d772cf23e24fb68aaaf4d8fe7466d,1268232,,,,,,,,,,,,,,,,,,,,,,,,,,,,,,,,,,,,,,,,,,,,,,,,,,,,,,,,,,,,,TN,TN
autoland,4768071,12,69b95d09da21c937720a8d3aaca237f47b683aa9,linux1804-64-shippable-qr,True,False,,,102210fe594ee9b33d82058545b1ed14f4c8206e,browser-toolbox.connect.DAMP,damp,True,damp browser-toolbox.connect.DAMP opt e10s fission stylo webrender-sw,4767235,77,ms,firefox,,1722880062,2023-07-05 21:01:13,1964.6413420000024,b5482dea9fce37f40cc9a27c2851a416b80a0ee7,1268234,,,,,,,,,,,,,,,,,,,,,,,,,,,,,,,,,,,,,,,,,,,,,,,,,,,,,,,,,,,,,TN,TN
autoland,4768071,12,69b95d09da21c937720a8d3aaca237f47b683aa9,linux1804-64-shippable-qr,True,False,,,102210fe594ee9b33d82058545b1ed14f4c8206e,browser-toolbox.connect.DAMP,damp,True,damp browser-toolbox.connect.DAMP opt e10s fission stylo webrender-sw,4767235,77,ms,firefox,,1722877008,2023-07-05 21:02:13,1967.065688999988,0e87ff548b9093f591e1fa73577c116547bcc045,1268235,,,,,,,,,,,,,,,,,,,,,,,,,,,,,,,,,,,,,,,,,,,,,,,,,,,,,,,,,,,,,TN,TN
autoland,4768071,12,69b95d09da21c937720a8d3aaca237f47b683aa9,linux1804-64-shippable-qr,True,False,,,102210fe594ee9b33d82058545b1ed14f4c8206e,browser-toolbox.connect.DAMP,damp,True,damp browser-toolbox.connect.DAMP opt e10s fission stylo webrender-sw,4767235,77,ms,firefox,,1721919566,2023-07-05 21:03:11,1957.4046975000088,712427656ebd8d82b78a42d8e45b973aa7c220d7,1268236,,,,,,,,,,,,,,,,,,,,,,,,,,,,,,,,,,,,,,,,,,,,,,,,,,,,,,,,,,,,,TN,TN
autoland,4768071,12,69b95d09da21c937720a8d3aaca237f47b683aa9,linux1804-64-shippable-qr,True,False,,,102210fe594ee9b33d82058545b1ed14f4c8206e,browser-toolbox.connect.DAMP,damp,True,damp browser-toolbox.connect.DAMP opt e10s fission stylo webrender-sw,4767235,77,ms,firefox,,1722912688,2023-07-05 22:32:47,1954.2172054999971,e12e730ee31126f75a305775c8d9e84125f79890,1268279,,,,,,,,,,,,,,,,,,,,,,,,,,,,,,,,,,,,,,,,,,,,,,,,,,,,,,,,,,,,,TN,TN
autoland,4768071,12,69b95d09da21c937720a8d3aaca237f47b683aa9,linux1804-64-shippable-qr,True,False,,,102210fe594ee9b33d82058545b1ed14f4c8206e,browser-toolbox.connect.DAMP,damp,True,damp browser-toolbox.connect.DAMP opt e10s fission stylo webrender-sw,4767235,77,ms,firefox,,1722933332,2023-07-05 22:34:28,1945.8794619999967,2ea8f35756209d8f6bd78199432e08c248d4f90f,1268280,,,,,,,,,,,,,,,,,,,,,,,,,,,,,,,,,,,,,,,,,,,,,,,,,,,,,,,,,,,,,TN,TN
autoland,4768071,12,69b95d09da21c937720a8d3aaca237f47b683aa9,linux1804-64-shippable-qr,True,False,,,102210fe594ee9b33d82058545b1ed14f4c8206e,browser-toolbox.connect.DAMP,damp,True,damp browser-toolbox.connect.DAMP opt e10s fission stylo webrender-sw,4767235,77,ms,firefox,,1722914139,2023-07-05 22:35:19,1976.5074945000088,9aecd29d3377bef23aa1daa28ab78722509dc019,1268281,,,,,,,,,,,,,,,,,,,,,,,,,,,,,,,,,,,,,,,,,,,,,,,,,,,,,,,,,,,,,TN,TN
autoland,4768071,12,69b95d09da21c937720a8d3aaca237f47b683aa9,linux1804-64-shippable-qr,True,False,,,102210fe594ee9b33d82058545b1ed14f4c8206e,browser-toolbox.connect.DAMP,damp,True,damp browser-toolbox.connect.DAMP opt e10s fission stylo webrender-sw,4767235,77,ms,firefox,,1722914358,2023-07-05 22:36:28,1988.695957500022,4c734e25263096799e6eb1f430c92e69443d5144,1268282,,,,,,,,,,,,,,,,,,,,,,,,,,,,,,,,,,,,,,,,,,,,,,,,,,,,,,,,,,,,,TN,TN
autoland,4768071,12,69b95d09da21c937720a8d3aaca237f47b683aa9,linux1804-64-shippable-qr,True,False,,,102210fe594ee9b33d82058545b1ed14f4c8206e,browser-toolbox.connect.DAMP,damp,True,damp browser-toolbox.connect.DAMP opt e10s fission stylo webrender-sw,4767235,77,ms,firefox,,1722913008,2023-07-05 22:53:13,1974.7756085000076,8957a62b3ade02160943e6768e5a46441a56b3ab,1268292,,,,,,,,,,,,,,,,,,,,,,,,,,,,,,,,,,,,,,,,,,,,,,,,,,,,,,,,,,,,,TN,TN
autoland,4768071,12,69b95d09da21c937720a8d3aaca237f47b683aa9,linux1804-64-shippable-qr,True,False,,,102210fe594ee9b33d82058545b1ed14f4c8206e,browser-toolbox.connect.DAMP,damp,True,damp browser-toolbox.connect.DAMP opt e10s fission stylo webrender-sw,4767235,77,ms,firefox,,1722917196,2023-07-05 23:13:33,1985.176597000005,11cd360b1745940041f9dac35738bbd36bdc6999,1268301,,,,,,,,,,,,,,,,,,,,,,,,,,,,,,,,,,,,,,,,,,,,,,,,,,,,,,,,,,,,,TN,TN
autoland,4768071,12,69b95d09da21c937720a8d3aaca237f47b683aa9,linux1804-64-shippable-qr,True,False,,,102210fe594ee9b33d82058545b1ed14f4c8206e,browser-toolbox.connect.DAMP,damp,True,damp browser-toolbox.connect.DAMP opt e10s fission stylo webrender-sw,4767235,77,ms,firefox,,1722911174,2023-07-05 23:25:47,1729.7942345000192,83d2865e9b1d3015c4e2c3377cdaa48efc6c413d,1268304,,,,,,,,,,,,,,,,,,,,,,,,,,,,,,,,,,,,,,,,,,,,,,,,,,,,,,,,,,,,,TN,TN
autoland,4768071,12,69b95d09da21c937720a8d3aaca237f47b683aa9,linux1804-64-shippable-qr,True,False,,,102210fe594ee9b33d82058545b1ed14f4c8206e,browser-toolbox.connect.DAMP,damp,True,damp browser-toolbox.connect.DAMP opt e10s fission stylo webrender-sw,4767235,77,ms,firefox,,1722869192,2023-07-06 00:11:42,1990.320926500019,67bb53c9cb10a8b606a7a853694b209aaf2f580f,1268318,,,,,,,,,,,,,,,,,,,,,,,,,,,,,,,,,,,,,,,,,,,,,,,,,,,,,,,,,,,,,TN,TN
autoland,4768071,12,69b95d09da21c937720a8d3aaca237f47b683aa9,linux1804-64-shippable-qr,True,False,,,102210fe594ee9b33d82058545b1ed14f4c8206e,browser-toolbox.connect.DAMP,damp,True,damp browser-toolbox.connect.DAMP opt e10s fission stylo webrender-sw,4767235,77,ms,firefox,,1722920197,2023-07-06 01:00:40,1963.915691000002,0e5963968c3c430828d9ddeb8a55a3d3be3b5b5b,1268347,,,,,,,,,,,,,,,,,,,,,,,,,,,,,,,,,,,,,,,,,,,,,,,,,,,,,,,,,,,,,TN,TN
autoland,4768071,12,69b95d09da21c937720a8d3aaca237f47b683aa9,linux1804-64-shippable-qr,True,False,,,102210fe594ee9b33d82058545b1ed14f4c8206e,browser-toolbox.connect.DAMP,damp,True,damp browser-toolbox.connect.DAMP opt e10s fission stylo webrender-sw,4767235,77,ms,firefox,,1722020092,2023-07-06 01:07:34,1962.4562365000163,a0647e42fb1f509d753d2baacd7858b3ee9a8821,1268349,,,,,,,,,,,,,,,,,,,,,,,,,,,,,,,,,,,,,,,,,,,,,,,,,,,,,,,,,,,,,TN,TN
autoland,4768071,12,69b95d09da21c937720a8d3aaca237f47b683aa9,linux1804-64-shippable-qr,True,False,,,102210fe594ee9b33d82058545b1ed14f4c8206e,browser-toolbox.connect.DAMP,damp,True,damp browser-toolbox.connect.DAMP opt e10s fission stylo webrender-sw,4767235,77,ms,firefox,,1723082940,2023-07-06 01:35:43,1975.5557654999864,735a904af505f8c11eb7f5b764e76d058cae4cf7,1268355,,,,,,,,,,,,,,,,,,,,,,,,,,,,,,,,,,,,,,,,,,,,,,,,,,,,,,,,,,,,,TN,TN
autoland,4768071,12,69b95d09da21c937720a8d3aaca237f47b683aa9,linux1804-64-shippable-qr,True,False,,,102210fe594ee9b33d82058545b1ed14f4c8206e,browser-toolbox.connect.DAMP,damp,True,damp browser-toolbox.connect.DAMP opt e10s fission stylo webrender-sw,4767235,77,ms,firefox,,1723082642,2023-07-06 01:49:51,1965.643979500004,fdcac5f186cb2394b6a7e9a0f03bacd38edff404,1268362,,,,,,,,,,,,,,,,,,,,,,,,,,,,,,,,,,,,,,,,,,,,,,,,,,,,,,,,,,,,,TN,TN
autoland,4768071,12,69b95d09da21c937720a8d3aaca237f47b683aa9,linux1804-64-shippable-qr,True,False,,,102210fe594ee9b33d82058545b1ed14f4c8206e,browser-toolbox.connect.DAMP,damp,True,damp browser-toolbox.connect.DAMP opt e10s fission stylo webrender-sw,4767235,77,ms,firefox,,1723082835,2023-07-06 02:31:03,1992.677702999994,07bc853b8799270e182342be68ddcfca8acb2f28,1268376,,,,,,,,,,,,,,,,,,,,,,,,,,,,,,,,,,,,,,,,,,,,,,,,,,,,,,,,,,,,,TN,TN
autoland,4768071,12,69b95d09da21c937720a8d3aaca237f47b683aa9,linux1804-64-shippable-qr,True,False,,,102210fe594ee9b33d82058545b1ed14f4c8206e,browser-toolbox.connect.DAMP,damp,True,damp browser-toolbox.connect.DAMP opt e10s fission stylo webrender-sw,4767235,77,ms,firefox,,1723081880,2023-07-06 02:35:37,1976.911919500024,ce5753685c87f3fbdaaee65c62d7ff1bd0f11637,1268377,,,,,,,,,,,,,,,,,,,,,,,,,,,,,,,,,,,,,,,,,,,,,,,,,,,,,,,,,,,,,TN,TN
autoland,4768071,12,69b95d09da21c937720a8d3aaca237f47b683aa9,linux1804-64-shippable-qr,True,False,,,102210fe594ee9b33d82058545b1ed14f4c8206e,browser-toolbox.connect.DAMP,damp,True,damp browser-toolbox.connect.DAMP opt e10s fission stylo webrender-sw,4767235,77,ms,firefox,,1723096871,2023-07-06 02:36:44,1982.0392309999952,c4d6ad7c5e4422f2d6de27f92bf53a776371b325,1268378,,,,,,,,,,,,,,,,,,,,,,,,,,,,,,,,,,,,,,,,,,,,,,,,,,,,,,,,,,,,,TN,TN
autoland,4768071,12,69b95d09da21c937720a8d3aaca237f47b683aa9,linux1804-64-shippable-qr,True,False,,,102210fe594ee9b33d82058545b1ed14f4c8206e,browser-toolbox.connect.DAMP,damp,True,damp browser-toolbox.connect.DAMP opt e10s fission stylo webrender-sw,4767235,77,ms,firefox,,1723120429,2023-07-06 04:33:00,1970.8675905000275,ea780120e917fde9c15efa6280fe41b198a1ec2a,1268395,,,,,,,,,,,,,,,,,,,,,,,,,,,,,,,,,,,,,,,,,,,,,,,,,,,,,,,,,,,,,TN,TN
autoland,4768071,12,69b95d09da21c937720a8d3aaca237f47b683aa9,linux1804-64-shippable-qr,True,False,,,102210fe594ee9b33d82058545b1ed14f4c8206e,browser-toolbox.connect.DAMP,damp,True,damp browser-toolbox.connect.DAMP opt e10s fission stylo webrender-sw,4767235,77,ms,firefox,,1722094348,2023-07-06 06:12:07,1988.245018999984,1ba8085e68676425907973397d26e7417c1c4a74,1268405,,,,,,,,,,,,,,,,,,,,,,,,,,,,,,,,,,,,,,,,,,,,,,,,,,,,,,,,,,,,,TN,TN
autoland,4768071,12,69b95d09da21c937720a8d3aaca237f47b683aa9,linux1804-64-shippable-qr,True,False,,,102210fe594ee9b33d82058545b1ed14f4c8206e,browser-toolbox.connect.DAMP,damp,True,damp browser-toolbox.connect.DAMP opt e10s fission stylo webrender-sw,4767235,77,ms,firefox,,1722207507,2023-07-06 11:48:20,1940.827724499992,becc2fa2c186914b1a887e40e6f0e9a6643273eb,1268565,,,,,,,,,,,,,,,,,,,,,,,,,,,,,,,,,,,,,,,,,,,,,,,,,,,,,,,,,,,,,TN,TN
autoland,4768071,12,69b95d09da21c937720a8d3aaca237f47b683aa9,linux1804-64-shippable-qr,True,False,,,102210fe594ee9b33d82058545b1ed14f4c8206e,browser-toolbox.connect.DAMP,damp,True,damp browser-toolbox.connect.DAMP opt e10s fission stylo webrender-sw,4767235,77,ms,firefox,,1722229101,2023-07-06 12:38:53,1950.5844039999647,5b919b11b30bcc659d499c9290a54c3f91d96bd2,1268598,,,,,,,,,,,,,,,,,,,,,,,,,,,,,,,,,,,,,,,,,,,,,,,,,,,,,,,,,,,,,TN,TN
autoland,4768071,12,69b95d09da21c937720a8d3aaca237f47b683aa9,linux1804-64-shippable-qr,True,False,,,102210fe594ee9b33d82058545b1ed14f4c8206e,browser-toolbox.connect.DAMP,damp,True,damp browser-toolbox.connect.DAMP opt e10s fission stylo webrender-sw,4767235,77,ms,firefox,,1722373240,2023-07-06 16:43:39,1955.724232000008,433f58fbe4180052220b584f15de1d1d6fda065a,1268777,,,,,,,,,,,,,,,,,,,,,,,,,,,,,,,,,,,,,,,,,,,,,,,,,,,,,,,,,,,,,TN,TN
autoland,4768071,12,69b95d09da21c937720a8d3aaca237f47b683aa9,linux1804-64-shippable-qr,True,False,,,102210fe594ee9b33d82058545b1ed14f4c8206e,browser-toolbox.connect.DAMP,damp,True,damp browser-toolbox.connect.DAMP opt e10s fission stylo webrender-sw,4767235,77,ms,firefox,,1722463030,2023-07-06 18:39:07,1975.9311289999896,08f072ae172f3d48b0361ca0d34ead8a0b254e60,1268845,,,,,,,,,,,,,,,,,,,,,,,,,,,,,,,,,,,,,,,,,,,,,,,,,,,,,,,,,,,,,TN,TN
autoland,4768071,12,69b95d09da21c937720a8d3aaca237f47b683aa9,linux1804-64-shippable-qr,True,False,,,102210fe594ee9b33d82058545b1ed14f4c8206e,browser-toolbox.connect.DAMP,damp,True,damp browser-toolbox.connect.DAMP opt e10s fission stylo webrender-sw,4767235,77,ms,firefox,,1722518516,2023-07-06 20:44:41,1965.9581400000025,2c6190b6ecb6ab8933a296c08e753c060a3c2e9b,1268939,,,,,,,,,,,,,,,,,,,,,,,,,,,,,,,,,,,,,,,,,,,,,,,,,,,,,,,,,,,,,TN,TN
autoland,4768071,12,69b95d09da21c937720a8d3aaca237f47b683aa9,linux1804-64-shippable-qr,True,False,,,102210fe594ee9b33d82058545b1ed14f4c8206e,browser-toolbox.connect.DAMP,damp,True,damp browser-toolbox.connect.DAMP opt e10s fission stylo webrender-sw,4767235,77,ms,firefox,,1722647882,2023-07-07 00:51:02,1987.729013499993,acd3d81337398ace5cd75f251f18da388ed281fa,1269038,,,,,,,,,,,,,,,,,,,,,,,,,,,,,,,,,,,,,,,,,,,,,,,,,,,,,,,,,,,,,TN,TN
autoland,4768071,12,69b95d09da21c937720a8d3aaca237f47b683aa9,linux1804-64-shippable-qr,True,False,,,102210fe594ee9b33d82058545b1ed14f4c8206e,browser-toolbox.connect.DAMP,damp,True,damp browser-toolbox.connect.DAMP opt e10s fission stylo webrender-sw,4767235,77,ms,firefox,,1722660842,2023-07-07 01:49:15,1985.1638045,013763c5f493c6232cfa8502e7bcec4b151d9161,1269055,,,,,,,,,,,,,,,,,,,,,,,,,,,,,,,,,,,,,,,,,,,,,,,,,,,,,,,,,,,,,TN,TN
autoland,4768071,12,69b95d09da21c937720a8d3aaca237f47b683aa9,linux1804-64-shippable-qr,True,False,,,102210fe594ee9b33d82058545b1ed14f4c8206e,browser-toolbox.connect.DAMP,damp,True,damp browser-toolbox.connect.DAMP opt e10s fission stylo webrender-sw,4767235,77,ms,firefox,,1722706515,2023-07-07 06:17:26,1986.1239454999811,e4d87ff75575880ea0c0fa09b316e360e4d9492f,1269097,,,,,,,,,,,,,,,,,,,,,,,,,,,,,,,,,,,,,,,,,,,,,,,,,,,,,,,,,,,,,TN,TN
autoland,4768071,12,69b95d09da21c937720a8d3aaca237f47b683aa9,linux1804-64-shippable-qr,True,False,,,102210fe594ee9b33d82058545b1ed14f4c8206e,browser-toolbox.connect.DAMP,damp,True,damp browser-toolbox.connect.DAMP opt e10s fission stylo webrender-sw,4767235,77,ms,firefox,,1722829474,2023-07-07 10:08:37,1959.570582500004,3a88b97290a0fe46c6fbfcf6dacd91c6b6900aeb,1269195,,,,,,,,,,,,,,,,,,,,,,,,,,,,,,,,,,,,,,,,,,,,,,,,,,,,,,,,,,,,,TN,TN
autoland,4768071,12,69b95d09da21c937720a8d3aaca237f47b683aa9,linux1804-64-shippable-qr,True,False,,,102210fe594ee9b33d82058545b1ed14f4c8206e,browser-toolbox.connect.DAMP,damp,True,damp browser-toolbox.connect.DAMP opt e10s fission stylo webrender-sw,4767235,77,ms,firefox,,1722895582,2023-07-07 14:06:48,2029.0075504999984,fb62b8660fcaa40ecb0be50aa61ba8005dcbba27,1269286,,,,,,,,,,,,,,,,,,,,,,,,,,,,,,,,,,,,,,,,,,,,,,,,,,,,,,,,,,,,,TN,TN
autoland,4768071,12,69b95d09da21c937720a8d3aaca237f47b683aa9,linux1804-64-shippable-qr,True,False,,,102210fe594ee9b33d82058545b1ed14f4c8206e,browser-toolbox.connect.DAMP,damp,True,damp browser-toolbox.connect.DAMP opt e10s fission stylo webrender-sw,4767235,77,ms,firefox,,1723957953,2023-07-07 15:28:05,1955.7468555000232,0243833959b90e6e495c7739773020d8dd879d79,1269337,,,,,,,,,,,,,,,,,,,,,,,,,,,,,,,,,,,,,,,,,,,,,,,,,,,,,,,,,,,,,TN,TN
autoland,4768071,12,69b95d09da21c937720a8d3aaca237f47b683aa9,linux1804-64-shippable-qr,True,False,,,102210fe594ee9b33d82058545b1ed14f4c8206e,browser-toolbox.connect.DAMP,damp,True,damp browser-toolbox.connect.DAMP opt e10s fission stylo webrender-sw,4767235,77,ms,firefox,,1723956623,2023-07-07 16:32:57,1966.800403000016,2c24a29355e9365b4041da3ff96eb9a45c229e4f,1269402,,,,,,,,,,,,,,,,,,,,,,,,,,,,,,,,,,,,,,,,,,,,,,,,,,,,,,,,,,,,,TN,TN
autoland,4768071,12,69b95d09da21c937720a8d3aaca237f47b683aa9,linux1804-64-shippable-qr,True,False,,,102210fe594ee9b33d82058545b1ed14f4c8206e,browser-toolbox.connect.DAMP,damp,True,damp browser-toolbox.connect.DAMP opt e10s fission stylo webrender-sw,4767235,77,ms,firefox,,1723960231,2023-07-07 16:45:16,1958.6737540000177,c7a8474c209d8f469b9801ed5425fbc528c4e0db,1269410,,,,,,,,,,,,,,,,,,,,,,,,,,,,,,,,,,,,,,,,,,,,,,,,,,,,,,,,,,,,,TN,TN
autoland,4768071,12,69b95d09da21c937720a8d3aaca237f47b683aa9,linux1804-64-shippable-qr,True,False,,,102210fe594ee9b33d82058545b1ed14f4c8206e,browser-toolbox.connect.DAMP,damp,True,damp browser-toolbox.connect.DAMP opt e10s fission stylo webrender-sw,4767235,77,ms,firefox,,1723972353,2023-07-07 16:46:15,1954.120605499964,b965c70527de59e3d6b89bbf05d5e385bfb65d13,1269412,,,,,,,,,,,,,,,,,,,,,,,,,,,,,,,,,,,,,,,,,,,,,,,,,,,,,,,,,,,,,TN,TN
autoland,4768071,12,69b95d09da21c937720a8d3aaca237f47b683aa9,linux1804-64-shippable-qr,True,False,,,102210fe594ee9b33d82058545b1ed14f4c8206e,browser-toolbox.connect.DAMP,damp,True,damp browser-toolbox.connect.DAMP opt e10s fission stylo webrender-sw,4767235,77,ms,firefox,,1723972265,2023-07-07 16:47:13,1979.0717730000035,bb00f481dd389ad57588e6d9afd448fd07d9e3e9,1269414,,,,,,,,,,,,,,,,,,,,,,,,,,,,,,,,,,,,,,,,,,,,,,,,,,,,,,,,,,,,,TN,TN
autoland,4768071,12,69b95d09da21c937720a8d3aaca237f47b683aa9,linux1804-64-shippable-qr,True,False,,,102210fe594ee9b33d82058545b1ed14f4c8206e,browser-toolbox.connect.DAMP,damp,True,damp browser-toolbox.connect.DAMP opt e10s fission stylo webrender-sw,4767235,77,ms,firefox,,1723958545,2023-07-07 16:48:05,1971.9571369999903,1fb9739b62361da36c851c6902c91a4c91e6996b,1269415,,,,,,,,,,,,,,,,,,,,,,,,,,,,,,,,,,,,,,,,,,,,,,,,,,,,,,,,,,,,,TN,TN
autoland,4768071,12,69b95d09da21c937720a8d3aaca237f47b683aa9,linux1804-64-shippable-qr,True,False,,,102210fe594ee9b33d82058545b1ed14f4c8206e,browser-toolbox.connect.DAMP,damp,True,damp browser-toolbox.connect.DAMP opt e10s fission stylo webrender-sw,4767235,77,ms,firefox,,1723958712,2023-07-07 16:48:55,1973.334977999999,f236ad3b61e58a1b29b7e8a37b20c861c79492b4,1269417,,,,,,,,,,,,,,,,,,,,,,,,,,,,,,,,,,,,,,,,,,,,,,,,,,,,,,,,,,,,,TN,TN
autoland,4768071,12,69b95d09da21c937720a8d3aaca237f47b683aa9,linux1804-64-shippable-qr,True,False,,,102210fe594ee9b33d82058545b1ed14f4c8206e,browser-toolbox.connect.DAMP,damp,True,damp browser-toolbox.connect.DAMP opt e10s fission stylo webrender-sw,4767235,77,ms,firefox,,1723957029,2023-07-07 16:49:50,1962.4797485000452,5c564fc0473ab0b7fd19ea8a1dd2901f5b8c700f,1269418,,,,,,,,,,,,,,,,,,,,,,,,,,,,,,,,,,,,,,,,,,,,,,,,,,,,,,,,,,,,,TN,TN
autoland,4768071,12,69b95d09da21c937720a8d3aaca237f47b683aa9,linux1804-64-shippable-qr,True,False,,,102210fe594ee9b33d82058545b1ed14f4c8206e,browser-toolbox.connect.DAMP,damp,True,damp browser-toolbox.connect.DAMP opt e10s fission stylo webrender-sw,4767235,77,ms,firefox,,1723959830,2023-07-07 16:50:39,1983.9400319999916,f27563eb14172713e84acbaebadc813723229cfc,1269419,,,,,,,,,,,,,,,,,,,,,,,,,,,,,,,,,,,,,,,,,,,,,,,,,,,,,,,,,,,,,TN,TN
autoland,4768071,12,69b95d09da21c937720a8d3aaca237f47b683aa9,linux1804-64-shippable-qr,True,False,,,102210fe594ee9b33d82058545b1ed14f4c8206e,browser-toolbox.connect.DAMP,damp,True,damp browser-toolbox.connect.DAMP opt e10s fission stylo webrender-sw,4767235,77,ms,firefox,,1722968920,2023-07-07 16:51:44,1977.0938059999896,43977d30a10af8e193044a9aa578f2bc8b33edf7,1269420,,,,,,,,,,,,,,,,,,,,,,,,,,,,,,,,,,,,,,,,,,,,,,,,,,,,,,,,,,,,,TN,TN
autoland,4768071,12,69b95d09da21c937720a8d3aaca237f47b683aa9,linux1804-64-shippable-qr,True,False,,,102210fe594ee9b33d82058545b1ed14f4c8206e,browser-toolbox.connect.DAMP,damp,True,damp browser-toolbox.connect.DAMP opt e10s fission stylo webrender-sw,4767235,77,ms,firefox,,1723955924,2023-07-07 20:52:43,1666.9320490000173,c30dadc65dfbab3b694d5ba8a0ffd6ff0a7a58e1,1269584,,,,,,,,,,,,,,,,,,,,,,,,,,,,,,,,,,,,,,,,,,,,,,,,,,,,,,,,,,,,,TN,TN
autoland,4768071,12,69b95d09da21c937720a8d3aaca237f47b683aa9,linux1804-64-shippable-qr,True,False,,,102210fe594ee9b33d82058545b1ed14f4c8206e,browser-toolbox.connect.DAMP,damp,True,damp browser-toolbox.connect.DAMP opt e10s fission stylo webrender-sw,4767235,77,ms,firefox,,1723959096,2023-07-07 21:46:10,1967.8946785000007,7b13c2572bd7b94a05704027baa5ec09aab3818b,1269615,,,,,,,,,,,,,,,,,,,,,,,,,,,,,,,,,,,,,,,,,,,,,,,,,,,,,,,,,,,,,TN,TN
autoland,4768071,12,69b95d09da21c937720a8d3aaca237f47b683aa9,linux1804-64-shippable-qr,True,False,,,102210fe594ee9b33d82058545b1ed14f4c8206e,browser-toolbox.connect.DAMP,damp,True,damp browser-toolbox.connect.DAMP opt e10s fission stylo webrender-sw,4767235,77,ms,firefox,,1723957675,2023-07-07 22:06:23,1972.0934355000063,2f5c0c74692eef47306561445545be19c7b6b8ac,1269622,,,,,,,,,,,,,,,,,,,,,,,,,,,,,,,,,,,,,,,,,,,,,,,,,,,,,,,,,,,,,TN,TN
autoland,4768071,12,69b95d09da21c937720a8d3aaca237f47b683aa9,linux1804-64-shippable-qr,True,False,,,102210fe594ee9b33d82058545b1ed14f4c8206e,browser-toolbox.connect.DAMP,damp,True,damp browser-toolbox.connect.DAMP opt e10s fission stylo webrender-sw,4767235,77,ms,firefox,,1723959599,2023-07-07 22:22:54,1960.0217675000315,c22d4f75d4fef94a02441466b723f6b0d2d50489,1269625,,,,,,,,,,,,,,,,,,,,,,,,,,,,,,,,,,,,,,,,,,,,,,,,,,,,,,,,,,,,,TN,TN
autoland,4768071,12,69b95d09da21c937720a8d3aaca237f47b683aa9,linux1804-64-shippable-qr,True,False,,,102210fe594ee9b33d82058545b1ed14f4c8206e,browser-toolbox.connect.DAMP,damp,True,damp browser-toolbox.connect.DAMP opt e10s fission stylo webrender-sw,4767235,77,ms,firefox,,1723959274,2023-07-07 22:37:33,1943.5060615000111,ca86a5774e8c385e13f25a6f5699c8c5396c25c5,1269627,,,,,,,,,,,,,,,,,,,,,,,,,,,,,,,,,,,,,,,,,,,,,,,,,,,,,,,,,,,,,TN,TN
autoland,4768071,12,69b95d09da21c937720a8d3aaca237f47b683aa9,linux1804-64-shippable-qr,True,False,,,102210fe594ee9b33d82058545b1ed14f4c8206e,browser-toolbox.connect.DAMP,damp,True,damp browser-toolbox.connect.DAMP opt e10s fission stylo webrender-sw,4767235,77,ms,firefox,,1723957476,2023-07-07 23:16:04,1934.6673414999825,b0e746b65b80957b2c79c4995b417a0e1dc26fac,1269635,,,,,,,,,,,,,,,,,,,,,,,,,,,,,,,,,,,,,,,,,,,,,,,,,,,,,,,,,,,,,TN,TN
autoland,4768071,12,69b95d09da21c937720a8d3aaca237f47b683aa9,linux1804-64-shippable-qr,True,False,,,102210fe594ee9b33d82058545b1ed14f4c8206e,browser-toolbox.connect.DAMP,damp,True,damp browser-toolbox.connect.DAMP opt e10s fission stylo webrender-sw,4767235,77,ms,firefox,,1723906588,2023-07-07 23:17:10,1967.1571200000328,f010e32868d4154f53e499532cc8ca7731a98e40,1269636,,,,,,,,,,,,,,,,,,,,,,,,,,,,,,,,,,,,,,,,,,,,,,,,,,,,,,,,,,,,,TN,TN
autoland,4768071,12,69b95d09da21c937720a8d3aaca237f47b683aa9,linux1804-64-shippable-qr,True,False,,,102210fe594ee9b33d82058545b1ed14f4c8206e,browser-toolbox.connect.DAMP,damp,True,damp browser-toolbox.connect.DAMP opt e10s fission stylo webrender-sw,4767235,77,ms,firefox,,1723906706,2023-07-07 23:17:10,1957.904782999998,f010e32868d4154f53e499532cc8ca7731a98e40,1269636,,,,,,,,,,,,,,,,,,,,,,,,,,,,,,,,,,,,,,,,,,,,,,,,,,,,,,,,,,,,,TN,TN
autoland,4768071,12,69b95d09da21c937720a8d3aaca237f47b683aa9,linux1804-64-shippable-qr,True,False,,,102210fe594ee9b33d82058545b1ed14f4c8206e,browser-toolbox.connect.DAMP,damp,True,damp browser-toolbox.connect.DAMP opt e10s fission stylo webrender-sw,4767235,77,ms,firefox,,1723959701,2023-07-08 00:14:32,1982.056767000009,a6be258613f522dce00ef4d7b3c02b7c334bf86b,1269651,,,,,,,,,,,,,,,,,,,,,,,,,,,,,,,,,,,,,,,,,,,,,,,,,,,,,,,,,,,,,TN,TN
autoland,4768071,12,69b95d09da21c937720a8d3aaca237f47b683aa9,linux1804-64-shippable-qr,True,False,,,102210fe594ee9b33d82058545b1ed14f4c8206e,browser-toolbox.connect.DAMP,damp,True,damp browser-toolbox.connect.DAMP opt e10s fission stylo webrender-sw,4767235,77,ms,firefox,,1723958411,2023-07-08 00:14:32,1993.8687915000191,a6be258613f522dce00ef4d7b3c02b7c334bf86b,1269651,,,,,,,,,,,,,,,,,,,,,,,,,,,,,,,,,,,,,,,,,,,,,,,,,,,,,,,,,,,,,TN,TN
autoland,4768071,12,69b95d09da21c937720a8d3aaca237f47b683aa9,linux1804-64-shippable-qr,True,False,,,102210fe594ee9b33d82058545b1ed14f4c8206e,browser-toolbox.connect.DAMP,damp,True,damp browser-toolbox.connect.DAMP opt e10s fission stylo webrender-sw,4767235,77,ms,firefox,,1723220225,2023-07-08 02:51:52,1943.3903379999972,d2be18e8ce8cd63eaddb8f012d582a2863075164,1269678,,,,,,,,,,,,,,,,,,,,,,,,,,,,,,,,,,,,,,,,,,,,,,,,,,,,,,,,,,,,,TN,TN
autoland,4768071,12,69b95d09da21c937720a8d3aaca237f47b683aa9,linux1804-64-shippable-qr,True,False,,,102210fe594ee9b33d82058545b1ed14f4c8206e,browser-toolbox.connect.DAMP,damp,True,damp browser-toolbox.connect.DAMP opt e10s fission stylo webrender-sw,4767235,77,ms,firefox,,1723956771,2023-07-08 04:14:22,1980.883953499986,7d2348e72ae189b459f969ca086cb0250f3e2125,1269680,,,,,,,,,,,,,,,,,,,,,,,,,,,,,,,,,,,,,,,,,,,,,,,,,,,,,,,,,,,,,TN,TN
autoland,4768071,12,69b95d09da21c937720a8d3aaca237f47b683aa9,linux1804-64-shippable-qr,True,False,,,102210fe594ee9b33d82058545b1ed14f4c8206e,browser-toolbox.connect.DAMP,damp,True,damp browser-toolbox.connect.DAMP opt e10s fission stylo webrender-sw,4767235,77,ms,firefox,,1723958856,2023-07-08 05:05:22,1930.2334244999947,7da43c58d3cdf44a3676d48bc67b7ceb7d098ebe,1269682,,,,,,,,,,,,,,,,,,,,,,,,,,,,,,,,,,,,,,,,,,,,,,,,,,,,,,,,,,,,,TN,TN
autoland,4768071,12,69b95d09da21c937720a8d3aaca237f47b683aa9,linux1804-64-shippable-qr,True,False,,,102210fe594ee9b33d82058545b1ed14f4c8206e,browser-toolbox.connect.DAMP,damp,True,damp browser-toolbox.connect.DAMP opt e10s fission stylo webrender-sw,4767235,77,ms,firefox,,1723245904,2023-07-08 06:55:09,1960.9959794999888,ef7d9ea0c3f751e7c525a136923c9c404c297b1f,1269687,,,,,,,,,,,,,,,,,,,,,,,,,,,,,,,,,,,,,,,,,,,,,,,,,,,,,,,,,,,,,TN,TN
autoland,4768071,12,69b95d09da21c937720a8d3aaca237f47b683aa9,linux1804-64-shippable-qr,True,False,,,102210fe594ee9b33d82058545b1ed14f4c8206e,browser-toolbox.connect.DAMP,damp,True,damp browser-toolbox.connect.DAMP opt e10s fission stylo webrender-sw,4767235,77,ms,firefox,,1723960174,2023-07-08 07:03:30,1953.2057045000256,353058713cfdeb99481aa8d54918d27e4e6ac9b5,1269689,,,,,,,,,,,,,,,,,,,,,,,,,,,,,,,,,,,,,,,,,,,,,,,,,,,,,,,,,,,,,TN,TN
autoland,4768071,12,69b95d09da21c937720a8d3aaca237f47b683aa9,linux1804-64-shippable-qr,True,False,,,102210fe594ee9b33d82058545b1ed14f4c8206e,browser-toolbox.connect.DAMP,damp,True,damp browser-toolbox.connect.DAMP opt e10s fission stylo webrender-sw,4767235,77,ms,firefox,,1723958009,2023-07-08 07:48:29,1925.3810345000093,a86800b36cb14c55f8a75616a494ceae2dcc4ef7,1269693,,,,,,,,,,,,,,,,,,,,,,,,,,,,,,,,,,,,,,,,,,,,,,,,,,,,,,,,,,,,,TN,TN
autoland,4768071,12,69b95d09da21c937720a8d3aaca237f47b683aa9,linux1804-64-shippable-qr,True,False,,,102210fe594ee9b33d82058545b1ed14f4c8206e,browser-toolbox.connect.DAMP,damp,True,damp browser-toolbox.connect.DAMP opt e10s fission stylo webrender-sw,4767235,77,ms,firefox,,1723957220,2023-07-08 10:48:31,1951.4667959999788,617973a17fb8fa9e833bd1e5a5c2d029fb94f31f,1269714,,,,,,,,,,,,,,,,,,,,,,,,,,,,,,,,,,,,,,,,,,,,,,,,,,,,,,,,,,,,,TN,TN
autoland,4768071,12,69b95d09da21c937720a8d3aaca237f47b683aa9,linux1804-64-shippable-qr,True,False,,,102210fe594ee9b33d82058545b1ed14f4c8206e,browser-toolbox.connect.DAMP,damp,True,damp browser-toolbox.connect.DAMP opt e10s fission stylo webrender-sw,4767235,77,ms,firefox,,1723350670,2023-07-08 13:13:32,1974.5026900000084,ee68eebc7bfd59157569f7de331974b06e765482,1269721,,,,,,,,,,,,,,,,,,,,,,,,,,,,,,,,,,,,,,,,,,,,,,,,,,,,,,,,,,,,,TN,TN
autoland,4768071,12,69b95d09da21c937720a8d3aaca237f47b683aa9,linux1804-64-shippable-qr,True,False,,,102210fe594ee9b33d82058545b1ed14f4c8206e,browser-toolbox.connect.DAMP,damp,True,damp browser-toolbox.connect.DAMP opt e10s fission stylo webrender-sw,4767235,77,ms,firefox,,1723357379,2023-07-08 13:22:34,1967.7765954999777,3809d32977a2db97fd06c8fd3214256dc18af9a0,1269723,,,,,,,,,,,,,,,,,,,,,,,,,,,,,,,,,,,,,,,,,,,,,,,,,,,,,,,,,,,,,TN,TN
autoland,4768071,12,69b95d09da21c937720a8d3aaca237f47b683aa9,linux1804-64-shippable-qr,True,False,,,102210fe594ee9b33d82058545b1ed14f4c8206e,browser-toolbox.connect.DAMP,damp,True,damp browser-toolbox.connect.DAMP opt e10s fission stylo webrender-sw,4767235,77,ms,firefox,,1723425030,2023-07-08 18:13:28,1956.829719500005,3b3b41fc7f1dad97415448fb4652eb636903a02a,1269751,,,,,,,,,,,,,,,,,,,,,,,,,,,,,,,,,,,,,,,,,,,,,,,,,,,,,,,,,,,,,TN,TN
autoland,4768071,12,69b95d09da21c937720a8d3aaca237f47b683aa9,linux1804-64-shippable-qr,True,False,,,102210fe594ee9b33d82058545b1ed14f4c8206e,browser-toolbox.connect.DAMP,damp,True,damp browser-toolbox.connect.DAMP opt e10s fission stylo webrender-sw,4767235,77,ms,firefox,,1723481922,2023-07-08 22:36:06,1962.707181500009,47c72d2828f6f406fbe77758e1ae8cd7837af977,1269766,,,,,,,,,,,,,,,,,,,,,,,,,,,,,,,,,,,,,,,,,,,,,,,,,,,,,,,,,,,,,TN,TN
autoland,4768071,12,69b95d09da21c937720a8d3aaca237f47b683aa9,linux1804-64-shippable-qr,True,False,,,102210fe594ee9b33d82058545b1ed14f4c8206e,browser-toolbox.connect.DAMP,damp,True,damp browser-toolbox.connect.DAMP opt e10s fission stylo webrender-sw,4767235,77,ms,firefox,,1723521693,2023-07-09 03:04:33,1955.1393735000163,2ac0f03815253b96c145a52b1762ed04c50f079d,1269805,,,,,,,,,,,,,,,,,,,,,,,,,,,,,,,,,,,,,,,,,,,,,,,,,,,,,,,,,,,,,TN,TN
autoland,4768071,12,69b95d09da21c937720a8d3aaca237f47b683aa9,linux1804-64-shippable-qr,True,False,,,102210fe594ee9b33d82058545b1ed14f4c8206e,browser-toolbox.connect.DAMP,damp,True,damp browser-toolbox.connect.DAMP opt e10s fission stylo webrender-sw,4767235,77,ms,firefox,,1723583426,2023-07-09 11:37:17,1984.4789985000025,60d4eb46c8b40ab0cd000c9ef298c63c45539be7,1269836,,,,,,,,,,,,,,,,,,,,,,,,,,,,,,,,,,,,,,,,,,,,,,,,,,,,,,,,,,,,,TN,TN
autoland,4768071,12,69b95d09da21c937720a8d3aaca237f47b683aa9,linux1804-64-shippable-qr,True,False,,,102210fe594ee9b33d82058545b1ed14f4c8206e,browser-toolbox.connect.DAMP,damp,True,damp browser-toolbox.connect.DAMP opt e10s fission stylo webrender-sw,4767235,77,ms,firefox,,1723633294,2023-07-09 16:14:27,1934.950183500012,38657e8c266f862cee349b298d0679f6617a8a63,1269855,,,,,,,,,,,,,,,,,,,,,,,,,,,,,,,,,,,,,,,,,,,,,,,,,,,,,,,,,,,,,TN,TN
autoland,4768071,12,69b95d09da21c937720a8d3aaca237f47b683aa9,linux1804-64-shippable-qr,True,False,,,102210fe594ee9b33d82058545b1ed14f4c8206e,browser-toolbox.connect.DAMP,damp,True,damp browser-toolbox.connect.DAMP opt e10s fission stylo webrender-sw,4767235,77,ms,firefox,,1723659368,2023-07-09 17:38:49,1976.097756500036,91d2d276f13316b73f0fed743d543009fcfade03,1269870,,,,,,,,,,,,,,,,,,,,,,,,,,,,,,,,,,,,,,,,,,,,,,,,,,,,,,,,,,,,,TN,TN
autoland,4768071,12,69b95d09da21c937720a8d3aaca237f47b683aa9,linux1804-64-shippable-qr,True,False,,,102210fe594ee9b33d82058545b1ed14f4c8206e,browser-toolbox.connect.DAMP,damp,True,damp browser-toolbox.connect.DAMP opt e10s fission stylo webrender-sw,4767235,77,ms,firefox,,1723732373,2023-07-09 22:03:27,1976.9265340000277,5497748101b60ab9149d6616e70cabc4c11c6cb5,1269918,,,,,,,,,,,,,,,,,,,,,,,,,,,,,,,,,,,,,,,,,,,,,,,,,,,,,,,,,,,,,TN,TN
autoland,4768071,12,69b95d09da21c937720a8d3aaca237f47b683aa9,linux1804-64-shippable-qr,True,False,,,102210fe594ee9b33d82058545b1ed14f4c8206e,browser-toolbox.connect.DAMP,damp,True,damp browser-toolbox.connect.DAMP opt e10s fission stylo webrender-sw,4767235,77,ms,firefox,,1723834234,2023-07-10 02:33:11,1945.9251190000068,aaa3698312c56a08a7b405178ee462fe3c2a30e7,1269963,,,,,,,,,,,,,,,,,,,,,,,,,,,,,,,,,,,,,,,,,,,,,,,,,,,,,,,,,,,,,TN,TN
autoland,4768071,12,69b95d09da21c937720a8d3aaca237f47b683aa9,linux1804-64-shippable-qr,True,False,,,102210fe594ee9b33d82058545b1ed14f4c8206e,browser-toolbox.connect.DAMP,damp,True,damp browser-toolbox.connect.DAMP opt e10s fission stylo webrender-sw,4767235,77,ms,firefox,,1723903915,2023-07-10 08:51:48,1938.7438150000016,7313b6429e48b58bd38ab3be47999be475f2ba6b,1270053,,,,,,,,,,,,,,,,,,,,,,,,,,,,,,,,,,,,,,,,,,,,,,,,,,,,,,,,,,,,,TN,TN
autoland,4768071,12,69b95d09da21c937720a8d3aaca237f47b683aa9,linux1804-64-shippable-qr,True,False,,,102210fe594ee9b33d82058545b1ed14f4c8206e,browser-toolbox.connect.DAMP,damp,True,damp browser-toolbox.connect.DAMP opt e10s fission stylo webrender-sw,4767235,77,ms,firefox,,1724017458,2023-07-10 13:07:04,1966.8728919999996,70fb59178ff21c468afeb592869c28371401db6a,1270176,,,,,,,,,,,,,,,,,,,,,,,,,,,,,,,,,,,,,,,,,,,,,,,,,,,,,,,,,,,,,TN,TN
autoland,4768071,12,69b95d09da21c937720a8d3aaca237f47b683aa9,linux1804-64-shippable-qr,True,False,,,102210fe594ee9b33d82058545b1ed14f4c8206e,browser-toolbox.connect.DAMP,damp,True,damp browser-toolbox.connect.DAMP opt e10s fission stylo webrender-sw,4767235,77,ms,firefox,,1724069447,2023-07-10 14:01:57,1962.9761950000247,e31033710cfe590d9e7deda75757f71ddef34207,1270199,,,,,,,,,,,,,,,,,,,,,,,,,,,,,,,,,,,,,,,,,,,,,,,,,,,,,,,,,,,,,TN,TN
autoland,4768071,12,69b95d09da21c937720a8d3aaca237f47b683aa9,linux1804-64-shippable-qr,True,False,,,102210fe594ee9b33d82058545b1ed14f4c8206e,browser-toolbox.connect.DAMP,damp,True,damp browser-toolbox.connect.DAMP opt e10s fission stylo webrender-sw,4767235,77,ms,firefox,,1724209162,2023-07-10 18:14:55,1960.2183935000064,1c909f267af625b4c370b6735113e1cafc94bbad,1270330,,,,,,,,,,,,,,,,,,,,,,,,,,,,,,,,,,,,,,,,,,,,,,,,,,,,,,,,,,,,,TN,TN
autoland,4768071,12,69b95d09da21c937720a8d3aaca237f47b683aa9,linux1804-64-shippable-qr,True,False,,,102210fe594ee9b33d82058545b1ed14f4c8206e,browser-toolbox.connect.DAMP,damp,True,damp browser-toolbox.connect.DAMP opt e10s fission stylo webrender-sw,4767235,77,ms,firefox,,1730188288,2023-07-10 18:29:35,1951.742382500026,30b26799c81ba6f393a26ac1dec94fc65c700ae2,1270336,,,,,,,,,,,,,,,,,,,,,,,,,,,,,,,,,,,,,,,,,,,,,,,,,,,,,,,,,,,,,TN,TN
autoland,4768071,12,69b95d09da21c937720a8d3aaca237f47b683aa9,linux1804-64-shippable-qr,True,False,,,102210fe594ee9b33d82058545b1ed14f4c8206e,browser-toolbox.connect.DAMP,damp,True,damp browser-toolbox.connect.DAMP opt e10s fission stylo webrender-sw,4767235,77,ms,firefox,,1730190283,2023-07-10 18:33:19,1960.5345290000116,96f24646390be39f604f0815e8fdc2560d4608be,1270340,,,,,,,,,,,,,,,,,,,,,,,,,,,,,,,,,,,,,,,,,,,,,,,,,,,,,,,,,,,,,TN,TN
autoland,4768071,12,69b95d09da21c937720a8d3aaca237f47b683aa9,linux1804-64-shippable-qr,True,False,,,102210fe594ee9b33d82058545b1ed14f4c8206e,browser-toolbox.connect.DAMP,damp,True,damp browser-toolbox.connect.DAMP opt e10s fission stylo webrender-sw,4767235,77,ms,firefox,,1730188692,2023-07-10 18:34:26,1947.947322500011,7826f701a72ebf9e97463b7d2d061860cce94537,1270342,,,,,,,,,,,,,,,,,,,,,,,,,,,,,,,,,,,,,,,,,,,,,,,,,,,,,,,,,,,,,TN,TN
autoland,4768071,12,69b95d09da21c937720a8d3aaca237f47b683aa9,linux1804-64-shippable-qr,True,False,,,102210fe594ee9b33d82058545b1ed14f4c8206e,browser-toolbox.connect.DAMP,damp,True,damp browser-toolbox.connect.DAMP opt e10s fission stylo webrender-sw,4767235,77,ms,firefox,,1730190120,2023-07-10 18:58:07,1979.5536110000396,47602500128ec79f3dca2fa97acd456e327f95e0,1270354,,,,,,,,,,,,,,,,,,,,,,,,,,,,,,,,,,,,,,,,,,,,,,,,,,,,,,,,,,,,,TN,TN
autoland,4768071,12,69b95d09da21c937720a8d3aaca237f47b683aa9,linux1804-64-shippable-qr,True,False,,,102210fe594ee9b33d82058545b1ed14f4c8206e,browser-toolbox.connect.DAMP,damp,True,damp browser-toolbox.connect.DAMP opt e10s fission stylo webrender-sw,4767235,77,ms,firefox,,1730189027,2023-07-10 19:00:21,1975.446485499997,c1d366824c2e549c4ee43f30c1da386287b6c070,1270356,,,,,,,,,,,,,,,,,,,,,,,,,,,,,,,,,,,,,,,,,,,,,,,,,,,,,,,,,,,,,TN,TN
autoland,4768071,12,69b95d09da21c937720a8d3aaca237f47b683aa9,linux1804-64-shippable-qr,True,False,,,102210fe594ee9b33d82058545b1ed14f4c8206e,browser-toolbox.connect.DAMP,damp,True,damp browser-toolbox.connect.DAMP opt e10s fission stylo webrender-sw,4767235,77,ms,firefox,,1730190335,2023-07-10 19:23:08,1956.104682999954,5de77b7d64a7e7ca0f5f25334caac30562249038,1270373,,,,,,,,,,,,,,,,,,,,,,,,,,,,,,,,,,,,,,,,,,,,,,,,,,,,,,,,,,,,,TN,TN
autoland,4768071,12,69b95d09da21c937720a8d3aaca237f47b683aa9,linux1804-64-shippable-qr,True,False,,,102210fe594ee9b33d82058545b1ed14f4c8206e,browser-toolbox.connect.DAMP,damp,True,damp browser-toolbox.connect.DAMP opt e10s fission stylo webrender-sw,4767235,77,ms,firefox,,1730189080,2023-07-10 19:42:14,1986.115251999989,f93f1556ce9db07af6a472c4509d2775493c36ee,1270381,,,,,,,,,,,,,,,,,,,,,,,,,,,,,,,,,,,,,,,,,,,,,,,,,,,,,,,,,,,,,TN,TN
autoland,4768071,12,69b95d09da21c937720a8d3aaca237f47b683aa9,linux1804-64-shippable-qr,True,False,,,102210fe594ee9b33d82058545b1ed14f4c8206e,browser-toolbox.connect.DAMP,damp,True,damp browser-toolbox.connect.DAMP opt e10s fission stylo webrender-sw,4767235,77,ms,firefox,,1724275509,2023-07-10 19:48:56,1973.612911500015,923b28f88778b9de2f2a694c75dcb313148c0fc5,1270385,,,,,,,,,,,,,,,,,,,,,,,,,,,,,,,,,,,,,,,,,,,,,,,,,,,,,,,,,,,,,TN,TN
autoland,4768071,12,69b95d09da21c937720a8d3aaca237f47b683aa9,linux1804-64-shippable-qr,True,False,,,102210fe594ee9b33d82058545b1ed14f4c8206e,browser-toolbox.connect.DAMP,damp,True,damp browser-toolbox.connect.DAMP opt e10s fission stylo webrender-sw,4767235,77,ms,firefox,,1724355908,2023-07-11 01:42:54,1944.1076909999972,b6a3e16c65e1298418f1aaf966dd3071d644075b,1270560,,,,,,,,,,,,,,,,,,,,,,,,,,,,,,,,,,,,,,,,,,,,,,,,,,,,,,,,,,,,,TN,TN
autoland,4768071,12,69b95d09da21c937720a8d3aaca237f47b683aa9,linux1804-64-shippable-qr,True,False,,,102210fe594ee9b33d82058545b1ed14f4c8206e,browser-toolbox.connect.DAMP,damp,True,damp browser-toolbox.connect.DAMP opt e10s fission stylo webrender-sw,4767235,77,ms,firefox,,1730189160,2023-07-11 02:19:05,1943.5760930000104,88c7c7afa4ad67d77150ae9e3215b224b0cd6c86,1270575,,,,,,,,,,,,,,,,,,,,,,,,,,,,,,,,,,,,,,,,,,,,,,,,,,,,,,,,,,,,,TN,TN
autoland,4768071,12,69b95d09da21c937720a8d3aaca237f47b683aa9,linux1804-64-shippable-qr,True,False,,,102210fe594ee9b33d82058545b1ed14f4c8206e,browser-toolbox.connect.DAMP,damp,True,damp browser-toolbox.connect.DAMP opt e10s fission stylo webrender-sw,4767235,77,ms,firefox,,1730189385,2023-07-11 02:20:04,1970.2884259999992,1098fbc31aff706fe1200320852c60e564a648e7,1270576,,,,,,,,,,,,,,,,,,,,,,,,,,,,,,,,,,,,,,,,,,,,,,,,,,,,,,,,,,,,,TN,TN
autoland,4768071,12,69b95d09da21c937720a8d3aaca237f47b683aa9,linux1804-64-shippable-qr,True,False,,,102210fe594ee9b33d82058545b1ed14f4c8206e,browser-toolbox.connect.DAMP,damp,True,damp browser-toolbox.connect.DAMP opt e10s fission stylo webrender-sw,4767235,77,ms,firefox,,1730189734,2023-07-11 02:20:56,1953.6008275000493,fb59ad8028218843ff7b9c9ad3ba85f4878101f4,1270577,,,,,,,,,,,,,,,,,,,,,,,,,,,,,,,,,,,,,,,,,,,,,,,,,,,,,,,,,,,,,TN,TN
autoland,4768071,12,69b95d09da21c937720a8d3aaca237f47b683aa9,linux1804-64-shippable-qr,True,False,,,102210fe594ee9b33d82058545b1ed14f4c8206e,browser-toolbox.connect.DAMP,damp,True,damp browser-toolbox.connect.DAMP opt e10s fission stylo webrender-sw,4767235,77,ms,firefox,,1730189907,2023-07-11 02:21:45,1984.519253999992,210224ca73948950276b7a08fbe6f9bd8162b325,1270578,,,,,,,,,,,,,,,,,,,,,,,,,,,,,,,,,,,,,,,,,,,,,,,,,,,,,,,,,,,,,TN,TN
autoland,4768071,12,69b95d09da21c937720a8d3aaca237f47b683aa9,linux1804-64-shippable-qr,True,False,,,102210fe594ee9b33d82058545b1ed14f4c8206e,browser-toolbox.connect.DAMP,damp,True,damp browser-toolbox.connect.DAMP opt e10s fission stylo webrender-sw,4767235,77,ms,firefox,,1730190012,2023-07-11 02:58:54,1968.2346879999384,590df3705e5ec5b95a2ec1c384a3fec63a0bee3b,1270586,,,,,,,,,,,,,,,,,,,,,,,,,,,,,,,,,,,,,,,,,,,,,,,,,,,,,,,,,,,,,TN,TN
autoland,4768071,12,69b95d09da21c937720a8d3aaca237f47b683aa9,linux1804-64-shippable-qr,True,False,,,102210fe594ee9b33d82058545b1ed14f4c8206e,browser-toolbox.connect.DAMP,damp,True,damp browser-toolbox.connect.DAMP opt e10s fission stylo webrender-sw,4767235,77,ms,firefox,,1730188340,2023-07-11 02:59:44,1966.912641499992,03b2eccaf86fbc9cb989ec3d9dfce6e12e827a7e,1270587,,,,,,,,,,,,,,,,,,,,,,,,,,,,,,,,,,,,,,,,,,,,,,,,,,,,,,,,,,,,,TN,TN
autoland,4768071,12,69b95d09da21c937720a8d3aaca237f47b683aa9,linux1804-64-shippable-qr,True,False,,,102210fe594ee9b33d82058545b1ed14f4c8206e,browser-toolbox.connect.DAMP,damp,True,damp browser-toolbox.connect.DAMP opt e10s fission stylo webrender-sw,4767235,77,ms,firefox,,1730188789,2023-07-11 03:00:36,1963.7212049999944,2156bbbd6a6d095bdf5575f46dd1a48536c26190,1270588,,,,,,,,,,,,,,,,,,,,,,,,,,,,,,,,,,,,,,,,,,,,,,,,,,,,,,,,,,,,,TN,TN
autoland,4768071,12,69b95d09da21c937720a8d3aaca237f47b683aa9,linux1804-64-shippable-qr,True,False,,,102210fe594ee9b33d82058545b1ed14f4c8206e,browser-toolbox.connect.DAMP,damp,True,damp browser-toolbox.connect.DAMP opt e10s fission stylo webrender-sw,4767235,77,ms,firefox,,1730187229,2023-07-11 03:01:35,1664.5308645000189,bb4b5b52c05e3dcf311518b4a7b7cc3056560e0e,1270589,,,,,,,,,,,,,,,,,,,,,,,,,,,,,,,,,,,,,,,,,,,,,,,,,,,,,,,,,,,,,TN,TN
autoland,4768071,12,69b95d09da21c937720a8d3aaca237f47b683aa9,linux1804-64-shippable-qr,True,False,,,102210fe594ee9b33d82058545b1ed14f4c8206e,browser-toolbox.connect.DAMP,damp,True,damp browser-toolbox.connect.DAMP opt e10s fission stylo webrender-sw,4767235,77,ms,firefox,,1730188846,2023-07-11 03:27:26,1983.0388200000048,910d59989abbac70e0d2f7899fff5b16f83d0cbf,1270591,,,,,,,,,,,,,,,,,,,,,,,,,,,,,,,,,,,,,,,,,,,,,,,,,,,,,,,,,,,,,TN,TN
autoland,4768071,12,69b95d09da21c937720a8d3aaca237f47b683aa9,linux1804-64-shippable-qr,True,False,,,102210fe594ee9b33d82058545b1ed14f4c8206e,browser-toolbox.connect.DAMP,damp,True,damp browser-toolbox.connect.DAMP opt e10s fission stylo webrender-sw,4767235,77,ms,firefox,,1724448530,2023-07-11 06:35:00,1976.4878929999832,bd6b3707b0b4eb7dd36fd65f81325cd71a20ab43,1270619,,,,,,,,,,,,,,,,,,,,,,,,,,,,,,,,,,,,,,,,,,,,,,,,,,,,,,,,,,,,,TN,TN
autoland,4768071,12,69b95d09da21c937720a8d3aaca237f47b683aa9,linux1804-64-shippable-qr,True,False,,,102210fe594ee9b33d82058545b1ed14f4c8206e,browser-toolbox.connect.DAMP,damp,True,damp browser-toolbox.connect.DAMP opt e10s fission stylo webrender-sw,4767235,77,ms,firefox,,1730188974,2023-07-11 07:00:07,1945.2863405000244,350f7a0a91fa4bd1e53f8ad78e8a7c669908a162,1270625,,,,,,,,,,,,,,,,,,,,,,,,,,,,,,,,,,,,,,,,,,,,,,,,,,,,,,,,,,,,,TN,TN
autoland,4768071,12,69b95d09da21c937720a8d3aaca237f47b683aa9,linux1804-64-shippable-qr,True,False,,,102210fe594ee9b33d82058545b1ed14f4c8206e,browser-toolbox.connect.DAMP,damp,True,damp browser-toolbox.connect.DAMP opt e10s fission stylo webrender-sw,4767235,77,ms,firefox,,1730189517,2023-07-11 08:26:21,1946.2134884999832,afe5d574d2ac172b8a53591c4331b3639b091acb,1270636,,,,,,,,,,,,,,,,,,,,,,,,,,,,,,,,,,,,,,,,,,,,,,,,,,,,,,,,,,,,,TN,TN
autoland,4768071,12,69b95d09da21c937720a8d3aaca237f47b683aa9,linux1804-64-shippable-qr,True,False,,,102210fe594ee9b33d82058545b1ed14f4c8206e,browser-toolbox.connect.DAMP,damp,True,damp browser-toolbox.connect.DAMP opt e10s fission stylo webrender-sw,4767235,77,ms,firefox,,1730190455,2023-07-11 08:50:21,1965.1528270000272,a79fc9a709b00285896c5771ff39832ca3f6b724,1270640,,,,,,,,,,,,,,,,,,,,,,,,,,,,,,,,,,,,,,,,,,,,,,,,,,,,,,,,,,,,,TN,TN
autoland,4768071,12,69b95d09da21c937720a8d3aaca237f47b683aa9,linux1804-64-shippable-qr,True,False,,,102210fe594ee9b33d82058545b1ed14f4c8206e,browser-toolbox.connect.DAMP,damp,True,damp browser-toolbox.connect.DAMP opt e10s fission stylo webrender-sw,4767235,77,ms,firefox,,1730189440,2023-07-11 08:52:13,1983.5595169999945,ad01a5e0e036be0c6b55da81ba96bccdc7175fce,1270643,,,,,,,,,,,,,,,,,,,,,,,,,,,,,,,,,,,,,,,,,,,,,,,,,,,,,,,,,,,,,TN,TN
autoland,4768071,12,69b95d09da21c937720a8d3aaca237f47b683aa9,linux1804-64-shippable-qr,True,False,,,102210fe594ee9b33d82058545b1ed14f4c8206e,browser-toolbox.connect.DAMP,damp,True,damp browser-toolbox.connect.DAMP opt e10s fission stylo webrender-sw,4767235,77,ms,firefox,,1724498263,2023-07-11 08:55:46,1975.4746055,6f3d3f416c953a7c5f64b907c4afb5906a1868a3,1270644,,,,,,,,,,,,,,,,,,,,,,,,,,,,,,,,,,,,,,,,,,,,,,,,,,,,,,,,,,,,,TN,TN
autoland,4768071,12,69b95d09da21c937720a8d3aaca237f47b683aa9,linux1804-64-shippable-qr,True,False,,,102210fe594ee9b33d82058545b1ed14f4c8206e,browser-toolbox.connect.DAMP,damp,True,damp browser-toolbox.connect.DAMP opt e10s fission stylo webrender-sw,4767235,77,ms,firefox,,1730188920,2023-07-11 11:52:28,1968.9861434999912,29a59c4a2f6ab17b86054f5d8c0d18893b0da18a,1270730,,,,,,,,,,,,,,,,,,,,,,,,,,,,,,,,,,,,,,,,,,,,,,,,,,,,,,,,,,,,,TN,TN
autoland,4768071,12,69b95d09da21c937720a8d3aaca237f47b683aa9,linux1804-64-shippable-qr,True,False,,,102210fe594ee9b33d82058545b1ed14f4c8206e,browser-toolbox.connect.DAMP,damp,True,damp browser-toolbox.connect.DAMP opt e10s fission stylo webrender-sw,4767235,77,ms,firefox,,1730190394,2023-07-11 11:53:48,1949.933468499992,b242365f7a2f1101b3edf116b24ba5a2bac9bc7b,1270731,,,,,,,,,,,,,,,,,,,,,,,,,,,,,,,,,,,,,,,,,,,,,,,,,,,,,,,,,,,,,TN,TN
autoland,4768071,12,69b95d09da21c937720a8d3aaca237f47b683aa9,linux1804-64-shippable-qr,True,False,,,102210fe594ee9b33d82058545b1ed14f4c8206e,browser-toolbox.connect.DAMP,damp,True,damp browser-toolbox.connect.DAMP opt e10s fission stylo webrender-sw,4767235,77,ms,firefox,,1730189236,2023-07-11 11:55:46,1986.0581010000024,1b9d8da8776f4b61544719666effbb8b34c2c1bd,1270733,,,,,,,,,,,,,,,,,,,,,,,,,,,,,,,,,,,,,,,,,,,,,,,,,,,,,,,,,,,,,TN,TN
autoland,4768071,12,69b95d09da21c937720a8d3aaca237f47b683aa9,linux1804-64-shippable-qr,True,False,,,102210fe594ee9b33d82058545b1ed14f4c8206e,browser-toolbox.connect.DAMP,damp,True,damp browser-toolbox.connect.DAMP opt e10s fission stylo webrender-sw,4767235,77,ms,firefox,,1730189647,2023-07-11 11:56:46,1955.8231314999864,404f4926c25a1df24dbad7d48f9db8b309fddc5c,1270736,,,,,,,,,,,,,,,,,,,,,,,,,,,,,,,,,,,,,,,,,,,,,,,,,,,,,,,,,,,,,TN,TN
autoland,4768071,12,69b95d09da21c937720a8d3aaca237f47b683aa9,linux1804-64-shippable-qr,True,False,,,102210fe594ee9b33d82058545b1ed14f4c8206e,browser-toolbox.connect.DAMP,damp,True,damp browser-toolbox.connect.DAMP opt e10s fission stylo webrender-sw,4767235,77,ms,firefox,,1730189566,2023-07-11 12:28:25,1963.0495859999792,0cfb70b4a7ba779034c9cd1e36980e637373eca7,1270753,,,,,,,,,,,,,,,,,,,,,,,,,,,,,,,,,,,,,,,,,,,,,,,,,,,,,,,,,,,,,TN,TN
autoland,4768071,12,69b95d09da21c937720a8d3aaca237f47b683aa9,linux1804-64-shippable-qr,True,False,,,102210fe594ee9b33d82058545b1ed14f4c8206e,browser-toolbox.connect.DAMP,damp,True,damp browser-toolbox.connect.DAMP opt e10s fission stylo webrender-sw,4767235,77,ms,firefox,,1730189890,2023-07-11 12:30:32,1963.4125249999925,bc715a4be25127fe6cd1701a87cd04a6e078d956,1270756,,,,,,,,,,,,,,,,,,,,,,,,,,,,,,,,,,,,,,,,,,,,,,,,,,,,,,,,,,,,,TN,TN
autoland,4768071,12,69b95d09da21c937720a8d3aaca237f47b683aa9,linux1804-64-shippable-qr,True,False,,,102210fe594ee9b33d82058545b1ed14f4c8206e,browser-toolbox.connect.DAMP,damp,True,damp browser-toolbox.connect.DAMP opt e10s fission stylo webrender-sw,4767235,77,ms,firefox,,1730189954,2023-07-11 12:31:39,1950.1104164999847,7f802bfdd640e42fe0c59165857d2e2db454c251,1270757,,,,,,,,,,,,,,,,,,,,,,,,,,,,,,,,,,,,,,,,,,,,,,,,,,,,,,,,,,,,,TN,TN
autoland,4768071,12,69b95d09da21c937720a8d3aaca237f47b683aa9,linux1804-64-shippable-qr,True,False,,,102210fe594ee9b33d82058545b1ed14f4c8206e,browser-toolbox.connect.DAMP,damp,True,damp browser-toolbox.connect.DAMP opt e10s fission stylo webrender-sw,4767235,77,ms,firefox,,1730189666,2023-07-11 12:48:47,1975.9779049999925,726f68b72d87fe9eddedbd85f098e452857fbad8,1270765,,,,,,,,,,,,,,,,,,,,,,,,,,,,,,,,,,,,,,,,,,,,,,,,,,,,,,,,,,,,,TN,TN
autoland,4768071,12,69b95d09da21c937720a8d3aaca237f47b683aa9,linux1804-64-shippable-qr,True,False,,,102210fe594ee9b33d82058545b1ed14f4c8206e,browser-toolbox.connect.DAMP,damp,True,damp browser-toolbox.connect.DAMP opt e10s fission stylo webrender-sw,4767235,77,ms,firefox,,1730190067,2023-07-11 12:50:27,1951.7467575000048,b3b53ca8393c116374cfe24a0a0347075472b648,1270766,,,,,,,,,,,,,,,,,,,,,,,,,,,,,,,,,,,,,,,,,,,,,,,,,,,,,,,,,,,,,TN,TN
autoland,4768071,12,69b95d09da21c937720a8d3aaca237f47b683aa9,linux1804-64-shippable-qr,True,False,,,102210fe594ee9b33d82058545b1ed14f4c8206e,browser-toolbox.connect.DAMP,damp,True,damp browser-toolbox.connect.DAMP opt e10s fission stylo webrender-sw,4767235,77,ms,firefox,,1724617258,2023-07-11 13:33:02,1971.2045490000164,0c47c1159e0a060ee709f9f8f854bfad27f86c85,1270792,,,,,,,,,,,,,,,,,,,,,,,,,,,,,,,,,,,,,,,,,,,,,,,,,,,,,,,,,,,,,TN,TN
autoland,4768071,12,69b95d09da21c937720a8d3aaca237f47b683aa9,linux1804-64-shippable-qr,True,False,,,102210fe594ee9b33d82058545b1ed14f4c8206e,browser-toolbox.connect.DAMP,damp,True,damp browser-toolbox.connect.DAMP opt e10s fission stylo webrender-sw,4767235,77,ms,firefox,,1724624962,2023-07-11 14:06:52,1965.0482629999897,3100a08eeee126bc592700ba015d42a4eeabd552,1270802,,,,,,,,,,,,,,,,,,,,,,,,,,,,,,,,,,,,,,,,,,,,,,,,,,,,,,,,,,,,,TN,TN
autoland,4768071,12,69b95d09da21c937720a8d3aaca237f47b683aa9,linux1804-64-shippable-qr,True,False,,,102210fe594ee9b33d82058545b1ed14f4c8206e,browser-toolbox.connect.DAMP,damp,True,damp browser-toolbox.connect.DAMP opt e10s fission stylo webrender-sw,4767235,77,ms,firefox,,1724812921,2023-07-11 18:36:01,1960.589175000041,87db7bb709335405232188624e8b3fa9990fd678,1270977,,,,,,,,,,,,,,,,,,,,,,,,,,,,,,,,,,,,,,,,,,,,,,,,,,,,,,,,,,,,,TN,TN
autoland,4768071,12,69b95d09da21c937720a8d3aaca237f47b683aa9,linux1804-64-shippable-qr,True,False,,,102210fe594ee9b33d82058545b1ed14f4c8206e,browser-toolbox.connect.DAMP,damp,True,damp browser-toolbox.connect.DAMP opt e10s fission stylo webrender-sw,4767235,77,ms,firefox,,1724864812,2023-07-11 22:00:07,1954.0401589999965,799309422d5f66cd280bc2aa8f49a203faaf670f,1271127,,,,,,,,,,,,,,,,,,,,,,,,,,,,,,,,,,,,,,,,,,,,,,,,,,,,,,,,,,,,,TN,TN
autoland,4768071,12,69b95d09da21c937720a8d3aaca237f47b683aa9,linux1804-64-shippable-qr,True,False,,,102210fe594ee9b33d82058545b1ed14f4c8206e,browser-toolbox.connect.DAMP,damp,True,damp browser-toolbox.connect.DAMP opt e10s fission stylo webrender-sw,4767235,77,ms,firefox,,1724949286,2023-07-12 03:43:13,1982.6366314999905,409794f954d9150f8da58e49d75898a655aca25d,1271221,,,,,,,,,,,,,,,,,,,,,,,,,,,,,,,,,,,,,,,,,,,,,,,,,,,,,,,,,,,,,TN,TN
autoland,4768071,12,69b95d09da21c937720a8d3aaca237f47b683aa9,linux1804-64-shippable-qr,True,False,,,102210fe594ee9b33d82058545b1ed14f4c8206e,browser-toolbox.connect.DAMP,damp,True,damp browser-toolbox.connect.DAMP opt e10s fission stylo webrender-sw,4767235,77,ms,firefox,,1725006229,2023-07-12 07:41:52,1970.738787000009,3df39b644daab1c941ea8f68e6f1e1018058b95e,1271289,,,,,,,,,,,,,,,,,,,,,,,,,,,,,,,,,,,,,,,,,,,,,,,,,,,,,,,,,,,,,TN,TN
autoland,4768071,12,69b95d09da21c937720a8d3aaca237f47b683aa9,linux1804-64-shippable-qr,True,False,,,102210fe594ee9b33d82058545b1ed14f4c8206e,browser-toolbox.connect.DAMP,damp,True,damp browser-toolbox.connect.DAMP opt e10s fission stylo webrender-sw,4767235,77,ms,firefox,,1725116348,2023-07-12 11:57:10,1962.2606660000165,323cd57deb4d5a322c892f49b9141687d7561c0b,1271397,,,,,,,,,,,,,,,,,,,,,,,,,,,,,,,,,,,,,,,,,,,,,,,,,,,,,,,,,,,,,TN,TN
autoland,4768071,12,69b95d09da21c937720a8d3aaca237f47b683aa9,linux1804-64-shippable-qr,True,False,,,102210fe594ee9b33d82058545b1ed14f4c8206e,browser-toolbox.connect.DAMP,damp,True,damp browser-toolbox.connect.DAMP opt e10s fission stylo webrender-sw,4767235,77,ms,firefox,,1725193113,2023-07-12 14:40:04,1958.272909999985,09a138b12b3b18e85b4234788a6f92fa756908af,1271467,,,,,,,,,,,,,,,,,,,,,,,,,,,,,,,,,,,,,,,,,,,,,,,,,,,,,,,,,,,,,TN,TN
autoland,4768071,12,69b95d09da21c937720a8d3aaca237f47b683aa9,linux1804-64-shippable-qr,True,False,,,102210fe594ee9b33d82058545b1ed14f4c8206e,browser-toolbox.connect.DAMP,damp,True,damp browser-toolbox.connect.DAMP opt e10s fission stylo webrender-sw,4767235,77,ms,firefox,,1725267794,2023-07-12 19:44:39,1952.60530499999,5af60a4168846b5be7576faecbb5050fa6d965cf,1271665,,,,,,,,,,,,,,,,,,,,,,,,,,,,,,,,,,,,,,,,,,,,,,,,,,,,,,,,,,,,,TN,TN
autoland,4768071,12,69b95d09da21c937720a8d3aaca237f47b683aa9,linux1804-64-shippable-qr,True,False,,,102210fe594ee9b33d82058545b1ed14f4c8206e,browser-toolbox.connect.DAMP,damp,True,damp browser-toolbox.connect.DAMP opt e10s fission stylo webrender-sw,4767235,77,ms,firefox,,1725391062,2023-07-13 04:00:14,1956.7147229999755,0724fde82b2fe250010f13a500b6c525eaf3abb5,1271916,,,,,,,,,,,,,,,,,,,,,,,,,,,,,,,,,,,,,,,,,,,,,,,,,,,,,,,,,,,,,TN,TN
autoland,4768071,12,69b95d09da21c937720a8d3aaca237f47b683aa9,linux1804-64-shippable-qr,True,False,,,102210fe594ee9b33d82058545b1ed14f4c8206e,browser-toolbox.connect.DAMP,damp,True,damp browser-toolbox.connect.DAMP opt e10s fission stylo webrender-sw,4767235,77,ms,firefox,,1725570367,2023-07-13 11:47:10,1942.8018129999984,1bfb25414a090700f286cd06319e91cb9ac6e336,1272070,,,,,,,,,,,,,,,,,,,,,,,,,,,,,,,,,,,,,,,,,,,,,,,,,,,,,,,,,,,,,TN,TN
autoland,4768071,12,69b95d09da21c937720a8d3aaca237f47b683aa9,linux1804-64-shippable-qr,True,False,,,102210fe594ee9b33d82058545b1ed14f4c8206e,browser-toolbox.connect.DAMP,damp,True,damp browser-toolbox.connect.DAMP opt e10s fission stylo webrender-sw,4767235,77,ms,firefox,,1725919080,2023-07-13 23:46:26,1968.6198785000304,d7363bddf2b82c4f02c60bf1f3236c1853a1d788,1272530,,,,,,,,,,,,,,,,,,,,,,,,,,,,,,,,,,,,,,,,,,,,,,,,,,,,,,,,,,,,,TN,TN
autoland,4768071,12,69b95d09da21c937720a8d3aaca237f47b683aa9,linux1804-64-shippable-qr,True,False,,,102210fe594ee9b33d82058545b1ed14f4c8206e,browser-toolbox.connect.DAMP,damp,True,damp browser-toolbox.connect.DAMP opt e10s fission stylo webrender-sw,4767235,77,ms,firefox,,1725925690,2023-07-14 00:33:08,1928.8807824999967,ce811b4b8e62538cba1620fbe1f66b6963a00103,1272546,,,,,,,,,,,,,,,,,,,,,,,,,,,,,,,,,,,,,,,,,,,,,,,,,,,,,,,,,,,,,TN,TN
autoland,4768071,12,69b95d09da21c937720a8d3aaca237f47b683aa9,linux1804-64-shippable-qr,True,False,,,102210fe594ee9b33d82058545b1ed14f4c8206e,browser-toolbox.connect.DAMP,damp,True,damp browser-toolbox.connect.DAMP opt e10s fission stylo webrender-sw,4767235,77,ms,firefox,,1725992351,2023-07-14 05:34:55,1967.0031405000043,196cda3a105202c8969a926a0637db0e0014c07d,1272621,,,,,,,,,,,,,,,,,,,,,,,,,,,,,,,,,,,,,,,,,,,,,,,,,,,,,,,,,,,,,TN,TN
autoland,4768071,12,69b95d09da21c937720a8d3aaca237f47b683aa9,linux1804-64-shippable-qr,True,False,,,102210fe594ee9b33d82058545b1ed14f4c8206e,browser-toolbox.connect.DAMP,damp,True,damp browser-toolbox.connect.DAMP opt e10s fission stylo webrender-sw,4767235,77,ms,firefox,,1726142897,2023-07-14 08:41:57,1918.353033499996,2c2b2040f7a3a963eaf19ecd574a96682fb4e6c3,1272676,,,,,,,,,,,,,,,,,,,,,,,,,,,,,,,,,,,,,,,,,,,,,,,,,,,,,,,,,,,,,TN,TN
autoland,4768071,12,69b95d09da21c937720a8d3aaca237f47b683aa9,linux1804-64-shippable-qr,True,False,,,102210fe594ee9b33d82058545b1ed14f4c8206e,browser-toolbox.connect.DAMP,damp,True,damp browser-toolbox.connect.DAMP opt e10s fission stylo webrender-sw,4767235,77,ms,firefox,,1726193146,2023-07-14 12:49:37,1959.1096224999785,f04d14e8c457c340e7bb0c8955b7a42e3ed32c84,1272721,,,,,,,,,,,,,,,,,,,,,,,,,,,,,,,,,,,,,,,,,,,,,,,,,,,,,,,,,,,,,TN,TN
autoland,4768071,12,69b95d09da21c937720a8d3aaca237f47b683aa9,linux1804-64-shippable-qr,True,False,,,102210fe594ee9b33d82058545b1ed14f4c8206e,browser-toolbox.connect.DAMP,damp,True,damp browser-toolbox.connect.DAMP opt e10s fission stylo webrender-sw,4767235,77,ms,firefox,,1726330349,2023-07-14 16:10:08,1950.9392875000049,379fa15b7cfddd1f92027d8c39b32706dc0f59a8,1272833,,,,,,,,,,,,,,,,,,,,,,,,,,,,,,,,,,,,,,,,,,,,,,,,,,,,,,,,,,,,,TN,TN
autoland,4768071,12,69b95d09da21c937720a8d3aaca237f47b683aa9,linux1804-64-shippable-qr,True,False,,,102210fe594ee9b33d82058545b1ed14f4c8206e,browser-toolbox.connect.DAMP,damp,True,damp browser-toolbox.connect.DAMP opt e10s fission stylo webrender-sw,4767235,77,ms,firefox,,1726480416,2023-07-14 21:22:48,1970.5168360000243,f65db437bbbe4d54d073843c79519c0a373ada5c,1272987,,,,,,,,,,,,,,,,,,,,,,,,,,,,,,,,,,,,,,,,,,,,,,,,,,,,,,,,,,,,,TN,TN
autoland,4768071,12,69b95d09da21c937720a8d3aaca237f47b683aa9,linux1804-64-shippable-qr,True,False,,,102210fe594ee9b33d82058545b1ed14f4c8206e,browser-toolbox.connect.DAMP,damp,True,damp browser-toolbox.connect.DAMP opt e10s fission stylo webrender-sw,4767235,77,ms,firefox,,1726498707,2023-07-14 22:30:09,1942.746293499993,2fa0f2941257f51a55bcabee0f1913fe395266b0,1273018,,,,,,,,,,,,,,,,,,,,,,,,,,,,,,,,,,,,,,,,,,,,,,,,,,,,,,,,,,,,,TN,TN
autoland,4768071,12,69b95d09da21c937720a8d3aaca237f47b683aa9,linux1804-64-shippable-qr,True,False,,,102210fe594ee9b33d82058545b1ed14f4c8206e,browser-toolbox.connect.DAMP,damp,True,damp browser-toolbox.connect.DAMP opt e10s fission stylo webrender-sw,4767235,77,ms,firefox,,1726529058,2023-07-15 02:41:28,1976.165959999984,1e09c6aabfcd1088a923373e95d74f457e863755,1273070,,,,,,,,,,,,,,,,,,,,,,,,,,,,,,,,,,,,,,,,,,,,,,,,,,,,,,,,,,,,,TN,TN
autoland,4768071,12,69b95d09da21c937720a8d3aaca237f47b683aa9,linux1804-64-shippable-qr,True,False,,,102210fe594ee9b33d82058545b1ed14f4c8206e,browser-toolbox.connect.DAMP,damp,True,damp browser-toolbox.connect.DAMP opt e10s fission stylo webrender-sw,4767235,77,ms,firefox,,1726593927,2023-07-15 12:36:57,1952.2624540000104,3a71e5ba50017ceb558d246e6ea58f8d5a57a3af,1273110,,,,,,,,,,,,,,,,,,,,,,,,,,,,,,,,,,,,,,,,,,,,,,,,,,,,,,,,,,,,,TN,TN
autoland,4768071,12,69b95d09da21c937720a8d3aaca237f47b683aa9,linux1804-64-shippable-qr,True,False,,,102210fe594ee9b33d82058545b1ed14f4c8206e,browser-toolbox.connect.DAMP,damp,True,damp browser-toolbox.connect.DAMP opt e10s fission stylo webrender-sw,4767235,77,ms,firefox,,1726633916,2023-07-15 18:59:02,1974.6777604999952,23e9067195200f00248b6c027bfae113965bf3ea,1273125,,,,,,,,,,,,,,,,,,,,,,,,,,,,,,,,,,,,,,,,,,,,,,,,,,,,,,,,,,,,,TN,TN
autoland,4768071,12,69b95d09da21c937720a8d3aaca237f47b683aa9,linux1804-64-shippable-qr,True,False,,,102210fe594ee9b33d82058545b1ed14f4c8206e,browser-toolbox.connect.DAMP,damp,True,damp browser-toolbox.connect.DAMP opt e10s fission stylo webrender-sw,4767235,77,ms,firefox,,1726681467,2023-07-16 02:22:04,1958.8447484999924,29be5ceedcdd2e835a383389153d9264d9b81217,1273151,,,,,,,,,,,,,,,,,,,,,,,,,,,,,,,,,,,,,,,,,,,,,,,,,,,,,,,,,,,,,TN,TN
autoland,4768071,12,69b95d09da21c937720a8d3aaca237f47b683aa9,linux1804-64-shippable-qr,True,False,,,102210fe594ee9b33d82058545b1ed14f4c8206e,browser-toolbox.connect.DAMP,damp,True,damp browser-toolbox.connect.DAMP opt e10s fission stylo webrender-sw,4767235,77,ms,firefox,,1726777118,2023-07-16 17:40:24,1961.5914099999936,2d64faa1590722f6ec14781ee5e175a2c875171c,1273186,,,,,,,,,,,,,,,,,,,,,,,,,,,,,,,,,,,,,,,,,,,,,,,,,,,,,,,,,,,,,TN,TN
autoland,4768071,12,69b95d09da21c937720a8d3aaca237f47b683aa9,linux1804-64-shippable-qr,True,False,,,102210fe594ee9b33d82058545b1ed14f4c8206e,browser-toolbox.connect.DAMP,damp,True,damp browser-toolbox.connect.DAMP opt e10s fission stylo webrender-sw,4767235,77,ms,firefox,,1726901276,2023-07-17 10:08:58,1973.7181150000104,ef60c7cdcb76172f1caf579529cf9fb756de4dbd,1273362,,,,,,,,,,,,,,,,,,,,,,,,,,,,,,,,,,,,,,,,,,,,,,,,,,,,,,,,,,,,,TN,TN
autoland,4768071,12,69b95d09da21c937720a8d3aaca237f47b683aa9,linux1804-64-shippable-qr,True,False,,,102210fe594ee9b33d82058545b1ed14f4c8206e,browser-toolbox.connect.DAMP,damp,True,damp browser-toolbox.connect.DAMP opt e10s fission stylo webrender-sw,4767235,77,ms,firefox,,1726967415,2023-07-17 14:30:30,2008.2504225000448,e90e64d1c5a944feafdb48fe3527c9aeeac00ec9,1273474,,,,,,,,,,,,,,,,,,,,,,,,,,,,,,,,,,,,,,,,,,,,,,,,,,,,,,,,,,,,,TN,TN
autoland,4768071,12,69b95d09da21c937720a8d3aaca237f47b683aa9,linux1804-64-shippable-qr,True,False,,,102210fe594ee9b33d82058545b1ed14f4c8206e,browser-toolbox.connect.DAMP,damp,True,damp browser-toolbox.connect.DAMP opt e10s fission stylo webrender-sw,4767235,77,ms,firefox,,1727043095,2023-07-17 16:07:24,1974.132677499976,01dc0385e5b93df37aef43d60cd1105523eae328,1273529,,,,,,,,,,,,,,,,,,,,,,,,,,,,,,,,,,,,,,,,,,,,,,,,,,,,,,,,,,,,,TN,TN
autoland,4768071,12,69b95d09da21c937720a8d3aaca237f47b683aa9,linux1804-64-shippable-qr,True,False,,,102210fe594ee9b33d82058545b1ed14f4c8206e,browser-toolbox.connect.DAMP,damp,True,damp browser-toolbox.connect.DAMP opt e10s fission stylo webrender-sw,4767235,77,ms,firefox,,1727148300,2023-07-17 20:04:09,1982.852953499998,f2c1249026167b30c81eff3368093a442a915826,1273673,,,,,,,,,,,,,,,,,,,,,,,,,,,,,,,,,,,,,,,,,,,,,,,,,,,,,,,,,,,,,TN,TN
autoland,4768071,12,69b95d09da21c937720a8d3aaca237f47b683aa9,linux1804-64-shippable-qr,True,False,,,102210fe594ee9b33d82058545b1ed14f4c8206e,browser-toolbox.connect.DAMP,damp,True,damp browser-toolbox.connect.DAMP opt e10s fission stylo webrender-sw,4767235,77,ms,firefox,,1727215284,2023-07-17 23:40:15,1963.322507000019,bbea40f618ed9435d7c989dcb18dc1ba34d55d4c,1273797,,,,,,,,,,,,,,,,,,,,,,,,,,,,,,,,,,,,,,,,,,,,,,,,,,,,,,,,,,,,,TN,TN
autoland,4768071,12,69b95d09da21c937720a8d3aaca237f47b683aa9,linux1804-64-shippable-qr,True,False,,,102210fe594ee9b33d82058545b1ed14f4c8206e,browser-toolbox.connect.DAMP,damp,True,damp browser-toolbox.connect.DAMP opt e10s fission stylo webrender-sw,4767235,77,ms,firefox,,1727301598,2023-07-18 04:33:35,1968.6157770000136,35e42e5979dac0b99828194869d5dc00365b37fb,1273869,,,,,,,,,,,,,,,,,,,,,,,,,,,,,,,,,,,,,,,,,,,,,,,,,,,,,,,,,,,,,TN,TN
autoland,4768071,12,69b95d09da21c937720a8d3aaca237f47b683aa9,linux1804-64-shippable-qr,True,False,,,102210fe594ee9b33d82058545b1ed14f4c8206e,browser-toolbox.connect.DAMP,damp,True,damp browser-toolbox.connect.DAMP opt e10s fission stylo webrender-sw,4767235,77,ms,firefox,,1727451364,2023-07-18 08:33:44,1939.8563244999968,ff623ceacdca87e37ceaa8e2d7f2072d5a7ae7fb,1273935,,,,,,,,,,,,,,,,,,,,,,,,,,,,,,,,,,,,,,,,,,,,,,,,,,,,,,,,,,,,,TN,TN
autoland,4768071,12,69b95d09da21c937720a8d3aaca237f47b683aa9,linux1804-64-shippable-qr,True,False,,,102210fe594ee9b33d82058545b1ed14f4c8206e,browser-toolbox.connect.DAMP,damp,True,damp browser-toolbox.connect.DAMP opt e10s fission stylo webrender-sw,4767235,77,ms,firefox,,1727470335,2023-07-18 08:34:31,1969.9835874999696,ed8bcaa0195e582a53b92eeac99b65a9c1f06da2,1273936,,,,,,,,,,,,,,,,,,,,,,,,,,,,,,,,,,,,,,,,,,,,,,,,,,,,,,,,,,,,,TN,TN
autoland,4768071,12,69b95d09da21c937720a8d3aaca237f47b683aa9,linux1804-64-shippable-qr,True,False,,,102210fe594ee9b33d82058545b1ed14f4c8206e,browser-toolbox.connect.DAMP,damp,True,damp browser-toolbox.connect.DAMP opt e10s fission stylo webrender-sw,4767235,77,ms,firefox,,1727539439,2023-07-18 13:03:29,1982.3408399999607,bcffaa369c722f4ebfa7cb8af6a3fc605e2efa10,1274068,,,,,,,,,,,,,,,,,,,,,,,,,,,,,,,,,,,,,,,,,,,,,,,,,,,,,,,,,,,,,TN,TN
autoland,4768071,12,69b95d09da21c937720a8d3aaca237f47b683aa9,linux1804-64-shippable-qr,True,False,,,102210fe594ee9b33d82058545b1ed14f4c8206e,browser-toolbox.connect.DAMP,damp,True,damp browser-toolbox.connect.DAMP opt e10s fission stylo webrender-sw,4767235,77,ms,firefox,,1727566170,2023-07-18 13:45:23,1962.656037999972,0de8fdd9abfcc9f9019857d255157b5eb799f98b,1274096,,,,,,,,,,,,,,,,,,,,,,,,,,,,,,,,,,,,,,,,,,,,,,,,,,,,,,,,,,,,,TN,TN
autoland,4768071,12,69b95d09da21c937720a8d3aaca237f47b683aa9,linux1804-64-shippable-qr,True,False,,,102210fe594ee9b33d82058545b1ed14f4c8206e,browser-toolbox.connect.DAMP,damp,True,damp browser-toolbox.connect.DAMP opt e10s fission stylo webrender-sw,4767235,77,ms,firefox,,1727670301,2023-07-18 17:24:29,1959.1992170000008,9330f8cb5765b67a89ac1427300f344a63d42cdc,1274230,,,,,,,,,,,,,,,,,,,,,,,,,,,,,,,,,,,,,,,,,,,,,,,,,,,,,,,,,,,,,TN,TN
autoland,4768071,12,69b95d09da21c937720a8d3aaca237f47b683aa9,linux1804-64-shippable-qr,True,False,,,102210fe594ee9b33d82058545b1ed14f4c8206e,browser-toolbox.connect.DAMP,damp,True,damp browser-toolbox.connect.DAMP opt e10s fission stylo webrender-sw,4767235,77,ms,firefox,,1729427166,2023-07-18 19:32:53,1963.5452195000037,639c99080115f5621eab7d6da034078002758d48,1274304,,,,,,,,,,,,,,,,,,,,,,,,,,,,,,,,,,,,,,,,,,,,,,,,,,,,,,,,,,,,,TN,TN
autoland,4768071,12,69b95d09da21c937720a8d3aaca237f47b683aa9,linux1804-64-shippable-qr,True,False,,,102210fe594ee9b33d82058545b1ed14f4c8206e,browser-toolbox.connect.DAMP,damp,True,damp browser-toolbox.connect.DAMP opt e10s fission stylo webrender-sw,4767235,77,ms,firefox,,1729427342,2023-07-18 19:37:03,1971.4453550000107,5c2dfb963d765a8b476ec6b07e2f8c7eb46d1131,1274306,,,,,,,,,,,,,,,,,,,,,,,,,,,,,,,,,,,,,,,,,,,,,,,,,,,,,,,,,,,,,TN,TN
autoland,4768071,12,69b95d09da21c937720a8d3aaca237f47b683aa9,linux1804-64-shippable-qr,True,False,,,102210fe594ee9b33d82058545b1ed14f4c8206e,browser-toolbox.connect.DAMP,damp,True,damp browser-toolbox.connect.DAMP opt e10s fission stylo webrender-sw,4767235,77,ms,firefox,,1729428355,2023-07-18 19:55:09,1997.9021075000053,8bc28a63613bc7890313c6b9540ccbcadc272f0c,1274316,,,,,,,,,,,,,,,,,,,,,,,,,,,,,,,,,,,,,,,,,,,,,,,,,,,,,,,,,,,,,TN,TN
autoland,4768071,12,69b95d09da21c937720a8d3aaca237f47b683aa9,linux1804-64-shippable-qr,True,False,,,102210fe594ee9b33d82058545b1ed14f4c8206e,browser-toolbox.connect.DAMP,damp,True,damp browser-toolbox.connect.DAMP opt e10s fission stylo webrender-sw,4767235,77,ms,firefox,,1729428209,2023-07-18 20:02:13,1965.002652000025,9ba85cef09c5145de6474fc7837ffb79f1707e39,1274318,,,,,,,,,,,,,,,,,,,,,,,,,,,,,,,,,,,,,,,,,,,,,,,,,,,,,,,,,,,,,TN,TN
autoland,4768071,12,69b95d09da21c937720a8d3aaca237f47b683aa9,linux1804-64-shippable-qr,True,False,,,102210fe594ee9b33d82058545b1ed14f4c8206e,browser-toolbox.connect.DAMP,damp,True,damp browser-toolbox.connect.DAMP opt e10s fission stylo webrender-sw,4767235,77,ms,firefox,,1729425774,2023-07-18 20:10:15,1953.079538500024,b59d0cee3f2d183fecb1441c75e749c17b52da50,1274322,,,,,,,,,,,,,,,,,,,,,,,,,,,,,,,,,,,,,,,,,,,,,,,,,,,,,,,,,,,,,TN,TN
autoland,4768071,12,69b95d09da21c937720a8d3aaca237f47b683aa9,linux1804-64-shippable-qr,True,False,,,102210fe594ee9b33d82058545b1ed14f4c8206e,browser-toolbox.connect.DAMP,damp,True,damp browser-toolbox.connect.DAMP opt e10s fission stylo webrender-sw,4767235,77,ms,firefox,,1729426443,2023-07-18 20:17:14,1997.3170359999856,79649c51aca313eafafcd0a69b5fc8e8298402f3,1274325,,,,,,,,,,,,,,,,,,,,,,,,,,,,,,,,,,,,,,,,,,,,,,,,,,,,,,,,,,,,,TN,TN
autoland,4768071,12,69b95d09da21c937720a8d3aaca237f47b683aa9,linux1804-64-shippable-qr,True,False,,,102210fe594ee9b33d82058545b1ed14f4c8206e,browser-toolbox.connect.DAMP,damp,True,damp browser-toolbox.connect.DAMP opt e10s fission stylo webrender-sw,4767235,77,ms,firefox,,1729426563,2023-07-18 20:48:43,1989.2158674999955,5b3ec632a18a88258e5940d08a620eefb82ac7e7,1274340,,,,,,,,,,,,,,,,,,,,,,,,,,,,,,,,,,,,,,,,,,,,,,,,,,,,,,,,,,,,,TN,TN
autoland,4768071,12,69b95d09da21c937720a8d3aaca237f47b683aa9,linux1804-64-shippable-qr,True,False,,,102210fe594ee9b33d82058545b1ed14f4c8206e,browser-toolbox.connect.DAMP,damp,True,damp browser-toolbox.connect.DAMP opt e10s fission stylo webrender-sw,4767235,77,ms,firefox,,1729426642,2023-07-18 21:17:44,1955.5189914999792,e5e01fed3c58e981597f5287d0146efa1de67ec3,1274362,,,,,,,,,,,,,,,,,,,,,,,,,,,,,,,,,,,,,,,,,,,,,,,,,,,,,,,,,,,,,TN,TN
autoland,4768071,12,69b95d09da21c937720a8d3aaca237f47b683aa9,linux1804-64-shippable-qr,True,False,,,102210fe594ee9b33d82058545b1ed14f4c8206e,browser-toolbox.connect.DAMP,damp,True,damp browser-toolbox.connect.DAMP opt e10s fission stylo webrender-sw,4767235,77,ms,firefox,,1727837677,2023-07-18 22:22:09,1951.5347685000013,b39dcefbe15f24fbf00da64782588b71ef8277a6,1274408,,,,,,,,,,,,,,,,,,,,,,,,,,,,,,,,,,,,,,,,,,,,,,,,,,,,,,,,,,,,,TN,TN
autoland,4768071,12,69b95d09da21c937720a8d3aaca237f47b683aa9,linux1804-64-shippable-qr,True,False,,,102210fe594ee9b33d82058545b1ed14f4c8206e,browser-toolbox.connect.DAMP,damp,True,damp browser-toolbox.connect.DAMP opt e10s fission stylo webrender-sw,4767235,77,ms,firefox,,1729426858,2023-07-18 22:47:54,1954.276599000012,5a81ad4ed7c9f25897ba335fba2c1ab5a854e607,1274421,,,,,,,,,,,,,,,,,,,,,,,,,,,,,,,,,,,,,,,,,,,,,,,,,,,,,,,,,,,,,TN,TN
autoland,4768071,12,69b95d09da21c937720a8d3aaca237f47b683aa9,linux1804-64-shippable-qr,True,False,,,102210fe594ee9b33d82058545b1ed14f4c8206e,browser-toolbox.connect.DAMP,damp,True,damp browser-toolbox.connect.DAMP opt e10s fission stylo webrender-sw,4767235,77,ms,firefox,,1729426709,2023-07-18 23:10:53,1965.3505489999952,908018a8ec5d8a5be67c91ee11877c947b354421,1274434,,,,,,,,,,,,,,,,,,,,,,,,,,,,,,,,,,,,,,,,,,,,,,,,,,,,,,,,,,,,,TN,TN
autoland,4768071,12,69b95d09da21c937720a8d3aaca237f47b683aa9,linux1804-64-shippable-qr,True,False,,,102210fe594ee9b33d82058545b1ed14f4c8206e,browser-toolbox.connect.DAMP,damp,True,damp browser-toolbox.connect.DAMP opt e10s fission stylo webrender-sw,4767235,77,ms,firefox,,1729427002,2023-07-18 23:19:41,1962.2300884999856,09397da6273aba1cbc94f88577a1a600f77a0b1b,1274441,,,,,,,,,,,,,,,,,,,,,,,,,,,,,,,,,,,,,,,,,,,,,,,,,,,,,,,,,,,,,TN,TN
autoland,4768071,12,69b95d09da21c937720a8d3aaca237f47b683aa9,linux1804-64-shippable-qr,True,False,,,102210fe594ee9b33d82058545b1ed14f4c8206e,browser-toolbox.connect.DAMP,damp,True,damp browser-toolbox.connect.DAMP opt e10s fission stylo webrender-sw,4767235,77,ms,firefox,,1727861677,2023-07-18 23:34:55,1972.6532064999992,a8acb9b8880c2f1c2cf5891e5a20997a21d9d909,1274454,,,,,,,,,,,,,,,,,,,,,,,,,,,,,,,,,,,,,,,,,,,,,,,,,,,,,,,,,,,,,TN,TN
autoland,4768071,12,69b95d09da21c937720a8d3aaca237f47b683aa9,linux1804-64-shippable-qr,True,False,,,102210fe594ee9b33d82058545b1ed14f4c8206e,browser-toolbox.connect.DAMP,damp,True,damp browser-toolbox.connect.DAMP opt e10s fission stylo webrender-sw,4767235,77,ms,firefox,,1729427730,2023-07-19 00:13:21,1963.3866420000268,0b97cab3589695a524a8f0b584adcfb4b3d8c0c6,1274477,,,,,,,,,,,,,,,,,,,,,,,,,,,,,,,,,,,,,,,,,,,,,,,,,,,,,,,,,,,,,TN,TN
autoland,4768071,12,69b95d09da21c937720a8d3aaca237f47b683aa9,linux1804-64-shippable-qr,True,False,,,102210fe594ee9b33d82058545b1ed14f4c8206e,browser-toolbox.connect.DAMP,damp,True,damp browser-toolbox.connect.DAMP opt e10s fission stylo webrender-sw,4767235,77,ms,firefox,,1729428289,2023-07-19 00:48:10,1969.0341690000128,58c769d5be44e325f145235d5b7732224b6fcb96,1274499,,,,,,,,,,,,,,,,,,,,,,,,,,,,,,,,,,,,,,,,,,,,,,,,,,,,,,,,,,,,,TN,TN
autoland,4768071,12,69b95d09da21c937720a8d3aaca237f47b683aa9,linux1804-64-shippable-qr,True,False,,,102210fe594ee9b33d82058545b1ed14f4c8206e,browser-toolbox.connect.DAMP,damp,True,damp browser-toolbox.connect.DAMP opt e10s fission stylo webrender-sw,4767235,77,ms,firefox,,1729428157,2023-07-19 01:07:38,1957.1404209999964,4e8a16e5db7e3568cf51b2c3505c2b2c8d293845,1274507,,,,,,,,,,,,,,,,,,,,,,,,,,,,,,,,,,,,,,,,,,,,,,,,,,,,,,,,,,,,,TN,TN
autoland,4768071,12,69b95d09da21c937720a8d3aaca237f47b683aa9,linux1804-64-shippable-qr,True,False,,,102210fe594ee9b33d82058545b1ed14f4c8206e,browser-toolbox.connect.DAMP,damp,True,damp browser-toolbox.connect.DAMP opt e10s fission stylo webrender-sw,4767235,77,ms,firefox,,1729428102,2023-07-19 02:46:40,1957.537646499972,15068a96e05b898fd30930ec7a855c74d67ae3ef,1274540,,,,,,,,,,,,,,,,,,,,,,,,,,,,,,,,,,,,,,,,,,,,,,,,,,,,,,,,,,,,,TN,TN
autoland,4768071,12,69b95d09da21c937720a8d3aaca237f47b683aa9,linux1804-64-shippable-qr,True,False,,,102210fe594ee9b33d82058545b1ed14f4c8206e,browser-toolbox.connect.DAMP,damp,True,damp browser-toolbox.connect.DAMP opt e10s fission stylo webrender-sw,4767235,77,ms,firefox,,1729428416,2023-07-19 02:54:28,1954.486267499975,8a84e76f7bb027d6c478b9888c4429249c2d3ede,1274544,,,,,,,,,,,,,,,,,,,,,,,,,,,,,,,,,,,,,,,,,,,,,,,,,,,,,,,,,,,,,TN,TN
autoland,4768071,12,69b95d09da21c937720a8d3aaca237f47b683aa9,linux1804-64-shippable-qr,True,False,,,102210fe594ee9b33d82058545b1ed14f4c8206e,browser-toolbox.connect.DAMP,damp,True,damp browser-toolbox.connect.DAMP opt e10s fission stylo webrender-sw,4767235,77,ms,firefox,,1729428614,2023-07-19 03:00:09,1979.9471385,4f35a86f6d3c259fe9b102e0a4d576139b8da196,1274546,,,,,,,,,,,,,,,,,,,,,,,,,,,,,,,,,,,,,,,,,,,,,,,,,,,,,,,,,,,,,TN,TN
autoland,4768071,12,69b95d09da21c937720a8d3aaca237f47b683aa9,linux1804-64-shippable-qr,True,False,,,102210fe594ee9b33d82058545b1ed14f4c8206e,browser-toolbox.connect.DAMP,damp,True,damp browser-toolbox.connect.DAMP opt e10s fission stylo webrender-sw,4767235,77,ms,firefox,,1727957522,2023-07-19 05:12:28,1988.7690644999675,49a85b3b07e07c1158f9cb0c1f58b67fc2d659f7,1274587,,,,,,,,,,,,,,,,,,,,,,,,,,,,,,,,,,,,,,,,,,,,,,,,,,,,,,,,,,,,,TN,TN
autoland,4768071,12,69b95d09da21c937720a8d3aaca237f47b683aa9,linux1804-64-shippable-qr,True,False,,,102210fe594ee9b33d82058545b1ed14f4c8206e,browser-toolbox.connect.DAMP,damp,True,damp browser-toolbox.connect.DAMP opt e10s fission stylo webrender-sw,4767235,77,ms,firefox,,1729444964,2023-07-19 06:27:00,1965.7839099999983,1cf8313960e05bdb275686050a6107138c0255c9,1274610,,,,,,,,,,,,,,,,,,,,,,,,,,,,,,,,,,,,,,,,,,,,,,,,,,,,,,,,,,,,,TN,TN
autoland,4768071,12,69b95d09da21c937720a8d3aaca237f47b683aa9,linux1804-64-shippable-qr,True,False,,,102210fe594ee9b33d82058545b1ed14f4c8206e,browser-toolbox.connect.DAMP,damp,True,damp browser-toolbox.connect.DAMP opt e10s fission stylo webrender-sw,4767235,77,ms,firefox,,1729443782,2023-07-19 07:00:12,1676.4370219999985,70689849faf4aa242e90e439cf705f0bf8caca1d,1274617,,,,,,,,,,,,,,,,,,,,,,,,,,,,,,,,,,,,,,,,,,,,,,,,,,,,,,,,,,,,,TN,TN
autoland,4768071,12,69b95d09da21c937720a8d3aaca237f47b683aa9,linux1804-64-shippable-qr,True,False,,,102210fe594ee9b33d82058545b1ed14f4c8206e,browser-toolbox.connect.DAMP,damp,True,damp browser-toolbox.connect.DAMP opt e10s fission stylo webrender-sw,4767235,77,ms,firefox,,1729510468,2023-07-19 07:50:42,1952.0212159999935,2bee80417e296d51f94a3bdcc2369c1503c8e922,1274633,,,,,,,,,,,,,,,,,,,,,,,,,,,,,,,,,,,,,,,,,,,,,,,,,,,,,,,,,,,,,TN,TN
autoland,4768071,12,69b95d09da21c937720a8d3aaca237f47b683aa9,linux1804-64-shippable-qr,True,False,,,102210fe594ee9b33d82058545b1ed14f4c8206e,browser-toolbox.connect.DAMP,damp,True,damp browser-toolbox.connect.DAMP opt e10s fission stylo webrender-sw,4767235,77,ms,firefox,,1729447265,2023-07-19 07:51:44,1955.24805900002,07db81a59a6b98008e8f6016e2c1fde1af85b9fa,1274634,,,,,,,,,,,,,,,,,,,,,,,,,,,,,,,,,,,,,,,,,,,,,,,,,,,,,,,,,,,,,TN,TN
autoland,4768071,12,69b95d09da21c937720a8d3aaca237f47b683aa9,linux1804-64-shippable-qr,True,False,,,102210fe594ee9b33d82058545b1ed14f4c8206e,browser-toolbox.connect.DAMP,damp,True,damp browser-toolbox.connect.DAMP opt e10s fission stylo webrender-sw,4767235,77,ms,firefox,,1729446670,2023-07-19 07:52:56,2013.2301254999911,532ac41f7d998c8f0fe20091062a8f68075306e3,1274636,,,,,,,,,,,,,,,,,,,,,,,,,,,,,,,,,,,,,,,,,,,,,,,,,,,,,,,,,,,,,TN,TN
autoland,4768071,12,69b95d09da21c937720a8d3aaca237f47b683aa9,linux1804-64-shippable-qr,True,False,,,102210fe594ee9b33d82058545b1ed14f4c8206e,browser-toolbox.connect.DAMP,damp,True,damp browser-toolbox.connect.DAMP opt e10s fission stylo webrender-sw,4767235,77,ms,firefox,,1729444910,2023-07-19 07:59:16,1948.728087999989,74523414c36e1767ea1ccc71e741e50c426da9b8,1274640,,,,,,,,,,,,,,,,,,,,,,,,,,,,,,,,,,,,,,,,,,,,,,,,,,,,,,,,,,,,,TN,TN
autoland,4768071,12,69b95d09da21c937720a8d3aaca237f47b683aa9,linux1804-64-shippable-qr,True,False,,,102210fe594ee9b33d82058545b1ed14f4c8206e,browser-toolbox.connect.DAMP,damp,True,damp browser-toolbox.connect.DAMP opt e10s fission stylo webrender-sw,4767235,77,ms,firefox,,1729446126,2023-07-19 08:00:14,1973.0497964999888,6484963d662a425076d3b01e8f300c06b687e61d,1274642,,,,,,,,,,,,,,,,,,,,,,,,,,,,,,,,,,,,,,,,,,,,,,,,,,,,,,,,,,,,,TN,TN
autoland,4768071,12,69b95d09da21c937720a8d3aaca237f47b683aa9,linux1804-64-shippable-qr,True,False,,,102210fe594ee9b33d82058545b1ed14f4c8206e,browser-toolbox.connect.DAMP,damp,True,damp browser-toolbox.connect.DAMP opt e10s fission stylo webrender-sw,4767235,77,ms,firefox,,1729445322,2023-07-19 08:10:02,1961.892720499964,ca34c6c945f979f0bb63b10d8dd18bf89a7a1cb6,1274644,,,,,,,,,,,,,,,,,,,,,,,,,,,,,,,,,,,,,,,,,,,,,,,,,,,,,,,,,,,,,TN,TN
autoland,4768071,12,69b95d09da21c937720a8d3aaca237f47b683aa9,linux1804-64-shippable-qr,True,False,,,102210fe594ee9b33d82058545b1ed14f4c8206e,browser-toolbox.connect.DAMP,damp,True,damp browser-toolbox.connect.DAMP opt e10s fission stylo webrender-sw,4767235,77,ms,firefox,,1729444601,2023-07-19 08:11:29,1957.8597805000168,a62ecca2aaf072e8022a1b6e6f5d58d9c1024f8b,1274645,,,,,,,,,,,,,,,,,,,,,,,,,,,,,,,,,,,,,,,,,,,,,,,,,,,,,,,,,,,,,TN,TN
autoland,4768071,12,69b95d09da21c937720a8d3aaca237f47b683aa9,linux1804-64-shippable-qr,True,False,,,102210fe594ee9b33d82058545b1ed14f4c8206e,browser-toolbox.connect.DAMP,damp,True,damp browser-toolbox.connect.DAMP opt e10s fission stylo webrender-sw,4767235,77,ms,firefox,,1728071629,2023-07-19 08:12:16,1974.7802184999964,140d21dede36ec0333dbfd36cf0d1320eee6cba4,1274646,,,,,,,,,,,,,,,,,,,,,,,,,,,,,,,,,,,,,,,,,,,,,,,,,,,,,,,,,,,,,TN,TN
autoland,4768071,12,69b95d09da21c937720a8d3aaca237f47b683aa9,linux1804-64-shippable-qr,True,False,,,102210fe594ee9b33d82058545b1ed14f4c8206e,browser-toolbox.connect.DAMP,damp,True,damp browser-toolbox.connect.DAMP opt e10s fission stylo webrender-sw,4767235,77,ms,firefox,,1728257399,2023-07-19 12:13:12,1959.5636049999996,b8d9ace4647851e162743362d884084c81a969ab,1274744,,,,,,,,,,,,,,,,,,,,,,,,,,,,,,,,,,,,,,,,,,,,,,,,,,,,,,,,,,,,,TN,TN
autoland,4768071,12,69b95d09da21c937720a8d3aaca237f47b683aa9,linux1804-64-shippable-qr,True,False,,,102210fe594ee9b33d82058545b1ed14f4c8206e,browser-toolbox.connect.DAMP,damp,True,damp browser-toolbox.connect.DAMP opt e10s fission stylo webrender-sw,4767235,77,ms,firefox,,1728349922,2023-07-19 14:37:00,1946.9920030000208,c1d9936545b5ba143392d27280eb1d56af5ac580,1274851,,,,,,,,,,,,,,,,,,,,,,,,,,,,,,,,,,,,,,,,,,,,,,,,,,,,,,,,,,,,,TN,TN
autoland,4768071,12,69b95d09da21c937720a8d3aaca237f47b683aa9,linux1804-64-shippable-qr,True,False,,,102210fe594ee9b33d82058545b1ed14f4c8206e,browser-toolbox.connect.DAMP,damp,True,damp browser-toolbox.connect.DAMP opt e10s fission stylo webrender-sw,4767235,77,ms,firefox,,1729984458,2023-07-19 16:46:48,1964.30147899998,4be4937b5fae067387adb8cf6eb7377f26e731c6,1274944,,,,,,,,,,,,,,,,,,,,,,,,,,,,,,,,,,,,,,,,,,,,,,,,,,,,,,,,,,,,,TN,TN
autoland,4768071,12,69b95d09da21c937720a8d3aaca237f47b683aa9,linux1804-64-shippable-qr,True,False,,,102210fe594ee9b33d82058545b1ed14f4c8206e,browser-toolbox.connect.DAMP,damp,True,damp browser-toolbox.connect.DAMP opt e10s fission stylo webrender-sw,4767235,77,ms,firefox,,1729984327,2023-07-19 17:15:45,1966.11068350001,62e9b36475c97e8d4cb1610ab6f1b402d17442d2,1274967,,,,,,,,,,,,,,,,,,,,,,,,,,,,,,,,,,,,,,,,,,,,,,,,,,,,,,,,,,,,,TN,TN
autoland,4768071,12,69b95d09da21c937720a8d3aaca237f47b683aa9,linux1804-64-shippable-qr,True,False,,,102210fe594ee9b33d82058545b1ed14f4c8206e,browser-toolbox.connect.DAMP,damp,True,damp browser-toolbox.connect.DAMP opt e10s fission stylo webrender-sw,4767235,77,ms,firefox,,1729994285,2023-07-19 17:17:44,2007.3482890000012,ae13c1d39bda143591aae05bbaa941571aab5b7b,1274968,,,,,,,,,,,,,,,,,,,,,,,,,,,,,,,,,,,,,,,,,,,,,,,,,,,,,,,,,,,,,TN,TN
autoland,4768071,12,69b95d09da21c937720a8d3aaca237f47b683aa9,linux1804-64-shippable-qr,True,False,,,102210fe594ee9b33d82058545b1ed14f4c8206e,browser-toolbox.connect.DAMP,damp,True,damp browser-toolbox.connect.DAMP opt e10s fission stylo webrender-sw,4767235,77,ms,firefox,,1729984386,2023-07-19 17:18:51,1977.8953804999765,3992d1425898f91bdea8c4c12a871432a8000c55,1274970,,,,,,,,,,,,,,,,,,,,,,,,,,,,,,,,,,,,,,,,,,,,,,,,,,,,,,,,,,,,,TN,TN
autoland,4768071,12,69b95d09da21c937720a8d3aaca237f47b683aa9,linux1804-64-shippable-qr,True,False,,,102210fe594ee9b33d82058545b1ed14f4c8206e,browser-toolbox.connect.DAMP,damp,True,damp browser-toolbox.connect.DAMP opt e10s fission stylo webrender-sw,4767235,77,ms,firefox,,1729984956,2023-07-19 17:21:09,1951.157799500012,a7cb63c2e1a226cedd2ed5873b1b7bdea468790f,1274973,,,,,,,,,,,,,,,,,,,,,,,,,,,,,,,,,,,,,,,,,,,,,,,,,,,,,,,,,,,,,TN,TN
autoland,4768071,12,69b95d09da21c937720a8d3aaca237f47b683aa9,linux1804-64-shippable-qr,True,False,,,102210fe594ee9b33d82058545b1ed14f4c8206e,browser-toolbox.connect.DAMP,damp,True,damp browser-toolbox.connect.DAMP opt e10s fission stylo webrender-sw,4767235,77,ms,firefox,,1729985200,2023-07-19 17:22:15,1961.716329500021,e79cdb115973eb1463baca20a39489380d045b70,1274974,,,,,,,,,,,,,,,,,,,,,,,,,,,,,,,,,,,,,,,,,,,,,,,,,,,,,,,,,,,,,TN,TN
autoland,4768071,12,69b95d09da21c937720a8d3aaca237f47b683aa9,linux1804-64-shippable-qr,True,False,,,102210fe594ee9b33d82058545b1ed14f4c8206e,browser-toolbox.connect.DAMP,damp,True,damp browser-toolbox.connect.DAMP opt e10s fission stylo webrender-sw,4767235,77,ms,firefox,,1728624397,2023-07-19 18:46:51,1969.826638999992,a4cb1e2b9e3d0583fb35c77b1b5a61823240d23a,1275034,,,,,,,,,,,,,,,,,,,,,,,,,,,,,,,,,,,,,,,,,,,,,,,,,,,,,,,,,,,,,TN,TN
autoland,4768071,12,69b95d09da21c937720a8d3aaca237f47b683aa9,linux1804-64-shippable-qr,True,False,,,102210fe594ee9b33d82058545b1ed14f4c8206e,browser-toolbox.connect.DAMP,damp,True,damp browser-toolbox.connect.DAMP opt e10s fission stylo webrender-sw,4767235,77,ms,firefox,,1730193157,2023-07-19 18:49:51,1939.1881014999817,cdf2a0349bc6c2b6f160361aeb9b15e291f347b3,1275038,,,,,,,,,,,,,,,,,,,,,,,,,,,,,,,,,,,,,,,,,,,,,,,,,,,,,,,,,,,,,TN,TN
autoland,4768071,12,69b95d09da21c937720a8d3aaca237f47b683aa9,linux1804-64-shippable-qr,True,False,,,102210fe594ee9b33d82058545b1ed14f4c8206e,browser-toolbox.connect.DAMP,damp,True,damp browser-toolbox.connect.DAMP opt e10s fission stylo webrender-sw,4767235,77,ms,firefox,,1730135558,2023-07-19 18:52:36,1869.7072235000012,90802cab2ff88ee98e35c3e456017c737a083233,1275039,,,,,,,,,,,,,,,,,,,,,,,,,,,,,,,,,,,,,,,,,,,,,,,,,,,,,,,,,,,,,TN,TN
autoland,4768071,12,69b95d09da21c937720a8d3aaca237f47b683aa9,linux1804-64-shippable-qr,True,False,,,102210fe594ee9b33d82058545b1ed14f4c8206e,browser-toolbox.connect.DAMP,damp,True,damp browser-toolbox.connect.DAMP opt e10s fission stylo webrender-sw,4767235,77,ms,firefox,,1730133712,2023-07-19 19:01:00,1959.0148669999908,61701dc98fc7a255beeeb7f0d8aa2e048c240036,1275043,,,,,,,,,,,,,,,,,,,,,,,,,,,,,,,,,,,,,,,,,,,,,,,,,,,,,,,,,,,,,TN,TN
autoland,4768071,12,69b95d09da21c937720a8d3aaca237f47b683aa9,linux1804-64-shippable-qr,True,False,,,102210fe594ee9b33d82058545b1ed14f4c8206e,browser-toolbox.connect.DAMP,damp,True,damp browser-toolbox.connect.DAMP opt e10s fission stylo webrender-sw,4767235,77,ms,firefox,,1730134147,2023-07-19 19:01:00,1947.883400999992,61701dc98fc7a255beeeb7f0d8aa2e048c240036,1275043,,,,,,,,,,,,,,,,,,,,,,,,,,,,,,,,,,,,,,,,,,,,,,,,,,,,,,,,,,,,,TN,TN
autoland,4768071,12,69b95d09da21c937720a8d3aaca237f47b683aa9,linux1804-64-shippable-qr,True,False,,,102210fe594ee9b33d82058545b1ed14f4c8206e,browser-toolbox.connect.DAMP,damp,True,damp browser-toolbox.connect.DAMP opt e10s fission stylo webrender-sw,4767235,77,ms,firefox,,1730136598,2023-07-19 19:03:53,1935.254551999973,f5e2ab1cf50121dea7de6528cc16048c3bed29a6,1275046,,,,,,,,,,,,,,,,,,,,,,,,,,,,,,,,,,,,,,,,,,,,,,,,,,,,,,,,,,,,,TN,TN
autoland,4768071,12,69b95d09da21c937720a8d3aaca237f47b683aa9,linux1804-64-shippable-qr,True,False,,,102210fe594ee9b33d82058545b1ed14f4c8206e,browser-toolbox.connect.DAMP,damp,True,damp browser-toolbox.connect.DAMP opt e10s fission stylo webrender-sw,4767235,77,ms,firefox,,1730137871,2023-07-19 19:03:53,1931.8658259999936,f5e2ab1cf50121dea7de6528cc16048c3bed29a6,1275046,,,,,,,,,,,,,,,,,,,,,,,,,,,,,,,,,,,,,,,,,,,,,,,,,,,,,,,,,,,,,TN,TN
autoland,4768071,12,69b95d09da21c937720a8d3aaca237f47b683aa9,linux1804-64-shippable-qr,True,False,,,102210fe594ee9b33d82058545b1ed14f4c8206e,browser-toolbox.connect.DAMP,damp,True,damp browser-toolbox.connect.DAMP opt e10s fission stylo webrender-sw,4767235,77,ms,firefox,,1730138469,2023-07-19 19:03:53,1937.1304409999573,f5e2ab1cf50121dea7de6528cc16048c3bed29a6,1275046,,,,,,,,,,,,,,,,,,,,,,,,,,,,,,,,,,,,,,,,,,,,,,,,,,,,,,,,,,,,,TN,TN
autoland,4768071,12,69b95d09da21c937720a8d3aaca237f47b683aa9,linux1804-64-shippable-qr,True,False,,,102210fe594ee9b33d82058545b1ed14f4c8206e,browser-toolbox.connect.DAMP,damp,True,damp browser-toolbox.connect.DAMP opt e10s fission stylo webrender-sw,4767235,77,ms,firefox,,1730136702,2023-07-19 19:36:14,1948.7966964999976,69d4d8ce55ac993ac40a7f8fd37cc2867d5afde3,1275073,,,,,,,,,,,,,,,,,,,,,,,,,,,,,,,,,,,,,,,,,,,,,,,,,,,,,,,,,,,,,TN,TN
autoland,4768071,12,69b95d09da21c937720a8d3aaca237f47b683aa9,linux1804-64-shippable-qr,True,False,,,102210fe594ee9b33d82058545b1ed14f4c8206e,browser-toolbox.connect.DAMP,damp,True,damp browser-toolbox.connect.DAMP opt e10s fission stylo webrender-sw,4767235,77,ms,firefox,,1730137969,2023-07-19 19:36:14,1952.421313999992,69d4d8ce55ac993ac40a7f8fd37cc2867d5afde3,1275073,,,,,,,,,,,,,,,,,,,,,,,,,,,,,,,,,,,,,,,,,,,,,,,,,,,,,,,,,,,,,TN,TN
autoland,4768071,12,69b95d09da21c937720a8d3aaca237f47b683aa9,linux1804-64-shippable-qr,True,False,,,102210fe594ee9b33d82058545b1ed14f4c8206e,browser-toolbox.connect.DAMP,damp,True,damp browser-toolbox.connect.DAMP opt e10s fission stylo webrender-sw,4767235,77,ms,firefox,,1730137488,2023-07-19 19:36:14,1907.5004375000133,69d4d8ce55ac993ac40a7f8fd37cc2867d5afde3,1275073,,,,,,,,,,,,,,,,,,,,,,,,,,,,,,,,,,,,,,,,,,,,,,,,,,,,,,,,,,,,,TN,TN
autoland,4768071,12,69b95d09da21c937720a8d3aaca237f47b683aa9,linux1804-64-shippable-qr,True,False,,,102210fe594ee9b33d82058545b1ed14f4c8206e,browser-toolbox.connect.DAMP,damp,True,damp browser-toolbox.connect.DAMP opt e10s fission stylo webrender-sw,4767235,77,ms,firefox,,1730133768,2023-07-19 19:37:09,1940.0773240000128,49f7cb9f991c8f664059de83caf0f1b375240dce,1275074,,,,,,,,,,,,,,,,,,,,,,,,,,,,,,,,,,,,,,,,,,,,,,,,,,,,,,,,,,,,,TN,TN
autoland,4768071,12,69b95d09da21c937720a8d3aaca237f47b683aa9,linux1804-64-shippable-qr,True,False,,,102210fe594ee9b33d82058545b1ed14f4c8206e,browser-toolbox.connect.DAMP,damp,True,damp browser-toolbox.connect.DAMP opt e10s fission stylo webrender-sw,4767235,77,ms,firefox,,1730134095,2023-07-19 19:37:09,1940.617310000016,49f7cb9f991c8f664059de83caf0f1b375240dce,1275074,,,,,,,,,,,,,,,,,,,,,,,,,,,,,,,,,,,,,,,,,,,,,,,,,,,,,,,,,,,,,TN,TN
autoland,4768071,12,69b95d09da21c937720a8d3aaca237f47b683aa9,linux1804-64-shippable-qr,True,False,,,102210fe594ee9b33d82058545b1ed14f4c8206e,browser-toolbox.connect.DAMP,damp,True,damp browser-toolbox.connect.DAMP opt e10s fission stylo webrender-sw,4767235,77,ms,firefox,,1730134272,2023-07-19 19:37:09,1901.8316634999935,49f7cb9f991c8f664059de83caf0f1b375240dce,1275074,,,,,,,,,,,,,,,,,,,,,,,,,,,,,,,,,,,,,,,,,,,,,,,,,,,,,,,,,,,,,TN,TN
autoland,4768071,12,69b95d09da21c937720a8d3aaca237f47b683aa9,linux1804-64-shippable-qr,True,False,,,102210fe594ee9b33d82058545b1ed14f4c8206e,browser-toolbox.connect.DAMP,damp,True,damp browser-toolbox.connect.DAMP opt e10s fission stylo webrender-sw,4767235,77,ms,firefox,,1730136650,2023-07-19 19:37:56,1913.7849324999845,e9219c337bb6ddb5f4829464bef43d95382621e6,1275075,,,,,,,,,,,,,,,,,,,,,,,,,,,,,,,,,,,,,,,,,,,,,,,,,,,,,,,,,,,,,TN,TN
autoland,4768071,12,69b95d09da21c937720a8d3aaca237f47b683aa9,linux1804-64-shippable-qr,True,False,,,102210fe594ee9b33d82058545b1ed14f4c8206e,browser-toolbox.connect.DAMP,damp,True,damp browser-toolbox.connect.DAMP opt e10s fission stylo webrender-sw,4767235,77,ms,firefox,,1730138398,2023-07-19 19:37:56,1926.109065499997,e9219c337bb6ddb5f4829464bef43d95382621e6,1275075,,,,,,,,,,,,,,,,,,,,,,,,,,,,,,,,,,,,,,,,,,,,,,,,,,,,,,,,,,,,,TN,TN
autoland,4768071,12,69b95d09da21c937720a8d3aaca237f47b683aa9,linux1804-64-shippable-qr,True,False,,,102210fe594ee9b33d82058545b1ed14f4c8206e,browser-toolbox.connect.DAMP,damp,True,damp browser-toolbox.connect.DAMP opt e10s fission stylo webrender-sw,4767235,77,ms,firefox,,1730143904,2023-07-19 19:37:56,1938.8215880000064,e9219c337bb6ddb5f4829464bef43d95382621e6,1275075,,,,,,,,,,,,,,,,,,,,,,,,,,,,,,,,,,,,,,,,,,,,,,,,,,,,,,,,,,,,,TN,TN
autoland,4768071,12,69b95d09da21c937720a8d3aaca237f47b683aa9,linux1804-64-shippable-qr,True,False,,,102210fe594ee9b33d82058545b1ed14f4c8206e,browser-toolbox.connect.DAMP,damp,True,damp browser-toolbox.connect.DAMP opt e10s fission stylo webrender-sw,4767235,77,ms,firefox,,1730137421,2023-07-19 19:55:03,1956.326356000034,a7d728e9e7bc6c8f8f6c4aba1d2245c8f980d4fe,1275086,,,,,,,,,,,,,,,,,,,,,,,,,,,,,,,,,,,,,,,,,,,,,,,,,,,,,,,,,,,,,TN,TN
autoland,4768071,12,69b95d09da21c937720a8d3aaca237f47b683aa9,linux1804-64-shippable-qr,True,False,,,102210fe594ee9b33d82058545b1ed14f4c8206e,browser-toolbox.connect.DAMP,damp,True,damp browser-toolbox.connect.DAMP opt e10s fission stylo webrender-sw,4767235,77,ms,firefox,,1730138706,2023-07-19 19:55:03,1976.140853500008,a7d728e9e7bc6c8f8f6c4aba1d2245c8f980d4fe,1275086,,,,,,,,,,,,,,,,,,,,,,,,,,,,,,,,,,,,,,,,,,,,,,,,,,,,,,,,,,,,,TN,TN
autoland,4768071,12,69b95d09da21c937720a8d3aaca237f47b683aa9,linux1804-64-shippable-qr,True,False,,,102210fe594ee9b33d82058545b1ed14f4c8206e,browser-toolbox.connect.DAMP,damp,True,damp browser-toolbox.connect.DAMP opt e10s fission stylo webrender-sw,4767235,77,ms,firefox,,1730137546,2023-07-19 19:55:03,1946.6750950000128,a7d728e9e7bc6c8f8f6c4aba1d2245c8f980d4fe,1275086,,,,,,,,,,,,,,,,,,,,,,,,,,,,,,,,,,,,,,,,,,,,,,,,,,,,,,,,,,,,,TN,TN
autoland,4768071,12,69b95d09da21c937720a8d3aaca237f47b683aa9,linux1804-64-shippable-qr,True,False,,,102210fe594ee9b33d82058545b1ed14f4c8206e,browser-toolbox.connect.DAMP,damp,True,damp browser-toolbox.connect.DAMP opt e10s fission stylo webrender-sw,4767235,77,ms,firefox,,1730136278,2023-07-19 21:06:21,1961.7078884999935,98a8fe3a114f4376fab445e77e543efb1a33a2e8,1275128,,,,,,,,,,,,,,,,,,,,,,,,,,,,,,,,,,,,,,,,,,,,,,,,,,,,,,,,,,,,,TN,TN
autoland,4768071,12,69b95d09da21c937720a8d3aaca237f47b683aa9,linux1804-64-shippable-qr,True,False,,,102210fe594ee9b33d82058545b1ed14f4c8206e,browser-toolbox.connect.DAMP,damp,True,damp browser-toolbox.connect.DAMP opt e10s fission stylo webrender-sw,4767235,77,ms,firefox,,1730098732,2023-07-19 21:13:22,1961.6114924999565,815c09621b5182253716bead5419a2362645da8a,1275134,,,,,,,,,,,,,,,,,,,,,,,,,,,,,,,,,,,,,,,,,,,,,,,,,,,,,,,,,,,,,TN,TN
autoland,4768071,12,69b95d09da21c937720a8d3aaca237f47b683aa9,linux1804-64-shippable-qr,True,False,,,102210fe594ee9b33d82058545b1ed14f4c8206e,browser-toolbox.connect.DAMP,damp,True,damp browser-toolbox.connect.DAMP opt e10s fission stylo webrender-sw,4767235,77,ms,firefox,,1729977725,2023-07-19 21:14:31,1953.1526674999768,6241c913f7006b072cec8d37a25610a86759a7c5,1275135,,,,,,,,,,,,,,,,,,,,,,,,,,,,,,,,,,,,,,,,,,,,,,,,,,,,,,,,,,,,,TN,TN
autoland,4768071,12,69b95d09da21c937720a8d3aaca237f47b683aa9,linux1804-64-shippable-qr,True,False,,,102210fe594ee9b33d82058545b1ed14f4c8206e,browser-toolbox.connect.DAMP,damp,True,damp browser-toolbox.connect.DAMP opt e10s fission stylo webrender-sw,4767235,77,ms,firefox,,1729976444,2023-07-19 21:15:34,1927.3974109999908,647d7e699887cc4e03192697d5c42dd88073bb34,1275138,,,,,,,,,,,,,,,,,,,,,,,,,,,,,,,,,,,,,,,,,,,,,,,,,,,,,,,,,,,,,TN,TN
autoland,4768071,12,69b95d09da21c937720a8d3aaca237f47b683aa9,linux1804-64-shippable-qr,True,False,,,102210fe594ee9b33d82058545b1ed14f4c8206e,browser-toolbox.connect.DAMP,damp,True,damp browser-toolbox.connect.DAMP opt e10s fission stylo webrender-sw,4767235,77,ms,firefox,,1729979160,2023-07-19 21:16:22,1946.2063435000164,0b4c8765c9ed1218b0bc3381cdd727d1d3b21b52,1275139,,,,,,,,,,,,,,,,,,,,,,,,,,,,,,,,,,,,,,,,,,,,,,,,,,,,,,,,,,,,,TN,TN
autoland,4768071,12,69b95d09da21c937720a8d3aaca237f47b683aa9,linux1804-64-shippable-qr,True,False,,,102210fe594ee9b33d82058545b1ed14f4c8206e,browser-toolbox.connect.DAMP,damp,True,damp browser-toolbox.connect.DAMP opt e10s fission stylo webrender-sw,4767235,77,ms,firefox,,1729968893,2023-07-19 21:17:28,1913.8140860000055,38f32e096d8bd987d16a82e9159b1df38570caca,1275140,,,,,,,,,,,,,,,,,,,,,,,,,,,,,,,,,,,,,,,,,,,,,,,,,,,,,,,,,,,,,TN,TN
autoland,4768071,12,69b95d09da21c937720a8d3aaca237f47b683aa9,linux1804-64-shippable-qr,True,False,,,102210fe594ee9b33d82058545b1ed14f4c8206e,browser-toolbox.connect.DAMP,damp,True,damp browser-toolbox.connect.DAMP opt e10s fission stylo webrender-sw,4767235,77,ms,firefox,,1729969308,2023-07-19 21:18:23,1932.3212135000067,00d95f0173270da2747a3d5ea7dcd55dc8110690,1275141,,,,,,,,,,,,,,,,,,,,,,,,,,,,,,,,,,,,,,,,,,,,,,,,,,,,,,,,,,,,,TN,TN
autoland,4768071,12,69b95d09da21c937720a8d3aaca237f47b683aa9,linux1804-64-shippable-qr,True,False,,,102210fe594ee9b33d82058545b1ed14f4c8206e,browser-toolbox.connect.DAMP,damp,True,damp browser-toolbox.connect.DAMP opt e10s fission stylo webrender-sw,4767235,77,ms,firefox,,1729975822,2023-07-19 21:19:37,1938.8526035000032,2dc0ffebfdeef91174e5af626723f88073147bd9,1275143,,,,,,,,,,,,,,,,,,,,,,,,,,,,,,,,,,,,,,,,,,,,,,,,,,,,,,,,,,,,,TN,TN
autoland,4768071,12,69b95d09da21c937720a8d3aaca237f47b683aa9,linux1804-64-shippable-qr,True,False,,,102210fe594ee9b33d82058545b1ed14f4c8206e,browser-toolbox.connect.DAMP,damp,True,damp browser-toolbox.connect.DAMP opt e10s fission stylo webrender-sw,4767235,77,ms,firefox,,1729976083,2023-07-19 21:20:25,1958.866139999984,2121a35a5a204ced0349e790e09efbe551135eec,1275144,,,,,,,,,,,,,,,,,,,,,,,,,,,,,,,,,,,,,,,,,,,,,,,,,,,,,,,,,,,,,TN,TN
autoland,4768071,12,69b95d09da21c937720a8d3aaca237f47b683aa9,linux1804-64-shippable-qr,True,False,,,102210fe594ee9b33d82058545b1ed14f4c8206e,browser-toolbox.connect.DAMP,damp,True,damp browser-toolbox.connect.DAMP opt e10s fission stylo webrender-sw,4767235,77,ms,firefox,,1729975608,2023-07-19 22:15:27,1914.7373480000097,f28c20bf2b4253e902368718289df9a10edc674e,1275174,,,,,,,,,,,,,,,,,,,,,,,,,,,,,,,,,,,,,,,,,,,,,,,,,,,,,,,,,,,,,TN,TN
autoland,4768071,12,69b95d09da21c937720a8d3aaca237f47b683aa9,linux1804-64-shippable-qr,True,False,,,102210fe594ee9b33d82058545b1ed14f4c8206e,browser-toolbox.connect.DAMP,damp,True,damp browser-toolbox.connect.DAMP opt e10s fission stylo webrender-sw,4767235,77,ms,firefox,,1729969300,2023-07-19 22:16:17,1964.967956499997,dc5b02b213f9b4f3f59a01c5166ad4860cd16188,1275175,,,,,,,,,,,,,,,,,,,,,,,,,,,,,,,,,,,,,,,,,,,,,,,,,,,,,,,,,,,,,TN,TN
autoland,4768071,12,69b95d09da21c937720a8d3aaca237f47b683aa9,linux1804-64-shippable-qr,True,False,,,102210fe594ee9b33d82058545b1ed14f4c8206e,browser-toolbox.connect.DAMP,damp,True,damp browser-toolbox.connect.DAMP opt e10s fission stylo webrender-sw,4767235,77,ms,firefox,,1728666884,2023-07-19 22:17:04,1940.482065500004,7d1e4a896dd81d294b7bccc7c20345d7c0432b47,1275176,,,,,,,,,,,,,,,,,,,,,,,,,,,,,,,,,,,,,,,,,,,,,,,,,,,,,,,,,,,,,TN,TN
autoland,4768071,12,69b95d09da21c937720a8d3aaca237f47b683aa9,linux1804-64-shippable-qr,True,False,,,102210fe594ee9b33d82058545b1ed14f4c8206e,browser-toolbox.connect.DAMP,damp,True,damp browser-toolbox.connect.DAMP opt e10s fission stylo webrender-sw,4767235,77,ms,firefox,,1729969478,2023-07-19 22:17:56,1948.1609249999965,32940d64b391508cfe912a339faaec502259a4f3,1275178,,,,,,,,,,,,,,,,,,,,,,,,,,,,,,,,,,,,,,,,,,,,,,,,,,,,,,,,,,,,,TN,TN
autoland,4768071,12,69b95d09da21c937720a8d3aaca237f47b683aa9,linux1804-64-shippable-qr,True,False,,,102210fe594ee9b33d82058545b1ed14f4c8206e,browser-toolbox.connect.DAMP,damp,True,damp browser-toolbox.connect.DAMP opt e10s fission stylo webrender-sw,4767235,77,ms,firefox,,1729975874,2023-07-19 22:27:58,1971.323172499986,95a4b078f8aa30e83485d819bf28bb990b48e402,1275182,,,,,,,,,,,,,,,,,,,,,,,,,,,,,,,,,,,,,,,,,,,,,,,,,,,,,,,,,,,,,TN,TN
autoland,4768071,12,69b95d09da21c937720a8d3aaca237f47b683aa9,linux1804-64-shippable-qr,True,False,,,102210fe594ee9b33d82058545b1ed14f4c8206e,browser-toolbox.connect.DAMP,damp,True,damp browser-toolbox.connect.DAMP opt e10s fission stylo webrender-sw,4767235,77,ms,firefox,,1729977011,2023-07-19 22:29:58,1949.9061150000016,178f56216f6d54d8ff3a4be2a52e0935b925751c,1275183,,,,,,,,,,,,,,,,,,,,,,,,,,,,,,,,,,,,,,,,,,,,,,,,,,,,,,,,,,,,,TN,TN
autoland,4768071,12,69b95d09da21c937720a8d3aaca237f47b683aa9,linux1804-64-shippable-qr,True,False,,,102210fe594ee9b33d82058545b1ed14f4c8206e,browser-toolbox.connect.DAMP,damp,True,damp browser-toolbox.connect.DAMP opt e10s fission stylo webrender-sw,4767235,77,ms,firefox,,1729975660,2023-07-19 23:36:21,1946.387628000004,ac54d6ed3da6515e3b9b6a1f638e5590adf402fd,1275214,,,,,,,,,,,,,,,,,,,,,,,,,,,,,,,,,,,,,,,,,,,,,,,,,,,,,,,,,,,,,TN,TN
autoland,4768071,12,69b95d09da21c937720a8d3aaca237f47b683aa9,linux1804-64-shippable-qr,True,False,,,102210fe594ee9b33d82058545b1ed14f4c8206e,browser-toolbox.connect.DAMP,damp,True,damp browser-toolbox.connect.DAMP opt e10s fission stylo webrender-sw,4767235,77,ms,firefox,,1729975978,2023-07-19 23:48:25,1949.6818985000027,163c85e5903a843be47db023d106d34202137547,1275220,,,,,,,,,,,,,,,,,,,,,,,,,,,,,,,,,,,,,,,,,,,,,,,,,,,,,,,,,,,,,TN,TN
autoland,4768071,12,69b95d09da21c937720a8d3aaca237f47b683aa9,linux1804-64-shippable-qr,True,False,,,102210fe594ee9b33d82058545b1ed14f4c8206e,browser-toolbox.connect.DAMP,damp,True,damp browser-toolbox.connect.DAMP opt e10s fission stylo webrender-sw,4767235,77,ms,firefox,,1729976187,2023-07-19 23:49:21,1960.0329460000064,0de156207253a1056d8e1f41c7019a34bec91a61,1275221,,,,,,,,,,,,,,,,,,,,,,,,,,,,,,,,,,,,,,,,,,,,,,,,,,,,,,,,,,,,,TN,TN
autoland,4768071,12,69b95d09da21c937720a8d3aaca237f47b683aa9,linux1804-64-shippable-qr,True,False,,,102210fe594ee9b33d82058545b1ed14f4c8206e,browser-toolbox.connect.DAMP,damp,True,damp browser-toolbox.connect.DAMP opt e10s fission stylo webrender-sw,4767235,77,ms,firefox,,1729982748,2023-07-20 00:45:19,1945.2364034999628,4c4f5623a84e6db3d0f9a7738c0e789c98a4e763,1275243,,,,,,,,,,,,,,,,,,,,,,,,,,,,,,,,,,,,,,,,,,,,,,,,,,,,,,,,,,,,,TN,TN
autoland,4768071,12,69b95d09da21c937720a8d3aaca237f47b683aa9,linux1804-64-shippable-qr,True,False,,,102210fe594ee9b33d82058545b1ed14f4c8206e,browser-toolbox.connect.DAMP,damp,True,damp browser-toolbox.connect.DAMP opt e10s fission stylo webrender-sw,4767235,77,ms,firefox,,1729979393,2023-07-20 01:59:59,1937.2851855000044,05b7466fa4285e8e099e467ecd0887b5496960eb,1275267,,,,,,,,,,,,,,,,,,,,,,,,,,,,,,,,,,,,,,,,,,,,,,,,,,,,,,,,,,,,,TN,TN
autoland,4768071,12,69b95d09da21c937720a8d3aaca237f47b683aa9,linux1804-64-shippable-qr,True,False,,,102210fe594ee9b33d82058545b1ed14f4c8206e,browser-toolbox.connect.DAMP,damp,True,damp browser-toolbox.connect.DAMP opt e10s fission stylo webrender-sw,4767235,77,ms,firefox,,1728768701,2023-07-20 03:34:20,1950.153692500011,e73cc92e62dbaf2e2cdb70a1d9890da611a2b772,1275291,,,,,,,,,,,,,,,,,,,,,,,,,,,,,,,,,,,,,,,,,,,,,,,,,,,,,,,,,,,,,TN,TN
autoland,4768071,12,69b95d09da21c937720a8d3aaca237f47b683aa9,linux1804-64-shippable-qr,True,False,,,102210fe594ee9b33d82058545b1ed14f4c8206e,browser-toolbox.connect.DAMP,damp,True,damp browser-toolbox.connect.DAMP opt e10s fission stylo webrender-sw,4767235,77,ms,firefox,,1729980080,2023-07-20 03:59:02,1961.1201689999943,432063ff43c75c16b03630b03da39d2579808684,1275297,,,,,,,,,,,,,,,,,,,,,,,,,,,,,,,,,,,,,,,,,,,,,,,,,,,,,,,,,,,,,TN,TN
autoland,4768071,12,69b95d09da21c937720a8d3aaca237f47b683aa9,linux1804-64-shippable-qr,True,False,,,102210fe594ee9b33d82058545b1ed14f4c8206e,browser-toolbox.connect.DAMP,damp,True,damp browser-toolbox.connect.DAMP opt e10s fission stylo webrender-sw,4767235,77,ms,firefox,,1729976854,2023-07-20 04:24:08,1919.5411544999845,09ceb4b0786a6525d114b2af47a96b2c100f5b53,1275301,,,,,,,,,,,,,,,,,,,,,,,,,,,,,,,,,,,,,,,,,,,,,,,,,,,,,,,,,,,,,TN,TN
autoland,4768071,12,69b95d09da21c937720a8d3aaca237f47b683aa9,linux1804-64-shippable-qr,True,False,,,102210fe594ee9b33d82058545b1ed14f4c8206e,browser-toolbox.connect.DAMP,damp,True,damp browser-toolbox.connect.DAMP opt e10s fission stylo webrender-sw,4767235,77,ms,firefox,,1729979584,2023-07-20 05:32:49,1960.3470065,7f6a4a7d06fa3aefd174a3782731a66dc7b3eac4,1275309,,,,,,,,,,,,,,,,,,,,,,,,,,,,,,,,,,,,,,,,,,,,,,,,,,,,,,,,,,,,,TN,TN
autoland,4768071,12,69b95d09da21c937720a8d3aaca237f47b683aa9,linux1804-64-shippable-qr,True,False,,,102210fe594ee9b33d82058545b1ed14f4c8206e,browser-toolbox.connect.DAMP,damp,True,damp browser-toolbox.connect.DAMP opt e10s fission stylo webrender-sw,4767235,77,ms,firefox,,1729979918,2023-07-20 06:24:38,1950.1255774999736,57f9fc8d9487bf399784c6960fee43a90f0b954e,1275318,,,,,,,,,,,,,,,,,,,,,,,,,,,,,,,,,,,,,,,,,,,,,,,,,,,,,,,,,,,,,TN,TN
autoland,4768071,12,69b95d09da21c937720a8d3aaca237f47b683aa9,linux1804-64-shippable-qr,True,False,,,102210fe594ee9b33d82058545b1ed14f4c8206e,browser-toolbox.connect.DAMP,damp,True,damp browser-toolbox.connect.DAMP opt e10s fission stylo webrender-sw,4767235,77,ms,firefox,,1729977673,2023-07-20 07:01:35,1944.2041810000371,dbdd8c611ff7c6cc86d8c68712f38edbc9136ded,1275329,,,,,,,,,,,,,,,,,,,,,,,,,,,,,,,,,,,,,,,,,,,,,,,,,,,,,,,,,,,,,TN,TN
autoland,4768071,12,69b95d09da21c937720a8d3aaca237f47b683aa9,linux1804-64-shippable-qr,True,False,,,102210fe594ee9b33d82058545b1ed14f4c8206e,browser-toolbox.connect.DAMP,damp,True,damp browser-toolbox.connect.DAMP opt e10s fission stylo webrender-sw,4767235,77,ms,firefox,,1729977096,2023-07-20 07:07:38,1928.0044665000023,cef068ca986ec6b442bd8a870cd017b4306e95cb,1275333,,,,,,,,,,,,,,,,,,,,,,,,,,,,,,,,,,,,,,,,,,,,,,,,,,,,,,,,,,,,,TN,TN
autoland,4768071,12,69b95d09da21c937720a8d3aaca237f47b683aa9,linux1804-64-shippable-qr,True,False,,,102210fe594ee9b33d82058545b1ed14f4c8206e,browser-toolbox.connect.DAMP,damp,True,damp browser-toolbox.connect.DAMP opt e10s fission stylo webrender-sw,4767235,77,ms,firefox,,1729980570,2023-07-20 07:08:37,1943.0314179999916,37729026a23e97f283faf591cfde78c78b37b1c7,1275335,,,,,,,,,,,,,,,,,,,,,,,,,,,,,,,,,,,,,,,,,,,,,,,,,,,,,,,,,,,,,TN,TN
autoland,4768071,12,69b95d09da21c937720a8d3aaca237f47b683aa9,linux1804-64-shippable-qr,True,False,,,102210fe594ee9b33d82058545b1ed14f4c8206e,browser-toolbox.connect.DAMP,damp,True,damp browser-toolbox.connect.DAMP opt e10s fission stylo webrender-sw,4767235,77,ms,firefox,,1729976135,2023-07-20 07:19:54,1965.477470999962,991811626f3cd144b42deefa35436237faae6d86,1275336,,,,,,,,,,,,,,,,,,,,,,,,,,,,,,,,,,,,,,,,,,,,,,,,,,,,,,,,,,,,,TN,TN
autoland,4768071,12,69b95d09da21c937720a8d3aaca237f47b683aa9,linux1804-64-shippable-qr,True,False,,,102210fe594ee9b33d82058545b1ed14f4c8206e,browser-toolbox.connect.DAMP,damp,True,damp browser-toolbox.connect.DAMP opt e10s fission stylo webrender-sw,4767235,77,ms,firefox,,1729975556,2023-07-20 07:29:06,1940.1003070000008,9db33f9464a61032840b82918d5690960fa39fd9,1275340,,,,,,,,,,,,,,,,,,,,,,,,,,,,,,,,,,,,,,,,,,,,,,,,,,,,,,,,,,,,,TN,TN
autoland,4768071,12,69b95d09da21c937720a8d3aaca237f47b683aa9,linux1804-64-shippable-qr,True,False,,,102210fe594ee9b33d82058545b1ed14f4c8206e,browser-toolbox.connect.DAMP,damp,True,damp browser-toolbox.connect.DAMP opt e10s fission stylo webrender-sw,4767235,77,ms,firefox,,1728939438,2023-07-20 07:42:09,1964.5636694999996,9a6d93f12d75deb2d5f6662ca35347a774d7cd6f,1275344,,,,,,,,,,,,,,,,,,,,,,,,,,,,,,,,,,,,,,,,,,,,,,,,,,,,,,,,,,,,,TN,TN
autoland,4768071,12,69b95d09da21c937720a8d3aaca237f47b683aa9,linux1804-64-shippable-qr,True,False,,,102210fe594ee9b33d82058545b1ed14f4c8206e,browser-toolbox.connect.DAMP,damp,True,damp browser-toolbox.connect.DAMP opt e10s fission stylo webrender-sw,4767235,77,ms,firefox,,1730055482,2023-07-20 07:51:14,1929.697691999998,2664ab12c4029bc45f67a6476ce0b29d8b8f417c,1275347,,,,,,,,,,,,,,,,,,,,,,,,,,,,,,,,,,,,,,,,,,,,,,,,,,,,,,,,,,,,,TN,TN
autoland,4768071,12,69b95d09da21c937720a8d3aaca237f47b683aa9,linux1804-64-shippable-qr,True,False,,,102210fe594ee9b33d82058545b1ed14f4c8206e,browser-toolbox.connect.DAMP,damp,True,damp browser-toolbox.connect.DAMP opt e10s fission stylo webrender-sw,4767235,77,ms,firefox,,1730055348,2023-07-20 07:53:21,1955.0554594999996,73779d0b32f30a0bd3ff0a394cd02880a9e29309,1275351,,,,,,,,,,,,,,,,,,,,,,,,,,,,,,,,,,,,,,,,,,,,,,,,,,,,,,,,,,,,,TN,TN
autoland,4768071,12,69b95d09da21c937720a8d3aaca237f47b683aa9,linux1804-64-shippable-qr,True,False,,,102210fe594ee9b33d82058545b1ed14f4c8206e,browser-toolbox.connect.DAMP,damp,True,damp browser-toolbox.connect.DAMP opt e10s fission stylo webrender-sw,4767235,77,ms,firefox,,1730055830,2023-07-20 09:09:53,1942.6579430000163,69b00afdaa3da80d77a3b39062385b8ce59f04f9,1275373,,,,,,,,,,,,,,,,,,,,,,,,,,,,,,,,,,,,,,,,,,,,,,,,,,,,,,,,,,,,,TN,TN
autoland,4768071,12,69b95d09da21c937720a8d3aaca237f47b683aa9,linux1804-64-shippable-qr,True,False,,,102210fe594ee9b33d82058545b1ed14f4c8206e,browser-toolbox.connect.DAMP,damp,True,damp browser-toolbox.connect.DAMP opt e10s fission stylo webrender-sw,4767235,77,ms,firefox,,1730055778,2023-07-20 09:17:45,1969.776780500004,3dcccc40be044ccd3044eaa32d57aac2f2ca581d,1275375,,,,,,,,,,,,,,,,,,,,,,,,,,,,,,,,,,,,,,,,,,,,,,,,,,,,,,,,,,,,,TN,TN
autoland,4768071,12,69b95d09da21c937720a8d3aaca237f47b683aa9,linux1804-64-shippable-qr,True,False,,,102210fe594ee9b33d82058545b1ed14f4c8206e,browser-toolbox.connect.DAMP,damp,True,damp browser-toolbox.connect.DAMP opt e10s fission stylo webrender-sw,4767235,77,ms,firefox,,1730055948,2023-07-20 10:06:36,1915.804619500006,0569817d25a640fee76b8e1b9798c23c4a59c4c8,1275401,,,,,,,,,,,,,,,,,,,,,,,,,,,,,,,,,,,,,,,,,,,,,,,,,,,,,,,,,,,,,TN,TN
autoland,4768071,12,69b95d09da21c937720a8d3aaca237f47b683aa9,linux1804-64-shippable-qr,True,False,,,102210fe594ee9b33d82058545b1ed14f4c8206e,browser-toolbox.connect.DAMP,damp,True,damp browser-toolbox.connect.DAMP opt e10s fission stylo webrender-sw,4767235,77,ms,firefox,,1730056291,2023-07-20 10:35:17,1894.4906860000192,0d6882207f7dacbfaedd0ffe0d7ecd6497cc3d74,1275410,,,,,,,,,,,,,,,,,,,,,,,,,,,,,,,,,,,,,,,,,,,,,,,,,,,,,,,,,,,,,TN,TN
autoland,4768071,12,69b95d09da21c937720a8d3aaca237f47b683aa9,linux1804-64-shippable-qr,True,False,,,102210fe594ee9b33d82058545b1ed14f4c8206e,browser-toolbox.connect.DAMP,damp,True,damp browser-toolbox.connect.DAMP opt e10s fission stylo webrender-sw,4767235,77,ms,firefox,,1730056090,2023-07-20 11:41:11,1901.227418999988,4a5366c3dbf3a3ec10483c00ca12af72c2888c5f,1275427,,,,,,,,,,,,,,,,,,,,,,,,,,,,,,,,,,,,,,,,,,,,,,,,,,,,,,,,,,,,,TN,TN
autoland,4768071,12,69b95d09da21c937720a8d3aaca237f47b683aa9,linux1804-64-shippable-qr,True,False,,,102210fe594ee9b33d82058545b1ed14f4c8206e,browser-toolbox.connect.DAMP,damp,True,damp browser-toolbox.connect.DAMP opt e10s fission stylo webrender-sw,4767235,77,ms,firefox,,1730056522,2023-07-20 11:42:05,1928.632065999991,b791b4d37f17159d7ea14fe3be14dab2649308c2,1275428,,,,,,,,,,,,,,,,,,,,,,,,,,,,,,,,,,,,,,,,,,,,,,,,,,,,,,,,,,,,,TN,TN
autoland,4768071,12,69b95d09da21c937720a8d3aaca237f47b683aa9,linux1804-64-shippable-qr,True,False,,,102210fe594ee9b33d82058545b1ed14f4c8206e,browser-toolbox.connect.DAMP,damp,True,damp browser-toolbox.connect.DAMP opt e10s fission stylo webrender-sw,4767235,77,ms,firefox,,1729031900,2023-07-20 12:22:04,1950.8149055000104,0278b86272728b17ade153f25ef5ec4442158066,1275437,,,,,,,,,,,,,,,,,,,,,,,,,,,,,,,,,,,,,,,,,,,,,,,,,,,,,,,,,,,,,TN,TN
autoland,4768071,12,69b95d09da21c937720a8d3aaca237f47b683aa9,linux1804-64-shippable-qr,True,False,,,102210fe594ee9b33d82058545b1ed14f4c8206e,browser-toolbox.connect.DAMP,damp,True,damp browser-toolbox.connect.DAMP opt e10s fission stylo webrender-sw,4767235,77,ms,firefox,,1730076183,2023-07-20 12:30:48,1952.2634165000052,dfce6aa1304ae9d591d6fe072c0c55e53cbef143,1275443,,,,,,,,,,,,,,,,,,,,,,,,,,,,,,,,,,,,,,,,,,,,,,,,,,,,,,,,,,,,,TN,TN
autoland,4768071,12,69b95d09da21c937720a8d3aaca237f47b683aa9,linux1804-64-shippable-qr,True,False,,,102210fe594ee9b33d82058545b1ed14f4c8206e,browser-toolbox.connect.DAMP,damp,True,damp browser-toolbox.connect.DAMP opt e10s fission stylo webrender-sw,4767235,77,ms,firefox,,1730055599,2023-07-20 13:21:00,1953.620739999984,f33e1ce6dcf19e47952f3963c8e970c7c380acd2,1275460,,,,,,,,,,,,,,,,,,,,,,,,,,,,,,,,,,,,,,,,,,,,,,,,,,,,,,,,,,,,,TN,TN
autoland,4768071,12,69b95d09da21c937720a8d3aaca237f47b683aa9,linux1804-64-shippable-qr,True,False,,,102210fe594ee9b33d82058545b1ed14f4c8206e,browser-toolbox.connect.DAMP,damp,True,damp browser-toolbox.connect.DAMP opt e10s fission stylo webrender-sw,4767235,77,ms,firefox,,1730055402,2023-07-20 13:24:59,1931.9410720000012,a90f231791f03487ec9a1beab731726e345264d3,1275463,,,,,,,,,,,,,,,,,,,,,,,,,,,,,,,,,,,,,,,,,,,,,,,,,,,,,,,,,,,,,TN,TN
autoland,4768071,12,69b95d09da21c937720a8d3aaca237f47b683aa9,linux1804-64-shippable-qr,True,False,,,102210fe594ee9b33d82058545b1ed14f4c8206e,browser-toolbox.connect.DAMP,damp,True,damp browser-toolbox.connect.DAMP opt e10s fission stylo webrender-sw,4767235,77,ms,firefox,,1730075349,2023-07-20 13:40:29,1890.6971255000024,86e7e45ff06b75f03703644b4b61204269f93b5e,1275474,,,,,,,,,,,,,,,,,,,,,,,,,,,,,,,,,,,,,,,,,,,,,,,,,,,,,,,,,,,,,TN,TN
autoland,4768071,12,69b95d09da21c937720a8d3aaca237f47b683aa9,linux1804-64-shippable-qr,True,False,,,102210fe594ee9b33d82058545b1ed14f4c8206e,browser-toolbox.connect.DAMP,damp,True,damp browser-toolbox.connect.DAMP opt e10s fission stylo webrender-sw,4767235,77,ms,firefox,,1730075960,2023-07-20 14:14:43,1878.593814499989,fbf3080dee72db09a32e51a45d9e2eb5912e36a9,1275497,,,,,,,,,,,,,,,,,,,,,,,,,,,,,,,,,,,,,,,,,,,,,,,,,,,,,,,,,,,,,TN,TN
autoland,4768071,12,69b95d09da21c937720a8d3aaca237f47b683aa9,linux1804-64-shippable-qr,True,False,,,102210fe594ee9b33d82058545b1ed14f4c8206e,browser-toolbox.connect.DAMP,damp,True,damp browser-toolbox.connect.DAMP opt e10s fission stylo webrender-sw,4767235,77,ms,firefox,,1730068692,2023-07-20 14:28:06,1908.5442150000017,98677779a3a46f8430f3277551cacdb7a82d38b0,1275511,,,,,,,,,,,,,,,,,,,,,,,,,,,,,,,,,,,,,,,,,,,,,,,,,,,,,,,,,,,,,TN,TN
autoland,4768071,12,69b95d09da21c937720a8d3aaca237f47b683aa9,linux1804-64-shippable-qr,True,False,,,102210fe594ee9b33d82058545b1ed14f4c8206e,browser-toolbox.connect.DAMP,damp,True,damp browser-toolbox.connect.DAMP opt e10s fission stylo webrender-sw,4767235,77,ms,firefox,,1730074802,2023-07-20 14:45:56,1966.128479499996,68d7c1901adc93d5c4bda7edc5c4d9adedad043d,1275522,,,,,,,,,,,,,,,,,,,,,,,,,,,,,,,,,,,,,,,,,,,,,,,,,,,,,,,,,,,,,TN,TN
autoland,4768071,12,69b95d09da21c937720a8d3aaca237f47b683aa9,linux1804-64-shippable-qr,True,False,,,102210fe594ee9b33d82058545b1ed14f4c8206e,browser-toolbox.connect.DAMP,damp,True,damp browser-toolbox.connect.DAMP opt e10s fission stylo webrender-sw,4767235,77,ms,firefox,,1730076072,2023-07-20 14:46:46,1901.714148500003,17b38ff05d08f8d4afed699559b90e7ea6850325,1275524,,,,,,,,,,,,,,,,,,,,,,,,,,,,,,,,,,,,,,,,,,,,,,,,,,,,,,,,,,,,,TN,TN
autoland,4768071,12,69b95d09da21c937720a8d3aaca237f47b683aa9,linux1804-64-shippable-qr,True,False,,,102210fe594ee9b33d82058545b1ed14f4c8206e,browser-toolbox.connect.DAMP,damp,True,damp browser-toolbox.connect.DAMP opt e10s fission stylo webrender-sw,4767235,77,ms,firefox,,1730075491,2023-07-20 14:51:14,1955.7368684999888,2c092fc18bd15469535bc1c930def13ac70dc483,1275526,,,,,,,,,,,,,,,,,,,,,,,,,,,,,,,,,,,,,,,,,,,,,,,,,,,,,,,,,,,,,TN,TN
autoland,4768071,12,69b95d09da21c937720a8d3aaca237f47b683aa9,linux1804-64-shippable-qr,True,False,,,102210fe594ee9b33d82058545b1ed14f4c8206e,browser-toolbox.connect.DAMP,damp,True,damp browser-toolbox.connect.DAMP opt e10s fission stylo webrender-sw,4767235,77,ms,firefox,,1729109960,2023-07-20 15:24:57,1917.9856035000048,0bc898fe076442e9a552e9918f1b50ece1c87859,1275543,,,,,,,,,,,,,,,,,,,,,,,,,,,,,,,,,,,,,,,,,,,,,,,,,,,,,,,,,,,,,TN,TN
autoland,4768071,12,69b95d09da21c937720a8d3aaca237f47b683aa9,linux1804-64-shippable-qr,True,False,,,102210fe594ee9b33d82058545b1ed14f4c8206e,browser-toolbox.connect.DAMP,damp,True,damp browser-toolbox.connect.DAMP opt e10s fission stylo webrender-sw,4767235,77,ms,firefox,,1729284924,2023-07-20 19:57:27,1949.393226999975,1474bffb9d2bc609c90f59cdbd875d90f152f78b,1275751,,,,,,,,,,,,,,,,,,,,,,,,,,,,,,,,,,,,,,,,,,,,,,,,,,,,,,,,,,,,,TN,TN
autoland,4768071,12,69b95d09da21c937720a8d3aaca237f47b683aa9,linux1804-64-shippable-qr,True,False,,,102210fe594ee9b33d82058545b1ed14f4c8206e,browser-toolbox.connect.DAMP,damp,True,damp browser-toolbox.connect.DAMP opt e10s fission stylo webrender-sw,4767235,77,ms,firefox,,1729408129,2023-07-20 23:58:39,1902.5579174999875,a81b4cfa355314c5644c5a1924408dd57a6451ba,1275867,,,,,,,,,,,,,,,,,,,,,,,,,,,,,,,,,,,,,,,,,,,,,,,,,,,,,,,,,,,,,TN,TN
autoland,4768071,12,69b95d09da21c937720a8d3aaca237f47b683aa9,linux1804-64-shippable-qr,True,False,,,102210fe594ee9b33d82058545b1ed14f4c8206e,browser-toolbox.connect.DAMP,damp,True,damp browser-toolbox.connect.DAMP opt e10s fission stylo webrender-sw,4767235,77,ms,firefox,,1729429527,2023-07-21 02:12:29,1866.916948500002,561b7f418a4da2b68cf411804f9a6dcc542bf5d4,1275913,,,,,,,,,,,,,,,,,,,,,,,,,,,,,,,,,,,,,,,,,,,,,,,,,,,,,,,,,,,,,TN,TN
autoland,4768071,12,69b95d09da21c937720a8d3aaca237f47b683aa9,linux1804-64-shippable-qr,True,False,,,102210fe594ee9b33d82058545b1ed14f4c8206e,browser-toolbox.connect.DAMP,damp,True,damp browser-toolbox.connect.DAMP opt e10s fission stylo webrender-sw,4767235,77,ms,firefox,,1729609718,2023-07-21 09:50:03,1953.1029574999848,a2fe9197bad582dee22ed11cd3cec32073abcbb1,1276015,,,,,,,,,,,,,,,,,,,,,,,,,,,,,,,,,,,,,,,,,,,,,,,,,,,,,,,,,,,,,TN,TN
autoland,4768071,12,69b95d09da21c937720a8d3aaca237f47b683aa9,linux1804-64-shippable-qr,True,False,,,102210fe594ee9b33d82058545b1ed14f4c8206e,browser-toolbox.connect.DAMP,damp,True,damp browser-toolbox.connect.DAMP opt e10s fission stylo webrender-sw,4767235,77,ms,firefox,,1729674255,2023-07-21 13:55:08,1935.7289864999984,9df47ce85e0472ca3ad7784cdf4c5640950ed7d9,1276152,,,,,,,,,,,,,,,,,,,,,,,,,,,,,,,,,,,,,,,,,,,,,,,,,,,,,,,,,,,,,TN,TN
autoland,4768071,12,69b95d09da21c937720a8d3aaca237f47b683aa9,linux1804-64-shippable-qr,True,False,,,102210fe594ee9b33d82058545b1ed14f4c8206e,browser-toolbox.connect.DAMP,damp,True,damp browser-toolbox.connect.DAMP opt e10s fission stylo webrender-sw,4767235,77,ms,firefox,,1729758562,2023-07-21 17:11:12,1870.2362374999936,e289c1fd943bfc8c2973687da74a008f86d9e60f,1276290,,,,,,,,,,,,,,,,,,,,,,,,,,,,,,,,,,,,,,,,,,,,,,,,,,,,,,,,,,,,,TN,TN
autoland,4768071,12,69b95d09da21c937720a8d3aaca237f47b683aa9,linux1804-64-shippable-qr,True,False,,,102210fe594ee9b33d82058545b1ed14f4c8206e,browser-toolbox.connect.DAMP,damp,True,damp browser-toolbox.connect.DAMP opt e10s fission stylo webrender-sw,4767235,77,ms,firefox,,1729874454,2023-07-21 21:17:12,1870.2054270000224,f13e959d38c7e8d9590bbc8d44f95149bbe180d1,1276495,,,,,,,,,,,,,,,,,,,,,,,,,,,,,,,,,,,,,,,,,,,,,,,,,,,,,,,,,,,,,TN,TN
autoland,4768071,12,69b95d09da21c937720a8d3aaca237f47b683aa9,linux1804-64-shippable-qr,True,False,,,102210fe594ee9b33d82058545b1ed14f4c8206e,browser-toolbox.connect.DAMP,damp,True,damp browser-toolbox.connect.DAMP opt e10s fission stylo webrender-sw,4767235,77,ms,firefox,,1729893645,2023-07-21 22:20:56,1954.6425054999709,50344759578b6b2e1851c6a6133121c4d89b4f0d,1276531,,,,,,,,,,,,,,,,,,,,,,,,,,,,,,,,,,,,,,,,,,,,,,,,,,,,,,,,,,,,,TN,TN
autoland,4768071,12,69b95d09da21c937720a8d3aaca237f47b683aa9,linux1804-64-shippable-qr,True,False,,,102210fe594ee9b33d82058545b1ed14f4c8206e,browser-toolbox.connect.DAMP,damp,True,damp browser-toolbox.connect.DAMP opt e10s fission stylo webrender-sw,4767235,77,ms,firefox,,1729954140,2023-07-22 03:42:46,1951.4569855000009,e4939251f81ca8c6a2fb9db3bbd4416e04dff97d,1276588,,,,,,,,,,,,,,,,,,,,,,,,,,,,,,,,,,,,,,,,,,,,,,,,,,,,,,,,,,,,,TN,TN
autoland,4768071,12,69b95d09da21c937720a8d3aaca237f47b683aa9,linux1804-64-shippable-qr,True,False,,,102210fe594ee9b33d82058545b1ed14f4c8206e,browser-toolbox.connect.DAMP,damp,True,damp browser-toolbox.connect.DAMP opt e10s fission stylo webrender-sw,4767235,77,ms,firefox,,1730015401,2023-07-22 08:58:42,1931.4243939999944,c95ec2e13d66e06547002bd008e87bea4f94c022,1276620,,,,,,,,,,,,,,,,,,,,,,,,,,,,,,,,,,,,,,,,,,,,,,,,,,,,,,,,,,,,,TN,TN
autoland,4768071,12,69b95d09da21c937720a8d3aaca237f47b683aa9,linux1804-64-shippable-qr,True,False,,,102210fe594ee9b33d82058545b1ed14f4c8206e,browser-toolbox.connect.DAMP,damp,True,damp browser-toolbox.connect.DAMP opt e10s fission stylo webrender-sw,4767235,77,ms,firefox,,1730103569,2023-07-22 14:13:52,1941.293756499996,b16351df250c572a14efa126f7702fe104ac9fd7,1276645,,,,,,,,,,,,,,,,,,,,,,,,,,,,,,,,,,,,,,,,,,,,,,,,,,,,,,,,,,,,,TN,TN
autoland,4768071,12,69b95d09da21c937720a8d3aaca237f47b683aa9,linux1804-64-shippable-qr,True,False,,,102210fe594ee9b33d82058545b1ed14f4c8206e,browser-toolbox.connect.DAMP,damp,True,damp browser-toolbox.connect.DAMP opt e10s fission stylo webrender-sw,4767235,77,ms,firefox,,1730210668,2023-07-23 02:59:53,1969.532753999996,829bb0f62051beedfe5ba05f679d3b6c8e0d1a3b,1276677,,,,,,,,,,,,,,,,,,,,,,,,,,,,,,,,,,,,,,,,,,,,,,,,,,,,,,,,,,,,,TN,TN
autoland,4768071,12,69b95d09da21c937720a8d3aaca237f47b683aa9,linux1804-64-shippable-qr,True,False,,,102210fe594ee9b33d82058545b1ed14f4c8206e,browser-toolbox.connect.DAMP,damp,True,damp browser-toolbox.connect.DAMP opt e10s fission stylo webrender-sw,4767235,77,ms,firefox,,1730274901,2023-07-23 12:16:45,1962.6467784999984,bd6c5007212e7ee9ecc312d4ef096252a9702033,1276689,,,,,,,,,,,,,,,,,,,,,,,,,,,,,,,,,,,,,,,,,,,,,,,,,,,,,,,,,,,,,TN,TN
autoland,4768071,12,69b95d09da21c937720a8d3aaca237f47b683aa9,linux1804-64-shippable-qr,True,False,,,102210fe594ee9b33d82058545b1ed14f4c8206e,browser-toolbox.connect.DAMP,damp,True,damp browser-toolbox.connect.DAMP opt e10s fission stylo webrender-sw,4767235,77,ms,firefox,,1730338834,2023-07-23 17:37:04,1911.5405745000023,2fd3284df4616a8723f5b749c4652a682c7b5372,1276726,,,,,,,,,,,,,,,,,,,,,,,,,,,,,,,,,,,,,,,,,,,,,,,,,,,,,,,,,,,,,TN,TN
autoland,4768071,12,69b95d09da21c937720a8d3aaca237f47b683aa9,linux1804-64-shippable-qr,True,False,,,102210fe594ee9b33d82058545b1ed14f4c8206e,browser-toolbox.connect.DAMP,damp,True,damp browser-toolbox.connect.DAMP opt e10s fission stylo webrender-sw,4767235,77,ms,firefox,,1730411024,2023-07-24 00:19:00,1886.1662525000136,7e5acc812edd3bcb93cfaf76eaab2c3fd6c4d274,1276767,,,,,,,,,,,,,,,,,,,,,,,,,,,,,,,,,,,,,,,,,,,,,,,,,,,,,,,,,,,,,TN,TN
autoland,4768071,12,69b95d09da21c937720a8d3aaca237f47b683aa9,linux1804-64-shippable-qr,True,False,,,102210fe594ee9b33d82058545b1ed14f4c8206e,browser-toolbox.connect.DAMP,damp,True,damp browser-toolbox.connect.DAMP opt e10s fission stylo webrender-sw,4767235,77,ms,firefox,,1730434019,2023-07-24 03:08:06,1938.313209500011,7b6332c9bce4487c1db3384523b5991fef31e28c,1276802,,,,,,,,,,,,,,,,,,,,,,,,,,,,,,,,,,,,,,,,,,,,,,,,,,,,,,,,,,,,,TN,TN
autoland,4768071,12,69b95d09da21c937720a8d3aaca237f47b683aa9,linux1804-64-shippable-qr,True,False,,,102210fe594ee9b33d82058545b1ed14f4c8206e,browser-toolbox.connect.DAMP,damp,True,damp browser-toolbox.connect.DAMP opt e10s fission stylo webrender-sw,4767235,77,ms,firefox,,1730490908,2023-07-24 07:35:58,1932.7086494999892,91b590f6e608c6c3787304fa0010ce58519bde50,1276834,,,,,,,,,,,,,,,,,,,,,,,,,,,,,,,,,,,,,,,,,,,,,,,,,,,,,,,,,,,,,TN,TN
autoland,4768071,12,69b95d09da21c937720a8d3aaca237f47b683aa9,linux1804-64-shippable-qr,True,False,,,102210fe594ee9b33d82058545b1ed14f4c8206e,browser-toolbox.connect.DAMP,damp,True,damp browser-toolbox.connect.DAMP opt e10s fission stylo webrender-sw,4767235,77,ms,firefox,,1730727820,2023-07-24 11:14:54,1888.393924999997,b1a1263e67ce531d13e0a5e2e77c737b114e38b0,1276910,,,,,,,,,,,,,,,,,,,,,,,,,,,,,,,,,,,,,,,,,,,,,,,,,,,,,,,,,,,,,TN,TN
autoland,4768071,12,69b95d09da21c937720a8d3aaca237f47b683aa9,linux1804-64-shippable-qr,True,False,,,102210fe594ee9b33d82058545b1ed14f4c8206e,browser-toolbox.connect.DAMP,damp,True,damp browser-toolbox.connect.DAMP opt e10s fission stylo webrender-sw,4767235,77,ms,firefox,,1730779425,2023-07-24 16:02:50,1931.6599529999949,2483fdffbe5e3c051a32bcf141fb33e9803c0afc,1277068,,,,,,,,,,,,,,,,,,,,,,,,,,,,,,,,,,,,,,,,,,,,,,,,,,,,,,,,,,,,,TN,TN
autoland,4768071,12,69b95d09da21c937720a8d3aaca237f47b683aa9,linux1804-64-shippable-qr,True,False,,,102210fe594ee9b33d82058545b1ed14f4c8206e,browser-toolbox.connect.DAMP,damp,True,damp browser-toolbox.connect.DAMP opt e10s fission stylo webrender-sw,4767235,77,ms,firefox,,1730871069,2023-07-24 19:16:11,1942.0501134999795,f9c12557d7a4e074be3fc45027ae8ffbb8f27aaf,1277230,,,,,,,,,,,,,,,,,,,,,,,,,,,,,,,,,,,,,,,,,,,,,,,,,,,,,,,,,,,,,TN,TN
autoland,4768071,12,69b95d09da21c937720a8d3aaca237f47b683aa9,linux1804-64-shippable-qr,True,False,,,102210fe594ee9b33d82058545b1ed14f4c8206e,browser-toolbox.connect.DAMP,damp,True,damp browser-toolbox.connect.DAMP opt e10s fission stylo webrender-sw,4767235,77,ms,firefox,,1730968812,2023-07-24 23:43:54,1948.6359395000109,bd745245ac70d82630be9e971b5a9077b5f514e8,1277393,,,,,,,,,,,,,,,,,,,,,,,,,,,,,,,,,,,,,,,,,,,,,,,,,,,,,,,,,,,,,TN,TN
autoland,4768071,12,69b95d09da21c937720a8d3aaca237f47b683aa9,linux1804-64-shippable-qr,True,False,,,102210fe594ee9b33d82058545b1ed14f4c8206e,browser-toolbox.connect.DAMP,damp,True,damp browser-toolbox.connect.DAMP opt e10s fission stylo webrender-sw,4767235,77,ms,firefox,,1730976149,2023-07-25 00:28:34,1940.565080500019,1084bcb2a2550fee8fad1f0be69e603b6c8d67bd,1277414,,,,,,,,,,,,,,,,,,,,,,,,,,,,,,,,,,,,,,,,,,,,,,,,,,,,,,,,,,,,,TN,TN
autoland,4768071,12,69b95d09da21c937720a8d3aaca237f47b683aa9,linux1804-64-shippable-qr,True,False,,,102210fe594ee9b33d82058545b1ed14f4c8206e,browser-toolbox.connect.DAMP,damp,True,damp browser-toolbox.connect.DAMP opt e10s fission stylo webrender-sw,4767235,77,ms,firefox,,1731040516,2023-07-25 04:47:38,1939.8970360000312,862d1cf3d7a17e3dde9bda49c5561ec902bb8136,1277485,,,,,,,,,,,,,,,,,,,,,,,,,,,,,,,,,,,,,,,,,,,,,,,,,,,,,,,,,,,,,TN,TN
autoland,4768071,12,69b95d09da21c937720a8d3aaca237f47b683aa9,linux1804-64-shippable-qr,True,False,,,102210fe594ee9b33d82058545b1ed14f4c8206e,browser-toolbox.connect.DAMP,damp,True,damp browser-toolbox.connect.DAMP opt e10s fission stylo webrender-sw,4767235,77,ms,firefox,,1732552594,2023-07-25 06:47:07,1955.9557394999863,114dbd0f85264f1b681299def163275e88b92ed5,1277498,,,,,,,,,,,,,,,,,,,,,,,,,,,,,,,,,,,,,,,,,,,,,,,,,,,,,,,,,,,,,TN,TN
autoland,4768071,12,69b95d09da21c937720a8d3aaca237f47b683aa9,linux1804-64-shippable-qr,True,False,,,102210fe594ee9b33d82058545b1ed14f4c8206e,browser-toolbox.connect.DAMP,damp,True,damp browser-toolbox.connect.DAMP opt e10s fission stylo webrender-sw,4767235,77,ms,firefox,,1732554533,2023-07-25 07:02:30,1929.532411499997,557ef1e8230368133e102ec6da76f1d49ecf012c,1277504,,,,,,,,,,,,,,,,,,,,,,,,,,,,,,,,,,,,,,,,,,,,,,,,,,,,,,,,,,,,,TN,TN
autoland,4768071,12,69b95d09da21c937720a8d3aaca237f47b683aa9,linux1804-64-shippable-qr,True,False,,,102210fe594ee9b33d82058545b1ed14f4c8206e,browser-toolbox.connect.DAMP,damp,True,damp browser-toolbox.connect.DAMP opt e10s fission stylo webrender-sw,4767235,77,ms,firefox,,1732563755,2023-07-25 07:13:48,1961.684628499992,4730bc17d93ee4b12144c5a983cf6829f13bf1db,1277509,,,,,,,,,,,,,,,,,,,,,,,,,,,,,,,,,,,,,,,,,,,,,,,,,,,,,,,,,,,,,TN,TN
autoland,4768071,12,69b95d09da21c937720a8d3aaca237f47b683aa9,linux1804-64-shippable-qr,True,False,,,102210fe594ee9b33d82058545b1ed14f4c8206e,browser-toolbox.connect.DAMP,damp,True,damp browser-toolbox.connect.DAMP opt e10s fission stylo webrender-sw,4767235,77,ms,firefox,,1732555024,2023-07-25 07:32:37,1954.7234189999945,74152caef5ca219e146f30b2b75b28fa79e628ce,1277515,,,,,,,,,,,,,,,,,,,,,,,,,,,,,,,,,,,,,,,,,,,,,,,,,,,,,,,,,,,,,TN,TN
autoland,4768071,12,69b95d09da21c937720a8d3aaca237f47b683aa9,linux1804-64-shippable-qr,True,False,,,102210fe594ee9b33d82058545b1ed14f4c8206e,browser-toolbox.connect.DAMP,damp,True,damp browser-toolbox.connect.DAMP opt e10s fission stylo webrender-sw,4767235,77,ms,firefox,,1732553482,2023-07-25 08:13:03,1937.691987000002,ab22e02510879de647a8cec1a236b4d3be941786,1277518,,,,,,,,,,,,,,,,,,,,,,,,,,,,,,,,,,,,,,,,,,,,,,,,,,,,,,,,,,,,,TN,TN
autoland,4768071,12,69b95d09da21c937720a8d3aaca237f47b683aa9,linux1804-64-shippable-qr,True,False,,,102210fe594ee9b33d82058545b1ed14f4c8206e,browser-toolbox.connect.DAMP,damp,True,damp browser-toolbox.connect.DAMP opt e10s fission stylo webrender-sw,4767235,77,ms,firefox,,1732553377,2023-07-25 08:18:49,1914.3715304999716,22830af36f25a15ed0aa807716dce6125e429d72,1277522,,,,,,,,,,,,,,,,,,,,,,,,,,,,,,,,,,,,,,,,,,,,,,,,,,,,,,,,,,,,,TN,TN
autoland,4768071,12,69b95d09da21c937720a8d3aaca237f47b683aa9,linux1804-64-shippable-qr,True,False,,,102210fe594ee9b33d82058545b1ed14f4c8206e,browser-toolbox.connect.DAMP,damp,True,damp browser-toolbox.connect.DAMP opt e10s fission stylo webrender-sw,4767235,77,ms,firefox,,1732560357,2023-07-25 10:04:14,1949.601462500039,594a2f4344fdb763cfd0b0456233dacff84110f9,1277564,,,,,,,,,,,,,,,,,,,,,,,,,,,,,,,,,,,,,,,,,,,,,,,,,,,,,,,,,,,,,TN,TN
autoland,4768071,12,69b95d09da21c937720a8d3aaca237f47b683aa9,linux1804-64-shippable-qr,True,False,,,102210fe594ee9b33d82058545b1ed14f4c8206e,browser-toolbox.connect.DAMP,damp,True,damp browser-toolbox.connect.DAMP opt e10s fission stylo webrender-sw,4767235,77,ms,firefox,,1732554670,2023-07-25 10:20:10,1887.8270730000004,8488d4ccc99c5c9e416f9e992b0ee476b1731377,1277572,,,,,,,,,,,,,,,,,,,,,,,,,,,,,,,,,,,,,,,,,,,,,,,,,,,,,,,,,,,,,TN,TN
autoland,4768071,12,69b95d09da21c937720a8d3aaca237f47b683aa9,linux1804-64-shippable-qr,True,False,,,102210fe594ee9b33d82058545b1ed14f4c8206e,browser-toolbox.connect.DAMP,damp,True,damp browser-toolbox.connect.DAMP opt e10s fission stylo webrender-sw,4767235,77,ms,firefox,,1731146290,2023-07-25 10:29:47,1949.5960700000032,45a52966f9649f4dc9b8bbb6a8e68cdcc63ee287,1277576,,,,,,,,,,,,,,,,,,,,,,,,,,,,,,,,,,,,,,,,,,,,,,,,,,,,,,,,,,,,,TN,TN
autoland,4768071,12,69b95d09da21c937720a8d3aaca237f47b683aa9,linux1804-64-shippable-qr,True,False,,,102210fe594ee9b33d82058545b1ed14f4c8206e,browser-toolbox.connect.DAMP,damp,True,damp browser-toolbox.connect.DAMP opt e10s fission stylo webrender-sw,4767235,77,ms,firefox,,1732550907,2023-07-25 13:41:08,1945.970729000044,86c99016ff24cc2e51385f51822571fa868a8577,1277646,,,,,,,,,,,,,,,,,,,,,,,,,,,,,,,,,,,,,,,,,,,,,,,,,,,,,,,,,,,,,TN,TN
autoland,4768071,12,69b95d09da21c937720a8d3aaca237f47b683aa9,linux1804-64-shippable-qr,True,False,,,102210fe594ee9b33d82058545b1ed14f4c8206e,browser-toolbox.connect.DAMP,damp,True,damp browser-toolbox.connect.DAMP opt e10s fission stylo webrender-sw,4767235,77,ms,firefox,,1732552998,2023-07-25 13:41:55,1953.074142000012,3bd0ed894cf9d32c70bdce3b7e1d599af56a50fb,1277647,,,,,,,,,,,,,,,,,,,,,,,,,,,,,,,,,,,,,,,,,,,,,,,,,,,,,,,,,,,,,TN,TN
autoland,4768071,12,69b95d09da21c937720a8d3aaca237f47b683aa9,linux1804-64-shippable-qr,True,False,,,102210fe594ee9b33d82058545b1ed14f4c8206e,browser-toolbox.connect.DAMP,damp,True,damp browser-toolbox.connect.DAMP opt e10s fission stylo webrender-sw,4767235,77,ms,firefox,,1732567227,2023-07-25 13:42:49,1945.1040784999927,09f13c0d03104fc745791d2e3315b91602a668f4,1277648,,,,,,,,,,,,,,,,,,,,,,,,,,,,,,,,,,,,,,,,,,,,,,,,,,,,,,,,,,,,,TN,TN
autoland,4768071,12,69b95d09da21c937720a8d3aaca237f47b683aa9,linux1804-64-shippable-qr,True,False,,,102210fe594ee9b33d82058545b1ed14f4c8206e,browser-toolbox.connect.DAMP,damp,True,damp browser-toolbox.connect.DAMP opt e10s fission stylo webrender-sw,4767235,77,ms,firefox,,1732535581,2023-07-25 13:43:53,1940.2696954999883,4a7e5d260b938800009f20a68312dcb8b84ec311,1277649,,,,,,,,,,,,,,,,,,,,,,,,,,,,,,,,,,,,,,,,,,,,,,,,,,,,,,,,,,,,,TN,TN
autoland,4768071,12,69b95d09da21c937720a8d3aaca237f47b683aa9,linux1804-64-shippable-qr,True,False,,,102210fe594ee9b33d82058545b1ed14f4c8206e,browser-toolbox.connect.DAMP,damp,True,damp browser-toolbox.connect.DAMP opt e10s fission stylo webrender-sw,4767235,77,ms,firefox,,1732553880,2023-07-25 13:44:45,1947.1945419999972,854ea05f61e1b15481fad16535d4af2b15318005,1277650,,,,,,,,,,,,,,,,,,,,,,,,,,,,,,,,,,,,,,,,,,,,,,,,,,,,,,,,,,,,,TN,TN
autoland,4768071,12,69b95d09da21c937720a8d3aaca237f47b683aa9,linux1804-64-shippable-qr,True,False,,,102210fe594ee9b33d82058545b1ed14f4c8206e,browser-toolbox.connect.DAMP,damp,True,damp browser-toolbox.connect.DAMP opt e10s fission stylo webrender-sw,4767235,77,ms,firefox,,1732552382,2023-07-25 13:45:46,1971.049141499985,328b5b27b46933f183294170617b2d1831a57635,1277651,,,,,,,,,,,,,,,,,,,,,,,,,,,,,,,,,,,,,,,,,,,,,,,,,,,,,,,,,,,,,TN,TN
autoland,4768071,12,69b95d09da21c937720a8d3aaca237f47b683aa9,linux1804-64-shippable-qr,True,False,,,102210fe594ee9b33d82058545b1ed14f4c8206e,browser-toolbox.connect.DAMP,damp,True,damp browser-toolbox.connect.DAMP opt e10s fission stylo webrender-sw,4767235,77,ms,firefox,,1732550715,2023-07-25 14:01:54,1921.677610000028,f93ce498f3879c99a2513f1ce03fbe8e5e13b174,1277659,,,,,,,,,,,,,,,,,,,,,,,,,,,,,,,,,,,,,,,,,,,,,,,,,,,,,,,,,,,,,TN,TN
autoland,4768071,12,69b95d09da21c937720a8d3aaca237f47b683aa9,linux1804-64-shippable-qr,True,False,,,102210fe594ee9b33d82058545b1ed14f4c8206e,browser-toolbox.connect.DAMP,damp,True,damp browser-toolbox.connect.DAMP opt e10s fission stylo webrender-sw,4767235,77,ms,firefox,,1732560816,2023-07-25 14:24:57,1954.492712500003,cfcd183fdaf2f88815f6093aa7d7065aed3e13d2,1277671,,,,,,,,,,,,,,,,,,,,,,,,,,,,,,,,,,,,,,,,,,,,,,,,,,,,,,,,,,,,,TN,TN
autoland,4768071,12,69b95d09da21c937720a8d3aaca237f47b683aa9,linux1804-64-shippable-qr,True,False,,,102210fe594ee9b33d82058545b1ed14f4c8206e,browser-toolbox.connect.DAMP,damp,True,damp browser-toolbox.connect.DAMP opt e10s fission stylo webrender-sw,4767235,77,ms,firefox,,1732554235,2023-07-25 14:26:25,1958.1806419999884,6f95df6ad7c165657dccff65dbe5995e85d4ef8b,1277672,,,,,,,,,,,,,,,,,,,,,,,,,,,,,,,,,,,,,,,,,,,,,,,,,,,,,,,,,,,,,TN,TN
autoland,4768071,12,69b95d09da21c937720a8d3aaca237f47b683aa9,linux1804-64-shippable-qr,True,False,,,102210fe594ee9b33d82058545b1ed14f4c8206e,browser-toolbox.connect.DAMP,damp,True,damp browser-toolbox.connect.DAMP opt e10s fission stylo webrender-sw,4767235,77,ms,firefox,,1731253716,2023-07-25 14:49:04,1916.5798280000015,1ae7562fa2353aa63871f769d4e0a1cdd9becf78,1277682,,,,,,,,,,,,,,,,,,,,,,,,,,,,,,,,,,,,,,,,,,,,,,,,,,,,,,,,,,,,,TN,TN
autoland,4768071,12,69b95d09da21c937720a8d3aaca237f47b683aa9,linux1804-64-shippable-qr,True,False,,,102210fe594ee9b33d82058545b1ed14f4c8206e,browser-toolbox.connect.DAMP,damp,True,damp browser-toolbox.connect.DAMP opt e10s fission stylo webrender-sw,4767235,77,ms,firefox,,1732554869,2023-07-25 14:51:59,1965.169234500012,d527a07831120c8a17f50c86fba6fa00496eb157,1277684,,,,,,,,,,,,,,,,,,,,,,,,,,,,,,,,,,,,,,,,,,,,,,,,,,,,,,,,,,,,,TN,TN
autoland,4768071,12,69b95d09da21c937720a8d3aaca237f47b683aa9,linux1804-64-shippable-qr,True,False,,,102210fe594ee9b33d82058545b1ed14f4c8206e,browser-toolbox.connect.DAMP,damp,True,damp browser-toolbox.connect.DAMP opt e10s fission stylo webrender-sw,4767235,77,ms,firefox,,1732560447,2023-07-25 14:54:35,1944.02230349998,44c66f2233cfcdfa9e3c70e71ea82d2e4f0c4ae9,1277686,,,,,,,,,,,,,,,,,,,,,,,,,,,,,,,,,,,,,,,,,,,,,,,,,,,,,,,,,,,,,TN,TN
autoland,4768071,12,69b95d09da21c937720a8d3aaca237f47b683aa9,linux1804-64-shippable-qr,True,False,,,102210fe594ee9b33d82058545b1ed14f4c8206e,browser-toolbox.connect.DAMP,damp,True,damp browser-toolbox.connect.DAMP opt e10s fission stylo webrender-sw,4767235,77,ms,firefox,,1732552330,2023-07-25 15:17:06,1932.868119000006,411fcc325af6d8e2073d1ea503cf3ffdad23a67f,1277707,,,,,,,,,,,,,,,,,,,,,,,,,,,,,,,,,,,,,,,,,,,,,,,,,,,,,,,,,,,,,TN,TN
autoland,4768071,12,69b95d09da21c937720a8d3aaca237f47b683aa9,linux1804-64-shippable-qr,True,False,,,102210fe594ee9b33d82058545b1ed14f4c8206e,browser-toolbox.connect.DAMP,damp,True,damp browser-toolbox.connect.DAMP opt e10s fission stylo webrender-sw,4767235,77,ms,firefox,,1731240651,2023-07-25 15:17:56,1952.7746600000028,c30662ce80ba57a0977cdeb03e776a28af4fa2fb,1277708,,,,,,,,,,,,,,,,,,,,,,,,,,,,,,,,,,,,,,,,,,,,,,,,,,,,,,,,,,,,,TN,TN
autoland,4768071,12,69b95d09da21c937720a8d3aaca237f47b683aa9,linux1804-64-shippable-qr,True,False,,,102210fe594ee9b33d82058545b1ed14f4c8206e,browser-toolbox.connect.DAMP,damp,True,damp browser-toolbox.connect.DAMP opt e10s fission stylo webrender-sw,4767235,77,ms,firefox,,1732640335,2023-07-25 19:24:10,1959.4521805000115,c72e63fc6cc10a60c5e8ca2f0611f6fb2db2e6d5,1277873,,,,,,,,,,,,,,,,,,,,,,,,,,,,,,,,,,,,,,,,,,,,,,,,,,,,,,,,,,,,,TN,TN
autoland,4768071,12,69b95d09da21c937720a8d3aaca237f47b683aa9,linux1804-64-shippable-qr,True,False,,,102210fe594ee9b33d82058545b1ed14f4c8206e,browser-toolbox.connect.DAMP,damp,True,damp browser-toolbox.connect.DAMP opt e10s fission stylo webrender-sw,4767235,77,ms,firefox,,1732643967,2023-07-25 20:08:08,1957.1036364999852,0b57f8c60115837b51fec8c14e76e73d6246aaa9,1277887,,,,,,,,,,,,,,,,,,,,,,,,,,,,,,,,,,,,,,,,,,,,,,,,,,,,,,,,,,,,,TN,TN
autoland,4768071,12,69b95d09da21c937720a8d3aaca237f47b683aa9,linux1804-64-shippable-qr,True,False,,,102210fe594ee9b33d82058545b1ed14f4c8206e,browser-toolbox.connect.DAMP,damp,True,damp browser-toolbox.connect.DAMP opt e10s fission stylo webrender-sw,4767235,77,ms,firefox,,1732556598,2023-07-25 20:18:24,1953.0688480000024,057497f52bb2035ba4da666b7398ffa1e6c65bb5,1277896,,,,,,,,,,,,,,,,,,,,,,,,,,,,,,,,,,,,,,,,,,,,,,,,,,,,,,,,,,,,,TN,TN
autoland,4768071,12,69b95d09da21c937720a8d3aaca237f47b683aa9,linux1804-64-shippable-qr,True,False,,,102210fe594ee9b33d82058545b1ed14f4c8206e,browser-toolbox.connect.DAMP,damp,True,damp browser-toolbox.connect.DAMP opt e10s fission stylo webrender-sw,4767235,77,ms,firefox,,1732564353,2023-07-25 20:45:03,1955.2642535000125,a6ca8c0a7fba3856ffad0d5c0c64baaa8819d5bb,1277910,,,,,,,,,,,,,,,,,,,,,,,,,,,,,,,,,,,,,,,,,,,,,,,,,,,,,,,,,,,,,TN,TN
autoland,4768071,12,69b95d09da21c937720a8d3aaca237f47b683aa9,linux1804-64-shippable-qr,True,False,,,102210fe594ee9b33d82058545b1ed14f4c8206e,browser-toolbox.connect.DAMP,damp,True,damp browser-toolbox.connect.DAMP opt e10s fission stylo webrender-sw,4767235,77,ms,firefox,,1732560172,2023-07-25 20:52:29,1938.41185700001,ca12d2a93c0cf33c19d053a5dd0838600f53e49a,1277922,,,,,,,,,,,,,,,,,,,,,,,,,,,,,,,,,,,,,,,,,,,,,,,,,,,,,,,,,,,,,TN,TN
autoland,4768071,12,69b95d09da21c937720a8d3aaca237f47b683aa9,linux1804-64-shippable-qr,True,False,,,102210fe594ee9b33d82058545b1ed14f4c8206e,browser-toolbox.connect.DAMP,damp,True,damp browser-toolbox.connect.DAMP opt e10s fission stylo webrender-sw,4767235,77,ms,firefox,,1732553069,2023-07-25 20:55:09,1932.372662500013,d5d1d5d6429085ee7a7dac10f50bba5a9f759b6a,1277925,,,,,,,,,,,,,,,,,,,,,,,,,,,,,,,,,,,,,,,,,,,,,,,,,,,,,,,,,,,,,TN,TN
autoland,4768071,12,69b95d09da21c937720a8d3aaca237f47b683aa9,linux1804-64-shippable-qr,True,False,,,102210fe594ee9b33d82058545b1ed14f4c8206e,browser-toolbox.connect.DAMP,damp,True,damp browser-toolbox.connect.DAMP opt e10s fission stylo webrender-sw,4767235,77,ms,firefox,,1732553197,2023-07-25 21:19:11,1948.8617514999933,f3394bd0f55464102249e5a298c67475414d10fa,1277946,,,,,,,,,,,,,,,,,,,,,,,,,,,,,,,,,,,,,,,,,,,,,,,,,,,,,,,,,,,,,TN,TN
autoland,4768071,12,69b95d09da21c937720a8d3aaca237f47b683aa9,linux1804-64-shippable-qr,True,False,,,102210fe594ee9b33d82058545b1ed14f4c8206e,browser-toolbox.connect.DAMP,damp,True,damp browser-toolbox.connect.DAMP opt e10s fission stylo webrender-sw,4767235,77,ms,firefox,,1732554286,2023-07-25 21:48:19,1942.7834010000008,17f9ed6698aaa87c31dced8cd2d939cae19f367a,1277961,,,,,,,,,,,,,,,,,,,,,,,,,,,,,,,,,,,,,,,,,,,,,,,,,,,,,,,,,,,,,TN,TN
autoland,4768071,12,69b95d09da21c937720a8d3aaca237f47b683aa9,linux1804-64-shippable-qr,True,False,,,102210fe594ee9b33d82058545b1ed14f4c8206e,browser-toolbox.connect.DAMP,damp,True,damp browser-toolbox.connect.DAMP opt e10s fission stylo webrender-sw,4767235,77,ms,firefox,,1732552646,2023-07-25 22:12:28,1957.163922999971,1316e023af4411c289e2fe2c7d2d73d9b1ac3fb0,1277974,,,,,,,,,,,,,,,,,,,,,,,,,,,,,,,,,,,,,,,,,,,,,,,,,,,,,,,,,,,,,TN,TN
autoland,4768071,12,69b95d09da21c937720a8d3aaca237f47b683aa9,linux1804-64-shippable-qr,True,False,,,102210fe594ee9b33d82058545b1ed14f4c8206e,browser-toolbox.connect.DAMP,damp,True,damp browser-toolbox.connect.DAMP opt e10s fission stylo webrender-sw,4767235,77,ms,firefox,,1732535661,2023-07-25 22:23:11,1957.128964500007,2157132d0eb549ea402a565dc385cf4b7d45e801,1277980,,,,,,,,,,,,,,,,,,,,,,,,,,,,,,,,,,,,,,,,,,,,,,,,,,,,,,,,,,,,,TN,TN
autoland,4768071,12,69b95d09da21c937720a8d3aaca237f47b683aa9,linux1804-64-shippable-qr,True,False,,,102210fe594ee9b33d82058545b1ed14f4c8206e,browser-toolbox.connect.DAMP,damp,True,damp browser-toolbox.connect.DAMP opt e10s fission stylo webrender-sw,4767235,77,ms,firefox,,1732560693,2023-07-25 22:52:06,1934.1603545000107,ba78719b1628b2e46480c18b389e7acefc010d51,1277999,,,,,,,,,,,,,,,,,,,,,,,,,,,,,,,,,,,,,,,,,,,,,,,,,,,,,,,,,,,,,TN,TN
autoland,4768071,12,69b95d09da21c937720a8d3aaca237f47b683aa9,linux1804-64-shippable-qr,True,False,,,102210fe594ee9b33d82058545b1ed14f4c8206e,browser-toolbox.connect.DAMP,damp,True,damp browser-toolbox.connect.DAMP opt e10s fission stylo webrender-sw,4767235,77,ms,firefox,,1731435408,2023-07-25 23:05:26,1955.045337,9a2f59dbe5917068801919377341eb7c1ea2030d,1278011,,,,,,,,,,,,,,,,,,,,,,,,,,,,,,,,,,,,,,,,,,,,,,,,,,,,,,,,,,,,,TN,TN
autoland,4768071,12,69b95d09da21c937720a8d3aaca237f47b683aa9,linux1804-64-shippable-qr,True,False,,,102210fe594ee9b33d82058545b1ed14f4c8206e,browser-toolbox.connect.DAMP,damp,True,damp browser-toolbox.connect.DAMP opt e10s fission stylo webrender-sw,4767235,77,ms,firefox,,1732643379,2023-07-25 23:13:28,1912.7409645000007,3a4381f63e1e45f07f93fa6c783c22d11c83dbce,1278016,,,,,,,,,,,,,,,,,,,,,,,,,,,,,,,,,,,,,,,,,,,,,,,,,,,,,,,,,,,,,TN,TN
autoland,4768071,12,69b95d09da21c937720a8d3aaca237f47b683aa9,linux1804-64-shippable-qr,True,False,,,102210fe594ee9b33d82058545b1ed14f4c8206e,browser-toolbox.connect.DAMP,damp,True,damp browser-toolbox.connect.DAMP opt e10s fission stylo webrender-sw,4767235,77,ms,firefox,,1732641360,2023-07-25 23:30:36,1952.4400084999943,c140d19fe155639178de2175a90af12e66449a31,1278023,,,,,,,,,,,,,,,,,,,,,,,,,,,,,,,,,,,,,,,,,,,,,,,,,,,,,,,,,,,,,TN,TN
autoland,4768071,12,69b95d09da21c937720a8d3aaca237f47b683aa9,linux1804-64-shippable-qr,True,False,,,102210fe594ee9b33d82058545b1ed14f4c8206e,browser-toolbox.connect.DAMP,damp,True,damp browser-toolbox.connect.DAMP opt e10s fission stylo webrender-sw,4767235,77,ms,firefox,,1732660318,2023-07-26 01:04:05,1936.1451180000004,3344f1cf6de8b03ade3a0b50df1263a5bd9f457e,1278053,,,,,,,,,,,,,,,,,,,,,,,,,,,,,,,,,,,,,,,,,,,,,,,,,,,,,,,,,,,,,TN,TN
autoland,4768071,12,69b95d09da21c937720a8d3aaca237f47b683aa9,linux1804-64-shippable-qr,True,False,,,102210fe594ee9b33d82058545b1ed14f4c8206e,browser-toolbox.connect.DAMP,damp,True,damp browser-toolbox.connect.DAMP opt e10s fission stylo webrender-sw,4767235,77,ms,firefox,,1732642804,2023-07-26 02:22:46,1953.0644265000085,7b936114a1fa502c293f2305d90cd2093639f58e,1278081,,,,,,,,,,,,,,,,,,,,,,,,,,,,,,,,,,,,,,,,,,,,,,,,,,,,,,,,,,,,,TN,TN
autoland,4768071,12,69b95d09da21c937720a8d3aaca237f47b683aa9,linux1804-64-shippable-qr,True,False,,,102210fe594ee9b33d82058545b1ed14f4c8206e,browser-toolbox.connect.DAMP,damp,True,damp browser-toolbox.connect.DAMP opt e10s fission stylo webrender-sw,4767235,77,ms,firefox,,1732662876,2023-07-26 02:23:39,1942.2622590000028,14b4f6cfc1e92fefc60103b4e95a0b1edd9b4222,1278083,,,,,,,,,,,,,,,,,,,,,,,,,,,,,,,,,,,,,,,,,,,,,,,,,,,,,,,,,,,,,TN,TN
autoland,4768071,12,69b95d09da21c937720a8d3aaca237f47b683aa9,linux1804-64-shippable-qr,True,False,,,102210fe594ee9b33d82058545b1ed14f4c8206e,browser-toolbox.connect.DAMP,damp,True,damp browser-toolbox.connect.DAMP opt e10s fission stylo webrender-sw,4767235,77,ms,firefox,,1732640024,2023-07-26 02:24:34,1974.8025720000005,5a5505a8a6f4a89154c4b06113db559e6c415128,1278085,,,,,,,,,,,,,,,,,,,,,,,,,,,,,,,,,,,,,,,,,,,,,,,,,,,,,,,,,,,,,TN,TN
autoland,4768071,12,69b95d09da21c937720a8d3aaca237f47b683aa9,linux1804-64-shippable-qr,True,False,,,102210fe594ee9b33d82058545b1ed14f4c8206e,browser-toolbox.connect.DAMP,damp,True,damp browser-toolbox.connect.DAMP opt e10s fission stylo webrender-sw,4767235,77,ms,firefox,,1732639401,2023-07-26 02:25:27,1954.103590499988,3f7884c6265a9ea179ee350a72d19344a34f082b,1278086,,,,,,,,,,,,,,,,,,,,,,,,,,,,,,,,,,,,,,,,,,,,,,,,,,,,,,,,,,,,,TN,TN
autoland,4768071,12,69b95d09da21c937720a8d3aaca237f47b683aa9,linux1804-64-shippable-qr,True,False,,,102210fe594ee9b33d82058545b1ed14f4c8206e,browser-toolbox.connect.DAMP,damp,True,damp browser-toolbox.connect.DAMP opt e10s fission stylo webrender-sw,4767235,77,ms,firefox,,1731480189,2023-07-26 02:26:30,1958.713868499999,6a9aca2a1b89781175cdec2df700998fa9209282,1278087,,,,,,,,,,,,,,,,,,,,,,,,,,,,,,,,,,,,,,,,,,,,,,,,,,,,,,,,,,,,,TN,TN
autoland,4768071,12,69b95d09da21c937720a8d3aaca237f47b683aa9,linux1804-64-shippable-qr,True,False,,,102210fe594ee9b33d82058545b1ed14f4c8206e,browser-toolbox.connect.DAMP,damp,True,damp browser-toolbox.connect.DAMP opt e10s fission stylo webrender-sw,4767235,77,ms,firefox,,1732640550,2023-07-26 02:28:57,1886.8154705000047,b99cc496004361222b06a6f18592ea86500fa5a9,1278088,,,,,,,,,,,,,,,,,,,,,,,,,,,,,,,,,,,,,,,,,,,,,,,,,,,,,,,,,,,,,TN,TN
autoland,4768071,12,69b95d09da21c937720a8d3aaca237f47b683aa9,linux1804-64-shippable-qr,True,False,,,102210fe594ee9b33d82058545b1ed14f4c8206e,browser-toolbox.connect.DAMP,damp,True,damp browser-toolbox.connect.DAMP opt e10s fission stylo webrender-sw,4767235,77,ms,firefox,,1732642931,2023-07-26 02:36:09,1961.9492204999988,85de6d1cd72462cd0bf9c09a49708a90106356e6,1278091,,,,,,,,,,,,,,,,,,,,,,,,,,,,,,,,,,,,,,,,,,,,,,,,,,,,,,,,,,,,,TN,TN
autoland,4768071,12,69b95d09da21c937720a8d3aaca237f47b683aa9,linux1804-64-shippable-qr,True,False,,,102210fe594ee9b33d82058545b1ed14f4c8206e,browser-toolbox.connect.DAMP,damp,True,damp browser-toolbox.connect.DAMP opt e10s fission stylo webrender-sw,4767235,77,ms,firefox,,1732642478,2023-07-26 02:46:16,1977.283948499968,02b9987dee27f0039898b0b31cb3a764d2780a23,1278093,,,,,,,,,,,,,,,,,,,,,,,,,,,,,,,,,,,,,,,,,,,,,,,,,,,,,,,,,,,,,TN,TN
autoland,4768071,12,69b95d09da21c937720a8d3aaca237f47b683aa9,linux1804-64-shippable-qr,True,False,,,102210fe594ee9b33d82058545b1ed14f4c8206e,browser-toolbox.connect.DAMP,damp,True,damp browser-toolbox.connect.DAMP opt e10s fission stylo webrender-sw,4767235,77,ms,firefox,,1732639904,2023-07-26 02:54:32,1956.2869519999983,828cec2f2ca04debd246e8652f86a6dba4df50b0,1278095,,,,,,,,,,,,,,,,,,,,,,,,,,,,,,,,,,,,,,,,,,,,,,,,,,,,,,,,,,,,,TN,TN
autoland,4768071,12,69b95d09da21c937720a8d3aaca237f47b683aa9,linux1804-64-shippable-qr,True,False,,,102210fe594ee9b33d82058545b1ed14f4c8206e,browser-toolbox.connect.DAMP,damp,True,damp browser-toolbox.connect.DAMP opt e10s fission stylo webrender-sw,4767235,77,ms,firefox,,1732643009,2023-07-26 03:01:05,1944.816517499996,a4de8442be49936862ff499ca30e7f8cc2db693b,1278096,,,,,,,,,,,,,,,,,,,,,,,,,,,,,,,,,,,,,,,,,,,,,,,,,,,,,,,,,,,,,TN,TN
autoland,4768071,12,69b95d09da21c937720a8d3aaca237f47b683aa9,linux1804-64-shippable-qr,True,False,,,102210fe594ee9b33d82058545b1ed14f4c8206e,browser-toolbox.connect.DAMP,damp,True,damp browser-toolbox.connect.DAMP opt e10s fission stylo webrender-sw,4767235,77,ms,firefox,,1732643555,2023-07-26 03:33:15,1955.3838669999968,6a415b0c2ffba73d444370049dd4b118fffa6638,1278109,,,,,,,,,,,,,,,,,,,,,,,,,,,,,,,,,,,,,,,,,,,,,,,,,,,,,,,,,,,,,TN,TN
autoland,4768071,12,69b95d09da21c937720a8d3aaca237f47b683aa9,linux1804-64-shippable-qr,True,False,,,102210fe594ee9b33d82058545b1ed14f4c8206e,browser-toolbox.connect.DAMP,damp,True,damp browser-toolbox.connect.DAMP opt e10s fission stylo webrender-sw,4767235,77,ms,firefox,,1732665874,2023-07-26 05:13:30,1912.148002500002,54dd5c964e26ca947ad7d1314240ce289d77655a,1278130,,,,,,,,,,,,,,,,,,,,,,,,,,,,,,,,,,,,,,,,,,,,,,,,,,,,,,,,,,,,,TN,TN
autoland,4768071,12,69b95d09da21c937720a8d3aaca237f47b683aa9,linux1804-64-shippable-qr,True,False,,,102210fe594ee9b33d82058545b1ed14f4c8206e,browser-toolbox.connect.DAMP,damp,True,damp browser-toolbox.connect.DAMP opt e10s fission stylo webrender-sw,4767235,77,ms,firefox,,1732646763,2023-07-26 05:58:08,1900.7897005000125,f742585cb26e2e15812058bdfa2288ba728f2a8e,1278141,,,,,,,,,,,,,,,,,,,,,,,,,,,,,,,,,,,,,,,,,,,,,,,,,,,,,,,,,,,,,TN,TN
autoland,4768071,12,69b95d09da21c937720a8d3aaca237f47b683aa9,linux1804-64-shippable-qr,True,False,,,102210fe594ee9b33d82058545b1ed14f4c8206e,browser-toolbox.connect.DAMP,damp,True,damp browser-toolbox.connect.DAMP opt e10s fission stylo webrender-sw,4767235,77,ms,firefox,,1732635694,2023-07-26 06:18:54,1927.8522209999971,d76341b2daf4a2b9f83be2be265cab8b51ba1102,1278147,,,,,,,,,,,,,,,,,,,,,,,,,,,,,,,,,,,,,,,,,,,,,,,,,,,,,,,,,,,,,TN,TN
autoland,4768071,12,69b95d09da21c937720a8d3aaca237f47b683aa9,linux1804-64-shippable-qr,True,False,,,102210fe594ee9b33d82058545b1ed14f4c8206e,browser-toolbox.connect.DAMP,damp,True,damp browser-toolbox.connect.DAMP opt e10s fission stylo webrender-sw,4767235,77,ms,firefox,,1731541858,2023-07-26 06:49:07,1882.568603,8470bc21f160f3c1fecb034308c203412e1fcb3c,1278154,,,,,,,,,,,,,,,,,,,,,,,,,,,,,,,,,,,,,,,,,,,,,,,,,,,,,,,,,,,,,TN,TN
autoland,4768071,12,69b95d09da21c937720a8d3aaca237f47b683aa9,linux1804-64-shippable-qr,True,False,,,102210fe594ee9b33d82058545b1ed14f4c8206e,browser-toolbox.connect.DAMP,damp,True,damp browser-toolbox.connect.DAMP opt e10s fission stylo webrender-sw,4767235,77,ms,firefox,,1731585213,2023-07-26 09:35:06,1961.5885429999944,87846ae3f12d74bcc97619bea65453ce0aca0e54,1278218,,,,,,,,,,,,,,,,,,,,,,,,,,,,,,,,,,,,,,,,,,,,,,,,,,,,,,,,,,,,,TN,TN
autoland,4768071,12,69b95d09da21c937720a8d3aaca237f47b683aa9,linux1804-64-shippable-qr,True,False,,,102210fe594ee9b33d82058545b1ed14f4c8206e,browser-toolbox.connect.DAMP,damp,True,damp browser-toolbox.connect.DAMP opt e10s fission stylo webrender-sw,4767235,77,ms,firefox,,1731743426,2023-07-26 15:38:17,1935.465698999997,b65b154c05c37b796b5c0ef7cc01fd37ecfdea1c,1278401,,,,,,,,,,,,,,,,,,,,,,,,,,,,,,,,,,,,,,,,,,,,,,,,,,,,,,,,,,,,,TN,TN
autoland,4768071,12,69b95d09da21c937720a8d3aaca237f47b683aa9,linux1804-64-shippable-qr,True,False,,,102210fe594ee9b33d82058545b1ed14f4c8206e,browser-toolbox.connect.DAMP,damp,True,damp browser-toolbox.connect.DAMP opt e10s fission stylo webrender-sw,4767235,77,ms,firefox,,1731928357,2023-07-26 23:24:58,1945.1743894999815,84a5d1af6f7ff3689a022412a1fbc2c6632a5f96,1278695,,,,,,,,,,,,,,,,,,,,,,,,,,,,,,,,,,,,,,,,,,,,,,,,,,,,,,,,,,,,,TN,TN
autoland,4768071,12,69b95d09da21c937720a8d3aaca237f47b683aa9,linux1804-64-shippable-qr,True,False,,,102210fe594ee9b33d82058545b1ed14f4c8206e,browser-toolbox.connect.DAMP,damp,True,damp browser-toolbox.connect.DAMP opt e10s fission stylo webrender-sw,4767235,77,ms,firefox,,1731979116,2023-07-27 01:40:00,1944.685794500016,3e5ffa17cbfe0cff1585c411714ca008dc6ae15e,1278764,,,,,,,,,,,,,,,,,,,,,,,,,,,,,,,,,,,,,,,,,,,,,,,,,,,,,,,,,,,,,TN,TN
autoland,4768071,12,69b95d09da21c937720a8d3aaca237f47b683aa9,linux1804-64-shippable-qr,True,False,,,102210fe594ee9b33d82058545b1ed14f4c8206e,browser-toolbox.connect.DAMP,damp,True,damp browser-toolbox.connect.DAMP opt e10s fission stylo webrender-sw,4767235,77,ms,firefox,,1732133369,2023-07-27 11:30:20,1943.0897849999965,84800a0d7e6ed9c82449cedd7ba57c2061572292,1278928,,,,,,,,,,,,,,,,,,,,,,,,,,,,,,,,,,,,,,,,,,,,,,,,,,,,,,,,,,,,,TN,TN
autoland,4768071,12,69b95d09da21c937720a8d3aaca237f47b683aa9,linux1804-64-shippable-qr,True,False,,,102210fe594ee9b33d82058545b1ed14f4c8206e,browser-toolbox.connect.DAMP,damp,True,damp browser-toolbox.connect.DAMP opt e10s fission stylo webrender-sw,4767235,77,ms,firefox,,1732272336,2023-07-27 15:18:37,1898.591270500001,481bfcb7b2201e1eb04cebbeee74480be11095cc,1279069,,,,,,,,,,,,,,,,,,,,,,,,,,,,,,,,,,,,,,,,,,,,,,,,,,,,,,,,,,,,,TN,TN
autoland,4768071,12,69b95d09da21c937720a8d3aaca237f47b683aa9,linux1804-64-shippable-qr,True,False,,,102210fe594ee9b33d82058545b1ed14f4c8206e,browser-toolbox.connect.DAMP,damp,True,damp browser-toolbox.connect.DAMP opt e10s fission stylo webrender-sw,4767235,77,ms,firefox,,1732429302,2023-07-27 19:34:25,1958.4042985000012,f50f1984cd54c49748c94ebf3f3709aa4c582ead,1279276,,,,,,,,,,,,,,,,,,,,,,,,,,,,,,,,,,,,,,,,,,,,,,,,,,,,,,,,,,,,,TN,TN
autoland,4768071,12,69b95d09da21c937720a8d3aaca237f47b683aa9,linux1804-64-shippable-qr,True,False,,,102210fe594ee9b33d82058545b1ed14f4c8206e,browser-toolbox.connect.DAMP,damp,True,damp browser-toolbox.connect.DAMP opt e10s fission stylo webrender-sw,4767235,77,ms,firefox,,1732505699,2023-07-27 23:35:22,1889.6465160000007,0b367e70ac913aeec6308d2b941cff4dc929cd22,1279407,,,,,,,,,,,,,,,,,,,,,,,,,,,,,,,,,,,,,,,,,,,,,,,,,,,,,,,,,,,,,TN,TN
autoland,4768071,12,69b95d09da21c937720a8d3aaca237f47b683aa9,linux1804-64-shippable-qr,True,False,,,102210fe594ee9b33d82058545b1ed14f4c8206e,browser-toolbox.connect.DAMP,damp,True,damp browser-toolbox.connect.DAMP opt e10s fission stylo webrender-sw,4767235,77,ms,firefox,,1732530990,2023-07-28 01:05:08,1934.079423500003,36ce680ea81ccb2f123f0f6831596185e6ea4e83,1279448,,,,,,,,,,,,,,,,,,,,,,,,,,,,,,,,,,,,,,,,,,,,,,,,,,,,,,,,,,,,,TN,TN
autoland,4768071,12,69b95d09da21c937720a8d3aaca237f47b683aa9,linux1804-64-shippable-qr,True,False,,,102210fe594ee9b33d82058545b1ed14f4c8206e,browser-toolbox.connect.DAMP,damp,True,damp browser-toolbox.connect.DAMP opt e10s fission stylo webrender-sw,4767235,77,ms,firefox,,1732613683,2023-07-28 05:46:55,1963.0722519999729,10692fd51184d10f78fb0eb56090f3c55827b561,1279508,,,,,,,,,,,,,,,,,,,,,,,,,,,,,,,,,,,,,,,,,,,,,,,,,,,,,,,,,,,,,TN,TN
autoland,4768071,12,69b95d09da21c937720a8d3aaca237f47b683aa9,linux1804-64-shippable-qr,True,False,,,102210fe594ee9b33d82058545b1ed14f4c8206e,browser-toolbox.connect.DAMP,damp,True,damp browser-toolbox.connect.DAMP opt e10s fission stylo webrender-sw,4767235,77,ms,firefox,,1732729073,2023-07-28 11:09:37,1583.7147895000053,af33198f4756b96446ab9cb00f77cc6e2b27f314,1279609,,,,,,,,,,,,,,,,,,,,,,,,,,,,,,,,,,,,,,,,,,,,,,,,,,,,,,,,,,,,,TN,TN
autoland,4768071,12,69b95d09da21c937720a8d3aaca237f47b683aa9,linux1804-64-shippable-qr,True,False,,,102210fe594ee9b33d82058545b1ed14f4c8206e,browser-toolbox.connect.DAMP,damp,True,damp browser-toolbox.connect.DAMP opt e10s fission stylo webrender-sw,4767235,77,ms,firefox,,1732818586,2023-07-28 14:46:21,1965.3181555000083,08098e30932d89da82f6e452fff88fee938088d7,1279720,,,,,,,,,,,,,,,,,,,,,,,,,,,,,,,,,,,,,,,,,,,,,,,,,,,,,,,,,,,,,TN,TN
autoland,4768071,12,69b95d09da21c937720a8d3aaca237f47b683aa9,linux1804-64-shippable-qr,True,False,,,102210fe594ee9b33d82058545b1ed14f4c8206e,browser-toolbox.connect.DAMP,damp,True,damp browser-toolbox.connect.DAMP opt e10s fission stylo webrender-sw,4767235,77,ms,firefox,,1732942057,2023-07-28 18:48:27,1947.274113499996,2f51f44f5da6afbdb8a587b03f47fcdc7b672475,1279862,,,,,,,,,,,,,,,,,,,,,,,,,,,,,,,,,,,,,,,,,,,,,,,,,,,,,,,,,,,,,TN,TN
autoland,4768071,12,69b95d09da21c937720a8d3aaca237f47b683aa9,linux1804-64-shippable-qr,True,False,,,102210fe594ee9b33d82058545b1ed14f4c8206e,browser-toolbox.connect.DAMP,damp,True,damp browser-toolbox.connect.DAMP opt e10s fission stylo webrender-sw,4767235,77,ms,firefox,,1733000430,2023-07-28 22:56:39,1931.1504579999928,95255b6bb2d51d6c10d6a3471da82aeaf7512c0f,1279985,,,,,,,,,,,,,,,,,,,,,,,,,,,,,,,,,,,,,,,,,,,,,,,,,,,,,,,,,,,,,TN,TN
autoland,4768071,12,69b95d09da21c937720a8d3aaca237f47b683aa9,linux1804-64-shippable-qr,True,False,,,102210fe594ee9b33d82058545b1ed14f4c8206e,browser-toolbox.connect.DAMP,damp,True,damp browser-toolbox.connect.DAMP opt e10s fission stylo webrender-sw,4767235,77,ms,firefox,,1733052854,2023-07-29 03:44:49,1882.0992159999728,1c410aed156878dc739ffdb4343c315fb0bb0a00,1280031,,,,,,,,,,,,,,,,,,,,,,,,,,,,,,,,,,,,,,,,,,,,,,,,,,,,,,,,,,,,,TN,TN
autoland,4768071,12,69b95d09da21c937720a8d3aaca237f47b683aa9,linux1804-64-shippable-qr,True,False,,,102210fe594ee9b33d82058545b1ed14f4c8206e,browser-toolbox.connect.DAMP,damp,True,damp browser-toolbox.connect.DAMP opt e10s fission stylo webrender-sw,4767235,77,ms,firefox,,1733108094,2023-07-29 09:43:33,1944.123606499997,5f1e1cd609f68ff20fbea6b02e5a3444f7dd303d,1280059,,,,,,,,,,,,,,,,,,,,,,,,,,,,,,,,,,,,,,,,,,,,,,,,,,,,,,,,,,,,,TN,TN
autoland,4768071,12,69b95d09da21c937720a8d3aaca237f47b683aa9,linux1804-64-shippable-qr,True,False,,,102210fe594ee9b33d82058545b1ed14f4c8206e,browser-toolbox.connect.DAMP,damp,True,damp browser-toolbox.connect.DAMP opt e10s fission stylo webrender-sw,4767235,77,ms,firefox,,1733193326,2023-07-30 01:23:54,1952.298004000004,9a9597eb50561ea739c8a26da45dcbad6557a326,1280105,,,,,,,,,,,,,,,,,,,,,,,,,,,,,,,,,,,,,,,,,,,,,,,,,,,,,,,,,,,,,TN,TN
autoland,4768071,12,69b95d09da21c937720a8d3aaca237f47b683aa9,linux1804-64-shippable-qr,True,False,,,102210fe594ee9b33d82058545b1ed14f4c8206e,browser-toolbox.connect.DAMP,damp,True,damp browser-toolbox.connect.DAMP opt e10s fission stylo webrender-sw,4767235,77,ms,firefox,,1733279172,2023-07-30 13:52:06,1903.3652845,ce5b2b0d4bc01294b78eeb50a7738e0b5755b3a4,1280125,,,,,,,,,,,,,,,,,,,,,,,,,,,,,,,,,,,,,,,,,,,,,,,,,,,,,,,,,,,,,TN,TN
autoland,4768071,12,69b95d09da21c937720a8d3aaca237f47b683aa9,linux1804-64-shippable-qr,True,False,,,102210fe594ee9b33d82058545b1ed14f4c8206e,browser-toolbox.connect.DAMP,damp,True,damp browser-toolbox.connect.DAMP opt e10s fission stylo webrender-sw,4767235,77,ms,firefox,,1733348575,2023-07-31 04:52:45,1913.6326880000124,91dd0dbb8e738b29e6f14bdbaaf28f2b1f531b2b,1280185,,,,,,,,,,,,,,,,,,,,,,,,,,,,,,,,,,,,,,,,,,,,,,,,,,,,,,,,,,,,,TN,TN
autoland,4768071,12,69b95d09da21c937720a8d3aaca237f47b683aa9,linux1804-64-shippable-qr,True,False,,,102210fe594ee9b33d82058545b1ed14f4c8206e,browser-toolbox.connect.DAMP,damp,True,damp browser-toolbox.connect.DAMP opt e10s fission stylo webrender-sw,4767235,77,ms,firefox,,1733401584,2023-07-31 09:26:34,1957.680065499997,2b4f8ad0cecd1e9ce287bf572fd28b8b94d91717,1280244,,,,,,,,,,,,,,,,,,,,,,,,,,,,,,,,,,,,,,,,,,,,,,,,,,,,,,,,,,,,,TN,TN
autoland,4768071,12,69b95d09da21c937720a8d3aaca237f47b683aa9,linux1804-64-shippable-qr,True,False,,,102210fe594ee9b33d82058545b1ed14f4c8206e,browser-toolbox.connect.DAMP,damp,True,damp browser-toolbox.connect.DAMP opt e10s fission stylo webrender-sw,4767235,77,ms,firefox,,1733462519,2023-07-31 10:39:42,1947.5957420000195,805b1cd5321098059e548eed4aa9db6f43cd833e,1280276,,,,,,,,,,,,,,,,,,,,,,,,,,,,,,,,,,,,,,,,,,,,,,,,,,,,,,,,,,,,,TN,TN
autoland,4768071,12,69b95d09da21c937720a8d3aaca237f47b683aa9,linux1804-64-shippable-qr,True,False,,,102210fe594ee9b33d82058545b1ed14f4c8206e,browser-toolbox.connect.DAMP,damp,True,damp browser-toolbox.connect.DAMP opt e10s fission stylo webrender-sw,4767235,77,ms,firefox,,1733654778,2023-07-31 14:45:15,1950.527548500002,7cad7000bc1c51f14ca241ac2aa08ac299612b8c,1280380,,,,,,,,,,,,,,,,,,,,,,,,,,,,,,,,,,,,,,,,,,,,,,,,,,,,,,,,,,,,,TN,TN
autoland,4768071,12,69b95d09da21c937720a8d3aaca237f47b683aa9,linux1804-64-shippable-qr,True,False,,,102210fe594ee9b33d82058545b1ed14f4c8206e,browser-toolbox.connect.DAMP,damp,True,damp browser-toolbox.connect.DAMP opt e10s fission stylo webrender-sw,4767235,77,ms,firefox,,1733646569,2023-07-31 16:08:26,1913.5868214999648,0a238650aa096b0da883226d02d11fc5178541f3,1280438,,,,,,,,,,,,,,,,,,,,,,,,,,,,,,,,,,,,,,,,,,,,,,,,,,,,,,,,,,,,,TN,TN
autoland,4768071,12,69b95d09da21c937720a8d3aaca237f47b683aa9,linux1804-64-shippable-qr,True,False,,,102210fe594ee9b33d82058545b1ed14f4c8206e,browser-toolbox.connect.DAMP,damp,True,damp browser-toolbox.connect.DAMP opt e10s fission stylo webrender-sw,4767235,77,ms,firefox,,1733726387,2023-07-31 21:31:29,1940.4668864999985,2d698aca1dece26df297dd085dbde9216e3b2e66,1280612,,,,,,,,,,,,,,,,,,,,,,,,,,,,,,,,,,,,,,,,,,,,,,,,,,,,,,,,,,,,,TN,TN
autoland,4768071,12,69b95d09da21c937720a8d3aaca237f47b683aa9,linux1804-64-shippable-qr,True,False,,,102210fe594ee9b33d82058545b1ed14f4c8206e,browser-toolbox.connect.DAMP,damp,True,damp browser-toolbox.connect.DAMP opt e10s fission stylo webrender-sw,4767235,77,ms,firefox,,1733775983,2023-07-31 21:34:42,1946.6946430000096,28250de453513da3369c412cbce0f35b97146bec,1280618,,,,,,,,,,,,,,,,,,,,,,,,,,,,,,,,,,,,,,,,,,,,,,,,,,,,,,,,,,,,,TN,TN
autoland,4768071,12,69b95d09da21c937720a8d3aaca237f47b683aa9,linux1804-64-shippable-qr,True,False,,,102210fe594ee9b33d82058545b1ed14f4c8206e,browser-toolbox.connect.DAMP,damp,True,damp browser-toolbox.connect.DAMP opt e10s fission stylo webrender-sw,4767235,77,ms,firefox,,1733796581,2023-07-31 23:41:21,1918.898056500002,195161a06a7a71dbce0ee5e8ddb8c84f3cb03df7,1280694,,,,,,,,,,,,,,,,,,,,,,,,,,,,,,,,,,,,,,,,,,,,,,,,,,,,,,,,,,,,,TN,TN
autoland,4768071,12,69b95d09da21c937720a8d3aaca237f47b683aa9,linux1804-64-shippable-qr,True,False,,,102210fe594ee9b33d82058545b1ed14f4c8206e,browser-toolbox.connect.DAMP,damp,True,damp browser-toolbox.connect.DAMP opt e10s fission stylo webrender-sw,4767235,77,ms,firefox,,1733905773,2023-08-01 03:53:20,1956.9670185000068,ca66ac527c958bd3f26f8c86f291fa85de21ec56,1280753,,,,,,,,,,,,,,,,,,,,,,,,,,,,,,,,,,,,,,,,,,,,,,,,,,,,,,,,,,,,,TN,TN
autoland,4768071,12,69b95d09da21c937720a8d3aaca237f47b683aa9,linux1804-64-shippable-qr,True,False,,,102210fe594ee9b33d82058545b1ed14f4c8206e,browser-toolbox.connect.DAMP,damp,True,damp browser-toolbox.connect.DAMP opt e10s fission stylo webrender-sw,4767235,77,ms,firefox,,1733895198,2023-08-01 04:02:13,1938.9699844999889,d5ecff066adaf3a4029a970db93a9f23f1ed2587,1280758,,,,,,,,,,,,,,,,,,,,,,,,,,,,,,,,,,,,,,,,,,,,,,,,,,,,,,,,,,,,,TN,TN
autoland,4768071,12,69b95d09da21c937720a8d3aaca237f47b683aa9,linux1804-64-shippable-qr,True,False,,,102210fe594ee9b33d82058545b1ed14f4c8206e,browser-toolbox.connect.DAMP,damp,True,damp browser-toolbox.connect.DAMP opt e10s fission stylo webrender-sw,4767235,77,ms,firefox,,1733987744,2023-08-01 08:15:56,1965.3605185000124,5201d6f4a7e8740bd42f08295800c15e0e18cd7e,1280812,,,,,,,,,,,,,,,,,,,,,,,,,,,,,,,,,,,,,,,,,,,,,,,,,,,,,,,,,,,,,TN,TN
autoland,4768071,12,69b95d09da21c937720a8d3aaca237f47b683aa9,linux1804-64-shippable-qr,True,False,,,102210fe594ee9b33d82058545b1ed14f4c8206e,browser-toolbox.connect.DAMP,damp,True,damp browser-toolbox.connect.DAMP opt e10s fission stylo webrender-sw,4767235,77,ms,firefox,,1734096584,2023-08-01 12:32:45,1951.3175605,90b19e0d07e5d2cd137f135b860f0357df90e338,1280938,,,,,,,,,,,,,,,,,,,,,,,,,,,,,,,,,,,,,,,,,,,,,,,,,,,,,,,,,,,,,TN,TN
autoland,4768071,12,69b95d09da21c937720a8d3aaca237f47b683aa9,linux1804-64-shippable-qr,True,False,,,102210fe594ee9b33d82058545b1ed14f4c8206e,browser-toolbox.connect.DAMP,damp,True,damp browser-toolbox.connect.DAMP opt e10s fission stylo webrender-sw,4767235,77,ms,firefox,,1734116500,2023-08-01 12:49:44,1858.803895000019,61356e1447e3bb09709883f8b5806a201d39c5a4,1280953,,,,,,,,,,,,,,,,,,,,,,,,,,,,,,,,,,,,,,,,,,,,,,,,,,,,,,,,,,,,,TN,TN
autoland,4768071,12,69b95d09da21c937720a8d3aaca237f47b683aa9,linux1804-64-shippable-qr,True,False,,,102210fe594ee9b33d82058545b1ed14f4c8206e,browser-toolbox.connect.DAMP,damp,True,damp browser-toolbox.connect.DAMP opt e10s fission stylo webrender-sw,4767235,77,ms,firefox,,1734166688,2023-08-01 15:48:38,1952.056747000024,ea7df1f8976b5cdf0d7ddbc918c38d7fffcee983,1281058,,,,,,,,,,,,,,,,,,,,,,,,,,,,,,,,,,,,,,,,,,,,,,,,,,,,,,,,,,,,,TN,TN
autoland,4768071,12,69b95d09da21c937720a8d3aaca237f47b683aa9,linux1804-64-shippable-qr,True,False,,,102210fe594ee9b33d82058545b1ed14f4c8206e,browser-toolbox.connect.DAMP,damp,True,damp browser-toolbox.connect.DAMP opt e10s fission stylo webrender-sw,4767235,77,ms,firefox,,1734323100,2023-08-01 20:02:17,1948.4430955000064,fd6f3d21ce3f450906d293c067fdadc62ea991a6,1281212,,,,,,,,,,,,,,,,,,,,,,,,,,,,,,,,,,,,,,,,,,,,,,,,,,,,,,,,,,,,,TN,TN
autoland,4768071,12,69b95d09da21c937720a8d3aaca237f47b683aa9,linux1804-64-shippable-qr,True,False,,,102210fe594ee9b33d82058545b1ed14f4c8206e,browser-toolbox.connect.DAMP,damp,True,damp browser-toolbox.connect.DAMP opt e10s fission stylo webrender-sw,4767235,77,ms,firefox,,1734384730,2023-08-02 00:13:38,1944.3715594999996,323a980eddb18489b9d7de1ffeff427026574b4c,1281337,,,,,,,,,,,,,,,,,,,,,,,,,,,,,,,,,,,,,,,,,,,,,,,,,,,,,,,,,,,,,TN,TN
autoland,4768071,12,69b95d09da21c937720a8d3aaca237f47b683aa9,linux1804-64-shippable-qr,True,False,,,102210fe594ee9b33d82058545b1ed14f4c8206e,browser-toolbox.connect.DAMP,damp,True,damp browser-toolbox.connect.DAMP opt e10s fission stylo webrender-sw,4767235,77,ms,firefox,,1734503681,2023-08-02 06:07:22,1954.5221705000256,7ee1dad073d03db2f730fd5c2baf77f37e458feb,1281414,,,,,,,,,,,,,,,,,,,,,,,,,,,,,,,,,,,,,,,,,,,,,,,,,,,,,,,,,,,,,TN,TN
autoland,4768071,12,69b95d09da21c937720a8d3aaca237f47b683aa9,linux1804-64-shippable-qr,True,False,,,102210fe594ee9b33d82058545b1ed14f4c8206e,browser-toolbox.connect.DAMP,damp,True,damp browser-toolbox.connect.DAMP opt e10s fission stylo webrender-sw,4767235,77,ms,firefox,,1734492012,2023-08-02 06:35:09,1947.9520779999948,a8968f9e8cf0bba14f132004f11b34a8abb93165,1281421,,,,,,,,,,,,,,,,,,,,,,,,,,,,,,,,,,,,,,,,,,,,,,,,,,,,,,,,,,,,,TN,TN
autoland,4768071,12,69b95d09da21c937720a8d3aaca237f47b683aa9,linux1804-64-shippable-qr,True,False,,,102210fe594ee9b33d82058545b1ed14f4c8206e,browser-toolbox.connect.DAMP,damp,True,damp browser-toolbox.connect.DAMP opt e10s fission stylo webrender-sw,4767235,77,ms,firefox,,1734592864,2023-08-02 10:39:12,1964.229805999996,338c2c8d91af0f92fa1a7a3b5fb1830adb54b373,1281520,,,,,,,,,,,,,,,,,,,,,,,,,,,,,,,,,,,,,,,,,,,,,,,,,,,,,,,,,,,,,TN,TN
autoland,4768071,12,69b95d09da21c937720a8d3aaca237f47b683aa9,linux1804-64-shippable-qr,True,False,,,102210fe594ee9b33d82058545b1ed14f4c8206e,browser-toolbox.connect.DAMP,damp,True,damp browser-toolbox.connect.DAMP opt e10s fission stylo webrender-sw,4767235,77,ms,firefox,,1734637273,2023-08-02 12:59:29,1971.3219910000043,b21c8906db6d0a7e0fbae7e609d90da9cf977fbb,1281568,,,,,,,,,,,,,,,,,,,,,,,,,,,,,,,,,,,,,,,,,,,,,,,,,,,,,,,,,,,,,TN,TN
autoland,4768071,12,69b95d09da21c937720a8d3aaca237f47b683aa9,linux1804-64-shippable-qr,True,False,,,102210fe594ee9b33d82058545b1ed14f4c8206e,browser-toolbox.connect.DAMP,damp,True,damp browser-toolbox.connect.DAMP opt e10s fission stylo webrender-sw,4767235,77,ms,firefox,,1734727554,2023-08-02 16:29:38,1927.2128244999983,90ca26ab8ee142d08164d3ed9761aa023bc4e2aa,1281697,,,,,,,,,,,,,,,,,,,,,,,,,,,,,,,,,,,,,,,,,,,,,,,,,,,,,,,,,,,,,TN,TN
autoland,4768071,12,69b95d09da21c937720a8d3aaca237f47b683aa9,linux1804-64-shippable-qr,True,False,,,102210fe594ee9b33d82058545b1ed14f4c8206e,browser-toolbox.connect.DAMP,damp,True,damp browser-toolbox.connect.DAMP opt e10s fission stylo webrender-sw,4767235,77,ms,firefox,,1735022299,2023-08-03 00:54:50,1964.8467014999917,9836af94c959ecca4666d7f0c19125b41969ff65,1282044,,,,,,,,,,,,,,,,,,,,,,,,,,,,,,,,,,,,,,,,,,,,,,,,,,,,,,,,,,,,,TN,TN
autoland,4768071,12,69b95d09da21c937720a8d3aaca237f47b683aa9,linux1804-64-shippable-qr,True,False,,,102210fe594ee9b33d82058545b1ed14f4c8206e,browser-toolbox.connect.DAMP,damp,True,damp browser-toolbox.connect.DAMP opt e10s fission stylo webrender-sw,4767235,77,ms,firefox,,1735062931,2023-08-03 00:55:51,1934.365781499993,c37e853eb755f0f4110f01509516da8c93baf284,1282045,,,,,,,,,,,,,,,,,,,,,,,,,,,,,,,,,,,,,,,,,,,,,,,,,,,,,,,,,,,,,TN,TN
autoland,4768071,12,69b95d09da21c937720a8d3aaca237f47b683aa9,linux1804-64-shippable-qr,True,False,,,102210fe594ee9b33d82058545b1ed14f4c8206e,browser-toolbox.connect.DAMP,damp,True,damp browser-toolbox.connect.DAMP opt e10s fission stylo webrender-sw,4767235,77,ms,firefox,,1735152259,2023-08-03 05:32:27,1953.89161799998,1eb2f6905e74aa982d6b71bec524ccfde726bb7b,1282117,,,,,,,,,,,,,,,,,,,,,,,,,,,,,,,,,,,,,,,,,,,,,,,,,,,,,,,,,,,,,TN,TN
autoland,4768071,12,69b95d09da21c937720a8d3aaca237f47b683aa9,linux1804-64-shippable-qr,True,False,,,102210fe594ee9b33d82058545b1ed14f4c8206e,browser-toolbox.connect.DAMP,damp,True,damp browser-toolbox.connect.DAMP opt e10s fission stylo webrender-sw,4767235,77,ms,firefox,,1735201077,2023-08-03 09:35:33,1945.6943204999989,6f55c55c40c70eff3b82d3129f516257598ea115,1282197,,,,,,,,,,,,,,,,,,,,,,,,,,,,,,,,,,,,,,,,,,,,,,,,,,,,,,,,,,,,,TN,TN
autoland,4768071,12,69b95d09da21c937720a8d3aaca237f47b683aa9,linux1804-64-shippable-qr,True,False,,,102210fe594ee9b33d82058545b1ed14f4c8206e,browser-toolbox.connect.DAMP,damp,True,damp browser-toolbox.connect.DAMP opt e10s fission stylo webrender-sw,4767235,77,ms,firefox,,1735270284,2023-08-03 11:38:24,1943.589370499976,9a8ae552959ec73c3546151f30d131552d64bce0,1282235,,,,,,,,,,,,,,,,,,,,,,,,,,,,,,,,,,,,,,,,,,,,,,,,,,,,,,,,,,,,,TN,TN
autoland,4768071,12,69b95d09da21c937720a8d3aaca237f47b683aa9,linux1804-64-shippable-qr,True,False,,,102210fe594ee9b33d82058545b1ed14f4c8206e,browser-toolbox.connect.DAMP,damp,True,damp browser-toolbox.connect.DAMP opt e10s fission stylo webrender-sw,4767235,77,ms,firefox,,1736494642,2023-08-03 14:14:17,1879.6981570000207,d84e836e47652db87a27a6f4b689c2a34c699685,1282300,,,,,,,,,,,,,,,,,,,,,,,,,,,,,,,,,,,,,,,,,,,,,,,,,,,,,,,,,,,,,TN,TN
autoland,4768071,12,69b95d09da21c937720a8d3aaca237f47b683aa9,linux1804-64-shippable-qr,True,False,,,102210fe594ee9b33d82058545b1ed14f4c8206e,browser-toolbox.connect.DAMP,damp,True,damp browser-toolbox.connect.DAMP opt e10s fission stylo webrender-sw,4767235,77,ms,firefox,,1736497010,2023-08-03 14:15:27,1961.8877320000065,7c3b8868096b30db100c466dbca55fe673efd1b2,1282301,,,,,,,,,,,,,,,,,,,,,,,,,,,,,,,,,,,,,,,,,,,,,,,,,,,,,,,,,,,,,TN,TN
autoland,4768071,12,69b95d09da21c937720a8d3aaca237f47b683aa9,linux1804-64-shippable-qr,True,False,,,102210fe594ee9b33d82058545b1ed14f4c8206e,browser-toolbox.connect.DAMP,damp,True,damp browser-toolbox.connect.DAMP opt e10s fission stylo webrender-sw,4767235,77,ms,firefox,,1736492018,2023-08-03 14:17:05,1937.236094499989,0633fc6a610e483da0f0ac5641f66a964420e697,1282304,,,,,,,,,,,,,,,,,,,,,,,,,,,,,,,,,,,,,,,,,,,,,,,,,,,,,,,,,,,,,TN,TN
autoland,4768071,12,69b95d09da21c937720a8d3aaca237f47b683aa9,linux1804-64-shippable-qr,True,False,,,102210fe594ee9b33d82058545b1ed14f4c8206e,browser-toolbox.connect.DAMP,damp,True,damp browser-toolbox.connect.DAMP opt e10s fission stylo webrender-sw,4767235,77,ms,firefox,,1736492072,2023-08-03 14:18:12,1937.4371545000067,79cd2eba90d36212245b0af31cbe00e4154a1c5a,1282306,,,,,,,,,,,,,,,,,,,,,,,,,,,,,,,,,,,,,,,,,,,,,,,,,,,,,,,,,,,,,TN,TN
autoland,4768071,12,69b95d09da21c937720a8d3aaca237f47b683aa9,linux1804-64-shippable-qr,True,False,,,102210fe594ee9b33d82058545b1ed14f4c8206e,browser-toolbox.connect.DAMP,damp,True,damp browser-toolbox.connect.DAMP opt e10s fission stylo webrender-sw,4767235,77,ms,firefox,,1736481127,2023-08-03 14:19:08,1953.091748499999,588683fe0bb990c5d55a73ef988de35266140b53,1282308,,,,,,,,,,,,,,,,,,,,,,,,,,,,,,,,,,,,,,,,,,,,,,,,,,,,,,,,,,,,,TN,TN
autoland,4768071,12,69b95d09da21c937720a8d3aaca237f47b683aa9,linux1804-64-shippable-qr,True,False,,,102210fe594ee9b33d82058545b1ed14f4c8206e,browser-toolbox.connect.DAMP,damp,True,damp browser-toolbox.connect.DAMP opt e10s fission stylo webrender-sw,4767235,77,ms,firefox,,1736494479,2023-08-03 14:20:06,1953.667262000003,4addb06280c17f3dd97605cc9d9b10b5563817e6,1282309,,,,,,,,,,,,,,,,,,,,,,,,,,,,,,,,,,,,,,,,,,,,,,,,,,,,,,,,,,,,,TN,TN
autoland,4768071,12,69b95d09da21c937720a8d3aaca237f47b683aa9,linux1804-64-shippable-qr,True,False,,,102210fe594ee9b33d82058545b1ed14f4c8206e,browser-toolbox.connect.DAMP,damp,True,damp browser-toolbox.connect.DAMP opt e10s fission stylo webrender-sw,4767235,77,ms,firefox,,1736494042,2023-08-03 14:22:06,1960.043691499988,6008820328aa76634b459ba3684b5b0323e582f6,1282311,,,,,,,,,,,,,,,,,,,,,,,,,,,,,,,,,,,,,,,,,,,,,,,,,,,,,,,,,,,,,TN,TN
autoland,4768071,12,69b95d09da21c937720a8d3aaca237f47b683aa9,linux1804-64-shippable-qr,True,False,,,102210fe594ee9b33d82058545b1ed14f4c8206e,browser-toolbox.connect.DAMP,damp,True,damp browser-toolbox.connect.DAMP opt e10s fission stylo webrender-sw,4767235,77,ms,firefox,,1736497756,2023-08-03 14:23:01,1976.1141159999825,70697d9cc1cd620b8e896293858057259c6b54f6,1282313,,,,,,,,,,,,,,,,,,,,,,,,,,,,,,,,,,,,,,,,,,,,,,,,,,,,,,,,,,,,,TN,TN
autoland,4768071,12,69b95d09da21c937720a8d3aaca237f47b683aa9,linux1804-64-shippable-qr,True,False,,,102210fe594ee9b33d82058545b1ed14f4c8206e,browser-toolbox.connect.DAMP,damp,True,damp browser-toolbox.connect.DAMP opt e10s fission stylo webrender-sw,4767235,77,ms,firefox,,1735459480,2023-08-03 15:46:38,1950.6598190000004,b801323d1ecc3535a192916c7cb0575710458777,1282361,,,,,,,,,,,,,,,,,,,,,,,,,,,,,,,,,,,,,,,,,,,,,,,,,,,,,,,,,,,,,TN,TN
autoland,4768071,12,69b95d09da21c937720a8d3aaca237f47b683aa9,linux1804-64-shippable-qr,True,False,,,102210fe594ee9b33d82058545b1ed14f4c8206e,browser-toolbox.connect.DAMP,damp,True,damp browser-toolbox.connect.DAMP opt e10s fission stylo webrender-sw,4767235,77,ms,firefox,,1736497405,2023-08-03 15:55:35,1922.9064949999995,3d9308c4bebf7f62c9bb9511647283492ffd0550,1282367,,,,,,,,,,,,,,,,,,,,,,,,,,,,,,,,,,,,,,,,,,,,,,,,,,,,,,,,,,,,,TN,TN
autoland,4768071,12,69b95d09da21c937720a8d3aaca237f47b683aa9,linux1804-64-shippable-qr,True,False,,,102210fe594ee9b33d82058545b1ed14f4c8206e,browser-toolbox.connect.DAMP,damp,True,damp browser-toolbox.connect.DAMP opt e10s fission stylo webrender-sw,4767235,77,ms,firefox,,1736495170,2023-08-03 15:56:32,1961.0922650000064,fffad9c225c7c01f2a11f936580714578b329c10,1282368,,,,,,,,,,,,,,,,,,,,,,,,,,,,,,,,,,,,,,,,,,,,,,,,,,,,,,,,,,,,,TN,TN
autoland,4768071,12,69b95d09da21c937720a8d3aaca237f47b683aa9,linux1804-64-shippable-qr,True,False,,,102210fe594ee9b33d82058545b1ed14f4c8206e,browser-toolbox.connect.DAMP,damp,True,damp browser-toolbox.connect.DAMP opt e10s fission stylo webrender-sw,4767235,77,ms,firefox,,1736496398,2023-08-03 15:57:22,1958.7459979999949,bbe27026e714e6eb4b13398615ad9c34f142f637,1282369,,,,,,,,,,,,,,,,,,,,,,,,,,,,,,,,,,,,,,,,,,,,,,,,,,,,,,,,,,,,,TN,TN
autoland,4768071,12,69b95d09da21c937720a8d3aaca237f47b683aa9,linux1804-64-shippable-qr,True,False,,,102210fe594ee9b33d82058545b1ed14f4c8206e,browser-toolbox.connect.DAMP,damp,True,damp browser-toolbox.connect.DAMP opt e10s fission stylo webrender-sw,4767235,77,ms,firefox,,1736497564,2023-08-03 15:58:52,1937.7866895000009,54392d90eefe45783c710f5ad4088988b260e9ef,1282371,,,,,,,,,,,,,,,,,,,,,,,,,,,,,,,,,,,,,,,,,,,,,,,,,,,,,,,,,,,,,TN,TN
autoland,4768071,12,69b95d09da21c937720a8d3aaca237f47b683aa9,linux1804-64-shippable-qr,True,False,,,102210fe594ee9b33d82058545b1ed14f4c8206e,browser-toolbox.connect.DAMP,damp,True,damp browser-toolbox.connect.DAMP opt e10s fission stylo webrender-sw,4767235,77,ms,firefox,,1736496652,2023-08-03 15:59:42,1953.9162489999871,8c37f2aefe559060c998282e6d523a922fe075c8,1282373,,,,,,,,,,,,,,,,,,,,,,,,,,,,,,,,,,,,,,,,,,,,,,,,,,,,,,,,,,,,,TN,TN
autoland,4768071,12,69b95d09da21c937720a8d3aaca237f47b683aa9,linux1804-64-shippable-qr,True,False,,,102210fe594ee9b33d82058545b1ed14f4c8206e,browser-toolbox.connect.DAMP,damp,True,damp browser-toolbox.connect.DAMP opt e10s fission stylo webrender-sw,4767235,77,ms,firefox,,1735491059,2023-08-03 16:00:50,2001.0182080000232,58d067f89f59472dc1a89d573ccebb4850863efa,1282374,,,,,,,,,,,,,,,,,,,,,,,,,,,,,,,,,,,,,,,,,,,,,,,,,,,,,,,,,,,,,TN,TN
autoland,4768071,12,69b95d09da21c937720a8d3aaca237f47b683aa9,linux1804-64-shippable-qr,True,False,,,102210fe594ee9b33d82058545b1ed14f4c8206e,browser-toolbox.connect.DAMP,damp,True,damp browser-toolbox.connect.DAMP opt e10s fission stylo webrender-sw,4767235,77,ms,firefox,,1736491192,2023-08-03 18:19:48,1949.04922250002,3db10d6296ee2f4f023f1877ce5b194b7c62a259,1282465,,,,,,,,,,,,,,,,,,,,,,,,,,,,,,,,,,,,,,,,,,,,,,,,,,,,,,,,,,,,,TN,TN
autoland,4768071,12,69b95d09da21c937720a8d3aaca237f47b683aa9,linux1804-64-shippable-qr,True,False,,,102210fe594ee9b33d82058545b1ed14f4c8206e,browser-toolbox.connect.DAMP,damp,True,damp browser-toolbox.connect.DAMP opt e10s fission stylo webrender-sw,4767235,77,ms,firefox,,1736501527,2023-08-03 18:30:40,1961.804643999978,3b8590dae1a656c8e899e4bc741b5a40562e4fa4,1282475,,,,,,,,,,,,,,,,,,,,,,,,,,,,,,,,,,,,,,,,,,,,,,,,,,,,,,,,,,,,,TN,TN
autoland,4768071,12,69b95d09da21c937720a8d3aaca237f47b683aa9,linux1804-64-shippable-qr,True,False,,,102210fe594ee9b33d82058545b1ed14f4c8206e,browser-toolbox.connect.DAMP,damp,True,damp browser-toolbox.connect.DAMP opt e10s fission stylo webrender-sw,4767235,77,ms,firefox,,1736493232,2023-08-03 18:36:03,1923.882926999984,b8f6a652779d04c2f1d94e6037f35fbffc4685f5,1282476,,,,,,,,,,,,,,,,,,,,,,,,,,,,,,,,,,,,,,,,,,,,,,,,,,,,,,,,,,,,,TN,TN
autoland,4768071,12,69b95d09da21c937720a8d3aaca237f47b683aa9,linux1804-64-shippable-qr,True,False,,,102210fe594ee9b33d82058545b1ed14f4c8206e,browser-toolbox.connect.DAMP,damp,True,damp browser-toolbox.connect.DAMP opt e10s fission stylo webrender-sw,4767235,77,ms,firefox,,1736496267,2023-08-03 18:40:42,1947.6130344999983,48eff09bd49c095b266d0c0c936d6058b9d50266,1282478,,,,,,,,,,,,,,,,,,,,,,,,,,,,,,,,,,,,,,,,,,,,,,,,,,,,,,,,,,,,,TN,TN
autoland,4768071,12,69b95d09da21c937720a8d3aaca237f47b683aa9,linux1804-64-shippable-qr,True,False,,,102210fe594ee9b33d82058545b1ed14f4c8206e,browser-toolbox.connect.DAMP,damp,True,damp browser-toolbox.connect.DAMP opt e10s fission stylo webrender-sw,4767235,77,ms,firefox,,1736495305,2023-08-03 18:45:17,1947.4740530000015,448119a9baa5f23a986c3e568cdfd580baf23273,1282481,,,,,,,,,,,,,,,,,,,,,,,,,,,,,,,,,,,,,,,,,,,,,,,,,,,,,,,,,,,,,TN,TN
autoland,4768071,12,69b95d09da21c937720a8d3aaca237f47b683aa9,linux1804-64-shippable-qr,True,False,,,102210fe594ee9b33d82058545b1ed14f4c8206e,browser-toolbox.connect.DAMP,damp,True,damp browser-toolbox.connect.DAMP opt e10s fission stylo webrender-sw,4767235,77,ms,firefox,,1736494116,2023-08-03 18:46:08,1946.6656400000136,d82a8644ef7e815ab7e00a85ece70a02d62cc9ae,1282482,,,,,,,,,,,,,,,,,,,,,,,,,,,,,,,,,,,,,,,,,,,,,,,,,,,,,,,,,,,,,TN,TN
autoland,4768071,12,69b95d09da21c937720a8d3aaca237f47b683aa9,linux1804-64-shippable-qr,True,False,,,102210fe594ee9b33d82058545b1ed14f4c8206e,browser-toolbox.connect.DAMP,damp,True,damp browser-toolbox.connect.DAMP opt e10s fission stylo webrender-sw,4767235,77,ms,firefox,,1736497202,2023-08-03 18:49:18,1965.455032999984,e23d94136aa09ca382b32b0c46b0db4285d1fdd2,1282483,,,,,,,,,,,,,,,,,,,,,,,,,,,,,,,,,,,,,,,,,,,,,,,,,,,,,,,,,,,,,TN,TN
autoland,4768071,12,69b95d09da21c937720a8d3aaca237f47b683aa9,linux1804-64-shippable-qr,True,False,,,102210fe594ee9b33d82058545b1ed14f4c8206e,browser-toolbox.connect.DAMP,damp,True,damp browser-toolbox.connect.DAMP opt e10s fission stylo webrender-sw,4767235,77,ms,firefox,,1736497809,2023-08-03 18:59:37,1967.188590500038,f92a4a6df223f00474c9652f337d0739f8e04213,1282490,,,,,,,,,,,,,,,,,,,,,,,,,,,,,,,,,,,,,,,,,,,,,,,,,,,,,,,,,,,,,TN,TN
autoland,4768071,12,69b95d09da21c937720a8d3aaca237f47b683aa9,linux1804-64-shippable-qr,True,False,,,102210fe594ee9b33d82058545b1ed14f4c8206e,browser-toolbox.connect.DAMP,damp,True,damp browser-toolbox.connect.DAMP opt e10s fission stylo webrender-sw,4767235,77,ms,firefox,,1736495921,2023-08-03 19:09:46,1973.9820629999888,1b93a5408b758e9a9fa688f9505880c49554cc28,1282499,,,,,,,,,,,,,,,,,,,,,,,,,,,,,,,,,,,,,,,,,,,,,,,,,,,,,,,,,,,,,TN,TN
autoland,4768071,12,69b95d09da21c937720a8d3aaca237f47b683aa9,linux1804-64-shippable-qr,True,False,,,102210fe594ee9b33d82058545b1ed14f4c8206e,browser-toolbox.connect.DAMP,damp,True,damp browser-toolbox.connect.DAMP opt e10s fission stylo webrender-sw,4767235,77,ms,firefox,,1735535268,2023-08-03 19:10:36,1938.5596725,8527a2500a35867e4319772e3be1f2756dfcfced,1282500,,,,,,,,,,,,,,,,,,,,,,,,,,,,,,,,,,,,,,,,,,,,,,,,,,,,,,,,,,,,,TN,TN
autoland,4768071,12,69b95d09da21c937720a8d3aaca237f47b683aa9,linux1804-64-shippable-qr,True,False,,,102210fe594ee9b33d82058545b1ed14f4c8206e,browser-toolbox.connect.DAMP,damp,True,damp browser-toolbox.connect.DAMP opt e10s fission stylo webrender-sw,4767235,77,ms,firefox,,1736496320,2023-08-03 21:20:57,1903.9060025,a1f7172a8a3507ad70358c3b0659e0e3a9cba0dd,1282575,,,,,,,,,,,,,,,,,,,,,,,,,,,,,,,,,,,,,,,,,,,,,,,,,,,,,,,,,,,,,TN,TN
autoland,4768071,12,69b95d09da21c937720a8d3aaca237f47b683aa9,linux1804-64-shippable-qr,True,False,,,102210fe594ee9b33d82058545b1ed14f4c8206e,browser-toolbox.connect.DAMP,damp,True,damp browser-toolbox.connect.DAMP opt e10s fission stylo webrender-sw,4767235,77,ms,firefox,,1736489222,2023-08-03 21:39:39,1974.1732100000156,1ab64ef1db0add23a3876a495164d212895aadc6,1282584,,,,,,,,,,,,,,,,,,,,,,,,,,,,,,,,,,,,,,,,,,,,,,,,,,,,,,,,,,,,,TN,TN
autoland,4768071,12,69b95d09da21c937720a8d3aaca237f47b683aa9,linux1804-64-shippable-qr,True,False,,,102210fe594ee9b33d82058545b1ed14f4c8206e,browser-toolbox.connect.DAMP,damp,True,damp browser-toolbox.connect.DAMP opt e10s fission stylo webrender-sw,4767235,77,ms,firefox,,1736495416,2023-08-03 21:40:31,1949.4660859999856,346326d7723282b9c905066c0acd575bcd4ff93f,1282586,,,,,,,,,,,,,,,,,,,,,,,,,,,,,,,,,,,,,,,,,,,,,,,,,,,,,,,,,,,,,TN,TN
autoland,4768071,12,69b95d09da21c937720a8d3aaca237f47b683aa9,linux1804-64-shippable-qr,True,False,,,102210fe594ee9b33d82058545b1ed14f4c8206e,browser-toolbox.connect.DAMP,damp,True,damp browser-toolbox.connect.DAMP opt e10s fission stylo webrender-sw,4767235,77,ms,firefox,,1736488542,2023-08-03 21:43:36,1915.256170499997,504f2b89a18c0806757aee3579755cf06a89e89e,1282589,,,,,,,,,,,,,,,,,,,,,,,,,,,,,,,,,,,,,,,,,,,,,,,,,,,,,,,,,,,,,TN,TN
autoland,4768071,12,69b95d09da21c937720a8d3aaca237f47b683aa9,linux1804-64-shippable-qr,True,False,,,102210fe594ee9b33d82058545b1ed14f4c8206e,browser-toolbox.connect.DAMP,damp,True,damp browser-toolbox.connect.DAMP opt e10s fission stylo webrender-sw,4767235,77,ms,firefox,,1736495025,2023-08-03 21:53:33,1960.4556485000064,1689b1a6b28fab2e5f8c2f673fda5466532e8f2c,1282595,,,,,,,,,,,,,,,,,,,,,,,,,,,,,,,,,,,,,,,,,,,,,,,,,,,,,,,,,,,,,TN,TN
autoland,4768071,12,69b95d09da21c937720a8d3aaca237f47b683aa9,linux1804-64-shippable-qr,True,False,,,102210fe594ee9b33d82058545b1ed14f4c8206e,browser-toolbox.connect.DAMP,damp,True,damp browser-toolbox.connect.DAMP opt e10s fission stylo webrender-sw,4767235,77,ms,firefox,,1736496704,2023-08-03 21:56:38,1959.1488535000096,a56dd751af42a05c12b25658f3f614dd733c8377,1282598,,,,,,,,,,,,,,,,,,,,,,,,,,,,,,,,,,,,,,,,,,,,,,,,,,,,,,,,,,,,,TN,TN
autoland,4768071,12,69b95d09da21c937720a8d3aaca237f47b683aa9,linux1804-64-shippable-qr,True,False,,,102210fe594ee9b33d82058545b1ed14f4c8206e,browser-toolbox.connect.DAMP,damp,True,damp browser-toolbox.connect.DAMP opt e10s fission stylo webrender-sw,4767235,77,ms,firefox,,1736498152,2023-08-03 21:57:26,1961.5730145000125,1a0cc5a42527949b71177a216fed9a613e7b34e0,1282600,,,,,,,,,,,,,,,,,,,,,,,,,,,,,,,,,,,,,,,,,,,,,,,,,,,,,,,,,,,,,TN,TN
autoland,4768071,12,69b95d09da21c937720a8d3aaca237f47b683aa9,linux1804-64-shippable-qr,True,False,,,102210fe594ee9b33d82058545b1ed14f4c8206e,browser-toolbox.connect.DAMP,damp,True,damp browser-toolbox.connect.DAMP opt e10s fission stylo webrender-sw,4767235,77,ms,firefox,,1736496143,2023-08-03 22:01:01,1943.135898500026,6915a61cbe54ced5ddd6800cb548bcd65265299d,1282603,,,,,,,,,,,,,,,,,,,,,,,,,,,,,,,,,,,,,,,,,,,,,,,,,,,,,,,,,,,,,TN,TN
autoland,4768071,12,69b95d09da21c937720a8d3aaca237f47b683aa9,linux1804-64-shippable-qr,True,False,,,102210fe594ee9b33d82058545b1ed14f4c8206e,browser-toolbox.connect.DAMP,damp,True,damp browser-toolbox.connect.DAMP opt e10s fission stylo webrender-sw,4767235,77,ms,firefox,,1736481632,2023-08-03 22:01:50,1975.4924600000231,002eb40283745ae577703dec0e01327eceee5e63,1282605,,,,,,,,,,,,,,,,,,,,,,,,,,,,,,,,,,,,,,,,,,,,,,,,,,,,,,,,,,,,,TN,TN
autoland,4768071,12,69b95d09da21c937720a8d3aaca237f47b683aa9,linux1804-64-shippable-qr,True,False,,,102210fe594ee9b33d82058545b1ed14f4c8206e,browser-toolbox.connect.DAMP,damp,True,damp browser-toolbox.connect.DAMP opt e10s fission stylo webrender-sw,4767235,77,ms,firefox,,1735644731,2023-08-03 22:02:40,1949.669672499971,3922ccc760667154aea7a174114abfacb17fe35e,1282606,,,,,,,,,,,,,,,,,,,,,,,,,,,,,,,,,,,,,,,,,,,,,,,,,,,,,,,,,,,,,TN,TN
autoland,4768071,12,69b95d09da21c937720a8d3aaca237f47b683aa9,linux1804-64-shippable-qr,True,False,,,102210fe594ee9b33d82058545b1ed14f4c8206e,browser-toolbox.connect.DAMP,damp,True,damp browser-toolbox.connect.DAMP opt e10s fission stylo webrender-sw,4767235,77,ms,firefox,,1735731377,2023-08-04 02:28:33,1961.6020665,2b60f9868271a131fa342332b78f3968159fa46e,1282715,,,,,,,,,,,,,,,,,,,,,,,,,,,,,,,,,,,,,,,,,,,,,,,,,,,,,,,,,,,,,TN,TN
autoland,4768071,12,69b95d09da21c937720a8d3aaca237f47b683aa9,linux1804-64-shippable-qr,True,False,,,102210fe594ee9b33d82058545b1ed14f4c8206e,browser-toolbox.connect.DAMP,damp,True,damp browser-toolbox.connect.DAMP opt e10s fission stylo webrender-sw,4767235,77,ms,firefox,,1735827210,2023-08-04 06:28:57,1942.8070875000049,94da8bb07baea6212776a4b3ddcebff2c08eab98,1282781,,,,,,,,,,,,,,,,,,,,,,,,,,,,,,,,,,,,,,,,,,,,,,,,,,,,,,,,,,,,,TN,TN
autoland,4768071,12,69b95d09da21c937720a8d3aaca237f47b683aa9,linux1804-64-shippable-qr,True,False,,,102210fe594ee9b33d82058545b1ed14f4c8206e,browser-toolbox.connect.DAMP,damp,True,damp browser-toolbox.connect.DAMP opt e10s fission stylo webrender-sw,4767235,77,ms,firefox,,1735857891,2023-08-04 09:04:37,1940.808634000008,386212864d07a46141ce5bca1ef4988cefa4bad7,1282830,,,,,,,,,,,,,,,,,,,,,,,,,,,,,,,,,,,,,,,,,,,,,,,,,,,,,,,,,,,,,TN,TN
autoland,4768071,12,69b95d09da21c937720a8d3aaca237f47b683aa9,linux1804-64-shippable-qr,True,False,,,102210fe594ee9b33d82058545b1ed14f4c8206e,browser-toolbox.connect.DAMP,damp,True,damp browser-toolbox.connect.DAMP opt e10s fission stylo webrender-sw,4767235,77,ms,firefox,,1736000442,2023-08-04 13:05:51,1954.723030499997,3a8e173a97d02ae7b0aa11e9ca6f35b1fe8fa926,1282936,,,,,,,,,,,,,,,,,,,,,,,,,,,,,,,,,,,,,,,,,,,,,,,,,,,,,,,,,,,,,TN,TN
autoland,4768071,12,69b95d09da21c937720a8d3aaca237f47b683aa9,linux1804-64-shippable-qr,True,False,,,102210fe594ee9b33d82058545b1ed14f4c8206e,browser-toolbox.connect.DAMP,damp,True,damp browser-toolbox.connect.DAMP opt e10s fission stylo webrender-sw,4767235,77,ms,firefox,,1736004673,2023-08-04 14:26:38,1956.2178850000016,8b506ab414513f3320eb7747254e94b37808bb75,1282995,,,,,,,,,,,,,,,,,,,,,,,,,,,,,,,,,,,,,,,,,,,,,,,,,,,,,,,,,,,,,TN,TN
autoland,4768071,12,69b95d09da21c937720a8d3aaca237f47b683aa9,linux1804-64-shippable-qr,True,False,,,102210fe594ee9b33d82058545b1ed14f4c8206e,browser-toolbox.connect.DAMP,damp,True,damp browser-toolbox.connect.DAMP opt e10s fission stylo webrender-sw,4767235,77,ms,firefox,,1736137664,2023-08-04 17:20:09,1958.4664009999976,e8c6dc4a318cb8af6210801b4271ea32ee9f324a,1283108,,,,,,,,,,,,,,,,,,,,,,,,,,,,,,,,,,,,,,,,,,,,,,,,,,,,,,,,,,,,,TN,TN
autoland,4768071,12,69b95d09da21c937720a8d3aaca237f47b683aa9,linux1804-64-shippable-qr,True,False,,,102210fe594ee9b33d82058545b1ed14f4c8206e,browser-toolbox.connect.DAMP,damp,True,damp browser-toolbox.connect.DAMP opt e10s fission stylo webrender-sw,4767235,77,ms,firefox,,1736275612,2023-08-04 21:22:40,1945.4746440000015,de6dcf5a4c0eec5ef6847cde00ec5da4fcee2e8c,1283226,,,,,,,,,,,,,,,,,,,,,,,,,,,,,,,,,,,,,,,,,,,,,,,,,,,,,,,,,,,,,TN,TN
autoland,4768071,12,69b95d09da21c937720a8d3aaca237f47b683aa9,linux1804-64-shippable-qr,True,False,,,102210fe594ee9b33d82058545b1ed14f4c8206e,browser-toolbox.connect.DAMP,damp,True,damp browser-toolbox.connect.DAMP opt e10s fission stylo webrender-sw,4767235,77,ms,firefox,,1736324174,2023-08-04 23:16:08,1912.971672499989,421628bd5a5c1cf8c64cb86994b1e6dc738abb49,1283269,,,,,,,,,,,,,,,,,,,,,,,,,,,,,,,,,,,,,,,,,,,,,,,,,,,,,,,,,,,,,TN,TN
autoland,4768071,12,69b95d09da21c937720a8d3aaca237f47b683aa9,linux1804-64-shippable-qr,True,False,,,102210fe594ee9b33d82058545b1ed14f4c8206e,browser-toolbox.connect.DAMP,damp,True,damp browser-toolbox.connect.DAMP opt e10s fission stylo webrender-sw,4767235,77,ms,firefox,,1736445192,2023-08-05 11:44:34,1958.887375499995,9e73058ab4aadee7e12b26a9be296b2bbc04cf74,1283328,,,,,,,,,,,,,,,,,,,,,,,,,,,,,,,,,,,,,,,,,,,,,,,,,,,,,,,,,,,,,TN,TN
autoland,4768071,12,69b95d09da21c937720a8d3aaca237f47b683aa9,linux1804-64-shippable-qr,True,False,,,102210fe594ee9b33d82058545b1ed14f4c8206e,browser-toolbox.connect.DAMP,damp,True,damp browser-toolbox.connect.DAMP opt e10s fission stylo webrender-sw,4767235,77,ms,firefox,,1737789154,2023-08-05 12:07:14,1974.8412679999783,3838ff61ea19f6edeee31164e2c05fe13fc4125b,1283331,,,,,,,,,,,,,,,,,,,,,,,,,,,,,,,,,,,,,,,,,,,,,,,,,,,,,,,,,,,,,TN,TN
autoland,4768071,12,69b95d09da21c937720a8d3aaca237f47b683aa9,linux1804-64-shippable-qr,True,False,,,102210fe594ee9b33d82058545b1ed14f4c8206e,browser-toolbox.connect.DAMP,damp,True,damp browser-toolbox.connect.DAMP opt e10s fission stylo webrender-sw,4767235,77,ms,firefox,,1736469288,2023-08-05 16:15:02,1961.7819485000216,b0538d39e8c853c9e07b359df9c740d5175e7077,1283346,,,,,,,,,,,,,,,,,,,,,,,,,,,,,,,,,,,,,,,,,,,,,,,,,,,,,,,,,,,,,TN,TN
autoland,4768071,12,69b95d09da21c937720a8d3aaca237f47b683aa9,linux1804-64-shippable-qr,True,False,,,102210fe594ee9b33d82058545b1ed14f4c8206e,browser-toolbox.connect.DAMP,damp,True,damp browser-toolbox.connect.DAMP opt e10s fission stylo webrender-sw,4767235,77,ms,firefox,,1737818863,2023-08-06 07:03:37,1979.2455774999837,fcb0591592f2950805a7730584620aa6896e8d69,1283410,,,,,,,,,,,,,,,,,,,,,,,,,,,,,,,,,,,,,,,,,,,,,,,,,,,,,,,,,,,,,TN,TN
autoland,4768071,12,69b95d09da21c937720a8d3aaca237f47b683aa9,linux1804-64-shippable-qr,True,False,,,102210fe594ee9b33d82058545b1ed14f4c8206e,browser-toolbox.connect.DAMP,damp,True,damp browser-toolbox.connect.DAMP opt e10s fission stylo webrender-sw,4767235,77,ms,firefox,,1737818937,2023-08-06 19:07:19,1941.5428554999817,34d982b161452a1255d4a6bcd49217a7ed1dc02d,1283430,,,,,,,,,,,,,,,,,,,,,,,,,,,,,,,,,,,,,,,,,,,,,,,,,,,,,,,,,,,,,TN,TN
autoland,4768071,12,69b95d09da21c937720a8d3aaca237f47b683aa9,linux1804-64-shippable-qr,True,False,,,102210fe594ee9b33d82058545b1ed14f4c8206e,browser-toolbox.connect.DAMP,damp,True,damp browser-toolbox.connect.DAMP opt e10s fission stylo webrender-sw,4767235,77,ms,firefox,,1737819936,2023-08-06 20:16:40,1938.271525499964,9a00f773fb991ca970e52cf99c946a6ce2201105,1283435,,,,,,,,,,,,,,,,,,,,,,,,,,,,,,,,,,,,,,,,,,,,,,,,,,,,,,,,,,,,,TN,TN
autoland,4768071,12,69b95d09da21c937720a8d3aaca237f47b683aa9,linux1804-64-shippable-qr,True,False,,,102210fe594ee9b33d82058545b1ed14f4c8206e,browser-toolbox.connect.DAMP,damp,True,damp browser-toolbox.connect.DAMP opt e10s fission stylo webrender-sw,4767235,77,ms,firefox,,1736620966,2023-08-06 23:55:51,1949.7796005000127,a777f43c4d9cabe80f2fc3aea6bf95c7e3e9c4c1,1283445,,,,,,,,,,,,,,,,,,,,,,,,,,,,,,,,,,,,,,,,,,,,,,,,,,,,,,,,,,,,,TN,TN
autoland,4768071,12,69b95d09da21c937720a8d3aaca237f47b683aa9,linux1804-64-shippable-qr,True,False,,,102210fe594ee9b33d82058545b1ed14f4c8206e,browser-toolbox.connect.DAMP,damp,True,damp browser-toolbox.connect.DAMP opt e10s fission stylo webrender-sw,4767235,77,ms,firefox,,1737819224,2023-08-07 00:12:40,1930.016402499983,0b9ef0f6bf04851bcc8bbe9beb88362eb1659a50,1283449,,,,,,,,,,,,,,,,,,,,,,,,,,,,,,,,,,,,,,,,,,,,,,,,,,,,,,,,,,,,,TN,TN
autoland,4768071,12,69b95d09da21c937720a8d3aaca237f47b683aa9,linux1804-64-shippable-qr,True,False,,,102210fe594ee9b33d82058545b1ed14f4c8206e,browser-toolbox.connect.DAMP,damp,True,damp browser-toolbox.connect.DAMP opt e10s fission stylo webrender-sw,4767235,77,ms,firefox,,1737789516,2023-08-07 01:07:14,1977.2700440000333,4e6febc59baab7317ec93111d5b7d2caae57ff5f,1283456,,,,,,,,,,,,,,,,,,,,,,,,,,,,,,,,,,,,,,,,,,,,,,,,,,,,,,,,,,,,,TN,TN
autoland,4768071,12,69b95d09da21c937720a8d3aaca237f47b683aa9,linux1804-64-shippable-qr,True,False,,,102210fe594ee9b33d82058545b1ed14f4c8206e,browser-toolbox.connect.DAMP,damp,True,damp browser-toolbox.connect.DAMP opt e10s fission stylo webrender-sw,4767235,77,ms,firefox,,1736656030,2023-08-07 02:09:17,1970.059527000005,a86a27857ef685b0547d023a29fb8c8bb3f8fc1d,1283462,,,,,,,,,,,,,,,,,,,,,,,,,,,,,,,,,,,,,,,,,,,,,,,,,,,,,,,,,,,,,TN,TN
autoland,4768071,12,69b95d09da21c937720a8d3aaca237f47b683aa9,linux1804-64-shippable-qr,True,False,,,102210fe594ee9b33d82058545b1ed14f4c8206e,browser-toolbox.connect.DAMP,damp,True,damp browser-toolbox.connect.DAMP opt e10s fission stylo webrender-sw,4767235,77,ms,firefox,,1737819486,2023-08-07 02:10:04,1946.290998500008,477851945d8a3949ad8059a81f0f82cc183a92fb,1283463,,,,,,,,,,,,,,,,,,,,,,,,,,,,,,,,,,,,,,,,,,,,,,,,,,,,,,,,,,,,,TN,TN
autoland,4768071,12,69b95d09da21c937720a8d3aaca237f47b683aa9,linux1804-64-shippable-qr,True,False,,,102210fe594ee9b33d82058545b1ed14f4c8206e,browser-toolbox.connect.DAMP,damp,True,damp browser-toolbox.connect.DAMP opt e10s fission stylo webrender-sw,4767235,77,ms,firefox,,1737818791,2023-08-07 03:43:22,1928.120363499962,8dcec213578c70d0e3d0f7d436660e1f6a6f9fc6,1283479,,,,,,,,,,,,,,,,,,,,,,,,,,,,,,,,,,,,,,,,,,,,,,,,,,,,,,,,,,,,,TN,TN
autoland,4768071,12,69b95d09da21c937720a8d3aaca237f47b683aa9,linux1804-64-shippable-qr,True,False,,,102210fe594ee9b33d82058545b1ed14f4c8206e,browser-toolbox.connect.DAMP,damp,True,damp browser-toolbox.connect.DAMP opt e10s fission stylo webrender-sw,4767235,77,ms,firefox,,1737818316,2023-08-07 04:03:18,1962.829627500003,675cf3cb3d3363cd277d1743f579181e15a8039c,1283480,,,,,,,,,,,,,,,,,,,,,,,,,,,,,,,,,,,,,,,,,,,,,,,,,,,,,,,,,,,,,TN,TN
autoland,4768071,12,69b95d09da21c937720a8d3aaca237f47b683aa9,linux1804-64-shippable-qr,True,False,,,102210fe594ee9b33d82058545b1ed14f4c8206e,browser-toolbox.connect.DAMP,damp,True,damp browser-toolbox.connect.DAMP opt e10s fission stylo webrender-sw,4767235,77,ms,firefox,,1737790609,2023-08-07 04:48:50,1989.8142029999728,9555a7afb7209f87b299f3b014bb364b34f6e095,1283483,,,,,,,,,,,,,,,,,,,,,,,,,,,,,,,,,,,,,,,,,,,,,,,,,,,,,,,,,,,,,TN,TN
autoland,4768071,12,69b95d09da21c937720a8d3aaca237f47b683aa9,linux1804-64-shippable-qr,True,False,,,102210fe594ee9b33d82058545b1ed14f4c8206e,browser-toolbox.connect.DAMP,damp,True,damp browser-toolbox.connect.DAMP opt e10s fission stylo webrender-sw,4767235,77,ms,firefox,,1737790546,2023-08-07 04:55:58,1904.3825205000248,4389f1c2b8cc83eafdc84eb81353a028baaebb55,1283484,,,,,,,,,,,,,,,,,,,,,,,,,,,,,,,,,,,,,,,,,,,,,,,,,,,,,,,,,,,,,TN,TN
autoland,4768071,12,69b95d09da21c937720a8d3aaca237f47b683aa9,linux1804-64-shippable-qr,True,False,,,102210fe594ee9b33d82058545b1ed14f4c8206e,browser-toolbox.connect.DAMP,damp,True,damp browser-toolbox.connect.DAMP opt e10s fission stylo webrender-sw,4767235,77,ms,firefox,,1737826024,2023-08-07 04:56:52,1953.0807639999985,d042f945d03e6a5d010821ad61d946ca3ab1c7a4,1283486,,,,,,,,,,,,,,,,,,,,,,,,,,,,,,,,,,,,,,,,,,,,,,,,,,,,,,,,,,,,,TN,TN
autoland,4768071,12,69b95d09da21c937720a8d3aaca237f47b683aa9,linux1804-64-shippable-qr,True,False,,,102210fe594ee9b33d82058545b1ed14f4c8206e,browser-toolbox.connect.DAMP,damp,True,damp browser-toolbox.connect.DAMP opt e10s fission stylo webrender-sw,4767235,77,ms,firefox,,1737819426,2023-08-07 05:27:01,1615.9464069999922,06273ebf279aad7827a5bd6c083dfb819eb55cb1,1283494,,,,,,,,,,,,,,,,,,,,,,,,,,,,,,,,,,,,,,,,,,,,,,,,,,,,,,,,,,,,,TN,TN
autoland,4768071,12,69b95d09da21c937720a8d3aaca237f47b683aa9,linux1804-64-shippable-qr,True,False,,,102210fe594ee9b33d82058545b1ed14f4c8206e,browser-toolbox.connect.DAMP,damp,True,damp browser-toolbox.connect.DAMP opt e10s fission stylo webrender-sw,4767235,77,ms,firefox,,1737828273,2023-08-07 05:36:59,1954.5877400000168,cb9938ab6bca1f14f8a15214cbfe7697bff6898b,1283500,,,,,,,,,,,,,,,,,,,,,,,,,,,,,,,,,,,,,,,,,,,,,,,,,,,,,,,,,,,,,TN,TN
autoland,4768071,12,69b95d09da21c937720a8d3aaca237f47b683aa9,linux1804-64-shippable-qr,True,False,,,102210fe594ee9b33d82058545b1ed14f4c8206e,browser-toolbox.connect.DAMP,damp,True,damp browser-toolbox.connect.DAMP opt e10s fission stylo webrender-sw,4767235,77,ms,firefox,,1737819329,2023-08-07 05:42:09,1958.8467859999985,b6e3956b37ba6426426eb8e35d2a5b1bbb67ed74,1283504,,,,,,,,,,,,,,,,,,,,,,,,,,,,,,,,,,,,,,,,,,,,,,,,,,,,,,,,,,,,,TN,TN
autoland,4768071,12,69b95d09da21c937720a8d3aaca237f47b683aa9,linux1804-64-shippable-qr,True,False,,,102210fe594ee9b33d82058545b1ed14f4c8206e,browser-toolbox.connect.DAMP,damp,True,damp browser-toolbox.connect.DAMP opt e10s fission stylo webrender-sw,4767235,77,ms,firefox,,1736704844,2023-08-07 06:19:47,1973.1286945000104,6d877fdb9a1e892fe6528a26aab81b53cfae55c5,1283519,,,,,,,,,,,,,,,,,,,,,,,,,,,,,,,,,,,,,,,,,,,,,,,,,,,,,,,,,,,,,TN,TN
autoland,4768071,12,69b95d09da21c937720a8d3aaca237f47b683aa9,linux1804-64-shippable-qr,True,False,,,102210fe594ee9b33d82058545b1ed14f4c8206e,browser-toolbox.connect.DAMP,damp,True,damp browser-toolbox.connect.DAMP opt e10s fission stylo webrender-sw,4767235,77,ms,firefox,,1737839944,2023-08-07 06:30:03,1965.2804365000047,d6760db62dc1cc0831c09c42f086cf57d1c2bf48,1283523,,,,,,,,,,,,,,,,,,,,,,,,,,,,,,,,,,,,,,,,,,,,,,,,,,,,,,,,,,,,,TN,TN
autoland,4768071,12,69b95d09da21c937720a8d3aaca237f47b683aa9,linux1804-64-shippable-qr,True,False,,,102210fe594ee9b33d82058545b1ed14f4c8206e,browser-toolbox.connect.DAMP,damp,True,damp browser-toolbox.connect.DAMP opt e10s fission stylo webrender-sw,4767235,77,ms,firefox,,1737827583,2023-08-07 06:32:27,1948.154851499996,206e3f9d491ceaa78b4e22bed64d68acf45fb642,1283525,,,,,,,,,,,,,,,,,,,,,,,,,,,,,,,,,,,,,,,,,,,,,,,,,,,,,,,,,,,,,TN,TN
autoland,4768071,12,69b95d09da21c937720a8d3aaca237f47b683aa9,linux1804-64-shippable-qr,True,False,,,102210fe594ee9b33d82058545b1ed14f4c8206e,browser-toolbox.connect.DAMP,damp,True,damp browser-toolbox.connect.DAMP opt e10s fission stylo webrender-sw,4767235,77,ms,firefox,,1737824003,2023-08-07 06:35:30,1937.868580499984,a00f184037e57d43a02194fdd4eb246981ce39ef,1283526,,,,,,,,,,,,,,,,,,,,,,,,,,,,,,,,,,,,,,,,,,,,,,,,,,,,,,,,,,,,,TN,TN
autoland,4768071,12,69b95d09da21c937720a8d3aaca237f47b683aa9,linux1804-64-shippable-qr,True,False,,,102210fe594ee9b33d82058545b1ed14f4c8206e,browser-toolbox.connect.DAMP,damp,True,damp browser-toolbox.connect.DAMP opt e10s fission stylo webrender-sw,4767235,77,ms,firefox,,1737828834,2023-08-07 07:04:33,1968.0598439999883,088808518dfb21c78dbcf155e0a6e0a6b03ef7b3,1283541,,,,,,,,,,,,,,,,,,,,,,,,,,,,,,,,,,,,,,,,,,,,,,,,,,,,,,,,,,,,,TN,TN
autoland,4768071,12,69b95d09da21c937720a8d3aaca237f47b683aa9,linux1804-64-shippable-qr,True,False,,,102210fe594ee9b33d82058545b1ed14f4c8206e,browser-toolbox.connect.DAMP,damp,True,damp browser-toolbox.connect.DAMP opt e10s fission stylo webrender-sw,4767235,77,ms,firefox,,1737828538,2023-08-07 07:15:48,1919.149301000012,f4f211db29dd3b8d9a15bdede2a23dc22033af73,1283546,,,,,,,,,,,,,,,,,,,,,,,,,,,,,,,,,,,,,,,,,,,,,,,,,,,,,,,,,,,,,TN,TN
autoland,4768071,12,69b95d09da21c937720a8d3aaca237f47b683aa9,linux1804-64-shippable-qr,True,False,,,102210fe594ee9b33d82058545b1ed14f4c8206e,browser-toolbox.connect.DAMP,damp,True,damp browser-toolbox.connect.DAMP opt e10s fission stylo webrender-sw,4767235,77,ms,firefox,,1737825909,2023-08-07 07:22:50,1948.9901124999744,ceee5818d1a1583bd3276eb5ba29174f53644028,1283548,,,,,,,,,,,,,,,,,,,,,,,,,,,,,,,,,,,,,,,,,,,,,,,,,,,,,,,,,,,,,TN,TN
autoland,4768071,12,69b95d09da21c937720a8d3aaca237f47b683aa9,linux1804-64-shippable-qr,True,False,,,102210fe594ee9b33d82058545b1ed14f4c8206e,browser-toolbox.connect.DAMP,damp,True,damp browser-toolbox.connect.DAMP opt e10s fission stylo webrender-sw,4767235,77,ms,firefox,,1737821491,2023-08-07 07:47:27,1886.9139944999952,6c4376d088c82ac5743cbae2446c29f760da9b43,1283555,,,,,,,,,,,,,,,,,,,,,,,,,,,,,,,,,,,,,,,,,,,,,,,,,,,,,,,,,,,,,TN,TN
autoland,4768071,12,69b95d09da21c937720a8d3aaca237f47b683aa9,linux1804-64-shippable-qr,True,False,,,102210fe594ee9b33d82058545b1ed14f4c8206e,browser-toolbox.connect.DAMP,damp,True,damp browser-toolbox.connect.DAMP opt e10s fission stylo webrender-sw,4767235,77,ms,firefox,,1737823490,2023-08-07 08:49:51,1967.613549999951,ae9f026e64dd44285f4b4f687acf3dd8195c38e0,1283569,,,,,,,,,,,,,,,,,,,,,,,,,,,,,,,,,,,,,,,,,,,,,,,,,,,,,,,,,,,,,TN,TN
autoland,4768071,12,69b95d09da21c937720a8d3aaca237f47b683aa9,linux1804-64-shippable-qr,True,False,,,102210fe594ee9b33d82058545b1ed14f4c8206e,browser-toolbox.connect.DAMP,damp,True,damp browser-toolbox.connect.DAMP opt e10s fission stylo webrender-sw,4767235,77,ms,firefox,,1737819541,2023-08-07 09:17:06,1950.854225500021,2d8142aa7fb12b6115c1ec7b56396e80e8c7a904,1283579,,,,,,,,,,,,,,,,,,,,,,,,,,,,,,,,,,,,,,,,,,,,,,,,,,,,,,,,,,,,,TN,TN
autoland,4768071,12,69b95d09da21c937720a8d3aaca237f47b683aa9,linux1804-64-shippable-qr,True,False,,,102210fe594ee9b33d82058545b1ed14f4c8206e,browser-toolbox.connect.DAMP,damp,True,damp browser-toolbox.connect.DAMP opt e10s fission stylo webrender-sw,4767235,77,ms,firefox,,1736758973,2023-08-07 09:17:55,1935.279564000004,2f07664dbc304adeae1029ead0f4ab014aaa02a8,1283581,,,,,,,,,,,,,,,,,,,,,,,,,,,,,,,,,,,,,,,,,,,,,,,,,,,,,,,,,,,,,TN,TN
autoland,4768071,12,69b95d09da21c937720a8d3aaca237f47b683aa9,linux1804-64-shippable-qr,True,False,,,102210fe594ee9b33d82058545b1ed14f4c8206e,browser-toolbox.connect.DAMP,damp,True,damp browser-toolbox.connect.DAMP opt e10s fission stylo webrender-sw,4767235,77,ms,firefox,,1737823323,2023-08-07 12:36:35,1980.2597914999933,c5ede434ae61b9f6acd7cf56d2957a3c1a08b413,1283662,,,,,,,,,,,,,,,,,,,,,,,,,,,,,,,,,,,,,,,,,,,,,,,,,,,,,,,,,,,,,TN,TN
autoland,4768071,12,69b95d09da21c937720a8d3aaca237f47b683aa9,linux1804-64-shippable-qr,True,False,,,102210fe594ee9b33d82058545b1ed14f4c8206e,browser-toolbox.connect.DAMP,damp,True,damp browser-toolbox.connect.DAMP opt e10s fission stylo webrender-sw,4767235,77,ms,firefox,,1737830514,2023-08-07 12:39:24,1958.1410345000004,4b083686a5324e7ca56c271b84e4b96bf1d5b48c,1283663,,,,,,,,,,,,,,,,,,,,,,,,,,,,,,,,,,,,,,,,,,,,,,,,,,,,,,,,,,,,,TN,TN
autoland,4768071,12,69b95d09da21c937720a8d3aaca237f47b683aa9,linux1804-64-shippable-qr,True,False,,,102210fe594ee9b33d82058545b1ed14f4c8206e,browser-toolbox.connect.DAMP,damp,True,damp browser-toolbox.connect.DAMP opt e10s fission stylo webrender-sw,4767235,77,ms,firefox,,1737820156,2023-08-07 13:06:05,1962.264088999982,cc21f77497eba1c81f1e7c2067fa6e49c3387876,1283680,,,,,,,,,,,,,,,,,,,,,,,,,,,,,,,,,,,,,,,,,,,,,,,,,,,,,,,,,,,,,TN,TN
autoland,4768071,12,69b95d09da21c937720a8d3aaca237f47b683aa9,linux1804-64-shippable-qr,True,False,,,102210fe594ee9b33d82058545b1ed14f4c8206e,browser-toolbox.connect.DAMP,damp,True,damp browser-toolbox.connect.DAMP opt e10s fission stylo webrender-sw,4767235,77,ms,firefox,,1737819612,2023-08-07 13:07:34,1956.1125405000057,ced2f2b9cb19b3c4a773d73fd4e4202ae7dd3c33,1283682,,,,,,,,,,,,,,,,,,,,,,,,,,,,,,,,,,,,,,,,,,,,,,,,,,,,,,,,,,,,,TN,TN
autoland,4768071,12,69b95d09da21c937720a8d3aaca237f47b683aa9,linux1804-64-shippable-qr,True,False,,,102210fe594ee9b33d82058545b1ed14f4c8206e,browser-toolbox.connect.DAMP,damp,True,damp browser-toolbox.connect.DAMP opt e10s fission stylo webrender-sw,4767235,77,ms,firefox,,1737823588,2023-08-07 13:08:27,1979.1427774999904,f5b6320fea38e5ac5ac92ba529bbfb6410ef4ee7,1283684,,,,,,,,,,,,,,,,,,,,,,,,,,,,,,,,,,,,,,,,,,,,,,,,,,,,,,,,,,,,,TN,TN
autoland,4768071,12,69b95d09da21c937720a8d3aaca237f47b683aa9,linux1804-64-shippable-qr,True,False,,,102210fe594ee9b33d82058545b1ed14f4c8206e,browser-toolbox.connect.DAMP,damp,True,damp browser-toolbox.connect.DAMP opt e10s fission stylo webrender-sw,4767235,77,ms,firefox,,1737821588,2023-08-07 13:09:19,1955.8716394999935,6981d5aa32b2cf137c79cf49d8b2945e0e13033e,1283686,,,,,,,,,,,,,,,,,,,,,,,,,,,,,,,,,,,,,,,,,,,,,,,,,,,,,,,,,,,,,TN,TN
autoland,4768071,12,69b95d09da21c937720a8d3aaca237f47b683aa9,linux1804-64-shippable-qr,True,False,,,102210fe594ee9b33d82058545b1ed14f4c8206e,browser-toolbox.connect.DAMP,damp,True,damp browser-toolbox.connect.DAMP opt e10s fission stylo webrender-sw,4767235,77,ms,firefox,,1737828219,2023-08-07 13:10:13,1936.6588955000332,9f2d21642ba127d4ca12ebc0c31f36471c82fe01,1283687,,,,,,,,,,,,,,,,,,,,,,,,,,,,,,,,,,,,,,,,,,,,,,,,,,,,,,,,,,,,,TN,TN
autoland,4768071,12,69b95d09da21c937720a8d3aaca237f47b683aa9,linux1804-64-shippable-qr,True,False,,,102210fe594ee9b33d82058545b1ed14f4c8206e,browser-toolbox.connect.DAMP,damp,True,damp browser-toolbox.connect.DAMP opt e10s fission stylo webrender-sw,4767235,77,ms,firefox,,1737822074,2023-08-07 13:11:05,1952.1061985000013,a1509016de492518479d0a43bbfd707938e0714c,1283688,,,,,,,,,,,,,,,,,,,,,,,,,,,,,,,,,,,,,,,,,,,,,,,,,,,,,,,,,,,,,TN,TN
autoland,4768071,12,69b95d09da21c937720a8d3aaca237f47b683aa9,linux1804-64-shippable-qr,True,False,,,102210fe594ee9b33d82058545b1ed14f4c8206e,browser-toolbox.connect.DAMP,damp,True,damp browser-toolbox.connect.DAMP opt e10s fission stylo webrender-sw,4767235,77,ms,firefox,,1737819791,2023-08-07 13:11:57,1939.125387999993,35480813b5990bd5693ed62fa0e92aeb896394a6,1283691,,,,,,,,,,,,,,,,,,,,,,,,,,,,,,,,,,,,,,,,,,,,,,,,,,,,,,,,,,,,,TN,TN
autoland,4768071,12,69b95d09da21c937720a8d3aaca237f47b683aa9,linux1804-64-shippable-qr,True,False,,,102210fe594ee9b33d82058545b1ed14f4c8206e,browser-toolbox.connect.DAMP,damp,True,damp browser-toolbox.connect.DAMP opt e10s fission stylo webrender-sw,4767235,77,ms,firefox,,1736887871,2023-08-07 13:44:02,1951.4681929999824,d59d0a5038b29cdbcbb2d4b003d642a2617e297f,1283713,,,,,,,,,,,,,,,,,,,,,,,,,,,,,,,,,,,,,,,,,,,,,,,,,,,,,,,,,,,,,TN,TN
autoland,4768071,12,69b95d09da21c937720a8d3aaca237f47b683aa9,linux1804-64-shippable-qr,True,False,,,102210fe594ee9b33d82058545b1ed14f4c8206e,browser-toolbox.connect.DAMP,damp,True,damp browser-toolbox.connect.DAMP opt e10s fission stylo webrender-sw,4767235,77,ms,firefox,,1737966525,2023-08-07 15:35:57,1944.4157130000203,e3aec91d79e48e5596864eababece3901100d8be,1283780,,,,,,,,,,,,,,,,,,,,,,,,,,,,,,,,,,,,,,,,,,,,,,,,,,,,,,,,,,,,,TN,TN
autoland,4768071,12,69b95d09da21c937720a8d3aaca237f47b683aa9,linux1804-64-shippable-qr,True,False,,,102210fe594ee9b33d82058545b1ed14f4c8206e,browser-toolbox.connect.DAMP,damp,True,damp browser-toolbox.connect.DAMP opt e10s fission stylo webrender-sw,4767235,77,ms,firefox,,1737964964,2023-08-07 15:44:21,1945.210122500004,f2893346b4030b10ea393b12c4c4b33abfef2b21,1283783,,,,,,,,,,,,,,,,,,,,,,,,,,,,,,,,,,,,,,,,,,,,,,,,,,,,,,,,,,,,,TN,TN
autoland,4768071,12,69b95d09da21c937720a8d3aaca237f47b683aa9,linux1804-64-shippable-qr,True,False,,,102210fe594ee9b33d82058545b1ed14f4c8206e,browser-toolbox.connect.DAMP,damp,True,damp browser-toolbox.connect.DAMP opt e10s fission stylo webrender-sw,4767235,77,ms,firefox,,1737966608,2023-08-07 15:55:32,1945.5781439999848,d24a96996fad73e528a3fb69c7633b6823f3f3cd,1283790,,,,,,,,,,,,,,,,,,,,,,,,,,,,,,,,,,,,,,,,,,,,,,,,,,,,,,,,,,,,,TN,TN
autoland,4768071,12,69b95d09da21c937720a8d3aaca237f47b683aa9,linux1804-64-shippable-qr,True,False,,,102210fe594ee9b33d82058545b1ed14f4c8206e,browser-toolbox.connect.DAMP,damp,True,damp browser-toolbox.connect.DAMP opt e10s fission stylo webrender-sw,4767235,77,ms,firefox,,1737967045,2023-08-07 15:56:20,1949.372122000001,d054dde5c370feb3ee9c9f9159b512333b3554ac,1283791,,,,,,,,,,,,,,,,,,,,,,,,,,,,,,,,,,,,,,,,,,,,,,,,,,,,,,,,,,,,,TN,TN
autoland,4768071,12,69b95d09da21c937720a8d3aaca237f47b683aa9,linux1804-64-shippable-qr,True,False,,,102210fe594ee9b33d82058545b1ed14f4c8206e,browser-toolbox.connect.DAMP,damp,True,damp browser-toolbox.connect.DAMP opt e10s fission stylo webrender-sw,4767235,77,ms,firefox,,1737967295,2023-08-07 16:17:18,2020.511833499997,738a917e4dde8d61ff59e81aa9202456d4dafbab,1283798,,,,,,,,,,,,,,,,,,,,,,,,,,,,,,,,,,,,,,,,,,,,,,,,,,,,,,,,,,,,,TN,TN
autoland,4768071,12,69b95d09da21c937720a8d3aaca237f47b683aa9,linux1804-64-shippable-qr,True,False,,,102210fe594ee9b33d82058545b1ed14f4c8206e,browser-toolbox.connect.DAMP,damp,True,damp browser-toolbox.connect.DAMP opt e10s fission stylo webrender-sw,4767235,77,ms,firefox,,1737966936,2023-08-07 16:18:06,1962.2447934999943,4297ef6efd09fb8021fdc7b4623f11e360e9f775,1283799,,,,,,,,,,,,,,,,,,,,,,,,,,,,,,,,,,,,,,,,,,,,,,,,,,,,,,,,,,,,,TN,TN
autoland,4768071,12,69b95d09da21c937720a8d3aaca237f47b683aa9,linux1804-64-shippable-qr,True,False,,,102210fe594ee9b33d82058545b1ed14f4c8206e,browser-toolbox.connect.DAMP,damp,True,damp browser-toolbox.connect.DAMP opt e10s fission stylo webrender-sw,4767235,77,ms,firefox,,1737965154,2023-08-07 16:19:02,1972.725506499999,e157ea8db1e5c357b9ea5b02bbf2580a697d6b31,1283801,,,,,,,,,,,,,,,,,,,,,,,,,,,,,,,,,,,,,,,,,,,,,,,,,,,,,,,,,,,,,TN,TN
autoland,4768071,12,69b95d09da21c937720a8d3aaca237f47b683aa9,linux1804-64-shippable-qr,True,False,,,102210fe594ee9b33d82058545b1ed14f4c8206e,browser-toolbox.connect.DAMP,damp,True,damp browser-toolbox.connect.DAMP opt e10s fission stylo webrender-sw,4767235,77,ms,firefox,,1737965675,2023-08-07 16:40:45,1950.8772695000007,d651a443fd5db86fa5061131c7e00f589493a37f,1283810,,,,,,,,,,,,,,,,,,,,,,,,,,,,,,,,,,,,,,,,,,,,,,,,,,,,,,,,,,,,,TN,TN
autoland,4768071,12,69b95d09da21c937720a8d3aaca237f47b683aa9,linux1804-64-shippable-qr,True,False,,,102210fe594ee9b33d82058545b1ed14f4c8206e,browser-toolbox.connect.DAMP,damp,True,damp browser-toolbox.connect.DAMP opt e10s fission stylo webrender-sw,4767235,77,ms,firefox,,1737967098,2023-08-07 16:41:39,1943.9135719999977,23e94f775568931f9c3af1ed0d0b6310fa2cc2ce,1283811,,,,,,,,,,,,,,,,,,,,,,,,,,,,,,,,,,,,,,,,,,,,,,,,,,,,,,,,,,,,,TN,TN
autoland,4768071,12,69b95d09da21c937720a8d3aaca237f47b683aa9,linux1804-64-shippable-qr,True,False,,,102210fe594ee9b33d82058545b1ed14f4c8206e,browser-toolbox.connect.DAMP,damp,True,damp browser-toolbox.connect.DAMP opt e10s fission stylo webrender-sw,4767235,77,ms,firefox,,1736976018,2023-08-07 16:46:35,1924.5550885000264,969534e114528550edbcaf30931bc5e255ac2475,1283815,,,,,,,,,,,,,,,,,,,,,,,,,,,,,,,,,,,,,,,,,,,,,,,,,,,,,,,,,,,,,TN,TN
autoland,4768071,12,69b95d09da21c937720a8d3aaca237f47b683aa9,linux1804-64-shippable-qr,True,False,,,102210fe594ee9b33d82058545b1ed14f4c8206e,browser-toolbox.connect.DAMP,damp,True,damp browser-toolbox.connect.DAMP opt e10s fission stylo webrender-sw,4767235,77,ms,firefox,,1737062132,2023-08-07 20:52:42,1958.5163820000307,588b596bcb73c4c9cf235c8df1dc04fc9475c321,1283921,,,,,,,,,,,,,,,,,,,,,,,,,,,,,,,,,,,,,,,,,,,,,,,,,,,,,,,,,,,,,TN,TN
autoland,4768071,12,69b95d09da21c937720a8d3aaca237f47b683aa9,linux1804-64-shippable-qr,True,False,,,102210fe594ee9b33d82058545b1ed14f4c8206e,browser-toolbox.connect.DAMP,damp,True,damp browser-toolbox.connect.DAMP opt e10s fission stylo webrender-sw,4767235,77,ms,firefox,,1737086473,2023-08-07 21:31:10,1978.459733999989,0d1a783351f683e500d6e8f83d3dc430b2afdcbf,1283941,,,,,,,,,,,,,,,,,,,,,,,,,,,,,,,,,,,,,,,,,,,,,,,,,,,,,,,,,,,,,TN,TN
autoland,4768071,12,69b95d09da21c937720a8d3aaca237f47b683aa9,linux1804-64-shippable-qr,True,False,,,102210fe594ee9b33d82058545b1ed14f4c8206e,browser-toolbox.connect.DAMP,damp,True,damp browser-toolbox.connect.DAMP opt e10s fission stylo webrender-sw,4767235,77,ms,firefox,,1737214963,2023-08-08 01:47:48,1951.5088090000029,7053ad5afbc40a1a98d9e4e447c98e2fd6d70f04,1284029,,,,,,,,,,,,,,,,,,,,,,,,,,,,,,,,,,,,,,,,,,,,,,,,,,,,,,,,,,,,,TN,TN
autoland,4768071,12,69b95d09da21c937720a8d3aaca237f47b683aa9,linux1804-64-shippable-qr,True,False,,,102210fe594ee9b33d82058545b1ed14f4c8206e,browser-toolbox.connect.DAMP,damp,True,damp browser-toolbox.connect.DAMP opt e10s fission stylo webrender-sw,4767235,77,ms,firefox,,1737303467,2023-08-08 08:03:57,1953.8850660000023,201950bdeb03d34c7ad70702b52d28c3e0f6a448,1284128,,,,,,,,,,,,,,,,,,,,,,,,,,,,,,,,,,,,,,,,,,,,,,,,,,,,,,,,,,,,,TN,TN
autoland,4768071,12,69b95d09da21c937720a8d3aaca237f47b683aa9,linux1804-64-shippable-qr,True,False,,,102210fe594ee9b33d82058545b1ed14f4c8206e,browser-toolbox.connect.DAMP,damp,True,damp browser-toolbox.connect.DAMP opt e10s fission stylo webrender-sw,4767235,77,ms,firefox,,1737387662,2023-08-08 12:10:40,1918.946581000011,d1fbe6c1f87656fb4f55677904f55f6df433ea9a,1284255,,,,,,,,,,,,,,,,,,,,,,,,,,,,,,,,,,,,,,,,,,,,,,,,,,,,,,,,,,,,,TN,TN
autoland,4768071,12,69b95d09da21c937720a8d3aaca237f47b683aa9,linux1804-64-shippable-qr,True,False,,,102210fe594ee9b33d82058545b1ed14f4c8206e,browser-toolbox.connect.DAMP,damp,True,damp browser-toolbox.connect.DAMP opt e10s fission stylo webrender-sw,4767235,77,ms,firefox,,1737411529,2023-08-08 12:20:31,1933.815972499979,062a5e5729067f579bd6d1ab2f1a3021d7fd291a,1284261,,,,,,,,,,,,,,,,,,,,,,,,,,,,,,,,,,,,,,,,,,,,,,,,,,,,,,,,,,,,,TN,TN
autoland,4768071,12,69b95d09da21c937720a8d3aaca237f47b683aa9,linux1804-64-shippable-qr,True,False,,,102210fe594ee9b33d82058545b1ed14f4c8206e,browser-toolbox.connect.DAMP,damp,True,damp browser-toolbox.connect.DAMP opt e10s fission stylo webrender-sw,4767235,77,ms,firefox,,1737497669,2023-08-08 16:23:23,1940.505680500013,855c69dcdcc457c3e5a54150cdd89a71a2527e2b,1284396,,,,,,,,,,,,,,,,,,,,,,,,,,,,,,,,,,,,,,,,,,,,,,,,,,,,,,,,,,,,,TN,TN
autoland,4768071,12,69b95d09da21c937720a8d3aaca237f47b683aa9,linux1804-64-shippable-qr,True,False,,,102210fe594ee9b33d82058545b1ed14f4c8206e,browser-toolbox.connect.DAMP,damp,True,damp browser-toolbox.connect.DAMP opt e10s fission stylo webrender-sw,4767235,77,ms,firefox,,1737621047,2023-08-08 18:03:32,1966.495947000003,b19ed5a6579d312e71c03201698107835378c612,1284479,,,,,,,,,,,,,,,,,,,,,,,,,,,,,,,,,,,,,,,,,,,,,,,,,,,,,,,,,,,,,TN,TN
autoland,4768071,12,69b95d09da21c937720a8d3aaca237f47b683aa9,linux1804-64-shippable-qr,True,False,,,102210fe594ee9b33d82058545b1ed14f4c8206e,browser-toolbox.connect.DAMP,damp,True,damp browser-toolbox.connect.DAMP opt e10s fission stylo webrender-sw,4767235,77,ms,firefox,,1737704316,2023-08-08 21:27:09,1944.7223824999965,4abb9ce2fb8e4174171b3478d6f28b78bf3f214a,1284603,,,,,,,,,,,,,,,,,,,,,,,,,,,,,,,,,,,,,,,,,,,,,,,,,,,,,,,,,,,,,TN,TN
autoland,4768071,12,69b95d09da21c937720a8d3aaca237f47b683aa9,linux1804-64-shippable-qr,True,False,,,102210fe594ee9b33d82058545b1ed14f4c8206e,browser-toolbox.connect.DAMP,damp,True,damp browser-toolbox.connect.DAMP opt e10s fission stylo webrender-sw,4767235,77,ms,firefox,,1737777141,2023-08-09 02:34:29,1948.199705999996,25a29224e55d9a839d6fddde206208a453535ec8,1284750,,,,,,,,,,,,,,,,,,,,,,,,,,,,,,,,,,,,,,,,,,,,,,,,,,,,,,,,,,,,,TN,TN
autoland,4768071,12,69b95d09da21c937720a8d3aaca237f47b683aa9,linux1804-64-shippable-qr,True,False,,,102210fe594ee9b33d82058545b1ed14f4c8206e,browser-toolbox.connect.DAMP,damp,True,damp browser-toolbox.connect.DAMP opt e10s fission stylo webrender-sw,4767235,77,ms,firefox,,1738014172,2023-08-09 13:49:06,1892.779452499992,46b5603cd2b8de629b659ec8d44fc7b086782c46,1285020,,,,,,,,,,,,,,,,,,,,,,,,,,,,,,,,,,,,,,,,,,,,,,,,,,,,,,,,,,,,,TN,TN
autoland,4768071,12,69b95d09da21c937720a8d3aaca237f47b683aa9,linux1804-64-shippable-qr,True,False,,,102210fe594ee9b33d82058545b1ed14f4c8206e,browser-toolbox.connect.DAMP,damp,True,damp browser-toolbox.connect.DAMP opt e10s fission stylo webrender-sw,4767235,77,ms,firefox,,1738217237,2023-08-09 17:29:37,1953.4866345000048,299828b58af2fd55f393babed8ea8db6425040df,1285186,,,,,,,,,,,,,,,,,,,,,,,,,,,,,,,,,,,,,,,,,,,,,,,,,,,,,,,,,,,,,TN,TN
autoland,4768071,12,69b95d09da21c937720a8d3aaca237f47b683aa9,linux1804-64-shippable-qr,True,False,,,102210fe594ee9b33d82058545b1ed14f4c8206e,browser-toolbox.connect.DAMP,damp,True,damp browser-toolbox.connect.DAMP opt e10s fission stylo webrender-sw,4767235,77,ms,firefox,,1738313963,2023-08-09 20:56:32,1957.2794345,9766f63db97d1b85b2f2f47d2b3cb3ee3782ae85,1285337,,,,,,,,,,,,,,,,,,,,,,,,,,,,,,,,,,,,,,,,,,,,,,,,,,,,,,,,,,,,,TN,TN
autoland,4768071,12,69b95d09da21c937720a8d3aaca237f47b683aa9,linux1804-64-shippable-qr,True,False,,,102210fe594ee9b33d82058545b1ed14f4c8206e,browser-toolbox.connect.DAMP,damp,True,damp browser-toolbox.connect.DAMP opt e10s fission stylo webrender-sw,4767235,77,ms,firefox,,1738394810,2023-08-10 01:02:34,1951.9205900000013,b2b54f91567d2de224314e03fc81ba6e815e2fa7,1285442,,,,,,,,,,,,,,,,,,,,,,,,,,,,,,,,,,,,,,,,,,,,,,,,,,,,,,,,,,,,,TN,TN
autoland,4768071,12,69b95d09da21c937720a8d3aaca237f47b683aa9,linux1804-64-shippable-qr,True,False,,,102210fe594ee9b33d82058545b1ed14f4c8206e,browser-toolbox.connect.DAMP,damp,True,damp browser-toolbox.connect.DAMP opt e10s fission stylo webrender-sw,4767235,77,ms,firefox,,1738427309,2023-08-10 02:22:08,1952.2292024999915,7704c89f0e6bc2ca33282a228b42fb5cd7aa072c,1285454,,,,,,,,,,,,,,,,,,,,,,,,,,,,,,,,,,,,,,,,,,,,,,,,,,,,,,,,,,,,,TN,TN
autoland,4768071,12,69b95d09da21c937720a8d3aaca237f47b683aa9,linux1804-64-shippable-qr,True,False,,,102210fe594ee9b33d82058545b1ed14f4c8206e,browser-toolbox.connect.DAMP,damp,True,damp browser-toolbox.connect.DAMP opt e10s fission stylo webrender-sw,4767235,77,ms,firefox,,1738538144,2023-08-10 06:54:21,1962.975478500004,24eb42c9b3d9f910ba5afe124232608f70532552,1285524,,,,,,,,,,,,,,,,,,,,,,,,,,,,,,,,,,,,,,,,,,,,,,,,,,,,,,,,,,,,,TN,TN
autoland,4768071,12,69b95d09da21c937720a8d3aaca237f47b683aa9,linux1804-64-shippable-qr,True,False,,,102210fe594ee9b33d82058545b1ed14f4c8206e,browser-toolbox.connect.DAMP,damp,True,damp browser-toolbox.connect.DAMP opt e10s fission stylo webrender-sw,4767235,77,ms,firefox,,1738553820,2023-08-10 07:38:16,1946.790422999984,f688cd32ea991c3f0e62e19b43efc48cb4cc183a,1285542,,,,,,,,,,,,,,,,,,,,,,,,,,,,,,,,,,,,,,,,,,,,,,,,,,,,,,,,,,,,,TN,TN
autoland,4768071,12,69b95d09da21c937720a8d3aaca237f47b683aa9,linux1804-64-shippable-qr,True,False,,,102210fe594ee9b33d82058545b1ed14f4c8206e,browser-toolbox.connect.DAMP,damp,True,damp browser-toolbox.connect.DAMP opt e10s fission stylo webrender-sw,4767235,77,ms,firefox,,1738648792,2023-08-10 11:47:02,1923.3743540000175,b544a2a999190b3345911b807fac8392e1360811,1285658,,,,,,,,,,,,,,,,,,,,,,,,,,,,,,,,,,,,,,,,,,,,,,,,,,,,,,,,,,,,,TN,TN
autoland,4768071,12,69b95d09da21c937720a8d3aaca237f47b683aa9,linux1804-64-shippable-qr,True,False,,,102210fe594ee9b33d82058545b1ed14f4c8206e,browser-toolbox.connect.DAMP,damp,True,damp browser-toolbox.connect.DAMP opt e10s fission stylo webrender-sw,4767235,77,ms,firefox,,1738687470,2023-08-10 13:06:38,1961.1267630000368,11f47f2a1cf08c1e0b5bb6374f2a7dd1f49c8cac,1285701,,,,,,,,,,,,,,,,,,,,,,,,,,,,,,,,,,,,,,,,,,,,,,,,,,,,,,,,,,,,,TN,TN
autoland,4768071,12,69b95d09da21c937720a8d3aaca237f47b683aa9,linux1804-64-shippable-qr,True,False,,,102210fe594ee9b33d82058545b1ed14f4c8206e,browser-toolbox.connect.DAMP,damp,True,damp browser-toolbox.connect.DAMP opt e10s fission stylo webrender-sw,4767235,77,ms,firefox,,1738785855,2023-08-10 16:07:39,1966.062160500016,42a4b2af29229dbfd0675767afaf6965d292e4a7,1285800,,,,,,,,,,,,,,,,,,,,,,,,,,,,,,,,,,,,,,,,,,,,,,,,,,,,,,,,,,,,,TN,TN
autoland,4768071,12,69b95d09da21c937720a8d3aaca237f47b683aa9,linux1804-64-shippable-qr,True,False,,,102210fe594ee9b33d82058545b1ed14f4c8206e,browser-toolbox.connect.DAMP,damp,True,damp browser-toolbox.connect.DAMP opt e10s fission stylo webrender-sw,4767235,77,ms,firefox,,1738865855,2023-08-10 18:32:11,1944.5861224999967,fae9c8496544fb4597f4094d95b81fdefec01628,1285918,,,,,,,,,,,,,,,,,,,,,,,,,,,,,,,,,,,,,,,,,,,,,,,,,,,,,,,,,,,,,TN,TN
autoland,4768071,12,69b95d09da21c937720a8d3aaca237f47b683aa9,linux1804-64-shippable-qr,True,False,,,102210fe594ee9b33d82058545b1ed14f4c8206e,browser-toolbox.connect.DAMP,damp,True,damp browser-toolbox.connect.DAMP opt e10s fission stylo webrender-sw,4767235,77,ms,firefox,,1738966718,2023-08-10 21:59:13,1955.479697499992,389f1009f2db207be63aacd4c9c54990f9d1104b,1286074,,,,,,,,,,,,,,,,,,,,,,,,,,,,,,,,,,,,,,,,,,,,,,,,,,,,,,,,,,,,,TN,TN
autoland,4768071,12,69b95d09da21c937720a8d3aaca237f47b683aa9,linux1804-64-shippable-qr,True,False,,,102210fe594ee9b33d82058545b1ed14f4c8206e,browser-toolbox.connect.DAMP,damp,True,damp browser-toolbox.connect.DAMP opt e10s fission stylo webrender-sw,4767235,77,ms,firefox,,1739015742,2023-08-11 03:08:44,1886.1764049999983,05da0ca6db46baad5f6e45489d80d5097053bb42,1286160,,,,,,,,,,,,,,,,,,,,,,,,,,,,,,,,,,,,,,,,,,,,,,,,,,,,,,,,,,,,,TN,TN
autoland,4768071,12,69b95d09da21c937720a8d3aaca237f47b683aa9,linux1804-64-shippable-qr,True,False,,,102210fe594ee9b33d82058545b1ed14f4c8206e,browser-toolbox.connect.DAMP,damp,True,damp browser-toolbox.connect.DAMP opt e10s fission stylo webrender-sw,4767235,77,ms,firefox,,1739088073,2023-08-11 07:27:06,1872.9565545000369,efb44db563b1abcb74959e12c6ce8e577cd213f2,1286189,,,,,,,,,,,,,,,,,,,,,,,,,,,,,,,,,,,,,,,,,,,,,,,,,,,,,,,,,,,,,TN,TN
autoland,4768071,12,69b95d09da21c937720a8d3aaca237f47b683aa9,linux1804-64-shippable-qr,True,False,,,102210fe594ee9b33d82058545b1ed14f4c8206e,browser-toolbox.connect.DAMP,damp,True,damp browser-toolbox.connect.DAMP opt e10s fission stylo webrender-sw,4767235,77,ms,firefox,,1739122487,2023-08-11 08:27:25,1902.850657500021,cda91469ef2a9b195d09f702816a5f7aec451d02,1286199,,,,,,,,,,,,,,,,,,,,,,,,,,,,,,,,,,,,,,,,,,,,,,,,,,,,,,,,,,,,,TN,TN
autoland,4768071,12,69b95d09da21c937720a8d3aaca237f47b683aa9,linux1804-64-shippable-qr,True,False,,,102210fe594ee9b33d82058545b1ed14f4c8206e,browser-toolbox.connect.DAMP,damp,True,damp browser-toolbox.connect.DAMP opt e10s fission stylo webrender-sw,4767235,77,ms,firefox,,1739261418,2023-08-11 14:16:15,1955.144726999999,21aaca8e9cca74e93bf7c9c3a6c05b78a0d46a06,1286315,,,,,,,,,,,,,,,,,,,,,,,,,,,,,,,,,,,,,,,,,,,,,,,,,,,,,,,,,,,,,TN,TN
autoland,4768071,12,69b95d09da21c937720a8d3aaca237f47b683aa9,linux1804-64-shippable-qr,True,False,,,102210fe594ee9b33d82058545b1ed14f4c8206e,browser-toolbox.connect.DAMP,damp,True,damp browser-toolbox.connect.DAMP opt e10s fission stylo webrender-sw,4767235,77,ms,firefox,,1739299928,2023-08-11 16:12:07,1946.462164500008,16838b515ded4549918a4ebf3e3fa8a0b427e1f4,1286403,,,,,,,,,,,,,,,,,,,,,,,,,,,,,,,,,,,,,,,,,,,,,,,,,,,,,,,,,,,,,TN,TN
autoland,4768071,12,69b95d09da21c937720a8d3aaca237f47b683aa9,linux1804-64-shippable-qr,True,False,,,102210fe594ee9b33d82058545b1ed14f4c8206e,browser-toolbox.connect.DAMP,damp,True,damp browser-toolbox.connect.DAMP opt e10s fission stylo webrender-sw,4767235,77,ms,firefox,,1739416692,2023-08-11 20:27:04,1963.0813505000117,700d98d93bde10f22824d5d41b863f4a108f832b,1286565,,,,,,,,,,,,,,,,,,,,,,,,,,,,,,,,,,,,,,,,,,,,,,,,,,,,,,,,,,,,,TN,TN
autoland,4768071,12,69b95d09da21c937720a8d3aaca237f47b683aa9,linux1804-64-shippable-qr,True,False,,,102210fe594ee9b33d82058545b1ed14f4c8206e,browser-toolbox.connect.DAMP,damp,True,damp browser-toolbox.connect.DAMP opt e10s fission stylo webrender-sw,4767235,77,ms,firefox,,1739574904,2023-08-12 05:14:02,1994.1408209999936,8dd752fc2bce87d04b7ae3bab02bb57d59c64e8a,1286635,,,,,,,,,,,,,,,,,,,,,,,,,,,,,,,,,,,,,,,,,,,,,,,,,,,,,,,,,,,,,TN,TN
autoland,4768071,12,69b95d09da21c937720a8d3aaca237f47b683aa9,linux1804-64-shippable-qr,True,False,,,102210fe594ee9b33d82058545b1ed14f4c8206e,browser-toolbox.connect.DAMP,damp,True,damp browser-toolbox.connect.DAMP opt e10s fission stylo webrender-sw,4767235,77,ms,firefox,,1739560262,2023-08-12 05:14:50,1925.930435500028,f20040ae7b2f3e1499ea3b90639fd96566103125,1286636,,,,,,,,,,,,,,,,,,,,,,,,,,,,,,,,,,,,,,,,,,,,,,,,,,,,,,,,,,,,,TN,TN
autoland,4768071,12,69b95d09da21c937720a8d3aaca237f47b683aa9,linux1804-64-shippable-qr,True,False,,,102210fe594ee9b33d82058545b1ed14f4c8206e,browser-toolbox.connect.DAMP,damp,True,damp browser-toolbox.connect.DAMP opt e10s fission stylo webrender-sw,4767235,77,ms,firefox,,1739633815,2023-08-12 12:22:39,1958.2577615000048,6386291adbedd6140dfbf10b071e5cc82f5433a1,1286663,,,,,,,,,,,,,,,,,,,,,,,,,,,,,,,,,,,,,,,,,,,,,,,,,,,,,,,,,,,,,TN,TN
autoland,4768071,12,69b95d09da21c937720a8d3aaca237f47b683aa9,linux1804-64-shippable-qr,True,False,,,102210fe594ee9b33d82058545b1ed14f4c8206e,browser-toolbox.connect.DAMP,damp,True,damp browser-toolbox.connect.DAMP opt e10s fission stylo webrender-sw,4767235,77,ms,firefox,,1739679785,2023-08-12 17:53:09,1970.6213514999945,9a15449ff274a89d15ae4d345601385b371c2dff,1286688,,,,,,,,,,,,,,,,,,,,,,,,,,,,,,,,,,,,,,,,,,,,,,,,,,,,,,,,,,,,,TN,TN
autoland,4768071,12,69b95d09da21c937720a8d3aaca237f47b683aa9,linux1804-64-shippable-qr,True,False,,,102210fe594ee9b33d82058545b1ed14f4c8206e,browser-toolbox.connect.DAMP,damp,True,damp browser-toolbox.connect.DAMP opt e10s fission stylo webrender-sw,4767235,77,ms,firefox,,1739753865,2023-08-13 04:26:09,1962.803930000009,dcf2ddfaffbf9900de8ba4a674708bf996d147b6,1286737,,,,,,,,,,,,,,,,,,,,,,,,,,,,,,,,,,,,,,,,,,,,,,,,,,,,,,,,,,,,,TN,TN
autoland,4768071,12,69b95d09da21c937720a8d3aaca237f47b683aa9,linux1804-64-shippable-qr,True,False,,,102210fe594ee9b33d82058545b1ed14f4c8206e,browser-toolbox.connect.DAMP,damp,True,damp browser-toolbox.connect.DAMP opt e10s fission stylo webrender-sw,4767235,77,ms,firefox,,1739841157,2023-08-13 16:54:11,1954.800512499998,cbfbab86b8f2ad4e39c90caa2d8e55102609b72d,1286762,,,,,,,,,,,,,,,,,,,,,,,,,,,,,,,,,,,,,,,,,,,,,,,,,,,,,,,,,,,,,TN,TN
autoland,4768071,12,69b95d09da21c937720a8d3aaca237f47b683aa9,linux1804-64-shippable-qr,True,False,,,102210fe594ee9b33d82058545b1ed14f4c8206e,browser-toolbox.connect.DAMP,damp,True,damp browser-toolbox.connect.DAMP opt e10s fission stylo webrender-sw,4767235,77,ms,firefox,,1739912720,2023-08-14 00:32:30,1949.7921330000029,bdeed1276a3515d597485fc241f9757ff607a9d1,1286792,,,,,,,,,,,,,,,,,,,,,,,,,,,,,,,,,,,,,,,,,,,,,,,,,,,,,,,,,,,,,TN,TN
autoland,4768071,12,69b95d09da21c937720a8d3aaca237f47b683aa9,linux1804-64-shippable-qr,True,False,,,102210fe594ee9b33d82058545b1ed14f4c8206e,browser-toolbox.connect.DAMP,damp,True,damp browser-toolbox.connect.DAMP opt e10s fission stylo webrender-sw,4767235,77,ms,firefox,,1739952931,2023-08-14 06:39:21,1945.8144284999944,a5bcd3edffd78b69932e1ea7c5dda0894107edaa,1286822,,,,,,,,,,,,,,,,,,,,,,,,,,,,,,,,,,,,,,,,,,,,,,,,,,,,,,,,,,,,,TN,TN
autoland,4768071,12,69b95d09da21c937720a8d3aaca237f47b683aa9,linux1804-64-shippable-qr,True,False,,,102210fe594ee9b33d82058545b1ed14f4c8206e,browser-toolbox.connect.DAMP,damp,True,damp browser-toolbox.connect.DAMP opt e10s fission stylo webrender-sw,4767235,77,ms,firefox,,1740044248,2023-08-14 10:48:55,1947.4032239999945,64a1445ac4138d208b6412914b12fd0a2e9ff945,1286891,,,,,,,,,,,,,,,,,,,,,,,,,,,,,,,,,,,,,,,,,,,,,,,,,,,,,,,,,,,,,TN,TN
autoland,4768071,12,69b95d09da21c937720a8d3aaca237f47b683aa9,linux1804-64-shippable-qr,True,False,,,102210fe594ee9b33d82058545b1ed14f4c8206e,browser-toolbox.connect.DAMP,damp,True,damp browser-toolbox.connect.DAMP opt e10s fission stylo webrender-sw,4767235,77,ms,firefox,,1740087074,2023-08-14 14:03:37,1939.3014434999784,966f06db181d109fbc6ac97a296ac28efbb8a5f2,1286990,,,,,,,,,,,,,,,,,,,,,,,,,,,,,,,,,,,,,,,,,,,,,,,,,,,,,,,,,,,,,TN,TN
autoland,4768071,12,69b95d09da21c937720a8d3aaca237f47b683aa9,linux1804-64-shippable-qr,True,False,,,102210fe594ee9b33d82058545b1ed14f4c8206e,browser-toolbox.connect.DAMP,damp,True,damp browser-toolbox.connect.DAMP opt e10s fission stylo webrender-sw,4767235,77,ms,firefox,,1740183879,2023-08-14 16:54:04,1902.7103104999917,5b1987d52ae19ebe1b311fec0f664563b5bf198d,1287092,,,,,,,,,,,,,,,,,,,,,,,,,,,,,,,,,,,,,,,,,,,,,,,,,,,,,,,,,,,,,TN,TN
autoland,4768071,12,69b95d09da21c937720a8d3aaca237f47b683aa9,linux1804-64-shippable-qr,True,False,,,102210fe594ee9b33d82058545b1ed14f4c8206e,browser-toolbox.connect.DAMP,damp,True,damp browser-toolbox.connect.DAMP opt e10s fission stylo webrender-sw,4767235,77,ms,firefox,,1740305302,2023-08-14 21:20:15,1953.9248650000045,7081c01a8f314a82bc3c055c11f0880dc2b706fb,1287268,,,,,,,,,,,,,,,,,,,,,,,,,,,,,,,,,,,,,,,,,,,,,,,,,,,,,,,,,,,,,TN,TN
autoland,4768071,12,69b95d09da21c937720a8d3aaca237f47b683aa9,linux1804-64-shippable-qr,True,False,,,102210fe594ee9b33d82058545b1ed14f4c8206e,browser-toolbox.connect.DAMP,damp,True,damp browser-toolbox.connect.DAMP opt e10s fission stylo webrender-sw,4767235,77,ms,firefox,,1740372460,2023-08-14 23:25:21,1907.89354499997,88ec6682eab1c5c36cb839c8db0156446559a1cb,1287331,,,,,,,,,,,,,,,,,,,,,,,,,,,,,,,,,,,,,,,,,,,,,,,,,,,,,,,,,,,,,TN,TN
autoland,4768071,12,69b95d09da21c937720a8d3aaca237f47b683aa9,linux1804-64-shippable-qr,True,False,,,102210fe594ee9b33d82058545b1ed14f4c8206e,browser-toolbox.connect.DAMP,damp,True,damp browser-toolbox.connect.DAMP opt e10s fission stylo webrender-sw,4767235,77,ms,firefox,,1740433829,2023-08-15 03:40:03,1954.2360094999967,ef2753ba331b17b408096bfd42e83a91039b995d,1287395,,,,,,,,,,,,,,,,,,,,,,,,,,,,,,,,,,,,,,,,,,,,,,,,,,,,,,,,,,,,,TN,TN
autoland,4768071,12,69b95d09da21c937720a8d3aaca237f47b683aa9,linux1804-64-shippable-qr,True,False,,,102210fe594ee9b33d82058545b1ed14f4c8206e,browser-toolbox.connect.DAMP,damp,True,damp browser-toolbox.connect.DAMP opt e10s fission stylo webrender-sw,4767235,77,ms,firefox,,1740654292,2023-08-15 12:15:00,1980.383627500014,0038346134ec0c0912660c19edced48ff4c9996b,1287534,,,,,,,,,,,,,,,,,,,,,,,,,,,,,,,,,,,,,,,,,,,,,,,,,,,,,,,,,,,,,TN,TN
autoland,4768071,12,69b95d09da21c937720a8d3aaca237f47b683aa9,linux1804-64-shippable-qr,True,False,,,102210fe594ee9b33d82058545b1ed14f4c8206e,browser-toolbox.connect.DAMP,damp,True,damp browser-toolbox.connect.DAMP opt e10s fission stylo webrender-sw,4767235,77,ms,firefox,,1740634489,2023-08-15 12:16:05,1958.0977499999967,34ea39f6bd8afd706e571c5a5c5557f8f02274c7,1287535,,,,,,,,,,,,,,,,,,,,,,,,,,,,,,,,,,,,,,,,,,,,,,,,,,,,,,,,,,,,,TN,TN
autoland,4768071,12,69b95d09da21c937720a8d3aaca237f47b683aa9,linux1804-64-shippable-qr,True,False,,,102210fe594ee9b33d82058545b1ed14f4c8206e,browser-toolbox.connect.DAMP,damp,True,damp browser-toolbox.connect.DAMP opt e10s fission stylo webrender-sw,4767235,77,ms,firefox,,1740830669,2023-08-15 17:48:00,2008.9561320000207,c01a1256082294777509d59591b44cc1a9a54101,1287732,,,,,,,,,,,,,,,,,,,,,,,,,,,,,,,,,,,,,,,,,,,,,,,,,,,,,,,,,,,,,TN,TN
autoland,4768071,12,69b95d09da21c937720a8d3aaca237f47b683aa9,linux1804-64-shippable-qr,True,False,,,102210fe594ee9b33d82058545b1ed14f4c8206e,browser-toolbox.connect.DAMP,damp,True,damp browser-toolbox.connect.DAMP opt e10s fission stylo webrender-sw,4767235,77,ms,firefox,,1740921269,2023-08-15 20:18:28,1957.139900000024,b6d00af33f9f1879900a9ff148f77a03de4ca507,1287829,,,,,,,,,,,,,,,,,,,,,,,,,,,,,,,,,,,,,,,,,,,,,,,,,,,,,,,,,,,,,TN,TN
autoland,4768071,12,69b95d09da21c937720a8d3aaca237f47b683aa9,linux1804-64-shippable-qr,True,False,,,102210fe594ee9b33d82058545b1ed14f4c8206e,browser-toolbox.connect.DAMP,damp,True,damp browser-toolbox.connect.DAMP opt e10s fission stylo webrender-sw,4767235,77,ms,firefox,,1741040892,2023-08-16 01:44:13,1958.792739000004,af1979bb2dd22b96889d47af7852253d7f161693,1287987,,,,,,,,,,,,,,,,,,,,,,,,,,,,,,,,,,,,,,,,,,,,,,,,,,,,,,,,,,,,,TN,TN
autoland,4768071,12,69b95d09da21c937720a8d3aaca237f47b683aa9,linux1804-64-shippable-qr,True,False,,,102210fe594ee9b33d82058545b1ed14f4c8206e,browser-toolbox.connect.DAMP,damp,True,damp browser-toolbox.connect.DAMP opt e10s fission stylo webrender-sw,4767235,77,ms,firefox,,1741148793,2023-08-16 06:09:24,1955.2175150000255,4d7123b9c5729f33db3288141ea7502fae3cbadc,1288100,,,,,,,,,,,,,,,,,,,,,,,,,,,,,,,,,,,,,,,,,,,,,,,,,,,,,,,,,,,,,TN,TN
autoland,4768071,12,69b95d09da21c937720a8d3aaca237f47b683aa9,linux1804-64-shippable-qr,True,False,,,102210fe594ee9b33d82058545b1ed14f4c8206e,browser-toolbox.connect.DAMP,damp,True,damp browser-toolbox.connect.DAMP opt e10s fission stylo webrender-sw,4767235,77,ms,firefox,,1741206396,2023-08-16 07:28:11,1951.0848305000072,3ba3d3cb9bb7860efcbb623d34fc5d721fc7cfcb,1288129,,,,,,,,,,,,,,,,,,,,,,,,,,,,,,,,,,,,,,,,,,,,,,,,,,,,,,,,,,,,,TN,TN
autoland,4768071,12,69b95d09da21c937720a8d3aaca237f47b683aa9,linux1804-64-shippable-qr,True,False,,,102210fe594ee9b33d82058545b1ed14f4c8206e,browser-toolbox.connect.DAMP,damp,True,damp browser-toolbox.connect.DAMP opt e10s fission stylo webrender-sw,4767235,77,ms,firefox,,1741308639,2023-08-16 10:40:28,1956.817729999988,3cbe8cb45dab35d18ef4ffb5481be55dfabf47c7,1288233,,,,,,,,,,,,,,,,,,,,,,,,,,,,,,,,,,,,,,,,,,,,,,,,,,,,,,,,,,,,,TN,TN
autoland,4768071,12,69b95d09da21c937720a8d3aaca237f47b683aa9,linux1804-64-shippable-qr,True,False,,,102210fe594ee9b33d82058545b1ed14f4c8206e,browser-toolbox.connect.DAMP,damp,True,damp browser-toolbox.connect.DAMP opt e10s fission stylo webrender-sw,4767235,77,ms,firefox,,1741457104,2023-08-16 14:37:22,1951.8123580000029,1cafd355bbcf32aae501b9419edec5e7c8a59968,1288343,,,,,,,,,,,,,,,,,,,,,,,,,,,,,,,,,,,,,,,,,,,,,,,,,,,,,,,,,,,,,TN,TN
autoland,4768071,12,69b95d09da21c937720a8d3aaca237f47b683aa9,linux1804-64-shippable-qr,True,False,,,102210fe594ee9b33d82058545b1ed14f4c8206e,browser-toolbox.connect.DAMP,damp,True,damp browser-toolbox.connect.DAMP opt e10s fission stylo webrender-sw,4767235,77,ms,firefox,,1743075156,2023-08-16 17:13:20,1947.8249929999877,21491130777e3d47453e9edcefe88ba379bcf078,1288431,,,,,,,,,,,,,,,,,,,,,,,,,,,,,,,,,,,,,,,,,,,,,,,,,,,,,,,,,,,,,TN,TN
autoland,4768071,12,69b95d09da21c937720a8d3aaca237f47b683aa9,linux1804-64-shippable-qr,True,False,,,102210fe594ee9b33d82058545b1ed14f4c8206e,browser-toolbox.connect.DAMP,damp,True,damp browser-toolbox.connect.DAMP opt e10s fission stylo webrender-sw,4767235,77,ms,firefox,,1743023158,2023-08-16 17:14:11,1965.9290460000195,3bd7ac5460946fc695c31f19d4a7ffe20cd85a1e,1288434,,,,,,,,,,,,,,,,,,,,,,,,,,,,,,,,,,,,,,,,,,,,,,,,,,,,,,,,,,,,,TN,TN
autoland,4768071,12,69b95d09da21c937720a8d3aaca237f47b683aa9,linux1804-64-shippable-qr,True,False,,,102210fe594ee9b33d82058545b1ed14f4c8206e,browser-toolbox.connect.DAMP,damp,True,damp browser-toolbox.connect.DAMP opt e10s fission stylo webrender-sw,4767235,77,ms,firefox,,1742989429,2023-08-16 17:18:17,1963.0840964999952,76c2ef9d279ab62d4513c845d1c71e49aaf07d8c,1288437,,,,,,,,,,,,,,,,,,,,,,,,,,,,,,,,,,,,,,,,,,,,,,,,,,,,,,,,,,,,,TN,TN
autoland,4768071,12,69b95d09da21c937720a8d3aaca237f47b683aa9,linux1804-64-shippable-qr,True,False,,,102210fe594ee9b33d82058545b1ed14f4c8206e,browser-toolbox.connect.DAMP,damp,True,damp browser-toolbox.connect.DAMP opt e10s fission stylo webrender-sw,4767235,77,ms,firefox,,1742988666,2023-08-16 17:19:17,1973.2875860000204,e679173f9fd8ae276789ca7302817d53d23baab4,1288439,,,,,,,,,,,,,,,,,,,,,,,,,,,,,,,,,,,,,,,,,,,,,,,,,,,,,,,,,,,,,TN,TN
autoland,4768071,12,69b95d09da21c937720a8d3aaca237f47b683aa9,linux1804-64-shippable-qr,True,False,,,102210fe594ee9b33d82058545b1ed14f4c8206e,browser-toolbox.connect.DAMP,damp,True,damp browser-toolbox.connect.DAMP opt e10s fission stylo webrender-sw,4767235,77,ms,firefox,,1743023625,2023-08-16 17:37:36,1952.8281904999892,2407597d846312d9c6de852dce689d1c238c71c6,1288452,,,,,,,,,,,,,,,,,,,,,,,,,,,,,,,,,,,,,,,,,,,,,,,,,,,,,,,,,,,,,TN,TN
autoland,4768071,12,69b95d09da21c937720a8d3aaca237f47b683aa9,linux1804-64-shippable-qr,True,False,,,102210fe594ee9b33d82058545b1ed14f4c8206e,browser-toolbox.connect.DAMP,damp,True,damp browser-toolbox.connect.DAMP opt e10s fission stylo webrender-sw,4767235,77,ms,firefox,,1743025713,2023-08-16 18:04:47,1933.0459839999892,d85402f11fc4636036f3e809d57fd20d20c41d7f,1288470,,,,,,,,,,,,,,,,,,,,,,,,,,,,,,,,,,,,,,,,,,,,,,,,,,,,,,,,,,,,,TN,TN
autoland,4768071,12,69b95d09da21c937720a8d3aaca237f47b683aa9,linux1804-64-shippable-qr,True,False,,,102210fe594ee9b33d82058545b1ed14f4c8206e,browser-toolbox.connect.DAMP,damp,True,damp browser-toolbox.connect.DAMP opt e10s fission stylo webrender-sw,4767235,77,ms,firefox,,1743021865,2023-08-16 18:22:38,1945.0870940000093,52f816cfe298fe872f34f152541fff7f08f3bba7,1288480,,,,,,,,,,,,,,,,,,,,,,,,,,,,,,,,,,,,,,,,,,,,,,,,,,,,,,,,,,,,,TN,TN
autoland,4768071,12,69b95d09da21c937720a8d3aaca237f47b683aa9,linux1804-64-shippable-qr,True,False,,,102210fe594ee9b33d82058545b1ed14f4c8206e,browser-toolbox.connect.DAMP,damp,True,damp browser-toolbox.connect.DAMP opt e10s fission stylo webrender-sw,4767235,77,ms,firefox,,1743022047,2023-08-16 18:23:27,1968.8069329999853,8e55399e35ce0383df8c6ed46690d8fdfeefa6d8,1288481,,,,,,,,,,,,,,,,,,,,,,,,,,,,,,,,,,,,,,,,,,,,,,,,,,,,,,,,,,,,,TN,TN
autoland,4768071,12,69b95d09da21c937720a8d3aaca237f47b683aa9,linux1804-64-shippable-qr,True,False,,,102210fe594ee9b33d82058545b1ed14f4c8206e,browser-toolbox.connect.DAMP,damp,True,damp browser-toolbox.connect.DAMP opt e10s fission stylo webrender-sw,4767235,77,ms,firefox,,1743020559,2023-08-16 18:24:20,1966.69098449999,b7c070a4e6e35db1b091b0c13420eed67b2bb9fb,1288482,,,,,,,,,,,,,,,,,,,,,,,,,,,,,,,,,,,,,,,,,,,,,,,,,,,,,,,,,,,,,TN,TN
autoland,4768071,12,69b95d09da21c937720a8d3aaca237f47b683aa9,linux1804-64-shippable-qr,True,False,,,102210fe594ee9b33d82058545b1ed14f4c8206e,browser-toolbox.connect.DAMP,damp,True,damp browser-toolbox.connect.DAMP opt e10s fission stylo webrender-sw,4767235,77,ms,firefox,,1743021613,2023-08-16 18:29:35,1926.278555000012,536bc940d00da0301805cf4b485a48374b636a86,1288484,,,,,,,,,,,,,,,,,,,,,,,,,,,,,,,,,,,,,,,,,,,,,,,,,,,,,,,,,,,,,TN,TN
autoland,4768071,12,69b95d09da21c937720a8d3aaca237f47b683aa9,linux1804-64-shippable-qr,True,False,,,102210fe594ee9b33d82058545b1ed14f4c8206e,browser-toolbox.connect.DAMP,damp,True,damp browser-toolbox.connect.DAMP opt e10s fission stylo webrender-sw,4767235,77,ms,firefox,,1741627206,2023-08-16 18:57:22,1986.5183640000032,1c8dec8815d59d488dc44109a4361dcec573ec0a,1288496,,,,,,,,,,,,,,,,,,,,,,,,,,,,,,,,,,,,,,,,,,,,,,,,,,,,,,,,,,,,,TN,TN
autoland,4768071,12,69b95d09da21c937720a8d3aaca237f47b683aa9,linux1804-64-shippable-qr,True,False,,,102210fe594ee9b33d82058545b1ed14f4c8206e,browser-toolbox.connect.DAMP,damp,True,damp browser-toolbox.connect.DAMP opt e10s fission stylo webrender-sw,4767235,77,ms,firefox,,1743075917,2023-08-16 19:19:59,1968.0413324999968,12fe4a2e961d2a4f9ac9ff19211ea27fe1b4875b,1288514,,,,,,,,,,,,,,,,,,,,,,,,,,,,,,,,,,,,,,,,,,,,,,,,,,,,,,,,,,,,,TN,TN
autoland,4768071,12,69b95d09da21c937720a8d3aaca237f47b683aa9,linux1804-64-shippable-qr,True,False,,,102210fe594ee9b33d82058545b1ed14f4c8206e,browser-toolbox.connect.DAMP,damp,True,damp browser-toolbox.connect.DAMP opt e10s fission stylo webrender-sw,4767235,77,ms,firefox,,1743074898,2023-08-16 19:23:49,1921.3346289999756,79af70a8dd04e91df6dff42b26fb7909ffca20d6,1288517,,,,,,,,,,,,,,,,,,,,,,,,,,,,,,,,,,,,,,,,,,,,,,,,,,,,,,,,,,,,,TN,TN
autoland,4768071,12,69b95d09da21c937720a8d3aaca237f47b683aa9,linux1804-64-shippable-qr,True,False,,,102210fe594ee9b33d82058545b1ed14f4c8206e,browser-toolbox.connect.DAMP,damp,True,damp browser-toolbox.connect.DAMP opt e10s fission stylo webrender-sw,4767235,77,ms,firefox,,1743075737,2023-08-16 19:31:42,1937.892893499993,7ae493a0af59e1163996deeb1999c360e0736a45,1288523,,,,,,,,,,,,,,,,,,,,,,,,,,,,,,,,,,,,,,,,,,,,,,,,,,,,,,,,,,,,,TN,TN
autoland,4768071,12,69b95d09da21c937720a8d3aaca237f47b683aa9,linux1804-64-shippable-qr,True,False,,,102210fe594ee9b33d82058545b1ed14f4c8206e,browser-toolbox.connect.DAMP,damp,True,damp browser-toolbox.connect.DAMP opt e10s fission stylo webrender-sw,4767235,77,ms,firefox,,1743075863,2023-08-16 19:41:16,1971.0538655000128,8a5caf74dcfe00dfe080d1c9afa206aea00b9f0a,1288530,,,,,,,,,,,,,,,,,,,,,,,,,,,,,,,,,,,,,,,,,,,,,,,,,,,,,,,,,,,,,TN,TN
autoland,4768071,12,69b95d09da21c937720a8d3aaca237f47b683aa9,linux1804-64-shippable-qr,True,False,,,102210fe594ee9b33d82058545b1ed14f4c8206e,browser-toolbox.connect.DAMP,damp,True,damp browser-toolbox.connect.DAMP opt e10s fission stylo webrender-sw,4767235,77,ms,firefox,,1743076013,2023-08-16 19:51:48,1950.708647999996,812c0a897eaedf42a3f6677b21bbe871fee8ce6a,1288538,,,,,,,,,,,,,,,,,,,,,,,,,,,,,,,,,,,,,,,,,,,,,,,,,,,,,,,,,,,,,TN,TN
autoland,4768071,12,69b95d09da21c937720a8d3aaca237f47b683aa9,linux1804-64-shippable-qr,True,False,,,102210fe594ee9b33d82058545b1ed14f4c8206e,browser-toolbox.connect.DAMP,damp,True,damp browser-toolbox.connect.DAMP opt e10s fission stylo webrender-sw,4767235,77,ms,firefox,,1743074836,2023-08-16 19:59:26,1978.909939999994,cbec9ab49ab326177b9031d5e39183956ac129b6,1288545,,,,,,,,,,,,,,,,,,,,,,,,,,,,,,,,,,,,,,,,,,,,,,,,,,,,,,,,,,,,,TN,TN
autoland,4768071,12,69b95d09da21c937720a8d3aaca237f47b683aa9,linux1804-64-shippable-qr,True,False,,,102210fe594ee9b33d82058545b1ed14f4c8206e,browser-toolbox.connect.DAMP,damp,True,damp browser-toolbox.connect.DAMP opt e10s fission stylo webrender-sw,4767235,77,ms,firefox,,1743077756,2023-08-16 21:01:55,1889.79552900001,1493bfd927a00a6223c6bf4eb58e986c7818a4f1,1288587,,,,,,,,,,,,,,,,,,,,,,,,,,,,,,,,,,,,,,,,,,,,,,,,,,,,,,,,,,,,,TN,TN
autoland,4768071,12,69b95d09da21c937720a8d3aaca237f47b683aa9,linux1804-64-shippable-qr,True,False,,,102210fe594ee9b33d82058545b1ed14f4c8206e,browser-toolbox.connect.DAMP,damp,True,damp browser-toolbox.connect.DAMP opt e10s fission stylo webrender-sw,4767235,77,ms,firefox,,1743076164,2023-08-16 21:08:55,1981.0152030000168,1b598b18642b366661d2bfa10d8ca7bf37493d05,1288592,,,,,,,,,,,,,,,,,,,,,,,,,,,,,,,,,,,,,,,,,,,,,,,,,,,,,,,,,,,,,TN,TN
autoland,4768071,12,69b95d09da21c937720a8d3aaca237f47b683aa9,linux1804-64-shippable-qr,True,False,,,102210fe594ee9b33d82058545b1ed14f4c8206e,browser-toolbox.connect.DAMP,damp,True,damp browser-toolbox.connect.DAMP opt e10s fission stylo webrender-sw,4767235,77,ms,firefox,,1743077112,2023-08-16 21:09:43,1943.5584744999976,b55efc3e6465fec624ce9219107dc46e664efd54,1288593,,,,,,,,,,,,,,,,,,,,,,,,,,,,,,,,,,,,,,,,,,,,,,,,,,,,,,,,,,,,,TN,TN
autoland,4768071,12,69b95d09da21c937720a8d3aaca237f47b683aa9,linux1804-64-shippable-qr,True,False,,,102210fe594ee9b33d82058545b1ed14f4c8206e,browser-toolbox.connect.DAMP,damp,True,damp browser-toolbox.connect.DAMP opt e10s fission stylo webrender-sw,4767235,77,ms,firefox,,1742991624,2023-08-16 21:10:40,1955.7016950000036,a6e6cc51fc009cab4ea61d59399d1e11de2adfb4,1288594,,,,,,,,,,,,,,,,,,,,,,,,,,,,,,,,,,,,,,,,,,,,,,,,,,,,,,,,,,,,,TN,TN
autoland,4768071,12,69b95d09da21c937720a8d3aaca237f47b683aa9,linux1804-64-shippable-qr,True,False,,,102210fe594ee9b33d82058545b1ed14f4c8206e,browser-toolbox.connect.DAMP,damp,True,damp browser-toolbox.connect.DAMP opt e10s fission stylo webrender-sw,4767235,77,ms,firefox,,1743029029,2023-08-16 21:11:31,1941.461796500018,d2ae6ee5f7ed182032574138aa6cd25894e0aea9,1288595,,,,,,,,,,,,,,,,,,,,,,,,,,,,,,,,,,,,,,,,,,,,,,,,,,,,,,,,,,,,,TN,TN
autoland,4768071,12,69b95d09da21c937720a8d3aaca237f47b683aa9,linux1804-64-shippable-qr,True,False,,,102210fe594ee9b33d82058545b1ed14f4c8206e,browser-toolbox.connect.DAMP,damp,True,damp browser-toolbox.connect.DAMP opt e10s fission stylo webrender-sw,4767235,77,ms,firefox,,1743024994,2023-08-16 21:12:23,1956.0584125000096,f647e84eefff9d4a2340e8b7bfa8241c1f471347,1288597,,,,,,,,,,,,,,,,,,,,,,,,,,,,,,,,,,,,,,,,,,,,,,,,,,,,,,,,,,,,,TN,TN
autoland,4768071,12,69b95d09da21c937720a8d3aaca237f47b683aa9,linux1804-64-shippable-qr,True,False,,,102210fe594ee9b33d82058545b1ed14f4c8206e,browser-toolbox.connect.DAMP,damp,True,damp browser-toolbox.connect.DAMP opt e10s fission stylo webrender-sw,4767235,77,ms,firefox,,1743024091,2023-08-16 21:13:13,1977.694751499996,08a66d97b33b91ee81cf551b7f81dee5596e0769,1288598,,,,,,,,,,,,,,,,,,,,,,,,,,,,,,,,,,,,,,,,,,,,,,,,,,,,,,,,,,,,,TN,TN
autoland,4768071,12,69b95d09da21c937720a8d3aaca237f47b683aa9,linux1804-64-shippable-qr,True,False,,,102210fe594ee9b33d82058545b1ed14f4c8206e,browser-toolbox.connect.DAMP,damp,True,damp browser-toolbox.connect.DAMP opt e10s fission stylo webrender-sw,4767235,77,ms,firefox,,1743020867,2023-08-16 21:14:09,1983.1649264999944,3072155b3ba7258eeffe3cc96f1065c8b8eb3e4f,1288599,,,,,,,,,,,,,,,,,,,,,,,,,,,,,,,,,,,,,,,,,,,,,,,,,,,,,,,,,,,,,TN,TN
autoland,4768071,12,69b95d09da21c937720a8d3aaca237f47b683aa9,linux1804-64-shippable-qr,True,False,,,102210fe594ee9b33d82058545b1ed14f4c8206e,browser-toolbox.connect.DAMP,damp,True,damp browser-toolbox.connect.DAMP opt e10s fission stylo webrender-sw,4767235,77,ms,firefox,,1743019981,2023-08-16 21:15:06,1974.0908409999972,3b5a0c666d81128f40fa48e3e30c16c64e64b959,1288602,,,,,,,,,,,,,,,,,,,,,,,,,,,,,,,,,,,,,,,,,,,,,,,,,,,,,,,,,,,,,TN,TN
autoland,4768071,12,69b95d09da21c937720a8d3aaca237f47b683aa9,linux1804-64-shippable-qr,True,False,,,102210fe594ee9b33d82058545b1ed14f4c8206e,browser-toolbox.connect.DAMP,damp,True,damp browser-toolbox.connect.DAMP opt e10s fission stylo webrender-sw,4767235,77,ms,firefox,,1743020921,2023-08-16 21:15:59,1928.136331500005,69f670fb5c2974e05152acd3a5cf1d5c0b640d67,1288603,,,,,,,,,,,,,,,,,,,,,,,,,,,,,,,,,,,,,,,,,,,,,,,,,,,,,,,,,,,,,TN,TN
autoland,4768071,12,69b95d09da21c937720a8d3aaca237f47b683aa9,linux1804-64-shippable-qr,True,False,,,102210fe594ee9b33d82058545b1ed14f4c8206e,browser-toolbox.connect.DAMP,damp,True,damp browser-toolbox.connect.DAMP opt e10s fission stylo webrender-sw,4767235,77,ms,firefox,,1743020720,2023-08-16 22:03:36,1957.8141805000012,cda31e355b3b5a8a6b4271733f93cc9097b7e1bc,1288632,,,,,,,,,,,,,,,,,,,,,,,,,,,,,,,,,,,,,,,,,,,,,,,,,,,,,,,,,,,,,TN,TN
autoland,4768071,12,69b95d09da21c937720a8d3aaca237f47b683aa9,linux1804-64-shippable-qr,True,False,,,102210fe594ee9b33d82058545b1ed14f4c8206e,browser-toolbox.connect.DAMP,damp,True,damp browser-toolbox.connect.DAMP opt e10s fission stylo webrender-sw,4767235,77,ms,firefox,,1743023531,2023-08-16 22:03:36,1985.8537815000016,cda31e355b3b5a8a6b4271733f93cc9097b7e1bc,1288632,,,,,,,,,,,,,,,,,,,,,,,,,,,,,,,,,,,,,,,,,,,,,,,,,,,,,,,,,,,,,TN,TN
autoland,4768071,12,69b95d09da21c937720a8d3aaca237f47b683aa9,linux1804-64-shippable-qr,True,False,,,102210fe594ee9b33d82058545b1ed14f4c8206e,browser-toolbox.connect.DAMP,damp,True,damp browser-toolbox.connect.DAMP opt e10s fission stylo webrender-sw,4767235,77,ms,firefox,,1743021266,2023-08-16 22:07:07,1949.62236150002,139a53c64cf08799126c12e52c87210d0905e17c,1288635,,,,,,,,,,,,,,,,,,,,,,,,,,,,,,,,,,,,,,,,,,,,,,,,,,,,,,,,,,,,,TN,TN
autoland,4768071,12,69b95d09da21c937720a8d3aaca237f47b683aa9,linux1804-64-shippable-qr,True,False,,,102210fe594ee9b33d82058545b1ed14f4c8206e,browser-toolbox.connect.DAMP,damp,True,damp browser-toolbox.connect.DAMP opt e10s fission stylo webrender-sw,4767235,77,ms,firefox,,1743024226,2023-08-16 22:07:07,1972.4494290000184,139a53c64cf08799126c12e52c87210d0905e17c,1288635,,,,,,,,,,,,,,,,,,,,,,,,,,,,,,,,,,,,,,,,,,,,,,,,,,,,,,,,,,,,,TN,TN
autoland,4768071,12,69b95d09da21c937720a8d3aaca237f47b683aa9,linux1804-64-shippable-qr,True,False,,,102210fe594ee9b33d82058545b1ed14f4c8206e,browser-toolbox.connect.DAMP,damp,True,damp browser-toolbox.connect.DAMP opt e10s fission stylo webrender-sw,4767235,77,ms,firefox,,1741703474,2023-08-16 23:04:52,1978.980243499995,4e21d241af64f5d1f3b4796d48ab8d58a961f081,1288666,,,,,,,,,,,,,,,,,,,,,,,,,,,,,,,,,,,,,,,,,,,,,,,,,,,,,,,,,,,,,TN,TN
autoland,4768071,12,69b95d09da21c937720a8d3aaca237f47b683aa9,linux1804-64-shippable-qr,True,False,,,102210fe594ee9b33d82058545b1ed14f4c8206e,browser-toolbox.connect.DAMP,damp,True,damp browser-toolbox.connect.DAMP opt e10s fission stylo webrender-sw,4767235,77,ms,firefox,,1741719118,2023-08-16 23:22:50,1950.6599420000275,200aa08042f1b584401fd4aca219d4b68edf7973,1288675,,,,,,,,,,,,,,,,,,,,,,,,,,,,,,,,,,,,,,,,,,,,,,,,,,,,,,,,,,,,,TN,TN
autoland,4768071,12,69b95d09da21c937720a8d3aaca237f47b683aa9,linux1804-64-shippable-qr,True,False,,,102210fe594ee9b33d82058545b1ed14f4c8206e,browser-toolbox.connect.DAMP,damp,True,damp browser-toolbox.connect.DAMP opt e10s fission stylo webrender-sw,4767235,77,ms,firefox,,1743024509,2023-08-17 00:40:03,1973.6331179999904,6ddefe7e7f25c644dfffc0235e658eb491e86d5d,1288703,,,,,,,,,,,,,,,,,,,,,,,,,,,,,,,,,,,,,,,,,,,,,,,,,,,,,,,,,,,,,TN,TN
autoland,4768071,12,69b95d09da21c937720a8d3aaca237f47b683aa9,linux1804-64-shippable-qr,True,False,,,102210fe594ee9b33d82058545b1ed14f4c8206e,browser-toolbox.connect.DAMP,damp,True,damp browser-toolbox.connect.DAMP opt e10s fission stylo webrender-sw,4767235,77,ms,firefox,,1743020813,2023-08-17 01:09:58,1950.9020029999665,df174956d60e88d3a0c7c2d34a20141478e9756b,1288711,,,,,,,,,,,,,,,,,,,,,,,,,,,,,,,,,,,,,,,,,,,,,,,,,,,,,,,,,,,,,TN,TN
autoland,4768071,12,69b95d09da21c937720a8d3aaca237f47b683aa9,linux1804-64-shippable-qr,True,False,,,102210fe594ee9b33d82058545b1ed14f4c8206e,browser-toolbox.connect.DAMP,damp,True,damp browser-toolbox.connect.DAMP opt e10s fission stylo webrender-sw,4767235,77,ms,firefox,,1743024843,2023-08-17 01:10:52,1966.721094000004,44ba8ebd6477e140f1ebf3a7869de55df35c6d11,1288713,,,,,,,,,,,,,,,,,,,,,,,,,,,,,,,,,,,,,,,,,,,,,,,,,,,,,,,,,,,,,TN,TN
autoland,4768071,12,69b95d09da21c937720a8d3aaca237f47b683aa9,linux1804-64-shippable-qr,True,False,,,102210fe594ee9b33d82058545b1ed14f4c8206e,browser-toolbox.connect.DAMP,damp,True,damp browser-toolbox.connect.DAMP opt e10s fission stylo webrender-sw,4767235,77,ms,firefox,,1743022239,2023-08-17 02:25:49,1956.0654669999856,970422f6006c712e04ad97a1712a217677a7a01a,1288736,,,,,,,,,,,,,,,,,,,,,,,,,,,,,,,,,,,,,,,,,,,,,,,,,,,,,,,,,,,,,TN,TN
autoland,4768071,12,69b95d09da21c937720a8d3aaca237f47b683aa9,linux1804-64-shippable-qr,True,False,,,102210fe594ee9b33d82058545b1ed14f4c8206e,browser-toolbox.connect.DAMP,damp,True,damp browser-toolbox.connect.DAMP opt e10s fission stylo webrender-sw,4767235,77,ms,firefox,,1743020124,2023-08-17 03:01:04,1948.9335389999903,1102d2a280edce916206a06c049d675d511bf4bd,1288743,,,,,,,,,,,,,,,,,,,,,,,,,,,,,,,,,,,,,,,,,,,,,,,,,,,,,,,,,,,,,TN,TN
autoland,4768071,12,69b95d09da21c937720a8d3aaca237f47b683aa9,linux1804-64-shippable-qr,True,False,,,102210fe594ee9b33d82058545b1ed14f4c8206e,browser-toolbox.connect.DAMP,damp,True,damp browser-toolbox.connect.DAMP opt e10s fission stylo webrender-sw,4767235,77,ms,firefox,,1741818229,2023-08-17 04:16:28,1959.0252700000128,18db2934736dc8d16e5b5840ec0b170aef5c0c3b,1288753,,,,,,,,,,,,,,,,,,,,,,,,,,,,,,,,,,,,,,,,,,,,,,,,,,,,,,,,,,,,,TN,TN
autoland,4768071,12,69b95d09da21c937720a8d3aaca237f47b683aa9,linux1804-64-shippable-qr,True,False,,,102210fe594ee9b33d82058545b1ed14f4c8206e,browser-toolbox.connect.DAMP,damp,True,damp browser-toolbox.connect.DAMP opt e10s fission stylo webrender-sw,4767235,77,ms,firefox,,1741929255,2023-08-17 08:24:55,1942.331582999996,bee27401511bf375891968a9ca78d7ef74d19962,1288813,,,,,,,,,,,,,,,,,,,,,,,,,,,,,,,,,,,,,,,,,,,,,,,,,,,,,,,,,,,,,TN,TN
autoland,4768071,12,69b95d09da21c937720a8d3aaca237f47b683aa9,linux1804-64-shippable-qr,True,False,,,102210fe594ee9b33d82058545b1ed14f4c8206e,browser-toolbox.connect.DAMP,damp,True,damp browser-toolbox.connect.DAMP opt e10s fission stylo webrender-sw,4767235,77,ms,firefox,,1741999852,2023-08-17 10:09:55,1943.011104999954,78e7cb2837e7dec0ef55a2f5f383625335ad2520,1288847,,,,,,,,,,,,,,,,,,,,,,,,,,,,,,,,,,,,,,,,,,,,,,,,,,,,,,,,,,,,,TN,TN
autoland,4768071,12,69b95d09da21c937720a8d3aaca237f47b683aa9,linux1804-64-shippable-qr,True,False,,,102210fe594ee9b33d82058545b1ed14f4c8206e,browser-toolbox.connect.DAMP,damp,True,damp browser-toolbox.connect.DAMP opt e10s fission stylo webrender-sw,4767235,77,ms,firefox,,1742098542,2023-08-17 14:34:38,1969.3800850000152,776fbad509150f69418e1f44fa2580c651211253,1288953,,,,,,,,,,,,,,,,,,,,,,,,,,,,,,,,,,,,,,,,,,,,,,,,,,,,,,,,,,,,,TN,TN
autoland,4768071,12,69b95d09da21c937720a8d3aaca237f47b683aa9,linux1804-64-shippable-qr,True,False,,,102210fe594ee9b33d82058545b1ed14f4c8206e,browser-toolbox.connect.DAMP,damp,True,damp browser-toolbox.connect.DAMP opt e10s fission stylo webrender-sw,4767235,77,ms,firefox,,1742169360,2023-08-17 16:13:13,1958.1462045000223,aac1f1d71d5251ffb80e7a22087e1c473e53069d,1289025,,,,,,,,,,,,,,,,,,,,,,,,,,,,,,,,,,,,,,,,,,,,,,,,,,,,,,,,,,,,,TN,TN
autoland,4768071,12,69b95d09da21c937720a8d3aaca237f47b683aa9,linux1804-64-shippable-qr,True,False,,,102210fe594ee9b33d82058545b1ed14f4c8206e,browser-toolbox.connect.DAMP,damp,True,damp browser-toolbox.connect.DAMP opt e10s fission stylo webrender-sw,4767235,77,ms,firefox,,1742348672,2023-08-17 19:44:04,1964.9250894999968,e3a24ea4f8b0be504990cbc266d7af273804678e,1289144,,,,,,,,,,,,,,,,,,,,,,,,,,,,,,,,,,,,,,,,,,,,,,,,,,,,,,,,,,,,,TN,TN
autoland,4768071,12,69b95d09da21c937720a8d3aaca237f47b683aa9,linux1804-64-shippable-qr,True,False,,,102210fe594ee9b33d82058545b1ed14f4c8206e,browser-toolbox.connect.DAMP,damp,True,damp browser-toolbox.connect.DAMP opt e10s fission stylo webrender-sw,4767235,77,ms,firefox,,1742458640,2023-08-18 00:01:41,1981.9824484999845,990790cb4b9bfd20fd7683f2815d50585f5dcba2,1289285,,,,,,,,,,,,,,,,,,,,,,,,,,,,,,,,,,,,,,,,,,,,,,,,,,,,,,,,,,,,,TN,TN
autoland,4768071,12,69b95d09da21c937720a8d3aaca237f47b683aa9,linux1804-64-shippable-qr,True,False,,,102210fe594ee9b33d82058545b1ed14f4c8206e,browser-toolbox.connect.DAMP,damp,True,damp browser-toolbox.connect.DAMP opt e10s fission stylo webrender-sw,4767235,77,ms,firefox,,1742629497,2023-08-18 04:25:36,1952.9251870000007,deca2c956e89b8e65d2a1b0fcb79db8b991a7046,1289346,,,,,,,,,,,,,,,,,,,,,,,,,,,,,,,,,,,,,,,,,,,,,,,,,,,,,,,,,,,,,TN,TN
autoland,4768071,12,69b95d09da21c937720a8d3aaca237f47b683aa9,linux1804-64-shippable-qr,True,False,,,102210fe594ee9b33d82058545b1ed14f4c8206e,browser-toolbox.connect.DAMP,damp,True,damp browser-toolbox.connect.DAMP opt e10s fission stylo webrender-sw,4767235,77,ms,firefox,,1742665182,2023-08-18 05:21:52,1955.428409499993,87da0265a044885f5ed64cc9ce2b961721d2142e,1289351,,,,,,,,,,,,,,,,,,,,,,,,,,,,,,,,,,,,,,,,,,,,,,,,,,,,,,,,,,,,,TN,TN
autoland,4768071,12,69b95d09da21c937720a8d3aaca237f47b683aa9,linux1804-64-shippable-qr,True,False,,,102210fe594ee9b33d82058545b1ed14f4c8206e,browser-toolbox.connect.DAMP,damp,True,damp browser-toolbox.connect.DAMP opt e10s fission stylo webrender-sw,4767235,77,ms,firefox,,1742816722,2023-08-18 14:09:35,1939.9860075000036,e2305368eaae41c8b47dd15f03addc2ec4fe0504,1289469,,,,,,,,,,,,,,,,,,,,,,,,,,,,,,,,,,,,,,,,,,,,,,,,,,,,,,,,,,,,,TN,TN
autoland,4768071,12,69b95d09da21c937720a8d3aaca237f47b683aa9,linux1804-64-shippable-qr,True,False,,,102210fe594ee9b33d82058545b1ed14f4c8206e,browser-toolbox.connect.DAMP,damp,True,damp browser-toolbox.connect.DAMP opt e10s fission stylo webrender-sw,4767235,77,ms,firefox,,1742954280,2023-08-18 19:46:30,1962.4194660000069,62feb2305afdcba50bd84b58cd2ab152d53c61e7,1289627,,,,,,,,,,,,,,,,,,,,,,,,,,,,,,,,,,,,,,,,,,,,,,,,,,,,,,,,,,,,,TN,TN
autoland,4768071,12,69b95d09da21c937720a8d3aaca237f47b683aa9,linux1804-64-shippable-qr,True,False,,,102210fe594ee9b33d82058545b1ed14f4c8206e,browser-toolbox.connect.DAMP,damp,True,damp browser-toolbox.connect.DAMP opt e10s fission stylo webrender-sw,4767235,77,ms,firefox,,1743070141,2023-08-19 05:41:08,1923.6374694999977,9814020284505cbc4a6075b3b7aba216be0632f8,1289731,,,,,,,,,,,,,,,,,,,,,,,,,,,,,,,,,,,,,,,,,,,,,,,,,,,,,,,,,,,,,TN,TN
autoland,4768071,12,69b95d09da21c937720a8d3aaca237f47b683aa9,linux1804-64-shippable-qr,True,False,,,102210fe594ee9b33d82058545b1ed14f4c8206e,browser-toolbox.connect.DAMP,damp,True,damp browser-toolbox.connect.DAMP opt e10s fission stylo webrender-sw,4767235,77,ms,firefox,,1743123166,2023-08-19 11:55:58,1932.646598999996,8fefefd6da577f8b3d842ea07120af9e964c09b5,1289750,,,,,,,,,,,,,,,,,,,,,,,,,,,,,,,,,,,,,,,,,,,,,,,,,,,,,,,,,,,,,TN,TN
autoland,4768071,12,69b95d09da21c937720a8d3aaca237f47b683aa9,linux1804-64-shippable-qr,True,False,,,102210fe594ee9b33d82058545b1ed14f4c8206e,browser-toolbox.connect.DAMP,damp,True,damp browser-toolbox.connect.DAMP opt e10s fission stylo webrender-sw,4767235,77,ms,firefox,,1743147266,2023-08-19 16:49:23,1960.0688115000048,00ae001484c9ff1069878dc66b64e3cd07b706f4,1289762,,,,,,,,,,,,,,,,,,,,,,,,,,,,,,,,,,,,,,,,,,,,,,,,,,,,,,,,,,,,,TN,TN
autoland,4768071,12,69b95d09da21c937720a8d3aaca237f47b683aa9,linux1804-64-shippable-qr,True,False,,,102210fe594ee9b33d82058545b1ed14f4c8206e,browser-toolbox.connect.DAMP,damp,True,damp browser-toolbox.connect.DAMP opt e10s fission stylo webrender-sw,4767235,77,ms,firefox,,1743438431,2023-08-21 01:56:25,1928.1346844999864,80d255ac1919800d21a7e2a610fbcd6fda43ed99,1289869,,,,,,,,,,,,,,,,,,,,,,,,,,,,,,,,,,,,,,,,,,,,,,,,,,,,,,,,,,,,,TN,TN
autoland,4768071,12,69b95d09da21c937720a8d3aaca237f47b683aa9,linux1804-64-shippable-qr,True,False,,,102210fe594ee9b33d82058545b1ed14f4c8206e,browser-toolbox.connect.DAMP,damp,True,damp browser-toolbox.connect.DAMP opt e10s fission stylo webrender-sw,4767235,77,ms,firefox,,1743506029,2023-08-21 07:01:47,1928.7517810000136,a4b3b09ad08da2e5b588b641b24f767ff91e5912,1289886,,,,,,,,,,,,,,,,,,,,,,,,,,,,,,,,,,,,,,,,,,,,,,,,,,,,,,,,,,,,,TN,TN
autoland,4768071,12,69b95d09da21c937720a8d3aaca237f47b683aa9,linux1804-64-shippable-qr,True,False,,,102210fe594ee9b33d82058545b1ed14f4c8206e,browser-toolbox.connect.DAMP,damp,True,damp browser-toolbox.connect.DAMP opt e10s fission stylo webrender-sw,4767235,77,ms,firefox,,1743685761,2023-08-21 15:24:43,1979.7163594999877,bc597f54f9cf91b3284e6f593c33ca79ec723077,1290025,,,,,,,,,,,,,,,,,,,,,,,,,,,,,,,,,,,,,,,,,,,,,,,,,,,,,,,,,,,,,TN,TN
autoland,4768071,12,69b95d09da21c937720a8d3aaca237f47b683aa9,linux1804-64-shippable-qr,True,False,,,102210fe594ee9b33d82058545b1ed14f4c8206e,browser-toolbox.connect.DAMP,damp,True,damp browser-toolbox.connect.DAMP opt e10s fission stylo webrender-sw,4767235,77,ms,firefox,,1743754097,2023-08-21 19:46:12,1929.9524205000016,82b916987920b0a9e2071c575073cbcff078021a,1290082,,,,,,,,,,,,,,,,,,,,,,,,,,,,,,,,,,,,,,,,,,,,,,,,,,,,,,,,,,,,,TN,TN
autoland,4768071,12,69b95d09da21c937720a8d3aaca237f47b683aa9,linux1804-64-shippable-qr,True,False,,,102210fe594ee9b33d82058545b1ed14f4c8206e,browser-toolbox.connect.DAMP,damp,True,damp browser-toolbox.connect.DAMP opt e10s fission stylo webrender-sw,4767235,77,ms,firefox,,1743828019,2023-08-22 01:01:20,1953.6608564999915,1bbf9fc4d2dc2a1ff3ccf67fb65cedc71fcc0291,1290123,,,,,,,,,,,,,,,,,,,,,,,,,,,,,,,,,,,,,,,,,,,,,,,,,,,,,,,,,,,,,TN,TN
autoland,4768071,12,69b95d09da21c937720a8d3aaca237f47b683aa9,linux1804-64-shippable-qr,True,False,,,102210fe594ee9b33d82058545b1ed14f4c8206e,browser-toolbox.connect.DAMP,damp,True,damp browser-toolbox.connect.DAMP opt e10s fission stylo webrender-sw,4767235,77,ms,firefox,,1744035096,2023-08-22 11:50:17,1934.352100000004,81c3a95411ab3d706659872a9aedef21494cac9c,1290203,,,,,,,,,,,,,,,,,,,,,,,,,,,,,,,,,,,,,,,,,,,,,,,,,,,,,,,,,,,,,TN,TN
autoland,4768071,12,69b95d09da21c937720a8d3aaca237f47b683aa9,linux1804-64-shippable-qr,True,False,,,102210fe594ee9b33d82058545b1ed14f4c8206e,browser-toolbox.connect.DAMP,damp,True,damp browser-toolbox.connect.DAMP opt e10s fission stylo webrender-sw,4767235,77,ms,firefox,,1744221894,2023-08-22 15:58:55,1897.743716500016,eccdb961d59ca1e4315f6b2d255d638be86d8f63,1290279,,,,,,,,,,,,,,,,,,,,,,,,,,,,,,,,,,,,,,,,,,,,,,,,,,,,,,,,,,,,,TN,TN
autoland,4768071,12,69b95d09da21c937720a8d3aaca237f47b683aa9,linux1804-64-shippable-qr,True,False,,,102210fe594ee9b33d82058545b1ed14f4c8206e,browser-toolbox.connect.DAMP,damp,True,damp browser-toolbox.connect.DAMP opt e10s fission stylo webrender-sw,4767235,77,ms,firefox,,1744243750,2023-08-22 16:02:39,1636.9962935000003,ece9fb8fbedfa6acc08840151034f2468832c851,1290281,,,,,,,,,,,,,,,,,,,,,,,,,,,,,,,,,,,,,,,,,,,,,,,,,,,,,,,,,,,,,TN,TN
autoland,4768071,12,69b95d09da21c937720a8d3aaca237f47b683aa9,linux1804-64-shippable-qr,True,False,,,102210fe594ee9b33d82058545b1ed14f4c8206e,browser-toolbox.connect.DAMP,damp,True,damp browser-toolbox.connect.DAMP opt e10s fission stylo webrender-sw,4767235,77,ms,firefox,,1744328738,2023-08-22 20:17:58,1942.768484,a1487474ef2708086b96f2b3625f244382eb9f4a,1290386,,,,,,,,,,,,,,,,,,,,,,,,,,,,,,,,,,,,,,,,,,,,,,,,,,,,,,,,,,,,,TN,TN
autoland,4768071,12,69b95d09da21c937720a8d3aaca237f47b683aa9,linux1804-64-shippable-qr,True,False,,,102210fe594ee9b33d82058545b1ed14f4c8206e,browser-toolbox.connect.DAMP,damp,True,damp browser-toolbox.connect.DAMP opt e10s fission stylo webrender-sw,4767235,77,ms,firefox,,1744359216,2023-08-22 22:10:32,1951.9720624999973,959c2f0abc19c494aba15ae7513fff9f59631cc1,1290435,,,,,,,,,,,,,,,,,,,,,,,,,,,,,,,,,,,,,,,,,,,,,,,,,,,,,,,,,,,,,TN,TN
autoland,4768071,12,69b95d09da21c937720a8d3aaca237f47b683aa9,linux1804-64-shippable-qr,True,False,,,102210fe594ee9b33d82058545b1ed14f4c8206e,browser-toolbox.connect.DAMP,damp,True,damp browser-toolbox.connect.DAMP opt e10s fission stylo webrender-sw,4767235,77,ms,firefox,,1744437093,2023-08-23 02:11:44,1955.8891874999968,df1f27dc099011a97267a844e60b1350575fc73c,1290482,,,,,,,,,,,,,,,,,,,,,,,,,,,,,,,,,,,,,,,,,,,,,,,,,,,,,,,,,,,,,TN,TN
autoland,4768071,12,69b95d09da21c937720a8d3aaca237f47b683aa9,linux1804-64-shippable-qr,True,False,,,102210fe594ee9b33d82058545b1ed14f4c8206e,browser-toolbox.connect.DAMP,damp,True,damp browser-toolbox.connect.DAMP opt e10s fission stylo webrender-sw,4767235,77,ms,firefox,,1744539587,2023-08-23 06:45:25,1948.4355625000023,991ab6dbc55b4783dc5a6f561a9cc22cb4408e38,1290546,,,,,,,,,,,,,,,,,,,,,,,,,,,,,,,,,,,,,,,,,,,,,,,,,,,,,,,,,,,,,TN,TN
autoland,4768071,12,69b95d09da21c937720a8d3aaca237f47b683aa9,linux1804-64-shippable-qr,True,False,,,102210fe594ee9b33d82058545b1ed14f4c8206e,browser-toolbox.connect.DAMP,damp,True,damp browser-toolbox.connect.DAMP opt e10s fission stylo webrender-sw,4767235,77,ms,firefox,,1744557250,2023-08-23 07:14:41,1953.2539540000216,4a4d5e64aec5efa71e7c743f4c968544faee5332,1290556,,,,,,,,,,,,,,,,,,,,,,,,,,,,,,,,,,,,,,,,,,,,,,,,,,,,,,,,,,,,,TN,TN
autoland,4768071,12,69b95d09da21c937720a8d3aaca237f47b683aa9,linux1804-64-shippable-qr,True,False,,,102210fe594ee9b33d82058545b1ed14f4c8206e,browser-toolbox.connect.DAMP,damp,True,damp browser-toolbox.connect.DAMP opt e10s fission stylo webrender-sw,4767235,77,ms,firefox,,1744665211,2023-08-23 11:20:43,1947.1801760000017,c3bfc7b73e9fc06ec28663e6501728233eb0d574,1290592,,,,,,,,,,,,,,,,,,,,,,,,,,,,,,,,,,,,,,,,,,,,,,,,,,,,,,,,,,,,,TN,TN
autoland,4768071,12,69b95d09da21c937720a8d3aaca237f47b683aa9,linux1804-64-shippable-qr,True,False,,,102210fe594ee9b33d82058545b1ed14f4c8206e,browser-toolbox.connect.DAMP,damp,True,damp browser-toolbox.connect.DAMP opt e10s fission stylo webrender-sw,4767235,77,ms,firefox,,1744768085,2023-08-23 15:20:56,1945.21472,a7db5ff392b1f3d18507813fbd65458438b3cbc4,1290685,,,,,,,,,,,,,,,,,,,,,,,,,,,,,,,,,,,,,,,,,,,,,,,,,,,,,,,,,,,,,TN,TN
autoland,4768071,12,69b95d09da21c937720a8d3aaca237f47b683aa9,linux1804-64-shippable-qr,True,False,,,102210fe594ee9b33d82058545b1ed14f4c8206e,browser-toolbox.connect.DAMP,damp,True,damp browser-toolbox.connect.DAMP opt e10s fission stylo webrender-sw,4767235,77,ms,firefox,,1744837499,2023-08-23 16:55:50,1968.4894324999625,40a8041d06707a315c5f6e4b541dbe805bf34ec7,1290727,,,,,,,,,,,,,,,,,,,,,,,,,,,,,,,,,,,,,,,,,,,,,,,,,,,,,,,,,,,,,TN,TN
autoland,4768071,12,69b95d09da21c937720a8d3aaca237f47b683aa9,linux1804-64-shippable-qr,True,False,,,102210fe594ee9b33d82058545b1ed14f4c8206e,browser-toolbox.connect.DAMP,damp,True,damp browser-toolbox.connect.DAMP opt e10s fission stylo webrender-sw,4767235,77,ms,firefox,,1744897119,2023-08-23 20:58:03,1968.6090499999991,b5371614cd5a3e19ca3e500a87546023aea8eb5d,1290847,,,,,,,,,,,,,,,,,,,,,,,,,,,,,,,,,,,,,,,,,,,,,,,,,,,,,,,,,,,,,TN,TN
autoland,4768071,12,69b95d09da21c937720a8d3aaca237f47b683aa9,linux1804-64-shippable-qr,True,False,,,102210fe594ee9b33d82058545b1ed14f4c8206e,browser-toolbox.connect.DAMP,damp,True,damp browser-toolbox.connect.DAMP opt e10s fission stylo webrender-sw,4767235,77,ms,firefox,,1744995215,2023-08-23 22:59:05,1968.808568999997,25936c5809e05c5b5d28810efdfb0af9bb2f1792,1290874,,,,,,,,,,,,,,,,,,,,,,,,,,,,,,,,,,,,,,,,,,,,,,,,,,,,,,,,,,,,,TN,TN
autoland,4768071,12,69b95d09da21c937720a8d3aaca237f47b683aa9,linux1804-64-shippable-qr,True,False,,,102210fe594ee9b33d82058545b1ed14f4c8206e,browser-toolbox.connect.DAMP,damp,True,damp browser-toolbox.connect.DAMP opt e10s fission stylo webrender-sw,4767235,77,ms,firefox,,1745097543,2023-08-24 03:53:22,1964.2937404999973,332b088b314103bc02b008e08f1567f092cd6ca1,1290918,,,,,,,,,,,,,,,,,,,,,,,,,,,,,,,,,,,,,,,,,,,,,,,,,,,,,,,,,,,,,TN,TN
autoland,4768071,12,69b95d09da21c937720a8d3aaca237f47b683aa9,linux1804-64-shippable-qr,True,False,,,102210fe594ee9b33d82058545b1ed14f4c8206e,browser-toolbox.connect.DAMP,damp,True,damp browser-toolbox.connect.DAMP opt e10s fission stylo webrender-sw,4767235,77,ms,firefox,,1745207308,2023-08-24 11:04:38,1961.9574580000044,fbbf71ea5127f6cc74aab13a3817349afe93580c,1291003,,,,,,,,,,,,,,,,,,,,,,,,,,,,,,,,,,,,,,,,,,,,,,,,,,,,,,,,,,,,,TN,TN
autoland,4768071,12,69b95d09da21c937720a8d3aaca237f47b683aa9,linux1804-64-shippable-qr,True,False,,,102210fe594ee9b33d82058545b1ed14f4c8206e,browser-toolbox.connect.DAMP,damp,True,damp browser-toolbox.connect.DAMP opt e10s fission stylo webrender-sw,4767235,77,ms,firefox,,1745389300,2023-08-24 13:41:33,1979.48407449996,9d2df5cf36fbb1712a62be68c4a309e2451e2d35,1291057,,,,,,,,,,,,,,,,,,,,,,,,,,,,,,,,,,,,,,,,,,,,,,,,,,,,,,,,,,,,,TN,TN
autoland,4768071,12,69b95d09da21c937720a8d3aaca237f47b683aa9,linux1804-64-shippable-qr,True,False,,,102210fe594ee9b33d82058545b1ed14f4c8206e,browser-toolbox.connect.DAMP,damp,True,damp browser-toolbox.connect.DAMP opt e10s fission stylo webrender-sw,4767235,77,ms,firefox,,1745487773,2023-08-24 18:48:40,1959.3379725000011,6089e7f0fa57a29c6d080f135f65e146c34457d8,1291216,,,,,,,,,,,,,,,,,,,,,,,,,,,,,,,,,,,,,,,,,,,,,,,,,,,,,,,,,,,,,TN,TN
autoland,4768071,12,69b95d09da21c937720a8d3aaca237f47b683aa9,linux1804-64-shippable-qr,True,False,,,102210fe594ee9b33d82058545b1ed14f4c8206e,browser-toolbox.connect.DAMP,damp,True,damp browser-toolbox.connect.DAMP opt e10s fission stylo webrender-sw,4767235,77,ms,firefox,,1745660359,2023-08-25 00:48:43,1940.9210739999835,0129f728663fcc0bcc1f816e006f1eb2635780e4,1291339,,,,,,,,,,,,,,,,,,,,,,,,,,,,,,,,,,,,,,,,,,,,,,,,,,,,,,,,,,,,,TN,TN
autoland,4768071,12,69b95d09da21c937720a8d3aaca237f47b683aa9,linux1804-64-shippable-qr,True,False,,,102210fe594ee9b33d82058545b1ed14f4c8206e,browser-toolbox.connect.DAMP,damp,True,damp browser-toolbox.connect.DAMP opt e10s fission stylo webrender-sw,4767235,77,ms,firefox,,1745810759,2023-08-25 11:24:50,2027.0961389999864,e5ba3b52ebac2d2582cecd6122443fc024cd24c9,1291437,,,,,,,,,,,,,,,,,,,,,,,,,,,,,,,,,,,,,,,,,,,,,,,,,,,,,,,,,,,,,TN,TN
autoland,4768071,12,69b95d09da21c937720a8d3aaca237f47b683aa9,linux1804-64-shippable-qr,True,False,,,102210fe594ee9b33d82058545b1ed14f4c8206e,browser-toolbox.connect.DAMP,damp,True,damp browser-toolbox.connect.DAMP opt e10s fission stylo webrender-sw,4767235,77,ms,firefox,,1745978330,2023-08-25 15:32:54,1957.6142885000156,059b77df2394c7caf1061e1b817e004878738efa,1291507,,,,,,,,,,,,,,,,,,,,,,,,,,,,,,,,,,,,,,,,,,,,,,,,,,,,,,,,,,,,,TN,TN
autoland,4768071,12,69b95d09da21c937720a8d3aaca237f47b683aa9,linux1804-64-shippable-qr,True,False,,,102210fe594ee9b33d82058545b1ed14f4c8206e,browser-toolbox.connect.DAMP,damp,True,damp browser-toolbox.connect.DAMP opt e10s fission stylo webrender-sw,4767235,77,ms,firefox,,1746093084,2023-08-25 19:36:02,1975.8304344999924,47efe79717796bf6f3a70e5733e99a98b0d9fad4,1291599,,,,,,,,,,,,,,,,,,,,,,,,,,,,,,,,,,,,,,,,,,,,,,,,,,,,,,,,,,,,,TN,TN
autoland,4768071,12,69b95d09da21c937720a8d3aaca237f47b683aa9,linux1804-64-shippable-qr,True,False,,,102210fe594ee9b33d82058545b1ed14f4c8206e,browser-toolbox.connect.DAMP,damp,True,damp browser-toolbox.connect.DAMP opt e10s fission stylo webrender-sw,4767235,77,ms,firefox,,1746228672,2023-08-26 03:22:14,1945.7216864999791,ddc3d1e9268d9abde51f1082490491f544286b16,1291695,,,,,,,,,,,,,,,,,,,,,,,,,,,,,,,,,,,,,,,,,,,,,,,,,,,,,,,,,,,,,TN,TN
autoland,4768071,12,69b95d09da21c937720a8d3aaca237f47b683aa9,linux1804-64-shippable-qr,True,False,,,102210fe594ee9b33d82058545b1ed14f4c8206e,browser-toolbox.connect.DAMP,damp,True,damp browser-toolbox.connect.DAMP opt e10s fission stylo webrender-sw,4767235,77,ms,firefox,,1746404232,2023-08-26 13:17:30,1949.194812499998,cc8d561a9b401f3ebfda56de56c018b287d8b340,1291872,,,,,,,,,,,,,,,,,,,,,,,,,,,,,,,,,,,,,,,,,,,,,,,,,,,,,,,,,,,,,TN,TN
autoland,4768071,12,69b95d09da21c937720a8d3aaca237f47b683aa9,linux1804-64-shippable-qr,True,False,,,102210fe594ee9b33d82058545b1ed14f4c8206e,browser-toolbox.connect.DAMP,damp,True,damp browser-toolbox.connect.DAMP opt e10s fission stylo webrender-sw,4767235,77,ms,firefox,,1746596059,2023-08-26 23:47:49,1953.3376799999896,140288e1dd6073b83aa67b725aa9a96945374a82,1292019,,,,,,,,,,,,,,,,,,,,,,,,,,,,,,,,,,,,,,,,,,,,,,,,,,,,,,,,,,,,,TN,TN
autoland,4768071,12,69b95d09da21c937720a8d3aaca237f47b683aa9,linux1804-64-shippable-qr,True,False,,,102210fe594ee9b33d82058545b1ed14f4c8206e,browser-toolbox.connect.DAMP,damp,True,damp browser-toolbox.connect.DAMP opt e10s fission stylo webrender-sw,4767235,77,ms,firefox,,1746729242,2023-08-27 23:31:15,1978.839883000008,6aaf2cf582814f5a76c09fa2ac7cc760a5886134,1292080,,,,,,,,,,,,,,,,,,,,,,,,,,,,,,,,,,,,,,,,,,,,,,,,,,,,,,,,,,,,,TN,TN
autoland,4768071,12,69b95d09da21c937720a8d3aaca237f47b683aa9,linux1804-64-shippable-qr,True,False,,,102210fe594ee9b33d82058545b1ed14f4c8206e,browser-toolbox.connect.DAMP,damp,True,damp browser-toolbox.connect.DAMP opt e10s fission stylo webrender-sw,4767235,77,ms,firefox,,1746971891,2023-08-28 14:50:25,1972.8136419999937,f8e518c6ab37a0144872f6158300e1de85034002,1292276,,,,,,,,,,,,,,,,,,,,,,,,,,,,,,,,,,,,,,,,,,,,,,,,,,,,,,,,,,,,,TN,TN
autoland,4768071,12,69b95d09da21c937720a8d3aaca237f47b683aa9,linux1804-64-shippable-qr,True,False,,,102210fe594ee9b33d82058545b1ed14f4c8206e,browser-toolbox.connect.DAMP,damp,True,damp browser-toolbox.connect.DAMP opt e10s fission stylo webrender-sw,4767235,77,ms,firefox,,1747070557,2023-08-28 18:02:15,1963.197493000007,7ef66afbcd94bc7787448a9d797ec662b02fe58a,1292360,,,,,,,,,,,,,,,,,,,,,,,,,,,,,,,,,,,,,,,,,,,,,,,,,,,,,,,,,,,,,TN,TN
autoland,4768071,12,69b95d09da21c937720a8d3aaca237f47b683aa9,linux1804-64-shippable-qr,True,False,,,102210fe594ee9b33d82058545b1ed14f4c8206e,browser-toolbox.connect.DAMP,damp,True,damp browser-toolbox.connect.DAMP opt e10s fission stylo webrender-sw,4767235,77,ms,firefox,,1747148736,2023-08-28 20:37:08,1933.394419500015,9451de3148827dbd587f22175b6c0453c7a605db,1292463,,,,,,,,,,,,,,,,,,,,,,,,,,,,,,,,,,,,,,,,,,,,,,,,,,,,,,,,,,,,,TN,TN
autoland,4768071,12,69b95d09da21c937720a8d3aaca237f47b683aa9,linux1804-64-shippable-qr,True,False,,,102210fe594ee9b33d82058545b1ed14f4c8206e,browser-toolbox.connect.DAMP,damp,True,damp browser-toolbox.connect.DAMP opt e10s fission stylo webrender-sw,4767235,77,ms,firefox,,1747256030,2023-08-29 02:20:20,1971.683601500008,4cca72b5cd903bbb8bdc66098aaeb1eb12d8dddd,1292618,,,,,,,,,,,,,,,,,,,,,,,,,,,,,,,,,,,,,,,,,,,,,,,,,,,,,,,,,,,,,TN,TN
autoland,4768071,12,69b95d09da21c937720a8d3aaca237f47b683aa9,linux1804-64-shippable-qr,True,False,,,102210fe594ee9b33d82058545b1ed14f4c8206e,browser-toolbox.connect.DAMP,damp,True,damp browser-toolbox.connect.DAMP opt e10s fission stylo webrender-sw,4767235,77,ms,firefox,,1747269278,2023-08-29 03:02:37,1949.3114140000107,f79fe732a6b523e66f30e056118cdd2cff02a5ca,1292639,,,,,,,,,,,,,,,,,,,,,,,,,,,,,,,,,,,,,,,,,,,,,,,,,,,,,,,,,,,,,TN,TN
autoland,4768071,12,69b95d09da21c937720a8d3aaca237f47b683aa9,linux1804-64-shippable-qr,True,False,,,102210fe594ee9b33d82058545b1ed14f4c8206e,browser-toolbox.connect.DAMP,damp,True,damp browser-toolbox.connect.DAMP opt e10s fission stylo webrender-sw,4767235,77,ms,firefox,,1747365653,2023-08-29 07:11:54,1968.2715054999865,801325776b1492f30ec6ac7c770000fa8c894d2a,1292691,,,,,,,,,,,,,,,,,,,,,,,,,,,,,,,,,,,,,,,,,,,,,,,,,,,,,,,,,,,,,TN,TN
autoland,4768071,12,69b95d09da21c937720a8d3aaca237f47b683aa9,linux1804-64-shippable-qr,True,False,,,102210fe594ee9b33d82058545b1ed14f4c8206e,browser-toolbox.connect.DAMP,damp,True,damp browser-toolbox.connect.DAMP opt e10s fission stylo webrender-sw,4767235,77,ms,firefox,,1747509341,2023-08-29 11:18:23,1952.5731875000129,843a6e4db35622bdd606d6cdd7c0f1a05828a89e,1292770,,,,,,,,,,,,,,,,,,,,,,,,,,,,,,,,,,,,,,,,,,,,,,,,,,,,,,,,,,,,,TN,TN
autoland,4768071,12,69b95d09da21c937720a8d3aaca237f47b683aa9,linux1804-64-shippable-qr,True,False,,,102210fe594ee9b33d82058545b1ed14f4c8206e,browser-toolbox.connect.DAMP,damp,True,damp browser-toolbox.connect.DAMP opt e10s fission stylo webrender-sw,4767235,77,ms,firefox,,1747486579,2023-08-29 11:21:44,2017.7688895000465,abe9789555b5960e5b395aba02b4891c388e4839,1292771,,,,,,,,,,,,,,,,,,,,,,,,,,,,,,,,,,,,,,,,,,,,,,,,,,,,,,,,,,,,,TN,TN
autoland,4768071,12,69b95d09da21c937720a8d3aaca237f47b683aa9,linux1804-64-shippable-qr,True,False,,,102210fe594ee9b33d82058545b1ed14f4c8206e,browser-toolbox.connect.DAMP,damp,True,damp browser-toolbox.connect.DAMP opt e10s fission stylo webrender-sw,4767235,77,ms,firefox,,1747712429,2023-08-29 16:25:43,1958.1632139999929,0bb8944a5c2a783f353dc7595b2171844923a934,1292913,,,,,,,,,,,,,,,,,,,,,,,,,,,,,,,,,,,,,,,,,,,,,,,,,,,,,,,,,,,,,TN,TN
autoland,4768071,12,69b95d09da21c937720a8d3aaca237f47b683aa9,linux1804-64-shippable-qr,True,False,,,102210fe594ee9b33d82058545b1ed14f4c8206e,browser-toolbox.connect.DAMP,damp,True,damp browser-toolbox.connect.DAMP opt e10s fission stylo webrender-sw,4767235,77,ms,firefox,,1747803615,2023-08-29 20:54:58,1946.827154999999,16c71fac642647b97c85d086e54342a5addaaf13,1293039,,,,,,,,,,,,,,,,,,,,,,,,,,,,,,,,,,,,,,,,,,,,,,,,,,,,,,,,,,,,,TN,TN
autoland,4768071,12,69b95d09da21c937720a8d3aaca237f47b683aa9,linux1804-64-shippable-qr,True,False,,,102210fe594ee9b33d82058545b1ed14f4c8206e,browser-toolbox.connect.DAMP,damp,True,damp browser-toolbox.connect.DAMP opt e10s fission stylo webrender-sw,4767235,77,ms,firefox,,1747868550,2023-08-30 01:49:26,1938.9148290000085,34dcd8f28e9a642600425b3383df225859ea91cd,1293133,,,,,,,,,,,,,,,,,,,,,,,,,,,,,,,,,,,,,,,,,,,,,,,,,,,,,,,,,,,,,TN,TN
autoland,4768071,12,69b95d09da21c937720a8d3aaca237f47b683aa9,linux1804-64-shippable-qr,True,False,,,102210fe594ee9b33d82058545b1ed14f4c8206e,browser-toolbox.connect.DAMP,damp,True,damp browser-toolbox.connect.DAMP opt e10s fission stylo webrender-sw,4767235,77,ms,firefox,,1748011994,2023-08-30 13:43:19,1956.7490294999843,379bb5e39311a7878ea31b7eb0dd39fdef1ab15a,1293343,,,,,,,,,,,,,,,,,,,,,,,,,,,,,,,,,,,,,,,,,,,,,,,,,,,,,,,,,,,,,TN,TN
autoland,4768071,12,69b95d09da21c937720a8d3aaca237f47b683aa9,linux1804-64-shippable-qr,True,False,,,102210fe594ee9b33d82058545b1ed14f4c8206e,browser-toolbox.connect.DAMP,damp,True,damp browser-toolbox.connect.DAMP opt e10s fission stylo webrender-sw,4767235,77,ms,firefox,,1748072801,2023-08-30 16:15:47,1961.0357610000028,f648d27187b6f45ac21ab6bf0ca9673dcfc55cf4,1293412,,,,,,,,,,,,,,,,,,,,,,,,,,,,,,,,,,,,,,,,,,,,,,,,,,,,,,,,,,,,,TN,TN
autoland,4768071,12,69b95d09da21c937720a8d3aaca237f47b683aa9,linux1804-64-shippable-qr,True,False,,,102210fe594ee9b33d82058545b1ed14f4c8206e,browser-toolbox.connect.DAMP,damp,True,damp browser-toolbox.connect.DAMP opt e10s fission stylo webrender-sw,4767235,77,ms,firefox,,1748159858,2023-08-30 20:58:03,1950.5866145000184,7643e2c34ec4fce31fb741b2e7003adc7e547e36,1293585,,,,,,,,,,,,,,,,,,,,,,,,,,,,,,,,,,,,,,,,,,,,,,,,,,,,,,,,,,,,,TN,TN
autoland,4768071,12,69b95d09da21c937720a8d3aaca237f47b683aa9,linux1804-64-shippable-qr,True,False,,,102210fe594ee9b33d82058545b1ed14f4c8206e,browser-toolbox.connect.DAMP,damp,True,damp browser-toolbox.connect.DAMP opt e10s fission stylo webrender-sw,4767235,77,ms,firefox,,1748216410,2023-08-30 23:31:09,1971.8240945000036,8db6a3b432759fd37b677c455c7d9ecedafd7e77,1293654,,,,,,,,,,,,,,,,,,,,,,,,,,,,,,,,,,,,,,,,,,,,,,,,,,,,,,,,,,,,,TN,TN
autoland,4768071,12,69b95d09da21c937720a8d3aaca237f47b683aa9,linux1804-64-shippable-qr,True,False,,,102210fe594ee9b33d82058545b1ed14f4c8206e,browser-toolbox.connect.DAMP,damp,True,damp browser-toolbox.connect.DAMP opt e10s fission stylo webrender-sw,4767235,77,ms,firefox,,1748243788,2023-08-31 03:36:38,2014.391023500008,bcc1470439818e29a38c29432af9fd130b8ec931,1293720,,,,,,,,,,,,,,,,,,,,,,,,,,,,,,,,,,,,,,,,,,,,,,,,,,,,,,,,,,,,,TN,TN
autoland,4768071,12,69b95d09da21c937720a8d3aaca237f47b683aa9,linux1804-64-shippable-qr,True,False,,,102210fe594ee9b33d82058545b1ed14f4c8206e,browser-toolbox.connect.DAMP,damp,True,damp browser-toolbox.connect.DAMP opt e10s fission stylo webrender-sw,4767235,77,ms,firefox,,1748344789,2023-08-31 09:19:24,1963.0798595000088,e2d1d56b4cb882f210d71f021a2f804a56d718e6,1293811,,,,,,,,,,,,,,,,,,,,,,,,,,,,,,,,,,,,,,,,,,,,,,,,,,,,,,,,,,,,,TN,TN
autoland,4768071,12,69b95d09da21c937720a8d3aaca237f47b683aa9,linux1804-64-shippable-qr,True,False,,,102210fe594ee9b33d82058545b1ed14f4c8206e,browser-toolbox.connect.DAMP,damp,True,damp browser-toolbox.connect.DAMP opt e10s fission stylo webrender-sw,4767235,77,ms,firefox,,1748481125,2023-08-31 14:04:37,1947.577162499991,79fd00522da11013e2076ceccfd842c54d2f0822,1293937,,,,,,,,,,,,,,,,,,,,,,,,,,,,,,,,,,,,,,,,,,,,,,,,,,,,,,,,,,,,,TN,TN
autoland,4768071,12,69b95d09da21c937720a8d3aaca237f47b683aa9,linux1804-64-shippable-qr,True,False,,,102210fe594ee9b33d82058545b1ed14f4c8206e,browser-toolbox.connect.DAMP,damp,True,damp browser-toolbox.connect.DAMP opt e10s fission stylo webrender-sw,4767235,77,ms,firefox,,1748630437,2023-08-31 18:09:30,1976.0314914999765,bd48139a6966dfb067c7b31bdf2021bd85a1f6a9,1294069,,,,,,,,,,,,,,,,,,,,,,,,,,,,,,,,,,,,,,,,,,,,,,,,,,,,,,,,,,,,,TN,TN
autoland,4768071,12,69b95d09da21c937720a8d3aaca237f47b683aa9,linux1804-64-shippable-qr,True,False,,,102210fe594ee9b33d82058545b1ed14f4c8206e,browser-toolbox.connect.DAMP,damp,True,damp browser-toolbox.connect.DAMP opt e10s fission stylo webrender-sw,4767235,77,ms,firefox,,1748679458,2023-08-31 19:33:29,1969.3247489999883,a0d77e120c268cc1e877891df07436c1128dde4f,1294123,,,,,,,,,,,,,,,,,,,,,,,,,,,,,,,,,,,,,,,,,,,,,,,,,,,,,,,,,,,,,TN,TN
autoland,4768071,12,69b95d09da21c937720a8d3aaca237f47b683aa9,linux1804-64-shippable-qr,True,False,,,102210fe594ee9b33d82058545b1ed14f4c8206e,browser-toolbox.connect.DAMP,damp,True,damp browser-toolbox.connect.DAMP opt e10s fission stylo webrender-sw,4767235,77,ms,firefox,,1748753754,2023-09-01 00:39:38,1969.1403549999525,27ce38e0ae179241f6afc83c246df3113fc76eb5,1294315,,,,,,,,,,,,,,,,,,,,,,,,,,,,,,,,,,,,,,,,,,,,,,,,,,,,,,,,,,,,,TN,TN
autoland,4768071,12,69b95d09da21c937720a8d3aaca237f47b683aa9,linux1804-64-shippable-qr,True,False,,,102210fe594ee9b33d82058545b1ed14f4c8206e,browser-toolbox.connect.DAMP,damp,True,damp browser-toolbox.connect.DAMP opt e10s fission stylo webrender-sw,4767235,77,ms,firefox,,1748774495,2023-09-01 01:00:26,1960.535969999968,9034f1db1295f77ef75c8afa9ac280788649b1c4,1294322,,,,,,,,,,,,,,,,,,,,,,,,,,,,,,,,,,,,,,,,,,,,,,,,,,,,,,,,,,,,,TN,TN
autoland,4768071,12,69b95d09da21c937720a8d3aaca237f47b683aa9,linux1804-64-shippable-qr,True,False,,,102210fe594ee9b33d82058545b1ed14f4c8206e,browser-toolbox.connect.DAMP,damp,True,damp browser-toolbox.connect.DAMP opt e10s fission stylo webrender-sw,4767235,77,ms,firefox,,1748916069,2023-09-01 06:26:09,1968.228748499998,ae769caa17a3a27e7fed2cfd78ea439adf051dc8,1294426,,,,,,,,,,,,,,,,,,,,,,,,,,,,,,,,,,,,,,,,,,,,,,,,,,,,,,,,,,,,,TN,TN
autoland,4768071,12,69b95d09da21c937720a8d3aaca237f47b683aa9,linux1804-64-shippable-qr,True,False,,,102210fe594ee9b33d82058545b1ed14f4c8206e,browser-toolbox.connect.DAMP,damp,True,damp browser-toolbox.connect.DAMP opt e10s fission stylo webrender-sw,4767235,77,ms,firefox,,1749072817,2023-09-01 10:42:21,1954.179470499992,2e446d8859cc4a60faa49f68ed5445c534e47850,1294509,,,,,,,,,,,,,,,,,,,,,,,,,,,,,,,,,,,,,,,,,,,,,,,,,,,,,,,,,,,,,TN,TN
autoland,4768071,12,69b95d09da21c937720a8d3aaca237f47b683aa9,linux1804-64-shippable-qr,True,False,,,102210fe594ee9b33d82058545b1ed14f4c8206e,browser-toolbox.connect.DAMP,damp,True,damp browser-toolbox.connect.DAMP opt e10s fission stylo webrender-sw,4767235,77,ms,firefox,,1749100411,2023-09-01 11:44:59,1933.5202810000048,bf57203fdaf0f91ccecca73cc02286e5c20686be,1294532,,,,,,,,,,,,,,,,,,,,,,,,,,,,,,,,,,,,,,,,,,,,,,,,,,,,,,,,,,,,,TN,TN
autoland,4768071,12,69b95d09da21c937720a8d3aaca237f47b683aa9,linux1804-64-shippable-qr,True,False,,,102210fe594ee9b33d82058545b1ed14f4c8206e,browser-toolbox.connect.DAMP,damp,True,damp browser-toolbox.connect.DAMP opt e10s fission stylo webrender-sw,4767235,77,ms,firefox,,1749189173,2023-09-01 15:47:54,1937.715555500003,ad7684944accdb72fb27cae1118a774a95ed9c55,1294651,,,,,,,,,,,,,,,,,,,,,,,,,,,,,,,,,,,,,,,,,,,,,,,,,,,,,,,,,,,,,TN,TN
autoland,4768071,12,69b95d09da21c937720a8d3aaca237f47b683aa9,linux1804-64-shippable-qr,True,False,,,102210fe594ee9b33d82058545b1ed14f4c8206e,browser-toolbox.connect.DAMP,damp,True,damp browser-toolbox.connect.DAMP opt e10s fission stylo webrender-sw,4767235,77,ms,firefox,,1749233168,2023-09-01 17:12:14,1961.356234499952,fccf186ac4e88bf822ac830ba689a15017be05e1,1294691,,,,,,,,,,,,,,,,,,,,,,,,,,,,,,,,,,,,,,,,,,,,,,,,,,,,,,,,,,,,,TN,TN
autoland,4768071,12,69b95d09da21c937720a8d3aaca237f47b683aa9,linux1804-64-shippable-qr,True,False,,,102210fe594ee9b33d82058545b1ed14f4c8206e,browser-toolbox.connect.DAMP,damp,True,damp browser-toolbox.connect.DAMP opt e10s fission stylo webrender-sw,4767235,77,ms,firefox,,1749505792,2023-09-02 01:00:47,1983.1623634999703,99eed791079c7b72126fee110226a0f9c519a053,1294900,,,,,,,,,,,,,,,,,,,,,,,,,,,,,,,,,,,,,,,,,,,,,,,,,,,,,,,,,,,,,TN,TN
autoland,4768071,12,69b95d09da21c937720a8d3aaca237f47b683aa9,linux1804-64-shippable-qr,True,False,,,102210fe594ee9b33d82058545b1ed14f4c8206e,browser-toolbox.connect.DAMP,damp,True,damp browser-toolbox.connect.DAMP opt e10s fission stylo webrender-sw,4767235,77,ms,firefox,,1749566435,2023-09-02 06:50:37,1967.579019999976,0d100cd406fac31edd725aaa2ca36c72593b7207,1294943,,,,,,,,,,,,,,,,,,,,,,,,,,,,,,,,,,,,,,,,,,,,,,,,,,,,,,,,,,,,,TN,TN
autoland,4768071,12,69b95d09da21c937720a8d3aaca237f47b683aa9,linux1804-64-shippable-qr,True,False,,,102210fe594ee9b33d82058545b1ed14f4c8206e,browser-toolbox.connect.DAMP,damp,True,damp browser-toolbox.connect.DAMP opt e10s fission stylo webrender-sw,4767235,77,ms,firefox,,1749620620,2023-09-02 11:43:51,1988.499523999999,66f85436a9395093f71f506f8cdc16623cbbb38e,1294960,,,,,,,,,,,,,,,,,,,,,,,,,,,,,,,,,,,,,,,,,,,,,,,,,,,,,,,,,,,,,TN,TN
autoland,4768071,12,69b95d09da21c937720a8d3aaca237f47b683aa9,linux1804-64-shippable-qr,True,False,,,102210fe594ee9b33d82058545b1ed14f4c8206e,browser-toolbox.connect.DAMP,damp,True,damp browser-toolbox.connect.DAMP opt e10s fission stylo webrender-sw,4767235,77,ms,firefox,,1749648845,2023-09-02 16:16:12,1987.2354239999693,ee62282ee19c0c3cceebbdb2cd283127260a46d6,1294982,,,,,,,,,,,,,,,,,,,,,,,,,,,,,,,,,,,,,,,,,,,,,,,,,,,,,,,,,,,,,TN,TN
autoland,4768071,12,69b95d09da21c937720a8d3aaca237f47b683aa9,linux1804-64-shippable-qr,True,False,,,102210fe594ee9b33d82058545b1ed14f4c8206e,browser-toolbox.connect.DAMP,damp,True,damp browser-toolbox.connect.DAMP opt e10s fission stylo webrender-sw,4767235,77,ms,firefox,,1749845798,2023-09-03 15:28:00,1979.4080735000025,e2d4c17692b7650a5aefa27823ab8cb72dc06fe6,1295071,,,,,,,,,,,,,,,,,,,,,,,,,,,,,,,,,,,,,,,,,,,,,,,,,,,,,,,,,,,,,TN,TN
autoland,4768071,12,69b95d09da21c937720a8d3aaca237f47b683aa9,linux1804-64-shippable-qr,True,False,,,102210fe594ee9b33d82058545b1ed14f4c8206e,browser-toolbox.connect.DAMP,damp,True,damp browser-toolbox.connect.DAMP opt e10s fission stylo webrender-sw,4767235,77,ms,firefox,,1749873605,2023-09-03 17:48:29,1975.4558235000004,39747a728e31525f254d25d9fa323a491dda5b09,1295079,,,,,,,,,,,,,,,,,,,,,,,,,,,,,,,,,,,,,,,,,,,,,,,,,,,,,,,,,,,,,TN,TN
autoland,4768071,12,69b95d09da21c937720a8d3aaca237f47b683aa9,linux1804-64-shippable-qr,True,False,,,102210fe594ee9b33d82058545b1ed14f4c8206e,browser-toolbox.connect.DAMP,damp,True,damp browser-toolbox.connect.DAMP opt e10s fission stylo webrender-sw,4767235,77,ms,firefox,,1749976036,2023-09-04 00:54:15,1948.9260339999887,9398dc74275ecd37eab02b496051302e67ce059f,1295103,,,,,,,,,,,,,,,,,,,,,,,,,,,,,,,,,,,,,,,,,,,,,,,,,,,,,,,,,,,,,TN,TN
autoland,4768071,12,69b95d09da21c937720a8d3aaca237f47b683aa9,linux1804-64-shippable-qr,True,False,,,102210fe594ee9b33d82058545b1ed14f4c8206e,browser-toolbox.connect.DAMP,damp,True,damp browser-toolbox.connect.DAMP opt e10s fission stylo webrender-sw,4767235,77,ms,firefox,,1750040772,2023-09-04 05:09:42,1967.453724499981,738c0a460acb30ab2ab419f4c0dc93fa9af200d6,1295121,,,,,,,,,,,,,,,,,,,,,,,,,,,,,,,,,,,,,,,,,,,,,,,,,,,,,,,,,,,,,TN,TN
autoland,4768071,12,69b95d09da21c937720a8d3aaca237f47b683aa9,linux1804-64-shippable-qr,True,False,,,102210fe594ee9b33d82058545b1ed14f4c8206e,browser-toolbox.connect.DAMP,damp,True,damp browser-toolbox.connect.DAMP opt e10s fission stylo webrender-sw,4767235,77,ms,firefox,,1750081771,2023-09-04 08:06:31,1876.23887500001,5378e223b13ecd8d32d6afddc956d8bdca322ef0,1295171,,,,,,,,,,,,,,,,,,,,,,,,,,,,,,,,,,,,,,,,,,,,,,,,,,,,,,,,,,,,,TN,TN
autoland,4768071,12,69b95d09da21c937720a8d3aaca237f47b683aa9,linux1804-64-shippable-qr,True,False,,,102210fe594ee9b33d82058545b1ed14f4c8206e,browser-toolbox.connect.DAMP,damp,True,damp browser-toolbox.connect.DAMP opt e10s fission stylo webrender-sw,4767235,77,ms,firefox,,1750211330,2023-09-04 12:17:38,1965.5062669999609,16cc1aa2701e0b2cf32665cee19dc11308a4760a,1295286,,,,,,,,,,,,,,,,,,,,,,,,,,,,,,,,,,,,,,,,,,,,,,,,,,,,,,,,,,,,,TN,TN
autoland,4768071,12,69b95d09da21c937720a8d3aaca237f47b683aa9,linux1804-64-shippable-qr,True,False,,,102210fe594ee9b33d82058545b1ed14f4c8206e,browser-toolbox.connect.DAMP,damp,True,damp browser-toolbox.connect.DAMP opt e10s fission stylo webrender-sw,4767235,77,ms,firefox,,1750332992,2023-09-04 20:09:20,1965.7093865000024,2c0ab3a7f1f3e1e095a0175f8a6096d10a311a5a,1295407,,,,,,,,,,,,,,,,,,,,,,,,,,,,,,,,,,,,,,,,,,,,,,,,,,,,,,,,,,,,,TN,TN
autoland,4768071,12,69b95d09da21c937720a8d3aaca237f47b683aa9,linux1804-64-shippable-qr,True,False,,,102210fe594ee9b33d82058545b1ed14f4c8206e,browser-toolbox.connect.DAMP,damp,True,damp browser-toolbox.connect.DAMP opt e10s fission stylo webrender-sw,4767235,77,ms,firefox,,1750388387,2023-09-05 01:26:26,1949.2030609999929,530fe27f752d2f1fa88cd1013b419d7c1ca1a2e0,1295456,,,,,,,,,,,,,,,,,,,,,,,,,,,,,,,,,,,,,,,,,,,,,,,,,,,,,,,,,,,,,TN,TN
autoland,4768071,12,69b95d09da21c937720a8d3aaca237f47b683aa9,linux1804-64-shippable-qr,True,False,,,102210fe594ee9b33d82058545b1ed14f4c8206e,browser-toolbox.connect.DAMP,damp,True,damp browser-toolbox.connect.DAMP opt e10s fission stylo webrender-sw,4767235,77,ms,firefox,,1750493311,2023-09-05 06:45:05,1966.509527999984,55f5393d14f682f76c2d9f9c857c9f0890ee2a7f,1295504,,,,,,,,,,,,,,,,,,,,,,,,,,,,,,,,,,,,,,,,,,,,,,,,,,,,,,,,,,,,,TN,TN
autoland,4768071,12,69b95d09da21c937720a8d3aaca237f47b683aa9,linux1804-64-shippable-qr,True,False,,,102210fe594ee9b33d82058545b1ed14f4c8206e,browser-toolbox.connect.DAMP,damp,True,damp browser-toolbox.connect.DAMP opt e10s fission stylo webrender-sw,4767235,77,ms,firefox,,1750592784,2023-09-05 11:29:45,1937.1816320000107,27708fc6f6648945c105baa6a5c63f9d62f265b5,1295622,,,,,,,,,,,,,,,,,,,,,,,,,,,,,,,,,,,,,,,,,,,,,,,,,,,,,,,,,,,,,TN,TN
autoland,4768071,12,69b95d09da21c937720a8d3aaca237f47b683aa9,linux1804-64-shippable-qr,True,False,,,102210fe594ee9b33d82058545b1ed14f4c8206e,browser-toolbox.connect.DAMP,damp,True,damp browser-toolbox.connect.DAMP opt e10s fission stylo webrender-sw,4767235,77,ms,firefox,,1750609296,2023-09-05 11:45:39,1959.6412345000065,42d664dd03163fb19554f6e18c4163b8622b4401,1295627,,,,,,,,,,,,,,,,,,,,,,,,,,,,,,,,,,,,,,,,,,,,,,,,,,,,,,,,,,,,,TN,TN
autoland,4768071,12,69b95d09da21c937720a8d3aaca237f47b683aa9,linux1804-64-shippable-qr,True,False,,,102210fe594ee9b33d82058545b1ed14f4c8206e,browser-toolbox.connect.DAMP,damp,True,damp browser-toolbox.connect.DAMP opt e10s fission stylo webrender-sw,4767235,77,ms,firefox,,1750685199,2023-09-05 15:46:18,1957.199190499974,40053facf08c6ea9bc6a6f5ae223a6faa89ebc08,1295770,,,,,,,,,,,,,,,,,,,,,,,,,,,,,,,,,,,,,,,,,,,,,,,,,,,,,,,,,,,,,TN,TN
autoland,4768071,12,69b95d09da21c937720a8d3aaca237f47b683aa9,linux1804-64-shippable-qr,True,False,,,102210fe594ee9b33d82058545b1ed14f4c8206e,browser-toolbox.connect.DAMP,damp,True,damp browser-toolbox.connect.DAMP opt e10s fission stylo webrender-sw,4767235,77,ms,firefox,,1750723901,2023-09-05 16:15:45,1952.272678999987,08da3ca498f61eb9acb594038c5e764cfb37d735,1295791,,,,,,,,,,,,,,,,,,,,,,,,,,,,,,,,,,,,,,,,,,,,,,,,,,,,,,,,,,,,,TN,TN
autoland,4768071,12,69b95d09da21c937720a8d3aaca237f47b683aa9,linux1804-64-shippable-qr,True,False,,,102210fe594ee9b33d82058545b1ed14f4c8206e,browser-toolbox.connect.DAMP,damp,True,damp browser-toolbox.connect.DAMP opt e10s fission stylo webrender-sw,4767235,77,ms,firefox,,1750837947,2023-09-05 19:25:11,1980.2838200000117,e6278ccb302b74ca329c17e5d00508b795c54eec,1295926,,,,,,,,,,,,,,,,,,,,,,,,,,,,,,,,,,,,,,,,,,,,,,,,,,,,,,,,,,,,,TN,TN
autoland,4768071,12,69b95d09da21c937720a8d3aaca237f47b683aa9,linux1804-64-shippable-qr,True,False,,,102210fe594ee9b33d82058545b1ed14f4c8206e,browser-toolbox.connect.DAMP,damp,True,damp browser-toolbox.connect.DAMP opt e10s fission stylo webrender-sw,4767235,77,ms,firefox,,1750966158,2023-09-05 23:38:09,1969.2119694999965,b34280e9a0872e3b3f0893cd3bd78bf94b421612,1296071,,,,,,,,,,,,,,,,,,,,,,,,,,,,,,,,,,,,,,,,,,,,,,,,,,,,,,,,,,,,,TN,TN
autoland,4768071,12,69b95d09da21c937720a8d3aaca237f47b683aa9,linux1804-64-shippable-qr,True,False,,,102210fe594ee9b33d82058545b1ed14f4c8206e,browser-toolbox.connect.DAMP,damp,True,damp browser-toolbox.connect.DAMP opt e10s fission stylo webrender-sw,4767235,77,ms,firefox,,1751011082,2023-09-06 00:54:53,1969.0239300000176,ff7e2e9adbc1753b1f3e01a3f2eb8a91bb911418,1296116,,,,,,,,,,,,,,,,,,,,,,,,,,,,,,,,,,,,,,,,,,,,,,,,,,,,,,,,,,,,,TN,TN
autoland,4768071,12,69b95d09da21c937720a8d3aaca237f47b683aa9,linux1804-64-shippable-qr,True,False,,,102210fe594ee9b33d82058545b1ed14f4c8206e,browser-toolbox.connect.DAMP,damp,True,damp browser-toolbox.connect.DAMP opt e10s fission stylo webrender-sw,4767235,77,ms,firefox,,1752325889,2023-09-06 03:07:52,1956.730176500016,2db480f4c51c2178bf420a39b77d9392f7f5c6bf,1296153,,,,,,,,,,,,,,,,,,,,,,,,,,,,,,,,,,,,,,,,,,,,,,,,,,,,,,,,,,,,,TN,TN
autoland,4768071,12,69b95d09da21c937720a8d3aaca237f47b683aa9,linux1804-64-shippable-qr,True,False,,,102210fe594ee9b33d82058545b1ed14f4c8206e,browser-toolbox.connect.DAMP,damp,True,damp browser-toolbox.connect.DAMP opt e10s fission stylo webrender-sw,4767235,77,ms,firefox,,1752326275,2023-09-06 03:26:33,2015.7866005000103,58584768dbb1a72cc624b914a0d8ddc4c6d60940,1296156,,,,,,,,,,,,,,,,,,,,,,,,,,,,,,,,,,,,,,,,,,,,,,,,,,,,,,,,,,,,,TN,TN
autoland,4768071,12,69b95d09da21c937720a8d3aaca237f47b683aa9,linux1804-64-shippable-qr,True,False,,,102210fe594ee9b33d82058545b1ed14f4c8206e,browser-toolbox.connect.DAMP,damp,True,damp browser-toolbox.connect.DAMP opt e10s fission stylo webrender-sw,4767235,77,ms,firefox,,1752325999,2023-09-06 03:50:16,2027.744536500002,369e38fa43bddf8e738f7d7ebcc5f3c4a74d89c2,1296161,,,,,,,,,,,,,,,,,,,,,,,,,,,,,,,,,,,,,,,,,,,,,,,,,,,,,,,,,,,,,TN,TN
autoland,4768071,12,69b95d09da21c937720a8d3aaca237f47b683aa9,linux1804-64-shippable-qr,True,False,,,102210fe594ee9b33d82058545b1ed14f4c8206e,browser-toolbox.connect.DAMP,damp,True,damp browser-toolbox.connect.DAMP opt e10s fission stylo webrender-sw,4767235,77,ms,firefox,,1751088106,2023-09-06 05:00:41,1994.8154195000243,5c56b92baa65aa27df61f84718594767ef8f26f4,1296186,,,,,,,,,,,,,,,,,,,,,,,,,,,,,,,,,,,,,,,,,,,,,,,,,,,,,,,,,,,,,TN,TN
autoland,4768071,12,69b95d09da21c937720a8d3aaca237f47b683aa9,linux1804-64-shippable-qr,True,False,,,102210fe594ee9b33d82058545b1ed14f4c8206e,browser-toolbox.connect.DAMP,damp,True,damp browser-toolbox.connect.DAMP opt e10s fission stylo webrender-sw,4767235,77,ms,firefox,,1752326177,2023-09-06 07:00:29,1952.2262809999884,1f1e8f5c546e5369f2e23a81eaf17ecb68a78e1c,1296212,,,,,,,,,,,,,,,,,,,,,,,,,,,,,,,,,,,,,,,,,,,,,,,,,,,,,,,,,,,,,TN,TN
autoland,4768071,12,69b95d09da21c937720a8d3aaca237f47b683aa9,linux1804-64-shippable-qr,True,False,,,102210fe594ee9b33d82058545b1ed14f4c8206e,browser-toolbox.connect.DAMP,damp,True,damp browser-toolbox.connect.DAMP opt e10s fission stylo webrender-sw,4767235,77,ms,firefox,,1752326312,2023-09-06 07:00:29,1976.7811055000057,1f1e8f5c546e5369f2e23a81eaf17ecb68a78e1c,1296212,,,,,,,,,,,,,,,,,,,,,,,,,,,,,,,,,,,,,,,,,,,,,,,,,,,,,,,,,,,,,TN,TN
autoland,4768071,12,69b95d09da21c937720a8d3aaca237f47b683aa9,linux1804-64-shippable-qr,True,False,,,102210fe594ee9b33d82058545b1ed14f4c8206e,browser-toolbox.connect.DAMP,damp,True,damp browser-toolbox.connect.DAMP opt e10s fission stylo webrender-sw,4767235,77,ms,firefox,,1752326587,2023-09-06 07:32:47,1964.2934754999917,8b72bb550f87725450a5bddcbd33643c7680b4e1,1296219,,,,,,,,,,,,,,,,,,,,,,,,,,,,,,,,,,,,,,,,,,,,,,,,,,,,,,,,,,,,,TN,TN
autoland,4768071,12,69b95d09da21c937720a8d3aaca237f47b683aa9,linux1804-64-shippable-qr,True,False,,,102210fe594ee9b33d82058545b1ed14f4c8206e,browser-toolbox.connect.DAMP,damp,True,damp browser-toolbox.connect.DAMP opt e10s fission stylo webrender-sw,4767235,77,ms,firefox,,1752326468,2023-09-06 07:32:47,2015.585455500026,8b72bb550f87725450a5bddcbd33643c7680b4e1,1296219,,,,,,,,,,,,,,,,,,,,,,,,,,,,,,,,,,,,,,,,,,,,,,,,,,,,,,,,,,,,,TN,TN
autoland,4768071,12,69b95d09da21c937720a8d3aaca237f47b683aa9,linux1804-64-shippable-qr,True,False,,,102210fe594ee9b33d82058545b1ed14f4c8206e,browser-toolbox.connect.DAMP,damp,True,damp browser-toolbox.connect.DAMP opt e10s fission stylo webrender-sw,4767235,77,ms,firefox,,1752326534,2023-09-06 08:30:47,1985.8499079999888,cee5a63949800c23b6e3e05171820320b507fe57,1296236,,,,,,,,,,,,,,,,,,,,,,,,,,,,,,,,,,,,,,,,,,,,,,,,,,,,,,,,,,,,,TN,TN
autoland,4768071,12,69b95d09da21c937720a8d3aaca237f47b683aa9,linux1804-64-shippable-qr,True,False,,,102210fe594ee9b33d82058545b1ed14f4c8206e,browser-toolbox.connect.DAMP,damp,True,damp browser-toolbox.connect.DAMP opt e10s fission stylo webrender-sw,4767235,77,ms,firefox,,1752326663,2023-09-06 08:30:47,1946.434230999992,cee5a63949800c23b6e3e05171820320b507fe57,1296236,,,,,,,,,,,,,,,,,,,,,,,,,,,,,,,,,,,,,,,,,,,,,,,,,,,,,,,,,,,,,TN,TN
autoland,4768071,12,69b95d09da21c937720a8d3aaca237f47b683aa9,linux1804-64-shippable-qr,True,False,,,102210fe594ee9b33d82058545b1ed14f4c8206e,browser-toolbox.connect.DAMP,damp,True,damp browser-toolbox.connect.DAMP opt e10s fission stylo webrender-sw,4767235,77,ms,firefox,,1752326743,2023-09-06 08:53:26,2003.277114999997,1109b400168a4c704e4223ed3fb42a95cca3cb0e,1296248,,,,,,,,,,,,,,,,,,,,,,,,,,,,,,,,,,,,,,,,,,,,,,,,,,,,,,,,,,,,,TN,TN
autoland,4768071,12,69b95d09da21c937720a8d3aaca237f47b683aa9,linux1804-64-shippable-qr,True,False,,,102210fe594ee9b33d82058545b1ed14f4c8206e,browser-toolbox.connect.DAMP,damp,True,damp browser-toolbox.connect.DAMP opt e10s fission stylo webrender-sw,4767235,77,ms,firefox,,1752326817,2023-09-06 08:53:26,1956.5043480000024,1109b400168a4c704e4223ed3fb42a95cca3cb0e,1296248,,,,,,,,,,,,,,,,,,,,,,,,,,,,,,,,,,,,,,,,,,,,,,,,,,,,,,,,,,,,,TN,TN
autoland,4768071,12,69b95d09da21c937720a8d3aaca237f47b683aa9,linux1804-64-shippable-qr,True,False,,,102210fe594ee9b33d82058545b1ed14f4c8206e,browser-toolbox.connect.DAMP,damp,True,damp browser-toolbox.connect.DAMP opt e10s fission stylo webrender-sw,4767235,77,ms,firefox,,1752326964,2023-09-06 08:54:18,1963.7646460000544,bcda86efab041a233296b0d228b4141180af6211,1296250,,,,,,,,,,,,,,,,,,,,,,,,,,,,,,,,,,,,,,,,,,,,,,,,,,,,,,,,,,,,,TN,TN
autoland,4768071,12,69b95d09da21c937720a8d3aaca237f47b683aa9,linux1804-64-shippable-qr,True,False,,,102210fe594ee9b33d82058545b1ed14f4c8206e,browser-toolbox.connect.DAMP,damp,True,damp browser-toolbox.connect.DAMP opt e10s fission stylo webrender-sw,4767235,77,ms,firefox,,1752327134,2023-09-06 08:54:18,1961.0849555000025,bcda86efab041a233296b0d228b4141180af6211,1296250,,,,,,,,,,,,,,,,,,,,,,,,,,,,,,,,,,,,,,,,,,,,,,,,,,,,,,,,,,,,,TN,TN
autoland,4768071,12,69b95d09da21c937720a8d3aaca237f47b683aa9,linux1804-64-shippable-qr,True,False,,,102210fe594ee9b33d82058545b1ed14f4c8206e,browser-toolbox.connect.DAMP,damp,True,damp browser-toolbox.connect.DAMP opt e10s fission stylo webrender-sw,4767235,77,ms,firefox,,1751228806,2023-09-06 10:31:58,2030.9196034999984,6631a30338d3de03925f76afd071a29511729440,1296288,,,,,,,,,,,,,,,,,,,,,,,,,,,,,,,,,,,,,,,,,,,,,,,,,,,,,,,,,,,,,TN,TN
autoland,4768071,12,69b95d09da21c937720a8d3aaca237f47b683aa9,linux1804-64-shippable-qr,True,False,,,102210fe594ee9b33d82058545b1ed14f4c8206e,browser-toolbox.connect.DAMP,damp,True,damp browser-toolbox.connect.DAMP opt e10s fission stylo webrender-sw,4767235,77,ms,firefox,,1752327189,2023-09-06 10:58:26,2005.802943499992,8a47b48b706b8b131c6a1713deba7fe76dff915a,1296300,,,,,,,,,,,,,,,,,,,,,,,,,,,,,,,,,,,,,,,,,,,,,,,,,,,,,,,,,,,,,TN,TN
autoland,4768071,12,69b95d09da21c937720a8d3aaca237f47b683aa9,linux1804-64-shippable-qr,True,False,,,102210fe594ee9b33d82058545b1ed14f4c8206e,browser-toolbox.connect.DAMP,damp,True,damp browser-toolbox.connect.DAMP opt e10s fission stylo webrender-sw,4767235,77,ms,firefox,,1752327457,2023-09-06 11:11:40,1996.1785599999969,3ccfd029bb7ad0acbb1f36e48d2366d9835a34eb,1296303,,,,,,,,,,,,,,,,,,,,,,,,,,,,,,,,,,,,,,,,,,,,,,,,,,,,,,,,,,,,,TN,TN
autoland,4768071,12,69b95d09da21c937720a8d3aaca237f47b683aa9,linux1804-64-shippable-qr,True,False,,,102210fe594ee9b33d82058545b1ed14f4c8206e,browser-toolbox.connect.DAMP,damp,True,damp browser-toolbox.connect.DAMP opt e10s fission stylo webrender-sw,4767235,77,ms,firefox,,1752327673,2023-09-06 11:12:44,1992.6816424999847,7b7144975b319945642a90653847a06d03f111b7,1296304,,,,,,,,,,,,,,,,,,,,,,,,,,,,,,,,,,,,,,,,,,,,,,,,,,,,,,,,,,,,,TN,TN
autoland,4768071,12,69b95d09da21c937720a8d3aaca237f47b683aa9,linux1804-64-shippable-qr,True,False,,,102210fe594ee9b33d82058545b1ed14f4c8206e,browser-toolbox.connect.DAMP,damp,True,damp browser-toolbox.connect.DAMP opt e10s fission stylo webrender-sw,4767235,77,ms,firefox,,1751240580,2023-09-06 11:18:29,1968.368993500004,e43370e4259f61e0c264dbcef8b45e2862b3c5e8,1296309,,,,,,,,,,,,,,,,,,,,,,,,,,,,,,,,,,,,,,,,,,,,,,,,,,,,,,,,,,,,,TN,TN
autoland,4768071,12,69b95d09da21c937720a8d3aaca237f47b683aa9,linux1804-64-shippable-qr,True,False,,,102210fe594ee9b33d82058545b1ed14f4c8206e,browser-toolbox.connect.DAMP,damp,True,damp browser-toolbox.connect.DAMP opt e10s fission stylo webrender-sw,4767235,77,ms,firefox,,1752348543,2023-09-06 13:49:53,2040.948858000018,91e76d81815246715cb98e533f89996bd39eefb0,1296389,,,,,,,,,,,,,,,,,,,,,,,,,,,,,,,,,,,,,,,,,,,,,,,,,,,,,,,,,,,,,TN,TN
autoland,4768071,12,69b95d09da21c937720a8d3aaca237f47b683aa9,linux1804-64-shippable-qr,True,False,,,102210fe594ee9b33d82058545b1ed14f4c8206e,browser-toolbox.connect.DAMP,damp,True,damp browser-toolbox.connect.DAMP opt e10s fission stylo webrender-sw,4767235,77,ms,firefox,,1752344506,2023-09-06 13:50:46,1687.419654999983,ab5aa890598b6ab83004eecafb99ed13903c2a25,1296390,,,,,,,,,,,,,,,,,,,,,,,,,,,,,,,,,,,,,,,,,,,,,,,,,,,,,,,,,,,,,TN,TN
autoland,4768071,12,69b95d09da21c937720a8d3aaca237f47b683aa9,linux1804-64-shippable-qr,True,False,,,102210fe594ee9b33d82058545b1ed14f4c8206e,browser-toolbox.connect.DAMP,damp,True,damp browser-toolbox.connect.DAMP opt e10s fission stylo webrender-sw,4767235,77,ms,firefox,,1752348453,2023-09-06 14:01:16,1953.6170815000005,3e6b3bdea3e06c5e0114de61f548cfa132dbaa65,1296399,,,,,,,,,,,,,,,,,,,,,,,,,,,,,,,,,,,,,,,,,,,,,,,,,,,,,,,,,,,,,TN,TN
autoland,4768071,12,69b95d09da21c937720a8d3aaca237f47b683aa9,linux1804-64-shippable-qr,True,False,,,102210fe594ee9b33d82058545b1ed14f4c8206e,browser-toolbox.connect.DAMP,damp,True,damp browser-toolbox.connect.DAMP opt e10s fission stylo webrender-sw,4767235,77,ms,firefox,,1752327384,2023-09-06 14:03:26,1993.4265879999875,b27dc23c302cdc2b61498dbbfc3a9210f081aa15,1296401,,,,,,,,,,,,,,,,,,,,,,,,,,,,,,,,,,,,,,,,,,,,,,,,,,,,,,,,,,,,,TN,TN
autoland,4768071,12,69b95d09da21c937720a8d3aaca237f47b683aa9,linux1804-64-shippable-qr,True,False,,,102210fe594ee9b33d82058545b1ed14f4c8206e,browser-toolbox.connect.DAMP,damp,True,damp browser-toolbox.connect.DAMP opt e10s fission stylo webrender-sw,4767235,77,ms,firefox,,1752346763,2023-09-06 14:04:36,1966.1626684999935,a070525665977eeada3b75c360146a2b41b30052,1296402,,,,,,,,,,,,,,,,,,,,,,,,,,,,,,,,,,,,,,,,,,,,,,,,,,,,,,,,,,,,,TN,TN
autoland,4768071,12,69b95d09da21c937720a8d3aaca237f47b683aa9,linux1804-64-shippable-qr,True,False,,,102210fe594ee9b33d82058545b1ed14f4c8206e,browser-toolbox.connect.DAMP,damp,True,damp browser-toolbox.connect.DAMP opt e10s fission stylo webrender-sw,4767235,77,ms,firefox,,1752347068,2023-09-06 14:11:19,1992.2435615000104,64b9c8cb9525f62f880310f78f83146dbe5806f6,1296405,,,,,,,,,,,,,,,,,,,,,,,,,,,,,,,,,,,,,,,,,,,,,,,,,,,,,,,,,,,,,TN,TN
autoland,4768071,12,69b95d09da21c937720a8d3aaca237f47b683aa9,linux1804-64-shippable-qr,True,False,,,102210fe594ee9b33d82058545b1ed14f4c8206e,browser-toolbox.connect.DAMP,damp,True,damp browser-toolbox.connect.DAMP opt e10s fission stylo webrender-sw,4767235,77,ms,firefox,,1752349930,2023-09-06 14:23:43,1994.5903189999767,b6ccc51795b44773c16e36529a0cdd57f2fb470b,1296413,,,,,,,,,,,,,,,,,,,,,,,,,,,,,,,,,,,,,,,,,,,,,,,,,,,,,,,,,,,,,TN,TN
autoland,4768071,12,69b95d09da21c937720a8d3aaca237f47b683aa9,linux1804-64-shippable-qr,True,False,,,102210fe594ee9b33d82058545b1ed14f4c8206e,browser-toolbox.connect.DAMP,damp,True,damp browser-toolbox.connect.DAMP opt e10s fission stylo webrender-sw,4767235,77,ms,firefox,,1752348721,2023-09-06 14:24:35,1966.8117744999763,86adcf3bfe46923f9f0eecdca6f8c78145a5e7ed,1296415,,,,,,,,,,,,,,,,,,,,,,,,,,,,,,,,,,,,,,,,,,,,,,,,,,,,,,,,,,,,,TN,TN
autoland,4768071,12,69b95d09da21c937720a8d3aaca237f47b683aa9,linux1804-64-shippable-qr,True,False,,,102210fe594ee9b33d82058545b1ed14f4c8206e,browser-toolbox.connect.DAMP,damp,True,damp browser-toolbox.connect.DAMP opt e10s fission stylo webrender-sw,4767235,77,ms,firefox,,1751336346,2023-09-06 14:28:21,1970.391638499961,0315c2d875ca2a95bbb65ef4a1f7b75f72ed7263,1296418,,,,,,,,,,,,,,,,,,,,,,,,,,,,,,,,,,,,,,,,,,,,,,,,,,,,,,,,,,,,,TN,TN
autoland,4768071,12,69b95d09da21c937720a8d3aaca237f47b683aa9,linux1804-64-shippable-qr,True,False,,,102210fe594ee9b33d82058545b1ed14f4c8206e,browser-toolbox.connect.DAMP,damp,True,damp browser-toolbox.connect.DAMP opt e10s fission stylo webrender-sw,4767235,77,ms,firefox,,1752348111,2023-09-06 16:57:18,1979.985528499994,7795f01cd601c28cad61a818438cea90f23329ec,1296517,,,,,,,,,,,,,,,,,,,,,,,,,,,,,,,,,,,,,,,,,,,,,,,,,,,,,,,,,,,,,TN,TN
autoland,4768071,12,69b95d09da21c937720a8d3aaca237f47b683aa9,linux1804-64-shippable-qr,True,False,,,102210fe594ee9b33d82058545b1ed14f4c8206e,browser-toolbox.connect.DAMP,damp,True,damp browser-toolbox.connect.DAMP opt e10s fission stylo webrender-sw,4767235,77,ms,firefox,,1752348319,2023-09-06 16:58:26,2046.175425500005,1db7a958b945838c64dcfcb638f79b99f729b364,1296520,,,,,,,,,,,,,,,,,,,,,,,,,,,,,,,,,,,,,,,,,,,,,,,,,,,,,,,,,,,,,TN,TN
autoland,4768071,12,69b95d09da21c937720a8d3aaca237f47b683aa9,linux1804-64-shippable-qr,True,False,,,102210fe594ee9b33d82058545b1ed14f4c8206e,browser-toolbox.connect.DAMP,damp,True,damp browser-toolbox.connect.DAMP opt e10s fission stylo webrender-sw,4767235,77,ms,firefox,,1752348581,2023-09-06 16:59:19,2028.547047500004,f1db1cd01b380dcfc65ee07dcb851c4d70058175,1296521,,,,,,,,,,,,,,,,,,,,,,,,,,,,,,,,,,,,,,,,,,,,,,,,,,,,,,,,,,,,,TN,TN
autoland,4768071,12,69b95d09da21c937720a8d3aaca237f47b683aa9,linux1804-64-shippable-qr,True,False,,,102210fe594ee9b33d82058545b1ed14f4c8206e,browser-toolbox.connect.DAMP,damp,True,damp browser-toolbox.connect.DAMP opt e10s fission stylo webrender-sw,4767235,77,ms,firefox,,1752351179,2023-09-06 17:00:16,1963.4339449999825,de020dc5f9330cb982ea4a2255d0a538bf8a54b6,1296522,,,,,,,,,,,,,,,,,,,,,,,,,,,,,,,,,,,,,,,,,,,,,,,,,,,,,,,,,,,,,TN,TN
autoland,4768071,12,69b95d09da21c937720a8d3aaca237f47b683aa9,linux1804-64-shippable-qr,True,False,,,102210fe594ee9b33d82058545b1ed14f4c8206e,browser-toolbox.connect.DAMP,damp,True,damp browser-toolbox.connect.DAMP opt e10s fission stylo webrender-sw,4767235,77,ms,firefox,,1752346941,2023-09-06 17:30:52,1969.7653000000064,08f231cbd2b1093f93858b1906f3a43ced4db5cd,1296537,,,,,,,,,,,,,,,,,,,,,,,,,,,,,,,,,,,,,,,,,,,,,,,,,,,,,,,,,,,,,TN,TN
autoland,4768071,12,69b95d09da21c937720a8d3aaca237f47b683aa9,linux1804-64-shippable-qr,True,False,,,102210fe594ee9b33d82058545b1ed14f4c8206e,browser-toolbox.connect.DAMP,damp,True,damp browser-toolbox.connect.DAMP opt e10s fission stylo webrender-sw,4767235,77,ms,firefox,,1752351126,2023-09-06 17:36:39,1994.9782515000009,58c832e34613172b88870ad71a0d9596987ed80f,1296542,,,,,,,,,,,,,,,,,,,,,,,,,,,,,,,,,,,,,,,,,,,,,,,,,,,,,,,,,,,,,TN,TN
autoland,4768071,12,69b95d09da21c937720a8d3aaca237f47b683aa9,linux1804-64-shippable-qr,True,False,,,102210fe594ee9b33d82058545b1ed14f4c8206e,browser-toolbox.connect.DAMP,damp,True,damp browser-toolbox.connect.DAMP opt e10s fission stylo webrender-sw,4767235,77,ms,firefox,,1752347925,2023-09-06 17:37:50,1930.771017000021,1af6a9b30e2cd98e4421d719f20eb30104678770,1296543,,,,,,,,,,,,,,,,,,,,,,,,,,,,,,,,,,,,,,,,,,,,,,,,,,,,,,,,,,,,,TN,TN
autoland,4768071,12,69b95d09da21c937720a8d3aaca237f47b683aa9,linux1804-64-shippable-qr,True,False,,,102210fe594ee9b33d82058545b1ed14f4c8206e,browser-toolbox.connect.DAMP,damp,True,damp browser-toolbox.connect.DAMP opt e10s fission stylo webrender-sw,4767235,77,ms,firefox,,1752349063,2023-09-06 17:46:52,1969.9467920000025,11ae0ebc894c7038fd66947e455ab7120e828ba0,1296550,,,,,,,,,,,,,,,,,,,,,,,,,,,,,,,,,,,,,,,,,,,,,,,,,,,,,,,,,,,,,TN,TN
autoland,4768071,12,69b95d09da21c937720a8d3aaca237f47b683aa9,linux1804-64-shippable-qr,True,False,,,102210fe594ee9b33d82058545b1ed14f4c8206e,browser-toolbox.connect.DAMP,damp,True,damp browser-toolbox.connect.DAMP opt e10s fission stylo webrender-sw,4767235,77,ms,firefox,,1752348191,2023-09-06 17:56:46,1957.683726000003,7343b14cc4c3c9cf5e2bec3115812addead5df6a,1296557,,,,,,,,,,,,,,,,,,,,,,,,,,,,,,,,,,,,,,,,,,,,,,,,,,,,,,,,,,,,,TN,TN
autoland,4768071,12,69b95d09da21c937720a8d3aaca237f47b683aa9,linux1804-64-shippable-qr,True,False,,,102210fe594ee9b33d82058545b1ed14f4c8206e,browser-toolbox.connect.DAMP,damp,True,damp browser-toolbox.connect.DAMP opt e10s fission stylo webrender-sw,4767235,77,ms,firefox,,1751390718,2023-09-06 18:00:42,1994.445481499999,340378041fcfd986f6c0edb18a81efbc36f930c1,1296561,,,,,,,,,,,,,,,,,,,,,,,,,,,,,,,,,,,,,,,,,,,,,,,,,,,,,,,,,,,,,TN,TN
autoland,4768071,12,69b95d09da21c937720a8d3aaca237f47b683aa9,linux1804-64-shippable-qr,True,False,,,102210fe594ee9b33d82058545b1ed14f4c8206e,browser-toolbox.connect.DAMP,damp,True,damp browser-toolbox.connect.DAMP opt e10s fission stylo webrender-sw,4767235,77,ms,firefox,,1751482840,2023-09-06 21:18:27,1976.347335999992,6e5768f3fc480965c2b67e5006ad8351d30a27b2,1296699,,,,,,,,,,,,,,,,,,,,,,,,,,,,,,,,,,,,,,,,,,,,,,,,,,,,,,,,,,,,,TN,TN
autoland,4768071,12,69b95d09da21c937720a8d3aaca237f47b683aa9,linux1804-64-shippable-qr,True,False,,,102210fe594ee9b33d82058545b1ed14f4c8206e,browser-toolbox.connect.DAMP,damp,True,damp browser-toolbox.connect.DAMP opt e10s fission stylo webrender-sw,4767235,77,ms,firefox,,1751590356,2023-09-07 02:02:33,1990.3425429999988,172ac46f5fd5a20a001b2cbed27df0ffb44ef6a6,1296842,,,,,,,,,,,,,,,,,,,,,,,,,,,,,,,,,,,,,,,,,,,,,,,,,,,,,,,,,,,,,TN,TN
autoland,4768071,12,69b95d09da21c937720a8d3aaca237f47b683aa9,linux1804-64-shippable-qr,True,False,,,102210fe594ee9b33d82058545b1ed14f4c8206e,browser-toolbox.connect.DAMP,damp,True,damp browser-toolbox.connect.DAMP opt e10s fission stylo webrender-sw,4767235,77,ms,firefox,,1751666659,2023-09-07 05:47:53,1962.667664000008,c8b40099127c273a58ba6defbe045c55752f0f64,1296880,,,,,,,,,,,,,,,,,,,,,,,,,,,,,,,,,,,,,,,,,,,,,,,,,,,,,,,,,,,,,TN,TN
autoland,4768071,12,69b95d09da21c937720a8d3aaca237f47b683aa9,linux1804-64-shippable-qr,True,False,,,102210fe594ee9b33d82058545b1ed14f4c8206e,browser-toolbox.connect.DAMP,damp,True,damp browser-toolbox.connect.DAMP opt e10s fission stylo webrender-sw,4767235,77,ms,firefox,,1751784210,2023-09-07 10:02:59,1965.5134445000003,72c09a220d986d7af3fa78b07b9b87cd943f9ab5,1296967,,,,,,,,,,,,,,,,,,,,,,,,,,,,,,,,,,,,,,,,,,,,,,,,,,,,,,,,,,,,,TN,TN
autoland,4768071,12,69b95d09da21c937720a8d3aaca237f47b683aa9,linux1804-64-shippable-qr,True,False,,,102210fe594ee9b33d82058545b1ed14f4c8206e,browser-toolbox.connect.DAMP,damp,True,damp browser-toolbox.connect.DAMP opt e10s fission stylo webrender-sw,4767235,77,ms,firefox,,1751840809,2023-09-07 12:32:17,1975.0993035000029,31aee1c71573016a4a40410e1c41adad2304c430,1297037,,,,,,,,,,,,,,,,,,,,,,,,,,,,,,,,,,,,,,,,,,,,,,,,,,,,,,,,,,,,,TN,TN
autoland,4768071,12,69b95d09da21c937720a8d3aaca237f47b683aa9,linux1804-64-shippable-qr,True,False,,,102210fe594ee9b33d82058545b1ed14f4c8206e,browser-toolbox.connect.DAMP,damp,True,damp browser-toolbox.connect.DAMP opt e10s fission stylo webrender-sw,4767235,77,ms,firefox,,1751916566,2023-09-07 16:05:38,1975.970899500011,be838735b3cf99411aaa287377f080810144f92d,1297179,,,,,,,,,,,,,,,,,,,,,,,,,,,,,,,,,,,,,,,,,,,,,,,,,,,,,,,,,,,,,TN,TN
autoland,4768071,12,69b95d09da21c937720a8d3aaca237f47b683aa9,linux1804-64-shippable-qr,True,False,,,102210fe594ee9b33d82058545b1ed14f4c8206e,browser-toolbox.connect.DAMP,damp,True,damp browser-toolbox.connect.DAMP opt e10s fission stylo webrender-sw,4767235,77,ms,firefox,,1752092158,2023-09-07 18:57:03,1953.4471999999805,25b4a7559a80b3970d88de68b2ac92420ca025c8,1297304,,,,,,,,,,,,,,,,,,,,,,,,,,,,,,,,,,,,,,,,,,,,,,,,,,,,,,,,,,,,,TN,TN
autoland,4768071,12,69b95d09da21c937720a8d3aaca237f47b683aa9,linux1804-64-shippable-qr,True,False,,,102210fe594ee9b33d82058545b1ed14f4c8206e,browser-toolbox.connect.DAMP,damp,True,damp browser-toolbox.connect.DAMP opt e10s fission stylo webrender-sw,4767235,77,ms,firefox,,1752188972,2023-09-07 23:16:45,2042.8758070000183,6fb5507c20420498c1ebe5f2b6df35394d980f1c,1297446,,,,,,,,,,,,,,,,,,,,,,,,,,,,,,,,,,,,,,,,,,,,,,,,,,,,,,,,,,,,,TN,TN
autoland,4768071,12,69b95d09da21c937720a8d3aaca237f47b683aa9,linux1804-64-shippable-qr,True,False,,,102210fe594ee9b33d82058545b1ed14f4c8206e,browser-toolbox.connect.DAMP,damp,True,damp browser-toolbox.connect.DAMP opt e10s fission stylo webrender-sw,4767235,77,ms,firefox,,1752215765,2023-09-07 23:39:19,1977.3381515000076,3096b15a785accc50f5e96ad64eed31ebd5ae045,1297453,,,,,,,,,,,,,,,,,,,,,,,,,,,,,,,,,,,,,,,,,,,,,,,,,,,,,,,,,,,,,TN,TN
autoland,4768071,12,69b95d09da21c937720a8d3aaca237f47b683aa9,linux1804-64-shippable-qr,True,False,,,102210fe594ee9b33d82058545b1ed14f4c8206e,browser-toolbox.connect.DAMP,damp,True,damp browser-toolbox.connect.DAMP opt e10s fission stylo webrender-sw,4767235,77,ms,firefox,,1752298040,2023-09-08 04:28:36,2040.0214925000184,9cf29328d69c6278a4d9e184fcf79d33542cb600,1297535,,,,,,,,,,,,,,,,,,,,,,,,,,,,,,,,,,,,,,,,,,,,,,,,,,,,,,,,,,,,,TN,TN
autoland,4768071,12,69b95d09da21c937720a8d3aaca237f47b683aa9,linux1804-64-shippable-qr,True,False,,,102210fe594ee9b33d82058545b1ed14f4c8206e,browser-toolbox.connect.DAMP,damp,True,damp browser-toolbox.connect.DAMP opt e10s fission stylo webrender-sw,4767235,77,ms,firefox,,1752377996,2023-09-08 08:33:18,1977.6474829999931,850826d930dbbaab76c864c8e0c815e741d335ec,1297602,,,,,,,,,,,,,,,,,,,,,,,,,,,,,,,,,,,,,,,,,,,,,,,,,,,,,,,,,,,,,TN,TN
autoland,4768071,12,69b95d09da21c937720a8d3aaca237f47b683aa9,linux1804-64-shippable-qr,True,False,,,102210fe594ee9b33d82058545b1ed14f4c8206e,browser-toolbox.connect.DAMP,damp,True,damp browser-toolbox.connect.DAMP opt e10s fission stylo webrender-sw,4767235,77,ms,firefox,,1752482335,2023-09-08 09:52:44,2022.269028499999,274b1d437629e97813d0b7fe7e8b4912cf84cf32,1297644,,,,,,,,,,,,,,,,,,,,,,,,,,,,,,,,,,,,,,,,,,,,,,,,,,,,,,,,,,,,,TN,TN
autoland,4768071,12,69b95d09da21c937720a8d3aaca237f47b683aa9,linux1804-64-shippable-qr,True,False,,,102210fe594ee9b33d82058545b1ed14f4c8206e,browser-toolbox.connect.DAMP,damp,True,damp browser-toolbox.connect.DAMP opt e10s fission stylo webrender-sw,4767235,77,ms,firefox,,1752574121,2023-09-08 14:14:09,1956.1181660000148,822367e291b07b889b553a6beaa660fd1d4bf101,1297788,,,,,,,,,,,,,,,,,,,,,,,,,,,,,,,,,,,,,,,,,,,,,,,,,,,,,,,,,,,,,TN,TN
autoland,4768071,12,69b95d09da21c937720a8d3aaca237f47b683aa9,linux1804-64-shippable-qr,True,False,,,102210fe594ee9b33d82058545b1ed14f4c8206e,browser-toolbox.connect.DAMP,damp,True,damp browser-toolbox.connect.DAMP opt e10s fission stylo webrender-sw,4767235,77,ms,firefox,,1752603410,2023-09-08 14:59:47,1970.942237499992,bde2db6f12ce1100b2bbb4b10916f7be1cf90f3a,1297817,,,,,,,,,,,,,,,,,,,,,,,,,,,,,,,,,,,,,,,,,,,,,,,,,,,,,,,,,,,,,TN,TN
autoland,4768071,12,69b95d09da21c937720a8d3aaca237f47b683aa9,linux1804-64-shippable-qr,True,False,,,102210fe594ee9b33d82058545b1ed14f4c8206e,browser-toolbox.connect.DAMP,damp,True,damp browser-toolbox.connect.DAMP opt e10s fission stylo webrender-sw,4767235,77,ms,firefox,,1752709819,2023-09-08 18:04:40,1994.745379999993,27b2bca6565fd4a7d724617dc2a06ad4433d5e7d,1297929,,,,,,,,,,,,,,,,,,,,,,,,,,,,,,,,,,,,,,,,,,,,,,,,,,,,,,,,,,,,,TN,TN
autoland,4768071,12,69b95d09da21c937720a8d3aaca237f47b683aa9,linux1804-64-shippable-qr,True,False,,,102210fe594ee9b33d82058545b1ed14f4c8206e,browser-toolbox.connect.DAMP,damp,True,damp browser-toolbox.connect.DAMP opt e10s fission stylo webrender-sw,4767235,77,ms,firefox,,1752848487,2023-09-08 22:44:42,2028.51233100002,caabab6fd2b88b34f1344af40c555fed0a039949,1298112,,,,,,,,,,,,,,,,,,,,,,,,,,,,,,,,,,,,,,,,,,,,,,,,,,,,,,,,,,,,,TN,TN
autoland,4768071,12,69b95d09da21c937720a8d3aaca237f47b683aa9,linux1804-64-shippable-qr,True,False,,,102210fe594ee9b33d82058545b1ed14f4c8206e,browser-toolbox.connect.DAMP,damp,True,damp browser-toolbox.connect.DAMP opt e10s fission stylo webrender-sw,4767235,77,ms,firefox,,1752925196,2023-09-09 01:11:00,1985.5321235000229,266305ba8989b3072ea042b1a3130ddfb89960e1,1298167,,,,,,,,,,,,,,,,,,,,,,,,,,,,,,,,,,,,,,,,,,,,,,,,,,,,,,,,,,,,,TN,TN
autoland,4768071,12,69b95d09da21c937720a8d3aaca237f47b683aa9,linux1804-64-shippable-qr,True,False,,,102210fe594ee9b33d82058545b1ed14f4c8206e,browser-toolbox.connect.DAMP,damp,True,damp browser-toolbox.connect.DAMP opt e10s fission stylo webrender-sw,4767235,77,ms,firefox,,1752972445,2023-09-09 05:59:08,1987.7046319999936,02f7c436b43f486a8aec92c449f2df1fedf9226a,1298196,,,,,,,,,,,,,,,,,,,,,,,,,,,,,,,,,,,,,,,,,,,,,,,,,,,,,,,,,,,,,TN,TN
autoland,4768071,12,69b95d09da21c937720a8d3aaca237f47b683aa9,linux1804-64-shippable-qr,True,False,,,102210fe594ee9b33d82058545b1ed14f4c8206e,browser-toolbox.connect.DAMP,damp,True,damp browser-toolbox.connect.DAMP opt e10s fission stylo webrender-sw,4767235,77,ms,firefox,,1753053637,2023-09-09 12:58:29,1946.3833195000043,52b4a28cd9d7623a471a02cb994a2aebbd5d7403,1298223,,,,,,,,,,,,,,,,,,,,,,,,,,,,,,,,,,,,,,,,,,,,,,,,,,,,,,,,,,,,,TN,TN
autoland,4768071,12,69b95d09da21c937720a8d3aaca237f47b683aa9,linux1804-64-shippable-qr,True,False,,,102210fe594ee9b33d82058545b1ed14f4c8206e,browser-toolbox.connect.DAMP,damp,True,damp browser-toolbox.connect.DAMP opt e10s fission stylo webrender-sw,4767235,77,ms,firefox,,1753207254,2023-09-09 23:18:35,2013.1687284999932,df18c9cb1487f09a89e27eabbd0819691c70701b,1298263,,,,,,,,,,,,,,,,,,,,,,,,,,,,,,,,,,,,,,,,,,,,,,,,,,,,,,,,,,,,,TN,TN
autoland,4768071,12,69b95d09da21c937720a8d3aaca237f47b683aa9,linux1804-64-shippable-qr,True,False,,,102210fe594ee9b33d82058545b1ed14f4c8206e,browser-toolbox.connect.DAMP,damp,True,damp browser-toolbox.connect.DAMP opt e10s fission stylo webrender-sw,4767235,77,ms,firefox,,1753259371,2023-09-10 03:51:10,2038.962191499988,7faa89970aed2f2e16f538aba1a7465bb6a5ea20,1298271,,,,,,,,,,,,,,,,,,,,,,,,,,,,,,,,,,,,,,,,,,,,,,,,,,,,,,,,,,,,,TN,TN
autoland,4768071,12,69b95d09da21c937720a8d3aaca237f47b683aa9,linux1804-64-shippable-qr,True,False,,,102210fe594ee9b33d82058545b1ed14f4c8206e,browser-toolbox.connect.DAMP,damp,True,damp browser-toolbox.connect.DAMP opt e10s fission stylo webrender-sw,4767235,77,ms,firefox,,1753434542,2023-09-10 10:15:01,1998.4169379999803,2e1c2dd8ef65a6914ebc4e0bc0a0a274c31e29bc,1298293,,,,,,,,,,,,,,,,,,,,,,,,,,,,,,,,,,,,,,,,,,,,,,,,,,,,,,,,,,,,,TN,TN
autoland,4768071,12,69b95d09da21c937720a8d3aaca237f47b683aa9,linux1804-64-shippable-qr,True,False,,,102210fe594ee9b33d82058545b1ed14f4c8206e,browser-toolbox.connect.DAMP,damp,True,damp browser-toolbox.connect.DAMP opt e10s fission stylo webrender-sw,4767235,77,ms,firefox,,1753515728,2023-09-10 12:24:34,1999.26931600002,640ad6a53cf88f878095f49f98b720a99c2762bd,1298303,,,,,,,,,,,,,,,,,,,,,,,,,,,,,,,,,,,,,,,,,,,,,,,,,,,,,,,,,,,,,TN,TN
autoland,4768071,12,69b95d09da21c937720a8d3aaca237f47b683aa9,linux1804-64-shippable-qr,True,False,,,102210fe594ee9b33d82058545b1ed14f4c8206e,browser-toolbox.connect.DAMP,damp,True,damp browser-toolbox.connect.DAMP opt e10s fission stylo webrender-sw,4767235,77,ms,firefox,,1753613094,2023-09-10 16:24:53,1963.027883499999,e91d172728590586e38bc431f3dc779479e365d5,1298313,,,,,,,,,,,,,,,,,,,,,,,,,,,,,,,,,,,,,,,,,,,,,,,,,,,,,,,,,,,,,TN,TN
autoland,4768071,12,69b95d09da21c937720a8d3aaca237f47b683aa9,linux1804-64-shippable-qr,True,False,,,102210fe594ee9b33d82058545b1ed14f4c8206e,browser-toolbox.connect.DAMP,damp,True,damp browser-toolbox.connect.DAMP opt e10s fission stylo webrender-sw,4767235,77,ms,firefox,,1753733549,2023-09-10 22:24:39,2011.929356499997,fff502a8f26bdfc51eada3cf32107848bff64a76,1298356,,,,,,,,,,,,,,,,,,,,,,,,,,,,,,,,,,,,,,,,,,,,,,,,,,,,,,,,,,,,,TN,TN
autoland,4768071,12,69b95d09da21c937720a8d3aaca237f47b683aa9,linux1804-64-shippable-qr,True,False,,,102210fe594ee9b33d82058545b1ed14f4c8206e,browser-toolbox.connect.DAMP,damp,True,damp browser-toolbox.connect.DAMP opt e10s fission stylo webrender-sw,4767235,77,ms,firefox,,1753844555,2023-09-11 04:00:08,1953.6702890000047,5f5a3f190fdfa0947a671467171ab2b3cee62c38,1298396,,,,,,,,,,,,,,,,,,,,,,,,,,,,,,,,,,,,,,,,,,,,,,,,,,,,,,,,,,,,,TN,TN
autoland,4768071,12,69b95d09da21c937720a8d3aaca237f47b683aa9,linux1804-64-shippable-qr,True,False,,,102210fe594ee9b33d82058545b1ed14f4c8206e,browser-toolbox.connect.DAMP,damp,True,damp browser-toolbox.connect.DAMP opt e10s fission stylo webrender-sw,4767235,77,ms,firefox,,1755379990,2023-09-11 07:27:10,1971.3791439999916,e09f6b7ec6a011f893f4788b943918c7e4bdb324,1298426,,,,,,,,,,,,,,,,,,,,,,,,,,,,,,,,,,,,,,,,,,,,,,,,,,,,,,,,,,,,,TN,TN
autoland,4768071,12,69b95d09da21c937720a8d3aaca237f47b683aa9,linux1804-64-shippable-qr,True,False,,,102210fe594ee9b33d82058545b1ed14f4c8206e,browser-toolbox.connect.DAMP,damp,True,damp browser-toolbox.connect.DAMP opt e10s fission stylo webrender-sw,4767235,77,ms,firefox,,1755381349,2023-09-11 07:32:57,2000.2630800000045,1410c62b886e98c4086d9e658651ff554963d82a,1298431,,,,,,,,,,,,,,,,,,,,,,,,,,,,,,,,,,,,,,,,,,,,,,,,,,,,,,,,,,,,,TN,TN
autoland,4768071,12,69b95d09da21c937720a8d3aaca237f47b683aa9,linux1804-64-shippable-qr,True,False,,,102210fe594ee9b33d82058545b1ed14f4c8206e,browser-toolbox.connect.DAMP,damp,True,damp browser-toolbox.connect.DAMP opt e10s fission stylo webrender-sw,4767235,77,ms,firefox,,1755392215,2023-09-11 07:59:47,2004.2374819999893,ace7a44294d5448a8d6c058469434283e3d3072d,1298435,,,,,,,,,,,,,,,,,,,,,,,,,,,,,,,,,,,,,,,,,,,,,,,,,,,,,,,,,,,,,TN,TN
autoland,4768071,12,69b95d09da21c937720a8d3aaca237f47b683aa9,linux1804-64-shippable-qr,True,False,,,102210fe594ee9b33d82058545b1ed14f4c8206e,browser-toolbox.connect.DAMP,damp,True,damp browser-toolbox.connect.DAMP opt e10s fission stylo webrender-sw,4767235,77,ms,firefox,,1753902447,2023-09-11 08:01:16,1975.9169590000165,35ae39561912dad340dac47c7c1dc3af6ead952b,1298437,,,,,,,,,,,,,,,,,,,,,,,,,,,,,,,,,,,,,,,,,,,,,,,,,,,,,,,,,,,,,TN,TN
autoland,4768071,12,69b95d09da21c937720a8d3aaca237f47b683aa9,linux1804-64-shippable-qr,True,False,,,102210fe594ee9b33d82058545b1ed14f4c8206e,browser-toolbox.connect.DAMP,damp,True,damp browser-toolbox.connect.DAMP opt e10s fission stylo webrender-sw,4767235,77,ms,firefox,,1755320160,2023-09-11 08:15:31,1966.3321469999828,d17fb79b4aec859c09bf4370559d744df7eca75c,1298443,,,,,,,,,,,,,,,,,,,,,,,,,,,,,,,,,,,,,,,,,,,,,,,,,,,,,,,,,,,,,TN,TN
autoland,4768071,12,69b95d09da21c937720a8d3aaca237f47b683aa9,linux1804-64-shippable-qr,True,False,,,102210fe594ee9b33d82058545b1ed14f4c8206e,browser-toolbox.connect.DAMP,damp,True,damp browser-toolbox.connect.DAMP opt e10s fission stylo webrender-sw,4767235,77,ms,firefox,,1755385949,2023-09-11 09:00:42,1974.787806999986,443636b84d9a418fbf80d9eb8f2e970a0e195bcb,1298457,,,,,,,,,,,,,,,,,,,,,,,,,,,,,,,,,,,,,,,,,,,,,,,,,,,,,,,,,,,,,TN,TN
autoland,4768071,12,69b95d09da21c937720a8d3aaca237f47b683aa9,linux1804-64-shippable-qr,True,False,,,102210fe594ee9b33d82058545b1ed14f4c8206e,browser-toolbox.connect.DAMP,damp,True,damp browser-toolbox.connect.DAMP opt e10s fission stylo webrender-sw,4767235,77,ms,firefox,,1755381899,2023-09-11 09:10:02,1974.5862984999983,52d8e4104f0945e1641c22385a1636609a06562b,1298460,,,,,,,,,,,,,,,,,,,,,,,,,,,,,,,,,,,,,,,,,,,,,,,,,,,,,,,,,,,,,TN,TN
autoland,4768071,12,69b95d09da21c937720a8d3aaca237f47b683aa9,linux1804-64-shippable-qr,True,False,,,102210fe594ee9b33d82058545b1ed14f4c8206e,browser-toolbox.connect.DAMP,damp,True,damp browser-toolbox.connect.DAMP opt e10s fission stylo webrender-sw,4767235,77,ms,firefox,,1755393645,2023-09-11 09:24:39,2047.887208999986,88c5713f4f68af927b8e8de73ebc9249e63d2c90,1298469,,,,,,,,,,,,,,,,,,,,,,,,,,,,,,,,,,,,,,,,,,,,,,,,,,,,,,,,,,,,,TN,TN
autoland,4768071,12,69b95d09da21c937720a8d3aaca237f47b683aa9,linux1804-64-shippable-qr,True,False,,,102210fe594ee9b33d82058545b1ed14f4c8206e,browser-toolbox.connect.DAMP,damp,True,damp browser-toolbox.connect.DAMP opt e10s fission stylo webrender-sw,4767235,77,ms,firefox,,1755382789,2023-09-11 09:38:01,2000.275119500002,84b7c50f41d59731006346125a39852963772a00,1298473,,,,,,,,,,,,,,,,,,,,,,,,,,,,,,,,,,,,,,,,,,,,,,,,,,,,,,,,,,,,,TN,TN
autoland,4768071,12,69b95d09da21c937720a8d3aaca237f47b683aa9,linux1804-64-shippable-qr,True,False,,,102210fe594ee9b33d82058545b1ed14f4c8206e,browser-toolbox.connect.DAMP,damp,True,damp browser-toolbox.connect.DAMP opt e10s fission stylo webrender-sw,4767235,77,ms,firefox,,1753971157,2023-09-11 10:09:23,1960.1760040000229,16a377bb7b5f9713ac6a5fae21ce043c7de7cd67,1298486,,,,,,,,,,,,,,,,,,,,,,,,,,,,,,,,,,,,,,,,,,,,,,,,,,,,,,,,,,,,,TN,TN
autoland,4768071,12,69b95d09da21c937720a8d3aaca237f47b683aa9,linux1804-64-shippable-qr,True,False,,,102210fe594ee9b33d82058545b1ed14f4c8206e,browser-toolbox.connect.DAMP,damp,True,damp browser-toolbox.connect.DAMP opt e10s fission stylo webrender-sw,4767235,77,ms,firefox,,1755775696,2023-09-11 12:22:45,1977.882641999968,67f2bcf67dcc8be6515f8e48c76e602c9b707f80,1298565,,,,,,,,,,,,,,,,,,,,,,,,,,,,,,,,,,,,,,,,,,,,,,,,,,,,,,,,,,,,,TN,TN
autoland,4768071,12,69b95d09da21c937720a8d3aaca237f47b683aa9,linux1804-64-shippable-qr,True,False,,,102210fe594ee9b33d82058545b1ed14f4c8206e,browser-toolbox.connect.DAMP,damp,True,damp browser-toolbox.connect.DAMP opt e10s fission stylo webrender-sw,4767235,77,ms,firefox,,1755380104,2023-09-11 13:01:50,1991.495162500025,5f2c25d194ad43eedaecefc047e2b10b622c1fac,1298593,,,,,,,,,,,,,,,,,,,,,,,,,,,,,,,,,,,,,,,,,,,,,,,,,,,,,,,,,,,,,TN,TN
autoland,4768071,12,69b95d09da21c937720a8d3aaca237f47b683aa9,linux1804-64-shippable-qr,True,False,,,102210fe594ee9b33d82058545b1ed14f4c8206e,browser-toolbox.connect.DAMP,damp,True,damp browser-toolbox.connect.DAMP opt e10s fission stylo webrender-sw,4767235,77,ms,firefox,,1755386808,2023-09-11 13:02:46,1980.861587999996,ae90dbc5ece809efe97e25148fc44790643e4f75,1298595,,,,,,,,,,,,,,,,,,,,,,,,,,,,,,,,,,,,,,,,,,,,,,,,,,,,,,,,,,,,,TN,TN
autoland,4768071,12,69b95d09da21c937720a8d3aaca237f47b683aa9,linux1804-64-shippable-qr,True,False,,,102210fe594ee9b33d82058545b1ed14f4c8206e,browser-toolbox.connect.DAMP,damp,True,damp browser-toolbox.connect.DAMP opt e10s fission stylo webrender-sw,4767235,77,ms,firefox,,1755384733,2023-09-11 13:12:30,2017.704538500024,0bb832e1ee1d10cd01bf8fabac5785fa2f73d98c,1298599,,,,,,,,,,,,,,,,,,,,,,,,,,,,,,,,,,,,,,,,,,,,,,,,,,,,,,,,,,,,,TN,TN
autoland,4768071,12,69b95d09da21c937720a8d3aaca237f47b683aa9,linux1804-64-shippable-qr,True,False,,,102210fe594ee9b33d82058545b1ed14f4c8206e,browser-toolbox.connect.DAMP,damp,True,damp browser-toolbox.connect.DAMP opt e10s fission stylo webrender-sw,4767235,77,ms,firefox,,1755398921,2023-09-11 13:16:32,1950.1035244999948,c24685fd1450ac595554c967a4501c5d9f5525d3,1298603,,,,,,,,,,,,,,,,,,,,,,,,,,,,,,,,,,,,,,,,,,,,,,,,,,,,,,,,,,,,,TN,TN
autoland,4768071,12,69b95d09da21c937720a8d3aaca237f47b683aa9,linux1804-64-shippable-qr,True,False,,,102210fe594ee9b33d82058545b1ed14f4c8206e,browser-toolbox.connect.DAMP,damp,True,damp browser-toolbox.connect.DAMP opt e10s fission stylo webrender-sw,4767235,77,ms,firefox,,1755391614,2023-09-11 13:23:36,1992.9202514999636,1a06649dfef65cd12bf1a253bdc69e9fe95e09f9,1298612,,,,,,,,,,,,,,,,,,,,,,,,,,,,,,,,,,,,,,,,,,,,,,,,,,,,,,,,,,,,,TN,TN
autoland,4768071,12,69b95d09da21c937720a8d3aaca237f47b683aa9,linux1804-64-shippable-qr,True,False,,,102210fe594ee9b33d82058545b1ed14f4c8206e,browser-toolbox.connect.DAMP,damp,True,damp browser-toolbox.connect.DAMP opt e10s fission stylo webrender-sw,4767235,77,ms,firefox,,1755389016,2023-09-11 13:24:26,2005.3309100000188,6ceb66baf1873e42b8a456893aa8027d4c950286,1298615,,,,,,,,,,,,,,,,,,,,,,,,,,,,,,,,,,,,,,,,,,,,,,,,,,,,,,,,,,,,,TN,TN
autoland,4768071,12,69b95d09da21c937720a8d3aaca237f47b683aa9,linux1804-64-shippable-qr,True,False,,,102210fe594ee9b33d82058545b1ed14f4c8206e,browser-toolbox.connect.DAMP,damp,True,damp browser-toolbox.connect.DAMP opt e10s fission stylo webrender-sw,4767235,77,ms,firefox,,1755383221,2023-09-11 13:25:15,1971.7587545000024,b71c058d26542f4e8046698df7c6f40d8dd9f201,1298616,,,,,,,,,,,,,,,,,,,,,,,,,,,,,,,,,,,,,,,,,,,,,,,,,,,,,,,,,,,,,TN,TN
autoland,4768071,12,69b95d09da21c937720a8d3aaca237f47b683aa9,linux1804-64-shippable-qr,True,False,,,102210fe594ee9b33d82058545b1ed14f4c8206e,browser-toolbox.connect.DAMP,damp,True,damp browser-toolbox.connect.DAMP opt e10s fission stylo webrender-sw,4767235,77,ms,firefox,,1755411343,2023-09-11 13:48:43,2062.365518000006,da45e56b6faa615c226bd2d0434aa658595ec275,1298632,,,,,,,,,,,,,,,,,,,,,,,,,,,,,,,,,,,,,,,,,,,,,,,,,,,,,,,,,,,,,TN,TN
autoland,4768071,12,69b95d09da21c937720a8d3aaca237f47b683aa9,linux1804-64-shippable-qr,True,False,,,102210fe594ee9b33d82058545b1ed14f4c8206e,browser-toolbox.connect.DAMP,damp,True,damp browser-toolbox.connect.DAMP opt e10s fission stylo webrender-sw,4767235,77,ms,firefox,,1755397114,2023-09-11 13:50:18,2029.8165869999864,e5cda9112336dc953a11c0cd0403690ca54ba077,1298633,,,,,,,,,,,,,,,,,,,,,,,,,,,,,,,,,,,,,,,,,,,,,,,,,,,,,,,,,,,,,TN,TN
autoland,4768071,12,69b95d09da21c937720a8d3aaca237f47b683aa9,linux1804-64-shippable-qr,True,False,,,102210fe594ee9b33d82058545b1ed14f4c8206e,browser-toolbox.connect.DAMP,damp,True,damp browser-toolbox.connect.DAMP opt e10s fission stylo webrender-sw,4767235,77,ms,firefox,,1754083856,2023-09-11 13:54:23,2007.4763440000097,2ea4fd5d517a2b5edf081c9e2ccd8c014f6dc171,1298638,,,,,,,,,,,,,,,,,,,,,,,,,,,,,,,,,,,,,,,,,,,,,,,,,,,,,,,,,,,,,TN,TN
autoland,4768071,12,69b95d09da21c937720a8d3aaca237f47b683aa9,linux1804-64-shippable-qr,True,False,,,102210fe594ee9b33d82058545b1ed14f4c8206e,browser-toolbox.connect.DAMP,damp,True,damp browser-toolbox.connect.DAMP opt e10s fission stylo webrender-sw,4767235,77,ms,firefox,,1755827180,2023-09-11 14:07:40,2008.0411145000107,7262d0f1bd66a82b46815deb53ffd3ee90dbad84,1298643,,,,,,,,,,,,,,,,,,,,,,,,,,,,,,,,,,,,,,,,,,,,,,,,,,,,,,,,,,,,,TN,TN
autoland,4768071,12,69b95d09da21c937720a8d3aaca237f47b683aa9,linux1804-64-shippable-qr,True,False,,,102210fe594ee9b33d82058545b1ed14f4c8206e,browser-toolbox.connect.DAMP,damp,True,damp browser-toolbox.connect.DAMP opt e10s fission stylo webrender-sw,4767235,77,ms,firefox,,1755835044,2023-09-11 14:25:50,2063.774379000006,c20fe6f0a048c5308622fce1c09f336e468aeed2,1298654,,,,,,,,,,,,,,,,,,,,,,,,,,,,,,,,,,,,,,,,,,,,,,,,,,,,,,,,,,,,,TN,TN
autoland,4768071,12,69b95d09da21c937720a8d3aaca237f47b683aa9,linux1804-64-shippable-qr,True,False,,,102210fe594ee9b33d82058545b1ed14f4c8206e,browser-toolbox.connect.DAMP,damp,True,damp browser-toolbox.connect.DAMP opt e10s fission stylo webrender-sw,4767235,77,ms,firefox,,1755826539,2023-09-11 15:13:12,2014.1058245000024,2d433a97e604465a59cb81dc73a61869ac504578,1298683,,,,,,,,,,,,,,,,,,,,,,,,,,,,,,,,,,,,,,,,,,,,,,,,,,,,,,,,,,,,,TN,TN
autoland,4768071,12,69b95d09da21c937720a8d3aaca237f47b683aa9,linux1804-64-shippable-qr,True,False,,,102210fe594ee9b33d82058545b1ed14f4c8206e,browser-toolbox.connect.DAMP,damp,True,damp browser-toolbox.connect.DAMP opt e10s fission stylo webrender-sw,4767235,77,ms,firefox,,1755833553,2023-09-11 15:13:12,1983.6808745000017,2d433a97e604465a59cb81dc73a61869ac504578,1298683,,,,,,,,,,,,,,,,,,,,,,,,,,,,,,,,,,,,,,,,,,,,,,,,,,,,,,,,,,,,,TN,TN
autoland,4768071,12,69b95d09da21c937720a8d3aaca237f47b683aa9,linux1804-64-shippable-qr,True,False,,,102210fe594ee9b33d82058545b1ed14f4c8206e,browser-toolbox.connect.DAMP,damp,True,damp browser-toolbox.connect.DAMP opt e10s fission stylo webrender-sw,4767235,77,ms,firefox,,1755854681,2023-09-11 15:43:35,1994.3911810000063,5acbf8d224c4649cd5015cf918c0c51c1c8bdb62,1298700,,,,,,,,,,,,,,,,,,,,,,,,,,,,,,,,,,,,,,,,,,,,,,,,,,,,,,,,,,,,,TN,TN
autoland,4768071,12,69b95d09da21c937720a8d3aaca237f47b683aa9,linux1804-64-shippable-qr,True,False,,,102210fe594ee9b33d82058545b1ed14f4c8206e,browser-toolbox.connect.DAMP,damp,True,damp browser-toolbox.connect.DAMP opt e10s fission stylo webrender-sw,4767235,77,ms,firefox,,1755834271,2023-09-11 15:45:07,2001.025910500015,c160803118172377f4e01bc496955de0294f6206,1298702,,,,,,,,,,,,,,,,,,,,,,,,,,,,,,,,,,,,,,,,,,,,,,,,,,,,,,,,,,,,,TN,TN
autoland,4768071,12,69b95d09da21c937720a8d3aaca237f47b683aa9,linux1804-64-shippable-qr,True,False,,,102210fe594ee9b33d82058545b1ed14f4c8206e,browser-toolbox.connect.DAMP,damp,True,damp browser-toolbox.connect.DAMP opt e10s fission stylo webrender-sw,4767235,77,ms,firefox,,1755812347,2023-09-11 15:47:00,1955.0953615000108,5854f291f9a2bb797993fcd55c91ad1a91b4900f,1298704,,,,,,,,,,,,,,,,,,,,,,,,,,,,,,,,,,,,,,,,,,,,,,,,,,,,,,,,,,,,,TN,TN
autoland,4768071,12,69b95d09da21c937720a8d3aaca237f47b683aa9,linux1804-64-shippable-qr,True,False,,,102210fe594ee9b33d82058545b1ed14f4c8206e,browser-toolbox.connect.DAMP,damp,True,damp browser-toolbox.connect.DAMP opt e10s fission stylo webrender-sw,4767235,77,ms,firefox,,1755824378,2023-09-11 15:47:00,1959.9754945000168,5854f291f9a2bb797993fcd55c91ad1a91b4900f,1298704,,,,,,,,,,,,,,,,,,,,,,,,,,,,,,,,,,,,,,,,,,,,,,,,,,,,,,,,,,,,,TN,TN
autoland,4768071,12,69b95d09da21c937720a8d3aaca237f47b683aa9,linux1804-64-shippable-qr,True,False,,,102210fe594ee9b33d82058545b1ed14f4c8206e,browser-toolbox.connect.DAMP,damp,True,damp browser-toolbox.connect.DAMP opt e10s fission stylo webrender-sw,4767235,77,ms,firefox,,1755816172,2023-09-11 15:48:02,1991.1911069999987,39bd64035bbcf706d057935da24fdce327d4aade,1298705,,,,,,,,,,,,,,,,,,,,,,,,,,,,,,,,,,,,,,,,,,,,,,,,,,,,,,,,,,,,,TN,TN
autoland,4768071,12,69b95d09da21c937720a8d3aaca237f47b683aa9,linux1804-64-shippable-qr,True,False,,,102210fe594ee9b33d82058545b1ed14f4c8206e,browser-toolbox.connect.DAMP,damp,True,damp browser-toolbox.connect.DAMP opt e10s fission stylo webrender-sw,4767235,77,ms,firefox,,1755823722,2023-09-11 15:48:02,1982.1536800000104,39bd64035bbcf706d057935da24fdce327d4aade,1298705,,,,,,,,,,,,,,,,,,,,,,,,,,,,,,,,,,,,,,,,,,,,,,,,,,,,,,,,,,,,,TN,TN
autoland,4768071,12,69b95d09da21c937720a8d3aaca237f47b683aa9,linux1804-64-shippable-qr,True,False,,,102210fe594ee9b33d82058545b1ed14f4c8206e,browser-toolbox.connect.DAMP,damp,True,damp browser-toolbox.connect.DAMP opt e10s fission stylo webrender-sw,4767235,77,ms,firefox,,1755714987,2023-09-11 15:49:08,2015.3608209999984,371f21acf806f523f68c289d8ed7da5c9260756f,1298706,,,,,,,,,,,,,,,,,,,,,,,,,,,,,,,,,,,,,,,,,,,,,,,,,,,,,,,,,,,,,TN,TN
autoland,4768071,12,69b95d09da21c937720a8d3aaca237f47b683aa9,linux1804-64-shippable-qr,True,False,,,102210fe594ee9b33d82058545b1ed14f4c8206e,browser-toolbox.connect.DAMP,damp,True,damp browser-toolbox.connect.DAMP opt e10s fission stylo webrender-sw,4767235,77,ms,firefox,,1755715762,2023-09-11 15:49:08,2033.8639760000003,371f21acf806f523f68c289d8ed7da5c9260756f,1298706,,,,,,,,,,,,,,,,,,,,,,,,,,,,,,,,,,,,,,,,,,,,,,,,,,,,,,,,,,,,,TN,TN
autoland,4768071,12,69b95d09da21c937720a8d3aaca237f47b683aa9,linux1804-64-shippable-qr,True,False,,,102210fe594ee9b33d82058545b1ed14f4c8206e,browser-toolbox.connect.DAMP,damp,True,damp browser-toolbox.connect.DAMP opt e10s fission stylo webrender-sw,4767235,77,ms,firefox,,1755380157,2023-09-11 15:50:33,2037.683923000004,2750553de9a1ea252e22438f8dd2806da435af48,1298707,,,,,,,,,,,,,,,,,,,,,,,,,,,,,,,,,,,,,,,,,,,,,,,,,,,,,,,,,,,,,TN,TN
autoland,4768071,12,69b95d09da21c937720a8d3aaca237f47b683aa9,linux1804-64-shippable-qr,True,False,,,102210fe594ee9b33d82058545b1ed14f4c8206e,browser-toolbox.connect.DAMP,damp,True,damp browser-toolbox.connect.DAMP opt e10s fission stylo webrender-sw,4767235,77,ms,firefox,,1755383431,2023-09-11 15:51:22,2006.142270000004,afb7fcca721a478b821d3eacfd59abde06443f0d,1298708,,,,,,,,,,,,,,,,,,,,,,,,,,,,,,,,,,,,,,,,,,,,,,,,,,,,,,,,,,,,,TN,TN
autoland,4768071,12,69b95d09da21c937720a8d3aaca237f47b683aa9,linux1804-64-shippable-qr,True,False,,,102210fe594ee9b33d82058545b1ed14f4c8206e,browser-toolbox.connect.DAMP,damp,True,damp browser-toolbox.connect.DAMP opt e10s fission stylo webrender-sw,4767235,77,ms,firefox,,1755382115,2023-09-11 16:29:56,2019.464350499984,1413faf09741cee78dbc0928cf65d1123de28ed7,1298722,,,,,,,,,,,,,,,,,,,,,,,,,,,,,,,,,,,,,,,,,,,,,,,,,,,,,,,,,,,,,TN,TN
autoland,4768071,12,69b95d09da21c937720a8d3aaca237f47b683aa9,linux1804-64-shippable-qr,True,False,,,102210fe594ee9b33d82058545b1ed14f4c8206e,browser-toolbox.connect.DAMP,damp,True,damp browser-toolbox.connect.DAMP opt e10s fission stylo webrender-sw,4767235,77,ms,firefox,,1755319853,2023-09-11 16:52:04,1996.459312499996,dcf391aec4e146f1abb2e7c4e0a5bc7d892150d6,1298731,,,,,,,,,,,,,,,,,,,,,,,,,,,,,,,,,,,,,,,,,,,,,,,,,,,,,,,,,,,,,TN,TN
autoland,4768071,12,69b95d09da21c937720a8d3aaca237f47b683aa9,linux1804-64-shippable-qr,True,False,,,102210fe594ee9b33d82058545b1ed14f4c8206e,browser-toolbox.connect.DAMP,damp,True,damp browser-toolbox.connect.DAMP opt e10s fission stylo webrender-sw,4767235,77,ms,firefox,,1755392960,2023-09-11 17:04:08,2062.8817714999896,754947adaad8ea8d87b61fb678ae58db5edb1ea6,1298736,,,,,,,,,,,,,,,,,,,,,,,,,,,,,,,,,,,,,,,,,,,,,,,,,,,,,,,,,,,,,TN,TN
autoland,4768071,12,69b95d09da21c937720a8d3aaca237f47b683aa9,linux1804-64-shippable-qr,True,False,,,102210fe594ee9b33d82058545b1ed14f4c8206e,browser-toolbox.connect.DAMP,damp,True,damp browser-toolbox.connect.DAMP opt e10s fission stylo webrender-sw,4767235,77,ms,firefox,,1755391568,2023-09-11 17:07:10,1981.6370510000013,a04c1437171517c379f8ba3635e43c62602b15a3,1298741,,,,,,,,,,,,,,,,,,,,,,,,,,,,,,,,,,,,,,,,,,,,,,,,,,,,,,,,,,,,,TN,TN
autoland,4768071,12,69b95d09da21c937720a8d3aaca237f47b683aa9,linux1804-64-shippable-qr,True,False,,,102210fe594ee9b33d82058545b1ed14f4c8206e,browser-toolbox.connect.DAMP,damp,True,damp browser-toolbox.connect.DAMP opt e10s fission stylo webrender-sw,4767235,77,ms,firefox,,1755385037,2023-09-11 17:39:17,2000.9663769999825,9cc66207ea6cfd43a3abb2d91eca132c01d0e58a,1298757,,,,,,,,,,,,,,,,,,,,,,,,,,,,,,,,,,,,,,,,,,,,,,,,,,,,,,,,,,,,,TN,TN
autoland,4768071,12,69b95d09da21c937720a8d3aaca237f47b683aa9,linux1804-64-shippable-qr,True,False,,,102210fe594ee9b33d82058545b1ed14f4c8206e,browser-toolbox.connect.DAMP,damp,True,damp browser-toolbox.connect.DAMP opt e10s fission stylo webrender-sw,4767235,77,ms,firefox,,1755381670,2023-09-11 17:40:06,1984.316715999997,abd2ee3faf9471314b05bdb6ddb6382f84279381,1298759,,,,,,,,,,,,,,,,,,,,,,,,,,,,,,,,,,,,,,,,,,,,,,,,,,,,,,,,,,,,,TN,TN
autoland,4768071,12,69b95d09da21c937720a8d3aaca237f47b683aa9,linux1804-64-shippable-qr,True,False,,,102210fe594ee9b33d82058545b1ed14f4c8206e,browser-toolbox.connect.DAMP,damp,True,damp browser-toolbox.connect.DAMP opt e10s fission stylo webrender-sw,4767235,77,ms,firefox,,1755383941,2023-09-11 17:40:55,2024.0619550000192,37e4a25128d7890bfcfb74c96a5e064d0606b6d9,1298760,,,,,,,,,,,,,,,,,,,,,,,,,,,,,,,,,,,,,,,,,,,,,,,,,,,,,,,,,,,,,TN,TN
autoland,4768071,12,69b95d09da21c937720a8d3aaca237f47b683aa9,linux1804-64-shippable-qr,True,False,,,102210fe594ee9b33d82058545b1ed14f4c8206e,browser-toolbox.connect.DAMP,damp,True,damp browser-toolbox.connect.DAMP opt e10s fission stylo webrender-sw,4767235,77,ms,firefox,,1754289302,2023-09-11 17:41:44,2054.6780160000235,f28ec98bf27ffbc0952af3f4ff0ffec4218a6554,1298761,,,,,,,,,,,,,,,,,,,,,,,,,,,,,,,,,,,,,,,,,,,,,,,,,,,,,,,,,,,,,TN,TN
autoland,4768071,12,69b95d09da21c937720a8d3aaca237f47b683aa9,linux1804-64-shippable-qr,True,False,,,102210fe594ee9b33d82058545b1ed14f4c8206e,browser-toolbox.connect.DAMP,damp,True,damp browser-toolbox.connect.DAMP opt e10s fission stylo webrender-sw,4767235,77,ms,firefox,,1755320098,2023-09-11 19:35:39,1976.028916999996,cacd1aee41f8fecb89855a91151319efe6107fe9,1298813,,,,,,,,,,,,,,,,,,,,,,,,,,,,,,,,,,,,,,,,,,,,,,,,,,,,,,,,,,,,,TN,TN
autoland,4768071,12,69b95d09da21c937720a8d3aaca237f47b683aa9,linux1804-64-shippable-qr,True,False,,,102210fe594ee9b33d82058545b1ed14f4c8206e,browser-toolbox.connect.DAMP,damp,True,damp browser-toolbox.connect.DAMP opt e10s fission stylo webrender-sw,4767235,77,ms,firefox,,1755384077,2023-09-11 19:52:30,1982.3004354999864,13227d6aab1a5c6982a1ec8efaa339877573202e,1298827,,,,,,,,,,,,,,,,,,,,,,,,,,,,,,,,,,,,,,,,,,,,,,,,,,,,,,,,,,,,,TN,TN
autoland,4768071,12,69b95d09da21c937720a8d3aaca237f47b683aa9,linux1804-64-shippable-qr,True,False,,,102210fe594ee9b33d82058545b1ed14f4c8206e,browser-toolbox.connect.DAMP,damp,True,damp browser-toolbox.connect.DAMP opt e10s fission stylo webrender-sw,4767235,77,ms,firefox,,1755397292,2023-09-11 19:56:53,1963.5875849999973,9e289bf77df274fd95050c2d5c184a7b17078dbb,1298830,,,,,,,,,,,,,,,,,,,,,,,,,,,,,,,,,,,,,,,,,,,,,,,,,,,,,,,,,,,,,TN,TN
autoland,4768071,12,69b95d09da21c937720a8d3aaca237f47b683aa9,linux1804-64-shippable-qr,True,False,,,102210fe594ee9b33d82058545b1ed14f4c8206e,browser-toolbox.connect.DAMP,damp,True,damp browser-toolbox.connect.DAMP opt e10s fission stylo webrender-sw,4767235,77,ms,firefox,,1755320372,2023-09-11 20:23:57,2041.130359000017,49f8ac83c949700ec1d4895ca4fd0cb97bb408ad,1298842,,,,,,,,,,,,,,,,,,,,,,,,,,,,,,,,,,,,,,,,,,,,,,,,,,,,,,,,,,,,,TN,TN
autoland,4768071,12,69b95d09da21c937720a8d3aaca237f47b683aa9,linux1804-64-shippable-qr,True,False,,,102210fe594ee9b33d82058545b1ed14f4c8206e,browser-toolbox.connect.DAMP,damp,True,damp browser-toolbox.connect.DAMP opt e10s fission stylo webrender-sw,4767235,77,ms,firefox,,1755381226,2023-09-11 20:27:20,1986.250611499996,7ddcc5c570857b59a8ca28d15053b56adee3751a,1298844,,,,,,,,,,,,,,,,,,,,,,,,,,,,,,,,,,,,,,,,,,,,,,,,,,,,,,,,,,,,,TN,TN
autoland,4768071,12,69b95d09da21c937720a8d3aaca237f47b683aa9,linux1804-64-shippable-qr,True,False,,,102210fe594ee9b33d82058545b1ed14f4c8206e,browser-toolbox.connect.DAMP,damp,True,damp browser-toolbox.connect.DAMP opt e10s fission stylo webrender-sw,4767235,77,ms,firefox,,1755389833,2023-09-11 20:52:46,1956.731935,b2453b43eee06d8a6ec112c23a639dbdafffe9d5,1298855,,,,,,,,,,,,,,,,,,,,,,,,,,,,,,,,,,,,,,,,,,,,,,,,,,,,,,,,,,,,,TN,TN
autoland,4768071,12,69b95d09da21c937720a8d3aaca237f47b683aa9,linux1804-64-shippable-qr,True,False,,,102210fe594ee9b33d82058545b1ed14f4c8206e,browser-toolbox.connect.DAMP,damp,True,damp browser-toolbox.connect.DAMP opt e10s fission stylo webrender-sw,4767235,77,ms,firefox,,1755410957,2023-09-11 21:12:10,1979.8461005000208,58731d4cdf3a29dd6aa3d2dd18e917c8e7d0bef5,1298864,,,,,,,,,,,,,,,,,,,,,,,,,,,,,,,,,,,,,,,,,,,,,,,,,,,,,,,,,,,,,TN,TN
autoland,4768071,12,69b95d09da21c937720a8d3aaca237f47b683aa9,linux1804-64-shippable-qr,True,False,,,102210fe594ee9b33d82058545b1ed14f4c8206e,browser-toolbox.connect.DAMP,damp,True,damp browser-toolbox.connect.DAMP opt e10s fission stylo webrender-sw,4767235,77,ms,firefox,,1755320560,2023-09-11 21:24:37,2012.6654825000005,6b6020b8d61f2caa4a75ff6719cbd9da74933650,1298871,,,,,,,,,,,,,,,,,,,,,,,,,,,,,,,,,,,,,,,,,,,,,,,,,,,,,,,,,,,,,TN,TN
autoland,4768071,12,69b95d09da21c937720a8d3aaca237f47b683aa9,linux1804-64-shippable-qr,True,False,,,102210fe594ee9b33d82058545b1ed14f4c8206e,browser-toolbox.connect.DAMP,damp,True,damp browser-toolbox.connect.DAMP opt e10s fission stylo webrender-sw,4767235,77,ms,firefox,,1755388922,2023-09-11 21:40:56,1993.1184865000068,a441005ea9733de894a4c750fb58e6c01820f09f,1298873,,,,,,,,,,,,,,,,,,,,,,,,,,,,,,,,,,,,,,,,,,,,,,,,,,,,,,,,,,,,,TN,TN
autoland,4768071,12,69b95d09da21c937720a8d3aaca237f47b683aa9,linux1804-64-shippable-qr,True,False,,,102210fe594ee9b33d82058545b1ed14f4c8206e,browser-toolbox.connect.DAMP,damp,True,damp browser-toolbox.connect.DAMP opt e10s fission stylo webrender-sw,4767235,77,ms,firefox,,1754376619,2023-09-11 21:44:17,1970.5248804999571,4a10a12f6006582e936c81baefda439d8f078729,1298874,,,,,,,,,,,,,,,,,,,,,,,,,,,,,,,,,,,,,,,,,,,,,,,,,,,,,,,,,,,,,TN,TN
autoland,4768071,12,69b95d09da21c937720a8d3aaca237f47b683aa9,linux1804-64-shippable-qr,True,False,,,102210fe594ee9b33d82058545b1ed14f4c8206e,browser-toolbox.connect.DAMP,damp,True,damp browser-toolbox.connect.DAMP opt e10s fission stylo webrender-sw,4767235,77,ms,firefox,,1754394890,2023-09-11 22:07:56,1983.072728500003,12882fe96164b756c60fff4549300977b85af06f,1298881,,,,,,,,,,,,,,,,,,,,,,,,,,,,,,,,,,,,,,,,,,,,,,,,,,,,,,,,,,,,,TN,TN
autoland,4768071,12,69b95d09da21c937720a8d3aaca237f47b683aa9,linux1804-64-shippable-qr,True,False,,,102210fe594ee9b33d82058545b1ed14f4c8206e,browser-toolbox.connect.DAMP,damp,True,damp browser-toolbox.connect.DAMP opt e10s fission stylo webrender-sw,4767235,77,ms,firefox,,1754542150,2023-09-12 02:35:45,1982.7409389999884,cdcc536589320caec69ec36416058cd46b8d4178,1298976,,,,,,,,,,,,,,,,,,,,,,,,,,,,,,,,,,,,,,,,,,,,,,,,,,,,,,,,,,,,,TN,TN
autoland,4768071,12,69b95d09da21c937720a8d3aaca237f47b683aa9,linux1804-64-shippable-qr,True,False,,,102210fe594ee9b33d82058545b1ed14f4c8206e,browser-toolbox.connect.DAMP,damp,True,damp browser-toolbox.connect.DAMP opt e10s fission stylo webrender-sw,4767235,77,ms,firefox,,1754652844,2023-09-12 07:31:58,1980.667097500016,2e2360c55e7b421532f4d12b7a36a0e0f943a1e9,1299027,,,,,,,,,,,,,,,,,,,,,,,,,,,,,,,,,,,,,,,,,,,,,,,,,,,,,,,,,,,,,TN,TN
autoland,4768071,12,69b95d09da21c937720a8d3aaca237f47b683aa9,linux1804-64-shippable-qr,True,False,,,102210fe594ee9b33d82058545b1ed14f4c8206e,browser-toolbox.connect.DAMP,damp,True,damp browser-toolbox.connect.DAMP opt e10s fission stylo webrender-sw,4767235,77,ms,firefox,,1754790160,2023-09-12 11:48:24,1987.538834999992,4cca882e069d67c3a9a9064ac603b0dca23a5b39,1299122,,,,,,,,,,,,,,,,,,,,,,,,,,,,,,,,,,,,,,,,,,,,,,,,,,,,,,,,,,,,,TN,TN
autoland,4768071,12,69b95d09da21c937720a8d3aaca237f47b683aa9,linux1804-64-shippable-qr,True,False,,,102210fe594ee9b33d82058545b1ed14f4c8206e,browser-toolbox.connect.DAMP,damp,True,damp browser-toolbox.connect.DAMP opt e10s fission stylo webrender-sw,4767235,77,ms,firefox,,1754817777,2023-09-12 12:34:27,1971.0360595000093,f302f4a5371614cb2d42fbbe4ddfdd068aae146d,1299141,,,,,,,,,,,,,,,,,,,,,,,,,,,,,,,,,,,,,,,,,,,,,,,,,,,,,,,,,,,,,TN,TN
autoland,4768071,12,69b95d09da21c937720a8d3aaca237f47b683aa9,linux1804-64-shippable-qr,True,False,,,102210fe594ee9b33d82058545b1ed14f4c8206e,browser-toolbox.connect.DAMP,damp,True,damp browser-toolbox.connect.DAMP opt e10s fission stylo webrender-sw,4767235,77,ms,firefox,,1754958985,2023-09-12 16:35:29,1967.5079304999963,1b3be6b61583c53c2cb899ffc91c921c022e8162,1299257,,,,,,,,,,,,,,,,,,,,,,,,,,,,,,,,,,,,,,,,,,,,,,,,,,,,,,,,,,,,,TN,TN
autoland,4768071,12,69b95d09da21c937720a8d3aaca237f47b683aa9,linux1804-64-shippable-qr,True,False,,,102210fe594ee9b33d82058545b1ed14f4c8206e,browser-toolbox.connect.DAMP,damp,True,damp browser-toolbox.connect.DAMP opt e10s fission stylo webrender-sw,4767235,77,ms,firefox,,1754984484,2023-09-12 17:51:01,1966.6499489999917,c77f534dc9b99192eca371e3917ffc5b504bd055,1299297,,,,,,,,,,,,,,,,,,,,,,,,,,,,,,,,,,,,,,,,,,,,,,,,,,,,,,,,,,,,,TN,TN
autoland,4768071,12,69b95d09da21c937720a8d3aaca237f47b683aa9,linux1804-64-shippable-qr,True,False,,,102210fe594ee9b33d82058545b1ed14f4c8206e,browser-toolbox.connect.DAMP,damp,True,damp browser-toolbox.connect.DAMP opt e10s fission stylo webrender-sw,4767235,77,ms,firefox,,1755154938,2023-09-12 22:44:58,1975.8282820000024,0339e9d43c22845d7589528bc8a08eee6b2d5c7a,1299446,,,,,,,,,,,,,,,,,,,,,,,,,,,,,,,,,,,,,,,,,,,,,,,,,,,,,,,,,,,,,TN,TN
autoland,4768071,12,69b95d09da21c937720a8d3aaca237f47b683aa9,linux1804-64-shippable-qr,True,False,,,102210fe594ee9b33d82058545b1ed14f4c8206e,browser-toolbox.connect.DAMP,damp,True,damp browser-toolbox.connect.DAMP opt e10s fission stylo webrender-sw,4767235,77,ms,firefox,,1755169365,2023-09-12 23:09:22,2000.7898920000152,d238756ba039d0430074dea8fa1db0c2b75b8184,1299456,,,,,,,,,,,,,,,,,,,,,,,,,,,,,,,,,,,,,,,,,,,,,,,,,,,,,,,,,,,,,TN,TN
autoland,4768071,12,69b95d09da21c937720a8d3aaca237f47b683aa9,linux1804-64-shippable-qr,True,False,,,102210fe594ee9b33d82058545b1ed14f4c8206e,browser-toolbox.connect.DAMP,damp,True,damp browser-toolbox.connect.DAMP opt e10s fission stylo webrender-sw,4767235,77,ms,firefox,,1755233452,2023-09-13 03:21:32,1935.0783495,daceab96e9588ecb729cc3648c7980f1d9928ef1,1299496,,,,,,,,,,,,,,,,,,,,,,,,,,,,,,,,,,,,,,,,,,,,,,,,,,,,,,,,,,,,,TN,TN
autoland,4768071,12,69b95d09da21c937720a8d3aaca237f47b683aa9,linux1804-64-shippable-qr,True,False,,,102210fe594ee9b33d82058545b1ed14f4c8206e,browser-toolbox.connect.DAMP,damp,True,damp browser-toolbox.connect.DAMP opt e10s fission stylo webrender-sw,4767235,77,ms,firefox,,1755302987,2023-09-13 08:07:28,1996.400921499997,00a66a4ea7d34e12302bd63f68a950cbff5a9ffa,1299529,,,,,,,,,,,,,,,,,,,,,,,,,,,,,,,,,,,,,,,,,,,,,,,,,,,,,,,,,,,,,TN,TN
autoland,4768071,12,69b95d09da21c937720a8d3aaca237f47b683aa9,linux1804-64-shippable-qr,True,False,,,102210fe594ee9b33d82058545b1ed14f4c8206e,browser-toolbox.connect.DAMP,damp,True,damp browser-toolbox.connect.DAMP opt e10s fission stylo webrender-sw,4767235,77,ms,firefox,,1755459300,2023-09-13 11:26:03,1976.4962355000064,1a4b8c41b3c3efb7f5870fb99730fc6b08a44cc1,1299625,,,,,,,,,,,,,,,,,,,,,,,,,,,,,,,,,,,,,,,,,,,,,,,,,,,,,,,,,,,,,TN,TN
autoland,4768071,12,69b95d09da21c937720a8d3aaca237f47b683aa9,linux1804-64-shippable-qr,True,False,,,102210fe594ee9b33d82058545b1ed14f4c8206e,browser-toolbox.connect.DAMP,damp,True,damp browser-toolbox.connect.DAMP opt e10s fission stylo webrender-sw,4767235,77,ms,firefox,,1755607382,2023-09-13 15:38:40,1969.6663044999727,49a7e292daad5c6727d745e6910b8bde5c3f59a6,1299802,,,,,,,,,,,,,,,,,,,,,,,,,,,,,,,,,,,,,,,,,,,,,,,,,,,,,,,,,,,,,TN,TN
autoland,4768071,12,69b95d09da21c937720a8d3aaca237f47b683aa9,linux1804-64-shippable-qr,True,False,,,102210fe594ee9b33d82058545b1ed14f4c8206e,browser-toolbox.connect.DAMP,damp,True,damp browser-toolbox.connect.DAMP opt e10s fission stylo webrender-sw,4767235,77,ms,firefox,,1755651801,2023-09-13 16:07:42,2044.341591499986,ce9c917d3e22a86f9e2a6fb5d5b68cd6d56fb687,1299823,,,,,,,,,,,,,,,,,,,,,,,,,,,,,,,,,,,,,,,,,,,,,,,,,,,,,,,,,,,,,TN,TN
autoland,4768071,12,69b95d09da21c937720a8d3aaca237f47b683aa9,linux1804-64-shippable-qr,True,False,,,102210fe594ee9b33d82058545b1ed14f4c8206e,browser-toolbox.connect.DAMP,damp,True,damp browser-toolbox.connect.DAMP opt e10s fission stylo webrender-sw,4767235,77,ms,firefox,,1755861740,2023-09-13 20:42:18,1985.538639499995,ab101a976da356370e4d513e38e73a1fa55b1597,1300022,,,,,,,,,,,,,,,,,,,,,,,,,,,,,,,,,,,,,,,,,,,,,,,,,,,,,,,,,,,,,TN,TN
autoland,4768071,12,69b95d09da21c937720a8d3aaca237f47b683aa9,linux1804-64-shippable-qr,True,False,,,102210fe594ee9b33d82058545b1ed14f4c8206e,browser-toolbox.connect.DAMP,damp,True,damp browser-toolbox.connect.DAMP opt e10s fission stylo webrender-sw,4767235,77,ms,firefox,,1755936311,2023-09-13 23:14:42,1947.462937000004,8f5a11c1eb0b7598d1415f6efa9c360191a423f8,1300119,,,,,,,,,,,,,,,,,,,,,,,,,,,,,,,,,,,,,,,,,,,,,,,,,,,,,,,,,,,,,TN,TN
autoland,4768071,12,69b95d09da21c937720a8d3aaca237f47b683aa9,linux1804-64-shippable-qr,True,False,,,102210fe594ee9b33d82058545b1ed14f4c8206e,browser-toolbox.connect.DAMP,damp,True,damp browser-toolbox.connect.DAMP opt e10s fission stylo webrender-sw,4767235,77,ms,firefox,,1756103015,2023-09-14 04:10:41,1963.5829474999991,c57de172952ed6dfa84943bd2175574e4c87e92b,1300187,,,,,,,,,,,,,,,,,,,,,,,,,,,,,,,,,,,,,,,,,,,,,,,,,,,,,,,,,,,,,TN,TN
autoland,4768071,12,69b95d09da21c937720a8d3aaca237f47b683aa9,linux1804-64-shippable-qr,True,False,,,102210fe594ee9b33d82058545b1ed14f4c8206e,browser-toolbox.connect.DAMP,damp,True,damp browser-toolbox.connect.DAMP opt e10s fission stylo webrender-sw,4767235,77,ms,firefox,,1756326545,2023-09-14 09:30:23,1972.5223354999907,69c7e9b937f817f1bee50511a690a35aa3b49793,1300302,,,,,,,,,,,,,,,,,,,,,,,,,,,,,,,,,,,,,,,,,,,,,,,,,,,,,,,,,,,,,TN,TN
autoland,4768071,12,69b95d09da21c937720a8d3aaca237f47b683aa9,linux1804-64-shippable-qr,True,False,,,102210fe594ee9b33d82058545b1ed14f4c8206e,browser-toolbox.connect.DAMP,damp,True,damp browser-toolbox.connect.DAMP opt e10s fission stylo webrender-sw,4767235,77,ms,firefox,,1756380971,2023-09-14 11:38:04,1961.0606425000296,76116e6c2476f694d9cd5db9c69d9065e3b2cbbd,1300382,,,,,,,,,,,,,,,,,,,,,,,,,,,,,,,,,,,,,,,,,,,,,,,,,,,,,,,,,,,,,TN,TN
autoland,4768071,12,69b95d09da21c937720a8d3aaca237f47b683aa9,linux1804-64-shippable-qr,True,False,,,102210fe594ee9b33d82058545b1ed14f4c8206e,browser-toolbox.connect.DAMP,damp,True,damp browser-toolbox.connect.DAMP opt e10s fission stylo webrender-sw,4767235,77,ms,firefox,,1756551188,2023-09-14 15:44:34,1981.91535499999,3b93c8502571e31ff0926a4911fae422c3c2118c,1300523,,,,,,,,,,,,,,,,,,,,,,,,,,,,,,,,,,,,,,,,,,,,,,,,,,,,,,,,,,,,,TN,TN
autoland,4768071,12,69b95d09da21c937720a8d3aaca237f47b683aa9,linux1804-64-shippable-qr,True,False,,,102210fe594ee9b33d82058545b1ed14f4c8206e,browser-toolbox.connect.DAMP,damp,True,damp browser-toolbox.connect.DAMP opt e10s fission stylo webrender-sw,4767235,77,ms,firefox,,1756597370,2023-09-14 16:38:11,1950.3540235000185,98de7bc404c3786a5459a205dea174bdf39d3dbf,1300546,,,,,,,,,,,,,,,,,,,,,,,,,,,,,,,,,,,,,,,,,,,,,,,,,,,,,,,,,,,,,TN,TN
autoland,4768071,12,69b95d09da21c937720a8d3aaca237f47b683aa9,linux1804-64-shippable-qr,True,False,,,102210fe594ee9b33d82058545b1ed14f4c8206e,browser-toolbox.connect.DAMP,damp,True,damp browser-toolbox.connect.DAMP opt e10s fission stylo webrender-sw,4767235,77,ms,firefox,,1756662893,2023-09-14 20:51:49,1981.676259,ecc245e6c1644825a53e0e4085347043a793a40f,1300732,,,,,,,,,,,,,,,,,,,,,,,,,,,,,,,,,,,,,,,,,,,,,,,,,,,,,,,,,,,,,TN,TN
autoland,4768071,12,69b95d09da21c937720a8d3aaca237f47b683aa9,linux1804-64-shippable-qr,True,False,,,102210fe594ee9b33d82058545b1ed14f4c8206e,browser-toolbox.connect.DAMP,damp,True,damp browser-toolbox.connect.DAMP opt e10s fission stylo webrender-sw,4767235,77,ms,firefox,,1756809835,2023-09-15 00:53:43,1956.5471670000115,cfbd0bd9bc623276a862481e44bd71e1d57e2eac,1300850,,,,,,,,,,,,,,,,,,,,,,,,,,,,,,,,,,,,,,,,,,,,,,,,,,,,,,,,,,,,,TN,TN
autoland,4768071,12,69b95d09da21c937720a8d3aaca237f47b683aa9,linux1804-64-shippable-qr,True,False,,,102210fe594ee9b33d82058545b1ed14f4c8206e,browser-toolbox.connect.DAMP,damp,True,damp browser-toolbox.connect.DAMP opt e10s fission stylo webrender-sw,4767235,77,ms,firefox,,1756936685,2023-09-15 06:04:49,2009.688713499996,8f99acff4cbc8f25f158dc6ff079042f02768f05,1300927,,,,,,,,,,,,,,,,,,,,,,,,,,,,,,,,,,,,,,,,,,,,,,,,,,,,,,,,,,,,,TN,TN
autoland,4768071,12,69b95d09da21c937720a8d3aaca237f47b683aa9,linux1804-64-shippable-qr,True,False,,,102210fe594ee9b33d82058545b1ed14f4c8206e,browser-toolbox.connect.DAMP,damp,True,damp browser-toolbox.connect.DAMP opt e10s fission stylo webrender-sw,4767235,77,ms,firefox,,1756948392,2023-09-15 06:59:31,1964.7893139999944,0a032c6f1d5da0740059f67c499e0e9f7ab88650,1300939,,,,,,,,,,,,,,,,,,,,,,,,,,,,,,,,,,,,,,,,,,,,,,,,,,,,,,,,,,,,,TN,TN
autoland,4768071,12,69b95d09da21c937720a8d3aaca237f47b683aa9,linux1804-64-shippable-qr,True,False,,,102210fe594ee9b33d82058545b1ed14f4c8206e,browser-toolbox.connect.DAMP,damp,True,damp browser-toolbox.connect.DAMP opt e10s fission stylo webrender-sw,4767235,77,ms,firefox,,1757102122,2023-09-15 11:50:44,2021.916425999978,29c4aff31f1dc95ad970b23a77b763265f1632c0,1301039,,,,,,,,,,,,,,,,,,,,,,,,,,,,,,,,,,,,,,,,,,,,,,,,,,,,,,,,,,,,,TN,TN
autoland,4768071,12,69b95d09da21c937720a8d3aaca237f47b683aa9,linux1804-64-shippable-qr,True,False,,,102210fe594ee9b33d82058545b1ed14f4c8206e,browser-toolbox.connect.DAMP,damp,True,damp browser-toolbox.connect.DAMP opt e10s fission stylo webrender-sw,4767235,77,ms,firefox,,1757213075,2023-09-15 14:51:55,2036.1015569999872,079079610ac2a41dba72a91cbe2867519e2bc5bd,1301175,,,,,,,,,,,,,,,,,,,,,,,,,,,,,,,,,,,,,,,,,,,,,,,,,,,,,,,,,,,,,TN,TN
autoland,4768071,12,69b95d09da21c937720a8d3aaca237f47b683aa9,linux1804-64-shippable-qr,True,False,,,102210fe594ee9b33d82058545b1ed14f4c8206e,browser-toolbox.connect.DAMP,damp,True,damp browser-toolbox.connect.DAMP opt e10s fission stylo webrender-sw,4767235,77,ms,firefox,,1757305353,2023-09-15 17:51:06,1968.989520500036,fec6b3b46bc6439ac98e03aa73938deaf6323f5c,1301318,,,,,,,,,,,,,,,,,,,,,,,,,,,,,,,,,,,,,,,,,,,,,,,,,,,,,,,,,,,,,TN,TN
autoland,4768071,12,69b95d09da21c937720a8d3aaca237f47b683aa9,linux1804-64-shippable-qr,True,False,,,102210fe594ee9b33d82058545b1ed14f4c8206e,browser-toolbox.connect.DAMP,damp,True,damp browser-toolbox.connect.DAMP opt e10s fission stylo webrender-sw,4767235,77,ms,firefox,,1757355643,2023-09-15 20:04:54,1966.6677695000035,99357ab2bb639918d2ea0e8f391494df18c24cb9,1301421,,,,,,,,,,,,,,,,,,,,,,,,,,,,,,,,,,,,,,,,,,,,,,,,,,,,,,,,,,,,,TN,TN
autoland,4768071,12,69b95d09da21c937720a8d3aaca237f47b683aa9,linux1804-64-shippable-qr,True,False,,,102210fe594ee9b33d82058545b1ed14f4c8206e,browser-toolbox.connect.DAMP,damp,True,damp browser-toolbox.connect.DAMP opt e10s fission stylo webrender-sw,4767235,77,ms,firefox,,1757480142,2023-09-16 00:25:52,1970.998090000008,aa4e3903740dfa0ed175c6ff18e57b8fbe82afd7,1301531,,,,,,,,,,,,,,,,,,,,,,,,,,,,,,,,,,,,,,,,,,,,,,,,,,,,,,,,,,,,,TN,TN
autoland,4768071,12,69b95d09da21c937720a8d3aaca237f47b683aa9,linux1804-64-shippable-qr,True,False,,,102210fe594ee9b33d82058545b1ed14f4c8206e,browser-toolbox.connect.DAMP,damp,True,damp browser-toolbox.connect.DAMP opt e10s fission stylo webrender-sw,4767235,77,ms,firefox,,1757467910,2023-09-16 00:35:43,1984.688217999996,69d0f600b52641dd114b02da128a162f86f09395,1301538,,,,,,,,,,,,,,,,,,,,,,,,,,,,,,,,,,,,,,,,,,,,,,,,,,,,,,,,,,,,,TN,TN
autoland,4768071,12,69b95d09da21c937720a8d3aaca237f47b683aa9,linux1804-64-shippable-qr,True,False,,,102210fe594ee9b33d82058545b1ed14f4c8206e,browser-toolbox.connect.DAMP,damp,True,damp browser-toolbox.connect.DAMP opt e10s fission stylo webrender-sw,4767235,77,ms,firefox,,1757564400,2023-09-16 05:54:34,2024.3747894999904,7fcd45f7f407a0c756c8b8292b1df8d8162cdce6,1301559,,,,,,,,,,,,,,,,,,,,,,,,,,,,,,,,,,,,,,,,,,,,,,,,,,,,,,,,,,,,,TN,TN
autoland,4768071,12,69b95d09da21c937720a8d3aaca237f47b683aa9,linux1804-64-shippable-qr,True,False,,,102210fe594ee9b33d82058545b1ed14f4c8206e,browser-toolbox.connect.DAMP,damp,True,damp browser-toolbox.connect.DAMP opt e10s fission stylo webrender-sw,4767235,77,ms,firefox,,1757647312,2023-09-16 12:53:39,1968.420063500031,745d8130d1ac2d3e0ae51f2f22896853f0d34479,1301583,,,,,,,,,,,,,,,,,,,,,,,,,,,,,,,,,,,,,,,,,,,,,,,,,,,,,,,,,,,,,TN,TN
autoland,4768071,12,69b95d09da21c937720a8d3aaca237f47b683aa9,linux1804-64-shippable-qr,True,False,,,102210fe594ee9b33d82058545b1ed14f4c8206e,browser-toolbox.connect.DAMP,damp,True,damp browser-toolbox.connect.DAMP opt e10s fission stylo webrender-sw,4767235,77,ms,firefox,,1757682083,2023-09-16 18:13:35,1991.702880999961,a7bddb715bd51687e4f52876beeb747f6a19cb0d,1301606,,,,,,,,,,,,,,,,,,,,,,,,,,,,,,,,,,,,,,,,,,,,,,,,,,,,,,,,,,,,,TN,TN
autoland,4768071,12,69b95d09da21c937720a8d3aaca237f47b683aa9,linux1804-64-shippable-qr,True,False,,,102210fe594ee9b33d82058545b1ed14f4c8206e,browser-toolbox.connect.DAMP,damp,True,damp browser-toolbox.connect.DAMP opt e10s fission stylo webrender-sw,4767235,77,ms,firefox,,1757802423,2023-09-17 06:44:56,1974.0725450000064,d1558269e35b364c189cb76982dfc3fdd465224b,1301647,,,,,,,,,,,,,,,,,,,,,,,,,,,,,,,,,,,,,,,,,,,,,,,,,,,,,,,,,,,,,TN,TN
autoland,4768071,12,69b95d09da21c937720a8d3aaca237f47b683aa9,linux1804-64-shippable-qr,True,False,,,102210fe594ee9b33d82058545b1ed14f4c8206e,browser-toolbox.connect.DAMP,damp,True,damp browser-toolbox.connect.DAMP opt e10s fission stylo webrender-sw,4767235,77,ms,firefox,,1757863101,2023-09-17 09:36:28,1964.467683499999,16afd66ac7be7ee4ffc61599d0241c28d47c74c7,1301654,,,,,,,,,,,,,,,,,,,,,,,,,,,,,,,,,,,,,,,,,,,,,,,,,,,,,,,,,,,,,TN,TN
autoland,4768071,12,69b95d09da21c937720a8d3aaca237f47b683aa9,linux1804-64-shippable-qr,True,False,,,102210fe594ee9b33d82058545b1ed14f4c8206e,browser-toolbox.connect.DAMP,damp,True,damp browser-toolbox.connect.DAMP opt e10s fission stylo webrender-sw,4767235,77,ms,firefox,,1757915423,2023-09-17 14:36:55,1975.7430960000056,17a576f280a8e27d78d7247f1f451ca46a64d0f4,1301663,,,,,,,,,,,,,,,,,,,,,,,,,,,,,,,,,,,,,,,,,,,,,,,,,,,,,,,,,,,,,TN,TN
autoland,4768071,12,69b95d09da21c937720a8d3aaca237f47b683aa9,linux1804-64-shippable-qr,True,False,,,102210fe594ee9b33d82058545b1ed14f4c8206e,browser-toolbox.connect.DAMP,damp,True,damp browser-toolbox.connect.DAMP opt e10s fission stylo webrender-sw,4767235,77,ms,firefox,,1757955577,2023-09-17 18:44:53,1992.4117210000115,76aa4dfe7e88c5e43988e15fd032c3b9678cfebd,1301677,,,,,,,,,,,,,,,,,,,,,,,,,,,,,,,,,,,,,,,,,,,,,,,,,,,,,,,,,,,,,TN,TN
autoland,4768071,12,69b95d09da21c937720a8d3aaca237f47b683aa9,linux1804-64-shippable-qr,True,False,,,102210fe594ee9b33d82058545b1ed14f4c8206e,browser-toolbox.connect.DAMP,damp,True,damp browser-toolbox.connect.DAMP opt e10s fission stylo webrender-sw,4767235,77,ms,firefox,,1758007110,2023-09-17 22:46:46,1972.1013074999971,4333e71e3754938bc5beee5baabbfd6657869bc6,1301700,,,,,,,,,,,,,,,,,,,,,,,,,,,,,,,,,,,,,,,,,,,,,,,,,,,,,,,,,,,,,TN,TN
autoland,4768071,12,69b95d09da21c937720a8d3aaca237f47b683aa9,linux1804-64-shippable-qr,True,False,,,102210fe594ee9b33d82058545b1ed14f4c8206e,browser-toolbox.connect.DAMP,damp,True,damp browser-toolbox.connect.DAMP opt e10s fission stylo webrender-sw,4767235,77,ms,firefox,,1758074755,2023-09-18 03:57:39,2009.8268465000183,d395f485b3a2b96c9d6f47f5167308b763c1891b,1301730,,,,,,,,,,,,,,,,,,,,,,,,,,,,,,,,,,,,,,,,,,,,,,,,,,,,,,,,,,,,,TN,TN
autoland,4768071,12,69b95d09da21c937720a8d3aaca237f47b683aa9,linux1804-64-shippable-qr,True,False,,,102210fe594ee9b33d82058545b1ed14f4c8206e,browser-toolbox.connect.DAMP,damp,True,damp browser-toolbox.connect.DAMP opt e10s fission stylo webrender-sw,4767235,77,ms,firefox,,1758178562,2023-09-18 09:50:33,1996.3929894999887,11fb2a6e434951fbef0791563a159cbbdd42f4c8,1301818,,,,,,,,,,,,,,,,,,,,,,,,,,,,,,,,,,,,,,,,,,,,,,,,,,,,,,,,,,,,,TN,TN
autoland,4768071,12,69b95d09da21c937720a8d3aaca237f47b683aa9,linux1804-64-shippable-qr,True,False,,,102210fe594ee9b33d82058545b1ed14f4c8206e,browser-toolbox.connect.DAMP,damp,True,damp browser-toolbox.connect.DAMP opt e10s fission stylo webrender-sw,4767235,77,ms,firefox,,1758352385,2023-09-18 14:45:06,1962.7305859999904,7a51e2aa7d09aac78f5c93c25c65e83cb1272b7d,1301994,,,,,,,,,,,,,,,,,,,,,,,,,,,,,,,,,,,,,,,,,,,,,,,,,,,,,,,,,,,,,TN,TN
autoland,4768071,12,69b95d09da21c937720a8d3aaca237f47b683aa9,linux1804-64-shippable-qr,True,False,,,102210fe594ee9b33d82058545b1ed14f4c8206e,browser-toolbox.connect.DAMP,damp,True,damp browser-toolbox.connect.DAMP opt e10s fission stylo webrender-sw,4767235,77,ms,firefox,,1758590667,2023-09-18 21:05:31,1968.305098500001,44aa0c56427a5e659c7bec91e3b608472cb6f763,1302247,,,,,,,,,,,,,,,,,,,,,,,,,,,,,,,,,,,,,,,,,,,,,,,,,,,,,,,,,,,,,TN,TN
autoland,4768071,12,69b95d09da21c937720a8d3aaca237f47b683aa9,linux1804-64-shippable-qr,True,False,,,102210fe594ee9b33d82058545b1ed14f4c8206e,browser-toolbox.connect.DAMP,damp,True,damp browser-toolbox.connect.DAMP opt e10s fission stylo webrender-sw,4767235,77,ms,firefox,,1758621015,2023-09-18 22:22:31,2021.0522685,3a523925f8ff99d5984169d7fbae7e4d1fc1cd18,1302316,,,,,,,,,,,,,,,,,,,,,,,,,,,,,,,,,,,,,,,,,,,,,,,,,,,,,,,,,,,,,TN,TN
autoland,4768071,12,69b95d09da21c937720a8d3aaca237f47b683aa9,linux1804-64-shippable-qr,True,False,,,102210fe594ee9b33d82058545b1ed14f4c8206e,browser-toolbox.connect.DAMP,damp,True,damp browser-toolbox.connect.DAMP opt e10s fission stylo webrender-sw,4767235,77,ms,firefox,,1758659481,2023-09-19 00:36:20,2027.5182960000093,b0769fdf63e5e9d7ac3ef647f895b15971a8dc99,1302387,,,,,,,,,,,,,,,,,,,,,,,,,,,,,,,,,,,,,,,,,,,,,,,,,,,,,,,,,,,,,TN,TN
autoland,4768071,12,69b95d09da21c937720a8d3aaca237f47b683aa9,linux1804-64-shippable-qr,True,False,,,102210fe594ee9b33d82058545b1ed14f4c8206e,browser-toolbox.connect.DAMP,damp,True,damp browser-toolbox.connect.DAMP opt e10s fission stylo webrender-sw,4767235,77,ms,firefox,,1760321267,2023-09-19 00:48:17,1970.6550695000187,b9b124bb96581d1c7c65323dbb77dff07306b4ef,1302401,,,,,,,,,,,,,,,,,,,,,,,,,,,,,,,,,,,,,,,,,,,,,,,,,,,,,,,,,,,,,TN,TN
autoland,4768071,12,69b95d09da21c937720a8d3aaca237f47b683aa9,linux1804-64-shippable-qr,True,False,,,102210fe594ee9b33d82058545b1ed14f4c8206e,browser-toolbox.connect.DAMP,damp,True,damp browser-toolbox.connect.DAMP opt e10s fission stylo webrender-sw,4767235,77,ms,firefox,,1760321582,2023-09-19 00:49:25,1954.519973500006,8afba65ff47f5326dfc350d20c65e05a4314b907,1302402,,,,,,,,,,,,,,,,,,,,,,,,,,,,,,,,,,,,,,,,,,,,,,,,,,,,,,,,,,,,,TN,TN
autoland,4768071,12,69b95d09da21c937720a8d3aaca237f47b683aa9,linux1804-64-shippable-qr,True,False,,,102210fe594ee9b33d82058545b1ed14f4c8206e,browser-toolbox.connect.DAMP,damp,True,damp browser-toolbox.connect.DAMP opt e10s fission stylo webrender-sw,4767235,77,ms,firefox,,1760322771,2023-09-19 01:33:43,1961.5688360000056,3a6ac6e5c1c8b0fbffb5bd2b096334ff7d11e8c8,1302423,,,,,,,,,,,,,,,,,,,,,,,,,,,,,,,,,,,,,,,,,,,,,,,,,,,,,,,,,,,,,TN,TN
autoland,4768071,12,69b95d09da21c937720a8d3aaca237f47b683aa9,linux1804-64-shippable-qr,True,False,,,102210fe594ee9b33d82058545b1ed14f4c8206e,browser-toolbox.connect.DAMP,damp,True,damp browser-toolbox.connect.DAMP opt e10s fission stylo webrender-sw,4767235,77,ms,firefox,,1760322497,2023-09-19 02:15:14,1990.1856780000053,0f35d640b627e041ac2b7f8d228c8ce24bb08e09,1302434,,,,,,,,,,,,,,,,,,,,,,,,,,,,,,,,,,,,,,,,,,,,,,,,,,,,,,,,,,,,,TN,TN
autoland,4768071,12,69b95d09da21c937720a8d3aaca237f47b683aa9,linux1804-64-shippable-qr,True,False,,,102210fe594ee9b33d82058545b1ed14f4c8206e,browser-toolbox.connect.DAMP,damp,True,damp browser-toolbox.connect.DAMP opt e10s fission stylo webrender-sw,4767235,77,ms,firefox,,1760322146,2023-09-19 02:41:07,1954.7231365000264,57113b6fdb8eca9f43523672ee427ee017eb4a23,1302440,,,,,,,,,,,,,,,,,,,,,,,,,,,,,,,,,,,,,,,,,,,,,,,,,,,,,,,,,,,,,TN,TN
autoland,4768071,12,69b95d09da21c937720a8d3aaca237f47b683aa9,linux1804-64-shippable-qr,True,False,,,102210fe594ee9b33d82058545b1ed14f4c8206e,browser-toolbox.connect.DAMP,damp,True,damp browser-toolbox.connect.DAMP opt e10s fission stylo webrender-sw,4767235,77,ms,firefox,,1760323287,2023-09-19 02:42:56,1955.4061189999995,ddccd40117a0460962900d5675392843419af21e,1302441,,,,,,,,,,,,,,,,,,,,,,,,,,,,,,,,,,,,,,,,,,,,,,,,,,,,,,,,,,,,,TN,TN
autoland,4768071,12,69b95d09da21c937720a8d3aaca237f47b683aa9,linux1804-64-shippable-qr,True,False,,,102210fe594ee9b33d82058545b1ed14f4c8206e,browser-toolbox.connect.DAMP,damp,True,damp browser-toolbox.connect.DAMP opt e10s fission stylo webrender-sw,4767235,77,ms,firefox,,1760322909,2023-09-19 02:59:54,1975.990127500016,fa1fb7fefbb023b14a7fefd88fde7765e4bdb488,1302445,,,,,,,,,,,,,,,,,,,,,,,,,,,,,,,,,,,,,,,,,,,,,,,,,,,,,,,,,,,,,TN,TN
autoland,4768071,12,69b95d09da21c937720a8d3aaca237f47b683aa9,linux1804-64-shippable-qr,True,False,,,102210fe594ee9b33d82058545b1ed14f4c8206e,browser-toolbox.connect.DAMP,damp,True,damp browser-toolbox.connect.DAMP opt e10s fission stylo webrender-sw,4767235,77,ms,firefox,,1760322611,2023-09-19 04:34:58,1950.705915499988,cc547cd2d8669f3a4779dc73c0631f3db9a2bf15,1302460,,,,,,,,,,,,,,,,,,,,,,,,,,,,,,,,,,,,,,,,,,,,,,,,,,,,,,,,,,,,,TN,TN
autoland,4768071,12,69b95d09da21c937720a8d3aaca237f47b683aa9,linux1804-64-shippable-qr,True,False,,,102210fe594ee9b33d82058545b1ed14f4c8206e,browser-toolbox.connect.DAMP,damp,True,damp browser-toolbox.connect.DAMP opt e10s fission stylo webrender-sw,4767235,77,ms,firefox,,1758783508,2023-09-19 04:53:23,1972.5845214999936,6589c0d4d3d3aaed578f6d60cc1831f6cdf79b7c,1302461,,,,,,,,,,,,,,,,,,,,,,,,,,,,,,,,,,,,,,,,,,,,,,,,,,,,,,,,,,,,,TN,TN
autoland,4768071,12,69b95d09da21c937720a8d3aaca237f47b683aa9,linux1804-64-shippable-qr,True,False,,,102210fe594ee9b33d82058545b1ed14f4c8206e,browser-toolbox.connect.DAMP,damp,True,damp browser-toolbox.connect.DAMP opt e10s fission stylo webrender-sw,4767235,77,ms,firefox,,1758861484,2023-09-19 06:42:05,2007.707542500022,0a60f8be5517ddc928471d4a378b46228773fbc5,1302480,,,,,,,,,,,,,,,,,,,,,,,,,,,,,,,,,,,,,,,,,,,,,,,,,,,,,,,,,,,,,TN,TN
autoland,4768071,12,69b95d09da21c937720a8d3aaca237f47b683aa9,linux1804-64-shippable-qr,True,False,,,102210fe594ee9b33d82058545b1ed14f4c8206e,browser-toolbox.connect.DAMP,damp,True,damp browser-toolbox.connect.DAMP opt e10s fission stylo webrender-sw,4767235,77,ms,firefox,,1760564580,2023-09-19 06:57:36,1999.988076000005,815f6d6a0e08ebb8eb54648328755e43e8187295,1302488,,,,,,,,,,,,,,,,,,,,,,,,,,,,,,,,,,,,,,,,,,,,,,,,,,,,,,,,,,,,,TN,TN
autoland,4768071,12,69b95d09da21c937720a8d3aaca237f47b683aa9,linux1804-64-shippable-qr,True,False,,,102210fe594ee9b33d82058545b1ed14f4c8206e,browser-toolbox.connect.DAMP,damp,True,damp browser-toolbox.connect.DAMP opt e10s fission stylo webrender-sw,4767235,77,ms,firefox,,1760564369,2023-09-19 07:03:38,1972.124221999984,5f6b9d6c60f924d24298e8e3d47519309a6d3469,1302489,,,,,,,,,,,,,,,,,,,,,,,,,,,,,,,,,,,,,,,,,,,,,,,,,,,,,,,,,,,,,TN,TN
autoland,4768071,12,69b95d09da21c937720a8d3aaca237f47b683aa9,linux1804-64-shippable-qr,True,False,,,102210fe594ee9b33d82058545b1ed14f4c8206e,browser-toolbox.connect.DAMP,damp,True,damp browser-toolbox.connect.DAMP opt e10s fission stylo webrender-sw,4767235,77,ms,firefox,,1760565849,2023-09-19 07:03:38,1965.6015620000037,5f6b9d6c60f924d24298e8e3d47519309a6d3469,1302489,,,,,,,,,,,,,,,,,,,,,,,,,,,,,,,,,,,,,,,,,,,,,,,,,,,,,,,,,,,,,TN,TN
autoland,4768071,12,69b95d09da21c937720a8d3aaca237f47b683aa9,linux1804-64-shippable-qr,True,False,,,102210fe594ee9b33d82058545b1ed14f4c8206e,browser-toolbox.connect.DAMP,damp,True,damp browser-toolbox.connect.DAMP opt e10s fission stylo webrender-sw,4767235,77,ms,firefox,,1760563816,2023-09-19 07:06:49,1955.0582429999995,8c2fb33f6a5babb7b98f3021b67247e0488c6849,1302490,,,,,,,,,,,,,,,,,,,,,,,,,,,,,,,,,,,,,,,,,,,,,,,,,,,,,,,,,,,,,TN,TN
autoland,4768071,12,69b95d09da21c937720a8d3aaca237f47b683aa9,linux1804-64-shippable-qr,True,False,,,102210fe594ee9b33d82058545b1ed14f4c8206e,browser-toolbox.connect.DAMP,damp,True,damp browser-toolbox.connect.DAMP opt e10s fission stylo webrender-sw,4767235,77,ms,firefox,,1760569172,2023-09-19 07:06:49,2063.3118704999943,8c2fb33f6a5babb7b98f3021b67247e0488c6849,1302490,,,,,,,,,,,,,,,,,,,,,,,,,,,,,,,,,,,,,,,,,,,,,,,,,,,,,,,,,,,,,TN,TN
autoland,4768071,12,69b95d09da21c937720a8d3aaca237f47b683aa9,linux1804-64-shippable-qr,True,False,,,102210fe594ee9b33d82058545b1ed14f4c8206e,browser-toolbox.connect.DAMP,damp,True,damp browser-toolbox.connect.DAMP opt e10s fission stylo webrender-sw,4767235,77,ms,firefox,,1760511534,2023-09-19 07:47:36,1958.697321,546d9275a55e5a9247f44d1c469016639a34a979,1302500,,,,,,,,,,,,,,,,,,,,,,,,,,,,,,,,,,,,,,,,,,,,,,,,,,,,,,,,,,,,,TN,TN
autoland,4768071,12,69b95d09da21c937720a8d3aaca237f47b683aa9,linux1804-64-shippable-qr,True,False,,,102210fe594ee9b33d82058545b1ed14f4c8206e,browser-toolbox.connect.DAMP,damp,True,damp browser-toolbox.connect.DAMP opt e10s fission stylo webrender-sw,4767235,77,ms,firefox,,1760564083,2023-09-19 07:59:29,1958.1037510000024,054d3b1a7f96127064da282d87420fadda4b7a53,1302502,,,,,,,,,,,,,,,,,,,,,,,,,,,,,,,,,,,,,,,,,,,,,,,,,,,,,,,,,,,,,TN,TN
autoland,4768071,12,69b95d09da21c937720a8d3aaca237f47b683aa9,linux1804-64-shippable-qr,True,False,,,102210fe594ee9b33d82058545b1ed14f4c8206e,browser-toolbox.connect.DAMP,damp,True,damp browser-toolbox.connect.DAMP opt e10s fission stylo webrender-sw,4767235,77,ms,firefox,,1760619904,2023-09-19 08:13:52,1960.6932610000003,a552ec363a4e2dcc86f67a7ae0b5ec3f5687c82f,1302512,,,,,,,,,,,,,,,,,,,,,,,,,,,,,,,,,,,,,,,,,,,,,,,,,,,,,,,,,,,,,TN,TN
autoland,4768071,12,69b95d09da21c937720a8d3aaca237f47b683aa9,linux1804-64-shippable-qr,True,False,,,102210fe594ee9b33d82058545b1ed14f4c8206e,browser-toolbox.connect.DAMP,damp,True,damp browser-toolbox.connect.DAMP opt e10s fission stylo webrender-sw,4767235,77,ms,firefox,,1760564196,2023-09-19 08:21:11,1989.619043000013,5e63644042aefbc5a68544d16ef276ab362ece75,1302516,,,,,,,,,,,,,,,,,,,,,,,,,,,,,,,,,,,,,,,,,,,,,,,,,,,,,,,,,,,,,TN,TN
autoland,4768071,12,69b95d09da21c937720a8d3aaca237f47b683aa9,linux1804-64-shippable-qr,True,False,,,102210fe594ee9b33d82058545b1ed14f4c8206e,browser-toolbox.connect.DAMP,damp,True,damp browser-toolbox.connect.DAMP opt e10s fission stylo webrender-sw,4767235,77,ms,firefox,,1760563951,2023-09-19 08:31:31,1985.7182010000247,54de6380646f529430691fb0c9d8149dc479eb02,1302523,,,,,,,,,,,,,,,,,,,,,,,,,,,,,,,,,,,,,,,,,,,,,,,,,,,,,,,,,,,,,TN,TN
autoland,4768071,12,69b95d09da21c937720a8d3aaca237f47b683aa9,linux1804-64-shippable-qr,True,False,,,102210fe594ee9b33d82058545b1ed14f4c8206e,browser-toolbox.connect.DAMP,damp,True,damp browser-toolbox.connect.DAMP opt e10s fission stylo webrender-sw,4767235,77,ms,firefox,,1760510997,2023-09-19 08:32:46,1984.233478999988,36309222de51e74e059e45e1be54558f50d33410,1302525,,,,,,,,,,,,,,,,,,,,,,,,,,,,,,,,,,,,,,,,,,,,,,,,,,,,,,,,,,,,,TN,TN
autoland,4768071,12,69b95d09da21c937720a8d3aaca237f47b683aa9,linux1804-64-shippable-qr,True,False,,,102210fe594ee9b33d82058545b1ed14f4c8206e,browser-toolbox.connect.DAMP,damp,True,damp browser-toolbox.connect.DAMP opt e10s fission stylo webrender-sw,4767235,77,ms,firefox,,1760318531,2023-09-19 08:38:25,1943.502739000014,ed783efaebeff5df8bd1a9128ed525c50d9dc767,1302530,,,,,,,,,,,,,,,,,,,,,,,,,,,,,,,,,,,,,,,,,,,,,,,,,,,,,,,,,,,,,TN,TN
autoland,4768071,12,69b95d09da21c937720a8d3aaca237f47b683aa9,linux1804-64-shippable-qr,True,False,,,102210fe594ee9b33d82058545b1ed14f4c8206e,browser-toolbox.connect.DAMP,damp,True,damp browser-toolbox.connect.DAMP opt e10s fission stylo webrender-sw,4767235,77,ms,firefox,,1760318964,2023-09-19 08:43:55,1984.6122239999893,0ffd4f3d5717e29ac2c64ccd07794a6f2d539bdf,1302535,,,,,,,,,,,,,,,,,,,,,,,,,,,,,,,,,,,,,,,,,,,,,,,,,,,,,,,,,,,,,TN,TN
autoland,4768071,12,69b95d09da21c937720a8d3aaca237f47b683aa9,linux1804-64-shippable-qr,True,False,,,102210fe594ee9b33d82058545b1ed14f4c8206e,browser-toolbox.connect.DAMP,damp,True,damp browser-toolbox.connect.DAMP opt e10s fission stylo webrender-sw,4767235,77,ms,firefox,,1760318050,2023-09-19 08:46:45,1963.8937055000097,915d403b44c42be5d0b96586c44ddadeab52d5d0,1302538,,,,,,,,,,,,,,,,,,,,,,,,,,,,,,,,,,,,,,,,,,,,,,,,,,,,,,,,,,,,,TN,TN
autoland,4768071,12,69b95d09da21c937720a8d3aaca237f47b683aa9,linux1804-64-shippable-qr,True,False,,,102210fe594ee9b33d82058545b1ed14f4c8206e,browser-toolbox.connect.DAMP,damp,True,damp browser-toolbox.connect.DAMP opt e10s fission stylo webrender-sw,4767235,77,ms,firefox,,1760319909,2023-09-19 09:34:10,1979.5973085000296,4d416c08d58393443c8588f0cfbb5ca9bcfabe4b,1302549,,,,,,,,,,,,,,,,,,,,,,,,,,,,,,,,,,,,,,,,,,,,,,,,,,,,,,,,,,,,,TN,TN
autoland,4768071,12,69b95d09da21c937720a8d3aaca237f47b683aa9,linux1804-64-shippable-qr,True,False,,,102210fe594ee9b33d82058545b1ed14f4c8206e,browser-toolbox.connect.DAMP,damp,True,damp browser-toolbox.connect.DAMP opt e10s fission stylo webrender-sw,4767235,77,ms,firefox,,1760318583,2023-09-19 09:37:04,1975.0759780000224,3fa00c5ff16458772cc2ace9ec2272e52d58c041,1302552,,,,,,,,,,,,,,,,,,,,,,,,,,,,,,,,,,,,,,,,,,,,,,,,,,,,,,,,,,,,,TN,TN
autoland,4768071,12,69b95d09da21c937720a8d3aaca237f47b683aa9,linux1804-64-shippable-qr,True,False,,,102210fe594ee9b33d82058545b1ed14f4c8206e,browser-toolbox.connect.DAMP,damp,True,damp browser-toolbox.connect.DAMP opt e10s fission stylo webrender-sw,4767235,77,ms,firefox,,1760320122,2023-09-19 09:37:54,2000.288558,fd2f1e369041167aff17588af79a7fb20e271e90,1302554,,,,,,,,,,,,,,,,,,,,,,,,,,,,,,,,,,,,,,,,,,,,,,,,,,,,,,,,,,,,,TN,TN
autoland,4768071,12,69b95d09da21c937720a8d3aaca237f47b683aa9,linux1804-64-shippable-qr,True,False,,,102210fe594ee9b33d82058545b1ed14f4c8206e,browser-toolbox.connect.DAMP,damp,True,damp browser-toolbox.connect.DAMP opt e10s fission stylo webrender-sw,4767235,77,ms,firefox,,1760320280,2023-09-19 09:38:43,1963.5453695000035,cbed859376026cdf634fda57e5a3e597740b116d,1302556,,,,,,,,,,,,,,,,,,,,,,,,,,,,,,,,,,,,,,,,,,,,,,,,,,,,,,,,,,,,,TN,TN
autoland,4768071,12,69b95d09da21c937720a8d3aaca237f47b683aa9,linux1804-64-shippable-qr,True,False,,,102210fe594ee9b33d82058545b1ed14f4c8206e,browser-toolbox.connect.DAMP,damp,True,damp browser-toolbox.connect.DAMP opt e10s fission stylo webrender-sw,4767235,77,ms,firefox,,1760320176,2023-09-19 09:49:24,1959.7539404999989,1538282037490ca29a5ec3658e91d72cfaa5a536,1302564,,,,,,,,,,,,,,,,,,,,,,,,,,,,,,,,,,,,,,,,,,,,,,,,,,,,,,,,,,,,,TN,TN
autoland,4768071,12,69b95d09da21c937720a8d3aaca237f47b683aa9,linux1804-64-shippable-qr,True,False,,,102210fe594ee9b33d82058545b1ed14f4c8206e,browser-toolbox.connect.DAMP,damp,True,damp browser-toolbox.connect.DAMP opt e10s fission stylo webrender-sw,4767235,77,ms,firefox,,1760320341,2023-09-19 09:55:14,2004.7636400000192,1b7d5b44fbfcd0fb332129f4948df3f18aa3de0b,1302569,,,,,,,,,,,,,,,,,,,,,,,,,,,,,,,,,,,,,,,,,,,,,,,,,,,,,,,,,,,,,TN,TN
autoland,4768071,12,69b95d09da21c937720a8d3aaca237f47b683aa9,linux1804-64-shippable-qr,True,False,,,102210fe594ee9b33d82058545b1ed14f4c8206e,browser-toolbox.connect.DAMP,damp,True,damp browser-toolbox.connect.DAMP opt e10s fission stylo webrender-sw,4767235,77,ms,firefox,,1758922147,2023-09-19 10:00:51,1972.337544499991,f257c2f8440fe82c3833f2d719a2bf3420df9120,1302573,,,,,,,,,,,,,,,,,,,,,,,,,,,,,,,,,,,,,,,,,,,,,,,,,,,,,,,,,,,,,TN,TN
autoland,4768071,12,69b95d09da21c937720a8d3aaca237f47b683aa9,linux1804-64-shippable-qr,True,False,,,102210fe594ee9b33d82058545b1ed14f4c8206e,browser-toolbox.connect.DAMP,damp,True,damp browser-toolbox.connect.DAMP opt e10s fission stylo webrender-sw,4767235,77,ms,firefox,,1760320568,2023-09-19 12:03:23,1974.0525645000016,fdcf4220b591be33053c1f26df1eb98b9331ca2a,1302643,,,,,,,,,,,,,,,,,,,,,,,,,,,,,,,,,,,,,,,,,,,,,,,,,,,,,,,,,,,,,TN,TN
autoland,4768071,12,69b95d09da21c937720a8d3aaca237f47b683aa9,linux1804-64-shippable-qr,True,False,,,102210fe594ee9b33d82058545b1ed14f4c8206e,browser-toolbox.connect.DAMP,damp,True,damp browser-toolbox.connect.DAMP opt e10s fission stylo webrender-sw,4767235,77,ms,firefox,,1760322070,2023-09-19 12:06:25,1981.1860420000007,5d1a79d9c33ad95ca9546e94bed67efa3ff048a3,1302645,,,,,,,,,,,,,,,,,,,,,,,,,,,,,,,,,,,,,,,,,,,,,,,,,,,,,,,,,,,,,TN,TN
autoland,4768071,12,69b95d09da21c937720a8d3aaca237f47b683aa9,linux1804-64-shippable-qr,True,False,,,102210fe594ee9b33d82058545b1ed14f4c8206e,browser-toolbox.connect.DAMP,damp,True,damp browser-toolbox.connect.DAMP opt e10s fission stylo webrender-sw,4767235,77,ms,firefox,,1760321787,2023-09-19 13:16:54,1974.9330989999871,072cb0ddcc54c39e69e7ba612f2319f78ef6f8c1,1302675,,,,,,,,,,,,,,,,,,,,,,,,,,,,,,,,,,,,,,,,,,,,,,,,,,,,,,,,,,,,,TN,TN
autoland,4768071,12,69b95d09da21c937720a8d3aaca237f47b683aa9,linux1804-64-shippable-qr,True,False,,,102210fe594ee9b33d82058545b1ed14f4c8206e,browser-toolbox.connect.DAMP,damp,True,damp browser-toolbox.connect.DAMP opt e10s fission stylo webrender-sw,4767235,77,ms,firefox,,1760320797,2023-09-19 13:18:41,1949.2752035000008,19430315f34ccb93f20c190a11ef6b9aaabf19c5,1302676,,,,,,,,,,,,,,,,,,,,,,,,,,,,,,,,,,,,,,,,,,,,,,,,,,,,,,,,,,,,,TN,TN
autoland,4768071,12,69b95d09da21c937720a8d3aaca237f47b683aa9,linux1804-64-shippable-qr,True,False,,,102210fe594ee9b33d82058545b1ed14f4c8206e,browser-toolbox.connect.DAMP,damp,True,damp browser-toolbox.connect.DAMP opt e10s fission stylo webrender-sw,4767235,77,ms,firefox,,1760320513,2023-09-19 13:27:47,1971.585314,93fd62af9c5cc31397cce72fc396b6fdae3dc345,1302684,,,,,,,,,,,,,,,,,,,,,,,,,,,,,,,,,,,,,,,,,,,,,,,,,,,,,,,,,,,,,TN,TN
autoland,4768071,12,69b95d09da21c937720a8d3aaca237f47b683aa9,linux1804-64-shippable-qr,True,False,,,102210fe594ee9b33d82058545b1ed14f4c8206e,browser-toolbox.connect.DAMP,damp,True,damp browser-toolbox.connect.DAMP opt e10s fission stylo webrender-sw,4767235,77,ms,firefox,,1760317723,2023-09-19 13:28:37,1976.8895214999573,cbd3c901d99bdfc385c39afe90dcceb7d0513bca,1302685,,,,,,,,,,,,,,,,,,,,,,,,,,,,,,,,,,,,,,,,,,,,,,,,,,,,,,,,,,,,,TN,TN
autoland,4768071,12,69b95d09da21c937720a8d3aaca237f47b683aa9,linux1804-64-shippable-qr,True,False,,,102210fe594ee9b33d82058545b1ed14f4c8206e,browser-toolbox.connect.DAMP,damp,True,damp browser-toolbox.connect.DAMP opt e10s fission stylo webrender-sw,4767235,77,ms,firefox,,1760317775,2023-09-19 13:29:30,1951.6544050000048,c67121095e5fd8e0374d62f992409bea154ac339,1302687,,,,,,,,,,,,,,,,,,,,,,,,,,,,,,,,,,,,,,,,,,,,,,,,,,,,,,,,,,,,,TN,TN
autoland,4768071,12,69b95d09da21c937720a8d3aaca237f47b683aa9,linux1804-64-shippable-qr,True,False,,,102210fe594ee9b33d82058545b1ed14f4c8206e,browser-toolbox.connect.DAMP,damp,True,damp browser-toolbox.connect.DAMP opt e10s fission stylo webrender-sw,4767235,77,ms,firefox,,1760317875,2023-09-19 13:31:01,1944.899559999998,5e38ee8eca39e192467e0744747e252d74bc7e73,1302689,,,,,,,,,,,,,,,,,,,,,,,,,,,,,,,,,,,,,,,,,,,,,,,,,,,,,,,,,,,,,TN,TN
autoland,4768071,12,69b95d09da21c937720a8d3aaca237f47b683aa9,linux1804-64-shippable-qr,True,False,,,102210fe594ee9b33d82058545b1ed14f4c8206e,browser-toolbox.connect.DAMP,damp,True,damp browser-toolbox.connect.DAMP opt e10s fission stylo webrender-sw,4767235,77,ms,firefox,,1760319345,2023-09-19 13:31:50,1973.6345009999784,2d399b8bfcfcdad9c7737a30aba9b4ccb7102e47,1302691,,,,,,,,,,,,,,,,,,,,,,,,,,,,,,,,,,,,,,,,,,,,,,,,,,,,,,,,,,,,,TN,TN
autoland,4768071,12,69b95d09da21c937720a8d3aaca237f47b683aa9,linux1804-64-shippable-qr,True,False,,,102210fe594ee9b33d82058545b1ed14f4c8206e,browser-toolbox.connect.DAMP,damp,True,damp browser-toolbox.connect.DAMP opt e10s fission stylo webrender-sw,4767235,77,ms,firefox,,1759066484,2023-09-19 13:32:40,1985.568153500004,dd890d993c3039c40d9a50218bd3284a9810cc85,1302692,,,,,,,,,,,,,,,,,,,,,,,,,,,,,,,,,,,,,,,,,,,,,,,,,,,,,,,,,,,,,TN,TN
autoland,4768071,12,69b95d09da21c937720a8d3aaca237f47b683aa9,linux1804-64-shippable-qr,True,False,,,102210fe594ee9b33d82058545b1ed14f4c8206e,browser-toolbox.connect.DAMP,damp,True,damp browser-toolbox.connect.DAMP opt e10s fission stylo webrender-sw,4767235,77,ms,firefox,,1760388685,2023-09-19 15:07:31,1934.4139480000083,e63a855c0acfb3d2572476799fa0e8cfa5c80694,1302763,,,,,,,,,,,,,,,,,,,,,,,,,,,,,,,,,,,,,,,,,,,,,,,,,,,,,,,,,,,,,TN,TN
autoland,4768071,12,69b95d09da21c937720a8d3aaca237f47b683aa9,linux1804-64-shippable-qr,True,False,,,102210fe594ee9b33d82058545b1ed14f4c8206e,browser-toolbox.connect.DAMP,damp,True,damp browser-toolbox.connect.DAMP opt e10s fission stylo webrender-sw,4767235,77,ms,firefox,,1760373678,2023-09-19 15:08:37,1966.029921500005,41c83db18787013f04b96efc4b61967aba3d048a,1302764,,,,,,,,,,,,,,,,,,,,,,,,,,,,,,,,,,,,,,,,,,,,,,,,,,,,,,,,,,,,,TN,TN
autoland,4768071,12,69b95d09da21c937720a8d3aaca237f47b683aa9,linux1804-64-shippable-qr,True,False,,,102210fe594ee9b33d82058545b1ed14f4c8206e,browser-toolbox.connect.DAMP,damp,True,damp browser-toolbox.connect.DAMP opt e10s fission stylo webrender-sw,4767235,77,ms,firefox,,1760388865,2023-09-19 15:32:02,1977.3164174999984,feb01960f7e10a66b10928129bf6e623142eee16,1302780,,,,,,,,,,,,,,,,,,,,,,,,,,,,,,,,,,,,,,,,,,,,,,,,,,,,,,,,,,,,,TN,TN
autoland,4768071,12,69b95d09da21c937720a8d3aaca237f47b683aa9,linux1804-64-shippable-qr,True,False,,,102210fe594ee9b33d82058545b1ed14f4c8206e,browser-toolbox.connect.DAMP,damp,True,damp browser-toolbox.connect.DAMP opt e10s fission stylo webrender-sw,4767235,77,ms,firefox,,1760389094,2023-09-19 15:36:43,1989.966648999998,95b205a5292fe692b554db4975faa50144ee1fdb,1302783,,,,,,,,,,,,,,,,,,,,,,,,,,,,,,,,,,,,,,,,,,,,,,,,,,,,,,,,,,,,,TN,TN
autoland,4768071,12,69b95d09da21c937720a8d3aaca237f47b683aa9,linux1804-64-shippable-qr,True,False,,,102210fe594ee9b33d82058545b1ed14f4c8206e,browser-toolbox.connect.DAMP,damp,True,damp browser-toolbox.connect.DAMP opt e10s fission stylo webrender-sw,4767235,77,ms,firefox,,1760443745,2023-09-19 15:37:32,1982.2435190000035,73613e15fe5ceb10901c3f4f5d74259bec0e4bb4,1302784,,,,,,,,,,,,,,,,,,,,,,,,,,,,,,,,,,,,,,,,,,,,,,,,,,,,,,,,,,,,,TN,TN
autoland,4768071,12,69b95d09da21c937720a8d3aaca237f47b683aa9,linux1804-64-shippable-qr,True,False,,,102210fe594ee9b33d82058545b1ed14f4c8206e,browser-toolbox.connect.DAMP,damp,True,damp browser-toolbox.connect.DAMP opt e10s fission stylo webrender-sw,4767235,77,ms,firefox,,1760389605,2023-09-19 15:38:22,1977.6584845000036,9a4f6a7c28d530365758a1145044313119342451,1302786,,,,,,,,,,,,,,,,,,,,,,,,,,,,,,,,,,,,,,,,,,,,,,,,,,,,,,,,,,,,,TN,TN
autoland,4768071,12,69b95d09da21c937720a8d3aaca237f47b683aa9,linux1804-64-shippable-qr,True,False,,,102210fe594ee9b33d82058545b1ed14f4c8206e,browser-toolbox.connect.DAMP,damp,True,damp browser-toolbox.connect.DAMP opt e10s fission stylo webrender-sw,4767235,77,ms,firefox,,1760389300,2023-09-19 15:59:26,2035.142211499995,5150fee78fb1f32cb3d8811442f6a2a06ee1bc63,1302802,,,,,,,,,,,,,,,,,,,,,,,,,,,,,,,,,,,,,,,,,,,,,,,,,,,,,,,,,,,,,TN,TN
autoland,4768071,12,69b95d09da21c937720a8d3aaca237f47b683aa9,linux1804-64-shippable-qr,True,False,,,102210fe594ee9b33d82058545b1ed14f4c8206e,browser-toolbox.connect.DAMP,damp,True,damp browser-toolbox.connect.DAMP opt e10s fission stylo webrender-sw,4767235,77,ms,firefox,,1760388374,2023-09-19 16:05:19,1989.319788500008,695253c15da89f45f0cc6c832c0f823b09d3337a,1302807,,,,,,,,,,,,,,,,,,,,,,,,,,,,,,,,,,,,,,,,,,,,,,,,,,,,,,,,,,,,,TN,TN
autoland,4768071,12,69b95d09da21c937720a8d3aaca237f47b683aa9,linux1804-64-shippable-qr,True,False,,,102210fe594ee9b33d82058545b1ed14f4c8206e,browser-toolbox.connect.DAMP,damp,True,damp browser-toolbox.connect.DAMP opt e10s fission stylo webrender-sw,4767235,77,ms,firefox,,1760388600,2023-09-19 16:18:37,1962.6250234999895,1105d2849f18b5435e9333a0a66d820178af01f0,1302815,,,,,,,,,,,,,,,,,,,,,,,,,,,,,,,,,,,,,,,,,,,,,,,,,,,,,,,,,,,,,TN,TN
autoland,4768071,12,69b95d09da21c937720a8d3aaca237f47b683aa9,linux1804-64-shippable-qr,True,False,,,102210fe594ee9b33d82058545b1ed14f4c8206e,browser-toolbox.connect.DAMP,damp,True,damp browser-toolbox.connect.DAMP opt e10s fission stylo webrender-sw,4767235,77,ms,firefox,,1759161352,2023-09-19 16:21:41,1983.259160499991,e9e7852ce74f241f2a4f0ffac475410d0ea9a8a4,1302819,,,,,,,,,,,,,,,,,,,,,,,,,,,,,,,,,,,,,,,,,,,,,,,,,,,,,,,,,,,,,TN,TN
autoland,4768071,12,69b95d09da21c937720a8d3aaca237f47b683aa9,linux1804-64-shippable-qr,True,False,,,102210fe594ee9b33d82058545b1ed14f4c8206e,browser-toolbox.connect.DAMP,damp,True,damp browser-toolbox.connect.DAMP opt e10s fission stylo webrender-sw,4767235,77,ms,firefox,,1759319129,2023-09-19 20:31:47,1981.927313000022,f97675e331c2e3f8e3a7649cb722085b3360163c,1303015,,,,,,,,,,,,,,,,,,,,,,,,,,,,,,,,,,,,,,,,,,,,,,,,,,,,,,,,,,,,,TN,TN
autoland,4768071,12,69b95d09da21c937720a8d3aaca237f47b683aa9,linux1804-64-shippable-qr,True,False,,,102210fe594ee9b33d82058545b1ed14f4c8206e,browser-toolbox.connect.DAMP,damp,True,damp browser-toolbox.connect.DAMP opt e10s fission stylo webrender-sw,4767235,77,ms,firefox,,1759333863,2023-09-19 20:45:08,1969.0301360000008,abf74735208c16d3b467c2acb344f3030fc5aacb,1303026,,,,,,,,,,,,,,,,,,,,,,,,,,,,,,,,,,,,,,,,,,,,,,,,,,,,,,,,,,,,,TN,TN
autoland,4768071,12,69b95d09da21c937720a8d3aaca237f47b683aa9,linux1804-64-shippable-qr,True,False,,,102210fe594ee9b33d82058545b1ed14f4c8206e,browser-toolbox.connect.DAMP,damp,True,damp browser-toolbox.connect.DAMP opt e10s fission stylo webrender-sw,4767235,77,ms,firefox,,1759450607,2023-09-20 00:59:14,1990.561240999974,71a9b5a8ec8503f993e8d7e8f1b2b98ff57ed283,1303207,,,,,,,,,,,,,,,,,,,,,,,,,,,,,,,,,,,,,,,,,,,,,,,,,,,,,,,,,,,,,TN,TN
autoland,4768071,12,69b95d09da21c937720a8d3aaca237f47b683aa9,linux1804-64-shippable-qr,True,False,,,102210fe594ee9b33d82058545b1ed14f4c8206e,browser-toolbox.connect.DAMP,damp,True,damp browser-toolbox.connect.DAMP opt e10s fission stylo webrender-sw,4767235,77,ms,firefox,,1759530902,2023-09-20 05:02:26,1971.8808940000165,71c800e8074fa9f5e246acbf09097a0f15d4eb09,1303254,,,,,,,,,,,,,,,,,,,,,,,,,,,,,,,,,,,,,,,,,,,,,,,,,,,,,,,,,,,,,TN,TN
autoland,4768071,12,69b95d09da21c937720a8d3aaca237f47b683aa9,linux1804-64-shippable-qr,True,False,,,102210fe594ee9b33d82058545b1ed14f4c8206e,browser-toolbox.connect.DAMP,damp,True,damp browser-toolbox.connect.DAMP opt e10s fission stylo webrender-sw,4767235,77,ms,firefox,,1759636035,2023-09-20 09:03:21,1959.7646954999943,2664490a1b4aeb2b2bd98c81ac43b68b1a24ea2f,1303343,,,,,,,,,,,,,,,,,,,,,,,,,,,,,,,,,,,,,,,,,,,,,,,,,,,,,,,,,,,,,TN,TN
autoland,4768071,12,69b95d09da21c937720a8d3aaca237f47b683aa9,linux1804-64-shippable-qr,True,False,,,102210fe594ee9b33d82058545b1ed14f4c8206e,browser-toolbox.connect.DAMP,damp,True,damp browser-toolbox.connect.DAMP opt e10s fission stylo webrender-sw,4767235,77,ms,firefox,,1759702181,2023-09-20 10:40:44,1962.833650000004,e11a98968ec15b84dc772d997bc0789a0a078549,1303401,,,,,,,,,,,,,,,,,,,,,,,,,,,,,,,,,,,,,,,,,,,,,,,,,,,,,,,,,,,,,TN,TN
autoland,4768071,12,69b95d09da21c937720a8d3aaca237f47b683aa9,linux1804-64-shippable-qr,True,False,,,102210fe594ee9b33d82058545b1ed14f4c8206e,browser-toolbox.connect.DAMP,damp,True,damp browser-toolbox.connect.DAMP opt e10s fission stylo webrender-sw,4767235,77,ms,firefox,,1759822196,2023-09-20 14:03:46,1985.447849000004,5baf76c5d8f19d35c8e7710816a726d92cfff8bb,1303541,,,,,,,,,,,,,,,,,,,,,,,,,,,,,,,,,,,,,,,,,,,,,,,,,,,,,,,,,,,,,TN,TN
autoland,4768071,12,69b95d09da21c937720a8d3aaca237f47b683aa9,linux1804-64-shippable-qr,True,False,,,102210fe594ee9b33d82058545b1ed14f4c8206e,browser-toolbox.connect.DAMP,damp,True,damp browser-toolbox.connect.DAMP opt e10s fission stylo webrender-sw,4767235,77,ms,firefox,,1759980487,2023-09-20 17:47:40,2017.3386134999744,07c4a658632d6c11d371f974b56a6365212bef62,1303718,,,,,,,,,,,,,,,,,,,,,,,,,,,,,,,,,,,,,,,,,,,,,,,,,,,,,,,,,,,,,TN,TN
autoland,4768071,12,69b95d09da21c937720a8d3aaca237f47b683aa9,linux1804-64-shippable-qr,True,False,,,102210fe594ee9b33d82058545b1ed14f4c8206e,browser-toolbox.connect.DAMP,damp,True,damp browser-toolbox.connect.DAMP opt e10s fission stylo webrender-sw,4767235,77,ms,firefox,,1760092181,2023-09-20 21:06:43,1955.8665290000065,137b5966e6ec0a63006a36cac0a3f1c4e3f5cefe,1303845,,,,,,,,,,,,,,,,,,,,,,,,,,,,,,,,,,,,,,,,,,,,,,,,,,,,,,,,,,,,,TN,TN
autoland,4768071,12,69b95d09da21c937720a8d3aaca237f47b683aa9,linux1804-64-shippable-qr,True,False,,,102210fe594ee9b33d82058545b1ed14f4c8206e,browser-toolbox.connect.DAMP,damp,True,damp browser-toolbox.connect.DAMP opt e10s fission stylo webrender-sw,4767235,77,ms,firefox,,1760141025,2023-09-20 23:02:53,2006.4249475000036,a94c799a5be0d573f8c654b43966b4b772ded228,1303924,,,,,,,,,,,,,,,,,,,,,,,,,,,,,,,,,,,,,,,,,,,,,,,,,,,,,,,,,,,,,TN,TN
autoland,4768071,12,69b95d09da21c937720a8d3aaca237f47b683aa9,linux1804-64-shippable-qr,True,False,,,102210fe594ee9b33d82058545b1ed14f4c8206e,browser-toolbox.connect.DAMP,damp,True,damp browser-toolbox.connect.DAMP opt e10s fission stylo webrender-sw,4767235,77,ms,firefox,,1760252972,2023-09-21 04:47:54,1984.2226859999648,7c6496f92bb0572d56513d645f3d6201f77a5653,1304025,,,,,,,,,,,,,,,,,,,,,,,,,,,,,,,,,,,,,,,,,,,,,,,,,,,,,,,,,,,,,TN,TN
autoland,4768071,12,69b95d09da21c937720a8d3aaca237f47b683aa9,linux1804-64-shippable-qr,True,False,,,102210fe594ee9b33d82058545b1ed14f4c8206e,browser-toolbox.connect.DAMP,damp,True,damp browser-toolbox.connect.DAMP opt e10s fission stylo webrender-sw,4767235,77,ms,firefox,,1760382708,2023-09-21 08:45:10,1977.4713495000035,e98350675c5a294fe5c7a4138a5b16c4f6992907,1304121,,,,,,,,,,,,,,,,,,,,,,,,,,,,,,,,,,,,,,,,,,,,,,,,,,,,,,,,,,,,,TN,TN
autoland,4768071,12,69b95d09da21c937720a8d3aaca237f47b683aa9,linux1804-64-shippable-qr,True,False,,,102210fe594ee9b33d82058545b1ed14f4c8206e,browser-toolbox.connect.DAMP,damp,True,damp browser-toolbox.connect.DAMP opt e10s fission stylo webrender-sw,4767235,77,ms,firefox,,1760501606,2023-09-21 12:54:54,1955.8355324999864,bd8d8c1ecad7cda50d42ce2dfde7fabc50a48948,1304268,,,,,,,,,,,,,,,,,,,,,,,,,,,,,,,,,,,,,,,,,,,,,,,,,,,,,,,,,,,,,TN,TN
autoland,4768071,12,69b95d09da21c937720a8d3aaca237f47b683aa9,linux1804-64-shippable-qr,True,False,,,102210fe594ee9b33d82058545b1ed14f4c8206e,browser-toolbox.connect.DAMP,damp,True,damp browser-toolbox.connect.DAMP opt e10s fission stylo webrender-sw,4767235,77,ms,firefox,,1760559375,2023-09-21 14:02:07,1956.2907944999931,6e82382700fc8345a06dc3efd346a25826fa1bf2,1304316,,,,,,,,,,,,,,,,,,,,,,,,,,,,,,,,,,,,,,,,,,,,,,,,,,,,,,,,,,,,,TN,TN
autoland,4768071,12,69b95d09da21c937720a8d3aaca237f47b683aa9,linux1804-64-shippable-qr,True,False,,,102210fe594ee9b33d82058545b1ed14f4c8206e,browser-toolbox.connect.DAMP,damp,True,damp browser-toolbox.connect.DAMP opt e10s fission stylo webrender-sw,4767235,77,ms,firefox,,1760692546,2023-09-21 18:54:27,1947.0038155,114bde678f299872db02fe1116ecfd3a7ada9381,1304515,,,,,,,,,,,,,,,,,,,,,,,,,,,,,,,,,,,,,,,,,,,,,,,,,,,,,,,,,,,,,TN,TN
autoland,4768071,12,69b95d09da21c937720a8d3aaca237f47b683aa9,linux1804-64-shippable-qr,True,False,,,102210fe594ee9b33d82058545b1ed14f4c8206e,browser-toolbox.connect.DAMP,damp,True,damp browser-toolbox.connect.DAMP opt e10s fission stylo webrender-sw,4767235,77,ms,firefox,,1760702185,2023-09-21 19:19:33,1948.0344774999903,86fd71ad69b346f713966a8f18ec97a5b99a0aee,1304533,,,,,,,,,,,,,,,,,,,,,,,,,,,,,,,,,,,,,,,,,,,,,,,,,,,,,,,,,,,,,TN,TN
autoland,4768071,12,69b95d09da21c937720a8d3aaca237f47b683aa9,linux1804-64-shippable-qr,True,False,,,102210fe594ee9b33d82058545b1ed14f4c8206e,browser-toolbox.connect.DAMP,damp,True,damp browser-toolbox.connect.DAMP opt e10s fission stylo webrender-sw,4767235,77,ms,firefox,,1760786345,2023-09-21 23:47:59,2019.0918595000112,efa8aa7a4f5484f349595a2c97ba6a2c6f214c66,1304690,,,,,,,,,,,,,,,,,,,,,,,,,,,,,,,,,,,,,,,,,,,,,,,,,,,,,,,,,,,,,TN,TN
autoland,4768071,12,69b95d09da21c937720a8d3aaca237f47b683aa9,linux1804-64-shippable-qr,True,False,,,102210fe594ee9b33d82058545b1ed14f4c8206e,browser-toolbox.connect.DAMP,damp,True,damp browser-toolbox.connect.DAMP opt e10s fission stylo webrender-sw,4767235,77,ms,firefox,,1760887587,2023-09-22 04:42:00,1971.8268134999817,2de4a198348cc150a0c3ce328c42beade9646190,1304767,,,,,,,,,,,,,,,,,,,,,,,,,,,,,,,,,,,,,,,,,,,,,,,,,,,,,,,,,,,,,TN,TN
autoland,4768071,12,69b95d09da21c937720a8d3aaca237f47b683aa9,linux1804-64-shippable-qr,True,False,,,102210fe594ee9b33d82058545b1ed14f4c8206e,browser-toolbox.connect.DAMP,damp,True,damp browser-toolbox.connect.DAMP opt e10s fission stylo webrender-sw,4767235,77,ms,firefox,,1761041657,2023-09-22 11:33:15,1971.0865634999936,6da1ce80e10cc6744801930434a44df21da87140,1304916,,,,,,,,,,,,,,,,,,,,,,,,,,,,,,,,,,,,,,,,,,,,,,,,,,,,,,,,,,,,,TN,TN
autoland,4768071,12,69b95d09da21c937720a8d3aaca237f47b683aa9,linux1804-64-shippable-qr,True,False,,,102210fe594ee9b33d82058545b1ed14f4c8206e,browser-toolbox.connect.DAMP,damp,True,damp browser-toolbox.connect.DAMP opt e10s fission stylo webrender-sw,4767235,77,ms,firefox,,1761119333,2023-09-22 15:35:17,1973.9535090000136,d244d17a8e9ac94aa05c3bf0c2659104c7b15f76,1305037,,,,,,,,,,,,,,,,,,,,,,,,,,,,,,,,,,,,,,,,,,,,,,,,,,,,,,,,,,,,,TN,TN
autoland,4768071,12,69b95d09da21c937720a8d3aaca237f47b683aa9,linux1804-64-shippable-qr,True,False,,,102210fe594ee9b33d82058545b1ed14f4c8206e,browser-toolbox.connect.DAMP,damp,True,damp browser-toolbox.connect.DAMP opt e10s fission stylo webrender-sw,4767235,77,ms,firefox,,1761135484,2023-09-22 16:10:00,1949.8015169999928,aee77156969b7d1f696e8952bc590e1449a16f85,1305065,,,,,,,,,,,,,,,,,,,,,,,,,,,,,,,,,,,,,,,,,,,,,,,,,,,,,,,,,,,,,TN,TN
autoland,4768071,12,69b95d09da21c937720a8d3aaca237f47b683aa9,linux1804-64-shippable-qr,True,False,,,102210fe594ee9b33d82058545b1ed14f4c8206e,browser-toolbox.connect.DAMP,damp,True,damp browser-toolbox.connect.DAMP opt e10s fission stylo webrender-sw,4767235,77,ms,firefox,,1761224244,2023-09-22 20:28:01,1958.522749499989,80cfc74bb77e6c4abfd0d70c51b274e4b036a05b,1305231,,,,,,,,,,,,,,,,,,,,,,,,,,,,,,,,,,,,,,,,,,,,,,,,,,,,,,,,,,,,,TN,TN
autoland,4768071,12,69b95d09da21c937720a8d3aaca237f47b683aa9,linux1804-64-shippable-qr,True,False,,,102210fe594ee9b33d82058545b1ed14f4c8206e,browser-toolbox.connect.DAMP,damp,True,damp browser-toolbox.connect.DAMP opt e10s fission stylo webrender-sw,4767235,77,ms,firefox,,1761309636,2023-09-23 00:28:09,2012.1563094999876,5ce53217bf3e4d42db88aab74741654bfc634cc8,1305322,,,,,,,,,,,,,,,,,,,,,,,,,,,,,,,,,,,,,,,,,,,,,,,,,,,,,,,,,,,,,TN,TN
autoland,4768071,12,69b95d09da21c937720a8d3aaca237f47b683aa9,linux1804-64-shippable-qr,True,False,,,102210fe594ee9b33d82058545b1ed14f4c8206e,browser-toolbox.connect.DAMP,damp,True,damp browser-toolbox.connect.DAMP opt e10s fission stylo webrender-sw,4767235,77,ms,firefox,,1761331826,2023-09-23 00:41:33,1959.8252705000125,1d9627a1274de78256ecdee1e8058e6b32392404,1305328,,,,,,,,,,,,,,,,,,,,,,,,,,,,,,,,,,,,,,,,,,,,,,,,,,,,,,,,,,,,,TN,TN
autoland,4768071,12,69b95d09da21c937720a8d3aaca237f47b683aa9,linux1804-64-shippable-qr,True,False,,,102210fe594ee9b33d82058545b1ed14f4c8206e,browser-toolbox.connect.DAMP,damp,True,damp browser-toolbox.connect.DAMP opt e10s fission stylo webrender-sw,4767235,77,ms,firefox,,1761435654,2023-09-23 16:39:34,1976.439145999997,e85748b0b9880ee586b2c155a4d84c1cdf3f31b4,1305402,,,,,,,,,,,,,,,,,,,,,,,,,,,,,,,,,,,,,,,,,,,,,,,,,,,,,,,,,,,,,TN,TN
autoland,4768071,12,69b95d09da21c937720a8d3aaca237f47b683aa9,linux1804-64-shippable-qr,True,False,,,102210fe594ee9b33d82058545b1ed14f4c8206e,browser-toolbox.connect.DAMP,damp,True,damp browser-toolbox.connect.DAMP opt e10s fission stylo webrender-sw,4767235,77,ms,firefox,,1761493672,2023-09-23 21:16:13,2030.4049905000136,f4a2f296a2ea585882f2a2a627c036538eb875b0,1305420,,,,,,,,,,,,,,,,,,,,,,,,,,,,,,,,,,,,,,,,,,,,,,,,,,,,,,,,,,,,,TN,TN
autoland,4768071,12,69b95d09da21c937720a8d3aaca237f47b683aa9,linux1804-64-shippable-qr,True,False,,,102210fe594ee9b33d82058545b1ed14f4c8206e,browser-toolbox.connect.DAMP,damp,True,damp browser-toolbox.connect.DAMP opt e10s fission stylo webrender-sw,4767235,77,ms,firefox,,1761677450,2023-09-25 06:00:52,1958.8407029999871,68035862c82691cc5ad039c1067c1fd24d048350,1305598,,,,,,,,,,,,,,,,,,,,,,,,,,,,,,,,,,,,,,,,,,,,,,,,,,,,,,,,,,,,,TN,TN
autoland,4768071,12,69b95d09da21c937720a8d3aaca237f47b683aa9,linux1804-64-shippable-qr,True,False,,,102210fe594ee9b33d82058545b1ed14f4c8206e,browser-toolbox.connect.DAMP,damp,True,damp browser-toolbox.connect.DAMP opt e10s fission stylo webrender-sw,4767235,77,ms,firefox,,1761716414,2023-09-25 08:45:06,1951.7539200000028,27778dad58d148bf24097e327e55eb3b8631b902,1305656,,,,,,,,,,,,,,,,,,,,,,,,,,,,,,,,,,,,,,,,,,,,,,,,,,,,,,,,,,,,,TN,TN
autoland,4768071,12,69b95d09da21c937720a8d3aaca237f47b683aa9,linux1804-64-shippable-qr,True,False,,,102210fe594ee9b33d82058545b1ed14f4c8206e,browser-toolbox.connect.DAMP,damp,True,damp browser-toolbox.connect.DAMP opt e10s fission stylo webrender-sw,4767235,77,ms,firefox,,1761836124,2023-09-25 12:33:35,1986.948147999996,9a8976307af6049000ae1a1623fd71bd62850a10,1305791,,,,,,,,,,,,,,,,,,,,,,,,,,,,,,,,,,,,,,,,,,,,,,,,,,,,,,,,,,,,,TN,TN
autoland,4768071,12,69b95d09da21c937720a8d3aaca237f47b683aa9,linux1804-64-shippable-qr,True,False,,,102210fe594ee9b33d82058545b1ed14f4c8206e,browser-toolbox.connect.DAMP,damp,True,damp browser-toolbox.connect.DAMP opt e10s fission stylo webrender-sw,4767235,77,ms,firefox,,1762074107,2023-09-25 20:45:54,1988.4927845000093,6a7f708c3d0458c9b30efa2bdfde6e7812554d1e,1306210,,,,,,,,,,,,,,,,,,,,,,,,,,,,,,,,,,,,,,,,,,,,,,,,,,,,,,,,,,,,,TN,TN
autoland,4768071,12,69b95d09da21c937720a8d3aaca237f47b683aa9,linux1804-64-shippable-qr,True,False,,,102210fe594ee9b33d82058545b1ed14f4c8206e,browser-toolbox.connect.DAMP,damp,True,damp browser-toolbox.connect.DAMP opt e10s fission stylo webrender-sw,4767235,77,ms,firefox,,1763935165,2023-09-25 22:22:32,1964.2382009999856,93867a0f165313a5ff0768e1c960d4ded11b404a,1306286,,,,,,,,,,,,,,,,,,,,,,,,,,,,,,,,,,,,,,,,,,,,,,,,,,,,,,,,,,,,,TN,TN
autoland,4768071,12,69b95d09da21c937720a8d3aaca237f47b683aa9,linux1804-64-shippable-qr,True,False,,,102210fe594ee9b33d82058545b1ed14f4c8206e,browser-toolbox.connect.DAMP,damp,True,damp browser-toolbox.connect.DAMP opt e10s fission stylo webrender-sw,4767235,77,ms,firefox,,1763930541,2023-09-25 22:24:31,1627.5088770000038,4ea28f9fcd5bc19c617bcdadc6bc361755d1680d,1306288,,,,,,,,,,,,,,,,,,,,,,,,,,,,,,,,,,,,,,,,,,,,,,,,,,,,,,,,,,,,,TN,TN
autoland,4768071,12,69b95d09da21c937720a8d3aaca237f47b683aa9,linux1804-64-shippable-qr,True,False,,,102210fe594ee9b33d82058545b1ed14f4c8206e,browser-toolbox.connect.DAMP,damp,True,damp browser-toolbox.connect.DAMP opt e10s fission stylo webrender-sw,4767235,77,ms,firefox,,1763934496,2023-09-25 22:24:31,2007.6071135000093,4ea28f9fcd5bc19c617bcdadc6bc361755d1680d,1306288,,,,,,,,,,,,,,,,,,,,,,,,,,,,,,,,,,,,,,,,,,,,,,,,,,,,,,,,,,,,,TN,TN
autoland,4768071,12,69b95d09da21c937720a8d3aaca237f47b683aa9,linux1804-64-shippable-qr,True,False,,,102210fe594ee9b33d82058545b1ed14f4c8206e,browser-toolbox.connect.DAMP,damp,True,damp browser-toolbox.connect.DAMP opt e10s fission stylo webrender-sw,4767235,77,ms,firefox,,1763934822,2023-09-25 22:26:02,1966.27009849999,64b093aa12a927ed284928d5dd4f7c6f08368b42,1306289,,,,,,,,,,,,,,,,,,,,,,,,,,,,,,,,,,,,,,,,,,,,,,,,,,,,,,,,,,,,,TN,TN
autoland,4768071,12,69b95d09da21c937720a8d3aaca237f47b683aa9,linux1804-64-shippable-qr,True,False,,,102210fe594ee9b33d82058545b1ed14f4c8206e,browser-toolbox.connect.DAMP,damp,True,damp browser-toolbox.connect.DAMP opt e10s fission stylo webrender-sw,4767235,77,ms,firefox,,1763935112,2023-09-25 22:27:05,1990.8481969999848,6a2f9e20f11f2934b0ff457568a16a5dc54342d0,1306290,,,,,,,,,,,,,,,,,,,,,,,,,,,,,,,,,,,,,,,,,,,,,,,,,,,,,,,,,,,,,TN,TN
autoland,4768071,12,69b95d09da21c937720a8d3aaca237f47b683aa9,linux1804-64-shippable-qr,True,False,,,102210fe594ee9b33d82058545b1ed14f4c8206e,browser-toolbox.connect.DAMP,damp,True,damp browser-toolbox.connect.DAMP opt e10s fission stylo webrender-sw,4767235,77,ms,firefox,,1763935342,2023-09-25 22:27:56,1937.6461605000225,f15fbf1b13af37af156deea4ca7327a810533bbe,1306291,,,,,,,,,,,,,,,,,,,,,,,,,,,,,,,,,,,,,,,,,,,,,,,,,,,,,,,,,,,,,TN,TN
autoland,4768071,12,69b95d09da21c937720a8d3aaca237f47b683aa9,linux1804-64-shippable-qr,True,False,,,102210fe594ee9b33d82058545b1ed14f4c8206e,browser-toolbox.connect.DAMP,damp,True,damp browser-toolbox.connect.DAMP opt e10s fission stylo webrender-sw,4767235,77,ms,firefox,,1763936041,2023-09-25 22:27:56,1986.9091250000056,f15fbf1b13af37af156deea4ca7327a810533bbe,1306291,,,,,,,,,,,,,,,,,,,,,,,,,,,,,,,,,,,,,,,,,,,,,,,,,,,,,,,,,,,,,TN,TN
autoland,4768071,12,69b95d09da21c937720a8d3aaca237f47b683aa9,linux1804-64-shippable-qr,True,False,,,102210fe594ee9b33d82058545b1ed14f4c8206e,browser-toolbox.connect.DAMP,damp,True,damp browser-toolbox.connect.DAMP opt e10s fission stylo webrender-sw,4767235,77,ms,firefox,,1763935282,2023-09-25 22:28:56,1958.0972384999984,7f516f079dd477e68270d19861eaa4513cfb3270,1306292,,,,,,,,,,,,,,,,,,,,,,,,,,,,,,,,,,,,,,,,,,,,,,,,,,,,,,,,,,,,,TN,TN
autoland,4768071,12,69b95d09da21c937720a8d3aaca237f47b683aa9,linux1804-64-shippable-qr,True,False,,,102210fe594ee9b33d82058545b1ed14f4c8206e,browser-toolbox.connect.DAMP,damp,True,damp browser-toolbox.connect.DAMP opt e10s fission stylo webrender-sw,4767235,77,ms,firefox,,1763935902,2023-09-25 22:28:56,1953.1477084999897,7f516f079dd477e68270d19861eaa4513cfb3270,1306292,,,,,,,,,,,,,,,,,,,,,,,,,,,,,,,,,,,,,,,,,,,,,,,,,,,,,,,,,,,,,TN,TN
autoland,4768071,12,69b95d09da21c937720a8d3aaca237f47b683aa9,linux1804-64-shippable-qr,True,False,,,102210fe594ee9b33d82058545b1ed14f4c8206e,browser-toolbox.connect.DAMP,damp,True,damp browser-toolbox.connect.DAMP opt e10s fission stylo webrender-sw,4767235,77,ms,firefox,,1763934350,2023-09-25 22:29:46,1956.9986370000115,d3828ca7337d8ffb2112780580a3fc4e0c8ea6f2,1306293,,,,,,,,,,,,,,,,,,,,,,,,,,,,,,,,,,,,,,,,,,,,,,,,,,,,,,,,,,,,,TN,TN
autoland,4768071,12,69b95d09da21c937720a8d3aaca237f47b683aa9,linux1804-64-shippable-qr,True,False,,,102210fe594ee9b33d82058545b1ed14f4c8206e,browser-toolbox.connect.DAMP,damp,True,damp browser-toolbox.connect.DAMP opt e10s fission stylo webrender-sw,4767235,77,ms,firefox,,1763751115,2023-09-25 22:31:13,1975.493347500029,a35fad815a445693932b3433e59129fd3fa28928,1306295,,,,,,,,,,,,,,,,,,,,,,,,,,,,,,,,,,,,,,,,,,,,,,,,,,,,,,,,,,,,,TN,TN
autoland,4768071,12,69b95d09da21c937720a8d3aaca237f47b683aa9,linux1804-64-shippable-qr,True,False,,,102210fe594ee9b33d82058545b1ed14f4c8206e,browser-toolbox.connect.DAMP,damp,True,damp browser-toolbox.connect.DAMP opt e10s fission stylo webrender-sw,4767235,77,ms,firefox,,1763752310,2023-09-25 22:32:11,1967.2179320000068,589a7a37c2f9a6d45ecbd14f937b1621d2efeeda,1306297,,,,,,,,,,,,,,,,,,,,,,,,,,,,,,,,,,,,,,,,,,,,,,,,,,,,,,,,,,,,,TN,TN
autoland,4768071,12,69b95d09da21c937720a8d3aaca237f47b683aa9,linux1804-64-shippable-qr,True,False,,,102210fe594ee9b33d82058545b1ed14f4c8206e,browser-toolbox.connect.DAMP,damp,True,damp browser-toolbox.connect.DAMP opt e10s fission stylo webrender-sw,4767235,77,ms,firefox,,1763752675,2023-09-25 22:33:00,1965.8787809999997,80384e2c99e87006a2706b701a3185463685fe76,1306298,,,,,,,,,,,,,,,,,,,,,,,,,,,,,,,,,,,,,,,,,,,,,,,,,,,,,,,,,,,,,TN,TN
autoland,4768071,12,69b95d09da21c937720a8d3aaca237f47b683aa9,linux1804-64-shippable-qr,True,False,,,102210fe594ee9b33d82058545b1ed14f4c8206e,browser-toolbox.connect.DAMP,damp,True,damp browser-toolbox.connect.DAMP opt e10s fission stylo webrender-sw,4767235,77,ms,firefox,,1763752066,2023-09-25 23:19:28,1964.9729580000055,93cb4f911941645d91cf11ed1b0062f6e351c7f5,1306315,,,,,,,,,,,,,,,,,,,,,,,,,,,,,,,,,,,,,,,,,,,,,,,,,,,,,,,,,,,,,TN,TN
autoland,4768071,12,69b95d09da21c937720a8d3aaca237f47b683aa9,linux1804-64-shippable-qr,True,False,,,102210fe594ee9b33d82058545b1ed14f4c8206e,browser-toolbox.connect.DAMP,damp,True,damp browser-toolbox.connect.DAMP opt e10s fission stylo webrender-sw,4767235,77,ms,firefox,,1763753235,2023-09-25 23:20:46,1974.9785885000088,2b3b967b65713ac173e9cd35c580ba61316b142c,1306317,,,,,,,,,,,,,,,,,,,,,,,,,,,,,,,,,,,,,,,,,,,,,,,,,,,,,,,,,,,,,TN,TN
autoland,4768071,12,69b95d09da21c937720a8d3aaca237f47b683aa9,linux1804-64-shippable-qr,True,False,,,102210fe594ee9b33d82058545b1ed14f4c8206e,browser-toolbox.connect.DAMP,damp,True,damp browser-toolbox.connect.DAMP opt e10s fission stylo webrender-sw,4767235,77,ms,firefox,,1763751049,2023-09-25 23:27:50,1947.472206999992,dbe80b2fa7177e56b59b896014226bdb041e31b1,1306320,,,,,,,,,,,,,,,,,,,,,,,,,,,,,,,,,,,,,,,,,,,,,,,,,,,,,,,,,,,,,TN,TN
autoland,4768071,12,69b95d09da21c937720a8d3aaca237f47b683aa9,linux1804-64-shippable-qr,True,False,,,102210fe594ee9b33d82058545b1ed14f4c8206e,browser-toolbox.connect.DAMP,damp,True,damp browser-toolbox.connect.DAMP opt e10s fission stylo webrender-sw,4767235,77,ms,firefox,,1763752905,2023-09-25 23:39:33,1974.616959499996,f1e42744f477db17dc1b75b1d476eddcdd5619a4,1306326,,,,,,,,,,,,,,,,,,,,,,,,,,,,,,,,,,,,,,,,,,,,,,,,,,,,,,,,,,,,,TN,TN
autoland,4768071,12,69b95d09da21c937720a8d3aaca237f47b683aa9,linux1804-64-shippable-qr,True,False,,,102210fe594ee9b33d82058545b1ed14f4c8206e,browser-toolbox.connect.DAMP,damp,True,damp browser-toolbox.connect.DAMP opt e10s fission stylo webrender-sw,4767235,77,ms,firefox,,1763753182,2023-09-25 23:47:30,1975.4774980000147,607266cea485dde9ac0393378974c99f814c65ca,1306330,,,,,,,,,,,,,,,,,,,,,,,,,,,,,,,,,,,,,,,,,,,,,,,,,,,,,,,,,,,,,TN,TN
autoland,4768071,12,69b95d09da21c937720a8d3aaca237f47b683aa9,linux1804-64-shippable-qr,True,False,,,102210fe594ee9b33d82058545b1ed14f4c8206e,browser-toolbox.connect.DAMP,damp,True,damp browser-toolbox.connect.DAMP opt e10s fission stylo webrender-sw,4767235,77,ms,firefox,,1763753087,2023-09-25 23:49:30,1980.9637304999887,a7e93abb3aae8576da487ac0c9ae1286de30637c,1306333,,,,,,,,,,,,,,,,,,,,,,,,,,,,,,,,,,,,,,,,,,,,,,,,,,,,,,,,,,,,,TN,TN
autoland,4768071,12,69b95d09da21c937720a8d3aaca237f47b683aa9,linux1804-64-shippable-qr,True,False,,,102210fe594ee9b33d82058545b1ed14f4c8206e,browser-toolbox.connect.DAMP,damp,True,damp browser-toolbox.connect.DAMP opt e10s fission stylo webrender-sw,4767235,77,ms,firefox,,1762128983,2023-09-26 00:20:03,1994.5263529999936,844608487349450c789be0794a915bb90d90b133,1306338,,,,,,,,,,,,,,,,,,,,,,,,,,,,,,,,,,,,,,,,,,,,,,,,,,,,,,,,,,,,,TN,TN
autoland,4768071,12,69b95d09da21c937720a8d3aaca237f47b683aa9,linux1804-64-shippable-qr,True,False,,,102210fe594ee9b33d82058545b1ed14f4c8206e,browser-toolbox.connect.DAMP,damp,True,damp browser-toolbox.connect.DAMP opt e10s fission stylo webrender-sw,4767235,77,ms,firefox,,1763936563,2023-09-26 00:50:24,1949.116956999991,399bdc5c0788b891d95b0031e1f5e4e13595bdba,1306350,,,,,,,,,,,,,,,,,,,,,,,,,,,,,,,,,,,,,,,,,,,,,,,,,,,,,,,,,,,,,TN,TN
autoland,4768071,12,69b95d09da21c937720a8d3aaca237f47b683aa9,linux1804-64-shippable-qr,True,False,,,102210fe594ee9b33d82058545b1ed14f4c8206e,browser-toolbox.connect.DAMP,damp,True,damp browser-toolbox.connect.DAMP opt e10s fission stylo webrender-sw,4767235,77,ms,firefox,,1763937142,2023-09-26 00:50:24,1969.2846845000056,399bdc5c0788b891d95b0031e1f5e4e13595bdba,1306350,,,,,,,,,,,,,,,,,,,,,,,,,,,,,,,,,,,,,,,,,,,,,,,,,,,,,,,,,,,,,TN,TN
autoland,4768071,12,69b95d09da21c937720a8d3aaca237f47b683aa9,linux1804-64-shippable-qr,True,False,,,102210fe594ee9b33d82058545b1ed14f4c8206e,browser-toolbox.connect.DAMP,damp,True,damp browser-toolbox.connect.DAMP opt e10s fission stylo webrender-sw,4767235,77,ms,firefox,,1763749482,2023-09-26 01:39:27,1977.226564500001,c23c9191da93412ccfb6e59f427b04c7dcb3880e,1306359,,,,,,,,,,,,,,,,,,,,,,,,,,,,,,,,,,,,,,,,,,,,,,,,,,,,,,,,,,,,,TN,TN
autoland,4768071,12,69b95d09da21c937720a8d3aaca237f47b683aa9,linux1804-64-shippable-qr,True,False,,,102210fe594ee9b33d82058545b1ed14f4c8206e,browser-toolbox.connect.DAMP,damp,True,damp browser-toolbox.connect.DAMP opt e10s fission stylo webrender-sw,4767235,77,ms,firefox,,1763749168,2023-09-26 01:40:46,1978.692895499997,e12bd9f0ee965bb4e7ef9269a629a79c43403a4d,1306360,,,,,,,,,,,,,,,,,,,,,,,,,,,,,,,,,,,,,,,,,,,,,,,,,,,,,,,,,,,,,TN,TN
autoland,4768071,12,69b95d09da21c937720a8d3aaca237f47b683aa9,linux1804-64-shippable-qr,True,False,,,102210fe594ee9b33d82058545b1ed14f4c8206e,browser-toolbox.connect.DAMP,damp,True,damp browser-toolbox.connect.DAMP opt e10s fission stylo webrender-sw,4767235,77,ms,firefox,,1763742590,2023-09-26 01:42:43,1942.5123339999843,28162003bd3c3eaf44b4227b54b72aaf7f8f848f,1306361,,,,,,,,,,,,,,,,,,,,,,,,,,,,,,,,,,,,,,,,,,,,,,,,,,,,,,,,,,,,,TN,TN
autoland,4768071,12,69b95d09da21c937720a8d3aaca237f47b683aa9,linux1804-64-shippable-qr,True,False,,,102210fe594ee9b33d82058545b1ed14f4c8206e,browser-toolbox.connect.DAMP,damp,True,damp browser-toolbox.connect.DAMP opt e10s fission stylo webrender-sw,4767235,77,ms,firefox,,1763743971,2023-09-26 02:32:51,1959.5958844999916,39dc607f61623c82e70f4982272959e0625d52ae,1306368,,,,,,,,,,,,,,,,,,,,,,,,,,,,,,,,,,,,,,,,,,,,,,,,,,,,,,,,,,,,,TN,TN
autoland,4768071,12,69b95d09da21c937720a8d3aaca237f47b683aa9,linux1804-64-shippable-qr,True,False,,,102210fe594ee9b33d82058545b1ed14f4c8206e,browser-toolbox.connect.DAMP,damp,True,damp browser-toolbox.connect.DAMP opt e10s fission stylo webrender-sw,4767235,77,ms,firefox,,1763744031,2023-09-26 02:51:20,2000.649612500012,956fe894deba1ba357c2699828221cda94a938a0,1306370,,,,,,,,,,,,,,,,,,,,,,,,,,,,,,,,,,,,,,,,,,,,,,,,,,,,,,,,,,,,,TN,TN
autoland,4768071,12,69b95d09da21c937720a8d3aaca237f47b683aa9,linux1804-64-shippable-qr,True,False,,,102210fe594ee9b33d82058545b1ed14f4c8206e,browser-toolbox.connect.DAMP,damp,True,damp browser-toolbox.connect.DAMP opt e10s fission stylo webrender-sw,4767235,77,ms,firefox,,1763743845,2023-09-26 02:57:49,1950.455255000008,d6b39ea73d85054019ddee8cf425a34c549015d5,1306372,,,,,,,,,,,,,,,,,,,,,,,,,,,,,,,,,,,,,,,,,,,,,,,,,,,,,,,,,,,,,TN,TN
autoland,4768071,12,69b95d09da21c937720a8d3aaca237f47b683aa9,linux1804-64-shippable-qr,True,False,,,102210fe594ee9b33d82058545b1ed14f4c8206e,browser-toolbox.connect.DAMP,damp,True,damp browser-toolbox.connect.DAMP opt e10s fission stylo webrender-sw,4767235,77,ms,firefox,,1763748923,2023-09-26 03:06:55,1943.7871260000104,4a37e473ff9e59f774fb5f7ca79e14fc6498aace,1306373,,,,,,,,,,,,,,,,,,,,,,,,,,,,,,,,,,,,,,,,,,,,,,,,,,,,,,,,,,,,,TN,TN
autoland,4768071,12,69b95d09da21c937720a8d3aaca237f47b683aa9,linux1804-64-shippable-qr,True,False,,,102210fe594ee9b33d82058545b1ed14f4c8206e,browser-toolbox.connect.DAMP,damp,True,damp browser-toolbox.connect.DAMP opt e10s fission stylo webrender-sw,4767235,77,ms,firefox,,1763749226,2023-09-26 03:40:31,1959.712545499999,28fd337dde917a4b11368b4ef5ea5ad19be7d484,1306381,,,,,,,,,,,,,,,,,,,,,,,,,,,,,,,,,,,,,,,,,,,,,,,,,,,,,,,,,,,,,TN,TN
autoland,4768071,12,69b95d09da21c937720a8d3aaca237f47b683aa9,linux1804-64-shippable-qr,True,False,,,102210fe594ee9b33d82058545b1ed14f4c8206e,browser-toolbox.connect.DAMP,damp,True,damp browser-toolbox.connect.DAMP opt e10s fission stylo webrender-sw,4767235,77,ms,firefox,,1763749621,2023-09-26 04:10:55,1955.5508749999865,535c375b13285473c8d29d518a21b67b6f75df68,1306385,,,,,,,,,,,,,,,,,,,,,,,,,,,,,,,,,,,,,,,,,,,,,,,,,,,,,,,,,,,,,TN,TN
autoland,4768071,12,69b95d09da21c937720a8d3aaca237f47b683aa9,linux1804-64-shippable-qr,True,False,,,102210fe594ee9b33d82058545b1ed14f4c8206e,browser-toolbox.connect.DAMP,damp,True,damp browser-toolbox.connect.DAMP opt e10s fission stylo webrender-sw,4767235,77,ms,firefox,,1762226875,2023-09-26 05:18:37,1950.8857695000152,5c61430973af5452b01293947d0f76b758b97c28,1306392,,,,,,,,,,,,,,,,,,,,,,,,,,,,,,,,,,,,,,,,,,,,,,,,,,,,,,,,,,,,,TN,TN
autoland,4768071,12,69b95d09da21c937720a8d3aaca237f47b683aa9,linux1804-64-shippable-qr,True,False,,,102210fe594ee9b33d82058545b1ed14f4c8206e,browser-toolbox.connect.DAMP,damp,True,damp browser-toolbox.connect.DAMP opt e10s fission stylo webrender-sw,4767235,77,ms,firefox,,1763750563,2023-09-26 05:47:34,1949.1241925000213,d664486ee56f12d30502b0986a5c78706c86d2cb,1306405,,,,,,,,,,,,,,,,,,,,,,,,,,,,,,,,,,,,,,,,,,,,,,,,,,,,,,,,,,,,,TN,TN
autoland,4768071,12,69b95d09da21c937720a8d3aaca237f47b683aa9,linux1804-64-shippable-qr,True,False,,,102210fe594ee9b33d82058545b1ed14f4c8206e,browser-toolbox.connect.DAMP,damp,True,damp browser-toolbox.connect.DAMP opt e10s fission stylo webrender-sw,4767235,77,ms,firefox,,1763749337,2023-09-26 06:11:12,1969.5025274999932,5ce74cb070053dacafe7c84b937cfc31d89ac883,1306411,,,,,,,,,,,,,,,,,,,,,,,,,,,,,,,,,,,,,,,,,,,,,,,,,,,,,,,,,,,,,TN,TN
autoland,4768071,12,69b95d09da21c937720a8d3aaca237f47b683aa9,linux1804-64-shippable-qr,True,False,,,102210fe594ee9b33d82058545b1ed14f4c8206e,browser-toolbox.connect.DAMP,damp,True,damp browser-toolbox.connect.DAMP opt e10s fission stylo webrender-sw,4767235,77,ms,firefox,,1763743407,2023-09-26 07:01:21,1976.3111420000128,5fa5960176d2a6b001a16c4c4e5bb69469c69b27,1306415,,,,,,,,,,,,,,,,,,,,,,,,,,,,,,,,,,,,,,,,,,,,,,,,,,,,,,,,,,,,,TN,TN
autoland,4768071,12,69b95d09da21c937720a8d3aaca237f47b683aa9,linux1804-64-shippable-qr,True,False,,,102210fe594ee9b33d82058545b1ed14f4c8206e,browser-toolbox.connect.DAMP,damp,True,damp browser-toolbox.connect.DAMP opt e10s fission stylo webrender-sw,4767235,77,ms,firefox,,1763744099,2023-09-26 07:13:44,2039.9658724999967,afb89cc4de8936deab4b253e137fcacdf6549af1,1306419,,,,,,,,,,,,,,,,,,,,,,,,,,,,,,,,,,,,,,,,,,,,,,,,,,,,,,,,,,,,,TN,TN
autoland,4768071,12,69b95d09da21c937720a8d3aaca237f47b683aa9,linux1804-64-shippable-qr,True,False,,,102210fe594ee9b33d82058545b1ed14f4c8206e,browser-toolbox.connect.DAMP,damp,True,damp browser-toolbox.connect.DAMP opt e10s fission stylo webrender-sw,4767235,77,ms,firefox,,1763743600,2023-09-26 07:15:22,1976.8870264999928,e0542c230f7a70854b7eea5b1887d780119a807c,1306420,,,,,,,,,,,,,,,,,,,,,,,,,,,,,,,,,,,,,,,,,,,,,,,,,,,,,,,,,,,,,TN,TN
autoland,4768071,12,69b95d09da21c937720a8d3aaca237f47b683aa9,linux1804-64-shippable-qr,True,False,,,102210fe594ee9b33d82058545b1ed14f4c8206e,browser-toolbox.connect.DAMP,damp,True,damp browser-toolbox.connect.DAMP opt e10s fission stylo webrender-sw,4767235,77,ms,firefox,,1763744157,2023-09-26 07:19:39,1975.5515490000107,5ede1e3235c0f8764d009107a5e686753bf8c3d9,1306421,,,,,,,,,,,,,,,,,,,,,,,,,,,,,,,,,,,,,,,,,,,,,,,,,,,,,,,,,,,,,TN,TN
autoland,4768071,12,69b95d09da21c937720a8d3aaca237f47b683aa9,linux1804-64-shippable-qr,True,False,,,102210fe594ee9b33d82058545b1ed14f4c8206e,browser-toolbox.connect.DAMP,damp,True,damp browser-toolbox.connect.DAMP opt e10s fission stylo webrender-sw,4767235,77,ms,firefox,,1763744235,2023-09-26 07:22:43,1972.8450229999728,0b480081dd33a59f2e3c247ebf9eaa36c90a926a,1306422,,,,,,,,,,,,,,,,,,,,,,,,,,,,,,,,,,,,,,,,,,,,,,,,,,,,,,,,,,,,,TN,TN
autoland,4768071,12,69b95d09da21c937720a8d3aaca237f47b683aa9,linux1804-64-shippable-qr,True,False,,,102210fe594ee9b33d82058545b1ed14f4c8206e,browser-toolbox.connect.DAMP,damp,True,damp browser-toolbox.connect.DAMP opt e10s fission stylo webrender-sw,4767235,77,ms,firefox,,1763743913,2023-09-26 07:47:07,1943.626010500004,a7382d4a1a052e1b25d2ad2dd2bdbbf16ed3ecd7,1306433,,,,,,,,,,,,,,,,,,,,,,,,,,,,,,,,,,,,,,,,,,,,,,,,,,,,,,,,,,,,,TN,TN
autoland,4768071,12,69b95d09da21c937720a8d3aaca237f47b683aa9,linux1804-64-shippable-qr,True,False,,,102210fe594ee9b33d82058545b1ed14f4c8206e,browser-toolbox.connect.DAMP,damp,True,damp browser-toolbox.connect.DAMP opt e10s fission stylo webrender-sw,4767235,77,ms,firefox,,1762299200,2023-09-26 07:48:07,1958.214804499992,920e4f82b3485f132edc7f551ecd9334fa702021,1306435,,,,,,,,,,,,,,,,,,,,,,,,,,,,,,,,,,,,,,,,,,,,,,,,,,,,,,,,,,,,,TN,TN
autoland,4768071,12,69b95d09da21c937720a8d3aaca237f47b683aa9,linux1804-64-shippable-qr,True,False,,,102210fe594ee9b33d82058545b1ed14f4c8206e,browser-toolbox.connect.DAMP,damp,True,damp browser-toolbox.connect.DAMP opt e10s fission stylo webrender-sw,4767235,77,ms,firefox,,1763774002,2023-09-26 09:23:41,1959.683654000008,15945b5a02c7197ec657e41fab47e0ff6c0f21aa,1306489,,,,,,,,,,,,,,,,,,,,,,,,,,,,,,,,,,,,,,,,,,,,,,,,,,,,,,,,,,,,,TN,TN
autoland,4768071,12,69b95d09da21c937720a8d3aaca237f47b683aa9,linux1804-64-shippable-qr,True,False,,,102210fe594ee9b33d82058545b1ed14f4c8206e,browser-toolbox.connect.DAMP,damp,True,damp browser-toolbox.connect.DAMP opt e10s fission stylo webrender-sw,4767235,77,ms,firefox,,1763772318,2023-09-26 09:34:56,1949.9596949999975,f1cebda4f6d6d21171c9389a674f6ba47d72233e,1306501,,,,,,,,,,,,,,,,,,,,,,,,,,,,,,,,,,,,,,,,,,,,,,,,,,,,,,,,,,,,,TN,TN
autoland,4768071,12,69b95d09da21c937720a8d3aaca237f47b683aa9,linux1804-64-shippable-qr,True,False,,,102210fe594ee9b33d82058545b1ed14f4c8206e,browser-toolbox.connect.DAMP,damp,True,damp browser-toolbox.connect.DAMP opt e10s fission stylo webrender-sw,4767235,77,ms,firefox,,1763767575,2023-09-26 10:16:05,1962.9163935000104,a55e1498654dbc77bc00780e0ede0e0d518b55d3,1306542,,,,,,,,,,,,,,,,,,,,,,,,,,,,,,,,,,,,,,,,,,,,,,,,,,,,,,,,,,,,,TN,TN
autoland,4768071,12,69b95d09da21c937720a8d3aaca237f47b683aa9,linux1804-64-shippable-qr,True,False,,,102210fe594ee9b33d82058545b1ed14f4c8206e,browser-toolbox.connect.DAMP,damp,True,damp browser-toolbox.connect.DAMP opt e10s fission stylo webrender-sw,4767235,77,ms,firefox,,1763767113,2023-09-26 10:34:30,1945.702253000025,e613760e4430ea0b123f03f137bfdca088aa97cc,1306560,,,,,,,,,,,,,,,,,,,,,,,,,,,,,,,,,,,,,,,,,,,,,,,,,,,,,,,,,,,,,TN,TN
autoland,4768071,12,69b95d09da21c937720a8d3aaca237f47b683aa9,linux1804-64-shippable-qr,True,False,,,102210fe594ee9b33d82058545b1ed14f4c8206e,browser-toolbox.connect.DAMP,damp,True,damp browser-toolbox.connect.DAMP opt e10s fission stylo webrender-sw,4767235,77,ms,firefox,,1763775992,2023-09-26 10:35:53,1959.361728500004,052a351d75764d433db5ef83bfab45c99fcc781b,1306564,,,,,,,,,,,,,,,,,,,,,,,,,,,,,,,,,,,,,,,,,,,,,,,,,,,,,,,,,,,,,TN,TN
autoland,4768071,12,69b95d09da21c937720a8d3aaca237f47b683aa9,linux1804-64-shippable-qr,True,False,,,102210fe594ee9b33d82058545b1ed14f4c8206e,browser-toolbox.connect.DAMP,damp,True,damp browser-toolbox.connect.DAMP opt e10s fission stylo webrender-sw,4767235,77,ms,firefox,,1763761294,2023-09-26 10:36:56,1950.9996694999936,4c5c17a49e40df9f767506fd00cd070954b3c644,1306567,,,,,,,,,,,,,,,,,,,,,,,,,,,,,,,,,,,,,,,,,,,,,,,,,,,,,,,,,,,,,TN,TN
autoland,4768071,12,69b95d09da21c937720a8d3aaca237f47b683aa9,linux1804-64-shippable-qr,True,False,,,102210fe594ee9b33d82058545b1ed14f4c8206e,browser-toolbox.connect.DAMP,damp,True,damp browser-toolbox.connect.DAMP opt e10s fission stylo webrender-sw,4767235,77,ms,firefox,,1763765261,2023-09-26 10:48:05,1959.395207499998,301cd75007d9fb9aeda70e40841ff7de5ad7736e,1306573,,,,,,,,,,,,,,,,,,,,,,,,,,,,,,,,,,,,,,,,,,,,,,,,,,,,,,,,,,,,,TN,TN
autoland,4768071,12,69b95d09da21c937720a8d3aaca237f47b683aa9,linux1804-64-shippable-qr,True,False,,,102210fe594ee9b33d82058545b1ed14f4c8206e,browser-toolbox.connect.DAMP,damp,True,damp browser-toolbox.connect.DAMP opt e10s fission stylo webrender-sw,4767235,77,ms,firefox,,1763765694,2023-09-26 11:03:40,1930.6219650000055,ed097fba61cdc840ab56e3e1ece664939a126c8d,1306576,,,,,,,,,,,,,,,,,,,,,,,,,,,,,,,,,,,,,,,,,,,,,,,,,,,,,,,,,,,,,TN,TN
autoland,4768071,12,69b95d09da21c937720a8d3aaca237f47b683aa9,linux1804-64-shippable-qr,True,False,,,102210fe594ee9b33d82058545b1ed14f4c8206e,browser-toolbox.connect.DAMP,damp,True,damp browser-toolbox.connect.DAMP opt e10s fission stylo webrender-sw,4767235,77,ms,firefox,,1763809643,2023-09-26 11:31:30,1982.3719505000045,a4bb56d8336909cd56d37f0057efd3c20ae127df,1306587,,,,,,,,,,,,,,,,,,,,,,,,,,,,,,,,,,,,,,,,,,,,,,,,,,,,,,,,,,,,,TN,TN
autoland,4768071,12,69b95d09da21c937720a8d3aaca237f47b683aa9,linux1804-64-shippable-qr,True,False,,,102210fe594ee9b33d82058545b1ed14f4c8206e,browser-toolbox.connect.DAMP,damp,True,damp browser-toolbox.connect.DAMP opt e10s fission stylo webrender-sw,4767235,77,ms,firefox,,1762410325,2023-09-26 12:02:33,1945.4077604999911,e60c3407f3620f94624c0ac7484a7d1b257be989,1306598,,,,,,,,,,,,,,,,,,,,,,,,,,,,,,,,,,,,,,,,,,,,,,,,,,,,,,,,,,,,,TN,TN
autoland,4768071,12,69b95d09da21c937720a8d3aaca237f47b683aa9,linux1804-64-shippable-qr,True,False,,,102210fe594ee9b33d82058545b1ed14f4c8206e,browser-toolbox.connect.DAMP,damp,True,damp browser-toolbox.connect.DAMP opt e10s fission stylo webrender-sw,4767235,77,ms,firefox,,1762498491,2023-09-26 15:03:48,2009.5670445000144,f6c351ade4f28a1ce3843d0af7e5ec35b37a3576,1306757,,,,,,,,,,,,,,,,,,,,,,,,,,,,,,,,,,,,,,,,,,,,,,,,,,,,,,,,,,,,,TN,TN
autoland,4768071,12,69b95d09da21c937720a8d3aaca237f47b683aa9,linux1804-64-shippable-qr,True,False,,,102210fe594ee9b33d82058545b1ed14f4c8206e,browser-toolbox.connect.DAMP,damp,True,damp browser-toolbox.connect.DAMP opt e10s fission stylo webrender-sw,4767235,77,ms,firefox,,1762686920,2023-09-26 21:35:50,1950.5249669999905,7a98d860920f5f74014454ce20ec6739e8a16878,1307018,,,,,,,,,,,,,,,,,,,,,,,,,,,,,,,,,,,,,,,,,,,,,,,,,,,,,,,,,,,,,TN,TN
autoland,4768071,12,69b95d09da21c937720a8d3aaca237f47b683aa9,linux1804-64-shippable-qr,True,False,,,102210fe594ee9b33d82058545b1ed14f4c8206e,browser-toolbox.connect.DAMP,damp,True,damp browser-toolbox.connect.DAMP opt e10s fission stylo webrender-sw,4767235,77,ms,firefox,,1762779795,2023-09-27 02:35:37,1975.0497040000048,583cfd323dab818e35dc1f15fa3e92a503e56e11,1307110,,,,,,,,,,,,,,,,,,,,,,,,,,,,,,,,,,,,,,,,,,,,,,,,,,,,,,,,,,,,,TN,TN
autoland,4768071,12,69b95d09da21c937720a8d3aaca237f47b683aa9,linux1804-64-shippable-qr,True,False,,,102210fe594ee9b33d82058545b1ed14f4c8206e,browser-toolbox.connect.DAMP,damp,True,damp browser-toolbox.connect.DAMP opt e10s fission stylo webrender-sw,4767235,77,ms,firefox,,1762864207,2023-09-27 06:23:31,1949.1537494999936,82ae09837aed66d319e3280febbf971a401bd8a6,1307163,,,,,,,,,,,,,,,,,,,,,,,,,,,,,,,,,,,,,,,,,,,,,,,,,,,,,,,,,,,,,TN,TN
autoland,4768071,12,69b95d09da21c937720a8d3aaca237f47b683aa9,linux1804-64-shippable-qr,True,False,,,102210fe594ee9b33d82058545b1ed14f4c8206e,browser-toolbox.connect.DAMP,damp,True,damp browser-toolbox.connect.DAMP opt e10s fission stylo webrender-sw,4767235,77,ms,firefox,,1763001397,2023-09-27 10:25:54,1961.310473999998,a1a8c2eeff55a4651fa01530fa3ec3ab3bec9b31,1307283,,,,,,,,,,,,,,,,,,,,,,,,,,,,,,,,,,,,,,,,,,,,,,,,,,,,,,,,,,,,,TN,TN
autoland,4768071,12,69b95d09da21c937720a8d3aaca237f47b683aa9,linux1804-64-shippable-qr,True,False,,,102210fe594ee9b33d82058545b1ed14f4c8206e,browser-toolbox.connect.DAMP,damp,True,damp browser-toolbox.connect.DAMP opt e10s fission stylo webrender-sw,4767235,77,ms,firefox,,1762980683,2023-09-27 10:32:06,1973.3593710000025,af764baf74a1dd0e0b863a8cf26c25266bdcbc14,1307289,,,,,,,,,,,,,,,,,,,,,,,,,,,,,,,,,,,,,,,,,,,,,,,,,,,,,,,,,,,,,TN,TN
autoland,4768071,12,69b95d09da21c937720a8d3aaca237f47b683aa9,linux1804-64-shippable-qr,True,False,,,102210fe594ee9b33d82058545b1ed14f4c8206e,browser-toolbox.connect.DAMP,damp,True,damp browser-toolbox.connect.DAMP opt e10s fission stylo webrender-sw,4767235,77,ms,firefox,,1763192685,2023-09-27 14:48:02,1970.2831720000104,42b4fa32b69deff886ea9bc4f4f7fb94391b751a,1307439,,,,,,,,,,,,,,,,,,,,,,,,,,,,,,,,,,,,,,,,,,,,,,,,,,,,,,,,,,,,,TN,TN
autoland,4768071,12,69b95d09da21c937720a8d3aaca237f47b683aa9,linux1804-64-shippable-qr,True,False,,,102210fe594ee9b33d82058545b1ed14f4c8206e,browser-toolbox.connect.DAMP,damp,True,damp browser-toolbox.connect.DAMP opt e10s fission stylo webrender-sw,4767235,77,ms,firefox,,1763320036,2023-09-27 17:53:51,1974.7617249999892,7768cf51f090145a9009fb37298f3c1da7d60a2f,1307581,,,,,,,,,,,,,,,,,,,,,,,,,,,,,,,,,,,,,,,,,,,,,,,,,,,,,,,,,,,,,TN,TN
autoland,4768071,12,69b95d09da21c937720a8d3aaca237f47b683aa9,linux1804-64-shippable-qr,True,False,,,102210fe594ee9b33d82058545b1ed14f4c8206e,browser-toolbox.connect.DAMP,damp,True,damp browser-toolbox.connect.DAMP opt e10s fission stylo webrender-sw,4767235,77,ms,firefox,,1763521146,2023-09-27 23:11:22,1956.0780939999968,d60788c1a5064d4f45dd33001554cde650df86be,1307771,,,,,,,,,,,,,,,,,,,,,,,,,,,,,,,,,,,,,,,,,,,,,,,,,,,,,,,,,,,,,TN,TN
autoland,4768071,12,69b95d09da21c937720a8d3aaca237f47b683aa9,linux1804-64-shippable-qr,True,False,,,102210fe594ee9b33d82058545b1ed14f4c8206e,browser-toolbox.connect.DAMP,damp,True,damp browser-toolbox.connect.DAMP opt e10s fission stylo webrender-sw,4767235,77,ms,firefox,,1763687182,2023-09-28 04:14:46,1938.9026235000056,d1fc71cc3817fe3529b10939ed53c1d395a346fa,1307836,,,,,,,,,,,,,,,,,,,,,,,,,,,,,,,,,,,,,,,,,,,,,,,,,,,,,,,,,,,,,TN,TN
autoland,4768071,12,69b95d09da21c937720a8d3aaca237f47b683aa9,linux1804-64-shippable-qr,True,False,,,102210fe594ee9b33d82058545b1ed14f4c8206e,browser-toolbox.connect.DAMP,damp,True,damp browser-toolbox.connect.DAMP opt e10s fission stylo webrender-sw,4767235,77,ms,firefox,,1763788945,2023-09-28 08:00:04,1965.680174000012,d330b8e9f58e1065d1ca63ac5f284f7d1865e83c,1307885,,,,,,,,,,,,,,,,,,,,,,,,,,,,,,,,,,,,,,,,,,,,,,,,,,,,,,,,,,,,,TN,TN
autoland,4768071,12,69b95d09da21c937720a8d3aaca237f47b683aa9,linux1804-64-shippable-qr,True,False,,,102210fe594ee9b33d82058545b1ed14f4c8206e,browser-toolbox.connect.DAMP,damp,True,damp browser-toolbox.connect.DAMP opt e10s fission stylo webrender-sw,4767235,77,ms,firefox,,1763902667,2023-09-28 11:44:43,1965.557708999986,a5fd40a8bf47afafdda240c7b8f1b1b911d2d937,1308037,,,,,,,,,,,,,,,,,,,,,,,,,,,,,,,,,,,,,,,,,,,,,,,,,,,,,,,,,,,,,TN,TN
autoland,4768071,12,69b95d09da21c937720a8d3aaca237f47b683aa9,linux1804-64-shippable-qr,True,False,,,102210fe594ee9b33d82058545b1ed14f4c8206e,browser-toolbox.connect.DAMP,damp,True,damp browser-toolbox.connect.DAMP opt e10s fission stylo webrender-sw,4767235,77,ms,firefox,,1764062268,2023-09-28 15:45:35,1974.144639999984,0df79cc60ea0ef86258f3b33d533c75e91805d8b,1308186,,,,,,,,,,,,,,,,,,,,,,,,,,,,,,,,,,,,,,,,,,,,,,,,,,,,,,,,,,,,,TN,TN
autoland,4768071,12,69b95d09da21c937720a8d3aaca237f47b683aa9,linux1804-64-shippable-qr,True,False,,,102210fe594ee9b33d82058545b1ed14f4c8206e,browser-toolbox.connect.DAMP,damp,True,damp browser-toolbox.connect.DAMP opt e10s fission stylo webrender-sw,4767235,77,ms,firefox,,1764104933,2023-09-28 16:38:20,1972.895911499996,a216736126b15f69ebee5d940a5c3394f95759cb,1308227,,,,,,,,,,,,,,,,,,,,,,,,,,,,,,,,,,,,,,,,,,,,,,,,,,,,,,,,,,,,,TN,TN
autoland,4768071,12,69b95d09da21c937720a8d3aaca237f47b683aa9,linux1804-64-shippable-qr,True,False,,,102210fe594ee9b33d82058545b1ed14f4c8206e,browser-toolbox.connect.DAMP,damp,True,damp browser-toolbox.connect.DAMP opt e10s fission stylo webrender-sw,4767235,77,ms,firefox,,1764181654,2023-09-28 19:24:36,1955.106597500002,cd324cfaf45936b4670a6c0d15cbfe22d0e2f609,1308380,,,,,,,,,,,,,,,,,,,,,,,,,,,,,,,,,,,,,,,,,,,,,,,,,,,,,,,,,,,,,TN,TN
autoland,4768071,12,69b95d09da21c937720a8d3aaca237f47b683aa9,linux1804-64-shippable-qr,True,False,,,102210fe594ee9b33d82058545b1ed14f4c8206e,browser-toolbox.connect.DAMP,damp,True,damp browser-toolbox.connect.DAMP opt e10s fission stylo webrender-sw,4767235,77,ms,firefox,,1764294732,2023-09-28 22:48:25,1949.4903714999964,72bb9164219d9f54440ccfa7f55dc02f195190f9,1308491,,,,,,,,,,,,,,,,,,,,,,,,,,,,,,,,,,,,,,,,,,,,,,,,,,,,,,,,,,,,,TN,TN
autoland,4768071,12,69b95d09da21c937720a8d3aaca237f47b683aa9,linux1804-64-shippable-qr,True,False,,,102210fe594ee9b33d82058545b1ed14f4c8206e,browser-toolbox.connect.DAMP,damp,True,damp browser-toolbox.connect.DAMP opt e10s fission stylo webrender-sw,4767235,77,ms,firefox,,1764536578,2023-09-29 05:26:28,1960.4225164999807,4fd1c7c2dcf2973c3285d981e74b08dee641a0fc,1308580,,,,,,,,,,,,,,,,,,,,,,,,,,,,,,,,,,,,,,,,,,,,,,,,,,,,,,,,,,,,,TN,TN
autoland,4768071,12,69b95d09da21c937720a8d3aaca237f47b683aa9,linux1804-64-shippable-qr,True,False,,,102210fe594ee9b33d82058545b1ed14f4c8206e,browser-toolbox.connect.DAMP,damp,True,damp browser-toolbox.connect.DAMP opt e10s fission stylo webrender-sw,4767235,77,ms,firefox,,1764650372,2023-09-29 09:03:41,1952.1696219999867,6453cd78e4f187bc198e83900dd9937c3cc6d0fc,1308650,,,,,,,,,,,,,,,,,,,,,,,,,,,,,,,,,,,,,,,,,,,,,,,,,,,,,,,,,,,,,TN,TN
autoland,4768071,12,69b95d09da21c937720a8d3aaca237f47b683aa9,linux1804-64-shippable-qr,True,False,,,102210fe594ee9b33d82058545b1ed14f4c8206e,browser-toolbox.connect.DAMP,damp,True,damp browser-toolbox.connect.DAMP opt e10s fission stylo webrender-sw,4767235,77,ms,firefox,,1766345859,2023-09-29 09:05:03,1978.2961174999875,7813c893a1f8dca29947cdfb26c56e40e4a862d1,1308651,,,,,,,,,,,,,,,,,,,,,,,,,,,,,,,,,,,,,,,,,,,,,,,,,,,,,,,,,,,,,TN,TN
autoland,4768071,12,69b95d09da21c937720a8d3aaca237f47b683aa9,linux1804-64-shippable-qr,True,False,,,102210fe594ee9b33d82058545b1ed14f4c8206e,browser-toolbox.connect.DAMP,damp,True,damp browser-toolbox.connect.DAMP opt e10s fission stylo webrender-sw,4767235,77,ms,firefox,,1766343750,2023-09-29 10:47:56,1646.0289084999968,56120ceb75ffc6e9d0796d47c0d122f45a21cb1e,1308686,,,,,,,,,,,,,,,,,,,,,,,,,,,,,,,,,,,,,,,,,,,,,,,,,,,,,,,,,,,,,TN,TN
autoland,4768071,12,69b95d09da21c937720a8d3aaca237f47b683aa9,linux1804-64-shippable-qr,True,False,,,102210fe594ee9b33d82058545b1ed14f4c8206e,browser-toolbox.connect.DAMP,damp,True,damp browser-toolbox.connect.DAMP opt e10s fission stylo webrender-sw,4767235,77,ms,firefox,,1766345575,2023-09-29 11:22:36,1996.43355050002,b713131d3c1f364c35447081832ef027a4d9642e,1308699,,,,,,,,,,,,,,,,,,,,,,,,,,,,,,,,,,,,,,,,,,,,,,,,,,,,,,,,,,,,,TN,TN
autoland,4768071,12,69b95d09da21c937720a8d3aaca237f47b683aa9,linux1804-64-shippable-qr,True,False,,,102210fe594ee9b33d82058545b1ed14f4c8206e,browser-toolbox.connect.DAMP,damp,True,damp browser-toolbox.connect.DAMP opt e10s fission stylo webrender-sw,4767235,77,ms,firefox,,1766346172,2023-09-29 11:44:55,1957.185825499997,96ff91b8355eab5ce4627119287433176110fe9a,1308715,,,,,,,,,,,,,,,,,,,,,,,,,,,,,,,,,,,,,,,,,,,,,,,,,,,,,,,,,,,,,TN,TN
autoland,4768071,12,69b95d09da21c937720a8d3aaca237f47b683aa9,linux1804-64-shippable-qr,True,False,,,102210fe594ee9b33d82058545b1ed14f4c8206e,browser-toolbox.connect.DAMP,damp,True,damp browser-toolbox.connect.DAMP opt e10s fission stylo webrender-sw,4767235,77,ms,firefox,,1766344203,2023-09-29 11:58:31,1962.102189000012,eea9bc76ab987c214741bef34d0f2d87d99276d5,1308721,,,,,,,,,,,,,,,,,,,,,,,,,,,,,,,,,,,,,,,,,,,,,,,,,,,,,,,,,,,,,TN,TN
autoland,4768071,12,69b95d09da21c937720a8d3aaca237f47b683aa9,linux1804-64-shippable-qr,True,False,,,102210fe594ee9b33d82058545b1ed14f4c8206e,browser-toolbox.connect.DAMP,damp,True,damp browser-toolbox.connect.DAMP opt e10s fission stylo webrender-sw,4767235,77,ms,firefox,,1766346596,2023-09-29 12:16:39,1963.1717079999944,d9e7cc311757e0217db43cb0748e027f6fd0cbbd,1308728,,,,,,,,,,,,,,,,,,,,,,,,,,,,,,,,,,,,,,,,,,,,,,,,,,,,,,,,,,,,,TN,TN
autoland,4768071,12,69b95d09da21c937720a8d3aaca237f47b683aa9,linux1804-64-shippable-qr,True,False,,,102210fe594ee9b33d82058545b1ed14f4c8206e,browser-toolbox.connect.DAMP,damp,True,damp browser-toolbox.connect.DAMP opt e10s fission stylo webrender-sw,4767235,77,ms,firefox,,1766346941,2023-09-29 12:20:04,1985.432558500004,671cc9eb7842379695fe74100e90f6ce8ba7c09a,1308730,,,,,,,,,,,,,,,,,,,,,,,,,,,,,,,,,,,,,,,,,,,,,,,,,,,,,,,,,,,,,TN,TN
autoland,4768071,12,69b95d09da21c937720a8d3aaca237f47b683aa9,linux1804-64-shippable-qr,True,False,,,102210fe594ee9b33d82058545b1ed14f4c8206e,browser-toolbox.connect.DAMP,damp,True,damp browser-toolbox.connect.DAMP opt e10s fission stylo webrender-sw,4767235,77,ms,firefox,,1766347095,2023-09-29 12:34:37,1981.620014499989,0d999601edebb3d854104ec309855ece059d4510,1308733,,,,,,,,,,,,,,,,,,,,,,,,,,,,,,,,,,,,,,,,,,,,,,,,,,,,,,,,,,,,,TN,TN
autoland,4768071,12,69b95d09da21c937720a8d3aaca237f47b683aa9,linux1804-64-shippable-qr,True,False,,,102210fe594ee9b33d82058545b1ed14f4c8206e,browser-toolbox.connect.DAMP,damp,True,damp browser-toolbox.connect.DAMP opt e10s fission stylo webrender-sw,4767235,77,ms,firefox,,1766346543,2023-09-29 12:49:48,1962.339382499988,8c2ed68b21eba2e59fe4c3f7dbce6a05b6f07929,1308744,,,,,,,,,,,,,,,,,,,,,,,,,,,,,,,,,,,,,,,,,,,,,,,,,,,,,,,,,,,,,TN,TN
autoland,4768071,12,69b95d09da21c937720a8d3aaca237f47b683aa9,linux1804-64-shippable-qr,True,False,,,102210fe594ee9b33d82058545b1ed14f4c8206e,browser-toolbox.connect.DAMP,damp,True,damp browser-toolbox.connect.DAMP opt e10s fission stylo webrender-sw,4767235,77,ms,firefox,,1764760704,2023-09-29 13:06:51,1951.5971825000013,dfea5c2f2737b0334921941ecd0f5f235432942e,1308761,,,,,,,,,,,,,,,,,,,,,,,,,,,,,,,,,,,,,,,,,,,,,,,,,,,,,,,,,,,,,TN,TN
autoland,4768071,12,69b95d09da21c937720a8d3aaca237f47b683aa9,linux1804-64-shippable-qr,True,False,,,102210fe594ee9b33d82058545b1ed14f4c8206e,browser-toolbox.connect.DAMP,damp,True,damp browser-toolbox.connect.DAMP opt e10s fission stylo webrender-sw,4767235,77,ms,firefox,,1766345807,2023-09-29 13:29:12,2010.4163489999992,c3167e76bc8e1af59a444d63526d42fab3be8420,1308768,,,,,,,,,,,,,,,,,,,,,,,,,,,,,,,,,,,,,,,,,,,,,,,,,,,,,,,,,,,,,TN,TN
autoland,4768071,12,69b95d09da21c937720a8d3aaca237f47b683aa9,linux1804-64-shippable-qr,True,False,,,102210fe594ee9b33d82058545b1ed14f4c8206e,browser-toolbox.connect.DAMP,damp,True,damp browser-toolbox.connect.DAMP opt e10s fission stylo webrender-sw,4767235,77,ms,firefox,,1766345936,2023-09-29 13:31:49,1946.3854129999927,0a41249a323f3abd6de55b7baa27a6e1811ab96a,1308771,,,,,,,,,,,,,,,,,,,,,,,,,,,,,,,,,,,,,,,,,,,,,,,,,,,,,,,,,,,,,TN,TN
autoland,4768071,12,69b95d09da21c937720a8d3aaca237f47b683aa9,linux1804-64-shippable-qr,True,False,,,102210fe594ee9b33d82058545b1ed14f4c8206e,browser-toolbox.connect.DAMP,damp,True,damp browser-toolbox.connect.DAMP opt e10s fission stylo webrender-sw,4767235,77,ms,firefox,,1766346349,2023-09-29 13:32:50,1977.814969999992,0fc7ee382c5cef9b28139168e973d1c1a01fc87b,1308776,,,,,,,,,,,,,,,,,,,,,,,,,,,,,,,,,,,,,,,,,,,,,,,,,,,,,,,,,,,,,TN,TN
autoland,4768071,12,69b95d09da21c937720a8d3aaca237f47b683aa9,linux1804-64-shippable-qr,True,False,,,102210fe594ee9b33d82058545b1ed14f4c8206e,browser-toolbox.connect.DAMP,damp,True,damp browser-toolbox.connect.DAMP opt e10s fission stylo webrender-sw,4767235,77,ms,firefox,,1766346255,2023-09-29 13:33:39,1974.4363030000093,161d8267260601a9d3eabc924298b5ba11a03d44,1308777,,,,,,,,,,,,,,,,,,,,,,,,,,,,,,,,,,,,,,,,,,,,,,,,,,,,,,,,,,,,,TN,TN
autoland,4768071,12,69b95d09da21c937720a8d3aaca237f47b683aa9,linux1804-64-shippable-qr,True,False,,,102210fe594ee9b33d82058545b1ed14f4c8206e,browser-toolbox.connect.DAMP,damp,True,damp browser-toolbox.connect.DAMP opt e10s fission stylo webrender-sw,4767235,77,ms,firefox,,1766346716,2023-09-29 13:46:59,1974.1925175,670023e8a9bba0b04831cccee348cee4a5175c18,1308778,,,,,,,,,,,,,,,,,,,,,,,,,,,,,,,,,,,,,,,,,,,,,,,,,,,,,,,,,,,,,TN,TN
autoland,4768071,12,69b95d09da21c937720a8d3aaca237f47b683aa9,linux1804-64-shippable-qr,True,False,,,102210fe594ee9b33d82058545b1ed14f4c8206e,browser-toolbox.connect.DAMP,damp,True,damp browser-toolbox.connect.DAMP opt e10s fission stylo webrender-sw,4767235,77,ms,firefox,,1766346830,2023-09-29 13:50:09,2026.524832500003,b9016e4fd85efb84fce2996a7e328881b28cb39c,1308779,,,,,,,,,,,,,,,,,,,,,,,,,,,,,,,,,,,,,,,,,,,,,,,,,,,,,,,,,,,,,TN,TN
autoland,4768071,12,69b95d09da21c937720a8d3aaca237f47b683aa9,linux1804-64-shippable-qr,True,False,,,102210fe594ee9b33d82058545b1ed14f4c8206e,browser-toolbox.connect.DAMP,damp,True,damp browser-toolbox.connect.DAMP opt e10s fission stylo webrender-sw,4767235,77,ms,firefox,,1766346407,2023-09-29 14:13:24,1967.6697774999773,a120317e670ae06f583fd6bd0a0de57ed19ad01d,1308788,,,,,,,,,,,,,,,,,,,,,,,,,,,,,,,,,,,,,,,,,,,,,,,,,,,,,,,,,,,,,TN,TN
autoland,4768071,12,69b95d09da21c937720a8d3aaca237f47b683aa9,linux1804-64-shippable-qr,True,False,,,102210fe594ee9b33d82058545b1ed14f4c8206e,browser-toolbox.connect.DAMP,damp,True,damp browser-toolbox.connect.DAMP opt e10s fission stylo webrender-sw,4767235,77,ms,firefox,,1766346661,2023-09-29 14:18:35,1955.3292840000288,ec65ca2f7db18fefc250aca74197ba901e6a0a8c,1308791,,,,,,,,,,,,,,,,,,,,,,,,,,,,,,,,,,,,,,,,,,,,,,,,,,,,,,,,,,,,,TN,TN
autoland,4768071,12,69b95d09da21c937720a8d3aaca237f47b683aa9,linux1804-64-shippable-qr,True,False,,,102210fe594ee9b33d82058545b1ed14f4c8206e,browser-toolbox.connect.DAMP,damp,True,damp browser-toolbox.connect.DAMP opt e10s fission stylo webrender-sw,4767235,77,ms,firefox,,1766346470,2023-09-29 14:25:07,1980.6998459999995,91bd2248667d7c29f28e54274cbf7f5649071bd3,1308794,,,,,,,,,,,,,,,,,,,,,,,,,,,,,,,,,,,,,,,,,,,,,,,,,,,,,,,,,,,,,TN,TN
autoland,4768071,12,69b95d09da21c937720a8d3aaca237f47b683aa9,linux1804-64-shippable-qr,True,False,,,102210fe594ee9b33d82058545b1ed14f4c8206e,browser-toolbox.connect.DAMP,damp,True,damp browser-toolbox.connect.DAMP opt e10s fission stylo webrender-sw,4767235,77,ms,firefox,,1764847035,2023-09-29 14:43:48,1982.48045499999,e2d3169fc579506294a164827b60ea38b9295bb1,1308803,,,,,,,,,,,,,,,,,,,,,,,,,,,,,,,,,,,,,,,,,,,,,,,,,,,,,,,,,,,,,TN,TN
autoland,4768071,12,69b95d09da21c937720a8d3aaca237f47b683aa9,linux1804-64-shippable-qr,True,False,,,102210fe594ee9b33d82058545b1ed14f4c8206e,browser-toolbox.connect.DAMP,damp,True,damp browser-toolbox.connect.DAMP opt e10s fission stylo webrender-sw,4767235,77,ms,firefox,,1766360240,2023-09-29 20:25:36,1973.4512695000085,448cc1ba3cb98c120a4ee30f00ef888e73a932e6,1308997,,,,,,,,,,,,,,,,,,,,,,,,,,,,,,,,,,,,,,,,,,,,,,,,,,,,,,,,,,,,,TN,TN
autoland,4768071,12,69b95d09da21c937720a8d3aaca237f47b683aa9,linux1804-64-shippable-qr,True,False,,,102210fe594ee9b33d82058545b1ed14f4c8206e,browser-toolbox.connect.DAMP,damp,True,damp browser-toolbox.connect.DAMP opt e10s fission stylo webrender-sw,4767235,77,ms,firefox,,1766360007,2023-09-29 20:42:51,1969.7430324999916,6ffc8bdec837d1b4c1dc4a75b96f417bfde1cebd,1309001,,,,,,,,,,,,,,,,,,,,,,,,,,,,,,,,,,,,,,,,,,,,,,,,,,,,,,,,,,,,,TN,TN
autoland,4768071,12,69b95d09da21c937720a8d3aaca237f47b683aa9,linux1804-64-shippable-qr,True,False,,,102210fe594ee9b33d82058545b1ed14f4c8206e,browser-toolbox.connect.DAMP,damp,True,damp browser-toolbox.connect.DAMP opt e10s fission stylo webrender-sw,4767235,77,ms,firefox,,1766359262,2023-09-29 21:07:12,2009.383154999996,c869f080aad6301b8c8021152a97de1e23de2f24,1309006,,,,,,,,,,,,,,,,,,,,,,,,,,,,,,,,,,,,,,,,,,,,,,,,,,,,,,,,,,,,,TN,TN
autoland,4768071,12,69b95d09da21c937720a8d3aaca237f47b683aa9,linux1804-64-shippable-qr,True,False,,,102210fe594ee9b33d82058545b1ed14f4c8206e,browser-toolbox.connect.DAMP,damp,True,damp browser-toolbox.connect.DAMP opt e10s fission stylo webrender-sw,4767235,77,ms,firefox,,1766360453,2023-09-29 21:14:00,1963.168467999989,e6362eee5078a68e7fdfbf6bc3083042a37ff4e3,1309007,,,,,,,,,,,,,,,,,,,,,,,,,,,,,,,,,,,,,,,,,,,,,,,,,,,,,,,,,,,,,TN,TN
autoland,4768071,12,69b95d09da21c937720a8d3aaca237f47b683aa9,linux1804-64-shippable-qr,True,False,,,102210fe594ee9b33d82058545b1ed14f4c8206e,browser-toolbox.connect.DAMP,damp,True,damp browser-toolbox.connect.DAMP opt e10s fission stylo webrender-sw,4767235,77,ms,firefox,,1766360400,2023-09-29 22:03:20,1952.0691955,21e242393f222340fa948cedf15f7a7d6b3dee34,1309029,,,,,,,,,,,,,,,,,,,,,,,,,,,,,,,,,,,,,,,,,,,,,,,,,,,,,,,,,,,,,TN,TN
autoland,4768071,12,69b95d09da21c937720a8d3aaca237f47b683aa9,linux1804-64-shippable-qr,True,False,,,102210fe594ee9b33d82058545b1ed14f4c8206e,browser-toolbox.connect.DAMP,damp,True,damp browser-toolbox.connect.DAMP opt e10s fission stylo webrender-sw,4767235,77,ms,firefox,,1766347204,2023-09-29 22:04:24,1989.0402459999896,bcd2222b6b08b09cee468dff6e7f94400e02b303,1309030,,,,,,,,,,,,,,,,,,,,,,,,,,,,,,,,,,,,,,,,,,,,,,,,,,,,,,,,,,,,,TN,TN
autoland,4768071,12,69b95d09da21c937720a8d3aaca237f47b683aa9,linux1804-64-shippable-qr,True,False,,,102210fe594ee9b33d82058545b1ed14f4c8206e,browser-toolbox.connect.DAMP,damp,True,damp browser-toolbox.connect.DAMP opt e10s fission stylo webrender-sw,4767235,77,ms,firefox,,1766348023,2023-09-29 22:10:32,1938.2293364999928,eee85ca883b58f7e7ed94e3a2e4ed573475159d4,1309031,,,,,,,,,,,,,,,,,,,,,,,,,,,,,,,,,,,,,,,,,,,,,,,,,,,,,,,,,,,,,TN,TN
autoland,4768071,12,69b95d09da21c937720a8d3aaca237f47b683aa9,linux1804-64-shippable-qr,True,False,,,102210fe594ee9b33d82058545b1ed14f4c8206e,browser-toolbox.connect.DAMP,damp,True,damp browser-toolbox.connect.DAMP opt e10s fission stylo webrender-sw,4767235,77,ms,firefox,,1766360116,2023-09-29 22:24:46,1983.332516499977,7139b608a37ec9e25460e53a2126f5e98f554c56,1309033,,,,,,,,,,,,,,,,,,,,,,,,,,,,,,,,,,,,,,,,,,,,,,,,,,,,,,,,,,,,,TN,TN
autoland,4768071,12,69b95d09da21c937720a8d3aaca237f47b683aa9,linux1804-64-shippable-qr,True,False,,,102210fe594ee9b33d82058545b1ed14f4c8206e,browser-toolbox.connect.DAMP,damp,True,damp browser-toolbox.connect.DAMP opt e10s fission stylo webrender-sw,4767235,77,ms,firefox,,1766360183,2023-09-29 22:28:54,1964.8823290000075,25a3c1f36ad6e51304433ae56db6f33df5acb6a3,1309037,,,,,,,,,,,,,,,,,,,,,,,,,,,,,,,,,,,,,,,,,,,,,,,,,,,,,,,,,,,,,TN,TN
autoland,4768071,12,69b95d09da21c937720a8d3aaca237f47b683aa9,linux1804-64-shippable-qr,True,False,,,102210fe594ee9b33d82058545b1ed14f4c8206e,browser-toolbox.connect.DAMP,damp,True,damp browser-toolbox.connect.DAMP opt e10s fission stylo webrender-sw,4767235,77,ms,firefox,,1765217835,2023-09-30 06:24:14,1953.9924935000308,c0cfc8c5836260ab8706d5b737a4f4f654da4610,1309077,,,,,,,,,,,,,,,,,,,,,,,,,,,,,,,,,,,,,,,,,,,,,,,,,,,,,,,,,,,,,TN,TN
autoland,4768071,12,69b95d09da21c937720a8d3aaca237f47b683aa9,linux1804-64-shippable-qr,True,False,,,102210fe594ee9b33d82058545b1ed14f4c8206e,browser-toolbox.connect.DAMP,damp,True,damp browser-toolbox.connect.DAMP opt e10s fission stylo webrender-sw,4767235,77,ms,firefox,,1766472713,2023-09-30 07:00:22,1980.3651100000025,704f8a9060a9fe476efcfc93567a3eda4fd30d08,1309082,,,,,,,,,,,,,,,,,,,,,,,,,,,,,,,,,,,,,,,,,,,,,,,,,,,,,,,,,,,,,TN,TN
autoland,4768071,12,69b95d09da21c937720a8d3aaca237f47b683aa9,linux1804-64-shippable-qr,True,False,,,102210fe594ee9b33d82058545b1ed14f4c8206e,browser-toolbox.connect.DAMP,damp,True,damp browser-toolbox.connect.DAMP opt e10s fission stylo webrender-sw,4767235,77,ms,firefox,,1766473054,2023-09-30 07:02:10,1976.073716999992,4fc4397c17c91a25b5417e5ae14e20a0fa8e3b68,1309083,,,,,,,,,,,,,,,,,,,,,,,,,,,,,,,,,,,,,,,,,,,,,,,,,,,,,,,,,,,,,TN,TN
autoland,4768071,12,69b95d09da21c937720a8d3aaca237f47b683aa9,linux1804-64-shippable-qr,True,False,,,102210fe594ee9b33d82058545b1ed14f4c8206e,browser-toolbox.connect.DAMP,damp,True,damp browser-toolbox.connect.DAMP opt e10s fission stylo webrender-sw,4767235,77,ms,firefox,,1766472626,2023-09-30 08:42:20,1949.9406639999945,96f2c0dc4746376e319aa5c6f2b47cf3768dd5d1,1309094,,,,,,,,,,,,,,,,,,,,,,,,,,,,,,,,,,,,,,,,,,,,,,,,,,,,,,,,,,,,,TN,TN
autoland,4768071,12,69b95d09da21c937720a8d3aaca237f47b683aa9,linux1804-64-shippable-qr,True,False,,,102210fe594ee9b33d82058545b1ed14f4c8206e,browser-toolbox.connect.DAMP,damp,True,damp browser-toolbox.connect.DAMP opt e10s fission stylo webrender-sw,4767235,77,ms,firefox,,1766472484,2023-09-30 09:43:48,1988.2563975000085,55d9e05bf29bdd693cb36ef335f7d20aab6dcf43,1309104,,,,,,,,,,,,,,,,,,,,,,,,,,,,,,,,,,,,,,,,,,,,,,,,,,,,,,,,,,,,,TN,TN
autoland,4768071,12,69b95d09da21c937720a8d3aaca237f47b683aa9,linux1804-64-shippable-qr,True,False,,,102210fe594ee9b33d82058545b1ed14f4c8206e,browser-toolbox.connect.DAMP,damp,True,damp browser-toolbox.connect.DAMP opt e10s fission stylo webrender-sw,4767235,77,ms,firefox,,1766475165,2023-09-30 10:16:55,1955.325485999987,4f5e812e3ab721aee9bfa8bca4de88d2a71f13a9,1309113,,,,,,,,,,,,,,,,,,,,,,,,,,,,,,,,,,,,,,,,,,,,,,,,,,,,,,,,,,,,,TN,TN
autoland,4768071,12,69b95d09da21c937720a8d3aaca237f47b683aa9,linux1804-64-shippable-qr,True,False,,,102210fe594ee9b33d82058545b1ed14f4c8206e,browser-toolbox.connect.DAMP,damp,True,damp browser-toolbox.connect.DAMP opt e10s fission stylo webrender-sw,4767235,77,ms,firefox,,1765334000,2023-09-30 15:09:24,1957.0672070000144,0d5209658cf41a9d6d9f6c74890ecf69602525c4,1309133,,,,,,,,,,,,,,,,,,,,,,,,,,,,,,,,,,,,,,,,,,,,,,,,,,,,,,,,,,,,,TN,TN
autoland,4768071,12,69b95d09da21c937720a8d3aaca237f47b683aa9,linux1804-64-shippable-qr,True,False,,,102210fe594ee9b33d82058545b1ed14f4c8206e,browser-toolbox.connect.DAMP,damp,True,damp browser-toolbox.connect.DAMP opt e10s fission stylo webrender-sw,4767235,77,ms,firefox,,1765341883,2023-09-30 15:56:32,1965.3569269999864,8c9ba927121cd7f1cb5b31ffb86addc4c34b59a8,1309136,,,,,,,,,,,,,,,,,,,,,,,,,,,,,,,,,,,,,,,,,,,,,,,,,,,,,,,,,,,,,TN,TN
autoland,4768071,12,69b95d09da21c937720a8d3aaca237f47b683aa9,linux1804-64-shippable-qr,True,False,,,102210fe594ee9b33d82058545b1ed14f4c8206e,browser-toolbox.connect.DAMP,damp,True,damp browser-toolbox.connect.DAMP opt e10s fission stylo webrender-sw,4767235,77,ms,firefox,,1765393829,2023-09-30 20:01:07,1971.8667534999984,bacf4fcba00b9d708012b5c8144292e5362ed452,1309152,,,,,,,,,,,,,,,,,,,,,,,,,,,,,,,,,,,,,,,,,,,,,,,,,,,,,,,,,,,,,TN,TN
autoland,4768071,12,69b95d09da21c937720a8d3aaca237f47b683aa9,linux1804-64-shippable-qr,True,False,,,102210fe594ee9b33d82058545b1ed14f4c8206e,browser-toolbox.connect.DAMP,damp,True,damp browser-toolbox.connect.DAMP opt e10s fission stylo webrender-sw,4767235,77,ms,firefox,,1765438074,2023-10-01 02:27:22,1956.8753635000176,b781e655236dff9086d1be5c4b59b0263a9cee56,1309171,,,,,,,,,,,,,,,,,,,,,,,,,,,,,,,,,,,,,,,,,,,,,,,,,,,,,,,,,,,,,TN,TN
autoland,4768071,12,69b95d09da21c937720a8d3aaca237f47b683aa9,linux1804-64-shippable-qr,True,False,,,102210fe594ee9b33d82058545b1ed14f4c8206e,browser-toolbox.connect.DAMP,damp,True,damp browser-toolbox.connect.DAMP opt e10s fission stylo webrender-sw,4767235,77,ms,firefox,,1765550447,2023-10-01 15:08:35,1961.8469415000145,1abb269d873e8bda2c0fa1b4f26f481c89584ca6,1309237,,,,,,,,,,,,,,,,,,,,,,,,,,,,,,,,,,,,,,,,,,,,,,,,,,,,,,,,,,,,,TN,TN
autoland,4768071,12,69b95d09da21c937720a8d3aaca237f47b683aa9,linux1804-64-shippable-qr,True,False,,,102210fe594ee9b33d82058545b1ed14f4c8206e,browser-toolbox.connect.DAMP,damp,True,damp browser-toolbox.connect.DAMP opt e10s fission stylo webrender-sw,4767235,77,ms,firefox,,1765596693,2023-10-01 19:57:41,1956.3514744999848,72adc901a818435f7ba23e492963c7e1bf526be1,1309256,,,,,,,,,,,,,,,,,,,,,,,,,,,,,,,,,,,,,,,,,,,,,,,,,,,,,,,,,,,,,TN,TN
autoland,4768071,12,69b95d09da21c937720a8d3aaca237f47b683aa9,linux1804-64-shippable-qr,True,False,,,102210fe594ee9b33d82058545b1ed14f4c8206e,browser-toolbox.connect.DAMP,damp,True,damp browser-toolbox.connect.DAMP opt e10s fission stylo webrender-sw,4767235,77,ms,firefox,,1765610651,2023-10-01 20:03:17,1976.28846549998,1c52958ae6ea59e32694986c0d6332b8171aca86,1309258,,,,,,,,,,,,,,,,,,,,,,,,,,,,,,,,,,,,,,,,,,,,,,,,,,,,,,,,,,,,,TN,TN
autoland,4768071,12,69b95d09da21c937720a8d3aaca237f47b683aa9,linux1804-64-shippable-qr,True,False,,,102210fe594ee9b33d82058545b1ed14f4c8206e,browser-toolbox.connect.DAMP,damp,True,damp browser-toolbox.connect.DAMP opt e10s fission stylo webrender-sw,4767235,77,ms,firefox,,1765699885,2023-10-02 00:31:45,1979.2628635000144,55fc90da3cff35171d66e3dcf280575bef8c17a6,1309288,,,,,,,,,,,,,,,,,,,,,,,,,,,,,,,,,,,,,,,,,,,,,,,,,,,,,,,,,,,,,TN,TN
autoland,4768071,12,69b95d09da21c937720a8d3aaca237f47b683aa9,linux1804-64-shippable-qr,True,False,,,102210fe594ee9b33d82058545b1ed14f4c8206e,browser-toolbox.connect.DAMP,damp,True,damp browser-toolbox.connect.DAMP opt e10s fission stylo webrender-sw,4767235,77,ms,firefox,,1765884896,2023-10-02 11:08:53,1981.5400029999876,318059aaa167779fcc844cbf085cb7ffacc47523,1309454,,,,,,,,,,,,,,,,,,,,,,,,,,,,,,,,,,,,,,,,,,,,,,,,,,,,,,,,,,,,,TN,TN
autoland,4768071,12,69b95d09da21c937720a8d3aaca237f47b683aa9,linux1804-64-shippable-qr,True,False,,,102210fe594ee9b33d82058545b1ed14f4c8206e,browser-toolbox.connect.DAMP,damp,True,damp browser-toolbox.connect.DAMP opt e10s fission stylo webrender-sw,4767235,77,ms,firefox,,1766102223,2023-10-02 16:59:31,1971.1824409999756,db33a2d0d6c36f0c15318f1c5ffaa7498a1ee4f3,1309721,,,,,,,,,,,,,,,,,,,,,,,,,,,,,,,,,,,,,,,,,,,,,,,,,,,,,,,,,,,,,TN,TN
autoland,4768071,12,69b95d09da21c937720a8d3aaca237f47b683aa9,linux1804-64-shippable-qr,True,False,,,102210fe594ee9b33d82058545b1ed14f4c8206e,browser-toolbox.connect.DAMP,damp,True,damp browser-toolbox.connect.DAMP opt e10s fission stylo webrender-sw,4767235,77,ms,firefox,,1766183974,2023-10-02 20:46:43,1933.2415305000031,0435b7e1340f2ced37216f0dd2fbf09a0a8f2cad,1309872,,,,,,,,,,,,,,,,,,,,,,,,,,,,,,,,,,,,,,,,,,,,,,,,,,,,,,,,,,,,,TN,TN
autoland,4768071,12,69b95d09da21c937720a8d3aaca237f47b683aa9,linux1804-64-shippable-qr,True,False,,,102210fe594ee9b33d82058545b1ed14f4c8206e,browser-toolbox.connect.DAMP,damp,True,damp browser-toolbox.connect.DAMP opt e10s fission stylo webrender-sw,4767235,77,ms,firefox,,1766412272,2023-10-03 05:01:50,1975.2491359999983,53af11a26cb69e0616d9f481f988276e0a6da93e,1310080,,,,,,,,,,,,,,,,,,,,,,,,,,,,,,,,,,,,,,,,,,,,,,,,,,,,,,,,,,,,,TN,TN
autoland,4768071,12,69b95d09da21c937720a8d3aaca237f47b683aa9,linux1804-64-shippable-qr,True,False,,,102210fe594ee9b33d82058545b1ed14f4c8206e,browser-toolbox.connect.DAMP,damp,True,damp browser-toolbox.connect.DAMP opt e10s fission stylo webrender-sw,4767235,77,ms,firefox,,1768459957,2023-10-03 08:50:36,1965.591035000005,40bbe9648a596df2617828cc978ac6639afebdae,1310174,,,,,,,,,,,,,,,,,,,,,,,,,,,,,,,,,,,,,,,,,,,,,,,,,,,,,,,,,,,,,TN,TN
autoland,4768071,12,69b95d09da21c937720a8d3aaca237f47b683aa9,linux1804-64-shippable-qr,True,False,,,102210fe594ee9b33d82058545b1ed14f4c8206e,browser-toolbox.connect.DAMP,damp,True,damp browser-toolbox.connect.DAMP opt e10s fission stylo webrender-sw,4767235,77,ms,firefox,,1768459826,2023-10-03 09:07:15,1975.382888500004,e62eee02a6b8e2def7479c8445ac5555433accf7,1310182,,,,,,,,,,,,,,,,,,,,,,,,,,,,,,,,,,,,,,,,,,,,,,,,,,,,,,,,,,,,,TN,TN
autoland,4768071,12,69b95d09da21c937720a8d3aaca237f47b683aa9,linux1804-64-shippable-qr,True,False,,,102210fe594ee9b33d82058545b1ed14f4c8206e,browser-toolbox.connect.DAMP,damp,True,damp browser-toolbox.connect.DAMP opt e10s fission stylo webrender-sw,4767235,77,ms,firefox,,1768460569,2023-10-03 09:28:54,2003.6301389999865,fd3957b3725d2c584b147abe42a72d2dc7ab5eed,1310199,,,,,,,,,,,,,,,,,,,,,,,,,,,,,,,,,,,,,,,,,,,,,,,,,,,,,,,,,,,,,TN,TN
autoland,4768071,12,69b95d09da21c937720a8d3aaca237f47b683aa9,linux1804-64-shippable-qr,True,False,,,102210fe594ee9b33d82058545b1ed14f4c8206e,browser-toolbox.connect.DAMP,damp,True,damp browser-toolbox.connect.DAMP opt e10s fission stylo webrender-sw,4767235,77,ms,firefox,,1768460225,2023-10-03 09:37:23,1968.4363034999988,2f99ebdee6824a20cc3a8f5f776ce1b561c7e386,1310200,,,,,,,,,,,,,,,,,,,,,,,,,,,,,,,,,,,,,,,,,,,,,,,,,,,,,,,,,,,,,TN,TN
autoland,4768071,12,69b95d09da21c937720a8d3aaca237f47b683aa9,linux1804-64-shippable-qr,True,False,,,102210fe594ee9b33d82058545b1ed14f4c8206e,browser-toolbox.connect.DAMP,damp,True,damp browser-toolbox.connect.DAMP opt e10s fission stylo webrender-sw,4767235,77,ms,firefox,,1768460840,2023-10-03 09:42:53,1984.544421499988,5502331146fe0d76f7ae66a40a7bdc15be1a6c6c,1310206,,,,,,,,,,,,,,,,,,,,,,,,,,,,,,,,,,,,,,,,,,,,,,,,,,,,,,,,,,,,,TN,TN
autoland,4768071,12,69b95d09da21c937720a8d3aaca237f47b683aa9,linux1804-64-shippable-qr,True,False,,,102210fe594ee9b33d82058545b1ed14f4c8206e,browser-toolbox.connect.DAMP,damp,True,damp browser-toolbox.connect.DAMP opt e10s fission stylo webrender-sw,4767235,77,ms,firefox,,1768460293,2023-10-03 09:51:31,2011.355488000001,1290c81b4fd788222a335a1bbe07747b28d22ae9,1310209,,,,,,,,,,,,,,,,,,,,,,,,,,,,,,,,,,,,,,,,,,,,,,,,,,,,,,,,,,,,,TN,TN
autoland,4768071,12,69b95d09da21c937720a8d3aaca237f47b683aa9,linux1804-64-shippable-qr,True,False,,,102210fe594ee9b33d82058545b1ed14f4c8206e,browser-toolbox.connect.DAMP,damp,True,damp browser-toolbox.connect.DAMP opt e10s fission stylo webrender-sw,4767235,77,ms,firefox,,1768459755,2023-10-03 10:43:39,1950.017504999996,c4f691f4c92f4ff5cf0315d82e252631c18a40b0,1310227,,,,,,,,,,,,,,,,,,,,,,,,,,,,,,,,,,,,,,,,,,,,,,,,,,,,,,,,,,,,,TN,TN
autoland,4768071,12,69b95d09da21c937720a8d3aaca237f47b683aa9,linux1804-64-shippable-qr,True,False,,,102210fe594ee9b33d82058545b1ed14f4c8206e,browser-toolbox.connect.DAMP,damp,True,damp browser-toolbox.connect.DAMP opt e10s fission stylo webrender-sw,4767235,77,ms,firefox,,1768460184,2023-10-03 10:46:23,1959.3030214999744,ac94b9a48562f6e3c137e0f343794e11f3049142,1310228,,,,,,,,,,,,,,,,,,,,,,,,,,,,,,,,,,,,,,,,,,,,,,,,,,,,,,,,,,,,,TN,TN
autoland,4768071,12,69b95d09da21c937720a8d3aaca237f47b683aa9,linux1804-64-shippable-qr,True,False,,,102210fe594ee9b33d82058545b1ed14f4c8206e,browser-toolbox.connect.DAMP,damp,True,damp browser-toolbox.connect.DAMP opt e10s fission stylo webrender-sw,4767235,77,ms,firefox,,1768460437,2023-10-03 10:56:17,1949.753631000014,bd7f6c4bab1e6cfb3afcbb63b2f0cbd94d8c86a8,1310232,,,,,,,,,,,,,,,,,,,,,,,,,,,,,,,,,,,,,,,,,,,,,,,,,,,,,,,,,,,,,TN,TN
autoland,4768071,12,69b95d09da21c937720a8d3aaca237f47b683aa9,linux1804-64-shippable-qr,True,False,,,102210fe594ee9b33d82058545b1ed14f4c8206e,browser-toolbox.connect.DAMP,damp,True,damp browser-toolbox.connect.DAMP opt e10s fission stylo webrender-sw,4767235,77,ms,firefox,,1766719427,2023-10-03 11:04:59,1965.2378920000192,f003c74ca9f9399bc6db342491d997d682efc357,1310236,,,,,,,,,,,,,,,,,,,,,,,,,,,,,,,,,,,,,,,,,,,,,,,,,,,,,,,,,,,,,TN,TN
autoland,4768071,12,69b95d09da21c937720a8d3aaca237f47b683aa9,linux1804-64-shippable-qr,True,False,,,102210fe594ee9b33d82058545b1ed14f4c8206e,browser-toolbox.connect.DAMP,damp,True,damp browser-toolbox.connect.DAMP opt e10s fission stylo webrender-sw,4767235,77,ms,firefox,,1768460538,2023-10-03 11:13:48,1986.617505499984,9f0cc52774ad00f251c4a1d4fa85276d6631ef3d,1310240,,,,,,,,,,,,,,,,,,,,,,,,,,,,,,,,,,,,,,,,,,,,,,,,,,,,,,,,,,,,,TN,TN
autoland,4768071,12,69b95d09da21c937720a8d3aaca237f47b683aa9,linux1804-64-shippable-qr,True,False,,,102210fe594ee9b33d82058545b1ed14f4c8206e,browser-toolbox.connect.DAMP,damp,True,damp browser-toolbox.connect.DAMP opt e10s fission stylo webrender-sw,4767235,77,ms,firefox,,1768461156,2023-10-03 11:38:15,1963.932723999984,b99423c5c89d54cf0bafd23a61b267e86509d090,1310250,,,,,,,,,,,,,,,,,,,,,,,,,,,,,,,,,,,,,,,,,,,,,,,,,,,,,,,,,,,,,TN,TN
autoland,4768071,12,69b95d09da21c937720a8d3aaca237f47b683aa9,linux1804-64-shippable-qr,True,False,,,102210fe594ee9b33d82058545b1ed14f4c8206e,browser-toolbox.connect.DAMP,damp,True,damp browser-toolbox.connect.DAMP opt e10s fission stylo webrender-sw,4767235,77,ms,firefox,,1768460665,2023-10-03 12:13:51,1957.7627595000013,19f8af998acb4ea101628aa9b86d4869dfcfd981,1310267,,,,,,,,,,,,,,,,,,,,,,,,,,,,,,,,,,,,,,,,,,,,,,,,,,,,,,,,,,,,,TN,TN
autoland,4768071,12,69b95d09da21c937720a8d3aaca237f47b683aa9,linux1804-64-shippable-qr,True,False,,,102210fe594ee9b33d82058545b1ed14f4c8206e,browser-toolbox.connect.DAMP,damp,True,damp browser-toolbox.connect.DAMP opt e10s fission stylo webrender-sw,4767235,77,ms,firefox,,1768460898,2023-10-03 12:14:41,1957.7177484999995,62c9d3aabddc6a4ea8d08dbb5595feff66c3e5ac,1310268,,,,,,,,,,,,,,,,,,,,,,,,,,,,,,,,,,,,,,,,,,,,,,,,,,,,,,,,,,,,,TN,TN
autoland,4768071,12,69b95d09da21c937720a8d3aaca237f47b683aa9,linux1804-64-shippable-qr,True,False,,,102210fe594ee9b33d82058545b1ed14f4c8206e,browser-toolbox.connect.DAMP,damp,True,damp browser-toolbox.connect.DAMP opt e10s fission stylo webrender-sw,4767235,77,ms,firefox,,1766799756,2023-10-03 12:29:11,2008.18522650002,e17d7235b6833e36a524263990347804df15c7fb,1310274,,,,,,,,,,,,,,,,,,,,,,,,,,,,,,,,,,,,,,,,,,,,,,,,,,,,,,,,,,,,,TN,TN
autoland,4768071,12,69b95d09da21c937720a8d3aaca237f47b683aa9,linux1804-64-shippable-qr,True,False,,,102210fe594ee9b33d82058545b1ed14f4c8206e,browser-toolbox.connect.DAMP,damp,True,damp browser-toolbox.connect.DAMP opt e10s fission stylo webrender-sw,4767235,77,ms,firefox,,1768460380,2023-10-03 15:17:19,1958.3694089999624,b3b1aa7e76bca656376581afa36895bcaf2c2bca,1310382,,,,,,,,,,,,,,,,,,,,,,,,,,,,,,,,,,,,,,,,,,,,,,,,,,,,,,,,,,,,,TN,TN
autoland,4768071,12,69b95d09da21c937720a8d3aaca237f47b683aa9,linux1804-64-shippable-qr,True,False,,,102210fe594ee9b33d82058545b1ed14f4c8206e,browser-toolbox.connect.DAMP,damp,True,damp browser-toolbox.connect.DAMP opt e10s fission stylo webrender-sw,4767235,77,ms,firefox,,1768467736,2023-10-03 15:19:21,2006.128017500043,226b3a89b9be28eabc8c9c4dfebb5eac585c4a66,1310384,,,,,,,,,,,,,,,,,,,,,,,,,,,,,,,,,,,,,,,,,,,,,,,,,,,,,,,,,,,,,TN,TN
autoland,4768071,12,69b95d09da21c937720a8d3aaca237f47b683aa9,linux1804-64-shippable-qr,True,False,,,102210fe594ee9b33d82058545b1ed14f4c8206e,browser-toolbox.connect.DAMP,damp,True,damp browser-toolbox.connect.DAMP opt e10s fission stylo webrender-sw,4767235,77,ms,firefox,,1768602226,2023-10-03 15:26:59,1987.7002165000083,2351d7a1a27d4b280c1d59a628e915a95e8cb2e6,1310389,,,,,,,,,,,,,,,,,,,,,,,,,,,,,,,,,,,,,,,,,,,,,,,,,,,,,,,,,,,,,TN,TN
autoland,4768071,12,69b95d09da21c937720a8d3aaca237f47b683aa9,linux1804-64-shippable-qr,True,False,,,102210fe594ee9b33d82058545b1ed14f4c8206e,browser-toolbox.connect.DAMP,damp,True,damp browser-toolbox.connect.DAMP opt e10s fission stylo webrender-sw,4767235,77,ms,firefox,,1768608352,2023-10-03 15:27:54,1950.114696499979,c8c454aa97ec05d3c50fec44a57fc65b3be7d205,1310390,,,,,,,,,,,,,,,,,,,,,,,,,,,,,,,,,,,,,,,,,,,,,,,,,,,,,,,,,,,,,TN,TN
autoland,4768071,12,69b95d09da21c937720a8d3aaca237f47b683aa9,linux1804-64-shippable-qr,True,False,,,102210fe594ee9b33d82058545b1ed14f4c8206e,browser-toolbox.connect.DAMP,damp,True,damp browser-toolbox.connect.DAMP opt e10s fission stylo webrender-sw,4767235,77,ms,firefox,,1768624898,2023-10-03 15:38:29,1976.7960145000247,a0acd486fa1eb88c07161ae220ea4d16d17cc629,1310395,,,,,,,,,,,,,,,,,,,,,,,,,,,,,,,,,,,,,,,,,,,,,,,,,,,,,,,,,,,,,TN,TN
autoland,4768071,12,69b95d09da21c937720a8d3aaca237f47b683aa9,linux1804-64-shippable-qr,True,False,,,102210fe594ee9b33d82058545b1ed14f4c8206e,browser-toolbox.connect.DAMP,damp,True,damp browser-toolbox.connect.DAMP opt e10s fission stylo webrender-sw,4767235,77,ms,firefox,,1768605577,2023-10-03 15:47:38,1953.1159879999975,0097ac44fd8912343e0b6e3bbbfa1b35e477159a,1310399,,,,,,,,,,,,,,,,,,,,,,,,,,,,,,,,,,,,,,,,,,,,,,,,,,,,,,,,,,,,,TN,TN
autoland,4768071,12,69b95d09da21c937720a8d3aaca237f47b683aa9,linux1804-64-shippable-qr,True,False,,,102210fe594ee9b33d82058545b1ed14f4c8206e,browser-toolbox.connect.DAMP,damp,True,damp browser-toolbox.connect.DAMP opt e10s fission stylo webrender-sw,4767235,77,ms,firefox,,1768601022,2023-10-03 16:07:01,1983.870255499991,489e7952cd67fe4e1816d3452675332e76676a3e,1310412,,,,,,,,,,,,,,,,,,,,,,,,,,,,,,,,,,,,,,,,,,,,,,,,,,,,,,,,,,,,,TN,TN
autoland,4768071,12,69b95d09da21c937720a8d3aaca237f47b683aa9,linux1804-64-shippable-qr,True,False,,,102210fe594ee9b33d82058545b1ed14f4c8206e,browser-toolbox.connect.DAMP,damp,True,damp browser-toolbox.connect.DAMP opt e10s fission stylo webrender-sw,4767235,77,ms,firefox,,1768603737,2023-10-03 16:08:24,1955.9202084999924,21db15048e15cf9e6583d468f53dcac567c47157,1310413,,,,,,,,,,,,,,,,,,,,,,,,,,,,,,,,,,,,,,,,,,,,,,,,,,,,,,,,,,,,,TN,TN
autoland,4768071,12,69b95d09da21c937720a8d3aaca237f47b683aa9,linux1804-64-shippable-qr,True,False,,,102210fe594ee9b33d82058545b1ed14f4c8206e,browser-toolbox.connect.DAMP,damp,True,damp browser-toolbox.connect.DAMP opt e10s fission stylo webrender-sw,4767235,77,ms,firefox,,1768610806,2023-10-03 16:11:45,1992.7000670000048,0eedd9bb1aaae4d83188aa933c0cfa13a775f2aa,1310414,,,,,,,,,,,,,,,,,,,,,,,,,,,,,,,,,,,,,,,,,,,,,,,,,,,,,,,,,,,,,TN,TN
autoland,4768071,12,69b95d09da21c937720a8d3aaca237f47b683aa9,linux1804-64-shippable-qr,True,False,,,102210fe594ee9b33d82058545b1ed14f4c8206e,browser-toolbox.connect.DAMP,damp,True,damp browser-toolbox.connect.DAMP opt e10s fission stylo webrender-sw,4767235,77,ms,firefox,,1766934599,2023-10-03 16:51:48,1972.3833515000008,b93578d846b3af884d0a623f8ce43e0183c8307f,1310439,,,,,,,,,,,,,,,,,,,,,,,,,,,,,,,,,,,,,,,,,,,,,,,,,,,,,,,,,,,,,TN,TN
autoland,4768071,12,69b95d09da21c937720a8d3aaca237f47b683aa9,linux1804-64-shippable-qr,True,False,,,102210fe594ee9b33d82058545b1ed14f4c8206e,browser-toolbox.connect.DAMP,damp,True,damp browser-toolbox.connect.DAMP opt e10s fission stylo webrender-sw,4767235,77,ms,firefox,,1768887213,2023-10-03 18:43:14,1958.0330529999771,e89ac54f184df504337b7394428ab6307578eec1,1310520,,,,,,,,,,,,,,,,,,,,,,,,,,,,,,,,,,,,,,,,,,,,,,,,,,,,,,,,,,,,,TN,TN
autoland,4768071,12,69b95d09da21c937720a8d3aaca237f47b683aa9,linux1804-64-shippable-qr,True,False,,,102210fe594ee9b33d82058545b1ed14f4c8206e,browser-toolbox.connect.DAMP,damp,True,damp browser-toolbox.connect.DAMP opt e10s fission stylo webrender-sw,4767235,77,ms,firefox,,1768912374,2023-10-03 18:54:52,1991.4178669999965,2dbe440f2e2c20eaf0910505157ff97f5d92254c,1310526,,,,,,,,,,,,,,,,,,,,,,,,,,,,,,,,,,,,,,,,,,,,,,,,,,,,,,,,,,,,,TN,TN
autoland,4768071,12,69b95d09da21c937720a8d3aaca237f47b683aa9,linux1804-64-shippable-qr,True,False,,,102210fe594ee9b33d82058545b1ed14f4c8206e,browser-toolbox.connect.DAMP,damp,True,damp browser-toolbox.connect.DAMP opt e10s fission stylo webrender-sw,4767235,77,ms,firefox,,1768916574,2023-10-03 18:54:52,1969.6829500000024,2dbe440f2e2c20eaf0910505157ff97f5d92254c,1310526,,,,,,,,,,,,,,,,,,,,,,,,,,,,,,,,,,,,,,,,,,,,,,,,,,,,,,,,,,,,,TN,TN
autoland,4768071,12,69b95d09da21c937720a8d3aaca237f47b683aa9,linux1804-64-shippable-qr,True,False,,,102210fe594ee9b33d82058545b1ed14f4c8206e,browser-toolbox.connect.DAMP,damp,True,damp browser-toolbox.connect.DAMP opt e10s fission stylo webrender-sw,4767235,77,ms,firefox,,1768859631,2023-10-03 18:55:57,1953.440475500014,40e8e79805b33e9018a2ef43bb9b0edfd9bd0ec0,1310528,,,,,,,,,,,,,,,,,,,,,,,,,,,,,,,,,,,,,,,,,,,,,,,,,,,,,,,,,,,,,TN,TN
autoland,4768071,12,69b95d09da21c937720a8d3aaca237f47b683aa9,linux1804-64-shippable-qr,True,False,,,102210fe594ee9b33d82058545b1ed14f4c8206e,browser-toolbox.connect.DAMP,damp,True,damp browser-toolbox.connect.DAMP opt e10s fission stylo webrender-sw,4767235,77,ms,firefox,,1768857155,2023-10-03 18:59:16,1959.983167000028,629886ef61b65a57dcc4e49625313b4c6b8c8b7e,1310533,,,,,,,,,,,,,,,,,,,,,,,,,,,,,,,,,,,,,,,,,,,,,,,,,,,,,,,,,,,,,TN,TN
autoland,4768071,12,69b95d09da21c937720a8d3aaca237f47b683aa9,linux1804-64-shippable-qr,True,False,,,102210fe594ee9b33d82058545b1ed14f4c8206e,browser-toolbox.connect.DAMP,damp,True,damp browser-toolbox.connect.DAMP opt e10s fission stylo webrender-sw,4767235,77,ms,firefox,,1768858066,2023-10-03 18:59:16,1991.8711164999984,629886ef61b65a57dcc4e49625313b4c6b8c8b7e,1310533,,,,,,,,,,,,,,,,,,,,,,,,,,,,,,,,,,,,,,,,,,,,,,,,,,,,,,,,,,,,,TN,TN
autoland,4768071,12,69b95d09da21c937720a8d3aaca237f47b683aa9,linux1804-64-shippable-qr,True,False,,,102210fe594ee9b33d82058545b1ed14f4c8206e,browser-toolbox.connect.DAMP,damp,True,damp browser-toolbox.connect.DAMP opt e10s fission stylo webrender-sw,4767235,77,ms,firefox,,1768857544,2023-10-03 19:01:13,1977.6379615000117,682429034ae9abb88d78e57c4e3366c58a3367a4,1310534,,,,,,,,,,,,,,,,,,,,,,,,,,,,,,,,,,,,,,,,,,,,,,,,,,,,,,,,,,,,,TN,TN
autoland,4768071,12,69b95d09da21c937720a8d3aaca237f47b683aa9,linux1804-64-shippable-qr,True,False,,,102210fe594ee9b33d82058545b1ed14f4c8206e,browser-toolbox.connect.DAMP,damp,True,damp browser-toolbox.connect.DAMP opt e10s fission stylo webrender-sw,4767235,77,ms,firefox,,1768860831,2023-10-03 19:01:13,2005.3948955000087,682429034ae9abb88d78e57c4e3366c58a3367a4,1310534,,,,,,,,,,,,,,,,,,,,,,,,,,,,,,,,,,,,,,,,,,,,,,,,,,,,,,,,,,,,,TN,TN
autoland,4768071,12,69b95d09da21c937720a8d3aaca237f47b683aa9,linux1804-64-shippable-qr,True,False,,,102210fe594ee9b33d82058545b1ed14f4c8206e,browser-toolbox.connect.DAMP,damp,True,damp browser-toolbox.connect.DAMP opt e10s fission stylo webrender-sw,4767235,77,ms,firefox,,1768602454,2023-10-03 19:03:25,1997.15476949999,87339140dda7351fc13fd20111d2926ca97babea,1310536,,,,,,,,,,,,,,,,,,,,,,,,,,,,,,,,,,,,,,,,,,,,,,,,,,,,,,,,,,,,,TN,TN
autoland,4768071,12,69b95d09da21c937720a8d3aaca237f47b683aa9,linux1804-64-shippable-qr,True,False,,,102210fe594ee9b33d82058545b1ed14f4c8206e,browser-toolbox.connect.DAMP,damp,True,damp browser-toolbox.connect.DAMP opt e10s fission stylo webrender-sw,4767235,77,ms,firefox,,1768602742,2023-10-03 19:16:08,2014.7111424999605,0796999d9b72ad5cfc30a67ebcc97d7ae265317b,1310544,,,,,,,,,,,,,,,,,,,,,,,,,,,,,,,,,,,,,,,,,,,,,,,,,,,,,,,,,,,,,TN,TN
autoland,4768071,12,69b95d09da21c937720a8d3aaca237f47b683aa9,linux1804-64-shippable-qr,True,False,,,102210fe594ee9b33d82058545b1ed14f4c8206e,browser-toolbox.connect.DAMP,damp,True,damp browser-toolbox.connect.DAMP opt e10s fission stylo webrender-sw,4767235,77,ms,firefox,,1768603920,2023-10-03 19:17:04,1954.227623499988,7fc3469f63637f3a920729a2a1a6e306bb193d5f,1310547,,,,,,,,,,,,,,,,,,,,,,,,,,,,,,,,,,,,,,,,,,,,,,,,,,,,,,,,,,,,,TN,TN
autoland,4768071,12,69b95d09da21c937720a8d3aaca237f47b683aa9,linux1804-64-shippable-qr,True,False,,,102210fe594ee9b33d82058545b1ed14f4c8206e,browser-toolbox.connect.DAMP,damp,True,damp browser-toolbox.connect.DAMP opt e10s fission stylo webrender-sw,4767235,77,ms,firefox,,1768501696,2023-10-03 19:59:10,1995.5449649999791,f720029066dd209fb48abe0a3f90892f2f483c97,1310575,,,,,,,,,,,,,,,,,,,,,,,,,,,,,,,,,,,,,,,,,,,,,,,,,,,,,,,,,,,,,TN,TN
autoland,4768071,12,69b95d09da21c937720a8d3aaca237f47b683aa9,linux1804-64-shippable-qr,True,False,,,102210fe594ee9b33d82058545b1ed14f4c8206e,browser-toolbox.connect.DAMP,damp,True,damp browser-toolbox.connect.DAMP opt e10s fission stylo webrender-sw,4767235,77,ms,firefox,,1768522128,2023-10-03 20:06:25,2015.2754790000035,18d3cb02d50516cc11316e9ab683b56583254daf,1310577,,,,,,,,,,,,,,,,,,,,,,,,,,,,,,,,,,,,,,,,,,,,,,,,,,,,,,,,,,,,,TN,TN
autoland,4768071,12,69b95d09da21c937720a8d3aaca237f47b683aa9,linux1804-64-shippable-qr,True,False,,,102210fe594ee9b33d82058545b1ed14f4c8206e,browser-toolbox.connect.DAMP,damp,True,damp browser-toolbox.connect.DAMP opt e10s fission stylo webrender-sw,4767235,77,ms,firefox,,1768518006,2023-10-03 20:09:10,1964.175626500015,78bcc342f49c13a691968ee300240d3a013d6caa,1310578,,,,,,,,,,,,,,,,,,,,,,,,,,,,,,,,,,,,,,,,,,,,,,,,,,,,,,,,,,,,,TN,TN
autoland,4768071,12,69b95d09da21c937720a8d3aaca237f47b683aa9,linux1804-64-shippable-qr,True,False,,,102210fe594ee9b33d82058545b1ed14f4c8206e,browser-toolbox.connect.DAMP,damp,True,damp browser-toolbox.connect.DAMP opt e10s fission stylo webrender-sw,4767235,77,ms,firefox,,1768469442,2023-10-03 20:10:13,1994.185192999983,b2fb3e957b331854b7bfb8c0d5243d542bee804d,1310580,,,,,,,,,,,,,,,,,,,,,,,,,,,,,,,,,,,,,,,,,,,,,,,,,,,,,,,,,,,,,TN,TN
autoland,4768071,12,69b95d09da21c937720a8d3aaca237f47b683aa9,linux1804-64-shippable-qr,True,False,,,102210fe594ee9b33d82058545b1ed14f4c8206e,browser-toolbox.connect.DAMP,damp,True,damp browser-toolbox.connect.DAMP opt e10s fission stylo webrender-sw,4767235,77,ms,firefox,,1768604352,2023-10-03 20:24:58,1962.243506999992,fdb6ed9586616bd13a14c042a252fc9be7b68bd4,1310583,,,,,,,,,,,,,,,,,,,,,,,,,,,,,,,,,,,,,,,,,,,,,,,,,,,,,,,,,,,,,TN,TN
autoland,4768071,12,69b95d09da21c937720a8d3aaca237f47b683aa9,linux1804-64-shippable-qr,True,False,,,102210fe594ee9b33d82058545b1ed14f4c8206e,browser-toolbox.connect.DAMP,damp,True,damp browser-toolbox.connect.DAMP opt e10s fission stylo webrender-sw,4767235,77,ms,firefox,,1767086555,2023-10-03 20:26:11,1951.151327499996,422c0919f37048afb02dc4d87dfc018baa718a5b,1310584,,,,,,,,,,,,,,,,,,,,,,,,,,,,,,,,,,,,,,,,,,,,,,,,,,,,,,,,,,,,,TN,TN
autoland,4768071,12,69b95d09da21c937720a8d3aaca237f47b683aa9,linux1804-64-shippable-qr,True,False,,,102210fe594ee9b33d82058545b1ed14f4c8206e,browser-toolbox.connect.DAMP,damp,True,damp browser-toolbox.connect.DAMP opt e10s fission stylo webrender-sw,4767235,77,ms,firefox,,1768552184,2023-10-03 22:55:45,1964.7687704999696,4a0bbb6d1f6a24fa45c636ebf9183322d10cbb32,1310666,,,,,,,,,,,,,,,,,,,,,,,,,,,,,,,,,,,,,,,,,,,,,,,,,,,,,,,,,,,,,TN,TN
autoland,4768071,12,69b95d09da21c937720a8d3aaca237f47b683aa9,linux1804-64-shippable-qr,True,False,,,102210fe594ee9b33d82058545b1ed14f4c8206e,browser-toolbox.connect.DAMP,damp,True,damp browser-toolbox.connect.DAMP opt e10s fission stylo webrender-sw,4767235,77,ms,firefox,,1768552975,2023-10-03 22:57:02,1971.0770630000045,72e7e4417cc912bd4c3fecefa3a2b3b5821c1469,1310668,,,,,,,,,,,,,,,,,,,,,,,,,,,,,,,,,,,,,,,,,,,,,,,,,,,,,,,,,,,,,TN,TN
autoland,4768071,12,69b95d09da21c937720a8d3aaca237f47b683aa9,linux1804-64-shippable-qr,True,False,,,102210fe594ee9b33d82058545b1ed14f4c8206e,browser-toolbox.connect.DAMP,damp,True,damp browser-toolbox.connect.DAMP opt e10s fission stylo webrender-sw,4767235,77,ms,firefox,,1768554206,2023-10-03 22:57:52,2047.0624899999968,c0dc2122de8ea5655b1f16e11316efcfa8cf7855,1310669,,,,,,,,,,,,,,,,,,,,,,,,,,,,,,,,,,,,,,,,,,,,,,,,,,,,,,,,,,,,,TN,TN
autoland,4768071,12,69b95d09da21c937720a8d3aaca237f47b683aa9,linux1804-64-shippable-qr,True,False,,,102210fe594ee9b33d82058545b1ed14f4c8206e,browser-toolbox.connect.DAMP,damp,True,damp browser-toolbox.connect.DAMP opt e10s fission stylo webrender-sw,4767235,77,ms,firefox,,1768552517,2023-10-03 22:58:48,2000.9501894999996,9447747637202157f8b7e5cddbcf492ff76ffd55,1310670,,,,,,,,,,,,,,,,,,,,,,,,,,,,,,,,,,,,,,,,,,,,,,,,,,,,,,,,,,,,,TN,TN
autoland,4768071,12,69b95d09da21c937720a8d3aaca237f47b683aa9,linux1804-64-shippable-qr,True,False,,,102210fe594ee9b33d82058545b1ed14f4c8206e,browser-toolbox.connect.DAMP,damp,True,damp browser-toolbox.connect.DAMP opt e10s fission stylo webrender-sw,4767235,77,ms,firefox,,1768553074,2023-10-03 23:41:28,1995.4220314999984,a7b43c5005ce200bf3f92e037bb4d51e64b1138c,1310686,,,,,,,,,,,,,,,,,,,,,,,,,,,,,,,,,,,,,,,,,,,,,,,,,,,,,,,,,,,,,TN,TN
autoland,4768071,12,69b95d09da21c937720a8d3aaca237f47b683aa9,linux1804-64-shippable-qr,True,False,,,102210fe594ee9b33d82058545b1ed14f4c8206e,browser-toolbox.connect.DAMP,damp,True,damp browser-toolbox.connect.DAMP opt e10s fission stylo webrender-sw,4767235,77,ms,firefox,,1768552656,2023-10-03 23:43:44,2008.4711534999808,f531e2c7fd23d67704884d90ff632857cc4368cf,1310687,,,,,,,,,,,,,,,,,,,,,,,,,,,,,,,,,,,,,,,,,,,,,,,,,,,,,,,,,,,,,TN,TN
autoland,4768071,12,69b95d09da21c937720a8d3aaca237f47b683aa9,linux1804-64-shippable-qr,True,False,,,102210fe594ee9b33d82058545b1ed14f4c8206e,browser-toolbox.connect.DAMP,damp,True,damp browser-toolbox.connect.DAMP opt e10s fission stylo webrender-sw,4767235,77,ms,firefox,,1768553164,2023-10-03 23:50:03,1965.293279999998,65da50253a19b9adc6a900d4b221bda30156b885,1310693,,,,,,,,,,,,,,,,,,,,,,,,,,,,,,,,,,,,,,,,,,,,,,,,,,,,,,,,,,,,,TN,TN
autoland,4768071,12,69b95d09da21c937720a8d3aaca237f47b683aa9,linux1804-64-shippable-qr,True,False,,,102210fe594ee9b33d82058545b1ed14f4c8206e,browser-toolbox.connect.DAMP,damp,True,damp browser-toolbox.connect.DAMP opt e10s fission stylo webrender-sw,4767235,77,ms,firefox,,1768554013,2023-10-03 23:51:33,1974.0789894999837,d8a68b5a66872ef580ebe24332f59378cb0f825c,1310694,,,,,,,,,,,,,,,,,,,,,,,,,,,,,,,,,,,,,,,,,,,,,,,,,,,,,,,,,,,,,TN,TN
autoland,4768071,12,69b95d09da21c937720a8d3aaca237f47b683aa9,linux1804-64-shippable-qr,True,False,,,102210fe594ee9b33d82058545b1ed14f4c8206e,browser-toolbox.connect.DAMP,damp,True,damp browser-toolbox.connect.DAMP opt e10s fission stylo webrender-sw,4767235,77,ms,firefox,,1768554286,2023-10-03 23:52:38,1991.554256499949,524d597c74b1e243b9d0abba587c7f45d9aeadba,1310695,,,,,,,,,,,,,,,,,,,,,,,,,,,,,,,,,,,,,,,,,,,,,,,,,,,,,,,,,,,,,TN,TN
autoland,4768071,12,69b95d09da21c937720a8d3aaca237f47b683aa9,linux1804-64-shippable-qr,True,False,,,102210fe594ee9b33d82058545b1ed14f4c8206e,browser-toolbox.connect.DAMP,damp,True,damp browser-toolbox.connect.DAMP opt e10s fission stylo webrender-sw,4767235,77,ms,firefox,,1767150565,2023-10-04 00:09:44,1961.6732590000029,3fb508020251d2cb191f2d62714da25ec3f35118,1310704,,,,,,,,,,,,,,,,,,,,,,,,,,,,,,,,,,,,,,,,,,,,,,,,,,,,,,,,,,,,,TN,TN
autoland,4768071,12,69b95d09da21c937720a8d3aaca237f47b683aa9,linux1804-64-shippable-qr,True,False,,,102210fe594ee9b33d82058545b1ed14f4c8206e,browser-toolbox.connect.DAMP,damp,True,damp browser-toolbox.connect.DAMP opt e10s fission stylo webrender-sw,4767235,77,ms,firefox,,1767337030,2023-10-04 04:52:48,1982.2780634999945,413c83e8ccdad48a5ea3e58243d8ec9bb8c317fd,1310758,,,,,,,,,,,,,,,,,,,,,,,,,,,,,,,,,,,,,,,,,,,,,,,,,,,,,,,,,,,,,TN,TN
autoland,4768071,12,69b95d09da21c937720a8d3aaca237f47b683aa9,linux1804-64-shippable-qr,True,False,,,102210fe594ee9b33d82058545b1ed14f4c8206e,browser-toolbox.connect.DAMP,damp,True,damp browser-toolbox.connect.DAMP opt e10s fission stylo webrender-sw,4767235,77,ms,firefox,,1767415346,2023-10-04 07:37:17,1956.181244499996,ee60a98b1285e84f8466d929dd7197b4cb9e3beb,1310806,,,,,,,,,,,,,,,,,,,,,,,,,,,,,,,,,,,,,,,,,,,,,,,,,,,,,,,,,,,,,TN,TN
autoland,4768071,12,69b95d09da21c937720a8d3aaca237f47b683aa9,linux1804-64-shippable-qr,True,False,,,102210fe594ee9b33d82058545b1ed14f4c8206e,browser-toolbox.connect.DAMP,damp,True,damp browser-toolbox.connect.DAMP opt e10s fission stylo webrender-sw,4767235,77,ms,firefox,,1767581774,2023-10-04 11:43:59,1957.3065729999944,c559095402a2380ba171d9c60662e36c8d5e948d,1310929,,,,,,,,,,,,,,,,,,,,,,,,,,,,,,,,,,,,,,,,,,,,,,,,,,,,,,,,,,,,,TN,TN
autoland,4768071,12,69b95d09da21c937720a8d3aaca237f47b683aa9,linux1804-64-shippable-qr,True,False,,,102210fe594ee9b33d82058545b1ed14f4c8206e,browser-toolbox.connect.DAMP,damp,True,damp browser-toolbox.connect.DAMP opt e10s fission stylo webrender-sw,4767235,77,ms,firefox,,1767684063,2023-10-04 13:35:26,2043.696004500016,764533656770292f05824c8125c45832ba08baa6,1311025,,,,,,,,,,,,,,,,,,,,,,,,,,,,,,,,,,,,,,,,,,,,,,,,,,,,,,,,,,,,,TN,TN
autoland,4768071,12,69b95d09da21c937720a8d3aaca237f47b683aa9,linux1804-64-shippable-qr,True,False,,,102210fe594ee9b33d82058545b1ed14f4c8206e,browser-toolbox.connect.DAMP,damp,True,damp browser-toolbox.connect.DAMP opt e10s fission stylo webrender-sw,4767235,77,ms,firefox,,1767747305,2023-10-04 16:58:39,1969.187624500002,ce4c0f200f3bbd6681a6313aebf0d64f7ea8afe5,1311191,,,,,,,,,,,,,,,,,,,,,,,,,,,,,,,,,,,,,,,,,,,,,,,,,,,,,,,,,,,,,TN,TN
autoland,4768071,12,69b95d09da21c937720a8d3aaca237f47b683aa9,linux1804-64-shippable-qr,True,False,,,102210fe594ee9b33d82058545b1ed14f4c8206e,browser-toolbox.connect.DAMP,damp,True,damp browser-toolbox.connect.DAMP opt e10s fission stylo webrender-sw,4767235,77,ms,firefox,,1767892467,2023-10-04 20:54:48,2024.1042599999928,e557eb7d97ce665fd81c680ed136877f12572c13,1311395,,,,,,,,,,,,,,,,,,,,,,,,,,,,,,,,,,,,,,,,,,,,,,,,,,,,,,,,,,,,,TN,TN
autoland,4768071,12,69b95d09da21c937720a8d3aaca237f47b683aa9,linux1804-64-shippable-qr,True,False,,,102210fe594ee9b33d82058545b1ed14f4c8206e,browser-toolbox.connect.DAMP,damp,True,damp browser-toolbox.connect.DAMP opt e10s fission stylo webrender-sw,4767235,77,ms,firefox,,1768002818,2023-10-05 00:01:56,2001.965186500005,59f4df7189285072039d3a68afd88090443edb71,1311536,,,,,,,,,,,,,,,,,,,,,,,,,,,,,,,,,,,,,,,,,,,,,,,,,,,,,,,,,,,,,TN,TN
autoland,4768071,12,69b95d09da21c937720a8d3aaca237f47b683aa9,linux1804-64-shippable-qr,True,False,,,102210fe594ee9b33d82058545b1ed14f4c8206e,browser-toolbox.connect.DAMP,damp,True,damp browser-toolbox.connect.DAMP opt e10s fission stylo webrender-sw,4767235,77,ms,firefox,,1768102522,2023-10-05 04:15:14,1966.7784679999893,c406ccc1889d7f77e187d219bc9800009e26c02e,1311596,,,,,,,,,,,,,,,,,,,,,,,,,,,,,,,,,,,,,,,,,,,,,,,,,,,,,,,,,,,,,TN,TN
autoland,4768071,12,69b95d09da21c937720a8d3aaca237f47b683aa9,linux1804-64-shippable-qr,True,False,,,102210fe594ee9b33d82058545b1ed14f4c8206e,browser-toolbox.connect.DAMP,damp,True,damp browser-toolbox.connect.DAMP opt e10s fission stylo webrender-sw,4767235,77,ms,firefox,,1768248683,2023-10-05 08:15:44,1675.0850995000071,526604ee2cd434fcf94020c1c8b6b96d253a6e83,1311663,,,,,,,,,,,,,,,,,,,,,,,,,,,,,,,,,,,,,,,,,,,,,,,,,,,,,,,,,,,,,TN,TN
autoland,4768071,12,69b95d09da21c937720a8d3aaca237f47b683aa9,linux1804-64-shippable-qr,True,False,,,102210fe594ee9b33d82058545b1ed14f4c8206e,browser-toolbox.connect.DAMP,damp,True,damp browser-toolbox.connect.DAMP opt e10s fission stylo webrender-sw,4767235,77,ms,firefox,,1768184013,2023-10-05 08:43:24,1975.9912079999704,352fa7471fb72db127fc25a7723d201abec7bd50,1311677,,,,,,,,,,,,,,,,,,,,,,,,,,,,,,,,,,,,,,,,,,,,,,,,,,,,,,,,,,,,,TN,TN
autoland,4768071,12,69b95d09da21c937720a8d3aaca237f47b683aa9,linux1804-64-shippable-qr,True,False,,,102210fe594ee9b33d82058545b1ed14f4c8206e,browser-toolbox.connect.DAMP,damp,True,damp browser-toolbox.connect.DAMP opt e10s fission stylo webrender-sw,4767235,77,ms,firefox,,1769889648,2023-10-05 12:03:30,1986.9561885000005,6428a900f4607638a82949150f3333980e6dcf15,1311780,,,,,,,,,,,,,,,,,,,,,,,,,,,,,,,,,,,,,,,,,,,,,,,,,,,,,,,,,,,,,TN,TN
autoland,4768071,12,69b95d09da21c937720a8d3aaca237f47b683aa9,linux1804-64-shippable-qr,True,False,,,102210fe594ee9b33d82058545b1ed14f4c8206e,browser-toolbox.connect.DAMP,damp,True,damp browser-toolbox.connect.DAMP opt e10s fission stylo webrender-sw,4767235,77,ms,firefox,,1769889425,2023-10-05 12:09:13,1719.020139500004,177823430f64482084c9ecbcac5628fa04e9ced2,1311782,,,,,,,,,,,,,,,,,,,,,,,,,,,,,,,,,,,,,,,,,,,,,,,,,,,,,,,,,,,,,TN,TN
autoland,4768071,12,69b95d09da21c937720a8d3aaca237f47b683aa9,linux1804-64-shippable-qr,True,False,,,102210fe594ee9b33d82058545b1ed14f4c8206e,browser-toolbox.connect.DAMP,damp,True,damp browser-toolbox.connect.DAMP opt e10s fission stylo webrender-sw,4767235,77,ms,firefox,,1769890088,2023-10-05 12:15:27,2031.9178489999904,44f42f05ad2785643d5f80019ea626e0779858b4,1311788,,,,,,,,,,,,,,,,,,,,,,,,,,,,,,,,,,,,,,,,,,,,,,,,,,,,,,,,,,,,,TN,TN
autoland,4768071,12,69b95d09da21c937720a8d3aaca237f47b683aa9,linux1804-64-shippable-qr,True,False,,,102210fe594ee9b33d82058545b1ed14f4c8206e,browser-toolbox.connect.DAMP,damp,True,damp browser-toolbox.connect.DAMP opt e10s fission stylo webrender-sw,4767235,77,ms,firefox,,1769889703,2023-10-05 12:25:10,2013.1742115000088,5dda55a8c745ca3461b9b3ee74d3795fca928fc6,1311795,,,,,,,,,,,,,,,,,,,,,,,,,,,,,,,,,,,,,,,,,,,,,,,,,,,,,,,,,,,,,TN,TN
autoland,4768071,12,69b95d09da21c937720a8d3aaca237f47b683aa9,linux1804-64-shippable-qr,True,False,,,102210fe594ee9b33d82058545b1ed14f4c8206e,browser-toolbox.connect.DAMP,damp,True,damp browser-toolbox.connect.DAMP opt e10s fission stylo webrender-sw,4767235,77,ms,firefox,,1769889923,2023-10-05 12:25:10,1971.913841000016,5dda55a8c745ca3461b9b3ee74d3795fca928fc6,1311795,,,,,,,,,,,,,,,,,,,,,,,,,,,,,,,,,,,,,,,,,,,,,,,,,,,,,,,,,,,,,TN,TN
autoland,4768071,12,69b95d09da21c937720a8d3aaca237f47b683aa9,linux1804-64-shippable-qr,True,False,,,102210fe594ee9b33d82058545b1ed14f4c8206e,browser-toolbox.connect.DAMP,damp,True,damp browser-toolbox.connect.DAMP opt e10s fission stylo webrender-sw,4767235,77,ms,firefox,,1769889537,2023-10-05 12:31:54,1972.5743820000207,11b3d438788a84aecc7e53efdda19bb0814e13be,1311804,,,,,,,,,,,,,,,,,,,,,,,,,,,,,,,,,,,,,,,,,,,,,,,,,,,,,,,,,,,,,TN,TN
autoland,4768071,12,69b95d09da21c937720a8d3aaca237f47b683aa9,linux1804-64-shippable-qr,True,False,,,102210fe594ee9b33d82058545b1ed14f4c8206e,browser-toolbox.connect.DAMP,damp,True,damp browser-toolbox.connect.DAMP opt e10s fission stylo webrender-sw,4767235,77,ms,firefox,,1769889758,2023-10-05 12:31:54,1965.9655934999755,11b3d438788a84aecc7e53efdda19bb0814e13be,1311804,,,,,,,,,,,,,,,,,,,,,,,,,,,,,,,,,,,,,,,,,,,,,,,,,,,,,,,,,,,,,TN,TN
autoland,4768071,12,69b95d09da21c937720a8d3aaca237f47b683aa9,linux1804-64-shippable-qr,True,False,,,102210fe594ee9b33d82058545b1ed14f4c8206e,browser-toolbox.connect.DAMP,damp,True,damp browser-toolbox.connect.DAMP opt e10s fission stylo webrender-sw,4767235,77,ms,firefox,,1768375078,2023-10-05 13:03:19,2029.4730970000087,071a248f1589b12a9d492997caf012ac6a813d61,1311840,,,,,,,,,,,,,,,,,,,,,,,,,,,,,,,,,,,,,,,,,,,,,,,,,,,,,,,,,,,,,TN,TN
autoland,4768071,12,69b95d09da21c937720a8d3aaca237f47b683aa9,linux1804-64-shippable-qr,True,False,,,102210fe594ee9b33d82058545b1ed14f4c8206e,browser-toolbox.connect.DAMP,damp,True,damp browser-toolbox.connect.DAMP opt e10s fission stylo webrender-sw,4767235,77,ms,firefox,,1769889858,2023-10-05 13:10:21,1965.298261499964,7bafd2ea4079fb047d9d9df4418953c6e151505a,1311850,,,,,,,,,,,,,,,,,,,,,,,,,,,,,,,,,,,,,,,,,,,,,,,,,,,,,,,,,,,,,TN,TN
autoland,4768071,12,69b95d09da21c937720a8d3aaca237f47b683aa9,linux1804-64-shippable-qr,True,False,,,102210fe594ee9b33d82058545b1ed14f4c8206e,browser-toolbox.connect.DAMP,damp,True,damp browser-toolbox.connect.DAMP opt e10s fission stylo webrender-sw,4767235,77,ms,firefox,,1769890011,2023-10-05 13:10:21,2005.708853500022,7bafd2ea4079fb047d9d9df4418953c6e151505a,1311850,,,,,,,,,,,,,,,,,,,,,,,,,,,,,,,,,,,,,,,,,,,,,,,,,,,,,,,,,,,,,TN,TN
autoland,4768071,12,69b95d09da21c937720a8d3aaca237f47b683aa9,linux1804-64-shippable-qr,True,False,,,102210fe594ee9b33d82058545b1ed14f4c8206e,browser-toolbox.connect.DAMP,damp,True,damp browser-toolbox.connect.DAMP opt e10s fission stylo webrender-sw,4767235,77,ms,firefox,,1769890027,2023-10-05 13:54:59,1975.250415499984,6b3aa93d1a3328e3f7f5af7e7f89dfd02a55b53c,1311888,,,,,,,,,,,,,,,,,,,,,,,,,,,,,,,,,,,,,,,,,,,,,,,,,,,,,,,,,,,,,TN,TN
autoland,4768071,12,69b95d09da21c937720a8d3aaca237f47b683aa9,linux1804-64-shippable-qr,True,False,,,102210fe594ee9b33d82058545b1ed14f4c8206e,browser-toolbox.connect.DAMP,damp,True,damp browser-toolbox.connect.DAMP opt e10s fission stylo webrender-sw,4767235,77,ms,firefox,,1769889593,2023-10-05 13:54:59,1988.5640134999996,6b3aa93d1a3328e3f7f5af7e7f89dfd02a55b53c,1311888,,,,,,,,,,,,,,,,,,,,,,,,,,,,,,,,,,,,,,,,,,,,,,,,,,,,,,,,,,,,,TN,TN
autoland,4768071,12,69b95d09da21c937720a8d3aaca237f47b683aa9,linux1804-64-shippable-qr,True,False,,,102210fe594ee9b33d82058545b1ed14f4c8206e,browser-toolbox.connect.DAMP,damp,True,damp browser-toolbox.connect.DAMP opt e10s fission stylo webrender-sw,4767235,77,ms,firefox,,1769889482,2023-10-05 13:55:54,2008.8869315000195,749cdf0cc51b43a29e7f140ee17cb8b7efc8ce77,1311889,,,,,,,,,,,,,,,,,,,,,,,,,,,,,,,,,,,,,,,,,,,,,,,,,,,,,,,,,,,,,TN,TN
autoland,4768071,12,69b95d09da21c937720a8d3aaca237f47b683aa9,linux1804-64-shippable-qr,True,False,,,102210fe594ee9b33d82058545b1ed14f4c8206e,browser-toolbox.connect.DAMP,damp,True,damp browser-toolbox.connect.DAMP opt e10s fission stylo webrender-sw,4767235,77,ms,firefox,,1769889849,2023-10-05 13:55:54,1977.0645035000125,749cdf0cc51b43a29e7f140ee17cb8b7efc8ce77,1311889,,,,,,,,,,,,,,,,,,,,,,,,,,,,,,,,,,,,,,,,,,,,,,,,,,,,,,,,,,,,,TN,TN
autoland,4768071,12,69b95d09da21c937720a8d3aaca237f47b683aa9,linux1804-64-shippable-qr,True,False,,,102210fe594ee9b33d82058545b1ed14f4c8206e,browser-toolbox.connect.DAMP,damp,True,damp browser-toolbox.connect.DAMP opt e10s fission stylo webrender-sw,4767235,77,ms,firefox,,1768583405,2023-10-05 14:07:33,1968.5450359999668,38a59b940c35dfab50ff2deda3fe6f27bfa99213,1311899,,,,,,,,,,,,,,,,,,,,,,,,,,,,,,,,,,,,,,,,,,,,,,,,,,,,,,,,,,,,,TN,TN
autoland,4768071,12,69b95d09da21c937720a8d3aaca237f47b683aa9,linux1804-64-shippable-qr,True,False,,,102210fe594ee9b33d82058545b1ed14f4c8206e,browser-toolbox.connect.DAMP,damp,True,damp browser-toolbox.connect.DAMP opt e10s fission stylo webrender-sw,4767235,77,ms,firefox,,1769891357,2023-10-05 16:22:31,1964.171764000028,699059262f56f3343ff23835358a6a23369a9294,1312019,,,,,,,,,,,,,,,,,,,,,,,,,,,,,,,,,,,,,,,,,,,,,,,,,,,,,,,,,,,,,TN,TN
autoland,4768071,12,69b95d09da21c937720a8d3aaca237f47b683aa9,linux1804-64-shippable-qr,True,False,,,102210fe594ee9b33d82058545b1ed14f4c8206e,browser-toolbox.connect.DAMP,damp,True,damp browser-toolbox.connect.DAMP opt e10s fission stylo webrender-sw,4767235,77,ms,firefox,,1769891412,2023-10-05 16:22:31,1982.06569200004,699059262f56f3343ff23835358a6a23369a9294,1312019,,,,,,,,,,,,,,,,,,,,,,,,,,,,,,,,,,,,,,,,,,,,,,,,,,,,,,,,,,,,,TN,TN
autoland,4768071,12,69b95d09da21c937720a8d3aaca237f47b683aa9,linux1804-64-shippable-qr,True,False,,,102210fe594ee9b33d82058545b1ed14f4c8206e,browser-toolbox.connect.DAMP,damp,True,damp browser-toolbox.connect.DAMP opt e10s fission stylo webrender-sw,4767235,77,ms,firefox,,1769891467,2023-10-05 16:22:31,2020.124041500036,699059262f56f3343ff23835358a6a23369a9294,1312019,,,,,,,,,,,,,,,,,,,,,,,,,,,,,,,,,,,,,,,,,,,,,,,,,,,,,,,,,,,,,TN,TN
autoland,4768071,12,69b95d09da21c937720a8d3aaca237f47b683aa9,linux1804-64-shippable-qr,True,False,,,102210fe594ee9b33d82058545b1ed14f4c8206e,browser-toolbox.connect.DAMP,damp,True,damp browser-toolbox.connect.DAMP opt e10s fission stylo webrender-sw,4767235,77,ms,firefox,,1769891027,2023-10-05 16:58:05,1957.104366,8738f51f60e589cefef7131c666728cf1116a09c,1312047,,,,,,,,,,,,,,,,,,,,,,,,,,,,,,,,,,,,,,,,,,,,,,,,,,,,,,,,,,,,,TN,TN
autoland,4768071,12,69b95d09da21c937720a8d3aaca237f47b683aa9,linux1804-64-shippable-qr,True,False,,,102210fe594ee9b33d82058545b1ed14f4c8206e,browser-toolbox.connect.DAMP,damp,True,damp browser-toolbox.connect.DAMP opt e10s fission stylo webrender-sw,4767235,77,ms,firefox,,1769891632,2023-10-05 16:58:05,2047.8326664999768,8738f51f60e589cefef7131c666728cf1116a09c,1312047,,,,,,,,,,,,,,,,,,,,,,,,,,,,,,,,,,,,,,,,,,,,,,,,,,,,,,,,,,,,,TN,TN
autoland,4768071,12,69b95d09da21c937720a8d3aaca237f47b683aa9,linux1804-64-shippable-qr,True,False,,,102210fe594ee9b33d82058545b1ed14f4c8206e,browser-toolbox.connect.DAMP,damp,True,damp browser-toolbox.connect.DAMP opt e10s fission stylo webrender-sw,4767235,77,ms,firefox,,1769891302,2023-10-05 16:58:05,1960.9809649999952,8738f51f60e589cefef7131c666728cf1116a09c,1312047,,,,,,,,,,,,,,,,,,,,,,,,,,,,,,,,,,,,,,,,,,,,,,,,,,,,,,,,,,,,,TN,TN
autoland,4768071,12,69b95d09da21c937720a8d3aaca237f47b683aa9,linux1804-64-shippable-qr,True,False,,,102210fe594ee9b33d82058545b1ed14f4c8206e,browser-toolbox.connect.DAMP,damp,True,damp browser-toolbox.connect.DAMP opt e10s fission stylo webrender-sw,4767235,77,ms,firefox,,1769890751,2023-10-05 17:04:12,1981.0821069999947,f18a71905df15ceb4d77b3a01d2f8e84e78bdb39,1312053,,,,,,,,,,,,,,,,,,,,,,,,,,,,,,,,,,,,,,,,,,,,,,,,,,,,,,,,,,,,,TN,TN
autoland,4768071,12,69b95d09da21c937720a8d3aaca237f47b683aa9,linux1804-64-shippable-qr,True,False,,,102210fe594ee9b33d82058545b1ed14f4c8206e,browser-toolbox.connect.DAMP,damp,True,damp browser-toolbox.connect.DAMP opt e10s fission stylo webrender-sw,4767235,77,ms,firefox,,1769891192,2023-10-05 17:04:12,1960.6312124999824,f18a71905df15ceb4d77b3a01d2f8e84e78bdb39,1312053,,,,,,,,,,,,,,,,,,,,,,,,,,,,,,,,,,,,,,,,,,,,,,,,,,,,,,,,,,,,,TN,TN
autoland,4768071,12,69b95d09da21c937720a8d3aaca237f47b683aa9,linux1804-64-shippable-qr,True,False,,,102210fe594ee9b33d82058545b1ed14f4c8206e,browser-toolbox.connect.DAMP,damp,True,damp browser-toolbox.connect.DAMP opt e10s fission stylo webrender-sw,4767235,77,ms,firefox,,1769891522,2023-10-05 17:05:03,1960.1721144999683,2a02556a26b74219019db477e7748d9d17345c8c,1312054,,,,,,,,,,,,,,,,,,,,,,,,,,,,,,,,,,,,,,,,,,,,,,,,,,,,,,,,,,,,,TN,TN
autoland,4768071,12,69b95d09da21c937720a8d3aaca237f47b683aa9,linux1804-64-shippable-qr,True,False,,,102210fe594ee9b33d82058545b1ed14f4c8206e,browser-toolbox.connect.DAMP,damp,True,damp browser-toolbox.connect.DAMP opt e10s fission stylo webrender-sw,4767235,77,ms,firefox,,1769891577,2023-10-05 17:05:03,2005.4463870000327,2a02556a26b74219019db477e7748d9d17345c8c,1312054,,,,,,,,,,,,,,,,,,,,,,,,,,,,,,,,,,,,,,,,,,,,,,,,,,,,,,,,,,,,,TN,TN
autoland,4768071,12,69b95d09da21c937720a8d3aaca237f47b683aa9,linux1804-64-shippable-qr,True,False,,,102210fe594ee9b33d82058545b1ed14f4c8206e,browser-toolbox.connect.DAMP,damp,True,damp browser-toolbox.connect.DAMP opt e10s fission stylo webrender-sw,4767235,77,ms,firefox,,1768674600,2023-10-05 17:18:24,1979.969513499993,def7651a06fb17bb344eaf48cc6daa6047be722e,1312069,,,,,,,,,,,,,,,,,,,,,,,,,,,,,,,,,,,,,,,,,,,,,,,,,,,,,,,,,,,,,TN,TN
autoland,4768071,12,69b95d09da21c937720a8d3aaca237f47b683aa9,linux1804-64-shippable-qr,True,False,,,102210fe594ee9b33d82058545b1ed14f4c8206e,browser-toolbox.connect.DAMP,damp,True,damp browser-toolbox.connect.DAMP opt e10s fission stylo webrender-sw,4767235,77,ms,firefox,,1769890972,2023-10-05 18:00:51,1976.1524985000144,6495589271d55cf419d87e899a68e5d44819b478,1312098,,,,,,,,,,,,,,,,,,,,,,,,,,,,,,,,,,,,,,,,,,,,,,,,,,,,,,,,,,,,,TN,TN
autoland,4768071,12,69b95d09da21c937720a8d3aaca237f47b683aa9,linux1804-64-shippable-qr,True,False,,,102210fe594ee9b33d82058545b1ed14f4c8206e,browser-toolbox.connect.DAMP,damp,True,damp browser-toolbox.connect.DAMP opt e10s fission stylo webrender-sw,4767235,77,ms,firefox,,1769890530,2023-10-05 18:58:57,1971.913700500016,4bc877dc553592d5bb47b91a072229d8b9e002b1,1312127,,,,,,,,,,,,,,,,,,,,,,,,,,,,,,,,,,,,,,,,,,,,,,,,,,,,,,,,,,,,,TN,TN
autoland,4768071,12,69b95d09da21c937720a8d3aaca237f47b683aa9,linux1804-64-shippable-qr,True,False,,,102210fe594ee9b33d82058545b1ed14f4c8206e,browser-toolbox.connect.DAMP,damp,True,damp browser-toolbox.connect.DAMP opt e10s fission stylo webrender-sw,4767235,77,ms,firefox,,1769890640,2023-10-05 19:30:24,2016.2859549999996,6d9a378efcee8715e59a32d21a70a64adfca6313,1312146,,,,,,,,,,,,,,,,,,,,,,,,,,,,,,,,,,,,,,,,,,,,,,,,,,,,,,,,,,,,,TN,TN
autoland,4768071,12,69b95d09da21c937720a8d3aaca237f47b683aa9,linux1804-64-shippable-qr,True,False,,,102210fe594ee9b33d82058545b1ed14f4c8206e,browser-toolbox.connect.DAMP,damp,True,damp browser-toolbox.connect.DAMP opt e10s fission stylo webrender-sw,4767235,77,ms,firefox,,1769890917,2023-10-05 19:42:47,2024.609207500005,5873383c36e2b661fe5df1eb25a0580357cb6a95,1312150,,,,,,,,,,,,,,,,,,,,,,,,,,,,,,,,,,,,,,,,,,,,,,,,,,,,,,,,,,,,,TN,TN
autoland,4768071,12,69b95d09da21c937720a8d3aaca237f47b683aa9,linux1804-64-shippable-qr,True,False,,,102210fe594ee9b33d82058545b1ed14f4c8206e,browser-toolbox.connect.DAMP,damp,True,damp browser-toolbox.connect.DAMP opt e10s fission stylo webrender-sw,4767235,77,ms,firefox,,1769891137,2023-10-05 19:43:41,2002.8674585000265,5363cafbdf09c32ea5e7282997adba7595a3bf41,1312152,,,,,,,,,,,,,,,,,,,,,,,,,,,,,,,,,,,,,,,,,,,,,,,,,,,,,,,,,,,,,TN,TN
autoland,4768071,12,69b95d09da21c937720a8d3aaca237f47b683aa9,linux1804-64-shippable-qr,True,False,,,102210fe594ee9b33d82058545b1ed14f4c8206e,browser-toolbox.connect.DAMP,damp,True,damp browser-toolbox.connect.DAMP opt e10s fission stylo webrender-sw,4767235,77,ms,firefox,,1769891082,2023-10-05 19:44:33,1982.1758070000212,d02ff457e856ce549cb031ddecf31924b54cdc2f,1312153,,,,,,,,,,,,,,,,,,,,,,,,,,,,,,,,,,,,,,,,,,,,,,,,,,,,,,,,,,,,,TN,TN
autoland,4768071,12,69b95d09da21c937720a8d3aaca237f47b683aa9,linux1804-64-shippable-qr,True,False,,,102210fe594ee9b33d82058545b1ed14f4c8206e,browser-toolbox.connect.DAMP,damp,True,damp browser-toolbox.connect.DAMP opt e10s fission stylo webrender-sw,4767235,77,ms,firefox,,1769890806,2023-10-05 19:45:32,1968.752933000018,2d1ac29c2ae797e20bcd28f62251c7aafad20dde,1312155,,,,,,,,,,,,,,,,,,,,,,,,,,,,,,,,,,,,,,,,,,,,,,,,,,,,,,,,,,,,,TN,TN
autoland,4768071,12,69b95d09da21c937720a8d3aaca237f47b683aa9,linux1804-64-shippable-qr,True,False,,,102210fe594ee9b33d82058545b1ed14f4c8206e,browser-toolbox.connect.DAMP,damp,True,damp browser-toolbox.connect.DAMP opt e10s fission stylo webrender-sw,4767235,77,ms,firefox,,1769891247,2023-10-05 19:46:28,1972.64513049995,774e05274ad5d190fce18ba18ea3f3b015d8cae6,1312156,,,,,,,,,,,,,,,,,,,,,,,,,,,,,,,,,,,,,,,,,,,,,,,,,,,,,,,,,,,,,TN,TN
autoland,4768071,12,69b95d09da21c937720a8d3aaca237f47b683aa9,linux1804-64-shippable-qr,True,False,,,102210fe594ee9b33d82058545b1ed14f4c8206e,browser-toolbox.connect.DAMP,damp,True,damp browser-toolbox.connect.DAMP opt e10s fission stylo webrender-sw,4767235,77,ms,firefox,,1769890696,2023-10-05 19:47:59,2029.8266000000003,87ac59c5c770407e0a4975e069bf0e45abb11c70,1312158,,,,,,,,,,,,,,,,,,,,,,,,,,,,,,,,,,,,,,,,,,,,,,,,,,,,,,,,,,,,,TN,TN
autoland,4768071,12,69b95d09da21c937720a8d3aaca237f47b683aa9,linux1804-64-shippable-qr,True,False,,,102210fe594ee9b33d82058545b1ed14f4c8206e,browser-toolbox.connect.DAMP,damp,True,damp browser-toolbox.connect.DAMP opt e10s fission stylo webrender-sw,4767235,77,ms,firefox,,1768792174,2023-10-05 19:49:01,2012.2760455000096,5cb270a4e6b6f0aa6cd6865b7f8daf75ad10263c,1312160,,,,,,,,,,,,,,,,,,,,,,,,,,,,,,,,,,,,,,,,,,,,,,,,,,,,,,,,,,,,,TN,TN
autoland,4768071,12,69b95d09da21c937720a8d3aaca237f47b683aa9,linux1804-64-shippable-qr,True,False,,,102210fe594ee9b33d82058545b1ed14f4c8206e,browser-toolbox.connect.DAMP,damp,True,damp browser-toolbox.connect.DAMP opt e10s fission stylo webrender-sw,4767235,77,ms,firefox,,1769890145,2023-10-05 20:25:12,1983.1588809999807,b17ad761c275800ff428a8015f9a1182f2568545,1312196,,,,,,,,,,,,,,,,,,,,,,,,,,,,,,,,,,,,,,,,,,,,,,,,,,,,,,,,,,,,,TN,TN
autoland,4768071,12,69b95d09da21c937720a8d3aaca237f47b683aa9,linux1804-64-shippable-qr,True,False,,,102210fe594ee9b33d82058545b1ed14f4c8206e,browser-toolbox.connect.DAMP,damp,True,damp browser-toolbox.connect.DAMP opt e10s fission stylo webrender-sw,4767235,77,ms,firefox,,1769890485,2023-10-05 20:40:40,1969.323738499996,d879296dff4d2dbdd0a452ae5e229afffc3b2c2c,1312203,,,,,,,,,,,,,,,,,,,,,,,,,,,,,,,,,,,,,,,,,,,,,,,,,,,,,,,,,,,,,TN,TN
autoland,4768071,12,69b95d09da21c937720a8d3aaca237f47b683aa9,linux1804-64-shippable-qr,True,False,,,102210fe594ee9b33d82058545b1ed14f4c8206e,browser-toolbox.connect.DAMP,damp,True,damp browser-toolbox.connect.DAMP opt e10s fission stylo webrender-sw,4767235,77,ms,firefox,,1769890420,2023-10-05 20:47:41,1971.894809999998,a1504c56fcf74a7f0e8508be7d411b71ee5e26f3,1312205,,,,,,,,,,,,,,,,,,,,,,,,,,,,,,,,,,,,,,,,,,,,,,,,,,,,,,,,,,,,,TN,TN
autoland,4768071,12,69b95d09da21c937720a8d3aaca237f47b683aa9,linux1804-64-shippable-qr,True,False,,,102210fe594ee9b33d82058545b1ed14f4c8206e,browser-toolbox.connect.DAMP,damp,True,damp browser-toolbox.connect.DAMP opt e10s fission stylo webrender-sw,4767235,77,ms,firefox,,1769890310,2023-10-05 21:01:02,1974.401306500018,470786da6934bc78e467199d149afd68e5bf562a,1312208,,,,,,,,,,,,,,,,,,,,,,,,,,,,,,,,,,,,,,,,,,,,,,,,,,,,,,,,,,,,,TN,TN
autoland,4768071,12,69b95d09da21c937720a8d3aaca237f47b683aa9,linux1804-64-shippable-qr,True,False,,,102210fe594ee9b33d82058545b1ed14f4c8206e,browser-toolbox.connect.DAMP,damp,True,damp browser-toolbox.connect.DAMP opt e10s fission stylo webrender-sw,4767235,77,ms,firefox,,1769890862,2023-10-05 21:50:37,2041.6618715000516,6b57dd41fa3e3f9293105e1cce4f0efefa4ee2f6,1312236,,,,,,,,,,,,,,,,,,,,,,,,,,,,,,,,,,,,,,,,,,,,,,,,,,,,,,,,,,,,,TN,TN
autoland,4768071,12,69b95d09da21c937720a8d3aaca237f47b683aa9,linux1804-64-shippable-qr,True,False,,,102210fe594ee9b33d82058545b1ed14f4c8206e,browser-toolbox.connect.DAMP,damp,True,damp browser-toolbox.connect.DAMP opt e10s fission stylo webrender-sw,4767235,77,ms,firefox,,1769890200,2023-10-05 22:25:29,1975.016826999956,11d33904bf9458ffc771c1659ef397b80fb15afe,1312251,,,,,,,,,,,,,,,,,,,,,,,,,,,,,,,,,,,,,,,,,,,,,,,,,,,,,,,,,,,,,TN,TN
autoland,4768071,12,69b95d09da21c937720a8d3aaca237f47b683aa9,linux1804-64-shippable-qr,True,False,,,102210fe594ee9b33d82058545b1ed14f4c8206e,browser-toolbox.connect.DAMP,damp,True,damp browser-toolbox.connect.DAMP opt e10s fission stylo webrender-sw,4767235,77,ms,firefox,,1769890365,2023-10-05 23:16:18,1960.589279500011,b6c4f2d8697163c136c87815bccfdc449df4eebe,1312274,,,,,,,,,,,,,,,,,,,,,,,,,,,,,,,,,,,,,,,,,,,,,,,,,,,,,,,,,,,,,TN,TN
autoland,4768071,12,69b95d09da21c937720a8d3aaca237f47b683aa9,linux1804-64-shippable-qr,True,False,,,102210fe594ee9b33d82058545b1ed14f4c8206e,browser-toolbox.connect.DAMP,damp,True,damp browser-toolbox.connect.DAMP opt e10s fission stylo webrender-sw,4767235,77,ms,firefox,,1769890255,2023-10-05 23:32:19,1978.0557709999996,9b4780f147d21254a32a9c49c5729f60d334b863,1312282,,,,,,,,,,,,,,,,,,,,,,,,,,,,,,,,,,,,,,,,,,,,,,,,,,,,,,,,,,,,,TN,TN
autoland,4768071,12,69b95d09da21c937720a8d3aaca237f47b683aa9,linux1804-64-shippable-qr,True,False,,,102210fe594ee9b33d82058545b1ed14f4c8206e,browser-toolbox.connect.DAMP,damp,True,damp browser-toolbox.connect.DAMP opt e10s fission stylo webrender-sw,4767235,77,ms,firefox,,1769890585,2023-10-05 23:40:54,1955.1359884999688,54e0ec2f1ca453575bbc7895bba5138e054f634b,1312286,,,,,,,,,,,,,,,,,,,,,,,,,,,,,,,,,,,,,,,,,,,,,,,,,,,,,,,,,,,,,TN,TN
autoland,4768071,12,69b95d09da21c937720a8d3aaca237f47b683aa9,linux1804-64-shippable-qr,True,False,,,102210fe594ee9b33d82058545b1ed14f4c8206e,browser-toolbox.connect.DAMP,damp,True,damp browser-toolbox.connect.DAMP opt e10s fission stylo webrender-sw,4767235,77,ms,firefox,,1768929041,2023-10-06 01:08:36,1962.4611829999997,461a9c98a535b9896e9d394bdfee72ce90cf7afd,1312319,,,,,,,,,,,,,,,,,,,,,,,,,,,,,,,,,,,,,,,,,,,,,,,,,,,,,,,,,,,,,TN,TN
autoland,4768071,12,69b95d09da21c937720a8d3aaca237f47b683aa9,linux1804-64-shippable-qr,True,False,,,102210fe594ee9b33d82058545b1ed14f4c8206e,browser-toolbox.connect.DAMP,damp,True,damp browser-toolbox.connect.DAMP opt e10s fission stylo webrender-sw,4767235,77,ms,firefox,,1768982954,2023-10-06 04:02:35,1994.934798000002,055e1badb79853e71fe9123f8e0c60a4381a1239,1312369,,,,,,,,,,,,,,,,,,,,,,,,,,,,,,,,,,,,,,,,,,,,,,,,,,,,,,,,,,,,,TN,TN
autoland,4768071,12,69b95d09da21c937720a8d3aaca237f47b683aa9,linux1804-64-shippable-qr,True,False,,,102210fe594ee9b33d82058545b1ed14f4c8206e,browser-toolbox.connect.DAMP,damp,True,damp browser-toolbox.connect.DAMP opt e10s fission stylo webrender-sw,4767235,77,ms,firefox,,1769171564,2023-10-06 08:43:18,2030.6007644999768,00b027478170756439b780282f9cfdf15edea985,1312452,,,,,,,,,,,,,,,,,,,,,,,,,,,,,,,,,,,,,,,,,,,,,,,,,,,,,,,,,,,,,TN,TN
autoland,4768071,12,69b95d09da21c937720a8d3aaca237f47b683aa9,linux1804-64-shippable-qr,True,False,,,102210fe594ee9b33d82058545b1ed14f4c8206e,browser-toolbox.connect.DAMP,damp,True,damp browser-toolbox.connect.DAMP opt e10s fission stylo webrender-sw,4767235,77,ms,firefox,,1769234807,2023-10-06 12:06:22,2023.599546000012,9b362770f30bc360df921ba24ace5de8c387e631,1312537,,,,,,,,,,,,,,,,,,,,,,,,,,,,,,,,,,,,,,,,,,,,,,,,,,,,,,,,,,,,,TN,TN
autoland,4768071,12,69b95d09da21c937720a8d3aaca237f47b683aa9,linux1804-64-shippable-qr,True,False,,,102210fe594ee9b33d82058545b1ed14f4c8206e,browser-toolbox.connect.DAMP,damp,True,damp browser-toolbox.connect.DAMP opt e10s fission stylo webrender-sw,4767235,77,ms,firefox,,1769523722,2023-10-06 19:00:40,1992.661347499983,c561ffa6099b97fd965811d77fd98de66c44d32b,1312844,,,,,,,,,,,,,,,,,,,,,,,,,,,,,,,,,,,,,,,,,,,,,,,,,,,,,,,,,,,,,TN,TN
autoland,4768071,12,69b95d09da21c937720a8d3aaca237f47b683aa9,linux1804-64-shippable-qr,True,False,,,102210fe594ee9b33d82058545b1ed14f4c8206e,browser-toolbox.connect.DAMP,damp,True,damp browser-toolbox.connect.DAMP opt e10s fission stylo webrender-sw,4767235,77,ms,firefox,,1769560949,2023-10-06 23:09:23,1949.8219650000028,1d25ed23e85a3a9d0d9117997337757d0ff718a2,1312997,,,,,,,,,,,,,,,,,,,,,,,,,,,,,,,,,,,,,,,,,,,,,,,,,,,,,,,,,,,,,TN,TN
autoland,4768071,12,69b95d09da21c937720a8d3aaca237f47b683aa9,linux1804-64-shippable-qr,True,False,,,102210fe594ee9b33d82058545b1ed14f4c8206e,browser-toolbox.connect.DAMP,damp,True,damp browser-toolbox.connect.DAMP opt e10s fission stylo webrender-sw,4767235,77,ms,firefox,,1769603038,2023-10-07 03:35:30,2034.7426879999691,4db29be9ee2947a3d67a996fefc3ff1cb94a6fcc,1313062,,,,,,,,,,,,,,,,,,,,,,,,,,,,,,,,,,,,,,,,,,,,,,,,,,,,,,,,,,,,,TN,TN
autoland,4768071,12,69b95d09da21c937720a8d3aaca237f47b683aa9,linux1804-64-shippable-qr,True,False,,,102210fe594ee9b33d82058545b1ed14f4c8206e,browser-toolbox.connect.DAMP,damp,True,damp browser-toolbox.connect.DAMP opt e10s fission stylo webrender-sw,4767235,77,ms,firefox,,1769653829,2023-10-07 06:02:53,1946.5766899999871,c4c56469518a5ccc9349ed7d29a0d56eba776df6,1313071,,,,,,,,,,,,,,,,,,,,,,,,,,,,,,,,,,,,,,,,,,,,,,,,,,,,,,,,,,,,,TN,TN
autoland,4768071,12,69b95d09da21c937720a8d3aaca237f47b683aa9,linux1804-64-shippable-qr,True,False,,,102210fe594ee9b33d82058545b1ed14f4c8206e,browser-toolbox.connect.DAMP,damp,True,damp browser-toolbox.connect.DAMP opt e10s fission stylo webrender-sw,4767235,77,ms,firefox,,1769767893,2023-10-07 13:52:35,1973.3195470000285,ef73c2e8cd831f2a46ff5704623db63232fd912d,1313122,,,,,,,,,,,,,,,,,,,,,,,,,,,,,,,,,,,,,,,,,,,,,,,,,,,,,,,,,,,,,TN,TN
autoland,4768071,12,69b95d09da21c937720a8d3aaca237f47b683aa9,linux1804-64-shippable-qr,True,False,,,102210fe594ee9b33d82058545b1ed14f4c8206e,browser-toolbox.connect.DAMP,damp,True,damp browser-toolbox.connect.DAMP opt e10s fission stylo webrender-sw,4767235,77,ms,firefox,,1769820811,2023-10-07 18:43:49,1959.884251499985,8db232d0f8c742a85eb803c996ef87edac9d5c81,1313149,,,,,,,,,,,,,,,,,,,,,,,,,,,,,,,,,,,,,,,,,,,,,,,,,,,,,,,,,,,,,TN,TN
autoland,4768071,12,69b95d09da21c937720a8d3aaca237f47b683aa9,linux1804-64-shippable-qr,True,False,,,102210fe594ee9b33d82058545b1ed14f4c8206e,browser-toolbox.connect.DAMP,damp,True,damp browser-toolbox.connect.DAMP opt e10s fission stylo webrender-sw,4767235,77,ms,firefox,,1769887543,2023-10-07 23:15:17,2041.023599999986,fba49989dde6aa32244c622fd43abe19a32128ae,1313184,,,,,,,,,,,,,,,,,,,,,,,,,,,,,,,,,,,,,,,,,,,,,,,,,,,,,,,,,,,,,TN,TN
autoland,4768071,12,69b95d09da21c937720a8d3aaca237f47b683aa9,linux1804-64-shippable-qr,True,False,,,102210fe594ee9b33d82058545b1ed14f4c8206e,browser-toolbox.connect.DAMP,damp,True,damp browser-toolbox.connect.DAMP opt e10s fission stylo webrender-sw,4767235,77,ms,firefox,,1769974263,2023-10-08 08:55:12,1950.0803710000475,68e866f36130edd1c8de093ac6d8a0fb78006527,1313211,,,,,,,,,,,,,,,,,,,,,,,,,,,,,,,,,,,,,,,,,,,,,,,,,,,,,,,,,,,,,TN,TN
autoland,4768071,12,69b95d09da21c937720a8d3aaca237f47b683aa9,linux1804-64-shippable-qr,True,False,,,102210fe594ee9b33d82058545b1ed14f4c8206e,browser-toolbox.connect.DAMP,damp,True,damp browser-toolbox.connect.DAMP opt e10s fission stylo webrender-sw,4767235,77,ms,firefox,,1770212322,2023-10-08 23:28:16,1960.45552399999,38314c6dc43eed509bfa7c922dbbc4147ac2ce34,1313289,,,,,,,,,,,,,,,,,,,,,,,,,,,,,,,,,,,,,,,,,,,,,,,,,,,,,,,,,,,,,TN,TN
autoland,4768071,12,69b95d09da21c937720a8d3aaca237f47b683aa9,linux1804-64-shippable-qr,True,False,,,102210fe594ee9b33d82058545b1ed14f4c8206e,browser-toolbox.connect.DAMP,damp,True,damp browser-toolbox.connect.DAMP opt e10s fission stylo webrender-sw,4767235,77,ms,firefox,,1771733396,2023-10-09 00:04:25,1975.3618204999657,4c4f85a8042e8b54c353b4e46d81584152e994a8,1313301,,,,,,,,,,,,,,,,,,,,,,,,,,,,,,,,,,,,,,,,,,,,,,,,,,,,,,,,,,,,,TN,TN
autoland,4768071,12,69b95d09da21c937720a8d3aaca237f47b683aa9,linux1804-64-shippable-qr,True,False,,,102210fe594ee9b33d82058545b1ed14f4c8206e,browser-toolbox.connect.DAMP,damp,True,damp browser-toolbox.connect.DAMP opt e10s fission stylo webrender-sw,4767235,77,ms,firefox,,1771761736,2023-10-09 00:57:48,2047.3854704999903,311a5e3ecc9f430c0ac761078fc567758af08ab5,1313303,,,,,,,,,,,,,,,,,,,,,,,,,,,,,,,,,,,,,,,,,,,,,,,,,,,,,,,,,,,,,TN,TN
autoland,4768071,12,69b95d09da21c937720a8d3aaca237f47b683aa9,linux1804-64-shippable-qr,True,False,,,102210fe594ee9b33d82058545b1ed14f4c8206e,browser-toolbox.connect.DAMP,damp,True,damp browser-toolbox.connect.DAMP opt e10s fission stylo webrender-sw,4767235,77,ms,firefox,,1770271338,2023-10-09 04:48:12,1955.9118579999777,d5fd5e481ff21f14c9771aa58f8fb378a8430cdf,1313332,,,,,,,,,,,,,,,,,,,,,,,,,,,,,,,,,,,,,,,,,,,,,,,,,,,,,,,,,,,,,TN,TN
autoland,4768071,12,69b95d09da21c937720a8d3aaca237f47b683aa9,linux1804-64-shippable-qr,True,False,,,102210fe594ee9b33d82058545b1ed14f4c8206e,browser-toolbox.connect.DAMP,damp,True,damp browser-toolbox.connect.DAMP opt e10s fission stylo webrender-sw,4767235,77,ms,firefox,,1771812191,2023-10-09 06:04:52,1965.2673219999704,190f9fe5328960c74ba6e2785a61fd5dd14517a0,1313346,,,,,,,,,,,,,,,,,,,,,,,,,,,,,,,,,,,,,,,,,,,,,,,,,,,,,,,,,,,,,TN,TN
autoland,4768071,12,69b95d09da21c937720a8d3aaca237f47b683aa9,linux1804-64-shippable-qr,True,False,,,102210fe594ee9b33d82058545b1ed14f4c8206e,browser-toolbox.connect.DAMP,damp,True,damp browser-toolbox.connect.DAMP opt e10s fission stylo webrender-sw,4767235,77,ms,firefox,,1771786183,2023-10-09 07:04:44,1950.8786094999812,9ba7c116736cd97cb750fd5ed75fd6cad7cdc504,1313351,,,,,,,,,,,,,,,,,,,,,,,,,,,,,,,,,,,,,,,,,,,,,,,,,,,,,,,,,,,,,TN,TN
autoland,4768071,12,69b95d09da21c937720a8d3aaca237f47b683aa9,linux1804-64-shippable-qr,True,False,,,102210fe594ee9b33d82058545b1ed14f4c8206e,browser-toolbox.connect.DAMP,damp,True,damp browser-toolbox.connect.DAMP opt e10s fission stylo webrender-sw,4767235,77,ms,firefox,,1771735550,2023-10-09 07:31:07,1984.4123974999677,50a46d58cabef18cc6a235b4d28bda6bed8e539f,1313361,,,,,,,,,,,,,,,,,,,,,,,,,,,,,,,,,,,,,,,,,,,,,,,,,,,,,,,,,,,,,TN,TN
autoland,4768071,12,69b95d09da21c937720a8d3aaca237f47b683aa9,linux1804-64-shippable-qr,True,False,,,102210fe594ee9b33d82058545b1ed14f4c8206e,browser-toolbox.connect.DAMP,damp,True,damp browser-toolbox.connect.DAMP opt e10s fission stylo webrender-sw,4767235,77,ms,firefox,,1771736555,2023-10-09 07:40:34,1960.1257870000263,5d20fede7a23851e93bea3e8a145ddc2f55b114d,1313364,,,,,,,,,,,,,,,,,,,,,,,,,,,,,,,,,,,,,,,,,,,,,,,,,,,,,,,,,,,,,TN,TN
autoland,4768071,12,69b95d09da21c937720a8d3aaca237f47b683aa9,linux1804-64-shippable-qr,True,False,,,102210fe594ee9b33d82058545b1ed14f4c8206e,browser-toolbox.connect.DAMP,damp,True,damp browser-toolbox.connect.DAMP opt e10s fission stylo webrender-sw,4767235,77,ms,firefox,,1771759535,2023-10-09 07:45:02,2051.4035629999853,027cbc1f637833b17564b223599c70a2aa8bf218,1313367,,,,,,,,,,,,,,,,,,,,,,,,,,,,,,,,,,,,,,,,,,,,,,,,,,,,,,,,,,,,,TN,TN
autoland,4768071,12,69b95d09da21c937720a8d3aaca237f47b683aa9,linux1804-64-shippable-qr,True,False,,,102210fe594ee9b33d82058545b1ed14f4c8206e,browser-toolbox.connect.DAMP,damp,True,damp browser-toolbox.connect.DAMP opt e10s fission stylo webrender-sw,4767235,77,ms,firefox,,1771762720,2023-10-09 08:28:44,1983.2468634999605,79ccf1ffdd9fd84d563616dad982ece66ec03f51,1313396,,,,,,,,,,,,,,,,,,,,,,,,,,,,,,,,,,,,,,,,,,,,,,,,,,,,,,,,,,,,,TN,TN
autoland,4768071,12,69b95d09da21c937720a8d3aaca237f47b683aa9,linux1804-64-shippable-qr,True,False,,,102210fe594ee9b33d82058545b1ed14f4c8206e,browser-toolbox.connect.DAMP,damp,True,damp browser-toolbox.connect.DAMP opt e10s fission stylo webrender-sw,4767235,77,ms,firefox,,1770467893,2023-10-09 08:48:33,2006.4583754999985,77c18c08c9ff87c6ff0e5b546ac609296d5e04db,1313413,,,,,,,,,,,,,,,,,,,,,,,,,,,,,,,,,,,,,,,,,,,,,,,,,,,,,,,,,,,,,TN,TN
autoland,4768071,12,69b95d09da21c937720a8d3aaca237f47b683aa9,linux1804-64-shippable-qr,True,False,,,102210fe594ee9b33d82058545b1ed14f4c8206e,browser-toolbox.connect.DAMP,damp,True,damp browser-toolbox.connect.DAMP opt e10s fission stylo webrender-sw,4767235,77,ms,firefox,,1771760542,2023-10-09 09:37:30,1990.879318999985,e4103f64f4ccbd9ad95f67715b7c41199635e22a,1313444,,,,,,,,,,,,,,,,,,,,,,,,,,,,,,,,,,,,,,,,,,,,,,,,,,,,,,,,,,,,,TN,TN
autoland,4768071,12,69b95d09da21c937720a8d3aaca237f47b683aa9,linux1804-64-shippable-qr,True,False,,,102210fe594ee9b33d82058545b1ed14f4c8206e,browser-toolbox.connect.DAMP,damp,True,damp browser-toolbox.connect.DAMP opt e10s fission stylo webrender-sw,4767235,77,ms,firefox,,1771767236,2023-10-09 09:43:02,1997.6194725000023,fcbfc74ff0302d7a2d46fce98a185617209ed6b4,1313448,,,,,,,,,,,,,,,,,,,,,,,,,,,,,,,,,,,,,,,,,,,,,,,,,,,,,,,,,,,,,TN,TN
autoland,4768071,12,69b95d09da21c937720a8d3aaca237f47b683aa9,linux1804-64-shippable-qr,True,False,,,102210fe594ee9b33d82058545b1ed14f4c8206e,browser-toolbox.connect.DAMP,damp,True,damp browser-toolbox.connect.DAMP opt e10s fission stylo webrender-sw,4767235,77,ms,firefox,,1770483906,2023-10-09 11:45:29,1984.468704999992,70c980c054e9a0693d3bee343b1235d47894163d,1313495,,,,,,,,,,,,,,,,,,,,,,,,,,,,,,,,,,,,,,,,,,,,,,,,,,,,,,,,,,,,,TN,TN
autoland,4768071,12,69b95d09da21c937720a8d3aaca237f47b683aa9,linux1804-64-shippable-qr,True,False,,,102210fe594ee9b33d82058545b1ed14f4c8206e,browser-toolbox.connect.DAMP,damp,True,damp browser-toolbox.connect.DAMP opt e10s fission stylo webrender-sw,4767235,77,ms,firefox,,1771725819,2023-10-09 13:09:55,1960.2818484999589,c406e2e8f277904cae0b900349bbb955fc5b93d5,1313556,,,,,,,,,,,,,,,,,,,,,,,,,,,,,,,,,,,,,,,,,,,,,,,,,,,,,,,,,,,,,TN,TN
autoland,4768071,12,69b95d09da21c937720a8d3aaca237f47b683aa9,linux1804-64-shippable-qr,True,False,,,102210fe594ee9b33d82058545b1ed14f4c8206e,browser-toolbox.connect.DAMP,damp,True,damp browser-toolbox.connect.DAMP opt e10s fission stylo webrender-sw,4767235,77,ms,firefox,,1771847949,2023-10-09 13:46:51,1978.089816,9dfc3bfb794338cfb6f856c1fb64dbd4fdb9f391,1313579,,,,,,,,,,,,,,,,,,,,,,,,,,,,,,,,,,,,,,,,,,,,,,,,,,,,,,,,,,,,,TN,TN
autoland,4768071,12,69b95d09da21c937720a8d3aaca237f47b683aa9,linux1804-64-shippable-qr,True,False,,,102210fe594ee9b33d82058545b1ed14f4c8206e,browser-toolbox.connect.DAMP,damp,True,damp browser-toolbox.connect.DAMP opt e10s fission stylo webrender-sw,4767235,77,ms,firefox,,1771847508,2023-10-09 13:48:00,1991.7353550000696,a063766cd8ad2d8b17915b868effae045e9f3113,1313581,,,,,,,,,,,,,,,,,,,,,,,,,,,,,,,,,,,,,,,,,,,,,,,,,,,,,,,,,,,,,TN,TN
autoland,4768071,12,69b95d09da21c937720a8d3aaca237f47b683aa9,linux1804-64-shippable-qr,True,False,,,102210fe594ee9b33d82058545b1ed14f4c8206e,browser-toolbox.connect.DAMP,damp,True,damp browser-toolbox.connect.DAMP opt e10s fission stylo webrender-sw,4767235,77,ms,firefox,,1771735646,2023-10-09 13:52:34,1968.822961999984,3434fa6079000d462c2d7ebd4c6d383c3309778a,1313584,,,,,,,,,,,,,,,,,,,,,,,,,,,,,,,,,,,,,,,,,,,,,,,,,,,,,,,,,,,,,TN,TN
autoland,4768071,12,69b95d09da21c937720a8d3aaca237f47b683aa9,linux1804-64-shippable-qr,True,False,,,102210fe594ee9b33d82058545b1ed14f4c8206e,browser-toolbox.connect.DAMP,damp,True,damp browser-toolbox.connect.DAMP opt e10s fission stylo webrender-sw,4767235,77,ms,firefox,,1771782450,2023-10-09 13:53:34,1958.625918999984,a8efc421b915abecc90ceba8bb91f459a3ac6cd8,1313585,,,,,,,,,,,,,,,,,,,,,,,,,,,,,,,,,,,,,,,,,,,,,,,,,,,,,,,,,,,,,TN,TN
autoland,4768071,12,69b95d09da21c937720a8d3aaca237f47b683aa9,linux1804-64-shippable-qr,True,False,,,102210fe594ee9b33d82058545b1ed14f4c8206e,browser-toolbox.connect.DAMP,damp,True,damp browser-toolbox.connect.DAMP opt e10s fission stylo webrender-sw,4767235,77,ms,firefox,,1771782828,2023-10-09 13:53:34,1972.0383984999644,a8efc421b915abecc90ceba8bb91f459a3ac6cd8,1313585,,,,,,,,,,,,,,,,,,,,,,,,,,,,,,,,,,,,,,,,,,,,,,,,,,,,,,,,,,,,,TN,TN
autoland,4768071,12,69b95d09da21c937720a8d3aaca237f47b683aa9,linux1804-64-shippable-qr,True,False,,,102210fe594ee9b33d82058545b1ed14f4c8206e,browser-toolbox.connect.DAMP,damp,True,damp browser-toolbox.connect.DAMP opt e10s fission stylo webrender-sw,4767235,77,ms,firefox,,1771757283,2023-10-09 14:16:12,1977.9199034999765,8822469d696ebb06350b6999fa35dbb4f58dbc69,1313604,,,,,,,,,,,,,,,,,,,,,,,,,,,,,,,,,,,,,,,,,,,,,,,,,,,,,,,,,,,,,TN,TN
autoland,4768071,12,69b95d09da21c937720a8d3aaca237f47b683aa9,linux1804-64-shippable-qr,True,False,,,102210fe594ee9b33d82058545b1ed14f4c8206e,browser-toolbox.connect.DAMP,damp,True,damp browser-toolbox.connect.DAMP opt e10s fission stylo webrender-sw,4767235,77,ms,firefox,,1771748859,2023-10-09 14:43:48,1964.9348310000496,8d5a73a0659ce01315ca6a77db72aeb962a93feb,1313608,,,,,,,,,,,,,,,,,,,,,,,,,,,,,,,,,,,,,,,,,,,,,,,,,,,,,,,,,,,,,TN,TN
autoland,4768071,12,69b95d09da21c937720a8d3aaca237f47b683aa9,linux1804-64-shippable-qr,True,False,,,102210fe594ee9b33d82058545b1ed14f4c8206e,browser-toolbox.connect.DAMP,damp,True,damp browser-toolbox.connect.DAMP opt e10s fission stylo webrender-sw,4767235,77,ms,firefox,,1771732814,2023-10-09 15:07:40,1988.2935569999756,d8e116195df2b1e8a2043240ea507fb821cf5b43,1313615,,,,,,,,,,,,,,,,,,,,,,,,,,,,,,,,,,,,,,,,,,,,,,,,,,,,,,,,,,,,,TN,TN
autoland,4768071,12,69b95d09da21c937720a8d3aaca237f47b683aa9,linux1804-64-shippable-qr,True,False,,,102210fe594ee9b33d82058545b1ed14f4c8206e,browser-toolbox.connect.DAMP,damp,True,damp browser-toolbox.connect.DAMP opt e10s fission stylo webrender-sw,4767235,77,ms,firefox,,1771782929,2023-10-09 15:16:42,1984.6497345000023,9fb6caba78f33bd3073479fd6457a7d18b06d20b,1313619,,,,,,,,,,,,,,,,,,,,,,,,,,,,,,,,,,,,,,,,,,,,,,,,,,,,,,,,,,,,,TN,TN
autoland,4768071,12,69b95d09da21c937720a8d3aaca237f47b683aa9,linux1804-64-shippable-qr,True,False,,,102210fe594ee9b33d82058545b1ed14f4c8206e,browser-toolbox.connect.DAMP,damp,True,damp browser-toolbox.connect.DAMP opt e10s fission stylo webrender-sw,4767235,77,ms,firefox,,1770581775,2023-10-09 16:17:23,1989.9520299999856,86e82f01df51429edbb4cfa27823d4d71e7844ab,1313678,,,,,,,,,,,,,,,,,,,,,,,,,,,,,,,,,,,,,,,,,,,,,,,,,,,,,,,,,,,,,TN,TN
autoland,4768071,12,69b95d09da21c937720a8d3aaca237f47b683aa9,linux1804-64-shippable-qr,True,False,,,102210fe594ee9b33d82058545b1ed14f4c8206e,browser-toolbox.connect.DAMP,damp,True,damp browser-toolbox.connect.DAMP opt e10s fission stylo webrender-sw,4767235,77,ms,firefox,,1770624712,2023-10-09 16:47:54,1987.049440999996,9591bcc532c4599dba688d3555c6a0135139c39a,1313694,,,,,,,,,,,,,,,,,,,,,,,,,,,,,,,,,,,,,,,,,,,,,,,,,,,,,,,,,,,,,TN,TN
autoland,4768071,12,69b95d09da21c937720a8d3aaca237f47b683aa9,linux1804-64-shippable-qr,True,False,,,102210fe594ee9b33d82058545b1ed14f4c8206e,browser-toolbox.connect.DAMP,damp,True,damp browser-toolbox.connect.DAMP opt e10s fission stylo webrender-sw,4767235,77,ms,firefox,,1771826677,2023-10-09 18:05:00,1980.8721185000031,6404412771ea15ef1c719a515dd1369360fb8d4d,1313728,,,,,,,,,,,,,,,,,,,,,,,,,,,,,,,,,,,,,,,,,,,,,,,,,,,,,,,,,,,,,TN,TN
autoland,4768071,12,69b95d09da21c937720a8d3aaca237f47b683aa9,linux1804-64-shippable-qr,True,False,,,102210fe594ee9b33d82058545b1ed14f4c8206e,browser-toolbox.connect.DAMP,damp,True,damp browser-toolbox.connect.DAMP opt e10s fission stylo webrender-sw,4767235,77,ms,firefox,,1771783092,2023-10-09 18:15:23,2019.300644999996,de4179479044d995c6106c7743fda5fbdd9920a4,1313738,,,,,,,,,,,,,,,,,,,,,,,,,,,,,,,,,,,,,,,,,,,,,,,,,,,,,,,,,,,,,TN,TN
autoland,4768071,12,69b95d09da21c937720a8d3aaca237f47b683aa9,linux1804-64-shippable-qr,True,False,,,102210fe594ee9b33d82058545b1ed14f4c8206e,browser-toolbox.connect.DAMP,damp,True,damp browser-toolbox.connect.DAMP opt e10s fission stylo webrender-sw,4767235,77,ms,firefox,,1771722692,2023-10-09 18:25:39,1978.7412625,edb416a08b6e0d56cde05b82b45f5aa7625a80df,1313748,,,,,,,,,,,,,,,,,,,,,,,,,,,,,,,,,,,,,,,,,,,,,,,,,,,,,,,,,,,,,TN,TN
autoland,4768071,12,69b95d09da21c937720a8d3aaca237f47b683aa9,linux1804-64-shippable-qr,True,False,,,102210fe594ee9b33d82058545b1ed14f4c8206e,browser-toolbox.connect.DAMP,damp,True,damp browser-toolbox.connect.DAMP opt e10s fission stylo webrender-sw,4767235,77,ms,firefox,,1771784044,2023-10-09 18:52:20,2058.297224500013,bcfcd8b5719248860bc26a6fce935b516ecb042e,1313761,,,,,,,,,,,,,,,,,,,,,,,,,,,,,,,,,,,,,,,,,,,,,,,,,,,,,,,,,,,,,TN,TN
autoland,4768071,12,69b95d09da21c937720a8d3aaca237f47b683aa9,linux1804-64-shippable-qr,True,False,,,102210fe594ee9b33d82058545b1ed14f4c8206e,browser-toolbox.connect.DAMP,damp,True,damp browser-toolbox.connect.DAMP opt e10s fission stylo webrender-sw,4767235,77,ms,firefox,,1771789763,2023-10-09 18:55:44,1978.6029665000096,fa96537be56b229d6ebdd460f69763c31a50b628,1313763,,,,,,,,,,,,,,,,,,,,,,,,,,,,,,,,,,,,,,,,,,,,,,,,,,,,,,,,,,,,,TN,TN
autoland,4768071,12,69b95d09da21c937720a8d3aaca237f47b683aa9,linux1804-64-shippable-qr,True,False,,,102210fe594ee9b33d82058545b1ed14f4c8206e,browser-toolbox.connect.DAMP,damp,True,damp browser-toolbox.connect.DAMP opt e10s fission stylo webrender-sw,4767235,77,ms,firefox,,1771782334,2023-10-09 19:02:03,1988.0935189999943,92b5bc7354ebaeae110d7b1c855b9fb64bac5d1b,1313765,,,,,,,,,,,,,,,,,,,,,,,,,,,,,,,,,,,,,,,,,,,,,,,,,,,,,,,,,,,,,TN,TN
autoland,4768071,12,69b95d09da21c937720a8d3aaca237f47b683aa9,linux1804-64-shippable-qr,True,False,,,102210fe594ee9b33d82058545b1ed14f4c8206e,browser-toolbox.connect.DAMP,damp,True,damp browser-toolbox.connect.DAMP opt e10s fission stylo webrender-sw,4767235,77,ms,firefox,,1771794399,2023-10-09 19:39:26,1981.5637675000328,c6daae4f66b5ba8cf8a21c0632995e2c5334e718,1313787,,,,,,,,,,,,,,,,,,,,,,,,,,,,,,,,,,,,,,,,,,,,,,,,,,,,,,,,,,,,,TN,TN
autoland,4768071,12,69b95d09da21c937720a8d3aaca237f47b683aa9,linux1804-64-shippable-qr,True,False,,,102210fe594ee9b33d82058545b1ed14f4c8206e,browser-toolbox.connect.DAMP,damp,True,damp browser-toolbox.connect.DAMP opt e10s fission stylo webrender-sw,4767235,77,ms,firefox,,1770735852,2023-10-09 21:45:38,1999.1659920000093,3d1ac3fb7670dd794589cae42735270de4266f4c,1313856,,,,,,,,,,,,,,,,,,,,,,,,,,,,,,,,,,,,,,,,,,,,,,,,,,,,,,,,,,,,,TN,TN
autoland,4768071,12,69b95d09da21c937720a8d3aaca237f47b683aa9,linux1804-64-shippable-qr,True,False,,,102210fe594ee9b33d82058545b1ed14f4c8206e,browser-toolbox.connect.DAMP,damp,True,damp browser-toolbox.connect.DAMP opt e10s fission stylo webrender-sw,4767235,77,ms,firefox,,1770799945,2023-10-10 02:31:01,1988.1491384999968,935a0ba75b642adf295d7792f8ad8129f87e4c03,1313960,,,,,,,,,,,,,,,,,,,,,,,,,,,,,,,,,,,,,,,,,,,,,,,,,,,,,,,,,,,,,TN,TN
autoland,4768071,12,69b95d09da21c937720a8d3aaca237f47b683aa9,linux1804-64-shippable-qr,True,False,,,102210fe594ee9b33d82058545b1ed14f4c8206e,browser-toolbox.connect.DAMP,damp,True,damp browser-toolbox.connect.DAMP opt e10s fission stylo webrender-sw,4767235,77,ms,firefox,,1770860260,2023-10-10 06:35:36,1975.048999000006,de9287a68ed836a8fd2eb2ba90de0770a18c877a,1314004,,,,,,,,,,,,,,,,,,,,,,,,,,,,,,,,,,,,,,,,,,,,,,,,,,,,,,,,,,,,,TN,TN
autoland,4768071,12,69b95d09da21c937720a8d3aaca237f47b683aa9,linux1804-64-shippable-qr,True,False,,,102210fe594ee9b33d82058545b1ed14f4c8206e,browser-toolbox.connect.DAMP,damp,True,damp browser-toolbox.connect.DAMP opt e10s fission stylo webrender-sw,4767235,77,ms,firefox,,1770900181,2023-10-10 08:23:57,1996.799644000006,bec78f6e89cdb3b51ac879af75533217f38970cf,1314048,,,,,,,,,,,,,,,,,,,,,,,,,,,,,,,,,,,,,,,,,,,,,,,,,,,,,,,,,,,,,TN,TN
autoland,4768071,12,69b95d09da21c937720a8d3aaca237f47b683aa9,linux1804-64-shippable-qr,True,False,,,102210fe594ee9b33d82058545b1ed14f4c8206e,browser-toolbox.connect.DAMP,damp,True,damp browser-toolbox.connect.DAMP opt e10s fission stylo webrender-sw,4767235,77,ms,firefox,,1771068732,2023-10-10 12:59:15,1981.780276999998,7a4c861a2d10a6757c8844de9bd8f71c94cb6150,1314216,,,,,,,,,,,,,,,,,,,,,,,,,,,,,,,,,,,,,,,,,,,,,,,,,,,,,,,,,,,,,TN,TN
autoland,4768071,12,69b95d09da21c937720a8d3aaca237f47b683aa9,linux1804-64-shippable-qr,True,False,,,102210fe594ee9b33d82058545b1ed14f4c8206e,browser-toolbox.connect.DAMP,damp,True,damp browser-toolbox.connect.DAMP opt e10s fission stylo webrender-sw,4767235,77,ms,firefox,,1771119295,2023-10-10 15:20:47,2023.7293174999795,686073214e498a3ed6018f15d9cd093812f5ab6f,1314341,,,,,,,,,,,,,,,,,,,,,,,,,,,,,,,,,,,,,,,,,,,,,,,,,,,,,,,,,,,,,TN,TN
autoland,4768071,12,69b95d09da21c937720a8d3aaca237f47b683aa9,linux1804-64-shippable-qr,True,False,,,102210fe594ee9b33d82058545b1ed14f4c8206e,browser-toolbox.connect.DAMP,damp,True,damp browser-toolbox.connect.DAMP opt e10s fission stylo webrender-sw,4767235,77,ms,firefox,,1771278426,2023-10-10 18:56:17,1987.365312000038,e746122083e758920b17ca0fd4726093187f3715,1314490,,,,,,,,,,,,,,,,,,,,,,,,,,,,,,,,,,,,,,,,,,,,,,,,,,,,,,,,,,,,,TN,TN
autoland,4768071,12,69b95d09da21c937720a8d3aaca237f47b683aa9,linux1804-64-shippable-qr,True,False,,,102210fe594ee9b33d82058545b1ed14f4c8206e,browser-toolbox.connect.DAMP,damp,True,damp browser-toolbox.connect.DAMP opt e10s fission stylo webrender-sw,4767235,77,ms,firefox,,1771353477,2023-10-10 21:46:34,2041.8948204999904,32a23612bb297f386b6239e7bff0be58b62b2f73,1314585,,,,,,,,,,,,,,,,,,,,,,,,,,,,,,,,,,,,,,,,,,,,,,,,,,,,,,,,,,,,,TN,TN
autoland,4768071,12,69b95d09da21c937720a8d3aaca237f47b683aa9,linux1804-64-shippable-qr,True,False,,,102210fe594ee9b33d82058545b1ed14f4c8206e,browser-toolbox.connect.DAMP,damp,True,damp browser-toolbox.connect.DAMP opt e10s fission stylo webrender-sw,4767235,77,ms,firefox,,1771490446,2023-10-11 04:35:52,1955.7043860000267,fb1c93363030ee78f4a3ea0da9854fb688a630b8,1314760,,,,,,,,,,,,,,,,,,,,,,,,,,,,,,,,,,,,,,,,,,,,,,,,,,,,,,,,,,,,,TN,TN
autoland,4768071,12,69b95d09da21c937720a8d3aaca237f47b683aa9,linux1804-64-shippable-qr,True,False,,,102210fe594ee9b33d82058545b1ed14f4c8206e,browser-toolbox.connect.DAMP,damp,True,damp browser-toolbox.connect.DAMP opt e10s fission stylo webrender-sw,4767235,77,ms,firefox,,1771535441,2023-10-11 05:18:39,1996.8864259999827,d677f2833f2cf056757a6a3cf8c2e8b4273fb788,1314767,,,,,,,,,,,,,,,,,,,,,,,,,,,,,,,,,,,,,,,,,,,,,,,,,,,,,,,,,,,,,TN,TN
autoland,4768071,12,69b95d09da21c937720a8d3aaca237f47b683aa9,linux1804-64-shippable-qr,True,False,,,102210fe594ee9b33d82058545b1ed14f4c8206e,browser-toolbox.connect.DAMP,damp,True,damp browser-toolbox.connect.DAMP opt e10s fission stylo webrender-sw,4767235,77,ms,firefox,,1772753214,2023-10-11 08:13:39,1975.9340180000145,f3fbb1d497a8ce30c8f146c3bb84a081ccab6a35,1314821,,,,,,,,,,,,,,,,,,,,,,,,,,,,,,,,,,,,,,,,,,,,,,,,,,,,,,,,,,,,,TN,TN
autoland,4768071,12,69b95d09da21c937720a8d3aaca237f47b683aa9,linux1804-64-shippable-qr,True,False,,,102210fe594ee9b33d82058545b1ed14f4c8206e,browser-toolbox.connect.DAMP,damp,True,damp browser-toolbox.connect.DAMP opt e10s fission stylo webrender-sw,4767235,77,ms,firefox,,1772753154,2023-10-11 08:27:07,1958.9916645000048,8315a0f0933bc4f594438c68b86d6a7192b14e01,1314836,,,,,,,,,,,,,,,,,,,,,,,,,,,,,,,,,,,,,,,,,,,,,,,,,,,,,,,,,,,,,TN,TN
autoland,4768071,12,69b95d09da21c937720a8d3aaca237f47b683aa9,linux1804-64-shippable-qr,True,False,,,102210fe594ee9b33d82058545b1ed14f4c8206e,browser-toolbox.connect.DAMP,damp,True,damp browser-toolbox.connect.DAMP opt e10s fission stylo webrender-sw,4767235,77,ms,firefox,,1772753354,2023-10-11 08:38:10,1993.445023500004,958d7f0f88ecae5de4617c451b79e7a38ffb30df,1314848,,,,,,,,,,,,,,,,,,,,,,,,,,,,,,,,,,,,,,,,,,,,,,,,,,,,,,,,,,,,,TN,TN
autoland,4768071,12,69b95d09da21c937720a8d3aaca237f47b683aa9,linux1804-64-shippable-qr,True,False,,,102210fe594ee9b33d82058545b1ed14f4c8206e,browser-toolbox.connect.DAMP,damp,True,damp browser-toolbox.connect.DAMP opt e10s fission stylo webrender-sw,4767235,77,ms,firefox,,1771646342,2023-10-11 09:29:42,1981.8458494999795,2124c3eebcb12eb72e8ced7bfb3c8521a028af8d,1314864,,,,,,,,,,,,,,,,,,,,,,,,,,,,,,,,,,,,,,,,,,,,,,,,,,,,,,,,,,,,,TN,TN
autoland,4768071,12,69b95d09da21c937720a8d3aaca237f47b683aa9,linux1804-64-shippable-qr,True,False,,,102210fe594ee9b33d82058545b1ed14f4c8206e,browser-toolbox.connect.DAMP,damp,True,damp browser-toolbox.connect.DAMP opt e10s fission stylo webrender-sw,4767235,77,ms,firefox,,1772788978,2023-10-11 09:36:54,2032.7237089999544,f66ab494da0445da259e78cba85d094a7be88289,1314866,,,,,,,,,,,,,,,,,,,,,,,,,,,,,,,,,,,,,,,,,,,,,,,,,,,,,,,,,,,,,TN,TN
autoland,4768071,12,69b95d09da21c937720a8d3aaca237f47b683aa9,linux1804-64-shippable-qr,True,False,,,102210fe594ee9b33d82058545b1ed14f4c8206e,browser-toolbox.connect.DAMP,damp,True,damp browser-toolbox.connect.DAMP opt e10s fission stylo webrender-sw,4767235,77,ms,firefox,,1772796187,2023-10-11 09:37:51,1995.1551709999912,cc64137649bc4f9aa422a33f9a7765e7fc48fef5,1314868,,,,,,,,,,,,,,,,,,,,,,,,,,,,,,,,,,,,,,,,,,,,,,,,,,,,,,,,,,,,,TN,TN
autoland,4768071,12,69b95d09da21c937720a8d3aaca237f47b683aa9,linux1804-64-shippable-qr,True,False,,,102210fe594ee9b33d82058545b1ed14f4c8206e,browser-toolbox.connect.DAMP,damp,True,damp browser-toolbox.connect.DAMP opt e10s fission stylo webrender-sw,4767235,77,ms,firefox,,1772795702,2023-10-11 10:35:07,1938.6310559999984,260a7be6aaf4195c6274ff46f83a0b5f20b66ab8,1314914,,,,,,,,,,,,,,,,,,,,,,,,,,,,,,,,,,,,,,,,,,,,,,,,,,,,,,,,,,,,,TN,TN
autoland,4768071,12,69b95d09da21c937720a8d3aaca237f47b683aa9,linux1804-64-shippable-qr,True,False,,,102210fe594ee9b33d82058545b1ed14f4c8206e,browser-toolbox.connect.DAMP,damp,True,damp browser-toolbox.connect.DAMP opt e10s fission stylo webrender-sw,4767235,77,ms,firefox,,1772794604,2023-10-11 10:38:02,1978.1835970000395,2598def65c5c7447a509889f9e151afa2a81eb11,1314915,,,,,,,,,,,,,,,,,,,,,,,,,,,,,,,,,,,,,,,,,,,,,,,,,,,,,,,,,,,,,TN,TN
autoland,4768071,12,69b95d09da21c937720a8d3aaca237f47b683aa9,linux1804-64-shippable-qr,True,False,,,102210fe594ee9b33d82058545b1ed14f4c8206e,browser-toolbox.connect.DAMP,damp,True,damp browser-toolbox.connect.DAMP opt e10s fission stylo webrender-sw,4767235,77,ms,firefox,,1772787286,2023-10-11 10:38:52,1990.323741,c66a394ad061b311dc5b7b8845ed6ff2a884c533,1314917,,,,,,,,,,,,,,,,,,,,,,,,,,,,,,,,,,,,,,,,,,,,,,,,,,,,,,,,,,,,,TN,TN
autoland,4768071,12,69b95d09da21c937720a8d3aaca237f47b683aa9,linux1804-64-shippable-qr,True,False,,,102210fe594ee9b33d82058545b1ed14f4c8206e,browser-toolbox.connect.DAMP,damp,True,damp browser-toolbox.connect.DAMP opt e10s fission stylo webrender-sw,4767235,77,ms,firefox,,1771655373,2023-10-11 10:39:45,1962.4948525000077,e4751df31e7494090d14b0ab8ff52bab6c1391d7,1314918,,,,,,,,,,,,,,,,,,,,,,,,,,,,,,,,,,,,,,,,,,,,,,,,,,,,,,,,,,,,,TN,TN
autoland,4768071,12,69b95d09da21c937720a8d3aaca237f47b683aa9,linux1804-64-shippable-qr,True,False,,,102210fe594ee9b33d82058545b1ed14f4c8206e,browser-toolbox.connect.DAMP,damp,True,damp browser-toolbox.connect.DAMP opt e10s fission stylo webrender-sw,4767235,77,ms,firefox,,1772989958,2023-10-11 10:49:16,2032.0228165000444,9feea518d33ad025f07dec119947e938db631b8e,1314920,,,,,,,,,,,,,,,,,,,,,,,,,,,,,,,,,,,,,,,,,,,,,,,,,,,,,,,,,,,,,TN,TN
autoland,4768071,12,69b95d09da21c937720a8d3aaca237f47b683aa9,linux1804-64-shippable-qr,True,False,,,102210fe594ee9b33d82058545b1ed14f4c8206e,browser-toolbox.connect.DAMP,damp,True,damp browser-toolbox.connect.DAMP opt e10s fission stylo webrender-sw,4767235,77,ms,firefox,,1772989579,2023-10-11 10:55:47,1963.7028155000007,804dcc069348ddd43dc56bf1b68171dacfecaa4c,1314923,,,,,,,,,,,,,,,,,,,,,,,,,,,,,,,,,,,,,,,,,,,,,,,,,,,,,,,,,,,,,TN,TN
autoland,4768071,12,69b95d09da21c937720a8d3aaca237f47b683aa9,linux1804-64-shippable-qr,True,False,,,102210fe594ee9b33d82058545b1ed14f4c8206e,browser-toolbox.connect.DAMP,damp,True,damp browser-toolbox.connect.DAMP opt e10s fission stylo webrender-sw,4767235,77,ms,firefox,,1773007106,2023-10-11 10:55:47,1992.6548849999965,804dcc069348ddd43dc56bf1b68171dacfecaa4c,1314923,,,,,,,,,,,,,,,,,,,,,,,,,,,,,,,,,,,,,,,,,,,,,,,,,,,,,,,,,,,,,TN,TN
autoland,4768071,12,69b95d09da21c937720a8d3aaca237f47b683aa9,linux1804-64-shippable-qr,True,False,,,102210fe594ee9b33d82058545b1ed14f4c8206e,browser-toolbox.connect.DAMP,damp,True,damp browser-toolbox.connect.DAMP opt e10s fission stylo webrender-sw,4767235,77,ms,firefox,,1772790129,2023-10-11 11:25:50,2035.659192000021,d28557bfe634e3079ad2d7673b7d88f4ecde74f8,1314933,,,,,,,,,,,,,,,,,,,,,,,,,,,,,,,,,,,,,,,,,,,,,,,,,,,,,,,,,,,,,TN,TN
autoland,4768071,12,69b95d09da21c937720a8d3aaca237f47b683aa9,linux1804-64-shippable-qr,True,False,,,102210fe594ee9b33d82058545b1ed14f4c8206e,browser-toolbox.connect.DAMP,damp,True,damp browser-toolbox.connect.DAMP opt e10s fission stylo webrender-sw,4767235,77,ms,firefox,,1772789121,2023-10-11 11:32:57,2029.9989424999803,56985665f52c2173c3a0e970d098060f18ec4962,1314934,,,,,,,,,,,,,,,,,,,,,,,,,,,,,,,,,,,,,,,,,,,,,,,,,,,,,,,,,,,,,TN,TN
autoland,4768071,12,69b95d09da21c937720a8d3aaca237f47b683aa9,linux1804-64-shippable-qr,True,False,,,102210fe594ee9b33d82058545b1ed14f4c8206e,browser-toolbox.connect.DAMP,damp,True,damp browser-toolbox.connect.DAMP opt e10s fission stylo webrender-sw,4767235,77,ms,firefox,,1772786284,2023-10-11 11:44:48,2057.115340999997,021db258c7ad4f8cadb7844518b63a756e5d7c4f,1314941,,,,,,,,,,,,,,,,,,,,,,,,,,,,,,,,,,,,,,,,,,,,,,,,,,,,,,,,,,,,,TN,TN
autoland,4768071,12,69b95d09da21c937720a8d3aaca237f47b683aa9,linux1804-64-shippable-qr,True,False,,,102210fe594ee9b33d82058545b1ed14f4c8206e,browser-toolbox.connect.DAMP,damp,True,damp browser-toolbox.connect.DAMP opt e10s fission stylo webrender-sw,4767235,77,ms,firefox,,1772785868,2023-10-11 12:00:45,1954.5653850000235,71436cbcf58779eda1b8c87d362213c3873e73f6,1314947,,,,,,,,,,,,,,,,,,,,,,,,,,,,,,,,,,,,,,,,,,,,,,,,,,,,,,,,,,,,,TN,TN
autoland,4768071,12,69b95d09da21c937720a8d3aaca237f47b683aa9,linux1804-64-shippable-qr,True,False,,,102210fe594ee9b33d82058545b1ed14f4c8206e,browser-toolbox.connect.DAMP,damp,True,damp browser-toolbox.connect.DAMP opt e10s fission stylo webrender-sw,4767235,77,ms,firefox,,1772785987,2023-10-11 12:14:17,1958.2826795000287,b8fc1c079a231a6db6d632cdd1d5036904d04bf9,1314953,,,,,,,,,,,,,,,,,,,,,,,,,,,,,,,,,,,,,,,,,,,,,,,,,,,,,,,,,,,,,TN,TN
autoland,4768071,12,69b95d09da21c937720a8d3aaca237f47b683aa9,linux1804-64-shippable-qr,True,False,,,102210fe594ee9b33d82058545b1ed14f4c8206e,browser-toolbox.connect.DAMP,damp,True,damp browser-toolbox.connect.DAMP opt e10s fission stylo webrender-sw,4767235,77,ms,firefox,,1772787793,2023-10-11 12:17:26,2006.7758474999937,8dbb04b2762bb8887488b710517a201b2ad09d9d,1314954,,,,,,,,,,,,,,,,,,,,,,,,,,,,,,,,,,,,,,,,,,,,,,,,,,,,,,,,,,,,,TN,TN
autoland,4768071,12,69b95d09da21c937720a8d3aaca237f47b683aa9,linux1804-64-shippable-qr,True,False,,,102210fe594ee9b33d82058545b1ed14f4c8206e,browser-toolbox.connect.DAMP,damp,True,damp browser-toolbox.connect.DAMP opt e10s fission stylo webrender-sw,4767235,77,ms,firefox,,1772753592,2023-10-11 12:35:08,2005.590230999995,25aeae00c1018f195b74fa9458f71deb806796e2,1314964,,,,,,,,,,,,,,,,,,,,,,,,,,,,,,,,,,,,,,,,,,,,,,,,,,,,,,,,,,,,,TN,TN
autoland,4768071,12,69b95d09da21c937720a8d3aaca237f47b683aa9,linux1804-64-shippable-qr,True,False,,,102210fe594ee9b33d82058545b1ed14f4c8206e,browser-toolbox.connect.DAMP,damp,True,damp browser-toolbox.connect.DAMP opt e10s fission stylo webrender-sw,4767235,77,ms,firefox,,1772753852,2023-10-11 12:39:53,1984.827444000024,99a43565cb3bd8efc9904d32dc7925651a36fe56,1314966,,,,,,,,,,,,,,,,,,,,,,,,,,,,,,,,,,,,,,,,,,,,,,,,,,,,,,,,,,,,,TN,TN
autoland,4768071,12,69b95d09da21c937720a8d3aaca237f47b683aa9,linux1804-64-shippable-qr,True,False,,,102210fe594ee9b33d82058545b1ed14f4c8206e,browser-toolbox.connect.DAMP,damp,True,damp browser-toolbox.connect.DAMP opt e10s fission stylo webrender-sw,4767235,77,ms,firefox,,1772754040,2023-10-11 13:01:36,1979.416456499981,8ebb6546df9dfe18685b9cce113ed100721328a1,1314976,,,,,,,,,,,,,,,,,,,,,,,,,,,,,,,,,,,,,,,,,,,,,,,,,,,,,,,,,,,,,TN,TN
autoland,4768071,12,69b95d09da21c937720a8d3aaca237f47b683aa9,linux1804-64-shippable-qr,True,False,,,102210fe594ee9b33d82058545b1ed14f4c8206e,browser-toolbox.connect.DAMP,damp,True,damp browser-toolbox.connect.DAMP opt e10s fission stylo webrender-sw,4767235,77,ms,firefox,,1772754102,2023-10-11 13:01:36,1977.1949325000023,8ebb6546df9dfe18685b9cce113ed100721328a1,1314976,,,,,,,,,,,,,,,,,,,,,,,,,,,,,,,,,,,,,,,,,,,,,,,,,,,,,,,,,,,,,TN,TN
autoland,4768071,12,69b95d09da21c937720a8d3aaca237f47b683aa9,linux1804-64-shippable-qr,True,False,,,102210fe594ee9b33d82058545b1ed14f4c8206e,browser-toolbox.connect.DAMP,damp,True,damp browser-toolbox.connect.DAMP opt e10s fission stylo webrender-sw,4767235,77,ms,firefox,,1771750347,2023-10-11 14:42:40,2026.411571500008,2f6d9a971e1895c3186c6f2cdc2286c9f6e9694e,1315015,,,,,,,,,,,,,,,,,,,,,,,,,,,,,,,,,,,,,,,,,,,,,,,,,,,,,,,,,,,,,TN,TN
autoland,4768071,12,69b95d09da21c937720a8d3aaca237f47b683aa9,linux1804-64-shippable-qr,True,False,,,102210fe594ee9b33d82058545b1ed14f4c8206e,browser-toolbox.connect.DAMP,damp,True,damp browser-toolbox.connect.DAMP opt e10s fission stylo webrender-sw,4767235,77,ms,firefox,,1772754743,2023-10-11 14:43:37,2021.4355204999736,9d457947fe8676a0028b64d67ddbe79aa3cf81fe,1315018,,,,,,,,,,,,,,,,,,,,,,,,,,,,,,,,,,,,,,,,,,,,,,,,,,,,,,,,,,,,,TN,TN
autoland,4768071,12,69b95d09da21c937720a8d3aaca237f47b683aa9,linux1804-64-shippable-qr,True,False,,,102210fe594ee9b33d82058545b1ed14f4c8206e,browser-toolbox.connect.DAMP,damp,True,damp browser-toolbox.connect.DAMP opt e10s fission stylo webrender-sw,4767235,77,ms,firefox,,1772754441,2023-10-11 14:45:25,1998.9348814999976,5946d95613f123db98a17dec457215d2d49ea4d1,1315019,,,,,,,,,,,,,,,,,,,,,,,,,,,,,,,,,,,,,,,,,,,,,,,,,,,,,,,,,,,,,TN,TN
autoland,4768071,12,69b95d09da21c937720a8d3aaca237f47b683aa9,linux1804-64-shippable-qr,True,False,,,102210fe594ee9b33d82058545b1ed14f4c8206e,browser-toolbox.connect.DAMP,damp,True,damp browser-toolbox.connect.DAMP opt e10s fission stylo webrender-sw,4767235,77,ms,firefox,,1772754628,2023-10-11 14:47:04,2010.1676275000357,bd249bff991f507383dcc56508a76762f71cf29d,1315021,,,,,,,,,,,,,,,,,,,,,,,,,,,,,,,,,,,,,,,,,,,,,,,,,,,,,,,,,,,,,TN,TN
autoland,4768071,12,69b95d09da21c937720a8d3aaca237f47b683aa9,linux1804-64-shippable-qr,True,False,,,102210fe594ee9b33d82058545b1ed14f4c8206e,browser-toolbox.connect.DAMP,damp,True,damp browser-toolbox.connect.DAMP opt e10s fission stylo webrender-sw,4767235,77,ms,firefox,,1772754384,2023-10-11 14:49:43,2008.1925169999888,47895188414a7a8b3327add70772313c13680b14,1315022,,,,,,,,,,,,,,,,,,,,,,,,,,,,,,,,,,,,,,,,,,,,,,,,,,,,,,,,,,,,,TN,TN
autoland,4768071,12,69b95d09da21c937720a8d3aaca237f47b683aa9,linux1804-64-shippable-qr,True,False,,,102210fe594ee9b33d82058545b1ed14f4c8206e,browser-toolbox.connect.DAMP,damp,True,damp browser-toolbox.connect.DAMP opt e10s fission stylo webrender-sw,4767235,77,ms,firefox,,1772754542,2023-10-11 14:56:14,1972.9221490000052,a0eb9e2c8797ddaf6453d71122fa510b8e4eb857,1315023,,,,,,,,,,,,,,,,,,,,,,,,,,,,,,,,,,,,,,,,,,,,,,,,,,,,,,,,,,,,,TN,TN
autoland,4768071,12,69b95d09da21c937720a8d3aaca237f47b683aa9,linux1804-64-shippable-qr,True,False,,,102210fe594ee9b33d82058545b1ed14f4c8206e,browser-toolbox.connect.DAMP,damp,True,damp browser-toolbox.connect.DAMP opt e10s fission stylo webrender-sw,4767235,77,ms,firefox,,1772754686,2023-10-11 14:59:59,2004.338185000015,e5d78a9ddcb4f26912e6e8ef797cb6556599b9b8,1315024,,,,,,,,,,,,,,,,,,,,,,,,,,,,,,,,,,,,,,,,,,,,,,,,,,,,,,,,,,,,,TN,TN
autoland,4768071,12,69b95d09da21c937720a8d3aaca237f47b683aa9,linux1804-64-shippable-qr,True,False,,,102210fe594ee9b33d82058545b1ed14f4c8206e,browser-toolbox.connect.DAMP,damp,True,damp browser-toolbox.connect.DAMP opt e10s fission stylo webrender-sw,4767235,77,ms,firefox,,1772754880,2023-10-11 15:01:48,2049.4784075000352,eae33625ba1ee4a773b3c378279f52e10f785e66,1315025,,,,,,,,,,,,,,,,,,,,,,,,,,,,,,,,,,,,,,,,,,,,,,,,,,,,,,,,,,,,,TN,TN
autoland,4768071,12,69b95d09da21c937720a8d3aaca237f47b683aa9,linux1804-64-shippable-qr,True,False,,,102210fe594ee9b33d82058545b1ed14f4c8206e,browser-toolbox.connect.DAMP,damp,True,damp browser-toolbox.connect.DAMP opt e10s fission stylo webrender-sw,4767235,77,ms,firefox,,1771779245,2023-10-11 15:07:05,1990.701028499985,a710f6c3ab82ca81444f0478a4882217c3628bf0,1315029,,,,,,,,,,,,,,,,,,,,,,,,,,,,,,,,,,,,,,,,,,,,,,,,,,,,,,,,,,,,,TN,TN
autoland,4768071,12,69b95d09da21c937720a8d3aaca237f47b683aa9,linux1804-64-shippable-qr,True,False,,,102210fe594ee9b33d82058545b1ed14f4c8206e,browser-toolbox.connect.DAMP,damp,True,damp browser-toolbox.connect.DAMP opt e10s fission stylo webrender-sw,4767235,77,ms,firefox,,1772787109,2023-10-11 16:33:02,1959.6824314999976,2ab6089afae25766973b6261a4964464c60725bf,1315111,,,,,,,,,,,,,,,,,,,,,,,,,,,,,,,,,,,,,,,,,,,,,,,,,,,,,,,,,,,,,TN,TN
autoland,4768071,12,69b95d09da21c937720a8d3aaca237f47b683aa9,linux1804-64-shippable-qr,True,False,,,102210fe594ee9b33d82058545b1ed14f4c8206e,browser-toolbox.connect.DAMP,damp,True,damp browser-toolbox.connect.DAMP opt e10s fission stylo webrender-sw,4767235,77,ms,firefox,,1772786815,2023-10-11 16:43:46,1984.222843000025,ad8c54483c31ed4aca03fb2fed45df3aa4473147,1315124,,,,,,,,,,,,,,,,,,,,,,,,,,,,,,,,,,,,,,,,,,,,,,,,,,,,,,,,,,,,,TN,TN
autoland,4768071,12,69b95d09da21c937720a8d3aaca237f47b683aa9,linux1804-64-shippable-qr,True,False,,,102210fe594ee9b33d82058545b1ed14f4c8206e,browser-toolbox.connect.DAMP,damp,True,damp browser-toolbox.connect.DAMP opt e10s fission stylo webrender-sw,4767235,77,ms,firefox,,1772788260,2023-10-11 16:45:58,1989.4232019999909,a1aa506e8e3d202f0e8cadcb26accc87c2f0d617,1315127,,,,,,,,,,,,,,,,,,,,,,,,,,,,,,,,,,,,,,,,,,,,,,,,,,,,,,,,,,,,,TN,TN
autoland,4768071,12,69b95d09da21c937720a8d3aaca237f47b683aa9,linux1804-64-shippable-qr,True,False,,,102210fe594ee9b33d82058545b1ed14f4c8206e,browser-toolbox.connect.DAMP,damp,True,damp browser-toolbox.connect.DAMP opt e10s fission stylo webrender-sw,4767235,77,ms,firefox,,1772787486,2023-10-11 16:54:03,1976.2997035000008,b2becf3e4cd5c851c8bac5f040cfcc0a1baeea97,1315136,,,,,,,,,,,,,,,,,,,,,,,,,,,,,,,,,,,,,,,,,,,,,,,,,,,,,,,,,,,,,TN,TN
autoland,4768071,12,69b95d09da21c937720a8d3aaca237f47b683aa9,linux1804-64-shippable-qr,True,False,,,102210fe594ee9b33d82058545b1ed14f4c8206e,browser-toolbox.connect.DAMP,damp,True,damp browser-toolbox.connect.DAMP opt e10s fission stylo webrender-sw,4767235,77,ms,firefox,,1772786690,2023-10-11 16:59:25,1965.558966499986,df898dc64459892897bc3c49ea57c33ad13cede4,1315140,,,,,,,,,,,,,,,,,,,,,,,,,,,,,,,,,,,,,,,,,,,,,,,,,,,,,,,,,,,,,TN,TN
autoland,4768071,12,69b95d09da21c937720a8d3aaca237f47b683aa9,linux1804-64-shippable-qr,True,False,,,102210fe594ee9b33d82058545b1ed14f4c8206e,browser-toolbox.connect.DAMP,damp,True,damp browser-toolbox.connect.DAMP opt e10s fission stylo webrender-sw,4767235,77,ms,firefox,,1772790469,2023-10-11 17:00:17,2003.150798499977,c3bd9971ee561629760beebf6e0a68b664ef111c,1315144,,,,,,,,,,,,,,,,,,,,,,,,,,,,,,,,,,,,,,,,,,,,,,,,,,,,,,,,,,,,,TN,TN
autoland,4768071,12,69b95d09da21c937720a8d3aaca237f47b683aa9,linux1804-64-shippable-qr,True,False,,,102210fe594ee9b33d82058545b1ed14f4c8206e,browser-toolbox.connect.DAMP,damp,True,damp browser-toolbox.connect.DAMP opt e10s fission stylo webrender-sw,4767235,77,ms,firefox,,1772787607,2023-10-11 17:01:08,1974.7672560000135,da60722521343f60ae4cda9ba021a72da1e47e87,1315146,,,,,,,,,,,,,,,,,,,,,,,,,,,,,,,,,,,,,,,,,,,,,,,,,,,,,,,,,,,,,TN,TN
autoland,4768071,12,69b95d09da21c937720a8d3aaca237f47b683aa9,linux1804-64-shippable-qr,True,False,,,102210fe594ee9b33d82058545b1ed14f4c8206e,browser-toolbox.connect.DAMP,damp,True,damp browser-toolbox.connect.DAMP opt e10s fission stylo webrender-sw,4767235,77,ms,firefox,,1772789033,2023-10-11 17:17:09,1983.771804999997,356c28bc0ad291645000b49424aee6cc6ec8d477,1315163,,,,,,,,,,,,,,,,,,,,,,,,,,,,,,,,,,,,,,,,,,,,,,,,,,,,,,,,,,,,,TN,TN
autoland,4768071,12,69b95d09da21c937720a8d3aaca237f47b683aa9,linux1804-64-shippable-qr,True,False,,,102210fe594ee9b33d82058545b1ed14f4c8206e,browser-toolbox.connect.DAMP,damp,True,damp browser-toolbox.connect.DAMP opt e10s fission stylo webrender-sw,4767235,77,ms,firefox,,1771828707,2023-10-11 17:21:18,1971.8045340000167,be8d8e6ec4b7216d8dcb9b4ff8c8a413fc83da74,1315168,,,,,,,,,,,,,,,,,,,,,,,,,,,,,,,,,,,,,,,,,,,,,,,,,,,,,,,,,,,,,TN,TN
autoland,4768071,12,69b95d09da21c937720a8d3aaca237f47b683aa9,linux1804-64-shippable-qr,True,False,,,102210fe594ee9b33d82058545b1ed14f4c8206e,browser-toolbox.connect.DAMP,damp,True,damp browser-toolbox.connect.DAMP opt e10s fission stylo webrender-sw,4767235,77,ms,firefox,,1771951861,2023-10-11 21:29:22,1974.5192935000011,dfe9eba9757679d9dda934ba7dd5798a0c3360fe,1315364,,,,,,,,,,,,,,,,,,,,,,,,,,,,,,,,,,,,,,,,,,,,,,,,,,,,,,,,,,,,,TN,TN
autoland,4768071,12,69b95d09da21c937720a8d3aaca237f47b683aa9,linux1804-64-shippable-qr,True,False,,,102210fe594ee9b33d82058545b1ed14f4c8206e,browser-toolbox.connect.DAMP,damp,True,damp browser-toolbox.connect.DAMP opt e10s fission stylo webrender-sw,4767235,77,ms,firefox,,1771966415,2023-10-11 21:41:54,1984.8136864999976,2cbc64e7dbb0cd771d39710e5c3f2ed9a7e02b50,1315372,,,,,,,,,,,,,,,,,,,,,,,,,,,,,,,,,,,,,,,,,,,,,,,,,,,,,,,,,,,,,TN,TN
autoland,4768071,12,69b95d09da21c937720a8d3aaca237f47b683aa9,linux1804-64-shippable-qr,True,False,,,102210fe594ee9b33d82058545b1ed14f4c8206e,browser-toolbox.connect.DAMP,damp,True,damp browser-toolbox.connect.DAMP opt e10s fission stylo webrender-sw,4767235,77,ms,firefox,,1772169722,2023-10-12 04:10:05,1958.0260039999996,c77a5d731bccf47b2b9f0714e44d5943f903d95e,1315494,,,,,,,,,,,,,,,,,,,,,,,,,,,,,,,,,,,,,,,,,,,,,,,,,,,,,,,,,,,,,TN,TN
autoland,4768071,12,69b95d09da21c937720a8d3aaca237f47b683aa9,linux1804-64-shippable-qr,True,False,,,102210fe594ee9b33d82058545b1ed14f4c8206e,browser-toolbox.connect.DAMP,damp,True,damp browser-toolbox.connect.DAMP opt e10s fission stylo webrender-sw,4767235,77,ms,firefox,,1772240454,2023-10-12 08:16:23,2027.6448650000093,d64dc6406137711ffbc7f0bc42f6794a1c4ad236,1315559,,,,,,,,,,,,,,,,,,,,,,,,,,,,,,,,,,,,,,,,,,,,,,,,,,,,,,,,,,,,,TN,TN
autoland,4768071,12,69b95d09da21c937720a8d3aaca237f47b683aa9,linux1804-64-shippable-qr,True,False,,,102210fe594ee9b33d82058545b1ed14f4c8206e,browser-toolbox.connect.DAMP,damp,True,damp browser-toolbox.connect.DAMP opt e10s fission stylo webrender-sw,4767235,77,ms,firefox,,1772307485,2023-10-12 09:32:06,1982.203013500009,6eb785f75431f10faa331dabd429029e6dd1224e,1315613,,,,,,,,,,,,,,,,,,,,,,,,,,,,,,,,,,,,,,,,,,,,,,,,,,,,,,,,,,,,,TN,TN
autoland,4768071,12,69b95d09da21c937720a8d3aaca237f47b683aa9,linux1804-64-shippable-qr,True,False,,,102210fe594ee9b33d82058545b1ed14f4c8206e,browser-toolbox.connect.DAMP,damp,True,damp browser-toolbox.connect.DAMP opt e10s fission stylo webrender-sw,4767235,77,ms,firefox,,1772429589,2023-10-12 12:42:22,1960.8351184999992,d3c6163a42b6002297fdb7cbb78395ee4495a357,1315709,,,,,,,,,,,,,,,,,,,,,,,,,,,,,,,,,,,,,,,,,,,,,,,,,,,,,,,,,,,,,TN,TN
autoland,4768071,12,69b95d09da21c937720a8d3aaca237f47b683aa9,linux1804-64-shippable-qr,True,False,,,102210fe594ee9b33d82058545b1ed14f4c8206e,browser-toolbox.connect.DAMP,damp,True,damp browser-toolbox.connect.DAMP opt e10s fission stylo webrender-sw,4767235,77,ms,firefox,,1772512557,2023-10-12 17:01:35,1984.9194339999667,c09a0d19d99b488a292e3583cd0bb488afc74173,1315902,,,,,,,,,,,,,,,,,,,,,,,,,,,,,,,,,,,,,,,,,,,,,,,,,,,,,,,,,,,,,TN,TN
autoland,4768071,12,69b95d09da21c937720a8d3aaca237f47b683aa9,linux1804-64-shippable-qr,True,False,,,102210fe594ee9b33d82058545b1ed14f4c8206e,browser-toolbox.connect.DAMP,damp,True,damp browser-toolbox.connect.DAMP opt e10s fission stylo webrender-sw,4767235,77,ms,firefox,,1772522122,2023-10-12 17:02:35,2010.1934119999933,a5369079cd89dd91a42689da9aad1fc607ef9146,1315903,,,,,,,,,,,,,,,,,,,,,,,,,,,,,,,,,,,,,,,,,,,,,,,,,,,,,,,,,,,,,TN,TN
autoland,4768071,12,69b95d09da21c937720a8d3aaca237f47b683aa9,linux1804-64-shippable-qr,True,False,,,102210fe594ee9b33d82058545b1ed14f4c8206e,browser-toolbox.connect.DAMP,damp,True,damp browser-toolbox.connect.DAMP opt e10s fission stylo webrender-sw,4767235,77,ms,firefox,,1772596823,2023-10-12 19:48:41,1984.9801924999772,b9478e8898d6397ccb0ca6d2f90b882083ef91d2,1316052,,,,,,,,,,,,,,,,,,,,,,,,,,,,,,,,,,,,,,,,,,,,,,,,,,,,,,,,,,,,,TN,TN
autoland,4768071,12,69b95d09da21c937720a8d3aaca237f47b683aa9,linux1804-64-shippable-qr,True,False,,,102210fe594ee9b33d82058545b1ed14f4c8206e,browser-toolbox.connect.DAMP,damp,True,damp browser-toolbox.connect.DAMP opt e10s fission stylo webrender-sw,4767235,77,ms,firefox,,1772732240,2023-10-12 23:58:41,1965.041769999996,6769216667ff487b1442f654ee41dc5f12c23983,1316211,,,,,,,,,,,,,,,,,,,,,,,,,,,,,,,,,,,,,,,,,,,,,,,,,,,,,,,,,,,,,TN,TN
autoland,4768071,12,69b95d09da21c937720a8d3aaca237f47b683aa9,linux1804-64-shippable-qr,True,False,,,102210fe594ee9b33d82058545b1ed14f4c8206e,browser-toolbox.connect.DAMP,damp,True,damp browser-toolbox.connect.DAMP opt e10s fission stylo webrender-sw,4767235,77,ms,firefox,,1772838361,2023-10-13 06:04:39,1949.3140220000205,810153993fc0b06ce0eabae2602fc7f74ed9be18,1316292,,,,,,,,,,,,,,,,,,,,,,,,,,,,,,,,,,,,,,,,,,,,,,,,,,,,,,,,,,,,,TN,TN
autoland,4768071,12,69b95d09da21c937720a8d3aaca237f47b683aa9,linux1804-64-shippable-qr,True,False,,,102210fe594ee9b33d82058545b1ed14f4c8206e,browser-toolbox.connect.DAMP,damp,True,damp browser-toolbox.connect.DAMP opt e10s fission stylo webrender-sw,4767235,77,ms,firefox,,1772841631,2023-10-13 06:28:51,2013.6343139999956,930888998f68ddfb0f36d898e98305e459d7cbb2,1316299,,,,,,,,,,,,,,,,,,,,,,,,,,,,,,,,,,,,,,,,,,,,,,,,,,,,,,,,,,,,,TN,TN
autoland,4768071,12,69b95d09da21c937720a8d3aaca237f47b683aa9,linux1804-64-shippable-qr,True,False,,,102210fe594ee9b33d82058545b1ed14f4c8206e,browser-toolbox.connect.DAMP,damp,True,damp browser-toolbox.connect.DAMP opt e10s fission stylo webrender-sw,4767235,77,ms,firefox,,1772997000,2023-10-13 10:45:16,1952.7031679999784,0db2502d9e9503580a800e13235be8c02043bbc0,1316413,,,,,,,,,,,,,,,,,,,,,,,,,,,,,,,,,,,,,,,,,,,,,,,,,,,,,,,,,,,,,TN,TN
autoland,4768071,12,69b95d09da21c937720a8d3aaca237f47b683aa9,linux1804-64-shippable-qr,True,False,,,102210fe594ee9b33d82058545b1ed14f4c8206e,browser-toolbox.connect.DAMP,damp,True,damp browser-toolbox.connect.DAMP opt e10s fission stylo webrender-sw,4767235,77,ms,firefox,,1773024338,2023-10-13 11:42:22,1924.219954500004,8246d773a07ce105d3a9f92b96007867c7df3cc4,1316442,,,,,,,,,,,,,,,,,,,,,,,,,,,,,,,,,,,,,,,,,,,,,,,,,,,,,,,,,,,,,TN,TN
autoland,4768071,12,69b95d09da21c937720a8d3aaca237f47b683aa9,linux1804-64-shippable-qr,True,False,,,102210fe594ee9b33d82058545b1ed14f4c8206e,browser-toolbox.connect.DAMP,damp,True,damp browser-toolbox.connect.DAMP opt e10s fission stylo webrender-sw,4767235,77,ms,firefox,,1773090420,2023-10-13 15:49:30,1990.1738080000212,8adc92d3a6a8eeeefd63f98296c29907c3838316,1316607,,,,,,,,,,,,,,,,,,,,,,,,,,,,,,,,,,,,,,,,,,,,,,,,,,,,,,,,,,,,,TN,TN
autoland,4768071,12,69b95d09da21c937720a8d3aaca237f47b683aa9,linux1804-64-shippable-qr,True,False,,,102210fe594ee9b33d82058545b1ed14f4c8206e,browser-toolbox.connect.DAMP,damp,True,damp browser-toolbox.connect.DAMP opt e10s fission stylo webrender-sw,4767235,77,ms,firefox,,1773075816,2023-10-13 16:11:23,2038.9986684999892,9ba44fb4eeafba4229fe28a6f3b42c79d8d05692,1316611,,,,,,,,,,,,,,,,,,,,,,,,,,,,,,,,,,,,,,,,,,,,,,,,,,,,,,,,,,,,,TN,TN
autoland,4768071,12,69b95d09da21c937720a8d3aaca237f47b683aa9,linux1804-64-shippable-qr,True,False,,,102210fe594ee9b33d82058545b1ed14f4c8206e,browser-toolbox.connect.DAMP,damp,True,damp browser-toolbox.connect.DAMP opt e10s fission stylo webrender-sw,4767235,77,ms,firefox,,1773319789,2023-10-14 00:40:19,1981.7184764999984,bcd044cb6c313be98b766d19688066871ddaa6b3,1316857,,,,,,,,,,,,,,,,,,,,,,,,,,,,,,,,,,,,,,,,,,,,,,,,,,,,,,,,,,,,,TN,TN
autoland,4768071,12,69b95d09da21c937720a8d3aaca237f47b683aa9,linux1804-64-shippable-qr,True,False,,,102210fe594ee9b33d82058545b1ed14f4c8206e,browser-toolbox.connect.DAMP,damp,True,damp browser-toolbox.connect.DAMP opt e10s fission stylo webrender-sw,4767235,77,ms,firefox,,1773364743,2023-10-14 05:14:50,1977.5102995000047,19db6b0f6713fdb1f311426a7899070e3ca19d6b,1316873,,,,,,,,,,,,,,,,,,,,,,,,,,,,,,,,,,,,,,,,,,,,,,,,,,,,,,,,,,,,,TN,TN
autoland,4768071,12,69b95d09da21c937720a8d3aaca237f47b683aa9,linux1804-64-shippable-qr,True,False,,,102210fe594ee9b33d82058545b1ed14f4c8206e,browser-toolbox.connect.DAMP,damp,True,damp browser-toolbox.connect.DAMP opt e10s fission stylo webrender-sw,4767235,77,ms,firefox,,1773436378,2023-10-14 09:25:57,1967.6350315000016,1e870b95242b07bc4961bf7558d0703dd03814b3,1316895,,,,,,,,,,,,,,,,,,,,,,,,,,,,,,,,,,,,,,,,,,,,,,,,,,,,,,,,,,,,,TN,TN
autoland,4768071,12,69b95d09da21c937720a8d3aaca237f47b683aa9,linux1804-64-shippable-qr,True,False,,,102210fe594ee9b33d82058545b1ed14f4c8206e,browser-toolbox.connect.DAMP,damp,True,damp browser-toolbox.connect.DAMP opt e10s fission stylo webrender-sw,4767235,77,ms,firefox,,1773553663,2023-10-14 16:14:11,2058.965403499955,3f99c563251ec523301e9d46e6904989fc827306,1316942,,,,,,,,,,,,,,,,,,,,,,,,,,,,,,,,,,,,,,,,,,,,,,,,,,,,,,,,,,,,,TN,TN
autoland,4768071,12,69b95d09da21c937720a8d3aaca237f47b683aa9,linux1804-64-shippable-qr,True,False,,,102210fe594ee9b33d82058545b1ed14f4c8206e,browser-toolbox.connect.DAMP,damp,True,damp browser-toolbox.connect.DAMP opt e10s fission stylo webrender-sw,4767235,77,ms,firefox,,1773691129,2023-10-15 06:24:19,2032.8581264999884,468469f54da6070a84314dc3c4ddcdfaca74b714,1316977,,,,,,,,,,,,,,,,,,,,,,,,,,,,,,,,,,,,,,,,,,,,,,,,,,,,,,,,,,,,,TN,TN
autoland,4768071,12,69b95d09da21c937720a8d3aaca237f47b683aa9,linux1804-64-shippable-qr,True,False,,,102210fe594ee9b33d82058545b1ed14f4c8206e,browser-toolbox.connect.DAMP,damp,True,damp browser-toolbox.connect.DAMP opt e10s fission stylo webrender-sw,4767235,77,ms,firefox,,1773758717,2023-10-15 10:45:53,1976.5779514999888,91657cb1296c904004ace38877b9ca91f502be3f,1317007,,,,,,,,,,,,,,,,,,,,,,,,,,,,,,,,,,,,,,,,,,,,,,,,,,,,,,,,,,,,,TN,TN
autoland,4768071,12,69b95d09da21c937720a8d3aaca237f47b683aa9,linux1804-64-shippable-qr,True,False,,,102210fe594ee9b33d82058545b1ed14f4c8206e,browser-toolbox.connect.DAMP,damp,True,damp browser-toolbox.connect.DAMP opt e10s fission stylo webrender-sw,4767235,77,ms,firefox,,1773803600,2023-10-15 15:32:44,1958.4195424999923,aba20bc488e22880b8ef5a89916ecabb51cee798,1317021,,,,,,,,,,,,,,,,,,,,,,,,,,,,,,,,,,,,,,,,,,,,,,,,,,,,,,,,,,,,,TN,TN
autoland,4768071,12,69b95d09da21c937720a8d3aaca237f47b683aa9,linux1804-64-shippable-qr,True,False,,,102210fe594ee9b33d82058545b1ed14f4c8206e,browser-toolbox.connect.DAMP,damp,True,damp browser-toolbox.connect.DAMP opt e10s fission stylo webrender-sw,4767235,77,ms,firefox,,1773911190,2023-10-16 01:55:37,1957.1366565000208,f3de6f924333ec7c359d81d9fb16a9fca07ee42e,1317071,,,,,,,,,,,,,,,,,,,,,,,,,,,,,,,,,,,,,,,,,,,,,,,,,,,,,,,,,,,,,TN,TN
autoland,4768071,12,69b95d09da21c937720a8d3aaca237f47b683aa9,linux1804-64-shippable-qr,True,False,,,102210fe594ee9b33d82058545b1ed14f4c8206e,browser-toolbox.connect.DAMP,damp,True,damp browser-toolbox.connect.DAMP opt e10s fission stylo webrender-sw,4767235,77,ms,firefox,,1773970570,2023-10-16 05:57:00,1953.9067864999813,e891ad8158b3106dceb2199ed2c74c0c2f05fa88,1317093,,,,,,,,,,,,,,,,,,,,,,,,,,,,,,,,,,,,,,,,,,,,,,,,,,,,,,,,,,,,,TN,TN
autoland,4768071,12,69b95d09da21c937720a8d3aaca237f47b683aa9,linux1804-64-shippable-qr,True,False,,,102210fe594ee9b33d82058545b1ed14f4c8206e,browser-toolbox.connect.DAMP,damp,True,damp browser-toolbox.connect.DAMP opt e10s fission stylo webrender-sw,4767235,77,ms,firefox,,1774122330,2023-10-16 10:06:37,1973.3829225000156,e009aa26b6f79e7e5af18000b983f6decaa90eed,1317197,,,,,,,,,,,,,,,,,,,,,,,,,,,,,,,,,,,,,,,,,,,,,,,,,,,,,,,,,,,,,TN,TN
autoland,4768071,12,69b95d09da21c937720a8d3aaca237f47b683aa9,linux1804-64-shippable-qr,True,False,,,102210fe594ee9b33d82058545b1ed14f4c8206e,browser-toolbox.connect.DAMP,damp,True,damp browser-toolbox.connect.DAMP opt e10s fission stylo webrender-sw,4767235,77,ms,firefox,,1774163554,2023-10-16 11:25:28,1961.02310999998,8cb2f63a1e705ad6bf77a8f6dcb151aa3b67d2e6,1317241,,,,,,,,,,,,,,,,,,,,,,,,,,,,,,,,,,,,,,,,,,,,,,,,,,,,,,,,,,,,,TN,TN
autoland,4768071,12,69b95d09da21c937720a8d3aaca237f47b683aa9,linux1804-64-shippable-qr,True,False,,,102210fe594ee9b33d82058545b1ed14f4c8206e,browser-toolbox.connect.DAMP,damp,True,damp browser-toolbox.connect.DAMP opt e10s fission stylo webrender-sw,4767235,77,ms,firefox,,1774305351,2023-10-16 15:34:18,1966.481543499991,e0dd0b10e8fd0ea751f11fb0a6548ad9b6780e16,1317419,,,,,,,,,,,,,,,,,,,,,,,,,,,,,,,,,,,,,,,,,,,,,,,,,,,,,,,,,,,,,TN,TN
autoland,4768071,12,69b95d09da21c937720a8d3aaca237f47b683aa9,linux1804-64-shippable-qr,True,False,,,102210fe594ee9b33d82058545b1ed14f4c8206e,browser-toolbox.connect.DAMP,damp,True,damp browser-toolbox.connect.DAMP opt e10s fission stylo webrender-sw,4767235,77,ms,firefox,,1774416231,2023-10-16 19:06:00,1988.0956729999743,36e5163d2528daaa5669d0f9284470b070c8882e,1317546,,,,,,,,,,,,,,,,,,,,,,,,,,,,,,,,,,,,,,,,,,,,,,,,,,,,,,,,,,,,,TN,TN
autoland,4768071,12,69b95d09da21c937720a8d3aaca237f47b683aa9,linux1804-64-shippable-qr,True,False,,,102210fe594ee9b33d82058545b1ed14f4c8206e,browser-toolbox.connect.DAMP,damp,True,damp browser-toolbox.connect.DAMP opt e10s fission stylo webrender-sw,4767235,77,ms,firefox,,1774570396,2023-10-17 00:17:31,1987.2924690000077,e4bf7b3e037323072304a1b1327df57c4a54b560,1317700,,,,,,,,,,,,,,,,,,,,,,,,,,,,,,,,,,,,,,,,,,,,,,,,,,,,,,,,,,,,,TN,TN
autoland,4768071,12,69b95d09da21c937720a8d3aaca237f47b683aa9,linux1804-64-shippable-qr,True,False,,,102210fe594ee9b33d82058545b1ed14f4c8206e,browser-toolbox.connect.DAMP,damp,True,damp browser-toolbox.connect.DAMP opt e10s fission stylo webrender-sw,4767235,77,ms,firefox,,1774754395,2023-10-17 05:18:57,1951.9431225000155,896b283a3e7185d805f59d4dcb3d6bb89e9e62d8,1317768,,,,,,,,,,,,,,,,,,,,,,,,,,,,,,,,,,,,,,,,,,,,,,,,,,,,,,,,,,,,,TN,TN
autoland,4768071,12,69b95d09da21c937720a8d3aaca237f47b683aa9,linux1804-64-shippable-qr,True,False,,,102210fe594ee9b33d82058545b1ed14f4c8206e,browser-toolbox.connect.DAMP,damp,True,damp browser-toolbox.connect.DAMP opt e10s fission stylo webrender-sw,4767235,77,ms,firefox,,1774769122,2023-10-17 06:01:55,1989.064024999985,ca60a5861d4a8bd5de1c8e5a9f76c9e35767c38c,1317782,,,,,,,,,,,,,,,,,,,,,,,,,,,,,,,,,,,,,,,,,,,,,,,,,,,,,,,,,,,,,TN,TN
autoland,4768071,12,69b95d09da21c937720a8d3aaca237f47b683aa9,linux1804-64-shippable-qr,True,False,,,102210fe594ee9b33d82058545b1ed14f4c8206e,browser-toolbox.connect.DAMP,damp,True,damp browser-toolbox.connect.DAMP opt e10s fission stylo webrender-sw,4767235,77,ms,firefox,,1774896731,2023-10-17 10:34:28,1957.956158500005,d59eb47c0fe47f9dd6886090330bcd49c47262ce,1317920,,,,,,,,,,,,,,,,,,,,,,,,,,,,,,,,,,,,,,,,,,,,,,,,,,,,,,,,,,,,,TN,TN
autoland,4768071,12,69b95d09da21c937720a8d3aaca237f47b683aa9,linux1804-64-shippable-qr,True,False,,,102210fe594ee9b33d82058545b1ed14f4c8206e,browser-toolbox.connect.DAMP,damp,True,damp browser-toolbox.connect.DAMP opt e10s fission stylo webrender-sw,4767235,77,ms,firefox,,1775008318,2023-10-17 13:02:41,1972.899738500004,9b7c81791d7f619271724e082934a933604e20da,1318010,,,,,,,,,,,,,,,,,,,,,,,,,,,,,,,,,,,,,,,,,,,,,,,,,,,,,,,,,,,,,TN,TN
autoland,4768071,12,69b95d09da21c937720a8d3aaca237f47b683aa9,linux1804-64-shippable-qr,True,False,,,102210fe594ee9b33d82058545b1ed14f4c8206e,browser-toolbox.connect.DAMP,damp,True,damp browser-toolbox.connect.DAMP opt e10s fission stylo webrender-sw,4767235,77,ms,firefox,,1775220181,2023-10-17 16:53:16,2023.2626655000056,684641630402200d14bf5126668b97a4f280fe59,1318176,,,,,,,,,,,,,,,,,,,,,,,,,,,,,,,,,,,,,,,,,,,,,,,,,,,,,,,,,,,,,TN,TN
autoland,4768071,12,69b95d09da21c937720a8d3aaca237f47b683aa9,linux1804-64-shippable-qr,True,False,,,102210fe594ee9b33d82058545b1ed14f4c8206e,browser-toolbox.connect.DAMP,damp,True,damp browser-toolbox.connect.DAMP opt e10s fission stylo webrender-sw,4767235,77,ms,firefox,,1775367031,2023-10-17 21:03:18,1992.030907500026,421ffc7aa24ace087dc2a09680943f412adc38ff,1318349,,,,,,,,,,,,,,,,,,,,,,,,,,,,,,,,,,,,,,,,,,,,,,,,,,,,,,,,,,,,,TN,TN
autoland,4768071,12,69b95d09da21c937720a8d3aaca237f47b683aa9,linux1804-64-shippable-qr,True,False,,,102210fe594ee9b33d82058545b1ed14f4c8206e,browser-toolbox.connect.DAMP,damp,True,damp browser-toolbox.connect.DAMP opt e10s fission stylo webrender-sw,4767235,77,ms,firefox,,1775378821,2023-10-17 21:04:13,1953.710060999976,4091bed4a0aae7772537e08e6cb49bf0bc7434c9,1318350,,,,,,,,,,,,,,,,,,,,,,,,,,,,,,,,,,,,,,,,,,,,,,,,,,,,,,,,,,,,,TN,TN
autoland,4768071,12,69b95d09da21c937720a8d3aaca237f47b683aa9,linux1804-64-shippable-qr,True,False,,,102210fe594ee9b33d82058545b1ed14f4c8206e,browser-toolbox.connect.DAMP,damp,True,damp browser-toolbox.connect.DAMP opt e10s fission stylo webrender-sw,4767235,77,ms,firefox,,1775575962,2023-10-18 01:40:11,1976.3027955,ba691c21c968a48e1bd212426fcc20fa5f4c276d,1318466,,,,,,,,,,,,,,,,,,,,,,,,,,,,,,,,,,,,,,,,,,,,,,,,,,,,,,,,,,,,,TN,TN
autoland,4768071,12,69b95d09da21c937720a8d3aaca237f47b683aa9,linux1804-64-shippable-qr,True,False,,,102210fe594ee9b33d82058545b1ed14f4c8206e,browser-toolbox.connect.DAMP,damp,True,damp browser-toolbox.connect.DAMP opt e10s fission stylo webrender-sw,4767235,77,ms,firefox,,1775691209,2023-10-18 07:31:34,1985.3416800000268,47d77a0e86e138652fedb38962b9709f9c0fb98d,1318540,,,,,,,,,,,,,,,,,,,,,,,,,,,,,,,,,,,,,,,,,,,,,,,,,,,,,,,,,,,,,TN,TN
autoland,4768071,12,69b95d09da21c937720a8d3aaca237f47b683aa9,linux1804-64-shippable-qr,True,False,,,102210fe594ee9b33d82058545b1ed14f4c8206e,browser-toolbox.connect.DAMP,damp,True,damp browser-toolbox.connect.DAMP opt e10s fission stylo webrender-sw,4767235,77,ms,firefox,,1775907445,2023-10-18 11:51:04,1964.3418645000493,639c0da2250e38bb3102b66c6105aaf808e2a817,1318689,,,,,,,,,,,,,,,,,,,,,,,,,,,,,,,,,,,,,,,,,,,,,,,,,,,,,,,,,,,,,TN,TN
autoland,4768071,12,69b95d09da21c937720a8d3aaca237f47b683aa9,linux1804-64-shippable-qr,True,False,,,102210fe594ee9b33d82058545b1ed14f4c8206e,browser-toolbox.connect.DAMP,damp,True,damp browser-toolbox.connect.DAMP opt e10s fission stylo webrender-sw,4767235,77,ms,firefox,,1776105600,2023-10-18 16:05:19,1969.398566000018,023ae54874d34eb300cdfa9630da4455cb406ad3,1318932,,,,,,,,,,,,,,,,,,,,,,,,,,,,,,,,,,,,,,,,,,,,,,,,,,,,,,,,,,,,,TN,TN
autoland,4768071,12,69b95d09da21c937720a8d3aaca237f47b683aa9,linux1804-64-shippable-qr,True,False,,,102210fe594ee9b33d82058545b1ed14f4c8206e,browser-toolbox.connect.DAMP,damp,True,damp browser-toolbox.connect.DAMP opt e10s fission stylo webrender-sw,4767235,77,ms,firefox,,1776185440,2023-10-18 16:32:33,1947.2894949999973,361e571454e94ba0cfa1a86d2a7f63a24455581c,1318947,,,,,,,,,,,,,,,,,,,,,,,,,,,,,,,,,,,,,,,,,,,,,,,,,,,,,,,,,,,,,TN,TN
autoland,4768071,12,69b95d09da21c937720a8d3aaca237f47b683aa9,linux1804-64-shippable-qr,True,False,,,102210fe594ee9b33d82058545b1ed14f4c8206e,browser-toolbox.connect.DAMP,damp,True,damp browser-toolbox.connect.DAMP opt e10s fission stylo webrender-sw,4767235,77,ms,firefox,,1776391652,2023-10-18 20:42:45,1968.7810755000248,77f05957a4fc15dc053469145b93089adfec3484,1319167,,,,,,,,,,,,,,,,,,,,,,,,,,,,,,,,,,,,,,,,,,,,,,,,,,,,,,,,,,,,,TN,TN
autoland,4768071,12,69b95d09da21c937720a8d3aaca237f47b683aa9,linux1804-64-shippable-qr,True,False,,,102210fe594ee9b33d82058545b1ed14f4c8206e,browser-toolbox.connect.DAMP,damp,True,damp browser-toolbox.connect.DAMP opt e10s fission stylo webrender-sw,4767235,77,ms,firefox,,1776343010,2023-10-18 20:46:18,1973.9142034999968,e059b0995a2a62238ca266c3ed9955434ac43517,1319169,,,,,,,,,,,,,,,,,,,,,,,,,,,,,,,,,,,,,,,,,,,,,,,,,,,,,,,,,,,,,TN,TN
autoland,4768071,12,69b95d09da21c937720a8d3aaca237f47b683aa9,linux1804-64-shippable-qr,True,False,,,102210fe594ee9b33d82058545b1ed14f4c8206e,browser-toolbox.connect.DAMP,damp,True,damp browser-toolbox.connect.DAMP opt e10s fission stylo webrender-sw,4767235,77,ms,firefox,,1776428642,2023-10-18 23:25:14,2004.952660999996,beb80bb8c90921077e9c1130ad5a8e925dc060b7,1319276,,,,,,,,,,,,,,,,,,,,,,,,,,,,,,,,,,,,,,,,,,,,,,,,,,,,,,,,,,,,,TN,TN
autoland,4768071,12,69b95d09da21c937720a8d3aaca237f47b683aa9,linux1804-64-shippable-qr,True,False,,,102210fe594ee9b33d82058545b1ed14f4c8206e,browser-toolbox.connect.DAMP,damp,True,damp browser-toolbox.connect.DAMP opt e10s fission stylo webrender-sw,4767235,77,ms,firefox,,1776626758,2023-10-19 04:23:12,1629.6495059999725,53cee944c60ac3c237a9aa2dacd19aa6bde80c2a,1319373,,,,,,,,,,,,,,,,,,,,,,,,,,,,,,,,,,,,,,,,,,,,,,,,,,,,,,,,,,,,,TN,TN
autoland,4768071,12,69b95d09da21c937720a8d3aaca237f47b683aa9,linux1804-64-shippable-qr,True,False,,,102210fe594ee9b33d82058545b1ed14f4c8206e,browser-toolbox.connect.DAMP,damp,True,damp browser-toolbox.connect.DAMP opt e10s fission stylo webrender-sw,4767235,77,ms,firefox,,1776764739,2023-10-19 08:39:29,2008.437528999988,a9a0ca5dc9605973d81ded607dfccd4d0a08dc68,1319455,,,,,,,,,,,,,,,,,,,,,,,,,,,,,,,,,,,,,,,,,,,,,,,,,,,,,,,,,,,,,TN,TN
autoland,4768071,12,69b95d09da21c937720a8d3aaca237f47b683aa9,linux1804-64-shippable-qr,True,False,,,102210fe594ee9b33d82058545b1ed14f4c8206e,browser-toolbox.connect.DAMP,damp,True,damp browser-toolbox.connect.DAMP opt e10s fission stylo webrender-sw,4767235,77,ms,firefox,,1776901726,2023-10-19 12:43:18,1981.296437500001,2981b7bbee06c518301e1542545e92b6d80a8d0b,1319613,,,,,,,,,,,,,,,,,,,,,,,,,,,,,,,,,,,,,,,,,,,,,,,,,,,,,,,,,,,,,TN,TN
autoland,4768071,12,69b95d09da21c937720a8d3aaca237f47b683aa9,linux1804-64-shippable-qr,True,False,,,102210fe594ee9b33d82058545b1ed14f4c8206e,browser-toolbox.connect.DAMP,damp,True,damp browser-toolbox.connect.DAMP opt e10s fission stylo webrender-sw,4767235,77,ms,firefox,,1776869160,2023-10-19 12:48:25,1980.9654040000169,8be39770f68cb52d1a2b14bdf31a34f5e54212e8,1319617,,,,,,,,,,,,,,,,,,,,,,,,,,,,,,,,,,,,,,,,,,,,,,,,,,,,,,,,,,,,,TN,TN
autoland,4768071,12,69b95d09da21c937720a8d3aaca237f47b683aa9,linux1804-64-shippable-qr,True,False,,,102210fe594ee9b33d82058545b1ed14f4c8206e,browser-toolbox.connect.DAMP,damp,True,damp browser-toolbox.connect.DAMP opt e10s fission stylo webrender-sw,4767235,77,ms,firefox,,1776961525,2023-10-19 17:06:19,1975.949365499997,fafeb43eefd13b4df24d6526d729b15fb42b7d27,1319833,,,,,,,,,,,,,,,,,,,,,,,,,,,,,,,,,,,,,,,,,,,,,,,,,,,,,,,,,,,,,TN,TN
autoland,4768071,12,69b95d09da21c937720a8d3aaca237f47b683aa9,linux1804-64-shippable-qr,True,False,,,102210fe594ee9b33d82058545b1ed14f4c8206e,browser-toolbox.connect.DAMP,damp,True,damp browser-toolbox.connect.DAMP opt e10s fission stylo webrender-sw,4767235,77,ms,firefox,,1777080136,2023-10-19 22:45:17,1944.1273585000015,b557109f1b5dd0a5c7be013c630945f886e17708,1320076,,,,,,,,,,,,,,,,,,,,,,,,,,,,,,,,,,,,,,,,,,,,,,,,,,,,,,,,,,,,,TN,TN
autoland,4768071,12,69b95d09da21c937720a8d3aaca237f47b683aa9,linux1804-64-shippable-qr,True,False,,,102210fe594ee9b33d82058545b1ed14f4c8206e,browser-toolbox.connect.DAMP,damp,True,damp browser-toolbox.connect.DAMP opt e10s fission stylo webrender-sw,4767235,77,ms,firefox,,1777110348,2023-10-19 22:59:16,1990.8773694999984,0546c85daa8d8b6f7a8c5a842fdf1a990215e249,1320081,,,,,,,,,,,,,,,,,,,,,,,,,,,,,,,,,,,,,,,,,,,,,,,,,,,,,,,,,,,,,TN,TN
autoland,4768071,12,69b95d09da21c937720a8d3aaca237f47b683aa9,linux1804-64-shippable-qr,True,False,,,102210fe594ee9b33d82058545b1ed14f4c8206e,browser-toolbox.connect.DAMP,damp,True,damp browser-toolbox.connect.DAMP opt e10s fission stylo webrender-sw,4767235,77,ms,firefox,,1777212974,2023-10-20 03:32:37,1953.157374500006,dc0d913ecc2486cafc7a005d2fe6705f2c7da222,1320137,,,,,,,,,,,,,,,,,,,,,,,,,,,,,,,,,,,,,,,,,,,,,,,,,,,,,,,,,,,,,TN,TN
autoland,4768071,12,69b95d09da21c937720a8d3aaca237f47b683aa9,linux1804-64-shippable-qr,True,False,,,102210fe594ee9b33d82058545b1ed14f4c8206e,browser-toolbox.connect.DAMP,damp,True,damp browser-toolbox.connect.DAMP opt e10s fission stylo webrender-sw,4767235,77,ms,firefox,,1777362221,2023-10-20 09:14:56,2006.1304429999943,5ebf0b67d0519897b95e84598900434fe92b7abb,1320186,,,,,,,,,,,,,,,,,,,,,,,,,,,,,,,,,,,,,,,,,,,,,,,,,,,,,,,,,,,,,TN,TN
autoland,4768071,12,69b95d09da21c937720a8d3aaca237f47b683aa9,linux1804-64-shippable-qr,True,False,,,102210fe594ee9b33d82058545b1ed14f4c8206e,browser-toolbox.connect.DAMP,damp,True,damp browser-toolbox.connect.DAMP opt e10s fission stylo webrender-sw,4767235,77,ms,firefox,,1777468814,2023-10-20 14:06:35,1972.3629900000087,dfa7f17930eb1b48ff7435494924a0711114e40a,1320283,,,,,,,,,,,,,,,,,,,,,,,,,,,,,,,,,,,,,,,,,,,,,,,,,,,,,,,,,,,,,TN,TN
autoland,4768071,12,69b95d09da21c937720a8d3aaca237f47b683aa9,linux1804-64-shippable-qr,True,False,,,102210fe594ee9b33d82058545b1ed14f4c8206e,browser-toolbox.connect.DAMP,damp,True,damp browser-toolbox.connect.DAMP opt e10s fission stylo webrender-sw,4767235,77,ms,firefox,,1777447231,2023-10-20 15:24:34,1977.1215059999888,8f4fc4b6cc05c16482986671d19d546faf6cb212,1320314,,,,,,,,,,,,,,,,,,,,,,,,,,,,,,,,,,,,,,,,,,,,,,,,,,,,,,,,,,,,,TN,TN
autoland,4768071,12,69b95d09da21c937720a8d3aaca237f47b683aa9,linux1804-64-shippable-qr,True,False,,,102210fe594ee9b33d82058545b1ed14f4c8206e,browser-toolbox.connect.DAMP,damp,True,damp browser-toolbox.connect.DAMP opt e10s fission stylo webrender-sw,4767235,77,ms,firefox,,1777555742,2023-10-20 21:24:05,1986.4472505000008,f4da998c2ad5be8d29b4e2523b56d9d5e2a58984,1320380,,,,,,,,,,,,,,,,,,,,,,,,,,,,,,,,,,,,,,,,,,,,,,,,,,,,,,,,,,,,,TN,TN
autoland,4768071,12,69b95d09da21c937720a8d3aaca237f47b683aa9,linux1804-64-shippable-qr,True,False,,,102210fe594ee9b33d82058545b1ed14f4c8206e,browser-toolbox.connect.DAMP,damp,True,damp browser-toolbox.connect.DAMP opt e10s fission stylo webrender-sw,4767235,77,ms,firefox,,1777671583,2023-10-21 14:30:38,1946.6039689999743,4124eee4f58ca46e13cb937c757a2fe1875120f0,1320453,,,,,,,,,,,,,,,,,,,,,,,,,,,,,,,,,,,,,,,,,,,,,,,,,,,,,,,,,,,,,TN,TN
autoland,4768071,12,69b95d09da21c937720a8d3aaca237f47b683aa9,linux1804-64-shippable-qr,True,False,,,102210fe594ee9b33d82058545b1ed14f4c8206e,browser-toolbox.connect.DAMP,damp,True,damp browser-toolbox.connect.DAMP opt e10s fission stylo webrender-sw,4767235,77,ms,firefox,,1777822435,2023-10-22 19:07:04,1972.8315394999809,529ec79bcdfd6a273fe6607c2a34bcc93c009ec5,1320522,,,,,,,,,,,,,,,,,,,,,,,,,,,,,,,,,,,,,,,,,,,,,,,,,,,,,,,,,,,,,TN,TN
autoland,4768071,12,69b95d09da21c937720a8d3aaca237f47b683aa9,linux1804-64-shippable-qr,True,False,,,102210fe594ee9b33d82058545b1ed14f4c8206e,browser-toolbox.connect.DAMP,damp,True,damp browser-toolbox.connect.DAMP opt e10s fission stylo webrender-sw,4767235,77,ms,firefox,,1777918072,2023-10-22 21:46:31,1960.1195824999888,52f2e6e80f6f7d8ab6eaaa36c4aa47c5be27a7a1,1320539,,,,,,,,,,,,,,,,,,,,,,,,,,,,,,,,,,,,,,,,,,,,,,,,,,,,,,,,,,,,,TN,TN
autoland,4768071,12,69b95d09da21c937720a8d3aaca237f47b683aa9,linux1804-64-shippable-qr,True,False,,,102210fe594ee9b33d82058545b1ed14f4c8206e,browser-toolbox.connect.DAMP,damp,True,damp browser-toolbox.connect.DAMP opt e10s fission stylo webrender-sw,4767235,77,ms,firefox,,1778046080,2023-10-23 11:07:29,1968.301651000016,acba8a75249bc2b26b143d4d2830575cf0d7bcc2,1320744,,,,,,,,,,,,,,,,,,,,,,,,,,,,,,,,,,,,,,,,,,,,,,,,,,,,,,,,,,,,,TN,TN
autoland,4768071,12,69b95d09da21c937720a8d3aaca237f47b683aa9,linux1804-64-shippable-qr,True,False,,,102210fe594ee9b33d82058545b1ed14f4c8206e,browser-toolbox.connect.DAMP,damp,True,damp browser-toolbox.connect.DAMP opt e10s fission stylo webrender-sw,4767235,77,ms,firefox,,1778168827,2023-10-23 12:26:53,1999.748788499972,818b5938920e6868a3f3b5a16b0c972bd8ec5cfc,1320781,,,,,,,,,,,,,,,,,,,,,,,,,,,,,,,,,,,,,,,,,,,,,,,,,,,,,,,,,,,,,TN,TN
autoland,4768071,12,69b95d09da21c937720a8d3aaca237f47b683aa9,linux1804-64-shippable-qr,True,False,,,102210fe594ee9b33d82058545b1ed14f4c8206e,browser-toolbox.connect.DAMP,damp,True,damp browser-toolbox.connect.DAMP opt e10s fission stylo webrender-sw,4767235,77,ms,firefox,,1778526079,2023-10-23 15:48:05,2024.943993000008,f222bdcd6517e233cb62a3164afd50fd17a55e62,1320978,,,,,,,,,,,,,,,,,,,,,,,,,,,,,,,,,,,,,,,,,,,,,,,,,,,,,,,,,,,,,TN,TN
autoland,4768071,12,69b95d09da21c937720a8d3aaca237f47b683aa9,linux1804-64-shippable-qr,True,False,,,102210fe594ee9b33d82058545b1ed14f4c8206e,browser-toolbox.connect.DAMP,damp,True,damp browser-toolbox.connect.DAMP opt e10s fission stylo webrender-sw,4767235,77,ms,firefox,,1778343072,2023-10-23 17:53:04,1968.5171154999844,00c1813123fd4ca7ec1446ebdabe2848814e550e,1321095,,,,,,,,,,,,,,,,,,,,,,,,,,,,,,,,,,,,,,,,,,,,,,,,,,,,,,,,,,,,,TN,TN
autoland,4768071,12,69b95d09da21c937720a8d3aaca237f47b683aa9,linux1804-64-shippable-qr,True,False,,,102210fe594ee9b33d82058545b1ed14f4c8206e,browser-toolbox.connect.DAMP,damp,True,damp browser-toolbox.connect.DAMP opt e10s fission stylo webrender-sw,4767235,77,ms,firefox,,1778607101,2023-10-23 20:36:06,1968.7696254999971,0fdbf0a455f26afa0a7a0390d6a380e318fce9d4,1321210,,,,,,,,,,,,,,,,,,,,,,,,,,,,,,,,,,,,,,,,,,,,,,,,,,,,,,,,,,,,,TN,TN
autoland,4768071,12,69b95d09da21c937720a8d3aaca237f47b683aa9,linux1804-64-shippable-qr,True,False,,,102210fe594ee9b33d82058545b1ed14f4c8206e,browser-toolbox.connect.DAMP,damp,True,damp browser-toolbox.connect.DAMP opt e10s fission stylo webrender-sw,4767235,77,ms,firefox,,1780894162,2023-10-23 21:38:19,2004.8603580000129,58f0ab3ba4b94ae11eaa2ee7ebc4616e4e29bc30,1321253,,,,,,,,,,,,,,,,,,,,,,,,,,,,,,,,,,,,,,,,,,,,,,,,,,,,,,,,,,,,,TN,TN
autoland,4768071,12,69b95d09da21c937720a8d3aaca237f47b683aa9,linux1804-64-shippable-qr,True,False,,,102210fe594ee9b33d82058545b1ed14f4c8206e,browser-toolbox.connect.DAMP,damp,True,damp browser-toolbox.connect.DAMP opt e10s fission stylo webrender-sw,4767235,77,ms,firefox,,1780892025,2023-10-23 21:40:33,2014.038242499999,6e62be0f50a4de33b786f496a236a9bb9139f3f0,1321257,,,,,,,,,,,,,,,,,,,,,,,,,,,,,,,,,,,,,,,,,,,,,,,,,,,,,,,,,,,,,TN,TN
autoland,4768071,12,69b95d09da21c937720a8d3aaca237f47b683aa9,linux1804-64-shippable-qr,True,False,,,102210fe594ee9b33d82058545b1ed14f4c8206e,browser-toolbox.connect.DAMP,damp,True,damp browser-toolbox.connect.DAMP opt e10s fission stylo webrender-sw,4767235,77,ms,firefox,,1780894048,2023-10-23 21:42:38,2014.4559545000084,735d82e60fb63e23d4b866a992afec6920afa34f,1321260,,,,,,,,,,,,,,,,,,,,,,,,,,,,,,,,,,,,,,,,,,,,,,,,,,,,,,,,,,,,,TN,TN
autoland,4768071,12,69b95d09da21c937720a8d3aaca237f47b683aa9,linux1804-64-shippable-qr,True,False,,,102210fe594ee9b33d82058545b1ed14f4c8206e,browser-toolbox.connect.DAMP,damp,True,damp browser-toolbox.connect.DAMP opt e10s fission stylo webrender-sw,4767235,77,ms,firefox,,1780892240,2023-10-23 21:43:32,2036.5976434999905,e7761656cb087a90c34670d22417af55c20a112a,1321261,,,,,,,,,,,,,,,,,,,,,,,,,,,,,,,,,,,,,,,,,,,,,,,,,,,,,,,,,,,,,TN,TN
autoland,4768071,12,69b95d09da21c937720a8d3aaca237f47b683aa9,linux1804-64-shippable-qr,True,False,,,102210fe594ee9b33d82058545b1ed14f4c8206e,browser-toolbox.connect.DAMP,damp,True,damp browser-toolbox.connect.DAMP opt e10s fission stylo webrender-sw,4767235,77,ms,firefox,,1780797620,2023-10-23 21:47:12,2028.516261000026,4b8cd756768aa9c15853f687f5e9be7d11692c3b,1321262,,,,,,,,,,,,,,,,,,,,,,,,,,,,,,,,,,,,,,,,,,,,,,,,,,,,,,,,,,,,,TN,TN
autoland,4768071,12,69b95d09da21c937720a8d3aaca237f47b683aa9,linux1804-64-shippable-qr,True,False,,,102210fe594ee9b33d82058545b1ed14f4c8206e,browser-toolbox.connect.DAMP,damp,True,damp browser-toolbox.connect.DAMP opt e10s fission stylo webrender-sw,4767235,77,ms,firefox,,1780615764,2023-10-23 21:57:34,1944.2263534999877,75f62a89f923568bb4d1ce44bb4a135472316a21,1321270,,,,,,,,,,,,,,,,,,,,,,,,,,,,,,,,,,,,,,,,,,,,,,,,,,,,,,,,,,,,,TN,TN
autoland,4768071,12,69b95d09da21c937720a8d3aaca237f47b683aa9,linux1804-64-shippable-qr,True,False,,,102210fe594ee9b33d82058545b1ed14f4c8206e,browser-toolbox.connect.DAMP,damp,True,damp browser-toolbox.connect.DAMP opt e10s fission stylo webrender-sw,4767235,77,ms,firefox,,1780617521,2023-10-23 22:02:15,1978.031295000008,c56b724c90568c2dca6e563a26b5c8065107f038,1321275,,,,,,,,,,,,,,,,,,,,,,,,,,,,,,,,,,,,,,,,,,,,,,,,,,,,,,,,,,,,,TN,TN
autoland,4768071,12,69b95d09da21c937720a8d3aaca237f47b683aa9,linux1804-64-shippable-qr,True,False,,,102210fe594ee9b33d82058545b1ed14f4c8206e,browser-toolbox.connect.DAMP,damp,True,damp browser-toolbox.connect.DAMP opt e10s fission stylo webrender-sw,4767235,77,ms,firefox,,1780621273,2023-10-23 22:41:11,1965.368818999996,75fa2810fdcf8d49c9d1bf7c5b58180f155ec38f,1321298,,,,,,,,,,,,,,,,,,,,,,,,,,,,,,,,,,,,,,,,,,,,,,,,,,,,,,,,,,,,,TN,TN
autoland,4768071,12,69b95d09da21c937720a8d3aaca237f47b683aa9,linux1804-64-shippable-qr,True,False,,,102210fe594ee9b33d82058545b1ed14f4c8206e,browser-toolbox.connect.DAMP,damp,True,damp browser-toolbox.connect.DAMP opt e10s fission stylo webrender-sw,4767235,77,ms,firefox,,1780625134,2023-10-23 22:44:30,1998.5591570000104,3e015d8116f7846c673df5cd426dd8b88060e2b1,1321300,,,,,,,,,,,,,,,,,,,,,,,,,,,,,,,,,,,,,,,,,,,,,,,,,,,,,,,,,,,,,TN,TN
autoland,4768071,12,69b95d09da21c937720a8d3aaca237f47b683aa9,linux1804-64-shippable-qr,True,False,,,102210fe594ee9b33d82058545b1ed14f4c8206e,browser-toolbox.connect.DAMP,damp,True,damp browser-toolbox.connect.DAMP opt e10s fission stylo webrender-sw,4767235,77,ms,firefox,,1780609245,2023-10-23 22:50:56,1997.2285235000309,dec95bfd8d3929e710e8835971c52785d2453cbb,1321304,,,,,,,,,,,,,,,,,,,,,,,,,,,,,,,,,,,,,,,,,,,,,,,,,,,,,,,,,,,,,TN,TN
autoland,4768071,12,69b95d09da21c937720a8d3aaca237f47b683aa9,linux1804-64-shippable-qr,True,False,,,102210fe594ee9b33d82058545b1ed14f4c8206e,browser-toolbox.connect.DAMP,damp,True,damp browser-toolbox.connect.DAMP opt e10s fission stylo webrender-sw,4767235,77,ms,firefox,,1780616264,2023-10-23 22:56:34,1960.6749099999945,261b2cf2977750574f29cc1b3af177aae7559f86,1321309,,,,,,,,,,,,,,,,,,,,,,,,,,,,,,,,,,,,,,,,,,,,,,,,,,,,,,,,,,,,,TN,TN
autoland,4768071,12,69b95d09da21c937720a8d3aaca237f47b683aa9,linux1804-64-shippable-qr,True,False,,,102210fe594ee9b33d82058545b1ed14f4c8206e,browser-toolbox.connect.DAMP,damp,True,damp browser-toolbox.connect.DAMP opt e10s fission stylo webrender-sw,4767235,77,ms,firefox,,1780626326,2023-10-23 23:13:41,2004.5478019999864,e4557e65b6c5e8e95495d9bbd24f147e14c9d88a,1321313,,,,,,,,,,,,,,,,,,,,,,,,,,,,,,,,,,,,,,,,,,,,,,,,,,,,,,,,,,,,,TN,TN
autoland,4768071,12,69b95d09da21c937720a8d3aaca237f47b683aa9,linux1804-64-shippable-qr,True,False,,,102210fe594ee9b33d82058545b1ed14f4c8206e,browser-toolbox.connect.DAMP,damp,True,damp browser-toolbox.connect.DAMP opt e10s fission stylo webrender-sw,4767235,77,ms,firefox,,1780610114,2023-10-23 23:41:09,1969.1903864999915,9e0814d9dc090ab767d01f2c435676c66291c835,1321324,,,,,,,,,,,,,,,,,,,,,,,,,,,,,,,,,,,,,,,,,,,,,,,,,,,,,,,,,,,,,TN,TN
autoland,4768071,12,69b95d09da21c937720a8d3aaca237f47b683aa9,linux1804-64-shippable-qr,True,False,,,102210fe594ee9b33d82058545b1ed14f4c8206e,browser-toolbox.connect.DAMP,damp,True,damp browser-toolbox.connect.DAMP opt e10s fission stylo webrender-sw,4767235,77,ms,firefox,,1780627426,2023-10-24 00:16:25,2028.1531105000176,622e0643fff8ba632ce18ce132c977c5c2291b15,1321346,,,,,,,,,,,,,,,,,,,,,,,,,,,,,,,,,,,,,,,,,,,,,,,,,,,,,,,,,,,,,TN,TN
autoland,4768071,12,69b95d09da21c937720a8d3aaca237f47b683aa9,linux1804-64-shippable-qr,True,False,,,102210fe594ee9b33d82058545b1ed14f4c8206e,browser-toolbox.connect.DAMP,damp,True,damp browser-toolbox.connect.DAMP opt e10s fission stylo webrender-sw,4767235,77,ms,firefox,,1778702210,2023-10-24 00:49:55,2027.092512499963,ed9d130c38a8858740845db8ec5c8bb7e68cce65,1321359,,,,,,,,,,,,,,,,,,,,,,,,,,,,,,,,,,,,,,,,,,,,,,,,,,,,,,,,,,,,,TN,TN
autoland,4768071,12,69b95d09da21c937720a8d3aaca237f47b683aa9,linux1804-64-shippable-qr,True,False,,,102210fe594ee9b33d82058545b1ed14f4c8206e,browser-toolbox.connect.DAMP,damp,True,damp browser-toolbox.connect.DAMP opt e10s fission stylo webrender-sw,4767235,77,ms,firefox,,1780613788,2023-10-24 00:55:20,1957.164970500024,a800aa0c8c544109f50ebd6f6a05d6bc461742f2,1321363,,,,,,,,,,,,,,,,,,,,,,,,,,,,,,,,,,,,,,,,,,,,,,,,,,,,,,,,,,,,,TN,TN
autoland,4768071,12,69b95d09da21c937720a8d3aaca237f47b683aa9,linux1804-64-shippable-qr,True,False,,,102210fe594ee9b33d82058545b1ed14f4c8206e,browser-toolbox.connect.DAMP,damp,True,damp browser-toolbox.connect.DAMP opt e10s fission stylo webrender-sw,4767235,77,ms,firefox,,1780626649,2023-10-24 01:06:52,1978.09759249998,a1f96596aceb6c098e40dc8ec612693b72acb453,1321372,,,,,,,,,,,,,,,,,,,,,,,,,,,,,,,,,,,,,,,,,,,,,,,,,,,,,,,,,,,,,TN,TN
autoland,4768071,12,69b95d09da21c937720a8d3aaca237f47b683aa9,linux1804-64-shippable-qr,True,False,,,102210fe594ee9b33d82058545b1ed14f4c8206e,browser-toolbox.connect.DAMP,damp,True,damp browser-toolbox.connect.DAMP opt e10s fission stylo webrender-sw,4767235,77,ms,firefox,,1780618400,2023-10-24 01:51:34,1981.332008999961,3ceaf46f8f551b49e4926f587f8afe4dfa09cae1,1321378,,,,,,,,,,,,,,,,,,,,,,,,,,,,,,,,,,,,,,,,,,,,,,,,,,,,,,,,,,,,,TN,TN
autoland,4768071,12,69b95d09da21c937720a8d3aaca237f47b683aa9,linux1804-64-shippable-qr,True,False,,,102210fe594ee9b33d82058545b1ed14f4c8206e,browser-toolbox.connect.DAMP,damp,True,damp browser-toolbox.connect.DAMP opt e10s fission stylo webrender-sw,4767235,77,ms,firefox,,1780622183,2023-10-24 01:54:49,1963.540453999973,6d12b530a5c91222159ac735fc3949887f969baf,1321380,,,,,,,,,,,,,,,,,,,,,,,,,,,,,,,,,,,,,,,,,,,,,,,,,,,,,,,,,,,,,TN,TN
autoland,4768071,12,69b95d09da21c937720a8d3aaca237f47b683aa9,linux1804-64-shippable-qr,True,False,,,102210fe594ee9b33d82058545b1ed14f4c8206e,browser-toolbox.connect.DAMP,damp,True,damp browser-toolbox.connect.DAMP opt e10s fission stylo webrender-sw,4767235,77,ms,firefox,,1780655206,2023-10-24 02:58:30,1991.3391339999944,666767cb8884c56fcf2368c5ffa32208c76ba2b5,1321392,,,,,,,,,,,,,,,,,,,,,,,,,,,,,,,,,,,,,,,,,,,,,,,,,,,,,,,,,,,,,TN,TN
autoland,4768071,12,69b95d09da21c937720a8d3aaca237f47b683aa9,linux1804-64-shippable-qr,True,False,,,102210fe594ee9b33d82058545b1ed14f4c8206e,browser-toolbox.connect.DAMP,damp,True,damp browser-toolbox.connect.DAMP opt e10s fission stylo webrender-sw,4767235,77,ms,firefox,,1780610701,2023-10-24 02:59:49,1952.5612540000293,618a19358310ab9d1793322d20aa989a200090bc,1321393,,,,,,,,,,,,,,,,,,,,,,,,,,,,,,,,,,,,,,,,,,,,,,,,,,,,,,,,,,,,,TN,TN
autoland,4768071,12,69b95d09da21c937720a8d3aaca237f47b683aa9,linux1804-64-shippable-qr,True,False,,,102210fe594ee9b33d82058545b1ed14f4c8206e,browser-toolbox.connect.DAMP,damp,True,damp browser-toolbox.connect.DAMP opt e10s fission stylo webrender-sw,4767235,77,ms,firefox,,1780614762,2023-10-24 03:57:23,1972.587881499996,ed56525c65bc0b65e111ad234d515d1f31a6807e,1321398,,,,,,,,,,,,,,,,,,,,,,,,,,,,,,,,,,,,,,,,,,,,,,,,,,,,,,,,,,,,,TN,TN
autoland,4768071,12,69b95d09da21c937720a8d3aaca237f47b683aa9,linux1804-64-shippable-qr,True,False,,,102210fe594ee9b33d82058545b1ed14f4c8206e,browser-toolbox.connect.DAMP,damp,True,damp browser-toolbox.connect.DAMP opt e10s fission stylo webrender-sw,4767235,77,ms,firefox,,1780649611,2023-10-24 04:06:51,2024.525560499984,7f25d62e49a2325004433386f09955d3c2f64c3c,1321402,,,,,,,,,,,,,,,,,,,,,,,,,,,,,,,,,,,,,,,,,,,,,,,,,,,,,,,,,,,,,TN,TN
autoland,4768071,12,69b95d09da21c937720a8d3aaca237f47b683aa9,linux1804-64-shippable-qr,True,False,,,102210fe594ee9b33d82058545b1ed14f4c8206e,browser-toolbox.connect.DAMP,damp,True,damp browser-toolbox.connect.DAMP opt e10s fission stylo webrender-sw,4767235,77,ms,firefox,,1780626200,2023-10-24 04:21:30,2006.1969659999888,aaa658ba6ff75d75e2b80d803280d13f9a92e4dc,1321405,,,,,,,,,,,,,,,,,,,,,,,,,,,,,,,,,,,,,,,,,,,,,,,,,,,,,,,,,,,,,TN,TN
autoland,4768071,12,69b95d09da21c937720a8d3aaca237f47b683aa9,linux1804-64-shippable-qr,True,False,,,102210fe594ee9b33d82058545b1ed14f4c8206e,browser-toolbox.connect.DAMP,damp,True,damp browser-toolbox.connect.DAMP opt e10s fission stylo webrender-sw,4767235,77,ms,firefox,,1778924977,2023-10-24 05:06:29,1966.4688694999927,bcdbc81d4adffb0c3b1e04e1854e43cf49314d92,1321416,,,,,,,,,,,,,,,,,,,,,,,,,,,,,,,,,,,,,,,,,,,,,,,,,,,,,,,,,,,,,TN,TN
autoland,4768071,12,69b95d09da21c937720a8d3aaca237f47b683aa9,linux1804-64-shippable-qr,True,False,,,102210fe594ee9b33d82058545b1ed14f4c8206e,browser-toolbox.connect.DAMP,damp,True,damp browser-toolbox.connect.DAMP opt e10s fission stylo webrender-sw,4767235,77,ms,firefox,,1780627152,2023-10-24 05:53:21,1972.4264714999956,64f5c2917a7f504aa387589703e9c1b80505ac8f,1321418,,,,,,,,,,,,,,,,,,,,,,,,,,,,,,,,,,,,,,,,,,,,,,,,,,,,,,,,,,,,,TN,TN
autoland,4768071,12,69b95d09da21c937720a8d3aaca237f47b683aa9,linux1804-64-shippable-qr,True,False,,,102210fe594ee9b33d82058545b1ed14f4c8206e,browser-toolbox.connect.DAMP,damp,True,damp browser-toolbox.connect.DAMP opt e10s fission stylo webrender-sw,4767235,77,ms,firefox,,1780615422,2023-10-24 07:02:14,1954.284637499979,62fa0b7745dcf8a8dd04a3828c82a086e4597461,1321425,,,,,,,,,,,,,,,,,,,,,,,,,,,,,,,,,,,,,,,,,,,,,,,,,,,,,,,,,,,,,TN,TN
autoland,4768071,12,69b95d09da21c937720a8d3aaca237f47b683aa9,linux1804-64-shippable-qr,True,False,,,102210fe594ee9b33d82058545b1ed14f4c8206e,browser-toolbox.connect.DAMP,damp,True,damp browser-toolbox.connect.DAMP opt e10s fission stylo webrender-sw,4767235,77,ms,firefox,,1780614365,2023-10-24 07:14:34,1649.406695500009,b4504aa44a84efb059f2988dc36eab1d388ecb31,1321431,,,,,,,,,,,,,,,,,,,,,,,,,,,,,,,,,,,,,,,,,,,,,,,,,,,,,,,,,,,,,TN,TN
autoland,4768071,12,69b95d09da21c937720a8d3aaca237f47b683aa9,linux1804-64-shippable-qr,True,False,,,102210fe594ee9b33d82058545b1ed14f4c8206e,browser-toolbox.connect.DAMP,damp,True,damp browser-toolbox.connect.DAMP opt e10s fission stylo webrender-sw,4767235,77,ms,firefox,,1780638313,2023-10-24 07:28:18,1973.278750499987,d9d7f3e0d92e265b176ca7448fc0f9eb6b1ba6f9,1321434,,,,,,,,,,,,,,,,,,,,,,,,,,,,,,,,,,,,,,,,,,,,,,,,,,,,,,,,,,,,,TN,TN
autoland,4768071,12,69b95d09da21c937720a8d3aaca237f47b683aa9,linux1804-64-shippable-qr,True,False,,,102210fe594ee9b33d82058545b1ed14f4c8206e,browser-toolbox.connect.DAMP,damp,True,damp browser-toolbox.connect.DAMP opt e10s fission stylo webrender-sw,4767235,77,ms,firefox,,1780532771,2023-10-24 07:32:53,1960.368466999993,5fe6727255d608b6eafa62acbfe820cc09824265,1321436,,,,,,,,,,,,,,,,,,,,,,,,,,,,,,,,,,,,,,,,,,,,,,,,,,,,,,,,,,,,,TN,TN
autoland,4768071,12,69b95d09da21c937720a8d3aaca237f47b683aa9,linux1804-64-shippable-qr,True,False,,,102210fe594ee9b33d82058545b1ed14f4c8206e,browser-toolbox.connect.DAMP,damp,True,damp browser-toolbox.connect.DAMP opt e10s fission stylo webrender-sw,4767235,77,ms,firefox,,1780613781,2023-10-24 07:48:14,1964.3028374999997,75936f589527bc6d8c7a4e9a9a54f1cd7ca77577,1321441,,,,,,,,,,,,,,,,,,,,,,,,,,,,,,,,,,,,,,,,,,,,,,,,,,,,,,,,,,,,,TN,TN
autoland,4768071,12,69b95d09da21c937720a8d3aaca237f47b683aa9,linux1804-64-shippable-qr,True,False,,,102210fe594ee9b33d82058545b1ed14f4c8206e,browser-toolbox.connect.DAMP,damp,True,damp browser-toolbox.connect.DAMP opt e10s fission stylo webrender-sw,4767235,77,ms,firefox,,1780623011,2023-10-24 07:51:21,2017.053856499988,8d15361d7639cb7414676513239b9c9ae6958aa5,1321442,,,,,,,,,,,,,,,,,,,,,,,,,,,,,,,,,,,,,,,,,,,,,,,,,,,,,,,,,,,,,TN,TN
autoland,4768071,12,69b95d09da21c937720a8d3aaca237f47b683aa9,linux1804-64-shippable-qr,True,False,,,102210fe594ee9b33d82058545b1ed14f4c8206e,browser-toolbox.connect.DAMP,damp,True,damp browser-toolbox.connect.DAMP opt e10s fission stylo webrender-sw,4767235,77,ms,firefox,,1780637029,2023-10-24 07:52:17,1981.598138500005,5ff1ceab2635be491fdda5ca61c10560f732ba39,1321444,,,,,,,,,,,,,,,,,,,,,,,,,,,,,,,,,,,,,,,,,,,,,,,,,,,,,,,,,,,,,TN,TN
autoland,4768071,12,69b95d09da21c937720a8d3aaca237f47b683aa9,linux1804-64-shippable-qr,True,False,,,102210fe594ee9b33d82058545b1ed14f4c8206e,browser-toolbox.connect.DAMP,damp,True,damp browser-toolbox.connect.DAMP opt e10s fission stylo webrender-sw,4767235,77,ms,firefox,,1780615096,2023-10-24 08:14:18,2009.956367499988,68dd4dfd81e96c9000b3395333366facf08e9eab,1321454,,,,,,,,,,,,,,,,,,,,,,,,,,,,,,,,,,,,,,,,,,,,,,,,,,,,,,,,,,,,,TN,TN
autoland,4768071,12,69b95d09da21c937720a8d3aaca237f47b683aa9,linux1804-64-shippable-qr,True,False,,,102210fe594ee9b33d82058545b1ed14f4c8206e,browser-toolbox.connect.DAMP,damp,True,damp browser-toolbox.connect.DAMP opt e10s fission stylo webrender-sw,4767235,77,ms,firefox,,1778959564,2023-10-24 08:18:26,1982.635780500008,36a87a6432703a1f3a1f2a92756c90146a19e5f2,1321456,,,,,,,,,,,,,,,,,,,,,,,,,,,,,,,,,,,,,,,,,,,,,,,,,,,,,,,,,,,,,TN,TN
autoland,4768071,12,69b95d09da21c937720a8d3aaca237f47b683aa9,linux1804-64-shippable-qr,True,False,,,102210fe594ee9b33d82058545b1ed14f4c8206e,browser-toolbox.connect.DAMP,damp,True,damp browser-toolbox.connect.DAMP opt e10s fission stylo webrender-sw,4767235,77,ms,firefox,,1780624980,2023-10-24 09:49:45,1971.1931024999649,bba769e144694af1f1ee39575685880c15d20468,1321494,,,,,,,,,,,,,,,,,,,,,,,,,,,,,,,,,,,,,,,,,,,,,,,,,,,,,,,,,,,,,TN,TN
autoland,4768071,12,69b95d09da21c937720a8d3aaca237f47b683aa9,linux1804-64-shippable-qr,True,False,,,102210fe594ee9b33d82058545b1ed14f4c8206e,browser-toolbox.connect.DAMP,damp,True,damp browser-toolbox.connect.DAMP opt e10s fission stylo webrender-sw,4767235,77,ms,firefox,,1780615036,2023-10-24 10:03:01,2020.8333034999812,65497d99445cbb805f78aef636020165c4d4bd71,1321502,,,,,,,,,,,,,,,,,,,,,,,,,,,,,,,,,,,,,,,,,,,,,,,,,,,,,,,,,,,,,TN,TN
autoland,4768071,12,69b95d09da21c937720a8d3aaca237f47b683aa9,linux1804-64-shippable-qr,True,False,,,102210fe594ee9b33d82058545b1ed14f4c8206e,browser-toolbox.connect.DAMP,damp,True,damp browser-toolbox.connect.DAMP opt e10s fission stylo webrender-sw,4767235,77,ms,firefox,,1780636115,2023-10-24 10:17:28,1976.2127174999916,2d73b37b48b3c0d49e800d71641f3283ae9ae9b6,1321517,,,,,,,,,,,,,,,,,,,,,,,,,,,,,,,,,,,,,,,,,,,,,,,,,,,,,,,,,,,,,TN,TN
autoland,4768071,12,69b95d09da21c937720a8d3aaca237f47b683aa9,linux1804-64-shippable-qr,True,False,,,102210fe594ee9b33d82058545b1ed14f4c8206e,browser-toolbox.connect.DAMP,damp,True,damp browser-toolbox.connect.DAMP opt e10s fission stylo webrender-sw,4767235,77,ms,firefox,,1780625911,2023-10-24 10:49:21,1961.006956000012,0c2665b09e086a4b333941eabd6429650cf8c865,1321533,,,,,,,,,,,,,,,,,,,,,,,,,,,,,,,,,,,,,,,,,,,,,,,,,,,,,,,,,,,,,TN,TN
autoland,4768071,12,69b95d09da21c937720a8d3aaca237f47b683aa9,linux1804-64-shippable-qr,True,False,,,102210fe594ee9b33d82058545b1ed14f4c8206e,browser-toolbox.connect.DAMP,damp,True,damp browser-toolbox.connect.DAMP opt e10s fission stylo webrender-sw,4767235,77,ms,firefox,,1780532911,2023-10-24 10:50:59,1993.82795750002,4464bb718d563df6d3ce1209788fffe735f4c65e,1321534,,,,,,,,,,,,,,,,,,,,,,,,,,,,,,,,,,,,,,,,,,,,,,,,,,,,,,,,,,,,,TN,TN
autoland,4768071,12,69b95d09da21c937720a8d3aaca237f47b683aa9,linux1804-64-shippable-qr,True,False,,,102210fe594ee9b33d82058545b1ed14f4c8206e,browser-toolbox.connect.DAMP,damp,True,damp browser-toolbox.connect.DAMP opt e10s fission stylo webrender-sw,4767235,77,ms,firefox,,1780611669,2023-10-24 10:52:45,1980.889122499997,b616a52ca119b3a15024bf39cb7841d3c6448403,1321536,,,,,,,,,,,,,,,,,,,,,,,,,,,,,,,,,,,,,,,,,,,,,,,,,,,,,,,,,,,,,TN,TN
autoland,4768071,12,69b95d09da21c937720a8d3aaca237f47b683aa9,linux1804-64-shippable-qr,True,False,,,102210fe594ee9b33d82058545b1ed14f4c8206e,browser-toolbox.connect.DAMP,damp,True,damp browser-toolbox.connect.DAMP opt e10s fission stylo webrender-sw,4767235,77,ms,firefox,,1780624803,2023-10-24 10:58:37,2009.6100480000168,cf56f0adf3c5c4e4f80a1525d4734ef64037ed6f,1321539,,,,,,,,,,,,,,,,,,,,,,,,,,,,,,,,,,,,,,,,,,,,,,,,,,,,,,,,,,,,,TN,TN
autoland,4768071,12,69b95d09da21c937720a8d3aaca237f47b683aa9,linux1804-64-shippable-qr,True,False,,,102210fe594ee9b33d82058545b1ed14f4c8206e,browser-toolbox.connect.DAMP,damp,True,damp browser-toolbox.connect.DAMP opt e10s fission stylo webrender-sw,4767235,77,ms,firefox,,1780636969,2023-10-24 11:07:19,1990.4014975000027,95d47d65ba49b08f2339f2cf29b38136dfca6135,1321542,,,,,,,,,,,,,,,,,,,,,,,,,,,,,,,,,,,,,,,,,,,,,,,,,,,,,,,,,,,,,TN,TN
autoland,4768071,12,69b95d09da21c937720a8d3aaca237f47b683aa9,linux1804-64-shippable-qr,True,False,,,102210fe594ee9b33d82058545b1ed14f4c8206e,browser-toolbox.connect.DAMP,damp,True,damp browser-toolbox.connect.DAMP opt e10s fission stylo webrender-sw,4767235,77,ms,firefox,,1780616893,2023-10-24 11:14:04,1971.710155999972,d8d6bde5d9d83b9dc19249e237f186156efe8545,1321545,,,,,,,,,,,,,,,,,,,,,,,,,,,,,,,,,,,,,,,,,,,,,,,,,,,,,,,,,,,,,TN,TN
autoland,4768071,12,69b95d09da21c937720a8d3aaca237f47b683aa9,linux1804-64-shippable-qr,True,False,,,102210fe594ee9b33d82058545b1ed14f4c8206e,browser-toolbox.connect.DAMP,damp,True,damp browser-toolbox.connect.DAMP opt e10s fission stylo webrender-sw,4767235,77,ms,firefox,,1779084133,2023-10-24 12:23:09,2041.2065450000227,ea758c7008d76a67d75d4874bb1a1a00838f4128,1321565,,,,,,,,,,,,,,,,,,,,,,,,,,,,,,,,,,,,,,,,,,,,,,,,,,,,,,,,,,,,,TN,TN
autoland,4768071,12,69b95d09da21c937720a8d3aaca237f47b683aa9,linux1804-64-shippable-qr,True,False,,,102210fe594ee9b33d82058545b1ed14f4c8206e,browser-toolbox.connect.DAMP,damp,True,damp browser-toolbox.connect.DAMP opt e10s fission stylo webrender-sw,4767235,77,ms,firefox,,1779242586,2023-10-24 13:48:19,2029.7545479999967,eccda51a6f68b20cfe9af1e94b9336b9856b103e,1321616,,,,,,,,,,,,,,,,,,,,,,,,,,,,,,,,,,,,,,,,,,,,,,,,,,,,,,,,,,,,,TN,TN
autoland,4768071,12,69b95d09da21c937720a8d3aaca237f47b683aa9,linux1804-64-shippable-qr,True,False,,,102210fe594ee9b33d82058545b1ed14f4c8206e,browser-toolbox.connect.DAMP,damp,True,damp browser-toolbox.connect.DAMP opt e10s fission stylo webrender-sw,4767235,77,ms,firefox,,1779376744,2023-10-24 17:52:45,1961.9622125000024,b2dec8a51f6e781be65a730cfde18a11c9569f94,1321799,,,,,,,,,,,,,,,,,,,,,,,,,,,,,,,,,,,,,,,,,,,,,,,,,,,,,,,,,,,,,TN,TN
autoland,4768071,12,69b95d09da21c937720a8d3aaca237f47b683aa9,linux1804-64-shippable-qr,True,False,,,102210fe594ee9b33d82058545b1ed14f4c8206e,browser-toolbox.connect.DAMP,damp,True,damp browser-toolbox.connect.DAMP opt e10s fission stylo webrender-sw,4767235,77,ms,firefox,,1779598624,2023-10-24 21:54:59,1963.5470584999855,27ee97bc90986bde66dfb122cc4c8a6a3730e4a3,1321984,,,,,,,,,,,,,,,,,,,,,,,,,,,,,,,,,,,,,,,,,,,,,,,,,,,,,,,,,,,,,TN,TN
autoland,4768071,12,69b95d09da21c937720a8d3aaca237f47b683aa9,linux1804-64-shippable-qr,True,False,,,102210fe594ee9b33d82058545b1ed14f4c8206e,browser-toolbox.connect.DAMP,damp,True,damp browser-toolbox.connect.DAMP opt e10s fission stylo webrender-sw,4767235,77,ms,firefox,,1779661413,2023-10-25 01:35:01,1952.5702705000003,edfb4ab939a51c9dc131c959da539ef71f17cf5f,1322066,,,,,,,,,,,,,,,,,,,,,,,,,,,,,,,,,,,,,,,,,,,,,,,,,,,,,,,,,,,,,TN,TN
autoland,4768071,12,69b95d09da21c937720a8d3aaca237f47b683aa9,linux1804-64-shippable-qr,True,False,,,102210fe594ee9b33d82058545b1ed14f4c8206e,browser-toolbox.connect.DAMP,damp,True,damp browser-toolbox.connect.DAMP opt e10s fission stylo webrender-sw,4767235,77,ms,firefox,,1779760715,2023-10-25 05:46:17,2042.2000554999977,c00936a538d944ced81780de7e2670806145f0ec,1322115,,,,,,,,,,,,,,,,,,,,,,,,,,,,,,,,,,,,,,,,,,,,,,,,,,,,,,,,,,,,,TN,TN
autoland,4768071,12,69b95d09da21c937720a8d3aaca237f47b683aa9,linux1804-64-shippable-qr,True,False,,,102210fe594ee9b33d82058545b1ed14f4c8206e,browser-toolbox.connect.DAMP,damp,True,damp browser-toolbox.connect.DAMP opt e10s fission stylo webrender-sw,4767235,77,ms,firefox,,1779937377,2023-10-25 09:46:40,1963.863933000015,03d61eb955a9ac6e3374ca4c5504edc41cd1aa4a,1322203,,,,,,,,,,,,,,,,,,,,,,,,,,,,,,,,,,,,,,,,,,,,,,,,,,,,,,,,,,,,,TN,TN
autoland,4768071,12,69b95d09da21c937720a8d3aaca237f47b683aa9,linux1804-64-shippable-qr,True,False,,,102210fe594ee9b33d82058545b1ed14f4c8206e,browser-toolbox.connect.DAMP,damp,True,damp browser-toolbox.connect.DAMP opt e10s fission stylo webrender-sw,4767235,77,ms,firefox,,1779993317,2023-10-25 12:40:12,1987.1582745000123,44697a7ca8612ae5a4807f530347c3df1d2c191a,1322280,,,,,,,,,,,,,,,,,,,,,,,,,,,,,,,,,,,,,,,,,,,,,,,,,,,,,,,,,,,,,TN,TN
autoland,4768071,12,69b95d09da21c937720a8d3aaca237f47b683aa9,linux1804-64-shippable-qr,True,False,,,102210fe594ee9b33d82058545b1ed14f4c8206e,browser-toolbox.connect.DAMP,damp,True,damp browser-toolbox.connect.DAMP opt e10s fission stylo webrender-sw,4767235,77,ms,firefox,,1780158111,2023-10-25 16:42:09,1968.1022260000173,b8c2a1837c16c66a12ef79eaf5545e92ae448768,1322418,,,,,,,,,,,,,,,,,,,,,,,,,,,,,,,,,,,,,,,,,,,,,,,,,,,,,,,,,,,,,TN,TN
autoland,4768071,12,69b95d09da21c937720a8d3aaca237f47b683aa9,linux1804-64-shippable-qr,True,False,,,102210fe594ee9b33d82058545b1ed14f4c8206e,browser-toolbox.connect.DAMP,damp,True,damp browser-toolbox.connect.DAMP opt e10s fission stylo webrender-sw,4767235,77,ms,firefox,,1780221903,2023-10-25 18:17:29,1986.5652199999893,691148c77012c40658cd4a6e4ee3ca178d1c1ca8,1322468,,,,,,,,,,,,,,,,,,,,,,,,,,,,,,,,,,,,,,,,,,,,,,,,,,,,,,,,,,,,,TN,TN
autoland,4768071,12,69b95d09da21c937720a8d3aaca237f47b683aa9,linux1804-64-shippable-qr,True,False,,,102210fe594ee9b33d82058545b1ed14f4c8206e,browser-toolbox.connect.DAMP,damp,True,damp browser-toolbox.connect.DAMP opt e10s fission stylo webrender-sw,4767235,77,ms,firefox,,1780405811,2023-10-25 21:16:28,1998.89590649998,e6a52d2c9941178fa5113e3c7af81f561078c5f5,1322573,,,,,,,,,,,,,,,,,,,,,,,,,,,,,,,,,,,,,,,,,,,,,,,,,,,,,,,,,,,,,TN,TN
autoland,4768071,12,69b95d09da21c937720a8d3aaca237f47b683aa9,linux1804-64-shippable-qr,True,False,,,102210fe594ee9b33d82058545b1ed14f4c8206e,browser-toolbox.connect.DAMP,damp,True,damp browser-toolbox.connect.DAMP opt e10s fission stylo webrender-sw,4767235,77,ms,firefox,,1780539109,2023-10-26 00:52:13,2019.200754000005,68373a168c7ca93b1aa9bb3016a1ffa9ad6b7aac,1322694,,,,,,,,,,,,,,,,,,,,,,,,,,,,,,,,,,,,,,,,,,,,,,,,,,,,,,,,,,,,,TN,TN
autoland,4768071,12,69b95d09da21c937720a8d3aaca237f47b683aa9,linux1804-64-shippable-qr,True,False,,,102210fe594ee9b33d82058545b1ed14f4c8206e,browser-toolbox.connect.DAMP,damp,True,damp browser-toolbox.connect.DAMP opt e10s fission stylo webrender-sw,4767235,77,ms,firefox,,1780707863,2023-10-26 04:52:14,2006.619889499998,62489b97d11d4bb88f1184670849ed8c9dc61708,1322765,,,,,,,,,,,,,,,,,,,,,,,,,,,,,,,,,,,,,,,,,,,,,,,,,,,,,,,,,,,,,TN,TN
autoland,4768071,12,69b95d09da21c937720a8d3aaca237f47b683aa9,linux1804-64-shippable-qr,True,False,,,102210fe594ee9b33d82058545b1ed14f4c8206e,browser-toolbox.connect.DAMP,damp,True,damp browser-toolbox.connect.DAMP opt e10s fission stylo webrender-sw,4767235,77,ms,firefox,,1780818115,2023-10-26 09:06:19,1981.0152750000125,8923dca93b808a23856287229fc8f1c0c1d1e20e,1322848,,,,,,,,,,,,,,,,,,,,,,,,,,,,,,,,,,,,,,,,,,,,,,,,,,,,,,,,,,,,,TN,TN
autoland,4768071,12,69b95d09da21c937720a8d3aaca237f47b683aa9,linux1804-64-shippable-qr,True,False,,,102210fe594ee9b33d82058545b1ed14f4c8206e,browser-toolbox.connect.DAMP,damp,True,damp browser-toolbox.connect.DAMP opt e10s fission stylo webrender-sw,4767235,77,ms,firefox,,1780861395,2023-10-26 09:07:41,1953.532902999992,4d2c1911361bbc41f63b4e807070a3d83596b70c,1322851,,,,,,,,,,,,,,,,,,,,,,,,,,,,,,,,,,,,,,,,,,,,,,,,,,,,,,,,,,,,,TN,TN
autoland,4768071,12,69b95d09da21c937720a8d3aaca237f47b683aa9,linux1804-64-shippable-qr,True,False,,,102210fe594ee9b33d82058545b1ed14f4c8206e,browser-toolbox.connect.DAMP,damp,True,damp browser-toolbox.connect.DAMP opt e10s fission stylo webrender-sw,4767235,77,ms,firefox,,1781000750,2023-10-26 13:14:16,1998.7609130000053,db6b75385ffe5e764d60c5842add31b3a90c0587,1322985,,,,,,,,,,,,,,,,,,,,,,,,,,,,,,,,,,,,,,,,,,,,,,,,,,,,,,,,,,,,,TN,TN
autoland,4768071,12,69b95d09da21c937720a8d3aaca237f47b683aa9,linux1804-64-shippable-qr,True,False,,,102210fe594ee9b33d82058545b1ed14f4c8206e,browser-toolbox.connect.DAMP,damp,True,damp browser-toolbox.connect.DAMP opt e10s fission stylo webrender-sw,4767235,77,ms,firefox,,1781031571,2023-10-26 13:50:58,1980.8618245000036,630864299a197bf416ac18d405063b7ec40c3644,1323009,,,,,,,,,,,,,,,,,,,,,,,,,,,,,,,,,,,,,,,,,,,,,,,,,,,,,,,,,,,,,TN,TN
autoland,4768071,12,69b95d09da21c937720a8d3aaca237f47b683aa9,linux1804-64-shippable-qr,True,False,,,102210fe594ee9b33d82058545b1ed14f4c8206e,browser-toolbox.connect.DAMP,damp,True,damp browser-toolbox.connect.DAMP opt e10s fission stylo webrender-sw,4767235,77,ms,firefox,,1781191429,2023-10-26 17:52:00,1942.7316930000236,945d53ccf09fe8c263a6a24db6604162a4707ff9,1323156,,,,,,,,,,,,,,,,,,,,,,,,,,,,,,,,,,,,,,,,,,,,,,,,,,,,,,,,,,,,,TN,TN
autoland,4768071,12,69b95d09da21c937720a8d3aaca237f47b683aa9,linux1804-64-shippable-qr,True,False,,,102210fe594ee9b33d82058545b1ed14f4c8206e,browser-toolbox.connect.DAMP,damp,True,damp browser-toolbox.connect.DAMP opt e10s fission stylo webrender-sw,4767235,77,ms,firefox,,1781248038,2023-10-26 19:25:04,1962.1249534999808,a1dbe7d2099563e23614b7c0d0b0f6923ab447f7,1323220,,,,,,,,,,,,,,,,,,,,,,,,,,,,,,,,,,,,,,,,,,,,,,,,,,,,,,,,,,,,,TN,TN
autoland,4768071,12,69b95d09da21c937720a8d3aaca237f47b683aa9,linux1804-64-shippable-qr,True,False,,,102210fe594ee9b33d82058545b1ed14f4c8206e,browser-toolbox.connect.DAMP,damp,True,damp browser-toolbox.connect.DAMP opt e10s fission stylo webrender-sw,4767235,77,ms,firefox,,1781457442,2023-10-26 23:27:25,2019.9291915000067,a880804c93083962e65cea658b69a28c06528e8e,1323339,,,,,,,,,,,,,,,,,,,,,,,,,,,,,,,,,,,,,,,,,,,,,,,,,,,,,,,,,,,,,TN,TN
autoland,4768071,12,69b95d09da21c937720a8d3aaca237f47b683aa9,linux1804-64-shippable-qr,True,False,,,102210fe594ee9b33d82058545b1ed14f4c8206e,browser-toolbox.connect.DAMP,damp,True,damp browser-toolbox.connect.DAMP opt e10s fission stylo webrender-sw,4767235,77,ms,firefox,,1781470240,2023-10-27 00:10:25,1969.9258169999885,6d47bee6d52ee11125f54db9df7336cbe69593c0,1323363,,,,,,,,,,,,,,,,,,,,,,,,,,,,,,,,,,,,,,,,,,,,,,,,,,,,,,,,,,,,,TN,TN
autoland,4768071,12,69b95d09da21c937720a8d3aaca237f47b683aa9,linux1804-64-shippable-qr,True,False,,,102210fe594ee9b33d82058545b1ed14f4c8206e,browser-toolbox.connect.DAMP,damp,True,damp browser-toolbox.connect.DAMP opt e10s fission stylo webrender-sw,4767235,77,ms,firefox,,1781647071,2023-10-27 05:17:25,1975.072208999998,4024630f5ffa1704a32f70c816f1003b0af9f105,1323421,,,,,,,,,,,,,,,,,,,,,,,,,,,,,,,,,,,,,,,,,,,,,,,,,,,,,,,,,,,,,TN,TN
autoland,4768071,12,69b95d09da21c937720a8d3aaca237f47b683aa9,linux1804-64-shippable-qr,True,False,,,102210fe594ee9b33d82058545b1ed14f4c8206e,browser-toolbox.connect.DAMP,damp,True,damp browser-toolbox.connect.DAMP opt e10s fission stylo webrender-sw,4767235,77,ms,firefox,,1781715006,2023-10-27 08:56:16,1949.5907000000009,6e09ac4a4c291480d5951adca6d1659a46f571b2,1323505,,,,,,,,,,,,,,,,,,,,,,,,,,,,,,,,,,,,,,,,,,,,,,,,,,,,,,,,,,,,,TN,TN
autoland,4768071,12,69b95d09da21c937720a8d3aaca237f47b683aa9,linux1804-64-shippable-qr,True,False,,,102210fe594ee9b33d82058545b1ed14f4c8206e,browser-toolbox.connect.DAMP,damp,True,damp browser-toolbox.connect.DAMP opt e10s fission stylo webrender-sw,4767235,77,ms,firefox,,1781900626,2023-10-27 13:05:02,2024.652968499999,6013b7df2b9133416d4244ef4d45c492f215c3d0,1323649,,,,,,,,,,,,,,,,,,,,,,,,,,,,,,,,,,,,,,,,,,,,,,,,,,,,,,,,,,,,,TN,TN
autoland,4768071,12,69b95d09da21c937720a8d3aaca237f47b683aa9,linux1804-64-shippable-qr,True,False,,,102210fe594ee9b33d82058545b1ed14f4c8206e,browser-toolbox.connect.DAMP,damp,True,damp browser-toolbox.connect.DAMP opt e10s fission stylo webrender-sw,4767235,77,ms,firefox,,1781916911,2023-10-27 13:54:58,1975.6609539999768,cda838e04db16590f96ddeaa7d7d54cc80e12a03,1323685,,,,,,,,,,,,,,,,,,,,,,,,,,,,,,,,,,,,,,,,,,,,,,,,,,,,,,,,,,,,,TN,TN
autoland,4768071,12,69b95d09da21c937720a8d3aaca237f47b683aa9,linux1804-64-shippable-qr,True,False,,,102210fe594ee9b33d82058545b1ed14f4c8206e,browser-toolbox.connect.DAMP,damp,True,damp browser-toolbox.connect.DAMP opt e10s fission stylo webrender-sw,4767235,77,ms,firefox,,1782121400,2023-10-27 17:16:47,1972.89940200001,b6d6a9c84257af5a3d659491a2ab963896e70d0d,1323813,,,,,,,,,,,,,,,,,,,,,,,,,,,,,,,,,,,,,,,,,,,,,,,,,,,,,,,,,,,,,TN,TN
autoland,4768071,12,69b95d09da21c937720a8d3aaca237f47b683aa9,linux1804-64-shippable-qr,True,False,,,102210fe594ee9b33d82058545b1ed14f4c8206e,browser-toolbox.connect.DAMP,damp,True,damp browser-toolbox.connect.DAMP opt e10s fission stylo webrender-sw,4767235,77,ms,firefox,,1782309212,2023-10-27 22:11:30,1972.078933999976,2744df17e06b25289ca5dd01128e6c4f237d7a7c,1323968,,,,,,,,,,,,,,,,,,,,,,,,,,,,,,,,,,,,,,,,,,,,,,,,,,,,,,,,,,,,,TN,TN
autoland,4768071,12,69b95d09da21c937720a8d3aaca237f47b683aa9,linux1804-64-shippable-qr,True,False,,,102210fe594ee9b33d82058545b1ed14f4c8206e,browser-toolbox.connect.DAMP,damp,True,damp browser-toolbox.connect.DAMP opt e10s fission stylo webrender-sw,4767235,77,ms,firefox,,1782361436,2023-10-27 23:12:32,1966.962504499941,5c87acee8b894f06e4b248cb602b36ccfcef1615,1323985,,,,,,,,,,,,,,,,,,,,,,,,,,,,,,,,,,,,,,,,,,,,,,,,,,,,,,,,,,,,,TN,TN
autoland,4768071,12,69b95d09da21c937720a8d3aaca237f47b683aa9,linux1804-64-shippable-qr,True,False,,,102210fe594ee9b33d82058545b1ed14f4c8206e,browser-toolbox.connect.DAMP,damp,True,damp browser-toolbox.connect.DAMP opt e10s fission stylo webrender-sw,4767235,77,ms,firefox,,1782483227,2023-10-28 03:14:30,1998.531059000008,0be08aa0812f81d5eb9f2235165d8478ebaf825b,1324017,,,,,,,,,,,,,,,,,,,,,,,,,,,,,,,,,,,,,,,,,,,,,,,,,,,,,,,,,,,,,TN,TN
autoland,4768071,12,69b95d09da21c937720a8d3aaca237f47b683aa9,linux1804-64-shippable-qr,True,False,,,102210fe594ee9b33d82058545b1ed14f4c8206e,browser-toolbox.connect.DAMP,damp,True,damp browser-toolbox.connect.DAMP opt e10s fission stylo webrender-sw,4767235,77,ms,firefox,,1783047527,2023-10-29 17:34:24,1998.88620600001,da935aab57913c853df3002f297cc6eb76175828,1324194,,,,,,,,,,,,,,,,,,,,,,,,,,,,,,,,,,,,,,,,,,,,,,,,,,,,,,,,,,,,,TN,TN
autoland,4768071,12,69b95d09da21c937720a8d3aaca237f47b683aa9,linux1804-64-shippable-qr,True,False,,,102210fe594ee9b33d82058545b1ed14f4c8206e,browser-toolbox.connect.DAMP,damp,True,damp browser-toolbox.connect.DAMP opt e10s fission stylo webrender-sw,4767235,77,ms,firefox,,1783126782,2023-10-29 22:37:58,1993.593794500048,61e57e6ba3b7e09a71062e7cdc44f395af832716,1324214,,,,,,,,,,,,,,,,,,,,,,,,,,,,,,,,,,,,,,,,,,,,,,,,,,,,,,,,,,,,,TN,TN
autoland,4768071,12,69b95d09da21c937720a8d3aaca237f47b683aa9,linux1804-64-shippable-qr,True,False,,,102210fe594ee9b33d82058545b1ed14f4c8206e,browser-toolbox.connect.DAMP,damp,True,damp browser-toolbox.connect.DAMP opt e10s fission stylo webrender-sw,4767235,77,ms,firefox,,1783251928,2023-10-30 03:06:34,1939.3147205000128,cfc1bbb8edcc79491d2e1267e84338d155b2ee3c,1324224,,,,,,,,,,,,,,,,,,,,,,,,,,,,,,,,,,,,,,,,,,,,,,,,,,,,,,,,,,,,,TN,TN
autoland,4768071,12,69b95d09da21c937720a8d3aaca237f47b683aa9,linux1804-64-shippable-qr,True,False,,,102210fe594ee9b33d82058545b1ed14f4c8206e,browser-toolbox.connect.DAMP,damp,True,damp browser-toolbox.connect.DAMP opt e10s fission stylo webrender-sw,4767235,77,ms,firefox,,1783337684,2023-10-30 07:08:15,1971.3804745000016,07ff1e2e4f656661631e6746f339e6232b59ebfd,1324243,,,,,,,,,,,,,,,,,,,,,,,,,,,,,,,,,,,,,,,,,,,,,,,,,,,,,,,,,,,,,TN,TN
autoland,4768071,12,69b95d09da21c937720a8d3aaca237f47b683aa9,linux1804-64-shippable-qr,True,False,,,102210fe594ee9b33d82058545b1ed14f4c8206e,browser-toolbox.connect.DAMP,damp,True,damp browser-toolbox.connect.DAMP opt e10s fission stylo webrender-sw,4767235,77,ms,firefox,,1783494684,2023-10-30 12:36:41,1975.180474499968,9c6272da5dc92ff944d294d9a026bd42a408c784,1324389,,,,,,,,,,,,,,,,,,,,,,,,,,,,,,,,,,,,,,,,,,,,,,,,,,,,,,,,,,,,,TN,TN
autoland,4768071,12,69b95d09da21c937720a8d3aaca237f47b683aa9,linux1804-64-shippable-qr,True,False,,,102210fe594ee9b33d82058545b1ed14f4c8206e,browser-toolbox.connect.DAMP,damp,True,damp browser-toolbox.connect.DAMP opt e10s fission stylo webrender-sw,4767235,77,ms,firefox,,1783525686,2023-10-30 13:43:34,1984.9948599999989,d2a035a8329b5914bcd659ea1ea427c251c4d138,1324429,,,,,,,,,,,,,,,,,,,,,,,,,,,,,,,,,,,,,,,,,,,,,,,,,,,,,,,,,,,,,TN,TN
autoland,4768071,12,69b95d09da21c937720a8d3aaca237f47b683aa9,linux1804-64-shippable-qr,True,False,,,102210fe594ee9b33d82058545b1ed14f4c8206e,browser-toolbox.connect.DAMP,damp,True,damp browser-toolbox.connect.DAMP opt e10s fission stylo webrender-sw,4767235,77,ms,firefox,,1783735900,2023-10-30 17:20:21,2010.8533094999875,277907757ae0f5c9f9a9b4b15473ec6f3eab7674,1324599,,,,,,,,,,,,,,,,,,,,,,,,,,,,,,,,,,,,,,,,,,,,,,,,,,,,,,,,,,,,,TN,TN
autoland,4768071,12,69b95d09da21c937720a8d3aaca237f47b683aa9,linux1804-64-shippable-qr,True,False,,,102210fe594ee9b33d82058545b1ed14f4c8206e,browser-toolbox.connect.DAMP,damp,True,damp browser-toolbox.connect.DAMP opt e10s fission stylo webrender-sw,4767235,77,ms,firefox,,1783934903,2023-10-30 21:26:51,2008.147742000001,250d50a3e9aedba6c41312d2ce03b03eabac5c84,1324725,,,,,,,,,,,,,,,,,,,,,,,,,,,,,,,,,,,,,,,,,,,,,,,,,,,,,,,,,,,,,TN,TN
autoland,4768071,12,69b95d09da21c937720a8d3aaca237f47b683aa9,linux1804-64-shippable-qr,True,False,,,102210fe594ee9b33d82058545b1ed14f4c8206e,browser-toolbox.connect.DAMP,damp,True,damp browser-toolbox.connect.DAMP opt e10s fission stylo webrender-sw,4767235,77,ms,firefox,,1783966766,2023-10-30 22:47:24,1963.3339945000043,9d87d8875f3012f1cb5e065b5861f41a29d1173c,1324763,,,,,,,,,,,,,,,,,,,,,,,,,,,,,,,,,,,,,,,,,,,,,,,,,,,,,,,,,,,,,TN,TN
autoland,4768071,12,69b95d09da21c937720a8d3aaca237f47b683aa9,linux1804-64-shippable-qr,True,False,,,102210fe594ee9b33d82058545b1ed14f4c8206e,browser-toolbox.connect.DAMP,damp,True,damp browser-toolbox.connect.DAMP opt e10s fission stylo webrender-sw,4767235,77,ms,firefox,,1784128555,2023-10-31 03:27:18,1980.4712915000052,88295a805fb918c5a40c57d9827608c50c65da1a,1324833,,,,,,,,,,,,,,,,,,,,,,,,,,,,,,,,,,,,,,,,,,,,,,,,,,,,,,,,,,,,,TN,TN
autoland,4768071,12,69b95d09da21c937720a8d3aaca237f47b683aa9,linux1804-64-shippable-qr,True,False,,,102210fe594ee9b33d82058545b1ed14f4c8206e,browser-toolbox.connect.DAMP,damp,True,damp browser-toolbox.connect.DAMP opt e10s fission stylo webrender-sw,4767235,77,ms,firefox,,1784276606,2023-10-31 08:52:16,1971.00247050004,26a58e0274b4491ce07587bf329d30954bfa36a5,1324883,,,,,,,,,,,,,,,,,,,,,,,,,,,,,,,,,,,,,,,,,,,,,,,,,,,,,,,,,,,,,TN,TN
autoland,4768071,12,69b95d09da21c937720a8d3aaca237f47b683aa9,linux1804-64-shippable-qr,True,False,,,102210fe594ee9b33d82058545b1ed14f4c8206e,browser-toolbox.connect.DAMP,damp,True,damp browser-toolbox.connect.DAMP opt e10s fission stylo webrender-sw,4767235,77,ms,firefox,,1784350419,2023-10-31 10:24:24,2000.449821499977,173608723df3997c0b39049e55f7e4f529974bd1,1324925,,,,,,,,,,,,,,,,,,,,,,,,,,,,,,,,,,,,,,,,,,,,,,,,,,,,,,,,,,,,,TN,TN
autoland,4768071,12,69b95d09da21c937720a8d3aaca237f47b683aa9,linux1804-64-shippable-qr,True,False,,,102210fe594ee9b33d82058545b1ed14f4c8206e,browser-toolbox.connect.DAMP,damp,True,damp browser-toolbox.connect.DAMP opt e10s fission stylo webrender-sw,4767235,77,ms,firefox,,1784554772,2023-10-31 14:28:55,1980.997246999992,d93c1e224fa334cb0e1a4faf860be329181c1d60,1325039,,,,,,,,,,,,,,,,,,,,,,,,,,,,,,,,,,,,,,,,,,,,,,,,,,,,,,,,,,,,,TN,TN
autoland,4768071,12,69b95d09da21c937720a8d3aaca237f47b683aa9,linux1804-64-shippable-qr,True,False,,,102210fe594ee9b33d82058545b1ed14f4c8206e,browser-toolbox.connect.DAMP,damp,True,damp browser-toolbox.connect.DAMP opt e10s fission stylo webrender-sw,4767235,77,ms,firefox,,1784572947,2023-10-31 15:46:12,2027.7673864999813,4712d595873a538c628ea09a2826c33e3f2e383d,1325101,,,,,,,,,,,,,,,,,,,,,,,,,,,,,,,,,,,,,,,,,,,,,,,,,,,,,,,,,,,,,TN,TN
autoland,4768071,12,69b95d09da21c937720a8d3aaca237f47b683aa9,linux1804-64-shippable-qr,True,False,,,102210fe594ee9b33d82058545b1ed14f4c8206e,browser-toolbox.connect.DAMP,damp,True,damp browser-toolbox.connect.DAMP opt e10s fission stylo webrender-sw,4767235,77,ms,firefox,,1784769181,2023-10-31 20:04:41,1987.047598500023,5624631ba42eb404a5c5b4e50e9c4fbc826eef31,1325256,,,,,,,,,,,,,,,,,,,,,,,,,,,,,,,,,,,,,,,,,,,,,,,,,,,,,,,,,,,,,TN,TN
autoland,4768071,12,69b95d09da21c937720a8d3aaca237f47b683aa9,linux1804-64-shippable-qr,True,False,,,102210fe594ee9b33d82058545b1ed14f4c8206e,browser-toolbox.connect.DAMP,damp,True,damp browser-toolbox.connect.DAMP opt e10s fission stylo webrender-sw,4767235,77,ms,firefox,,1784871279,2023-10-31 22:59:03,1958.5110570000104,251055c46bfcc027766c9bdaccaaa919c3e6c8f6,1325343,,,,,,,,,,,,,,,,,,,,,,,,,,,,,,,,,,,,,,,,,,,,,,,,,,,,,,,,,,,,,TN,TN
autoland,4768071,12,69b95d09da21c937720a8d3aaca237f47b683aa9,linux1804-64-shippable-qr,True,False,,,102210fe594ee9b33d82058545b1ed14f4c8206e,browser-toolbox.connect.DAMP,damp,True,damp browser-toolbox.connect.DAMP opt e10s fission stylo webrender-sw,4767235,77,ms,firefox,,1785097018,2023-11-01 04:08:21,1973.1082440000027,b73ef4c8979fb0702de9f4bf2fdf986b1d0fd487,1325446,,,,,,,,,,,,,,,,,,,,,,,,,,,,,,,,,,,,,,,,,,,,,,,,,,,,,,,,,,,,,TN,TN
autoland,4768071,12,69b95d09da21c937720a8d3aaca237f47b683aa9,linux1804-64-shippable-qr,True,False,,,102210fe594ee9b33d82058545b1ed14f4c8206e,browser-toolbox.connect.DAMP,damp,True,damp browser-toolbox.connect.DAMP opt e10s fission stylo webrender-sw,4767235,77,ms,firefox,,1785180034,2023-11-01 08:27:37,1967.861047999992,5db6f03a7c103189ba38ef4c4687a046566f4e5b,1325492,,,,,,,,,,,,,,,,,,,,,,,,,,,,,,,,,,,,,,,,,,,,,,,,,,,,,,,,,,,,,TN,TN
autoland,4768071,12,69b95d09da21c937720a8d3aaca237f47b683aa9,linux1804-64-shippable-qr,True,False,,,102210fe594ee9b33d82058545b1ed14f4c8206e,browser-toolbox.connect.DAMP,damp,True,damp browser-toolbox.connect.DAMP opt e10s fission stylo webrender-sw,4767235,77,ms,firefox,,1785439721,2023-11-01 15:00:09,1973.7596734999825,dee5e3c280a214c32ea4f7a2b6446bbe456ecb54,1325661,,,,,,,,,,,,,,,,,,,,,,,,,,,,,,,,,,,,,,,,,,,,,,,,,,,,,,,,,,,,,TN,TN
autoland,4768071,12,69b95d09da21c937720a8d3aaca237f47b683aa9,linux1804-64-shippable-qr,True,False,,,102210fe594ee9b33d82058545b1ed14f4c8206e,browser-toolbox.connect.DAMP,damp,True,damp browser-toolbox.connect.DAMP opt e10s fission stylo webrender-sw,4767235,77,ms,firefox,,1787213453,2023-11-01 20:18:34,2005.623818499982,0554147f17a608618e39c701b4aeae1c866afdac,1325864,,,,,,,,,,,,,,,,,,,,,,,,,,,,,,,,,,,,,,,,,,,,,,,,,,,,,,,,,,,,,TN,TN
autoland,4768071,12,69b95d09da21c937720a8d3aaca237f47b683aa9,linux1804-64-shippable-qr,True,False,,,102210fe594ee9b33d82058545b1ed14f4c8206e,browser-toolbox.connect.DAMP,damp,True,damp browser-toolbox.connect.DAMP opt e10s fission stylo webrender-sw,4767235,77,ms,firefox,,1785579688,2023-11-01 21:17:16,1985.0907224999971,3eea9367b17b3c112968a3f0e008b1005452bbdd,1325895,,,,,,,,,,,,,,,,,,,,,,,,,,,,,,,,,,,,,,,,,,,,,,,,,,,,,,,,,,,,,TN,TN
autoland,4768071,12,69b95d09da21c937720a8d3aaca237f47b683aa9,linux1804-64-shippable-qr,True,False,,,102210fe594ee9b33d82058545b1ed14f4c8206e,browser-toolbox.connect.DAMP,damp,True,damp browser-toolbox.connect.DAMP opt e10s fission stylo webrender-sw,4767235,77,ms,firefox,,1787260179,2023-11-01 21:39:50,1974.5518215000047,9e0d5d59182bab55322e1ea1283001cbff00047e,1325909,,,,,,,,,,,,,,,,,,,,,,,,,,,,,,,,,,,,,,,,,,,,,,,,,,,,,,,,,,,,,TN,TN
autoland,4768071,12,69b95d09da21c937720a8d3aaca237f47b683aa9,linux1804-64-shippable-qr,True,False,,,102210fe594ee9b33d82058545b1ed14f4c8206e,browser-toolbox.connect.DAMP,damp,True,damp browser-toolbox.connect.DAMP opt e10s fission stylo webrender-sw,4767235,77,ms,firefox,,1787248915,2023-11-01 22:03:41,1952.8575845000305,b16e6da5445d04901ddaa1b57f7192bc5dc38706,1325925,,,,,,,,,,,,,,,,,,,,,,,,,,,,,,,,,,,,,,,,,,,,,,,,,,,,,,,,,,,,,TN,TN
autoland,4768071,12,69b95d09da21c937720a8d3aaca237f47b683aa9,linux1804-64-shippable-qr,True,False,,,102210fe594ee9b33d82058545b1ed14f4c8206e,browser-toolbox.connect.DAMP,damp,True,damp browser-toolbox.connect.DAMP opt e10s fission stylo webrender-sw,4767235,77,ms,firefox,,1787249193,2023-11-01 22:03:41,1976.082899999994,b16e6da5445d04901ddaa1b57f7192bc5dc38706,1325925,,,,,,,,,,,,,,,,,,,,,,,,,,,,,,,,,,,,,,,,,,,,,,,,,,,,,,,,,,,,,TN,TN
autoland,4768071,12,69b95d09da21c937720a8d3aaca237f47b683aa9,linux1804-64-shippable-qr,True,False,,,102210fe594ee9b33d82058545b1ed14f4c8206e,browser-toolbox.connect.DAMP,damp,True,damp browser-toolbox.connect.DAMP opt e10s fission stylo webrender-sw,4767235,77,ms,firefox,,1787213391,2023-11-01 22:19:38,2003.2069514999891,c70c83df39c60e2bfa807acd00fca56d42fb6ffb,1325928,,,,,,,,,,,,,,,,,,,,,,,,,,,,,,,,,,,,,,,,,,,,,,,,,,,,,,,,,,,,,TN,TN
autoland,4768071,12,69b95d09da21c937720a8d3aaca237f47b683aa9,linux1804-64-shippable-qr,True,False,,,102210fe594ee9b33d82058545b1ed14f4c8206e,browser-toolbox.connect.DAMP,damp,True,damp browser-toolbox.connect.DAMP opt e10s fission stylo webrender-sw,4767235,77,ms,firefox,,1787213516,2023-11-01 22:19:38,1955.3002525000336,c70c83df39c60e2bfa807acd00fca56d42fb6ffb,1325928,,,,,,,,,,,,,,,,,,,,,,,,,,,,,,,,,,,,,,,,,,,,,,,,,,,,,,,,,,,,,TN,TN
autoland,4768071,12,69b95d09da21c937720a8d3aaca237f47b683aa9,linux1804-64-shippable-qr,True,False,,,102210fe594ee9b33d82058545b1ed14f4c8206e,browser-toolbox.connect.DAMP,damp,True,damp browser-toolbox.connect.DAMP opt e10s fission stylo webrender-sw,4767235,77,ms,firefox,,1787242420,2023-11-01 22:40:10,1968.9627835000135,37c6a7ae5981222051c86bde449389e8f69f49c5,1325938,,,,,,,,,,,,,,,,,,,,,,,,,,,,,,,,,,,,,,,,,,,,,,,,,,,,,,,,,,,,,TN,TN
autoland,4768071,12,69b95d09da21c937720a8d3aaca237f47b683aa9,linux1804-64-shippable-qr,True,False,,,102210fe594ee9b33d82058545b1ed14f4c8206e,browser-toolbox.connect.DAMP,damp,True,damp browser-toolbox.connect.DAMP opt e10s fission stylo webrender-sw,4767235,77,ms,firefox,,1785718429,2023-11-02 01:36:12,2001.8676749999868,0ea21c7c9ab7dcf411a8094c876b12784bc6343c,1325979,,,,,,,,,,,,,,,,,,,,,,,,,,,,,,,,,,,,,,,,,,,,,,,,,,,,,,,,,,,,,TN,TN
autoland,4768071,12,69b95d09da21c937720a8d3aaca237f47b683aa9,linux1804-64-shippable-qr,True,False,,,102210fe594ee9b33d82058545b1ed14f4c8206e,browser-toolbox.connect.DAMP,damp,True,damp browser-toolbox.connect.DAMP opt e10s fission stylo webrender-sw,4767235,77,ms,firefox,,1787243480,2023-11-02 01:45:00,2053.383657500017,a5e6d910d2695f69a08e8a0655c4df428dec3dea,1325981,,,,,,,,,,,,,,,,,,,,,,,,,,,,,,,,,,,,,,,,,,,,,,,,,,,,,,,,,,,,,TN,TN
autoland,4768071,12,69b95d09da21c937720a8d3aaca237f47b683aa9,linux1804-64-shippable-qr,True,False,,,102210fe594ee9b33d82058545b1ed14f4c8206e,browser-toolbox.connect.DAMP,damp,True,damp browser-toolbox.connect.DAMP opt e10s fission stylo webrender-sw,4767235,77,ms,firefox,,1787248621,2023-11-02 01:45:00,1947.1003889999995,a5e6d910d2695f69a08e8a0655c4df428dec3dea,1325981,,,,,,,,,,,,,,,,,,,,,,,,,,,,,,,,,,,,,,,,,,,,,,,,,,,,,,,,,,,,,TN,TN
autoland,4768071,12,69b95d09da21c937720a8d3aaca237f47b683aa9,linux1804-64-shippable-qr,True,False,,,102210fe594ee9b33d82058545b1ed14f4c8206e,browser-toolbox.connect.DAMP,damp,True,damp browser-toolbox.connect.DAMP opt e10s fission stylo webrender-sw,4767235,77,ms,firefox,,1787213623,2023-11-02 04:24:14,1996.4864974999944,5215ac06e712057fb39b34156229bad40a2e626b,1326008,,,,,,,,,,,,,,,,,,,,,,,,,,,,,,,,,,,,,,,,,,,,,,,,,,,,,,,,,,,,,TN,TN
autoland,4768071,12,69b95d09da21c937720a8d3aaca237f47b683aa9,linux1804-64-shippable-qr,True,False,,,102210fe594ee9b33d82058545b1ed14f4c8206e,browser-toolbox.connect.DAMP,damp,True,damp browser-toolbox.connect.DAMP opt e10s fission stylo webrender-sw,4767235,77,ms,firefox,,1787213755,2023-11-02 04:24:14,2049.6341474999936,5215ac06e712057fb39b34156229bad40a2e626b,1326008,,,,,,,,,,,,,,,,,,,,,,,,,,,,,,,,,,,,,,,,,,,,,,,,,,,,,,,,,,,,,TN,TN
autoland,4768071,12,69b95d09da21c937720a8d3aaca237f47b683aa9,linux1804-64-shippable-qr,True,False,,,102210fe594ee9b33d82058545b1ed14f4c8206e,browser-toolbox.connect.DAMP,damp,True,damp browser-toolbox.connect.DAMP opt e10s fission stylo webrender-sw,4767235,77,ms,firefox,,1785842922,2023-11-02 06:18:28,2024.1301339999773,1fcf041bc427507f767a28519182263ab9925550,1326017,,,,,,,,,,,,,,,,,,,,,,,,,,,,,,,,,,,,,,,,,,,,,,,,,,,,,,,,,,,,,TN,TN
autoland,4768071,12,69b95d09da21c937720a8d3aaca237f47b683aa9,linux1804-64-shippable-qr,True,False,,,102210fe594ee9b33d82058545b1ed14f4c8206e,browser-toolbox.connect.DAMP,damp,True,damp browser-toolbox.connect.DAMP opt e10s fission stylo webrender-sw,4767235,77,ms,firefox,,1787241863,2023-11-02 07:01:47,2034.591817000008,0e73daebf8a7d008ce766b38837d9c35d2f0817b,1326024,,,,,,,,,,,,,,,,,,,,,,,,,,,,,,,,,,,,,,,,,,,,,,,,,,,,,,,,,,,,,TN,TN
autoland,4768071,12,69b95d09da21c937720a8d3aaca237f47b683aa9,linux1804-64-shippable-qr,True,False,,,102210fe594ee9b33d82058545b1ed14f4c8206e,browser-toolbox.connect.DAMP,damp,True,damp browser-toolbox.connect.DAMP opt e10s fission stylo webrender-sw,4767235,77,ms,firefox,,1787233894,2023-11-02 07:10:51,1968.6944195000035,d55b7b5e620c02e1dae5c648e8e6e1949ac87503,1326034,,,,,,,,,,,,,,,,,,,,,,,,,,,,,,,,,,,,,,,,,,,,,,,,,,,,,,,,,,,,,TN,TN
autoland,4768071,12,69b95d09da21c937720a8d3aaca237f47b683aa9,linux1804-64-shippable-qr,True,False,,,102210fe594ee9b33d82058545b1ed14f4c8206e,browser-toolbox.connect.DAMP,damp,True,damp browser-toolbox.connect.DAMP opt e10s fission stylo webrender-sw,4767235,77,ms,firefox,,1787241384,2023-11-02 07:10:51,1983.30199800001,d55b7b5e620c02e1dae5c648e8e6e1949ac87503,1326034,,,,,,,,,,,,,,,,,,,,,,,,,,,,,,,,,,,,,,,,,,,,,,,,,,,,,,,,,,,,,TN,TN
autoland,4768071,12,69b95d09da21c937720a8d3aaca237f47b683aa9,linux1804-64-shippable-qr,True,False,,,102210fe594ee9b33d82058545b1ed14f4c8206e,browser-toolbox.connect.DAMP,damp,True,damp browser-toolbox.connect.DAMP opt e10s fission stylo webrender-sw,4767235,77,ms,firefox,,1787233957,2023-11-02 08:51:48,1971.276992999985,564753cc08f0c6a139921fe26e6c331d8b173348,1326058,,,,,,,,,,,,,,,,,,,,,,,,,,,,,,,,,,,,,,,,,,,,,,,,,,,,,,,,,,,,,TN,TN
autoland,4768071,12,69b95d09da21c937720a8d3aaca237f47b683aa9,linux1804-64-shippable-qr,True,False,,,102210fe594ee9b33d82058545b1ed14f4c8206e,browser-toolbox.connect.DAMP,damp,True,damp browser-toolbox.connect.DAMP opt e10s fission stylo webrender-sw,4767235,77,ms,firefox,,1787235140,2023-11-02 08:51:48,1963.2044884999923,564753cc08f0c6a139921fe26e6c331d8b173348,1326058,,,,,,,,,,,,,,,,,,,,,,,,,,,,,,,,,,,,,,,,,,,,,,,,,,,,,,,,,,,,,TN,TN
autoland,4768071,12,69b95d09da21c937720a8d3aaca237f47b683aa9,linux1804-64-shippable-qr,True,False,,,102210fe594ee9b33d82058545b1ed14f4c8206e,browser-toolbox.connect.DAMP,damp,True,damp browser-toolbox.connect.DAMP opt e10s fission stylo webrender-sw,4767235,77,ms,firefox,,1787242063,2023-11-02 08:58:01,2026.551689500004,e210c2c7d93a2505bd5bfb24530f00b66d01a6cd,1326063,,,,,,,,,,,,,,,,,,,,,,,,,,,,,,,,,,,,,,,,,,,,,,,,,,,,,,,,,,,,,TN,TN
autoland,4768071,12,69b95d09da21c937720a8d3aaca237f47b683aa9,linux1804-64-shippable-qr,True,False,,,102210fe594ee9b33d82058545b1ed14f4c8206e,browser-toolbox.connect.DAMP,damp,True,damp browser-toolbox.connect.DAMP opt e10s fission stylo webrender-sw,4767235,77,ms,firefox,,1787241444,2023-11-02 08:58:01,2052.2744249999814,e210c2c7d93a2505bd5bfb24530f00b66d01a6cd,1326063,,,,,,,,,,,,,,,,,,,,,,,,,,,,,,,,,,,,,,,,,,,,,,,,,,,,,,,,,,,,,TN,TN
autoland,4768071,12,69b95d09da21c937720a8d3aaca237f47b683aa9,linux1804-64-shippable-qr,True,False,,,102210fe594ee9b33d82058545b1ed14f4c8206e,browser-toolbox.connect.DAMP,damp,True,damp browser-toolbox.connect.DAMP opt e10s fission stylo webrender-sw,4767235,77,ms,firefox,,1787235444,2023-11-02 09:15:12,1983.808656000016,3084ddd8f59dc74d30cc1d310b3d1be20882f9e2,1326067,,,,,,,,,,,,,,,,,,,,,,,,,,,,,,,,,,,,,,,,,,,,,,,,,,,,,,,,,,,,,TN,TN
autoland,4768071,12,69b95d09da21c937720a8d3aaca237f47b683aa9,linux1804-64-shippable-qr,True,False,,,102210fe594ee9b33d82058545b1ed14f4c8206e,browser-toolbox.connect.DAMP,damp,True,damp browser-toolbox.connect.DAMP opt e10s fission stylo webrender-sw,4767235,77,ms,firefox,,1787240098,2023-11-02 09:15:12,1963.3183004999955,3084ddd8f59dc74d30cc1d310b3d1be20882f9e2,1326067,,,,,,,,,,,,,,,,,,,,,,,,,,,,,,,,,,,,,,,,,,,,,,,,,,,,,,,,,,,,,TN,TN
autoland,4768071,12,69b95d09da21c937720a8d3aaca237f47b683aa9,linux1804-64-shippable-qr,True,False,,,102210fe594ee9b33d82058545b1ed14f4c8206e,browser-toolbox.connect.DAMP,damp,True,damp browser-toolbox.connect.DAMP opt e10s fission stylo webrender-sw,4767235,77,ms,firefox,,1787234174,2023-11-02 09:35:57,2015.766707499992,c655bf3d7fd2ce0d94a175306fb8466d689c6c29,1326078,,,,,,,,,,,,,,,,,,,,,,,,,,,,,,,,,,,,,,,,,,,,,,,,,,,,,,,,,,,,,TN,TN
autoland,4768071,12,69b95d09da21c937720a8d3aaca237f47b683aa9,linux1804-64-shippable-qr,True,False,,,102210fe594ee9b33d82058545b1ed14f4c8206e,browser-toolbox.connect.DAMP,damp,True,damp browser-toolbox.connect.DAMP opt e10s fission stylo webrender-sw,4767235,77,ms,firefox,,1787235860,2023-11-02 09:35:57,1972.729471999992,c655bf3d7fd2ce0d94a175306fb8466d689c6c29,1326078,,,,,,,,,,,,,,,,,,,,,,,,,,,,,,,,,,,,,,,,,,,,,,,,,,,,,,,,,,,,,TN,TN
autoland,4768071,12,69b95d09da21c937720a8d3aaca237f47b683aa9,linux1804-64-shippable-qr,True,False,,,102210fe594ee9b33d82058545b1ed14f4c8206e,browser-toolbox.connect.DAMP,damp,True,damp browser-toolbox.connect.DAMP opt e10s fission stylo webrender-sw,4767235,77,ms,firefox,,1785942426,2023-11-02 10:56:45,2021.8824699999968,86b37d608b6dff619ef21dd6df25970d2f35504f,1326103,,,,,,,,,,,,,,,,,,,,,,,,,,,,,,,,,,,,,,,,,,,,,,,,,,,,,,,,,,,,,TN,TN
autoland,4768071,12,69b95d09da21c937720a8d3aaca237f47b683aa9,linux1804-64-shippable-qr,True,False,,,102210fe594ee9b33d82058545b1ed14f4c8206e,browser-toolbox.connect.DAMP,damp,True,damp browser-toolbox.connect.DAMP opt e10s fission stylo webrender-sw,4767235,77,ms,firefox,,1787275337,2023-11-02 11:52:04,1965.0246810000097,6320d7617d1b38847345e9032d5feab0452bf60a,1326119,,,,,,,,,,,,,,,,,,,,,,,,,,,,,,,,,,,,,,,,,,,,,,,,,,,,,,,,,,,,,TN,TN
autoland,4768071,12,69b95d09da21c937720a8d3aaca237f47b683aa9,linux1804-64-shippable-qr,True,False,,,102210fe594ee9b33d82058545b1ed14f4c8206e,browser-toolbox.connect.DAMP,damp,True,damp browser-toolbox.connect.DAMP opt e10s fission stylo webrender-sw,4767235,77,ms,firefox,,1785979057,2023-11-02 12:13:53,1990.217568500011,59754ae1b71386535d42979e577deaaad4aa522f,1326138,,,,,,,,,,,,,,,,,,,,,,,,,,,,,,,,,,,,,,,,,,,,,,,,,,,,,,,,,,,,,TN,TN
autoland,4768071,12,69b95d09da21c937720a8d3aaca237f47b683aa9,linux1804-64-shippable-qr,True,False,,,102210fe594ee9b33d82058545b1ed14f4c8206e,browser-toolbox.connect.DAMP,damp,True,damp browser-toolbox.connect.DAMP opt e10s fission stylo webrender-sw,4767235,77,ms,firefox,,1786439684,2023-11-03 01:11:05,1994.9540195000009,36f2efb02d4349901b7d36c17e45fd550a7aad2b,1326640,,,,,,,,,,,,,,,,,,,,,,,,,,,,,,,,,,,,,,,,,,,,,,,,,,,,,,,,,,,,,TN,TN
autoland,4768071,12,69b95d09da21c937720a8d3aaca237f47b683aa9,linux1804-64-shippable-qr,True,False,,,102210fe594ee9b33d82058545b1ed14f4c8206e,browser-toolbox.connect.DAMP,damp,True,damp browser-toolbox.connect.DAMP opt e10s fission stylo webrender-sw,4767235,77,ms,firefox,,1787572589,2023-11-03 01:52:04,1953.3328589999585,74d7322a0dc48e7a0b87bca4351e9394d0b0205d,1326655,,,,,,,,,,,,,,,,,,,,,,,,,,,,,,,,,,,,,,,,,,,,,,,,,,,,,,,,,,,,,TN,TN
autoland,4768071,12,69b95d09da21c937720a8d3aaca237f47b683aa9,linux1804-64-shippable-qr,True,False,,,102210fe594ee9b33d82058545b1ed14f4c8206e,browser-toolbox.connect.DAMP,damp,True,damp browser-toolbox.connect.DAMP opt e10s fission stylo webrender-sw,4767235,77,ms,firefox,,1786491457,2023-11-03 02:17:21,1987.149219999992,7398cacb1ad3e7be98ad07eff3a56fd050025c48,1326661,,,,,,,,,,,,,,,,,,,,,,,,,,,,,,,,,,,,,,,,,,,,,,,,,,,,,,,,,,,,,TN,TN
autoland,4768071,12,69b95d09da21c937720a8d3aaca237f47b683aa9,linux1804-64-shippable-qr,True,False,,,102210fe594ee9b33d82058545b1ed14f4c8206e,browser-toolbox.connect.DAMP,damp,True,damp browser-toolbox.connect.DAMP opt e10s fission stylo webrender-sw,4767235,77,ms,firefox,,1787572534,2023-11-03 04:08:25,1997.371916000004,8be76292bf3f6acbc6d7d87935f7eb147bbf27ca,1326703,,,,,,,,,,,,,,,,,,,,,,,,,,,,,,,,,,,,,,,,,,,,,,,,,,,,,,,,,,,,,TN,TN
autoland,4768071,12,69b95d09da21c937720a8d3aaca237f47b683aa9,linux1804-64-shippable-qr,True,False,,,102210fe594ee9b33d82058545b1ed14f4c8206e,browser-toolbox.connect.DAMP,damp,True,damp browser-toolbox.connect.DAMP opt e10s fission stylo webrender-sw,4767235,77,ms,firefox,,1787572646,2023-11-03 04:20:42,1950.926794999992,4184b410e6d5681549f012fecc1f8b842e141b26,1326704,,,,,,,,,,,,,,,,,,,,,,,,,,,,,,,,,,,,,,,,,,,,,,,,,,,,,,,,,,,,,TN,TN
autoland,4768071,12,69b95d09da21c937720a8d3aaca237f47b683aa9,linux1804-64-shippable-qr,True,False,,,102210fe594ee9b33d82058545b1ed14f4c8206e,browser-toolbox.connect.DAMP,damp,True,damp browser-toolbox.connect.DAMP opt e10s fission stylo webrender-sw,4767235,77,ms,firefox,,1787572702,2023-11-03 04:51:35,1991.9239570000063,66a36c6e56c8b40c4bbf326973befc12d3188b98,1326712,,,,,,,,,,,,,,,,,,,,,,,,,,,,,,,,,,,,,,,,,,,,,,,,,,,,,,,,,,,,,TN,TN
autoland,4768071,12,69b95d09da21c937720a8d3aaca237f47b683aa9,linux1804-64-shippable-qr,True,False,,,102210fe594ee9b33d82058545b1ed14f4c8206e,browser-toolbox.connect.DAMP,damp,True,damp browser-toolbox.connect.DAMP opt e10s fission stylo webrender-sw,4767235,77,ms,firefox,,1786556291,2023-11-03 06:29:48,1984.542252499974,63221dffde4f2b6c134c16fb540dea75d856626d,1326720,,,,,,,,,,,,,,,,,,,,,,,,,,,,,,,,,,,,,,,,,,,,,,,,,,,,,,,,,,,,,TN,TN
autoland,4768071,12,69b95d09da21c937720a8d3aaca237f47b683aa9,linux1804-64-shippable-qr,True,False,,,102210fe594ee9b33d82058545b1ed14f4c8206e,browser-toolbox.connect.DAMP,damp,True,damp browser-toolbox.connect.DAMP opt e10s fission stylo webrender-sw,4767235,77,ms,firefox,,1787640722,2023-11-03 06:58:55,1958.621864500019,3b2e87a93f83951048307cbc49600161594f24fc,1326722,,,,,,,,,,,,,,,,,,,,,,,,,,,,,,,,,,,,,,,,,,,,,,,,,,,,,,,,,,,,,TN,TN
autoland,4768071,12,69b95d09da21c937720a8d3aaca237f47b683aa9,linux1804-64-shippable-qr,True,False,,,102210fe594ee9b33d82058545b1ed14f4c8206e,browser-toolbox.connect.DAMP,damp,True,damp browser-toolbox.connect.DAMP opt e10s fission stylo webrender-sw,4767235,77,ms,firefox,,1787639723,2023-11-03 07:36:07,1987.2056590000284,b22bbe4260314e1412d7b27c4116cd80a3334dea,1326733,,,,,,,,,,,,,,,,,,,,,,,,,,,,,,,,,,,,,,,,,,,,,,,,,,,,,,,,,,,,,TN,TN
autoland,4768071,12,69b95d09da21c937720a8d3aaca237f47b683aa9,linux1804-64-shippable-qr,True,False,,,102210fe594ee9b33d82058545b1ed14f4c8206e,browser-toolbox.connect.DAMP,damp,True,damp browser-toolbox.connect.DAMP opt e10s fission stylo webrender-sw,4767235,77,ms,firefox,,1787641235,2023-11-03 08:19:03,1950.247648500008,b8d7ddef8a12d2762b4df028073939ad1508d0a4,1326743,,,,,,,,,,,,,,,,,,,,,,,,,,,,,,,,,,,,,,,,,,,,,,,,,,,,,,,,,,,,,TN,TN
autoland,4768071,12,69b95d09da21c937720a8d3aaca237f47b683aa9,linux1804-64-shippable-qr,True,False,,,102210fe594ee9b33d82058545b1ed14f4c8206e,browser-toolbox.connect.DAMP,damp,True,damp browser-toolbox.connect.DAMP opt e10s fission stylo webrender-sw,4767235,77,ms,firefox,,1787641316,2023-11-03 09:09:22,1969.479953000009,124a723cd010dfbd667203d480325aa24380f6d4,1326753,,,,,,,,,,,,,,,,,,,,,,,,,,,,,,,,,,,,,,,,,,,,,,,,,,,,,,,,,,,,,TN,TN
autoland,4768071,12,69b95d09da21c937720a8d3aaca237f47b683aa9,linux1804-64-shippable-qr,True,False,,,102210fe594ee9b33d82058545b1ed14f4c8206e,browser-toolbox.connect.DAMP,damp,True,damp browser-toolbox.connect.DAMP opt e10s fission stylo webrender-sw,4767235,77,ms,firefox,,1787639526,2023-11-03 09:13:52,1980.889963499998,7dd4084a322471851e49b87b3a617befb0375765,1326754,,,,,,,,,,,,,,,,,,,,,,,,,,,,,,,,,,,,,,,,,,,,,,,,,,,,,,,,,,,,,TN,TN
autoland,4768071,12,69b95d09da21c937720a8d3aaca237f47b683aa9,linux1804-64-shippable-qr,True,False,,,102210fe594ee9b33d82058545b1ed14f4c8206e,browser-toolbox.connect.DAMP,damp,True,damp browser-toolbox.connect.DAMP opt e10s fission stylo webrender-sw,4767235,77,ms,firefox,,1787640930,2023-11-03 09:17:10,1954.7956115000125,3d9fe41a25152c0c6672f138ea09debecd5143cf,1326755,,,,,,,,,,,,,,,,,,,,,,,,,,,,,,,,,,,,,,,,,,,,,,,,,,,,,,,,,,,,,TN,TN
autoland,4768071,12,69b95d09da21c937720a8d3aaca237f47b683aa9,linux1804-64-shippable-qr,True,False,,,102210fe594ee9b33d82058545b1ed14f4c8206e,browser-toolbox.connect.DAMP,damp,True,damp browser-toolbox.connect.DAMP opt e10s fission stylo webrender-sw,4767235,77,ms,firefox,,1787641180,2023-11-03 09:42:39,1968.8660285000003,4492a1a7f6e79ee78ecaa1b7c93899342d32df2e,1326765,,,,,,,,,,,,,,,,,,,,,,,,,,,,,,,,,,,,,,,,,,,,,,,,,,,,,,,,,,,,,TN,TN
autoland,4768071,12,69b95d09da21c937720a8d3aaca237f47b683aa9,linux1804-64-shippable-qr,True,False,,,102210fe594ee9b33d82058545b1ed14f4c8206e,browser-toolbox.connect.DAMP,damp,True,damp browser-toolbox.connect.DAMP opt e10s fission stylo webrender-sw,4767235,77,ms,firefox,,1787640514,2023-11-03 09:43:52,1987.0794305000163,6c29477373c7502d2ca6e660b3acc28c18ba6974,1326767,,,,,,,,,,,,,,,,,,,,,,,,,,,,,,,,,,,,,,,,,,,,,,,,,,,,,,,,,,,,,TN,TN
autoland,4768071,12,69b95d09da21c937720a8d3aaca237f47b683aa9,linux1804-64-shippable-qr,True,False,,,102210fe594ee9b33d82058545b1ed14f4c8206e,browser-toolbox.connect.DAMP,damp,True,damp browser-toolbox.connect.DAMP opt e10s fission stylo webrender-sw,4767235,77,ms,firefox,,1786701156,2023-11-03 09:45:55,1945.9388114999888,fef2ab0f10caa08593c20e7febc4cec185670a4a,1326769,,,,,,,,,,,,,,,,,,,,,,,,,,,,,,,,,,,,,,,,,,,,,,,,,,,,,,,,,,,,,TN,TN
autoland,4768071,12,69b95d09da21c937720a8d3aaca237f47b683aa9,linux1804-64-shippable-qr,True,False,,,102210fe594ee9b33d82058545b1ed14f4c8206e,browser-toolbox.connect.DAMP,damp,True,damp browser-toolbox.connect.DAMP opt e10s fission stylo webrender-sw,4767235,77,ms,firefox,,1786861068,2023-11-03 14:08:17,1972.339814499981,db8c28afe588aab0cd434e280a4614c075350cde,1326874,,,,,,,,,,,,,,,,,,,,,,,,,,,,,,,,,,,,,,,,,,,,,,,,,,,,,,,,,,,,,TN,TN
autoland,4768071,12,69b95d09da21c937720a8d3aaca237f47b683aa9,linux1804-64-shippable-qr,True,False,,,102210fe594ee9b33d82058545b1ed14f4c8206e,browser-toolbox.connect.DAMP,damp,True,damp browser-toolbox.connect.DAMP opt e10s fission stylo webrender-sw,4767235,77,ms,firefox,,1786921306,2023-11-03 15:30:02,1936.2898365000144,c1bbed9e33815cc111047e95375c6446ad566b5b,1326932,,,,,,,,,,,,,,,,,,,,,,,,,,,,,,,,,,,,,,,,,,,,,,,,,,,,,,,,,,,,,TN,TN
autoland,4768071,12,69b95d09da21c937720a8d3aaca237f47b683aa9,linux1804-64-shippable-qr,True,False,,,102210fe594ee9b33d82058545b1ed14f4c8206e,browser-toolbox.connect.DAMP,damp,True,damp browser-toolbox.connect.DAMP opt e10s fission stylo webrender-sw,4767235,77,ms,firefox,,1786995009,2023-11-03 19:29:08,1915.306543000013,3483c8458f12814829ccacc001ce04923ce9c601,1327119,,,,,,,,,,,,,,,,,,,,,,,,,,,,,,,,,,,,,,,,,,,,,,,,,,,,,,,,,,,,,TN,TN
autoland,4768071,12,69b95d09da21c937720a8d3aaca237f47b683aa9,linux1804-64-shippable-qr,True,False,,,102210fe594ee9b33d82058545b1ed14f4c8206e,browser-toolbox.connect.DAMP,damp,True,damp browser-toolbox.connect.DAMP opt e10s fission stylo webrender-sw,4767235,77,ms,firefox,,1787122595,2023-11-04 00:04:01,1945.780291999996,71b8373e6622cf42c02a4244f2c2629c6afed2db,1327246,,,,,,,,,,,,,,,,,,,,,,,,,,,,,,,,,,,,,,,,,,,,,,,,,,,,,,,,,,,,,TN,TN
autoland,4768071,12,69b95d09da21c937720a8d3aaca237f47b683aa9,linux1804-64-shippable-qr,True,False,,,102210fe594ee9b33d82058545b1ed14f4c8206e,browser-toolbox.connect.DAMP,damp,True,damp browser-toolbox.connect.DAMP opt e10s fission stylo webrender-sw,4767235,77,ms,firefox,,1787140862,2023-11-04 01:35:30,1952.2545240000327,fa8ebe703963d027ce9185c21a4e7bdc98f8cd68,1327271,,,,,,,,,,,,,,,,,,,,,,,,,,,,,,,,,,,,,,,,,,,,,,,,,,,,,,,,,,,,,TN,TN
autoland,4768071,12,69b95d09da21c937720a8d3aaca237f47b683aa9,linux1804-64-shippable-qr,True,False,,,102210fe594ee9b33d82058545b1ed14f4c8206e,browser-toolbox.connect.DAMP,damp,True,damp browser-toolbox.connect.DAMP opt e10s fission stylo webrender-sw,4767235,77,ms,firefox,,1787222202,2023-11-04 08:24:01,1955.9876680000016,f65c77517e3e8d32a23f3607a039a558abd2b12c,1327306,,,,,,,,,,,,,,,,,,,,,,,,,,,,,,,,,,,,,,,,,,,,,,,,,,,,,,,,,,,,,TN,TN
autoland,4768071,12,69b95d09da21c937720a8d3aaca237f47b683aa9,linux1804-64-shippable-qr,True,False,,,102210fe594ee9b33d82058545b1ed14f4c8206e,browser-toolbox.connect.DAMP,damp,True,damp browser-toolbox.connect.DAMP opt e10s fission stylo webrender-sw,4767235,77,ms,firefox,,1787389041,2023-11-04 14:15:16,1943.0885754999615,90f5a1a99e4af4267d041ebe447fe2c0d6028eec,1327379,,,,,,,,,,,,,,,,,,,,,,,,,,,,,,,,,,,,,,,,,,,,,,,,,,,,,,,,,,,,,TN,TN
autoland,4768071,12,69b95d09da21c937720a8d3aaca237f47b683aa9,linux1804-64-shippable-qr,True,False,,,102210fe594ee9b33d82058545b1ed14f4c8206e,browser-toolbox.connect.DAMP,damp,True,damp browser-toolbox.connect.DAMP opt e10s fission stylo webrender-sw,4767235,77,ms,firefox,,1787445923,2023-11-04 18:45:40,1971.2353789999904,55a02a6f1e91945e24618f64bd61b9f3a0beeea0,1327418,,,,,,,,,,,,,,,,,,,,,,,,,,,,,,,,,,,,,,,,,,,,,,,,,,,,,,,,,,,,,TN,TN
autoland,4768071,12,69b95d09da21c937720a8d3aaca237f47b683aa9,linux1804-64-shippable-qr,True,False,,,102210fe594ee9b33d82058545b1ed14f4c8206e,browser-toolbox.connect.DAMP,damp,True,damp browser-toolbox.connect.DAMP opt e10s fission stylo webrender-sw,4767235,77,ms,firefox,,1787508422,2023-11-04 23:01:16,1973.1561220000149,c6d6218c85ae690d272c8b978051ec7c2718b1b2,1327454,,,,,,,,,,,,,,,,,,,,,,,,,,,,,,,,,,,,,,,,,,,,,,,,,,,,,,,,,,,,,TN,TN
autoland,4768071,12,69b95d09da21c937720a8d3aaca237f47b683aa9,linux1804-64-shippable-qr,True,False,,,102210fe594ee9b33d82058545b1ed14f4c8206e,browser-toolbox.connect.DAMP,damp,True,damp browser-toolbox.connect.DAMP opt e10s fission stylo webrender-sw,4767235,77,ms,firefox,,1787741502,2023-11-05 12:31:02,1959.8547129999931,6e473b5825d2acd52739d9cc4cdec6ea5e26c9d1,1327508,,,,,,,,,,,,,,,,,,,,,,,,,,,,,,,,,,,,,,,,,,,,,,,,,,,,,,,,,,,,,TN,TN
autoland,4768071,12,69b95d09da21c937720a8d3aaca237f47b683aa9,linux1804-64-shippable-qr,True,False,,,102210fe594ee9b33d82058545b1ed14f4c8206e,browser-toolbox.connect.DAMP,damp,True,damp browser-toolbox.connect.DAMP opt e10s fission stylo webrender-sw,4767235,77,ms,firefox,,1787875817,2023-11-05 17:15:11,1948.6362900000092,e4d362eebc148baf8432d0b013b6233995a2f16e,1327546,,,,,,,,,,,,,,,,,,,,,,,,,,,,,,,,,,,,,,,,,,,,,,,,,,,,,,,,,,,,,TN,TN
autoland,4768071,12,69b95d09da21c937720a8d3aaca237f47b683aa9,linux1804-64-shippable-qr,True,False,,,102210fe594ee9b33d82058545b1ed14f4c8206e,browser-toolbox.connect.DAMP,damp,True,damp browser-toolbox.connect.DAMP opt e10s fission stylo webrender-sw,4767235,77,ms,firefox,,1787989511,2023-11-05 22:35:05,1962.0274385000084,1995198e0bee1b9f7d4ac3a5286fb89a8305fa28,1327567,,,,,,,,,,,,,,,,,,,,,,,,,,,,,,,,,,,,,,,,,,,,,,,,,,,,,,,,,,,,,TN,TN
autoland,4768071,12,69b95d09da21c937720a8d3aaca237f47b683aa9,linux1804-64-shippable-qr,True,False,,,102210fe594ee9b33d82058545b1ed14f4c8206e,browser-toolbox.connect.DAMP,damp,True,damp browser-toolbox.connect.DAMP opt e10s fission stylo webrender-sw,4767235,77,ms,firefox,,1788216497,2023-11-06 03:28:15,1917.2591710000124,925231a8fb5eccf055afb3e9921596d8f990128b,1327590,,,,,,,,,,,,,,,,,,,,,,,,,,,,,,,,,,,,,,,,,,,,,,,,,,,,,,,,,,,,,TN,TN
autoland,4768071,12,69b95d09da21c937720a8d3aaca237f47b683aa9,linux1804-64-shippable-qr,True,False,,,102210fe594ee9b33d82058545b1ed14f4c8206e,browser-toolbox.connect.DAMP,damp,True,damp browser-toolbox.connect.DAMP opt e10s fission stylo webrender-sw,4767235,77,ms,firefox,,1788300990,2023-11-06 06:27:10,1965.7287775000004,58f61f19462af6371405866cd0506983856d5433,1327613,,,,,,,,,,,,,,,,,,,,,,,,,,,,,,,,,,,,,,,,,,,,,,,,,,,,,,,,,,,,,TN,TN
autoland,4768071,12,69b95d09da21c937720a8d3aaca237f47b683aa9,linux1804-64-shippable-qr,True,False,,,102210fe594ee9b33d82058545b1ed14f4c8206e,browser-toolbox.connect.DAMP,damp,True,damp browser-toolbox.connect.DAMP opt e10s fission stylo webrender-sw,4767235,77,ms,firefox,,1788433587,2023-11-06 10:22:32,1953.858158999996,47130f8e8a79f36f7bea8cf4a4a19a3ef155e539,1327714,,,,,,,,,,,,,,,,,,,,,,,,,,,,,,,,,,,,,,,,,,,,,,,,,,,,,,,,,,,,,TN,TN
autoland,4768071,12,69b95d09da21c937720a8d3aaca237f47b683aa9,linux1804-64-shippable-qr,True,False,,,102210fe594ee9b33d82058545b1ed14f4c8206e,browser-toolbox.connect.DAMP,damp,True,damp browser-toolbox.connect.DAMP opt e10s fission stylo webrender-sw,4767235,77,ms,firefox,,1788743369,2023-11-06 10:23:58,2023.5561000000307,c2a2410f9574f0e6ab0d0ca16d43707ae3778e68,1327715,,,,,,,,,,,,,,,,,,,,,,,,,,,,,,,,,,,,,,,,,,,,,,,,,,,,,,,,,,,,,TN,TN
autoland,4768071,12,69b95d09da21c937720a8d3aaca237f47b683aa9,linux1804-64-shippable-qr,True,False,,,102210fe594ee9b33d82058545b1ed14f4c8206e,browser-toolbox.connect.DAMP,damp,True,damp browser-toolbox.connect.DAMP opt e10s fission stylo webrender-sw,4767235,77,ms,firefox,,1788747778,2023-11-06 10:27:45,1986.8472315000108,37aca45f9c29ca68df68c9864a56ae2f7cafaf24,1327717,,,,,,,,,,,,,,,,,,,,,,,,,,,,,,,,,,,,,,,,,,,,,,,,,,,,,,,,,,,,,TN,TN
autoland,4768071,12,69b95d09da21c937720a8d3aaca237f47b683aa9,linux1804-64-shippable-qr,True,False,,,102210fe594ee9b33d82058545b1ed14f4c8206e,browser-toolbox.connect.DAMP,damp,True,damp browser-toolbox.connect.DAMP opt e10s fission stylo webrender-sw,4767235,77,ms,firefox,,1788749240,2023-11-06 10:36:38,1949.259839500009,2c6ee635e10fc107de3da131e2b008af1ab0dab5,1327728,,,,,,,,,,,,,,,,,,,,,,,,,,,,,,,,,,,,,,,,,,,,,,,,,,,,,,,,,,,,,TN,TN
autoland,4768071,12,69b95d09da21c937720a8d3aaca237f47b683aa9,linux1804-64-shippable-qr,True,False,,,102210fe594ee9b33d82058545b1ed14f4c8206e,browser-toolbox.connect.DAMP,damp,True,damp browser-toolbox.connect.DAMP opt e10s fission stylo webrender-sw,4767235,77,ms,firefox,,1788740881,2023-11-06 10:50:01,1965.59292499999,1b903254ef10966135ac0e0dd021d3c6ad9bc546,1327739,,,,,,,,,,,,,,,,,,,,,,,,,,,,,,,,,,,,,,,,,,,,,,,,,,,,,,,,,,,,,TN,TN
autoland,4768071,12,69b95d09da21c937720a8d3aaca237f47b683aa9,linux1804-64-shippable-qr,True,False,,,102210fe594ee9b33d82058545b1ed14f4c8206e,browser-toolbox.connect.DAMP,damp,True,damp browser-toolbox.connect.DAMP opt e10s fission stylo webrender-sw,4767235,77,ms,firefox,,1788766002,2023-11-06 11:27:01,1972.5999690000024,b53479acd21d7b0649a7e9660ea8d3c72bce05ce,1327764,,,,,,,,,,,,,,,,,,,,,,,,,,,,,,,,,,,,,,,,,,,,,,,,,,,,,,,,,,,,,TN,TN
autoland,4768071,12,69b95d09da21c937720a8d3aaca237f47b683aa9,linux1804-64-shippable-qr,True,False,,,102210fe594ee9b33d82058545b1ed14f4c8206e,browser-toolbox.connect.DAMP,damp,True,damp browser-toolbox.connect.DAMP opt e10s fission stylo webrender-sw,4767235,77,ms,firefox,,1788750637,2023-11-06 11:28:03,1939.2093394999972,e9280f35a02b11fcac3f0a6d8ae99252b10caa76,1327765,,,,,,,,,,,,,,,,,,,,,,,,,,,,,,,,,,,,,,,,,,,,,,,,,,,,,,,,,,,,,TN,TN
autoland,4768071,12,69b95d09da21c937720a8d3aaca237f47b683aa9,linux1804-64-shippable-qr,True,False,,,102210fe594ee9b33d82058545b1ed14f4c8206e,browser-toolbox.connect.DAMP,damp,True,damp browser-toolbox.connect.DAMP opt e10s fission stylo webrender-sw,4767235,77,ms,firefox,,1788748885,2023-11-06 11:28:59,1967.3791519999795,b10b3c0867f66b95889deed6218168d546de1735,1327767,,,,,,,,,,,,,,,,,,,,,,,,,,,,,,,,,,,,,,,,,,,,,,,,,,,,,,,,,,,,,TN,TN
autoland,4768071,12,69b95d09da21c937720a8d3aaca237f47b683aa9,linux1804-64-shippable-qr,True,False,,,102210fe594ee9b33d82058545b1ed14f4c8206e,browser-toolbox.connect.DAMP,damp,True,damp browser-toolbox.connect.DAMP opt e10s fission stylo webrender-sw,4767235,77,ms,firefox,,1788751103,2023-11-06 11:30:00,1967.0266150000095,78ec252ec76457692601fc7de853e42193dcab1b,1327768,,,,,,,,,,,,,,,,,,,,,,,,,,,,,,,,,,,,,,,,,,,,,,,,,,,,,,,,,,,,,TN,TN
autoland,4768071,12,69b95d09da21c937720a8d3aaca237f47b683aa9,linux1804-64-shippable-qr,True,False,,,102210fe594ee9b33d82058545b1ed14f4c8206e,browser-toolbox.connect.DAMP,damp,True,damp browser-toolbox.connect.DAMP opt e10s fission stylo webrender-sw,4767235,77,ms,firefox,,1788750044,2023-11-06 12:06:37,1986.7050795000105,c932baf45f0dae95ecf3d181b5954f250eeae791,1327783,,,,,,,,,,,,,,,,,,,,,,,,,,,,,,,,,,,,,,,,,,,,,,,,,,,,,,,,,,,,,TN,TN
autoland,4768071,12,69b95d09da21c937720a8d3aaca237f47b683aa9,linux1804-64-shippable-qr,True,False,,,102210fe594ee9b33d82058545b1ed14f4c8206e,browser-toolbox.connect.DAMP,damp,True,damp browser-toolbox.connect.DAMP opt e10s fission stylo webrender-sw,4767235,77,ms,firefox,,1788681159,2023-11-06 12:14:41,1946.1854814999824,362c853f387979866037cdbb266293a5d2d788d6,1327784,,,,,,,,,,,,,,,,,,,,,,,,,,,,,,,,,,,,,,,,,,,,,,,,,,,,,,,,,,,,,TN,TN
autoland,4768071,12,69b95d09da21c937720a8d3aaca237f47b683aa9,linux1804-64-shippable-qr,True,False,,,102210fe594ee9b33d82058545b1ed14f4c8206e,browser-toolbox.connect.DAMP,damp,True,damp browser-toolbox.connect.DAMP opt e10s fission stylo webrender-sw,4767235,77,ms,firefox,,1788750912,2023-11-06 12:15:33,1970.7488665000128,be38e5d0e36851d8bd6dad1b8125afb12ef5fe5f,1327785,,,,,,,,,,,,,,,,,,,,,,,,,,,,,,,,,,,,,,,,,,,,,,,,,,,,,,,,,,,,,TN,TN
autoland,4768071,12,69b95d09da21c937720a8d3aaca237f47b683aa9,linux1804-64-shippable-qr,True,False,,,102210fe594ee9b33d82058545b1ed14f4c8206e,browser-toolbox.connect.DAMP,damp,True,damp browser-toolbox.connect.DAMP opt e10s fission stylo webrender-sw,4767235,77,ms,firefox,,1788766087,2023-11-06 12:16:25,1946.280881999992,f5d7c3a00f2bdc43070a0a547ddcd9027f3a2d02,1327786,,,,,,,,,,,,,,,,,,,,,,,,,,,,,,,,,,,,,,,,,,,,,,,,,,,,,,,,,,,,,TN,TN
autoland,4768071,12,69b95d09da21c937720a8d3aaca237f47b683aa9,linux1804-64-shippable-qr,True,False,,,102210fe594ee9b33d82058545b1ed14f4c8206e,browser-toolbox.connect.DAMP,damp,True,damp browser-toolbox.connect.DAMP opt e10s fission stylo webrender-sw,4767235,77,ms,firefox,,1788765796,2023-11-06 13:52:34,1977.0516410000275,8941d99e1eb17454a255df18d412ab32963d6aae,1327869,,,,,,,,,,,,,,,,,,,,,,,,,,,,,,,,,,,,,,,,,,,,,,,,,,,,,,,,,,,,,TN,TN
autoland,4768071,12,69b95d09da21c937720a8d3aaca237f47b683aa9,linux1804-64-shippable-qr,True,False,,,102210fe594ee9b33d82058545b1ed14f4c8206e,browser-toolbox.connect.DAMP,damp,True,damp browser-toolbox.connect.DAMP opt e10s fission stylo webrender-sw,4767235,77,ms,firefox,,1788766435,2023-11-06 13:53:42,1956.7056269999885,b6679860acd1931bb80b35cbf55b91e636cfbadc,1327871,,,,,,,,,,,,,,,,,,,,,,,,,,,,,,,,,,,,,,,,,,,,,,,,,,,,,,,,,,,,,TN,TN
autoland,4768071,12,69b95d09da21c937720a8d3aaca237f47b683aa9,linux1804-64-shippable-qr,True,False,,,102210fe594ee9b33d82058545b1ed14f4c8206e,browser-toolbox.connect.DAMP,damp,True,damp browser-toolbox.connect.DAMP opt e10s fission stylo webrender-sw,4767235,77,ms,firefox,,1788751532,2023-11-06 13:56:35,1977.2752879999896,64589fd1828b1cb9873052d23bb63f235f90561c,1327872,,,,,,,,,,,,,,,,,,,,,,,,,,,,,,,,,,,,,,,,,,,,,,,,,,,,,,,,,,,,,TN,TN
autoland,4768071,12,69b95d09da21c937720a8d3aaca237f47b683aa9,linux1804-64-shippable-qr,True,False,,,102210fe594ee9b33d82058545b1ed14f4c8206e,browser-toolbox.connect.DAMP,damp,True,damp browser-toolbox.connect.DAMP opt e10s fission stylo webrender-sw,4767235,77,ms,firefox,,1788792902,2023-11-06 13:57:59,1997.7216705000028,06f39eec0b1e128448edb58a24ffda1d16c81fba,1327873,,,,,,,,,,,,,,,,,,,,,,,,,,,,,,,,,,,,,,,,,,,,,,,,,,,,,,,,,,,,,TN,TN
autoland,4768071,12,69b95d09da21c937720a8d3aaca237f47b683aa9,linux1804-64-shippable-qr,True,False,,,102210fe594ee9b33d82058545b1ed14f4c8206e,browser-toolbox.connect.DAMP,damp,True,damp browser-toolbox.connect.DAMP opt e10s fission stylo webrender-sw,4767235,77,ms,firefox,,1788792831,2023-11-06 13:59:07,1958.676624500018,b5b00d6c280e46d793ada35c0ac3a1d34b86ca15,1327879,,,,,,,,,,,,,,,,,,,,,,,,,,,,,,,,,,,,,,,,,,,,,,,,,,,,,,,,,,,,,TN,TN
autoland,4768071,12,69b95d09da21c937720a8d3aaca237f47b683aa9,linux1804-64-shippable-qr,True,False,,,102210fe594ee9b33d82058545b1ed14f4c8206e,browser-toolbox.connect.DAMP,damp,True,damp browser-toolbox.connect.DAMP opt e10s fission stylo webrender-sw,4767235,77,ms,firefox,,1788782787,2023-11-06 17:39:09,1958.689768000011,6d5e2f6a296345f3afbeecf2e34bf0f7da7c7991,1328028,,,,,,,,,,,,,,,,,,,,,,,,,,,,,,,,,,,,,,,,,,,,,,,,,,,,,,,,,,,,,TN,TN
autoland,4768071,12,69b95d09da21c937720a8d3aaca237f47b683aa9,linux1804-64-shippable-qr,True,False,,,102210fe594ee9b33d82058545b1ed14f4c8206e,browser-toolbox.connect.DAMP,damp,True,damp browser-toolbox.connect.DAMP opt e10s fission stylo webrender-sw,4767235,77,ms,firefox,,1788855704,2023-11-06 20:45:17,1955.6829640000212,cfad60e16bc9ffd1123a5eb881ba42aaa60b9b18,1328100,,,,,,,,,,,,,,,,,,,,,,,,,,,,,,,,,,,,,,,,,,,,,,,,,,,,,,,,,,,,,TN,TN
autoland,4768071,12,69b95d09da21c937720a8d3aaca237f47b683aa9,linux1804-64-shippable-qr,True,False,,,102210fe594ee9b33d82058545b1ed14f4c8206e,browser-toolbox.connect.DAMP,damp,True,damp browser-toolbox.connect.DAMP opt e10s fission stylo webrender-sw,4767235,77,ms,firefox,,1788964511,2023-11-07 01:37:21,1958.840293000001,05f23c29b41cfcb7bfe0b081854260fa6d04388f,1328269,,,,,,,,,,,,,,,,,,,,,,,,,,,,,,,,,,,,,,,,,,,,,,,,,,,,,,,,,,,,,TN,TN
autoland,4768071,12,69b95d09da21c937720a8d3aaca237f47b683aa9,linux1804-64-shippable-qr,True,False,,,102210fe594ee9b33d82058545b1ed14f4c8206e,browser-toolbox.connect.DAMP,damp,True,damp browser-toolbox.connect.DAMP opt e10s fission stylo webrender-sw,4767235,77,ms,firefox,,1789130955,2023-11-07 05:57:42,1968.844934500012,5f6163941f402e507f0d384b9904f2a425a28d57,1328312,,,,,,,,,,,,,,,,,,,,,,,,,,,,,,,,,,,,,,,,,,,,,,,,,,,,,,,,,,,,,TN,TN
autoland,4768071,12,69b95d09da21c937720a8d3aaca237f47b683aa9,linux1804-64-shippable-qr,True,False,,,102210fe594ee9b33d82058545b1ed14f4c8206e,browser-toolbox.connect.DAMP,damp,True,damp browser-toolbox.connect.DAMP opt e10s fission stylo webrender-sw,4767235,77,ms,firefox,,1789172718,2023-11-07 07:13:43,1979.293057500021,7a3978f0626b31f7d311cbc700a8ad6eef3c38a7,1328322,,,,,,,,,,,,,,,,,,,,,,,,,,,,,,,,,,,,,,,,,,,,,,,,,,,,,,,,,,,,,TN,TN
autoland,4768071,12,69b95d09da21c937720a8d3aaca237f47b683aa9,linux1804-64-shippable-qr,True,False,,,102210fe594ee9b33d82058545b1ed14f4c8206e,browser-toolbox.connect.DAMP,damp,True,damp browser-toolbox.connect.DAMP opt e10s fission stylo webrender-sw,4767235,77,ms,firefox,,1789388174,2023-11-07 15:22:28,1973.0705479999888,3a6678776d36c32f58fe521d73f09bbc1478cbbb,1328534,,,,,,,,,,,,,,,,,,,,,,,,,,,,,,,,,,,,,,,,,,,,,,,,,,,,,,,,,,,,,TN,TN
autoland,4768071,12,69b95d09da21c937720a8d3aaca237f47b683aa9,linux1804-64-shippable-qr,True,False,,,102210fe594ee9b33d82058545b1ed14f4c8206e,browser-toolbox.connect.DAMP,damp,True,damp browser-toolbox.connect.DAMP opt e10s fission stylo webrender-sw,4767235,77,ms,firefox,,1789546284,2023-11-07 20:38:50,1964.765050499984,2f5322fade4338f844537e7e14979d023e4b7d48,1328596,,,,,,,,,,,,,,,,,,,,,,,,,,,,,,,,,,,,,,,,,,,,,,,,,,,,,,,,,,,,,TN,TN
autoland,4768071,12,69b95d09da21c937720a8d3aaca237f47b683aa9,linux1804-64-shippable-qr,True,False,,,102210fe594ee9b33d82058545b1ed14f4c8206e,browser-toolbox.connect.DAMP,damp,True,damp browser-toolbox.connect.DAMP opt e10s fission stylo webrender-sw,4767235,77,ms,firefox,,1789643042,2023-11-07 23:09:36,1983.835217500004,146ef5c46755802d7609ece035e0115301c936bd,1328770,,,,,,,,,,,,,,,,,,,,,,,,,,,,,,,,,,,,,,,,,,,,,,,,,,,,,,,,,,,,,TN,TN
autoland,4768071,12,69b95d09da21c937720a8d3aaca237f47b683aa9,linux1804-64-shippable-qr,True,False,,,102210fe594ee9b33d82058545b1ed14f4c8206e,browser-toolbox.connect.DAMP,damp,True,damp browser-toolbox.connect.DAMP opt e10s fission stylo webrender-sw,4767235,77,ms,firefox,,1789858618,2023-11-08 05:24:12,1977.268559000004,68721f0d6aec0facf9c8f271ea2bb2719348014a,1328912,,,,,,,,,,,,,,,,,,,,,,,,,,,,,,,,,,,,,,,,,,,,,,,,,,,,,,,,,,,,,TN,TN
autoland,4768071,12,69b95d09da21c937720a8d3aaca237f47b683aa9,linux1804-64-shippable-qr,True,False,,,102210fe594ee9b33d82058545b1ed14f4c8206e,browser-toolbox.connect.DAMP,damp,True,damp browser-toolbox.connect.DAMP opt e10s fission stylo webrender-sw,4767235,77,ms,firefox,,1789973160,2023-11-08 09:44:01,1960.2064850000097,578787894d0e996af4d743caf71b5501330fb2ab,1328973,,,,,,,,,,,,,,,,,,,,,,,,,,,,,,,,,,,,,,,,,,,,,,,,,,,,,,,,,,,,,TN,TN
autoland,4768071,12,69b95d09da21c937720a8d3aaca237f47b683aa9,linux1804-64-shippable-qr,True,False,,,102210fe594ee9b33d82058545b1ed14f4c8206e,browser-toolbox.connect.DAMP,damp,True,damp browser-toolbox.connect.DAMP opt e10s fission stylo webrender-sw,4767235,77,ms,firefox,,1789996363,2023-11-08 09:46:58,1918.992404000004,e65fca949600e3163fd1befd6423958e0bc70029,1328975,,,,,,,,,,,,,,,,,,,,,,,,,,,,,,,,,,,,,,,,,,,,,,,,,,,,,,,,,,,,,TN,TN
autoland,4768071,12,69b95d09da21c937720a8d3aaca237f47b683aa9,linux1804-64-shippable-qr,True,False,,,102210fe594ee9b33d82058545b1ed14f4c8206e,browser-toolbox.connect.DAMP,damp,True,damp browser-toolbox.connect.DAMP opt e10s fission stylo webrender-sw,4767235,77,ms,firefox,,1790102188,2023-11-08 13:41:28,1980.2814905000268,ae536a17c1ffbb830141240a38f81e032b6645ea,1329115,,,,,,,,,,,,,,,,,,,,,,,,,,,,,,,,,,,,,,,,,,,,,,,,,,,,,,,,,,,,,TN,TN
autoland,4768071,12,69b95d09da21c937720a8d3aaca237f47b683aa9,linux1804-64-shippable-qr,True,False,,,102210fe594ee9b33d82058545b1ed14f4c8206e,browser-toolbox.connect.DAMP,damp,True,damp browser-toolbox.connect.DAMP opt e10s fission stylo webrender-sw,4767235,77,ms,firefox,,1790192861,2023-11-08 17:45:21,1968.7362820000128,f1fb5f0afb5896b5c30e6a9b1439a9c4de4a3db2,1329261,,,,,,,,,,,,,,,,,,,,,,,,,,,,,,,,,,,,,,,,,,,,,,,,,,,,,,,,,,,,,TN,TN
autoland,4768071,12,69b95d09da21c937720a8d3aaca237f47b683aa9,linux1804-64-shippable-qr,True,False,,,102210fe594ee9b33d82058545b1ed14f4c8206e,browser-toolbox.connect.DAMP,damp,True,damp browser-toolbox.connect.DAMP opt e10s fission stylo webrender-sw,4767235,77,ms,firefox,,1790406191,2023-11-08 23:10:55,1937.0837895000004,9b044e3ed5981e128922152098934a6691bfcd97,1329500,,,,,,,,,,,,,,,,,,,,,,,,,,,,,,,,,,,,,,,,,,,,,,,,,,,,,,,,,,,,,TN,TN
autoland,4768071,12,69b95d09da21c937720a8d3aaca237f47b683aa9,linux1804-64-shippable-qr,True,False,,,102210fe594ee9b33d82058545b1ed14f4c8206e,browser-toolbox.connect.DAMP,damp,True,damp browser-toolbox.connect.DAMP opt e10s fission stylo webrender-sw,4767235,77,ms,firefox,,1790425469,2023-11-09 00:04:05,1972.922287000023,fd3f50f4dce00592f4da8f972037ced4a0c9f5be,1329532,,,,,,,,,,,,,,,,,,,,,,,,,,,,,,,,,,,,,,,,,,,,,,,,,,,,,,,,,,,,,TN,TN
autoland,4768071,12,69b95d09da21c937720a8d3aaca237f47b683aa9,linux1804-64-shippable-qr,True,False,,,102210fe594ee9b33d82058545b1ed14f4c8206e,browser-toolbox.connect.DAMP,damp,True,damp browser-toolbox.connect.DAMP opt e10s fission stylo webrender-sw,4767235,77,ms,firefox,,1790637950,2023-11-09 04:14:58,1987.8029910000328,975206b939dc6e4f823a1a29c703dd586e4157b9,1329628,,,,,,,,,,,,,,,,,,,,,,,,,,,,,,,,,,,,,,,,,,,,,,,,,,,,,,,,,,,,,TN,TN
autoland,4768071,12,69b95d09da21c937720a8d3aaca237f47b683aa9,linux1804-64-shippable-qr,True,False,,,102210fe594ee9b33d82058545b1ed14f4c8206e,browser-toolbox.connect.DAMP,damp,True,damp browser-toolbox.connect.DAMP opt e10s fission stylo webrender-sw,4767235,77,ms,firefox,,1790742710,2023-11-09 08:18:01,1962.7758990000293,d0c4fdebcd36de1f0361cb29103afbf36e498521,1329688,,,,,,,,,,,,,,,,,,,,,,,,,,,,,,,,,,,,,,,,,,,,,,,,,,,,,,,,,,,,,TN,TN
autoland,4768071,12,69b95d09da21c937720a8d3aaca237f47b683aa9,linux1804-64-shippable-qr,True,False,,,102210fe594ee9b33d82058545b1ed14f4c8206e,browser-toolbox.connect.DAMP,damp,True,damp browser-toolbox.connect.DAMP opt e10s fission stylo webrender-sw,4767235,77,ms,firefox,,1790758772,2023-11-09 08:32:31,1944.7449770000092,5392006086fa6f66b9c2f5919b8c65d04cf44936,1329693,,,,,,,,,,,,,,,,,,,,,,,,,,,,,,,,,,,,,,,,,,,,,,,,,,,,,,,,,,,,,TN,TN
autoland,4768071,12,69b95d09da21c937720a8d3aaca237f47b683aa9,linux1804-64-shippable-qr,True,False,,,102210fe594ee9b33d82058545b1ed14f4c8206e,browser-toolbox.connect.DAMP,damp,True,damp browser-toolbox.connect.DAMP opt e10s fission stylo webrender-sw,4767235,77,ms,firefox,,1790972668,2023-11-09 12:39:55,1957.9686345000227,0d25aa82c9421a1a0e1d9bf224094a9feaa083c0,1329818,,,,,,,,,,,,,,,,,,,,,,,,,,,,,,,,,,,,,,,,,,,,,,,,,,,,,,,,,,,,,TN,TN
autoland,4768071,12,69b95d09da21c937720a8d3aaca237f47b683aa9,linux1804-64-shippable-qr,True,False,,,102210fe594ee9b33d82058545b1ed14f4c8206e,browser-toolbox.connect.DAMP,damp,True,damp browser-toolbox.connect.DAMP opt e10s fission stylo webrender-sw,4767235,77,ms,firefox,,1791012942,2023-11-09 13:52:13,1960.4246465000035,af9d30c92582a30a1e7987079e780e59aa69ab7b,1329843,,,,,,,,,,,,,,,,,,,,,,,,,,,,,,,,,,,,,,,,,,,,,,,,,,,,,,,,,,,,,TN,TN
autoland,4768071,12,69b95d09da21c937720a8d3aaca237f47b683aa9,linux1804-64-shippable-qr,True,False,,,102210fe594ee9b33d82058545b1ed14f4c8206e,browser-toolbox.connect.DAMP,damp,True,damp browser-toolbox.connect.DAMP opt e10s fission stylo webrender-sw,4767235,77,ms,firefox,,1791131276,2023-11-09 18:06:54,1962.91576850001,1eda7f37f458e81d7c275eb0a3e1959cdfdb5053,1329987,,,,,,,,,,,,,,,,,,,,,,,,,,,,,,,,,,,,,,,,,,,,,,,,,,,,,,,,,,,,,TN,TN
autoland,4768071,12,69b95d09da21c937720a8d3aaca237f47b683aa9,linux1804-64-shippable-qr,True,False,,,102210fe594ee9b33d82058545b1ed14f4c8206e,browser-toolbox.connect.DAMP,damp,True,damp browser-toolbox.connect.DAMP opt e10s fission stylo webrender-sw,4767235,77,ms,firefox,,1791211571,2023-11-09 18:57:17,1971.094715500003,938e6fc607623834483a5ab95019520814f10ee8,1330029,,,,,,,,,,,,,,,,,,,,,,,,,,,,,,,,,,,,,,,,,,,,,,,,,,,,,,,,,,,,,TN,TN
autoland,4768071,12,69b95d09da21c937720a8d3aaca237f47b683aa9,linux1804-64-shippable-qr,True,False,,,102210fe594ee9b33d82058545b1ed14f4c8206e,browser-toolbox.connect.DAMP,damp,True,damp browser-toolbox.connect.DAMP opt e10s fission stylo webrender-sw,4767235,77,ms,firefox,,1791461794,2023-11-09 23:53:27,1975.3273214999936,d3aff5d6c69730c6f26eb54b7e24fdd203480069,1330185,,,,,,,,,,,,,,,,,,,,,,,,,,,,,,,,,,,,,,,,,,,,,,,,,,,,,,,,,,,,,TN,TN
autoland,4768071,12,69b95d09da21c937720a8d3aaca237f47b683aa9,linux1804-64-shippable-qr,True,False,,,102210fe594ee9b33d82058545b1ed14f4c8206e,browser-toolbox.connect.DAMP,damp,True,damp browser-toolbox.connect.DAMP opt e10s fission stylo webrender-sw,4767235,77,ms,firefox,,1791378675,2023-11-10 00:18:00,1957.8415430000025,543c915fc8c6775cd665ad6ebe58df0f46e9198c,1330200,,,,,,,,,,,,,,,,,,,,,,,,,,,,,,,,,,,,,,,,,,,,,,,,,,,,,,,,,,,,,TN,TN
autoland,4768071,12,69b95d09da21c937720a8d3aaca237f47b683aa9,linux1804-64-shippable-qr,True,False,,,102210fe594ee9b33d82058545b1ed14f4c8206e,browser-toolbox.connect.DAMP,damp,True,damp browser-toolbox.connect.DAMP opt e10s fission stylo webrender-sw,4767235,77,ms,firefox,,1791588595,2023-11-10 06:00:15,1942.2639764999983,5fcc529533b87c657e0dd95ea8cdd37f7cbac5c0,1330263,,,,,,,,,,,,,,,,,,,,,,,,,,,,,,,,,,,,,,,,,,,,,,,,,,,,,,,,,,,,,TN,TN
autoland,4768071,12,69b95d09da21c937720a8d3aaca237f47b683aa9,linux1804-64-shippable-qr,True,False,,,102210fe594ee9b33d82058545b1ed14f4c8206e,browser-toolbox.connect.DAMP,damp,True,damp browser-toolbox.connect.DAMP opt e10s fission stylo webrender-sw,4767235,77,ms,firefox,,1791748398,2023-11-10 10:16:47,1951.997883000004,2033848fe740a46b19d19b2689365e6d5122d399,1330353,,,,,,,,,,,,,,,,,,,,,,,,,,,,,,,,,,,,,,,,,,,,,,,,,,,,,,,,,,,,,TN,TN
autoland,4768071,12,69b95d09da21c937720a8d3aaca237f47b683aa9,linux1804-64-shippable-qr,True,False,,,102210fe594ee9b33d82058545b1ed14f4c8206e,browser-toolbox.connect.DAMP,damp,True,damp browser-toolbox.connect.DAMP opt e10s fission stylo webrender-sw,4767235,77,ms,firefox,,1791816811,2023-11-10 14:18:06,1983.059916000013,e2c6fa08aa82b40d8316fc19e08ea45be70e9292,1330451,,,,,,,,,,,,,,,,,,,,,,,,,,,,,,,,,,,,,,,,,,,,,,,,,,,,,,,,,,,,,TN,TN
autoland,4768071,12,69b95d09da21c937720a8d3aaca237f47b683aa9,linux1804-64-shippable-qr,True,False,,,102210fe594ee9b33d82058545b1ed14f4c8206e,browser-toolbox.connect.DAMP,damp,True,damp browser-toolbox.connect.DAMP opt e10s fission stylo webrender-sw,4767235,77,ms,firefox,,1791836104,2023-11-10 14:48:51,1982.721411999977,f90b853d9b0b112db86ff41fcce843afb13939ce,1330467,,,,,,,,,,,,,,,,,,,,,,,,,,,,,,,,,,,,,,,,,,,,,,,,,,,,,,,,,,,,,TN,TN
autoland,4768071,12,69b95d09da21c937720a8d3aaca237f47b683aa9,linux1804-64-shippable-qr,True,False,,,102210fe594ee9b33d82058545b1ed14f4c8206e,browser-toolbox.connect.DAMP,damp,True,damp browser-toolbox.connect.DAMP opt e10s fission stylo webrender-sw,4767235,77,ms,firefox,,1792126010,2023-11-10 23:46:31,1986.191361499987,740891aba7f0d05a95960669bd6efe7b25177226,1330635,,,,,,,,,,,,,,,,,,,,,,,,,,,,,,,,,,,,,,,,,,,,,,,,,,,,,,,,,,,,,TN,TN
autoland,4768071,12,69b95d09da21c937720a8d3aaca237f47b683aa9,linux1804-64-shippable-qr,True,False,,,102210fe594ee9b33d82058545b1ed14f4c8206e,browser-toolbox.connect.DAMP,damp,True,damp browser-toolbox.connect.DAMP opt e10s fission stylo webrender-sw,4767235,77,ms,firefox,,1792298869,2023-11-11 06:55:04,1952.6637690000207,94bbd4bd056a20549029ecbc07c9a4b5da968789,1330673,,,,,,,,,,,,,,,,,,,,,,,,,,,,,,,,,,,,,,,,,,,,,,,,,,,,,,,,,,,,,TN,TN
autoland,4768071,12,69b95d09da21c937720a8d3aaca237f47b683aa9,linux1804-64-shippable-qr,True,False,,,102210fe594ee9b33d82058545b1ed14f4c8206e,browser-toolbox.connect.DAMP,damp,True,damp browser-toolbox.connect.DAMP opt e10s fission stylo webrender-sw,4767235,77,ms,firefox,,1792332124,2023-11-11 08:27:10,1972.763887000001,29fb30143955ee92cd789fd467326c47f82f7968,1330680,,,,,,,,,,,,,,,,,,,,,,,,,,,,,,,,,,,,,,,,,,,,,,,,,,,,,,,,,,,,,TN,TN
autoland,4768071,12,69b95d09da21c937720a8d3aaca237f47b683aa9,linux1804-64-shippable-qr,True,False,,,102210fe594ee9b33d82058545b1ed14f4c8206e,browser-toolbox.connect.DAMP,damp,True,damp browser-toolbox.connect.DAMP opt e10s fission stylo webrender-sw,4767235,77,ms,firefox,,1792475979,2023-11-11 12:34:55,1946.9711450000325,81243364a707b159122b0c5ee8e682567162117c,1330712,,,,,,,,,,,,,,,,,,,,,,,,,,,,,,,,,,,,,,,,,,,,,,,,,,,,,,,,,,,,,TN,TN
autoland,4768071,12,69b95d09da21c937720a8d3aaca237f47b683aa9,linux1804-64-shippable-qr,True,False,,,102210fe594ee9b33d82058545b1ed14f4c8206e,browser-toolbox.connect.DAMP,damp,True,damp browser-toolbox.connect.DAMP opt e10s fission stylo webrender-sw,4767235,77,ms,firefox,,1792723198,2023-11-11 23:06:06,1959.4765885000236,3c8320ef59532128e1a7589968f497f0efcabbaf,1330750,,,,,,,,,,,,,,,,,,,,,,,,,,,,,,,,,,,,,,,,,,,,,,,,,,,,,,,,,,,,,TN,TN
autoland,4768071,12,69b95d09da21c937720a8d3aaca237f47b683aa9,linux1804-64-shippable-qr,True,False,,,102210fe594ee9b33d82058545b1ed14f4c8206e,browser-toolbox.connect.DAMP,damp,True,damp browser-toolbox.connect.DAMP opt e10s fission stylo webrender-sw,4767235,77,ms,firefox,,1792791695,2023-11-12 05:45:19,1938.6012340000016,43bee97ffb8cfcea7412fb86386ea2cb2a1b9b49,1330766,,,,,,,,,,,,,,,,,,,,,,,,,,,,,,,,,,,,,,,,,,,,,,,,,,,,,,,,,,,,,TN,TN
autoland,4768071,12,69b95d09da21c937720a8d3aaca237f47b683aa9,linux1804-64-shippable-qr,True,False,,,102210fe594ee9b33d82058545b1ed14f4c8206e,browser-toolbox.connect.DAMP,damp,True,damp browser-toolbox.connect.DAMP opt e10s fission stylo webrender-sw,4767235,77,ms,firefox,,1793082193,2023-11-13 00:59:12,1961.3506015000169,211dc86c8f534a950af69434fa996976b566a6a0,1330865,,,,,,,,,,,,,,,,,,,,,,,,,,,,,,,,,,,,,,,,,,,,,,,,,,,,,,,,,,,,,TN,TN
autoland,4768071,12,69b95d09da21c937720a8d3aaca237f47b683aa9,linux1804-64-shippable-qr,True,False,,,102210fe594ee9b33d82058545b1ed14f4c8206e,browser-toolbox.connect.DAMP,damp,True,damp browser-toolbox.connect.DAMP opt e10s fission stylo webrender-sw,4767235,77,ms,firefox,,1793221438,2023-11-13 10:08:58,1992.5561440000165,25308a5c7e551cda7c3cfd77836eff8610462eae,1330949,,,,,,,,,,,,,,,,,,,,,,,,,,,,,,,,,,,,,,,,,,,,,,,,,,,,,,,,,,,,,TN,TN
autoland,4768071,12,69b95d09da21c937720a8d3aaca237f47b683aa9,linux1804-64-shippable-qr,True,False,,,102210fe594ee9b33d82058545b1ed14f4c8206e,browser-toolbox.connect.DAMP,damp,True,damp browser-toolbox.connect.DAMP opt e10s fission stylo webrender-sw,4767235,77,ms,firefox,,1793324913,2023-11-13 14:09:58,1966.5593829999923,54d191b31d03235c75592d07a8c538749933a18f,1331049,,,,,,,,,,,,,,,,,,,,,,,,,,,,,,,,,,,,,,,,,,,,,,,,,,,,,,,,,,,,,TN,TN
autoland,4768071,12,69b95d09da21c937720a8d3aaca237f47b683aa9,linux1804-64-shippable-qr,True,False,,,102210fe594ee9b33d82058545b1ed14f4c8206e,browser-toolbox.connect.DAMP,damp,True,damp browser-toolbox.connect.DAMP opt e10s fission stylo webrender-sw,4767235,77,ms,firefox,,1793379597,2023-11-13 15:01:04,1994.937413,70f361f21a24a6e9fc53cb014e28172d360fa851,1331086,,,,,,,,,,,,,,,,,,,,,,,,,,,,,,,,,,,,,,,,,,,,,,,,,,,,,,,,,,,,,TN,TN
autoland,4768071,12,69b95d09da21c937720a8d3aaca237f47b683aa9,linux1804-64-shippable-qr,True,False,,,102210fe594ee9b33d82058545b1ed14f4c8206e,browser-toolbox.connect.DAMP,damp,True,damp browser-toolbox.connect.DAMP opt e10s fission stylo webrender-sw,4767235,77,ms,firefox,,1793545203,2023-11-13 18:41:52,1974.41280000002,9850dc0fc0707517b3a304d673f219842e499cac,1331218,,,,,,,,,,,,,,,,,,,,,,,,,,,,,,,,,,,,,,,,,,,,,,,,,,,,,,,,,,,,,TN,TN
autoland,4768071,12,69b95d09da21c937720a8d3aaca237f47b683aa9,linux1804-64-shippable-qr,True,False,,,102210fe594ee9b33d82058545b1ed14f4c8206e,browser-toolbox.connect.DAMP,damp,True,damp browser-toolbox.connect.DAMP opt e10s fission stylo webrender-sw,4767235,77,ms,firefox,,1793690755,2023-11-13 22:35:59,1960.9938590000093,9d523f46c7d8642d6601894c5166ddcd17b6388a,1331378,,,,,,,,,,,,,,,,,,,,,,,,,,,,,,,,,,,,,,,,,,,,,,,,,,,,,,,,,,,,,TN,TN
autoland,4768071,12,69b95d09da21c937720a8d3aaca237f47b683aa9,linux1804-64-shippable-qr,True,False,,,102210fe594ee9b33d82058545b1ed14f4c8206e,browser-toolbox.connect.DAMP,damp,True,damp browser-toolbox.connect.DAMP opt e10s fission stylo webrender-sw,4767235,77,ms,firefox,,1795630993,2023-11-14 01:07:23,2016.5979900000384,07fec736c4e75b4eb83c6d8168890dd39f6de50c,1331448,,,,,,,,,,,,,,,,,,,,,,,,,,,,,,,,,,,,,,,,,,,,,,,,,,,,,,,,,,,,,TN,TN
autoland,4768071,12,69b95d09da21c937720a8d3aaca237f47b683aa9,linux1804-64-shippable-qr,True,False,,,102210fe594ee9b33d82058545b1ed14f4c8206e,browser-toolbox.connect.DAMP,damp,True,damp browser-toolbox.connect.DAMP opt e10s fission stylo webrender-sw,4767235,77,ms,firefox,,1795631816,2023-11-14 02:10:55,1961.0520830000023,d59f9cc1a49d6f370420cc8e5fd8c1cac1bf5f4b,1331463,,,,,,,,,,,,,,,,,,,,,,,,,,,,,,,,,,,,,,,,,,,,,,,,,,,,,,,,,,,,,TN,TN
autoland,4768071,12,69b95d09da21c937720a8d3aaca237f47b683aa9,linux1804-64-shippable-qr,True,False,,,102210fe594ee9b33d82058545b1ed14f4c8206e,browser-toolbox.connect.DAMP,damp,True,damp browser-toolbox.connect.DAMP opt e10s fission stylo webrender-sw,4767235,77,ms,firefox,,1795631599,2023-11-14 02:14:44,2009.4137530000007,d480c0708b8f8bbbd277a6b9c4878502aa102c65,1331464,,,,,,,,,,,,,,,,,,,,,,,,,,,,,,,,,,,,,,,,,,,,,,,,,,,,,,,,,,,,,TN,TN
autoland,4768071,12,69b95d09da21c937720a8d3aaca237f47b683aa9,linux1804-64-shippable-qr,True,False,,,102210fe594ee9b33d82058545b1ed14f4c8206e,browser-toolbox.connect.DAMP,damp,True,damp browser-toolbox.connect.DAMP opt e10s fission stylo webrender-sw,4767235,77,ms,firefox,,1795631213,2023-11-14 02:34:47,1968.952863000006,b6c4e5d85bca72018513c1ac409ad3d7beddc281,1331468,,,,,,,,,,,,,,,,,,,,,,,,,,,,,,,,,,,,,,,,,,,,,,,,,,,,,,,,,,,,,TN,TN
autoland,4768071,12,69b95d09da21c937720a8d3aaca237f47b683aa9,linux1804-64-shippable-qr,True,False,,,102210fe594ee9b33d82058545b1ed14f4c8206e,browser-toolbox.connect.DAMP,damp,True,damp browser-toolbox.connect.DAMP opt e10s fission stylo webrender-sw,4767235,77,ms,firefox,,1793786964,2023-11-14 03:20:13,1961.8558239999984,2628fd55e661366941f56769829687c53da4669b,1331480,,,,,,,,,,,,,,,,,,,,,,,,,,,,,,,,,,,,,,,,,,,,,,,,,,,,,,,,,,,,,TN,TN
autoland,4768071,12,69b95d09da21c937720a8d3aaca237f47b683aa9,linux1804-64-shippable-qr,True,False,,,102210fe594ee9b33d82058545b1ed14f4c8206e,browser-toolbox.connect.DAMP,damp,True,damp browser-toolbox.connect.DAMP opt e10s fission stylo webrender-sw,4767235,77,ms,firefox,,1795632096,2023-11-14 04:52:40,1966.1377084999983,7519c7ad189bf4e5fffc4bd9d166df59e5984d22,1331493,,,,,,,,,,,,,,,,,,,,,,,,,,,,,,,,,,,,,,,,,,,,,,,,,,,,,,,,,,,,,TN,TN
autoland,4768071,12,69b95d09da21c937720a8d3aaca237f47b683aa9,linux1804-64-shippable-qr,True,False,,,102210fe594ee9b33d82058545b1ed14f4c8206e,browser-toolbox.connect.DAMP,damp,True,damp browser-toolbox.connect.DAMP opt e10s fission stylo webrender-sw,4767235,77,ms,firefox,,1795631760,2023-11-14 05:00:28,1966.8792609999944,bcab6edcc8928dc30211c9d880f5b712ed5aa97f,1331494,,,,,,,,,,,,,,,,,,,,,,,,,,,,,,,,,,,,,,,,,,,,,,,,,,,,,,,,,,,,,TN,TN
autoland,4768071,12,69b95d09da21c937720a8d3aaca237f47b683aa9,linux1804-64-shippable-qr,True,False,,,102210fe594ee9b33d82058545b1ed14f4c8206e,browser-toolbox.connect.DAMP,damp,True,damp browser-toolbox.connect.DAMP opt e10s fission stylo webrender-sw,4767235,77,ms,firefox,,1795631680,2023-11-14 05:45:25,1957.696803499988,81c46dfe35a0d3afc98d4c47ed0c0718053f2118,1331505,,,,,,,,,,,,,,,,,,,,,,,,,,,,,,,,,,,,,,,,,,,,,,,,,,,,,,,,,,,,,TN,TN
autoland,4768071,12,69b95d09da21c937720a8d3aaca237f47b683aa9,linux1804-64-shippable-qr,True,False,,,102210fe594ee9b33d82058545b1ed14f4c8206e,browser-toolbox.connect.DAMP,damp,True,damp browser-toolbox.connect.DAMP opt e10s fission stylo webrender-sw,4767235,77,ms,firefox,,1795632004,2023-11-14 05:59:14,2029.1484469999705,839befe903d4f2831853f5ce1f07f4dc74fa823d,1331508,,,,,,,,,,,,,,,,,,,,,,,,,,,,,,,,,,,,,,,,,,,,,,,,,,,,,,,,,,,,,TN,TN
autoland,4768071,12,69b95d09da21c937720a8d3aaca237f47b683aa9,linux1804-64-shippable-qr,True,False,,,102210fe594ee9b33d82058545b1ed14f4c8206e,browser-toolbox.connect.DAMP,damp,True,damp browser-toolbox.connect.DAMP opt e10s fission stylo webrender-sw,4767235,77,ms,firefox,,1793836060,2023-11-14 06:06:45,1934.8871684999904,acdcddac0b907d2e59d6d0fa1f96fff98453093a,1331509,,,,,,,,,,,,,,,,,,,,,,,,,,,,,,,,,,,,,,,,,,,,,,,,,,,,,,,,,,,,,TN,TN
autoland,4768071,12,69b95d09da21c937720a8d3aaca237f47b683aa9,linux1804-64-shippable-qr,True,False,,,102210fe594ee9b33d82058545b1ed14f4c8206e,browser-toolbox.connect.DAMP,damp,True,damp browser-toolbox.connect.DAMP opt e10s fission stylo webrender-sw,4767235,77,ms,firefox,,1795795928,2023-11-14 16:30:56,1966.8873465,18a17082b11e0b32aa58737dbfd369381d8e4404,1331825,,,,,,,,,,,,,,,,,,,,,,,,,,,,,,,,,,,,,,,,,,,,,,,,,,,,,,,,,,,,,TN,TN
autoland,4768071,12,69b95d09da21c937720a8d3aaca237f47b683aa9,linux1804-64-shippable-qr,True,False,,,102210fe594ee9b33d82058545b1ed14f4c8206e,browser-toolbox.connect.DAMP,damp,True,damp browser-toolbox.connect.DAMP opt e10s fission stylo webrender-sw,4767235,77,ms,firefox,,1795796290,2023-11-14 17:06:45,1983.255723499955,c86be1bd3b8dac7ea84d676ccbbf25ffd5d09a77,1331846,,,,,,,,,,,,,,,,,,,,,,,,,,,,,,,,,,,,,,,,,,,,,,,,,,,,,,,,,,,,,TN,TN
autoland,4768071,12,69b95d09da21c937720a8d3aaca237f47b683aa9,linux1804-64-shippable-qr,True,False,,,102210fe594ee9b33d82058545b1ed14f4c8206e,browser-toolbox.connect.DAMP,damp,True,damp browser-toolbox.connect.DAMP opt e10s fission stylo webrender-sw,4767235,77,ms,firefox,,1795796881,2023-11-14 17:20:09,1977.5944869999803,bb87f8afbd7c1c329791b20e173ba4723b1d944a,1331853,,,,,,,,,,,,,,,,,,,,,,,,,,,,,,,,,,,,,,,,,,,,,,,,,,,,,,,,,,,,,TN,TN
autoland,4768071,12,69b95d09da21c937720a8d3aaca237f47b683aa9,linux1804-64-shippable-qr,True,False,,,102210fe594ee9b33d82058545b1ed14f4c8206e,browser-toolbox.connect.DAMP,damp,True,damp browser-toolbox.connect.DAMP opt e10s fission stylo webrender-sw,4767235,77,ms,firefox,,1795796228,2023-11-14 17:21:01,1974.6094470000023,a0d3e9db432a201fd6107ebeba4d6b5f2767f0e0,1331854,,,,,,,,,,,,,,,,,,,,,,,,,,,,,,,,,,,,,,,,,,,,,,,,,,,,,,,,,,,,,TN,TN
autoland,4768071,12,69b95d09da21c937720a8d3aaca237f47b683aa9,linux1804-64-shippable-qr,True,False,,,102210fe594ee9b33d82058545b1ed14f4c8206e,browser-toolbox.connect.DAMP,damp,True,damp browser-toolbox.connect.DAMP opt e10s fission stylo webrender-sw,4767235,77,ms,firefox,,1795796825,2023-11-14 17:21:01,1974.6796399999585,a0d3e9db432a201fd6107ebeba4d6b5f2767f0e0,1331854,,,,,,,,,,,,,,,,,,,,,,,,,,,,,,,,,,,,,,,,,,,,,,,,,,,,,,,,,,,,,TN,TN
autoland,4768071,12,69b95d09da21c937720a8d3aaca237f47b683aa9,linux1804-64-shippable-qr,True,False,,,102210fe594ee9b33d82058545b1ed14f4c8206e,browser-toolbox.connect.DAMP,damp,True,damp browser-toolbox.connect.DAMP opt e10s fission stylo webrender-sw,4767235,77,ms,firefox,,1795796385,2023-11-14 17:21:52,1968.430319499981,f768135b85f29ef20a22825a054d1a6938475ba5,1331856,,,,,,,,,,,,,,,,,,,,,,,,,,,,,,,,,,,,,,,,,,,,,,,,,,,,,,,,,,,,,TN,TN
autoland,4768071,12,69b95d09da21c937720a8d3aaca237f47b683aa9,linux1804-64-shippable-qr,True,False,,,102210fe594ee9b33d82058545b1ed14f4c8206e,browser-toolbox.connect.DAMP,damp,True,damp browser-toolbox.connect.DAMP opt e10s fission stylo webrender-sw,4767235,77,ms,firefox,,1795628553,2023-11-14 17:22:49,1993.4341575,ea21f63481837ae2ddd436b3849aeb13a03b31d2,1331857,,,,,,,,,,,,,,,,,,,,,,,,,,,,,,,,,,,,,,,,,,,,,,,,,,,,,,,,,,,,,TN,TN
autoland,4768071,12,69b95d09da21c937720a8d3aaca237f47b683aa9,linux1804-64-shippable-qr,True,False,,,102210fe594ee9b33d82058545b1ed14f4c8206e,browser-toolbox.connect.DAMP,damp,True,damp browser-toolbox.connect.DAMP opt e10s fission stylo webrender-sw,4767235,77,ms,firefox,,1795629637,2023-11-14 17:24:31,1972.108001000015,30d4156d4c466847bcf67b44d5b45f0c41e33774,1331859,,,,,,,,,,,,,,,,,,,,,,,,,,,,,,,,,,,,,,,,,,,,,,,,,,,,,,,,,,,,,TN,TN
autoland,4768071,12,69b95d09da21c937720a8d3aaca237f47b683aa9,linux1804-64-shippable-qr,True,False,,,102210fe594ee9b33d82058545b1ed14f4c8206e,browser-toolbox.connect.DAMP,damp,True,damp browser-toolbox.connect.DAMP opt e10s fission stylo webrender-sw,4767235,77,ms,firefox,,1795629035,2023-11-14 17:25:30,1963.6870300000155,45c7b95c532301a2e5206583f6d85e16dc4f5694,1331861,,,,,,,,,,,,,,,,,,,,,,,,,,,,,,,,,,,,,,,,,,,,,,,,,,,,,,,,,,,,,TN,TN
autoland,4768071,12,69b95d09da21c937720a8d3aaca237f47b683aa9,linux1804-64-shippable-qr,True,False,,,102210fe594ee9b33d82058545b1ed14f4c8206e,browser-toolbox.connect.DAMP,damp,True,damp browser-toolbox.connect.DAMP opt e10s fission stylo webrender-sw,4767235,77,ms,firefox,,1795629419,2023-11-14 17:26:26,1980.5469429999796,61e622def2f666f6a590b260226abb773eb8d24d,1331862,,,,,,,,,,,,,,,,,,,,,,,,,,,,,,,,,,,,,,,,,,,,,,,,,,,,,,,,,,,,,TN,TN
autoland,4768071,12,69b95d09da21c937720a8d3aaca237f47b683aa9,linux1804-64-shippable-qr,True,False,,,102210fe594ee9b33d82058545b1ed14f4c8206e,browser-toolbox.connect.DAMP,damp,True,damp browser-toolbox.connect.DAMP opt e10s fission stylo webrender-sw,4767235,77,ms,firefox,,1795628631,2023-11-14 17:27:22,1940.806413000013,4709e5a4cb51ac6f239cf0ddb94add1180095c52,1331863,,,,,,,,,,,,,,,,,,,,,,,,,,,,,,,,,,,,,,,,,,,,,,,,,,,,,,,,,,,,,TN,TN
autoland,4768071,12,69b95d09da21c937720a8d3aaca237f47b683aa9,linux1804-64-shippable-qr,True,False,,,102210fe594ee9b33d82058545b1ed14f4c8206e,browser-toolbox.connect.DAMP,damp,True,damp browser-toolbox.connect.DAMP opt e10s fission stylo webrender-sw,4767235,77,ms,firefox,,1795629101,2023-11-14 17:28:13,1966.5574239999696,6e3468f3239c5e5e8e90f07f6890e5dee6c977e8,1331866,,,,,,,,,,,,,,,,,,,,,,,,,,,,,,,,,,,,,,,,,,,,,,,,,,,,,,,,,,,,,TN,TN
autoland,4768071,12,69b95d09da21c937720a8d3aaca237f47b683aa9,linux1804-64-shippable-qr,True,False,,,102210fe594ee9b33d82058545b1ed14f4c8206e,browser-toolbox.connect.DAMP,damp,True,damp browser-toolbox.connect.DAMP opt e10s fission stylo webrender-sw,4767235,77,ms,firefox,,1795630025,2023-11-14 17:55:36,1980.1486210000005,011100eb7c154c46d79d941ed45a74c3f17eeac8,1331884,,,,,,,,,,,,,,,,,,,,,,,,,,,,,,,,,,,,,,,,,,,,,,,,,,,,,,,,,,,,,TN,TN
autoland,4768071,12,69b95d09da21c937720a8d3aaca237f47b683aa9,linux1804-64-shippable-qr,True,False,,,102210fe594ee9b33d82058545b1ed14f4c8206e,browser-toolbox.connect.DAMP,damp,True,damp browser-toolbox.connect.DAMP opt e10s fission stylo webrender-sw,4767235,77,ms,firefox,,1795629692,2023-11-14 18:30:36,1954.6672395000128,fb7b6fc608af4116fcc99a1003dfafc5bb78818a,1331903,,,,,,,,,,,,,,,,,,,,,,,,,,,,,,,,,,,,,,,,,,,,,,,,,,,,,,,,,,,,,TN,TN
autoland,4768071,12,69b95d09da21c937720a8d3aaca237f47b683aa9,linux1804-64-shippable-qr,True,False,,,102210fe594ee9b33d82058545b1ed14f4c8206e,browser-toolbox.connect.DAMP,damp,True,damp browser-toolbox.connect.DAMP opt e10s fission stylo webrender-sw,4767235,77,ms,firefox,,1795629349,2023-11-14 18:31:37,1963.5570634999892,2eaa5bb6d57fe2d073702a67ab5ba6d092b70315,1331905,,,,,,,,,,,,,,,,,,,,,,,,,,,,,,,,,,,,,,,,,,,,,,,,,,,,,,,,,,,,,TN,TN
autoland,4768071,12,69b95d09da21c937720a8d3aaca237f47b683aa9,linux1804-64-shippable-qr,True,False,,,102210fe594ee9b33d82058545b1ed14f4c8206e,browser-toolbox.connect.DAMP,damp,True,damp browser-toolbox.connect.DAMP opt e10s fission stylo webrender-sw,4767235,77,ms,firefox,,1794233759,2023-11-14 18:32:45,2034.8620639999865,cee24679e2a2e085bdefdbd66106fa1a805db56d,1331906,,,,,,,,,,,,,,,,,,,,,,,,,,,,,,,,,,,,,,,,,,,,,,,,,,,,,,,,,,,,,TN,TN
autoland,4768071,12,69b95d09da21c937720a8d3aaca237f47b683aa9,linux1804-64-shippable-qr,True,False,,,102210fe594ee9b33d82058545b1ed14f4c8206e,browser-toolbox.connect.DAMP,damp,True,damp browser-toolbox.connect.DAMP opt e10s fission stylo webrender-sw,4767235,77,ms,firefox,,1795629891,2023-11-14 19:02:02,1954.5807075000196,9789c50c44328c0a15cc252dce0faea2ec27bc89,1331928,,,,,,,,,,,,,,,,,,,,,,,,,,,,,,,,,,,,,,,,,,,,,,,,,,,,,,,,,,,,,TN,TN
autoland,4768071,12,69b95d09da21c937720a8d3aaca237f47b683aa9,linux1804-64-shippable-qr,True,False,,,102210fe594ee9b33d82058545b1ed14f4c8206e,browser-toolbox.connect.DAMP,damp,True,damp browser-toolbox.connect.DAMP opt e10s fission stylo webrender-sw,4767235,77,ms,firefox,,1795629836,2023-11-14 19:50:03,1973.869904499996,b38cb7d8dc8e1294b0795f422458add5a126ea3b,1331947,,,,,,,,,,,,,,,,,,,,,,,,,,,,,,,,,,,,,,,,,,,,,,,,,,,,,,,,,,,,,TN,TN
autoland,4768071,12,69b95d09da21c937720a8d3aaca237f47b683aa9,linux1804-64-shippable-qr,True,False,,,102210fe594ee9b33d82058545b1ed14f4c8206e,browser-toolbox.connect.DAMP,damp,True,damp browser-toolbox.connect.DAMP opt e10s fission stylo webrender-sw,4767235,77,ms,firefox,,1795630248,2023-11-14 20:05:19,1970.2172529999957,c10e40e5aa6ecad20ba4754f4af99f6b09499b1f,1331954,,,,,,,,,,,,,,,,,,,,,,,,,,,,,,,,,,,,,,,,,,,,,,,,,,,,,,,,,,,,,TN,TN
autoland,4768071,12,69b95d09da21c937720a8d3aaca237f47b683aa9,linux1804-64-shippable-qr,True,False,,,102210fe594ee9b33d82058545b1ed14f4c8206e,browser-toolbox.connect.DAMP,damp,True,damp browser-toolbox.connect.DAMP opt e10s fission stylo webrender-sw,4767235,77,ms,firefox,,1795635150,2023-11-14 20:06:10,2011.084604499978,0408d1b0f762c4c3371da7f229b56f85e66ce39c,1331955,,,,,,,,,,,,,,,,,,,,,,,,,,,,,,,,,,,,,,,,,,,,,,,,,,,,,,,,,,,,,TN,TN
autoland,4768071,12,69b95d09da21c937720a8d3aaca237f47b683aa9,linux1804-64-shippable-qr,True,False,,,102210fe594ee9b33d82058545b1ed14f4c8206e,browser-toolbox.connect.DAMP,damp,True,damp browser-toolbox.connect.DAMP opt e10s fission stylo webrender-sw,4767235,77,ms,firefox,,1795630306,2023-11-14 20:07:01,1968.335427500002,6ba0cc66b64827bf81cb74f0545cea1a78041097,1331956,,,,,,,,,,,,,,,,,,,,,,,,,,,,,,,,,,,,,,,,,,,,,,,,,,,,,,,,,,,,,TN,TN
autoland,4768071,12,69b95d09da21c937720a8d3aaca237f47b683aa9,linux1804-64-shippable-qr,True,False,,,102210fe594ee9b33d82058545b1ed14f4c8206e,browser-toolbox.connect.DAMP,damp,True,damp browser-toolbox.connect.DAMP opt e10s fission stylo webrender-sw,4767235,77,ms,firefox,,1795630398,2023-11-14 20:07:54,2006.1946424999987,2b0cdf8046856c974b408bb0666f00640c7c2c9c,1331958,,,,,,,,,,,,,,,,,,,,,,,,,,,,,,,,,,,,,,,,,,,,,,,,,,,,,,,,,,,,,TN,TN
autoland,4768071,12,69b95d09da21c937720a8d3aaca237f47b683aa9,linux1804-64-shippable-qr,True,False,,,102210fe594ee9b33d82058545b1ed14f4c8206e,browser-toolbox.connect.DAMP,damp,True,damp browser-toolbox.connect.DAMP opt e10s fission stylo webrender-sw,4767235,77,ms,firefox,,1795633378,2023-11-14 20:08:50,1967.113509000017,2cb4b1085bafe115fbe0a095a5730164d4d423de,1331961,,,,,,,,,,,,,,,,,,,,,,,,,,,,,,,,,,,,,,,,,,,,,,,,,,,,,,,,,,,,,TN,TN
autoland,4768071,12,69b95d09da21c937720a8d3aaca237f47b683aa9,linux1804-64-shippable-qr,True,False,,,102210fe594ee9b33d82058545b1ed14f4c8206e,browser-toolbox.connect.DAMP,damp,True,damp browser-toolbox.connect.DAMP opt e10s fission stylo webrender-sw,4767235,77,ms,firefox,,1795633750,2023-11-14 20:09:47,1974.661867499992,77d5eb0444c869e8c148c11266bd305091df369e,1331962,,,,,,,,,,,,,,,,,,,,,,,,,,,,,,,,,,,,,,,,,,,,,,,,,,,,,,,,,,,,,TN,TN
autoland,4768071,12,69b95d09da21c937720a8d3aaca237f47b683aa9,linux1804-64-shippable-qr,True,False,,,102210fe594ee9b33d82058545b1ed14f4c8206e,browser-toolbox.connect.DAMP,damp,True,damp browser-toolbox.connect.DAMP opt e10s fission stylo webrender-sw,4767235,77,ms,firefox,,1795633219,2023-11-14 20:09:47,1977.1688769999964,77d5eb0444c869e8c148c11266bd305091df369e,1331962,,,,,,,,,,,,,,,,,,,,,,,,,,,,,,,,,,,,,,,,,,,,,,,,,,,,,,,,,,,,,TN,TN
autoland,4768071,12,69b95d09da21c937720a8d3aaca237f47b683aa9,linux1804-64-shippable-qr,True,False,,,102210fe594ee9b33d82058545b1ed14f4c8206e,browser-toolbox.connect.DAMP,damp,True,damp browser-toolbox.connect.DAMP opt e10s fission stylo webrender-sw,4767235,77,ms,firefox,,1795633594,2023-11-14 20:10:48,2043.2854284999776,d5bccc7a9f0eed772c0a6a0497e316cd74b65b2e,1331965,,,,,,,,,,,,,,,,,,,,,,,,,,,,,,,,,,,,,,,,,,,,,,,,,,,,,,,,,,,,,TN,TN
autoland,4768071,12,69b95d09da21c937720a8d3aaca237f47b683aa9,linux1804-64-shippable-qr,True,False,,,102210fe594ee9b33d82058545b1ed14f4c8206e,browser-toolbox.connect.DAMP,damp,True,damp browser-toolbox.connect.DAMP opt e10s fission stylo webrender-sw,4767235,77,ms,firefox,,1795633649,2023-11-14 20:10:48,1955.360477499984,d5bccc7a9f0eed772c0a6a0497e316cd74b65b2e,1331965,,,,,,,,,,,,,,,,,,,,,,,,,,,,,,,,,,,,,,,,,,,,,,,,,,,,,,,,,,,,,TN,TN
autoland,4768071,12,69b95d09da21c937720a8d3aaca237f47b683aa9,linux1804-64-shippable-qr,True,False,,,102210fe594ee9b33d82058545b1ed14f4c8206e,browser-toolbox.connect.DAMP,damp,True,damp browser-toolbox.connect.DAMP opt e10s fission stylo webrender-sw,4767235,77,ms,firefox,,1794335749,2023-11-14 20:17:49,1966.4080609999944,45f7ef4749636f24bbab519e5d4e3851950ccacc,1331971,,,,,,,,,,,,,,,,,,,,,,,,,,,,,,,,,,,,,,,,,,,,,,,,,,,,,,,,,,,,,TN,TN
autoland,4768071,12,69b95d09da21c937720a8d3aaca237f47b683aa9,linux1804-64-shippable-qr,True,False,,,102210fe594ee9b33d82058545b1ed14f4c8206e,browser-toolbox.connect.DAMP,damp,True,damp browser-toolbox.connect.DAMP opt e10s fission stylo webrender-sw,4767235,77,ms,firefox,,1795631057,2023-11-14 21:07:55,1952.4967055000016,6077a81303d4c49fe0b255550ecf61a853a30877,1331997,,,,,,,,,,,,,,,,,,,,,,,,,,,,,,,,,,,,,,,,,,,,,,,,,,,,,,,,,,,,,TN,TN
autoland,4768071,12,69b95d09da21c937720a8d3aaca237f47b683aa9,linux1804-64-shippable-qr,True,False,,,102210fe594ee9b33d82058545b1ed14f4c8206e,browser-toolbox.connect.DAMP,damp,True,damp browser-toolbox.connect.DAMP opt e10s fission stylo webrender-sw,4767235,77,ms,firefox,,1795631451,2023-11-14 21:09:56,1945.660364000003,eef52bbbb45756bf52fffe9cbee2aeaf80eae635,1332001,,,,,,,,,,,,,,,,,,,,,,,,,,,,,,,,,,,,,,,,,,,,,,,,,,,,,,,,,,,,,TN,TN
autoland,4768071,12,69b95d09da21c937720a8d3aaca237f47b683aa9,linux1804-64-shippable-qr,True,False,,,102210fe594ee9b33d82058545b1ed14f4c8206e,browser-toolbox.connect.DAMP,damp,True,damp browser-toolbox.connect.DAMP opt e10s fission stylo webrender-sw,4767235,77,ms,firefox,,1795641169,2023-11-14 21:47:42,1980.288545000003,194d0db1a1cb82b7d93c6e721005f1c41e057021,1332031,,,,,,,,,,,,,,,,,,,,,,,,,,,,,,,,,,,,,,,,,,,,,,,,,,,,,,,,,,,,,TN,TN
autoland,4768071,12,69b95d09da21c937720a8d3aaca237f47b683aa9,linux1804-64-shippable-qr,True,False,,,102210fe594ee9b33d82058545b1ed14f4c8206e,browser-toolbox.connect.DAMP,damp,True,damp browser-toolbox.connect.DAMP opt e10s fission stylo webrender-sw,4767235,77,ms,firefox,,1795631872,2023-11-14 22:33:15,1968.917057499988,66ba60ec2937fa3f898a62529a50540af679e5fd,1332065,,,,,,,,,,,,,,,,,,,,,,,,,,,,,,,,,,,,,,,,,,,,,,,,,,,,,,,,,,,,,TN,TN
autoland,4768071,12,69b95d09da21c937720a8d3aaca237f47b683aa9,linux1804-64-shippable-qr,True,False,,,102210fe594ee9b33d82058545b1ed14f4c8206e,browser-toolbox.connect.DAMP,damp,True,damp browser-toolbox.connect.DAMP opt e10s fission stylo webrender-sw,4767235,77,ms,firefox,,1795632153,2023-11-14 22:39:45,1989.077110000013,26e524cc8e01d08e442ffb0b93be5945aad75ddd,1332067,,,,,,,,,,,,,,,,,,,,,,,,,,,,,,,,,,,,,,,,,,,,,,,,,,,,,,,,,,,,,TN,TN
autoland,4768071,12,69b95d09da21c937720a8d3aaca237f47b683aa9,linux1804-64-shippable-qr,True,False,,,102210fe594ee9b33d82058545b1ed14f4c8206e,browser-toolbox.connect.DAMP,damp,True,damp browser-toolbox.connect.DAMP opt e10s fission stylo webrender-sw,4767235,77,ms,firefox,,1795633930,2023-11-14 22:44:36,1982.0268974999851,a9fd21fa2333d85148b339c24763ebc25a60412d,1332070,,,,,,,,,,,,,,,,,,,,,,,,,,,,,,,,,,,,,,,,,,,,,,,,,,,,,,,,,,,,,TN,TN
autoland,4768071,12,69b95d09da21c937720a8d3aaca237f47b683aa9,linux1804-64-shippable-qr,True,False,,,102210fe594ee9b33d82058545b1ed14f4c8206e,browser-toolbox.connect.DAMP,damp,True,damp browser-toolbox.connect.DAMP opt e10s fission stylo webrender-sw,4767235,77,ms,firefox,,1795632798,2023-11-14 22:48:55,2007.613776500002,e945c4081dc9af04639f381bbb9dca88365ae23c,1332072,,,,,,,,,,,,,,,,,,,,,,,,,,,,,,,,,,,,,,,,,,,,,,,,,,,,,,,,,,,,,TN,TN
autoland,4768071,12,69b95d09da21c937720a8d3aaca237f47b683aa9,linux1804-64-shippable-qr,True,False,,,102210fe594ee9b33d82058545b1ed14f4c8206e,browser-toolbox.connect.DAMP,damp,True,damp browser-toolbox.connect.DAMP opt e10s fission stylo webrender-sw,4767235,77,ms,firefox,,1795632904,2023-11-14 22:50:23,2022.920819499996,ffb4f207949a7edcb49c4854390cff03b794227d,1332073,,,,,,,,,,,,,,,,,,,,,,,,,,,,,,,,,,,,,,,,,,,,,,,,,,,,,,,,,,,,,TN,TN
autoland,4768071,12,69b95d09da21c937720a8d3aaca237f47b683aa9,linux1804-64-shippable-qr,True,False,,,102210fe594ee9b33d82058545b1ed14f4c8206e,browser-toolbox.connect.DAMP,damp,True,damp browser-toolbox.connect.DAMP opt e10s fission stylo webrender-sw,4767235,77,ms,firefox,,1795632962,2023-11-15 00:09:54,1974.303558,1bf9a382494197836fecd7b3d834be1ac11ccfa0,1332092,,,,,,,,,,,,,,,,,,,,,,,,,,,,,,,,,,,,,,,,,,,,,,,,,,,,,,,,,,,,,TN,TN
autoland,4768071,12,69b95d09da21c937720a8d3aaca237f47b683aa9,linux1804-64-shippable-qr,True,False,,,102210fe594ee9b33d82058545b1ed14f4c8206e,browser-toolbox.connect.DAMP,damp,True,damp browser-toolbox.connect.DAMP opt e10s fission stylo webrender-sw,4767235,77,ms,firefox,,1794503506,2023-11-15 01:57:11,2021.7295684999845,0083ca2f4709e599083520545d538d1ee1b8356d,1332132,,,,,,,,,,,,,,,,,,,,,,,,,,,,,,,,,,,,,,,,,,,,,,,,,,,,,,,,,,,,,TN,TN
autoland,4768071,12,69b95d09da21c937720a8d3aaca237f47b683aa9,linux1804-64-shippable-qr,True,False,,,102210fe594ee9b33d82058545b1ed14f4c8206e,browser-toolbox.connect.DAMP,damp,True,damp browser-toolbox.connect.DAMP opt e10s fission stylo webrender-sw,4767235,77,ms,firefox,,1794520604,2023-11-15 03:02:01,1968.2249865000197,d9f2158d4d442a658bb2029948eeebd438457667,1332148,,,,,,,,,,,,,,,,,,,,,,,,,,,,,,,,,,,,,,,,,,,,,,,,,,,,,,,,,,,,,TN,TN
autoland,4768071,12,69b95d09da21c937720a8d3aaca237f47b683aa9,linux1804-64-shippable-qr,True,False,,,102210fe594ee9b33d82058545b1ed14f4c8206e,browser-toolbox.connect.DAMP,damp,True,damp browser-toolbox.connect.DAMP opt e10s fission stylo webrender-sw,4767235,77,ms,firefox,,1794616254,2023-11-15 07:02:46,1983.859972499995,d12a09b7c773efc37f5d0e37cc52339e25f07b6c,1332195,,,,,,,,,,,,,,,,,,,,,,,,,,,,,,,,,,,,,,,,,,,,,,,,,,,,,,,,,,,,,TN,TN
autoland,4768071,12,69b95d09da21c937720a8d3aaca237f47b683aa9,linux1804-64-shippable-qr,True,False,,,102210fe594ee9b33d82058545b1ed14f4c8206e,browser-toolbox.connect.DAMP,damp,True,damp browser-toolbox.connect.DAMP opt e10s fission stylo webrender-sw,4767235,77,ms,firefox,,1794723352,2023-11-15 12:47:49,1980.311268999998,571c293cedd28db6ac86fd553e2810f40e382e80,1332324,,,,,,,,,,,,,,,,,,,,,,,,,,,,,,,,,,,,,,,,,,,,,,,,,,,,,,,,,,,,,TN,TN
autoland,4768071,12,69b95d09da21c937720a8d3aaca237f47b683aa9,linux1804-64-shippable-qr,True,False,,,102210fe594ee9b33d82058545b1ed14f4c8206e,browser-toolbox.connect.DAMP,damp,True,damp browser-toolbox.connect.DAMP opt e10s fission stylo webrender-sw,4767235,77,ms,firefox,,1794807672,2023-11-15 15:33:52,1978.1854875000136,58fc056d56521455bb36e7bd4fcce81222093c75,1332438,,,,,,,,,,,,,,,,,,,,,,,,,,,,,,,,,,,,,,,,,,,,,,,,,,,,,,,,,,,,,TN,TN
autoland,4768071,12,69b95d09da21c937720a8d3aaca237f47b683aa9,linux1804-64-shippable-qr,True,False,,,102210fe594ee9b33d82058545b1ed14f4c8206e,browser-toolbox.connect.DAMP,damp,True,damp browser-toolbox.connect.DAMP opt e10s fission stylo webrender-sw,4767235,77,ms,firefox,,1794856731,2023-11-15 16:43:35,1942.349482000005,a70ee84d8943b9a1eaaf0fb3a0df60a1595f5782,1332515,,,,,,,,,,,,,,,,,,,,,,,,,,,,,,,,,,,,,,,,,,,,,,,,,,,,,,,,,,,,,TN,TN
autoland,4768071,12,69b95d09da21c937720a8d3aaca237f47b683aa9,linux1804-64-shippable-qr,True,False,,,102210fe594ee9b33d82058545b1ed14f4c8206e,browser-toolbox.connect.DAMP,damp,True,damp browser-toolbox.connect.DAMP opt e10s fission stylo webrender-sw,4767235,77,ms,firefox,,1795104518,2023-11-15 23:08:22,1993.7665614999933,eb78feb610e5d895bd63b81693cde56dd08d82df,1332792,,,,,,,,,,,,,,,,,,,,,,,,,,,,,,,,,,,,,,,,,,,,,,,,,,,,,,,,,,,,,TN,TN
autoland,4768071,12,69b95d09da21c937720a8d3aaca237f47b683aa9,linux1804-64-shippable-qr,True,False,,,102210fe594ee9b33d82058545b1ed14f4c8206e,browser-toolbox.connect.DAMP,damp,True,damp browser-toolbox.connect.DAMP opt e10s fission stylo webrender-sw,4767235,77,ms,firefox,,1795282190,2023-11-16 09:33:00,1983.3832270000055,ffd7ebdedeacec6717a3e8904121052ebbe61fe6,1332997,,,,,,,,,,,,,,,,,,,,,,,,,,,,,,,,,,,,,,,,,,,,,,,,,,,,,,,,,,,,,TN,TN
autoland,4768071,12,69b95d09da21c937720a8d3aaca237f47b683aa9,linux1804-64-shippable-qr,True,False,,,102210fe594ee9b33d82058545b1ed14f4c8206e,browser-toolbox.connect.DAMP,damp,True,damp browser-toolbox.connect.DAMP opt e10s fission stylo webrender-sw,4767235,77,ms,firefox,,1795385978,2023-11-16 13:34:03,1990.187887499982,71ef91d3bf98c6475cfe762c0152d5b31588182c,1333089,,,,,,,,,,,,,,,,,,,,,,,,,,,,,,,,,,,,,,,,,,,,,,,,,,,,,,,,,,,,,TN,TN
autoland,4768071,12,69b95d09da21c937720a8d3aaca237f47b683aa9,linux1804-64-shippable-qr,True,False,,,102210fe594ee9b33d82058545b1ed14f4c8206e,browser-toolbox.connect.DAMP,damp,True,damp browser-toolbox.connect.DAMP opt e10s fission stylo webrender-sw,4767235,77,ms,firefox,,1795426198,2023-11-16 15:30:11,1978.750122500016,5dba86b1842a5256c2845d69a7cebd605267d535,1333183,,,,,,,,,,,,,,,,,,,,,,,,,,,,,,,,,,,,,,,,,,,,,,,,,,,,,,,,,,,,,TN,TN
autoland,4768071,12,69b95d09da21c937720a8d3aaca237f47b683aa9,linux1804-64-shippable-qr,True,False,,,102210fe594ee9b33d82058545b1ed14f4c8206e,browser-toolbox.connect.DAMP,damp,True,damp browser-toolbox.connect.DAMP opt e10s fission stylo webrender-sw,4767235,77,ms,firefox,,1795550252,2023-11-16 20:27:49,1977.8461450000032,53b2405c0e70ae3283dbbba0d568665110f0db23,1333335,,,,,,,,,,,,,,,,,,,,,,,,,,,,,,,,,,,,,,,,,,,,,,,,,,,,,,,,,,,,,TN,TN
autoland,4768071,12,69b95d09da21c937720a8d3aaca237f47b683aa9,linux1804-64-shippable-qr,True,False,,,102210fe594ee9b33d82058545b1ed14f4c8206e,browser-toolbox.connect.DAMP,damp,True,damp browser-toolbox.connect.DAMP opt e10s fission stylo webrender-sw,4767235,77,ms,firefox,,1795615851,2023-11-16 23:04:46,1982.6457724999927,3b45d04f6865b297c8b2548a2c24424c5e9467e9,1333418,,,,,,,,,,,,,,,,,,,,,,,,,,,,,,,,,,,,,,,,,,,,,,,,,,,,,,,,,,,,,TN,TN
autoland,4768071,12,69b95d09da21c937720a8d3aaca237f47b683aa9,linux1804-64-shippable-qr,True,False,,,102210fe594ee9b33d82058545b1ed14f4c8206e,browser-toolbox.connect.DAMP,damp,True,damp browser-toolbox.connect.DAMP opt e10s fission stylo webrender-sw,4767235,77,ms,firefox,,1795793008,2023-11-17 06:40:14,1972.4470564999865,8a71397fb808df79e78f3023bf95b46f7cc2d2a4,1333538,,,,,,,,,,,,,,,,,,,,,,,,,,,,,,,,,,,,,,,,,,,,,,,,,,,,,,,,,,,,,TN,TN
autoland,4768071,12,69b95d09da21c937720a8d3aaca237f47b683aa9,linux1804-64-shippable-qr,True,False,,,102210fe594ee9b33d82058545b1ed14f4c8206e,browser-toolbox.connect.DAMP,damp,True,damp browser-toolbox.connect.DAMP opt e10s fission stylo webrender-sw,4767235,77,ms,firefox,,1795921982,2023-11-17 10:54:07,1979.548268000028,ff5810792fa57d1b0a1076b4c90b3a83ac0242ca,1333644,,,,,,,,,,,,,,,,,,,,,,,,,,,,,,,,,,,,,,,,,,,,,,,,,,,,,,,,,,,,,TN,TN
autoland,4768071,12,69b95d09da21c937720a8d3aaca237f47b683aa9,linux1804-64-shippable-qr,True,False,,,102210fe594ee9b33d82058545b1ed14f4c8206e,browser-toolbox.connect.DAMP,damp,True,damp browser-toolbox.connect.DAMP opt e10s fission stylo webrender-sw,4767235,77,ms,firefox,,1796091318,2023-11-17 15:35:00,1983.484300000011,f3b46286b5bad609725e65f541d6609a1bafcbce,1333770,,,,,,,,,,,,,,,,,,,,,,,,,,,,,,,,,,,,,,,,,,,,,,,,,,,,,,,,,,,,,TN,TN
autoland,4768071,12,69b95d09da21c937720a8d3aaca237f47b683aa9,linux1804-64-shippable-qr,True,False,,,102210fe594ee9b33d82058545b1ed14f4c8206e,browser-toolbox.connect.DAMP,damp,True,damp browser-toolbox.connect.DAMP opt e10s fission stylo webrender-sw,4767235,77,ms,firefox,,1796215058,2023-11-17 21:05:40,1965.5348759999904,b3bec7a68bb8ccbb4c637b64bec4dc0c806fecb3,1334007,,,,,,,,,,,,,,,,,,,,,,,,,,,,,,,,,,,,,,,,,,,,,,,,,,,,,,,,,,,,,TN,TN
autoland,4768071,12,69b95d09da21c937720a8d3aaca237f47b683aa9,linux1804-64-shippable-qr,True,False,,,102210fe594ee9b33d82058545b1ed14f4c8206e,browser-toolbox.connect.DAMP,damp,True,damp browser-toolbox.connect.DAMP opt e10s fission stylo webrender-sw,4767235,77,ms,firefox,,1796273615,2023-11-18 01:23:43,1960.6836264999877,391181d97b6bb5b53fe8a1186c8a1a85971812de,1334085,,,,,,,,,,,,,,,,,,,,,,,,,,,,,,,,,,,,,,,,,,,,,,,,,,,,,,,,,,,,,TN,TN
autoland,4768071,12,69b95d09da21c937720a8d3aaca237f47b683aa9,linux1804-64-shippable-qr,True,False,,,102210fe594ee9b33d82058545b1ed14f4c8206e,browser-toolbox.connect.DAMP,damp,True,damp browser-toolbox.connect.DAMP opt e10s fission stylo webrender-sw,4767235,77,ms,firefox,,1796443153,2023-11-18 14:15:26,1949.4749109999973,2cf1b902ea75e1237bbd69eaf02c889bc2924d10,1334153,,,,,,,,,,,,,,,,,,,,,,,,,,,,,,,,,,,,,,,,,,,,,,,,,,,,,,,,,,,,,TN,TN
autoland,4768071,12,69b95d09da21c937720a8d3aaca237f47b683aa9,linux1804-64-shippable-qr,True,False,,,102210fe594ee9b33d82058545b1ed14f4c8206e,browser-toolbox.connect.DAMP,damp,True,damp browser-toolbox.connect.DAMP opt e10s fission stylo webrender-sw,4767235,77,ms,firefox,,1796560190,2023-11-19 06:03:16,2014.0717245000124,98917be406eeca58f61d8aeaf62aa4cae5be2137,1334239,,,,,,,,,,,,,,,,,,,,,,,,,,,,,,,,,,,,,,,,,,,,,,,,,,,,,,,,,,,,,TN,TN
autoland,4768071,12,69b95d09da21c937720a8d3aaca237f47b683aa9,linux1804-64-shippable-qr,True,False,,,102210fe594ee9b33d82058545b1ed14f4c8206e,browser-toolbox.connect.DAMP,damp,True,damp browser-toolbox.connect.DAMP opt e10s fission stylo webrender-sw,4767235,77,ms,firefox,,1796642663,2023-11-19 11:10:53,2030.5426790000056,b403bb5b1c833d29961882402a090cf08f44c190,1334278,,,,,,,,,,,,,,,,,,,,,,,,,,,,,,,,,,,,,,,,,,,,,,,,,,,,,,,,,,,,,TN,TN
autoland,4768071,12,69b95d09da21c937720a8d3aaca237f47b683aa9,linux1804-64-shippable-qr,True,False,,,102210fe594ee9b33d82058545b1ed14f4c8206e,browser-toolbox.connect.DAMP,damp,True,damp browser-toolbox.connect.DAMP opt e10s fission stylo webrender-sw,4767235,77,ms,firefox,,1796689350,2023-11-19 15:28:11,1972.317593500018,1044018d08bd15166ae94a05bf5299b0701f4109,1334290,,,,,,,,,,,,,,,,,,,,,,,,,,,,,,,,,,,,,,,,,,,,,,,,,,,,,,,,,,,,,TN,TN
autoland,4768071,12,69b95d09da21c937720a8d3aaca237f47b683aa9,linux1804-64-shippable-qr,True,False,,,102210fe594ee9b33d82058545b1ed14f4c8206e,browser-toolbox.connect.DAMP,damp,True,damp browser-toolbox.connect.DAMP opt e10s fission stylo webrender-sw,4767235,77,ms,firefox,,1796858080,2023-11-20 01:53:49,1628.1589764999808,73f60b8af6dadb15fb13d768baf6b4c3313d939b,1334371,,,,,,,,,,,,,,,,,,,,,,,,,,,,,,,,,,,,,,,,,,,,,,,,,,,,,,,,,,,,,TN,TN
autoland,4768071,12,69b95d09da21c937720a8d3aaca237f47b683aa9,linux1804-64-shippable-qr,True,False,,,102210fe594ee9b33d82058545b1ed14f4c8206e,browser-toolbox.connect.DAMP,damp,True,damp browser-toolbox.connect.DAMP opt e10s fission stylo webrender-sw,4767235,77,ms,firefox,,1797012680,2023-11-20 09:30:46,1986.2591329999705,86da25fdbc81a93ed888df6b8a9f7cc128fb9b5b,1334455,,,,,,,,,,,,,,,,,,,,,,,,,,,,,,,,,,,,,,,,,,,,,,,,,,,,,,,,,,,,,TN,TN
autoland,4768071,12,69b95d09da21c937720a8d3aaca237f47b683aa9,linux1804-64-shippable-qr,True,False,,,102210fe594ee9b33d82058545b1ed14f4c8206e,browser-toolbox.connect.DAMP,damp,True,damp browser-toolbox.connect.DAMP opt e10s fission stylo webrender-sw,4767235,77,ms,firefox,,1797116026,2023-11-20 12:44:46,2007.241081000015,de35cb5de97565935b503eade2990b5c385c7293,1334619,,,,,,,,,,,,,,,,,,,,,,,,,,,,,,,,,,,,,,,,,,,,,,,,,,,,,,,,,,,,,TN,TN
autoland,4768071,12,69b95d09da21c937720a8d3aaca237f47b683aa9,linux1804-64-shippable-qr,True,False,,,102210fe594ee9b33d82058545b1ed14f4c8206e,browser-toolbox.connect.DAMP,damp,True,damp browser-toolbox.connect.DAMP opt e10s fission stylo webrender-sw,4767235,77,ms,firefox,,1797289697,2023-11-20 16:13:55,1958.20001299998,f78453d754386d0000dae39e031b91b0d0c4b07f,1334757,,,,,,,,,,,,,,,,,,,,,,,,,,,,,,,,,,,,,,,,,,,,,,,,,,,,,,,,,,,,,TN,TN
autoland,4768071,12,69b95d09da21c937720a8d3aaca237f47b683aa9,linux1804-64-shippable-qr,True,False,,,102210fe594ee9b33d82058545b1ed14f4c8206e,browser-toolbox.connect.DAMP,damp,True,damp browser-toolbox.connect.DAMP opt e10s fission stylo webrender-sw,4767235,77,ms,firefox,,1797329144,2023-11-20 18:08:54,1624.331300500009,a2089603188c4136890163ddd71b1d4e60e1c396,1334868,,,,,,,,,,,,,,,,,,,,,,,,,,,,,,,,,,,,,,,,,,,,,,,,,,,,,,,,,,,,,TN,TN
autoland,4768071,12,69b95d09da21c937720a8d3aaca237f47b683aa9,linux1804-64-shippable-qr,True,False,,,102210fe594ee9b33d82058545b1ed14f4c8206e,browser-toolbox.connect.DAMP,damp,True,damp browser-toolbox.connect.DAMP opt e10s fission stylo webrender-sw,4767235,77,ms,firefox,,1797594550,2023-11-20 23:09:27,2004.1569610000008,7b567ceeead73f84de62ab77b4b6c87450b347fa,1335119,,,,,,,,,,,,,,,,,,,,,,,,,,,,,,,,,,,,,,,,,,,,,,,,,,,,,,,,,,,,,TN,TN
autoland,4768071,12,69b95d09da21c937720a8d3aaca237f47b683aa9,linux1804-64-shippable-qr,True,False,,,102210fe594ee9b33d82058545b1ed14f4c8206e,browser-toolbox.connect.DAMP,damp,True,damp browser-toolbox.connect.DAMP opt e10s fission stylo webrender-sw,4767235,77,ms,firefox,,1797672137,2023-11-21 01:49:39,2035.1345854999963,b9fe9a49496aa38ca77c335f20236610ef01a582,1335206,,,,,,,,,,,,,,,,,,,,,,,,,,,,,,,,,,,,,,,,,,,,,,,,,,,,,,,,,,,,,TN,TN
autoland,4768071,12,69b95d09da21c937720a8d3aaca237f47b683aa9,linux1804-64-shippable-qr,True,False,,,102210fe594ee9b33d82058545b1ed14f4c8206e,browser-toolbox.connect.DAMP,damp,True,damp browser-toolbox.connect.DAMP opt e10s fission stylo webrender-sw,4767235,77,ms,firefox,,1799604322,2023-11-21 07:01:39,1935.9173259999952,5a6b00c632b633474dd372a9561d8a8b894a899a,1335251,,,,,,,,,,,,,,,,,,,,,,,,,,,,,,,,,,,,,,,,,,,,,,,,,,,,,,,,,,,,,TN,TN
autoland,4768071,12,69b95d09da21c937720a8d3aaca237f47b683aa9,linux1804-64-shippable-qr,True,False,,,102210fe594ee9b33d82058545b1ed14f4c8206e,browser-toolbox.connect.DAMP,damp,True,damp browser-toolbox.connect.DAMP opt e10s fission stylo webrender-sw,4767235,77,ms,firefox,,1799606513,2023-11-21 07:09:25,1956.2264135000296,4bce7496d00b1da30ea279ee5ba65a1f797f6a10,1335252,,,,,,,,,,,,,,,,,,,,,,,,,,,,,,,,,,,,,,,,,,,,,,,,,,,,,,,,,,,,,TN,TN
autoland,4768071,12,69b95d09da21c937720a8d3aaca237f47b683aa9,linux1804-64-shippable-qr,True,False,,,102210fe594ee9b33d82058545b1ed14f4c8206e,browser-toolbox.connect.DAMP,damp,True,damp browser-toolbox.connect.DAMP opt e10s fission stylo webrender-sw,4767235,77,ms,firefox,,1799606909,2023-11-21 07:19:22,2006.792840999973,2f11050c90d800d559c5d451ec0756058e896cea,1335253,,,,,,,,,,,,,,,,,,,,,,,,,,,,,,,,,,,,,,,,,,,,,,,,,,,,,,,,,,,,,TN,TN
autoland,4768071,12,69b95d09da21c937720a8d3aaca237f47b683aa9,linux1804-64-shippable-qr,True,False,,,102210fe594ee9b33d82058545b1ed14f4c8206e,browser-toolbox.connect.DAMP,damp,True,damp browser-toolbox.connect.DAMP opt e10s fission stylo webrender-sw,4767235,77,ms,firefox,,1799606896,2023-11-21 07:42:07,2043.5010509999995,d152787632557c955aafeb6940066dbc4e5cda42,1335260,,,,,,,,,,,,,,,,,,,,,,,,,,,,,,,,,,,,,,,,,,,,,,,,,,,,,,,,,,,,,TN,TN
autoland,4768071,12,69b95d09da21c937720a8d3aaca237f47b683aa9,linux1804-64-shippable-qr,True,False,,,102210fe594ee9b33d82058545b1ed14f4c8206e,browser-toolbox.connect.DAMP,damp,True,damp browser-toolbox.connect.DAMP opt e10s fission stylo webrender-sw,4767235,77,ms,firefox,,1799607952,2023-11-21 08:06:40,1983.6086119999964,be8e9a8eaa80a1bf3e6c6f2be2c9ebaebbeed439,1335268,,,,,,,,,,,,,,,,,,,,,,,,,,,,,,,,,,,,,,,,,,,,,,,,,,,,,,,,,,,,,TN,TN
autoland,4768071,12,69b95d09da21c937720a8d3aaca237f47b683aa9,linux1804-64-shippable-qr,True,False,,,102210fe594ee9b33d82058545b1ed14f4c8206e,browser-toolbox.connect.DAMP,damp,True,damp browser-toolbox.connect.DAMP opt e10s fission stylo webrender-sw,4767235,77,ms,firefox,,1799611181,2023-11-21 08:08:10,1996.502505500015,2ece04e240e248754e7403e1f4fad6462fc3fb62,1335269,,,,,,,,,,,,,,,,,,,,,,,,,,,,,,,,,,,,,,,,,,,,,,,,,,,,,,,,,,,,,TN,TN
autoland,4768071,12,69b95d09da21c937720a8d3aaca237f47b683aa9,linux1804-64-shippable-qr,True,False,,,102210fe594ee9b33d82058545b1ed14f4c8206e,browser-toolbox.connect.DAMP,damp,True,damp browser-toolbox.connect.DAMP opt e10s fission stylo webrender-sw,4767235,77,ms,firefox,,1799612241,2023-11-21 08:28:52,1961.5903070000056,f22c07289232f24881c60168934a3605bbe59d7a,1335280,,,,,,,,,,,,,,,,,,,,,,,,,,,,,,,,,,,,,,,,,,,,,,,,,,,,,,,,,,,,,TN,TN
autoland,4768071,12,69b95d09da21c937720a8d3aaca237f47b683aa9,linux1804-64-shippable-qr,True,False,,,102210fe594ee9b33d82058545b1ed14f4c8206e,browser-toolbox.connect.DAMP,damp,True,damp browser-toolbox.connect.DAMP opt e10s fission stylo webrender-sw,4767235,77,ms,firefox,,1797798878,2023-11-21 08:38:33,1987.161273500038,fddad0a59b2d028b2147493bf9ba8cc953d9e3eb,1335289,,,,,,,,,,,,,,,,,,,,,,,,,,,,,,,,,,,,,,,,,,,,,,,,,,,,,,,,,,,,,TN,TN
autoland,4768071,12,69b95d09da21c937720a8d3aaca237f47b683aa9,linux1804-64-shippable-qr,True,False,,,102210fe594ee9b33d82058545b1ed14f4c8206e,browser-toolbox.connect.DAMP,damp,True,damp browser-toolbox.connect.DAMP opt e10s fission stylo webrender-sw,4767235,77,ms,firefox,,1799936976,2023-11-21 08:44:18,1988.3830655000056,5d16cdee8945fd71aa93ec62d4629457ea2243a0,1335292,,,,,,,,,,,,,,,,,,,,,,,,,,,,,,,,,,,,,,,,,,,,,,,,,,,,,,,,,,,,,TN,TN
autoland,4768071,12,69b95d09da21c937720a8d3aaca237f47b683aa9,linux1804-64-shippable-qr,True,False,,,102210fe594ee9b33d82058545b1ed14f4c8206e,browser-toolbox.connect.DAMP,damp,True,damp browser-toolbox.connect.DAMP opt e10s fission stylo webrender-sw,4767235,77,ms,firefox,,1799943108,2023-11-21 08:45:51,1961.6545704999955,c817be2230763806ab639a0eddcf7cd871781d29,1335293,,,,,,,,,,,,,,,,,,,,,,,,,,,,,,,,,,,,,,,,,,,,,,,,,,,,,,,,,,,,,TN,TN
autoland,4768071,12,69b95d09da21c937720a8d3aaca237f47b683aa9,linux1804-64-shippable-qr,True,False,,,102210fe594ee9b33d82058545b1ed14f4c8206e,browser-toolbox.connect.DAMP,damp,True,damp browser-toolbox.connect.DAMP opt e10s fission stylo webrender-sw,4767235,77,ms,firefox,,1799935536,2023-11-21 09:12:54,1961.8318875000116,a19fb41680f5d50c16aa33b8b4f75b15c5e6530d,1335320,,,,,,,,,,,,,,,,,,,,,,,,,,,,,,,,,,,,,,,,,,,,,,,,,,,,,,,,,,,,,TN,TN
autoland,4768071,12,69b95d09da21c937720a8d3aaca237f47b683aa9,linux1804-64-shippable-qr,True,False,,,102210fe594ee9b33d82058545b1ed14f4c8206e,browser-toolbox.connect.DAMP,damp,True,damp browser-toolbox.connect.DAMP opt e10s fission stylo webrender-sw,4767235,77,ms,firefox,,1799938179,2023-11-21 09:19:27,2019.5563645000077,c1d6590621674747f65db19278c9710dbd50f3c5,1335334,,,,,,,,,,,,,,,,,,,,,,,,,,,,,,,,,,,,,,,,,,,,,,,,,,,,,,,,,,,,,TN,TN
autoland,4768071,12,69b95d09da21c937720a8d3aaca237f47b683aa9,linux1804-64-shippable-qr,True,False,,,102210fe594ee9b33d82058545b1ed14f4c8206e,browser-toolbox.connect.DAMP,damp,True,damp browser-toolbox.connect.DAMP opt e10s fission stylo webrender-sw,4767235,77,ms,firefox,,1799935470,2023-11-21 09:20:30,2043.2258029999796,db45f9329c968114d0ff1fc690203cf93e30d48c,1335336,,,,,,,,,,,,,,,,,,,,,,,,,,,,,,,,,,,,,,,,,,,,,,,,,,,,,,,,,,,,,TN,TN
autoland,4768071,12,69b95d09da21c937720a8d3aaca237f47b683aa9,linux1804-64-shippable-qr,True,False,,,102210fe594ee9b33d82058545b1ed14f4c8206e,browser-toolbox.connect.DAMP,damp,True,damp browser-toolbox.connect.DAMP opt e10s fission stylo webrender-sw,4767235,77,ms,firefox,,1799937818,2023-11-21 09:21:56,2007.0498710000247,ac5e5139fe3d8e26b4763de622ad6a468bea89fe,1335337,,,,,,,,,,,,,,,,,,,,,,,,,,,,,,,,,,,,,,,,,,,,,,,,,,,,,,,,,,,,,TN,TN
autoland,4768071,12,69b95d09da21c937720a8d3aaca237f47b683aa9,linux1804-64-shippable-qr,True,False,,,102210fe594ee9b33d82058545b1ed14f4c8206e,browser-toolbox.connect.DAMP,damp,True,damp browser-toolbox.connect.DAMP opt e10s fission stylo webrender-sw,4767235,77,ms,firefox,,1799902605,2023-11-21 09:46:06,2031.752565999981,7dc5cc5db59c301e226b5bf73101542dc9a9e7d6,1335363,,,,,,,,,,,,,,,,,,,,,,,,,,,,,,,,,,,,,,,,,,,,,,,,,,,,,,,,,,,,,TN,TN
autoland,4768071,12,69b95d09da21c937720a8d3aaca237f47b683aa9,linux1804-64-shippable-qr,True,False,,,102210fe594ee9b33d82058545b1ed14f4c8206e,browser-toolbox.connect.DAMP,damp,True,damp browser-toolbox.connect.DAMP opt e10s fission stylo webrender-sw,4767235,77,ms,firefox,,1799937196,2023-11-21 10:30:05,1997.1151964999733,b02528638b2a7e6738a686998960c6ecaf4d8371,1335391,,,,,,,,,,,,,,,,,,,,,,,,,,,,,,,,,,,,,,,,,,,,,,,,,,,,,,,,,,,,,TN,TN
autoland,4768071,12,69b95d09da21c937720a8d3aaca237f47b683aa9,linux1804-64-shippable-qr,True,False,,,102210fe594ee9b33d82058545b1ed14f4c8206e,browser-toolbox.connect.DAMP,damp,True,damp browser-toolbox.connect.DAMP opt e10s fission stylo webrender-sw,4767235,77,ms,firefox,,1799902499,2023-11-21 10:34:14,1974.678554500002,d72b0702bef67ed46fbd4a681b77b892d0ae5ab4,1335396,,,,,,,,,,,,,,,,,,,,,,,,,,,,,,,,,,,,,,,,,,,,,,,,,,,,,,,,,,,,,TN,TN
autoland,4768071,12,69b95d09da21c937720a8d3aaca237f47b683aa9,linux1804-64-shippable-qr,True,False,,,102210fe594ee9b33d82058545b1ed14f4c8206e,browser-toolbox.connect.DAMP,damp,True,damp browser-toolbox.connect.DAMP opt e10s fission stylo webrender-sw,4767235,77,ms,firefox,,1799600025,2023-11-21 10:35:13,2010.3847199999727,9e350a723b7af86dd13c75127d7859a1530c2327,1335397,,,,,,,,,,,,,,,,,,,,,,,,,,,,,,,,,,,,,,,,,,,,,,,,,,,,,,,,,,,,,TN,TN
autoland,4768071,12,69b95d09da21c937720a8d3aaca237f47b683aa9,linux1804-64-shippable-qr,True,False,,,102210fe594ee9b33d82058545b1ed14f4c8206e,browser-toolbox.connect.DAMP,damp,True,damp browser-toolbox.connect.DAMP opt e10s fission stylo webrender-sw,4767235,77,ms,firefox,,1799601134,2023-11-21 10:48:34,2026.6300804999848,c95ea45e981012bfa4e536b797eab05157f8e8f7,1335401,,,,,,,,,,,,,,,,,,,,,,,,,,,,,,,,,,,,,,,,,,,,,,,,,,,,,,,,,,,,,TN,TN
autoland,4768071,12,69b95d09da21c937720a8d3aaca237f47b683aa9,linux1804-64-shippable-qr,True,False,,,102210fe594ee9b33d82058545b1ed14f4c8206e,browser-toolbox.connect.DAMP,damp,True,damp browser-toolbox.connect.DAMP opt e10s fission stylo webrender-sw,4767235,77,ms,firefox,,1799601404,2023-11-21 10:51:03,2015.338409500051,55026b57b6b1450262fd6ec3050c8cdd8ae0e9ac,1335403,,,,,,,,,,,,,,,,,,,,,,,,,,,,,,,,,,,,,,,,,,,,,,,,,,,,,,,,,,,,,TN,TN
autoland,4768071,12,69b95d09da21c937720a8d3aaca237f47b683aa9,linux1804-64-shippable-qr,True,False,,,102210fe594ee9b33d82058545b1ed14f4c8206e,browser-toolbox.connect.DAMP,damp,True,damp browser-toolbox.connect.DAMP opt e10s fission stylo webrender-sw,4767235,77,ms,firefox,,1799600210,2023-11-21 11:13:48,1961.732433499994,9aa0b8954c6aea3a1e6723127432217c65d73426,1335427,,,,,,,,,,,,,,,,,,,,,,,,,,,,,,,,,,,,,,,,,,,,,,,,,,,,,,,,,,,,,TN,TN
autoland,4768071,12,69b95d09da21c937720a8d3aaca237f47b683aa9,linux1804-64-shippable-qr,True,False,,,102210fe594ee9b33d82058545b1ed14f4c8206e,browser-toolbox.connect.DAMP,damp,True,damp browser-toolbox.connect.DAMP opt e10s fission stylo webrender-sw,4767235,77,ms,firefox,,1799601588,2023-11-21 11:28:19,1763.5373709999983,89b150d0c0ab85684103d01707ba0010edbeb7ab,1335439,,,,,,,,,,,,,,,,,,,,,,,,,,,,,,,,,,,,,,,,,,,,,,,,,,,,,,,,,,,,,TN,TN
autoland,4768071,12,69b95d09da21c937720a8d3aaca237f47b683aa9,linux1804-64-shippable-qr,True,False,,,102210fe594ee9b33d82058545b1ed14f4c8206e,browser-toolbox.connect.DAMP,damp,True,damp browser-toolbox.connect.DAMP opt e10s fission stylo webrender-sw,4767235,77,ms,firefox,,1799601838,2023-11-21 11:29:16,1785.9414905000085,93f0f84e3f9ba610610291fc8a782d907be23cd5,1335443,,,,,,,,,,,,,,,,,,,,,,,,,,,,,,,,,,,,,,,,,,,,,,,,,,,,,,,,,,,,,TN,TN
autoland,4768071,12,69b95d09da21c937720a8d3aaca237f47b683aa9,linux1804-64-shippable-qr,True,False,,,102210fe594ee9b33d82058545b1ed14f4c8206e,browser-toolbox.connect.DAMP,damp,True,damp browser-toolbox.connect.DAMP opt e10s fission stylo webrender-sw,4767235,77,ms,firefox,,1799601268,2023-11-21 11:52:33,1975.5158814999888,e85c337798a43410bf45dd5ae77e5a6015eb8d23,1335455,,,,,,,,,,,,,,,,,,,,,,,,,,,,,,,,,,,,,,,,,,,,,,,,,,,,,,,,,,,,,TN,TN
autoland,4768071,12,69b95d09da21c937720a8d3aaca237f47b683aa9,linux1804-64-shippable-qr,True,False,,,102210fe594ee9b33d82058545b1ed14f4c8206e,browser-toolbox.connect.DAMP,damp,True,damp browser-toolbox.connect.DAMP opt e10s fission stylo webrender-sw,4767235,77,ms,firefox,,1799601960,2023-11-21 11:55:49,1999.4208274999687,a35aa51e1bfcd33c9874f1075e55117597b806e1,1335457,,,,,,,,,,,,,,,,,,,,,,,,,,,,,,,,,,,,,,,,,,,,,,,,,,,,,,,,,,,,,TN,TN
autoland,4768071,12,69b95d09da21c937720a8d3aaca237f47b683aa9,linux1804-64-shippable-qr,True,False,,,102210fe594ee9b33d82058545b1ed14f4c8206e,browser-toolbox.connect.DAMP,damp,True,damp browser-toolbox.connect.DAMP opt e10s fission stylo webrender-sw,4767235,77,ms,firefox,,1799603601,2023-11-21 12:04:20,1792.7705854999876,64014991c79c4184a29fc9ac35586425474799c4,1335463,,,,,,,,,,,,,,,,,,,,,,,,,,,,,,,,,,,,,,,,,,,,,,,,,,,,,,,,,,,,,TN,TN
autoland,4768071,12,69b95d09da21c937720a8d3aaca237f47b683aa9,linux1804-64-shippable-qr,True,False,,,102210fe594ee9b33d82058545b1ed14f4c8206e,browser-toolbox.connect.DAMP,damp,True,damp browser-toolbox.connect.DAMP opt e10s fission stylo webrender-sw,4767235,77,ms,firefox,,1797921659,2023-11-21 12:15:20,1797.325680500042,1ff1d467cb8d49467127613245f448026cd7df9e,1335466,,,,,,,,,,,,,,,,,,,,,,,,,,,,,,,,,,,,,,,,,,,,,,,,,,,,,,,,,,,,,TN,TN
autoland,4768071,12,69b95d09da21c937720a8d3aaca237f47b683aa9,linux1804-64-shippable-qr,True,False,,,102210fe594ee9b33d82058545b1ed14f4c8206e,browser-toolbox.connect.DAMP,damp,True,damp browser-toolbox.connect.DAMP opt e10s fission stylo webrender-sw,4767235,77,ms,firefox,,1799600315,2023-11-21 15:27:35,1947.781549499996,68b2ac713b64775329741649ee104e2d6f8fc765,1335595,,,,,,,,,,,,,,,,,,,,,,,,,,,,,,,,,,,,,,,,,,,,,,,,,,,,,,,,,,,,,TN,TN
autoland,4768071,12,69b95d09da21c937720a8d3aaca237f47b683aa9,linux1804-64-shippable-qr,True,False,,,102210fe594ee9b33d82058545b1ed14f4c8206e,browser-toolbox.connect.DAMP,damp,True,damp browser-toolbox.connect.DAMP opt e10s fission stylo webrender-sw,4767235,77,ms,firefox,,1799602081,2023-11-21 15:58:23,1987.3389319999987,4320684afd3d2904160a1fd26bc44edb90f09947,1335622,,,,,,,,,,,,,,,,,,,,,,,,,,,,,,,,,,,,,,,,,,,,,,,,,,,,,,,,,,,,,TN,TN
autoland,4768071,12,69b95d09da21c937720a8d3aaca237f47b683aa9,linux1804-64-shippable-qr,True,False,,,102210fe594ee9b33d82058545b1ed14f4c8206e,browser-toolbox.connect.DAMP,damp,True,damp browser-toolbox.connect.DAMP opt e10s fission stylo webrender-sw,4767235,77,ms,firefox,,1799602236,2023-11-21 16:10:29,1993.8799004999817,eb4ff33091f576f2edad06b515f5695b20604725,1335630,,,,,,,,,,,,,,,,,,,,,,,,,,,,,,,,,,,,,,,,,,,,,,,,,,,,,,,,,,,,,TN,TN
autoland,4768071,12,69b95d09da21c937720a8d3aaca237f47b683aa9,linux1804-64-shippable-qr,True,False,,,102210fe594ee9b33d82058545b1ed14f4c8206e,browser-toolbox.connect.DAMP,damp,True,damp browser-toolbox.connect.DAMP opt e10s fission stylo webrender-sw,4767235,77,ms,firefox,,1799602741,2023-11-21 16:21:39,2018.034591999989,aec79e5db68fe83ac7f3cbd4c1470db74b433d28,1335642,,,,,,,,,,,,,,,,,,,,,,,,,,,,,,,,,,,,,,,,,,,,,,,,,,,,,,,,,,,,,TN,TN
autoland,4768071,12,69b95d09da21c937720a8d3aaca237f47b683aa9,linux1804-64-shippable-qr,True,False,,,102210fe594ee9b33d82058545b1ed14f4c8206e,browser-toolbox.connect.DAMP,damp,True,damp browser-toolbox.connect.DAMP opt e10s fission stylo webrender-sw,4767235,77,ms,firefox,,1799605487,2023-11-21 16:23:30,2045.490051000001,0a523177ba8157d040776a50aacbd4f6e22715fe,1335644,,,,,,,,,,,,,,,,,,,,,,,,,,,,,,,,,,,,,,,,,,,,,,,,,,,,,,,,,,,,,TN,TN
autoland,4768071,12,69b95d09da21c937720a8d3aaca237f47b683aa9,linux1804-64-shippable-qr,True,False,,,102210fe594ee9b33d82058545b1ed14f4c8206e,browser-toolbox.connect.DAMP,damp,True,damp browser-toolbox.connect.DAMP opt e10s fission stylo webrender-sw,4767235,77,ms,firefox,,1799604092,2023-11-21 16:34:03,2008.461606500001,e97f959d1225c326fcb98f82285c0a0f7085631b,1335656,,,,,,,,,,,,,,,,,,,,,,,,,,,,,,,,,,,,,,,,,,,,,,,,,,,,,,,,,,,,,TN,TN
autoland,4768071,12,69b95d09da21c937720a8d3aaca237f47b683aa9,linux1804-64-shippable-qr,True,False,,,102210fe594ee9b33d82058545b1ed14f4c8206e,browser-toolbox.connect.DAMP,damp,True,damp browser-toolbox.connect.DAMP opt e10s fission stylo webrender-sw,4767235,77,ms,firefox,,1799604527,2023-11-21 16:36:47,2020.800836499984,ea804fe0a160e21bc703a5311478079eaac8f7ee,1335660,,,,,,,,,,,,,,,,,,,,,,,,,,,,,,,,,,,,,,,,,,,,,,,,,,,,,,,,,,,,,TN,TN
autoland,4768071,12,69b95d09da21c937720a8d3aaca237f47b683aa9,linux1804-64-shippable-qr,True,False,,,102210fe594ee9b33d82058545b1ed14f4c8206e,browser-toolbox.connect.DAMP,damp,True,damp browser-toolbox.connect.DAMP opt e10s fission stylo webrender-sw,4767235,77,ms,firefox,,1799605553,2023-11-21 16:38:46,2035.1842459999532,ee683c3699a76e2e7159a5297800dc28b78ac22a,1335661,,,,,,,,,,,,,,,,,,,,,,,,,,,,,,,,,,,,,,,,,,,,,,,,,,,,,,,,,,,,,TN,TN
autoland,4768071,12,69b95d09da21c937720a8d3aaca237f47b683aa9,linux1804-64-shippable-qr,True,False,,,102210fe594ee9b33d82058545b1ed14f4c8206e,browser-toolbox.connect.DAMP,damp,True,damp browser-toolbox.connect.DAMP opt e10s fission stylo webrender-sw,4767235,77,ms,firefox,,1799606006,2023-11-21 16:44:13,1987.1150534999977,a5a183d53f8edc045639859ff059a5220516b33e,1335665,,,,,,,,,,,,,,,,,,,,,,,,,,,,,,,,,,,,,,,,,,,,,,,,,,,,,,,,,,,,,TN,TN
autoland,4768071,12,69b95d09da21c937720a8d3aaca237f47b683aa9,linux1804-64-shippable-qr,True,False,,,102210fe594ee9b33d82058545b1ed14f4c8206e,browser-toolbox.connect.DAMP,damp,True,damp browser-toolbox.connect.DAMP opt e10s fission stylo webrender-sw,4767235,77,ms,firefox,,1798139569,2023-11-21 17:01:46,1987.7038244999712,cbc5eb28277f8e6d60fede93a822ede9eb7f01a5,1335682,,,,,,,,,,,,,,,,,,,,,,,,,,,,,,,,,,,,,,,,,,,,,,,,,,,,,,,,,,,,,TN,TN
autoland,4768071,12,69b95d09da21c937720a8d3aaca237f47b683aa9,linux1804-64-shippable-qr,True,False,,,102210fe594ee9b33d82058545b1ed14f4c8206e,browser-toolbox.connect.DAMP,damp,True,damp browser-toolbox.connect.DAMP opt e10s fission stylo webrender-sw,4767235,77,ms,firefox,,1799605133,2023-11-21 18:19:25,2043.8324154999864,13f07117425fbac3a2c76964a7553f2434073b27,1335754,,,,,,,,,,,,,,,,,,,,,,,,,,,,,,,,,,,,,,,,,,,,,,,,,,,,,,,,,,,,,TN,TN
autoland,4768071,12,69b95d09da21c937720a8d3aaca237f47b683aa9,linux1804-64-shippable-qr,True,False,,,102210fe594ee9b33d82058545b1ed14f4c8206e,browser-toolbox.connect.DAMP,damp,True,damp browser-toolbox.connect.DAMP opt e10s fission stylo webrender-sw,4767235,77,ms,firefox,,1799606353,2023-11-21 18:20:27,1962.1190560000105,3df03c7436cf6c25488eab7244c740b35f72f40e,1335756,,,,,,,,,,,,,,,,,,,,,,,,,,,,,,,,,,,,,,,,,,,,,,,,,,,,,,,,,,,,,TN,TN
autoland,4768071,12,69b95d09da21c937720a8d3aaca237f47b683aa9,linux1804-64-shippable-qr,True,False,,,102210fe594ee9b33d82058545b1ed14f4c8206e,browser-toolbox.connect.DAMP,damp,True,damp browser-toolbox.connect.DAMP opt e10s fission stylo webrender-sw,4767235,77,ms,firefox,,1799606645,2023-11-21 18:43:41,2003.3336319999944,677a1b08631cda387b7e1d2769027308e90448d0,1335774,,,,,,,,,,,,,,,,,,,,,,,,,,,,,,,,,,,,,,,,,,,,,,,,,,,,,,,,,,,,,TN,TN
autoland,4768071,12,69b95d09da21c937720a8d3aaca237f47b683aa9,linux1804-64-shippable-qr,True,False,,,102210fe594ee9b33d82058545b1ed14f4c8206e,browser-toolbox.connect.DAMP,damp,True,damp browser-toolbox.connect.DAMP opt e10s fission stylo webrender-sw,4767235,77,ms,firefox,,1799608008,2023-11-21 18:45:50,1975.6614180000036,6d2982d16908a46a3dc282f46469d894752ef3d9,1335778,,,,,,,,,,,,,,,,,,,,,,,,,,,,,,,,,,,,,,,,,,,,,,,,,,,,,,,,,,,,,TN,TN
autoland,4768071,12,69b95d09da21c937720a8d3aaca237f47b683aa9,linux1804-64-shippable-qr,True,False,,,102210fe594ee9b33d82058545b1ed14f4c8206e,browser-toolbox.connect.DAMP,damp,True,damp browser-toolbox.connect.DAMP opt e10s fission stylo webrender-sw,4767235,77,ms,firefox,,1799605816,2023-11-21 19:06:16,1669.660585999998,bd5abec7eabc10c326addf7a64d4c69f5b5f831c,1335794,,,,,,,,,,,,,,,,,,,,,,,,,,,,,,,,,,,,,,,,,,,,,,,,,,,,,,,,,,,,,TN,TN
autoland,4768071,12,69b95d09da21c937720a8d3aaca237f47b683aa9,linux1804-64-shippable-qr,True,False,,,102210fe594ee9b33d82058545b1ed14f4c8206e,browser-toolbox.connect.DAMP,damp,True,damp browser-toolbox.connect.DAMP opt e10s fission stylo webrender-sw,4767235,77,ms,firefox,,1799613033,2023-11-21 19:10:08,2047.5276240000092,4fbc2295716fd526b2fcc8de2789d7bfc0389b72,1335800,,,,,,,,,,,,,,,,,,,,,,,,,,,,,,,,,,,,,,,,,,,,,,,,,,,,,,,,,,,,,TN,TN
autoland,4768071,12,69b95d09da21c937720a8d3aaca237f47b683aa9,linux1804-64-shippable-qr,True,False,,,102210fe594ee9b33d82058545b1ed14f4c8206e,browser-toolbox.connect.DAMP,damp,True,damp browser-toolbox.connect.DAMP opt e10s fission stylo webrender-sw,4767235,77,ms,firefox,,1799612298,2023-11-21 19:29:38,1984.3150629999875,6e046b6edfea4d8378dd77d32d0958d622e0b577,1335821,,,,,,,,,,,,,,,,,,,,,,,,,,,,,,,,,,,,,,,,,,,,,,,,,,,,,,,,,,,,,TN,TN
autoland,4768071,12,69b95d09da21c937720a8d3aaca237f47b683aa9,linux1804-64-shippable-qr,True,False,,,102210fe594ee9b33d82058545b1ed14f4c8206e,browser-toolbox.connect.DAMP,damp,True,damp browser-toolbox.connect.DAMP opt e10s fission stylo webrender-sw,4767235,77,ms,firefox,,1799612851,2023-11-21 19:50:05,2035.4864024999988,564abe4d105da171a949cb7329c49c8822174544,1335841,,,,,,,,,,,,,,,,,,,,,,,,,,,,,,,,,,,,,,,,,,,,,,,,,,,,,,,,,,,,,TN,TN
autoland,4768071,12,69b95d09da21c937720a8d3aaca237f47b683aa9,linux1804-64-shippable-qr,True,False,,,102210fe594ee9b33d82058545b1ed14f4c8206e,browser-toolbox.connect.DAMP,damp,True,damp browser-toolbox.connect.DAMP opt e10s fission stylo webrender-sw,4767235,77,ms,firefox,,1799611366,2023-11-21 19:51:07,1991.87697450001,8b92137bf5c7efb21bf7461a2a161146f2e2a38c,1335842,,,,,,,,,,,,,,,,,,,,,,,,,,,,,,,,,,,,,,,,,,,,,,,,,,,,,,,,,,,,,TN,TN
autoland,4768071,12,69b95d09da21c937720a8d3aaca237f47b683aa9,linux1804-64-shippable-qr,True,False,,,102210fe594ee9b33d82058545b1ed14f4c8206e,browser-toolbox.connect.DAMP,damp,True,damp browser-toolbox.connect.DAMP opt e10s fission stylo webrender-sw,4767235,77,ms,firefox,,1798292730,2023-11-21 21:47:24,1973.098888499997,62f686461927825493253d0f82a43804b3eddf71,1335911,,,,,,,,,,,,,,,,,,,,,,,,,,,,,,,,,,,,,,,,,,,,,,,,,,,,,,,,,,,,,TN,TN
autoland,4768071,12,69b95d09da21c937720a8d3aaca237f47b683aa9,linux1804-64-shippable-qr,True,False,,,102210fe594ee9b33d82058545b1ed14f4c8206e,browser-toolbox.connect.DAMP,damp,True,damp browser-toolbox.connect.DAMP opt e10s fission stylo webrender-sw,4767235,77,ms,firefox,,1798285629,2023-11-21 21:50:11,1980.3649980000337,ef0b50d89a7f6107932087c2c1adc2f6fd9ab06a,1335914,,,,,,,,,,,,,,,,,,,,,,,,,,,,,,,,,,,,,,,,,,,,,,,,,,,,,,,,,,,,,TN,TN
autoland,4768071,12,69b95d09da21c937720a8d3aaca237f47b683aa9,linux1804-64-shippable-qr,True,False,,,102210fe594ee9b33d82058545b1ed14f4c8206e,browser-toolbox.connect.DAMP,damp,True,damp browser-toolbox.connect.DAMP opt e10s fission stylo webrender-sw,4767235,77,ms,firefox,,1798354658,2023-11-22 01:56:32,1985.7018119999848,7dc6122ebd68b46a9d4320c40c86f20c2b78984a,1336017,,,,,,,,,,,,,,,,,,,,,,,,,,,,,,,,,,,,,,,,,,,,,,,,,,,,,,,,,,,,,TN,TN
autoland,4768071,12,69b95d09da21c937720a8d3aaca237f47b683aa9,linux1804-64-shippable-qr,True,False,,,102210fe594ee9b33d82058545b1ed14f4c8206e,browser-toolbox.connect.DAMP,damp,True,damp browser-toolbox.connect.DAMP opt e10s fission stylo webrender-sw,4767235,77,ms,firefox,,1798437901,2023-11-22 05:59:37,1994.5390935000032,ed20a8b98a8f2d8593dbbbd9b5df993e3e91433f,1336060,,,,,,,,,,,,,,,,,,,,,,,,,,,,,,,,,,,,,,,,,,,,,,,,,,,,,,,,,,,,,TN,TN
autoland,4768071,12,69b95d09da21c937720a8d3aaca237f47b683aa9,linux1804-64-shippable-qr,True,False,,,102210fe594ee9b33d82058545b1ed14f4c8206e,browser-toolbox.connect.DAMP,damp,True,damp browser-toolbox.connect.DAMP opt e10s fission stylo webrender-sw,4767235,77,ms,firefox,,1798481413,2023-11-22 07:16:13,2034.607182500018,0222787eb3244ffb2e62210f697d039bdef46036,1336076,,,,,,,,,,,,,,,,,,,,,,,,,,,,,,,,,,,,,,,,,,,,,,,,,,,,,,,,,,,,,TN,TN
autoland,4768071,12,69b95d09da21c937720a8d3aaca237f47b683aa9,linux1804-64-shippable-qr,True,False,,,102210fe594ee9b33d82058545b1ed14f4c8206e,browser-toolbox.connect.DAMP,damp,True,damp browser-toolbox.connect.DAMP opt e10s fission stylo webrender-sw,4767235,77,ms,firefox,,1798752956,2023-11-22 13:00:34,2000.1268284999896,b90083f581e182455cf23aaacb125b728b3ccb32,1336296,,,,,,,,,,,,,,,,,,,,,,,,,,,,,,,,,,,,,,,,,,,,,,,,,,,,,,,,,,,,,TN,TN
autoland,4768071,12,69b95d09da21c937720a8d3aaca237f47b683aa9,linux1804-64-shippable-qr,True,False,,,102210fe594ee9b33d82058545b1ed14f4c8206e,browser-toolbox.connect.DAMP,damp,True,damp browser-toolbox.connect.DAMP opt e10s fission stylo webrender-sw,4767235,77,ms,firefox,,1798884037,2023-11-22 16:22:37,1993.9815655000275,f4fae08660c1f3323af7bdef3ed152a3d34bc751,1336410,,,,,,,,,,,,,,,,,,,,,,,,,,,,,,,,,,,,,,,,,,,,,,,,,,,,,,,,,,,,,TN,TN
autoland,4768071,12,69b95d09da21c937720a8d3aaca237f47b683aa9,linux1804-64-shippable-qr,True,False,,,102210fe594ee9b33d82058545b1ed14f4c8206e,browser-toolbox.connect.DAMP,damp,True,damp browser-toolbox.connect.DAMP opt e10s fission stylo webrender-sw,4767235,77,ms,firefox,,1799005510,2023-11-22 19:14:54,2028.9987774999968,bcdbc1e5d9a7c0fea2fcdc91ab0eebe908b34ece,1336555,,,,,,,,,,,,,,,,,,,,,,,,,,,,,,,,,,,,,,,,,,,,,,,,,,,,,,,,,,,,,TN,TN
autoland,4768071,12,69b95d09da21c937720a8d3aaca237f47b683aa9,linux1804-64-shippable-qr,True,False,,,102210fe594ee9b33d82058545b1ed14f4c8206e,browser-toolbox.connect.DAMP,damp,True,damp browser-toolbox.connect.DAMP opt e10s fission stylo webrender-sw,4767235,77,ms,firefox,,1799171181,2023-11-22 23:02:09,2013.6953640000063,3122924cd341ff55738fd6a06d4bd708010c15e4,1336681,,,,,,,,,,,,,,,,,,,,,,,,,,,,,,,,,,,,,,,,,,,,,,,,,,,,,,,,,,,,,TN,TN
autoland,4768071,12,69b95d09da21c937720a8d3aaca237f47b683aa9,linux1804-64-shippable-qr,True,False,,,102210fe594ee9b33d82058545b1ed14f4c8206e,browser-toolbox.connect.DAMP,damp,True,damp browser-toolbox.connect.DAMP opt e10s fission stylo webrender-sw,4767235,77,ms,firefox,,1799397817,2023-11-23 04:10:29,2046.954068000021,8366d9b1b0ca63aa3b706dd53ce23f052221c11b,1336756,,,,,,,,,,,,,,,,,,,,,,,,,,,,,,,,,,,,,,,,,,,,,,,,,,,,,,,,,,,,,TN,TN
autoland,4768071,12,69b95d09da21c937720a8d3aaca237f47b683aa9,linux1804-64-shippable-qr,True,False,,,102210fe594ee9b33d82058545b1ed14f4c8206e,browser-toolbox.connect.DAMP,damp,True,damp browser-toolbox.connect.DAMP opt e10s fission stylo webrender-sw,4767235,77,ms,firefox,,1799503045,2023-11-23 08:19:48,2015.5521514999853,023a5c518562ad97c805915ae5addfcad59d1223,1336795,,,,,,,,,,,,,,,,,,,,,,,,,,,,,,,,,,,,,,,,,,,,,,,,,,,,,,,,,,,,,TN,TN
autoland,4768071,12,69b95d09da21c937720a8d3aaca237f47b683aa9,linux1804-64-shippable-qr,True,False,,,102210fe594ee9b33d82058545b1ed14f4c8206e,browser-toolbox.connect.DAMP,damp,True,damp browser-toolbox.connect.DAMP opt e10s fission stylo webrender-sw,4767235,77,ms,firefox,,1799626100,2023-11-23 10:10:14,1978.2691324999903,7392664630b156e348b2a77aef6fdd70004c9b47,1336839,,,,,,,,,,,,,,,,,,,,,,,,,,,,,,,,,,,,,,,,,,,,,,,,,,,,,,,,,,,,,TN,TN
autoland,4768071,12,69b95d09da21c937720a8d3aaca237f47b683aa9,linux1804-64-shippable-qr,True,False,,,102210fe594ee9b33d82058545b1ed14f4c8206e,browser-toolbox.connect.DAMP,damp,True,damp browser-toolbox.connect.DAMP opt e10s fission stylo webrender-sw,4767235,77,ms,firefox,,1799895824,2023-11-23 15:57:23,1975.4027814999863,872aa271adfdb73a79c09de279f0001bf419850c,1337066,,,,,,,,,,,,,,,,,,,,,,,,,,,,,,,,,,,,,,,,,,,,,,,,,,,,,,,,,,,,,TN,TN
autoland,4768071,12,69b95d09da21c937720a8d3aaca237f47b683aa9,linux1804-64-shippable-qr,True,False,,,102210fe594ee9b33d82058545b1ed14f4c8206e,browser-toolbox.connect.DAMP,damp,True,damp browser-toolbox.connect.DAMP opt e10s fission stylo webrender-sw,4767235,77,ms,firefox,,1799963484,2023-11-23 19:58:47,1991.673324999996,180501fca2278e97c30e09ab097da1cb514f5ca1,1337231,,,,,,,,,,,,,,,,,,,,,,,,,,,,,,,,,,,,,,,,,,,,,,,,,,,,,,,,,,,,,TN,TN
autoland,4768071,12,69b95d09da21c937720a8d3aaca237f47b683aa9,linux1804-64-shippable-qr,True,False,,,102210fe594ee9b33d82058545b1ed14f4c8206e,browser-toolbox.connect.DAMP,damp,True,damp browser-toolbox.connect.DAMP opt e10s fission stylo webrender-sw,4767235,77,ms,firefox,,1800035813,2023-11-23 23:50:52,1959.069249999986,29d489a7e05adef3300e076dd1c46d14928ddf24,1337321,,,,,,,,,,,,,,,,,,,,,,,,,,,,,,,,,,,,,,,,,,,,,,,,,,,,,,,,,,,,,TN,TN
autoland,4768071,12,69b95d09da21c937720a8d3aaca237f47b683aa9,linux1804-64-shippable-qr,True,False,,,102210fe594ee9b33d82058545b1ed14f4c8206e,browser-toolbox.connect.DAMP,damp,True,damp browser-toolbox.connect.DAMP opt e10s fission stylo webrender-sw,4767235,77,ms,firefox,,1800247047,2023-11-24 05:36:58,1955.7351399999825,dbd1a6aef0a74dc60875a4904d9eddb5ca9afbb7,1337356,,,,,,,,,,,,,,,,,,,,,,,,,,,,,,,,,,,,,,,,,,,,,,,,,,,,,,,,,,,,,TN,TN
autoland,4768071,12,69b95d09da21c937720a8d3aaca237f47b683aa9,linux1804-64-shippable-qr,True,False,,,102210fe594ee9b33d82058545b1ed14f4c8206e,browser-toolbox.connect.DAMP,damp,True,damp browser-toolbox.connect.DAMP opt e10s fission stylo webrender-sw,4767235,77,ms,firefox,,1800385594,2023-11-24 09:28:03,1960.731215499989,8bec1f302a76929843c944e27b75ddcbf1f21954,1337436,,,,,,,,,,,,,,,,,,,,,,,,,,,,,,,,,,,,,,,,,,,,,,,,,,,,,,,,,,,,,TN,TN
autoland,4768071,12,69b95d09da21c937720a8d3aaca237f47b683aa9,linux1804-64-shippable-qr,True,False,,,102210fe594ee9b33d82058545b1ed14f4c8206e,browser-toolbox.connect.DAMP,damp,True,damp browser-toolbox.connect.DAMP opt e10s fission stylo webrender-sw,4767235,77,ms,firefox,,1800451624,2023-11-24 13:31:32,1967.38796800001,1e01aa4b558aff87267a6384c318e6963b66a0d8,1337559,,,,,,,,,,,,,,,,,,,,,,,,,,,,,,,,,,,,,,,,,,,,,,,,,,,,,,,,,,,,,TN,TN
autoland,4768071,12,69b95d09da21c937720a8d3aaca237f47b683aa9,linux1804-64-shippable-qr,True,False,,,102210fe594ee9b33d82058545b1ed14f4c8206e,browser-toolbox.connect.DAMP,damp,True,damp browser-toolbox.connect.DAMP opt e10s fission stylo webrender-sw,4767235,77,ms,firefox,,1800475852,2023-11-24 14:07:25,2020.0498640000296,6354cfb105a6c9a46216d5c8ea95ee463892366e,1337582,,,,,,,,,,,,,,,,,,,,,,,,,,,,,,,,,,,,,,,,,,,,,,,,,,,,,,,,,,,,,TN,TN
autoland,4768071,12,69b95d09da21c937720a8d3aaca237f47b683aa9,linux1804-64-shippable-qr,True,False,,,102210fe594ee9b33d82058545b1ed14f4c8206e,browser-toolbox.connect.DAMP,damp,True,damp browser-toolbox.connect.DAMP opt e10s fission stylo webrender-sw,4767235,77,ms,firefox,,1800685466,2023-11-24 21:54:25,1958.317381999972,8875acba4f482b90d60501b953fb4530b361bd8f,1337760,,,,,,,,,,,,,,,,,,,,,,,,,,,,,,,,,,,,,,,,,,,,,,,,,,,,,,,,,,,,,TN,TN
autoland,4768071,12,69b95d09da21c937720a8d3aaca237f47b683aa9,linux1804-64-shippable-qr,True,False,,,102210fe594ee9b33d82058545b1ed14f4c8206e,browser-toolbox.connect.DAMP,damp,True,damp browser-toolbox.connect.DAMP opt e10s fission stylo webrender-sw,4767235,77,ms,firefox,,1800747925,2023-11-25 04:13:26,1998.4798469999805,a137631f73ce188671f50c5225295d64d427fec2,1337799,,,,,,,,,,,,,,,,,,,,,,,,,,,,,,,,,,,,,,,,,,,,,,,,,,,,,,,,,,,,,TN,TN
autoland,4768071,12,69b95d09da21c937720a8d3aaca237f47b683aa9,linux1804-64-shippable-qr,True,False,,,102210fe594ee9b33d82058545b1ed14f4c8206e,browser-toolbox.connect.DAMP,damp,True,damp browser-toolbox.connect.DAMP opt e10s fission stylo webrender-sw,4767235,77,ms,firefox,,1800805667,2023-11-25 09:26:54,1949.346453999984,860c52f225fa7410ed4a4bf3bd0eb0846483e08d,1337840,,,,,,,,,,,,,,,,,,,,,,,,,,,,,,,,,,,,,,,,,,,,,,,,,,,,,,,,,,,,,TN,TN
autoland,4768071,12,69b95d09da21c937720a8d3aaca237f47b683aa9,linux1804-64-shippable-qr,True,False,,,102210fe594ee9b33d82058545b1ed14f4c8206e,browser-toolbox.connect.DAMP,damp,True,damp browser-toolbox.connect.DAMP opt e10s fission stylo webrender-sw,4767235,77,ms,firefox,,1800879371,2023-11-25 14:41:03,1979.5968644999664,2ff68fa9f49916065f4ebb7a74c0940bf425f396,1337869,,,,,,,,,,,,,,,,,,,,,,,,,,,,,,,,,,,,,,,,,,,,,,,,,,,,,,,,,,,,,TN,TN
autoland,4768071,12,69b95d09da21c937720a8d3aaca237f47b683aa9,linux1804-64-shippable-qr,True,False,,,102210fe594ee9b33d82058545b1ed14f4c8206e,browser-toolbox.connect.DAMP,damp,True,damp browser-toolbox.connect.DAMP opt e10s fission stylo webrender-sw,4767235,77,ms,firefox,,1801011958,2023-11-26 15:57:31,2006.6424340000303,0cd5e7d76f8ac3e26423c36c9d06f91a310dab45,1337946,,,,,,,,,,,,,,,,,,,,,,,,,,,,,,,,,,,,,,,,,,,,,,,,,,,,,,,,,,,,,TN,TN
autoland,4768071,12,69b95d09da21c937720a8d3aaca237f47b683aa9,linux1804-64-shippable-qr,True,False,,,102210fe594ee9b33d82058545b1ed14f4c8206e,browser-toolbox.connect.DAMP,damp,True,damp browser-toolbox.connect.DAMP opt e10s fission stylo webrender-sw,4767235,77,ms,firefox,,1801046236,2023-11-26 18:39:37,1991.4335245000111,ffaaa99c517223770b014031e25b54d585f95ef2,1337950,,,,,,,,,,,,,,,,,,,,,,,,,,,,,,,,,,,,,,,,,,,,,,,,,,,,,,,,,,,,,TN,TN
autoland,4768071,12,69b95d09da21c937720a8d3aaca237f47b683aa9,linux1804-64-shippable-qr,True,False,,,102210fe594ee9b33d82058545b1ed14f4c8206e,browser-toolbox.connect.DAMP,damp,True,damp browser-toolbox.connect.DAMP opt e10s fission stylo webrender-sw,4767235,77,ms,firefox,,1801196135,2023-11-27 01:49:37,1972.6516980000013,edf9292c0bc9c671afa4de12648c16622e9d418c,1337984,,,,,,,,,,,,,,,,,,,,,,,,,,,,,,,,,,,,,,,,,,,,,,,,,,,,,,,,,,,,,TN,TN
autoland,4768071,12,69b95d09da21c937720a8d3aaca237f47b683aa9,linux1804-64-shippable-qr,True,False,,,102210fe594ee9b33d82058545b1ed14f4c8206e,browser-toolbox.connect.DAMP,damp,True,damp browser-toolbox.connect.DAMP opt e10s fission stylo webrender-sw,4767235,77,ms,firefox,,1801358600,2023-11-27 10:22:36,2041.879380999977,c1a92ff5b44e8a296b847ed428ebeec04f7f8f72,1338085,,,,,,,,,,,,,,,,,,,,,,,,,,,,,,,,,,,,,,,,,,,,,,,,,,,,,,,,,,,,,TN,TN
autoland,4768071,12,69b95d09da21c937720a8d3aaca237f47b683aa9,linux1804-64-shippable-qr,True,False,,,102210fe594ee9b33d82058545b1ed14f4c8206e,browser-toolbox.connect.DAMP,damp,True,damp browser-toolbox.connect.DAMP opt e10s fission stylo webrender-sw,4767235,77,ms,firefox,,1801420340,2023-11-27 14:05:43,1961.630305500017,9ca2bcf6799b1a5f71d2d58db26f6b6c16a90427,1338215,,,,,,,,,,,,,,,,,,,,,,,,,,,,,,,,,,,,,,,,,,,,,,,,,,,,,,,,,,,,,TN,TN
autoland,4768071,12,69b95d09da21c937720a8d3aaca237f47b683aa9,linux1804-64-shippable-qr,True,False,,,102210fe594ee9b33d82058545b1ed14f4c8206e,browser-toolbox.connect.DAMP,damp,True,damp browser-toolbox.connect.DAMP opt e10s fission stylo webrender-sw,4767235,77,ms,firefox,,1801581873,2023-11-27 17:34:20,2026.1067444999933,6aa54d6d7cbf1a46e62c6765c489a940322b6bca,1338399,,,,,,,,,,,,,,,,,,,,,,,,,,,,,,,,,,,,,,,,,,,,,,,,,,,,,,,,,,,,,TN,TN
autoland,4768071,12,69b95d09da21c937720a8d3aaca237f47b683aa9,linux1804-64-shippable-qr,True,False,,,102210fe594ee9b33d82058545b1ed14f4c8206e,browser-toolbox.connect.DAMP,damp,True,damp browser-toolbox.connect.DAMP opt e10s fission stylo webrender-sw,4767235,77,ms,firefox,,1801935825,2023-11-28 05:10:16,1986.3798180000083,fbcb2af38cdaecde2b2da1efc0fc49b82fa9749e,1338781,,,,,,,,,,,,,,,,,,,,,,,,,,,,,,,,,,,,,,,,,,,,,,,,,,,,,,,,,,,,,TN,TN
autoland,4768071,12,69b95d09da21c937720a8d3aaca237f47b683aa9,linux1804-64-shippable-qr,True,False,,,102210fe594ee9b33d82058545b1ed14f4c8206e,browser-toolbox.connect.DAMP,damp,True,damp browser-toolbox.connect.DAMP opt e10s fission stylo webrender-sw,4767235,77,ms,firefox,,1802031644,2023-11-28 08:42:21,1968.7561364999856,785b3d438fe5a8cba4caf5f4a2ed7250d324096c,1338855,,,,,,,,,,,,,,,,,,,,,,,,,,,,,,,,,,,,,,,,,,,,,,,,,,,,,,,,,,,,,TN,TN
autoland,4768071,12,69b95d09da21c937720a8d3aaca237f47b683aa9,linux1804-64-shippable-qr,True,False,,,102210fe594ee9b33d82058545b1ed14f4c8206e,browser-toolbox.connect.DAMP,damp,True,damp browser-toolbox.connect.DAMP opt e10s fission stylo webrender-sw,4767235,77,ms,firefox,,1802144575,2023-11-28 13:17:34,1988.7819209999725,1957c4453ab1dfba8b7820dbf2fe772220e6eedc,1339007,,,,,,,,,,,,,,,,,,,,,,,,,,,,,,,,,,,,,,,,,,,,,,,,,,,,,,,,,,,,,TN,TN
autoland,4768071,12,69b95d09da21c937720a8d3aaca237f47b683aa9,linux1804-64-shippable-qr,True,False,,,102210fe594ee9b33d82058545b1ed14f4c8206e,browser-toolbox.connect.DAMP,damp,True,damp browser-toolbox.connect.DAMP opt e10s fission stylo webrender-sw,4767235,77,ms,firefox,,1802235765,2023-11-28 14:12:32,1968.7132890000064,0745c3e29ba3856c91cbae74bd41d2135137bfd0,1339043,,,,,,,,,,,,,,,,,,,,,,,,,,,,,,,,,,,,,,,,,,,,,,,,,,,,,,,,,,,,,TN,TN
autoland,4768071,12,69b95d09da21c937720a8d3aaca237f47b683aa9,linux1804-64-shippable-qr,True,False,,,102210fe594ee9b33d82058545b1ed14f4c8206e,browser-toolbox.connect.DAMP,damp,True,damp browser-toolbox.connect.DAMP opt e10s fission stylo webrender-sw,4767235,77,ms,firefox,,1802312734,2023-11-28 17:36:07,2012.9041650000145,691b7e1a899214d8685841da762bd2b2415fa569,1339183,,,,,,,,,,,,,,,,,,,,,,,,,,,,,,,,,,,,,,,,,,,,,,,,,,,,,,,,,,,,,TN,TN
autoland,4768071,12,69b95d09da21c937720a8d3aaca237f47b683aa9,linux1804-64-shippable-qr,True,False,,,102210fe594ee9b33d82058545b1ed14f4c8206e,browser-toolbox.connect.DAMP,damp,True,damp browser-toolbox.connect.DAMP opt e10s fission stylo webrender-sw,4767235,77,ms,firefox,,1802476883,2023-11-28 21:29:24,2044.015210499987,000fea3a9ed37b16c009c76e8af859a50c9234dc,1339366,,,,,,,,,,,,,,,,,,,,,,,,,,,,,,,,,,,,,,,,,,,,,,,,,,,,,,,,,,,,,TN,TN
autoland,4768071,12,69b95d09da21c937720a8d3aaca237f47b683aa9,linux1804-64-shippable-qr,True,False,,,102210fe594ee9b33d82058545b1ed14f4c8206e,browser-toolbox.connect.DAMP,damp,True,damp browser-toolbox.connect.DAMP opt e10s fission stylo webrender-sw,4767235,77,ms,firefox,,1802589089,2023-11-29 01:28:26,1988.167478999967,a162f6ee0eef32a68c73ddb77aa04efda3afeb7c,1339520,,,,,,,,,,,,,,,,,,,,,,,,,,,,,,,,,,,,,,,,,,,,,,,,,,,,,,,,,,,,,TN,TN
autoland,4768071,12,69b95d09da21c937720a8d3aaca237f47b683aa9,linux1804-64-shippable-qr,True,False,,,102210fe594ee9b33d82058545b1ed14f4c8206e,browser-toolbox.connect.DAMP,damp,True,damp browser-toolbox.connect.DAMP opt e10s fission stylo webrender-sw,4767235,77,ms,firefox,,1803088896,2023-11-29 04:01:26,1971.0141764999423,16b49e8c315bb512c0bc406670d3b4be653185b4,1339568,,,,,,,,,,,,,,,,,,,,,,,,,,,,,,,,,,,,,,,,,,,,,,,,,,,,,,,,,,,,,TN,TN
autoland,4768071,12,69b95d09da21c937720a8d3aaca237f47b683aa9,linux1804-64-shippable-qr,True,False,,,102210fe594ee9b33d82058545b1ed14f4c8206e,browser-toolbox.connect.DAMP,damp,True,damp browser-toolbox.connect.DAMP opt e10s fission stylo webrender-sw,4767235,77,ms,firefox,,1803088073,2023-11-29 04:02:23,2002.0213095000072,6269b10ee5be24ebda419fe0c90eb6c16f03993b,1339569,,,,,,,,,,,,,,,,,,,,,,,,,,,,,,,,,,,,,,,,,,,,,,,,,,,,,,,,,,,,,TN,TN
autoland,4768071,12,69b95d09da21c937720a8d3aaca237f47b683aa9,linux1804-64-shippable-qr,True,False,,,102210fe594ee9b33d82058545b1ed14f4c8206e,browser-toolbox.connect.DAMP,damp,True,damp browser-toolbox.connect.DAMP opt e10s fission stylo webrender-sw,4767235,77,ms,firefox,,1803079486,2023-11-29 04:19:06,1954.1624330000195,bccc1e12374f4940096bde03edecf5c172155c8e,1339573,,,,,,,,,,,,,,,,,,,,,,,,,,,,,,,,,,,,,,,,,,,,,,,,,,,,,,,,,,,,,TN,TN
autoland,4768071,12,69b95d09da21c937720a8d3aaca237f47b683aa9,linux1804-64-shippable-qr,True,False,,,102210fe594ee9b33d82058545b1ed14f4c8206e,browser-toolbox.connect.DAMP,damp,True,damp browser-toolbox.connect.DAMP opt e10s fission stylo webrender-sw,4767235,77,ms,firefox,,1803080356,2023-11-29 05:01:08,1970.0024269999997,c04135b4f2515623b31c4b2db9eb5e971754f5be,1339591,,,,,,,,,,,,,,,,,,,,,,,,,,,,,,,,,,,,,,,,,,,,,,,,,,,,,,,,,,,,,TN,TN
autoland,4768071,12,69b95d09da21c937720a8d3aaca237f47b683aa9,linux1804-64-shippable-qr,True,False,,,102210fe594ee9b33d82058545b1ed14f4c8206e,browser-toolbox.connect.DAMP,damp,True,damp browser-toolbox.connect.DAMP opt e10s fission stylo webrender-sw,4767235,77,ms,firefox,,1802746912,2023-11-29 06:56:45,2025.994645500032,b675f0a9e569a63bedb249150a2be6b3e15197f9,1339623,,,,,,,,,,,,,,,,,,,,,,,,,,,,,,,,,,,,,,,,,,,,,,,,,,,,,,,,,,,,,TN,TN
autoland,4768071,12,69b95d09da21c937720a8d3aaca237f47b683aa9,linux1804-64-shippable-qr,True,False,,,102210fe594ee9b33d82058545b1ed14f4c8206e,browser-toolbox.connect.DAMP,damp,True,damp browser-toolbox.connect.DAMP opt e10s fission stylo webrender-sw,4767235,77,ms,firefox,,1802986427,2023-11-29 06:56:45,1973.2389264999947,b675f0a9e569a63bedb249150a2be6b3e15197f9,1339623,,,,,,,,,,,,,,,,,,,,,,,,,,,,,,,,,,,,,,,,,,,,,,,,,,,,,,,,,,,,,TN,TN
autoland,4768071,12,69b95d09da21c937720a8d3aaca237f47b683aa9,linux1804-64-shippable-qr,True,False,,,102210fe594ee9b33d82058545b1ed14f4c8206e,browser-toolbox.connect.DAMP,damp,True,damp browser-toolbox.connect.DAMP opt e10s fission stylo webrender-sw,4767235,77,ms,firefox,,1803087782,2023-11-29 07:01:09,1961.566978500021,ef870dcb80149ca7eb5ef69b17e1019a4563d8e8,1339624,,,,,,,,,,,,,,,,,,,,,,,,,,,,,,,,,,,,,,,,,,,,,,,,,,,,,,,,,,,,,TN,TN
autoland,4768071,12,69b95d09da21c937720a8d3aaca237f47b683aa9,linux1804-64-shippable-qr,True,False,,,102210fe594ee9b33d82058545b1ed14f4c8206e,browser-toolbox.connect.DAMP,damp,True,damp browser-toolbox.connect.DAMP opt e10s fission stylo webrender-sw,4767235,77,ms,firefox,,1803087709,2023-11-29 07:53:13,1967.256359499981,3446897cc76b36acae6cf7781188cb73535c2cd5,1339641,,,,,,,,,,,,,,,,,,,,,,,,,,,,,,,,,,,,,,,,,,,,,,,,,,,,,,,,,,,,,TN,TN
autoland,4768071,12,69b95d09da21c937720a8d3aaca237f47b683aa9,linux1804-64-shippable-qr,True,False,,,102210fe594ee9b33d82058545b1ed14f4c8206e,browser-toolbox.connect.DAMP,damp,True,damp browser-toolbox.connect.DAMP opt e10s fission stylo webrender-sw,4767235,77,ms,firefox,,1803078459,2023-11-29 08:43:37,1960.4749385000105,666ea29342c48c8fb50fa09bd5241bcce98ee3db,1339655,,,,,,,,,,,,,,,,,,,,,,,,,,,,,,,,,,,,,,,,,,,,,,,,,,,,,,,,,,,,,TN,TN
autoland,4768071,12,69b95d09da21c937720a8d3aaca237f47b683aa9,linux1804-64-shippable-qr,True,False,,,102210fe594ee9b33d82058545b1ed14f4c8206e,browser-toolbox.connect.DAMP,damp,True,damp browser-toolbox.connect.DAMP opt e10s fission stylo webrender-sw,4767235,77,ms,firefox,,1803086456,2023-11-29 08:50:49,1963.8430564999944,2503d38a81452cec7d0ab94555fd6d0361ddc17c,1339657,,,,,,,,,,,,,,,,,,,,,,,,,,,,,,,,,,,,,,,,,,,,,,,,,,,,,,,,,,,,,TN,TN
autoland,4768071,12,69b95d09da21c937720a8d3aaca237f47b683aa9,linux1804-64-shippable-qr,True,False,,,102210fe594ee9b33d82058545b1ed14f4c8206e,browser-toolbox.connect.DAMP,damp,True,damp browser-toolbox.connect.DAMP opt e10s fission stylo webrender-sw,4767235,77,ms,firefox,,1802816316,2023-11-29 09:02:39,2016.469263500025,66c2fb78dfe25ce9af21d0e1dd82f62dbb5da53f,1339662,,,,,,,,,,,,,,,,,,,,,,,,,,,,,,,,,,,,,,,,,,,,,,,,,,,,,,,,,,,,,TN,TN
autoland,4768071,12,69b95d09da21c937720a8d3aaca237f47b683aa9,linux1804-64-shippable-qr,True,False,,,102210fe594ee9b33d82058545b1ed14f4c8206e,browser-toolbox.connect.DAMP,damp,True,damp browser-toolbox.connect.DAMP opt e10s fission stylo webrender-sw,4767235,77,ms,firefox,,1802986157,2023-11-29 09:02:39,1969.324918000013,66c2fb78dfe25ce9af21d0e1dd82f62dbb5da53f,1339662,,,,,,,,,,,,,,,,,,,,,,,,,,,,,,,,,,,,,,,,,,,,,,,,,,,,,,,,,,,,,TN,TN
autoland,4768071,12,69b95d09da21c937720a8d3aaca237f47b683aa9,linux1804-64-shippable-qr,True,False,,,102210fe594ee9b33d82058545b1ed14f4c8206e,browser-toolbox.connect.DAMP,damp,True,damp browser-toolbox.connect.DAMP opt e10s fission stylo webrender-sw,4767235,77,ms,firefox,,1803081182,2023-11-29 09:05:09,1990.4839465000116,e5d22339af4400147dc36cc9bd677ff75040c05c,1339666,,,,,,,,,,,,,,,,,,,,,,,,,,,,,,,,,,,,,,,,,,,,,,,,,,,,,,,,,,,,,TN,TN
autoland,4768071,12,69b95d09da21c937720a8d3aaca237f47b683aa9,linux1804-64-shippable-qr,True,False,,,102210fe594ee9b33d82058545b1ed14f4c8206e,browser-toolbox.connect.DAMP,damp,True,damp browser-toolbox.connect.DAMP opt e10s fission stylo webrender-sw,4767235,77,ms,firefox,,1803088015,2023-11-29 09:09:33,1964.3125515000136,822c2fb2576982cc59adc379e784674e3588f5c4,1339668,,,,,,,,,,,,,,,,,,,,,,,,,,,,,,,,,,,,,,,,,,,,,,,,,,,,,,,,,,,,,TN,TN
autoland,4768071,12,69b95d09da21c937720a8d3aaca237f47b683aa9,linux1804-64-shippable-qr,True,False,,,102210fe594ee9b33d82058545b1ed14f4c8206e,browser-toolbox.connect.DAMP,damp,True,damp browser-toolbox.connect.DAMP opt e10s fission stylo webrender-sw,4767235,77,ms,firefox,,1803084901,2023-11-29 09:12:03,1982.4076829999904,5b6f71a5f4667a191baeca993668ccf9f37400e8,1339670,,,,,,,,,,,,,,,,,,,,,,,,,,,,,,,,,,,,,,,,,,,,,,,,,,,,,,,,,,,,,TN,TN
autoland,4768071,12,69b95d09da21c937720a8d3aaca237f47b683aa9,linux1804-64-shippable-qr,True,False,,,102210fe594ee9b33d82058545b1ed14f4c8206e,browser-toolbox.connect.DAMP,damp,True,damp browser-toolbox.connect.DAMP opt e10s fission stylo webrender-sw,4767235,77,ms,firefox,,1803086576,2023-11-29 09:31:18,1944.421323000046,267971ce0551e0c25b62d7fea7a87dee6da60e71,1339677,,,,,,,,,,,,,,,,,,,,,,,,,,,,,,,,,,,,,,,,,,,,,,,,,,,,,,,,,,,,,TN,TN
autoland,4768071,12,69b95d09da21c937720a8d3aaca237f47b683aa9,linux1804-64-shippable-qr,True,False,,,102210fe594ee9b33d82058545b1ed14f4c8206e,browser-toolbox.connect.DAMP,damp,True,damp browser-toolbox.connect.DAMP opt e10s fission stylo webrender-sw,4767235,77,ms,firefox,,1803081122,2023-11-29 09:54:53,2023.351565999997,f7027684c14d1538831a03f672c962a9658136c4,1339681,,,,,,,,,,,,,,,,,,,,,,,,,,,,,,,,,,,,,,,,,,,,,,,,,,,,,,,,,,,,,TN,TN
autoland,4768071,12,69b95d09da21c937720a8d3aaca237f47b683aa9,linux1804-64-shippable-qr,True,False,,,102210fe594ee9b33d82058545b1ed14f4c8206e,browser-toolbox.connect.DAMP,damp,True,damp browser-toolbox.connect.DAMP opt e10s fission stylo webrender-sw,4767235,77,ms,firefox,,1802986736,2023-11-29 10:03:19,2035.5167559999973,31cf2cbea5939b2dc1639d5e011baee375fbf5f0,1339687,,,,,,,,,,,,,,,,,,,,,,,,,,,,,,,,,,,,,,,,,,,,,,,,,,,,,,,,,,,,,TN,TN
autoland,4768071,12,69b95d09da21c937720a8d3aaca237f47b683aa9,linux1804-64-shippable-qr,True,False,,,102210fe594ee9b33d82058545b1ed14f4c8206e,browser-toolbox.connect.DAMP,damp,True,damp browser-toolbox.connect.DAMP opt e10s fission stylo webrender-sw,4767235,77,ms,firefox,,1803100648,2023-11-29 10:07:35,1991.6649190000096,8d9b81d05e2869476e1b7589484d03e6e5be4d1f,1339692,,,,,,,,,,,,,,,,,,,,,,,,,,,,,,,,,,,,,,,,,,,,,,,,,,,,,,,,,,,,,TN,TN
autoland,4768071,12,69b95d09da21c937720a8d3aaca237f47b683aa9,linux1804-64-shippable-qr,True,False,,,102210fe594ee9b33d82058545b1ed14f4c8206e,browser-toolbox.connect.DAMP,damp,True,damp browser-toolbox.connect.DAMP opt e10s fission stylo webrender-sw,4767235,77,ms,firefox,,1803029832,2023-11-29 10:13:30,1959.1097724999927,8fcd7cbf3c2c96c6b2b6bbedac3456e2ee76a312,1339698,,,,,,,,,,,,,,,,,,,,,,,,,,,,,,,,,,,,,,,,,,,,,,,,,,,,,,,,,,,,,TN,TN
autoland,4768071,12,69b95d09da21c937720a8d3aaca237f47b683aa9,linux1804-64-shippable-qr,True,False,,,102210fe594ee9b33d82058545b1ed14f4c8206e,browser-toolbox.connect.DAMP,damp,True,damp browser-toolbox.connect.DAMP opt e10s fission stylo webrender-sw,4767235,77,ms,firefox,,1803030715,2023-11-29 10:13:30,1976.0875890000025,8fcd7cbf3c2c96c6b2b6bbedac3456e2ee76a312,1339698,,,,,,,,,,,,,,,,,,,,,,,,,,,,,,,,,,,,,,,,,,,,,,,,,,,,,,,,,,,,,TN,TN
autoland,4768071,12,69b95d09da21c937720a8d3aaca237f47b683aa9,linux1804-64-shippable-qr,True,False,,,102210fe594ee9b33d82058545b1ed14f4c8206e,browser-toolbox.connect.DAMP,damp,True,damp browser-toolbox.connect.DAMP opt e10s fission stylo webrender-sw,4767235,77,ms,firefox,,1802998862,2023-11-29 10:28:29,2033.657961999983,3137eeaa916e79a07a4ec2b262cd8e1bb08a7e66,1339701,,,,,,,,,,,,,,,,,,,,,,,,,,,,,,,,,,,,,,,,,,,,,,,,,,,,,,,,,,,,,TN,TN
autoland,4768071,12,69b95d09da21c937720a8d3aaca237f47b683aa9,linux1804-64-shippable-qr,True,False,,,102210fe594ee9b33d82058545b1ed14f4c8206e,browser-toolbox.connect.DAMP,damp,True,damp browser-toolbox.connect.DAMP opt e10s fission stylo webrender-sw,4767235,77,ms,firefox,,1802999690,2023-11-29 10:28:29,2023.4261250000052,3137eeaa916e79a07a4ec2b262cd8e1bb08a7e66,1339701,,,,,,,,,,,,,,,,,,,,,,,,,,,,,,,,,,,,,,,,,,,,,,,,,,,,,,,,,,,,,TN,TN
autoland,4768071,12,69b95d09da21c937720a8d3aaca237f47b683aa9,linux1804-64-shippable-qr,True,False,,,102210fe594ee9b33d82058545b1ed14f4c8206e,browser-toolbox.connect.DAMP,damp,True,damp browser-toolbox.connect.DAMP opt e10s fission stylo webrender-sw,4767235,77,ms,firefox,,1803271497,2023-11-29 22:52:27,1992.5654849999848,65a0553b296ae1432e5d18c3d2d607cacbb0a35e,1340166,,,,,,,,,,,,,,,,,,,,,,,,,,,,,,,,,,,,,,,,,,,,,,,,,,,,,,,,,,,,,TN,TN
autoland,4768071,12,69b95d09da21c937720a8d3aaca237f47b683aa9,linux1804-64-shippable-qr,True,False,,,102210fe594ee9b33d82058545b1ed14f4c8206e,browser-toolbox.connect.DAMP,damp,True,damp browser-toolbox.connect.DAMP opt e10s fission stylo webrender-sw,4767235,77,ms,firefox,,1803287381,2023-11-29 22:59:56,1951.7583200000224,4bbe309179a5869e893e8f9ed2b110ef00ccec95,1340178,,,,,,,,,,,,,,,,,,,,,,,,,,,,,,,,,,,,,,,,,,,,,,,,,,,,,,,,,,,,,TN,TN
autoland,4768071,12,69b95d09da21c937720a8d3aaca237f47b683aa9,linux1804-64-shippable-qr,True,False,,,102210fe594ee9b33d82058545b1ed14f4c8206e,browser-toolbox.connect.DAMP,damp,True,damp browser-toolbox.connect.DAMP opt e10s fission stylo webrender-sw,4767235,77,ms,firefox,,1803440340,2023-11-30 04:33:01,1934.1900604999971,556c8b22cbbbcc165c42b2c52ebdfd01be3cee6b,1340302,,,,,,,,,,,,,,,,,,,,,,,,,,,,,,,,,,,,,,,,,,,,,,,,,,,,,,,,,,,,,TN,TN
autoland,4768071,12,69b95d09da21c937720a8d3aaca237f47b683aa9,linux1804-64-shippable-qr,True,False,,,102210fe594ee9b33d82058545b1ed14f4c8206e,browser-toolbox.connect.DAMP,damp,True,damp browser-toolbox.connect.DAMP opt e10s fission stylo webrender-sw,4767235,77,ms,firefox,,1803543986,2023-11-30 08:51:25,2018.016254999995,43fc350794aaccc50748bce9b965590d842ef9ac,1340399,,,,,,,,,,,,,,,,,,,,,,,,,,,,,,,,,,,,,,,,,,,,,,,,,,,,,,,,,,,,,TN,TN
autoland,4768071,12,69b95d09da21c937720a8d3aaca237f47b683aa9,linux1804-64-shippable-qr,True,False,,,102210fe594ee9b33d82058545b1ed14f4c8206e,browser-toolbox.connect.DAMP,damp,True,damp browser-toolbox.connect.DAMP opt e10s fission stylo webrender-sw,4767235,77,ms,firefox,,1803596621,2023-11-30 08:52:22,1969.4339505000096,b33dd40c7ea956e89c10d4e8a54f9e869a431b64,1340400,,,,,,,,,,,,,,,,,,,,,,,,,,,,,,,,,,,,,,,,,,,,,,,,,,,,,,,,,,,,,TN,TN
autoland,4768071,12,69b95d09da21c937720a8d3aaca237f47b683aa9,linux1804-64-shippable-qr,True,False,,,102210fe594ee9b33d82058545b1ed14f4c8206e,browser-toolbox.connect.DAMP,damp,True,damp browser-toolbox.connect.DAMP opt e10s fission stylo webrender-sw,4767235,77,ms,firefox,,1803678372,2023-11-30 13:07:37,1962.6204814999876,120432262a8cb73f69c8d683b4ddec3a037cbd91,1340520,,,,,,,,,,,,,,,,,,,,,,,,,,,,,,,,,,,,,,,,,,,,,,,,,,,,,,,,,,,,,TN,TN
autoland,4768071,12,69b95d09da21c937720a8d3aaca237f47b683aa9,linux1804-64-shippable-qr,True,False,,,102210fe594ee9b33d82058545b1ed14f4c8206e,browser-toolbox.connect.DAMP,damp,True,damp browser-toolbox.connect.DAMP opt e10s fission stylo webrender-sw,4767235,77,ms,firefox,,1803690038,2023-11-30 13:51:04,1991.873524499999,1d1fb9d5a4974d94e8c317f226c962fd351eae27,1340541,,,,,,,,,,,,,,,,,,,,,,,,,,,,,,,,,,,,,,,,,,,,,,,,,,,,,,,,,,,,,TN,TN
autoland,4768071,12,69b95d09da21c937720a8d3aaca237f47b683aa9,linux1804-64-shippable-qr,True,False,,,102210fe594ee9b33d82058545b1ed14f4c8206e,browser-toolbox.connect.DAMP,damp,True,damp browser-toolbox.connect.DAMP opt e10s fission stylo webrender-sw,4767235,77,ms,firefox,,1803838894,2023-11-30 17:04:12,1996.968644500041,3ec1ddf45e5a6562bd1d81fe4144541880bf3a24,1340716,,,,,,,,,,,,,,,,,,,,,,,,,,,,,,,,,,,,,,,,,,,,,,,,,,,,,,,,,,,,,TN,TN
autoland,4768071,12,69b95d09da21c937720a8d3aaca237f47b683aa9,linux1804-64-shippable-qr,True,False,,,102210fe594ee9b33d82058545b1ed14f4c8206e,browser-toolbox.connect.DAMP,damp,True,damp browser-toolbox.connect.DAMP opt e10s fission stylo webrender-sw,4767235,77,ms,firefox,,1803932227,2023-11-30 20:20:14,1982.2316969999883,620e49ab6438e8c933133e9b4eb7a11188514a70,1340881,,,,,,,,,,,,,,,,,,,,,,,,,,,,,,,,,,,,,,,,,,,,,,,,,,,,,,,,,,,,,TN,TN
autoland,4768071,12,69b95d09da21c937720a8d3aaca237f47b683aa9,linux1804-64-shippable-qr,True,False,,,102210fe594ee9b33d82058545b1ed14f4c8206e,browser-toolbox.connect.DAMP,damp,True,damp browser-toolbox.connect.DAMP opt e10s fission stylo webrender-sw,4767235,77,ms,firefox,,1804004632,2023-11-30 22:54:04,2019.735159000018,68378d2409bc693ef00f3f157ecaea7067df7edc,1340995,,,,,,,,,,,,,,,,,,,,,,,,,,,,,,,,,,,,,,,,,,,,,,,,,,,,,,,,,,,,,TN,TN
autoland,4768071,12,69b95d09da21c937720a8d3aaca237f47b683aa9,linux1804-64-shippable-qr,True,False,,,102210fe594ee9b33d82058545b1ed14f4c8206e,browser-toolbox.connect.DAMP,damp,True,damp browser-toolbox.connect.DAMP opt e10s fission stylo webrender-sw,4767235,77,ms,firefox,,1804104721,2023-12-01 03:29:20,1979.5416370000169,a1795b069cc23fbcb93366d99b3ddfb8664f054c,1341103,,,,,,,,,,,,,,,,,,,,,,,,,,,,,,,,,,,,,,,,,,,,,,,,,,,,,,,,,,,,,TN,TN
autoland,4768071,12,69b95d09da21c937720a8d3aaca237f47b683aa9,linux1804-64-shippable-qr,True,False,,,102210fe594ee9b33d82058545b1ed14f4c8206e,browser-toolbox.connect.DAMP,damp,True,damp browser-toolbox.connect.DAMP opt e10s fission stylo webrender-sw,4767235,77,ms,firefox,,1804238033,2023-12-01 07:13:54,1961.3862279999885,81869d55a8d7b3d1d573810ab4e99f63cbe11a8a,1341156,,,,,,,,,,,,,,,,,,,,,,,,,,,,,,,,,,,,,,,,,,,,,,,,,,,,,,,,,,,,,TN,TN
autoland,4768071,12,69b95d09da21c937720a8d3aaca237f47b683aa9,linux1804-64-shippable-qr,True,False,,,102210fe594ee9b33d82058545b1ed14f4c8206e,browser-toolbox.connect.DAMP,damp,True,damp browser-toolbox.connect.DAMP opt e10s fission stylo webrender-sw,4767235,77,ms,firefox,,1804351355,2023-12-01 11:47:02,1940.4216904999848,7440634a33a31738fc145eeac0bb47bc73fc64a0,1341285,,,,,,,,,,,,,,,,,,,,,,,,,,,,,,,,,,,,,,,,,,,,,,,,,,,,,,,,,,,,,TN,TN
autoland,4768071,12,69b95d09da21c937720a8d3aaca237f47b683aa9,linux1804-64-shippable-qr,True,False,,,102210fe594ee9b33d82058545b1ed14f4c8206e,browser-toolbox.connect.DAMP,damp,True,damp browser-toolbox.connect.DAMP opt e10s fission stylo webrender-sw,4767235,77,ms,firefox,,1804428400,2023-12-01 14:17:01,2038.455063500005,22b9561cfef1c56a9940f5117d7ff6a754861629,1341402,,,,,,,,,,,,,,,,,,,,,,,,,,,,,,,,,,,,,,,,,,,,,,,,,,,,,,,,,,,,,TN,TN
autoland,4768071,12,69b95d09da21c937720a8d3aaca237f47b683aa9,linux1804-64-shippable-qr,True,False,,,102210fe594ee9b33d82058545b1ed14f4c8206e,browser-toolbox.connect.DAMP,damp,True,damp browser-toolbox.connect.DAMP opt e10s fission stylo webrender-sw,4767235,77,ms,firefox,,1804532750,2023-12-01 17:28:20,2014.909629999951,efe09552a4d3540f0639e50d023f74997921fa37,1341534,,,,,,,,,,,,,,,,,,,,,,,,,,,,,,,,,,,,,,,,,,,,,,,,,,,,,,,,,,,,,TN,TN
autoland,4768071,12,69b95d09da21c937720a8d3aaca237f47b683aa9,linux1804-64-shippable-qr,True,False,,,102210fe594ee9b33d82058545b1ed14f4c8206e,browser-toolbox.connect.DAMP,damp,True,damp browser-toolbox.connect.DAMP opt e10s fission stylo webrender-sw,4767235,77,ms,firefox,,1804633724,2023-12-01 20:34:55,1968.9297270000095,a5a9381a759e44485d639727614ceb2b77851c90,1341661,,,,,,,,,,,,,,,,,,,,,,,,,,,,,,,,,,,,,,,,,,,,,,,,,,,,,,,,,,,,,TN,TN
autoland,4768071,12,69b95d09da21c937720a8d3aaca237f47b683aa9,linux1804-64-shippable-qr,True,False,,,102210fe594ee9b33d82058545b1ed14f4c8206e,browser-toolbox.connect.DAMP,damp,True,damp browser-toolbox.connect.DAMP opt e10s fission stylo webrender-sw,4767235,77,ms,firefox,,1804732910,2023-12-02 01:52:53,1991.0694209999929,bf4c1083cec10076ccbf07f2cfc3e18b04d0bf72,1341816,,,,,,,,,,,,,,,,,,,,,,,,,,,,,,,,,,,,,,,,,,,,,,,,,,,,,,,,,,,,,TN,TN
autoland,4768071,12,69b95d09da21c937720a8d3aaca237f47b683aa9,linux1804-64-shippable-qr,True,False,,,102210fe594ee9b33d82058545b1ed14f4c8206e,browser-toolbox.connect.DAMP,damp,True,damp browser-toolbox.connect.DAMP opt e10s fission stylo webrender-sw,4767235,77,ms,firefox,,1804860588,2023-12-02 08:10:23,1956.0199004999888,965cddb8421900af69da86a586e617bf7dec3b56,1341832,,,,,,,,,,,,,,,,,,,,,,,,,,,,,,,,,,,,,,,,,,,,,,,,,,,,,,,,,,,,,TN,TN
autoland,4768071,12,69b95d09da21c937720a8d3aaca237f47b683aa9,linux1804-64-shippable-qr,True,False,,,102210fe594ee9b33d82058545b1ed14f4c8206e,browser-toolbox.connect.DAMP,damp,True,damp browser-toolbox.connect.DAMP opt e10s fission stylo webrender-sw,4767235,77,ms,firefox,,1804953971,2023-12-02 14:39:28,1950.078299500019,2d582fee4916ee442de05970cc77f7be702c22a2,1341863,,,,,,,,,,,,,,,,,,,,,,,,,,,,,,,,,,,,,,,,,,,,,,,,,,,,,,,,,,,,,TN,TN
autoland,4768071,12,69b95d09da21c937720a8d3aaca237f47b683aa9,linux1804-64-shippable-qr,True,False,,,102210fe594ee9b33d82058545b1ed14f4c8206e,browser-toolbox.connect.DAMP,damp,True,damp browser-toolbox.connect.DAMP opt e10s fission stylo webrender-sw,4767235,77,ms,firefox,,1805022799,2023-12-02 18:55:31,2007.5024224999945,d5a2cb7b9272b5c9cdfe4a0397c570ce5f9260bf,1341891,,,,,,,,,,,,,,,,,,,,,,,,,,,,,,,,,,,,,,,,,,,,,,,,,,,,,,,,,,,,,TN,TN
autoland,4768071,12,69b95d09da21c937720a8d3aaca237f47b683aa9,linux1804-64-shippable-qr,True,False,,,102210fe594ee9b33d82058545b1ed14f4c8206e,browser-toolbox.connect.DAMP,damp,True,damp browser-toolbox.connect.DAMP opt e10s fission stylo webrender-sw,4767235,77,ms,firefox,,1805082286,2023-12-03 00:49:27,1958.760752000002,fe75ab906c798b6697934b3789355dceb5748966,1341930,,,,,,,,,,,,,,,,,,,,,,,,,,,,,,,,,,,,,,,,,,,,,,,,,,,,,,,,,,,,,TN,TN
autoland,4768071,12,69b95d09da21c937720a8d3aaca237f47b683aa9,linux1804-64-shippable-qr,True,False,,,102210fe594ee9b33d82058545b1ed14f4c8206e,browser-toolbox.connect.DAMP,damp,True,damp browser-toolbox.connect.DAMP opt e10s fission stylo webrender-sw,4767235,77,ms,firefox,,1805116177,2023-12-03 05:05:07,2048.6411014999903,8e959a7ded5f111e711c06a6728f76d3bd660699,1341942,,,,,,,,,,,,,,,,,,,,,,,,,,,,,,,,,,,,,,,,,,,,,,,,,,,,,,,,,,,,,TN,TN
autoland,4768071,12,69b95d09da21c937720a8d3aaca237f47b683aa9,linux1804-64-shippable-qr,True,False,,,102210fe594ee9b33d82058545b1ed14f4c8206e,browser-toolbox.connect.DAMP,damp,True,damp browser-toolbox.connect.DAMP opt e10s fission stylo webrender-sw,4767235,77,ms,firefox,,1805218543,2023-12-03 10:45:57,1998.8815979999852,5d84c395021682cc2af1bf5da98c205cfbc32f76,1341997,,,,,,,,,,,,,,,,,,,,,,,,,,,,,,,,,,,,,,,,,,,,,,,,,,,,,,,,,,,,,TN,TN
autoland,4768071,12,69b95d09da21c937720a8d3aaca237f47b683aa9,linux1804-64-shippable-qr,True,False,,,102210fe594ee9b33d82058545b1ed14f4c8206e,browser-toolbox.connect.DAMP,damp,True,damp browser-toolbox.connect.DAMP opt e10s fission stylo webrender-sw,4767235,77,ms,firefox,,1805244185,2023-12-03 12:21:22,1981.5068114999597,3445cc3f842050a3cdfc4da74ce254df933f7e7b,1342011,,,,,,,,,,,,,,,,,,,,,,,,,,,,,,,,,,,,,,,,,,,,,,,,,,,,,,,,,,,,,TN,TN
autoland,4768071,12,69b95d09da21c937720a8d3aaca237f47b683aa9,linux1804-64-shippable-qr,True,False,,,102210fe594ee9b33d82058545b1ed14f4c8206e,browser-toolbox.connect.DAMP,damp,True,damp browser-toolbox.connect.DAMP opt e10s fission stylo webrender-sw,4767235,77,ms,firefox,,1805306297,2023-12-03 18:05:44,1947.7806240000136,8038f0b90bbd46dcb74eaaddf1fd1c6871dc4426,1342033,,,,,,,,,,,,,,,,,,,,,,,,,,,,,,,,,,,,,,,,,,,,,,,,,,,,,,,,,,,,,TN,TN
autoland,4768071,12,69b95d09da21c937720a8d3aaca237f47b683aa9,linux1804-64-shippable-qr,True,False,,,102210fe594ee9b33d82058545b1ed14f4c8206e,browser-toolbox.connect.DAMP,damp,True,damp browser-toolbox.connect.DAMP opt e10s fission stylo webrender-sw,4767235,77,ms,firefox,,1805419402,2023-12-04 01:54:51,2027.9315975000063,369922cc5c4efad6c87b13600325eb5a989cde81,1342108,,,,,,,,,,,,,,,,,,,,,,,,,,,,,,,,,,,,,,,,,,,,,,,,,,,,,,,,,,,,,TN,TN
autoland,4768071,12,69b95d09da21c937720a8d3aaca237f47b683aa9,linux1804-64-shippable-qr,True,False,,,102210fe594ee9b33d82058545b1ed14f4c8206e,browser-toolbox.connect.DAMP,damp,True,damp browser-toolbox.connect.DAMP opt e10s fission stylo webrender-sw,4767235,77,ms,firefox,,1805680737,2023-12-04 11:05:28,1996.692095499995,223106736a61f5cc112b0cc9d38ab1f63e034f89,1342238,,,,,,,,,,,,,,,,,,,,,,,,,,,,,,,,,,,,,,,,,,,,,,,,,,,,,,,,,,,,,TN,TN
autoland,4768071,12,69b95d09da21c937720a8d3aaca237f47b683aa9,linux1804-64-shippable-qr,True,False,,,102210fe594ee9b33d82058545b1ed14f4c8206e,browser-toolbox.connect.DAMP,damp,True,damp browser-toolbox.connect.DAMP opt e10s fission stylo webrender-sw,4767235,77,ms,firefox,,1805661011,2023-12-04 11:06:23,1947.3004270000383,20b709d0fa5633c408dd900f830b09af96c0465d,1342240,,,,,,,,,,,,,,,,,,,,,,,,,,,,,,,,,,,,,,,,,,,,,,,,,,,,,,,,,,,,,TN,TN
autoland,4768071,12,69b95d09da21c937720a8d3aaca237f47b683aa9,linux1804-64-shippable-qr,True,False,,,102210fe594ee9b33d82058545b1ed14f4c8206e,browser-toolbox.connect.DAMP,damp,True,damp browser-toolbox.connect.DAMP opt e10s fission stylo webrender-sw,4767235,77,ms,firefox,,1805772050,2023-12-04 14:54:31,2020.570927499968,38094e01a744c421fe469d9a01cbfe12a1ee949b,1342377,,,,,,,,,,,,,,,,,,,,,,,,,,,,,,,,,,,,,,,,,,,,,,,,,,,,,,,,,,,,,TN,TN
autoland,4768071,12,69b95d09da21c937720a8d3aaca237f47b683aa9,linux1804-64-shippable-qr,True,False,,,102210fe594ee9b33d82058545b1ed14f4c8206e,browser-toolbox.connect.DAMP,damp,True,damp browser-toolbox.connect.DAMP opt e10s fission stylo webrender-sw,4767235,77,ms,firefox,,1806060042,2023-12-04 22:13:56,1980.0423200000369,3d0a5f6fd8b4a0537cb85ae502a4be6cafec1c23,1342750,,,,,,,,,,,,,,,,,,,,,,,,,,,,,,,,,,,,,,,,,,,,,,,,,,,,,,,,,,,,,TN,TN
autoland,4768071,12,69b95d09da21c937720a8d3aaca237f47b683aa9,linux1804-64-shippable-qr,True,False,,,102210fe594ee9b33d82058545b1ed14f4c8206e,browser-toolbox.connect.DAMP,damp,True,damp browser-toolbox.connect.DAMP opt e10s fission stylo webrender-sw,4767235,77,ms,firefox,,1806155893,2023-12-05 02:36:15,2007.088675499996,39486bb8305a2e3128c6ecd97d33378744922507,1342897,,,,,,,,,,,,,,,,,,,,,,,,,,,,,,,,,,,,,,,,,,,,,,,,,,,,,,,,,,,,,TN,TN
autoland,4768071,12,69b95d09da21c937720a8d3aaca237f47b683aa9,linux1804-64-shippable-qr,True,False,,,102210fe594ee9b33d82058545b1ed14f4c8206e,browser-toolbox.connect.DAMP,damp,True,damp browser-toolbox.connect.DAMP opt e10s fission stylo webrender-sw,4767235,77,ms,firefox,,1806202110,2023-12-05 03:50:36,2028.2870205000072,775ade8b04da775ad41d5d135baae415863a874c,1342908,,,,,,,,,,,,,,,,,,,,,,,,,,,,,,,,,,,,,,,,,,,,,,,,,,,,,,,,,,,,,TN,TN
autoland,4768071,12,69b95d09da21c937720a8d3aaca237f47b683aa9,linux1804-64-shippable-qr,True,False,,,102210fe594ee9b33d82058545b1ed14f4c8206e,browser-toolbox.connect.DAMP,damp,True,damp browser-toolbox.connect.DAMP opt e10s fission stylo webrender-sw,4767235,77,ms,firefox,,1806361984,2023-12-05 08:48:01,1995.3507279999608,429e8cc8473b4c76828d06e2f07abbeb9dbebd81,1342965,,,,,,,,,,,,,,,,,,,,,,,,,,,,,,,,,,,,,,,,,,,,,,,,,,,,,,,,,,,,,TN,TN
autoland,4768071,12,69b95d09da21c937720a8d3aaca237f47b683aa9,linux1804-64-shippable-qr,True,False,,,102210fe594ee9b33d82058545b1ed14f4c8206e,browser-toolbox.connect.DAMP,damp,True,damp browser-toolbox.connect.DAMP opt e10s fission stylo webrender-sw,4767235,77,ms,firefox,,1806379545,2023-12-05 11:07:31,1979.4107849999853,10602eb918edd2ccf85a22fb60b3dc62c845c42a,1343031,,,,,,,,,,,,,,,,,,,,,,,,,,,,,,,,,,,,,,,,,,,,,,,,,,,,,,,,,,,,,TN,TN
autoland,4768071,12,69b95d09da21c937720a8d3aaca237f47b683aa9,linux1804-64-shippable-qr,True,False,,,102210fe594ee9b33d82058545b1ed14f4c8206e,browser-toolbox.connect.DAMP,damp,True,damp browser-toolbox.connect.DAMP opt e10s fission stylo webrender-sw,4767235,77,ms,firefox,,1806493726,2023-12-05 15:11:37,1954.029129999988,e603b8b016d76de025bea02bfdc1e0590166c2c0,1343145,,,,,,,,,,,,,,,,,,,,,,,,,,,,,,,,,,,,,,,,,,,,,,,,,,,,,,,,,,,,,TN,TN
autoland,4768071,12,69b95d09da21c937720a8d3aaca237f47b683aa9,linux1804-64-shippable-qr,True,False,,,102210fe594ee9b33d82058545b1ed14f4c8206e,browser-toolbox.connect.DAMP,damp,True,damp browser-toolbox.connect.DAMP opt e10s fission stylo webrender-sw,4767235,77,ms,firefox,,1806532187,2023-12-05 16:28:46,2027.7020170000037,91bda8b5915b84ed6533a6620f955f271dc5aac3,1343203,,,,,,,,,,,,,,,,,,,,,,,,,,,,,,,,,,,,,,,,,,,,,,,,,,,,,,,,,,,,,TN,TN
autoland,4768071,12,69b95d09da21c937720a8d3aaca237f47b683aa9,linux1804-64-shippable-qr,True,False,,,102210fe594ee9b33d82058545b1ed14f4c8206e,browser-toolbox.connect.DAMP,damp,True,damp browser-toolbox.connect.DAMP opt e10s fission stylo webrender-sw,4767235,77,ms,firefox,,1806726381,2023-12-05 20:37:35,2010.2177710000103,f778448a1da5f0622c4361d37810461a035f4627,1343409,,,,,,,,,,,,,,,,,,,,,,,,,,,,,,,,,,,,,,,,,,,,,,,,,,,,,,,,,,,,,TN,TN
autoland,4768071,12,69b95d09da21c937720a8d3aaca237f47b683aa9,linux1804-64-shippable-qr,True,False,,,102210fe594ee9b33d82058545b1ed14f4c8206e,browser-toolbox.connect.DAMP,damp,True,damp browser-toolbox.connect.DAMP opt e10s fission stylo webrender-sw,4767235,77,ms,firefox,,1806782122,2023-12-05 21:38:52,2025.8233190000171,177375e24d1352ab203de0ac3aa53003c5d0ffd2,1343440,,,,,,,,,,,,,,,,,,,,,,,,,,,,,,,,,,,,,,,,,,,,,,,,,,,,,,,,,,,,,TN,TN
autoland,4768071,12,69b95d09da21c937720a8d3aaca237f47b683aa9,linux1804-64-shippable-qr,True,False,,,102210fe594ee9b33d82058545b1ed14f4c8206e,browser-toolbox.connect.DAMP,damp,True,damp browser-toolbox.connect.DAMP opt e10s fission stylo webrender-sw,4767235,77,ms,firefox,,1806906041,2023-12-06 02:13:38,1959.6775149999885,30004166d9f2cc3399da68e8762c35b1b886c0dc,1343563,,,,,,,,,,,,,,,,,,,,,,,,,,,,,,,,,,,,,,,,,,,,,,,,,,,,,,,,,,,,,TN,TN
autoland,4768071,12,69b95d09da21c937720a8d3aaca237f47b683aa9,linux1804-64-shippable-qr,True,False,,,102210fe594ee9b33d82058545b1ed14f4c8206e,browser-toolbox.connect.DAMP,damp,True,damp browser-toolbox.connect.DAMP opt e10s fission stylo webrender-sw,4767235,77,ms,firefox,,1807037073,2023-12-06 09:09:58,1966.9813124999928,63afa0f8febdc8b199d998d50bb76fc8f7945c3e,1343650,,,,,,,,,,,,,,,,,,,,,,,,,,,,,,,,,,,,,,,,,,,,,,,,,,,,,,,,,,,,,TN,TN
autoland,4768071,12,69b95d09da21c937720a8d3aaca237f47b683aa9,linux1804-64-shippable-qr,True,False,,,102210fe594ee9b33d82058545b1ed14f4c8206e,browser-toolbox.connect.DAMP,damp,True,damp browser-toolbox.connect.DAMP opt e10s fission stylo webrender-sw,4767235,77,ms,firefox,,1807138780,2023-12-06 13:42:54,1959.396590999997,52f516546de7ac66228e074000877d32ebf093af,1343745,,,,,,,,,,,,,,,,,,,,,,,,,,,,,,,,,,,,,,,,,,,,,,,,,,,,,,,,,,,,,TN,TN
autoland,4768071,12,69b95d09da21c937720a8d3aaca237f47b683aa9,linux1804-64-shippable-qr,True,False,,,102210fe594ee9b33d82058545b1ed14f4c8206e,browser-toolbox.connect.DAMP,damp,True,damp browser-toolbox.connect.DAMP opt e10s fission stylo webrender-sw,4767235,77,ms,firefox,,1807146947,2023-12-06 14:11:26,1961.138985500031,a035ddfc75fc597cd1df3c347d2cbbc50568f884,1343771,,,,,,,,,,,,,,,,,,,,,,,,,,,,,,,,,,,,,,,,,,,,,,,,,,,,,,,,,,,,,TN,TN
autoland,4768071,12,69b95d09da21c937720a8d3aaca237f47b683aa9,linux1804-64-shippable-qr,True,False,,,102210fe594ee9b33d82058545b1ed14f4c8206e,browser-toolbox.connect.DAMP,damp,True,damp browser-toolbox.connect.DAMP opt e10s fission stylo webrender-sw,4767235,77,ms,firefox,,1807324758,2023-12-06 18:17:17,1972.2482964999508,ab110e2fcc6ab3c8e078fe970b109f482069386e,1343990,,,,,,,,,,,,,,,,,,,,,,,,,,,,,,,,,,,,,,,,,,,,,,,,,,,,,,,,,,,,,TN,TN
autoland,4768071,12,69b95d09da21c937720a8d3aaca237f47b683aa9,linux1804-64-shippable-qr,True,False,,,102210fe594ee9b33d82058545b1ed14f4c8206e,browser-toolbox.connect.DAMP,damp,True,damp browser-toolbox.connect.DAMP opt e10s fission stylo webrender-sw,4767235,77,ms,firefox,,1807450715,2023-12-06 22:50:02,1968.4281174999924,f3fc0213f527ba806a10092bbadec34e00dbe4f6,1344189,,,,,,,,,,,,,,,,,,,,,,,,,,,,,,,,,,,,,,,,,,,,,,,,,,,,,,,,,,,,,TN,TN
autoland,4768071,12,69b95d09da21c937720a8d3aaca237f47b683aa9,linux1804-64-shippable-qr,True,False,,,102210fe594ee9b33d82058545b1ed14f4c8206e,browser-toolbox.connect.DAMP,damp,True,damp browser-toolbox.connect.DAMP opt e10s fission stylo webrender-sw,4767235,77,ms,firefox,,1807538264,2023-12-07 04:18:34,1996.895825999993,93a04e8835aaaf359b24f47f54d622f7d36fd813,1344290,,,,,,,,,,,,,,,,,,,,,,,,,,,,,,,,,,,,,,,,,,,,,,,,,,,,,,,,,,,,,TN,TN
autoland,4768071,12,69b95d09da21c937720a8d3aaca237f47b683aa9,linux1804-64-shippable-qr,True,False,,,102210fe594ee9b33d82058545b1ed14f4c8206e,browser-toolbox.connect.DAMP,damp,True,damp browser-toolbox.connect.DAMP opt e10s fission stylo webrender-sw,4767235,77,ms,firefox,,1807628727,2023-12-07 09:07:30,1966.1290289999888,f5d904bee3fe6c9e79061b56c8499b6154f7d3ff,1344349,,,,,,,,,,,,,,,,,,,,,,,,,,,,,,,,,,,,,,,,,,,,,,,,,,,,,,,,,,,,,TN,TN
autoland,4768071,12,69b95d09da21c937720a8d3aaca237f47b683aa9,linux1804-64-shippable-qr,True,False,,,102210fe594ee9b33d82058545b1ed14f4c8206e,browser-toolbox.connect.DAMP,damp,True,damp browser-toolbox.connect.DAMP opt e10s fission stylo webrender-sw,4767235,77,ms,firefox,,1807738740,2023-12-07 12:51:56,1961.882688500016,bea12a00706c3b2951d467008996bf7e89d17e5b,1344456,,,,,,,,,,,,,,,,,,,,,,,,,,,,,,,,,,,,,,,,,,,,,,,,,,,,,,,,,,,,,TN,TN
autoland,4768071,12,69b95d09da21c937720a8d3aaca237f47b683aa9,linux1804-64-shippable-qr,True,False,,,102210fe594ee9b33d82058545b1ed14f4c8206e,browser-toolbox.connect.DAMP,damp,True,damp browser-toolbox.connect.DAMP opt e10s fission stylo webrender-sw,4767235,77,ms,firefox,,1808080845,2023-12-07 21:41:48,1954.217858500022,797281d7e3b5fdd5f6a033248fec7bd885227546,1344786,,,,,,,,,,,,,,,,,,,,,,,,,,,,,,,,,,,,,,,,,,,,,,,,,,,,,,,,,,,,,TN,TN
autoland,4768071,12,69b95d09da21c937720a8d3aaca237f47b683aa9,linux1804-64-shippable-qr,True,False,,,102210fe594ee9b33d82058545b1ed14f4c8206e,browser-toolbox.connect.DAMP,damp,True,damp browser-toolbox.connect.DAMP opt e10s fission stylo webrender-sw,4767235,77,ms,firefox,,1808138186,2023-12-07 22:56:27,1950.6920840000091,c34126c5e2a85c81e511c7c4017e7f2694ddce13,1344823,,,,,,,,,,,,,,,,,,,,,,,,,,,,,,,,,,,,,,,,,,,,,,,,,,,,,,,,,,,,,TN,TN
autoland,4768071,12,69b95d09da21c937720a8d3aaca237f47b683aa9,linux1804-64-shippable-qr,True,False,,,102210fe594ee9b33d82058545b1ed14f4c8206e,browser-toolbox.connect.DAMP,damp,True,damp browser-toolbox.connect.DAMP opt e10s fission stylo webrender-sw,4767235,77,ms,firefox,,1808418800,2023-12-08 04:49:01,1970.386018500023,3152110c63b5c99048b0651867ecf7723aa5ddf8,1344948,,,,,,,,,,,,,,,,,,,,,,,,,,,,,,,,,,,,,,,,,,,,,,,,,,,,,,,,,,,,,TN,TN
autoland,4768071,12,69b95d09da21c937720a8d3aaca237f47b683aa9,linux1804-64-shippable-qr,True,False,,,102210fe594ee9b33d82058545b1ed14f4c8206e,browser-toolbox.connect.DAMP,damp,True,damp browser-toolbox.connect.DAMP opt e10s fission stylo webrender-sw,4767235,77,ms,firefox,,1808614660,2023-12-08 09:01:47,2010.9642124999957,ff785fa504232b935c33c7d8c38a1cdc2f8d2d35,1345044,,,,,,,,,,,,,,,,,,,,,,,,,,,,,,,,,,,,,,,,,,,,,,,,,,,,,,,,,,,,,TN,TN
autoland,4768071,12,69b95d09da21c937720a8d3aaca237f47b683aa9,linux1804-64-shippable-qr,True,False,,,102210fe594ee9b33d82058545b1ed14f4c8206e,browser-toolbox.connect.DAMP,damp,True,damp browser-toolbox.connect.DAMP opt e10s fission stylo webrender-sw,4767235,77,ms,firefox,,1808713779,2023-12-08 14:53:30,1964.504776000016,84f194823b719420c22157f7e540e660397a17f2,1345173,,,,,,,,,,,,,,,,,,,,,,,,,,,,,,,,,,,,,,,,,,,,,,,,,,,,,,,,,,,,,TN,TN
autoland,4768071,12,69b95d09da21c937720a8d3aaca237f47b683aa9,linux1804-64-shippable-qr,True,False,,,102210fe594ee9b33d82058545b1ed14f4c8206e,browser-toolbox.connect.DAMP,damp,True,damp browser-toolbox.connect.DAMP opt e10s fission stylo webrender-sw,4767235,77,ms,firefox,,1808854778,2023-12-08 20:09:00,2040.7421255000156,6f5601bcf5ef9fa22b46e44e1d5e34893a04fc9e,1345337,,,,,,,,,,,,,,,,,,,,,,,,,,,,,,,,,,,,,,,,,,,,,,,,,,,,,,,,,,,,,TN,TN
autoland,4768071,12,69b95d09da21c937720a8d3aaca237f47b683aa9,linux1804-64-shippable-qr,True,False,,,102210fe594ee9b33d82058545b1ed14f4c8206e,browser-toolbox.connect.DAMP,damp,True,damp browser-toolbox.connect.DAMP opt e10s fission stylo webrender-sw,4767235,77,ms,firefox,,1809028495,2023-12-09 00:35:37,1981.9804340000192,5e7ca7b9c60d764540bfc20b243ffaa67dfbfaa9,1345495,,,,,,,,,,,,,,,,,,,,,,,,,,,,,,,,,,,,,,,,,,,,,,,,,,,,,,,,,,,,,TN,TN
autoland,4768071,12,69b95d09da21c937720a8d3aaca237f47b683aa9,linux1804-64-shippable-qr,True,False,,,102210fe594ee9b33d82058545b1ed14f4c8206e,browser-toolbox.connect.DAMP,damp,True,damp browser-toolbox.connect.DAMP opt e10s fission stylo webrender-sw,4767235,77,ms,firefox,,1809040972,2023-12-09 00:36:34,2034.6678910000048,9536c8afccb6fe6adb81c34e04ad22608a1cc454,1345496,,,,,,,,,,,,,,,,,,,,,,,,,,,,,,,,,,,,,,,,,,,,,,,,,,,,,,,,,,,,,TN,TN
autoland,4768071,12,69b95d09da21c937720a8d3aaca237f47b683aa9,linux1804-64-shippable-qr,True,False,,,102210fe594ee9b33d82058545b1ed14f4c8206e,browser-toolbox.connect.DAMP,damp,True,damp browser-toolbox.connect.DAMP opt e10s fission stylo webrender-sw,4767235,77,ms,firefox,,1809230745,2023-12-09 11:58:04,1997.19123449998,ce53d4215ca91122e12f63ca196acefc22a8d98c,1345582,,,,,,,,,,,,,,,,,,,,,,,,,,,,,,,,,,,,,,,,,,,,,,,,,,,,,,,,,,,,,TN,TN
autoland,4768071,12,69b95d09da21c937720a8d3aaca237f47b683aa9,linux1804-64-shippable-qr,True,False,,,102210fe594ee9b33d82058545b1ed14f4c8206e,browser-toolbox.connect.DAMP,damp,True,damp browser-toolbox.connect.DAMP opt e10s fission stylo webrender-sw,4767235,77,ms,firefox,,1809276702,2023-12-09 16:44:21,2023.4722900000047,199c3dc51f2dd8c55a3346ac587238e6376b7236,1345611,,,,,,,,,,,,,,,,,,,,,,,,,,,,,,,,,,,,,,,,,,,,,,,,,,,,,,,,,,,,,TN,TN
autoland,4768071,12,69b95d09da21c937720a8d3aaca237f47b683aa9,linux1804-64-shippable-qr,True,False,,,102210fe594ee9b33d82058545b1ed14f4c8206e,browser-toolbox.connect.DAMP,damp,True,damp browser-toolbox.connect.DAMP opt e10s fission stylo webrender-sw,4767235,77,ms,firefox,,1809293865,2023-12-09 17:32:11,2006.3351409999889,037b4a8e4edce03936a64d9d073da41b8b1bd9fb,1345614,,,,,,,,,,,,,,,,,,,,,,,,,,,,,,,,,,,,,,,,,,,,,,,,,,,,,,,,,,,,,TN,TN
autoland,4768071,12,69b95d09da21c937720a8d3aaca237f47b683aa9,linux1804-64-shippable-qr,True,False,,,102210fe594ee9b33d82058545b1ed14f4c8206e,browser-toolbox.connect.DAMP,damp,True,damp browser-toolbox.connect.DAMP opt e10s fission stylo webrender-sw,4767235,77,ms,firefox,,1809375351,2023-12-10 03:19:38,1980.1320550000016,815bf21f166b5019bdab6ec104bc2f4475a7b553,1345657,,,,,,,,,,,,,,,,,,,,,,,,,,,,,,,,,,,,,,,,,,,,,,,,,,,,,,,,,,,,,TN,TN
autoland,4768071,12,69b95d09da21c937720a8d3aaca237f47b683aa9,linux1804-64-shippable-qr,True,False,,,102210fe594ee9b33d82058545b1ed14f4c8206e,browser-toolbox.connect.DAMP,damp,True,damp browser-toolbox.connect.DAMP opt e10s fission stylo webrender-sw,4767235,77,ms,firefox,,1809501174,2023-12-11 00:42:11,1961.5305064999848,d4ee61633ce965862e2ee27be32e8a58344a7b03,1345765,,,,,,,,,,,,,,,,,,,,,,,,,,,,,,,,,,,,,,,,,,,,,,,,,,,,,,,,,,,,,TN,TN
autoland,4768071,12,69b95d09da21c937720a8d3aaca237f47b683aa9,linux1804-64-shippable-qr,True,False,,,102210fe594ee9b33d82058545b1ed14f4c8206e,browser-toolbox.connect.DAMP,damp,True,damp browser-toolbox.connect.DAMP opt e10s fission stylo webrender-sw,4767235,77,ms,firefox,,1809549524,2023-12-11 06:57:03,1990.9843729999848,e84648aa607a32b9e4bbd2378f5a7caf9e31264a,1345835,,,,,,,,,,,,,,,,,,,,,,,,,,,,,,,,,,,,,,,,,,,,,,,,,,,,,,,,,,,,,TN,TN
autoland,4768071,12,69b95d09da21c937720a8d3aaca237f47b683aa9,linux1804-64-shippable-qr,True,False,,,102210fe594ee9b33d82058545b1ed14f4c8206e,browser-toolbox.connect.DAMP,damp,True,damp browser-toolbox.connect.DAMP opt e10s fission stylo webrender-sw,4767235,77,ms,firefox,,1809592022,2023-12-11 09:13:41,1955.5825730000288,25a3d6c779f3ef9a9220e2d972c18f2e5a039cb2,1345868,,,,,,,,,,,,,,,,,,,,,,,,,,,,,,,,,,,,,,,,,,,,,,,,,,,,,,,,,,,,,TN,TN
autoland,4768071,12,69b95d09da21c937720a8d3aaca237f47b683aa9,linux1804-64-shippable-qr,True,False,,,102210fe594ee9b33d82058545b1ed14f4c8206e,browser-toolbox.connect.DAMP,damp,True,damp browser-toolbox.connect.DAMP opt e10s fission stylo webrender-sw,4767235,77,ms,firefox,,1809765032,2023-12-11 13:39:55,2006.751093999992,46d1ac4f2e9c8c9c173c430225737701542931bb,1346049,,,,,,,,,,,,,,,,,,,,,,,,,,,,,,,,,,,,,,,,,,,,,,,,,,,,,,,,,,,,,TN,TN
autoland,4768071,12,69b95d09da21c937720a8d3aaca237f47b683aa9,linux1804-64-shippable-qr,True,False,,,102210fe594ee9b33d82058545b1ed14f4c8206e,browser-toolbox.connect.DAMP,damp,True,damp browser-toolbox.connect.DAMP opt e10s fission stylo webrender-sw,4767235,77,ms,firefox,,1809815436,2023-12-11 15:49:45,1956.8201084999675,fbda7db8e39b50ebf5ed7092f81706bd1d8c91ab,1346158,,,,,,,,,,,,,,,,,,,,,,,,,,,,,,,,,,,,,,,,,,,,,,,,,,,,,,,,,,,,,TN,TN
autoland,4768071,12,69b95d09da21c937720a8d3aaca237f47b683aa9,linux1804-64-shippable-qr,True,False,,,102210fe594ee9b33d82058545b1ed14f4c8206e,browser-toolbox.connect.DAMP,damp,True,damp browser-toolbox.connect.DAMP opt e10s fission stylo webrender-sw,4767235,77,ms,firefox,,1809893727,2023-12-11 18:22:43,2007.436190000008,8043d7693dbaf145c601652e0b8947d55f399fd8,1346298,,,,,,,,,,,,,,,,,,,,,,,,,,,,,,,,,,,,,,,,,,,,,,,,,,,,,,,,,,,,,TN,TN
autoland,4768071,12,69b95d09da21c937720a8d3aaca237f47b683aa9,linux1804-64-shippable-qr,True,False,,,102210fe594ee9b33d82058545b1ed14f4c8206e,browser-toolbox.connect.DAMP,damp,True,damp browser-toolbox.connect.DAMP opt e10s fission stylo webrender-sw,4767235,77,ms,firefox,,1809971488,2023-12-11 21:32:13,1983.3044489999736,c2126b815d283d4d848e431071fa77e023b06eb2,1346462,,,,,,,,,,,,,,,,,,,,,,,,,,,,,,,,,,,,,,,,,,,,,,,,,,,,,,,,,,,,,TN,TN
autoland,4768071,12,69b95d09da21c937720a8d3aaca237f47b683aa9,linux1804-64-shippable-qr,True,False,,,102210fe594ee9b33d82058545b1ed14f4c8206e,browser-toolbox.connect.DAMP,damp,True,damp browser-toolbox.connect.DAMP opt e10s fission stylo webrender-sw,4767235,77,ms,firefox,,1810040701,2023-12-12 01:33:17,2044.747683500027,6e08bc24f0ba8814dfda465963c22d139bf6e80b,1346620,,,,,,,,,,,,,,,,,,,,,,,,,,,,,,,,,,,,,,,,,,,,,,,,,,,,,,,,,,,,,TN,TN
autoland,4768071,12,69b95d09da21c937720a8d3aaca237f47b683aa9,linux1804-64-shippable-qr,True,False,,,102210fe594ee9b33d82058545b1ed14f4c8206e,browser-toolbox.connect.DAMP,damp,True,damp browser-toolbox.connect.DAMP opt e10s fission stylo webrender-sw,4767235,77,ms,firefox,,1810154853,2023-12-12 04:01:22,1995.935725000003,55cd203304b8d5343dd941d772085dc25fd278c4,1346691,,,,,,,,,,,,,,,,,,,,,,,,,,,,,,,,,,,,,,,,,,,,,,,,,,,,,,,,,,,,,TN,TN
autoland,4768071,12,69b95d09da21c937720a8d3aaca237f47b683aa9,linux1804-64-shippable-qr,True,False,,,102210fe594ee9b33d82058545b1ed14f4c8206e,browser-toolbox.connect.DAMP,damp,True,damp browser-toolbox.connect.DAMP opt e10s fission stylo webrender-sw,4767235,77,ms,firefox,,1810228064,2023-12-12 08:08:04,2051.675424999994,64c2a5cd2e5c12acc49f695acaca7fc074be00ef,1346735,,,,,,,,,,,,,,,,,,,,,,,,,,,,,,,,,,,,,,,,,,,,,,,,,,,,,,,,,,,,,TN,TN
autoland,4768071,12,69b95d09da21c937720a8d3aaca237f47b683aa9,linux1804-64-shippable-qr,True,False,,,102210fe594ee9b33d82058545b1ed14f4c8206e,browser-toolbox.connect.DAMP,damp,True,damp browser-toolbox.connect.DAMP opt e10s fission stylo webrender-sw,4767235,77,ms,firefox,,1810369244,2023-12-12 13:15:06,1966.002864000009,378226435d1f217637869bc238a2bff9ae584e04,1346892,,,,,,,,,,,,,,,,,,,,,,,,,,,,,,,,,,,,,,,,,,,,,,,,,,,,,,,,,,,,,TN,TN
autoland,4768071,12,69b95d09da21c937720a8d3aaca237f47b683aa9,linux1804-64-shippable-qr,True,False,,,102210fe594ee9b33d82058545b1ed14f4c8206e,browser-toolbox.connect.DAMP,damp,True,damp browser-toolbox.connect.DAMP opt e10s fission stylo webrender-sw,4767235,77,ms,firefox,,1810389444,2023-12-12 13:20:17,1934.4559819999704,661e5ee3675f09044e67f461631530ae9bc19953,1346894,,,,,,,,,,,,,,,,,,,,,,,,,,,,,,,,,,,,,,,,,,,,,,,,,,,,,,,,,,,,,TN,TN
autoland,4768071,12,69b95d09da21c937720a8d3aaca237f47b683aa9,linux1804-64-shippable-qr,True,False,,,102210fe594ee9b33d82058545b1ed14f4c8206e,browser-toolbox.connect.DAMP,damp,True,damp browser-toolbox.connect.DAMP opt e10s fission stylo webrender-sw,4767235,77,ms,firefox,,1810545854,2023-12-12 17:56:51,1970.192298000024,89856dfbbbb09660fd0b56d3d9ba6f60c823c81f,1347131,,,,,,,,,,,,,,,,,,,,,,,,,,,,,,,,,,,,,,,,,,,,,,,,,,,,,,,,,,,,,TN,TN
autoland,4768071,12,69b95d09da21c937720a8d3aaca237f47b683aa9,linux1804-64-shippable-qr,True,False,,,102210fe594ee9b33d82058545b1ed14f4c8206e,browser-toolbox.connect.DAMP,damp,True,damp browser-toolbox.connect.DAMP opt e10s fission stylo webrender-sw,4767235,77,ms,firefox,,1810589526,2023-12-12 18:39:48,1961.683943499993,b7336e3f433e4055ba8a7fcb5c2f756e0e9b59ef,1347165,,,,,,,,,,,,,,,,,,,,,,,,,,,,,,,,,,,,,,,,,,,,,,,,,,,,,,,,,,,,,TN,TN
autoland,4768071,12,69b95d09da21c937720a8d3aaca237f47b683aa9,linux1804-64-shippable-qr,True,False,,,102210fe594ee9b33d82058545b1ed14f4c8206e,browser-toolbox.connect.DAMP,damp,True,damp browser-toolbox.connect.DAMP opt e10s fission stylo webrender-sw,4767235,77,ms,firefox,,1810619926,2023-12-12 20:06:07,1964.6003144999995,7272d706196d83e16ea8366481dce5127407ba4d,1347223,,,,,,,,,,,,,,,,,,,,,,,,,,,,,,,,,,,,,,,,,,,,,,,,,,,,,,,,,,,,,TN,TN
autoland,4768071,12,69b95d09da21c937720a8d3aaca237f47b683aa9,linux1804-64-shippable-qr,True,False,,,102210fe594ee9b33d82058545b1ed14f4c8206e,browser-toolbox.connect.DAMP,damp,True,damp browser-toolbox.connect.DAMP opt e10s fission stylo webrender-sw,4767235,77,ms,firefox,,1810744562,2023-12-13 00:40:28,2004.5486800000072,f823ab1d9a00b627089b75899e588823b584a9c4,1347426,,,,,,,,,,,,,,,,,,,,,,,,,,,,,,,,,,,,,,,,,,,,,,,,,,,,,,,,,,,,,TN,TN
autoland,4768071,12,69b95d09da21c937720a8d3aaca237f47b683aa9,linux1804-64-shippable-qr,True,False,,,102210fe594ee9b33d82058545b1ed14f4c8206e,browser-toolbox.connect.DAMP,damp,True,damp browser-toolbox.connect.DAMP opt e10s fission stylo webrender-sw,4767235,77,ms,firefox,,1810820179,2023-12-13 01:59:28,2043.561607499956,c7169e7d15af250d7b1ffb91c072a4b2309457c1,1347482,,,,,,,,,,,,,,,,,,,,,,,,,,,,,,,,,,,,,,,,,,,,,,,,,,,,,,,,,,,,,TN,TN
autoland,4768071,12,69b95d09da21c937720a8d3aaca237f47b683aa9,linux1804-64-shippable-qr,True,False,,,102210fe594ee9b33d82058545b1ed14f4c8206e,browser-toolbox.connect.DAMP,damp,True,damp browser-toolbox.connect.DAMP opt e10s fission stylo webrender-sw,4767235,77,ms,firefox,,1810839868,2023-12-13 03:53:55,1947.671570500017,de73ddb24c16e91d220095612fc21b6636e51f81,1347525,,,,,,,,,,,,,,,,,,,,,,,,,,,,,,,,,,,,,,,,,,,,,,,,,,,,,,,,,,,,,TN,TN
autoland,4768071,12,69b95d09da21c937720a8d3aaca237f47b683aa9,linux1804-64-shippable-qr,True,False,,,102210fe594ee9b33d82058545b1ed14f4c8206e,browser-toolbox.connect.DAMP,damp,True,damp browser-toolbox.connect.DAMP opt e10s fission stylo webrender-sw,4767235,77,ms,firefox,,1810905254,2023-12-13 08:08:28,1991.2983450000029,de61802013d3eabd67e8f7c4382ab95c650835ba,1347584,,,,,,,,,,,,,,,,,,,,,,,,,,,,,,,,,,,,,,,,,,,,,,,,,,,,,,,,,,,,,TN,TN
autoland,4768071,12,69b95d09da21c937720a8d3aaca237f47b683aa9,linux1804-64-shippable-qr,True,False,,,102210fe594ee9b33d82058545b1ed14f4c8206e,browser-toolbox.connect.DAMP,damp,True,damp browser-toolbox.connect.DAMP opt e10s fission stylo webrender-sw,4767235,77,ms,firefox,,1810977930,2023-12-13 10:08:23,1992.9757664999925,12f45306a093afef1d1ed86121d9fcd9e8c69e15,1347641,,,,,,,,,,,,,,,,,,,,,,,,,,,,,,,,,,,,,,,,,,,,,,,,,,,,,,,,,,,,,TN,TN
autoland,4768071,12,69b95d09da21c937720a8d3aaca237f47b683aa9,linux1804-64-shippable-qr,True,False,,,102210fe594ee9b33d82058545b1ed14f4c8206e,browser-toolbox.connect.DAMP,damp,True,damp browser-toolbox.connect.DAMP opt e10s fission stylo webrender-sw,4767235,77,ms,firefox,,1811050213,2023-12-13 13:51:07,1989.1979630000133,a54a846dda9a20948451fa14e9ebbd3bb19c826c,1347765,,,,,,,,,,,,,,,,,,,,,,,,,,,,,,,,,,,,,,,,,,,,,,,,,,,,,,,,,,,,,TN,TN
autoland,4768071,12,69b95d09da21c937720a8d3aaca237f47b683aa9,linux1804-64-shippable-qr,True,False,,,102210fe594ee9b33d82058545b1ed14f4c8206e,browser-toolbox.connect.DAMP,damp,True,damp browser-toolbox.connect.DAMP opt e10s fission stylo webrender-sw,4767235,77,ms,firefox,,1811139179,2023-12-13 17:42:49,2006.0499019999988,951b244454e1790b94e5fa8474efc7fb8c990e28,1347961,,,,,,,,,,,,,,,,,,,,,,,,,,,,,,,,,,,,,,,,,,,,,,,,,,,,,,,,,,,,,TN,TN
autoland,4768071,12,69b95d09da21c937720a8d3aaca237f47b683aa9,linux1804-64-shippable-qr,True,False,,,102210fe594ee9b33d82058545b1ed14f4c8206e,browser-toolbox.connect.DAMP,damp,True,damp browser-toolbox.connect.DAMP opt e10s fission stylo webrender-sw,4767235,77,ms,firefox,,1811268803,2023-12-13 20:42:40,2026.5279959999896,b89dc85aa7e47069b80251ce43d7d66c034a5b88,1348117,,,,,,,,,,,,,,,,,,,,,,,,,,,,,,,,,,,,,,,,,,,,,,,,,,,,,,,,,,,,,TN,TN
autoland,4768071,12,69b95d09da21c937720a8d3aaca237f47b683aa9,linux1804-64-shippable-qr,True,False,,,102210fe594ee9b33d82058545b1ed14f4c8206e,browser-toolbox.connect.DAMP,damp,True,damp browser-toolbox.connect.DAMP opt e10s fission stylo webrender-sw,4767235,77,ms,firefox,,1811387974,2023-12-14 01:23:55,1989.0789529999963,12888ec6533c4e6ec49c2d7081e67ac660129ab6,1348332,,,,,,,,,,,,,,,,,,,,,,,,,,,,,,,,,,,,,,,,,,,,,,,,,,,,,,,,,,,,,TN,TN
autoland,4768071,12,69b95d09da21c937720a8d3aaca237f47b683aa9,linux1804-64-shippable-qr,True,False,,,102210fe594ee9b33d82058545b1ed14f4c8206e,browser-toolbox.connect.DAMP,damp,True,damp browser-toolbox.connect.DAMP opt e10s fission stylo webrender-sw,4767235,77,ms,firefox,,1811492829,2023-12-14 06:57:49,1967.14122450001,3af75f3310fc53f70cba7e6c5a7e7bec2d3381dc,1348404,,,,,,,,,,,,,,,,,,,,,,,,,,,,,,,,,,,,,,,,,,,,,,,,,,,,,,,,,,,,,TN,TN
autoland,4768071,12,69b95d09da21c937720a8d3aaca237f47b683aa9,linux1804-64-shippable-qr,True,False,,,102210fe594ee9b33d82058545b1ed14f4c8206e,browser-toolbox.connect.DAMP,damp,True,damp browser-toolbox.connect.DAMP opt e10s fission stylo webrender-sw,4767235,77,ms,firefox,,1811612676,2023-12-14 09:15:58,2010.456655499991,1c0fd259312d4631a0d1a7e0ea0560cff577beba,1348457,,,,,,,,,,,,,,,,,,,,,,,,,,,,,,,,,,,,,,,,,,,,,,,,,,,,,,,,,,,,,TN,TN
autoland,4768071,12,69b95d09da21c937720a8d3aaca237f47b683aa9,linux1804-64-shippable-qr,True,False,,,102210fe594ee9b33d82058545b1ed14f4c8206e,browser-toolbox.connect.DAMP,damp,True,damp browser-toolbox.connect.DAMP opt e10s fission stylo webrender-sw,4767235,77,ms,firefox,,1811744618,2023-12-14 13:22:59,1939.6454530000049,31a1108bee2768e6f329db2b083b5066b2c83def,1348529,,,,,,,,,,,,,,,,,,,,,,,,,,,,,,,,,,,,,,,,,,,,,,,,,,,,,,,,,,,,,TN,TN
autoland,4768071,12,69b95d09da21c937720a8d3aaca237f47b683aa9,linux1804-64-shippable-qr,True,False,,,102210fe594ee9b33d82058545b1ed14f4c8206e,browser-toolbox.connect.DAMP,damp,True,damp browser-toolbox.connect.DAMP opt e10s fission stylo webrender-sw,4767235,77,ms,firefox,,1811839796,2023-12-14 15:25:58,2002.4232995000057,44c4e62a38e1a18cd9c3cdc37be672c5b2eccb06,1348605,,,,,,,,,,,,,,,,,,,,,,,,,,,,,,,,,,,,,,,,,,,,,,,,,,,,,,,,,,,,,TN,TN
autoland,4768071,12,69b95d09da21c937720a8d3aaca237f47b683aa9,linux1804-64-shippable-qr,True,False,,,102210fe594ee9b33d82058545b1ed14f4c8206e,browser-toolbox.connect.DAMP,damp,True,damp browser-toolbox.connect.DAMP opt e10s fission stylo webrender-sw,4767235,77,ms,firefox,,1812060419,2023-12-14 19:45:40,1994.1012750000227,5b5faa47b870a45949438e5959b9ef04204a9bac,1348855,,,,,,,,,,,,,,,,,,,,,,,,,,,,,,,,,,,,,,,,,,,,,,,,,,,,,,,,,,,,,TN,TN
autoland,4768071,12,69b95d09da21c937720a8d3aaca237f47b683aa9,linux1804-64-shippable-qr,True,False,,,102210fe594ee9b33d82058545b1ed14f4c8206e,browser-toolbox.connect.DAMP,damp,True,damp browser-toolbox.connect.DAMP opt e10s fission stylo webrender-sw,4767235,77,ms,firefox,,1812187325,2023-12-14 21:45:13,2026.332205999992,04ae3a53d7df39b7ef7380e872889038951a9e63,1348957,,,,,,,,,,,,,,,,,,,,,,,,,,,,,,,,,,,,,,,,,,,,,,,,,,,,,,,,,,,,,TN,TN
autoland,4768071,12,69b95d09da21c937720a8d3aaca237f47b683aa9,linux1804-64-shippable-qr,True,False,,,102210fe594ee9b33d82058545b1ed14f4c8206e,browser-toolbox.connect.DAMP,damp,True,damp browser-toolbox.connect.DAMP opt e10s fission stylo webrender-sw,4767235,77,ms,firefox,,1812303463,2023-12-15 01:58:19,1978.9440360000008,efffe49c7c1c0f6b54d9f752224880e07e588f36,1349130,,,,,,,,,,,,,,,,,,,,,,,,,,,,,,,,,,,,,,,,,,,,,,,,,,,,,,,,,,,,,TN,TN
autoland,4768071,12,69b95d09da21c937720a8d3aaca237f47b683aa9,linux1804-64-shippable-qr,True,False,,,102210fe594ee9b33d82058545b1ed14f4c8206e,browser-toolbox.connect.DAMP,damp,True,damp browser-toolbox.connect.DAMP opt e10s fission stylo webrender-sw,4767235,77,ms,firefox,,1812487428,2023-12-15 11:00:39,1969.0794830000088,d3a29d02b3dd8d8cfbfff6fcad00d94226e102e8,1349239,,,,,,,,,,,,,,,,,,,,,,,,,,,,,,,,,,,,,,,,,,,,,,,,,,,,,,,,,,,,,TN,TN
autoland,4768071,12,69b95d09da21c937720a8d3aaca237f47b683aa9,linux1804-64-shippable-qr,True,False,,,102210fe594ee9b33d82058545b1ed14f4c8206e,browser-toolbox.connect.DAMP,damp,True,damp browser-toolbox.connect.DAMP opt e10s fission stylo webrender-sw,4767235,77,ms,firefox,,1812607633,2023-12-15 15:09:59,1974.0804009999847,8fd04cb03fbd84435d9834d1de340c2f64e013bb,1349331,,,,,,,,,,,,,,,,,,,,,,,,,,,,,,,,,,,,,,,,,,,,,,,,,,,,,,,,,,,,,TN,TN
autoland,4768071,12,69b95d09da21c937720a8d3aaca237f47b683aa9,linux1804-64-shippable-qr,True,False,,,102210fe594ee9b33d82058545b1ed14f4c8206e,browser-toolbox.connect.DAMP,damp,True,damp browser-toolbox.connect.DAMP opt e10s fission stylo webrender-sw,4767235,77,ms,firefox,,1812841883,2023-12-15 20:18:56,1956.197537999993,8f1a041ed5a88918a5fe585c89ffabd9450bc0ef,1349528,,,,,,,,,,,,,,,,,,,,,,,,,,,,,,,,,,,,,,,,,,,,,,,,,,,,,,,,,,,,,TN,TN
autoland,4768071,12,69b95d09da21c937720a8d3aaca237f47b683aa9,linux1804-64-shippable-qr,True,False,,,102210fe594ee9b33d82058545b1ed14f4c8206e,browser-toolbox.connect.DAMP,damp,True,damp browser-toolbox.connect.DAMP opt e10s fission stylo webrender-sw,4767235,77,ms,firefox,,1813008666,2023-12-16 02:28:17,1985.906892999992,33b0a0fecfd912ef3f540060b5e13f54db31d5cd,1349675,,,,,,,,,,,,,,,,,,,,,,,,,,,,,,,,,,,,,,,,,,,,,,,,,,,,,,,,,,,,,TN,TN
autoland,4768071,12,69b95d09da21c937720a8d3aaca237f47b683aa9,linux1804-64-shippable-qr,True,False,,,102210fe594ee9b33d82058545b1ed14f4c8206e,browser-toolbox.connect.DAMP,damp,True,damp browser-toolbox.connect.DAMP opt e10s fission stylo webrender-sw,4767235,77,ms,firefox,,1813177991,2023-12-16 14:03:11,1968.545196499996,6d6d4867b0f48dce26d871d94c5f74f5a8ac6aaf,1349726,,,,,,,,,,,,,,,,,,,,,,,,,,,,,,,,,,,,,,,,,,,,,,,,,,,,,,,,,,,,,TN,TN
autoland,4768071,12,69b95d09da21c937720a8d3aaca237f47b683aa9,linux1804-64-shippable-qr,True,False,,,102210fe594ee9b33d82058545b1ed14f4c8206e,browser-toolbox.connect.DAMP,damp,True,damp browser-toolbox.connect.DAMP opt e10s fission stylo webrender-sw,4767235,77,ms,firefox,,1813342393,2023-12-17 06:27:55,1967.552943499992,2d19e1f44e562ba1bb3be1f4b8f95b9884d9b07d,1349827,,,,,,,,,,,,,,,,,,,,,,,,,,,,,,,,,,,,,,,,,,,,,,,,,,,,,,,,,,,,,TN,TN
autoland,4768071,12,69b95d09da21c937720a8d3aaca237f47b683aa9,linux1804-64-shippable-qr,True,False,,,102210fe594ee9b33d82058545b1ed14f4c8206e,browser-toolbox.connect.DAMP,damp,True,damp browser-toolbox.connect.DAMP opt e10s fission stylo webrender-sw,4767235,77,ms,firefox,,1813444727,2023-12-17 14:26:46,2017.1536659999983,ab5e2f241728caa5dc020e829b1045df55247758,1349862,,,,,,,,,,,,,,,,,,,,,,,,,,,,,,,,,,,,,,,,,,,,,,,,,,,,,,,,,,,,,TN,TN
autoland,4768071,12,69b95d09da21c937720a8d3aaca237f47b683aa9,linux1804-64-shippable-qr,True,False,,,102210fe594ee9b33d82058545b1ed14f4c8206e,browser-toolbox.connect.DAMP,damp,True,damp browser-toolbox.connect.DAMP opt e10s fission stylo webrender-sw,4767235,77,ms,firefox,,1813532967,2023-12-18 01:43:16,1999.977768000026,b46057158b0694677a8174089de1cb8929d3116b,1349993,,,,,,,,,,,,,,,,,,,,,,,,,,,,,,,,,,,,,,,,,,,,,,,,,,,,,,,,,,,,,TN,TN
autoland,4768071,12,69b95d09da21c937720a8d3aaca237f47b683aa9,linux1804-64-shippable-qr,True,False,,,102210fe594ee9b33d82058545b1ed14f4c8206e,browser-toolbox.connect.DAMP,damp,True,damp browser-toolbox.connect.DAMP opt e10s fission stylo webrender-sw,4767235,77,ms,firefox,,1813575161,2023-12-18 05:48:57,1999.1733509999467,1d2ed0b2947385e77bd609220eb0e453b44d4cb3,1350028,,,,,,,,,,,,,,,,,,,,,,,,,,,,,,,,,,,,,,,,,,,,,,,,,,,,,,,,,,,,,TN,TN
autoland,4768071,12,69b95d09da21c937720a8d3aaca237f47b683aa9,linux1804-64-shippable-qr,True,False,,,102210fe594ee9b33d82058545b1ed14f4c8206e,browser-toolbox.connect.DAMP,damp,True,damp browser-toolbox.connect.DAMP opt e10s fission stylo webrender-sw,4767235,77,ms,firefox,,1813674082,2023-12-18 10:08:52,1977.8031574999916,1f7904968650806af8d68bbc64a717bac22df318,1350088,,,,,,,,,,,,,,,,,,,,,,,,,,,,,,,,,,,,,,,,,,,,,,,,,,,,,,,,,,,,,TN,TN
autoland,4768071,12,69b95d09da21c937720a8d3aaca237f47b683aa9,linux1804-64-shippable-qr,True,False,,,102210fe594ee9b33d82058545b1ed14f4c8206e,browser-toolbox.connect.DAMP,damp,True,damp browser-toolbox.connect.DAMP opt e10s fission stylo webrender-sw,4767235,77,ms,firefox,,1813699519,2023-12-18 10:23:12,1973.1494290000048,ba2e5b5e061b5024cc487a16c7e553de9e5e8a2d,1350096,,,,,,,,,,,,,,,,,,,,,,,,,,,,,,,,,,,,,,,,,,,,,,,,,,,,,,,,,,,,,TN,TN
autoland,4768071,12,69b95d09da21c937720a8d3aaca237f47b683aa9,linux1804-64-shippable-qr,True,False,,,102210fe594ee9b33d82058545b1ed14f4c8206e,browser-toolbox.connect.DAMP,damp,True,damp browser-toolbox.connect.DAMP opt e10s fission stylo webrender-sw,4767235,77,ms,firefox,,1813887893,2023-12-18 14:56:17,1960.5049145000085,8942476b2dcd0a89abfb3183ea577d611785e77e,1350212,,,,,,,,,,,,,,,,,,,,,,,,,,,,,,,,,,,,,,,,,,,,,,,,,,,,,,,,,,,,,TN,TN
autoland,4768071,12,69b95d09da21c937720a8d3aaca237f47b683aa9,linux1804-64-shippable-qr,True,False,,,102210fe594ee9b33d82058545b1ed14f4c8206e,browser-toolbox.connect.DAMP,damp,True,damp browser-toolbox.connect.DAMP opt e10s fission stylo webrender-sw,4767235,77,ms,firefox,,1813840808,2023-12-18 15:53:23,1957.5441819999976,e409a860d27d9dbd962eb6568c1700e2aa2716aa,1350255,,,,,,,,,,,,,,,,,,,,,,,,,,,,,,,,,,,,,,,,,,,,,,,,,,,,,,,,,,,,,TN,TN
autoland,4768071,12,69b95d09da21c937720a8d3aaca237f47b683aa9,linux1804-64-shippable-qr,True,False,,,102210fe594ee9b33d82058545b1ed14f4c8206e,browser-toolbox.connect.DAMP,damp,True,damp browser-toolbox.connect.DAMP opt e10s fission stylo webrender-sw,4767235,77,ms,firefox,,1813926717,2023-12-18 18:13:05,2005.8204479999984,c909d207f316bf0512f63f8262872083353a6ef5,1350369,,,,,,,,,,,,,,,,,,,,,,,,,,,,,,,,,,,,,,,,,,,,,,,,,,,,,,,,,,,,,TN,TN
autoland,4768071,12,69b95d09da21c937720a8d3aaca237f47b683aa9,linux1804-64-shippable-qr,True,False,,,102210fe594ee9b33d82058545b1ed14f4c8206e,browser-toolbox.connect.DAMP,damp,True,damp browser-toolbox.connect.DAMP opt e10s fission stylo webrender-sw,4767235,77,ms,firefox,,1814021003,2023-12-18 20:47:25,1987.530607499997,593e78a41c38b062baab03b6280366f86d0d233c,1350523,,,,,,,,,,,,,,,,,,,,,,,,,,,,,,,,,,,,,,,,,,,,,,,,,,,,,,,,,,,,,TN,TN
autoland,4768071,12,69b95d09da21c937720a8d3aaca237f47b683aa9,linux1804-64-shippable-qr,True,False,,,102210fe594ee9b33d82058545b1ed14f4c8206e,browser-toolbox.connect.DAMP,damp,True,damp browser-toolbox.connect.DAMP opt e10s fission stylo webrender-sw,4767235,77,ms,firefox,,1815609573,2023-12-18 23:27:19,1969.130484999987,30210e0efac13b607b202977b3a837351b4fe3e5,1350656,,,,,,,,,,,,,,,,,,,,,,,,,,,,,,,,,,,,,,,,,,,,,,,,,,,,,,,,,,,,,TN,TN
autoland,4768071,12,69b95d09da21c937720a8d3aaca237f47b683aa9,linux1804-64-shippable-qr,True,False,,,102210fe594ee9b33d82058545b1ed14f4c8206e,browser-toolbox.connect.DAMP,damp,True,damp browser-toolbox.connect.DAMP opt e10s fission stylo webrender-sw,4767235,77,ms,firefox,,1814092759,2023-12-19 00:56:17,1994.4014950000276,4bc62630a431fca569dfb1add5eee214dcdd091c,1350695,,,,,,,,,,,,,,,,,,,,,,,,,,,,,,,,,,,,,,,,,,,,,,,,,,,,,,,,,,,,,TN,TN
autoland,4768071,12,69b95d09da21c937720a8d3aaca237f47b683aa9,linux1804-64-shippable-qr,True,False,,,102210fe594ee9b33d82058545b1ed14f4c8206e,browser-toolbox.connect.DAMP,damp,True,damp browser-toolbox.connect.DAMP opt e10s fission stylo webrender-sw,4767235,77,ms,firefox,,1815608587,2023-12-19 00:59:56,1970.065453000003,1abf214924f721daf5ffaa1f3b41add89e973eb0,1350697,,,,,,,,,,,,,,,,,,,,,,,,,,,,,,,,,,,,,,,,,,,,,,,,,,,,,,,,,,,,,TN,TN
autoland,4768071,12,69b95d09da21c937720a8d3aaca237f47b683aa9,linux1804-64-shippable-qr,True,False,,,102210fe594ee9b33d82058545b1ed14f4c8206e,browser-toolbox.connect.DAMP,damp,True,damp browser-toolbox.connect.DAMP opt e10s fission stylo webrender-sw,4767235,77,ms,firefox,,1815608387,2023-12-19 01:01:23,1946.060530499999,ae194c11c672dc6675f4459a129012cf7cfc19e7,1350698,,,,,,,,,,,,,,,,,,,,,,,,,,,,,,,,,,,,,,,,,,,,,,,,,,,,,,,,,,,,,TN,TN
autoland,4768071,12,69b95d09da21c937720a8d3aaca237f47b683aa9,linux1804-64-shippable-qr,True,False,,,102210fe594ee9b33d82058545b1ed14f4c8206e,browser-toolbox.connect.DAMP,damp,True,damp browser-toolbox.connect.DAMP opt e10s fission stylo webrender-sw,4767235,77,ms,firefox,,1815608661,2023-12-19 01:03:55,1975.026364500016,a8de198ef2fbe374e318a494f1fc47ceb6a79d99,1350699,,,,,,,,,,,,,,,,,,,,,,,,,,,,,,,,,,,,,,,,,,,,,,,,,,,,,,,,,,,,,TN,TN
autoland,4768071,12,69b95d09da21c937720a8d3aaca237f47b683aa9,linux1804-64-shippable-qr,True,False,,,102210fe594ee9b33d82058545b1ed14f4c8206e,browser-toolbox.connect.DAMP,damp,True,damp browser-toolbox.connect.DAMP opt e10s fission stylo webrender-sw,4767235,77,ms,firefox,,1815608982,2023-12-19 01:04:54,2041.0030604999995,771f6d88e6889c5a596140ec050a0a211e46d6b5,1350700,,,,,,,,,,,,,,,,,,,,,,,,,,,,,,,,,,,,,,,,,,,,,,,,,,,,,,,,,,,,,TN,TN
autoland,4768071,12,69b95d09da21c937720a8d3aaca237f47b683aa9,linux1804-64-shippable-qr,True,False,,,102210fe594ee9b33d82058545b1ed14f4c8206e,browser-toolbox.connect.DAMP,damp,True,damp browser-toolbox.connect.DAMP opt e10s fission stylo webrender-sw,4767235,77,ms,firefox,,1815609037,2023-12-19 01:05:48,2051.023540999958,0305157810eb637c2cfac293b9d46c5ffc4f03f9,1350701,,,,,,,,,,,,,,,,,,,,,,,,,,,,,,,,,,,,,,,,,,,,,,,,,,,,,,,,,,,,,TN,TN
autoland,4768071,12,69b95d09da21c937720a8d3aaca237f47b683aa9,linux1804-64-shippable-qr,True,False,,,102210fe594ee9b33d82058545b1ed14f4c8206e,browser-toolbox.connect.DAMP,damp,True,damp browser-toolbox.connect.DAMP opt e10s fission stylo webrender-sw,4767235,77,ms,firefox,,1814115160,2023-12-19 02:00:57,2040.829605499981,7e32f178b02fef938f803492c4bfd6d897ffcb21,1350710,,,,,,,,,,,,,,,,,,,,,,,,,,,,,,,,,,,,,,,,,,,,,,,,,,,,,,,,,,,,,TN,TN
autoland,4768071,12,69b95d09da21c937720a8d3aaca237f47b683aa9,linux1804-64-shippable-qr,True,False,,,102210fe594ee9b33d82058545b1ed14f4c8206e,browser-toolbox.connect.DAMP,damp,True,damp browser-toolbox.connect.DAMP opt e10s fission stylo webrender-sw,4767235,77,ms,firefox,,1815608750,2023-12-19 05:20:52,2007.697903000022,4a4944f82cfdc5cec09dce4e3b0245fc349ff28c,1350737,,,,,,,,,,,,,,,,,,,,,,,,,,,,,,,,,,,,,,,,,,,,,,,,,,,,,,,,,,,,,TN,TN
autoland,4768071,12,69b95d09da21c937720a8d3aaca237f47b683aa9,linux1804-64-shippable-qr,True,False,,,102210fe594ee9b33d82058545b1ed14f4c8206e,browser-toolbox.connect.DAMP,damp,True,damp browser-toolbox.connect.DAMP opt e10s fission stylo webrender-sw,4767235,77,ms,firefox,,1814201445,2023-12-19 06:19:40,1950.460813999984,05b607c3bbe6ca02e9133ecb969e033fd3d7959e,1350758,,,,,,,,,,,,,,,,,,,,,,,,,,,,,,,,,,,,,,,,,,,,,,,,,,,,,,,,,,,,,TN,TN
autoland,4768071,12,69b95d09da21c937720a8d3aaca237f47b683aa9,linux1804-64-shippable-qr,True,False,,,102210fe594ee9b33d82058545b1ed14f4c8206e,browser-toolbox.connect.DAMP,damp,True,damp browser-toolbox.connect.DAMP opt e10s fission stylo webrender-sw,4767235,77,ms,firefox,,1815609684,2023-12-19 09:21:59,1963.493292500032,3e311c790cf925e981d8da0c41857c8949503fda,1350799,,,,,,,,,,,,,,,,,,,,,,,,,,,,,,,,,,,,,,,,,,,,,,,,,,,,,,,,,,,,,TN,TN
autoland,4768071,12,69b95d09da21c937720a8d3aaca237f47b683aa9,linux1804-64-shippable-qr,True,False,,,102210fe594ee9b33d82058545b1ed14f4c8206e,browser-toolbox.connect.DAMP,damp,True,damp browser-toolbox.connect.DAMP opt e10s fission stylo webrender-sw,4767235,77,ms,firefox,,1815609762,2023-12-19 09:51:00,1988.7509304999985,85377c2af68cd055903f6b271e25a5c2ec6aa012,1350804,,,,,,,,,,,,,,,,,,,,,,,,,,,,,,,,,,,,,,,,,,,,,,,,,,,,,,,,,,,,,TN,TN
autoland,4768071,12,69b95d09da21c937720a8d3aaca237f47b683aa9,linux1804-64-shippable-qr,True,False,,,102210fe594ee9b33d82058545b1ed14f4c8206e,browser-toolbox.connect.DAMP,damp,True,damp browser-toolbox.connect.DAMP opt e10s fission stylo webrender-sw,4767235,77,ms,firefox,,1815633045,2023-12-19 09:53:22,1969.285154000012,eb7d7010717f80f2f64e642c31d3d0f247d33432,1350805,,,,,,,,,,,,,,,,,,,,,,,,,,,,,,,,,,,,,,,,,,,,,,,,,,,,,,,,,,,,,TN,TN
autoland,4768071,12,69b95d09da21c937720a8d3aaca237f47b683aa9,linux1804-64-shippable-qr,True,False,,,102210fe594ee9b33d82058545b1ed14f4c8206e,browser-toolbox.connect.DAMP,damp,True,damp browser-toolbox.connect.DAMP opt e10s fission stylo webrender-sw,4767235,77,ms,firefox,,1815629552,2023-12-19 09:55:11,1990.235572499987,7fae13088bbf778f03686e57f7db6c1265031d1d,1350807,,,,,,,,,,,,,,,,,,,,,,,,,,,,,,,,,,,,,,,,,,,,,,,,,,,,,,,,,,,,,TN,TN
autoland,4768071,12,69b95d09da21c937720a8d3aaca237f47b683aa9,linux1804-64-shippable-qr,True,False,,,102210fe594ee9b33d82058545b1ed14f4c8206e,browser-toolbox.connect.DAMP,damp,True,damp browser-toolbox.connect.DAMP opt e10s fission stylo webrender-sw,4767235,77,ms,firefox,,1815630863,2023-12-19 09:55:11,2051.5502864999944,7fae13088bbf778f03686e57f7db6c1265031d1d,1350807,,,,,,,,,,,,,,,,,,,,,,,,,,,,,,,,,,,,,,,,,,,,,,,,,,,,,,,,,,,,,TN,TN
autoland,4768071,12,69b95d09da21c937720a8d3aaca237f47b683aa9,linux1804-64-shippable-qr,True,False,,,102210fe594ee9b33d82058545b1ed14f4c8206e,browser-toolbox.connect.DAMP,damp,True,damp browser-toolbox.connect.DAMP opt e10s fission stylo webrender-sw,4767235,77,ms,firefox,,1815631855,2023-12-19 09:56:17,1975.337948499975,85d549eafb178fcd145a12e8d6b15994267e5687,1350809,,,,,,,,,,,,,,,,,,,,,,,,,,,,,,,,,,,,,,,,,,,,,,,,,,,,,,,,,,,,,TN,TN
autoland,4768071,12,69b95d09da21c937720a8d3aaca237f47b683aa9,linux1804-64-shippable-qr,True,False,,,102210fe594ee9b33d82058545b1ed14f4c8206e,browser-toolbox.connect.DAMP,damp,True,damp browser-toolbox.connect.DAMP opt e10s fission stylo webrender-sw,4767235,77,ms,firefox,,1815643791,2023-12-19 09:56:17,1953.4014150000148,85d549eafb178fcd145a12e8d6b15994267e5687,1350809,,,,,,,,,,,,,,,,,,,,,,,,,,,,,,,,,,,,,,,,,,,,,,,,,,,,,,,,,,,,,TN,TN
autoland,4768071,12,69b95d09da21c937720a8d3aaca237f47b683aa9,linux1804-64-shippable-qr,True,False,,,102210fe594ee9b33d82058545b1ed14f4c8206e,browser-toolbox.connect.DAMP,damp,True,damp browser-toolbox.connect.DAMP opt e10s fission stylo webrender-sw,4767235,77,ms,firefox,,1815643571,2023-12-19 09:57:36,2043.4359004999717,4501d1fb176a76244eeba03c1a1f174272e34d4e,1350813,,,,,,,,,,,,,,,,,,,,,,,,,,,,,,,,,,,,,,,,,,,,,,,,,,,,,,,,,,,,,TN,TN
autoland,4768071,12,69b95d09da21c937720a8d3aaca237f47b683aa9,linux1804-64-shippable-qr,True,False,,,102210fe594ee9b33d82058545b1ed14f4c8206e,browser-toolbox.connect.DAMP,damp,True,damp browser-toolbox.connect.DAMP opt e10s fission stylo webrender-sw,4767235,77,ms,firefox,,1815634092,2023-12-19 09:58:42,1967.1119754999816,2721b6999583aee9a1c343724f40d8a80efd86fb,1350814,,,,,,,,,,,,,,,,,,,,,,,,,,,,,,,,,,,,,,,,,,,,,,,,,,,,,,,,,,,,,TN,TN
autoland,4768071,12,69b95d09da21c937720a8d3aaca237f47b683aa9,linux1804-64-shippable-qr,True,False,,,102210fe594ee9b33d82058545b1ed14f4c8206e,browser-toolbox.connect.DAMP,damp,True,damp browser-toolbox.connect.DAMP opt e10s fission stylo webrender-sw,4767235,77,ms,firefox,,1815636608,2023-12-19 09:59:44,1963.2868605000183,d05d212e53906e90989db0961e5386da884cd280,1350815,,,,,,,,,,,,,,,,,,,,,,,,,,,,,,,,,,,,,,,,,,,,,,,,,,,,,,,,,,,,,TN,TN
autoland,4768071,12,69b95d09da21c937720a8d3aaca237f47b683aa9,linux1804-64-shippable-qr,True,False,,,102210fe594ee9b33d82058545b1ed14f4c8206e,browser-toolbox.connect.DAMP,damp,True,damp browser-toolbox.connect.DAMP opt e10s fission stylo webrender-sw,4767235,77,ms,firefox,,1815634152,2023-12-19 10:07:58,1970.052743999986,d986b1356382d91dd46ccafe75b2cf05669133f0,1350818,,,,,,,,,,,,,,,,,,,,,,,,,,,,,,,,,,,,,,,,,,,,,,,,,,,,,,,,,,,,,TN,TN
autoland,4768071,12,69b95d09da21c937720a8d3aaca237f47b683aa9,linux1804-64-shippable-qr,True,False,,,102210fe594ee9b33d82058545b1ed14f4c8206e,browser-toolbox.connect.DAMP,damp,True,damp browser-toolbox.connect.DAMP opt e10s fission stylo webrender-sw,4767235,77,ms,firefox,,1814321391,2023-12-19 10:31:52,1980.391965500021,8efb8cc3558006677c6d18fcf41c3445498e257c,1350823,,,,,,,,,,,,,,,,,,,,,,,,,,,,,,,,,,,,,,,,,,,,,,,,,,,,,,,,,,,,,TN,TN
autoland,4768071,12,69b95d09da21c937720a8d3aaca237f47b683aa9,linux1804-64-shippable-qr,True,False,,,102210fe594ee9b33d82058545b1ed14f4c8206e,browser-toolbox.connect.DAMP,damp,True,damp browser-toolbox.connect.DAMP opt e10s fission stylo webrender-sw,4767235,77,ms,firefox,,1815637160,2023-12-19 10:55:58,2000.0929935000315,b1a538c15bb06198c626a8a66906e3e719a0f5bc,1350833,,,,,,,,,,,,,,,,,,,,,,,,,,,,,,,,,,,,,,,,,,,,,,,,,,,,,,,,,,,,,TN,TN
autoland,4768071,12,69b95d09da21c937720a8d3aaca237f47b683aa9,linux1804-64-shippable-qr,True,False,,,102210fe594ee9b33d82058545b1ed14f4c8206e,browser-toolbox.connect.DAMP,damp,True,damp browser-toolbox.connect.DAMP opt e10s fission stylo webrender-sw,4767235,77,ms,firefox,,1814366184,2023-12-19 10:59:27,1982.827523999964,e382d15d709c00d2fc941c2d6e9344b826246c27,1350835,,,,,,,,,,,,,,,,,,,,,,,,,,,,,,,,,,,,,,,,,,,,,,,,,,,,,,,,,,,,,TN,TN
autoland,4768071,12,69b95d09da21c937720a8d3aaca237f47b683aa9,linux1804-64-shippable-qr,True,False,,,102210fe594ee9b33d82058545b1ed14f4c8206e,browser-toolbox.connect.DAMP,damp,True,damp browser-toolbox.connect.DAMP opt e10s fission stylo webrender-sw,4767235,77,ms,firefox,,1815609434,2023-12-19 13:19:02,1981.3378059999889,be64555d77f881872b0f03c41f3ab33631d3ac01,1350903,,,,,,,,,,,,,,,,,,,,,,,,,,,,,,,,,,,,,,,,,,,,,,,,,,,,,,,,,,,,,TN,TN
autoland,4768071,12,69b95d09da21c937720a8d3aaca237f47b683aa9,linux1804-64-shippable-qr,True,False,,,102210fe594ee9b33d82058545b1ed14f4c8206e,browser-toolbox.connect.DAMP,damp,True,damp browser-toolbox.connect.DAMP opt e10s fission stylo webrender-sw,4767235,77,ms,firefox,,1815609366,2023-12-19 13:50:50,1977.6701830000093,b6f6bcaf2283fe3a010ced1fe192f3a3f164b583,1350921,,,,,,,,,,,,,,,,,,,,,,,,,,,,,,,,,,,,,,,,,,,,,,,,,,,,,,,,,,,,,TN,TN
autoland,4768071,12,69b95d09da21c937720a8d3aaca237f47b683aa9,linux1804-64-shippable-qr,True,False,,,102210fe594ee9b33d82058545b1ed14f4c8206e,browser-toolbox.connect.DAMP,damp,True,damp browser-toolbox.connect.DAMP opt e10s fission stylo webrender-sw,4767235,77,ms,firefox,,1815609490,2023-12-19 13:51:47,1949.4798974999867,3e5f50c1f3ddf4e4cdc9218c20a6fda61fb8072f,1350923,,,,,,,,,,,,,,,,,,,,,,,,,,,,,,,,,,,,,,,,,,,,,,,,,,,,,,,,,,,,,TN,TN
autoland,4768071,12,69b95d09da21c937720a8d3aaca237f47b683aa9,linux1804-64-shippable-qr,True,False,,,102210fe594ee9b33d82058545b1ed14f4c8206e,browser-toolbox.connect.DAMP,damp,True,damp browser-toolbox.connect.DAMP opt e10s fission stylo webrender-sw,4767235,77,ms,firefox,,1815634584,2023-12-19 13:55:08,1997.4783105000388,dd64118b8e72ab0e95c9427a6bfcbf719e974546,1350925,,,,,,,,,,,,,,,,,,,,,,,,,,,,,,,,,,,,,,,,,,,,,,,,,,,,,,,,,,,,,TN,TN
autoland,4768071,12,69b95d09da21c937720a8d3aaca237f47b683aa9,linux1804-64-shippable-qr,True,False,,,102210fe594ee9b33d82058545b1ed14f4c8206e,browser-toolbox.connect.DAMP,damp,True,damp browser-toolbox.connect.DAMP opt e10s fission stylo webrender-sw,4767235,77,ms,firefox,,1815634380,2023-12-19 14:07:11,1990.334464999978,b9e53259259d3fc2a5107e6618ef65b63d3fd5b1,1350932,,,,,,,,,,,,,,,,,,,,,,,,,,,,,,,,,,,,,,,,,,,,,,,,,,,,,,,,,,,,,TN,TN
autoland,4768071,12,69b95d09da21c937720a8d3aaca237f47b683aa9,linux1804-64-shippable-qr,True,False,,,102210fe594ee9b33d82058545b1ed14f4c8206e,browser-toolbox.connect.DAMP,damp,True,damp browser-toolbox.connect.DAMP opt e10s fission stylo webrender-sw,4767235,77,ms,firefox,,1815631599,2023-12-19 14:08:41,2021.9081049999804,9fe46e3774c6a16c4eff873031ec73783d05e154,1350933,,,,,,,,,,,,,,,,,,,,,,,,,,,,,,,,,,,,,,,,,,,,,,,,,,,,,,,,,,,,,TN,TN
autoland,4768071,12,69b95d09da21c937720a8d3aaca237f47b683aa9,linux1804-64-shippable-qr,True,False,,,102210fe594ee9b33d82058545b1ed14f4c8206e,browser-toolbox.connect.DAMP,damp,True,damp browser-toolbox.connect.DAMP opt e10s fission stylo webrender-sw,4767235,77,ms,firefox,,1815643732,2023-12-19 14:09:58,1989.0303879999992,debea7fc7220d45ecd7e63011a46f6d2c765ff32,1350934,,,,,,,,,,,,,,,,,,,,,,,,,,,,,,,,,,,,,,,,,,,,,,,,,,,,,,,,,,,,,TN,TN
autoland,4768071,12,69b95d09da21c937720a8d3aaca237f47b683aa9,linux1804-64-shippable-qr,True,False,,,102210fe594ee9b33d82058545b1ed14f4c8206e,browser-toolbox.connect.DAMP,damp,True,damp browser-toolbox.connect.DAMP opt e10s fission stylo webrender-sw,4767235,77,ms,firefox,,1815627843,2023-12-19 14:12:40,1970.8482074999772,02b6f4b61069714fc91cc021eb6af2121151a628,1350936,,,,,,,,,,,,,,,,,,,,,,,,,,,,,,,,,,,,,,,,,,,,,,,,,,,,,,,,,,,,,TN,TN
autoland,4768071,12,69b95d09da21c937720a8d3aaca237f47b683aa9,linux1804-64-shippable-qr,True,False,,,102210fe594ee9b33d82058545b1ed14f4c8206e,browser-toolbox.connect.DAMP,damp,True,damp browser-toolbox.connect.DAMP opt e10s fission stylo webrender-sw,4767235,77,ms,firefox,,1815627470,2023-12-19 14:58:21,1951.9411615000356,061eb9e9ebe5619a6e550d9026f972d199e567dd,1350961,,,,,,,,,,,,,,,,,,,,,,,,,,,,,,,,,,,,,,,,,,,,,,,,,,,,,,,,,,,,,TN,TN
autoland,4768071,12,69b95d09da21c937720a8d3aaca237f47b683aa9,linux1804-64-shippable-qr,True,False,,,102210fe594ee9b33d82058545b1ed14f4c8206e,browser-toolbox.connect.DAMP,damp,True,damp browser-toolbox.connect.DAMP opt e10s fission stylo webrender-sw,4767235,77,ms,firefox,,1814473183,2023-12-19 15:05:00,2000.0393314999965,58a9c7e82a58e7e951a669f0634901963c5ed696,1350969,,,,,,,,,,,,,,,,,,,,,,,,,,,,,,,,,,,,,,,,,,,,,,,,,,,,,,,,,,,,,TN,TN
autoland,4768071,12,69b95d09da21c937720a8d3aaca237f47b683aa9,linux1804-64-shippable-qr,True,False,,,102210fe594ee9b33d82058545b1ed14f4c8206e,browser-toolbox.connect.DAMP,damp,True,damp browser-toolbox.connect.DAMP opt e10s fission stylo webrender-sw,4767235,77,ms,firefox,,1814528454,2023-12-19 15:55:04,1983.7680469999832,ffd610f5a3bc262042d0839f354a1cf0cc9d5dff,1351025,,,,,,,,,,,,,,,,,,,,,,,,,,,,,,,,,,,,,,,,,,,,,,,,,,,,,,,,,,,,,TN,TN
autoland,4768071,12,69b95d09da21c937720a8d3aaca237f47b683aa9,linux1804-64-shippable-qr,True,False,,,102210fe594ee9b33d82058545b1ed14f4c8206e,browser-toolbox.connect.DAMP,damp,True,damp browser-toolbox.connect.DAMP opt e10s fission stylo webrender-sw,4767235,77,ms,firefox,,1814666948,2023-12-19 20:21:31,1975.2277964999807,b50326daf412a23a363c8ca18b03b1dcede121ff,1351238,,,,,,,,,,,,,,,,,,,,,,,,,,,,,,,,,,,,,,,,,,,,,,,,,,,,,,,,,,,,,TN,TN
autoland,4768071,12,69b95d09da21c937720a8d3aaca237f47b683aa9,linux1804-64-shippable-qr,True,False,,,102210fe594ee9b33d82058545b1ed14f4c8206e,browser-toolbox.connect.DAMP,damp,True,damp browser-toolbox.connect.DAMP opt e10s fission stylo webrender-sw,4767235,77,ms,firefox,,1814695324,2023-12-19 21:18:40,1966.4788540000156,31eaa2b1cf1b61e0b8868c53cf6bdbfc14805942,1351276,,,,,,,,,,,,,,,,,,,,,,,,,,,,,,,,,,,,,,,,,,,,,,,,,,,,,,,,,,,,,TN,TN
autoland,4768071,12,69b95d09da21c937720a8d3aaca237f47b683aa9,linux1804-64-shippable-qr,True,False,,,102210fe594ee9b33d82058545b1ed14f4c8206e,browser-toolbox.connect.DAMP,damp,True,damp browser-toolbox.connect.DAMP opt e10s fission stylo webrender-sw,4767235,77,ms,firefox,,1814845261,2023-12-20 02:06:01,1997.4315230000063,9ac6d461916454c17cd8c7dfc7f73401ef3da12a,1351432,,,,,,,,,,,,,,,,,,,,,,,,,,,,,,,,,,,,,,,,,,,,,,,,,,,,,,,,,,,,,TN,TN
autoland,4768071,12,69b95d09da21c937720a8d3aaca237f47b683aa9,linux1804-64-shippable-qr,True,False,,,102210fe594ee9b33d82058545b1ed14f4c8206e,browser-toolbox.connect.DAMP,damp,True,damp browser-toolbox.connect.DAMP opt e10s fission stylo webrender-sw,4767235,77,ms,firefox,,1814910951,2023-12-20 04:26:18,1986.178033499993,e3bf6261f6fc31e78c716c97399a60f6f575ebcd,1351473,,,,,,,,,,,,,,,,,,,,,,,,,,,,,,,,,,,,,,,,,,,,,,,,,,,,,,,,,,,,,TN,TN
autoland,4768071,12,69b95d09da21c937720a8d3aaca237f47b683aa9,linux1804-64-shippable-qr,True,False,,,102210fe594ee9b33d82058545b1ed14f4c8206e,browser-toolbox.connect.DAMP,damp,True,damp browser-toolbox.connect.DAMP opt e10s fission stylo webrender-sw,4767235,77,ms,firefox,,1815059834,2023-12-20 09:15:46,2051.0664799999795,4d6eabdc6228d414c7043c4fabdddfd95a3afb0e,1351517,,,,,,,,,,,,,,,,,,,,,,,,,,,,,,,,,,,,,,,,,,,,,,,,,,,,,,,,,,,,,TN,TN
autoland,4768071,12,69b95d09da21c937720a8d3aaca237f47b683aa9,linux1804-64-shippable-qr,True,False,,,102210fe594ee9b33d82058545b1ed14f4c8206e,browser-toolbox.connect.DAMP,damp,True,damp browser-toolbox.connect.DAMP opt e10s fission stylo webrender-sw,4767235,77,ms,firefox,,1815180090,2023-12-20 13:10:00,2000.26658950001,97f2e0f6b821072bc498a3bc7921831eb6d10d38,1351639,,,,,,,,,,,,,,,,,,,,,,,,,,,,,,,,,,,,,,,,,,,,,,,,,,,,,,,,,,,,,TN,TN
autoland,4768071,12,69b95d09da21c937720a8d3aaca237f47b683aa9,linux1804-64-shippable-qr,True,False,,,102210fe594ee9b33d82058545b1ed14f4c8206e,browser-toolbox.connect.DAMP,damp,True,damp browser-toolbox.connect.DAMP opt e10s fission stylo webrender-sw,4767235,77,ms,firefox,,1815330088,2023-12-20 17:43:19,2040.3851204999955,c12f6936509f05b3caad77d4cb4b783a38761897,1351821,,,,,,,,,,,,,,,,,,,,,,,,,,,,,,,,,,,,,,,,,,,,,,,,,,,,,,,,,,,,,TN,TN
autoland,4768071,12,69b95d09da21c937720a8d3aaca237f47b683aa9,linux1804-64-shippable-qr,True,False,,,102210fe594ee9b33d82058545b1ed14f4c8206e,browser-toolbox.connect.DAMP,damp,True,damp browser-toolbox.connect.DAMP opt e10s fission stylo webrender-sw,4767235,77,ms,firefox,,1815493513,2023-12-20 21:55:32,1955.1448984999952,aa4d4fecaf969d49a7ecf2568e3dda25cd2a7f1d,1352017,,,,,,,,,,,,,,,,,,,,,,,,,,,,,,,,,,,,,,,,,,,,,,,,,,,,,,,,,,,,,TN,TN
autoland,4768071,12,69b95d09da21c937720a8d3aaca237f47b683aa9,linux1804-64-shippable-qr,True,False,,,102210fe594ee9b33d82058545b1ed14f4c8206e,browser-toolbox.connect.DAMP,damp,True,damp browser-toolbox.connect.DAMP opt e10s fission stylo webrender-sw,4767235,77,ms,firefox,,1815434532,2023-12-20 21:58:53,1994.5884680000163,dfc7e32798343d88b72708bf68fc966d1e088330,1352020,,,,,,,,,,,,,,,,,,,,,,,,,,,,,,,,,,,,,,,,,,,,,,,,,,,,,,,,,,,,,TN,TN
autoland,4768071,12,69b95d09da21c937720a8d3aaca237f47b683aa9,linux1804-64-shippable-qr,True,False,,,102210fe594ee9b33d82058545b1ed14f4c8206e,browser-toolbox.connect.DAMP,damp,True,damp browser-toolbox.connect.DAMP opt e10s fission stylo webrender-sw,4767235,77,ms,firefox,,1815589712,2023-12-21 03:06:09,1994.788638500002,37657c7691664026e54babf7d1cf608fe58a92fb,1352135,,,,,,,,,,,,,,,,,,,,,,,,,,,,,,,,,,,,,,,,,,,,,,,,,,,,,,,,,,,,,TN,TN
autoland,4768071,12,69b95d09da21c937720a8d3aaca237f47b683aa9,linux1804-64-shippable-qr,True,False,,,102210fe594ee9b33d82058545b1ed14f4c8206e,browser-toolbox.connect.DAMP,damp,True,damp browser-toolbox.connect.DAMP opt e10s fission stylo webrender-sw,4767235,77,ms,firefox,,1815665200,2023-12-21 06:56:11,1971.089680999983,2339ef37f5863c45acf6280581ec0994b40f11d5,1352164,,,,,,,,,,,,,,,,,,,,,,,,,,,,,,,,,,,,,,,,,,,,,,,,,,,,,,,,,,,,,TN,TN
autoland,4768071,12,69b95d09da21c937720a8d3aaca237f47b683aa9,linux1804-64-shippable-qr,True,False,,,102210fe594ee9b33d82058545b1ed14f4c8206e,browser-toolbox.connect.DAMP,damp,True,damp browser-toolbox.connect.DAMP opt e10s fission stylo webrender-sw,4767235,77,ms,firefox,,1815795220,2023-12-21 11:39:11,1962.1228224999504,5e551f2bacc3d6a8294dcb0273e8299cf7a17e2d,1352265,,,,,,,,,,,,,,,,,,,,,,,,,,,,,,,,,,,,,,,,,,,,,,,,,,,,,,,,,,,,,TN,TN
autoland,4768071,12,69b95d09da21c937720a8d3aaca237f47b683aa9,linux1804-64-shippable-qr,True,False,,,102210fe594ee9b33d82058545b1ed14f4c8206e,browser-toolbox.connect.DAMP,damp,True,damp browser-toolbox.connect.DAMP opt e10s fission stylo webrender-sw,4767235,77,ms,firefox,,1815833860,2023-12-21 13:05:54,1983.4288230000093,8b474eeffbe09d0e5e30675fa595293863b0db34,1352315,,,,,,,,,,,,,,,,,,,,,,,,,,,,,,,,,,,,,,,,,,,,,,,,,,,,,,,,,,,,,TN,TN
autoland,4768071,12,69b95d09da21c937720a8d3aaca237f47b683aa9,linux1804-64-shippable-qr,True,False,,,102210fe594ee9b33d82058545b1ed14f4c8206e,browser-toolbox.connect.DAMP,damp,True,damp browser-toolbox.connect.DAMP opt e10s fission stylo webrender-sw,4767235,77,ms,firefox,,1816031336,2023-12-21 18:00:27,1955.184817500005,e685307ecb90f0e91ef9f3781b3614b7308384b9,1352454,,,,,,,,,,,,,,,,,,,,,,,,,,,,,,,,,,,,,,,,,,,,,,,,,,,,,,,,,,,,,TN,TN
autoland,4768071,12,69b95d09da21c937720a8d3aaca237f47b683aa9,linux1804-64-shippable-qr,True,False,,,102210fe594ee9b33d82058545b1ed14f4c8206e,browser-toolbox.connect.DAMP,damp,True,damp browser-toolbox.connect.DAMP opt e10s fission stylo webrender-sw,4767235,77,ms,firefox,,1816046497,2023-12-21 18:17:05,1973.763168000005,14c89fd054c7ac54bac01a4fcb619d5dff3cc6ef,1352468,,,,,,,,,,,,,,,,,,,,,,,,,,,,,,,,,,,,,,,,,,,,,,,,,,,,,,,,,,,,,TN,TN
autoland,4768071,12,69b95d09da21c937720a8d3aaca237f47b683aa9,linux1804-64-shippable-qr,True,False,,,102210fe594ee9b33d82058545b1ed14f4c8206e,browser-toolbox.connect.DAMP,damp,True,damp browser-toolbox.connect.DAMP opt e10s fission stylo webrender-sw,4767235,77,ms,firefox,,1816148911,2023-12-21 22:08:07,1979.4883839999893,e20257bfa3ef6e394b6669c19aa1a165ee73fefa,1352650,,,,,,,,,,,,,,,,,,,,,,,,,,,,,,,,,,,,,,,,,,,,,,,,,,,,,,,,,,,,,TN,TN
autoland,4768071,12,69b95d09da21c937720a8d3aaca237f47b683aa9,linux1804-64-shippable-qr,True,False,,,102210fe594ee9b33d82058545b1ed14f4c8206e,browser-toolbox.connect.DAMP,damp,True,damp browser-toolbox.connect.DAMP opt e10s fission stylo webrender-sw,4767235,77,ms,firefox,,1816250638,2023-12-22 08:16:59,1962.171922499998,6814c9419790a8ee7c93cac282a82a11d93d16ba,1352807,,,,,,,,,,,,,,,,,,,,,,,,,,,,,,,,,,,,,,,,,,,,,,,,,,,,,,,,,,,,,TN,TN
autoland,4768071,12,69b95d09da21c937720a8d3aaca237f47b683aa9,linux1804-64-shippable-qr,True,False,,,102210fe594ee9b33d82058545b1ed14f4c8206e,browser-toolbox.connect.DAMP,damp,True,damp browser-toolbox.connect.DAMP opt e10s fission stylo webrender-sw,4767235,77,ms,firefox,,1816362462,2023-12-22 13:33:45,2010.6101135000356,3189af86c93aef59c4fc9363b40f92eb4ef0358f,1352859,,,,,,,,,,,,,,,,,,,,,,,,,,,,,,,,,,,,,,,,,,,,,,,,,,,,,,,,,,,,,TN,TN
autoland,4768071,12,69b95d09da21c937720a8d3aaca237f47b683aa9,linux1804-64-shippable-qr,True,False,,,102210fe594ee9b33d82058545b1ed14f4c8206e,browser-toolbox.connect.DAMP,damp,True,damp browser-toolbox.connect.DAMP opt e10s fission stylo webrender-sw,4767235,77,ms,firefox,,1816381109,2023-12-22 13:41:08,1989.5792165000455,8cd1fc9da2b45034679cc880c08d91e84d8e9516,1352862,,,,,,,,,,,,,,,,,,,,,,,,,,,,,,,,,,,,,,,,,,,,,,,,,,,,,,,,,,,,,TN,TN
autoland,4768071,12,69b95d09da21c937720a8d3aaca237f47b683aa9,linux1804-64-shippable-qr,True,False,,,102210fe594ee9b33d82058545b1ed14f4c8206e,browser-toolbox.connect.DAMP,damp,True,damp browser-toolbox.connect.DAMP opt e10s fission stylo webrender-sw,4767235,77,ms,firefox,,1816501812,2023-12-22 19:27:05,2054.451592499987,ac9f813bbc0f39b5e52be4229972795f2ca6309b,1353028,,,,,,,,,,,,,,,,,,,,,,,,,,,,,,,,,,,,,,,,,,,,,,,,,,,,,,,,,,,,,TN,TN
autoland,4768071,12,69b95d09da21c937720a8d3aaca237f47b683aa9,linux1804-64-shippable-qr,True,False,,,102210fe594ee9b33d82058545b1ed14f4c8206e,browser-toolbox.connect.DAMP,damp,True,damp browser-toolbox.connect.DAMP opt e10s fission stylo webrender-sw,4767235,77,ms,firefox,,1816595213,2023-12-23 00:08:27,1990.388448500038,58581f618255e51b846d0792b6abc3e5c2c67d51,1353154,,,,,,,,,,,,,,,,,,,,,,,,,,,,,,,,,,,,,,,,,,,,,,,,,,,,,,,,,,,,,TN,TN
autoland,4768071,12,69b95d09da21c937720a8d3aaca237f47b683aa9,linux1804-64-shippable-qr,True,False,,,102210fe594ee9b33d82058545b1ed14f4c8206e,browser-toolbox.connect.DAMP,damp,True,damp browser-toolbox.connect.DAMP opt e10s fission stylo webrender-sw,4767235,77,ms,firefox,,1816647738,2023-12-23 05:47:03,1966.9572460000052,8b92fb4e3f41d856629818bd2ecfc25bed23a643,1353193,,,,,,,,,,,,,,,,,,,,,,,,,,,,,,,,,,,,,,,,,,,,,,,,,,,,,,,,,,,,,TN,TN
autoland,4768071,12,69b95d09da21c937720a8d3aaca237f47b683aa9,linux1804-64-shippable-qr,True,False,,,102210fe594ee9b33d82058545b1ed14f4c8206e,browser-toolbox.connect.DAMP,damp,True,damp browser-toolbox.connect.DAMP opt e10s fission stylo webrender-sw,4767235,77,ms,firefox,,1816681239,2023-12-23 08:44:57,1967.472712999996,6f7de1b98becd7269380a213d3eff367b81efe72,1353213,,,,,,,,,,,,,,,,,,,,,,,,,,,,,,,,,,,,,,,,,,,,,,,,,,,,,,,,,,,,,TN,TN
autoland,4768071,12,69b95d09da21c937720a8d3aaca237f47b683aa9,linux1804-64-shippable-qr,True,False,,,102210fe594ee9b33d82058545b1ed14f4c8206e,browser-toolbox.connect.DAMP,damp,True,damp browser-toolbox.connect.DAMP opt e10s fission stylo webrender-sw,4767235,77,ms,firefox,,1816773873,2023-12-23 15:53:06,1943.4162635000248,e6f85355d2f352d6bc64a11372bc8efc1ced07b8,1353251,,,,,,,,,,,,,,,,,,,,,,,,,,,,,,,,,,,,,,,,,,,,,,,,,,,,,,,,,,,,,TN,TN
autoland,4768071,12,69b95d09da21c937720a8d3aaca237f47b683aa9,linux1804-64-shippable-qr,True,False,,,102210fe594ee9b33d82058545b1ed14f4c8206e,browser-toolbox.connect.DAMP,damp,True,damp browser-toolbox.connect.DAMP opt e10s fission stylo webrender-sw,4767235,77,ms,firefox,,1816843339,2023-12-24 06:04:04,1948.965379500034,0f896a4a54629904c55cc5e18aa1f6e387c9a697,1353282,,,,,,,,,,,,,,,,,,,,,,,,,,,,,,,,,,,,,,,,,,,,,,,,,,,,,,,,,,,,,TN,TN
autoland,4768071,12,69b95d09da21c937720a8d3aaca237f47b683aa9,linux1804-64-shippable-qr,True,False,,,102210fe594ee9b33d82058545b1ed14f4c8206e,browser-toolbox.connect.DAMP,damp,True,damp browser-toolbox.connect.DAMP opt e10s fission stylo webrender-sw,4767235,77,ms,firefox,,1816924604,2023-12-24 13:46:59,1954.5038944999976,a15215077df33152e936203ec411ea07343a3f36,1353302,,,,,,,,,,,,,,,,,,,,,,,,,,,,,,,,,,,,,,,,,,,,,,,,,,,,,,,,,,,,,TN,TN
autoland,4768071,12,69b95d09da21c937720a8d3aaca237f47b683aa9,linux1804-64-shippable-qr,True,False,,,102210fe594ee9b33d82058545b1ed14f4c8206e,browser-toolbox.connect.DAMP,damp,True,damp browser-toolbox.connect.DAMP opt e10s fission stylo webrender-sw,4767235,77,ms,firefox,,1816974076,2023-12-24 18:13:48,1977.3134694999756,65471d13c8aaa5b3c5aa872ca12360b7f26ad6e0,1353317,,,,,,,,,,,,,,,,,,,,,,,,,,,,,,,,,,,,,,,,,,,,,,,,,,,,,,,,,,,,,TN,TN
autoland,4768071,12,69b95d09da21c937720a8d3aaca237f47b683aa9,linux1804-64-shippable-qr,True,False,,,102210fe594ee9b33d82058545b1ed14f4c8206e,browser-toolbox.connect.DAMP,damp,True,damp browser-toolbox.connect.DAMP opt e10s fission stylo webrender-sw,4767235,77,ms,firefox,,1817043955,2023-12-25 01:21:58,2025.067607999983,29784c387017c900dc842f070d5cd88464dfc494,1353335,,,,,,,,,,,,,,,,,,,,,,,,,,,,,,,,,,,,,,,,,,,,,,,,,,,,,,,,,,,,,TN,TN
autoland,4768071,12,69b95d09da21c937720a8d3aaca237f47b683aa9,linux1804-64-shippable-qr,True,False,,,102210fe594ee9b33d82058545b1ed14f4c8206e,browser-toolbox.connect.DAMP,damp,True,damp browser-toolbox.connect.DAMP opt e10s fission stylo webrender-sw,4767235,77,ms,firefox,,1817084579,2023-12-25 05:53:22,2027.1611140000168,f69f493b2f3cde5ef4b46b9675cfd4708287666e,1353343,,,,,,,,,,,,,,,,,,,,,,,,,,,,,,,,,,,,,,,,,,,,,,,,,,,,,,,,,,,,,TN,TN
autoland,4768071,12,69b95d09da21c937720a8d3aaca237f47b683aa9,linux1804-64-shippable-qr,True,False,,,102210fe594ee9b33d82058545b1ed14f4c8206e,browser-toolbox.connect.DAMP,damp,True,damp browser-toolbox.connect.DAMP opt e10s fission stylo webrender-sw,4767235,77,ms,firefox,,1817172875,2023-12-25 12:57:04,1968.431419000015,b9600c5aa59e300200656691d1f1997593caafbd,1353372,,,,,,,,,,,,,,,,,,,,,,,,,,,,,,,,,,,,,,,,,,,,,,,,,,,,,,,,,,,,,TN,TN
autoland,4768071,12,69b95d09da21c937720a8d3aaca237f47b683aa9,linux1804-64-shippable-qr,True,False,,,102210fe594ee9b33d82058545b1ed14f4c8206e,browser-toolbox.connect.DAMP,damp,True,damp browser-toolbox.connect.DAMP opt e10s fission stylo webrender-sw,4767235,77,ms,firefox,,1817199240,2023-12-25 17:10:06,2026.542875500003,fdd85a789550f85e20e7b7128f2b3316cbc76640,1353386,,,,,,,,,,,,,,,,,,,,,,,,,,,,,,,,,,,,,,,,,,,,,,,,,,,,,,,,,,,,,TN,TN
autoland,4768071,12,69b95d09da21c937720a8d3aaca237f47b683aa9,linux1804-64-shippable-qr,True,False,,,102210fe594ee9b33d82058545b1ed14f4c8206e,browser-toolbox.connect.DAMP,damp,True,damp browser-toolbox.connect.DAMP opt e10s fission stylo webrender-sw,4767235,77,ms,firefox,,1817248039,2023-12-25 21:32:12,2026.776234999983,ba6abbd36b496501cea141e17b61af674a18e279,1353402,,,,,,,,,,,,,,,,,,,,,,,,,,,,,,,,,,,,,,,,,,,,,,,,,,,,,,,,,,,,,TN,TN
autoland,4768071,12,69b95d09da21c937720a8d3aaca237f47b683aa9,linux1804-64-shippable-qr,True,False,,,102210fe594ee9b33d82058545b1ed14f4c8206e,browser-toolbox.connect.DAMP,damp,True,damp browser-toolbox.connect.DAMP opt e10s fission stylo webrender-sw,4767235,77,ms,firefox,441391679.0,1817295845,2023-12-26 03:31:03,2040.0422279999768,280c0b4dd9140984e6177c89f5858ceac6ae0107,1353431,,,,,,,,,,,,,,,,,,,,,,,,,,,,,,,,,,,,,,,,,,,,,,,,,,,,,,,,,,,,,TN,TN
autoland,4768071,12,69b95d09da21c937720a8d3aaca237f47b683aa9,linux1804-64-shippable-qr,True,False,,,102210fe594ee9b33d82058545b1ed14f4c8206e,browser-toolbox.connect.DAMP,damp,True,damp browser-toolbox.connect.DAMP opt e10s fission stylo webrender-sw,4767235,77,ms,firefox,441398062.0,1817375828,2023-12-26 07:50:55,2059.554589499996,7503b1d6a430d23303b6ec356b3388951a1eca83,1353461,,,,,,,,,,,,,,,,,,,,,,,,,,,,,,,,,,,,,,,,,,,,,,,,,,,,,,,,,,,,,TN,TN
autoland,4768071,12,69b95d09da21c937720a8d3aaca237f47b683aa9,linux1804-64-shippable-qr,True,False,,,102210fe594ee9b33d82058545b1ed14f4c8206e,browser-toolbox.connect.DAMP,damp,True,damp browser-toolbox.connect.DAMP opt e10s fission stylo webrender-sw,4767235,77,ms,firefox,441423657.0,1817464582,2023-12-26 11:52:29,1952.7634484999728,807f04c86e5d02f04afa662ade3d505a80a4f660,1353488,,,,,,,,,,,,,,,,,,,,,,,,,,,,,,,,,,,,,,,,,,,,,,,,,,,,,,,,,,,,,TN,TN
autoland,4768071,12,69b95d09da21c937720a8d3aaca237f47b683aa9,linux1804-64-shippable-qr,True,False,,,102210fe594ee9b33d82058545b1ed14f4c8206e,browser-toolbox.connect.DAMP,damp,True,damp browser-toolbox.connect.DAMP opt e10s fission stylo webrender-sw,4767235,77,ms,firefox,441451432.0,1817555329,2023-12-27 02:56:18,2024.762287499987,6d9a0abd0a3c26f4337aff723c15795fe91fe884,1353555,,,,,,,,,,,,,,,,,,,,,,,,,,,,,,,,,,,,,,,,,,,,,,,,,,,,,,,,,,,,,TN,TN
autoland,4768071,12,69b95d09da21c937720a8d3aaca237f47b683aa9,linux1804-64-shippable-qr,True,False,,,102210fe594ee9b33d82058545b1ed14f4c8206e,browser-toolbox.connect.DAMP,damp,True,damp browser-toolbox.connect.DAMP opt e10s fission stylo webrender-sw,4767235,77,ms,firefox,441494139.0,1817781240,2023-12-27 14:58:54,1959.0302489999883,856e86584c4c811f064f93e2b734dd374c787eaf,1353654,,,,,,,,,,,,,,,,,,,,,,,,,,,,,,,,,,,,,,,,,,,,,,,,,,,,,,,,,,,,,TN,TN
autoland,4768071,12,69b95d09da21c937720a8d3aaca237f47b683aa9,linux1804-64-shippable-qr,True,False,,,102210fe594ee9b33d82058545b1ed14f4c8206e,browser-toolbox.connect.DAMP,damp,True,damp browser-toolbox.connect.DAMP opt e10s fission stylo webrender-sw,4767235,77,ms,firefox,441509053.0,1817843445,2023-12-27 20:22:55,1954.4376415000152,97a27d8a860d5bd8ab2962d2f0e5e376287e527c,1353722,,,,,,,,,,,,,,,,,,,,,,,,,,,,,,,,,,,,,,,,,,,,,,,,,,,,,,,,,,,,,TN,TN
autoland,4768071,12,69b95d09da21c937720a8d3aaca237f47b683aa9,linux1804-64-shippable-qr,True,False,,,102210fe594ee9b33d82058545b1ed14f4c8206e,browser-toolbox.connect.DAMP,damp,True,damp browser-toolbox.connect.DAMP opt e10s fission stylo webrender-sw,4767235,77,ms,firefox,441528010.0,1817911936,2023-12-28 01:36:38,1962.6998305000016,00fe06571a66e6773ca7801e6747493299cf4bda,1353793,,,,,,,,,,,,,,,,,,,,,,,,,,,,,,,,,,,,,,,,,,,,,,,,,,,,,,,,,,,,,TN,TN
autoland,4768071,12,69b95d09da21c937720a8d3aaca237f47b683aa9,linux1804-64-shippable-qr,True,False,,,102210fe594ee9b33d82058545b1ed14f4c8206e,browser-toolbox.connect.DAMP,damp,True,damp browser-toolbox.connect.DAMP opt e10s fission stylo webrender-sw,4767235,77,ms,firefox,441553579.0,1818029162,2023-12-28 13:32:35,1994.347372499964,10aa7423789835a7dbd24b0b44ad1ae2ad77b59b,1353834,,,,,,,,,,,,,,,,,,,,,,,,,,,,,,,,,,,,,,,,,,,,,,,,,,,,,,,,,,,,,TN,TN
autoland,4768071,12,69b95d09da21c937720a8d3aaca237f47b683aa9,linux1804-64-shippable-qr,True,False,,,102210fe594ee9b33d82058545b1ed14f4c8206e,browser-toolbox.connect.DAMP,damp,True,damp browser-toolbox.connect.DAMP opt e10s fission stylo webrender-sw,4767235,77,ms,firefox,441573721.0,1818192283,2023-12-28 17:48:27,1969.8538750000223,659e4e8345823ce8331b67df6c3865b76063e2c2,1353939,,,,,,,,,,,,,,,,,,,,,,,,,,,,,,,,,,,,,,,,,,,,,,,,,,,,,,,,,,,,,TN,TN
autoland,4768071,12,69b95d09da21c937720a8d3aaca237f47b683aa9,linux1804-64-shippable-qr,True,False,,,102210fe594ee9b33d82058545b1ed14f4c8206e,browser-toolbox.connect.DAMP,damp,True,damp browser-toolbox.connect.DAMP opt e10s fission stylo webrender-sw,4767235,77,ms,firefox,441599252.0,1818264112,2023-12-28 23:04:44,2008.563314500003,0bd8678e10b6f0eb1d7e16cfe010ca8856e2bfcc,1354003,,,,,,,,,,,,,,,,,,,,,,,,,,,,,,,,,,,,,,,,,,,,,,,,,,,,,,,,,,,,,TN,TN
autoland,4768071,12,69b95d09da21c937720a8d3aaca237f47b683aa9,linux1804-64-shippable-qr,True,False,,,102210fe594ee9b33d82058545b1ed14f4c8206e,browser-toolbox.connect.DAMP,damp,True,damp browser-toolbox.connect.DAMP opt e10s fission stylo webrender-sw,4767235,77,ms,firefox,441617308.0,1818369127,2023-12-29 05:51:26,1972.779071000012,25b973ec90316da3daa35b031e4a4e089d70443a,1354078,,,,,,,,,,,,,,,,,,,,,,,,,,,,,,,,,,,,,,,,,,,,,,,,,,,,,,,,,,,,,TN,TN
autoland,4768071,12,69b95d09da21c937720a8d3aaca237f47b683aa9,linux1804-64-shippable-qr,True,False,,,102210fe594ee9b33d82058545b1ed14f4c8206e,browser-toolbox.connect.DAMP,damp,True,damp browser-toolbox.connect.DAMP opt e10s fission stylo webrender-sw,4767235,77,ms,firefox,441663072.0,1818502090,2023-12-29 14:24:04,1968.08700400003,4d00abb11b573ff386a9f02816ff81f2030e6dfe,1354164,,,,,,,,,,,,,,,,,,,,,,,,,,,,,,,,,,,,,,,,,,,,,,,,,,,,,,,,,,,,,TN,TN
autoland,4768071,12,69b95d09da21c937720a8d3aaca237f47b683aa9,linux1804-64-shippable-qr,True,False,,,102210fe594ee9b33d82058545b1ed14f4c8206e,browser-toolbox.connect.DAMP,damp,True,damp browser-toolbox.connect.DAMP opt e10s fission stylo webrender-sw,4767235,77,ms,firefox,441670093.0,1818539072,2023-12-29 16:09:29,2048.748993000001,52b5c5b51719976906d668db1cd59b2b49315565,1354179,,,,,,,,,,,,,,,,,,,,,,,,,,,,,,,,,,,,,,,,,,,,,,,,,,,,,,,,,,,,,TN,TN
autoland,4768071,12,69b95d09da21c937720a8d3aaca237f47b683aa9,linux1804-64-shippable-qr,True,False,,,102210fe594ee9b33d82058545b1ed14f4c8206e,browser-toolbox.connect.DAMP,damp,True,damp browser-toolbox.connect.DAMP opt e10s fission stylo webrender-sw,4767235,77,ms,firefox,441690666.0,1818600947,2023-12-29 20:10:09,2003.5104040000008,8d822c618985176a1d4ebc4eedcd5a388e798418,1354279,,,,,,,,,,,,,,,,,,,,,,,,,,,,,,,,,,,,,,,,,,,,,,,,,,,,,,,,,,,,,TN,TN
autoland,4768071,12,69b95d09da21c937720a8d3aaca237f47b683aa9,linux1804-64-shippable-qr,True,False,,,102210fe594ee9b33d82058545b1ed14f4c8206e,browser-toolbox.connect.DAMP,damp,True,damp browser-toolbox.connect.DAMP opt e10s fission stylo webrender-sw,4767235,77,ms,firefox,441707731.0,1818675538,2023-12-30 03:46:41,1958.2308315000048,15c3c77f07b45a04b27a42ab403aadaaed857fff,1354316,,,,,,,,,,,,,,,,,,,,,,,,,,,,,,,,,,,,,,,,,,,,,,,,,,,,,,,,,,,,,TN,TN
autoland,4768071,12,69b95d09da21c937720a8d3aaca237f47b683aa9,linux1804-64-shippable-qr,True,False,,,102210fe594ee9b33d82058545b1ed14f4c8206e,browser-toolbox.connect.DAMP,damp,True,damp browser-toolbox.connect.DAMP opt e10s fission stylo webrender-sw,4767235,77,ms,firefox,441717337.0,1818736064,2023-12-30 08:00:00,2028.925376500003,9660032084db64efbe9cbbf4c47a38d0a6c36c9f,1354351,,,,,,,,,,,,,,,,,,,,,,,,,,,,,,,,,,,,,,,,,,,,,,,,,,,,,,,,,,,,,TN,TN
autoland,4768071,12,69b95d09da21c937720a8d3aaca237f47b683aa9,linux1804-64-shippable-qr,True,False,,,102210fe594ee9b33d82058545b1ed14f4c8206e,browser-toolbox.connect.DAMP,damp,True,damp browser-toolbox.connect.DAMP opt e10s fission stylo webrender-sw,4767235,77,ms,firefox,441744481.0,1818814338,2023-12-30 12:53:05,1968.3973560000304,94ab264a143c3086d948c401c047297f01b76527,1354380,,,,,,,,,,,,,,,,,,,,,,,,,,,,,,,,,,,,,,,,,,,,,,,,,,,,,,,,,,,,,TN,TN
autoland,4768071,12,69b95d09da21c937720a8d3aaca237f47b683aa9,linux1804-64-shippable-qr,True,False,,,102210fe594ee9b33d82058545b1ed14f4c8206e,browser-toolbox.connect.DAMP,damp,True,damp browser-toolbox.connect.DAMP opt e10s fission stylo webrender-sw,4767235,77,ms,firefox,441759006.0,1818883090,2023-12-30 17:18:37,1996.8460110000087,3e9c9290e422e1f39255953e22e3d8bfe8234425,1354396,,,,,,,,,,,,,,,,,,,,,,,,,,,,,,,,,,,,,,,,,,,,,,,,,,,,,,,,,,,,,TN,TN
autoland,4768071,12,69b95d09da21c937720a8d3aaca237f47b683aa9,linux1804-64-shippable-qr,True,False,,,102210fe594ee9b33d82058545b1ed14f4c8206e,browser-toolbox.connect.DAMP,damp,True,damp browser-toolbox.connect.DAMP opt e10s fission stylo webrender-sw,4767235,77,ms,firefox,441777949.0,1818980061,2023-12-31 00:47:53,1986.005662500007,be0bfc7f906523649c68f45d4b25ca752bfc701c,1354421,,,,,,,,,,,,,,,,,,,,,,,,,,,,,,,,,,,,,,,,,,,,,,,,,,,,,,,,,,,,,TN,TN
autoland,4768071,12,69b95d09da21c937720a8d3aaca237f47b683aa9,linux1804-64-shippable-qr,True,False,,,102210fe594ee9b33d82058545b1ed14f4c8206e,browser-toolbox.connect.DAMP,damp,True,damp browser-toolbox.connect.DAMP opt e10s fission stylo webrender-sw,4767235,77,ms,firefox,441809512.0,1819131180,2023-12-31 16:29:03,1975.8814775000355,30b0d1ecdc26a3e4753bef7807739106282ed827,1354470,,,,,,,,,,,,,,,,,,,,,,,,,,,,,,,,,,,,,,,,,,,,,,,,,,,,,,,,,,,,,TN,TN
autoland,4768071,12,69b95d09da21c937720a8d3aaca237f47b683aa9,linux1804-64-shippable-qr,True,False,,,102210fe594ee9b33d82058545b1ed14f4c8206e,browser-toolbox.connect.DAMP,damp,True,damp browser-toolbox.connect.DAMP opt e10s fission stylo webrender-sw,4767235,77,ms,firefox,441822876.0,1819201297,2023-12-31 21:56:05,2013.6468785000104,430d1a5b377307a1050c23ae96cab333c5a33be8,1354489,,,,,,,,,,,,,,,,,,,,,,,,,,,,,,,,,,,,,,,,,,,,,,,,,,,,,,,,,,,,,TN,TN
autoland,4768071,12,69b95d09da21c937720a8d3aaca237f47b683aa9,linux1804-64-shippable-qr,True,False,,,102210fe594ee9b33d82058545b1ed14f4c8206e,browser-toolbox.connect.DAMP,damp,True,damp browser-toolbox.connect.DAMP opt e10s fission stylo webrender-sw,4767235,77,ms,firefox,441851337.0,1819351692,2024-01-01 15:22:20,1993.9048855,da3b8f5f832d95192044762406363fda8d55ef19,1354571,,,,,,,,,,,,,,,,,,,,,,,,,,,,,,,,,,,,,,,,,,,,,,,,,,,,,,,,,,,,,TN,TN
autoland,4768071,12,69b95d09da21c937720a8d3aaca237f47b683aa9,linux1804-64-shippable-qr,True,False,,,102210fe594ee9b33d82058545b1ed14f4c8206e,browser-toolbox.connect.DAMP,damp,True,damp browser-toolbox.connect.DAMP opt e10s fission stylo webrender-sw,4767235,77,ms,firefox,441852134.0,1819356691,2024-01-01 20:27:36,1968.3435674999928,42461c8e1289d1829e0902914b12524c1fffa0a1,1354574,,,,,,,,,,,,,,,,,,,,,,,,,,,,,,,,,,,,,,,,,,,,,,,,,,,,,,,,,,,,,TN,TN
autoland,4768071,12,69b95d09da21c937720a8d3aaca237f47b683aa9,linux1804-64-shippable-qr,True,False,,,102210fe594ee9b33d82058545b1ed14f4c8206e,browser-toolbox.connect.DAMP,damp,True,damp browser-toolbox.connect.DAMP opt e10s fission stylo webrender-sw,4767235,77,ms,firefox,441876840.0,1819452558,2024-01-02 07:16:40,1999.024113999978,60c369c930dc96abae06a2e0ad6833a3574b803f,1354603,,,,,,,,,,,,,,,,,,,,,,,,,,,,,,,,,,,,,,,,,,,,,,,,,,,,,,,,,,,,,TN,TN
autoland,4768071,12,69b95d09da21c937720a8d3aaca237f47b683aa9,linux1804-64-shippable-qr,True,False,,,102210fe594ee9b33d82058545b1ed14f4c8206e,browser-toolbox.connect.DAMP,damp,True,damp browser-toolbox.connect.DAMP opt e10s fission stylo webrender-sw,4767235,77,ms,firefox,441903811.0,1819544144,2024-01-02 11:19:41,1973.2254784999825,399d9781e72b3a4a01e67c7f902f80c9df9da386,1354672,,,,,,,,,,,,,,,,,,,,,,,,,,,,,,,,,,,,,,,,,,,,,,,,,,,,,,,,,,,,,TN,TN
autoland,4768071,12,69b95d09da21c937720a8d3aaca237f47b683aa9,linux1804-64-shippable-qr,True,False,,,102210fe594ee9b33d82058545b1ed14f4c8206e,browser-toolbox.connect.DAMP,damp,True,damp browser-toolbox.connect.DAMP opt e10s fission stylo webrender-sw,4767235,77,ms,firefox,442249580.0,1820989260,2024-01-02 13:15:00,1972.634677999988,395cc57551ec664b965bc4b02cbbbbb68dff6286,1354724,,,,,,,,,,,,,,,,,,,,,,,,,,,,,,,,,,,,,,,,,,,,,,,,,,,,,,,,,,,,,TN,TN
autoland,4768071,12,69b95d09da21c937720a8d3aaca237f47b683aa9,linux1804-64-shippable-qr,True,False,,,102210fe594ee9b33d82058545b1ed14f4c8206e,browser-toolbox.connect.DAMP,damp,True,damp browser-toolbox.connect.DAMP opt e10s fission stylo webrender-sw,4767235,77,ms,firefox,442249542.0,1820988540,2024-01-02 13:34:00,1969.61715950002,eab1dc460d564b7d6a246de697b500489de7bbee,1354729,,,,,,,,,,,,,,,,,,,,,,,,,,,,,,,,,,,,,,,,,,,,,,,,,,,,,,,,,,,,,TN,TN
autoland,4768071,12,69b95d09da21c937720a8d3aaca237f47b683aa9,linux1804-64-shippable-qr,True,False,,,102210fe594ee9b33d82058545b1ed14f4c8206e,browser-toolbox.connect.DAMP,damp,True,damp browser-toolbox.connect.DAMP opt e10s fission stylo webrender-sw,4767235,77,ms,firefox,442249581.0,1820989501,2024-01-02 14:15:19,1951.8130230000245,6f7acb12848e0ad83579e7ff9c7b3c913f5b8268,1354742,,,,,,,,,,,,,,,,,,,,,,,,,,,,,,,,,,,,,,,,,,,,,,,,,,,,,,,,,,,,,TN,TN
autoland,4768071,12,69b95d09da21c937720a8d3aaca237f47b683aa9,linux1804-64-shippable-qr,True,False,,,102210fe594ee9b33d82058545b1ed14f4c8206e,browser-toolbox.connect.DAMP,damp,True,damp browser-toolbox.connect.DAMP opt e10s fission stylo webrender-sw,4767235,77,ms,firefox,442249676.0,1820990364,2024-01-02 14:44:59,1982.077081999996,bc25087baba17c78246db06bcab71c299fd8f46f,1354762,,,,,,,,,,,,,,,,,,,,,,,,,,,,,,,,,,,,,,,,,,,,,,,,,,,,,,,,,,,,,TN,TN
autoland,4768071,12,69b95d09da21c937720a8d3aaca237f47b683aa9,linux1804-64-shippable-qr,True,False,,,102210fe594ee9b33d82058545b1ed14f4c8206e,browser-toolbox.connect.DAMP,damp,True,damp browser-toolbox.connect.DAMP opt e10s fission stylo webrender-sw,4767235,77,ms,firefox,442249684.0,1820990771,2024-01-02 14:59:25,1975.9861790000068,78f88acf0cbc3f4a3ba9829fa6b1b2488f39c013,1354773,,,,,,,,,,,,,,,,,,,,,,,,,,,,,,,,,,,,,,,,,,,,,,,,,,,,,,,,,,,,,TN,TN
autoland,4768071,12,69b95d09da21c937720a8d3aaca237f47b683aa9,linux1804-64-shippable-qr,True,False,,,102210fe594ee9b33d82058545b1ed14f4c8206e,browser-toolbox.connect.DAMP,damp,True,damp browser-toolbox.connect.DAMP opt e10s fission stylo webrender-sw,4767235,77,ms,firefox,442242675.0,1820966158,2024-01-02 15:16:10,2019.9749285000144,e247bde2e205bab5f7a40a15efb188d3ef0eadcf,1354780,,,,,,,,,,,,,,,,,,,,,,,,,,,,,,,,,,,,,,,,,,,,,,,,,,,,,,,,,,,,,TN,TN
autoland,4768071,12,69b95d09da21c937720a8d3aaca237f47b683aa9,linux1804-64-shippable-qr,True,False,,,102210fe594ee9b33d82058545b1ed14f4c8206e,browser-toolbox.connect.DAMP,damp,True,damp browser-toolbox.connect.DAMP opt e10s fission stylo webrender-sw,4767235,77,ms,firefox,441931092.0,1819633792,2024-01-02 15:21:54,1966.886814999998,9f15f6c0236cc27aa82549841609068645c13445,1354784,,,,,,,,,,,,,,,,,,,,,,,,,,,,,,,,,,,,,,,,,,,,,,,,,,,,,,,,,,,,,TN,TN
autoland,4768071,12,69b95d09da21c937720a8d3aaca237f47b683aa9,linux1804-64-shippable-qr,True,False,,,102210fe594ee9b33d82058545b1ed14f4c8206e,browser-toolbox.connect.DAMP,damp,True,damp browser-toolbox.connect.DAMP opt e10s fission stylo webrender-sw,4767235,77,ms,firefox,442249572.0,1820989352,2024-01-02 15:34:23,1990.1881369999971,852a97b29ff0d925a34f6e2fa50382c0dcfe4e30,1354789,,,,,,,,,,,,,,,,,,,,,,,,,,,,,,,,,,,,,,,,,,,,,,,,,,,,,,,,,,,,,TN,TN
autoland,4768071,12,69b95d09da21c937720a8d3aaca237f47b683aa9,linux1804-64-shippable-qr,True,False,,,102210fe594ee9b33d82058545b1ed14f4c8206e,browser-toolbox.connect.DAMP,damp,True,damp browser-toolbox.connect.DAMP opt e10s fission stylo webrender-sw,4767235,77,ms,firefox,442249647.0,1820989816,2024-01-02 15:36:26,2038.9230009999883,87a7148b1541b67410633b88f2cd78ab1eaf00d5,1354791,,,,,,,,,,,,,,,,,,,,,,,,,,,,,,,,,,,,,,,,,,,,,,,,,,,,,,,,,,,,,TN,TN
autoland,4768071,12,69b95d09da21c937720a8d3aaca237f47b683aa9,linux1804-64-shippable-qr,True,False,,,102210fe594ee9b33d82058545b1ed14f4c8206e,browser-toolbox.connect.DAMP,damp,True,damp browser-toolbox.connect.DAMP opt e10s fission stylo webrender-sw,4767235,77,ms,firefox,441936934.0,1819683486,2024-01-02 15:38:43,2033.2696814999945,c44f0d09630a8cf36dac42c4eb31bf2a9395bf90,1354794,,,,,,,,,,,,,,,,,,,,,,,,,,,,,,,,,,,,,,,,,,,,,,,,,,,,,,,,,,,,,TN,TN
autoland,4768071,12,69b95d09da21c937720a8d3aaca237f47b683aa9,linux1804-64-shippable-qr,True,False,,,102210fe594ee9b33d82058545b1ed14f4c8206e,browser-toolbox.connect.DAMP,damp,True,damp browser-toolbox.connect.DAMP opt e10s fission stylo webrender-sw,4767235,77,ms,firefox,442250451.0,1820994519,2024-01-02 16:27:50,1994.5683560000248,187162df94e3970fc17d5ab3497c5431ae1dbcc0,1354817,,,,,,,,,,,,,,,,,,,,,,,,,,,,,,,,,,,,,,,,,,,,,,,,,,,,,,,,,,,,,TN,TN
autoland,4768071,12,69b95d09da21c937720a8d3aaca237f47b683aa9,linux1804-64-shippable-qr,True,False,,,102210fe594ee9b33d82058545b1ed14f4c8206e,browser-toolbox.connect.DAMP,damp,True,damp browser-toolbox.connect.DAMP opt e10s fission stylo webrender-sw,4767235,77,ms,firefox,442249692.0,1820990651,2024-01-02 16:37:41,2044.2736429999927,697b731b550cc99bf7c7ddf060e36d4470e59299,1354828,,,,,,,,,,,,,,,,,,,,,,,,,,,,,,,,,,,,,,,,,,,,,,,,,,,,,,,,,,,,,TN,TN
autoland,4768071,12,69b95d09da21c937720a8d3aaca237f47b683aa9,linux1804-64-shippable-qr,True,False,,,102210fe594ee9b33d82058545b1ed14f4c8206e,browser-toolbox.connect.DAMP,damp,True,damp browser-toolbox.connect.DAMP opt e10s fission stylo webrender-sw,4767235,77,ms,firefox,442249519.0,1820988340,2024-01-02 16:54:59,1972.7050219999217,4c051bde5ad2d5c80b759fae65c5ef8a8d17390b,1354842,,,,,,,,,,,,,,,,,,,,,,,,,,,,,,,,,,,,,,,,,,,,,,,,,,,,,,,,,,,,,TN,TN
autoland,4768071,12,69b95d09da21c937720a8d3aaca237f47b683aa9,linux1804-64-shippable-qr,True,False,,,102210fe594ee9b33d82058545b1ed14f4c8206e,browser-toolbox.connect.DAMP,damp,True,damp browser-toolbox.connect.DAMP opt e10s fission stylo webrender-sw,4767235,77,ms,firefox,442249470.0,1820987016,2024-01-02 17:37:39,1979.718469000014,faeeb14cb7c5339d33ee95930408fd672f104f92,1354857,,,,,,,,,,,,,,,,,,,,,,,,,,,,,,,,,,,,,,,,,,,,,,,,,,,,,,,,,,,,,TN,TN
autoland,4768071,12,69b95d09da21c937720a8d3aaca237f47b683aa9,linux1804-64-shippable-qr,True,False,,,102210fe594ee9b33d82058545b1ed14f4c8206e,browser-toolbox.connect.DAMP,damp,True,damp browser-toolbox.connect.DAMP opt e10s fission stylo webrender-sw,4767235,77,ms,firefox,442242663.0,1820966213,2024-01-02 17:41:48,2013.739875500003,962ef2c3b48376446425956b02a0aa60432b27dd,1354859,,,,,,,,,,,,,,,,,,,,,,,,,,,,,,,,,,,,,,,,,,,,,,,,,,,,,,,,,,,,,TN,TN
autoland,4768071,12,69b95d09da21c937720a8d3aaca237f47b683aa9,linux1804-64-shippable-qr,True,False,,,102210fe594ee9b33d82058545b1ed14f4c8206e,browser-toolbox.connect.DAMP,damp,True,damp browser-toolbox.connect.DAMP opt e10s fission stylo webrender-sw,4767235,77,ms,firefox,442249671.0,1820990165,2024-01-02 18:03:54,1955.5661264999944,7641a328a91ce0e32ea06246f7d0e55a6687de02,1354865,,,,,,,,,,,,,,,,,,,,,,,,,,,,,,,,,,,,,,,,,,,,,,,,,,,,,,,,,,,,,TN,TN
autoland,4768071,12,69b95d09da21c937720a8d3aaca237f47b683aa9,linux1804-64-shippable-qr,True,False,,,102210fe594ee9b33d82058545b1ed14f4c8206e,browser-toolbox.connect.DAMP,damp,True,damp browser-toolbox.connect.DAMP opt e10s fission stylo webrender-sw,4767235,77,ms,firefox,442242664.0,1820966327,2024-01-02 18:07:55,2065.1655140000075,516ebd786803907a1175de5295c2450105b0c6f6,1354868,,,,,,,,,,,,,,,,,,,,,,,,,,,,,,,,,,,,,,,,,,,,,,,,,,,,,,,,,,,,,TN,TN
autoland,4768071,12,69b95d09da21c937720a8d3aaca237f47b683aa9,linux1804-64-shippable-qr,True,False,,,102210fe594ee9b33d82058545b1ed14f4c8206e,browser-toolbox.connect.DAMP,damp,True,damp browser-toolbox.connect.DAMP opt e10s fission stylo webrender-sw,4767235,77,ms,firefox,442249522.0,1820987908,2024-01-02 19:04:50,1992.4640850000435,449e5b2c3e70200e2bd75ebd77c00de4381f811a,1354901,,,,,,,,,,,,,,,,,,,,,,,,,,,,,,,,,,,,,,,,,,,,,,,,,,,,,,,,,,,,,TN,TN
autoland,4768071,12,69b95d09da21c937720a8d3aaca237f47b683aa9,linux1804-64-shippable-qr,True,False,,,102210fe594ee9b33d82058545b1ed14f4c8206e,browser-toolbox.connect.DAMP,damp,True,damp browser-toolbox.connect.DAMP opt e10s fission stylo webrender-sw,4767235,77,ms,firefox,442249656.0,1820990289,2024-01-02 19:04:50,1983.683172500001,449e5b2c3e70200e2bd75ebd77c00de4381f811a,1354901,,,,,,,,,,,,,,,,,,,,,,,,,,,,,,,,,,,,,,,,,,,,,,,,,,,,,,,,,,,,,TN,TN
autoland,4768071,12,69b95d09da21c937720a8d3aaca237f47b683aa9,linux1804-64-shippable-qr,True,False,,,102210fe594ee9b33d82058545b1ed14f4c8206e,browser-toolbox.connect.DAMP,damp,True,damp browser-toolbox.connect.DAMP opt e10s fission stylo webrender-sw,4767235,77,ms,firefox,442249209.0,1820986577,2024-01-02 19:37:35,1959.266248,506b02ad09d390438bd298da24d5704b73f133fa,1354907,,,,,,,,,,,,,,,,,,,,,,,,,,,,,,,,,,,,,,,,,,,,,,,,,,,,,,,,,,,,,TN,TN
autoland,4768071,12,69b95d09da21c937720a8d3aaca237f47b683aa9,linux1804-64-shippable-qr,True,False,,,102210fe594ee9b33d82058545b1ed14f4c8206e,browser-toolbox.connect.DAMP,damp,True,damp browser-toolbox.connect.DAMP opt e10s fission stylo webrender-sw,4767235,77,ms,firefox,442249465.0,1820986686,2024-01-02 19:37:35,1969.056300500008,506b02ad09d390438bd298da24d5704b73f133fa,1354907,,,,,,,,,,,,,,,,,,,,,,,,,,,,,,,,,,,,,,,,,,,,,,,,,,,,,,,,,,,,,TN,TN
autoland,4768071,12,69b95d09da21c937720a8d3aaca237f47b683aa9,linux1804-64-shippable-qr,True,False,,,102210fe594ee9b33d82058545b1ed14f4c8206e,browser-toolbox.connect.DAMP,damp,True,damp browser-toolbox.connect.DAMP opt e10s fission stylo webrender-sw,4767235,77,ms,firefox,441957067.0,1819768874,2024-01-02 20:40:29,1980.8187395000127,cc67c788cded515a24f96c72c8a12b87a2cd1b3a,1354935,,,,,,,,,,,,,,,,,,,,,,,,,,,,,,,,,,,,,,,,,,,,,,,,,,,,,,,,,,,,,TN,TN
autoland,4768071,12,69b95d09da21c937720a8d3aaca237f47b683aa9,linux1804-64-shippable-qr,True,False,,,102210fe594ee9b33d82058545b1ed14f4c8206e,browser-toolbox.connect.DAMP,damp,True,damp browser-toolbox.connect.DAMP opt e10s fission stylo webrender-sw,4767235,77,ms,firefox,442249669.0,1820990406,2024-01-02 20:52:57,1972.8213105000104,3eb2ec6dfde5fff064bdcd427b4f135d79e1206a,1354940,,,,,,,,,,,,,,,,,,,,,,,,,,,,,,,,,,,,,,,,,,,,,,,,,,,,,,,,,,,,,TN,TN
autoland,4768071,12,69b95d09da21c937720a8d3aaca237f47b683aa9,linux1804-64-shippable-qr,True,False,,,102210fe594ee9b33d82058545b1ed14f4c8206e,browser-toolbox.connect.DAMP,damp,True,damp browser-toolbox.connect.DAMP opt e10s fission stylo webrender-sw,4767235,77,ms,firefox,442242665.0,1820966385,2024-01-02 21:13:28,2040.9923864999728,ac7e380f958137715450b519330707f0b1709df3,1354943,,,,,,,,,,,,,,,,,,,,,,,,,,,,,,,,,,,,,,,,,,,,,,,,,,,,,,,,,,,,,TN,TN
autoland,4768071,12,69b95d09da21c937720a8d3aaca237f47b683aa9,linux1804-64-shippable-qr,True,False,,,102210fe594ee9b33d82058545b1ed14f4c8206e,browser-toolbox.connect.DAMP,damp,True,damp browser-toolbox.connect.DAMP opt e10s fission stylo webrender-sw,4767235,77,ms,firefox,442249990.0,1820992443,2024-01-02 21:31:27,1968.6906595000185,b868288eb222e9d9bc797179a24d7c04862a7a55,1354949,,,,,,,,,,,,,,,,,,,,,,,,,,,,,,,,,,,,,,,,,,,,,,,,,,,,,,,,,,,,,TN,TN
autoland,4768071,12,69b95d09da21c937720a8d3aaca237f47b683aa9,linux1804-64-shippable-qr,True,False,,,102210fe594ee9b33d82058545b1ed14f4c8206e,browser-toolbox.connect.DAMP,damp,True,damp browser-toolbox.connect.DAMP opt e10s fission stylo webrender-sw,4767235,77,ms,firefox,442249663.0,1820990231,2024-01-02 22:08:32,1987.757236500016,bb5e7eeba83213c0d306997e6a269eb47a4d9469,1354965,,,,,,,,,,,,,,,,,,,,,,,,,,,,,,,,,,,,,,,,,,,,,,,,,,,,,,,,,,,,,TN,TN
autoland,4768071,12,69b95d09da21c937720a8d3aaca237f47b683aa9,linux1804-64-shippable-qr,True,False,,,102210fe594ee9b33d82058545b1ed14f4c8206e,browser-toolbox.connect.DAMP,damp,True,damp browser-toolbox.connect.DAMP opt e10s fission stylo webrender-sw,4767235,77,ms,firefox,442249556.0,1820988914,2024-01-02 22:59:28,1978.9251644999893,32e97f5ff9bbb036ce2bae171834d7de20d37d24,1354976,,,,,,,,,,,,,,,,,,,,,,,,,,,,,,,,,,,,,,,,,,,,,,,,,,,,,,,,,,,,,TN,TN
autoland,4768071,12,69b95d09da21c937720a8d3aaca237f47b683aa9,linux1804-64-shippable-qr,True,False,,,102210fe594ee9b33d82058545b1ed14f4c8206e,browser-toolbox.connect.DAMP,damp,True,damp browser-toolbox.connect.DAMP opt e10s fission stylo webrender-sw,4767235,77,ms,firefox,442249666.0,1820990492,2024-01-03 07:04:32,1999.857094499996,caedbf8b1b5b9738d0cce0608b2d39104e8e7c0d,1355051,,,,,,,,,,,,,,,,,,,,,,,,,,,,,,,,,,,,,,,,,,,,,,,,,,,,,,,,,,,,,TN,TN
autoland,4768071,12,69b95d09da21c937720a8d3aaca237f47b683aa9,linux1804-64-shippable-qr,True,False,,,102210fe594ee9b33d82058545b1ed14f4c8206e,browser-toolbox.connect.DAMP,damp,True,damp browser-toolbox.connect.DAMP opt e10s fission stylo webrender-sw,4767235,77,ms,firefox,442249668.0,1820990709,2024-01-03 07:04:32,2045.050707000002,caedbf8b1b5b9738d0cce0608b2d39104e8e7c0d,1355051,,,,,,,,,,,,,,,,,,,,,,,,,,,,,,,,,,,,,,,,,,,,,,,,,,,,,,,,,,,,,TN,TN
autoland,4768071,12,69b95d09da21c937720a8d3aaca237f47b683aa9,linux1804-64-shippable-qr,True,False,,,102210fe594ee9b33d82058545b1ed14f4c8206e,browser-toolbox.connect.DAMP,damp,True,damp browser-toolbox.connect.DAMP opt e10s fission stylo webrender-sw,4767235,77,ms,firefox,441991706.0,1819918199,2024-01-03 08:18:49,2062.0282135000234,655286516798565db497786ca92d9a8f7f7744bf,1355061,,,,,,,,,,,,,,,,,,,,,,,,,,,,,,,,,,,,,,,,,,,,,,,,,,,,,,,,,,,,,TN,TN
autoland,4768071,12,69b95d09da21c937720a8d3aaca237f47b683aa9,linux1804-64-shippable-qr,True,False,,,102210fe594ee9b33d82058545b1ed14f4c8206e,browser-toolbox.connect.DAMP,damp,True,damp browser-toolbox.connect.DAMP opt e10s fission stylo webrender-sw,4767235,77,ms,firefox,442249472.0,1820986950,2024-01-03 08:38:49,2036.1635374999896,fcc5af3762fa4f53e6ba913a73e475e624a8746a,1355068,,,,,,,,,,,,,,,,,,,,,,,,,,,,,,,,,,,,,,,,,,,,,,,,,,,,,,,,,,,,,TN,TN
autoland,4768071,12,69b95d09da21c937720a8d3aaca237f47b683aa9,linux1804-64-shippable-qr,True,False,,,102210fe594ee9b33d82058545b1ed14f4c8206e,browser-toolbox.connect.DAMP,damp,True,damp browser-toolbox.connect.DAMP opt e10s fission stylo webrender-sw,4767235,77,ms,firefox,442249969.0,1820991392,2024-01-03 09:35:40,2045.8570469999977,1cf071f9cbfe89084664e84475318e39d0e8f69b,1355079,,,,,,,,,,,,,,,,,,,,,,,,,,,,,,,,,,,,,,,,,,,,,,,,,,,,,,,,,,,,,TN,TN
autoland,4768071,12,69b95d09da21c937720a8d3aaca237f47b683aa9,linux1804-64-shippable-qr,True,False,,,102210fe594ee9b33d82058545b1ed14f4c8206e,browser-toolbox.connect.DAMP,damp,True,damp browser-toolbox.connect.DAMP opt e10s fission stylo webrender-sw,4767235,77,ms,firefox,442249642.0,1820990099,2024-01-03 10:16:42,2049.902828500024,114b1b228dac7cc85ea3663ae41699ce2cac537e,1355090,,,,,,,,,,,,,,,,,,,,,,,,,,,,,,,,,,,,,,,,,,,,,,,,,,,,,,,,,,,,,TN,TN
autoland,4768071,12,69b95d09da21c937720a8d3aaca237f47b683aa9,linux1804-64-shippable-qr,True,False,,,102210fe594ee9b33d82058545b1ed14f4c8206e,browser-toolbox.connect.DAMP,damp,True,damp browser-toolbox.connect.DAMP opt e10s fission stylo webrender-sw,4767235,77,ms,firefox,442249633.0,1820989607,2024-01-03 10:29:15,2007.790080000006,48c2eb88aa23c25bcb45f40779abce7269c72ec9,1355092,,,,,,,,,,,,,,,,,,,,,,,,,,,,,,,,,,,,,,,,,,,,,,,,,,,,,,,,,,,,,TN,TN
autoland,4768071,12,69b95d09da21c937720a8d3aaca237f47b683aa9,linux1804-64-shippable-qr,True,False,,,102210fe594ee9b33d82058545b1ed14f4c8206e,browser-toolbox.connect.DAMP,damp,True,damp browser-toolbox.connect.DAMP opt e10s fission stylo webrender-sw,4767235,77,ms,firefox,442249562.0,1820989098,2024-01-03 10:56:44,2030.784826499992,d3dae1fb305d1880eac12185af72ec5dbd610879,1355100,,,,,,,,,,,,,,,,,,,,,,,,,,,,,,,,,,,,,,,,,,,,,,,,,,,,,,,,,,,,,TN,TN
autoland,4768071,12,69b95d09da21c937720a8d3aaca237f47b683aa9,linux1804-64-shippable-qr,True,False,,,102210fe594ee9b33d82058545b1ed14f4c8206e,browser-toolbox.connect.DAMP,damp,True,damp browser-toolbox.connect.DAMP opt e10s fission stylo webrender-sw,4767235,77,ms,firefox,442250258.0,1820993053,2024-01-03 11:55:26,1978.9786589999712,036489e17b6cb116028dba6c187b7a9516cfbc46,1355116,,,,,,,,,,,,,,,,,,,,,,,,,,,,,,,,,,,,,,,,,,,,,,,,,,,,,,,,,,,,,TN,TN
autoland,4768071,12,69b95d09da21c937720a8d3aaca237f47b683aa9,linux1804-64-shippable-qr,True,False,,,102210fe594ee9b33d82058545b1ed14f4c8206e,browser-toolbox.connect.DAMP,damp,True,damp browser-toolbox.connect.DAMP opt e10s fission stylo webrender-sw,4767235,77,ms,firefox,442250604.0,1821001223,2024-01-03 12:08:39,2002.2774280000008,4bbcb0b06eff1f001a8de4b0827e5e60473a49b2,1355121,,,,,,,,,,,,,,,,,,,,,,,,,,,,,,,,,,,,,,,,,,,,,,,,,,,,,,,,,,,,,TN,TN
autoland,4768071,12,69b95d09da21c937720a8d3aaca237f47b683aa9,linux1804-64-shippable-qr,True,False,,,102210fe594ee9b33d82058545b1ed14f4c8206e,browser-toolbox.connect.DAMP,damp,True,damp browser-toolbox.connect.DAMP opt e10s fission stylo webrender-sw,4767235,77,ms,firefox,442028907.0,1820008705,2024-01-03 12:27:12,2060.2315309999976,9ea90dc23395fc3e2d9d2bd18598cc49434eeff1,1355126,,,,,,,,,,,,,,,,,,,,,,,,,,,,,,,,,,,,,,,,,,,,,,,,,,,,,,,,,,,,,TN,TN
autoland,4768071,12,69b95d09da21c937720a8d3aaca237f47b683aa9,linux1804-64-shippable-qr,True,False,,,102210fe594ee9b33d82058545b1ed14f4c8206e,browser-toolbox.connect.DAMP,damp,True,damp browser-toolbox.connect.DAMP opt e10s fission stylo webrender-sw,4767235,77,ms,firefox,442050270.0,1820103297,2024-01-03 16:19:36,1982.9808399999893,6aab4af4cab879cc95debd549578bc909a21cff7,1355230,,,,,,,,,,,,,,,,,,,,,,,,,,,,,,,,,,,,,,,,,,,,,,,,,,,,,,,,,,,,,TN,TN
autoland,4768071,12,69b95d09da21c937720a8d3aaca237f47b683aa9,linux1804-64-shippable-qr,True,False,,,102210fe594ee9b33d82058545b1ed14f4c8206e,browser-toolbox.connect.DAMP,damp,True,damp browser-toolbox.connect.DAMP opt e10s fission stylo webrender-sw,4767235,77,ms,firefox,442332466.0,1821307939,2024-01-03 17:04:18,1967.8430849999856,87457a1318b947c591636c0d1676ee255709f2c5,1355256,,,,,,,,,,,,,,,,,,,,,,,,,,,,,,,,,,,,,,,,,,,,,,,,,,,,,,,,,,,,,TN,TN
autoland,4768071,12,69b95d09da21c937720a8d3aaca237f47b683aa9,linux1804-64-shippable-qr,True,False,,,102210fe594ee9b33d82058545b1ed14f4c8206e,browser-toolbox.connect.DAMP,damp,True,damp browser-toolbox.connect.DAMP opt e10s fission stylo webrender-sw,4767235,77,ms,firefox,442332464.0,1821308436,2024-01-03 17:06:45,2044.0223750000005,c1e1da1248bbcde243b752c479244cd234dccdef,1355258,,,,,,,,,,,,,,,,,,,,,,,,,,,,,,,,,,,,,,,,,,,,,,,,,,,,,,,,,,,,,TN,TN
autoland,4768071,12,69b95d09da21c937720a8d3aaca237f47b683aa9,linux1804-64-shippable-qr,True,False,,,102210fe594ee9b33d82058545b1ed14f4c8206e,browser-toolbox.connect.DAMP,damp,True,damp browser-toolbox.connect.DAMP opt e10s fission stylo webrender-sw,4767235,77,ms,firefox,442332468.0,1821308166,2024-01-03 17:06:45,1967.2998700000023,c1e1da1248bbcde243b752c479244cd234dccdef,1355258,,,,,,,,,,,,,,,,,,,,,,,,,,,,,,,,,,,,,,,,,,,,,,,,,,,,,,,,,,,,,TN,TN
autoland,4768071,12,69b95d09da21c937720a8d3aaca237f47b683aa9,linux1804-64-shippable-qr,True,False,,,102210fe594ee9b33d82058545b1ed14f4c8206e,browser-toolbox.connect.DAMP,damp,True,damp browser-toolbox.connect.DAMP opt e10s fission stylo webrender-sw,4767235,77,ms,firefox,442332465.0,1821307883,2024-01-03 17:44:24,1955.8803084999815,3d6c40b854ea9e9685f28218ddd4e11d4365919e,1355281,,,,,,,,,,,,,,,,,,,,,,,,,,,,,,,,,,,,,,,,,,,,,,,,,,,,,,,,,,,,,TN,TN
autoland,4768071,12,69b95d09da21c937720a8d3aaca237f47b683aa9,linux1804-64-shippable-qr,True,False,,,102210fe594ee9b33d82058545b1ed14f4c8206e,browser-toolbox.connect.DAMP,damp,True,damp browser-toolbox.connect.DAMP opt e10s fission stylo webrender-sw,4767235,77,ms,firefox,442332470.0,1821308007,2024-01-03 17:44:24,2048.728200999991,3d6c40b854ea9e9685f28218ddd4e11d4365919e,1355281,,,,,,,,,,,,,,,,,,,,,,,,,,,,,,,,,,,,,,,,,,,,,,,,,,,,,,,,,,,,,TN,TN
autoland,4768071,12,69b95d09da21c937720a8d3aaca237f47b683aa9,linux1804-64-shippable-qr,True,False,,,102210fe594ee9b33d82058545b1ed14f4c8206e,browser-toolbox.connect.DAMP,damp,True,damp browser-toolbox.connect.DAMP opt e10s fission stylo webrender-sw,4767235,77,ms,firefox,442273769.0,1821154169,2024-01-03 18:24:16,1969.21754049998,93870567f80ed1c127e86b1cae77a3cb2e6c5473,1355321,,,,,,,,,,,,,,,,,,,,,,,,,,,,,,,,,,,,,,,,,,,,,,,,,,,,,,,,,,,,,TN,TN
autoland,4768071,12,69b95d09da21c937720a8d3aaca237f47b683aa9,linux1804-64-shippable-qr,True,False,,,102210fe594ee9b33d82058545b1ed14f4c8206e,browser-toolbox.connect.DAMP,damp,True,damp browser-toolbox.connect.DAMP opt e10s fission stylo webrender-sw,4767235,77,ms,firefox,442273770.0,1821153884,2024-01-03 19:00:20,1962.6874434999768,462cb57adafa4ea04f0412a3089bd5926bdef63f,1355343,,,,,,,,,,,,,,,,,,,,,,,,,,,,,,,,,,,,,,,,,,,,,,,,,,,,,,,,,,,,,TN,TN
autoland,4768071,12,69b95d09da21c937720a8d3aaca237f47b683aa9,linux1804-64-shippable-qr,True,False,,,102210fe594ee9b33d82058545b1ed14f4c8206e,browser-toolbox.connect.DAMP,damp,True,damp browser-toolbox.connect.DAMP opt e10s fission stylo webrender-sw,4767235,77,ms,firefox,442273782.0,1821154483,2024-01-03 19:14:58,1956.2238650000215,271462f27193e14ac7aa350072c5d150db55a4ba,1355346,,,,,,,,,,,,,,,,,,,,,,,,,,,,,,,,,,,,,,,,,,,,,,,,,,,,,,,,,,,,,TN,TN
autoland,4768071,12,69b95d09da21c937720a8d3aaca237f47b683aa9,linux1804-64-shippable-qr,True,False,,,102210fe594ee9b33d82058545b1ed14f4c8206e,browser-toolbox.connect.DAMP,damp,True,damp browser-toolbox.connect.DAMP opt e10s fission stylo webrender-sw,4767235,77,ms,firefox,442273815.0,1821154315,2024-01-03 19:56:22,1967.982843500009,786d3c41e7030bba9842b42cb1513261dbf8c7ed,1355365,,,,,,,,,,,,,,,,,,,,,,,,,,,,,,,,,,,,,,,,,,,,,,,,,,,,,,,,,,,,,TN,TN
autoland,4768071,12,69b95d09da21c937720a8d3aaca237f47b683aa9,linux1804-64-shippable-qr,True,False,,,102210fe594ee9b33d82058545b1ed14f4c8206e,browser-toolbox.connect.DAMP,damp,True,damp browser-toolbox.connect.DAMP opt e10s fission stylo webrender-sw,4767235,77,ms,firefox,442273814.0,1821154373,2024-01-03 20:00:56,2001.3640109999687,1c8d5b1d5fc3b032de5675f8c3119364188271f2,1355367,,,,,,,,,,,,,,,,,,,,,,,,,,,,,,,,,,,,,,,,,,,,,,,,,,,,,,,,,,,,,TN,TN
autoland,4768071,12,69b95d09da21c937720a8d3aaca237f47b683aa9,linux1804-64-shippable-qr,True,False,,,102210fe594ee9b33d82058545b1ed14f4c8206e,browser-toolbox.connect.DAMP,damp,True,damp browser-toolbox.connect.DAMP opt e10s fission stylo webrender-sw,4767235,77,ms,firefox,442074147.0,1820220769,2024-01-03 20:41:01,1985.241130499984,c5a68fbf81d038a69c4e9be728d50030fd0d6271,1355381,,,,,,,,,,,,,,,,,,,,,,,,,,,,,,,,,,,,,,,,,,,,,,,,,,,,,,,,,,,,,TN,TN
autoland,4768071,12,69b95d09da21c937720a8d3aaca237f47b683aa9,linux1804-64-shippable-qr,True,False,,,102210fe594ee9b33d82058545b1ed14f4c8206e,browser-toolbox.connect.DAMP,damp,True,damp browser-toolbox.connect.DAMP opt e10s fission stylo webrender-sw,4767235,77,ms,firefox,442075237.0,1820232300,2024-01-03 20:57:48,1986.019757999995,d071b2f4ff07e1815cfa6650ffafb87c9b7e9fb1,1355389,,,,,,,,,,,,,,,,,,,,,,,,,,,,,,,,,,,,,,,,,,,,,,,,,,,,,,,,,,,,,TN,TN
autoland,4768071,12,69b95d09da21c937720a8d3aaca237f47b683aa9,linux1804-64-shippable-qr,True,False,,,102210fe594ee9b33d82058545b1ed14f4c8206e,browser-toolbox.connect.DAMP,damp,True,damp browser-toolbox.connect.DAMP opt e10s fission stylo webrender-sw,4767235,77,ms,firefox,442096260.0,1820317465,2024-01-04 01:41:43,1937.704336499999,99d5c9d12fe8a000d9b092346826d2101720ee5f,1355473,,,,,,,,,,,,,,,,,,,,,,,,,,,,,,,,,,,,,,,,,,,,,,,,,,,,,,,,,,,,,TN,TN
autoland,4768071,12,69b95d09da21c937720a8d3aaca237f47b683aa9,linux1804-64-shippable-qr,True,False,,,102210fe594ee9b33d82058545b1ed14f4c8206e,browser-toolbox.connect.DAMP,damp,True,damp browser-toolbox.connect.DAMP opt e10s fission stylo webrender-sw,4767235,77,ms,firefox,442108388.0,1820373925,2024-01-04 05:54:21,1976.7641174999733,c285a1e59436529ca8d4acd4acf55d45e4277b1b,1355496,,,,,,,,,,,,,,,,,,,,,,,,,,,,,,,,,,,,,,,,,,,,,,,,,,,,,,,,,,,,,TN,TN
autoland,4768071,12,69b95d09da21c937720a8d3aaca237f47b683aa9,linux1804-64-shippable-qr,True,False,,,102210fe594ee9b33d82058545b1ed14f4c8206e,browser-toolbox.connect.DAMP,damp,True,damp browser-toolbox.connect.DAMP opt e10s fission stylo webrender-sw,4767235,77,ms,firefox,442138646.0,1820491153,2024-01-04 11:10:14,1952.07356600005,740351987a4ee46ea2c571e5824e859680bda968,1355581,,,,,,,,,,,,,,,,,,,,,,,,,,,,,,,,,,,,,,,,,,,,,,,,,,,,,,,,,,,,,TN,TN
autoland,4768071,12,69b95d09da21c937720a8d3aaca237f47b683aa9,linux1804-64-shippable-qr,True,False,,,102210fe594ee9b33d82058545b1ed14f4c8206e,browser-toolbox.connect.DAMP,damp,True,damp browser-toolbox.connect.DAMP opt e10s fission stylo webrender-sw,4767235,77,ms,firefox,442175978.0,1820625242,2024-01-04 15:17:03,1996.8084894999995,45533d2448ef281f6e604ca7626c0a6ecce3e188,1355683,,,,,,,,,,,,,,,,,,,,,,,,,,,,,,,,,,,,,,,,,,,,,,,,,,,,,,,,,,,,,TN,TN
autoland,4768071,12,69b95d09da21c937720a8d3aaca237f47b683aa9,linux1804-64-shippable-qr,True,False,,,102210fe594ee9b33d82058545b1ed14f4c8206e,browser-toolbox.connect.DAMP,damp,True,damp browser-toolbox.connect.DAMP opt e10s fission stylo webrender-sw,4767235,77,ms,firefox,442172709.0,1820603779,2024-01-04 15:42:51,2026.0082689999545,0a133d5fd15504b371307e44739e8f97c80096b9,1355702,,,,,,,,,,,,,,,,,,,,,,,,,,,,,,,,,,,,,,,,,,,,,,,,,,,,,,,,,,,,,TN,TN
autoland,4768071,12,69b95d09da21c937720a8d3aaca237f47b683aa9,linux1804-64-shippable-qr,True,False,,,102210fe594ee9b33d82058545b1ed14f4c8206e,browser-toolbox.connect.DAMP,damp,True,damp browser-toolbox.connect.DAMP opt e10s fission stylo webrender-sw,4767235,77,ms,firefox,442201403.0,1820774949,2024-01-04 19:37:18,1983.5465845000072,048b65210703dec3aec972f180b52548b2664f7d,1355859,,,,,,,,,,,,,,,,,,,,,,,,,,,,,,,,,,,,,,,,,,,,,,,,,,,,,,,,,,,,,TN,TN
autoland,4768071,12,69b95d09da21c937720a8d3aaca237f47b683aa9,linux1804-64-shippable-qr,True,False,,,102210fe594ee9b33d82058545b1ed14f4c8206e,browser-toolbox.connect.DAMP,damp,True,damp browser-toolbox.connect.DAMP opt e10s fission stylo webrender-sw,4767235,77,ms,firefox,442237854.0,1820918611,2024-01-05 00:18:01,1966.491413000018,84d53ee96a81d7e514d24d1fb3160e91d9cee533,1356034,,,,,,,,,,,,,,,,,,,,,,,,,,,,,,,,,,,,,,,,,,,,,,,,,,,,,,,,,,,,,TN,TN
autoland,4768071,12,69b95d09da21c937720a8d3aaca237f47b683aa9,linux1804-64-shippable-qr,True,False,,,102210fe594ee9b33d82058545b1ed14f4c8206e,browser-toolbox.connect.DAMP,damp,True,damp browser-toolbox.connect.DAMP opt e10s fission stylo webrender-sw,4767235,77,ms,firefox,442239383.0,1820933547,2024-01-05 00:22:57,1968.462612000032,fab155eb519c68377a585ffdc537174653ab847b,1356036,,,,,,,,,,,,,,,,,,,,,,,,,,,,,,,,,,,,,,,,,,,,,,,,,,,,,,,,,,,,,TN,TN
autoland,4768071,12,69b95d09da21c937720a8d3aaca237f47b683aa9,linux1804-64-shippable-qr,True,False,,,102210fe594ee9b33d82058545b1ed14f4c8206e,browser-toolbox.connect.DAMP,damp,True,damp browser-toolbox.connect.DAMP opt e10s fission stylo webrender-sw,4767235,77,ms,firefox,442250894.0,1821004975,2024-01-05 04:43:02,2042.6239225000168,376266ac23d50822ae8c18d60d1577f0b89b7c03,1356081,,,,,,,,,,,,,,,,,,,,,,,,,,,,,,,,,,,,,,,,,,,,,,,,,,,,,,,,,,,,,TN,TN
autoland,4768071,12,69b95d09da21c937720a8d3aaca237f47b683aa9,linux1804-64-shippable-qr,True,False,,,102210fe594ee9b33d82058545b1ed14f4c8206e,browser-toolbox.connect.DAMP,damp,True,damp browser-toolbox.connect.DAMP opt e10s fission stylo webrender-sw,4767235,77,ms,firefox,442266497.0,1821099046,2024-01-05 08:43:49,1967.603982999979,fa9bfcd5f0dbd19a8aaafddc25f6f73e4bcfd484,1356147,,,,,,,,,,,,,,,,,,,,,,,,,,,,,,,,,,,,,,,,,,,,,,,,,,,,,,,,,,,,,TN,TN
autoland,4768071,12,69b95d09da21c937720a8d3aaca237f47b683aa9,linux1804-64-shippable-qr,True,False,,,102210fe594ee9b33d82058545b1ed14f4c8206e,browser-toolbox.connect.DAMP,damp,True,damp browser-toolbox.connect.DAMP opt e10s fission stylo webrender-sw,4767235,77,ms,firefox,442314521.0,1821243837,2024-01-05 12:49:29,1958.916028,30bc5759ffcd80a2febc0a054214a3c910d31aea,1356208,,,,,,,,,,,,,,,,,,,,,,,,,,,,,,,,,,,,,,,,,,,,,,,,,,,,,,,,,,,,,TN,TN
autoland,4768071,12,69b95d09da21c937720a8d3aaca237f47b683aa9,linux1804-64-shippable-qr,True,False,,,102210fe594ee9b33d82058545b1ed14f4c8206e,browser-toolbox.connect.DAMP,damp,True,damp browser-toolbox.connect.DAMP opt e10s fission stylo webrender-sw,4767235,77,ms,firefox,442335412.0,1821327466,2024-01-05 17:02:32,2022.2376789999544,d2e417f0f208016a0a4e369e822a12e20ef4fc5f,1356351,,,,,,,,,,,,,,,,,,,,,,,,,,,,,,,,,,,,,,,,,,,,,,,,,,,,,,,,,,,,,TN,TN
autoland,4768071,12,69b95d09da21c937720a8d3aaca237f47b683aa9,linux1804-64-shippable-qr,True,False,,,102210fe594ee9b33d82058545b1ed14f4c8206e,browser-toolbox.connect.DAMP,damp,True,damp browser-toolbox.connect.DAMP opt e10s fission stylo webrender-sw,4767235,77,ms,firefox,442352938.0,1821403630,2024-01-05 19:52:18,1954.6068345000024,567f5a81c44108f44c4e694af42be8f209da4c0a,1356444,,,,,,,,,,,,,,,,,,,,,,,,,,,,,,,,,,,,,,,,,,,,,,,,,,,,,,,,,,,,,TN,TN
autoland,4768071,12,69b95d09da21c937720a8d3aaca237f47b683aa9,linux1804-64-shippable-qr,True,False,,,102210fe594ee9b33d82058545b1ed14f4c8206e,browser-toolbox.connect.DAMP,damp,True,damp browser-toolbox.connect.DAMP opt e10s fission stylo webrender-sw,4767235,77,ms,firefox,442379995.0,1821501488,2024-01-06 00:04:36,2027.680248500008,2a86438878465bd10e251c52285e2455425bfeb9,1356549,,,,,,,,,,,,,,,,,,,,,,,,,,,,,,,,,,,,,,,,,,,,,,,,,,,,,,,,,,,,,TN,TN
autoland,4768071,12,69b95d09da21c937720a8d3aaca237f47b683aa9,linux1804-64-shippable-qr,True,False,,,102210fe594ee9b33d82058545b1ed14f4c8206e,browser-toolbox.connect.DAMP,damp,True,damp browser-toolbox.connect.DAMP opt e10s fission stylo webrender-sw,4767235,77,ms,firefox,442381918.0,1821509843,2024-01-06 00:21:54,1972.9262865000053,ce6cf7dcf8b16c2a478f122f8bab575231c99881,1356554,,,,,,,,,,,,,,,,,,,,,,,,,,,,,,,,,,,,,,,,,,,,,,,,,,,,,,,,,,,,,TN,TN
autoland,4768071,12,69b95d09da21c937720a8d3aaca237f47b683aa9,linux1804-64-shippable-qr,True,False,,,102210fe594ee9b33d82058545b1ed14f4c8206e,browser-toolbox.connect.DAMP,damp,True,damp browser-toolbox.connect.DAMP opt e10s fission stylo webrender-sw,4767235,77,ms,firefox,442417616.0,1821701713,2024-01-06 12:48:14,1950.7752660000117,b54f34f26a3a753076473795a42574f426a960ee,1356631,,,,,,,,,,,,,,,,,,,,,,,,,,,,,,,,,,,,,,,,,,,,,,,,,,,,,,,,,,,,,TN,TN
autoland,4768071,12,69b95d09da21c937720a8d3aaca237f47b683aa9,linux1804-64-shippable-qr,True,False,,,102210fe594ee9b33d82058545b1ed14f4c8206e,browser-toolbox.connect.DAMP,damp,True,damp browser-toolbox.connect.DAMP opt e10s fission stylo webrender-sw,4767235,77,ms,firefox,442426216.0,1821749276,2024-01-06 17:09:10,1974.5129684999995,d6318b034527ed62918fa4fd893f093c084a6ccb,1356650,,,,,,,,,,,,,,,,,,,,,,,,,,,,,,,,,,,,,,,,,,,,,,,,,,,,,,,,,,,,,TN,TN
autoland,4768071,12,69b95d09da21c937720a8d3aaca237f47b683aa9,linux1804-64-shippable-qr,True,False,,,102210fe594ee9b33d82058545b1ed14f4c8206e,browser-toolbox.connect.DAMP,damp,True,damp browser-toolbox.connect.DAMP opt e10s fission stylo webrender-sw,4767235,77,ms,firefox,442441004.0,1821807955,2024-01-06 21:44:09,1975.6498734999916,1d9422a3e1d878f2f2c54ef4e836faabebfdfc9a,1356666,,,,,,,,,,,,,,,,,,,,,,,,,,,,,,,,,,,,,,,,,,,,,,,,,,,,,,,,,,,,,TN,TN
autoland,4768071,12,69b95d09da21c937720a8d3aaca237f47b683aa9,linux1804-64-shippable-qr,True,False,,,102210fe594ee9b33d82058545b1ed14f4c8206e,browser-toolbox.connect.DAMP,damp,True,damp browser-toolbox.connect.DAMP opt e10s fission stylo webrender-sw,4767235,77,ms,firefox,442481707.0,1822025355,2024-01-07 23:26:49,1982.2844309999928,47fc814524de5c30dfd7711cf3eda088303ad905,1356765,,,,,,,,,,,,,,,,,,,,,,,,,,,,,,,,,,,,,,,,,,,,,,,,,,,,,,,,,,,,,TN,TN
autoland,4768071,12,69b95d09da21c937720a8d3aaca237f47b683aa9,linux1804-64-shippable-qr,True,False,,,102210fe594ee9b33d82058545b1ed14f4c8206e,browser-toolbox.connect.DAMP,damp,True,damp browser-toolbox.connect.DAMP opt e10s fission stylo webrender-sw,4767235,77,ms,firefox,442486272.0,1822057994,2024-01-08 02:39:55,2050.3763559999934,750c44842f26873f40a2d09bc4ee94ecc4c39997,1356771,,,,,,,,,,,,,,,,,,,,,,,,,,,,,,,,,,,,,,,,,,,,,,,,,,,,,,,,,,,,,TN,TN
autoland,4768071,12,69b95d09da21c937720a8d3aaca237f47b683aa9,linux1804-64-shippable-qr,True,False,,,102210fe594ee9b33d82058545b1ed14f4c8206e,browser-toolbox.connect.DAMP,damp,True,damp browser-toolbox.connect.DAMP opt e10s fission stylo webrender-sw,4767235,77,ms,firefox,442538920.0,1822254986,2024-01-08 11:59:03,2026.5894759999792,f0a524f0a0085554a1bfdfe1320ee1e87caf7a94,1356886,,,,,,,,,,,,,,,,,,,,,,,,,,,,,,,,,,,,,,,,,,,,,,,,,,,,,,,,,,,,,TN,TN
autoland,4768071,12,69b95d09da21c937720a8d3aaca237f47b683aa9,linux1804-64-shippable-qr,True,False,,,102210fe594ee9b33d82058545b1ed14f4c8206e,browser-toolbox.connect.DAMP,damp,True,damp browser-toolbox.connect.DAMP opt e10s fission stylo webrender-sw,4767235,77,ms,firefox,442563872.0,1822362202,2024-01-08 15:57:02,1993.32200249999,fa142c3f71b8a5f5e5781fe41471dc1528cecd75,1357053,,,,,,,,,,,,,,,,,,,,,,,,,,,,,,,,,,,,,,,,,,,,,,,,,,,,,,,,,,,,,TN,TN
autoland,4768071,12,69b95d09da21c937720a8d3aaca237f47b683aa9,linux1804-64-shippable-qr,True,False,,,102210fe594ee9b33d82058545b1ed14f4c8206e,browser-toolbox.connect.DAMP,damp,True,damp browser-toolbox.connect.DAMP opt e10s fission stylo webrender-sw,4767235,77,ms,firefox,442593619.0,1822457762,2024-01-08 20:04:05,1984.706091,41ae953b02271ceda653046c5072bfe0329c7e96,1357175,,,,,,,,,,,,,,,,,,,,,,,,,,,,,,,,,,,,,,,,,,,,,,,,,,,,,,,,,,,,,TN,TN
autoland,4768071,12,69b95d09da21c937720a8d3aaca237f47b683aa9,linux1804-64-shippable-qr,True,False,,,102210fe594ee9b33d82058545b1ed14f4c8206e,browser-toolbox.connect.DAMP,damp,True,damp browser-toolbox.connect.DAMP opt e10s fission stylo webrender-sw,4767235,77,ms,firefox,442630608.0,1822625819,2024-01-09 02:28:42,1978.625317500002,ea866029ce2e23f03843038e1fd8ba7ca9ea30bb,1357330,,,,,,,,,,,,,,,,,,,,,,,,,,,,,,,,,,,,,,,,,,,,,,,,,,,,,,,,,,,,,TN,TN
autoland,4768071,12,69b95d09da21c937720a8d3aaca237f47b683aa9,linux1804-64-shippable-qr,True,False,,,102210fe594ee9b33d82058545b1ed14f4c8206e,browser-toolbox.connect.DAMP,damp,True,damp browser-toolbox.connect.DAMP opt e10s fission stylo webrender-sw,4767235,77,ms,firefox,442680629.0,1822914631,2024-01-09 11:20:33,2015.6660664999945,b29d6ace45f4ca84cd58b15ab4430194755a7056,1357465,,,,,,,,,,,,,,,,,,,,,,,,,,,,,,,,,,,,,,,,,,,,,,,,,,,,,,,,,,,,,TN,TN
autoland,4768071,12,69b95d09da21c937720a8d3aaca237f47b683aa9,linux1804-64-shippable-qr,True,False,,,102210fe594ee9b33d82058545b1ed14f4c8206e,browser-toolbox.connect.DAMP,damp,True,damp browser-toolbox.connect.DAMP opt e10s fission stylo webrender-sw,4767235,77,ms,firefox,442686272.0,1822941491,2024-01-09 11:56:06,1996.442208000015,051ee8b6b5420d6e2ef877ed6ff3a70306257659,1357476,,,,,,,,,,,,,,,,,,,,,,,,,,,,,,,,,,,,,,,,,,,,,,,,,,,,,,,,,,,,,TN,TN
autoland,4768071,12,69b95d09da21c937720a8d3aaca237f47b683aa9,linux1804-64-shippable-qr,True,False,,,102210fe594ee9b33d82058545b1ed14f4c8206e,browser-toolbox.connect.DAMP,damp,True,damp browser-toolbox.connect.DAMP opt e10s fission stylo webrender-sw,4767235,77,ms,firefox,442723763.0,1823120805,2024-01-09 16:23:43,1973.868382500019,39da72deac75c8026ae23df612934a7fc7c3693a,1357611,,,,,,,,,,,,,,,,,,,,,,,,,,,,,,,,,,,,,,,,,,,,,,,,,,,,,,,,,,,,,TN,TN
autoland,4768071,12,69b95d09da21c937720a8d3aaca237f47b683aa9,linux1804-64-shippable-qr,True,False,,,102210fe594ee9b33d82058545b1ed14f4c8206e,browser-toolbox.connect.DAMP,damp,True,damp browser-toolbox.connect.DAMP opt e10s fission stylo webrender-sw,4767235,77,ms,firefox,442726487.0,1823153599,2024-01-09 17:04:21,1971.2589290000176,65446098ef641575f65d67f1db14e51401e565de,1357636,,,,,,,,,,,,,,,,,,,,,,,,,,,,,,,,,,,,,,,,,,,,,,,,,,,,,,,,,,,,,TN,TN
autoland,4768071,12,69b95d09da21c937720a8d3aaca237f47b683aa9,linux1804-64-shippable-qr,True,False,,,102210fe594ee9b33d82058545b1ed14f4c8206e,browser-toolbox.connect.DAMP,damp,True,damp browser-toolbox.connect.DAMP opt e10s fission stylo webrender-sw,4767235,77,ms,firefox,442751794.0,1823244480,2024-01-09 20:55:28,1976.2033860000083,b089f828d54fe4d5fff32c8f142a603bc9d51325,1357773,,,,,,,,,,,,,,,,,,,,,,,,,,,,,,,,,,,,,,,,,,,,,,,,,,,,,,,,,,,,,TN,TN
autoland,4768071,12,69b95d09da21c937720a8d3aaca237f47b683aa9,linux1804-64-shippable-qr,True,False,,,102210fe594ee9b33d82058545b1ed14f4c8206e,browser-toolbox.connect.DAMP,damp,True,damp browser-toolbox.connect.DAMP opt e10s fission stylo webrender-sw,4767235,77,ms,firefox,442766554.0,1823337869,2024-01-09 23:58:45,2000.3456085,33d47d05c368a7b03c3843f70deb11c351eab0e7,1357896,,,,,,,,,,,,,,,,,,,,,,,,,,,,,,,,,,,,,,,,,,,,,,,,,,,,,,,,,,,,,TN,TN
autoland,4768071,12,69b95d09da21c937720a8d3aaca237f47b683aa9,linux1804-64-shippable-qr,True,False,,,102210fe594ee9b33d82058545b1ed14f4c8206e,browser-toolbox.connect.DAMP,damp,True,damp browser-toolbox.connect.DAMP opt e10s fission stylo webrender-sw,4767235,77,ms,firefox,442790826.0,1823483839,2024-01-10 06:33:00,1977.1915425000043,8d93c10892064c983f5603645b9f6db6494fac24,1357998,,,,,,,,,,,,,,,,,,,,,,,,,,,,,,,,,,,,,,,,,,,,,,,,,,,,,,,,,,,,,TN,TN
autoland,4768071,12,69b95d09da21c937720a8d3aaca237f47b683aa9,linux1804-64-shippable-qr,True,False,,,102210fe594ee9b33d82058545b1ed14f4c8206e,browser-toolbox.connect.DAMP,damp,True,damp browser-toolbox.connect.DAMP opt e10s fission stylo webrender-sw,4767235,77,ms,firefox,443159397.0,1825181263,2024-01-10 07:31:49,1958.495128000024,280bb157e35e8e5b59a0e940c176a2b37f0656ae,1358013,,,,,,,,,,,,,,,,,,,,,,,,,,,,,,,,,,,,,,,,,,,,,,,,,,,,,,,,,,,,,TN,TN
autoland,4768071,12,69b95d09da21c937720a8d3aaca237f47b683aa9,linux1804-64-shippable-qr,True,False,,,102210fe594ee9b33d82058545b1ed14f4c8206e,browser-toolbox.connect.DAMP,damp,True,damp browser-toolbox.connect.DAMP opt e10s fission stylo webrender-sw,4767235,77,ms,firefox,443159402.0,1825180472,2024-01-10 08:02:09,1985.5429774999936,58ede87a1f8abe2bc973d03315e4bbad4db2abb6,1358018,,,,,,,,,,,,,,,,,,,,,,,,,,,,,,,,,,,,,,,,,,,,,,,,,,,,,,,,,,,,,TN,TN
autoland,4768071,12,69b95d09da21c937720a8d3aaca237f47b683aa9,linux1804-64-shippable-qr,True,False,,,102210fe594ee9b33d82058545b1ed14f4c8206e,browser-toolbox.connect.DAMP,damp,True,damp browser-toolbox.connect.DAMP opt e10s fission stylo webrender-sw,4767235,77,ms,firefox,443159400.0,1825181583,2024-01-10 08:21:33,2025.498017999984,bc06c1cf74de795aa991e7d4a521fb8e1c8b7e53,1358028,,,,,,,,,,,,,,,,,,,,,,,,,,,,,,,,,,,,,,,,,,,,,,,,,,,,,,,,,,,,,TN,TN
autoland,4768071,12,69b95d09da21c937720a8d3aaca237f47b683aa9,linux1804-64-shippable-qr,True,False,,,102210fe594ee9b33d82058545b1ed14f4c8206e,browser-toolbox.connect.DAMP,damp,True,damp browser-toolbox.connect.DAMP opt e10s fission stylo webrender-sw,4767235,77,ms,firefox,443159405.0,1825180096,2024-01-10 09:29:07,1986.482353999978,a4460a4d595abec8d2e14cf3e8681d3d69c6708f,1358065,,,,,,,,,,,,,,,,,,,,,,,,,,,,,,,,,,,,,,,,,,,,,,,,,,,,,,,,,,,,,TN,TN
autoland,4768071,12,69b95d09da21c937720a8d3aaca237f47b683aa9,linux1804-64-shippable-qr,True,False,,,102210fe594ee9b33d82058545b1ed14f4c8206e,browser-toolbox.connect.DAMP,damp,True,damp browser-toolbox.connect.DAMP opt e10s fission stylo webrender-sw,4767235,77,ms,firefox,443159635.0,1825184998,2024-01-10 09:31:00,1948.269414499955,6a6df375ff626b63a26d4ce729e476952c61047d,1358066,,,,,,,,,,,,,,,,,,,,,,,,,,,,,,,,,,,,,,,,,,,,,,,,,,,,,,,,,,,,,TN,TN
autoland,4768071,12,69b95d09da21c937720a8d3aaca237f47b683aa9,linux1804-64-shippable-qr,True,False,,,102210fe594ee9b33d82058545b1ed14f4c8206e,browser-toolbox.connect.DAMP,damp,True,damp browser-toolbox.connect.DAMP opt e10s fission stylo webrender-sw,4767235,77,ms,firefox,443159636.0,1825186403,2024-01-10 09:58:10,2026.1808530000053,71f787466c3e6a033f9526a21fd1b86e94d3aec6,1358082,,,,,,,,,,,,,,,,,,,,,,,,,,,,,,,,,,,,,,,,,,,,,,,,,,,,,,,,,,,,,TN,TN
autoland,4768071,12,69b95d09da21c937720a8d3aaca237f47b683aa9,linux1804-64-shippable-qr,True,False,,,102210fe594ee9b33d82058545b1ed14f4c8206e,browser-toolbox.connect.DAMP,damp,True,damp browser-toolbox.connect.DAMP opt e10s fission stylo webrender-sw,4767235,77,ms,firefox,443159413.0,1825181455,2024-01-10 09:59:02,1963.6625750000092,165a83ec3c014932b80bbb9ac87319aa133f8a49,1358083,,,,,,,,,,,,,,,,,,,,,,,,,,,,,,,,,,,,,,,,,,,,,,,,,,,,,,,,,,,,,TN,TN
autoland,4768071,12,69b95d09da21c937720a8d3aaca237f47b683aa9,linux1804-64-shippable-qr,True,False,,,102210fe594ee9b33d82058545b1ed14f4c8206e,browser-toolbox.connect.DAMP,damp,True,damp browser-toolbox.connect.DAMP opt e10s fission stylo webrender-sw,4767235,77,ms,firefox,443159419.0,1825175678,2024-01-10 09:59:49,1632.4459470000074,a9c022b21ed73f81e68b6ef7ae34598c2acc6895,1358084,,,,,,,,,,,,,,,,,,,,,,,,,,,,,,,,,,,,,,,,,,,,,,,,,,,,,,,,,,,,,TN,TN
autoland,4768071,12,69b95d09da21c937720a8d3aaca237f47b683aa9,linux1804-64-shippable-qr,True,False,,,102210fe594ee9b33d82058545b1ed14f4c8206e,browser-toolbox.connect.DAMP,damp,True,damp browser-toolbox.connect.DAMP opt e10s fission stylo webrender-sw,4767235,77,ms,firefox,442820126.0,1823612905,2024-01-10 10:37:21,2044.009865500004,c892e00c62dbbeba07a14640ce9baf3a7c27383d,1358093,,,,,,,,,,,,,,,,,,,,,,,,,,,,,,,,,,,,,,,,,,,,,,,,,,,,,,,,,,,,,TN,TN
autoland,4768071,12,69b95d09da21c937720a8d3aaca237f47b683aa9,linux1804-64-shippable-qr,True,False,,,102210fe594ee9b33d82058545b1ed14f4c8206e,browser-toolbox.connect.DAMP,damp,True,damp browser-toolbox.connect.DAMP opt e10s fission stylo webrender-sw,4767235,77,ms,firefox,442830931.0,1823633151,2024-01-10 11:50:05,2038.775005500007,645f7ed438fb8172e3e4db34d3d7821251ae066c,1358132,,,,,,,,,,,,,,,,,,,,,,,,,,,,,,,,,,,,,,,,,,,,,,,,,,,,,,,,,,,,,TN,TN
autoland,4768071,12,69b95d09da21c937720a8d3aaca237f47b683aa9,linux1804-64-shippable-qr,True,False,,,102210fe594ee9b33d82058545b1ed14f4c8206e,browser-toolbox.connect.DAMP,damp,True,damp browser-toolbox.connect.DAMP opt e10s fission stylo webrender-sw,4767235,77,ms,firefox,443159395.0,1825178715,2024-01-10 14:10:18,1976.900941999993,653151a83b5bf292b5fb1bc05f747c88fa6a9195,1358205,,,,,,,,,,,,,,,,,,,,,,,,,,,,,,,,,,,,,,,,,,,,,,,,,,,,,,,,,,,,,TN,TN
autoland,4768071,12,69b95d09da21c937720a8d3aaca237f47b683aa9,linux1804-64-shippable-qr,True,False,,,102210fe594ee9b33d82058545b1ed14f4c8206e,browser-toolbox.connect.DAMP,damp,True,damp browser-toolbox.connect.DAMP opt e10s fission stylo webrender-sw,4767235,77,ms,firefox,443159396.0,1825177998,2024-01-10 14:26:21,2025.9374100000127,8bd484b05cc656c15711a18f18500bf01fafed17,1358211,,,,,,,,,,,,,,,,,,,,,,,,,,,,,,,,,,,,,,,,,,,,,,,,,,,,,,,,,,,,,TN,TN
autoland,4768071,12,69b95d09da21c937720a8d3aaca237f47b683aa9,linux1804-64-shippable-qr,True,False,,,102210fe594ee9b33d82058545b1ed14f4c8206e,browser-toolbox.connect.DAMP,damp,True,damp browser-toolbox.connect.DAMP opt e10s fission stylo webrender-sw,4767235,77,ms,firefox,443159399.0,1825180471,2024-01-10 14:33:41,2033.8735794999736,187c82b484997b357bdb89a0d5be2abb39eaaa50,1358213,,,,,,,,,,,,,,,,,,,,,,,,,,,,,,,,,,,,,,,,,,,,,,,,,,,,,,,,,,,,,TN,TN
autoland,4768071,12,69b95d09da21c937720a8d3aaca237f47b683aa9,linux1804-64-shippable-qr,True,False,,,102210fe594ee9b33d82058545b1ed14f4c8206e,browser-toolbox.connect.DAMP,damp,True,damp browser-toolbox.connect.DAMP opt e10s fission stylo webrender-sw,4767235,77,ms,firefox,443159637.0,1825185356,2024-01-10 14:34:24,2011.4099645000388,74cd2a02db33462dff080279e5c53957c3c5725e,1358214,,,,,,,,,,,,,,,,,,,,,,,,,,,,,,,,,,,,,,,,,,,,,,,,,,,,,,,,,,,,,TN,TN
autoland,4768071,12,69b95d09da21c937720a8d3aaca237f47b683aa9,linux1804-64-shippable-qr,True,False,,,102210fe594ee9b33d82058545b1ed14f4c8206e,browser-toolbox.connect.DAMP,damp,True,damp browser-toolbox.connect.DAMP opt e10s fission stylo webrender-sw,4767235,77,ms,firefox,443159634.0,1825185953,2024-01-10 14:36:21,2019.3468410000205,b9371a18f1d57089dfbb6f59ea083a209978b48c,1358217,,,,,,,,,,,,,,,,,,,,,,,,,,,,,,,,,,,,,,,,,,,,,,,,,,,,,,,,,,,,,TN,TN
autoland,4768071,12,69b95d09da21c937720a8d3aaca237f47b683aa9,linux1804-64-shippable-qr,True,False,,,102210fe594ee9b33d82058545b1ed14f4c8206e,browser-toolbox.connect.DAMP,damp,True,damp browser-toolbox.connect.DAMP opt e10s fission stylo webrender-sw,4767235,77,ms,firefox,443159412.0,1825179170,2024-01-10 14:51:52,2036.6911825000425,8e9f0ddca775a51f2e7d7d7ca8ad9cf65e71af6b,1358225,,,,,,,,,,,,,,,,,,,,,,,,,,,,,,,,,,,,,,,,,,,,,,,,,,,,,,,,,,,,,TN,TN
autoland,4768071,12,69b95d09da21c937720a8d3aaca237f47b683aa9,linux1804-64-shippable-qr,True,False,,,102210fe594ee9b33d82058545b1ed14f4c8206e,browser-toolbox.connect.DAMP,damp,True,damp browser-toolbox.connect.DAMP opt e10s fission stylo webrender-sw,4767235,77,ms,firefox,443159415.0,1825182298,2024-01-10 15:08:01,1980.5565134999847,1c750a1732587e3087eef34602f4db18db976280,1358232,,,,,,,,,,,,,,,,,,,,,,,,,,,,,,,,,,,,,,,,,,,,,,,,,,,,,,,,,,,,,TN,TN
autoland,4768071,12,69b95d09da21c937720a8d3aaca237f47b683aa9,linux1804-64-shippable-qr,True,False,,,102210fe594ee9b33d82058545b1ed14f4c8206e,browser-toolbox.connect.DAMP,damp,True,damp browser-toolbox.connect.DAMP opt e10s fission stylo webrender-sw,4767235,77,ms,firefox,443159418.0,1825183152,2024-01-10 15:15:07,1964.0392634999955,1cd3cffeda1bbc916f13235acd07d9c70e6c5aca,1358233,,,,,,,,,,,,,,,,,,,,,,,,,,,,,,,,,,,,,,,,,,,,,,,,,,,,,,,,,,,,,TN,TN
autoland,4768071,12,69b95d09da21c937720a8d3aaca237f47b683aa9,linux1804-64-shippable-qr,True,False,,,102210fe594ee9b33d82058545b1ed14f4c8206e,browser-toolbox.connect.DAMP,damp,True,damp browser-toolbox.connect.DAMP opt e10s fission stylo webrender-sw,4767235,77,ms,firefox,443159430.0,1825183333,2024-01-10 15:18:08,1984.9460560000296,a45a5a1a1c7f7ccf50275176de827f2a9f1c9776,1358236,,,,,,,,,,,,,,,,,,,,,,,,,,,,,,,,,,,,,,,,,,,,,,,,,,,,,,,,,,,,,TN,TN
autoland,4768071,12,69b95d09da21c937720a8d3aaca237f47b683aa9,linux1804-64-shippable-qr,True,False,,,102210fe594ee9b33d82058545b1ed14f4c8206e,browser-toolbox.connect.DAMP,damp,True,damp browser-toolbox.connect.DAMP opt e10s fission stylo webrender-sw,4767235,77,ms,firefox,442859340.0,1823727745,2024-01-10 15:53:53,1958.6213210000133,abbd6756776d8ea1ff22b8a5ee76e1417583f893,1358258,,,,,,,,,,,,,,,,,,,,,,,,,,,,,,,,,,,,,,,,,,,,,,,,,,,,,,,,,,,,,TN,TN
autoland,4768071,12,69b95d09da21c937720a8d3aaca237f47b683aa9,linux1804-64-shippable-qr,True,False,,,102210fe594ee9b33d82058545b1ed14f4c8206e,browser-toolbox.connect.DAMP,damp,True,damp browser-toolbox.connect.DAMP opt e10s fission stylo webrender-sw,4767235,77,ms,firefox,443159438.0,1825182690,2024-01-10 18:54:28,2022.1108060000115,9cdb1eb0826ac9edc410406bc2cb63a7ed9b1089,1358380,,,,,,,,,,,,,,,,,,,,,,,,,,,,,,,,,,,,,,,,,,,,,,,,,,,,,,,,,,,,,TN,TN
autoland,4768071,12,69b95d09da21c937720a8d3aaca237f47b683aa9,linux1804-64-shippable-qr,True,False,,,102210fe594ee9b33d82058545b1ed14f4c8206e,browser-toolbox.connect.DAMP,damp,True,damp browser-toolbox.connect.DAMP opt e10s fission stylo webrender-sw,4767235,77,ms,firefox,443159434.0,1825181666,2024-01-10 19:03:37,1985.566225499992,251453e9c9c7e656ec3426cda131666a989925fe,1358381,,,,,,,,,,,,,,,,,,,,,,,,,,,,,,,,,,,,,,,,,,,,,,,,,,,,,,,,,,,,,TN,TN
autoland,4768071,12,69b95d09da21c937720a8d3aaca237f47b683aa9,linux1804-64-shippable-qr,True,False,,,102210fe594ee9b33d82058545b1ed14f4c8206e,browser-toolbox.connect.DAMP,damp,True,damp browser-toolbox.connect.DAMP opt e10s fission stylo webrender-sw,4767235,77,ms,firefox,443159436.0,1825181886,2024-01-10 19:06:18,1972.8443870000192,61e842ee7603e832f64772352372d8976b3d3ca9,1358382,,,,,,,,,,,,,,,,,,,,,,,,,,,,,,,,,,,,,,,,,,,,,,,,,,,,,,,,,,,,,TN,TN
autoland,4768071,12,69b95d09da21c937720a8d3aaca237f47b683aa9,linux1804-64-shippable-qr,True,False,,,102210fe594ee9b33d82058545b1ed14f4c8206e,browser-toolbox.connect.DAMP,damp,True,damp browser-toolbox.connect.DAMP opt e10s fission stylo webrender-sw,4767235,77,ms,firefox,443163126.0,1825207469,2024-01-10 19:07:04,1952.0970749999976,b5b123b83e400a5f12017c6b5b0db79dd0325f6c,1358383,,,,,,,,,,,,,,,,,,,,,,,,,,,,,,,,,,,,,,,,,,,,,,,,,,,,,,,,,,,,,TN,TN
autoland,4768071,12,69b95d09da21c937720a8d3aaca237f47b683aa9,linux1804-64-shippable-qr,True,False,,,102210fe594ee9b33d82058545b1ed14f4c8206e,browser-toolbox.connect.DAMP,damp,True,damp browser-toolbox.connect.DAMP opt e10s fission stylo webrender-sw,4767235,77,ms,firefox,443159594.0,1825183835,2024-01-10 19:07:49,2008.1486034999837,350fac42df08982dcb6992f3ab5c733a119bce8f,1358384,,,,,,,,,,,,,,,,,,,,,,,,,,,,,,,,,,,,,,,,,,,,,,,,,,,,,,,,,,,,,TN,TN
autoland,4768071,12,69b95d09da21c937720a8d3aaca237f47b683aa9,linux1804-64-shippable-qr,True,False,,,102210fe594ee9b33d82058545b1ed14f4c8206e,browser-toolbox.connect.DAMP,damp,True,damp browser-toolbox.connect.DAMP opt e10s fission stylo webrender-sw,4767235,77,ms,firefox,443163758.0,1825214913,2024-01-10 19:09:03,1974.378156000006,fe54bf7adef07c981ea02056742b1b7997a27d55,1358385,,,,,,,,,,,,,,,,,,,,,,,,,,,,,,,,,,,,,,,,,,,,,,,,,,,,,,,,,,,,,TN,TN
autoland,4768071,12,69b95d09da21c937720a8d3aaca237f47b683aa9,linux1804-64-shippable-qr,True,False,,,102210fe594ee9b33d82058545b1ed14f4c8206e,browser-toolbox.connect.DAMP,damp,True,damp browser-toolbox.connect.DAMP opt e10s fission stylo webrender-sw,4767235,77,ms,firefox,443159611.0,1825184180,2024-01-10 19:10:03,1973.6446640000067,458c0783f7ef6db5479223028ce92c46ae80f22a,1358387,,,,,,,,,,,,,,,,,,,,,,,,,,,,,,,,,,,,,,,,,,,,,,,,,,,,,,,,,,,,,TN,TN
autoland,4768071,12,69b95d09da21c937720a8d3aaca237f47b683aa9,linux1804-64-shippable-qr,True,False,,,102210fe594ee9b33d82058545b1ed14f4c8206e,browser-toolbox.connect.DAMP,damp,True,damp browser-toolbox.connect.DAMP opt e10s fission stylo webrender-sw,4767235,77,ms,firefox,443159619.0,1825183954,2024-01-10 19:51:36,1958.1622100000093,d64ccbb142d9833b16b884c4e6aeea9c74a1e22b,1358400,,,,,,,,,,,,,,,,,,,,,,,,,,,,,,,,,,,,,,,,,,,,,,,,,,,,,,,,,,,,,TN,TN
autoland,4768071,12,69b95d09da21c937720a8d3aaca237f47b683aa9,linux1804-64-shippable-qr,True,False,,,102210fe594ee9b33d82058545b1ed14f4c8206e,browser-toolbox.connect.DAMP,damp,True,damp browser-toolbox.connect.DAMP opt e10s fission stylo webrender-sw,4767235,77,ms,firefox,442879736.0,1823913548,2024-01-10 20:02:55,1963.8596154999975,13107fcd50cf2795a397cd8d72ce290a0b34a909,1358406,,,,,,,,,,,,,,,,,,,,,,,,,,,,,,,,,,,,,,,,,,,,,,,,,,,,,,,,,,,,,TN,TN
autoland,4768071,12,69b95d09da21c937720a8d3aaca237f47b683aa9,linux1804-64-shippable-qr,True,False,,,102210fe594ee9b33d82058545b1ed14f4c8206e,browser-toolbox.connect.DAMP,damp,True,damp browser-toolbox.connect.DAMP opt e10s fission stylo webrender-sw,4767235,77,ms,firefox,444505453.0,1831607938,2024-01-10 20:39:40,1990.4560439999989,1cc5c9da21b9497e3a8fe1d6fc99d85f333ccf33,1358419,,,,,,,,,,,,,,,,,,,,,,,,,,,,,,,,,,,,,,,,,,,,,,,,,,,,,,,,,,,,,TN,TN
autoland,4768071,12,69b95d09da21c937720a8d3aaca237f47b683aa9,linux1804-64-shippable-qr,True,False,,,102210fe594ee9b33d82058545b1ed14f4c8206e,browser-toolbox.connect.DAMP,damp,True,damp browser-toolbox.connect.DAMP opt e10s fission stylo webrender-sw,4767235,77,ms,firefox,443165518.0,1825229200,2024-01-10 21:13:53,1961.8201659999904,d22fed811153dd57a64b870e61e4b48df62f8e3c,1358442,,,,,,,,,,,,,,,,,,,,,,,,,,,,,,,,,,,,,,,,,,,,,,,,,,,,,,,,,,,,,TN,TN
autoland,4768071,12,69b95d09da21c937720a8d3aaca237f47b683aa9,linux1804-64-shippable-qr,True,False,,,102210fe594ee9b33d82058545b1ed14f4c8206e,browser-toolbox.connect.DAMP,damp,True,damp browser-toolbox.connect.DAMP opt e10s fission stylo webrender-sw,4767235,77,ms,firefox,443167313.0,1825237177,2024-01-10 21:35:37,1996.9399469999623,4f0f6ab2148e436e5be8fbbf651289c0cb720579,1358450,,,,,,,,,,,,,,,,,,,,,,,,,,,,,,,,,,,,,,,,,,,,,,,,,,,,,,,,,,,,,TN,TN
autoland,4768071,12,69b95d09da21c937720a8d3aaca237f47b683aa9,linux1804-64-shippable-qr,True,False,,,102210fe594ee9b33d82058545b1ed14f4c8206e,browser-toolbox.connect.DAMP,damp,True,damp browser-toolbox.connect.DAMP opt e10s fission stylo webrender-sw,4767235,77,ms,firefox,443171718.0,1825237489,2024-01-10 22:21:42,1958.6125109999996,042984eb1bdcadba5c328c492909070e34bf41b0,1358473,,,,,,,,,,,,,,,,,,,,,,,,,,,,,,,,,,,,,,,,,,,,,,,,,,,,,,,,,,,,,TN,TN
autoland,4768071,12,69b95d09da21c937720a8d3aaca237f47b683aa9,linux1804-64-shippable-qr,True,False,,,102210fe594ee9b33d82058545b1ed14f4c8206e,browser-toolbox.connect.DAMP,damp,True,damp browser-toolbox.connect.DAMP opt e10s fission stylo webrender-sw,4767235,77,ms,firefox,443167796.0,1825237547,2024-01-10 22:22:35,1958.7931204999916,2bc745cb5371d40786e53b62b890128ca522719d,1358474,,,,,,,,,,,,,,,,,,,,,,,,,,,,,,,,,,,,,,,,,,,,,,,,,,,,,,,,,,,,,TN,TN
autoland,4768071,12,69b95d09da21c937720a8d3aaca237f47b683aa9,linux1804-64-shippable-qr,True,False,,,102210fe594ee9b33d82058545b1ed14f4c8206e,browser-toolbox.connect.DAMP,damp,True,damp browser-toolbox.connect.DAMP opt e10s fission stylo webrender-sw,4767235,77,ms,firefox,443167238.0,1825237242,2024-01-10 22:25:24,1998.264301999996,f78d4c24f10a34e74934cb4a4d68c6e94c295c96,1358476,,,,,,,,,,,,,,,,,,,,,,,,,,,,,,,,,,,,,,,,,,,,,,,,,,,,,,,,,,,,,TN,TN
autoland,4768071,12,69b95d09da21c937720a8d3aaca237f47b683aa9,linux1804-64-shippable-qr,True,False,,,102210fe594ee9b33d82058545b1ed14f4c8206e,browser-toolbox.connect.DAMP,damp,True,damp browser-toolbox.connect.DAMP opt e10s fission stylo webrender-sw,4767235,77,ms,firefox,443168736.0,1825238106,2024-01-10 22:26:48,1997.445204500007,7f87b0764c74048b838db26d830890ad54891dd3,1358479,,,,,,,,,,,,,,,,,,,,,,,,,,,,,,,,,,,,,,,,,,,,,,,,,,,,,,,,,,,,,TN,TN
autoland,4768071,12,69b95d09da21c937720a8d3aaca237f47b683aa9,linux1804-64-shippable-qr,True,False,,,102210fe594ee9b33d82058545b1ed14f4c8206e,browser-toolbox.connect.DAMP,damp,True,damp browser-toolbox.connect.DAMP opt e10s fission stylo webrender-sw,4767235,77,ms,firefox,443167771.0,1825237786,2024-01-10 22:54:02,2041.8662215000224,9f21945b69ad19a6ba5f21fb6b4bcb97080616c8,1358500,,,,,,,,,,,,,,,,,,,,,,,,,,,,,,,,,,,,,,,,,,,,,,,,,,,,,,,,,,,,,TN,TN
autoland,4768071,12,69b95d09da21c937720a8d3aaca237f47b683aa9,linux1804-64-shippable-qr,True,False,,,102210fe594ee9b33d82058545b1ed14f4c8206e,browser-toolbox.connect.DAMP,damp,True,damp browser-toolbox.connect.DAMP opt e10s fission stylo webrender-sw,4767235,77,ms,firefox,443159628.0,1825183277,2024-01-10 23:33:37,1996.7661304999929,1313a6a0c64105a9456f30667c95fbc948fc245a,1358528,,,,,,,,,,,,,,,,,,,,,,,,,,,,,,,,,,,,,,,,,,,,,,,,,,,,,,,,,,,,,TN,TN
autoland,4768071,12,69b95d09da21c937720a8d3aaca237f47b683aa9,linux1804-64-shippable-qr,True,False,,,102210fe594ee9b33d82058545b1ed14f4c8206e,browser-toolbox.connect.DAMP,damp,True,damp browser-toolbox.connect.DAMP opt e10s fission stylo webrender-sw,4767235,77,ms,firefox,442907027.0,1823958878,2024-01-11 01:22:24,1996.009721000068,1a93f0a64a7f897212da58c5753433922e0953cb,1358548,,,,,,,,,,,,,,,,,,,,,,,,,,,,,,,,,,,,,,,,,,,,,,,,,,,,,,,,,,,,,TN,TN
autoland,4768071,12,69b95d09da21c937720a8d3aaca237f47b683aa9,linux1804-64-shippable-qr,True,False,,,102210fe594ee9b33d82058545b1ed14f4c8206e,browser-toolbox.connect.DAMP,damp,True,damp browser-toolbox.connect.DAMP opt e10s fission stylo webrender-sw,4767235,77,ms,firefox,442928547.0,1824061585,2024-01-11 07:34:58,2008.8786570000084,53b379d2ca1da12d341d8c9f8e59575152c88b27,1358622,,,,,,,,,,,,,,,,,,,,,,,,,,,,,,,,,,,,,,,,,,,,,,,,,,,,,,,,,,,,,TN,TN
autoland,4768071,12,69b95d09da21c937720a8d3aaca237f47b683aa9,linux1804-64-shippable-qr,True,False,,,102210fe594ee9b33d82058545b1ed14f4c8206e,browser-toolbox.connect.DAMP,damp,True,damp browser-toolbox.connect.DAMP opt e10s fission stylo webrender-sw,4767235,77,ms,firefox,442936372.0,1824099403,2024-01-11 09:13:52,2009.10265049999,0bd36479d605b1a8748ee37096ff0d54383f0402,1358650,,,,,,,,,,,,,,,,,,,,,,,,,,,,,,,,,,,,,,,,,,,,,,,,,,,,,,,,,,,,,TN,TN
autoland,4768071,12,69b95d09da21c937720a8d3aaca237f47b683aa9,linux1804-64-shippable-qr,True,False,,,102210fe594ee9b33d82058545b1ed14f4c8206e,browser-toolbox.connect.DAMP,damp,True,damp browser-toolbox.connect.DAMP opt e10s fission stylo webrender-sw,4767235,77,ms,firefox,442968726.0,1824219431,2024-01-11 13:33:40,1952.4075659999653,9e9da9a3335070604e4d44a2a97d897ca73a4c16,1358737,,,,,,,,,,,,,,,,,,,,,,,,,,,,,,,,,,,,,,,,,,,,,,,,,,,,,,,,,,,,,TN,TN
autoland,4768071,12,69b95d09da21c937720a8d3aaca237f47b683aa9,linux1804-64-shippable-qr,True,False,,,102210fe594ee9b33d82058545b1ed14f4c8206e,browser-toolbox.connect.DAMP,damp,True,damp browser-toolbox.connect.DAMP opt e10s fission stylo webrender-sw,4767235,77,ms,firefox,442982713.0,1824268293,2024-01-11 15:31:24,1986.6018310000215,0fbc415c1704aee17dbd065e8d41e057993f1797,1358816,,,,,,,,,,,,,,,,,,,,,,,,,,,,,,,,,,,,,,,,,,,,,,,,,,,,,,,,,,,,,TN,TN
autoland,4768071,12,69b95d09da21c937720a8d3aaca237f47b683aa9,linux1804-64-shippable-qr,True,False,,,102210fe594ee9b33d82058545b1ed14f4c8206e,browser-toolbox.connect.DAMP,damp,True,damp browser-toolbox.connect.DAMP opt e10s fission stylo webrender-sw,4767235,77,ms,firefox,443018944.0,1824400774,2024-01-11 19:45:18,1951.048130999996,51d3d025e7fa3113193da45b9c1b1d792060a4c3,1358981,,,,,,,,,,,,,,,,,,,,,,,,,,,,,,,,,,,,,,,,,,,,,,,,,,,,,,,,,,,,,TN,TN
autoland,4768071,12,69b95d09da21c937720a8d3aaca237f47b683aa9,linux1804-64-shippable-qr,True,False,,,102210fe594ee9b33d82058545b1ed14f4c8206e,browser-toolbox.connect.DAMP,damp,True,damp browser-toolbox.connect.DAMP opt e10s fission stylo webrender-sw,4767235,77,ms,firefox,443020597.0,1824414562,2024-01-11 20:05:09,1995.3424175000252,8f1e9e2c902a89cfb9f9ea20307fb3ee8a91a4af,1358995,,,,,,,,,,,,,,,,,,,,,,,,,,,,,,,,,,,,,,,,,,,,,,,,,,,,,,,,,,,,,TN,TN
autoland,4768071,12,69b95d09da21c937720a8d3aaca237f47b683aa9,linux1804-64-shippable-qr,True,False,,,102210fe594ee9b33d82058545b1ed14f4c8206e,browser-toolbox.connect.DAMP,damp,True,damp browser-toolbox.connect.DAMP opt e10s fission stylo webrender-sw,4767235,77,ms,firefox,443056301.0,1824611979,2024-01-12 01:35:24,1990.263468499994,1d2ccbe0bb6db4d9628b16914b33c5dc5e9406dc,1359176,,,,,,,,,,,,,,,,,,,,,,,,,,,,,,,,,,,,,,,,,,,,,,,,,,,,,,,,,,,,,TN,TN
autoland,4768071,12,69b95d09da21c937720a8d3aaca237f47b683aa9,linux1804-64-shippable-qr,True,False,,,102210fe594ee9b33d82058545b1ed14f4c8206e,browser-toolbox.connect.DAMP,damp,True,damp browser-toolbox.connect.DAMP opt e10s fission stylo webrender-sw,4767235,77,ms,firefox,443072274.0,1824750597,2024-01-12 05:09:20,1974.4032760000264,1dc9f987063cf678f5c26e7534eadc8bfd186fa9,1359210,,,,,,,,,,,,,,,,,,,,,,,,,,,,,,,,,,,,,,,,,,,,,,,,,,,,,,,,,,,,,TN,TN
autoland,4768071,12,69b95d09da21c937720a8d3aaca237f47b683aa9,linux1804-64-shippable-qr,True,False,,,102210fe594ee9b33d82058545b1ed14f4c8206e,browser-toolbox.connect.DAMP,damp,True,damp browser-toolbox.connect.DAMP opt e10s fission stylo webrender-sw,4767235,77,ms,firefox,443098303.0,1824878775,2024-01-12 09:17:33,1968.3399524999693,734e2e027196a9d64120ebf11a01a1b03e494d43,1359269,,,,,,,,,,,,,,,,,,,,,,,,,,,,,,,,,,,,,,,,,,,,,,,,,,,,,,,,,,,,,TN,TN
autoland,4768071,12,69b95d09da21c937720a8d3aaca237f47b683aa9,linux1804-64-shippable-qr,True,False,,,102210fe594ee9b33d82058545b1ed14f4c8206e,browser-toolbox.connect.DAMP,damp,True,damp browser-toolbox.connect.DAMP opt e10s fission stylo webrender-sw,4767235,77,ms,firefox,443099864.0,1824892125,2024-01-12 09:50:00,1999.104868500028,04e959fcffc3608cfdc8e3812cac822a94eb7f79,1359287,,,,,,,,,,,,,,,,,,,,,,,,,,,,,,,,,,,,,,,,,,,,,,,,,,,,,,,,,,,,,TN,TN
autoland,4768071,12,69b95d09da21c937720a8d3aaca237f47b683aa9,linux1804-64-shippable-qr,True,False,,,102210fe594ee9b33d82058545b1ed14f4c8206e,browser-toolbox.connect.DAMP,damp,True,damp browser-toolbox.connect.DAMP opt e10s fission stylo webrender-sw,4767235,77,ms,firefox,443126563.0,1825006641,2024-01-12 13:58:07,1952.3127779999777,ce67ec7f0570e0dbbb4af59d868791341b3ae825,1359382,,,,,,,,,,,,,,,,,,,,,,,,,,,,,,,,,,,,,,,,,,,,,,,,,,,,,,,,,,,,,TN,TN
autoland,4768071,12,69b95d09da21c937720a8d3aaca237f47b683aa9,linux1804-64-shippable-qr,True,False,,,102210fe594ee9b33d82058545b1ed14f4c8206e,browser-toolbox.connect.DAMP,damp,True,damp browser-toolbox.connect.DAMP opt e10s fission stylo webrender-sw,4767235,77,ms,firefox,443138654.0,1825107225,2024-01-12 15:59:03,1939.3395220000168,ca885660ea6d70595474b1663ce6806f7a86a6ea,1359473,,,,,,,,,,,,,,,,,,,,,,,,,,,,,,,,,,,,,,,,,,,,,,,,,,,,,,,,,,,,,TN,TN
autoland,4768071,12,69b95d09da21c937720a8d3aaca237f47b683aa9,linux1804-64-shippable-qr,True,False,,,102210fe594ee9b33d82058545b1ed14f4c8206e,browser-toolbox.connect.DAMP,damp,True,damp browser-toolbox.connect.DAMP opt e10s fission stylo webrender-sw,4767235,77,ms,firefox,443165852.0,1825232113,2024-01-12 19:38:29,2060.998339499958,00f949eecc1be917553e235f582aeb7e1e1146fd,1359666,,,,,,,,,,,,,,,,,,,,,,,,,,,,,,,,,,,,,,,,,,,,,,,,,,,,,,,,,,,,,TN,TN
autoland,4768071,12,69b95d09da21c937720a8d3aaca237f47b683aa9,linux1804-64-shippable-qr,True,False,,,102210fe594ee9b33d82058545b1ed14f4c8206e,browser-toolbox.connect.DAMP,damp,True,damp browser-toolbox.connect.DAMP opt e10s fission stylo webrender-sw,4767235,77,ms,firefox,443184345.0,1825293809,2024-01-12 23:40:01,1983.131057499966,53d4d65c33f1a556689dd9de738b173142e52749,1359778,,,,,,,,,,,,,,,,,,,,,,,,,,,,,,,,,,,,,,,,,,,,,,,,,,,,,,,,,,,,,TN,TN
autoland,4768071,12,69b95d09da21c937720a8d3aaca237f47b683aa9,linux1804-64-shippable-qr,True,False,,,102210fe594ee9b33d82058545b1ed14f4c8206e,browser-toolbox.connect.DAMP,damp,True,damp browser-toolbox.connect.DAMP opt e10s fission stylo webrender-sw,4767235,77,ms,firefox,443204251.0,1825429691,2024-01-13 08:47:40,1995.084771499984,1c1cef3dae75411dbe9bc03547274f506cade636,1359844,,,,,,,,,,,,,,,,,,,,,,,,,,,,,,,,,,,,,,,,,,,,,,,,,,,,,,,,,,,,,TN,TN
autoland,4768071,12,69b95d09da21c937720a8d3aaca237f47b683aa9,linux1804-64-shippable-qr,True,False,,,102210fe594ee9b33d82058545b1ed14f4c8206e,browser-toolbox.connect.DAMP,damp,True,damp browser-toolbox.connect.DAMP opt e10s fission stylo webrender-sw,4767235,77,ms,firefox,443228344.0,1825524015,2024-01-13 14:38:07,1960.085140500014,9e96d1447f6c77f15bcd1c7fa432cefae4418038,1359886,,,,,,,,,,,,,,,,,,,,,,,,,,,,,,,,,,,,,,,,,,,,,,,,,,,,,,,,,,,,,TN,TN
autoland,4768071,12,69b95d09da21c937720a8d3aaca237f47b683aa9,linux1804-64-shippable-qr,True,False,,,102210fe594ee9b33d82058545b1ed14f4c8206e,browser-toolbox.connect.DAMP,damp,True,damp browser-toolbox.connect.DAMP opt e10s fission stylo webrender-sw,4767235,77,ms,firefox,443248607.0,1825616546,2024-01-13 23:22:39,2010.1155659999783,05b08c9f9a5822b969513dda16d5f55e322ade4f,1359908,,,,,,,,,,,,,,,,,,,,,,,,,,,,,,,,,,,,,,,,,,,,,,,,,,,,,,,,,,,,,TN,TN
autoland,4768071,12,69b95d09da21c937720a8d3aaca237f47b683aa9,linux1804-64-shippable-qr,True,False,,,102210fe594ee9b33d82058545b1ed14f4c8206e,browser-toolbox.connect.DAMP,damp,True,damp browser-toolbox.connect.DAMP opt e10s fission stylo webrender-sw,4767235,77,ms,firefox,443275700.0,1825769839,2024-01-14 13:25:52,1949.2559260000053,b24d63d72f77a64fe5d8bce6420b88e7e0c4d9da,1359942,,,,,,,,,,,,,,,,,,,,,,,,,,,,,,,,,,,,,,,,,,,,,,,,,,,,,,,,,,,,,TN,TN
autoland,4768071,12,69b95d09da21c937720a8d3aaca237f47b683aa9,linux1804-64-shippable-qr,True,False,,,102210fe594ee9b33d82058545b1ed14f4c8206e,browser-toolbox.connect.DAMP,damp,True,damp browser-toolbox.connect.DAMP opt e10s fission stylo webrender-sw,4767235,77,ms,firefox,443299258.0,1825865128,2024-01-15 05:08:04,2008.0027960000152,de4567bec5231630b24dbc8a0f117c108e274afc,1360013,,,,,,,,,,,,,,,,,,,,,,,,,,,,,,,,,,,,,,,,,,,,,,,,,,,,,,,,,,,,,TN,TN
autoland,4768071,12,69b95d09da21c937720a8d3aaca237f47b683aa9,linux1804-64-shippable-qr,True,False,,,102210fe594ee9b33d82058545b1ed14f4c8206e,browser-toolbox.connect.DAMP,damp,True,damp browser-toolbox.connect.DAMP opt e10s fission stylo webrender-sw,4767235,77,ms,firefox,443303544.0,1825894496,2024-01-15 06:43:10,2046.8616974999968,fed0bf16c40eba956c10bb3214420acaf75ee212,1360023,,,,,,,,,,,,,,,,,,,,,,,,,,,,,,,,,,,,,,,,,,,,,,,,,,,,,,,,,,,,,TN,TN
autoland,4768071,12,69b95d09da21c937720a8d3aaca237f47b683aa9,linux1804-64-shippable-qr,True,False,,,102210fe594ee9b33d82058545b1ed14f4c8206e,browser-toolbox.connect.DAMP,damp,True,damp browser-toolbox.connect.DAMP opt e10s fission stylo webrender-sw,4767235,77,ms,firefox,443331994.0,1826014536,2024-01-15 11:02:38,1980.0038539999728,43598f45eee98e83ea2f55ce9a36e000770cf985,1360080,,,,,,,,,,,,,,,,,,,,,,,,,,,,,,,,,,,,,,,,,,,,,,,,,,,,,,,,,,,,,TN,TN
autoland,4768071,12,69b95d09da21c937720a8d3aaca237f47b683aa9,linux1804-64-shippable-qr,True,False,,,102210fe594ee9b33d82058545b1ed14f4c8206e,browser-toolbox.connect.DAMP,damp,True,damp browser-toolbox.connect.DAMP opt e10s fission stylo webrender-sw,4767235,77,ms,firefox,443343240.0,1826048840,2024-01-15 13:01:22,1982.8462689999944,253b1ef032b4e35683449c7af5d9effaa417e813,1360125,,,,,,,,,,,,,,,,,,,,,,,,,,,,,,,,,,,,,,,,,,,,,,,,,,,,,,,,,,,,,TN,TN
autoland,4768071,12,69b95d09da21c937720a8d3aaca237f47b683aa9,linux1804-64-shippable-qr,True,False,,,102210fe594ee9b33d82058545b1ed14f4c8206e,browser-toolbox.connect.DAMP,damp,True,damp browser-toolbox.connect.DAMP opt e10s fission stylo webrender-sw,4767235,77,ms,firefox,443369307.0,1826210619,2024-01-15 16:45:21,1996.5410030000205,a9ede7f8216422a86a2b25e0696d884c8a069b78,1360291,,,,,,,,,,,,,,,,,,,,,,,,,,,,,,,,,,,,,,,,,,,,,,,,,,,,,,,,,,,,,TN,TN
autoland,4768071,12,69b95d09da21c937720a8d3aaca237f47b683aa9,linux1804-64-shippable-qr,True,False,,,102210fe594ee9b33d82058545b1ed14f4c8206e,browser-toolbox.connect.DAMP,damp,True,damp browser-toolbox.connect.DAMP opt e10s fission stylo webrender-sw,4767235,77,ms,firefox,443410163.0,1826308560,2024-01-15 21:04:35,1960.566798999964,8a68c5a8cac8300a140767d36eaed293e8f2664c,1360446,,,,,,,,,,,,,,,,,,,,,,,,,,,,,,,,,,,,,,,,,,,,,,,,,,,,,,,,,,,,,TN,TN
autoland,4768071,12,69b95d09da21c937720a8d3aaca237f47b683aa9,linux1804-64-shippable-qr,True,False,,,102210fe594ee9b33d82058545b1ed14f4c8206e,browser-toolbox.connect.DAMP,damp,True,damp browser-toolbox.connect.DAMP opt e10s fission stylo webrender-sw,4767235,77,ms,firefox,443421762.0,1826368664,2024-01-16 02:30:18,1943.533066999982,02d1a62ad90af487d859bc4971a43862dceeda6e,1360561,,,,,,,,,,,,,,,,,,,,,,,,,,,,,,,,,,,,,,,,,,,,,,,,,,,,,,,,,,,,,TN,TN
autoland,4768071,12,69b95d09da21c937720a8d3aaca237f47b683aa9,linux1804-64-shippable-qr,True,False,,,102210fe594ee9b33d82058545b1ed14f4c8206e,browser-toolbox.connect.DAMP,damp,True,damp browser-toolbox.connect.DAMP opt e10s fission stylo webrender-sw,4767235,77,ms,firefox,443427910.0,1826401839,2024-01-16 03:41:09,1937.3371274999809,70cdba288eb3585a65e68748b4aecfe615cf92e8,1360576,,,,,,,,,,,,,,,,,,,,,,,,,,,,,,,,,,,,,,,,,,,,,,,,,,,,,,,,,,,,,TN,TN
autoland,4768071,12,69b95d09da21c937720a8d3aaca237f47b683aa9,linux1804-64-shippable-qr,True,False,,,102210fe594ee9b33d82058545b1ed14f4c8206e,browser-toolbox.connect.DAMP,damp,True,damp browser-toolbox.connect.DAMP opt e10s fission stylo webrender-sw,4767235,77,ms,firefox,443447371.0,1826542729,2024-01-16 08:02:14,1945.1226114999736,f2c924263ffece6d0b30e6a52dfd32792c5bf5ab,1360634,,,,,,,,,,,,,,,,,,,,,,,,,,,,,,,,,,,,,,,,,,,,,,,,,,,,,,,,,,,,,TN,TN
autoland,4768071,12,69b95d09da21c937720a8d3aaca237f47b683aa9,linux1804-64-shippable-qr,True,False,,,102210fe594ee9b33d82058545b1ed14f4c8206e,browser-toolbox.connect.DAMP,damp,True,damp browser-toolbox.connect.DAMP opt e10s fission stylo webrender-sw,4767235,77,ms,firefox,443485295.0,1826657506,2024-01-16 12:14:54,1954.7951729999916,b7a792b71de6beb8e167d10494fa1c387f55f9c2,1360755,,,,,,,,,,,,,,,,,,,,,,,,,,,,,,,,,,,,,,,,,,,,,,,,,,,,,,,,,,,,,TN,TN
autoland,4768071,12,69b95d09da21c937720a8d3aaca237f47b683aa9,linux1804-64-shippable-qr,True,False,,,102210fe594ee9b33d82058545b1ed14f4c8206e,browser-toolbox.connect.DAMP,damp,True,damp browser-toolbox.connect.DAMP opt e10s fission stylo webrender-sw,4767235,77,ms,firefox,443504495.0,1826747437,2024-01-16 16:10:42,1951.567155499972,c57d859580d036c47f9c0140e247b012211f6475,1360921,,,,,,,,,,,,,,,,,,,,,,,,,,,,,,,,,,,,,,,,,,,,,,,,,,,,,,,,,,,,,TN,TN
autoland,4768071,12,69b95d09da21c937720a8d3aaca237f47b683aa9,linux1804-64-shippable-qr,True,False,,,102210fe594ee9b33d82058545b1ed14f4c8206e,browser-toolbox.connect.DAMP,damp,True,damp browser-toolbox.connect.DAMP opt e10s fission stylo webrender-sw,4767235,77,ms,firefox,443521372.0,1826846374,2024-01-16 18:47:57,1986.3697584999609,70d83d705e48aa6e7e7f765142176e775044db26,1361053,,,,,,,,,,,,,,,,,,,,,,,,,,,,,,,,,,,,,,,,,,,,,,,,,,,,,,,,,,,,,TN,TN
autoland,4768071,12,69b95d09da21c937720a8d3aaca237f47b683aa9,linux1804-64-shippable-qr,True,False,,,102210fe594ee9b33d82058545b1ed14f4c8206e,browser-toolbox.connect.DAMP,damp,True,damp browser-toolbox.connect.DAMP opt e10s fission stylo webrender-sw,4767235,77,ms,firefox,443539025.0,1826892802,2024-01-16 21:05:47,1949.8810355000169,be11cd2890f611f1552236eed7ffe53fba913a46,1361171,,,,,,,,,,,,,,,,,,,,,,,,,,,,,,,,,,,,,,,,,,,,,,,,,,,,,,,,,,,,,TN,TN
autoland,4768071,12,69b95d09da21c937720a8d3aaca237f47b683aa9,linux1804-64-shippable-qr,True,False,,,102210fe594ee9b33d82058545b1ed14f4c8206e,browser-toolbox.connect.DAMP,damp,True,damp browser-toolbox.connect.DAMP opt e10s fission stylo webrender-sw,4767235,77,ms,firefox,443555476.0,1826979116,2024-01-17 00:27:37,1953.103204999992,2425c93f20f61b806df955141332d7cb553c6efb,1361277,,,,,,,,,,,,,,,,,,,,,,,,,,,,,,,,,,,,,,,,,,,,,,,,,,,,,,,,,,,,,TN,TN
autoland,4768071,12,69b95d09da21c937720a8d3aaca237f47b683aa9,linux1804-64-shippable-qr,True,False,,,102210fe594ee9b33d82058545b1ed14f4c8206e,browser-toolbox.connect.DAMP,damp,True,damp browser-toolbox.connect.DAMP opt e10s fission stylo webrender-sw,4767235,77,ms,firefox,443573311.0,1827124211,2024-01-17 05:04:36,1955.0587550000052,71000174812fc0992b6793e53ac5f11f1b87bdc0,1361364,,,,,,,,,,,,,,,,,,,,,,,,,,,,,,,,,,,,,,,,,,,,,,,,,,,,,,,,,,,,,TN,TN
autoland,4768071,12,69b95d09da21c937720a8d3aaca237f47b683aa9,linux1804-64-shippable-qr,True,False,,,102210fe594ee9b33d82058545b1ed14f4c8206e,browser-toolbox.connect.DAMP,damp,True,damp browser-toolbox.connect.DAMP opt e10s fission stylo webrender-sw,4767235,77,ms,firefox,443604811.0,1827239481,2024-01-17 09:39:35,1965.7810550000288,504ffc20d2ebb35be48357830d614ec96765c802,1361428,,,,,,,,,,,,,,,,,,,,,,,,,,,,,,,,,,,,,,,,,,,,,,,,,,,,,,,,,,,,,TN,TN
autoland,4768071,12,69b95d09da21c937720a8d3aaca237f47b683aa9,linux1804-64-shippable-qr,True,False,,,102210fe594ee9b33d82058545b1ed14f4c8206e,browser-toolbox.connect.DAMP,damp,True,damp browser-toolbox.connect.DAMP opt e10s fission stylo webrender-sw,4767235,77,ms,firefox,443625014.0,1827262084,2024-01-17 11:04:44,1957.4381944999916,362d9aca9e101b9ee8f7efe2a7c456e245e6313c,1361499,,,,,,,,,,,,,,,,,,,,,,,,,,,,,,,,,,,,,,,,,,,,,,,,,,,,,,,,,,,,,TN,TN
autoland,4768071,12,69b95d09da21c937720a8d3aaca237f47b683aa9,linux1804-64-shippable-qr,True,False,,,102210fe594ee9b33d82058545b1ed14f4c8206e,browser-toolbox.connect.DAMP,damp,True,damp browser-toolbox.connect.DAMP opt e10s fission stylo webrender-sw,4767235,77,ms,firefox,443665053.0,1827444913,2024-01-17 15:07:48,1926.7211360000076,848e3e2acdf34af9e6862b8a77a8d1ea39c48098,1361632,,,,,,,,,,,,,,,,,,,,,,,,,,,,,,,,,,,,,,,,,,,,,,,,,,,,,,,,,,,,,TN,TN
autoland,4768071,12,69b95d09da21c937720a8d3aaca237f47b683aa9,linux1804-64-shippable-qr,True,False,,,102210fe594ee9b33d82058545b1ed14f4c8206e,browser-toolbox.connect.DAMP,damp,True,damp browser-toolbox.connect.DAMP opt e10s fission stylo webrender-sw,4767235,77,ms,firefox,443666757.0,1827463625,2024-01-17 15:18:54,1973.93012249998,a11dab561c63102a4ed97f42068f448ec332c652,1361644,,,,,,,,,,,,,,,,,,,,,,,,,,,,,,,,,,,,,,,,,,,,,,,,,,,,,,,,,,,,,TN,TN
autoland,4768071,12,69b95d09da21c937720a8d3aaca237f47b683aa9,linux1804-64-shippable-qr,True,False,,,102210fe594ee9b33d82058545b1ed14f4c8206e,browser-toolbox.connect.DAMP,damp,True,damp browser-toolbox.connect.DAMP opt e10s fission stylo webrender-sw,4767235,77,ms,firefox,443714363.0,1827660535,2024-01-17 23:49:06,1975.7534835000115,fe239ad8a8aea4198d356ae3ab92415c5237b530,1361957,,,,,,,,,,,,,,,,,,,,,,,,,,,,,,,,,,,,,,,,,,,,,,,,,,,,,,,,,,,,,TN,TN
autoland,4768071,12,69b95d09da21c937720a8d3aaca237f47b683aa9,linux1804-64-shippable-qr,True,False,,,102210fe594ee9b33d82058545b1ed14f4c8206e,browser-toolbox.connect.DAMP,damp,True,damp browser-toolbox.connect.DAMP opt e10s fission stylo webrender-sw,4767235,77,ms,firefox,443715140.0,1827688169,2024-01-17 23:52:50,1991.9023670000024,79a6322a49b2f811fe674c1802ab75b99d9c95a3,1361961,,,,,,,,,,,,,,,,,,,,,,,,,,,,,,,,,,,,,,,,,,,,,,,,,,,,,,,,,,,,,TN,TN
autoland,4768071,12,69b95d09da21c937720a8d3aaca237f47b683aa9,linux1804-64-shippable-qr,True,False,,,102210fe594ee9b33d82058545b1ed14f4c8206e,browser-toolbox.connect.DAMP,damp,True,damp browser-toolbox.connect.DAMP opt e10s fission stylo webrender-sw,4767235,77,ms,firefox,443726478.0,1827768060,2024-01-18 01:49:32,1990.1243634999992,c38d482445a0c034ac7b8fc0219092fccdbc58b2,1362034,,,,,,,,,,,,,,,,,,,,,,,,,,,,,,,,,,,,,,,,,,,,,,,,,,,,,,,,,,,,,TN,TN
autoland,4768071,12,69b95d09da21c937720a8d3aaca237f47b683aa9,linux1804-64-shippable-qr,True,False,,,102210fe594ee9b33d82058545b1ed14f4c8206e,browser-toolbox.connect.DAMP,damp,True,damp browser-toolbox.connect.DAMP opt e10s fission stylo webrender-sw,4767235,77,ms,firefox,443757143.0,1827932057,2024-01-18 06:50:06,1946.239663499975,a505d6315623943fb581b7f21beece40fc6faf17,1362092,,,,,,,,,,,,,,,,,,,,,,,,,,,,,,,,,,,,,,,,,,,,,,,,,,,,,,,,,,,,,TN,TN
autoland,4768071,12,69b95d09da21c937720a8d3aaca237f47b683aa9,linux1804-64-shippable-qr,True,False,,,102210fe594ee9b33d82058545b1ed14f4c8206e,browser-toolbox.connect.DAMP,damp,True,damp browser-toolbox.connect.DAMP opt e10s fission stylo webrender-sw,4767235,77,ms,firefox,443781657.0,1828067289,2024-01-18 10:52:50,1917.8134479999865,0688ca401470034e41e10f2480620e88cac2700f,1362184,,,,,,,,,,,,,,,,,,,,,,,,,,,,,,,,,,,,,,,,,,,,,,,,,,,,,,,,,,,,,TN,TN
autoland,4768071,12,69b95d09da21c937720a8d3aaca237f47b683aa9,linux1804-64-shippable-qr,True,False,,,102210fe594ee9b33d82058545b1ed14f4c8206e,browser-toolbox.connect.DAMP,damp,True,damp browser-toolbox.connect.DAMP opt e10s fission stylo webrender-sw,4767235,77,ms,firefox,443799743.0,1828178589,2024-01-18 13:21:23,1976.194203499981,68ff26df33468fe750b39f175b43b8507718ece4,1362232,,,,,,,,,,,,,,,,,,,,,,,,,,,,,,,,,,,,,,,,,,,,,,,,,,,,,,,,,,,,,TN,TN
autoland,4768071,12,69b95d09da21c937720a8d3aaca237f47b683aa9,linux1804-64-shippable-qr,True,False,,,102210fe594ee9b33d82058545b1ed14f4c8206e,browser-toolbox.connect.DAMP,damp,True,damp browser-toolbox.connect.DAMP opt e10s fission stylo webrender-sw,4767235,77,ms,firefox,443828816.0,1828327202,2024-01-18 17:52:02,1966.2562079999989,2b70f662a79773d519e78f0b8b64723a20b1e788,1362427,,,,,,,,,,,,,,,,,,,,,,,,,,,,,,,,,,,,,,,,,,,,,,,,,,,,,,,,,,,,,TN,TN
autoland,4768071,12,69b95d09da21c937720a8d3aaca237f47b683aa9,linux1804-64-shippable-qr,True,False,,,102210fe594ee9b33d82058545b1ed14f4c8206e,browser-toolbox.connect.DAMP,damp,True,damp browser-toolbox.connect.DAMP opt e10s fission stylo webrender-sw,4767235,77,ms,firefox,443871669.0,1828498747,2024-01-18 23:10:50,1980.254853000013,ef9ad6a28dae5d4efbe723dde5068cfdde493918,1362632,,,,,,,,,,,,,,,,,,,,,,,,,,,,,,,,,,,,,,,,,,,,,,,,,,,,,,,,,,,,,TN,TN
autoland,4768071,12,69b95d09da21c937720a8d3aaca237f47b683aa9,linux1804-64-shippable-qr,True,False,,,102210fe594ee9b33d82058545b1ed14f4c8206e,browser-toolbox.connect.DAMP,damp,True,damp browser-toolbox.connect.DAMP opt e10s fission stylo webrender-sw,4767235,77,ms,firefox,443873021.0,1828529601,2024-01-18 23:17:45,1972.7988949999708,5624cd2e1525fd15b148c44ce2106fce74d6f297,1362637,,,,,,,,,,,,,,,,,,,,,,,,,,,,,,,,,,,,,,,,,,,,,,,,,,,,,,,,,,,,,TN,TN
autoland,4768071,12,69b95d09da21c937720a8d3aaca237f47b683aa9,linux1804-64-shippable-qr,True,False,,,102210fe594ee9b33d82058545b1ed14f4c8206e,browser-toolbox.connect.DAMP,damp,True,damp browser-toolbox.connect.DAMP opt e10s fission stylo webrender-sw,4767235,77,ms,firefox,443893503.0,1828631645,2024-01-19 04:17:47,1967.212084500003,b6393478fdf670fcce10fd4334c2601561eaea5d,1362724,,,,,,,,,,,,,,,,,,,,,,,,,,,,,,,,,,,,,,,,,,,,,,,,,,,,,,,,,,,,,TN,TN
autoland,4768071,12,69b95d09da21c937720a8d3aaca237f47b683aa9,linux1804-64-shippable-qr,True,False,,,102210fe594ee9b33d82058545b1ed14f4c8206e,browser-toolbox.connect.DAMP,damp,True,damp browser-toolbox.connect.DAMP opt e10s fission stylo webrender-sw,4767235,77,ms,firefox,443925125.0,1828776443,2024-01-19 10:07:40,1949.974128000009,99bf71eaca444aa371e7c84536a1b8aa434ef205,1362807,,,,,,,,,,,,,,,,,,,,,,,,,,,,,,,,,,,,,,,,,,,,,,,,,,,,,,,,,,,,,TN,TN
autoland,4768071,12,69b95d09da21c937720a8d3aaca237f47b683aa9,linux1804-64-shippable-qr,True,False,,,102210fe594ee9b33d82058545b1ed14f4c8206e,browser-toolbox.connect.DAMP,damp,True,damp browser-toolbox.connect.DAMP opt e10s fission stylo webrender-sw,4767235,77,ms,firefox,443928837.0,1828798239,2024-01-19 10:28:03,1989.121358000004,7459e9088955262e4430e24661d856acc7ca8929,1362814,,,,,,,,,,,,,,,,,,,,,,,,,,,,,,,,,,,,,,,,,,,,,,,,,,,,,,,,,,,,,TN,TN
autoland,4768071,12,69b95d09da21c937720a8d3aaca237f47b683aa9,linux1804-64-shippable-qr,True,False,,,102210fe594ee9b33d82058545b1ed14f4c8206e,browser-toolbox.connect.DAMP,damp,True,damp browser-toolbox.connect.DAMP opt e10s fission stylo webrender-sw,4767235,77,ms,firefox,443957822.0,1828901664,2024-01-19 14:55:23,1959.017515500018,3aabb457a4630b878d121ef2eb9d2f0448847a6b,1362913,,,,,,,,,,,,,,,,,,,,,,,,,,,,,,,,,,,,,,,,,,,,,,,,,,,,,,,,,,,,,TN,TN
autoland,4768071,12,69b95d09da21c937720a8d3aaca237f47b683aa9,linux1804-64-shippable-qr,True,False,,,102210fe594ee9b33d82058545b1ed14f4c8206e,browser-toolbox.connect.DAMP,damp,True,damp browser-toolbox.connect.DAMP opt e10s fission stylo webrender-sw,4767235,77,ms,firefox,443979927.0,1829036025,2024-01-19 19:17:59,1989.461672000005,1ccd394332683308e570afe9039275d8e79be900,1363113,,,,,,,,,,,,,,,,,,,,,,,,,,,,,,,,,,,,,,,,,,,,,,,,,,,,,,,,,,,,,TN,TN
autoland,4768071,12,69b95d09da21c937720a8d3aaca237f47b683aa9,linux1804-64-shippable-qr,True,False,,,102210fe594ee9b33d82058545b1ed14f4c8206e,browser-toolbox.connect.DAMP,damp,True,damp browser-toolbox.connect.DAMP opt e10s fission stylo webrender-sw,4767235,77,ms,firefox,444004213.0,1829215497,2024-01-20 00:04:44,1973.7245735000035,6d2ef7f226a0360135c1955b8805bd41d9af41e4,1363285,,,,,,,,,,,,,,,,,,,,,,,,,,,,,,,,,,,,,,,,,,,,,,,,,,,,,,,,,,,,,TN,TN
autoland,4768071,12,69b95d09da21c937720a8d3aaca237f47b683aa9,linux1804-64-shippable-qr,True,False,,,102210fe594ee9b33d82058545b1ed14f4c8206e,browser-toolbox.connect.DAMP,damp,True,damp browser-toolbox.connect.DAMP opt e10s fission stylo webrender-sw,4767235,77,ms,firefox,444012129.0,1829295243,2024-01-20 04:18:19,1957.939888000008,5471899cc9d0a7dfda174e9d7cfc986c2820eff8,1363367,,,,,,,,,,,,,,,,,,,,,,,,,,,,,,,,,,,,,,,,,,,,,,,,,,,,,,,,,,,,,TN,TN
autoland,4768071,12,69b95d09da21c937720a8d3aaca237f47b683aa9,linux1804-64-shippable-qr,True,False,,,102210fe594ee9b33d82058545b1ed14f4c8206e,browser-toolbox.connect.DAMP,damp,True,damp browser-toolbox.connect.DAMP opt e10s fission stylo webrender-sw,4767235,77,ms,firefox,444040668.0,1829490603,2024-01-21 00:59:25,1896.5555435000133,4f4fa003a90f9d818ecfa36474300a11af18be25,1363463,,,,,,,,,,,,,,,,,,,,,,,,,,,,,,,,,,,,,,,,,,,,,,,,,,,,,,,,,,,,,TN,TN
autoland,4768071,12,69b95d09da21c937720a8d3aaca237f47b683aa9,linux1804-64-shippable-qr,True,False,,,102210fe594ee9b33d82058545b1ed14f4c8206e,browser-toolbox.connect.DAMP,damp,True,damp browser-toolbox.connect.DAMP opt e10s fission stylo webrender-sw,4767235,77,ms,firefox,444067934.0,1829583256,2024-01-21 14:36:57,1973.6442880000104,0361c1f29babcfb2f10e1646dffe72cd452a3df4,1363517,,,,,,,,,,,,,,,,,,,,,,,,,,,,,,,,,,,,,,,,,,,,,,,,,,,,,,,,,,,,,TN,TN
autoland,4768071,12,69b95d09da21c937720a8d3aaca237f47b683aa9,linux1804-64-shippable-qr,True,False,,,102210fe594ee9b33d82058545b1ed14f4c8206e,browser-toolbox.connect.DAMP,damp,True,damp browser-toolbox.connect.DAMP opt e10s fission stylo webrender-sw,4767235,77,ms,firefox,444097594.0,1829706988,2024-01-22 07:43:27,1935.1695104999817,6b4a069fe37d2413229dda3b61ccaf7b8f3a5f5d,1363663,,,,,,,,,,,,,,,,,,,,,,,,,,,,,,,,,,,,,,,,,,,,,,,,,,,,,,,,,,,,,TN,TN
autoland,4768071,12,69b95d09da21c937720a8d3aaca237f47b683aa9,linux1804-64-shippable-qr,True,False,,,102210fe594ee9b33d82058545b1ed14f4c8206e,browser-toolbox.connect.DAMP,damp,True,damp browser-toolbox.connect.DAMP opt e10s fission stylo webrender-sw,4767235,77,ms,firefox,444121994.0,1829794264,2024-01-22 10:58:56,1962.4316865,095c9da9e10fc012c2e6a7d929fdcc7c03d09373,1363731,,,,,,,,,,,,,,,,,,,,,,,,,,,,,,,,,,,,,,,,,,,,,,,,,,,,,,,,,,,,,TN,TN
autoland,4768071,12,69b95d09da21c937720a8d3aaca237f47b683aa9,linux1804-64-shippable-qr,True,False,,,102210fe594ee9b33d82058545b1ed14f4c8206e,browser-toolbox.connect.DAMP,damp,True,damp browser-toolbox.connect.DAMP opt e10s fission stylo webrender-sw,4767235,77,ms,firefox,444162437.0,1829954790,2024-01-22 15:24:53,1981.3378744999864,58cedc1e4ff28881f9ebd1749feaa24edbded9ce,1363894,,,,,,,,,,,,,,,,,,,,,,,,,,,,,,,,,,,,,,,,,,,,,,,,,,,,,,,,,,,,,TN,TN
autoland,4768071,12,69b95d09da21c937720a8d3aaca237f47b683aa9,linux1804-64-shippable-qr,True,False,,,102210fe594ee9b33d82058545b1ed14f4c8206e,browser-toolbox.connect.DAMP,damp,True,damp browser-toolbox.connect.DAMP opt e10s fission stylo webrender-sw,4767235,77,ms,firefox,444167609.0,1830042360,2024-01-22 15:55:20,1956.230945500021,82dfbdd770bc54674f82bae256dae683772884af,1363920,,,,,,,,,,,,,,,,,,,,,,,,,,,,,,,,,,,,,,,,,,,,,,,,,,,,,,,,,,,,,TN,TN
autoland,4768071,12,69b95d09da21c937720a8d3aaca237f47b683aa9,linux1804-64-shippable-qr,True,False,,,102210fe594ee9b33d82058545b1ed14f4c8206e,browser-toolbox.connect.DAMP,damp,True,damp browser-toolbox.connect.DAMP opt e10s fission stylo webrender-sw,4767235,77,ms,firefox,444198038.0,1830113546,2024-01-22 18:55:34,1960.7851900000023,ef71d190cd57de7a178f312b29fc104e6e3e98d4,1364078,,,,,,,,,,,,,,,,,,,,,,,,,,,,,,,,,,,,,,,,,,,,,,,,,,,,,,,,,,,,,TN,TN
autoland,4768071,12,69b95d09da21c937720a8d3aaca237f47b683aa9,linux1804-64-shippable-qr,True,False,,,102210fe594ee9b33d82058545b1ed14f4c8206e,browser-toolbox.connect.DAMP,damp,True,damp browser-toolbox.connect.DAMP opt e10s fission stylo webrender-sw,4767235,77,ms,firefox,444240875.0,1830290792,2024-01-22 22:04:08,1952.6662094999772,06bafd5cf7f34e757edddf2def6a98003c6b1643,1364244,,,,,,,,,,,,,,,,,,,,,,,,,,,,,,,,,,,,,,,,,,,,,,,,,,,,,,,,,,,,,TN,TN
autoland,4768071,12,69b95d09da21c937720a8d3aaca237f47b683aa9,linux1804-64-shippable-qr,True,False,,,102210fe594ee9b33d82058545b1ed14f4c8206e,browser-toolbox.connect.DAMP,damp,True,damp browser-toolbox.connect.DAMP opt e10s fission stylo webrender-sw,4767235,77,ms,firefox,444244633.0,1830319372,2024-01-23 00:22:14,1997.339223999996,43fa5aa71c8c00288a4fe686f0e4bf72e2f5f28d,1364332,,,,,,,,,,,,,,,,,,,,,,,,,,,,,,,,,,,,,,,,,,,,,,,,,,,,,,,,,,,,,TN,TN
autoland,4768071,12,69b95d09da21c937720a8d3aaca237f47b683aa9,linux1804-64-shippable-qr,True,False,,,102210fe594ee9b33d82058545b1ed14f4c8206e,browser-toolbox.connect.DAMP,damp,True,damp browser-toolbox.connect.DAMP opt e10s fission stylo webrender-sw,4767235,77,ms,firefox,444260086.0,1830431082,2024-01-23 05:54:31,1969.1153080000224,fcdb6404eb0234c50bf85922bacad525da6851d5,1364408,,,,,,,,,,,,,,,,,,,,,,,,,,,,,,,,,,,,,,,,,,,,,,,,,,,,,,,,,,,,,TN,TN
autoland,4768071,12,69b95d09da21c937720a8d3aaca237f47b683aa9,linux1804-64-shippable-qr,True,False,,,102210fe594ee9b33d82058545b1ed14f4c8206e,browser-toolbox.connect.DAMP,damp,True,damp browser-toolbox.connect.DAMP opt e10s fission stylo webrender-sw,4767235,77,ms,firefox,444307608.0,1830622937,2024-01-23 14:14:29,1938.505214500008,296f1b67a4750aa2166832b5b9d8ba0eee6fe635,1364570,,,,,,,,,,,,,,,,,,,,,,,,,,,,,,,,,,,,,,,,,,,,,,,,,,,,,,,,,,,,,TN,TN
autoland,4768071,12,69b95d09da21c937720a8d3aaca237f47b683aa9,linux1804-64-shippable-qr,True,False,,,102210fe594ee9b33d82058545b1ed14f4c8206e,browser-toolbox.connect.DAMP,damp,True,damp browser-toolbox.connect.DAMP opt e10s fission stylo webrender-sw,4767235,77,ms,firefox,444329314.0,1830779829,2024-01-23 14:50:16,1932.5494040000049,f3efca74da0f43269bd8ac07e2a5d27e89c4d7c3,1364607,,,,,,,,,,,,,,,,,,,,,,,,,,,,,,,,,,,,,,,,,,,,,,,,,,,,,,,,,,,,,TN,TN
autoland,4768071,12,69b95d09da21c937720a8d3aaca237f47b683aa9,linux1804-64-shippable-qr,True,False,,,102210fe594ee9b33d82058545b1ed14f4c8206e,browser-toolbox.connect.DAMP,damp,True,damp browser-toolbox.connect.DAMP opt e10s fission stylo webrender-sw,4767235,77,ms,firefox,444324984.0,1830710751,2024-01-23 16:09:55,1979.7146470000296,936300bf2ee78e086143fb3718e2c0af755385b0,1364702,,,,,,,,,,,,,,,,,,,,,,,,,,,,,,,,,,,,,,,,,,,,,,,,,,,,,,,,,,,,,TN,TN
autoland,4768071,12,69b95d09da21c937720a8d3aaca237f47b683aa9,linux1804-64-shippable-qr,True,False,,,102210fe594ee9b33d82058545b1ed14f4c8206e,browser-toolbox.connect.DAMP,damp,True,damp browser-toolbox.connect.DAMP opt e10s fission stylo webrender-sw,4767235,77,ms,firefox,444341705.0,1830843618,2024-01-23 19:03:54,1960.40068950002,ec71bc6778c4bdb9b4a93283fc0a3d3f302eb89e,1364834,,,,,,,,,,,,,,,,,,,,,,,,,,,,,,,,,,,,,,,,,,,,,,,,,,,,,,,,,,,,,TN,TN
autoland,4768071,12,69b95d09da21c937720a8d3aaca237f47b683aa9,linux1804-64-shippable-qr,True,False,,,102210fe594ee9b33d82058545b1ed14f4c8206e,browser-toolbox.connect.DAMP,damp,True,damp browser-toolbox.connect.DAMP opt e10s fission stylo webrender-sw,4767235,77,ms,firefox,444372331.0,1830988889,2024-01-23 22:21:15,1952.720256999979,25e5c4ea04b149ffa31cda5c4d75559df5369612,1365024,,,,,,,,,,,,,,,,,,,,,,,,,,,,,,,,,,,,,,,,,,,,,,,,,,,,,,,,,,,,,TN,TN
autoland,4768071,12,69b95d09da21c937720a8d3aaca237f47b683aa9,linux1804-64-shippable-qr,True,False,,,102210fe594ee9b33d82058545b1ed14f4c8206e,browser-toolbox.connect.DAMP,damp,True,damp browser-toolbox.connect.DAMP opt e10s fission stylo webrender-sw,4767235,77,ms,firefox,444389015.0,1831056302,2024-01-24 02:38:58,1913.2165115000244,a0389da68b91e5a92b02ccd9e65991bffb5d5771,1365197,,,,,,,,,,,,,,,,,,,,,,,,,,,,,,,,,,,,,,,,,,,,,,,,,,,,,,,,,,,,,TN,TN
autoland,4768071,12,69b95d09da21c937720a8d3aaca237f47b683aa9,linux1804-64-shippable-qr,True,False,,,102210fe594ee9b33d82058545b1ed14f4c8206e,browser-toolbox.connect.DAMP,damp,True,damp browser-toolbox.connect.DAMP opt e10s fission stylo webrender-sw,4767235,77,ms,firefox,444404933.0,1831151507,2024-01-24 06:43:12,2039.0568105000275,eed6f8e8fe3af01f49be74cc1be72d51e5a0933f,1365260,,,,,,,,,,,,,,,,,,,,,,,,,,,,,,,,,,,,,,,,,,,,,,,,,,,,,,,,,,,,,TN,TN
autoland,4768071,12,69b95d09da21c937720a8d3aaca237f47b683aa9,linux1804-64-shippable-qr,True,False,,,102210fe594ee9b33d82058545b1ed14f4c8206e,browser-toolbox.connect.DAMP,damp,True,damp browser-toolbox.connect.DAMP opt e10s fission stylo webrender-sw,4767235,77,ms,firefox,444405725.0,1831172693,2024-01-24 06:57:11,1955.5424980000023,7079db6b8da9081aee6b0ce96b68f368efec3277,1365262,,,,,,,,,,,,,,,,,,,,,,,,,,,,,,,,,,,,,,,,,,,,,,,,,,,,,,,,,,,,,TN,TN
autoland,4768071,12,69b95d09da21c937720a8d3aaca237f47b683aa9,linux1804-64-shippable-qr,True,False,,,102210fe594ee9b33d82058545b1ed14f4c8206e,browser-toolbox.connect.DAMP,damp,True,damp browser-toolbox.connect.DAMP opt e10s fission stylo webrender-sw,4767235,77,ms,firefox,444452651.0,1831360217,2024-01-24 11:40:35,2010.799736999972,ce20634f32a1b78384fbbc028b4f86266056e7fb,1365369,,,,,,,,,,,,,,,,,,,,,,,,,,,,,,,,,,,,,,,,,,,,,,,,,,,,,,,,,,,,,TN,TN
autoland,4768071,12,69b95d09da21c937720a8d3aaca237f47b683aa9,linux1804-64-shippable-qr,True,False,,,102210fe594ee9b33d82058545b1ed14f4c8206e,browser-toolbox.connect.DAMP,damp,True,damp browser-toolbox.connect.DAMP opt e10s fission stylo webrender-sw,4767235,77,ms,firefox,444486445.0,1831514600,2024-01-24 16:03:05,1973.4197965000349,150dd33322ea6d34c4829f8e67efe7e37be8c48e,1365533,,,,,,,,,,,,,,,,,,,,,,,,,,,,,,,,,,,,,,,,,,,,,,,,,,,,,,,,,,,,,TN,TN
autoland,4768071,12,69b95d09da21c937720a8d3aaca237f47b683aa9,linux1804-64-shippable-qr,True,False,,,102210fe594ee9b33d82058545b1ed14f4c8206e,browser-toolbox.connect.DAMP,damp,True,damp browser-toolbox.connect.DAMP opt e10s fission stylo webrender-sw,4767235,77,ms,firefox,444503794.0,1831599158,2024-01-24 18:01:21,1983.3237494999996,e22428605dbb49942204564b03db80f474ea35ba,1365677,,,,,,,,,,,,,,,,,,,,,,,,,,,,,,,,,,,,,,,,,,,,,,,,,,,,,,,,,,,,,TN,TN
autoland,4768071,12,69b95d09da21c937720a8d3aaca237f47b683aa9,linux1804-64-shippable-qr,True,False,,,102210fe594ee9b33d82058545b1ed14f4c8206e,browser-toolbox.connect.DAMP,damp,True,damp browser-toolbox.connect.DAMP opt e10s fission stylo webrender-sw,4767235,77,ms,firefox,444529029.0,1831731521,2024-01-24 22:08:16,1942.2459644999908,b8b82bd9546fe4e63cd5e9d29248d87665c548b8,1365907,,,,,,,,,,,,,,,,,,,,,,,,,,,,,,,,,,,,,,,,,,,,,,,,,,,,,,,,,,,,,TN,TN
autoland,4768071,12,69b95d09da21c937720a8d3aaca237f47b683aa9,linux1804-64-shippable-qr,True,False,,,102210fe594ee9b33d82058545b1ed14f4c8206e,browser-toolbox.connect.DAMP,damp,True,damp browser-toolbox.connect.DAMP opt e10s fission stylo webrender-sw,4767235,77,ms,firefox,444547533.0,1831842317,2024-01-25 05:05:51,1986.4659874999925,ce5606473bf95f0899f69034525766ca9d0ed749,1366048,,,,,,,,,,,,,,,,,,,,,,,,,,,,,,,,,,,,,,,,,,,,,,,,,,,,,,,,,,,,,TN,TN
autoland,4768071,12,69b95d09da21c937720a8d3aaca237f47b683aa9,linux1804-64-shippable-qr,True,False,,,102210fe594ee9b33d82058545b1ed14f4c8206e,browser-toolbox.connect.DAMP,damp,True,damp browser-toolbox.connect.DAMP opt e10s fission stylo webrender-sw,4767235,77,ms,firefox,444568603.0,1831924187,2024-01-25 07:56:38,1955.4807680000013,c0289f78466cf0bf8a6871ef3417c180aab77e07,1366087,,,,,,,,,,,,,,,,,,,,,,,,,,,,,,,,,,,,,,,,,,,,,,,,,,,,,,,,,,,,,TN,TN
autoland,4768071,12,69b95d09da21c937720a8d3aaca237f47b683aa9,linux1804-64-shippable-qr,True,False,,,102210fe594ee9b33d82058545b1ed14f4c8206e,browser-toolbox.connect.DAMP,damp,True,damp browser-toolbox.connect.DAMP opt e10s fission stylo webrender-sw,4767235,77,ms,firefox,444596668.0,1832048680,2024-01-25 12:05:33,1955.981074500014,c746000752516a4b8ede1f6a5c7b2f4be12a33d7,1366202,,,,,,,,,,,,,,,,,,,,,,,,,,,,,,,,,,,,,,,,,,,,,,,,,,,,,,,,,,,,,TN,TN
autoland,4768071,12,69b95d09da21c937720a8d3aaca237f47b683aa9,linux1804-64-shippable-qr,True,False,,,102210fe594ee9b33d82058545b1ed14f4c8206e,browser-toolbox.connect.DAMP,damp,True,damp browser-toolbox.connect.DAMP opt e10s fission stylo webrender-sw,4767235,77,ms,firefox,444618775.0,1832159418,2024-01-25 15:26:29,1967.1497675000137,34f197ce93a24d93523617eba67ecee2e990c37c,1366326,,,,,,,,,,,,,,,,,,,,,,,,,,,,,,,,,,,,,,,,,,,,,,,,,,,,,,,,,,,,,TN,TN
autoland,4768071,12,69b95d09da21c937720a8d3aaca237f47b683aa9,linux1804-64-shippable-qr,True,False,,,102210fe594ee9b33d82058545b1ed14f4c8206e,browser-toolbox.connect.DAMP,damp,True,damp browser-toolbox.connect.DAMP opt e10s fission stylo webrender-sw,4767235,77,ms,firefox,444650765.0,1832363153,2024-01-25 20:50:47,1981.7405299999955,dd2a416c0c76b4cc9f6161d6be89aa7356e4eae5,1366563,,,,,,,,,,,,,,,,,,,,,,,,,,,,,,,,,,,,,,,,,,,,,,,,,,,,,,,,,,,,,TN,TN
autoland,4768071,12,69b95d09da21c937720a8d3aaca237f47b683aa9,linux1804-64-shippable-qr,True,False,,,102210fe594ee9b33d82058545b1ed14f4c8206e,browser-toolbox.connect.DAMP,damp,True,damp browser-toolbox.connect.DAMP opt e10s fission stylo webrender-sw,4767235,77,ms,firefox,444650372.0,1832349895,2024-01-25 20:51:29,1953.021789499966,5da1e842ef70c74d8ed72128e460f75b633fae95,1366564,,,,,,,,,,,,,,,,,,,,,,,,,,,,,,,,,,,,,,,,,,,,,,,,,,,,,,,,,,,,,TN,TN
autoland,4768071,12,69b95d09da21c937720a8d3aaca237f47b683aa9,linux1804-64-shippable-qr,True,False,,,102210fe594ee9b33d82058545b1ed14f4c8206e,browser-toolbox.connect.DAMP,damp,True,damp browser-toolbox.connect.DAMP opt e10s fission stylo webrender-sw,4767235,77,ms,firefox,444688116.0,1832522402,2024-01-26 03:41:27,2003.5113225000096,a412d893c38f632f34b44a9c5b3fd8cc30bb87be,1366751,,,,,,,,,,,,,,,,,,,,,,,,,,,,,,,,,,,,,,,,,,,,,,,,,,,,,,,,,,,,,TN,TN
autoland,4768071,12,69b95d09da21c937720a8d3aaca237f47b683aa9,linux1804-64-shippable-qr,True,False,,,102210fe594ee9b33d82058545b1ed14f4c8206e,browser-toolbox.connect.DAMP,damp,True,damp browser-toolbox.connect.DAMP opt e10s fission stylo webrender-sw,4767235,77,ms,firefox,444740305.0,1832740579,2024-01-26 11:04:34,2016.168375000023,18f5823716e4c35d7c899d2ce4be7fcd66cab9d0,1366921,,,,,,,,,,,,,,,,,,,,,,,,,,,,,,,,,,,,,,,,,,,,,,,,,,,,,,,,,,,,,TN,TN
autoland,4768071,12,69b95d09da21c937720a8d3aaca237f47b683aa9,linux1804-64-shippable-qr,True,False,,,102210fe594ee9b33d82058545b1ed14f4c8206e,browser-toolbox.connect.DAMP,damp,True,damp browser-toolbox.connect.DAMP opt e10s fission stylo webrender-sw,4767235,77,ms,firefox,444785486.0,1832966105,2024-01-26 15:49:43,1612.9571729999952,19005661ad786853d186a7d3434e6c290bccaa95,1367044,,,,,,,,,,,,,,,,,,,,,,,,,,,,,,,,,,,,,,,,,,,,,,,,,,,,,,,,,,,,,TN,TN
autoland,4768071,12,69b95d09da21c937720a8d3aaca237f47b683aa9,linux1804-64-shippable-qr,True,False,,,102210fe594ee9b33d82058545b1ed14f4c8206e,browser-toolbox.connect.DAMP,damp,True,damp browser-toolbox.connect.DAMP opt e10s fission stylo webrender-sw,4767235,77,ms,firefox,444785141.0,1832957478,2024-01-26 15:52:38,1942.0829905000137,4641c3dcf0c3cfbdc8976f2fcc6898107149e19e,1367050,,,,,,,,,,,,,,,,,,,,,,,,,,,,,,,,,,,,,,,,,,,,,,,,,,,,,,,,,,,,,TN,TN
autoland,4768071,12,69b95d09da21c937720a8d3aaca237f47b683aa9,linux1804-64-shippable-qr,True,False,,,102210fe594ee9b33d82058545b1ed14f4c8206e,browser-toolbox.connect.DAMP,damp,True,damp browser-toolbox.connect.DAMP opt e10s fission stylo webrender-sw,4767235,77,ms,firefox,444810790.0,1833105409,2024-01-26 20:02:47,1944.6277105000045,38fb47dac16804e3d5c8211277f084198e43de88,1367207,,,,,,,,,,,,,,,,,,,,,,,,,,,,,,,,,,,,,,,,,,,,,,,,,,,,,,,,,,,,,TN,TN
autoland,4768071,12,69b95d09da21c937720a8d3aaca237f47b683aa9,linux1804-64-shippable-qr,True,False,,,102210fe594ee9b33d82058545b1ed14f4c8206e,browser-toolbox.connect.DAMP,damp,True,damp browser-toolbox.connect.DAMP opt e10s fission stylo webrender-sw,4767235,77,ms,firefox,444816404.0,1833143259,2024-01-26 20:05:08,1977.588313500004,ac4906fa040ce76ad5ea8f73caf83045f291b613,1367213,,,,,,,,,,,,,,,,,,,,,,,,,,,,,,,,,,,,,,,,,,,,,,,,,,,,,,,,,,,,,TN,TN
autoland,4768071,12,69b95d09da21c937720a8d3aaca237f47b683aa9,linux1804-64-shippable-qr,True,False,,,102210fe594ee9b33d82058545b1ed14f4c8206e,browser-toolbox.connect.DAMP,damp,True,damp browser-toolbox.connect.DAMP opt e10s fission stylo webrender-sw,4767235,77,ms,firefox,444834984.0,1833236350,2024-01-27 00:32:58,1939.1683694999883,99babcb9f349f4d91fe26290269d9d25fc1bbd04,1367362,,,,,,,,,,,,,,,,,,,,,,,,,,,,,,,,,,,,,,,,,,,,,,,,,,,,,,,,,,,,,TN,TN
autoland,4768071,12,69b95d09da21c937720a8d3aaca237f47b683aa9,linux1804-64-shippable-qr,True,False,,,102210fe594ee9b33d82058545b1ed14f4c8206e,browser-toolbox.connect.DAMP,damp,True,damp browser-toolbox.connect.DAMP opt e10s fission stylo webrender-sw,4767235,77,ms,firefox,444846465.0,1833404090,2024-01-27 06:05:38,1974.7921379999896,1e79d9e65ec0577bb7d698c86edc6f35b4f92ce8,1367422,,,,,,,,,,,,,,,,,,,,,,,,,,,,,,,,,,,,,,,,,,,,,,,,,,,,,,,,,,,,,TN,TN
autoland,4768071,12,69b95d09da21c937720a8d3aaca237f47b683aa9,linux1804-64-shippable-qr,True,False,,,102210fe594ee9b33d82058545b1ed14f4c8206e,browser-toolbox.connect.DAMP,damp,True,damp browser-toolbox.connect.DAMP opt e10s fission stylo webrender-sw,4767235,77,ms,firefox,444879232.0,1833594262,2024-01-27 14:01:44,1958.352983499979,09a1abcfcfb73aa1ae9781d2816102729c0f82a6,1367473,,,,,,,,,,,,,,,,,,,,,,,,,,,,,,,,,,,,,,,,,,,,,,,,,,,,,,,,,,,,,TN,TN
autoland,4768071,12,69b95d09da21c937720a8d3aaca237f47b683aa9,linux1804-64-shippable-qr,True,False,,,102210fe594ee9b33d82058545b1ed14f4c8206e,browser-toolbox.connect.DAMP,damp,True,damp browser-toolbox.connect.DAMP opt e10s fission stylo webrender-sw,4767235,77,ms,firefox,444900277.0,1833735601,2024-01-28 01:17:56,1982.319596500034,2e376c0d1662606cf6811ab3ff138b784d465291,1367530,,,,,,,,,,,,,,,,,,,,,,,,,,,,,,,,,,,,,,,,,,,,,,,,,,,,,,,,,,,,,TN,TN
autoland,4768071,12,69b95d09da21c937720a8d3aaca237f47b683aa9,linux1804-64-shippable-qr,True,False,,,102210fe594ee9b33d82058545b1ed14f4c8206e,browser-toolbox.connect.DAMP,damp,True,damp browser-toolbox.connect.DAMP opt e10s fission stylo webrender-sw,4767235,77,ms,firefox,444904594.0,1833764876,2024-01-28 06:00:30,1990.262894000014,0f372a16b1e1e959f46701e4210f6a6eaf4e40ec,1367545,,,,,,,,,,,,,,,,,,,,,,,,,,,,,,,,,,,,,,,,,,,,,,,,,,,,,,,,,,,,,TN,TN
autoland,4768071,12,69b95d09da21c937720a8d3aaca237f47b683aa9,linux1804-64-shippable-qr,True,False,,,102210fe594ee9b33d82058545b1ed14f4c8206e,browser-toolbox.connect.DAMP,damp,True,damp browser-toolbox.connect.DAMP opt e10s fission stylo webrender-sw,4767235,77,ms,firefox,444927970.0,1833843334,2024-01-28 10:01:02,1963.1836994999903,9b32d8116833ab08f4e3f0b18c12587ac1f9360b,1367556,,,,,,,,,,,,,,,,,,,,,,,,,,,,,,,,,,,,,,,,,,,,,,,,,,,,,,,,,,,,,TN,TN
autoland,4768071,12,69b95d09da21c937720a8d3aaca237f47b683aa9,linux1804-64-shippable-qr,True,False,,,102210fe594ee9b33d82058545b1ed14f4c8206e,browser-toolbox.connect.DAMP,damp,True,damp browser-toolbox.connect.DAMP opt e10s fission stylo webrender-sw,4767235,77,ms,firefox,444946176.0,1833983196,2024-01-28 14:31:15,1938.237419500001,13780f5cb2f5d698f35a23f2fafa1593ef7affe9,1367584,,,,,,,,,,,,,,,,,,,,,,,,,,,,,,,,,,,,,,,,,,,,,,,,,,,,,,,,,,,,,TN,TN
autoland,4768071,12,69b95d09da21c937720a8d3aaca237f47b683aa9,linux1804-64-shippable-qr,True,False,,,102210fe594ee9b33d82058545b1ed14f4c8206e,browser-toolbox.connect.DAMP,damp,True,damp browser-toolbox.connect.DAMP opt e10s fission stylo webrender-sw,4767235,77,ms,firefox,444970132.0,1834105267,2024-01-29 01:40:26,1963.769717999996,852acff05fb8be21502af8fc12cceeb2baa70dd7,1367631,,,,,,,,,,,,,,,,,,,,,,,,,,,,,,,,,,,,,,,,,,,,,,,,,,,,,,,,,,,,,TN,TN
autoland,4768071,12,69b95d09da21c937720a8d3aaca237f47b683aa9,linux1804-64-shippable-qr,True,False,,,102210fe594ee9b33d82058545b1ed14f4c8206e,browser-toolbox.connect.DAMP,damp,True,damp browser-toolbox.connect.DAMP opt e10s fission stylo webrender-sw,4767235,77,ms,firefox,445008207.0,1834300422,2024-01-29 10:50:01,1972.006122500003,fce9e73861891da48d1a0b85240491fa3e042f8b,1367743,,,,,,,,,,,,,,,,,,,,,,,,,,,,,,,,,,,,,,,,,,,,,,,,,,,,,,,,,,,,,TN,TN
autoland,4768071,12,69b95d09da21c937720a8d3aaca237f47b683aa9,linux1804-64-shippable-qr,True,False,,,102210fe594ee9b33d82058545b1ed14f4c8206e,browser-toolbox.connect.DAMP,damp,True,damp browser-toolbox.connect.DAMP opt e10s fission stylo webrender-sw,4767235,77,ms,firefox,445062139.0,1834501444,2024-01-29 14:53:09,1946.462644499996,97de3c8a7931e01c1a1c1cf6ac90a580607b77c9,1367876,,,,,,,,,,,,,,,,,,,,,,,,,,,,,,,,,,,,,,,,,,,,,,,,,,,,,,,,,,,,,TN,TN
autoland,4768071,12,69b95d09da21c937720a8d3aaca237f47b683aa9,linux1804-64-shippable-qr,True,False,,,102210fe594ee9b33d82058545b1ed14f4c8206e,browser-toolbox.connect.DAMP,damp,True,damp browser-toolbox.connect.DAMP opt e10s fission stylo webrender-sw,4767235,77,ms,firefox,445044207.0,1834440453,2024-01-29 14:59:33,1990.489517499984,8e91f5176c0f6e1689a893ed34d5046dbbd1122e,1367883,,,,,,,,,,,,,,,,,,,,,,,,,,,,,,,,,,,,,,,,,,,,,,,,,,,,,,,,,,,,,TN,TN
autoland,4768071,12,69b95d09da21c937720a8d3aaca237f47b683aa9,linux1804-64-shippable-qr,True,False,,,102210fe594ee9b33d82058545b1ed14f4c8206e,browser-toolbox.connect.DAMP,damp,True,damp browser-toolbox.connect.DAMP opt e10s fission stylo webrender-sw,4767235,77,ms,firefox,445074091.0,1834583073,2024-01-29 17:46:45,1976.11011150002,8913eab3409d19e1cf1a2c19f256256c293b3154,1368035,,,,,,,,,,,,,,,,,,,,,,,,,,,,,,,,,,,,,,,,,,,,,,,,,,,,,,,,,,,,,TN,TN
autoland,4768071,12,69b95d09da21c937720a8d3aaca237f47b683aa9,linux1804-64-shippable-qr,True,False,,,102210fe594ee9b33d82058545b1ed14f4c8206e,browser-toolbox.connect.DAMP,damp,True,damp browser-toolbox.connect.DAMP opt e10s fission stylo webrender-sw,4767235,77,ms,firefox,445099472.0,1834696677,2024-01-29 21:21:15,1969.84192050001,57a27d8b6d2a7f1f5c1ec710e4a09422fb9c05e1,1368229,,,,,,,,,,,,,,,,,,,,,,,,,,,,,,,,,,,,,,,,,,,,,,,,,,,,,,,,,,,,,TN,TN
autoland,4768071,12,69b95d09da21c937720a8d3aaca237f47b683aa9,linux1804-64-shippable-qr,True,False,,,102210fe594ee9b33d82058545b1ed14f4c8206e,browser-toolbox.connect.DAMP,damp,True,damp browser-toolbox.connect.DAMP opt e10s fission stylo webrender-sw,4767235,77,ms,firefox,445115263.0,1834756720,2024-01-30 01:21:53,1985.9975619999896,265910d5bfe79cc856e1c18d9e403fed38ee5a79,1368286,,,,,,,,,,,,,,,,,,,,,,,,,,,,,,,,,,,,,,,,,,,,,,,,,,,,,,,,,,,,,TN,TN
autoland,4768071,12,69b95d09da21c937720a8d3aaca237f47b683aa9,linux1804-64-shippable-qr,True,False,,,102210fe594ee9b33d82058545b1ed14f4c8206e,browser-toolbox.connect.DAMP,damp,True,damp browser-toolbox.connect.DAMP opt e10s fission stylo webrender-sw,4767235,77,ms,firefox,445188794.0,1835414620,2024-01-30 13:09:07,1952.6225839999825,a9528d76a91bc50db12b4a18830536bb25a6e378,1368599,,,,,,,,,,,,,,,,,,,,,,,,,,,,,,,,,,,,,,,,,,,,,,,,,,,,,,,,,,,,,TN,TN
autoland,4768071,12,69b95d09da21c937720a8d3aaca237f47b683aa9,linux1804-64-shippable-qr,True,False,,,102210fe594ee9b33d82058545b1ed14f4c8206e,browser-toolbox.connect.DAMP,damp,True,damp browser-toolbox.connect.DAMP opt e10s fission stylo webrender-sw,4767235,77,ms,firefox,445185920.0,1835258207,2024-01-30 13:14:31,1952.126854999988,91338712d82fcf42896cfc451e6341a5b95963b8,1368603,,,,,,,,,,,,,,,,,,,,,,,,,,,,,,,,,,,,,,,,,,,,,,,,,,,,,,,,,,,,,TN,TN
autoland,4768071,12,69b95d09da21c937720a8d3aaca237f47b683aa9,linux1804-64-shippable-qr,True,False,,,102210fe594ee9b33d82058545b1ed14f4c8206e,browser-toolbox.connect.DAMP,damp,True,damp browser-toolbox.connect.DAMP opt e10s fission stylo webrender-sw,4767235,77,ms,firefox,445201185.0,1835490190,2024-01-30 14:29:15,1998.1757400000351,1ac69623ae79a621c0035377f0841b1ba83070c1,1368655,,,,,,,,,,,,,,,,,,,,,,,,,,,,,,,,,,,,,,,,,,,,,,,,,,,,,,,,,,,,,TN,TN
autoland,4768071,12,69b95d09da21c937720a8d3aaca237f47b683aa9,linux1804-64-shippable-qr,True,False,,,102210fe594ee9b33d82058545b1ed14f4c8206e,browser-toolbox.connect.DAMP,damp,True,damp browser-toolbox.connect.DAMP opt e10s fission stylo webrender-sw,4767235,77,ms,firefox,445237375.0,1835517791,2024-01-30 18:56:21,1968.6121069999936,a3dd43748dcdec6a27a5c140bfd611d463cd9acf,1368858,,,,,,,,,,,,,,,,,,,,,,,,,,,,,,,,,,,,,,,,,,,,,,,,,,,,,,,,,,,,,TN,TN
autoland,4768071,12,69b95d09da21c937720a8d3aaca237f47b683aa9,linux1804-64-shippable-qr,True,False,,,102210fe594ee9b33d82058545b1ed14f4c8206e,browser-toolbox.connect.DAMP,damp,True,damp browser-toolbox.connect.DAMP opt e10s fission stylo webrender-sw,4767235,77,ms,firefox,445248457.0,1835535562,2024-01-30 20:08:25,2038.4951760000256,06b0ce1a9748e18deb48466efed01c1f5a8ff984,1368918,,,,,,,,,,,,,,,,,,,,,,,,,,,,,,,,,,,,,,,,,,,,,,,,,,,,,,,,,,,,,TN,TN
autoland,4768071,12,69b95d09da21c937720a8d3aaca237f47b683aa9,linux1804-64-shippable-qr,True,False,,,102210fe594ee9b33d82058545b1ed14f4c8206e,browser-toolbox.connect.DAMP,damp,True,damp browser-toolbox.connect.DAMP opt e10s fission stylo webrender-sw,4767235,77,ms,firefox,445280173.0,1835696574,2024-01-31 00:31:01,1966.157422999997,e35109546c3cb0f5957a604c27f5f1dd2b7f81c0,1369086,,,,,,,,,,,,,,,,,,,,,,,,,,,,,,,,,,,,,,,,,,,,,,,,,,,,,,,,,,,,,TN,TN
autoland,4768071,12,69b95d09da21c937720a8d3aaca237f47b683aa9,linux1804-64-shippable-qr,True,False,,,102210fe594ee9b33d82058545b1ed14f4c8206e,browser-toolbox.connect.DAMP,damp,True,damp browser-toolbox.connect.DAMP opt e10s fission stylo webrender-sw,4767235,77,ms,firefox,445276966.0,1835685012,2024-01-31 00:32:30,1981.2206085000216,2cac2f68bfdcfc9012c537044bc475f076bda7b0,1369088,,,,,,,,,,,,,,,,,,,,,,,,,,,,,,,,,,,,,,,,,,,,,,,,,,,,,,,,,,,,,TN,TN
autoland,4768071,12,69b95d09da21c937720a8d3aaca237f47b683aa9,linux1804-64-shippable-qr,True,False,,,102210fe594ee9b33d82058545b1ed14f4c8206e,browser-toolbox.connect.DAMP,damp,True,damp browser-toolbox.connect.DAMP opt e10s fission stylo webrender-sw,4767235,77,ms,firefox,445293536.0,1835862834,2024-01-31 05:59:52,1934.6913840000125,5f6f60ae2125dc46d98b4b9276bce2d562d1f1bf,1369182,,,,,,,,,,,,,,,,,,,,,,,,,,,,,,,,,,,,,,,,,,,,,,,,,,,,,,,,,,,,,TN,TN
autoland,4768071,12,69b95d09da21c937720a8d3aaca237f47b683aa9,linux1804-64-shippable-qr,True,False,,,102210fe594ee9b33d82058545b1ed14f4c8206e,browser-toolbox.connect.DAMP,damp,True,damp browser-toolbox.connect.DAMP opt e10s fission stylo webrender-sw,4767235,77,ms,firefox,445320348.0,1835940017,2024-01-31 10:01:40,1963.9547150000071,201f8fe705d53181047778d1c0722017bab79e95,1369265,,,,,,,,,,,,,,,,,,,,,,,,,,,,,,,,,,,,,,,,,,,,,,,,,,,,,,,,,,,,,TN,TN
autoland,4768071,12,69b95d09da21c937720a8d3aaca237f47b683aa9,linux1804-64-shippable-qr,True,False,,,102210fe594ee9b33d82058545b1ed14f4c8206e,browser-toolbox.connect.DAMP,damp,True,damp browser-toolbox.connect.DAMP opt e10s fission stylo webrender-sw,4767235,77,ms,firefox,445346941.0,1836042421,2024-01-31 13:01:30,1973.264987000024,5e52e144df4112277cfdda903747f83f1f147385,1369309,,,,,,,,,,,,,,,,,,,,,,,,,,,,,,,,,,,,,,,,,,,,,,,,,,,,,,,,,,,,,TN,TN
autoland,4768071,12,69b95d09da21c937720a8d3aaca237f47b683aa9,linux1804-64-shippable-qr,True,False,,,102210fe594ee9b33d82058545b1ed14f4c8206e,browser-toolbox.connect.DAMP,damp,True,damp browser-toolbox.connect.DAMP opt e10s fission stylo webrender-sw,4767235,77,ms,firefox,445779394.0,1837930718,2024-01-31 13:26:56,1960.0896734999917,f14e73a3c2ee6127512ce394d0b85562a8cc2048,1369321,,,,,,,,,,,,,,,,,,,,,,,,,,,,,,,,,,,,,,,,,,,,,,,,,,,,,,,,,,,,,TN,TN
autoland,4768071,12,69b95d09da21c937720a8d3aaca237f47b683aa9,linux1804-64-shippable-qr,True,False,,,102210fe594ee9b33d82058545b1ed14f4c8206e,browser-toolbox.connect.DAMP,damp,True,damp browser-toolbox.connect.DAMP opt e10s fission stylo webrender-sw,4767235,77,ms,firefox,445779408.0,1837931212,2024-01-31 14:54:47,1958.2419914999991,c7a61ba4978dbd738a5e9db28df8f6416a1a4a0b,1369358,,,,,,,,,,,,,,,,,,,,,,,,,,,,,,,,,,,,,,,,,,,,,,,,,,,,,,,,,,,,,TN,TN
autoland,4768071,12,69b95d09da21c937720a8d3aaca237f47b683aa9,linux1804-64-shippable-qr,True,False,,,102210fe594ee9b33d82058545b1ed14f4c8206e,browser-toolbox.connect.DAMP,damp,True,damp browser-toolbox.connect.DAMP opt e10s fission stylo webrender-sw,4767235,77,ms,firefox,445772826.0,1837902803,2024-01-31 15:58:13,1998.763995000016,b7dab3b0d3f470193a71c5bea19ee5fbaa6530f1,1369399,,,,,,,,,,,,,,,,,,,,,,,,,,,,,,,,,,,,,,,,,,,,,,,,,,,,,,,,,,,,,TN,TN
autoland,4768071,12,69b95d09da21c937720a8d3aaca237f47b683aa9,linux1804-64-shippable-qr,True,False,,,102210fe594ee9b33d82058545b1ed14f4c8206e,browser-toolbox.connect.DAMP,damp,True,damp browser-toolbox.connect.DAMP opt e10s fission stylo webrender-sw,4767235,77,ms,firefox,445772825.0,1837902973,2024-01-31 16:10:27,2011.1220695000304,e5ffa1d00efcd98c1b4b7d4587f0ba8ea89a0db2,1369414,,,,,,,,,,,,,,,,,,,,,,,,,,,,,,,,,,,,,,,,,,,,,,,,,,,,,,,,,,,,,TN,TN
autoland,4768071,12,69b95d09da21c937720a8d3aaca237f47b683aa9,linux1804-64-shippable-qr,True,False,,,102210fe594ee9b33d82058545b1ed14f4c8206e,browser-toolbox.connect.DAMP,damp,True,damp browser-toolbox.connect.DAMP opt e10s fission stylo webrender-sw,4767235,77,ms,firefox,445779345.0,1837929742,2024-01-31 16:11:16,1958.693048999965,f334593f5b54c2cd4bad6153f197a8ab50d0bf86,1369416,,,,,,,,,,,,,,,,,,,,,,,,,,,,,,,,,,,,,,,,,,,,,,,,,,,,,,,,,,,,,TN,TN
autoland,4768071,12,69b95d09da21c937720a8d3aaca237f47b683aa9,linux1804-64-shippable-qr,True,False,,,102210fe594ee9b33d82058545b1ed14f4c8206e,browser-toolbox.connect.DAMP,damp,True,damp browser-toolbox.connect.DAMP opt e10s fission stylo webrender-sw,4767235,77,ms,firefox,445784225.0,1837944611,2024-01-31 16:12:12,2049.8312859999714,f2dbae7b3f717262d728e0b2739995f3742a37b4,1369417,,,,,,,,,,,,,,,,,,,,,,,,,,,,,,,,,,,,,,,,,,,,,,,,,,,,,,,,,,,,,TN,TN
autoland,4768071,12,69b95d09da21c937720a8d3aaca237f47b683aa9,linux1804-64-shippable-qr,True,False,,,102210fe594ee9b33d82058545b1ed14f4c8206e,browser-toolbox.connect.DAMP,damp,True,damp browser-toolbox.connect.DAMP opt e10s fission stylo webrender-sw,4767235,77,ms,firefox,445779363.0,1837930085,2024-01-31 16:21:51,1962.178444000005,2950d0988467c20d2d5bb11edeae1b527dce4057,1369427,,,,,,,,,,,,,,,,,,,,,,,,,,,,,,,,,,,,,,,,,,,,,,,,,,,,,,,,,,,,,TN,TN
autoland,4768071,12,69b95d09da21c937720a8d3aaca237f47b683aa9,linux1804-64-shippable-qr,True,False,,,102210fe594ee9b33d82058545b1ed14f4c8206e,browser-toolbox.connect.DAMP,damp,True,damp browser-toolbox.connect.DAMP opt e10s fission stylo webrender-sw,4767235,77,ms,firefox,445772839.0,1837902724,2024-01-31 16:53:13,1963.0190950000176,368e382154ba1fb46b60cf04d1b6b2c8c021b057,1369458,,,,,,,,,,,,,,,,,,,,,,,,,,,,,,,,,,,,,,,,,,,,,,,,,,,,,,,,,,,,,TN,TN
autoland,4768071,12,69b95d09da21c937720a8d3aaca237f47b683aa9,linux1804-64-shippable-qr,True,False,,,102210fe594ee9b33d82058545b1ed14f4c8206e,browser-toolbox.connect.DAMP,damp,True,damp browser-toolbox.connect.DAMP opt e10s fission stylo webrender-sw,4767235,77,ms,firefox,445386958.0,1836190429,2024-01-31 17:27:18,1960.5447590000404,a0bd6c4162065e8caa2b60ce8082f77d53221fb7,1369495,,,,,,,,,,,,,,,,,,,,,,,,,,,,,,,,,,,,,,,,,,,,,,,,,,,,,,,,,,,,,TN,TN
autoland,4768071,12,69b95d09da21c937720a8d3aaca237f47b683aa9,linux1804-64-shippable-qr,True,False,,,102210fe594ee9b33d82058545b1ed14f4c8206e,browser-toolbox.connect.DAMP,damp,True,damp browser-toolbox.connect.DAMP opt e10s fission stylo webrender-sw,4767235,77,ms,firefox,445772836.0,1837902159,2024-01-31 18:14:46,1964.9923060000149,dabc78ed364418198d15d0ee40ce671600716804,1369520,,,,,,,,,,,,,,,,,,,,,,,,,,,,,,,,,,,,,,,,,,,,,,,,,,,,,,,,,,,,,TN,TN
autoland,4768071,12,69b95d09da21c937720a8d3aaca237f47b683aa9,linux1804-64-shippable-qr,True,False,,,102210fe594ee9b33d82058545b1ed14f4c8206e,browser-toolbox.connect.DAMP,damp,True,damp browser-toolbox.connect.DAMP opt e10s fission stylo webrender-sw,4767235,77,ms,firefox,445779350.0,1837929874,2024-01-31 18:15:28,1964.5180815000203,d7ae2c092dacedbe493fad467049f8e3305bd9a3,1369521,,,,,,,,,,,,,,,,,,,,,,,,,,,,,,,,,,,,,,,,,,,,,,,,,,,,,,,,,,,,,TN,TN
autoland,4768071,12,69b95d09da21c937720a8d3aaca237f47b683aa9,linux1804-64-shippable-qr,True,False,,,102210fe594ee9b33d82058545b1ed14f4c8206e,browser-toolbox.connect.DAMP,damp,True,damp browser-toolbox.connect.DAMP opt e10s fission stylo webrender-sw,4767235,77,ms,firefox,445779368.0,1837930293,2024-01-31 18:16:09,1941.9839754999773,2ab23f6b4acdbccaefdf734fa71a6089abe40414,1369524,,,,,,,,,,,,,,,,,,,,,,,,,,,,,,,,,,,,,,,,,,,,,,,,,,,,,,,,,,,,,TN,TN
autoland,4768071,12,69b95d09da21c937720a8d3aaca237f47b683aa9,linux1804-64-shippable-qr,True,False,,,102210fe594ee9b33d82058545b1ed14f4c8206e,browser-toolbox.connect.DAMP,damp,True,damp browser-toolbox.connect.DAMP opt e10s fission stylo webrender-sw,4767235,77,ms,firefox,445773021.0,1837902388,2024-01-31 18:16:51,1957.6319660000156,51cfd5dc22d96a1bf9482904157e76f085fa7da7,1369525,,,,,,,,,,,,,,,,,,,,,,,,,,,,,,,,,,,,,,,,,,,,,,,,,,,,,,,,,,,,,TN,TN
autoland,4768071,12,69b95d09da21c937720a8d3aaca237f47b683aa9,linux1804-64-shippable-qr,True,False,,,102210fe594ee9b33d82058545b1ed14f4c8206e,browser-toolbox.connect.DAMP,damp,True,damp browser-toolbox.connect.DAMP opt e10s fission stylo webrender-sw,4767235,77,ms,firefox,445773082.0,1837902715,2024-01-31 18:17:34,1940.566810500015,e0dd05f7816f3194d0a0a1d44ea0ebc55454b442,1369526,,,,,,,,,,,,,,,,,,,,,,,,,,,,,,,,,,,,,,,,,,,,,,,,,,,,,,,,,,,,,TN,TN
autoland,4768071,12,69b95d09da21c937720a8d3aaca237f47b683aa9,linux1804-64-shippable-qr,True,False,,,102210fe594ee9b33d82058545b1ed14f4c8206e,browser-toolbox.connect.DAMP,damp,True,damp browser-toolbox.connect.DAMP opt e10s fission stylo webrender-sw,4767235,77,ms,firefox,445773087.0,1837903267,2024-01-31 18:24:40,1979.4497264999957,79a0d8770b55cb81f688dd50a56f2c84295b70f2,1369535,,,,,,,,,,,,,,,,,,,,,,,,,,,,,,,,,,,,,,,,,,,,,,,,,,,,,,,,,,,,,TN,TN
autoland,4768071,12,69b95d09da21c937720a8d3aaca237f47b683aa9,linux1804-64-shippable-qr,True,False,,,102210fe594ee9b33d82058545b1ed14f4c8206e,browser-toolbox.connect.DAMP,damp,True,damp browser-toolbox.connect.DAMP opt e10s fission stylo webrender-sw,4767235,77,ms,firefox,445779515.0,1837931377,2024-01-31 18:37:50,1991.70891050002,c1a64a50355f348b988d5ce4984c75035ef4196f,1369545,,,,,,,,,,,,,,,,,,,,,,,,,,,,,,,,,,,,,,,,,,,,,,,,,,,,,,,,,,,,,TN,TN
autoland,4768071,12,69b95d09da21c937720a8d3aaca237f47b683aa9,linux1804-64-shippable-qr,True,False,,,102210fe594ee9b33d82058545b1ed14f4c8206e,browser-toolbox.connect.DAMP,damp,True,damp browser-toolbox.connect.DAMP opt e10s fission stylo webrender-sw,4767235,77,ms,firefox,445398268.0,1836248605,2024-01-31 18:39:44,1966.7868259999668,6bfab7427c326136417b187f0df7a7c63528daa3,1369546,,,,,,,,,,,,,,,,,,,,,,,,,,,,,,,,,,,,,,,,,,,,,,,,,,,,,,,,,,,,,TN,TN
autoland,4768071,12,69b95d09da21c937720a8d3aaca237f47b683aa9,linux1804-64-shippable-qr,True,False,,,102210fe594ee9b33d82058545b1ed14f4c8206e,browser-toolbox.connect.DAMP,damp,True,damp browser-toolbox.connect.DAMP opt e10s fission stylo webrender-sw,4767235,77,ms,firefox,445779547.0,1837931672,2024-01-31 20:14:06,1990.7160034999836,e9db0721d85d94e0514b3e83a4e87bdc1198d89a,1369618,,,,,,,,,,,,,,,,,,,,,,,,,,,,,,,,,,,,,,,,,,,,,,,,,,,,,,,,,,,,,TN,TN
autoland,4768071,12,69b95d09da21c937720a8d3aaca237f47b683aa9,linux1804-64-shippable-qr,True,False,,,102210fe594ee9b33d82058545b1ed14f4c8206e,browser-toolbox.connect.DAMP,damp,True,damp browser-toolbox.connect.DAMP opt e10s fission stylo webrender-sw,4767235,77,ms,firefox,445779395.0,1837930782,2024-01-31 20:22:04,1932.0362229999737,c1ca3cb878af776483480bf0e3ee3b3b232d9ba4,1369624,,,,,,,,,,,,,,,,,,,,,,,,,,,,,,,,,,,,,,,,,,,,,,,,,,,,,,,,,,,,,TN,TN
autoland,4768071,12,69b95d09da21c937720a8d3aaca237f47b683aa9,linux1804-64-shippable-qr,True,False,,,102210fe594ee9b33d82058545b1ed14f4c8206e,browser-toolbox.connect.DAMP,damp,True,damp browser-toolbox.connect.DAMP opt e10s fission stylo webrender-sw,4767235,77,ms,firefox,445779329.0,1837929437,2024-01-31 20:24:14,1988.3539750000343,ec3d7aa71aecee95cc8bcc26219f04835617da60,1369626,,,,,,,,,,,,,,,,,,,,,,,,,,,,,,,,,,,,,,,,,,,,,,,,,,,,,,,,,,,,,TN,TN
autoland,4768071,12,69b95d09da21c937720a8d3aaca237f47b683aa9,linux1804-64-shippable-qr,True,False,,,102210fe594ee9b33d82058545b1ed14f4c8206e,browser-toolbox.connect.DAMP,damp,True,damp browser-toolbox.connect.DAMP opt e10s fission stylo webrender-sw,4767235,77,ms,firefox,445779409.0,1837931082,2024-01-31 20:52:07,1955.0783275000213,1b403f25c82f2186cd301a73dadae6a394443077,1369644,,,,,,,,,,,,,,,,,,,,,,,,,,,,,,,,,,,,,,,,,,,,,,,,,,,,,,,,,,,,,TN,TN
autoland,4768071,12,69b95d09da21c937720a8d3aaca237f47b683aa9,linux1804-64-shippable-qr,True,False,,,102210fe594ee9b33d82058545b1ed14f4c8206e,browser-toolbox.connect.DAMP,damp,True,damp browser-toolbox.connect.DAMP opt e10s fission stylo webrender-sw,4767235,77,ms,firefox,445779332.0,1837929045,2024-01-31 20:53:04,1956.9739854999864,1152ee7054c3d86bed8ea838a06be0123db1af2d,1369645,,,,,,,,,,,,,,,,,,,,,,,,,,,,,,,,,,,,,,,,,,,,,,,,,,,,,,,,,,,,,TN,TN
autoland,4768071,12,69b95d09da21c937720a8d3aaca237f47b683aa9,linux1804-64-shippable-qr,True,False,,,102210fe594ee9b33d82058545b1ed14f4c8206e,browser-toolbox.connect.DAMP,damp,True,damp browser-toolbox.connect.DAMP opt e10s fission stylo webrender-sw,4767235,77,ms,firefox,445779326.0,1837928986,2024-01-31 20:53:48,1960.493080500004,65f9a92644bb7865929490f498c66995c06d5387,1369647,,,,,,,,,,,,,,,,,,,,,,,,,,,,,,,,,,,,,,,,,,,,,,,,,,,,,,,,,,,,,TN,TN
autoland,4768071,12,69b95d09da21c937720a8d3aaca237f47b683aa9,linux1804-64-shippable-qr,True,False,,,102210fe594ee9b33d82058545b1ed14f4c8206e,browser-toolbox.connect.DAMP,damp,True,damp browser-toolbox.connect.DAMP opt e10s fission stylo webrender-sw,4767235,77,ms,firefox,445772899.0,1837902915,2024-01-31 21:00:33,1953.333725500008,b9335c5177f4e1c1363db4a158ff8a827e861dfc,1369651,,,,,,,,,,,,,,,,,,,,,,,,,,,,,,,,,,,,,,,,,,,,,,,,,,,,,,,,,,,,,TN,TN
autoland,4768071,12,69b95d09da21c937720a8d3aaca237f47b683aa9,linux1804-64-shippable-qr,True,False,,,102210fe594ee9b33d82058545b1ed14f4c8206e,browser-toolbox.connect.DAMP,damp,True,damp browser-toolbox.connect.DAMP opt e10s fission stylo webrender-sw,4767235,77,ms,firefox,445779585.0,1837932107,2024-01-31 21:10:21,1981.66968549999,37e780bf8effc94ba32f20806a1247e3229ade6f,1369657,,,,,,,,,,,,,,,,,,,,,,,,,,,,,,,,,,,,,,,,,,,,,,,,,,,,,,,,,,,,,TN,TN
autoland,4768071,12,69b95d09da21c937720a8d3aaca237f47b683aa9,linux1804-64-shippable-qr,True,False,,,102210fe594ee9b33d82058545b1ed14f4c8206e,browser-toolbox.connect.DAMP,damp,True,damp browser-toolbox.connect.DAMP opt e10s fission stylo webrender-sw,4767235,77,ms,firefox,445779330.0,1837928917,2024-01-31 21:40:14,1959.8896860000093,201e6b644a8625aedbd096cd40e10d9c1028d76d,1369675,,,,,,,,,,,,,,,,,,,,,,,,,,,,,,,,,,,,,,,,,,,,,,,,,,,,,,,,,,,,,TN,TN
autoland,4768071,12,69b95d09da21c937720a8d3aaca237f47b683aa9,linux1804-64-shippable-qr,True,False,,,102210fe594ee9b33d82058545b1ed14f4c8206e,browser-toolbox.connect.DAMP,damp,True,damp browser-toolbox.connect.DAMP opt e10s fission stylo webrender-sw,4767235,77,ms,firefox,445434581.0,1836390573,2024-01-31 21:40:54,1975.227254000005,2ee5ce9b3c67b7e972b0dff7348ea32cb570880e,1369676,,,,,,,,,,,,,,,,,,,,,,,,,,,,,,,,,,,,,,,,,,,,,,,,,,,,,,,,,,,,,TN,TN
autoland,4768071,12,69b95d09da21c937720a8d3aaca237f47b683aa9,linux1804-64-shippable-qr,True,False,,,102210fe594ee9b33d82058545b1ed14f4c8206e,browser-toolbox.connect.DAMP,damp,True,damp browser-toolbox.connect.DAMP opt e10s fission stylo webrender-sw,4767235,77,ms,firefox,445779352.0,1837929645,2024-01-31 22:44:54,1957.66859199998,c3f86949a2750d2a3c0d5fd27c923ffeb08ad7b0,1369717,,,,,,,,,,,,,,,,,,,,,,,,,,,,,,,,,,,,,,,,,,,,,,,,,,,,,,,,,,,,,TN,TN
autoland,4768071,12,69b95d09da21c937720a8d3aaca237f47b683aa9,linux1804-64-shippable-qr,True,False,,,102210fe594ee9b33d82058545b1ed14f4c8206e,browser-toolbox.connect.DAMP,damp,True,damp browser-toolbox.connect.DAMP opt e10s fission stylo webrender-sw,4767235,77,ms,firefox,445779342.0,1837929317,2024-01-31 22:46:36,1949.8250779999871,b26966a8b4176b72a71e58e606e42940a30d70d6,1369718,,,,,,,,,,,,,,,,,,,,,,,,,,,,,,,,,,,,,,,,,,,,,,,,,,,,,,,,,,,,,TN,TN
autoland,4768071,12,69b95d09da21c937720a8d3aaca237f47b683aa9,linux1804-64-shippable-qr,True,False,,,102210fe594ee9b33d82058545b1ed14f4c8206e,browser-toolbox.connect.DAMP,damp,True,damp browser-toolbox.connect.DAMP opt e10s fission stylo webrender-sw,4767235,77,ms,firefox,445773018.0,1837903028,2024-01-31 22:47:15,1976.002473999979,f166c1ffb0460ce02d445ba0e2e4f10dbf43af26,1369719,,,,,,,,,,,,,,,,,,,,,,,,,,,,,,,,,,,,,,,,,,,,,,,,,,,,,,,,,,,,,TN,TN
autoland,4768071,12,69b95d09da21c937720a8d3aaca237f47b683aa9,linux1804-64-shippable-qr,True,False,,,102210fe594ee9b33d82058545b1ed14f4c8206e,browser-toolbox.connect.DAMP,damp,True,damp browser-toolbox.connect.DAMP opt e10s fission stylo webrender-sw,4767235,77,ms,firefox,445779351.0,1837929954,2024-01-31 23:06:40,1950.688730000009,d9b5461f2a9f102551e7b1d3cbac0bec22402938,1369734,,,,,,,,,,,,,,,,,,,,,,,,,,,,,,,,,,,,,,,,,,,,,,,,,,,,,,,,,,,,,TN,TN
autoland,4768071,12,69b95d09da21c937720a8d3aaca237f47b683aa9,linux1804-64-shippable-qr,True,False,,,102210fe594ee9b33d82058545b1ed14f4c8206e,browser-toolbox.connect.DAMP,damp,True,damp browser-toolbox.connect.DAMP opt e10s fission stylo webrender-sw,4767235,77,ms,firefox,445779581.0,1837931756,2024-01-31 23:19:01,1949.6861135000072,6f182537ac36b32479b348ac47b9ddf17d1429a1,1369752,,,,,,,,,,,,,,,,,,,,,,,,,,,,,,,,,,,,,,,,,,,,,,,,,,,,,,,,,,,,,TN,TN
autoland,4768071,12,69b95d09da21c937720a8d3aaca237f47b683aa9,linux1804-64-shippable-qr,True,False,,,102210fe594ee9b33d82058545b1ed14f4c8206e,browser-toolbox.connect.DAMP,damp,True,damp browser-toolbox.connect.DAMP opt e10s fission stylo webrender-sw,4767235,77,ms,firefox,445779546.0,1837931582,2024-01-31 23:57:49,2007.8384690000091,9185b7c49a90a854e38670af626bd917dc7a3ad3,1369777,,,,,,,,,,,,,,,,,,,,,,,,,,,,,,,,,,,,,,,,,,,,,,,,,,,,,,,,,,,,,TN,TN
autoland,4768071,12,69b95d09da21c937720a8d3aaca237f47b683aa9,linux1804-64-shippable-qr,True,False,,,102210fe594ee9b33d82058545b1ed14f4c8206e,browser-toolbox.connect.DAMP,damp,True,damp browser-toolbox.connect.DAMP opt e10s fission stylo webrender-sw,4767235,77,ms,firefox,445779378.0,1837930587,2024-02-01 00:33:55,1984.3709499999527,97ea944e406f25d85492ed8efb74cb80efe624b0,1369791,,,,,,,,,,,,,,,,,,,,,,,,,,,,,,,,,,,,,,,,,,,,,,,,,,,,,,,,,,,,,TN,TN
autoland,4768071,12,69b95d09da21c937720a8d3aaca237f47b683aa9,linux1804-64-shippable-qr,True,False,,,102210fe594ee9b33d82058545b1ed14f4c8206e,browser-toolbox.connect.DAMP,damp,True,damp browser-toolbox.connect.DAMP opt e10s fission stylo webrender-sw,4767235,77,ms,firefox,445776996.0,1837922845,2024-02-01 00:50:55,1969.134308000008,3499edf7911e4982458b528feca3c661c126267d,1369800,,,,,,,,,,,,,,,,,,,,,,,,,,,,,,,,,,,,,,,,,,,,,,,,,,,,,,,,,,,,,TN,TN
autoland,4768071,12,69b95d09da21c937720a8d3aaca237f47b683aa9,linux1804-64-shippable-qr,True,False,,,102210fe594ee9b33d82058545b1ed14f4c8206e,browser-toolbox.connect.DAMP,damp,True,damp browser-toolbox.connect.DAMP opt e10s fission stylo webrender-sw,4767235,77,ms,firefox,445780407.0,1837933233,2024-02-01 01:26:40,2006.2411720000384,7a5d2979591703e496ebda36983639094b7cb852,1369814,,,,,,,,,,,,,,,,,,,,,,,,,,,,,,,,,,,,,,,,,,,,,,,,,,,,,,,,,,,,,TN,TN
autoland,4768071,12,69b95d09da21c937720a8d3aaca237f47b683aa9,linux1804-64-shippable-qr,True,False,,,102210fe594ee9b33d82058545b1ed14f4c8206e,browser-toolbox.connect.DAMP,damp,True,damp browser-toolbox.connect.DAMP opt e10s fission stylo webrender-sw,4767235,77,ms,firefox,445445847.0,1836445509,2024-02-01 02:14:37,1976.2163690000016,6db2a1e04f4120175d3aad9831795823a4269aab,1369822,,,,,,,,,,,,,,,,,,,,,,,,,,,,,,,,,,,,,,,,,,,,,,,,,,,,,,,,,,,,,TN,TN
autoland,4768071,12,69b95d09da21c937720a8d3aaca237f47b683aa9,linux1804-64-shippable-qr,True,False,,,102210fe594ee9b33d82058545b1ed14f4c8206e,browser-toolbox.connect.DAMP,damp,True,damp browser-toolbox.connect.DAMP opt e10s fission stylo webrender-sw,4767235,77,ms,firefox,445463421.0,1836745085,2024-02-01 06:47:17,2015.334747000008,959c3318d5c3f3881746455c2c584be49bb179b6,1369862,,,,,,,,,,,,,,,,,,,,,,,,,,,,,,,,,,,,,,,,,,,,,,,,,,,,,,,,,,,,,TN,TN
autoland,4768071,12,69b95d09da21c937720a8d3aaca237f47b683aa9,linux1804-64-shippable-qr,True,False,,,102210fe594ee9b33d82058545b1ed14f4c8206e,browser-toolbox.connect.DAMP,damp,True,damp browser-toolbox.connect.DAMP opt e10s fission stylo webrender-sw,4767235,77,ms,firefox,445496579.0,1836777074,2024-02-01 11:14:36,1971.8509305000043,a6957fa936149dccf133bd99e165c5879c2cb4d5,1370007,,,,,,,,,,,,,,,,,,,,,,,,,,,,,,,,,,,,,,,,,,,,,,,,,,,,,,,,,,,,,TN,TN
autoland,4768071,12,69b95d09da21c937720a8d3aaca237f47b683aa9,linux1804-64-shippable-qr,True,False,,,102210fe594ee9b33d82058545b1ed14f4c8206e,browser-toolbox.connect.DAMP,damp,True,damp browser-toolbox.connect.DAMP opt e10s fission stylo webrender-sw,4767235,77,ms,firefox,445520448.0,1836796127,2024-02-01 13:09:51,1951.2632350000056,93a67689b8581caaa6d429ea7105abf0dc55e98f,1370065,,,,,,,,,,,,,,,,,,,,,,,,,,,,,,,,,,,,,,,,,,,,,,,,,,,,,,,,,,,,,TN,TN
autoland,4768071,12,69b95d09da21c937720a8d3aaca237f47b683aa9,linux1804-64-shippable-qr,True,False,,,102210fe594ee9b33d82058545b1ed14f4c8206e,browser-toolbox.connect.DAMP,damp,True,damp browser-toolbox.connect.DAMP opt e10s fission stylo webrender-sw,4767235,77,ms,firefox,445575868.0,1837180964,2024-02-01 17:13:14,1946.49965100002,f84c76f9460d8a2a4048954be483e24638c0f39c,1370273,,,,,,,,,,,,,,,,,,,,,,,,,,,,,,,,,,,,,,,,,,,,,,,,,,,,,,,,,,,,,TN,TN
autoland,4768071,12,69b95d09da21c937720a8d3aaca237f47b683aa9,linux1804-64-shippable-qr,True,False,,,102210fe594ee9b33d82058545b1ed14f4c8206e,browser-toolbox.connect.DAMP,damp,True,damp browser-toolbox.connect.DAMP opt e10s fission stylo webrender-sw,4767235,77,ms,firefox,445599026.0,1837200607,2024-02-01 18:09:58,1934.1395714999817,854c462a083b4271435625134f95ce342e243ccb,1370333,,,,,,,,,,,,,,,,,,,,,,,,,,,,,,,,,,,,,,,,,,,,,,,,,,,,,,,,,,,,,TN,TN
autoland,4768071,12,69b95d09da21c937720a8d3aaca237f47b683aa9,linux1804-64-shippable-qr,True,False,,,102210fe594ee9b33d82058545b1ed14f4c8206e,browser-toolbox.connect.DAMP,damp,True,damp browser-toolbox.connect.DAMP opt e10s fission stylo webrender-sw,4767235,77,ms,firefox,445614242.0,1837209067,2024-02-01 22:12:05,1965.3105429999923,144c524a091e2ed65d62b4911026d3400cea02fa,1370552,,,,,,,,,,,,,,,,,,,,,,,,,,,,,,,,,,,,,,,,,,,,,,,,,,,,,,,,,,,,,TN,TN
autoland,4768071,12,69b95d09da21c937720a8d3aaca237f47b683aa9,linux1804-64-shippable-qr,True,False,,,102210fe594ee9b33d82058545b1ed14f4c8206e,browser-toolbox.connect.DAMP,damp,True,damp browser-toolbox.connect.DAMP opt e10s fission stylo webrender-sw,4767235,77,ms,firefox,445620355.0,1837224169,2024-02-01 22:19:46,1959.7659329999733,085a323ab16cb288d40fca29f6bb35d5d7e85753,1370561,,,,,,,,,,,,,,,,,,,,,,,,,,,,,,,,,,,,,,,,,,,,,,,,,,,,,,,,,,,,,TN,TN
autoland,4768071,12,69b95d09da21c937720a8d3aaca237f47b683aa9,linux1804-64-shippable-qr,True,False,,,102210fe594ee9b33d82058545b1ed14f4c8206e,browser-toolbox.connect.DAMP,damp,True,damp browser-toolbox.connect.DAMP opt e10s fission stylo webrender-sw,4767235,77,ms,firefox,445626514.0,1837249453,2024-02-02 02:49:20,1973.7651435000007,dd4c0135beb5076b1a073f8d52507b724781d423,1370659,,,,,,,,,,,,,,,,,,,,,,,,,,,,,,,,,,,,,,,,,,,,,,,,,,,,,,,,,,,,,TN,TN
autoland,4768071,12,69b95d09da21c937720a8d3aaca237f47b683aa9,linux1804-64-shippable-qr,True,False,,,102210fe594ee9b33d82058545b1ed14f4c8206e,browser-toolbox.connect.DAMP,damp,True,damp browser-toolbox.connect.DAMP opt e10s fission stylo webrender-sw,4767235,77,ms,firefox,445719822.0,1837729418,2024-02-02 13:54:17,1975.4350810000324,90d84a362f057a96158ef63f7aa96d639916e390,1370837,,,,,,,,,,,,,,,,,,,,,,,,,,,,,,,,,,,,,,,,,,,,,,,,,,,,,,,,,,,,,TN,TN
autoland,4768071,12,69b95d09da21c937720a8d3aaca237f47b683aa9,linux1804-64-shippable-qr,True,False,,,102210fe594ee9b33d82058545b1ed14f4c8206e,browser-toolbox.connect.DAMP,damp,True,damp browser-toolbox.connect.DAMP opt e10s fission stylo webrender-sw,4767235,77,ms,firefox,445708667.0,1837591095,2024-02-02 14:44:09,1945.6978134999956,2d3365b1475ea6b0234b76a4ccfefc8c11e491a0,1370872,,,,,,,,,,,,,,,,,,,,,,,,,,,,,,,,,,,,,,,,,,,,,,,,,,,,,,,,,,,,,TN,TN
autoland,4768071,12,69b95d09da21c937720a8d3aaca237f47b683aa9,linux1804-64-shippable-qr,True,False,,,102210fe594ee9b33d82058545b1ed14f4c8206e,browser-toolbox.connect.DAMP,damp,True,damp browser-toolbox.connect.DAMP opt e10s fission stylo webrender-sw,4767235,77,ms,firefox,445750678.0,1837847844,2024-02-02 19:53:24,1963.021484500001,67f13af428e383eb2f3472448564da31a6cd3eae,1371106,,,,,,,,,,,,,,,,,,,,,,,,,,,,,,,,,,,,,,,,,,,,,,,,,,,,,,,,,,,,,TN,TN
autoland,4768071,12,69b95d09da21c937720a8d3aaca237f47b683aa9,linux1804-64-shippable-qr,True,False,,,102210fe594ee9b33d82058545b1ed14f4c8206e,browser-toolbox.connect.DAMP,damp,True,damp browser-toolbox.connect.DAMP opt e10s fission stylo webrender-sw,4767235,77,ms,firefox,445773330.0,1837906710,2024-02-02 21:53:09,1985.6510950000084,0a89948ba0c00bf10f2fb02375bb347cffbdc1e1,1371183,,,,,,,,,,,,,,,,,,,,,,,,,,,,,,,,,,,,,,,,,,,,,,,,,,,,,,,,,,,,,TN,TN
autoland,4768071,12,69b95d09da21c937720a8d3aaca237f47b683aa9,linux1804-64-shippable-qr,True,False,,,102210fe594ee9b33d82058545b1ed14f4c8206e,browser-toolbox.connect.DAMP,damp,True,damp browser-toolbox.connect.DAMP opt e10s fission stylo webrender-sw,4767235,77,ms,firefox,445785581.0,1837961818,2024-02-03 02:32:07,1974.045038000004,b9172a6f32d47b58f805d7cdc242ba32e55cb4a6,1371314,,,,,,,,,,,,,,,,,,,,,,,,,,,,,,,,,,,,,,,,,,,,,,,,,,,,,,,,,,,,,TN,TN
autoland,4768071,12,69b95d09da21c937720a8d3aaca237f47b683aa9,linux1804-64-shippable-qr,True,False,,,102210fe594ee9b33d82058545b1ed14f4c8206e,browser-toolbox.connect.DAMP,damp,True,damp browser-toolbox.connect.DAMP opt e10s fission stylo webrender-sw,4767235,77,ms,firefox,445796879.0,1838011862,2024-02-03 06:48:17,1991.080847999969,f8d442e9495d595bd8d4c6cbd272480f9d0dbfb5,1371333,,,,,,,,,,,,,,,,,,,,,,,,,,,,,,,,,,,,,,,,,,,,,,,,,,,,,,,,,,,,,TN,TN
autoland,4768071,12,69b95d09da21c937720a8d3aaca237f47b683aa9,linux1804-64-shippable-qr,True,False,,,102210fe594ee9b33d82058545b1ed14f4c8206e,browser-toolbox.connect.DAMP,damp,True,damp browser-toolbox.connect.DAMP opt e10s fission stylo webrender-sw,4767235,77,ms,firefox,445808761.0,1838066161,2024-02-03 09:08:28,1960.2175305000128,6c316fd08b2f2ac6443dd8193a52f819df23ce2e,1371368,,,,,,,,,,,,,,,,,,,,,,,,,,,,,,,,,,,,,,,,,,,,,,,,,,,,,,,,,,,,,TN,TN
autoland,4768071,12,69b95d09da21c937720a8d3aaca237f47b683aa9,linux1804-64-shippable-qr,True,False,,,102210fe594ee9b33d82058545b1ed14f4c8206e,browser-toolbox.connect.DAMP,damp,True,damp browser-toolbox.connect.DAMP opt e10s fission stylo webrender-sw,4767235,77,ms,firefox,445831362.0,1838131781,2024-02-03 16:51:05,1967.8020629999955,234a8e0fb95fc4c3f978bc6c198667481d3115da,1371417,,,,,,,,,,,,,,,,,,,,,,,,,,,,,,,,,,,,,,,,,,,,,,,,,,,,,,,,,,,,,TN,TN
autoland,4768071,12,69b95d09da21c937720a8d3aaca237f47b683aa9,linux1804-64-shippable-qr,True,False,,,102210fe594ee9b33d82058545b1ed14f4c8206e,browser-toolbox.connect.DAMP,damp,True,damp browser-toolbox.connect.DAMP opt e10s fission stylo webrender-sw,4767235,77,ms,firefox,445850023.0,1838254395,2024-02-04 01:32:05,1961.811901500041,7a5ad9c8b72b8e9fbc0f63d91a955bff54216958,1371481,,,,,,,,,,,,,,,,,,,,,,,,,,,,,,,,,,,,,,,,,,,,,,,,,,,,,,,,,,,,,TN,TN
autoland,4768071,12,69b95d09da21c937720a8d3aaca237f47b683aa9,linux1804-64-shippable-qr,True,False,,,102210fe594ee9b33d82058545b1ed14f4c8206e,browser-toolbox.connect.DAMP,damp,True,damp browser-toolbox.connect.DAMP opt e10s fission stylo webrender-sw,4767235,77,ms,firefox,445877420.0,1838419235,2024-02-04 11:04:08,2005.9865455000108,eb281b3fd4660b5e7e7d1e77f7ebe3182c28569d,1371513,,,,,,,,,,,,,,,,,,,,,,,,,,,,,,,,,,,,,,,,,,,,,,,,,,,,,,,,,,,,,TN,TN
autoland,4768071,12,69b95d09da21c937720a8d3aaca237f47b683aa9,linux1804-64-shippable-qr,True,False,,,102210fe594ee9b33d82058545b1ed14f4c8206e,browser-toolbox.connect.DAMP,damp,True,damp browser-toolbox.connect.DAMP opt e10s fission stylo webrender-sw,4767235,77,ms,firefox,445890009.0,1838585567,2024-02-04 18:26:12,1927.0426419999856,6cb794603d85d30882e94931d5c7cba2c609e8dd,1371541,,,,,,,,,,,,,,,,,,,,,,,,,,,,,,,,,,,,,,,,,,,,,,,,,,,,,,,,,,,,,TN,TN
autoland,4768071,12,69b95d09da21c937720a8d3aaca237f47b683aa9,linux1804-64-shippable-qr,True,False,,,102210fe594ee9b33d82058545b1ed14f4c8206e,browser-toolbox.connect.DAMP,damp,True,damp browser-toolbox.connect.DAMP opt e10s fission stylo webrender-sw,4767235,77,ms,firefox,445907920.0,1838665023,2024-02-05 01:14:58,1952.044452000002,778e884de4e5ecb46e2d212a6f5f4a13e465a3a4,1371575,,,,,,,,,,,,,,,,,,,,,,,,,,,,,,,,,,,,,,,,,,,,,,,,,,,,,,,,,,,,,TN,TN
autoland,4768071,12,69b95d09da21c937720a8d3aaca237f47b683aa9,linux1804-64-shippable-qr,True,False,,,102210fe594ee9b33d82058545b1ed14f4c8206e,browser-toolbox.connect.DAMP,damp,True,damp browser-toolbox.connect.DAMP opt e10s fission stylo webrender-sw,4767235,77,ms,firefox,445914050.0,1838697370,2024-02-05 06:38:18,1988.194585500023,9ca12d444230411e2168420a584a7f95e90c1f97,1371605,,,,,,,,,,,,,,,,,,,,,,,,,,,,,,,,,,,,,,,,,,,,,,,,,,,,,,,,,,,,,TN,TN
autoland,4768071,12,69b95d09da21c937720a8d3aaca237f47b683aa9,linux1804-64-shippable-qr,True,False,,,102210fe594ee9b33d82058545b1ed14f4c8206e,browser-toolbox.connect.DAMP,damp,True,damp browser-toolbox.connect.DAMP opt e10s fission stylo webrender-sw,4767235,77,ms,firefox,445953295.0,1838840949,2024-02-05 11:13:48,1961.2747899999667,e026ce62cd3a8700c3c5fb7495521391420d3ef6,1371747,,,,,,,,,,,,,,,,,,,,,,,,,,,,,,,,,,,,,,,,,,,,,,,,,,,,,,,,,,,,,TN,TN
autoland,4768071,12,69b95d09da21c937720a8d3aaca237f47b683aa9,linux1804-64-shippable-qr,True,False,,,102210fe594ee9b33d82058545b1ed14f4c8206e,browser-toolbox.connect.DAMP,damp,True,damp browser-toolbox.connect.DAMP opt e10s fission stylo webrender-sw,4767235,77,ms,firefox,445988251.0,1838945140,2024-02-05 15:06:21,1971.8265209999956,d67e058935bae8bfad9fb5868b225926a25cb64a,1371897,,,,,,,,,,,,,,,,,,,,,,,,,,,,,,,,,,,,,,,,,,,,,,,,,,,,,,,,,,,,,TN,TN
autoland,4768071,12,69b95d09da21c937720a8d3aaca237f47b683aa9,linux1804-64-shippable-qr,True,False,,,102210fe594ee9b33d82058545b1ed14f4c8206e,browser-toolbox.connect.DAMP,damp,True,damp browser-toolbox.connect.DAMP opt e10s fission stylo webrender-sw,4767235,77,ms,firefox,446033004.0,1839112131,2024-02-05 18:46:19,1968.0736579999937,9559ddacce7e802c8bda80f0f58d6cfd6cdd2948,1372136,,,,,,,,,,,,,,,,,,,,,,,,,,,,,,,,,,,,,,,,,,,,,,,,,,,,,,,,,,,,,TN,TN
autoland,4768071,12,69b95d09da21c937720a8d3aaca237f47b683aa9,linux1804-64-shippable-qr,True,False,,,102210fe594ee9b33d82058545b1ed14f4c8206e,browser-toolbox.connect.DAMP,damp,True,damp browser-toolbox.connect.DAMP opt e10s fission stylo webrender-sw,4767235,77,ms,firefox,446060670.0,1839192244,2024-02-05 23:26:30,1919.4476269999725,9f16b642b137c1390a012556c58e9f957a816ef6,1372325,,,,,,,,,,,,,,,,,,,,,,,,,,,,,,,,,,,,,,,,,,,,,,,,,,,,,,,,,,,,,TN,TN
autoland,4768071,12,69b95d09da21c937720a8d3aaca237f47b683aa9,linux1804-64-shippable-qr,True,False,,,102210fe594ee9b33d82058545b1ed14f4c8206e,browser-toolbox.connect.DAMP,damp,True,damp browser-toolbox.connect.DAMP opt e10s fission stylo webrender-sw,4767235,77,ms,firefox,446073706.0,1839293441,2024-02-06 03:53:00,1934.9595924999885,1995789cfffa08b612d3571d2e8596837f772a49,1372390,,,,,,,,,,,,,,,,,,,,,,,,,,,,,,,,,,,,,,,,,,,,,,,,,,,,,,,,,,,,,TN,TN
autoland,4768071,12,69b95d09da21c937720a8d3aaca237f47b683aa9,linux1804-64-shippable-qr,True,False,,,102210fe594ee9b33d82058545b1ed14f4c8206e,browser-toolbox.connect.DAMP,damp,True,damp browser-toolbox.connect.DAMP opt e10s fission stylo webrender-sw,4767235,77,ms,firefox,446092655.0,1839469949,2024-02-06 07:31:17,1988.787020999982,df0b9539f5604a9aefc6916ce6ecf2e52670b78b,1372455,,,,,,,,,,,,,,,,,,,,,,,,,,,,,,,,,,,,,,,,,,,,,,,,,,,,,,,,,,,,,TN,TN
autoland,4768071,12,69b95d09da21c937720a8d3aaca237f47b683aa9,linux1804-64-shippable-qr,True,False,,,102210fe594ee9b33d82058545b1ed14f4c8206e,browser-toolbox.connect.DAMP,damp,True,damp browser-toolbox.connect.DAMP opt e10s fission stylo webrender-sw,4767235,77,ms,firefox,446478102.0,1841101166,2024-02-06 08:29:40,1973.220815000008,8fd054c98f9fdb377165fdc91c59a77df2e64c00,1372468,,,,,,,,,,,,,,,,,,,,,,,,,,,,,,,,,,,,,,,,,,,,,,,,,,,,,,,,,,,,,TN,TN
autoland,4768071,12,69b95d09da21c937720a8d3aaca237f47b683aa9,linux1804-64-shippable-qr,True,False,,,102210fe594ee9b33d82058545b1ed14f4c8206e,browser-toolbox.connect.DAMP,damp,True,damp browser-toolbox.connect.DAMP opt e10s fission stylo webrender-sw,4767235,77,ms,firefox,446478190.0,1841101383,2024-02-06 09:50:06,1964.4124249999584,968f9e4eede058b7591cb2952757a06bc23859e1,1372504,,,,,,,,,,,,,,,,,,,,,,,,,,,,,,,,,,,,,,,,,,,,,,,,,,,,,,,,,,,,,TN,TN
autoland,4768071,12,69b95d09da21c937720a8d3aaca237f47b683aa9,linux1804-64-shippable-qr,True,False,,,102210fe594ee9b33d82058545b1ed14f4c8206e,browser-toolbox.connect.DAMP,damp,True,damp browser-toolbox.connect.DAMP opt e10s fission stylo webrender-sw,4767235,77,ms,firefox,446478193.0,1841101443,2024-02-06 09:59:17,1986.0431700000045,05e2d2bc12605238e3e42c206197dc9b81910b8b,1372512,,,,,,,,,,,,,,,,,,,,,,,,,,,,,,,,,,,,,,,,,,,,,,,,,,,,,,,,,,,,,TN,TN
autoland,4768071,12,69b95d09da21c937720a8d3aaca237f47b683aa9,linux1804-64-shippable-qr,True,False,,,102210fe594ee9b33d82058545b1ed14f4c8206e,browser-toolbox.connect.DAMP,damp,True,damp browser-toolbox.connect.DAMP opt e10s fission stylo webrender-sw,4767235,77,ms,firefox,446478195.0,1841101873,2024-02-06 09:59:58,1968.898082,bcb83c379af9c0d55a622d6f557b96a5bb804cf4,1372513,,,,,,,,,,,,,,,,,,,,,,,,,,,,,,,,,,,,,,,,,,,,,,,,,,,,,,,,,,,,,TN,TN
autoland,4768071,12,69b95d09da21c937720a8d3aaca237f47b683aa9,linux1804-64-shippable-qr,True,False,,,102210fe594ee9b33d82058545b1ed14f4c8206e,browser-toolbox.connect.DAMP,damp,True,damp browser-toolbox.connect.DAMP opt e10s fission stylo webrender-sw,4767235,77,ms,firefox,446478196.0,1841101225,2024-02-06 10:00:38,1967.528887499997,ddcc854c30889f464dc4b7440a2dd07592e06a4f,1372514,,,,,,,,,,,,,,,,,,,,,,,,,,,,,,,,,,,,,,,,,,,,,,,,,,,,,,,,,,,,,TN,TN
autoland,4768071,12,69b95d09da21c937720a8d3aaca237f47b683aa9,linux1804-64-shippable-qr,True,False,,,102210fe594ee9b33d82058545b1ed14f4c8206e,browser-toolbox.connect.DAMP,damp,True,damp browser-toolbox.connect.DAMP opt e10s fission stylo webrender-sw,4767235,77,ms,firefox,446478197.0,1841101815,2024-02-06 10:01:20,2012.7930019999912,840505abaf560d5be5932e423da8732039b61ab3,1372515,,,,,,,,,,,,,,,,,,,,,,,,,,,,,,,,,,,,,,,,,,,,,,,,,,,,,,,,,,,,,TN,TN
autoland,4768071,12,69b95d09da21c937720a8d3aaca237f47b683aa9,linux1804-64-shippable-qr,True,False,,,102210fe594ee9b33d82058545b1ed14f4c8206e,browser-toolbox.connect.DAMP,damp,True,damp browser-toolbox.connect.DAMP opt e10s fission stylo webrender-sw,4767235,77,ms,firefox,446478205.0,1841100449,2024-02-06 10:02:11,1958.0193900000304,5985445bd5c1409a7627bc8c7ec9800ea65e6bf5,1372517,,,,,,,,,,,,,,,,,,,,,,,,,,,,,,,,,,,,,,,,,,,,,,,,,,,,,,,,,,,,,TN,TN
autoland,4768071,12,69b95d09da21c937720a8d3aaca237f47b683aa9,linux1804-64-shippable-qr,True,False,,,102210fe594ee9b33d82058545b1ed14f4c8206e,browser-toolbox.connect.DAMP,damp,True,damp browser-toolbox.connect.DAMP opt e10s fission stylo webrender-sw,4767235,77,ms,firefox,446478199.0,1841101930,2024-02-06 10:02:51,1978.2405520000248,2a94e8bad21e0a4ed58c262af9e8aebad4735f7e,1372519,,,,,,,,,,,,,,,,,,,,,,,,,,,,,,,,,,,,,,,,,,,,,,,,,,,,,,,,,,,,,TN,TN
autoland,4768071,12,69b95d09da21c937720a8d3aaca237f47b683aa9,linux1804-64-shippable-qr,True,False,,,102210fe594ee9b33d82058545b1ed14f4c8206e,browser-toolbox.connect.DAMP,damp,True,damp browser-toolbox.connect.DAMP opt e10s fission stylo webrender-sw,4767235,77,ms,firefox,446478202.0,1841101092,2024-02-06 11:24:42,1963.101176000004,72cb17d0ae8b549c423e81d242cd734bf59102e1,1372567,,,,,,,,,,,,,,,,,,,,,,,,,,,,,,,,,,,,,,,,,,,,,,,,,,,,,,,,,,,,,TN,TN
autoland,4768071,12,69b95d09da21c937720a8d3aaca237f47b683aa9,linux1804-64-shippable-qr,True,False,,,102210fe594ee9b33d82058545b1ed14f4c8206e,browser-toolbox.connect.DAMP,damp,True,damp browser-toolbox.connect.DAMP opt e10s fission stylo webrender-sw,4767235,77,ms,firefox,446143363.0,1839644861,2024-02-06 11:44:40,1942.27760099998,c48ca61bc9255db0107d377c103a752265b60eb8,1372588,,,,,,,,,,,,,,,,,,,,,,,,,,,,,,,,,,,,,,,,,,,,,,,,,,,,,,,,,,,,,TN,TN
autoland,4768071,12,69b95d09da21c937720a8d3aaca237f47b683aa9,linux1804-64-shippable-qr,True,False,,,102210fe594ee9b33d82058545b1ed14f4c8206e,browser-toolbox.connect.DAMP,damp,True,damp browser-toolbox.connect.DAMP opt e10s fission stylo webrender-sw,4767235,77,ms,firefox,446478103.0,1841100711,2024-02-06 14:40:33,1964.426509000012,aa11ea1d19a3fb9fccc3dd7cb02188d6109ec009,1372699,,,,,,,,,,,,,,,,,,,,,,,,,,,,,,,,,,,,,,,,,,,,,,,,,,,,,,,,,,,,,TN,TN
autoland,4768071,12,69b95d09da21c937720a8d3aaca237f47b683aa9,linux1804-64-shippable-qr,True,False,,,102210fe594ee9b33d82058545b1ed14f4c8206e,browser-toolbox.connect.DAMP,damp,True,damp browser-toolbox.connect.DAMP opt e10s fission stylo webrender-sw,4767235,77,ms,firefox,446478189.0,1841102261,2024-02-06 15:01:04,1981.247553500012,19f8c667d6af426c851b0de3f6c17a4b03f78b47,1372707,,,,,,,,,,,,,,,,,,,,,,,,,,,,,,,,,,,,,,,,,,,,,,,,,,,,,,,,,,,,,TN,TN
autoland,4768071,12,69b95d09da21c937720a8d3aaca237f47b683aa9,linux1804-64-shippable-qr,True,False,,,102210fe594ee9b33d82058545b1ed14f4c8206e,browser-toolbox.connect.DAMP,damp,True,damp browser-toolbox.connect.DAMP opt e10s fission stylo webrender-sw,4767235,77,ms,firefox,446478192.0,1841101628,2024-02-06 15:25:27,1972.7594455000217,9e9263ad5cf7d929f846d417860f179aa942282a,1372729,,,,,,,,,,,,,,,,,,,,,,,,,,,,,,,,,,,,,,,,,,,,,,,,,,,,,,,,,,,,,TN,TN
autoland,4768071,12,69b95d09da21c937720a8d3aaca237f47b683aa9,linux1804-64-shippable-qr,True,False,,,102210fe594ee9b33d82058545b1ed14f4c8206e,browser-toolbox.connect.DAMP,damp,True,damp browser-toolbox.connect.DAMP opt e10s fission stylo webrender-sw,4767235,77,ms,firefox,446478191.0,1841101572,2024-02-06 15:31:58,1978.5434549999627,1576ed47882fcd06882e563bfcc284ba54e9957b,1372736,,,,,,,,,,,,,,,,,,,,,,,,,,,,,,,,,,,,,,,,,,,,,,,,,,,,,,,,,,,,,TN,TN
autoland,4768071,12,69b95d09da21c937720a8d3aaca237f47b683aa9,linux1804-64-shippable-qr,True,False,,,102210fe594ee9b33d82058545b1ed14f4c8206e,browser-toolbox.connect.DAMP,damp,True,damp browser-toolbox.connect.DAMP opt e10s fission stylo webrender-sw,4767235,77,ms,firefox,446478194.0,1841100774,2024-02-06 15:50:51,1956.016231999973,39cf6862a84a2d1496f76ef8a7eb2cd56145f6bf,1372751,,,,,,,,,,,,,,,,,,,,,,,,,,,,,,,,,,,,,,,,,,,,,,,,,,,,,,,,,,,,,TN,TN
autoland,4768071,12,69b95d09da21c937720a8d3aaca237f47b683aa9,linux1804-64-shippable-qr,True,False,,,102210fe594ee9b33d82058545b1ed14f4c8206e,browser-toolbox.connect.DAMP,damp,True,damp browser-toolbox.connect.DAMP opt e10s fission stylo webrender-sw,4767235,77,ms,firefox,446478198.0,1841100637,2024-02-06 15:51:34,1911.7098975000044,b34477dd4ac226292a2d9b351379c08908b014f8,1372752,,,,,,,,,,,,,,,,,,,,,,,,,,,,,,,,,,,,,,,,,,,,,,,,,,,,,,,,,,,,,TN,TN
autoland,4768071,12,69b95d09da21c937720a8d3aaca237f47b683aa9,linux1804-64-shippable-qr,True,False,,,102210fe594ee9b33d82058545b1ed14f4c8206e,browser-toolbox.connect.DAMP,damp,True,damp browser-toolbox.connect.DAMP opt e10s fission stylo webrender-sw,4767235,77,ms,firefox,446478200.0,1841100882,2024-02-06 15:52:19,1934.260203500024,99f809a0ff1e72cac0045c5359cec307a2a57f86,1372753,,,,,,,,,,,,,,,,,,,,,,,,,,,,,,,,,,,,,,,,,,,,,,,,,,,,,,,,,,,,,TN,TN
autoland,4768071,12,69b95d09da21c937720a8d3aaca237f47b683aa9,linux1804-64-shippable-qr,True,False,,,102210fe594ee9b33d82058545b1ed14f4c8206e,browser-toolbox.connect.DAMP,damp,True,damp browser-toolbox.connect.DAMP opt e10s fission stylo webrender-sw,4767235,77,ms,firefox,446478203.0,1841101757,2024-02-06 16:00:06,1965.9953289999685,b3966d5a4d297e1219d7915ab4fcb587341d9a4b,1372766,,,,,,,,,,,,,,,,,,,,,,,,,,,,,,,,,,,,,,,,,,,,,,,,,,,,,,,,,,,,,TN,TN
autoland,4768071,12,69b95d09da21c937720a8d3aaca237f47b683aa9,linux1804-64-shippable-qr,True,False,,,102210fe594ee9b33d82058545b1ed14f4c8206e,browser-toolbox.connect.DAMP,damp,True,damp browser-toolbox.connect.DAMP opt e10s fission stylo webrender-sw,4767235,77,ms,firefox,446478201.0,1841100428,2024-02-06 16:07:48,1948.621912500006,f83467c829171fbff2a01d2876609c50368d3bce,1372772,,,,,,,,,,,,,,,,,,,,,,,,,,,,,,,,,,,,,,,,,,,,,,,,,,,,,,,,,,,,,TN,TN
autoland,4768071,12,69b95d09da21c937720a8d3aaca237f47b683aa9,linux1804-64-shippable-qr,True,False,,,102210fe594ee9b33d82058545b1ed14f4c8206e,browser-toolbox.connect.DAMP,damp,True,damp browser-toolbox.connect.DAMP opt e10s fission stylo webrender-sw,4767235,77,ms,firefox,446226610.0,1839963461,2024-02-06 17:15:13,1981.9793974999773,79b38383448166074627506218757a9881ca5679,1372809,,,,,,,,,,,,,,,,,,,,,,,,,,,,,,,,,,,,,,,,,,,,,,,,,,,,,,,,,,,,,TN,TN
autoland,4768071,12,69b95d09da21c937720a8d3aaca237f47b683aa9,linux1804-64-shippable-qr,True,False,,,102210fe594ee9b33d82058545b1ed14f4c8206e,browser-toolbox.connect.DAMP,damp,True,damp browser-toolbox.connect.DAMP opt e10s fission stylo webrender-sw,4767235,77,ms,firefox,446478413.0,1841119240,2024-02-06 17:22:41,1927.9309410000133,3eeec53ca76ba462136f560918972845c66cb62d,1372814,,,,,,,,,,,,,,,,,,,,,,,,,,,,,,,,,,,,,,,,,,,,,,,,,,,,,,,,,,,,,TN,TN
autoland,4768071,12,69b95d09da21c937720a8d3aaca237f47b683aa9,linux1804-64-shippable-qr,True,False,,,102210fe594ee9b33d82058545b1ed14f4c8206e,browser-toolbox.connect.DAMP,damp,True,damp browser-toolbox.connect.DAMP opt e10s fission stylo webrender-sw,4767235,77,ms,firefox,446478414.0,1841122432,2024-02-06 17:23:23,1957.8232760000392,8a4086f451421a27505589048bdf2e6969b4a22f,1372816,,,,,,,,,,,,,,,,,,,,,,,,,,,,,,,,,,,,,,,,,,,,,,,,,,,,,,,,,,,,,TN,TN
autoland,4768071,12,69b95d09da21c937720a8d3aaca237f47b683aa9,linux1804-64-shippable-qr,True,False,,,102210fe594ee9b33d82058545b1ed14f4c8206e,browser-toolbox.connect.DAMP,damp,True,damp browser-toolbox.connect.DAMP opt e10s fission stylo webrender-sw,4767235,77,ms,firefox,446213793.0,1839924054,2024-02-06 17:24:04,1958.666496500024,1f93ea2744765ca11b90874574cc12168d3828a5,1372818,,,,,,,,,,,,,,,,,,,,,,,,,,,,,,,,,,,,,,,,,,,,,,,,,,,,,,,,,,,,,TN,TN
autoland,4768071,12,69b95d09da21c937720a8d3aaca237f47b683aa9,linux1804-64-shippable-qr,True,False,,,102210fe594ee9b33d82058545b1ed14f4c8206e,browser-toolbox.connect.DAMP,damp,True,damp browser-toolbox.connect.DAMP opt e10s fission stylo webrender-sw,4767235,77,ms,firefox,446478259.0,1841119791,2024-02-06 18:29:13,1971.3947954999892,8cde56dd1f75bd509818eebf3a91eb9d63c35a5e,1372876,,,,,,,,,,,,,,,,,,,,,,,,,,,,,,,,,,,,,,,,,,,,,,,,,,,,,,,,,,,,,TN,TN
autoland,4768071,12,69b95d09da21c937720a8d3aaca237f47b683aa9,linux1804-64-shippable-qr,True,False,,,102210fe594ee9b33d82058545b1ed14f4c8206e,browser-toolbox.connect.DAMP,damp,True,damp browser-toolbox.connect.DAMP opt e10s fission stylo webrender-sw,4767235,77,ms,firefox,446478206.0,1841102155,2024-02-06 18:52:01,1970.9115175000045,e5a56fbdac9d732c07ba22639ed68df28948ca2d,1372899,,,,,,,,,,,,,,,,,,,,,,,,,,,,,,,,,,,,,,,,,,,,,,,,,,,,,,,,,,,,,TN,TN
autoland,4768071,12,69b95d09da21c937720a8d3aaca237f47b683aa9,linux1804-64-shippable-qr,True,False,,,102210fe594ee9b33d82058545b1ed14f4c8206e,browser-toolbox.connect.DAMP,damp,True,damp browser-toolbox.connect.DAMP opt e10s fission stylo webrender-sw,4767235,77,ms,firefox,446478406.0,1841114137,2024-02-06 18:54:16,1621.7931344999815,f436bbd967a008d07b58049d2b751609e6605ab4,1372902,,,,,,,,,,,,,,,,,,,,,,,,,,,,,,,,,,,,,,,,,,,,,,,,,,,,,,,,,,,,,TN,TN
autoland,4768071,12,69b95d09da21c937720a8d3aaca237f47b683aa9,linux1804-64-shippable-qr,True,False,,,102210fe594ee9b33d82058545b1ed14f4c8206e,browser-toolbox.connect.DAMP,damp,True,damp browser-toolbox.connect.DAMP opt e10s fission stylo webrender-sw,4767235,77,ms,firefox,446478408.0,1841119473,2024-02-06 18:54:58,1945.0810465000104,7b42121a4f48dfc82d82b04a831204e7b9fa7cdb,1372905,,,,,,,,,,,,,,,,,,,,,,,,,,,,,,,,,,,,,,,,,,,,,,,,,,,,,,,,,,,,,TN,TN
autoland,4768071,12,69b95d09da21c937720a8d3aaca237f47b683aa9,linux1804-64-shippable-qr,True,False,,,102210fe594ee9b33d82058545b1ed14f4c8206e,browser-toolbox.connect.DAMP,damp,True,damp browser-toolbox.connect.DAMP opt e10s fission stylo webrender-sw,4767235,77,ms,firefox,446478409.0,1841121655,2024-02-06 18:55:39,1951.2724095000008,e3c76a18de2b4456900f94551dae44407d64eaa3,1372906,,,,,,,,,,,,,,,,,,,,,,,,,,,,,,,,,,,,,,,,,,,,,,,,,,,,,,,,,,,,,TN,TN
autoland,4768071,12,69b95d09da21c937720a8d3aaca237f47b683aa9,linux1804-64-shippable-qr,True,False,,,102210fe594ee9b33d82058545b1ed14f4c8206e,browser-toolbox.connect.DAMP,damp,True,damp browser-toolbox.connect.DAMP opt e10s fission stylo webrender-sw,4767235,77,ms,firefox,446491230.0,1841155291,2024-02-06 18:56:20,1968.7347409999784,40bac1b10006b24580bad57de6cf5efb2415ad67,1372907,,,,,,,,,,,,,,,,,,,,,,,,,,,,,,,,,,,,,,,,,,,,,,,,,,,,,,,,,,,,,TN,TN
autoland,4768071,12,69b95d09da21c937720a8d3aaca237f47b683aa9,linux1804-64-shippable-qr,True,False,,,102210fe594ee9b33d82058545b1ed14f4c8206e,browser-toolbox.connect.DAMP,damp,True,damp browser-toolbox.connect.DAMP opt e10s fission stylo webrender-sw,4767235,77,ms,firefox,446498460.0,1841172633,2024-02-06 18:57:03,1631.9225234999976,07c6057bdf293049577ea6eefb05521d4574e4da,1372908,,,,,,,,,,,,,,,,,,,,,,,,,,,,,,,,,,,,,,,,,,,,,,,,,,,,,,,,,,,,,TN,TN
autoland,4768071,12,69b95d09da21c937720a8d3aaca237f47b683aa9,linux1804-64-shippable-qr,True,False,,,102210fe594ee9b33d82058545b1ed14f4c8206e,browser-toolbox.connect.DAMP,damp,True,damp browser-toolbox.connect.DAMP opt e10s fission stylo webrender-sw,4767235,77,ms,firefox,446480944.0,1841122520,2024-02-06 19:03:00,1961.2715409999876,beb7de3dedccc4c9e76ff909ef644650ecc215a6,1372914,,,,,,,,,,,,,,,,,,,,,,,,,,,,,,,,,,,,,,,,,,,,,,,,,,,,,,,,,,,,,TN,TN
autoland,4768071,12,69b95d09da21c937720a8d3aaca237f47b683aa9,linux1804-64-shippable-qr,True,False,,,102210fe594ee9b33d82058545b1ed14f4c8206e,browser-toolbox.connect.DAMP,damp,True,damp browser-toolbox.connect.DAMP opt e10s fission stylo webrender-sw,4767235,77,ms,firefox,446480992.0,1841123086,2024-02-06 20:22:18,1978.0125615,c77ece737455b3997085f8bde73fcebf26f080bc,1372981,,,,,,,,,,,,,,,,,,,,,,,,,,,,,,,,,,,,,,,,,,,,,,,,,,,,,,,,,,,,,TN,TN
autoland,4768071,12,69b95d09da21c937720a8d3aaca237f47b683aa9,linux1804-64-shippable-qr,True,False,,,102210fe594ee9b33d82058545b1ed14f4c8206e,browser-toolbox.connect.DAMP,damp,True,damp browser-toolbox.connect.DAMP opt e10s fission stylo webrender-sw,4767235,77,ms,firefox,446278211.0,1840285863,2024-02-07 04:17:01,1955.9963925000047,1d87eb92ed10d04dccab53b631b14010ca09beb6,1373159,,,,,,,,,,,,,,,,,,,,,,,,,,,,,,,,,,,,,,,,,,,,,,,,,,,,,,,,,,,,,TN,TN
autoland,4768071,12,69b95d09da21c937720a8d3aaca237f47b683aa9,linux1804-64-shippable-qr,True,False,,,102210fe594ee9b33d82058545b1ed14f4c8206e,browser-toolbox.connect.DAMP,damp,True,damp browser-toolbox.connect.DAMP opt e10s fission stylo webrender-sw,4767235,77,ms,firefox,446281078.0,1840311480,2024-02-07 04:22:59,1970.8609789999755,fce00cd55ffb9127f24e7e1d2186178f72429fce,1373168,,,,,,,,,,,,,,,,,,,,,,,,,,,,,,,,,,,,,,,,,,,,,,,,,,,,,,,,,,,,,TN,TN
autoland,4768071,12,69b95d09da21c937720a8d3aaca237f47b683aa9,linux1804-64-shippable-qr,True,False,,,102210fe594ee9b33d82058545b1ed14f4c8206e,browser-toolbox.connect.DAMP,damp,True,damp browser-toolbox.connect.DAMP opt e10s fission stylo webrender-sw,4767235,77,ms,firefox,446304358.0,1840435544,2024-02-07 08:54:39,1960.450004499995,df59ba0b3152fb8f6812b413bd2a6869bff469c1,1373246,,,,,,,,,,,,,,,,,,,,,,,,,,,,,,,,,,,,,,,,,,,,,,,,,,,,,,,,,,,,,TN,TN
autoland,4768071,12,69b95d09da21c937720a8d3aaca237f47b683aa9,linux1804-64-shippable-qr,True,False,,,102210fe594ee9b33d82058545b1ed14f4c8206e,browser-toolbox.connect.DAMP,damp,True,damp browser-toolbox.connect.DAMP opt e10s fission stylo webrender-sw,4767235,77,ms,firefox,446304242.0,1840407287,2024-02-07 09:01:16,1946.523274499996,ab5b008e36a4742d737a89c8cbfc1a69e2b76456,1373249,,,,,,,,,,,,,,,,,,,,,,,,,,,,,,,,,,,,,,,,,,,,,,,,,,,,,,,,,,,,,TN,TN
autoland,4768071,12,69b95d09da21c937720a8d3aaca237f47b683aa9,linux1804-64-shippable-qr,True,False,,,102210fe594ee9b33d82058545b1ed14f4c8206e,browser-toolbox.connect.DAMP,damp,True,damp browser-toolbox.connect.DAMP opt e10s fission stylo webrender-sw,4767235,77,ms,firefox,446359477.0,1840559915,2024-02-07 13:03:40,1968.346849499998,ec34bf3905e43d945effa45ba094092c7355d4b2,1373380,,,,,,,,,,,,,,,,,,,,,,,,,,,,,,,,,,,,,,,,,,,,,,,,,,,,,,,,,,,,,TN,TN
autoland,4768071,12,69b95d09da21c937720a8d3aaca237f47b683aa9,linux1804-64-shippable-qr,True,False,,,102210fe594ee9b33d82058545b1ed14f4c8206e,browser-toolbox.connect.DAMP,damp,True,damp browser-toolbox.connect.DAMP opt e10s fission stylo webrender-sw,4767235,77,ms,firefox,446365105.0,1840593004,2024-02-07 14:05:10,1958.0425970000213,fdda8b6b095615f06fbef5c21ff9ad0a90927c83,1373437,,,,,,,,,,,,,,,,,,,,,,,,,,,,,,,,,,,,,,,,,,,,,,,,,,,,,,,,,,,,,TN,TN
autoland,4768071,12,69b95d09da21c937720a8d3aaca237f47b683aa9,linux1804-64-shippable-qr,True,False,,,102210fe594ee9b33d82058545b1ed14f4c8206e,browser-toolbox.connect.DAMP,damp,True,damp browser-toolbox.connect.DAMP opt e10s fission stylo webrender-sw,4767235,77,ms,firefox,446409581.0,1840765646,2024-02-07 17:25:01,1897.8056534999923,fcafc196f2cef3d5c607edaa0f66c96cdf1708d6,1373622,,,,,,,,,,,,,,,,,,,,,,,,,,,,,,,,,,,,,,,,,,,,,,,,,,,,,,,,,,,,,TN,TN
autoland,4768071,12,69b95d09da21c937720a8d3aaca237f47b683aa9,linux1804-64-shippable-qr,True,False,,,102210fe594ee9b33d82058545b1ed14f4c8206e,browser-toolbox.connect.DAMP,damp,True,damp browser-toolbox.connect.DAMP opt e10s fission stylo webrender-sw,4767235,77,ms,firefox,446430542.0,1840850634,2024-02-07 21:31:39,1962.693306499976,0eee0e78f83c43165f612c4e7f3f7ff52d665b9c,1373826,,,,,,,,,,,,,,,,,,,,,,,,,,,,,,,,,,,,,,,,,,,,,,,,,,,,,,,,,,,,,TN,TN
autoland,4768071,12,69b95d09da21c937720a8d3aaca237f47b683aa9,linux1804-64-shippable-qr,True,False,,,102210fe594ee9b33d82058545b1ed14f4c8206e,browser-toolbox.connect.DAMP,damp,True,damp browser-toolbox.connect.DAMP opt e10s fission stylo webrender-sw,4767235,77,ms,firefox,446431251.0,1840896674,2024-02-07 21:36:53,2046.9786150000584,1cb745ef034e9cd65d98c15632e13f5862e7390b,1373829,,,,,,,,,,,,,,,,,,,,,,,,,,,,,,,,,,,,,,,,,,,,,,,,,,,,,,,,,,,,,TN,TN
autoland,4768071,12,69b95d09da21c937720a8d3aaca237f47b683aa9,linux1804-64-shippable-qr,True,False,,,102210fe594ee9b33d82058545b1ed14f4c8206e,browser-toolbox.connect.DAMP,damp,True,damp browser-toolbox.connect.DAMP opt e10s fission stylo webrender-sw,4767235,77,ms,firefox,446455768.0,1840967967,2024-02-08 01:47:30,1960.6076109999997,0cb1cb869761baae745081466c878e32a7d83888,1373927,,,,,,,,,,,,,,,,,,,,,,,,,,,,,,,,,,,,,,,,,,,,,,,,,,,,,,,,,,,,,TN,TN
autoland,4768071,12,69b95d09da21c937720a8d3aaca237f47b683aa9,linux1804-64-shippable-qr,True,False,,,102210fe594ee9b33d82058545b1ed14f4c8206e,browser-toolbox.connect.DAMP,damp,True,damp browser-toolbox.connect.DAMP opt e10s fission stylo webrender-sw,4767235,77,ms,firefox,446457385.0,1840980193,2024-02-08 02:38:53,1960.3025334999911,bbcb9c75a4919aa67c2fc1ec689eb69d653990dd,1373953,,,,,,,,,,,,,,,,,,,,,,,,,,,,,,,,,,,,,,,,,,,,,,,,,,,,,,,,,,,,,TN,TN
autoland,4768071,12,69b95d09da21c937720a8d3aaca237f47b683aa9,linux1804-64-shippable-qr,True,False,,,102210fe594ee9b33d82058545b1ed14f4c8206e,browser-toolbox.connect.DAMP,damp,True,damp browser-toolbox.connect.DAMP opt e10s fission stylo webrender-sw,4767235,77,ms,firefox,446471388.0,1841074944,2024-02-08 07:03:19,2022.8294279999827,344524bd7c755d7d7fcfca1d69503577b07db2b7,1374007,,,,,,,,,,,,,,,,,,,,,,,,,,,,,,,,,,,,,,,,,,,,,,,,,,,,,,,,,,,,,TN,TN
autoland,4768071,12,69b95d09da21c937720a8d3aaca237f47b683aa9,linux1804-64-shippable-qr,True,False,,,102210fe594ee9b33d82058545b1ed14f4c8206e,browser-toolbox.connect.DAMP,damp,True,damp browser-toolbox.connect.DAMP opt e10s fission stylo webrender-sw,4767235,77,ms,firefox,446530558.0,1841301382,2024-02-08 14:56:42,1989.3662054999727,286029e09b16d8910d7110864541cdb9d4b84681,1374192,,,,,,,,,,,,,,,,,,,,,,,,,,,,,,,,,,,,,,,,,,,,,,,,,,,,,,,,,,,,,TN,TN
autoland,4768071,12,69b95d09da21c937720a8d3aaca237f47b683aa9,linux1804-64-shippable-qr,True,False,,,102210fe594ee9b33d82058545b1ed14f4c8206e,browser-toolbox.connect.DAMP,damp,True,damp browser-toolbox.connect.DAMP opt e10s fission stylo webrender-sw,4767235,77,ms,firefox,446534585.0,1841313953,2024-02-08 16:03:43,1968.8909399999973,590071462358f92ff5d36dc8f99a472a45101fdb,1374244,,,,,,,,,,,,,,,,,,,,,,,,,,,,,,,,,,,,,,,,,,,,,,,,,,,,,,,,,,,,,TN,TN
autoland,4768071,12,69b95d09da21c937720a8d3aaca237f47b683aa9,linux1804-64-shippable-qr,True,False,,,102210fe594ee9b33d82058545b1ed14f4c8206e,browser-toolbox.connect.DAMP,damp,True,damp browser-toolbox.connect.DAMP opt e10s fission stylo webrender-sw,4767235,77,ms,firefox,446616104.0,1841649552,2024-02-09 04:08:21,1973.2727794999664,b17a56f7d0a828b62b52f572c8237345bf64786f,1374660,,,,,,,,,,,,,,,,,,,,,,,,,,,,,,,,,,,,,,,,,,,,,,,,,,,,,,,,,,,,,TN,TN
autoland,4768071,12,69b95d09da21c937720a8d3aaca237f47b683aa9,linux1804-64-shippable-qr,True,False,,,102210fe594ee9b33d82058545b1ed14f4c8206e,browser-toolbox.connect.DAMP,damp,True,damp browser-toolbox.connect.DAMP opt e10s fission stylo webrender-sw,4767235,77,ms,firefox,447832209.0,1846081695,2024-02-09 05:23:06,1984.1771414999969,eccdba5bcfaf8460e4447a92afcf3cf88c052b60,1374675,,,,,,,,,,,,,,,,,,,,,,,,,,,,,,,,,,,,,,,,,,,,,,,,,,,,,,,,,,,,,TN,TN
autoland,4768071,12,69b95d09da21c937720a8d3aaca237f47b683aa9,linux1804-64-shippable-qr,True,False,,,102210fe594ee9b33d82058545b1ed14f4c8206e,browser-toolbox.connect.DAMP,damp,True,damp browser-toolbox.connect.DAMP opt e10s fission stylo webrender-sw,4767235,77,ms,firefox,447831574.0,1846072076,2024-02-09 06:31:27,2031.5223849999747,06f4680d539f58104a8ffcc0c76475e92a2ad635,1374688,,,,,,,,,,,,,,,,,,,,,,,,,,,,,,,,,,,,,,,,,,,,,,,,,,,,,,,,,,,,,TN,TN
autoland,4768071,12,69b95d09da21c937720a8d3aaca237f47b683aa9,linux1804-64-shippable-qr,True,False,,,102210fe594ee9b33d82058545b1ed14f4c8206e,browser-toolbox.connect.DAMP,damp,True,damp browser-toolbox.connect.DAMP opt e10s fission stylo webrender-sw,4767235,77,ms,firefox,447831573.0,1846072386,2024-02-09 07:11:51,2004.1561290000243,c54dabb742b45162411c50e2545b242ca264f1a7,1374700,,,,,,,,,,,,,,,,,,,,,,,,,,,,,,,,,,,,,,,,,,,,,,,,,,,,,,,,,,,,,TN,TN
autoland,4768071,12,69b95d09da21c937720a8d3aaca237f47b683aa9,linux1804-64-shippable-qr,True,False,,,102210fe594ee9b33d82058545b1ed14f4c8206e,browser-toolbox.connect.DAMP,damp,True,damp browser-toolbox.connect.DAMP opt e10s fission stylo webrender-sw,4767235,77,ms,firefox,446638619.0,1841742228,2024-02-09 08:27:03,1973.7769495000105,7b81e807e547afd0cca0453e9697e58369ae5e92,1374718,,,,,,,,,,,,,,,,,,,,,,,,,,,,,,,,,,,,,,,,,,,,,,,,,,,,,,,,,,,,,TN,TN
autoland,4768071,12,69b95d09da21c937720a8d3aaca237f47b683aa9,linux1804-64-shippable-qr,True,False,,,102210fe594ee9b33d82058545b1ed14f4c8206e,browser-toolbox.connect.DAMP,damp,True,damp browser-toolbox.connect.DAMP opt e10s fission stylo webrender-sw,4767235,77,ms,firefox,447834619.0,1846095694,2024-02-09 08:47:20,1971.5064035000105,0824e173f72532d7db119ec0182c7bc7eeedf110,1374723,,,,,,,,,,,,,,,,,,,,,,,,,,,,,,,,,,,,,,,,,,,,,,,,,,,,,,,,,,,,,TN,TN
autoland,4768071,12,69b95d09da21c937720a8d3aaca237f47b683aa9,linux1804-64-shippable-qr,True,False,,,102210fe594ee9b33d82058545b1ed14f4c8206e,browser-toolbox.connect.DAMP,damp,True,damp browser-toolbox.connect.DAMP opt e10s fission stylo webrender-sw,4767235,77,ms,firefox,447834293.0,1846092406,2024-02-09 09:57:51,1954.1722585000095,5fe0cd0f2b573737087c3187b1e529073009ac56,1374761,,,,,,,,,,,,,,,,,,,,,,,,,,,,,,,,,,,,,,,,,,,,,,,,,,,,,,,,,,,,,TN,TN
autoland,4768071,12,69b95d09da21c937720a8d3aaca237f47b683aa9,linux1804-64-shippable-qr,True,False,,,102210fe594ee9b33d82058545b1ed14f4c8206e,browser-toolbox.connect.DAMP,damp,True,damp browser-toolbox.connect.DAMP opt e10s fission stylo webrender-sw,4767235,77,ms,firefox,447832517.0,1846087321,2024-02-09 10:14:03,2003.4875664999709,e74d1619128bb822067724c56847652e1f8c043c,1374767,,,,,,,,,,,,,,,,,,,,,,,,,,,,,,,,,,,,,,,,,,,,,,,,,,,,,,,,,,,,,TN,TN
autoland,4768071,12,69b95d09da21c937720a8d3aaca237f47b683aa9,linux1804-64-shippable-qr,True,False,,,102210fe594ee9b33d82058545b1ed14f4c8206e,browser-toolbox.connect.DAMP,damp,True,damp browser-toolbox.connect.DAMP opt e10s fission stylo webrender-sw,4767235,77,ms,firefox,447833848.0,1846089472,2024-02-09 10:18:31,1969.3694550000364,062257e5256c94747ec4e93480b9c99fd292c5b6,1374770,,,,,,,,,,,,,,,,,,,,,,,,,,,,,,,,,,,,,,,,,,,,,,,,,,,,,,,,,,,,,TN,TN
autoland,4768071,12,69b95d09da21c937720a8d3aaca237f47b683aa9,linux1804-64-shippable-qr,True,False,,,102210fe594ee9b33d82058545b1ed14f4c8206e,browser-toolbox.connect.DAMP,damp,True,damp browser-toolbox.connect.DAMP opt e10s fission stylo webrender-sw,4767235,77,ms,firefox,446671950.0,1841882635,2024-02-09 11:56:29,1961.7028475000045,045e453bba33077fb8d5641ca3706f3785ce14f5,1374806,,,,,,,,,,,,,,,,,,,,,,,,,,,,,,,,,,,,,,,,,,,,,,,,,,,,,,,,,,,,,TN,TN
autoland,4768071,12,69b95d09da21c937720a8d3aaca237f47b683aa9,linux1804-64-shippable-qr,True,False,,,102210fe594ee9b33d82058545b1ed14f4c8206e,browser-toolbox.connect.DAMP,damp,True,damp browser-toolbox.connect.DAMP opt e10s fission stylo webrender-sw,4767235,77,ms,firefox,447834283.0,1846093075,2024-02-09 13:56:38,2028.797918500015,ac6662a5625bb4398dc095065441a68bc841daea,1374876,,,,,,,,,,,,,,,,,,,,,,,,,,,,,,,,,,,,,,,,,,,,,,,,,,,,,,,,,,,,,TN,TN
autoland,4768071,12,69b95d09da21c937720a8d3aaca237f47b683aa9,linux1804-64-shippable-qr,True,False,,,102210fe594ee9b33d82058545b1ed14f4c8206e,browser-toolbox.connect.DAMP,damp,True,damp browser-toolbox.connect.DAMP opt e10s fission stylo webrender-sw,4767235,77,ms,firefox,447832190.0,1846080340,2024-02-09 13:57:20,1961.537211999996,e97e98c4b7c2fe4ecd0a102fb08fdfb37deee78f,1374877,,,,,,,,,,,,,,,,,,,,,,,,,,,,,,,,,,,,,,,,,,,,,,,,,,,,,,,,,,,,,TN,TN
autoland,4768071,12,69b95d09da21c937720a8d3aaca237f47b683aa9,linux1804-64-shippable-qr,True,False,,,102210fe594ee9b33d82058545b1ed14f4c8206e,browser-toolbox.connect.DAMP,damp,True,damp browser-toolbox.connect.DAMP opt e10s fission stylo webrender-sw,4767235,77,ms,firefox,447832123.0,1846080170,2024-02-09 14:50:28,2003.3248165000405,effe0ba31234da3a67826fd07071eb67e1ca1d4d,1374903,,,,,,,,,,,,,,,,,,,,,,,,,,,,,,,,,,,,,,,,,,,,,,,,,,,,,,,,,,,,,TN,TN
autoland,4768071,12,69b95d09da21c937720a8d3aaca237f47b683aa9,linux1804-64-shippable-qr,True,False,,,102210fe594ee9b33d82058545b1ed14f4c8206e,browser-toolbox.connect.DAMP,damp,True,damp browser-toolbox.connect.DAMP opt e10s fission stylo webrender-sw,4767235,77,ms,firefox,447823014.0,1846037943,2024-02-09 14:51:10,1955.9829129999707,d8c991c8d303dec6a0ce2bec5b4cef73cae79d09,1374905,,,,,,,,,,,,,,,,,,,,,,,,,,,,,,,,,,,,,,,,,,,,,,,,,,,,,,,,,,,,,TN,TN
autoland,4768071,12,69b95d09da21c937720a8d3aaca237f47b683aa9,linux1804-64-shippable-qr,True,False,,,102210fe594ee9b33d82058545b1ed14f4c8206e,browser-toolbox.connect.DAMP,damp,True,damp browser-toolbox.connect.DAMP opt e10s fission stylo webrender-sw,4767235,77,ms,firefox,447823027.0,1846039549,2024-02-09 15:09:32,1973.842524499967,4db18f6ce06e4e3f1d7197c4c3e9b52cced593fa,1374919,,,,,,,,,,,,,,,,,,,,,,,,,,,,,,,,,,,,,,,,,,,,,,,,,,,,,,,,,,,,,TN,TN
autoland,4768071,12,69b95d09da21c937720a8d3aaca237f47b683aa9,linux1804-64-shippable-qr,True,False,,,102210fe594ee9b33d82058545b1ed14f4c8206e,browser-toolbox.connect.DAMP,damp,True,damp browser-toolbox.connect.DAMP opt e10s fission stylo webrender-sw,4767235,77,ms,firefox,447823024.0,1846038744,2024-02-09 15:16:23,2029.4066414999688,6b7c9fbc0ffaf2a78cc6f22c34dfab000f8aeaaf,1374925,,,,,,,,,,,,,,,,,,,,,,,,,,,,,,,,,,,,,,,,,,,,,,,,,,,,,,,,,,,,,TN,TN
autoland,4768071,12,69b95d09da21c937720a8d3aaca237f47b683aa9,linux1804-64-shippable-qr,True,False,,,102210fe594ee9b33d82058545b1ed14f4c8206e,browser-toolbox.connect.DAMP,damp,True,damp browser-toolbox.connect.DAMP opt e10s fission stylo webrender-sw,4767235,77,ms,firefox,447823033.0,1846038347,2024-02-09 15:17:42,1951.1797950000328,cd42800e011bd3c11cc8c3191a48081d3b4d12a6,1374926,,,,,,,,,,,,,,,,,,,,,,,,,,,,,,,,,,,,,,,,,,,,,,,,,,,,,,,,,,,,,TN,TN
autoland,4768071,12,69b95d09da21c937720a8d3aaca237f47b683aa9,linux1804-64-shippable-qr,True,False,,,102210fe594ee9b33d82058545b1ed14f4c8206e,browser-toolbox.connect.DAMP,damp,True,damp browser-toolbox.connect.DAMP opt e10s fission stylo webrender-sw,4767235,77,ms,firefox,447823083.0,1846039074,2024-02-09 15:52:28,1962.2374169999969,1f05e48d0a9431a49eb46675af889f78c7fcf4dd,1374946,,,,,,,,,,,,,,,,,,,,,,,,,,,,,,,,,,,,,,,,,,,,,,,,,,,,,,,,,,,,,TN,TN
autoland,4768071,12,69b95d09da21c937720a8d3aaca237f47b683aa9,linux1804-64-shippable-qr,True,False,,,102210fe594ee9b33d82058545b1ed14f4c8206e,browser-toolbox.connect.DAMP,damp,True,damp browser-toolbox.connect.DAMP opt e10s fission stylo webrender-sw,4767235,77,ms,firefox,447823085.0,1846038118,2024-02-09 15:54:07,1940.8457320000016,ce96cef0d2cd4dce98d4220e107102eebd4e21a9,1374950,,,,,,,,,,,,,,,,,,,,,,,,,,,,,,,,,,,,,,,,,,,,,,,,,,,,,,,,,,,,,TN,TN
autoland,4768071,12,69b95d09da21c937720a8d3aaca237f47b683aa9,linux1804-64-shippable-qr,True,False,,,102210fe594ee9b33d82058545b1ed14f4c8206e,browser-toolbox.connect.DAMP,damp,True,damp browser-toolbox.connect.DAMP opt e10s fission stylo webrender-sw,4767235,77,ms,firefox,447823092.0,1846039682,2024-02-09 15:54:07,1977.414847,ce96cef0d2cd4dce98d4220e107102eebd4e21a9,1374950,,,,,,,,,,,,,,,,,,,,,,,,,,,,,,,,,,,,,,,,,,,,,,,,,,,,,,,,,,,,,TN,TN
autoland,4768071,12,69b95d09da21c937720a8d3aaca237f47b683aa9,linux1804-64-shippable-qr,True,False,,,102210fe594ee9b33d82058545b1ed14f4c8206e,browser-toolbox.connect.DAMP,damp,True,damp browser-toolbox.connect.DAMP opt e10s fission stylo webrender-sw,4767235,77,ms,firefox,446722989.0,1842029818,2024-02-09 16:09:01,1951.767867999988,193e6982f5a17f0fa7cced978df3079f87e4ad99,1374959,,,,,,,,,,,,,,,,,,,,,,,,,,,,,,,,,,,,,,,,,,,,,,,,,,,,,,,,,,,,,TN,TN
autoland,4768071,12,69b95d09da21c937720a8d3aaca237f47b683aa9,linux1804-64-shippable-qr,True,False,,,102210fe594ee9b33d82058545b1ed14f4c8206e,browser-toolbox.connect.DAMP,damp,True,damp browser-toolbox.connect.DAMP opt e10s fission stylo webrender-sw,4767235,77,ms,firefox,447823097.0,1846039775,2024-02-09 16:20:50,1972.4841975000015,5707fb45181e2d40a3be94ac0b465a191a809014,1374965,,,,,,,,,,,,,,,,,,,,,,,,,,,,,,,,,,,,,,,,,,,,,,,,,,,,,,,,,,,,,TN,TN
autoland,4768071,12,69b95d09da21c937720a8d3aaca237f47b683aa9,linux1804-64-shippable-qr,True,False,,,102210fe594ee9b33d82058545b1ed14f4c8206e,browser-toolbox.connect.DAMP,damp,True,damp browser-toolbox.connect.DAMP opt e10s fission stylo webrender-sw,4767235,77,ms,firefox,447823098.0,1846039893,2024-02-09 16:23:01,1982.1992740000128,85a703617705ce98b8d8dfd26cdaebc74457c44c,1374968,,,,,,,,,,,,,,,,,,,,,,,,,,,,,,,,,,,,,,,,,,,,,,,,,,,,,,,,,,,,,TN,TN
autoland,4768071,12,69b95d09da21c937720a8d3aaca237f47b683aa9,linux1804-64-shippable-qr,True,False,,,102210fe594ee9b33d82058545b1ed14f4c8206e,browser-toolbox.connect.DAMP,damp,True,damp browser-toolbox.connect.DAMP opt e10s fission stylo webrender-sw,4767235,77,ms,firefox,447823104.0,1846038887,2024-02-09 16:26:36,1949.0424710000225,9793d58574ba0c44dd7cea68fdbac2405ccaa693,1374971,,,,,,,,,,,,,,,,,,,,,,,,,,,,,,,,,,,,,,,,,,,,,,,,,,,,,,,,,,,,,TN,TN
autoland,4768071,12,69b95d09da21c937720a8d3aaca237f47b683aa9,linux1804-64-shippable-qr,True,False,,,102210fe594ee9b33d82058545b1ed14f4c8206e,browser-toolbox.connect.DAMP,damp,True,damp browser-toolbox.connect.DAMP opt e10s fission stylo webrender-sw,4767235,77,ms,firefox,446732326.0,1842076677,2024-02-09 17:06:42,1922.4731859999736,39d76f98160905dab2a294ece0e03ee8ba5ba4cc,1375009,,,,,,,,,,,,,,,,,,,,,,,,,,,,,,,,,,,,,,,,,,,,,,,,,,,,,,,,,,,,,TN,TN
autoland,4768071,12,69b95d09da21c937720a8d3aaca237f47b683aa9,linux1804-64-shippable-qr,True,False,,,102210fe594ee9b33d82058545b1ed14f4c8206e,browser-toolbox.connect.DAMP,damp,True,damp browser-toolbox.connect.DAMP opt e10s fission stylo webrender-sw,4767235,77,ms,firefox,447823103.0,1846038240,2024-02-09 20:14:35,1925.4907110000204,29b472f03f87124654c8afc00ce7c0c8e1ee5201,1375176,,,,,,,,,,,,,,,,,,,,,,,,,,,,,,,,,,,,,,,,,,,,,,,,,,,,,,,,,,,,,TN,TN
autoland,4768071,12,69b95d09da21c937720a8d3aaca237f47b683aa9,linux1804-64-shippable-qr,True,False,,,102210fe594ee9b33d82058545b1ed14f4c8206e,browser-toolbox.connect.DAMP,damp,True,damp browser-toolbox.connect.DAMP opt e10s fission stylo webrender-sw,4767235,77,ms,firefox,447823298.0,1846040957,2024-02-09 20:16:03,1998.9422924999965,3181377ca26583e98567ae9024ac238eb33e2166,1375179,,,,,,,,,,,,,,,,,,,,,,,,,,,,,,,,,,,,,,,,,,,,,,,,,,,,,,,,,,,,,TN,TN
autoland,4768071,12,69b95d09da21c937720a8d3aaca237f47b683aa9,linux1804-64-shippable-qr,True,False,,,102210fe594ee9b33d82058545b1ed14f4c8206e,browser-toolbox.connect.DAMP,damp,True,damp browser-toolbox.connect.DAMP opt e10s fission stylo webrender-sw,4767235,77,ms,firefox,447823296.0,1846040659,2024-02-09 20:25:22,1978.5600664999947,0a07b15df232a43ba780337f8b49486d5afa4c32,1375190,,,,,,,,,,,,,,,,,,,,,,,,,,,,,,,,,,,,,,,,,,,,,,,,,,,,,,,,,,,,,TN,TN
autoland,4768071,12,69b95d09da21c937720a8d3aaca237f47b683aa9,linux1804-64-shippable-qr,True,False,,,102210fe594ee9b33d82058545b1ed14f4c8206e,browser-toolbox.connect.DAMP,damp,True,damp browser-toolbox.connect.DAMP opt e10s fission stylo webrender-sw,4767235,77,ms,firefox,447823108.0,1846039406,2024-02-09 20:33:58,1956.3493084999936,496c531edf871bd6b2c092635d8ed0aaedf1b94f,1375199,,,,,,,,,,,,,,,,,,,,,,,,,,,,,,,,,,,,,,,,,,,,,,,,,,,,,,,,,,,,,TN,TN
autoland,4768071,12,69b95d09da21c937720a8d3aaca237f47b683aa9,linux1804-64-shippable-qr,True,False,,,102210fe594ee9b33d82058545b1ed14f4c8206e,browser-toolbox.connect.DAMP,damp,True,damp browser-toolbox.connect.DAMP opt e10s fission stylo webrender-sw,4767235,77,ms,firefox,447823110.0,1846040417,2024-02-09 20:45:08,1981.5565620000048,f09e24073a08716de01049dce57fb6e2a69587bb,1375209,,,,,,,,,,,,,,,,,,,,,,,,,,,,,,,,,,,,,,,,,,,,,,,,,,,,,,,,,,,,,TN,TN
autoland,4768071,12,69b95d09da21c937720a8d3aaca237f47b683aa9,linux1804-64-shippable-qr,True,False,,,102210fe594ee9b33d82058545b1ed14f4c8206e,browser-toolbox.connect.DAMP,damp,True,damp browser-toolbox.connect.DAMP opt e10s fission stylo webrender-sw,4767235,77,ms,firefox,447823112.0,1846039988,2024-02-09 21:32:42,1961.7881580000103,3fe6bd949054cc4a09d7e282c149f0d97e4b7003,1375233,,,,,,,,,,,,,,,,,,,,,,,,,,,,,,,,,,,,,,,,,,,,,,,,,,,,,,,,,,,,,TN,TN
autoland,4768071,12,69b95d09da21c937720a8d3aaca237f47b683aa9,linux1804-64-shippable-qr,True,False,,,102210fe594ee9b33d82058545b1ed14f4c8206e,browser-toolbox.connect.DAMP,damp,True,damp browser-toolbox.connect.DAMP opt e10s fission stylo webrender-sw,4767235,77,ms,firefox,446760654.0,1842203993,2024-02-09 21:47:15,1967.8572024999885,0fb5f3212fd93e901bed6bb19bd8b63339869991,1375247,,,,,,,,,,,,,,,,,,,,,,,,,,,,,,,,,,,,,,,,,,,,,,,,,,,,,,,,,,,,,TN,TN
autoland,4768071,12,69b95d09da21c937720a8d3aaca237f47b683aa9,linux1804-64-shippable-qr,True,False,,,102210fe594ee9b33d82058545b1ed14f4c8206e,browser-toolbox.connect.DAMP,damp,True,damp browser-toolbox.connect.DAMP opt e10s fission stylo webrender-sw,4767235,77,ms,firefox,446786693.0,1842288060,2024-02-10 07:03:30,1967.649846999993,20876ae07c4b760464125773aa45200a98f34159,1375365,,,,,,,,,,,,,,,,,,,,,,,,,,,,,,,,,,,,,,,,,,,,,,,,,,,,,,,,,,,,,TN,TN
autoland,4768071,12,69b95d09da21c937720a8d3aaca237f47b683aa9,linux1804-64-shippable-qr,True,False,,,102210fe594ee9b33d82058545b1ed14f4c8206e,browser-toolbox.connect.DAMP,damp,True,damp browser-toolbox.connect.DAMP opt e10s fission stylo webrender-sw,4767235,77,ms,firefox,446814391.0,1842381457,2024-02-10 13:47:16,2025.779719499988,b09350ff8440d3ef5d3ac2b811bfe9a5d243196a,1375389,,,,,,,,,,,,,,,,,,,,,,,,,,,,,,,,,,,,,,,,,,,,,,,,,,,,,,,,,,,,,TN,TN
autoland,4768071,12,69b95d09da21c937720a8d3aaca237f47b683aa9,linux1804-64-shippable-qr,True,False,,,102210fe594ee9b33d82058545b1ed14f4c8206e,browser-toolbox.connect.DAMP,damp,True,damp browser-toolbox.connect.DAMP opt e10s fission stylo webrender-sw,4767235,77,ms,firefox,446820268.0,1842409447,2024-02-10 17:58:32,1958.901035500021,f6690a5e6ceef6b384dc31d4485e790a4935508a,1375417,,,,,,,,,,,,,,,,,,,,,,,,,,,,,,,,,,,,,,,,,,,,,,,,,,,,,,,,,,,,,TN,TN
autoland,4768071,12,69b95d09da21c937720a8d3aaca237f47b683aa9,linux1804-64-shippable-qr,True,False,,,102210fe594ee9b33d82058545b1ed14f4c8206e,browser-toolbox.connect.DAMP,damp,True,damp browser-toolbox.connect.DAMP opt e10s fission stylo webrender-sw,4767235,77,ms,firefox,446840017.0,1842476873,2024-02-11 02:31:23,1989.070196499997,f92c77fccb76549171ecc809818a26b1eb883b43,1375439,,,,,,,,,,,,,,,,,,,,,,,,,,,,,,,,,,,,,,,,,,,,,,,,,,,,,,,,,,,,,TN,TN
autoland,4768071,12,69b95d09da21c937720a8d3aaca237f47b683aa9,linux1804-64-shippable-qr,True,False,,,102210fe594ee9b33d82058545b1ed14f4c8206e,browser-toolbox.connect.DAMP,damp,True,damp browser-toolbox.connect.DAMP opt e10s fission stylo webrender-sw,4767235,77,ms,firefox,446873055.0,1842612893,2024-02-11 15:25:51,1946.859833500028,13676fc9b0cd8461cb9863d3a2d1b9a696a9c0f5,1375518,,,,,,,,,,,,,,,,,,,,,,,,,,,,,,,,,,,,,,,,,,,,,,,,,,,,,,,,,,,,,TN,TN
autoland,4768071,12,69b95d09da21c937720a8d3aaca237f47b683aa9,linux1804-64-shippable-qr,True,False,,,102210fe594ee9b33d82058545b1ed14f4c8206e,browser-toolbox.connect.DAMP,damp,True,damp browser-toolbox.connect.DAMP opt e10s fission stylo webrender-sw,4767235,77,ms,firefox,446944450.0,1842930533,2024-02-12 15:53:07,1965.703722999984,cab51450b6bd71ade4db0f49831f7e402b375b45,1375888,,,,,,,,,,,,,,,,,,,,,,,,,,,,,,,,,,,,,,,,,,,,,,,,,,,,,,,,,,,,,TN,TN
autoland,4768071,12,69b95d09da21c937720a8d3aaca237f47b683aa9,linux1804-64-shippable-qr,True,False,,,102210fe594ee9b33d82058545b1ed14f4c8206e,browser-toolbox.connect.DAMP,damp,True,damp browser-toolbox.connect.DAMP opt e10s fission stylo webrender-sw,4767235,77,ms,firefox,446973384.0,1843003645,2024-02-12 20:04:04,1982.8012619999936,37ec3180a6cbce3bb2544f9a16b4ded4657c6eb6,1376093,,,,,,,,,,,,,,,,,,,,,,,,,,,,,,,,,,,,,,,,,,,,,,,,,,,,,,,,,,,,,TN,TN
autoland,4768071,12,69b95d09da21c937720a8d3aaca237f47b683aa9,linux1804-64-shippable-qr,True,False,,,102210fe594ee9b33d82058545b1ed14f4c8206e,browser-toolbox.connect.DAMP,damp,True,damp browser-toolbox.connect.DAMP opt e10s fission stylo webrender-sw,4767235,77,ms,firefox,446977547.0,1843029318,2024-02-12 20:15:07,2012.3920795000083,995a3050d70cb954214be8710caa54a1794745ec,1376103,,,,,,,,,,,,,,,,,,,,,,,,,,,,,,,,,,,,,,,,,,,,,,,,,,,,,,,,,,,,,TN,TN
autoland,4768071,12,69b95d09da21c937720a8d3aaca237f47b683aa9,linux1804-64-shippable-qr,True,False,,,102210fe594ee9b33d82058545b1ed14f4c8206e,browser-toolbox.connect.DAMP,damp,True,damp browser-toolbox.connect.DAMP opt e10s fission stylo webrender-sw,4767235,77,ms,firefox,447022748.0,1843127438,2024-02-13 00:22:17,1957.2708169999528,b316bafe790ef37c5585cadd21f6a2c8ebd749b9,1376256,,,,,,,,,,,,,,,,,,,,,,,,,,,,,,,,,,,,,,,,,,,,,,,,,,,,,,,,,,,,,TN,TN
autoland,4768071,12,69b95d09da21c937720a8d3aaca237f47b683aa9,linux1804-64-shippable-qr,True,False,,,102210fe594ee9b33d82058545b1ed14f4c8206e,browser-toolbox.connect.DAMP,damp,True,damp browser-toolbox.connect.DAMP opt e10s fission stylo webrender-sw,4767235,77,ms,firefox,447032971.0,1843169015,2024-02-13 02:51:29,1974.417357999977,52fc8e3041c5f42dfa50438336b110a9a5e77f2b,1376298,,,,,,,,,,,,,,,,,,,,,,,,,,,,,,,,,,,,,,,,,,,,,,,,,,,,,,,,,,,,,TN,TN
autoland,4768071,12,69b95d09da21c937720a8d3aaca237f47b683aa9,linux1804-64-shippable-qr,True,False,,,102210fe594ee9b33d82058545b1ed14f4c8206e,browser-toolbox.connect.DAMP,damp,True,damp browser-toolbox.connect.DAMP opt e10s fission stylo webrender-sw,4767235,77,ms,firefox,447058123.0,1843288126,2024-02-13 06:57:28,1609.2544304999756,5f6ad5b21119b4bbef2bc6c9153e0f7329c20ebe,1376370,,,,,,,,,,,,,,,,,,,,,,,,,,,,,,,,,,,,,,,,,,,,,,,,,,,,,,,,,,,,,TN,TN
autoland,4768071,12,69b95d09da21c937720a8d3aaca237f47b683aa9,linux1804-64-shippable-qr,True,False,,,102210fe594ee9b33d82058545b1ed14f4c8206e,browser-toolbox.connect.DAMP,damp,True,damp browser-toolbox.connect.DAMP opt e10s fission stylo webrender-sw,4767235,77,ms,firefox,447083030.0,1843380085,2024-02-13 09:49:45,2063.9719524999964,c5320acccd4a760b0ae41149fcdd8fe44b658ee7,1376447,,,,,,,,,,,,,,,,,,,,,,,,,,,,,,,,,,,,,,,,,,,,,,,,,,,,,,,,,,,,,TN,TN
autoland,4768071,12,69b95d09da21c937720a8d3aaca237f47b683aa9,linux1804-64-shippable-qr,True,False,,,102210fe594ee9b33d82058545b1ed14f4c8206e,browser-toolbox.connect.DAMP,damp,True,damp browser-toolbox.connect.DAMP opt e10s fission stylo webrender-sw,4767235,77,ms,firefox,447112088.0,1843495732,2024-02-13 13:45:34,1957.8905340000056,0d474eb34652f4c47a16b6d83012c0f2e026dc00,1376559,,,,,,,,,,,,,,,,,,,,,,,,,,,,,,,,,,,,,,,,,,,,,,,,,,,,,,,,,,,,,TN,TN
autoland,4768071,12,69b95d09da21c937720a8d3aaca237f47b683aa9,linux1804-64-shippable-qr,True,False,,,102210fe594ee9b33d82058545b1ed14f4c8206e,browser-toolbox.connect.DAMP,damp,True,damp browser-toolbox.connect.DAMP opt e10s fission stylo webrender-sw,4767235,77,ms,firefox,447131123.0,1843554904,2024-02-13 16:46:39,1954.69229050001,17329a53b9f9a20247103958883a0ce7c42af78d,1376703,,,,,,,,,,,,,,,,,,,,,,,,,,,,,,,,,,,,,,,,,,,,,,,,,,,,,,,,,,,,,TN,TN
autoland,4768071,12,69b95d09da21c937720a8d3aaca237f47b683aa9,linux1804-64-shippable-qr,True,False,,,102210fe594ee9b33d82058545b1ed14f4c8206e,browser-toolbox.connect.DAMP,damp,True,damp browser-toolbox.connect.DAMP opt e10s fission stylo webrender-sw,4767235,77,ms,firefox,447196151.0,1843749273,2024-02-14 00:47:09,2004.8021765000303,4a18caac75720f24abc9063ce8df5fa6b7948aa4,1376921,,,,,,,,,,,,,,,,,,,,,,,,,,,,,,,,,,,,,,,,,,,,,,,,,,,,,,,,,,,,,TN,TN
autoland,4768071,12,69b95d09da21c937720a8d3aaca237f47b683aa9,linux1804-64-shippable-qr,True,False,,,102210fe594ee9b33d82058545b1ed14f4c8206e,browser-toolbox.connect.DAMP,damp,True,damp browser-toolbox.connect.DAMP opt e10s fission stylo webrender-sw,4767235,77,ms,firefox,447199230.0,1843770501,2024-02-14 01:35:59,1965.3841800000157,aaaa3f2b8fed9e159a8b08e4263034e9a051be71,1376937,,,,,,,,,,,,,,,,,,,,,,,,,,,,,,,,,,,,,,,,,,,,,,,,,,,,,,,,,,,,,TN,TN
autoland,4768071,12,69b95d09da21c937720a8d3aaca237f47b683aa9,linux1804-64-shippable-qr,True,False,,,102210fe594ee9b33d82058545b1ed14f4c8206e,browser-toolbox.connect.DAMP,damp,True,damp browser-toolbox.connect.DAMP opt e10s fission stylo webrender-sw,4767235,77,ms,firefox,447215104.0,1843830207,2024-02-14 05:55:05,1979.422960499971,1b24ea8c2e7e02f00bd61e8cd672da76b16c42a6,1376972,,,,,,,,,,,,,,,,,,,,,,,,,,,,,,,,,,,,,,,,,,,,,,,,,,,,,,,,,,,,,TN,TN
autoland,4768071,12,69b95d09da21c937720a8d3aaca237f47b683aa9,linux1804-64-shippable-qr,True,False,,,102210fe594ee9b33d82058545b1ed14f4c8206e,browser-toolbox.connect.DAMP,damp,True,damp browser-toolbox.connect.DAMP opt e10s fission stylo webrender-sw,4767235,77,ms,firefox,447273791.0,1843993798,2024-02-14 15:32:04,1985.236659499962,dca10aca1871edfdba5107bc7766982b186d7f2c,1377071,,,,,,,,,,,,,,,,,,,,,,,,,,,,,,,,,,,,,,,,,,,,,,,,,,,,,,,,,,,,,TN,TN
autoland,4768071,12,69b95d09da21c937720a8d3aaca237f47b683aa9,linux1804-64-shippable-qr,True,False,,,102210fe594ee9b33d82058545b1ed14f4c8206e,browser-toolbox.connect.DAMP,damp,True,damp browser-toolbox.connect.DAMP opt e10s fission stylo webrender-sw,4767235,77,ms,firefox,447284557.0,1844041044,2024-02-14 15:37:30,1994.392944499996,2ea0fda6ec6ed02a530a3a4bb67fabb0d14d403f,1377078,,,,,,,,,,,,,,,,,,,,,,,,,,,,,,,,,,,,,,,,,,,,,,,,,,,,,,,,,,,,,TN,TN
autoland,4768071,12,69b95d09da21c937720a8d3aaca237f47b683aa9,linux1804-64-shippable-qr,True,False,,,102210fe594ee9b33d82058545b1ed14f4c8206e,browser-toolbox.connect.DAMP,damp,True,damp browser-toolbox.connect.DAMP opt e10s fission stylo webrender-sw,4767235,77,ms,firefox,447313039.0,1844100469,2024-02-14 20:39:05,1960.7838250000204,b0b34dab81d56b5e5ee526c9f44e926db4b27dce,1377195,,,,,,,,,,,,,,,,,,,,,,,,,,,,,,,,,,,,,,,,,,,,,,,,,,,,,,,,,,,,,TN,TN
autoland,4768071,12,69b95d09da21c937720a8d3aaca237f47b683aa9,linux1804-64-shippable-qr,True,False,,,102210fe594ee9b33d82058545b1ed14f4c8206e,browser-toolbox.connect.DAMP,damp,True,damp browser-toolbox.connect.DAMP opt e10s fission stylo webrender-sw,4767235,77,ms,firefox,447332228.0,1844183415,2024-02-15 00:51:05,1987.488630500011,981afc9a696a12b7e873eae165925138a2726efe,1377256,,,,,,,,,,,,,,,,,,,,,,,,,,,,,,,,,,,,,,,,,,,,,,,,,,,,,,,,,,,,,TN,TN
autoland,4768071,12,69b95d09da21c937720a8d3aaca237f47b683aa9,linux1804-64-shippable-qr,True,False,,,102210fe594ee9b33d82058545b1ed14f4c8206e,browser-toolbox.connect.DAMP,damp,True,damp browser-toolbox.connect.DAMP opt e10s fission stylo webrender-sw,4767235,77,ms,firefox,447348074.0,1844253378,2024-02-15 04:52:31,1964.0017565000453,aa5fc411278d3beae081682cb31a2167257d3aed,1377304,,,,,,,,,,,,,,,,,,,,,,,,,,,,,,,,,,,,,,,,,,,,,,,,,,,,,,,,,,,,,TN,TN
autoland,4768071,12,69b95d09da21c937720a8d3aaca237f47b683aa9,linux1804-64-shippable-qr,True,False,,,102210fe594ee9b33d82058545b1ed14f4c8206e,browser-toolbox.connect.DAMP,damp,True,damp browser-toolbox.connect.DAMP opt e10s fission stylo webrender-sw,4767235,77,ms,firefox,447389434.0,1844396948,2024-02-15 12:49:34,1970.8610430000265,2b4e9ee6225f1183da45d24404e72f48e3803f08,1377375,,,,,,,,,,,,,,,,,,,,,,,,,,,,,,,,,,,,,,,,,,,,,,,,,,,,,,,,,,,,,TN,TN
autoland,4768071,12,69b95d09da21c937720a8d3aaca237f47b683aa9,linux1804-64-shippable-qr,True,False,,,102210fe594ee9b33d82058545b1ed14f4c8206e,browser-toolbox.connect.DAMP,damp,True,damp browser-toolbox.connect.DAMP opt e10s fission stylo webrender-sw,4767235,77,ms,firefox,447407281.0,1844458092,2024-02-15 16:23:45,1962.745637,dbe553dd13b79a3c4821f203f3adca31fe71cc56,1377427,,,,,,,,,,,,,,,,,,,,,,,,,,,,,,,,,,,,,,,,,,,,,,,,,,,,,,,,,,,,,TN,TN
autoland,4768071,12,69b95d09da21c937720a8d3aaca237f47b683aa9,linux1804-64-shippable-qr,True,False,,,102210fe594ee9b33d82058545b1ed14f4c8206e,browser-toolbox.connect.DAMP,damp,True,damp browser-toolbox.connect.DAMP opt e10s fission stylo webrender-sw,4767235,77,ms,firefox,447430546.0,1844568872,2024-02-15 20:44:46,1970.623120500015,02d5bc9805676f9a22f3cef50c86ddc38e7534d9,1377493,,,,,,,,,,,,,,,,,,,,,,,,,,,,,,,,,,,,,,,,,,,,,,,,,,,,,,,,,,,,,TN,TN
autoland,4768071,12,69b95d09da21c937720a8d3aaca237f47b683aa9,linux1804-64-shippable-qr,True,False,,,102210fe594ee9b33d82058545b1ed14f4c8206e,browser-toolbox.connect.DAMP,damp,True,damp browser-toolbox.connect.DAMP opt e10s fission stylo webrender-sw,4767235,77,ms,firefox,447437664.0,1844625054,2024-02-15 22:19:13,1988.5501044999985,798af36e79586239c3954fe06796d9a27a353b92,1377518,,,,,,,,,,,,,,,,,,,,,,,,,,,,,,,,,,,,,,,,,,,,,,,,,,,,,,,,,,,,,TN,TN
autoland,4768071,12,69b95d09da21c937720a8d3aaca237f47b683aa9,linux1804-64-shippable-qr,True,False,,,102210fe594ee9b33d82058545b1ed14f4c8206e,browser-toolbox.connect.DAMP,damp,True,damp browser-toolbox.connect.DAMP opt e10s fission stylo webrender-sw,4767235,77,ms,firefox,447484651.0,1844729422,2024-02-16 06:24:45,1964.420524000016,861d200fe3e761e23bbb6ce556446725fb01cd43,1378006,,,,,,,,,,,,,,,,,,,,,,,,,,,,,,,,,,,,,,,,,,,,,,,,,,,,,,,,,,,,,TN,TN
autoland,4768071,12,69b95d09da21c937720a8d3aaca237f47b683aa9,linux1804-64-shippable-qr,True,False,,,102210fe594ee9b33d82058545b1ed14f4c8206e,browser-toolbox.connect.DAMP,damp,True,damp browser-toolbox.connect.DAMP opt e10s fission stylo webrender-sw,4767235,77,ms,firefox,447521357.0,1844836935,2024-02-16 14:55:53,1992.222151499984,313b43f262a908e7e012c7d19f326345a0863bae,1378386,,,,,,,,,,,,,,,,,,,,,,,,,,,,,,,,,,,,,,,,,,,,,,,,,,,,,,,,,,,,,TN,TN
autoland,4768071,12,69b95d09da21c937720a8d3aaca237f47b683aa9,linux1804-64-shippable-qr,True,False,,,102210fe594ee9b33d82058545b1ed14f4c8206e,browser-toolbox.connect.DAMP,damp,True,damp browser-toolbox.connect.DAMP opt e10s fission stylo webrender-sw,4767235,77,ms,firefox,447564572.0,1845041981,2024-02-17 16:55:38,1978.035570500004,2af34b4c9adf8c8defd3251b569af9c38cc0a429,1378583,,,,,,,,,,,,,,,,,,,,,,,,,,,,,,,,,,,,,,,,,,,,,,,,,,,,,,,,,,,,,TN,TN
autoland,4768071,12,69b95d09da21c937720a8d3aaca237f47b683aa9,linux1804-64-shippable-qr,True,False,,,102210fe594ee9b33d82058545b1ed14f4c8206e,browser-toolbox.connect.DAMP,damp,True,damp browser-toolbox.connect.DAMP opt e10s fission stylo webrender-sw,4767235,77,ms,firefox,447595511.0,1845210135,2024-02-19 03:31:58,1960.4708659999812,fcdb3e9046c67688b2a5b8aeb6451b081b3b52ea,1378717,,,,,,,,,,,,,,,,,,,,,,,,,,,,,,,,,,,,,,,,,,,,,,,,,,,,,,,,,,,,,TN,TN
autoland,4768071,12,69b95d09da21c937720a8d3aaca237f47b683aa9,linux1804-64-shippable-qr,True,False,,,102210fe594ee9b33d82058545b1ed14f4c8206e,browser-toolbox.connect.DAMP,damp,True,damp browser-toolbox.connect.DAMP opt e10s fission stylo webrender-sw,4767235,77,ms,firefox,447615083.0,1845369184,2024-02-19 10:14:02,1996.1980335000044,1dcfa194ad7d005175d431adf6ee3b93c00fb453,1378796,,,,,,,,,,,,,,,,,,,,,,,,,,,,,,,,,,,,,,,,,,,,,,,,,,,,,,,,,,,,,TN,TN
autoland,4768071,12,69b95d09da21c937720a8d3aaca237f47b683aa9,linux1804-64-shippable-qr,True,False,,,102210fe594ee9b33d82058545b1ed14f4c8206e,browser-toolbox.connect.DAMP,damp,True,damp browser-toolbox.connect.DAMP opt e10s fission stylo webrender-sw,4767235,77,ms,firefox,447639036.0,1845394203,2024-02-19 12:40:02,1983.7867195,ac4ab326e785a5ad42ce51b54749c2bcce394916,1378838,,,,,,,,,,,,,,,,,,,,,,,,,,,,,,,,,,,,,,,,,,,,,,,,,,,,,,,,,,,,,TN,TN
autoland,4768071,12,69b95d09da21c937720a8d3aaca237f47b683aa9,linux1804-64-shippable-qr,True,False,,,102210fe594ee9b33d82058545b1ed14f4c8206e,browser-toolbox.connect.DAMP,damp,True,damp browser-toolbox.connect.DAMP opt e10s fission stylo webrender-sw,4767235,77,ms,firefox,447667753.0,1845452834,2024-02-19 16:50:13,1968.440943500027,bef8b1b461b8524917fc01cd866e903290b1d7f6,1378949,,,,,,,,,,,,,,,,,,,,,,,,,,,,,,,,,,,,,,,,,,,,,,,,,,,,,,,,,,,,,TN,TN
autoland,4768071,12,69b95d09da21c937720a8d3aaca237f47b683aa9,linux1804-64-shippable-qr,True,False,,,102210fe594ee9b33d82058545b1ed14f4c8206e,browser-toolbox.connect.DAMP,damp,True,damp browser-toolbox.connect.DAMP opt e10s fission stylo webrender-sw,4767235,77,ms,firefox,447688127.0,1845516627,2024-02-19 20:56:27,1943.251683999988,2f43b0ae1352efb25f67ffe4f86884c0eb959adb,1379008,,,,,,,,,,,,,,,,,,,,,,,,,,,,,,,,,,,,,,,,,,,,,,,,,,,,,,,,,,,,,TN,TN
autoland,4768071,12,69b95d09da21c937720a8d3aaca237f47b683aa9,linux1804-64-shippable-qr,True,False,,,102210fe594ee9b33d82058545b1ed14f4c8206e,browser-toolbox.connect.DAMP,damp,True,damp browser-toolbox.connect.DAMP opt e10s fission stylo webrender-sw,4767235,77,ms,firefox,447698234.0,1845562803,2024-02-19 22:19:49,1947.36089500002,e9309553f817fa164bde4c229fe12ae51207bed9,1379038,,,,,,,,,,,,,,,,,,,,,,,,,,,,,,,,,,,,,,,,,,,,,,,,,,,,,,,,,,,,,TN,TN
autoland,4768071,12,69b95d09da21c937720a8d3aaca237f47b683aa9,linux1804-64-shippable-qr,True,False,,,102210fe594ee9b33d82058545b1ed14f4c8206e,browser-toolbox.connect.DAMP,damp,True,damp browser-toolbox.connect.DAMP opt e10s fission stylo webrender-sw,4767235,77,ms,firefox,447711995.0,1845614343,2024-02-20 03:01:00,1963.2345955000053,ad2add2f3c608b924436c34684c1a775130e74ce,1379095,,,,,,,,,,,,,,,,,,,,,,,,,,,,,,,,,,,,,,,,,,,,,,,,,,,,,,,,,,,,,TN,TN
autoland,4768071,12,69b95d09da21c937720a8d3aaca237f47b683aa9,linux1804-64-shippable-qr,True,False,,,102210fe594ee9b33d82058545b1ed14f4c8206e,browser-toolbox.connect.DAMP,damp,True,damp browser-toolbox.connect.DAMP opt e10s fission stylo webrender-sw,4767235,77,ms,firefox,447728406.0,1845711481,2024-02-20 09:01:06,1972.7226524999933,cc3c4937fb69e80b552b61a4f2dfd1405b518d89,1379152,,,,,,,,,,,,,,,,,,,,,,,,,,,,,,,,,,,,,,,,,,,,,,,,,,,,,,,,,,,,,TN,TN
autoland,4768071,12,69b95d09da21c937720a8d3aaca237f47b683aa9,linux1804-64-shippable-qr,True,False,,,102210fe594ee9b33d82058545b1ed14f4c8206e,browser-toolbox.connect.DAMP,damp,True,damp browser-toolbox.connect.DAMP opt e10s fission stylo webrender-sw,4767235,77,ms,firefox,447775374.0,1845898955,2024-02-20 16:46:59,2037.694580500014,0465723cfb4ca46ccf93d696eb564093a1d9f2e6,1379390,,,,,,,,,,,,,,,,,,,,,,,,,,,,,,,,,,,,,,,,,,,,,,,,,,,,,,,,,,,,,TN,TN
autoland,4768071,12,69b95d09da21c937720a8d3aaca237f47b683aa9,linux1804-64-shippable-qr,True,False,,,102210fe594ee9b33d82058545b1ed14f4c8206e,browser-toolbox.connect.DAMP,damp,True,damp browser-toolbox.connect.DAMP opt e10s fission stylo webrender-sw,4767235,77,ms,firefox,447802351.0,1845983011,2024-02-20 20:06:07,1980.3670799999963,53f7baad39fc2408bc5c1ab6df97372a395730a4,1379528,,,,,,,,,,,,,,,,,,,,,,,,,,,,,,,,,,,,,,,,,,,,,,,,,,,,,,,,,,,,,TN,TN
autoland,4768071,12,69b95d09da21c937720a8d3aaca237f47b683aa9,linux1804-64-shippable-qr,True,False,,,102210fe594ee9b33d82058545b1ed14f4c8206e,browser-toolbox.connect.DAMP,damp,True,damp browser-toolbox.connect.DAMP opt e10s fission stylo webrender-sw,4767235,77,ms,firefox,447830187.0,1846058817,2024-02-21 00:08:41,2001.006969999988,05e1180d2aa04a8882ff66dfaeeb0705694f7a61,1379609,,,,,,,,,,,,,,,,,,,,,,,,,,,,,,,,,,,,,,,,,,,,,,,,,,,,,,,,,,,,,TN,TN
autoland,4768071,12,69b95d09da21c937720a8d3aaca237f47b683aa9,linux1804-64-shippable-qr,True,False,,,102210fe594ee9b33d82058545b1ed14f4c8206e,browser-toolbox.connect.DAMP,damp,True,damp browser-toolbox.connect.DAMP opt e10s fission stylo webrender-sw,4767235,77,ms,firefox,447832450.0,1846085072,2024-02-21 00:41:01,1966.7890100000004,119078d182dd2557cd70eb6933abc1ecfb499edd,1379618,,,,,,,,,,,,,,,,,,,,,,,,,,,,,,,,,,,,,,,,,,,,,,,,,,,,,,,,,,,,,TN,TN
autoland,4768071,12,69b95d09da21c937720a8d3aaca237f47b683aa9,linux1804-64-shippable-qr,True,False,,,102210fe594ee9b33d82058545b1ed14f4c8206e,browser-toolbox.connect.DAMP,damp,True,damp browser-toolbox.connect.DAMP opt e10s fission stylo webrender-sw,4767235,77,ms,firefox,447846037.0,1846152959,2024-02-21 05:21:04,1967.360105500004,714d9f89093457451e3881a56b2477e958b70fe0,1379764,,,,,,,,,,,,,,,,,,,,,,,,,,,,,,,,,,,,,,,,,,,,,,,,,,,,,,,,,,,,,TN,TN
autoland,4768071,12,69b95d09da21c937720a8d3aaca237f47b683aa9,linux1804-64-shippable-qr,True,False,,,102210fe594ee9b33d82058545b1ed14f4c8206e,browser-toolbox.connect.DAMP,damp,True,damp browser-toolbox.connect.DAMP opt e10s fission stylo webrender-sw,4767235,77,ms,firefox,447877015.0,1846276590,2024-02-21 10:11:10,2001.9107894999904,764b93d1a22891bddaaec4e5f73836957d938bac,1379832,,,,,,,,,,,,,,,,,,,,,,,,,,,,,,,,,,,,,,,,,,,,,,,,,,,,,,,,,,,,,TN,TN
autoland,4768071,12,69b95d09da21c937720a8d3aaca237f47b683aa9,linux1804-64-shippable-qr,True,False,,,102210fe594ee9b33d82058545b1ed14f4c8206e,browser-toolbox.connect.DAMP,damp,True,damp browser-toolbox.connect.DAMP opt e10s fission stylo webrender-sw,4767235,77,ms,firefox,447878018.0,1846302765,2024-02-21 10:22:21,1946.2106199999837,24ffc625c71e9cb6e20c48936ac06da6ec066694,1379838,,,,,,,,,,,,,,,,,,,,,,,,,,,,,,,,,,,,,,,,,,,,,,,,,,,,,,,,,,,,,TN,TN
autoland,4768071,12,69b95d09da21c937720a8d3aaca237f47b683aa9,linux1804-64-shippable-qr,True,False,,,102210fe594ee9b33d82058545b1ed14f4c8206e,browser-toolbox.connect.DAMP,damp,True,damp browser-toolbox.connect.DAMP opt e10s fission stylo webrender-sw,4767235,77,ms,firefox,447923828.0,1846452104,2024-02-21 14:24:58,2006.0717139999977,799f79fdcedba2bbccee86179c8b547894a16162,1379926,,,,,,,,,,,,,,,,,,,,,,,,,,,,,,,,,,,,,,,,,,,,,,,,,,,,,,,,,,,,,TN,TN
autoland,4768071,12,69b95d09da21c937720a8d3aaca237f47b683aa9,linux1804-64-shippable-qr,True,False,,,102210fe594ee9b33d82058545b1ed14f4c8206e,browser-toolbox.connect.DAMP,damp,True,damp browser-toolbox.connect.DAMP opt e10s fission stylo webrender-sw,4767235,77,ms,firefox,447919971.0,1846423991,2024-02-21 15:14:56,1997.5334435000116,f8dd4015fa59fee3a1a74c00cd2393a9578e49f0,1379958,,,,,,,,,,,,,,,,,,,,,,,,,,,,,,,,,,,,,,,,,,,,,,,,,,,,,,,,,,,,,TN,TN
autoland,4768071,12,69b95d09da21c937720a8d3aaca237f47b683aa9,linux1804-64-shippable-qr,True,False,,,102210fe594ee9b33d82058545b1ed14f4c8206e,browser-toolbox.connect.DAMP,damp,True,damp browser-toolbox.connect.DAMP opt e10s fission stylo webrender-sw,4767235,77,ms,firefox,447959219.0,1846701207,2024-02-21 20:37:48,1997.7704700000177,bec4dc4bd9ce0a51dab009936bc838963e3f16b3,1380197,,,,,,,,,,,,,,,,,,,,,,,,,,,,,,,,,,,,,,,,,,,,,,,,,,,,,,,,,,,,,TN,TN
autoland,4768071,12,69b95d09da21c937720a8d3aaca237f47b683aa9,linux1804-64-shippable-qr,True,False,,,102210fe594ee9b33d82058545b1ed14f4c8206e,browser-toolbox.connect.DAMP,damp,True,damp browser-toolbox.connect.DAMP opt e10s fission stylo webrender-sw,4767235,77,ms,firefox,447962078.0,1846714290,2024-02-21 20:47:55,1942.9322630000024,31b9ef95a482db91c24a809eb6a64f2c0d7f8f9d,1380210,,,,,,,,,,,,,,,,,,,,,,,,,,,,,,,,,,,,,,,,,,,,,,,,,,,,,,,,,,,,,TN,TN
autoland,4768071,12,69b95d09da21c937720a8d3aaca237f47b683aa9,linux1804-64-shippable-qr,True,False,,,102210fe594ee9b33d82058545b1ed14f4c8206e,browser-toolbox.connect.DAMP,damp,True,damp browser-toolbox.connect.DAMP opt e10s fission stylo webrender-sw,4767235,77,ms,firefox,447994714.0,1846821396,2024-02-22 00:49:41,1897.4063069999972,445c60e096fe3cdc8b7169881875c476febfe082,1380338,,,,,,,,,,,,,,,,,,,,,,,,,,,,,,,,,,,,,,,,,,,,,,,,,,,,,,,,,,,,,TN,TN
autoland,4768071,12,69b95d09da21c937720a8d3aaca237f47b683aa9,linux1804-64-shippable-qr,True,False,,,102210fe594ee9b33d82058545b1ed14f4c8206e,browser-toolbox.connect.DAMP,damp,True,damp browser-toolbox.connect.DAMP opt e10s fission stylo webrender-sw,4767235,77,ms,firefox,447999346.0,1846868342,2024-02-22 02:03:24,2028.4783079999904,093d37f32ef033aa168508e96b9ec2e753850ccc,1380373,,,,,,,,,,,,,,,,,,,,,,,,,,,,,,,,,,,,,,,,,,,,,,,,,,,,,,,,,,,,,TN,TN
autoland,4768071,12,69b95d09da21c937720a8d3aaca237f47b683aa9,linux1804-64-shippable-qr,True,False,,,102210fe594ee9b33d82058545b1ed14f4c8206e,browser-toolbox.connect.DAMP,damp,True,damp browser-toolbox.connect.DAMP opt e10s fission stylo webrender-sw,4767235,77,ms,firefox,448015413.0,1846942999,2024-02-22 06:55:22,1949.452598999953,e32e8effe8493ec71ad7a3b2b043f7742905b2be,1380445,,,,,,,,,,,,,,,,,,,,,,,,,,,,,,,,,,,,,,,,,,,,,,,,,,,,,,,,,,,,,TN,TN
autoland,4768071,12,69b95d09da21c937720a8d3aaca237f47b683aa9,linux1804-64-shippable-qr,True,False,,,102210fe594ee9b33d82058545b1ed14f4c8206e,browser-toolbox.connect.DAMP,damp,True,damp browser-toolbox.connect.DAMP opt e10s fission stylo webrender-sw,4767235,77,ms,firefox,448047290.0,1847122282,2024-02-22 08:58:43,1961.271792,836800665817ebbf328952caef8477f135630733,1380488,,,,,,,,,,,,,,,,,,,,,,,,,,,,,,,,,,,,,,,,,,,,,,,,,,,,,,,,,,,,,TN,TN
autoland,4768071,12,69b95d09da21c937720a8d3aaca237f47b683aa9,linux1804-64-shippable-qr,True,False,,,102210fe594ee9b33d82058545b1ed14f4c8206e,browser-toolbox.connect.DAMP,damp,True,damp browser-toolbox.connect.DAMP opt e10s fission stylo webrender-sw,4767235,77,ms,firefox,448071910.0,1847159461,2024-02-22 12:54:00,1932.1750189999875,583b3985eb0c0410cf6ebaf8e2f5c576185726c5,1380594,,,,,,,,,,,,,,,,,,,,,,,,,,,,,,,,,,,,,,,,,,,,,,,,,,,,,,,,,,,,,TN,TN
autoland,4768071,12,69b95d09da21c937720a8d3aaca237f47b683aa9,linux1804-64-shippable-qr,True,False,,,102210fe594ee9b33d82058545b1ed14f4c8206e,browser-toolbox.connect.DAMP,damp,True,damp browser-toolbox.connect.DAMP opt e10s fission stylo webrender-sw,4767235,77,ms,firefox,448097314.0,1847264751,2024-02-22 16:54:14,1962.81342150001,51ea0932b27ba455533226277e6c6deeb38a8fd4,1380794,,,,,,,,,,,,,,,,,,,,,,,,,,,,,,,,,,,,,,,,,,,,,,,,,,,,,,,,,,,,,TN,TN
autoland,4768071,12,69b95d09da21c937720a8d3aaca237f47b683aa9,linux1804-64-shippable-qr,True,False,,,102210fe594ee9b33d82058545b1ed14f4c8206e,browser-toolbox.connect.DAMP,damp,True,damp browser-toolbox.connect.DAMP opt e10s fission stylo webrender-sw,4767235,77,ms,firefox,448101687.0,1847279607,2024-02-22 17:17:40,1962.243953499972,aac0a57bd987ca0633e2f48ca37f8564344749b9,1380806,,,,,,,,,,,,,,,,,,,,,,,,,,,,,,,,,,,,,,,,,,,,,,,,,,,,,,,,,,,,,TN,TN
autoland,4768071,12,69b95d09da21c937720a8d3aaca237f47b683aa9,linux1804-64-shippable-qr,True,False,,,102210fe594ee9b33d82058545b1ed14f4c8206e,browser-toolbox.connect.DAMP,damp,True,damp browser-toolbox.connect.DAMP opt e10s fission stylo webrender-sw,4767235,77,ms,firefox,448448600.0,1848666398,2024-02-22 21:02:12,2005.3918744999971,08bf38fa7ce308cc9ea7db38a6b545ba88e0270f,1380952,,,,,,,,,,,,,,,,,,,,,,,,,,,,,,,,,,,,,,,,,,,,,,,,,,,,,,,,,,,,,TN,TN
autoland,4768071,12,69b95d09da21c937720a8d3aaca237f47b683aa9,linux1804-64-shippable-qr,True,False,,,102210fe594ee9b33d82058545b1ed14f4c8206e,browser-toolbox.connect.DAMP,damp,True,damp browser-toolbox.connect.DAMP opt e10s fission stylo webrender-sw,4767235,77,ms,firefox,448448588.0,1848665852,2024-02-22 21:03:01,1965.8989040000013,561af3572275db71daa6d655dbb33049597c5ea2,1380953,,,,,,,,,,,,,,,,,,,,,,,,,,,,,,,,,,,,,,,,,,,,,,,,,,,,,,,,,,,,,TN,TN
autoland,4768071,12,69b95d09da21c937720a8d3aaca237f47b683aa9,linux1804-64-shippable-qr,True,False,,,102210fe594ee9b33d82058545b1ed14f4c8206e,browser-toolbox.connect.DAMP,damp,True,damp browser-toolbox.connect.DAMP opt e10s fission stylo webrender-sw,4767235,77,ms,firefox,448448587.0,1848666764,2024-02-22 21:03:45,2058.378329499974,af593987c9ee9c144195d4b23802fafd1fb67f2c,1380954,,,,,,,,,,,,,,,,,,,,,,,,,,,,,,,,,,,,,,,,,,,,,,,,,,,,,,,,,,,,,TN,TN
autoland,4768071,12,69b95d09da21c937720a8d3aaca237f47b683aa9,linux1804-64-shippable-qr,True,False,,,102210fe594ee9b33d82058545b1ed14f4c8206e,browser-toolbox.connect.DAMP,damp,True,damp browser-toolbox.connect.DAMP opt e10s fission stylo webrender-sw,4767235,77,ms,firefox,448448601.0,1848666563,2024-02-22 21:04:27,1971.6335830000023,7d10849b0c31db1bc0982d711ddd882a8a44afa9,1380955,,,,,,,,,,,,,,,,,,,,,,,,,,,,,,,,,,,,,,,,,,,,,,,,,,,,,,,,,,,,,TN,TN
autoland,4768071,12,69b95d09da21c937720a8d3aaca237f47b683aa9,linux1804-64-shippable-qr,True,False,,,102210fe594ee9b33d82058545b1ed14f4c8206e,browser-toolbox.connect.DAMP,damp,True,damp browser-toolbox.connect.DAMP opt e10s fission stylo webrender-sw,4767235,77,ms,firefox,448448607.0,1848666827,2024-02-22 21:05:17,1958.55174299996,d43385ab0a2392d5bdcbbd15bdaeccd483e60efa,1380957,,,,,,,,,,,,,,,,,,,,,,,,,,,,,,,,,,,,,,,,,,,,,,,,,,,,,,,,,,,,,TN,TN
autoland,4768071,12,69b95d09da21c937720a8d3aaca237f47b683aa9,linux1804-64-shippable-qr,True,False,,,102210fe594ee9b33d82058545b1ed14f4c8206e,browser-toolbox.connect.DAMP,damp,True,damp browser-toolbox.connect.DAMP opt e10s fission stylo webrender-sw,4767235,77,ms,firefox,448448632.0,1848667066,2024-02-22 21:06:01,2018.89425100002,97c68086b9fce025cb3c9b70613577aa00150301,1380958,,,,,,,,,,,,,,,,,,,,,,,,,,,,,,,,,,,,,,,,,,,,,,,,,,,,,,,,,,,,,TN,TN
autoland,4768071,12,69b95d09da21c937720a8d3aaca237f47b683aa9,linux1804-64-shippable-qr,True,False,,,102210fe594ee9b33d82058545b1ed14f4c8206e,browser-toolbox.connect.DAMP,damp,True,damp browser-toolbox.connect.DAMP opt e10s fission stylo webrender-sw,4767235,77,ms,firefox,448137907.0,1847410977,2024-02-22 21:59:43,1957.6211859999892,1b60bca1b546c120891a0263bcdf7757d75178bc,1380998,,,,,,,,,,,,,,,,,,,,,,,,,,,,,,,,,,,,,,,,,,,,,,,,,,,,,,,,,,,,,TN,TN
autoland,4768071,12,69b95d09da21c937720a8d3aaca237f47b683aa9,linux1804-64-shippable-qr,True,False,,,102210fe594ee9b33d82058545b1ed14f4c8206e,browser-toolbox.connect.DAMP,damp,True,damp browser-toolbox.connect.DAMP opt e10s fission stylo webrender-sw,4767235,77,ms,firefox,448448669.0,1848666643,2024-02-22 22:04:18,2007.11108800002,a104b390803200c0aa6695c77bdfcb34e1a188d1,1381004,,,,,,,,,,,,,,,,,,,,,,,,,,,,,,,,,,,,,,,,,,,,,,,,,,,,,,,,,,,,,TN,TN
autoland,4768071,12,69b95d09da21c937720a8d3aaca237f47b683aa9,linux1804-64-shippable-qr,True,False,,,102210fe594ee9b33d82058545b1ed14f4c8206e,browser-toolbox.connect.DAMP,damp,True,damp browser-toolbox.connect.DAMP opt e10s fission stylo webrender-sw,4767235,77,ms,firefox,448448727.0,1848667952,2024-02-22 22:05:00,1963.3823705000104,4a7bad56a49b49e65ac28aef69e65be36fdb3c89,1381005,,,,,,,,,,,,,,,,,,,,,,,,,,,,,,,,,,,,,,,,,,,,,,,,,,,,,,,,,,,,,TN,TN
autoland,4768071,12,69b95d09da21c937720a8d3aaca237f47b683aa9,linux1804-64-shippable-qr,True,False,,,102210fe594ee9b33d82058545b1ed14f4c8206e,browser-toolbox.connect.DAMP,damp,True,damp browser-toolbox.connect.DAMP opt e10s fission stylo webrender-sw,4767235,77,ms,firefox,448138597.0,1847420259,2024-02-22 22:05:44,1964.4782829999824,3157eece201c15988ff693f9746bc767ad633fa8,1381007,,,,,,,,,,,,,,,,,,,,,,,,,,,,,,,,,,,,,,,,,,,,,,,,,,,,,,,,,,,,,TN,TN
autoland,4768071,12,69b95d09da21c937720a8d3aaca237f47b683aa9,linux1804-64-shippable-qr,True,False,,,102210fe594ee9b33d82058545b1ed14f4c8206e,browser-toolbox.connect.DAMP,damp,True,damp browser-toolbox.connect.DAMP opt e10s fission stylo webrender-sw,4767235,77,ms,firefox,448448582.0,1848666195,2024-02-22 23:07:20,1938.7131519999675,8da59982d199c9c7044cf251d6f56802c669e0a5,1381056,,,,,,,,,,,,,,,,,,,,,,,,,,,,,,,,,,,,,,,,,,,,,,,,,,,,,,,,,,,,,TN,TN
autoland,4768071,12,69b95d09da21c937720a8d3aaca237f47b683aa9,linux1804-64-shippable-qr,True,False,,,102210fe594ee9b33d82058545b1ed14f4c8206e,browser-toolbox.connect.DAMP,damp,True,damp browser-toolbox.connect.DAMP opt e10s fission stylo webrender-sw,4767235,77,ms,firefox,448448861.0,1848667638,2024-02-22 23:29:22,2018.232290500004,c3d473ad806ca2aaca9a6e3b8ce0daccccd1fdab,1381066,,,,,,,,,,,,,,,,,,,,,,,,,,,,,,,,,,,,,,,,,,,,,,,,,,,,,,,,,,,,,TN,TN
autoland,4768071,12,69b95d09da21c937720a8d3aaca237f47b683aa9,linux1804-64-shippable-qr,True,False,,,102210fe594ee9b33d82058545b1ed14f4c8206e,browser-toolbox.connect.DAMP,damp,True,damp browser-toolbox.connect.DAMP opt e10s fission stylo webrender-sw,4767235,77,ms,firefox,448448583.0,1848666114,2024-02-22 23:38:13,1944.5288740000103,5f5966a0851e4fc63bb12103135b633acf51017a,1381073,,,,,,,,,,,,,,,,,,,,,,,,,,,,,,,,,,,,,,,,,,,,,,,,,,,,,,,,,,,,,TN,TN
autoland,4768071,12,69b95d09da21c937720a8d3aaca237f47b683aa9,linux1804-64-shippable-qr,True,False,,,102210fe594ee9b33d82058545b1ed14f4c8206e,browser-toolbox.connect.DAMP,damp,True,damp browser-toolbox.connect.DAMP opt e10s fission stylo webrender-sw,4767235,77,ms,firefox,448448584.0,1848664721,2024-02-23 00:41:11,1641.4879660000151,9f799e88938e9689c176caf5f973ad50ff08f5e8,1381091,,,,,,,,,,,,,,,,,,,,,,,,,,,,,,,,,,,,,,,,,,,,,,,,,,,,,,,,,,,,,TN,TN
autoland,4768071,12,69b95d09da21c937720a8d3aaca237f47b683aa9,linux1804-64-shippable-qr,True,False,,,102210fe594ee9b33d82058545b1ed14f4c8206e,browser-toolbox.connect.DAMP,damp,True,damp browser-toolbox.connect.DAMP opt e10s fission stylo webrender-sw,4767235,77,ms,firefox,448448860.0,1848667706,2024-02-23 01:33:48,1958.5374055000136,ac4d7c08648c29a9867f81776e74bd1ca2d27f2f,1381096,,,,,,,,,,,,,,,,,,,,,,,,,,,,,,,,,,,,,,,,,,,,,,,,,,,,,,,,,,,,,TN,TN
autoland,4768071,12,69b95d09da21c937720a8d3aaca237f47b683aa9,linux1804-64-shippable-qr,True,False,,,102210fe594ee9b33d82058545b1ed14f4c8206e,browser-toolbox.connect.DAMP,damp,True,damp browser-toolbox.connect.DAMP opt e10s fission stylo webrender-sw,4767235,77,ms,firefox,448448608.0,1848666700,2024-02-23 01:40:50,1953.4299685000003,aa5fd8a19cd5bbd8566d2da5c1ca84a05cdbf58c,1381100,,,,,,,,,,,,,,,,,,,,,,,,,,,,,,,,,,,,,,,,,,,,,,,,,,,,,,,,,,,,,TN,TN
autoland,4768071,12,69b95d09da21c937720a8d3aaca237f47b683aa9,linux1804-64-shippable-qr,True,False,,,102210fe594ee9b33d82058545b1ed14f4c8206e,browser-toolbox.connect.DAMP,damp,True,damp browser-toolbox.connect.DAMP opt e10s fission stylo webrender-sw,4767235,77,ms,firefox,448448645.0,1848667006,2024-02-23 01:41:57,1970.2790920000043,9ded7308a76eee774d1c27649a384337c9cf7c44,1381103,,,,,,,,,,,,,,,,,,,,,,,,,,,,,,,,,,,,,,,,,,,,,,,,,,,,,,,,,,,,,TN,TN
autoland,4768071,12,69b95d09da21c937720a8d3aaca237f47b683aa9,linux1804-64-shippable-qr,True,False,,,102210fe594ee9b33d82058545b1ed14f4c8206e,browser-toolbox.connect.DAMP,damp,True,damp browser-toolbox.connect.DAMP opt e10s fission stylo webrender-sw,4767235,77,ms,firefox,448448646.0,1848667386,2024-02-23 01:41:57,1958.555327500013,9ded7308a76eee774d1c27649a384337c9cf7c44,1381103,,,,,,,,,,,,,,,,,,,,,,,,,,,,,,,,,,,,,,,,,,,,,,,,,,,,,,,,,,,,,TN,TN
autoland,4768071,12,69b95d09da21c937720a8d3aaca237f47b683aa9,linux1804-64-shippable-qr,True,False,,,102210fe594ee9b33d82058545b1ed14f4c8206e,browser-toolbox.connect.DAMP,damp,True,damp browser-toolbox.connect.DAMP opt e10s fission stylo webrender-sw,4767235,77,ms,firefox,448162061.0,1847510408,2024-02-23 03:42:44,1988.6347114999955,90d2dd7d6b48918404ecc4906e62fa106b4238a9,1381156,,,,,,,,,,,,,,,,,,,,,,,,,,,,,,,,,,,,,,,,,,,,,,,,,,,,,,,,,,,,,TN,TN
autoland,4768071,12,69b95d09da21c937720a8d3aaca237f47b683aa9,linux1804-64-shippable-qr,True,False,,,102210fe594ee9b33d82058545b1ed14f4c8206e,browser-toolbox.connect.DAMP,damp,True,damp browser-toolbox.connect.DAMP opt e10s fission stylo webrender-sw,4767235,77,ms,firefox,448462176.0,1848682215,2024-02-23 04:09:00,1944.3333805000293,d9ff1fbbe73ee4e6124d95ee13b7bacdbdb7ec3d,1381160,,,,,,,,,,,,,,,,,,,,,,,,,,,,,,,,,,,,,,,,,,,,,,,,,,,,,,,,,,,,,TN,TN
autoland,4768071,12,69b95d09da21c937720a8d3aaca237f47b683aa9,linux1804-64-shippable-qr,True,False,,,102210fe594ee9b33d82058545b1ed14f4c8206e,browser-toolbox.connect.DAMP,damp,True,damp browser-toolbox.connect.DAMP opt e10s fission stylo webrender-sw,4767235,77,ms,firefox,448462343.0,1848682546,2024-02-23 04:44:44,1950.3452180000024,62677f25e49561f10df2b3d895e800037404f7f1,1381170,,,,,,,,,,,,,,,,,,,,,,,,,,,,,,,,,,,,,,,,,,,,,,,,,,,,,,,,,,,,,TN,TN
autoland,4768071,12,69b95d09da21c937720a8d3aaca237f47b683aa9,linux1804-64-shippable-qr,True,False,,,102210fe594ee9b33d82058545b1ed14f4c8206e,browser-toolbox.connect.DAMP,damp,True,damp browser-toolbox.connect.DAMP opt e10s fission stylo webrender-sw,4767235,77,ms,firefox,448462605.0,1848685831,2024-02-23 06:42:56,1993.2473460000183,c32070b4cda087b3cbf28990220b50bd9eaae6c1,1381191,,,,,,,,,,,,,,,,,,,,,,,,,,,,,,,,,,,,,,,,,,,,,,,,,,,,,,,,,,,,,TN,TN
autoland,4768071,12,69b95d09da21c937720a8d3aaca237f47b683aa9,linux1804-64-shippable-qr,True,False,,,102210fe594ee9b33d82058545b1ed14f4c8206e,browser-toolbox.connect.DAMP,damp,True,damp browser-toolbox.connect.DAMP opt e10s fission stylo webrender-sw,4767235,77,ms,firefox,448461740.0,1848681351,2024-02-23 06:57:29,2041.1261855000264,cc4383344170c05a9aeeebc91bf19b93718445cc,1381198,,,,,,,,,,,,,,,,,,,,,,,,,,,,,,,,,,,,,,,,,,,,,,,,,,,,,,,,,,,,,TN,TN
autoland,4768071,12,69b95d09da21c937720a8d3aaca237f47b683aa9,linux1804-64-shippable-qr,True,False,,,102210fe594ee9b33d82058545b1ed14f4c8206e,browser-toolbox.connect.DAMP,damp,True,damp browser-toolbox.connect.DAMP opt e10s fission stylo webrender-sw,4767235,77,ms,firefox,448461799.0,1848681514,2024-02-23 07:01:56,1964.625864499998,99adf729b27670466ac99568492b0463be3c569d,1381199,,,,,,,,,,,,,,,,,,,,,,,,,,,,,,,,,,,,,,,,,,,,,,,,,,,,,,,,,,,,,TN,TN
autoland,4768071,12,69b95d09da21c937720a8d3aaca237f47b683aa9,linux1804-64-shippable-qr,True,False,,,102210fe594ee9b33d82058545b1ed14f4c8206e,browser-toolbox.connect.DAMP,damp,True,damp browser-toolbox.connect.DAMP opt e10s fission stylo webrender-sw,4767235,77,ms,firefox,448463335.0,1848688010,2024-02-23 07:18:15,2019.3217325000005,49b74f5b7b1dce9be555badd83ae6713940e7d52,1381205,,,,,,,,,,,,,,,,,,,,,,,,,,,,,,,,,,,,,,,,,,,,,,,,,,,,,,,,,,,,,TN,TN
autoland,4768071,12,69b95d09da21c937720a8d3aaca237f47b683aa9,linux1804-64-shippable-qr,True,False,,,102210fe594ee9b33d82058545b1ed14f4c8206e,browser-toolbox.connect.DAMP,damp,True,damp browser-toolbox.connect.DAMP opt e10s fission stylo webrender-sw,4767235,77,ms,firefox,448174301.0,1847621514,2024-02-23 07:23:44,1966.0403249999945,21d2a36f8f072b9b57adbeb73eca449f62093ca3,1381206,,,,,,,,,,,,,,,,,,,,,,,,,,,,,,,,,,,,,,,,,,,,,,,,,,,,,,,,,,,,,TN,TN
autoland,4768071,12,69b95d09da21c937720a8d3aaca237f47b683aa9,linux1804-64-shippable-qr,True,False,,,102210fe594ee9b33d82058545b1ed14f4c8206e,browser-toolbox.connect.DAMP,damp,True,damp browser-toolbox.connect.DAMP opt e10s fission stylo webrender-sw,4767235,77,ms,firefox,448448605.0,1848666312,2024-02-23 07:31:36,1974.129402499966,c8d43d9c20428e7f3f28e83f470e8b116449e204,1381210,,,,,,,,,,,,,,,,,,,,,,,,,,,,,,,,,,,,,,,,,,,,,,,,,,,,,,,,,,,,,TN,TN
autoland,4768071,12,69b95d09da21c937720a8d3aaca237f47b683aa9,linux1804-64-shippable-qr,True,False,,,102210fe594ee9b33d82058545b1ed14f4c8206e,browser-toolbox.connect.DAMP,damp,True,damp browser-toolbox.connect.DAMP opt e10s fission stylo webrender-sw,4767235,77,ms,firefox,448448647.0,1848667334,2024-02-23 07:59:36,1993.4937169999905,66b6afa30837bf2169b455a62d5cd2997f7b7fd0,1381219,,,,,,,,,,,,,,,,,,,,,,,,,,,,,,,,,,,,,,,,,,,,,,,,,,,,,,,,,,,,,TN,TN
autoland,4768071,12,69b95d09da21c937720a8d3aaca237f47b683aa9,linux1804-64-shippable-qr,True,False,,,102210fe594ee9b33d82058545b1ed14f4c8206e,browser-toolbox.connect.DAMP,damp,True,damp browser-toolbox.connect.DAMP opt e10s fission stylo webrender-sw,4767235,77,ms,firefox,448448652.0,1848667503,2024-02-23 08:55:07,1957.2864394999635,6e217087e03016bb9986279f31af040081ab8bb5,1381252,,,,,,,,,,,,,,,,,,,,,,,,,,,,,,,,,,,,,,,,,,,,,,,,,,,,,,,,,,,,,TN,TN
autoland,4768071,12,69b95d09da21c937720a8d3aaca237f47b683aa9,linux1804-64-shippable-qr,True,False,,,102210fe594ee9b33d82058545b1ed14f4c8206e,browser-toolbox.connect.DAMP,damp,True,damp browser-toolbox.connect.DAMP opt e10s fission stylo webrender-sw,4767235,77,ms,firefox,448448671.0,1848668281,2024-02-23 09:04:37,1973.378658499998,3f4668f15c0ebf35d4500d04b9190ec6c6763071,1381256,,,,,,,,,,,,,,,,,,,,,,,,,,,,,,,,,,,,,,,,,,,,,,,,,,,,,,,,,,,,,TN,TN
autoland,4768071,12,69b95d09da21c937720a8d3aaca237f47b683aa9,linux1804-64-shippable-qr,True,False,,,102210fe594ee9b33d82058545b1ed14f4c8206e,browser-toolbox.connect.DAMP,damp,True,damp browser-toolbox.connect.DAMP opt e10s fission stylo webrender-sw,4767235,77,ms,firefox,448448673.0,1848668038,2024-02-23 09:05:28,1969.623550999997,10d544cdfe5f2f0fbfbfa2b4f4b589d58fc4f4b4,1381257,,,,,,,,,,,,,,,,,,,,,,,,,,,,,,,,,,,,,,,,,,,,,,,,,,,,,,,,,,,,,TN,TN
autoland,4768071,12,69b95d09da21c937720a8d3aaca237f47b683aa9,linux1804-64-shippable-qr,True,False,,,102210fe594ee9b33d82058545b1ed14f4c8206e,browser-toolbox.connect.DAMP,damp,True,damp browser-toolbox.connect.DAMP opt e10s fission stylo webrender-sw,4767235,77,ms,firefox,448448760.0,1848667764,2024-02-23 09:23:09,1957.80472450002,cbfdd18b0c88b3df6a6436b1a6edffd6677b62ea,1381273,,,,,,,,,,,,,,,,,,,,,,,,,,,,,,,,,,,,,,,,,,,,,,,,,,,,,,,,,,,,,TN,TN
autoland,4768071,12,69b95d09da21c937720a8d3aaca237f47b683aa9,linux1804-64-shippable-qr,True,False,,,102210fe594ee9b33d82058545b1ed14f4c8206e,browser-toolbox.connect.DAMP,damp,True,damp browser-toolbox.connect.DAMP opt e10s fission stylo webrender-sw,4767235,77,ms,firefox,448448762.0,1848668340,2024-02-23 10:31:27,1956.948281000019,8cbd5fccb80ccf7c4c5cccb170095ffc215dfd8d,1381288,,,,,,,,,,,,,,,,,,,,,,,,,,,,,,,,,,,,,,,,,,,,,,,,,,,,,,,,,,,,,TN,TN
autoland,4768071,12,69b95d09da21c937720a8d3aaca237f47b683aa9,linux1804-64-shippable-qr,True,False,,,102210fe594ee9b33d82058545b1ed14f4c8206e,browser-toolbox.connect.DAMP,damp,True,damp browser-toolbox.connect.DAMP opt e10s fission stylo webrender-sw,4767235,77,ms,firefox,448448763.0,1848668222,2024-02-23 10:50:54,1982.5325554999872,2effcbc6b0cdfc9925711596235bc0b6b5a5e1a3,1381291,,,,,,,,,,,,,,,,,,,,,,,,,,,,,,,,,,,,,,,,,,,,,,,,,,,,,,,,,,,,,TN,TN
autoland,4768071,12,69b95d09da21c937720a8d3aaca237f47b683aa9,linux1804-64-shippable-qr,True,False,,,102210fe594ee9b33d82058545b1ed14f4c8206e,browser-toolbox.connect.DAMP,damp,True,damp browser-toolbox.connect.DAMP opt e10s fission stylo webrender-sw,4767235,77,ms,firefox,448216645.0,1847758016,2024-02-23 12:03:57,1952.8653799999884,75e12d12d89c2d79200c0057830f9e0c37f973f5,1381319,,,,,,,,,,,,,,,,,,,,,,,,,,,,,,,,,,,,,,,,,,,,,,,,,,,,,,,,,,,,,TN,TN
autoland,4768071,12,69b95d09da21c937720a8d3aaca237f47b683aa9,linux1804-64-shippable-qr,True,False,,,102210fe594ee9b33d82058545b1ed14f4c8206e,browser-toolbox.connect.DAMP,damp,True,damp browser-toolbox.connect.DAMP opt e10s fission stylo webrender-sw,4767235,77,ms,firefox,448240018.0,1847866501,2024-02-23 15:17:21,1963.355401500012,e2c67ce1b79f08538c8f70b2089d860802aa289e,1381416,,,,,,,,,,,,,,,,,,,,,,,,,,,,,,,,,,,,,,,,,,,,,,,,,,,,,,,,,,,,,TN,TN
autoland,4768071,12,69b95d09da21c937720a8d3aaca237f47b683aa9,linux1804-64-shippable-qr,True,False,,,102210fe594ee9b33d82058545b1ed14f4c8206e,browser-toolbox.connect.DAMP,damp,True,damp browser-toolbox.connect.DAMP opt e10s fission stylo webrender-sw,4767235,77,ms,firefox,448262429.0,1847962742,2024-02-23 18:14:32,1978.708175,dccf526bcc0afbf9f7abd33abff453ced5a76335,1381598,,,,,,,,,,,,,,,,,,,,,,,,,,,,,,,,,,,,,,,,,,,,,,,,,,,,,,,,,,,,,TN,TN
autoland,4768071,12,69b95d09da21c937720a8d3aaca237f47b683aa9,linux1804-64-shippable-qr,True,False,,,102210fe594ee9b33d82058545b1ed14f4c8206e,browser-toolbox.connect.DAMP,damp,True,damp browser-toolbox.connect.DAMP opt e10s fission stylo webrender-sw,4767235,77,ms,firefox,448298886.0,1848076374,2024-02-23 22:24:23,1960.4889654999931,8c239bb8c3fa84633497932b3d3a1d566f9e7581,1381790,,,,,,,,,,,,,,,,,,,,,,,,,,,,,,,,,,,,,,,,,,,,,,,,,,,,,,,,,,,,,TN,TN
autoland,4768071,12,69b95d09da21c937720a8d3aaca237f47b683aa9,linux1804-64-shippable-qr,True,False,,,102210fe594ee9b33d82058545b1ed14f4c8206e,browser-toolbox.connect.DAMP,damp,True,damp browser-toolbox.connect.DAMP opt e10s fission stylo webrender-sw,4767235,77,ms,firefox,448301241.0,1848096174,2024-02-23 22:37:13,1967.052743499953,fc1f91bbfd85565b6b9a06155b3d750dc17812f0,1381800,,,,,,,,,,,,,,,,,,,,,,,,,,,,,,,,,,,,,,,,,,,,,,,,,,,,,,,,,,,,,TN,TN
autoland,4768071,12,69b95d09da21c937720a8d3aaca237f47b683aa9,linux1804-64-shippable-qr,True,False,,,102210fe594ee9b33d82058545b1ed14f4c8206e,browser-toolbox.connect.DAMP,damp,True,damp browser-toolbox.connect.DAMP opt e10s fission stylo webrender-sw,4767235,77,ms,firefox,448315512.0,1848155789,2024-02-24 03:17:09,1944.0730900000344,504cbf2189790d36f74d4fc454949d0c55a40c37,1381876,,,,,,,,,,,,,,,,,,,,,,,,,,,,,,,,,,,,,,,,,,,,,,,,,,,,,,,,,,,,,TN,TN
autoland,4768071,12,69b95d09da21c937720a8d3aaca237f47b683aa9,linux1804-64-shippable-qr,True,False,,,102210fe594ee9b33d82058545b1ed14f4c8206e,browser-toolbox.connect.DAMP,damp,True,damp browser-toolbox.connect.DAMP opt e10s fission stylo webrender-sw,4767235,77,ms,firefox,448326305.0,1848228078,2024-02-24 08:59:15,1959.1282660000145,f571738470f98e8161bf79b269e333053dca32c4,1381906,,,,,,,,,,,,,,,,,,,,,,,,,,,,,,,,,,,,,,,,,,,,,,,,,,,,,,,,,,,,,TN,TN
autoland,4768071,12,69b95d09da21c937720a8d3aaca237f47b683aa9,linux1804-64-shippable-qr,True,False,,,102210fe594ee9b33d82058545b1ed14f4c8206e,browser-toolbox.connect.DAMP,damp,True,damp browser-toolbox.connect.DAMP opt e10s fission stylo webrender-sw,4767235,77,ms,firefox,448353561.0,1848318604,2024-02-24 18:15:08,1921.445487999983,fb873ef9e164e2ac423d266870ce82445945de97,1381948,,,,,,,,,,,,,,,,,,,,,,,,,,,,,,,,,,,,,,,,,,,,,,,,,,,,,,,,,,,,,TN,TN
autoland,4768071,12,69b95d09da21c937720a8d3aaca237f47b683aa9,linux1804-64-shippable-qr,True,False,,,102210fe594ee9b33d82058545b1ed14f4c8206e,browser-toolbox.connect.DAMP,damp,True,damp browser-toolbox.connect.DAMP opt e10s fission stylo webrender-sw,4767235,77,ms,firefox,448375172.0,1848387297,2024-02-25 01:06:55,1975.8131969999667,fedd91b7af1e6b3c4a7d6f58b8bce94d55eb9d74,1381999,,,,,,,,,,,,,,,,,,,,,,,,,,,,,,,,,,,,,,,,,,,,,,,,,,,,,,,,,,,,,TN,TN
autoland,4768071,12,69b95d09da21c937720a8d3aaca237f47b683aa9,linux1804-64-shippable-qr,True,False,,,102210fe594ee9b33d82058545b1ed14f4c8206e,browser-toolbox.connect.DAMP,damp,True,damp browser-toolbox.connect.DAMP opt e10s fission stylo webrender-sw,4767235,77,ms,firefox,448754842.0,1849879326,2024-02-25 19:46:29,1962.144680999976,b9f2c3f5a805a94fdebf367e5e0bdb964074a3e7,1382064,,,,,,,,,,,,,,,,,,,,,,,,,,,,,,,,,,,,,,,,,,,,,,,,,,,,,,,,,,,,,TN,TN
autoland,4768071,12,69b95d09da21c937720a8d3aaca237f47b683aa9,linux1804-64-shippable-qr,True,False,,,102210fe594ee9b33d82058545b1ed14f4c8206e,browser-toolbox.connect.DAMP,damp,True,damp browser-toolbox.connect.DAMP opt e10s fission stylo webrender-sw,4767235,77,ms,firefox,448412605.0,1848525655,2024-02-26 01:39:06,2074.628116000036,689cf8cf7e6b9b9ee5e599a77325de05487a5eed,1382090,,,,,,,,,,,,,,,,,,,,,,,,,,,,,,,,,,,,,,,,,,,,,,,,,,,,,,,,,,,,,TN,TN
autoland,4768071,12,69b95d09da21c937720a8d3aaca237f47b683aa9,linux1804-64-shippable-qr,True,False,,,102210fe594ee9b33d82058545b1ed14f4c8206e,browser-toolbox.connect.DAMP,damp,True,damp browser-toolbox.connect.DAMP opt e10s fission stylo webrender-sw,4767235,77,ms,firefox,448754900.0,1849881058,2024-02-26 05:25:54,2019.1282930000743,76a3e268757c6ef32e406814afcb54ac8f71c53d,1382117,,,,,,,,,,,,,,,,,,,,,,,,,,,,,,,,,,,,,,,,,,,,,,,,,,,,,,,,,,,,,TN,TN
autoland,4768071,12,69b95d09da21c937720a8d3aaca237f47b683aa9,linux1804-64-shippable-qr,True,False,,,102210fe594ee9b33d82058545b1ed14f4c8206e,browser-toolbox.connect.DAMP,damp,True,damp browser-toolbox.connect.DAMP opt e10s fission stylo webrender-sw,4767235,77,ms,firefox,448754902.0,1849880639,2024-02-26 07:01:21,2013.6902495000104,7e9b9c100944152bf1264cef838106bb49787ce7,1382124,,,,,,,,,,,,,,,,,,,,,,,,,,,,,,,,,,,,,,,,,,,,,,,,,,,,,,,,,,,,,TN,TN
autoland,4768071,12,69b95d09da21c937720a8d3aaca237f47b683aa9,linux1804-64-shippable-qr,True,False,,,102210fe594ee9b33d82058545b1ed14f4c8206e,browser-toolbox.connect.DAMP,damp,True,damp browser-toolbox.connect.DAMP opt e10s fission stylo webrender-sw,4767235,77,ms,firefox,448754932.0,1849881236,2024-02-26 08:26:30,1933.4334574999807,3af6901e77d5b3f960f24207e6d8a296508c685c,1382148,,,,,,,,,,,,,,,,,,,,,,,,,,,,,,,,,,,,,,,,,,,,,,,,,,,,,,,,,,,,,TN,TN
autoland,4768071,12,69b95d09da21c937720a8d3aaca237f47b683aa9,linux1804-64-shippable-qr,True,False,,,102210fe594ee9b33d82058545b1ed14f4c8206e,browser-toolbox.connect.DAMP,damp,True,damp browser-toolbox.connect.DAMP opt e10s fission stylo webrender-sw,4767235,77,ms,firefox,448754931.0,1849880274,2024-02-26 08:29:13,1962.0774670000392,9efb6f33056715dde89a576fe22714c2e6f3e7a9,1382149,,,,,,,,,,,,,,,,,,,,,,,,,,,,,,,,,,,,,,,,,,,,,,,,,,,,,,,,,,,,,TN,TN
autoland,4768071,12,69b95d09da21c937720a8d3aaca237f47b683aa9,linux1804-64-shippable-qr,True,False,,,102210fe594ee9b33d82058545b1ed14f4c8206e,browser-toolbox.connect.DAMP,damp,True,damp browser-toolbox.connect.DAMP opt e10s fission stylo webrender-sw,4767235,77,ms,firefox,448754930.0,1849878347,2024-02-26 08:34:22,1940.0010955000037,00da219c853025c6fdef524a4fed6da0735ff3fe,1382151,,,,,,,,,,,,,,,,,,,,,,,,,,,,,,,,,,,,,,,,,,,,,,,,,,,,,,,,,,,,,TN,TN
autoland,4768071,12,69b95d09da21c937720a8d3aaca237f47b683aa9,linux1804-64-shippable-qr,True,False,,,102210fe594ee9b33d82058545b1ed14f4c8206e,browser-toolbox.connect.DAMP,damp,True,damp browser-toolbox.connect.DAMP opt e10s fission stylo webrender-sw,4767235,77,ms,firefox,448754976.0,1849881463,2024-02-26 10:12:57,1944.8884820000092,7f342afd46861dafd1d513b66f3441de03c1f0c1,1382197,,,,,,,,,,,,,,,,,,,,,,,,,,,,,,,,,,,,,,,,,,,,,,,,,,,,,,,,,,,,,TN,TN
autoland,4768071,12,69b95d09da21c937720a8d3aaca237f47b683aa9,linux1804-64-shippable-qr,True,False,,,102210fe594ee9b33d82058545b1ed14f4c8206e,browser-toolbox.connect.DAMP,damp,True,damp browser-toolbox.connect.DAMP opt e10s fission stylo webrender-sw,4767235,77,ms,firefox,448754933.0,1849882278,2024-02-26 10:13:41,1992.0115105000004,91f0a8c5729125750e3bd9175dfa60b4ef75d236,1382198,,,,,,,,,,,,,,,,,,,,,,,,,,,,,,,,,,,,,,,,,,,,,,,,,,,,,,,,,,,,,TN,TN
autoland,4768071,12,69b95d09da21c937720a8d3aaca237f47b683aa9,linux1804-64-shippable-qr,True,False,,,102210fe594ee9b33d82058545b1ed14f4c8206e,browser-toolbox.connect.DAMP,damp,True,damp browser-toolbox.connect.DAMP opt e10s fission stylo webrender-sw,4767235,77,ms,firefox,448447438.0,1848652860,2024-02-26 10:31:50,1961.2475910000207,8268ce246a04145ed6598e99b5d061a4e1ee3ca6,1382207,,,,,,,,,,,,,,,,,,,,,,,,,,,,,,,,,,,,,,,,,,,,,,,,,,,,,,,,,,,,,TN,TN
autoland,4768071,12,69b95d09da21c937720a8d3aaca237f47b683aa9,linux1804-64-shippable-qr,True,False,,,102210fe594ee9b33d82058545b1ed14f4c8206e,browser-toolbox.connect.DAMP,damp,True,damp browser-toolbox.connect.DAMP opt e10s fission stylo webrender-sw,4767235,77,ms,firefox,448754938.0,1849879522,2024-02-26 12:35:13,1982.651809500036,dfa36a5485649c025f91dc2d94ebadd47be83cbe,1382250,,,,,,,,,,,,,,,,,,,,,,,,,,,,,,,,,,,,,,,,,,,,,,,,,,,,,,,,,,,,,TN,TN
autoland,4768071,12,69b95d09da21c937720a8d3aaca237f47b683aa9,linux1804-64-shippable-qr,True,False,,,102210fe594ee9b33d82058545b1ed14f4c8206e,browser-toolbox.connect.DAMP,damp,True,damp browser-toolbox.connect.DAMP opt e10s fission stylo webrender-sw,4767235,77,ms,firefox,448754935.0,1849880080,2024-02-26 13:16:04,1981.2005535000064,0703c17b3d7ec8150ad6fcd8d95a0125581b0d5b,1382261,,,,,,,,,,,,,,,,,,,,,,,,,,,,,,,,,,,,,,,,,,,,,,,,,,,,,,,,,,,,,TN,TN
autoland,4768071,12,69b95d09da21c937720a8d3aaca237f47b683aa9,linux1804-64-shippable-qr,True,False,,,102210fe594ee9b33d82058545b1ed14f4c8206e,browser-toolbox.connect.DAMP,damp,True,damp browser-toolbox.connect.DAMP opt e10s fission stylo webrender-sw,4767235,77,ms,firefox,448754941.0,1849881347,2024-02-26 13:28:39,1959.059503999997,0fcb60f34e99a4e74c9662b4da048b6b707c482e,1382268,,,,,,,,,,,,,,,,,,,,,,,,,,,,,,,,,,,,,,,,,,,,,,,,,,,,,,,,,,,,,TN,TN
autoland,4768071,12,69b95d09da21c937720a8d3aaca237f47b683aa9,linux1804-64-shippable-qr,True,False,,,102210fe594ee9b33d82058545b1ed14f4c8206e,browser-toolbox.connect.DAMP,damp,True,damp browser-toolbox.connect.DAMP opt e10s fission stylo webrender-sw,4767235,77,ms,firefox,448754982.0,1849879381,2024-02-26 13:28:39,1976.1339605000103,0fcb60f34e99a4e74c9662b4da048b6b707c482e,1382268,,,,,,,,,,,,,,,,,,,,,,,,,,,,,,,,,,,,,,,,,,,,,,,,,,,,,,,,,,,,,TN,TN
autoland,4768071,12,69b95d09da21c937720a8d3aaca237f47b683aa9,linux1804-64-shippable-qr,True,False,,,102210fe594ee9b33d82058545b1ed14f4c8206e,browser-toolbox.connect.DAMP,damp,True,damp browser-toolbox.connect.DAMP opt e10s fission stylo webrender-sw,4767235,77,ms,firefox,448754942.0,1849880407,2024-02-26 13:31:54,1958.1277585000064,9218ead49f78a7c7cd4c6fa8f970dffddefebcf7,1382269,,,,,,,,,,,,,,,,,,,,,,,,,,,,,,,,,,,,,,,,,,,,,,,,,,,,,,,,,,,,,TN,TN
autoland,4768071,12,69b95d09da21c937720a8d3aaca237f47b683aa9,linux1804-64-shippable-qr,True,False,,,102210fe594ee9b33d82058545b1ed14f4c8206e,browser-toolbox.connect.DAMP,damp,True,damp browser-toolbox.connect.DAMP opt e10s fission stylo webrender-sw,4767235,77,ms,firefox,448754939.0,1849881682,2024-02-26 13:55:05,1966.642775500004,20ea3f74f4fe9153bbc8d976f6e5df94c464dc30,1382274,,,,,,,,,,,,,,,,,,,,,,,,,,,,,,,,,,,,,,,,,,,,,,,,,,,,,,,,,,,,,TN,TN
autoland,4768071,12,69b95d09da21c937720a8d3aaca237f47b683aa9,linux1804-64-shippable-qr,True,False,,,102210fe594ee9b33d82058545b1ed14f4c8206e,browser-toolbox.connect.DAMP,damp,True,damp browser-toolbox.connect.DAMP opt e10s fission stylo webrender-sw,4767235,77,ms,firefox,448754979.0,1849879464,2024-02-26 14:13:27,1973.010423499989,4dc477669dc382edf409e1b691b033c7243b97cd,1382289,,,,,,,,,,,,,,,,,,,,,,,,,,,,,,,,,,,,,,,,,,,,,,,,,,,,,,,,,,,,,TN,TN
autoland,4768071,12,69b95d09da21c937720a8d3aaca237f47b683aa9,linux1804-64-shippable-qr,True,False,,,102210fe594ee9b33d82058545b1ed14f4c8206e,browser-toolbox.connect.DAMP,damp,True,damp browser-toolbox.connect.DAMP opt e10s fission stylo webrender-sw,4767235,77,ms,firefox,448754981.0,1849882538,2024-02-26 14:14:09,2053.1535424999893,436781420fece378468ecbd5c1f5289ada913d1c,1382290,,,,,,,,,,,,,,,,,,,,,,,,,,,,,,,,,,,,,,,,,,,,,,,,,,,,,,,,,,,,,TN,TN
autoland,4768071,12,69b95d09da21c937720a8d3aaca237f47b683aa9,linux1804-64-shippable-qr,True,False,,,102210fe594ee9b33d82058545b1ed14f4c8206e,browser-toolbox.connect.DAMP,damp,True,damp browser-toolbox.connect.DAMP opt e10s fission stylo webrender-sw,4767235,77,ms,firefox,448754980.0,1849881115,2024-02-26 14:14:51,1955.3813354999877,b393aaa0e4618b62dc5f2d2c1376610beedb39c1,1382291,,,,,,,,,,,,,,,,,,,,,,,,,,,,,,,,,,,,,,,,,,,,,,,,,,,,,,,,,,,,,TN,TN
autoland,4768071,12,69b95d09da21c937720a8d3aaca237f47b683aa9,linux1804-64-shippable-qr,True,False,,,102210fe594ee9b33d82058545b1ed14f4c8206e,browser-toolbox.connect.DAMP,damp,True,damp browser-toolbox.connect.DAMP opt e10s fission stylo webrender-sw,4767235,77,ms,firefox,448754985.0,1849879979,2024-02-26 14:29:49,2016.0875624999967,5e82ea558f45ed2f9a1d2cca82446e63c04101f6,1382302,,,,,,,,,,,,,,,,,,,,,,,,,,,,,,,,,,,,,,,,,,,,,,,,,,,,,,,,,,,,,TN,TN
autoland,4768071,12,69b95d09da21c937720a8d3aaca237f47b683aa9,linux1804-64-shippable-qr,True,False,,,102210fe594ee9b33d82058545b1ed14f4c8206e,browser-toolbox.connect.DAMP,damp,True,damp browser-toolbox.connect.DAMP opt e10s fission stylo webrender-sw,4767235,77,ms,firefox,448754996.0,1849879148,2024-02-26 14:29:49,1994.875286499984,5e82ea558f45ed2f9a1d2cca82446e63c04101f6,1382302,,,,,,,,,,,,,,,,,,,,,,,,,,,,,,,,,,,,,,,,,,,,,,,,,,,,,,,,,,,,,TN,TN
autoland,4768071,12,69b95d09da21c937720a8d3aaca237f47b683aa9,linux1804-64-shippable-qr,True,False,,,102210fe594ee9b33d82058545b1ed14f4c8206e,browser-toolbox.connect.DAMP,damp,True,damp browser-toolbox.connect.DAMP opt e10s fission stylo webrender-sw,4767235,77,ms,firefox,448485422.0,1848747532,2024-02-26 14:40:18,1922.1401490000064,a5c1fbe78e431fe4a1db712f75edb33f6fd668e4,1382307,,,,,,,,,,,,,,,,,,,,,,,,,,,,,,,,,,,,,,,,,,,,,,,,,,,,,,,,,,,,,TN,TN
autoland,4768071,12,69b95d09da21c937720a8d3aaca237f47b683aa9,linux1804-64-shippable-qr,True,False,,,102210fe594ee9b33d82058545b1ed14f4c8206e,browser-toolbox.connect.DAMP,damp,True,damp browser-toolbox.connect.DAMP opt e10s fission stylo webrender-sw,4767235,77,ms,firefox,448772127.0,1849961251,2024-02-26 14:57:44,1957.3969504999693,28454778bc26523e3e4b776606fbb10eaf64b91c,1382318,,,,,,,,,,,,,,,,,,,,,,,,,,,,,,,,,,,,,,,,,,,,,,,,,,,,,,,,,,,,,TN,TN
autoland,4768071,12,69b95d09da21c937720a8d3aaca237f47b683aa9,linux1804-64-shippable-qr,True,False,,,102210fe594ee9b33d82058545b1ed14f4c8206e,browser-toolbox.connect.DAMP,damp,True,damp browser-toolbox.connect.DAMP opt e10s fission stylo webrender-sw,4767235,77,ms,firefox,448488833.0,1848772372,2024-02-26 15:06:28,1970.626485000008,621c8480cd3562f3f61966b4219a0335ce72f698,1382323,,,,,,,,,,,,,,,,,,,,,,,,,,,,,,,,,,,,,,,,,,,,,,,,,,,,,,,,,,,,,TN,TN
autoland,4768071,12,69b95d09da21c937720a8d3aaca237f47b683aa9,linux1804-64-shippable-qr,True,False,,,102210fe594ee9b33d82058545b1ed14f4c8206e,browser-toolbox.connect.DAMP,damp,True,damp browser-toolbox.connect.DAMP opt e10s fission stylo webrender-sw,4767235,77,ms,firefox,448787043.0,1849975006,2024-02-26 16:34:16,1941.1629955000024,f4c1044e498cd094459e68a8c39a5467ab5bc2aa,1382396,,,,,,,,,,,,,,,,,,,,,,,,,,,,,,,,,,,,,,,,,,,,,,,,,,,,,,,,,,,,,TN,TN
autoland,4768071,12,69b95d09da21c937720a8d3aaca237f47b683aa9,linux1804-64-shippable-qr,True,False,,,102210fe594ee9b33d82058545b1ed14f4c8206e,browser-toolbox.connect.DAMP,damp,True,damp browser-toolbox.connect.DAMP opt e10s fission stylo webrender-sw,4767235,77,ms,firefox,448771599.0,1849960605,2024-02-26 16:39:07,1967.62039950004,fd1d31833a186f48a118af8df2d0c6bb8f96604f,1382398,,,,,,,,,,,,,,,,,,,,,,,,,,,,,,,,,,,,,,,,,,,,,,,,,,,,,,,,,,,,,TN,TN
autoland,4768071,12,69b95d09da21c937720a8d3aaca237f47b683aa9,linux1804-64-shippable-qr,True,False,,,102210fe594ee9b33d82058545b1ed14f4c8206e,browser-toolbox.connect.DAMP,damp,True,damp browser-toolbox.connect.DAMP opt e10s fission stylo webrender-sw,4767235,77,ms,firefox,448771773.0,1849961043,2024-02-26 16:43:17,1944.6848155000189,bcc6d92f004f82f210d1b696e65e9606c83d4b3c,1382404,,,,,,,,,,,,,,,,,,,,,,,,,,,,,,,,,,,,,,,,,,,,,,,,,,,,,,,,,,,,,TN,TN
autoland,4768071,12,69b95d09da21c937720a8d3aaca237f47b683aa9,linux1804-64-shippable-qr,True,False,,,102210fe594ee9b33d82058545b1ed14f4c8206e,browser-toolbox.connect.DAMP,damp,True,damp browser-toolbox.connect.DAMP opt e10s fission stylo webrender-sw,4767235,77,ms,firefox,448783075.0,1849970547,2024-02-26 16:58:35,1971.393250999994,8716109acc50310b9ab246d1afa5fc45c52dd0ff,1382415,,,,,,,,,,,,,,,,,,,,,,,,,,,,,,,,,,,,,,,,,,,,,,,,,,,,,,,,,,,,,TN,TN
autoland,4768071,12,69b95d09da21c937720a8d3aaca237f47b683aa9,linux1804-64-shippable-qr,True,False,,,102210fe594ee9b33d82058545b1ed14f4c8206e,browser-toolbox.connect.DAMP,damp,True,damp browser-toolbox.connect.DAMP opt e10s fission stylo webrender-sw,4767235,77,ms,firefox,448771593.0,1849958161,2024-02-26 17:01:25,1643.254612999997,17f2e1c7c446dc4853912cea42fa7bc2ef6d28dd,1382421,,,,,,,,,,,,,,,,,,,,,,,,,,,,,,,,,,,,,,,,,,,,,,,,,,,,,,,,,,,,,TN,TN
autoland,4768071,12,69b95d09da21c937720a8d3aaca237f47b683aa9,linux1804-64-shippable-qr,True,False,,,102210fe594ee9b33d82058545b1ed14f4c8206e,browser-toolbox.connect.DAMP,damp,True,damp browser-toolbox.connect.DAMP opt e10s fission stylo webrender-sw,4767235,77,ms,firefox,448772610.0,1849960838,2024-02-26 18:09:21,1957.3244819999964,23264bd08199c5229374c6499d13bca800b0a110,1382484,,,,,,,,,,,,,,,,,,,,,,,,,,,,,,,,,,,,,,,,,,,,,,,,,,,,,,,,,,,,,TN,TN
autoland,4768071,12,69b95d09da21c937720a8d3aaca237f47b683aa9,linux1804-64-shippable-qr,True,False,,,102210fe594ee9b33d82058545b1ed14f4c8206e,browser-toolbox.connect.DAMP,damp,True,damp browser-toolbox.connect.DAMP opt e10s fission stylo webrender-sw,4767235,77,ms,firefox,448770421.0,1849960673,2024-02-26 18:12:44,1969.8952860000136,dc972168fb4a3afcc30cee9a7d4ce3fb10e368eb,1382486,,,,,,,,,,,,,,,,,,,,,,,,,,,,,,,,,,,,,,,,,,,,,,,,,,,,,,,,,,,,,TN,TN
autoland,4768071,12,69b95d09da21c937720a8d3aaca237f47b683aa9,linux1804-64-shippable-qr,True,False,,,102210fe594ee9b33d82058545b1ed14f4c8206e,browser-toolbox.connect.DAMP,damp,True,damp browser-toolbox.connect.DAMP opt e10s fission stylo webrender-sw,4767235,77,ms,firefox,448772513.0,1849961441,2024-02-26 18:23:15,1966.1824730000155,76f0bd102fa82e4fd582efb9bc50ada4750499e7,1382494,,,,,,,,,,,,,,,,,,,,,,,,,,,,,,,,,,,,,,,,,,,,,,,,,,,,,,,,,,,,,TN,TN
autoland,4768071,12,69b95d09da21c937720a8d3aaca237f47b683aa9,linux1804-64-shippable-qr,True,False,,,102210fe594ee9b33d82058545b1ed14f4c8206e,browser-toolbox.connect.DAMP,damp,True,damp browser-toolbox.connect.DAMP opt e10s fission stylo webrender-sw,4767235,77,ms,firefox,448776029.0,1849962407,2024-02-26 18:24:00,1978.096829999995,0c9a79b871c8c688df69205da255c84774bd8521,1382495,,,,,,,,,,,,,,,,,,,,,,,,,,,,,,,,,,,,,,,,,,,,,,,,,,,,,,,,,,,,,TN,TN
autoland,4768071,12,69b95d09da21c937720a8d3aaca237f47b683aa9,linux1804-64-shippable-qr,True,False,,,102210fe594ee9b33d82058545b1ed14f4c8206e,browser-toolbox.connect.DAMP,damp,True,damp browser-toolbox.connect.DAMP opt e10s fission stylo webrender-sw,4767235,77,ms,firefox,448510494.0,1848881831,2024-02-26 18:24:43,2011.4484315000009,b26d4c8d5e44cc544e259f32a62382902af6f7ff,1382496,,,,,,,,,,,,,,,,,,,,,,,,,,,,,,,,,,,,,,,,,,,,,,,,,,,,,,,,,,,,,TN,TN
autoland,4768071,12,69b95d09da21c937720a8d3aaca237f47b683aa9,linux1804-64-shippable-qr,True,False,,,102210fe594ee9b33d82058545b1ed14f4c8206e,browser-toolbox.connect.DAMP,damp,True,damp browser-toolbox.connect.DAMP opt e10s fission stylo webrender-sw,4767235,77,ms,firefox,448543384.0,1848971533,2024-02-26 22:27:48,1954.6578030000087,2bd01d77bc4d2a1ad705bb1ecb8e793864a737ee,1382641,,,,,,,,,,,,,,,,,,,,,,,,,,,,,,,,,,,,,,,,,,,,,,,,,,,,,,,,,,,,,TN,TN
autoland,4768071,12,69b95d09da21c937720a8d3aaca237f47b683aa9,linux1804-64-shippable-qr,True,False,,,102210fe594ee9b33d82058545b1ed14f4c8206e,browser-toolbox.connect.DAMP,damp,True,damp browser-toolbox.connect.DAMP opt e10s fission stylo webrender-sw,4767235,77,ms,firefox,448545354.0,1849002359,2024-02-26 22:53:03,1971.13589049998,9fbcc8f23c0b7543b9146f0d90dd58ce36d32898,1382666,,,,,,,,,,,,,,,,,,,,,,,,,,,,,,,,,,,,,,,,,,,,,,,,,,,,,,,,,,,,,TN,TN
autoland,4768071,12,69b95d09da21c937720a8d3aaca237f47b683aa9,linux1804-64-shippable-qr,True,False,,,102210fe594ee9b33d82058545b1ed14f4c8206e,browser-toolbox.connect.DAMP,damp,True,damp browser-toolbox.connect.DAMP opt e10s fission stylo webrender-sw,4767235,77,ms,firefox,448569903.0,1849095312,2024-02-27 03:06:58,2006.200479999985,74094dc4022c8437eb87a7e25bf6433fb07a7fbb,1382765,,,,,,,,,,,,,,,,,,,,,,,,,,,,,,,,,,,,,,,,,,,,,,,,,,,,,,,,,,,,,TN,TN
autoland,4768071,12,69b95d09da21c937720a8d3aaca237f47b683aa9,linux1804-64-shippable-qr,True,False,,,102210fe594ee9b33d82058545b1ed14f4c8206e,browser-toolbox.connect.DAMP,damp,True,damp browser-toolbox.connect.DAMP opt e10s fission stylo webrender-sw,4767235,77,ms,firefox,448606902.0,1849330311,2024-02-27 10:31:28,1927.981087000022,f0fd4d27a58991220e91d1c086442a03b0a52117,1382887,,,,,,,,,,,,,,,,,,,,,,,,,,,,,,,,,,,,,,,,,,,,,,,,,,,,,,,,,,,,,TN,TN
autoland,4768071,12,69b95d09da21c937720a8d3aaca237f47b683aa9,linux1804-64-shippable-qr,True,False,,,102210fe594ee9b33d82058545b1ed14f4c8206e,browser-toolbox.connect.DAMP,damp,True,damp browser-toolbox.connect.DAMP opt e10s fission stylo webrender-sw,4767235,77,ms,firefox,448640191.0,1849405269,2024-02-27 13:59:53,1985.654168500041,32acc4e2db50b53733cfcf554a308ccc986925b5,1383025,,,,,,,,,,,,,,,,,,,,,,,,,,,,,,,,,,,,,,,,,,,,,,,,,,,,,,,,,,,,,TN,TN
autoland,4768071,12,69b95d09da21c937720a8d3aaca237f47b683aa9,linux1804-64-shippable-qr,True,False,,,102210fe594ee9b33d82058545b1ed14f4c8206e,browser-toolbox.connect.DAMP,damp,True,damp browser-toolbox.connect.DAMP opt e10s fission stylo webrender-sw,4767235,77,ms,firefox,448673493.0,1849539299,2024-02-27 19:00:03,2043.0637370000184,149f61eecb69d6cf570be79260785c5b4a42e516,1383277,,,,,,,,,,,,,,,,,,,,,,,,,,,,,,,,,,,,,,,,,,,,,,,,,,,,,,,,,,,,,TN,TN
autoland,4768071,12,69b95d09da21c937720a8d3aaca237f47b683aa9,linux1804-64-shippable-qr,True,False,,,102210fe594ee9b33d82058545b1ed14f4c8206e,browser-toolbox.connect.DAMP,damp,True,damp browser-toolbox.connect.DAMP opt e10s fission stylo webrender-sw,4767235,77,ms,firefox,448702599.0,1849635395,2024-02-27 23:02:29,1952.4518620000165,06645f775e47ea71f6dfa2daff5411ab31c5a629,1383416,,,,,,,,,,,,,,,,,,,,,,,,,,,,,,,,,,,,,,,,,,,,,,,,,,,,,,,,,,,,,TN,TN
autoland,4768071,12,69b95d09da21c937720a8d3aaca237f47b683aa9,linux1804-64-shippable-qr,True,False,,,102210fe594ee9b33d82058545b1ed14f4c8206e,browser-toolbox.connect.DAMP,damp,True,damp browser-toolbox.connect.DAMP opt e10s fission stylo webrender-sw,4767235,77,ms,firefox,448705135.0,1849663667,2024-02-27 23:18:10,1947.9623424999957,c2895c7db175458e315a65fd8d5e9385e60a76d3,1383436,,,,,,,,,,,,,,,,,,,,,,,,,,,,,,,,,,,,,,,,,,,,,,,,,,,,,,,,,,,,,TN,TN
autoland,4768071,12,69b95d09da21c937720a8d3aaca237f47b683aa9,linux1804-64-shippable-qr,True,False,,,102210fe594ee9b33d82058545b1ed14f4c8206e,browser-toolbox.connect.DAMP,damp,True,damp browser-toolbox.connect.DAMP opt e10s fission stylo webrender-sw,4767235,77,ms,firefox,448720388.0,1849725336,2024-02-28 03:31:31,2005.451025500006,41ceb034dc709c821d837a321d2c5fb944bd4231,1383545,,,,,,,,,,,,,,,,,,,,,,,,,,,,,,,,,,,,,,,,,,,,,,,,,,,,,,,,,,,,,TN,TN
autoland,4768071,12,69b95d09da21c937720a8d3aaca237f47b683aa9,linux1804-64-shippable-qr,True,False,,,102210fe594ee9b33d82058545b1ed14f4c8206e,browser-toolbox.connect.DAMP,damp,True,damp browser-toolbox.connect.DAMP opt e10s fission stylo webrender-sw,4767235,77,ms,firefox,448740230.0,1849809613,2024-02-28 07:34:11,1932.7958149999904,710f48d1638d076913089bfa3978b6a1efc1d842,1383600,,,,,,,,,,,,,,,,,,,,,,,,,,,,,,,,,,,,,,,,,,,,,,,,,,,,,,,,,,,,,TN,TN
autoland,4768071,12,69b95d09da21c937720a8d3aaca237f47b683aa9,linux1804-64-shippable-qr,True,False,,,102210fe594ee9b33d82058545b1ed14f4c8206e,browser-toolbox.connect.DAMP,damp,True,damp browser-toolbox.connect.DAMP opt e10s fission stylo webrender-sw,4767235,77,ms,firefox,448745085.0,1849838068,2024-02-28 08:18:18,1973.0866779999635,85f3a9a2a4155f207064d78c57f79611f7332287,1383612,,,,,,,,,,,,,,,,,,,,,,,,,,,,,,,,,,,,,,,,,,,,,,,,,,,,,,,,,,,,,TN,TN
autoland,4768071,12,69b95d09da21c937720a8d3aaca237f47b683aa9,linux1804-64-shippable-qr,True,False,,,102210fe594ee9b33d82058545b1ed14f4c8206e,browser-toolbox.connect.DAMP,damp,True,damp browser-toolbox.connect.DAMP opt e10s fission stylo webrender-sw,4767235,77,ms,firefox,448794216.0,1849991602,2024-02-28 12:53:19,2024.9471029999984,2356949f5c6d9a4f229d012051bac51b3eb83aec,1383715,,,,,,,,,,,,,,,,,,,,,,,,,,,,,,,,,,,,,,,,,,,,,,,,,,,,,,,,,,,,,TN,TN
autoland,4768071,12,69b95d09da21c937720a8d3aaca237f47b683aa9,linux1804-64-shippable-qr,True,False,,,102210fe594ee9b33d82058545b1ed14f4c8206e,browser-toolbox.connect.DAMP,damp,True,damp browser-toolbox.connect.DAMP opt e10s fission stylo webrender-sw,4767235,77,ms,firefox,448800905.0,1850022937,2024-02-28 14:06:22,1936.7399370000203,6583cb878dec05576053eaa9368a4eb5bbbbbedc,1383751,,,,,,,,,,,,,,,,,,,,,,,,,,,,,,,,,,,,,,,,,,,,,,,,,,,,,,,,,,,,,TN,TN
autoland,4768071,12,69b95d09da21c937720a8d3aaca237f47b683aa9,linux1804-64-shippable-qr,True,False,,,102210fe594ee9b33d82058545b1ed14f4c8206e,browser-toolbox.connect.DAMP,damp,True,damp browser-toolbox.connect.DAMP opt e10s fission stylo webrender-sw,4767235,77,ms,firefox,448823816.0,1850126966,2024-02-28 17:56:27,1930.120097999992,32ca524f7abf0664a2f0d882868c3e913297f446,1383890,,,,,,,,,,,,,,,,,,,,,,,,,,,,,,,,,,,,,,,,,,,,,,,,,,,,,,,,,,,,,TN,TN
autoland,4768071,12,69b95d09da21c937720a8d3aaca237f47b683aa9,linux1804-64-shippable-qr,True,False,,,102210fe594ee9b33d82058545b1ed14f4c8206e,browser-toolbox.connect.DAMP,damp,True,damp browser-toolbox.connect.DAMP opt e10s fission stylo webrender-sw,4767235,77,ms,firefox,448862129.0,1850274927,2024-02-28 20:42:42,1958.7359684999972,da466faa7aee60bdeeca32b0767a1f0b9b964272,1384009,,,,,,,,,,,,,,,,,,,,,,,,,,,,,,,,,,,,,,,,,,,,,,,,,,,,,,,,,,,,,TN,TN
autoland,4768071,12,69b95d09da21c937720a8d3aaca237f47b683aa9,linux1804-64-shippable-qr,True,False,,,102210fe594ee9b33d82058545b1ed14f4c8206e,browser-toolbox.connect.DAMP,damp,True,damp browser-toolbox.connect.DAMP opt e10s fission stylo webrender-sw,4767235,77,ms,firefox,448895950.0,1850347166,2024-02-29 00:51:41,1947.2718944999503,cbef4527f79aadfe5c4dd940effe9b01df8734b1,1384174,,,,,,,,,,,,,,,,,,,,,,,,,,,,,,,,,,,,,,,,,,,,,,,,,,,,,,,,,,,,,TN,TN
autoland,4768071,12,69b95d09da21c937720a8d3aaca237f47b683aa9,linux1804-64-shippable-qr,True,False,,,102210fe594ee9b33d82058545b1ed14f4c8206e,browser-toolbox.connect.DAMP,damp,True,damp browser-toolbox.connect.DAMP opt e10s fission stylo webrender-sw,4767235,77,ms,firefox,448900070.0,1850377709,2024-02-29 01:20:40,2016.6856540000008,f21a5f54b6ecffa5b49d4944c32c752ea622e3c6,1384182,,,,,,,,,,,,,,,,,,,,,,,,,,,,,,,,,,,,,,,,,,,,,,,,,,,,,,,,,,,,,TN,TN
autoland,4768071,12,69b95d09da21c937720a8d3aaca237f47b683aa9,linux1804-64-shippable-qr,True,False,,,102210fe594ee9b33d82058545b1ed14f4c8206e,browser-toolbox.connect.DAMP,damp,True,damp browser-toolbox.connect.DAMP opt e10s fission stylo webrender-sw,4767235,77,ms,firefox,448920997.0,1850487798,2024-02-29 06:49:17,1976.013376999996,bb7b045d24f7773df5e27742496f2c0bb95d780f,1384273,,,,,,,,,,,,,,,,,,,,,,,,,,,,,,,,,,,,,,,,,,,,,,,,,,,,,,,,,,,,,TN,TN
autoland,4768071,12,69b95d09da21c937720a8d3aaca237f47b683aa9,linux1804-64-shippable-qr,True,False,,,102210fe594ee9b33d82058545b1ed14f4c8206e,browser-toolbox.connect.DAMP,damp,True,damp browser-toolbox.connect.DAMP opt e10s fission stylo webrender-sw,4767235,77,ms,firefox,448944626.0,1850618198,2024-02-29 10:50:05,1965.8134445000032,fbb087d5e5b8af76523b084cba81dc1be84c7fb4,1384399,,,,,,,,,,,,,,,,,,,,,,,,,,,,,,,,,,,,,,,,,,,,,,,,,,,,,,,,,,,,,TN,TN
autoland,4768071,12,69b95d09da21c937720a8d3aaca237f47b683aa9,linux1804-64-shippable-qr,True,False,,,102210fe594ee9b33d82058545b1ed14f4c8206e,browser-toolbox.connect.DAMP,damp,True,damp browser-toolbox.connect.DAMP opt e10s fission stylo webrender-sw,4767235,77,ms,firefox,448958138.0,1850681708,2024-02-29 13:22:41,2039.380708999961,42781edfbf79030ca8e6f7c1584ebfc2bd31935c,1384414,,,,,,,,,,,,,,,,,,,,,,,,,,,,,,,,,,,,,,,,,,,,,,,,,,,,,,,,,,,,,TN,TN
autoland,4768071,12,69b95d09da21c937720a8d3aaca237f47b683aa9,linux1804-64-shippable-qr,True,False,,,102210fe594ee9b33d82058545b1ed14f4c8206e,browser-toolbox.connect.DAMP,damp,True,damp browser-toolbox.connect.DAMP opt e10s fission stylo webrender-sw,4767235,77,ms,firefox,448990556.0,1850830202,2024-02-29 17:24:54,1951.6859819999663,4b82553ad6abc0079d2d7a0642c099ca93d1d156,1384673,,,,,,,,,,,,,,,,,,,,,,,,,,,,,,,,,,,,,,,,,,,,,,,,,,,,,,,,,,,,,TN,TN
autoland,4768071,12,69b95d09da21c937720a8d3aaca237f47b683aa9,linux1804-64-shippable-qr,True,False,,,102210fe594ee9b33d82058545b1ed14f4c8206e,browser-toolbox.connect.DAMP,damp,True,damp browser-toolbox.connect.DAMP opt e10s fission stylo webrender-sw,4767235,77,ms,firefox,448994682.0,1850858759,2024-02-29 17:36:34,1970.3711610000173,636cf8095a0f42555363480bc387b9a5aad03efe,1384681,,,,,,,,,,,,,,,,,,,,,,,,,,,,,,,,,,,,,,,,,,,,,,,,,,,,,,,,,,,,,TN,TN
autoland,4768071,12,69b95d09da21c937720a8d3aaca237f47b683aa9,linux1804-64-shippable-qr,True,False,,,102210fe594ee9b33d82058545b1ed14f4c8206e,browser-toolbox.connect.DAMP,damp,True,damp browser-toolbox.connect.DAMP opt e10s fission stylo webrender-sw,4767235,77,ms,firefox,449023215.0,1850963299,2024-02-29 21:50:05,1962.415245000004,1a461feeeb4e7725855a242023e45625b9bddae4,1384804,,,,,,,,,,,,,,,,,,,,,,,,,,,,,,,,,,,,,,,,,,,,,,,,,,,,,,,,,,,,,TN,TN
autoland,4768071,12,69b95d09da21c937720a8d3aaca237f47b683aa9,linux1804-64-shippable-qr,True,False,,,102210fe594ee9b33d82058545b1ed14f4c8206e,browser-toolbox.connect.DAMP,damp,True,damp browser-toolbox.connect.DAMP opt e10s fission stylo webrender-sw,4767235,77,ms,firefox,449029156.0,1851007097,2024-02-29 21:57:41,1889.3322590000023,415f94176c1508d1acb91186346a42009b378ca7,1384812,,,,,,,,,,,,,,,,,,,,,,,,,,,,,,,,,,,,,,,,,,,,,,,,,,,,,,,,,,,,,TN,TN
autoland,4768071,12,69b95d09da21c937720a8d3aaca237f47b683aa9,linux1804-64-shippable-qr,True,False,,,102210fe594ee9b33d82058545b1ed14f4c8206e,browser-toolbox.connect.DAMP,damp,True,damp browser-toolbox.connect.DAMP opt e10s fission stylo webrender-sw,4767235,77,ms,firefox,449053350.0,1851094948,2024-03-01 02:06:20,1945.263421500007,3ed1cc3830b2bb116e2875dedadc6ea20235768a,1385033,,,,,,,,,,,,,,,,,,,,,,,,,,,,,,,,,,,,,,,,,,,,,,,,,,,,,,,,,,,,,TN,TN
autoland,4768071,12,69b95d09da21c937720a8d3aaca237f47b683aa9,linux1804-64-shippable-qr,True,False,,,102210fe594ee9b33d82058545b1ed14f4c8206e,browser-toolbox.connect.DAMP,damp,True,damp browser-toolbox.connect.DAMP opt e10s fission stylo webrender-sw,4767235,77,ms,firefox,449054110.0,1851117681,2024-03-01 02:09:48,1967.6158939999805,c726403b9a5aaed84563fd210952c3858369c756,1385038,,,,,,,,,,,,,,,,,,,,,,,,,,,,,,,,,,,,,,,,,,,,,,,,,,,,,,,,,,,,,TN,TN
autoland,4768071,12,69b95d09da21c937720a8d3aaca237f47b683aa9,linux1804-64-shippable-qr,True,False,,,102210fe594ee9b33d82058545b1ed14f4c8206e,browser-toolbox.connect.DAMP,damp,True,damp browser-toolbox.connect.DAMP opt e10s fission stylo webrender-sw,4767235,77,ms,firefox,449098961.0,1851315491,2024-03-01 11:09:10,1970.635911500009,b921bb1aee11c101ece321f78bcc56942889bac9,1385336,,,,,,,,,,,,,,,,,,,,,,,,,,,,,,,,,,,,,,,,,,,,,,,,,,,,,,,,,,,,,TN,TN
autoland,4768071,12,69b95d09da21c937720a8d3aaca237f47b683aa9,linux1804-64-shippable-qr,True,False,,,102210fe594ee9b33d82058545b1ed14f4c8206e,browser-toolbox.connect.DAMP,damp,True,damp browser-toolbox.connect.DAMP opt e10s fission stylo webrender-sw,4767235,77,ms,firefox,449139233.0,1851402037,2024-03-01 15:15:21,1976.836462499996,ab2f491c1f6a1907e3cd7de371a27940c1b7ae66,1385464,,,,,,,,,,,,,,,,,,,,,,,,,,,,,,,,,,,,,,,,,,,,,,,,,,,,,,,,,,,,,TN,TN
autoland,4768071,12,69b95d09da21c937720a8d3aaca237f47b683aa9,linux1804-64-shippable-qr,True,False,,,102210fe594ee9b33d82058545b1ed14f4c8206e,browser-toolbox.connect.DAMP,damp,True,damp browser-toolbox.connect.DAMP opt e10s fission stylo webrender-sw,4767235,77,ms,firefox,449138271.0,1851390747,2024-03-01 15:18:33,1994.881192000008,179ceb82c9e5e6619e0a43e7c9a8682bff1f55ac,1385469,,,,,,,,,,,,,,,,,,,,,,,,,,,,,,,,,,,,,,,,,,,,,,,,,,,,,,,,,,,,,TN,TN
autoland,4768071,12,69b95d09da21c937720a8d3aaca237f47b683aa9,linux1804-64-shippable-qr,True,False,,,102210fe594ee9b33d82058545b1ed14f4c8206e,browser-toolbox.connect.DAMP,damp,True,damp browser-toolbox.connect.DAMP opt e10s fission stylo webrender-sw,4767235,77,ms,firefox,449543193.0,1852979072,2024-03-01 17:18:03,2020.282099500022,23fd63a675dd7e731a133a0bee24e7e4677aea86,1385555,,,,,,,,,,,,,,,,,,,,,,,,,,,,,,,,,,,,,,,,,,,,,,,,,,,,,,,,,,,,,TN,TN
autoland,4768071,12,69b95d09da21c937720a8d3aaca237f47b683aa9,linux1804-64-shippable-qr,True,False,,,102210fe594ee9b33d82058545b1ed14f4c8206e,browser-toolbox.connect.DAMP,damp,True,damp browser-toolbox.connect.DAMP opt e10s fission stylo webrender-sw,4767235,77,ms,firefox,449543210.0,1852979754,2024-03-01 17:44:52,1988.31131249998,9b59ab05597cb522afa9b0f57dc36c1282c77838,1385577,,,,,,,,,,,,,,,,,,,,,,,,,,,,,,,,,,,,,,,,,,,,,,,,,,,,,,,,,,,,,TN,TN
autoland,4768071,12,69b95d09da21c937720a8d3aaca237f47b683aa9,linux1804-64-shippable-qr,True,False,,,102210fe594ee9b33d82058545b1ed14f4c8206e,browser-toolbox.connect.DAMP,damp,True,damp browser-toolbox.connect.DAMP opt e10s fission stylo webrender-sw,4767235,77,ms,firefox,449543355.0,1852985322,2024-03-01 18:36:55,1954.0786695000131,af32c3581b958ea86afab3e8d3b020fef3c794ec,1385613,,,,,,,,,,,,,,,,,,,,,,,,,,,,,,,,,,,,,,,,,,,,,,,,,,,,,,,,,,,,,TN,TN
autoland,4768071,12,69b95d09da21c937720a8d3aaca237f47b683aa9,linux1804-64-shippable-qr,True,False,,,102210fe594ee9b33d82058545b1ed14f4c8206e,browser-toolbox.connect.DAMP,damp,True,damp browser-toolbox.connect.DAMP opt e10s fission stylo webrender-sw,4767235,77,ms,firefox,449543219.0,1852981272,2024-03-01 18:42:53,1991.3013050000009,35811c7c71e532ef17270c82ec178c71feb9ffd5,1385616,,,,,,,,,,,,,,,,,,,,,,,,,,,,,,,,,,,,,,,,,,,,,,,,,,,,,,,,,,,,,TN,TN
autoland,4768071,12,69b95d09da21c937720a8d3aaca237f47b683aa9,linux1804-64-shippable-qr,True,False,,,102210fe594ee9b33d82058545b1ed14f4c8206e,browser-toolbox.connect.DAMP,damp,True,damp browser-toolbox.connect.DAMP opt e10s fission stylo webrender-sw,4767235,77,ms,firefox,449543190.0,1852979182,2024-03-01 18:44:13,1967.8235795000144,74d97829e17b2d9b9fe6cf124a4072b67fe2629f,1385617,,,,,,,,,,,,,,,,,,,,,,,,,,,,,,,,,,,,,,,,,,,,,,,,,,,,,,,,,,,,,TN,TN
autoland,4768071,12,69b95d09da21c937720a8d3aaca237f47b683aa9,linux1804-64-shippable-qr,True,False,,,102210fe594ee9b33d82058545b1ed14f4c8206e,browser-toolbox.connect.DAMP,damp,True,damp browser-toolbox.connect.DAMP opt e10s fission stylo webrender-sw,4767235,77,ms,firefox,449543197.0,1852978827,2024-03-01 18:45:06,1921.939278999984,0818d1492a09e24d5d673247a092baadb8b533d0,1385618,,,,,,,,,,,,,,,,,,,,,,,,,,,,,,,,,,,,,,,,,,,,,,,,,,,,,,,,,,,,,TN,TN
autoland,4768071,12,69b95d09da21c937720a8d3aaca237f47b683aa9,linux1804-64-shippable-qr,True,False,,,102210fe594ee9b33d82058545b1ed14f4c8206e,browser-toolbox.connect.DAMP,damp,True,damp browser-toolbox.connect.DAMP opt e10s fission stylo webrender-sw,4767235,77,ms,firefox,449543185.0,1852978160,2024-03-01 19:04:44,2023.560202500012,611f25122ffc722e0eaa11c03fe4ee5687f266b1,1385638,,,,,,,,,,,,,,,,,,,,,,,,,,,,,,,,,,,,,,,,,,,,,,,,,,,,,,,,,,,,,TN,TN
autoland,4768071,12,69b95d09da21c937720a8d3aaca237f47b683aa9,linux1804-64-shippable-qr,True,False,,,102210fe594ee9b33d82058545b1ed14f4c8206e,browser-toolbox.connect.DAMP,damp,True,damp browser-toolbox.connect.DAMP opt e10s fission stylo webrender-sw,4767235,77,ms,firefox,449542618.0,1852973946,2024-03-01 19:16:08,1956.989845000004,5175a277e3b6f7eba17c5a4147ca859a3c874d24,1385651,,,,,,,,,,,,,,,,,,,,,,,,,,,,,,,,,,,,,,,,,,,,,,,,,,,,,,,,,,,,,TN,TN
autoland,4768071,12,69b95d09da21c937720a8d3aaca237f47b683aa9,linux1804-64-shippable-qr,True,False,,,102210fe594ee9b33d82058545b1ed14f4c8206e,browser-toolbox.connect.DAMP,damp,True,damp browser-toolbox.connect.DAMP opt e10s fission stylo webrender-sw,4767235,77,ms,firefox,449160174.0,1851515607,2024-03-01 19:33:22,1952.0262420000215,c12ee5058abff427e2fd65f86c453b2c0ef5c315,1385653,,,,,,,,,,,,,,,,,,,,,,,,,,,,,,,,,,,,,,,,,,,,,,,,,,,,,,,,,,,,,TN,TN
autoland,4768071,12,69b95d09da21c937720a8d3aaca237f47b683aa9,linux1804-64-shippable-qr,True,False,,,102210fe594ee9b33d82058545b1ed14f4c8206e,browser-toolbox.connect.DAMP,damp,True,damp browser-toolbox.connect.DAMP opt e10s fission stylo webrender-sw,4767235,77,ms,firefox,449543173.0,1852978025,2024-03-01 21:28:13,2021.54523600002,4b5cfec923933fd07387c3657ff14662d1ebe518,1385675,,,,,,,,,,,,,,,,,,,,,,,,,,,,,,,,,,,,,,,,,,,,,,,,,,,,,,,,,,,,,TN,TN
autoland,4768071,12,69b95d09da21c937720a8d3aaca237f47b683aa9,linux1804-64-shippable-qr,True,False,,,102210fe594ee9b33d82058545b1ed14f4c8206e,browser-toolbox.connect.DAMP,damp,True,damp browser-toolbox.connect.DAMP opt e10s fission stylo webrender-sw,4767235,77,ms,firefox,449543194.0,1852978567,2024-03-01 21:29:39,1981.423738499987,d260879745fc8e3d9375030625e5bf32f2783048,1385676,,,,,,,,,,,,,,,,,,,,,,,,,,,,,,,,,,,,,,,,,,,,,,,,,,,,,,,,,,,,,TN,TN
autoland,4768071,12,69b95d09da21c937720a8d3aaca237f47b683aa9,linux1804-64-shippable-qr,True,False,,,102210fe594ee9b33d82058545b1ed14f4c8206e,browser-toolbox.connect.DAMP,damp,True,damp browser-toolbox.connect.DAMP opt e10s fission stylo webrender-sw,4767235,77,ms,firefox,449543226.0,1852981882,2024-03-01 21:30:52,2028.7312784999667,773fb9c84f609b326f1fc2486ed21ed3ea03a1cb,1385677,,,,,,,,,,,,,,,,,,,,,,,,,,,,,,,,,,,,,,,,,,,,,,,,,,,,,,,,,,,,,TN,TN
autoland,4768071,12,69b95d09da21c937720a8d3aaca237f47b683aa9,linux1804-64-shippable-qr,True,False,,,102210fe594ee9b33d82058545b1ed14f4c8206e,browser-toolbox.connect.DAMP,damp,True,damp browser-toolbox.connect.DAMP opt e10s fission stylo webrender-sw,4767235,77,ms,firefox,449543196.0,1852979357,2024-03-01 23:02:41,1968.332181500009,73af30b099fcf9eb7049251e60bcd3de1ac30a44,1385810,,,,,,,,,,,,,,,,,,,,,,,,,,,,,,,,,,,,,,,,,,,,,,,,,,,,,,,,,,,,,TN,TN
autoland,4768071,12,69b95d09da21c937720a8d3aaca237f47b683aa9,linux1804-64-shippable-qr,True,False,,,102210fe594ee9b33d82058545b1ed14f4c8206e,browser-toolbox.connect.DAMP,damp,True,damp browser-toolbox.connect.DAMP opt e10s fission stylo webrender-sw,4767235,77,ms,firefox,449543200.0,1852980000,2024-03-01 23:04:14,1974.3108265000049,40b9a6e1b770caec95fc4d96f36be83b4709a903,1385811,,,,,,,,,,,,,,,,,,,,,,,,,,,,,,,,,,,,,,,,,,,,,,,,,,,,,,,,,,,,,TN,TN
autoland,4768071,12,69b95d09da21c937720a8d3aaca237f47b683aa9,linux1804-64-shippable-qr,True,False,,,102210fe594ee9b33d82058545b1ed14f4c8206e,browser-toolbox.connect.DAMP,damp,True,damp browser-toolbox.connect.DAMP opt e10s fission stylo webrender-sw,4767235,77,ms,firefox,449543240.0,1852982501,2024-03-01 23:05:19,1982.9353765000124,11990d860474abbf2986aed1721358e72c63a767,1385812,,,,,,,,,,,,,,,,,,,,,,,,,,,,,,,,,,,,,,,,,,,,,,,,,,,,,,,,,,,,,TN,TN
autoland,4768071,12,69b95d09da21c937720a8d3aaca237f47b683aa9,linux1804-64-shippable-qr,True,False,,,102210fe594ee9b33d82058545b1ed14f4c8206e,browser-toolbox.connect.DAMP,damp,True,damp browser-toolbox.connect.DAMP opt e10s fission stylo webrender-sw,4767235,77,ms,firefox,449550380.0,1853024360,2024-03-02 07:03:34,1961.586840500022,57b1cf063758bc5b9a1fabfbb8523baf7b81c0bc,1385834,,,,,,,,,,,,,,,,,,,,,,,,,,,,,,,,,,,,,,,,,,,,,,,,,,,,,,,,,,,,,TN,TN
autoland,4768071,12,69b95d09da21c937720a8d3aaca237f47b683aa9,linux1804-64-shippable-qr,True,False,,,102210fe594ee9b33d82058545b1ed14f4c8206e,browser-toolbox.connect.DAMP,damp,True,damp browser-toolbox.connect.DAMP opt e10s fission stylo webrender-sw,4767235,77,ms,firefox,449543229.0,1852981208,2024-03-02 08:41:54,1955.756124999985,80bda3db45673c341c9ac3dd9a8104cefc544609,1385887,,,,,,,,,,,,,,,,,,,,,,,,,,,,,,,,,,,,,,,,,,,,,,,,,,,,,,,,,,,,,TN,TN
autoland,4768071,12,69b95d09da21c937720a8d3aaca237f47b683aa9,linux1804-64-shippable-qr,True,False,,,102210fe594ee9b33d82058545b1ed14f4c8206e,browser-toolbox.connect.DAMP,damp,True,damp browser-toolbox.connect.DAMP opt e10s fission stylo webrender-sw,4767235,77,ms,firefox,449197003.0,1851656500,2024-03-02 08:44:09,1956.9910204999903,ac7b674e512d88788161e657fbc3371b8d955c65,1385889,,,,,,,,,,,,,,,,,,,,,,,,,,,,,,,,,,,,,,,,,,,,,,,,,,,,,,,,,,,,,TN,TN
autoland,4768071,12,69b95d09da21c937720a8d3aaca237f47b683aa9,linux1804-64-shippable-qr,True,False,,,102210fe594ee9b33d82058545b1ed14f4c8206e,browser-toolbox.connect.DAMP,damp,True,damp browser-toolbox.connect.DAMP opt e10s fission stylo webrender-sw,4767235,77,ms,firefox,449543201.0,1852979670,2024-03-02 12:36:52,1946.8149529999791,99d8110cbb268056c508a5606922be3073bc7c04,1385914,,,,,,,,,,,,,,,,,,,,,,,,,,,,,,,,,,,,,,,,,,,,,,,,,,,,,,,,,,,,,TN,TN
autoland,4768071,12,69b95d09da21c937720a8d3aaca237f47b683aa9,linux1804-64-shippable-qr,True,False,,,102210fe594ee9b33d82058545b1ed14f4c8206e,browser-toolbox.connect.DAMP,damp,True,damp browser-toolbox.connect.DAMP opt e10s fission stylo webrender-sw,4767235,77,ms,firefox,449538951.0,1852931491,2024-03-02 12:37:45,1969.5338260000356,5b0f82178f636ffde1d06fdf400f547fb3deb06c,1385915,,,,,,,,,,,,,,,,,,,,,,,,,,,,,,,,,,,,,,,,,,,,,,,,,,,,,,,,,,,,,TN,TN
autoland,4768071,12,69b95d09da21c937720a8d3aaca237f47b683aa9,linux1804-64-shippable-qr,True,False,,,102210fe594ee9b33d82058545b1ed14f4c8206e,browser-toolbox.connect.DAMP,damp,True,damp browser-toolbox.connect.DAMP opt e10s fission stylo webrender-sw,4767235,77,ms,firefox,449543084.0,1852974854,2024-03-02 12:38:47,1991.4816204999809,93d553b980312c4d2f98f9d70cfd35c4481c505e,1385916,,,,,,,,,,,,,,,,,,,,,,,,,,,,,,,,,,,,,,,,,,,,,,,,,,,,,,,,,,,,,TN,TN
autoland,4768071,12,69b95d09da21c937720a8d3aaca237f47b683aa9,linux1804-64-shippable-qr,True,False,,,102210fe594ee9b33d82058545b1ed14f4c8206e,browser-toolbox.connect.DAMP,damp,True,damp browser-toolbox.connect.DAMP opt e10s fission stylo webrender-sw,4767235,77,ms,firefox,449543218.0,1852980780,2024-03-02 12:39:36,1975.6582790000248,3ba857f97852f04b6ee86859ff8cf4e13c0e1c1e,1385917,,,,,,,,,,,,,,,,,,,,,,,,,,,,,,,,,,,,,,,,,,,,,,,,,,,,,,,,,,,,,TN,TN
autoland,4768071,12,69b95d09da21c937720a8d3aaca237f47b683aa9,linux1804-64-shippable-qr,True,False,,,102210fe594ee9b33d82058545b1ed14f4c8206e,browser-toolbox.connect.DAMP,damp,True,damp browser-toolbox.connect.DAMP opt e10s fission stylo webrender-sw,4767235,77,ms,firefox,449543230.0,1852982213,2024-03-02 12:39:36,1955.2439985000087,3ba857f97852f04b6ee86859ff8cf4e13c0e1c1e,1385917,,,,,,,,,,,,,,,,,,,,,,,,,,,,,,,,,,,,,,,,,,,,,,,,,,,,,,,,,,,,,TN,TN
autoland,4768071,12,69b95d09da21c937720a8d3aaca237f47b683aa9,linux1804-64-shippable-qr,True,False,,,102210fe594ee9b33d82058545b1ed14f4c8206e,browser-toolbox.connect.DAMP,damp,True,damp browser-toolbox.connect.DAMP opt e10s fission stylo webrender-sw,4767235,77,ms,firefox,449543164.0,1852977137,2024-03-02 12:40:29,1984.059245500015,91ca88e0715eef3dd4602ff67faa0b4e0abae2a2,1385918,,,,,,,,,,,,,,,,,,,,,,,,,,,,,,,,,,,,,,,,,,,,,,,,,,,,,,,,,,,,,TN,TN
autoland,4768071,12,69b95d09da21c937720a8d3aaca237f47b683aa9,linux1804-64-shippable-qr,True,False,,,102210fe594ee9b33d82058545b1ed14f4c8206e,browser-toolbox.connect.DAMP,damp,True,damp browser-toolbox.connect.DAMP opt e10s fission stylo webrender-sw,4767235,77,ms,firefox,449543192.0,1852979006,2024-03-02 12:40:29,1980.452529499977,91ca88e0715eef3dd4602ff67faa0b4e0abae2a2,1385918,,,,,,,,,,,,,,,,,,,,,,,,,,,,,,,,,,,,,,,,,,,,,,,,,,,,,,,,,,,,,TN,TN
autoland,4768071,12,69b95d09da21c937720a8d3aaca237f47b683aa9,linux1804-64-shippable-qr,True,False,,,102210fe594ee9b33d82058545b1ed14f4c8206e,browser-toolbox.connect.DAMP,damp,True,damp browser-toolbox.connect.DAMP opt e10s fission stylo webrender-sw,4767235,77,ms,firefox,449543198.0,1852979238,2024-03-02 13:20:36,1957.619171999977,f6b183ab45e1777b6dc64d700e4ce80a0d95df5b,1385926,,,,,,,,,,,,,,,,,,,,,,,,,,,,,,,,,,,,,,,,,,,,,,,,,,,,,,,,,,,,,TN,TN
autoland,4768071,12,69b95d09da21c937720a8d3aaca237f47b683aa9,linux1804-64-shippable-qr,True,False,,,102210fe594ee9b33d82058545b1ed14f4c8206e,browser-toolbox.connect.DAMP,damp,True,damp browser-toolbox.connect.DAMP opt e10s fission stylo webrender-sw,4767235,77,ms,firefox,449538905.0,1852931571,2024-03-02 15:29:34,1949.963101500005,c204f4699549c6fc330599f4f442d5b05f1f8f98,1385936,,,,,,,,,,,,,,,,,,,,,,,,,,,,,,,,,,,,,,,,,,,,,,,,,,,,,,,,,,,,,TN,TN
autoland,4768071,12,69b95d09da21c937720a8d3aaca237f47b683aa9,linux1804-64-shippable-qr,True,False,,,102210fe594ee9b33d82058545b1ed14f4c8206e,browser-toolbox.connect.DAMP,damp,True,damp browser-toolbox.connect.DAMP opt e10s fission stylo webrender-sw,4767235,77,ms,firefox,449248120.0,1851896981,2024-03-02 18:47:19,2028.2561625000235,a2ddc20095d176734a72080712b366c74a36c934,1385949,,,,,,,,,,,,,,,,,,,,,,,,,,,,,,,,,,,,,,,,,,,,,,,,,,,,,,,,,,,,,TN,TN
autoland,4768071,12,69b95d09da21c937720a8d3aaca237f47b683aa9,linux1804-64-shippable-qr,True,False,,,102210fe594ee9b33d82058545b1ed14f4c8206e,browser-toolbox.connect.DAMP,damp,True,damp browser-toolbox.connect.DAMP opt e10s fission stylo webrender-sw,4767235,77,ms,firefox,449543186.0,1852978771,2024-03-02 19:01:27,1998.6125969999705,76ce7a1655b44923acd6af1a547004bcbcd47071,1385950,,,,,,,,,,,,,,,,,,,,,,,,,,,,,,,,,,,,,,,,,,,,,,,,,,,,,,,,,,,,,TN,TN
autoland,4768071,12,69b95d09da21c937720a8d3aaca237f47b683aa9,linux1804-64-shippable-qr,True,False,,,102210fe594ee9b33d82058545b1ed14f4c8206e,browser-toolbox.connect.DAMP,damp,True,damp browser-toolbox.connect.DAMP opt e10s fission stylo webrender-sw,4767235,77,ms,firefox,449251967.0,1851918958,2024-03-02 19:45:31,1973.3073595000023,8042d9f9b7b6eb6e6a6fbefba554c035ef6bbda1,1385954,,,,,,,,,,,,,,,,,,,,,,,,,,,,,,,,,,,,,,,,,,,,,,,,,,,,,,,,,,,,,TN,TN
autoland,4768071,12,69b95d09da21c937720a8d3aaca237f47b683aa9,linux1804-64-shippable-qr,True,False,,,102210fe594ee9b33d82058545b1ed14f4c8206e,browser-toolbox.connect.DAMP,damp,True,damp browser-toolbox.connect.DAMP opt e10s fission stylo webrender-sw,4767235,77,ms,firefox,449277051.0,1851991915,2024-03-03 01:04:11,2009.9016220000049,c5ddc3b211e53221a5b12ce6c8a5a523bba3641f,1385990,,,,,,,,,,,,,,,,,,,,,,,,,,,,,,,,,,,,,,,,,,,,,,,,,,,,,,,,,,,,,TN,TN
autoland,4768071,12,69b95d09da21c937720a8d3aaca237f47b683aa9,linux1804-64-shippable-qr,True,False,,,102210fe594ee9b33d82058545b1ed14f4c8206e,browser-toolbox.connect.DAMP,damp,True,damp browser-toolbox.connect.DAMP opt e10s fission stylo webrender-sw,4767235,77,ms,firefox,449314197.0,1852129678,2024-03-03 12:29:51,2000.129670000024,62056fe89aac9d2f369746854f0e3a55ad7153d0,1386069,,,,,,,,,,,,,,,,,,,,,,,,,,,,,,,,,,,,,,,,,,,,,,,,,,,,,,,,,,,,,TN,TN
autoland,4768071,12,69b95d09da21c937720a8d3aaca237f47b683aa9,linux1804-64-shippable-qr,True,False,,,102210fe594ee9b33d82058545b1ed14f4c8206e,browser-toolbox.connect.DAMP,damp,True,damp browser-toolbox.connect.DAMP opt e10s fission stylo webrender-sw,4767235,77,ms,firefox,449342827.0,1852228842,2024-03-04 01:21:19,2003.4938850000035,499cae53f42dfc8f376fd97d0a83c1f8e85e274c,1386148,,,,,,,,,,,,,,,,,,,,,,,,,,,,,,,,,,,,,,,,,,,,,,,,,,,,,,,,,,,,,TN,TN
autoland,4768071,12,69b95d09da21c937720a8d3aaca237f47b683aa9,linux1804-64-shippable-qr,True,False,,,102210fe594ee9b33d82058545b1ed14f4c8206e,browser-toolbox.connect.DAMP,damp,True,damp browser-toolbox.connect.DAMP opt e10s fission stylo webrender-sw,4767235,77,ms,firefox,449354402.0,1852285684,2024-03-04 06:32:50,1956.862816999972,79823348e9cf740dbe5ae11eb654b1a85ea0ecbc,1386182,,,,,,,,,,,,,,,,,,,,,,,,,,,,,,,,,,,,,,,,,,,,,,,,,,,,,,,,,,,,,TN,TN
autoland,4768071,12,69b95d09da21c937720a8d3aaca237f47b683aa9,linux1804-64-shippable-qr,True,False,,,102210fe594ee9b33d82058545b1ed14f4c8206e,browser-toolbox.connect.DAMP,damp,True,damp browser-toolbox.connect.DAMP opt e10s fission stylo webrender-sw,4767235,77,ms,firefox,449369105.0,1852374965,2024-03-04 08:48:22,1957.533663499984,54c13c0498731427f23aff4c7e87900a715761b0,1386226,,,,,,,,,,,,,,,,,,,,,,,,,,,,,,,,,,,,,,,,,,,,,,,,,,,,,,,,,,,,,TN,TN
autoland,4768071,12,69b95d09da21c937720a8d3aaca237f47b683aa9,linux1804-64-shippable-qr,True,False,,,102210fe594ee9b33d82058545b1ed14f4c8206e,browser-toolbox.connect.DAMP,damp,True,damp browser-toolbox.connect.DAMP opt e10s fission stylo webrender-sw,4767235,77,ms,firefox,449418464.0,1852494233,2024-03-04 12:51:58,1998.210068500019,938c019ec0d1f3f1c0932e575d8f9e9f4c387320,1386363,,,,,,,,,,,,,,,,,,,,,,,,,,,,,,,,,,,,,,,,,,,,,,,,,,,,,,,,,,,,,TN,TN
autoland,4768071,12,69b95d09da21c937720a8d3aaca237f47b683aa9,linux1804-64-shippable-qr,True,False,,,102210fe594ee9b33d82058545b1ed14f4c8206e,browser-toolbox.connect.DAMP,damp,True,damp browser-toolbox.connect.DAMP opt e10s fission stylo webrender-sw,4767235,77,ms,firefox,449433057.0,1852541744,2024-03-04 14:27:11,1959.617304999978,c90923a84670e17105b275c5be4a3c2842cb248e,1386418,,,,,,,,,,,,,,,,,,,,,,,,,,,,,,,,,,,,,,,,,,,,,,,,,,,,,,,,,,,,,TN,TN
autoland,4768071,12,69b95d09da21c937720a8d3aaca237f47b683aa9,linux1804-64-shippable-qr,True,False,,,102210fe594ee9b33d82058545b1ed14f4c8206e,browser-toolbox.connect.DAMP,damp,True,damp browser-toolbox.connect.DAMP opt e10s fission stylo webrender-sw,4767235,77,ms,firefox,449452233.0,1852616779,2024-03-04 16:31:41,1991.5963224999723,6c8dfd2a5bcafec953d7303c1fc35ec76d05f6ac,1386528,,,,,,,,,,,,,,,,,,,,,,,,,,,,,,,,,,,,,,,,,,,,,,,,,,,,,,,,,,,,,TN,TN
autoland,4768071,12,69b95d09da21c937720a8d3aaca237f47b683aa9,linux1804-64-shippable-qr,True,False,,,102210fe594ee9b33d82058545b1ed14f4c8206e,browser-toolbox.connect.DAMP,damp,True,damp browser-toolbox.connect.DAMP opt e10s fission stylo webrender-sw,4767235,77,ms,firefox,449490821.0,1852775245,2024-03-04 20:31:42,1919.8017410000173,430bda8b01b3b00b083a0034de19b12b032caf6b,1386698,,,,,,,,,,,,,,,,,,,,,,,,,,,,,,,,,,,,,,,,,,,,,,,,,,,,,,,,,,,,,TN,TN
autoland,4768071,12,69b95d09da21c937720a8d3aaca237f47b683aa9,linux1804-64-shippable-qr,True,False,,,102210fe594ee9b33d82058545b1ed14f4c8206e,browser-toolbox.connect.DAMP,damp,True,damp browser-toolbox.connect.DAMP opt e10s fission stylo webrender-sw,4767235,77,ms,firefox,449495754.0,1852801770,2024-03-04 21:16:05,1950.5641760000144,5b706eb2187070200b3eecb6d99a95e750c3266e,1386717,,,,,,,,,,,,,,,,,,,,,,,,,,,,,,,,,,,,,,,,,,,,,,,,,,,,,,,,,,,,,TN,TN
autoland,4768071,12,69b95d09da21c937720a8d3aaca237f47b683aa9,linux1804-64-shippable-qr,True,False,,,102210fe594ee9b33d82058545b1ed14f4c8206e,browser-toolbox.connect.DAMP,damp,True,damp browser-toolbox.connect.DAMP opt e10s fission stylo webrender-sw,4767235,77,ms,firefox,449535647.0,1852918522,2024-03-05 01:28:34,1979.081604000021,2b54764bcf2909b800951938d1f6fd47752c91b6,1386871,,,,,,,,,,,,,,,,,,,,,,,,,,,,,,,,,,,,,,,,,,,,,,,,,,,,,,,,,,,,,TN,TN
autoland,4768071,12,69b95d09da21c937720a8d3aaca237f47b683aa9,linux1804-64-shippable-qr,True,False,,,102210fe594ee9b33d82058545b1ed14f4c8206e,browser-toolbox.connect.DAMP,damp,True,damp browser-toolbox.connect.DAMP opt e10s fission stylo webrender-sw,4767235,77,ms,firefox,449549642.0,1853015171,2024-03-05 05:25:14,1983.194410499993,61bb37d1ba16985ef9e5cd99cd02912849f743a3,1386945,,,,,,,,,,,,,,,,,,,,,,,,,,,,,,,,,,,,,,,,,,,,,,,,,,,,,,,,,,,,,TN,TN
autoland,4768071,12,69b95d09da21c937720a8d3aaca237f47b683aa9,linux1804-64-shippable-qr,True,False,,,102210fe594ee9b33d82058545b1ed14f4c8206e,browser-toolbox.connect.DAMP,damp,True,damp browser-toolbox.connect.DAMP opt e10s fission stylo webrender-sw,4767235,77,ms,firefox,449575887.0,1853098400,2024-03-05 09:36:09,1945.7532250000004,20859a1f25eb48ec31fdd24c0552b9fa83c5dcf2,1387072,,,,,,,,,,,,,,,,,,,,,,,,,,,,,,,,,,,,,,,,,,,,,,,,,,,,,,,,,,,,,TN,TN
autoland,4768071,12,69b95d09da21c937720a8d3aaca237f47b683aa9,linux1804-64-shippable-qr,True,False,,,102210fe594ee9b33d82058545b1ed14f4c8206e,browser-toolbox.connect.DAMP,damp,True,damp browser-toolbox.connect.DAMP opt e10s fission stylo webrender-sw,4767235,77,ms,firefox,449602358.0,1853179502,2024-03-05 11:43:18,1968.989705999993,300643546ea85a42a1f88a11595ebbb0b7157128,1387157,,,,,,,,,,,,,,,,,,,,,,,,,,,,,,,,,,,,,,,,,,,,,,,,,,,,,,,,,,,,,TN,TN
autoland,4768071,12,69b95d09da21c937720a8d3aaca237f47b683aa9,linux1804-64-shippable-qr,True,False,,,102210fe594ee9b33d82058545b1ed14f4c8206e,browser-toolbox.connect.DAMP,damp,True,damp browser-toolbox.connect.DAMP opt e10s fission stylo webrender-sw,4767235,77,ms,firefox,449629510.0,1853261277,2024-03-05 15:52:09,2026.6379620000223,adf17fc47c84c0fa237aecff550ba42344a5c629,1387348,,,,,,,,,,,,,,,,,,,,,,,,,,,,,,,,,,,,,,,,,,,,,,,,,,,,,,,,,,,,,TN,TN
autoland,4768071,12,69b95d09da21c937720a8d3aaca237f47b683aa9,linux1804-64-shippable-qr,True,False,,,102210fe594ee9b33d82058545b1ed14f4c8206e,browser-toolbox.connect.DAMP,damp,True,damp browser-toolbox.connect.DAMP opt e10s fission stylo webrender-sw,4767235,77,ms,firefox,449664925.0,1853366920,2024-03-05 19:23:59,1951.0841229999933,c13ff57ddd8d6b9f971a631b45c6da97b3c14fb9,1387560,,,,,,,,,,,,,,,,,,,,,,,,,,,,,,,,,,,,,,,,,,,,,,,,,,,,,,,,,,,,,TN,TN
autoland,4768071,12,69b95d09da21c937720a8d3aaca237f47b683aa9,linux1804-64-shippable-qr,True,False,,,102210fe594ee9b33d82058545b1ed14f4c8206e,browser-toolbox.connect.DAMP,damp,True,damp browser-toolbox.connect.DAMP opt e10s fission stylo webrender-sw,4767235,77,ms,firefox,449684569.0,1853434635,2024-03-05 22:16:54,1977.8110009999943,099f52f30c39008328dfbc02ff824310e082a8da,1387647,,,,,,,,,,,,,,,,,,,,,,,,,,,,,,,,,,,,,,,,,,,,,,,,,,,,,,,,,,,,,TN,TN
autoland,4768071,12,69b95d09da21c937720a8d3aaca237f47b683aa9,linux1804-64-shippable-qr,True,False,,,102210fe594ee9b33d82058545b1ed14f4c8206e,browser-toolbox.connect.DAMP,damp,True,damp browser-toolbox.connect.DAMP opt e10s fission stylo webrender-sw,4767235,77,ms,firefox,449713005.0,1853542997,2024-03-06 02:53:23,1964.3080745000043,488c772c72746cdfbf99e927acee696c4d6a5aef,1387831,,,,,,,,,,,,,,,,,,,,,,,,,,,,,,,,,,,,,,,,,,,,,,,,,,,,,,,,,,,,,TN,TN
autoland,4768071,12,69b95d09da21c937720a8d3aaca237f47b683aa9,linux1804-64-shippable-qr,True,False,,,102210fe594ee9b33d82058545b1ed14f4c8206e,browser-toolbox.connect.DAMP,damp,True,damp browser-toolbox.connect.DAMP opt e10s fission stylo webrender-sw,4767235,77,ms,firefox,449794354.0,1853845049,2024-03-06 14:00:28,1861.5447874999957,143c3925806ed35200c2a71e650e7e74f58520a7,1388157,,,,,,,,,,,,,,,,,,,,,,,,,,,,,,,,,,,,,,,,,,,,,,,,,,,,,,,,,,,,,TN,TN
autoland,4768071,12,69b95d09da21c937720a8d3aaca237f47b683aa9,linux1804-64-shippable-qr,True,False,,,102210fe594ee9b33d82058545b1ed14f4c8206e,browser-toolbox.connect.DAMP,damp,True,damp browser-toolbox.connect.DAMP opt e10s fission stylo webrender-sw,4767235,77,ms,firefox,449828437.0,1853955264,2024-03-06 18:03:03,1926.5160540000213,03e6d6ff8bde56b645cfbc34dee452ff375ff3ca,1388329,,,,,,,,,,,,,,,,,,,,,,,,,,,,,,,,,,,,,,,,,,,,,,,,,,,,,,,,,,,,,TN,TN
autoland,4768071,12,69b95d09da21c937720a8d3aaca237f47b683aa9,linux1804-64-shippable-qr,True,False,,,102210fe594ee9b33d82058545b1ed14f4c8206e,browser-toolbox.connect.DAMP,damp,True,damp browser-toolbox.connect.DAMP opt e10s fission stylo webrender-sw,4767235,77,ms,firefox,449829661.0,1853994360,2024-03-06 18:05:41,1907.0795934999624,f408182c4687f0490084c35cc766e637d0bdfd0f,1388333,,,,,,,,,,,,,,,,,,,,,,,,,,,,,,,,,,,,,,,,,,,,,,,,,,,,,,,,,,,,,TN,TN
autoland,4768071,12,69b95d09da21c937720a8d3aaca237f47b683aa9,linux1804-64-shippable-qr,True,False,,,102210fe594ee9b33d82058545b1ed14f4c8206e,browser-toolbox.connect.DAMP,damp,True,damp browser-toolbox.connect.DAMP opt e10s fission stylo webrender-sw,4767235,77,ms,firefox,449849480.0,1854068459,2024-03-06 20:32:27,1892.9237300000384,cbcc69d30489c534df28a444097bd87fcf8d8352,1388530,,,,,,,,,,,,,,,,,,,,,,,,,,,,,,,,,,,,,,,,,,,,,,,,,,,,,,,,,,,,,TN,TN
autoland,4768071,12,69b95d09da21c937720a8d3aaca237f47b683aa9,linux1804-64-shippable-qr,True,False,,,102210fe594ee9b33d82058545b1ed14f4c8206e,browser-toolbox.connect.DAMP,damp,True,damp browser-toolbox.connect.DAMP opt e10s fission stylo webrender-sw,4767235,77,ms,firefox,449875204.0,1854165853,2024-03-06 22:58:04,1949.2259239999985,98eadcb9210580189dd1cb9eb2cad1362b0c2835,1388664,,,,,,,,,,,,,,,,,,,,,,,,,,,,,,,,,,,,,,,,,,,,,,,,,,,,,,,,,,,,,TN,TN
autoland,4768071,12,69b95d09da21c937720a8d3aaca237f47b683aa9,linux1804-64-shippable-qr,True,False,,,102210fe594ee9b33d82058545b1ed14f4c8206e,browser-toolbox.connect.DAMP,damp,True,damp browser-toolbox.connect.DAMP opt e10s fission stylo webrender-sw,4767235,77,ms,firefox,449893535.0,1854268328,2024-03-07 03:21:51,1862.6618409999935,62ed755b7c5e2b357e66b4f19a5419c685e87a47,1388820,,,,,,,,,,,,,,,,,,,,,,,,,,,,,,,,,,,,,,,,,,,,,,,,,,,,,,,,,,,,,TN,TN
autoland,4768071,12,69b95d09da21c937720a8d3aaca237f47b683aa9,linux1804-64-shippable-qr,True,False,,,102210fe594ee9b33d82058545b1ed14f4c8206e,browser-toolbox.connect.DAMP,damp,True,damp browser-toolbox.connect.DAMP opt e10s fission stylo webrender-sw,4767235,77,ms,firefox,449901356.0,1854350871,2024-03-07 06:37:03,1935.8977510000116,d48a42b340b69771d9dc99ddf1303d3f88ae9165,1388849,,,,,,,,,,,,,,,,,,,,,,,,,,,,,,,,,,,,,,,,,,,,,,,,,,,,,,,,,,,,,TN,TN
autoland,4768071,12,69b95d09da21c937720a8d3aaca237f47b683aa9,linux1804-64-shippable-qr,True,False,,,102210fe594ee9b33d82058545b1ed14f4c8206e,browser-toolbox.connect.DAMP,damp,True,damp browser-toolbox.connect.DAMP opt e10s fission stylo webrender-sw,4767235,77,ms,firefox,449922729.0,1854451214,2024-03-07 10:49:51,1948.1377360000115,cfe658475285f9b5c867bcbd191d2e1332df885e,1388876,,,,,,,,,,,,,,,,,,,,,,,,,,,,,,,,,,,,,,,,,,,,,,,,,,,,,,,,,,,,,TN,TN
autoland,4768071,12,69b95d09da21c937720a8d3aaca237f47b683aa9,linux1804-64-shippable-qr,True,False,,,102210fe594ee9b33d82058545b1ed14f4c8206e,browser-toolbox.connect.DAMP,damp,True,damp browser-toolbox.connect.DAMP opt e10s fission stylo webrender-sw,4767235,77,ms,firefox,449936016.0,1854497327,2024-03-07 13:27:03,1867.4384300000163,0027da61966ddaf727a4c543b4541d0e175cb354,1388885,,,,,,,,,,,,,,,,,,,,,,,,,,,,,,,,,,,,,,,,,,,,,,,,,,,,,,,,,,,,,TN,TN
autoland,4768071,12,69b95d09da21c937720a8d3aaca237f47b683aa9,linux1804-64-shippable-qr,True,False,,,102210fe594ee9b33d82058545b1ed14f4c8206e,browser-toolbox.connect.DAMP,damp,True,damp browser-toolbox.connect.DAMP opt e10s fission stylo webrender-sw,4767235,77,ms,firefox,449988714.0,1854754251,2024-03-07 20:11:01,1855.9964834999848,c9b3f598aa024ffbe096094ee8845222b7483c50,1389147,,,,,,,,,,,,,,,,,,,,,,,,,,,,,,,,,,,,,,,,,,,,,,,,,,,,,,,,,,,,,TN,TN
autoland,4768071,12,69b95d09da21c937720a8d3aaca237f47b683aa9,linux1804-64-shippable-qr,True,False,,,102210fe594ee9b33d82058545b1ed14f4c8206e,browser-toolbox.connect.DAMP,damp,True,damp browser-toolbox.connect.DAMP opt e10s fission stylo webrender-sw,4767235,77,ms,firefox,450011080.0,1854808202,2024-03-08 00:14:27,1894.543112499974,f9c5e71ad2de0632a1d833b02eb16cd13e4eabc1,1389377,,,,,,,,,,,,,,,,,,,,,,,,,,,,,,,,,,,,,,,,,,,,,,,,,,,,,,,,,,,,,TN,TN
autoland,4768071,12,69b95d09da21c937720a8d3aaca237f47b683aa9,linux1804-64-shippable-qr,True,False,,,102210fe594ee9b33d82058545b1ed14f4c8206e,browser-toolbox.connect.DAMP,damp,True,damp browser-toolbox.connect.DAMP opt e10s fission stylo webrender-sw,4767235,77,ms,firefox,450021134.0,1854880860,2024-03-08 01:03:56,1942.9078480000023,ac5529a784bdd0522e58c4bcdb3293674601ac52,1389404,,,,,,,,,,,,,,,,,,,,,,,,,,,,,,,,,,,,,,,,,,,,,,,,,,,,,,,,,,,,,TN,TN
autoland,4768071,12,69b95d09da21c937720a8d3aaca237f47b683aa9,linux1804-64-shippable-qr,True,False,,,102210fe594ee9b33d82058545b1ed14f4c8206e,browser-toolbox.connect.DAMP,damp,True,damp browser-toolbox.connect.DAMP opt e10s fission stylo webrender-sw,4767235,77,ms,firefox,450052498.0,1855062162,2024-03-08 09:44:20,1918.0288490000091,fe38c21e5d5ba7ab071d13411995b46f31d7862c,1389593,,,,,,,,,,,,,,,,,,,,,,,,,,,,,,,,,,,,,,,,,,,,,,,,,,,,,,,,,,,,,TN,TN
autoland,4768071,12,69b95d09da21c937720a8d3aaca237f47b683aa9,linux1804-64-shippable-qr,True,False,,,102210fe594ee9b33d82058545b1ed14f4c8206e,browser-toolbox.connect.DAMP,damp,True,damp browser-toolbox.connect.DAMP opt e10s fission stylo webrender-sw,4767235,77,ms,firefox,450077006.0,1855129314,2024-03-08 13:47:55,1921.11388049995,e38d79679348570701c9c0b244b0d905b241b83b,1389613,,,,,,,,,,,,,,,,,,,,,,,,,,,,,,,,,,,,,,,,,,,,,,,,,,,,,,,,,,,,,TN,TN
autoland,4768071,12,69b95d09da21c937720a8d3aaca237f47b683aa9,linux1804-64-shippable-qr,True,False,,,102210fe594ee9b33d82058545b1ed14f4c8206e,browser-toolbox.connect.DAMP,damp,True,damp browser-toolbox.connect.DAMP opt e10s fission stylo webrender-sw,4767235,77,ms,firefox,450093963.0,1855188330,2024-03-08 15:54:44,1902.858398500044,c306d54c8963e4dda4426d48bf41774947f5138d,1389685,,,,,,,,,,,,,,,,,,,,,,,,,,,,,,,,,,,,,,,,,,,,,,,,,,,,,,,,,,,,,TN,TN
autoland,4768071,12,69b95d09da21c937720a8d3aaca237f47b683aa9,linux1804-64-shippable-qr,True,False,,,102210fe594ee9b33d82058545b1ed14f4c8206e,browser-toolbox.connect.DAMP,damp,True,damp browser-toolbox.connect.DAMP opt e10s fission stylo webrender-sw,4767235,77,ms,firefox,450146080.0,1855436947,2024-03-09 00:01:41,1973.5905685000037,e40628b4cd80f3469e6fb5836c1e513e3e058225,1390115,,,,,,,,,,,,,,,,,,,,,,,,,,,,,,,,,,,,,,,,,,,,,,,,,,,,,,,,,,,,,TN,TN
autoland,4768071,12,69b95d09da21c937720a8d3aaca237f47b683aa9,linux1804-64-shippable-qr,True,False,,,102210fe594ee9b33d82058545b1ed14f4c8206e,browser-toolbox.connect.DAMP,damp,True,damp browser-toolbox.connect.DAMP opt e10s fission stylo webrender-sw,4767235,77,ms,firefox,450146484.0,1855449612,2024-03-09 00:02:45,1939.2883034999832,4d67ec80ce46b924295e599b81d0db0071664eca,1390116,,,,,,,,,,,,,,,,,,,,,,,,,,,,,,,,,,,,,,,,,,,,,,,,,,,,,,,,,,,,,TN,TN
autoland,4768071,12,69b95d09da21c937720a8d3aaca237f47b683aa9,linux1804-64-shippable-qr,True,False,,,102210fe594ee9b33d82058545b1ed14f4c8206e,browser-toolbox.connect.DAMP,damp,True,damp browser-toolbox.connect.DAMP opt e10s fission stylo webrender-sw,4767235,77,ms,firefox,450146857.0,1855459122,2024-03-09 00:03:40,1964.57227400002,fb2eeb44f22026d0a1c7b18f8cb0786169300c1b,1390117,,,,,,,,,,,,,,,,,,,,,,,,,,,,,,,,,,,,,,,,,,,,,,,,,,,,,,,,,,,,,TN,TN
autoland,4768071,12,69b95d09da21c937720a8d3aaca237f47b683aa9,linux1804-64-shippable-qr,True,False,,,102210fe594ee9b33d82058545b1ed14f4c8206e,browser-toolbox.connect.DAMP,damp,True,damp browser-toolbox.connect.DAMP opt e10s fission stylo webrender-sw,4767235,77,ms,firefox,450165319.0,1855518699,2024-03-09 05:38:15,1982.202796499987,efb6c465b7de5cb34b029bb51e5b445952bdd9b2,1390162,,,,,,,,,,,,,,,,,,,,,,,,,,,,,,,,,,,,,,,,,,,,,,,,,,,,,,,,,,,,,TN,TN
autoland,4768071,12,69b95d09da21c937720a8d3aaca237f47b683aa9,linux1804-64-shippable-qr,True,False,,,102210fe594ee9b33d82058545b1ed14f4c8206e,browser-toolbox.connect.DAMP,damp,True,damp browser-toolbox.connect.DAMP opt e10s fission stylo webrender-sw,4767235,77,ms,firefox,450190400.0,1855596519,2024-03-09 10:41:02,2014.022535000011,1d530888568c2a44fc30d9b6567ab6195f238cb2,1390188,,,,,,,,,,,,,,,,,,,,,,,,,,,,,,,,,,,,,,,,,,,,,,,,,,,,,,,,,,,,,TN,TN
autoland,4768071,12,69b95d09da21c937720a8d3aaca237f47b683aa9,linux1804-64-shippable-qr,True,False,,,102210fe594ee9b33d82058545b1ed14f4c8206e,browser-toolbox.connect.DAMP,damp,True,damp browser-toolbox.connect.DAMP opt e10s fission stylo webrender-sw,4767235,77,ms,firefox,450205811.0,1855646195,2024-03-09 15:33:05,1931.7608110000149,10af6b2ff03bd7512d53f3ed02f7e83dba7c57ba,1390221,,,,,,,,,,,,,,,,,,,,,,,,,,,,,,,,,,,,,,,,,,,,,,,,,,,,,,,,,,,,,TN,TN
autoland,4768071,12,69b95d09da21c937720a8d3aaca237f47b683aa9,linux1804-64-shippable-qr,True,False,,,102210fe594ee9b33d82058545b1ed14f4c8206e,browser-toolbox.connect.DAMP,damp,True,damp browser-toolbox.connect.DAMP opt e10s fission stylo webrender-sw,4767235,77,ms,firefox,450217183.0,1855681350,2024-03-09 20:59:44,1983.3300104999653,9768cd53e66eef4a715150196cfa1138f7edf7ba,1390244,,,,,,,,,,,,,,,,,,,,,,,,,,,,,,,,,,,,,,,,,,,,,,,,,,,,,,,,,,,,,TN,TN
autoland,4768071,12,69b95d09da21c937720a8d3aaca237f47b683aa9,linux1804-64-shippable-qr,True,False,,,102210fe594ee9b33d82058545b1ed14f4c8206e,browser-toolbox.connect.DAMP,damp,True,damp browser-toolbox.connect.DAMP opt e10s fission stylo webrender-sw,4767235,77,ms,firefox,450254222.0,1855808058,2024-03-10 13:59:13,2031.461693500052,f8edec6de8b50f0f6809208600e5c8ab87dd12d4,1390283,,,,,,,,,,,,,,,,,,,,,,,,,,,,,,,,,,,,,,,,,,,,,,,,,,,,,,,,,,,,,TN,TN
autoland,4768071,12,69b95d09da21c937720a8d3aaca237f47b683aa9,linux1804-64-shippable-qr,True,False,,,102210fe594ee9b33d82058545b1ed14f4c8206e,browser-toolbox.connect.DAMP,damp,True,damp browser-toolbox.connect.DAMP opt e10s fission stylo webrender-sw,4767235,77,ms,firefox,450259517.0,1855832836,2024-03-10 18:05:45,1960.769645500004,059c20bed3da7a717ee144e4c2339499009d7c44,1390298,,,,,,,,,,,,,,,,,,,,,,,,,,,,,,,,,,,,,,,,,,,,,,,,,,,,,,,,,,,,,TN,TN
autoland,4768071,12,69b95d09da21c937720a8d3aaca237f47b683aa9,linux1804-64-shippable-qr,True,False,,,102210fe594ee9b33d82058545b1ed14f4c8206e,browser-toolbox.connect.DAMP,damp,True,damp browser-toolbox.connect.DAMP opt e10s fission stylo webrender-sw,4767235,77,ms,firefox,450280375.0,1855935630,2024-03-11 02:48:56,1964.643672999984,0f63ab5624960b1aa464bb2e3bd76c6cd196f186,1390365,,,,,,,,,,,,,,,,,,,,,,,,,,,,,,,,,,,,,,,,,,,,,,,,,,,,,,,,,,,,,TN,TN
autoland,4768071,12,69b95d09da21c937720a8d3aaca237f47b683aa9,linux1804-64-shippable-qr,True,False,,,102210fe594ee9b33d82058545b1ed14f4c8206e,browser-toolbox.connect.DAMP,damp,True,damp browser-toolbox.connect.DAMP opt e10s fission stylo webrender-sw,4767235,77,ms,firefox,450299040.0,1856017262,2024-03-11 09:18:44,1625.4261245000234,343e945a502ea35f40687ffca3eab7543522fe79,1390442,,,,,,,,,,,,,,,,,,,,,,,,,,,,,,,,,,,,,,,,,,,,,,,,,,,,,,,,,,,,,TN,TN
autoland,4768071,12,69b95d09da21c937720a8d3aaca237f47b683aa9,linux1804-64-shippable-qr,True,False,,,102210fe594ee9b33d82058545b1ed14f4c8206e,browser-toolbox.connect.DAMP,damp,True,damp browser-toolbox.connect.DAMP opt e10s fission stylo webrender-sw,4767235,77,ms,firefox,450332256.0,1856129806,2024-03-11 13:24:20,1967.712448999984,23b4081496822ae44a0f120f8429c0c57a864325,1390505,,,,,,,,,,,,,,,,,,,,,,,,,,,,,,,,,,,,,,,,,,,,,,,,,,,,,,,,,,,,,TN,TN
autoland,4768071,12,69b95d09da21c937720a8d3aaca237f47b683aa9,linux1804-64-shippable-qr,True,False,,,102210fe594ee9b33d82058545b1ed14f4c8206e,browser-toolbox.connect.DAMP,damp,True,damp browser-toolbox.connect.DAMP opt e10s fission stylo webrender-sw,4767235,77,ms,firefox,450339450.0,1856164295,2024-03-11 14:23:46,1969.4702185000351,ec25d27f83b73ab4fbd93c737d29b732042c2139,1390552,,,,,,,,,,,,,,,,,,,,,,,,,,,,,,,,,,,,,,,,,,,,,,,,,,,,,,,,,,,,,TN,TN
autoland,4768071,12,69b95d09da21c937720a8d3aaca237f47b683aa9,linux1804-64-shippable-qr,True,False,,,102210fe594ee9b33d82058545b1ed14f4c8206e,browser-toolbox.connect.DAMP,damp,True,damp browser-toolbox.connect.DAMP opt e10s fission stylo webrender-sw,4767235,77,ms,firefox,450370528.0,1856286587,2024-03-11 18:03:14,1964.2354515000045,b5f646ecf7f3ca586020974d36c3f4c4fca4a3a3,1390747,,,,,,,,,,,,,,,,,,,,,,,,,,,,,,,,,,,,,,,,,,,,,,,,,,,,,,,,,,,,,TN,TN
autoland,4768071,12,69b95d09da21c937720a8d3aaca237f47b683aa9,linux1804-64-shippable-qr,True,False,,,102210fe594ee9b33d82058545b1ed14f4c8206e,browser-toolbox.connect.DAMP,damp,True,damp browser-toolbox.connect.DAMP opt e10s fission stylo webrender-sw,4767235,77,ms,firefox,450391560.0,1856327108,2024-03-11 19:41:42,1985.6468024999997,4984afdb79c55a76ef741d1667378c296f74240f,1390851,,,,,,,,,,,,,,,,,,,,,,,,,,,,,,,,,,,,,,,,,,,,,,,,,,,,,,,,,,,,,TN,TN
autoland,4768071,12,69b95d09da21c937720a8d3aaca237f47b683aa9,linux1804-64-shippable-qr,True,False,,,102210fe594ee9b33d82058545b1ed14f4c8206e,browser-toolbox.connect.DAMP,damp,True,damp browser-toolbox.connect.DAMP opt e10s fission stylo webrender-sw,4767235,77,ms,firefox,450425333.0,1856455551,2024-03-12 03:06:47,1976.4301174999928,5dbe89396d7f52d57c4a21457fcf95d4e1ae24c3,1391174,,,,,,,,,,,,,,,,,,,,,,,,,,,,,,,,,,,,,,,,,,,,,,,,,,,,,,,,,,,,,TN,TN
autoland,4768071,12,69b95d09da21c937720a8d3aaca237f47b683aa9,linux1804-64-shippable-qr,True,False,,,102210fe594ee9b33d82058545b1ed14f4c8206e,browser-toolbox.connect.DAMP,damp,True,damp browser-toolbox.connect.DAMP opt e10s fission stylo webrender-sw,4767235,77,ms,firefox,450433355.0,1856549493,2024-03-12 07:06:36,1949.958581499988,45bdb06ed9f6ae6b675b169c0b4dbd488363098d,1391218,,,,,,,,,,,,,,,,,,,,,,,,,,,,,,,,,,,,,,,,,,,,,,,,,,,,,,,,,,,,,TN,TN
autoland,4768071,12,69b95d09da21c937720a8d3aaca237f47b683aa9,linux1804-64-shippable-qr,True,False,,,102210fe594ee9b33d82058545b1ed14f4c8206e,browser-toolbox.connect.DAMP,damp,True,damp browser-toolbox.connect.DAMP opt e10s fission stylo webrender-sw,4767235,77,ms,firefox,450458537.0,1856618904,2024-03-12 11:26:19,1944.331336999996,8c1e5f6bca5a8f2ab2297cff5c736e61d3a3bd27,1391230,,,,,,,,,,,,,,,,,,,,,,,,,,,,,,,,,,,,,,,,,,,,,,,,,,,,,,,,,,,,,TN,TN
autoland,4768071,12,69b95d09da21c937720a8d3aaca237f47b683aa9,linux1804-64-shippable-qr,True,False,,,102210fe594ee9b33d82058545b1ed14f4c8206e,browser-toolbox.connect.DAMP,damp,True,damp browser-toolbox.connect.DAMP opt e10s fission stylo webrender-sw,4767235,77,ms,firefox,450496062.0,1856720002,2024-03-12 14:58:20,1965.686403499989,c93ce7649d8d7d874130caed9005d92be916b10e,1391396,,,,,,,,,,,,,,,,,,,,,,,,,,,,,,,,,,,,,,,,,,,,,,,,,,,,,,,,,,,,,TN,TN
autoland,4768071,12,69b95d09da21c937720a8d3aaca237f47b683aa9,linux1804-64-shippable-qr,True,False,,,102210fe594ee9b33d82058545b1ed14f4c8206e,browser-toolbox.connect.DAMP,damp,True,damp browser-toolbox.connect.DAMP opt e10s fission stylo webrender-sw,4767235,77,ms,firefox,450515066.0,1856817985,2024-03-12 19:37:06,1979.088011000029,d91b0606279d7c22a0119cdc8061cdeffe233787,1391673,,,,,,,,,,,,,,,,,,,,,,,,,,,,,,,,,,,,,,,,,,,,,,,,,,,,,,,,,,,,,TN,TN
autoland,4768071,12,69b95d09da21c937720a8d3aaca237f47b683aa9,linux1804-64-shippable-qr,True,False,,,102210fe594ee9b33d82058545b1ed14f4c8206e,browser-toolbox.connect.DAMP,damp,True,damp browser-toolbox.connect.DAMP opt e10s fission stylo webrender-sw,4767235,77,ms,firefox,450551742.0,1856934944,2024-03-12 23:13:34,1988.914724000002,bb96cef2989d78eaa9d2485bb379b29449a815b2,1391824,,,,,,,,,,,,,,,,,,,,,,,,,,,,,,,,,,,,,,,,,,,,,,,,,,,,,,,,,,,,,TN,TN
autoland,4768071,12,69b95d09da21c937720a8d3aaca237f47b683aa9,linux1804-64-shippable-qr,True,False,,,102210fe594ee9b33d82058545b1ed14f4c8206e,browser-toolbox.connect.DAMP,damp,True,damp browser-toolbox.connect.DAMP opt e10s fission stylo webrender-sw,4767235,77,ms,firefox,450582680.0,1857074115,2024-03-13 07:01:16,1969.3247475000096,2dfb9f01e06f190da79fb195ea51dac2be58dde7,1392060,,,,,,,,,,,,,,,,,,,,,,,,,,,,,,,,,,,,,,,,,,,,,,,,,,,,,,,,,,,,,TN,TN
autoland,4768071,12,69b95d09da21c937720a8d3aaca237f47b683aa9,linux1804-64-shippable-qr,True,False,,,102210fe594ee9b33d82058545b1ed14f4c8206e,browser-toolbox.connect.DAMP,damp,True,damp browser-toolbox.connect.DAMP opt e10s fission stylo webrender-sw,4767235,77,ms,firefox,450613004.0,1857229298,2024-03-13 11:15:45,1947.0142760000017,ae0da9180abdc1990832791041b323e05082f6f8,1392165,,,,,,,,,,,,,,,,,,,,,,,,,,,,,,,,,,,,,,,,,,,,,,,,,,,,,,,,,,,,,TN,TN
autoland,4768071,12,69b95d09da21c937720a8d3aaca237f47b683aa9,linux1804-64-shippable-qr,True,False,,,102210fe594ee9b33d82058545b1ed14f4c8206e,browser-toolbox.connect.DAMP,damp,True,damp browser-toolbox.connect.DAMP opt e10s fission stylo webrender-sw,4767235,77,ms,firefox,450641993.0,1857343976,2024-03-13 15:23:46,1641.0617795000144,49e9b26b528b94a9db43d4b65112add1268f64fc,1392302,,,,,,,,,,,,,,,,,,,,,,,,,,,,,,,,,,,,,,,,,,,,,,,,,,,,,,,,,,,,,TN,TN
autoland,4768071,12,69b95d09da21c937720a8d3aaca237f47b683aa9,linux1804-64-shippable-qr,True,False,,,102210fe594ee9b33d82058545b1ed14f4c8206e,browser-toolbox.connect.DAMP,damp,True,damp browser-toolbox.connect.DAMP opt e10s fission stylo webrender-sw,4767235,77,ms,firefox,450646113.0,1857375026,2024-03-13 15:33:19,1960.8417020000124,35c5c892ca1e96f731d20bc6edd310a5d4e13bad,1392307,,,,,,,,,,,,,,,,,,,,,,,,,,,,,,,,,,,,,,,,,,,,,,,,,,,,,,,,,,,,,TN,TN
autoland,4768071,12,69b95d09da21c937720a8d3aaca237f47b683aa9,linux1804-64-shippable-qr,True,False,,,102210fe594ee9b33d82058545b1ed14f4c8206e,browser-toolbox.connect.DAMP,damp,True,damp browser-toolbox.connect.DAMP opt e10s fission stylo webrender-sw,4767235,77,ms,firefox,450658403.0,1857447011,2024-03-13 18:41:03,1963.8973364999983,ebcab57cf7cd8a64a561c831dc4d1bf6694f82b8,1392487,,,,,,,,,,,,,,,,,,,,,,,,,,,,,,,,,,,,,,,,,,,,,,,,,,,,,,,,,,,,,TN,TN
autoland,4768071,12,69b95d09da21c937720a8d3aaca237f47b683aa9,linux1804-64-shippable-qr,True,False,,,102210fe594ee9b33d82058545b1ed14f4c8206e,browser-toolbox.connect.DAMP,damp,True,damp browser-toolbox.connect.DAMP opt e10s fission stylo webrender-sw,4767235,77,ms,firefox,450677718.0,1857556116,2024-03-13 21:49:05,1932.36638400003,1f3b4df016ac965dd3a2c97cb547c495364fdeef,1392594,,,,,,,,,,,,,,,,,,,,,,,,,,,,,,,,,,,,,,,,,,,,,,,,,,,,,,,,,,,,,TN,TN
autoland,4768071,12,69b95d09da21c937720a8d3aaca237f47b683aa9,linux1804-64-shippable-qr,True,False,,,102210fe594ee9b33d82058545b1ed14f4c8206e,browser-toolbox.connect.DAMP,damp,True,damp browser-toolbox.connect.DAMP opt e10s fission stylo webrender-sw,4767235,77,ms,firefox,450710441.0,1857667126,2024-03-14 04:20:25,1949.142567999996,2333872b0f5028fa1f0e9236440fe58df07a0235,1392734,,,,,,,,,,,,,,,,,,,,,,,,,,,,,,,,,,,,,,,,,,,,,,,,,,,,,,,,,,,,,TN,TN
autoland,4768071,12,69b95d09da21c937720a8d3aaca237f47b683aa9,linux1804-64-shippable-qr,True,False,,,102210fe594ee9b33d82058545b1ed14f4c8206e,browser-toolbox.connect.DAMP,damp,True,damp browser-toolbox.connect.DAMP opt e10s fission stylo webrender-sw,4767235,77,ms,firefox,450724063.0,1857729027,2024-03-14 06:52:21,2036.3721155000092,0c82ff77321a85c36f1c5b27c99d25bad8603028,1392758,,,,,,,,,,,,,,,,,,,,,,,,,,,,,,,,,,,,,,,,,,,,,,,,,,,,,,,,,,,,,TN,TN
autoland,4768071,12,69b95d09da21c937720a8d3aaca237f47b683aa9,linux1804-64-shippable-qr,True,False,,,102210fe594ee9b33d82058545b1ed14f4c8206e,browser-toolbox.connect.DAMP,damp,True,damp browser-toolbox.connect.DAMP opt e10s fission stylo webrender-sw,4767235,77,ms,firefox,450761386.0,1857853216,2024-03-14 10:59:46,1960.1103720000172,1f30bd08be619a6ea06444a2a6e36123f7baad65,1392883,,,,,,,,,,,,,,,,,,,,,,,,,,,,,,,,,,,,,,,,,,,,,,,,,,,,,,,,,,,,,TN,TN
autoland,4768071,12,69b95d09da21c937720a8d3aaca237f47b683aa9,linux1804-64-shippable-qr,True,False,,,102210fe594ee9b33d82058545b1ed14f4c8206e,browser-toolbox.connect.DAMP,damp,True,damp browser-toolbox.connect.DAMP opt e10s fission stylo webrender-sw,4767235,77,ms,firefox,450804502.0,1858018753,2024-03-14 17:45:33,1951.7465595000103,e0d1a1dbfd5c36a2527b566ff831a989ca5ae5f5,1393195,,,,,,,,,,,,,,,,,,,,,,,,,,,,,,,,,,,,,,,,,,,,,,,,,,,,,,,,,,,,,TN,TN
autoland,4768071,12,69b95d09da21c937720a8d3aaca237f47b683aa9,linux1804-64-shippable-qr,True,False,,,102210fe594ee9b33d82058545b1ed14f4c8206e,browser-toolbox.connect.DAMP,damp,True,damp browser-toolbox.connect.DAMP opt e10s fission stylo webrender-sw,4767235,77,ms,firefox,450826897.0,1858097248,2024-03-14 21:51:03,1936.7359189999845,278273f1c1fdca23ad419f0bd277a616aa240d1e,1393332,,,,,,,,,,,,,,,,,,,,,,,,,,,,,,,,,,,,,,,,,,,,,,,,,,,,,,,,,,,,,TN,TN
autoland,4768071,12,69b95d09da21c937720a8d3aaca237f47b683aa9,linux1804-64-shippable-qr,True,False,,,102210fe594ee9b33d82058545b1ed14f4c8206e,browser-toolbox.connect.DAMP,damp,True,damp browser-toolbox.connect.DAMP opt e10s fission stylo webrender-sw,4767235,77,ms,firefox,450846319.0,1858169381,2024-03-15 00:00:33,1951.511553999997,e18af9ec05f36a6f63a2e3889d5bc27f11be4267,1393414,,,,,,,,,,,,,,,,,,,,,,,,,,,,,,,,,,,,,,,,,,,,,,,,,,,,,,,,,,,,,TN,TN
autoland,4768071,12,69b95d09da21c937720a8d3aaca237f47b683aa9,linux1804-64-shippable-qr,True,False,,,102210fe594ee9b33d82058545b1ed14f4c8206e,browser-toolbox.connect.DAMP,damp,True,damp browser-toolbox.connect.DAMP opt e10s fission stylo webrender-sw,4767235,77,ms,firefox,450867651.0,1858382918,2024-03-15 06:02:39,1941.071092500002,0eb2b661743e4b5d2ed6cf61116bc5ade9da405b,1393511,,,,,,,,,,,,,,,,,,,,,,,,,,,,,,,,,,,,,,,,,,,,,,,,,,,,,,,,,,,,,TN,TN
autoland,4768071,12,69b95d09da21c937720a8d3aaca237f47b683aa9,linux1804-64-shippable-qr,True,False,,,102210fe594ee9b33d82058545b1ed14f4c8206e,browser-toolbox.connect.DAMP,damp,True,damp browser-toolbox.connect.DAMP opt e10s fission stylo webrender-sw,4767235,77,ms,firefox,450882220.0,1858482845,2024-03-15 09:39:32,1997.9568874999825,02d8b0bd788352c236ca20d0163498e5ee3faa07,1393552,,,,,,,,,,,,,,,,,,,,,,,,,,,,,,,,,,,,,,,,,,,,,,,,,,,,,,,,,,,,,TN,TN
autoland,4768071,12,69b95d09da21c937720a8d3aaca237f47b683aa9,linux1804-64-shippable-qr,True,False,,,102210fe594ee9b33d82058545b1ed14f4c8206e,browser-toolbox.connect.DAMP,damp,True,damp browser-toolbox.connect.DAMP opt e10s fission stylo webrender-sw,4767235,77,ms,firefox,450908705.0,1858564575,2024-03-15 14:14:34,1938.7847580000089,4b69d32113781e4489234ce2c9cf8f5b5dcbce5a,1393636,,,,,,,,,,,,,,,,,,,,,,,,,,,,,,,,,,,,,,,,,,,,,,,,,,,,,,,,,,,,,TN,TN
autoland,4768071,12,69b95d09da21c937720a8d3aaca237f47b683aa9,linux1804-64-shippable-qr,True,False,,,102210fe594ee9b33d82058545b1ed14f4c8206e,browser-toolbox.connect.DAMP,damp,True,damp browser-toolbox.connect.DAMP opt e10s fission stylo webrender-sw,4767235,77,ms,firefox,450926562.0,1858628615,2024-03-15 16:14:11,1965.7541349999883,eff5ebeb21a902d6ed24f356b4a4b41e89ff1172,1393715,,,,,,,,,,,,,,,,,,,,,,,,,,,,,,,,,,,,,,,,,,,,,,,,,,,,,,,,,,,,,TN,TN
autoland,4768071,12,69b95d09da21c937720a8d3aaca237f47b683aa9,linux1804-64-shippable-qr,True,False,,,102210fe594ee9b33d82058545b1ed14f4c8206e,browser-toolbox.connect.DAMP,damp,True,damp browser-toolbox.connect.DAMP opt e10s fission stylo webrender-sw,4767235,77,ms,firefox,450952680.0,1858730004,2024-03-15 20:55:49,1948.7927909999853,f4367b1826eb51a4bbcde0cd6ae1a5b1644115d0,1393941,,,,,,,,,,,,,,,,,,,,,,,,,,,,,,,,,,,,,,,,,,,,,,,,,,,,,,,,,,,,,TN,TN
autoland,4768071,12,69b95d09da21c937720a8d3aaca237f47b683aa9,linux1804-64-shippable-qr,True,False,,,102210fe594ee9b33d82058545b1ed14f4c8206e,browser-toolbox.connect.DAMP,damp,True,damp browser-toolbox.connect.DAMP opt e10s fission stylo webrender-sw,4767235,77,ms,firefox,450975180.0,1858841273,2024-03-16 01:29:19,2003.052916000015,bbe046e25d1447071e399f377b669bbe9cbf3bf3,1394036,,,,,,,,,,,,,,,,,,,,,,,,,,,,,,,,,,,,,,,,,,,,,,,,,,,,,,,,,,,,,TN,TN
autoland,4768071,12,69b95d09da21c937720a8d3aaca237f47b683aa9,linux1804-64-shippable-qr,True,False,,,102210fe594ee9b33d82058545b1ed14f4c8206e,browser-toolbox.connect.DAMP,damp,True,damp browser-toolbox.connect.DAMP opt e10s fission stylo webrender-sw,4767235,77,ms,firefox,450981148.0,1858884620,2024-03-16 06:01:10,1957.403858500009,a7134d792577d5d0529bf81b769c32138f7bb0c0,1394058,,,,,,,,,,,,,,,,,,,,,,,,,,,,,,,,,,,,,,,,,,,,,,,,,,,,,,,,,,,,,TN,TN
autoland,4768071,12,69b95d09da21c937720a8d3aaca237f47b683aa9,linux1804-64-shippable-qr,True,False,,,102210fe594ee9b33d82058545b1ed14f4c8206e,browser-toolbox.connect.DAMP,damp,True,damp browser-toolbox.connect.DAMP opt e10s fission stylo webrender-sw,4767235,77,ms,firefox,451016254.0,1859009429,2024-03-16 15:16:53,1968.289361499992,a65344e02551e44aca46a84016a3a07cce9d23e6,1394103,,,,,,,,,,,,,,,,,,,,,,,,,,,,,,,,,,,,,,,,,,,,,,,,,,,,,,,,,,,,,TN,TN
autoland,4768071,12,69b95d09da21c937720a8d3aaca237f47b683aa9,linux1804-64-shippable-qr,True,False,,,102210fe594ee9b33d82058545b1ed14f4c8206e,browser-toolbox.connect.DAMP,damp,True,damp browser-toolbox.connect.DAMP opt e10s fission stylo webrender-sw,4767235,77,ms,firefox,451021424.0,1859049887,2024-03-16 21:40:10,1948.4638564999916,bc06944d050ccff5aed2248b83d51d946814e90d,1394130,,,,,,,,,,,,,,,,,,,,,,,,,,,,,,,,,,,,,,,,,,,,,,,,,,,,,,,,,,,,,TN,TN
autoland,4768071,12,69b95d09da21c937720a8d3aaca237f47b683aa9,linux1804-64-shippable-qr,True,False,,,102210fe594ee9b33d82058545b1ed14f4c8206e,browser-toolbox.connect.DAMP,damp,True,damp browser-toolbox.connect.DAMP opt e10s fission stylo webrender-sw,4767235,77,ms,firefox,451041748.0,1859133184,2024-03-17 07:03:06,1953.224295499982,7ef716435af3dee46482a893f4a3b29a4d3faafe,1394146,,,,,,,,,,,,,,,,,,,,,,,,,,,,,,,,,,,,,,,,,,,,,,,,,,,,,,,,,,,,,TN,TN
autoland,4768071,12,69b95d09da21c937720a8d3aaca237f47b683aa9,linux1804-64-shippable-qr,True,False,,,102210fe594ee9b33d82058545b1ed14f4c8206e,browser-toolbox.connect.DAMP,damp,True,damp browser-toolbox.connect.DAMP opt e10s fission stylo webrender-sw,4767235,77,ms,firefox,451050904.0,1859162148,2024-03-17 13:56:17,1973.3718960000117,47d63b18299914bf2eecdeb64fe8df0a52605aec,1394162,,,,,,,,,,,,,,,,,,,,,,,,,,,,,,,,,,,,,,,,,,,,,,,,,,,,,,,,,,,,,TN,TN
autoland,4768071,12,69b95d09da21c937720a8d3aaca237f47b683aa9,linux1804-64-shippable-qr,True,False,,,102210fe594ee9b33d82058545b1ed14f4c8206e,browser-toolbox.connect.DAMP,damp,True,damp browser-toolbox.connect.DAMP opt e10s fission stylo webrender-sw,4767235,77,ms,firefox,451055745.0,1859184978,2024-03-17 19:02:19,1969.842278000011,164fcac77feead59372521b0072049f25a4c9692,1394171,,,,,,,,,,,,,,,,,,,,,,,,,,,,,,,,,,,,,,,,,,,,,,,,,,,,,,,,,,,,,TN,TN
autoland,4768071,12,69b95d09da21c937720a8d3aaca237f47b683aa9,linux1804-64-shippable-qr,True,False,,,102210fe594ee9b33d82058545b1ed14f4c8206e,browser-toolbox.connect.DAMP,damp,True,damp browser-toolbox.connect.DAMP opt e10s fission stylo webrender-sw,4767235,77,ms,firefox,451076399.0,1859312633,2024-03-18 01:14:25,1940.3928099999905,469d4a744966c133ae480dc66643d47b77aa3209,1394186,,,,,,,,,,,,,,,,,,,,,,,,,,,,,,,,,,,,,,,,,,,,,,,,,,,,,,,,,,,,,TN,TN
autoland,4768071,12,69b95d09da21c937720a8d3aaca237f47b683aa9,linux1804-64-shippable-qr,True,False,,,102210fe594ee9b33d82058545b1ed14f4c8206e,browser-toolbox.connect.DAMP,damp,True,damp browser-toolbox.connect.DAMP opt e10s fission stylo webrender-sw,4767235,77,ms,firefox,451086418.0,1859397427,2024-03-18 07:02:14,1958.9849605000052,9ae71156ef3c731f44e2af8d1d9c34b7eb7c6c9b,1394207,,,,,,,,,,,,,,,,,,,,,,,,,,,,,,,,,,,,,,,,,,,,,,,,,,,,,,,,,,,,,TN,TN
autoland,4768071,12,69b95d09da21c937720a8d3aaca237f47b683aa9,linux1804-64-shippable-qr,True,False,,,102210fe594ee9b33d82058545b1ed14f4c8206e,browser-toolbox.connect.DAMP,damp,True,damp browser-toolbox.connect.DAMP opt e10s fission stylo webrender-sw,4767235,77,ms,firefox,451100833.0,1859460763,2024-03-18 09:15:45,1962.9859444999893,d3946837037d31a7b6f83b1977e57c4ea384c904,1394248,,,,,,,,,,,,,,,,,,,,,,,,,,,,,,,,,,,,,,,,,,,,,,,,,,,,,,,,,,,,,TN,TN
autoland,4768071,12,69b95d09da21c937720a8d3aaca237f47b683aa9,linux1804-64-shippable-qr,True,False,,,102210fe594ee9b33d82058545b1ed14f4c8206e,browser-toolbox.connect.DAMP,damp,True,damp browser-toolbox.connect.DAMP opt e10s fission stylo webrender-sw,4767235,77,ms,firefox,451155916.0,1859674230,2024-03-18 16:13:31,1962.0751519999903,9a84c7a992c26cd844507c8b4a7215e1aa1dd56e,1394426,,,,,,,,,,,,,,,,,,,,,,,,,,,,,,,,,,,,,,,,,,,,,,,,,,,,,,,,,,,,,TN,TN
autoland,4768071,12,69b95d09da21c937720a8d3aaca237f47b683aa9,linux1804-64-shippable-qr,True,False,,,102210fe594ee9b33d82058545b1ed14f4c8206e,browser-toolbox.connect.DAMP,damp,True,damp browser-toolbox.connect.DAMP opt e10s fission stylo webrender-sw,4767235,77,ms,firefox,451166142.0,1859731465,2024-03-18 17:45:54,1948.2757555000132,ab4a4d632bcfcdcb0f37c6791a75467e73c47795,1394460,,,,,,,,,,,,,,,,,,,,,,,,,,,,,,,,,,,,,,,,,,,,,,,,,,,,,,,,,,,,,TN,TN
autoland,4768071,12,69b95d09da21c937720a8d3aaca237f47b683aa9,linux1804-64-shippable-qr,True,False,,,102210fe594ee9b33d82058545b1ed14f4c8206e,browser-toolbox.connect.DAMP,damp,True,damp browser-toolbox.connect.DAMP opt e10s fission stylo webrender-sw,4767235,77,ms,firefox,451196341.0,1859841725,2024-03-18 20:20:59,1986.603398500003,3d0c771e9c28d7bad460e8683406e4a832de5d93,1394525,,,,,,,,,,,,,,,,,,,,,,,,,,,,,,,,,,,,,,,,,,,,,,,,,,,,,,,,,,,,,TN,TN
autoland,4768071,12,69b95d09da21c937720a8d3aaca237f47b683aa9,linux1804-64-shippable-qr,True,False,,,102210fe594ee9b33d82058545b1ed14f4c8206e,browser-toolbox.connect.DAMP,damp,True,damp browser-toolbox.connect.DAMP opt e10s fission stylo webrender-sw,4767235,77,ms,firefox,451221780.0,1859948881,2024-03-19 01:00:45,1942.0731870000163,0febedb51783638cc944e4b495547ccfedb4c43f,1394573,,,,,,,,,,,,,,,,,,,,,,,,,,,,,,,,,,,,,,,,,,,,,,,,,,,,,,,,,,,,,TN,TN
autoland,4768071,12,69b95d09da21c937720a8d3aaca237f47b683aa9,linux1804-64-shippable-qr,True,False,,,102210fe594ee9b33d82058545b1ed14f4c8206e,browser-toolbox.connect.DAMP,damp,True,damp browser-toolbox.connect.DAMP opt e10s fission stylo webrender-sw,4767235,77,ms,firefox,451248469.0,1860062190,2024-03-19 06:03:35,1974.1091779999988,0fbe242e1d975dcdea4df1bc8187bd9ecfe80291,1394632,,,,,,,,,,,,,,,,,,,,,,,,,,,,,,,,,,,,,,,,,,,,,,,,,,,,,,,,,,,,,TN,TN
autoland,4768071,12,69b95d09da21c937720a8d3aaca237f47b683aa9,linux1804-64-shippable-qr,True,False,,,102210fe594ee9b33d82058545b1ed14f4c8206e,browser-toolbox.connect.DAMP,damp,True,damp browser-toolbox.connect.DAMP opt e10s fission stylo webrender-sw,4767235,77,ms,firefox,451638616.0,1861584143,2024-03-19 06:46:57,1965.3800565000129,0e250e45603afb7b1039fab4ceecbd3cf6a7172d,1394644,,,,,,,,,,,,,,,,,,,,,,,,,,,,,,,,,,,,,,,,,,,,,,,,,,,,,,,,,,,,,TN,TN
autoland,4768071,12,69b95d09da21c937720a8d3aaca237f47b683aa9,linux1804-64-shippable-qr,True,False,,,102210fe594ee9b33d82058545b1ed14f4c8206e,browser-toolbox.connect.DAMP,damp,True,damp browser-toolbox.connect.DAMP opt e10s fission stylo webrender-sw,4767235,77,ms,firefox,451638445.0,1861583295,2024-03-19 06:47:50,1934.358076500008,28b1ebe079113fd38acf0bf3b7932aeb504909b0,1394645,,,,,,,,,,,,,,,,,,,,,,,,,,,,,,,,,,,,,,,,,,,,,,,,,,,,,,,,,,,,,TN,TN
autoland,4768071,12,69b95d09da21c937720a8d3aaca237f47b683aa9,linux1804-64-shippable-qr,True,False,,,102210fe594ee9b33d82058545b1ed14f4c8206e,browser-toolbox.connect.DAMP,damp,True,damp browser-toolbox.connect.DAMP opt e10s fission stylo webrender-sw,4767235,77,ms,firefox,451639033.0,1861590609,2024-03-19 06:48:43,1897.9097140000083,a55832f23475aa7e8f84828bd087174bab7ec8f2,1394646,,,,,,,,,,,,,,,,,,,,,,,,,,,,,,,,,,,,,,,,,,,,,,,,,,,,,,,,,,,,,TN,TN
autoland,4768071,12,69b95d09da21c937720a8d3aaca237f47b683aa9,linux1804-64-shippable-qr,True,False,,,102210fe594ee9b33d82058545b1ed14f4c8206e,browser-toolbox.connect.DAMP,damp,True,damp browser-toolbox.connect.DAMP opt e10s fission stylo webrender-sw,4767235,77,ms,firefox,451643483.0,1861621855,2024-03-19 06:50:27,1946.5922214999955,37720af4970f1461fbe042583b49a5203fc5f2cd,1394647,,,,,,,,,,,,,,,,,,,,,,,,,,,,,,,,,,,,,,,,,,,,,,,,,,,,,,,,,,,,,TN,TN
autoland,4768071,12,69b95d09da21c937720a8d3aaca237f47b683aa9,linux1804-64-shippable-qr,True,False,,,102210fe594ee9b33d82058545b1ed14f4c8206e,browser-toolbox.connect.DAMP,damp,True,damp browser-toolbox.connect.DAMP opt e10s fission stylo webrender-sw,4767235,77,ms,firefox,451638339.0,1861580079,2024-03-19 06:51:19,1969.75057500002,02db66b75b89cabb5708bbf817c932bf7f16c2a0,1394648,,,,,,,,,,,,,,,,,,,,,,,,,,,,,,,,,,,,,,,,,,,,,,,,,,,,,,,,,,,,,TN,TN
autoland,4768071,12,69b95d09da21c937720a8d3aaca237f47b683aa9,linux1804-64-shippable-qr,True,False,,,102210fe594ee9b33d82058545b1ed14f4c8206e,browser-toolbox.connect.DAMP,damp,True,damp browser-toolbox.connect.DAMP opt e10s fission stylo webrender-sw,4767235,77,ms,firefox,451641366.0,1861617083,2024-03-19 06:52:45,1934.600582500003,8c3d0c2041862bdd92b6a15cf26c4dc7f9401c68,1394649,,,,,,,,,,,,,,,,,,,,,,,,,,,,,,,,,,,,,,,,,,,,,,,,,,,,,,,,,,,,,TN,TN
autoland,4768071,12,69b95d09da21c937720a8d3aaca237f47b683aa9,linux1804-64-shippable-qr,True,False,,,102210fe594ee9b33d82058545b1ed14f4c8206e,browser-toolbox.connect.DAMP,damp,True,damp browser-toolbox.connect.DAMP opt e10s fission stylo webrender-sw,4767235,77,ms,firefox,451256837.0,1860092785,2024-03-19 08:17:39,1958.561941500004,bd45b4ccb1292ec35d0fb6c623cb70b62fecd87b,1394665,,,,,,,,,,,,,,,,,,,,,,,,,,,,,,,,,,,,,,,,,,,,,,,,,,,,,,,,,,,,,TN,TN
autoland,4768071,12,69b95d09da21c937720a8d3aaca237f47b683aa9,linux1804-64-shippable-qr,True,False,,,102210fe594ee9b33d82058545b1ed14f4c8206e,browser-toolbox.connect.DAMP,damp,True,damp browser-toolbox.connect.DAMP opt e10s fission stylo webrender-sw,4767235,77,ms,firefox,451634628.0,1861573074,2024-03-19 09:50:18,1941.3980310000045,f5f6e831c951d529114e2062fcaa31029b2e681d,1394687,,,,,,,,,,,,,,,,,,,,,,,,,,,,,,,,,,,,,,,,,,,,,,,,,,,,,,,,,,,,,TN,TN
autoland,4768071,12,69b95d09da21c937720a8d3aaca237f47b683aa9,linux1804-64-shippable-qr,True,False,,,102210fe594ee9b33d82058545b1ed14f4c8206e,browser-toolbox.connect.DAMP,damp,True,damp browser-toolbox.connect.DAMP opt e10s fission stylo webrender-sw,4767235,77,ms,firefox,451644717.0,1861631257,2024-03-19 09:51:16,1957.1272675000216,846ae70d3390f1c974f80e09a97ed726b5497770,1394688,,,,,,,,,,,,,,,,,,,,,,,,,,,,,,,,,,,,,,,,,,,,,,,,,,,,,,,,,,,,,TN,TN
autoland,4768071,12,69b95d09da21c937720a8d3aaca237f47b683aa9,linux1804-64-shippable-qr,True,False,,,102210fe594ee9b33d82058545b1ed14f4c8206e,browser-toolbox.connect.DAMP,damp,True,damp browser-toolbox.connect.DAMP opt e10s fission stylo webrender-sw,4767235,77,ms,firefox,451639066.0,1861591351,2024-03-19 09:53:06,1961.1604915000064,3d46becb9ecd34495065a3b309a451e5ae7323b2,1394690,,,,,,,,,,,,,,,,,,,,,,,,,,,,,,,,,,,,,,,,,,,,,,,,,,,,,,,,,,,,,TN,TN
autoland,4768071,12,69b95d09da21c937720a8d3aaca237f47b683aa9,linux1804-64-shippable-qr,True,False,,,102210fe594ee9b33d82058545b1ed14f4c8206e,browser-toolbox.connect.DAMP,damp,True,damp browser-toolbox.connect.DAMP opt e10s fission stylo webrender-sw,4767235,77,ms,firefox,451634629.0,1861573305,2024-03-19 09:54:35,1926.0040305,99b434c35818657e980235436cb2e50b4937c8c9,1394692,,,,,,,,,,,,,,,,,,,,,,,,,,,,,,,,,,,,,,,,,,,,,,,,,,,,,,,,,,,,,TN,TN
autoland,4768071,12,69b95d09da21c937720a8d3aaca237f47b683aa9,linux1804-64-shippable-qr,True,False,,,102210fe594ee9b33d82058545b1ed14f4c8206e,browser-toolbox.connect.DAMP,damp,True,damp browser-toolbox.connect.DAMP opt e10s fission stylo webrender-sw,4767235,77,ms,firefox,451638323.0,1861580876,2024-03-19 10:36:36,1959.084176000033,703ecd7e3512e96d3ccecd50429d35f9599f8fb1,1394699,,,,,,,,,,,,,,,,,,,,,,,,,,,,,,,,,,,,,,,,,,,,,,,,,,,,,,,,,,,,,TN,TN
autoland,4768071,12,69b95d09da21c937720a8d3aaca237f47b683aa9,linux1804-64-shippable-qr,True,False,,,102210fe594ee9b33d82058545b1ed14f4c8206e,browser-toolbox.connect.DAMP,damp,True,damp browser-toolbox.connect.DAMP opt e10s fission stylo webrender-sw,4767235,77,ms,firefox,451638581.0,1861584407,2024-03-19 11:09:51,1958.2464034999573,872a6b6b59effc341abe32c126dbb4850e08d0ed,1394707,,,,,,,,,,,,,,,,,,,,,,,,,,,,,,,,,,,,,,,,,,,,,,,,,,,,,,,,,,,,,TN,TN
autoland,4768071,12,69b95d09da21c937720a8d3aaca237f47b683aa9,linux1804-64-shippable-qr,True,False,,,102210fe594ee9b33d82058545b1ed14f4c8206e,browser-toolbox.connect.DAMP,damp,True,damp browser-toolbox.connect.DAMP opt e10s fission stylo webrender-sw,4767235,77,ms,firefox,451639166.0,1861592855,2024-03-19 11:13:31,1961.0928540000025,cd086e8be4fc0cf89118bd427969da6b210983f4,1394708,,,,,,,,,,,,,,,,,,,,,,,,,,,,,,,,,,,,,,,,,,,,,,,,,,,,,,,,,,,,,TN,TN
autoland,4768071,12,69b95d09da21c937720a8d3aaca237f47b683aa9,linux1804-64-shippable-qr,True,False,,,102210fe594ee9b33d82058545b1ed14f4c8206e,browser-toolbox.connect.DAMP,damp,True,damp browser-toolbox.connect.DAMP opt e10s fission stylo webrender-sw,4767235,77,ms,firefox,451639402.0,1861596317,2024-03-19 11:14:23,1952.6972349999703,6945c51bfe8329ebe35a08cb352964aa1013eca0,1394709,,,,,,,,,,,,,,,,,,,,,,,,,,,,,,,,,,,,,,,,,,,,,,,,,,,,,,,,,,,,,TN,TN
autoland,4768071,12,69b95d09da21c937720a8d3aaca237f47b683aa9,linux1804-64-shippable-qr,True,False,,,102210fe594ee9b33d82058545b1ed14f4c8206e,browser-toolbox.connect.DAMP,damp,True,damp browser-toolbox.connect.DAMP opt e10s fission stylo webrender-sw,4767235,77,ms,firefox,451288626.0,1860193239,2024-03-19 11:15:16,1926.98864950001,a4280d9d04d7841f3a7286d7cb6d9667ed276e03,1394711,,,,,,,,,,,,,,,,,,,,,,,,,,,,,,,,,,,,,,,,,,,,,,,,,,,,,,,,,,,,,TN,TN
autoland,4768071,12,69b95d09da21c937720a8d3aaca237f47b683aa9,linux1804-64-shippable-qr,True,False,,,102210fe594ee9b33d82058545b1ed14f4c8206e,browser-toolbox.connect.DAMP,damp,True,damp browser-toolbox.connect.DAMP opt e10s fission stylo webrender-sw,4767235,77,ms,firefox,451635049.0,1861574393,2024-03-19 12:32:49,1933.2260059999824,c7d6f5ba608c5f2853d633ef77f77f6f0f2f8627,1394737,,,,,,,,,,,,,,,,,,,,,,,,,,,,,,,,,,,,,,,,,,,,,,,,,,,,,,,,,,,,,TN,TN
autoland,4768071,12,69b95d09da21c937720a8d3aaca237f47b683aa9,linux1804-64-shippable-qr,True,False,,,102210fe594ee9b33d82058545b1ed14f4c8206e,browser-toolbox.connect.DAMP,damp,True,damp browser-toolbox.connect.DAMP opt e10s fission stylo webrender-sw,4767235,77,ms,firefox,451635480.0,1861576191,2024-03-19 13:18:10,1943.9700930000108,f70df74fc0992b4ddae97dad10a852330032becf,1394756,,,,,,,,,,,,,,,,,,,,,,,,,,,,,,,,,,,,,,,,,,,,,,,,,,,,,,,,,,,,,TN,TN
autoland,4768071,12,69b95d09da21c937720a8d3aaca237f47b683aa9,linux1804-64-shippable-qr,True,False,,,102210fe594ee9b33d82058545b1ed14f4c8206e,browser-toolbox.connect.DAMP,damp,True,damp browser-toolbox.connect.DAMP opt e10s fission stylo webrender-sw,4767235,77,ms,firefox,451635065.0,1861575450,2024-03-19 13:20:49,1953.5474689999755,e4d65f79d36fb49972b9226a970832a02348d8af,1394757,,,,,,,,,,,,,,,,,,,,,,,,,,,,,,,,,,,,,,,,,,,,,,,,,,,,,,,,,,,,,TN,TN
autoland,4768071,12,69b95d09da21c937720a8d3aaca237f47b683aa9,linux1804-64-shippable-qr,True,False,,,102210fe594ee9b33d82058545b1ed14f4c8206e,browser-toolbox.connect.DAMP,damp,True,damp browser-toolbox.connect.DAMP opt e10s fission stylo webrender-sw,4767235,77,ms,firefox,451635066.0,1861574869,2024-03-19 13:21:45,1883.800750000024,cb04b626669116311feaf22440f5cb26f0280319,1394758,,,,,,,,,,,,,,,,,,,,,,,,,,,,,,,,,,,,,,,,,,,,,,,,,,,,,,,,,,,,,TN,TN
autoland,4768071,12,69b95d09da21c937720a8d3aaca237f47b683aa9,linux1804-64-shippable-qr,True,False,,,102210fe594ee9b33d82058545b1ed14f4c8206e,browser-toolbox.connect.DAMP,damp,True,damp browser-toolbox.connect.DAMP opt e10s fission stylo webrender-sw,4767235,77,ms,firefox,451635078.0,1861574810,2024-03-19 13:23:25,1959.5598464999784,d7b65134f0f694c0a5bded852c6db473c0fcebfc,1394760,,,,,,,,,,,,,,,,,,,,,,,,,,,,,,,,,,,,,,,,,,,,,,,,,,,,,,,,,,,,,TN,TN
autoland,4768071,12,69b95d09da21c937720a8d3aaca237f47b683aa9,linux1804-64-shippable-qr,True,False,,,102210fe594ee9b33d82058545b1ed14f4c8206e,browser-toolbox.connect.DAMP,damp,True,damp browser-toolbox.connect.DAMP opt e10s fission stylo webrender-sw,4767235,77,ms,firefox,451320817.0,1860297493,2024-03-19 13:28:22,1948.221115500026,43d89580ba9c295f67bc3df94ba1aac23b435b63,1394763,,,,,,,,,,,,,,,,,,,,,,,,,,,,,,,,,,,,,,,,,,,,,,,,,,,,,,,,,,,,,TN,TN
autoland,4768071,12,69b95d09da21c937720a8d3aaca237f47b683aa9,linux1804-64-shippable-qr,True,False,,,102210fe594ee9b33d82058545b1ed14f4c8206e,browser-toolbox.connect.DAMP,damp,True,damp browser-toolbox.connect.DAMP opt e10s fission stylo webrender-sw,4767235,77,ms,firefox,451689603.0,1861779584,2024-03-19 13:56:10,1929.1334824999797,7b0cb8c3d4cf20dd8f600e2f4162bba73de96ecd,1394779,,,,,,,,,,,,,,,,,,,,,,,,,,,,,,,,,,,,,,,,,,,,,,,,,,,,,,,,,,,,,TN,TN
autoland,4768071,12,69b95d09da21c937720a8d3aaca237f47b683aa9,linux1804-64-shippable-qr,True,False,,,102210fe594ee9b33d82058545b1ed14f4c8206e,browser-toolbox.connect.DAMP,damp,True,damp browser-toolbox.connect.DAMP opt e10s fission stylo webrender-sw,4767235,77,ms,firefox,451689580.0,1861779384,2024-03-19 14:00:46,1931.9321749999945,86b02f822790d85a5792865a127f2a487d52534d,1394781,,,,,,,,,,,,,,,,,,,,,,,,,,,,,,,,,,,,,,,,,,,,,,,,,,,,,,,,,,,,,TN,TN
autoland,4768071,12,69b95d09da21c937720a8d3aaca237f47b683aa9,linux1804-64-shippable-qr,True,False,,,102210fe594ee9b33d82058545b1ed14f4c8206e,browser-toolbox.connect.DAMP,damp,True,damp browser-toolbox.connect.DAMP opt e10s fission stylo webrender-sw,4767235,77,ms,firefox,451689600.0,1861780719,2024-03-19 14:00:46,1961.0614829999977,86b02f822790d85a5792865a127f2a487d52534d,1394781,,,,,,,,,,,,,,,,,,,,,,,,,,,,,,,,,,,,,,,,,,,,,,,,,,,,,,,,,,,,,TN,TN
autoland,4768071,12,69b95d09da21c937720a8d3aaca237f47b683aa9,linux1804-64-shippable-qr,True,False,,,102210fe594ee9b33d82058545b1ed14f4c8206e,browser-toolbox.connect.DAMP,damp,True,damp browser-toolbox.connect.DAMP opt e10s fission stylo webrender-sw,4767235,77,ms,firefox,451689537.0,1861779123,2024-03-19 14:02:11,1962.4202124999936,0746235dc3958b615e70977f3800811f64a764b4,1394784,,,,,,,,,,,,,,,,,,,,,,,,,,,,,,,,,,,,,,,,,,,,,,,,,,,,,,,,,,,,,TN,TN
autoland,4768071,12,69b95d09da21c937720a8d3aaca237f47b683aa9,linux1804-64-shippable-qr,True,False,,,102210fe594ee9b33d82058545b1ed14f4c8206e,browser-toolbox.connect.DAMP,damp,True,damp browser-toolbox.connect.DAMP opt e10s fission stylo webrender-sw,4767235,77,ms,firefox,451689583.0,1861780261,2024-03-19 14:02:11,2026.444010999985,0746235dc3958b615e70977f3800811f64a764b4,1394784,,,,,,,,,,,,,,,,,,,,,,,,,,,,,,,,,,,,,,,,,,,,,,,,,,,,,,,,,,,,,TN,TN
autoland,4768071,12,69b95d09da21c937720a8d3aaca237f47b683aa9,linux1804-64-shippable-qr,True,False,,,102210fe594ee9b33d82058545b1ed14f4c8206e,browser-toolbox.connect.DAMP,damp,True,damp browser-toolbox.connect.DAMP opt e10s fission stylo webrender-sw,4767235,77,ms,firefox,451689601.0,1861780471,2024-03-19 14:02:11,2004.3659185000288,0746235dc3958b615e70977f3800811f64a764b4,1394784,,,,,,,,,,,,,,,,,,,,,,,,,,,,,,,,,,,,,,,,,,,,,,,,,,,,,,,,,,,,,TN,TN
autoland,4768071,12,69b95d09da21c937720a8d3aaca237f47b683aa9,linux1804-64-shippable-qr,True,False,,,102210fe594ee9b33d82058545b1ed14f4c8206e,browser-toolbox.connect.DAMP,damp,True,damp browser-toolbox.connect.DAMP opt e10s fission stylo webrender-sw,4767235,77,ms,firefox,451689539.0,1861779249,2024-03-19 14:04:22,1932.88664050003,ea6921c884298564dd33bec02cea92de3eafc3d4,1394788,,,,,,,,,,,,,,,,,,,,,,,,,,,,,,,,,,,,,,,,,,,,,,,,,,,,,,,,,,,,,TN,TN
autoland,4768071,12,69b95d09da21c937720a8d3aaca237f47b683aa9,linux1804-64-shippable-qr,True,False,,,102210fe594ee9b33d82058545b1ed14f4c8206e,browser-toolbox.connect.DAMP,damp,True,damp browser-toolbox.connect.DAMP opt e10s fission stylo webrender-sw,4767235,77,ms,firefox,451689540.0,1861778860,2024-03-19 14:04:22,1869.751383500028,ea6921c884298564dd33bec02cea92de3eafc3d4,1394788,,,,,,,,,,,,,,,,,,,,,,,,,,,,,,,,,,,,,,,,,,,,,,,,,,,,,,,,,,,,,TN,TN
autoland,4768071,12,69b95d09da21c937720a8d3aaca237f47b683aa9,linux1804-64-shippable-qr,True,False,,,102210fe594ee9b33d82058545b1ed14f4c8206e,browser-toolbox.connect.DAMP,damp,True,damp browser-toolbox.connect.DAMP opt e10s fission stylo webrender-sw,4767235,77,ms,firefox,451689606.0,1861780532,2024-03-19 14:04:22,1952.666328999985,ea6921c884298564dd33bec02cea92de3eafc3d4,1394788,,,,,,,,,,,,,,,,,,,,,,,,,,,,,,,,,,,,,,,,,,,,,,,,,,,,,,,,,,,,,TN,TN
autoland,4768071,12,69b95d09da21c937720a8d3aaca237f47b683aa9,linux1804-64-shippable-qr,True,False,,,102210fe594ee9b33d82058545b1ed14f4c8206e,browser-toolbox.connect.DAMP,damp,True,damp browser-toolbox.connect.DAMP opt e10s fission stylo webrender-sw,4767235,77,ms,firefox,451689599.0,1861779817,2024-03-19 15:22:42,1971.2734909999851,adfe57981526527ef9d85979937d06f6e8b5c9ea,1394820,,,,,,,,,,,,,,,,,,,,,,,,,,,,,,,,,,,,,,,,,,,,,,,,,,,,,,,,,,,,,TN,TN
autoland,4768071,12,69b95d09da21c937720a8d3aaca237f47b683aa9,linux1804-64-shippable-qr,True,False,,,102210fe594ee9b33d82058545b1ed14f4c8206e,browser-toolbox.connect.DAMP,damp,True,damp browser-toolbox.connect.DAMP opt e10s fission stylo webrender-sw,4767235,77,ms,firefox,451689604.0,1861779735,2024-03-19 15:22:42,1949.1619105000063,adfe57981526527ef9d85979937d06f6e8b5c9ea,1394820,,,,,,,,,,,,,,,,,,,,,,,,,,,,,,,,,,,,,,,,,,,,,,,,,,,,,,,,,,,,,TN,TN
autoland,4768071,12,69b95d09da21c937720a8d3aaca237f47b683aa9,linux1804-64-shippable-qr,True,False,,,102210fe594ee9b33d82058545b1ed14f4c8206e,browser-toolbox.connect.DAMP,damp,True,damp browser-toolbox.connect.DAMP opt e10s fission stylo webrender-sw,4767235,77,ms,firefox,451689612.0,1861780370,2024-03-19 15:22:42,1948.6062824999824,adfe57981526527ef9d85979937d06f6e8b5c9ea,1394820,,,,,,,,,,,,,,,,,,,,,,,,,,,,,,,,,,,,,,,,,,,,,,,,,,,,,,,,,,,,,TN,TN
autoland,4768071,12,69b95d09da21c937720a8d3aaca237f47b683aa9,linux1804-64-shippable-qr,True,False,,,102210fe594ee9b33d82058545b1ed14f4c8206e,browser-toolbox.connect.DAMP,damp,True,damp browser-toolbox.connect.DAMP opt e10s fission stylo webrender-sw,4767235,77,ms,firefox,451689610.0,1861781248,2024-03-19 15:33:07,2000.970741000012,3f87e310a83ec89a9598ebc64f0a457dbb5316a8,1394829,,,,,,,,,,,,,,,,,,,,,,,,,,,,,,,,,,,,,,,,,,,,,,,,,,,,,,,,,,,,,TN,TN
autoland,4768071,12,69b95d09da21c937720a8d3aaca237f47b683aa9,linux1804-64-shippable-qr,True,False,,,102210fe594ee9b33d82058545b1ed14f4c8206e,browser-toolbox.connect.DAMP,damp,True,damp browser-toolbox.connect.DAMP opt e10s fission stylo webrender-sw,4767235,77,ms,firefox,451689611.0,1861780900,2024-03-19 15:33:07,1966.138555999976,3f87e310a83ec89a9598ebc64f0a457dbb5316a8,1394829,,,,,,,,,,,,,,,,,,,,,,,,,,,,,,,,,,,,,,,,,,,,,,,,,,,,,,,,,,,,,TN,TN
autoland,4768071,12,69b95d09da21c937720a8d3aaca237f47b683aa9,linux1804-64-shippable-qr,True,False,,,102210fe594ee9b33d82058545b1ed14f4c8206e,browser-toolbox.connect.DAMP,damp,True,damp browser-toolbox.connect.DAMP opt e10s fission stylo webrender-sw,4767235,77,ms,firefox,451689602.0,1861779463,2024-03-19 15:33:57,1949.426820000008,dc2c79ec121bc45d80e22abc7b35f291f62d7386,1394830,,,,,,,,,,,,,,,,,,,,,,,,,,,,,,,,,,,,,,,,,,,,,,,,,,,,,,,,,,,,,TN,TN
autoland,4768071,12,69b95d09da21c937720a8d3aaca237f47b683aa9,linux1804-64-shippable-qr,True,False,,,102210fe594ee9b33d82058545b1ed14f4c8206e,browser-toolbox.connect.DAMP,damp,True,damp browser-toolbox.connect.DAMP opt e10s fission stylo webrender-sw,4767235,77,ms,firefox,451689605.0,1861780148,2024-03-19 15:33:57,1945.8169264999744,dc2c79ec121bc45d80e22abc7b35f291f62d7386,1394830,,,,,,,,,,,,,,,,,,,,,,,,,,,,,,,,,,,,,,,,,,,,,,,,,,,,,,,,,,,,,TN,TN
autoland,4768071,12,69b95d09da21c937720a8d3aaca237f47b683aa9,linux1804-64-shippable-qr,True,False,,,102210fe594ee9b33d82058545b1ed14f4c8206e,browser-toolbox.connect.DAMP,damp,True,damp browser-toolbox.connect.DAMP opt e10s fission stylo webrender-sw,4767235,77,ms,firefox,451635072.0,1861575241,2024-03-19 15:34:55,1973.0590909999737,2092d43bfaaeefc21ae6a09ba0b9e0a73668ed37,1394832,,,,,,,,,,,,,,,,,,,,,,,,,,,,,,,,,,,,,,,,,,,,,,,,,,,,,,,,,,,,,TN,TN
autoland,4768071,12,69b95d09da21c937720a8d3aaca237f47b683aa9,linux1804-64-shippable-qr,True,False,,,102210fe594ee9b33d82058545b1ed14f4c8206e,browser-toolbox.connect.DAMP,damp,True,damp browser-toolbox.connect.DAMP opt e10s fission stylo webrender-sw,4767235,77,ms,firefox,451635244.0,1861576278,2024-03-19 15:35:48,1954.8887795000048,f983e945bb0df08a6d90ac794e316776e2eb7892,1394833,,,,,,,,,,,,,,,,,,,,,,,,,,,,,,,,,,,,,,,,,,,,,,,,,,,,,,,,,,,,,TN,TN
autoland,4768071,12,69b95d09da21c937720a8d3aaca237f47b683aa9,linux1804-64-shippable-qr,True,False,,,102210fe594ee9b33d82058545b1ed14f4c8206e,browser-toolbox.connect.DAMP,damp,True,damp browser-toolbox.connect.DAMP opt e10s fission stylo webrender-sw,4767235,77,ms,firefox,451634804.0,1861573724,2024-03-19 15:36:41,1938.132374999972,5b4c193400a219eeb807076839e43da8f9bacce5,1394835,,,,,,,,,,,,,,,,,,,,,,,,,,,,,,,,,,,,,,,,,,,,,,,,,,,,,,,,,,,,,TN,TN
autoland,4768071,12,69b95d09da21c937720a8d3aaca237f47b683aa9,linux1804-64-shippable-qr,True,False,,,102210fe594ee9b33d82058545b1ed14f4c8206e,browser-toolbox.connect.DAMP,damp,True,damp browser-toolbox.connect.DAMP opt e10s fission stylo webrender-sw,4767235,77,ms,firefox,451634941.0,1861574697,2024-03-19 15:37:56,1928.111608499967,dc701f4ef6c47286e8c2603ecc472cbaa342a608,1394836,,,,,,,,,,,,,,,,,,,,,,,,,,,,,,,,,,,,,,,,,,,,,,,,,,,,,,,,,,,,,TN,TN
autoland,4768071,12,69b95d09da21c937720a8d3aaca237f47b683aa9,linux1804-64-shippable-qr,True,False,,,102210fe594ee9b33d82058545b1ed14f4c8206e,browser-toolbox.connect.DAMP,damp,True,damp browser-toolbox.connect.DAMP opt e10s fission stylo webrender-sw,4767235,77,ms,firefox,451634978.0,1861574783,2024-03-19 15:38:50,1937.7916245000376,79f80b3cf047bd2b1e6527a6c44053230722f1f7,1394837,,,,,,,,,,,,,,,,,,,,,,,,,,,,,,,,,,,,,,,,,,,,,,,,,,,,,,,,,,,,,TN,TN
autoland,4768071,12,69b95d09da21c937720a8d3aaca237f47b683aa9,linux1804-64-shippable-qr,True,False,,,102210fe594ee9b33d82058545b1ed14f4c8206e,browser-toolbox.connect.DAMP,damp,True,damp browser-toolbox.connect.DAMP opt e10s fission stylo webrender-sw,4767235,77,ms,firefox,451635040.0,1861574971,2024-03-19 15:39:40,1942.3947069999997,6be5ac2730b807b3b16659edc3d79b645564c79b,1394838,,,,,,,,,,,,,,,,,,,,,,,,,,,,,,,,,,,,,,,,,,,,,,,,,,,,,,,,,,,,,TN,TN
autoland,4768071,12,69b95d09da21c937720a8d3aaca237f47b683aa9,linux1804-64-shippable-qr,True,False,,,102210fe594ee9b33d82058545b1ed14f4c8206e,browser-toolbox.connect.DAMP,damp,True,damp browser-toolbox.connect.DAMP opt e10s fission stylo webrender-sw,4767235,77,ms,firefox,451635038.0,1861575199,2024-03-19 17:01:41,1964.2616675000029,f1fbe41260ccd8c334edcef9a356b9484bd15710,1394871,,,,,,,,,,,,,,,,,,,,,,,,,,,,,,,,,,,,,,,,,,,,,,,,,,,,,,,,,,,,,TN,TN
autoland,4768071,12,69b95d09da21c937720a8d3aaca237f47b683aa9,linux1804-64-shippable-qr,True,False,,,102210fe594ee9b33d82058545b1ed14f4c8206e,browser-toolbox.connect.DAMP,damp,True,damp browser-toolbox.connect.DAMP opt e10s fission stylo webrender-sw,4767235,77,ms,firefox,451635053.0,1861574535,2024-03-19 17:02:34,1927.917101500032,90c7bb425e9215f104b1646f0cb78f064eee85b8,1394872,,,,,,,,,,,,,,,,,,,,,,,,,,,,,,,,,,,,,,,,,,,,,,,,,,,,,,,,,,,,,TN,TN
autoland,4768071,12,69b95d09da21c937720a8d3aaca237f47b683aa9,linux1804-64-shippable-qr,True,False,,,102210fe594ee9b33d82058545b1ed14f4c8206e,browser-toolbox.connect.DAMP,damp,True,damp browser-toolbox.connect.DAMP opt e10s fission stylo webrender-sw,4767235,77,ms,firefox,451361128.0,1860442836,2024-03-19 17:03:22,1945.725621999984,3d4f500d317cd4c54e93299c01efed1c4354deb7,1394873,,,,,,,,,,,,,,,,,,,,,,,,,,,,,,,,,,,,,,,,,,,,,,,,,,,,,,,,,,,,,TN,TN
autoland,4768071,12,69b95d09da21c937720a8d3aaca237f47b683aa9,linux1804-64-shippable-qr,True,False,,,102210fe594ee9b33d82058545b1ed14f4c8206e,browser-toolbox.connect.DAMP,damp,True,damp browser-toolbox.connect.DAMP opt e10s fission stylo webrender-sw,4767235,77,ms,firefox,451765429.0,1862051320,2024-03-19 19:45:51,1956.5743944999997,22372035539cbc1b324ffc44e8f5ed038d15181c,1394941,,,,,,,,,,,,,,,,,,,,,,,,,,,,,,,,,,,,,,,,,,,,,,,,,,,,,,,,,,,,,TN,TN
autoland,4768071,12,69b95d09da21c937720a8d3aaca237f47b683aa9,linux1804-64-shippable-qr,True,False,,,102210fe594ee9b33d82058545b1ed14f4c8206e,browser-toolbox.connect.DAMP,damp,True,damp browser-toolbox.connect.DAMP opt e10s fission stylo webrender-sw,4767235,77,ms,firefox,451765427.0,1862050797,2024-03-19 19:46:44,1955.49251500002,a87db3b698e19b65bc001936fc7a8b80239a25dd,1394942,,,,,,,,,,,,,,,,,,,,,,,,,,,,,,,,,,,,,,,,,,,,,,,,,,,,,,,,,,,,,TN,TN
autoland,4768071,12,69b95d09da21c937720a8d3aaca237f47b683aa9,linux1804-64-shippable-qr,True,False,,,102210fe594ee9b33d82058545b1ed14f4c8206e,browser-toolbox.connect.DAMP,damp,True,damp browser-toolbox.connect.DAMP opt e10s fission stylo webrender-sw,4767235,77,ms,firefox,451765430.0,1862051401,2024-03-19 19:47:51,1948.063723499974,f5ac2d368c7d44f585bea0397dedcd879e2b8ab4,1394944,,,,,,,,,,,,,,,,,,,,,,,,,,,,,,,,,,,,,,,,,,,,,,,,,,,,,,,,,,,,,TN,TN
autoland,4768071,12,69b95d09da21c937720a8d3aaca237f47b683aa9,linux1804-64-shippable-qr,True,False,,,102210fe594ee9b33d82058545b1ed14f4c8206e,browser-toolbox.connect.DAMP,damp,True,damp browser-toolbox.connect.DAMP opt e10s fission stylo webrender-sw,4767235,77,ms,firefox,451377567.0,1860521032,2024-03-19 19:48:40,1927.004554500017,7c0de707e2a448dd3846c81f12ee9bae3ebca9d3,1394945,,,,,,,,,,,,,,,,,,,,,,,,,,,,,,,,,,,,,,,,,,,,,,,,,,,,,,,,,,,,,TN,TN
autoland,4768071,12,69b95d09da21c937720a8d3aaca237f47b683aa9,linux1804-64-shippable-qr,True,False,,,102210fe594ee9b33d82058545b1ed14f4c8206e,browser-toolbox.connect.DAMP,damp,True,damp browser-toolbox.connect.DAMP opt e10s fission stylo webrender-sw,4767235,77,ms,firefox,451764966.0,1862048607,2024-03-19 21:49:57,1962.5598114999736,e9d40c8f0910120f1e1840caf1be568181fd908c,1394976,,,,,,,,,,,,,,,,,,,,,,,,,,,,,,,,,,,,,,,,,,,,,,,,,,,,,,,,,,,,,TN,TN
autoland,4768071,12,69b95d09da21c937720a8d3aaca237f47b683aa9,linux1804-64-shippable-qr,True,False,,,102210fe594ee9b33d82058545b1ed14f4c8206e,browser-toolbox.connect.DAMP,damp,True,damp browser-toolbox.connect.DAMP opt e10s fission stylo webrender-sw,4767235,77,ms,firefox,451764968.0,1862049522,2024-03-19 22:43:45,2023.7174985000163,37a96f003af9acbd26512bd54d1589727fad70f5,1394988,,,,,,,,,,,,,,,,,,,,,,,,,,,,,,,,,,,,,,,,,,,,,,,,,,,,,,,,,,,,,TN,TN
autoland,4768071,12,69b95d09da21c937720a8d3aaca237f47b683aa9,linux1804-64-shippable-qr,True,False,,,102210fe594ee9b33d82058545b1ed14f4c8206e,browser-toolbox.connect.DAMP,damp,True,damp browser-toolbox.connect.DAMP opt e10s fission stylo webrender-sw,4767235,77,ms,firefox,451764970.0,1862047999,2024-03-19 22:46:58,1965.6565450000053,973f95e6ee5ea38a91cd16aa423177f8b51097dc,1394991,,,,,,,,,,,,,,,,,,,,,,,,,,,,,,,,,,,,,,,,,,,,,,,,,,,,,,,,,,,,,TN,TN
autoland,4768071,12,69b95d09da21c937720a8d3aaca237f47b683aa9,linux1804-64-shippable-qr,True,False,,,102210fe594ee9b33d82058545b1ed14f4c8206e,browser-toolbox.connect.DAMP,damp,True,damp browser-toolbox.connect.DAMP opt e10s fission stylo webrender-sw,4767235,77,ms,firefox,451764971.0,1862048459,2024-03-19 22:47:45,1892.896275999985,92e19bdc72e90f142fe2a5a71556f0313738bcd2,1394992,,,,,,,,,,,,,,,,,,,,,,,,,,,,,,,,,,,,,,,,,,,,,,,,,,,,,,,,,,,,,TN,TN
autoland,4768071,12,69b95d09da21c937720a8d3aaca237f47b683aa9,linux1804-64-shippable-qr,True,False,,,102210fe594ee9b33d82058545b1ed14f4c8206e,browser-toolbox.connect.DAMP,damp,True,damp browser-toolbox.connect.DAMP opt e10s fission stylo webrender-sw,4767235,77,ms,firefox,451764967.0,1862048394,2024-03-19 22:48:30,1934.286888499992,f4f380e7a01c51fba9e174c77d3310698c9fa802,1394993,,,,,,,,,,,,,,,,,,,,,,,,,,,,,,,,,,,,,,,,,,,,,,,,,,,,,,,,,,,,,TN,TN
autoland,4768071,12,69b95d09da21c937720a8d3aaca237f47b683aa9,linux1804-64-shippable-qr,True,False,,,102210fe594ee9b33d82058545b1ed14f4c8206e,browser-toolbox.connect.DAMP,damp,True,damp browser-toolbox.connect.DAMP opt e10s fission stylo webrender-sw,4767235,77,ms,firefox,451764972.0,1862048949,2024-03-19 23:10:14,1941.9584029999896,4b4f12e6b4afe33e55ae0caa948215dd4c64d426,1395001,,,,,,,,,,,,,,,,,,,,,,,,,,,,,,,,,,,,,,,,,,,,,,,,,,,,,,,,,,,,,TN,TN
autoland,4768071,12,69b95d09da21c937720a8d3aaca237f47b683aa9,linux1804-64-shippable-qr,True,False,,,102210fe594ee9b33d82058545b1ed14f4c8206e,browser-toolbox.connect.DAMP,damp,True,damp browser-toolbox.connect.DAMP opt e10s fission stylo webrender-sw,4767235,77,ms,firefox,451764975.0,1862049080,2024-03-19 23:13:28,1944.003150499986,470cb320dc3ce365caf941c5593bbc652f46c4d5,1395002,,,,,,,,,,,,,,,,,,,,,,,,,,,,,,,,,,,,,,,,,,,,,,,,,,,,,,,,,,,,,TN,TN
autoland,4768071,12,69b95d09da21c937720a8d3aaca237f47b683aa9,linux1804-64-shippable-qr,True,False,,,102210fe594ee9b33d82058545b1ed14f4c8206e,browser-toolbox.connect.DAMP,damp,True,damp browser-toolbox.connect.DAMP opt e10s fission stylo webrender-sw,4767235,77,ms,firefox,451764976.0,1862048774,2024-03-19 23:23:53,1930.073226499997,67e5ff4a7d46e6521e00c369dbc13c45064a647c,1395003,,,,,,,,,,,,,,,,,,,,,,,,,,,,,,,,,,,,,,,,,,,,,,,,,,,,,,,,,,,,,TN,TN
autoland,4768071,12,69b95d09da21c937720a8d3aaca237f47b683aa9,linux1804-64-shippable-qr,True,False,,,102210fe594ee9b33d82058545b1ed14f4c8206e,browser-toolbox.connect.DAMP,damp,True,damp browser-toolbox.connect.DAMP opt e10s fission stylo webrender-sw,4767235,77,ms,firefox,451764977.0,1862049807,2024-03-19 23:26:05,1936.4882290000096,b28909add68f2f1054fb670a28132c85167961d1,1395004,,,,,,,,,,,,,,,,,,,,,,,,,,,,,,,,,,,,,,,,,,,,,,,,,,,,,,,,,,,,,TN,TN
autoland,4768071,12,69b95d09da21c937720a8d3aaca237f47b683aa9,linux1804-64-shippable-qr,True,False,,,102210fe594ee9b33d82058545b1ed14f4c8206e,browser-toolbox.connect.DAMP,damp,True,damp browser-toolbox.connect.DAMP opt e10s fission stylo webrender-sw,4767235,77,ms,firefox,451409813.0,1860651712,2024-03-20 00:04:56,1937.3313539999945,25a7b6dcdd27704494317e01334be69707ff521f,1395012,,,,,,,,,,,,,,,,,,,,,,,,,,,,,,,,,,,,,,,,,,,,,,,,,,,,,,,,,,,,,TN,TN
autoland,4768071,12,69b95d09da21c937720a8d3aaca237f47b683aa9,linux1804-64-shippable-qr,True,False,,,102210fe594ee9b33d82058545b1ed14f4c8206e,browser-toolbox.connect.DAMP,damp,True,damp browser-toolbox.connect.DAMP opt e10s fission stylo webrender-sw,4767235,77,ms,firefox,451764974.0,1862048534,2024-03-20 00:58:08,1931.9114644999936,3f9778571c70dc114cf1070592a612d5357e147f,1395022,,,,,,,,,,,,,,,,,,,,,,,,,,,,,,,,,,,,,,,,,,,,,,,,,,,,,,,,,,,,,TN,TN
autoland,4768071,12,69b95d09da21c937720a8d3aaca237f47b683aa9,linux1804-64-shippable-qr,True,False,,,102210fe594ee9b33d82058545b1ed14f4c8206e,browser-toolbox.connect.DAMP,damp,True,damp browser-toolbox.connect.DAMP opt e10s fission stylo webrender-sw,4767235,77,ms,firefox,451764978.0,1862049625,2024-03-20 01:25:27,1958.3807884999987,68318849486e818ed2a04ceb606880cba28e487f,1395024,,,,,,,,,,,,,,,,,,,,,,,,,,,,,,,,,,,,,,,,,,,,,,,,,,,,,,,,,,,,,TN,TN
autoland,4768071,12,69b95d09da21c937720a8d3aaca237f47b683aa9,linux1804-64-shippable-qr,True,False,,,102210fe594ee9b33d82058545b1ed14f4c8206e,browser-toolbox.connect.DAMP,damp,True,damp browser-toolbox.connect.DAMP opt e10s fission stylo webrender-sw,4767235,77,ms,firefox,451764983.0,1862049885,2024-03-20 01:32:59,1953.7391620000053,7a63afba38385f81ed7a4a50322ed373e0ffe211,1395025,,,,,,,,,,,,,,,,,,,,,,,,,,,,,,,,,,,,,,,,,,,,,,,,,,,,,,,,,,,,,TN,TN
autoland,4768071,12,69b95d09da21c937720a8d3aaca237f47b683aa9,linux1804-64-shippable-qr,True,False,,,102210fe594ee9b33d82058545b1ed14f4c8206e,browser-toolbox.connect.DAMP,damp,True,damp browser-toolbox.connect.DAMP opt e10s fission stylo webrender-sw,4767235,77,ms,firefox,451764990.0,1862048657,2024-03-20 01:50:16,1951.9281580000095,d28cce16aa12c7123d414062a9a66e29278cca2f,1395032,,,,,,,,,,,,,,,,,,,,,,,,,,,,,,,,,,,,,,,,,,,,,,,,,,,,,,,,,,,,,TN,TN
autoland,4768071,12,69b95d09da21c937720a8d3aaca237f47b683aa9,linux1804-64-shippable-qr,True,False,,,102210fe594ee9b33d82058545b1ed14f4c8206e,browser-toolbox.connect.DAMP,damp,True,damp browser-toolbox.connect.DAMP opt e10s fission stylo webrender-sw,4767235,77,ms,firefox,451764992.0,1862050014,2024-03-20 01:56:45,1955.77952299999,03cadc90769273057584952fcbe760e37302a7bd,1395033,,,,,,,,,,,,,,,,,,,,,,,,,,,,,,,,,,,,,,,,,,,,,,,,,,,,,,,,,,,,,TN,TN
autoland,4768071,12,69b95d09da21c937720a8d3aaca237f47b683aa9,linux1804-64-shippable-qr,True,False,,,102210fe594ee9b33d82058545b1ed14f4c8206e,browser-toolbox.connect.DAMP,damp,True,damp browser-toolbox.connect.DAMP opt e10s fission stylo webrender-sw,4767235,77,ms,firefox,451764999.0,1862048331,2024-03-20 02:26:54,1941.812005000007,4292b51bf30698770a79cb08bd95770de2353599,1395038,,,,,,,,,,,,,,,,,,,,,,,,,,,,,,,,,,,,,,,,,,,,,,,,,,,,,,,,,,,,,TN,TN
autoland,4768071,12,69b95d09da21c937720a8d3aaca237f47b683aa9,linux1804-64-shippable-qr,True,False,,,102210fe594ee9b33d82058545b1ed14f4c8206e,browser-toolbox.connect.DAMP,damp,True,damp browser-toolbox.connect.DAMP opt e10s fission stylo webrender-sw,4767235,77,ms,firefox,451431265.0,1860808170,2024-03-20 06:31:28,1981.9022385000133,dbb1856b4f3345f0353d4ea33ed0f83a90420827,1395067,,,,,,,,,,,,,,,,,,,,,,,,,,,,,,,,,,,,,,,,,,,,,,,,,,,,,,,,,,,,,TN,TN
autoland,4768071,12,69b95d09da21c937720a8d3aaca237f47b683aa9,linux1804-64-shippable-qr,True,False,,,102210fe594ee9b33d82058545b1ed14f4c8206e,browser-toolbox.connect.DAMP,damp,True,damp browser-toolbox.connect.DAMP opt e10s fission stylo webrender-sw,4767235,77,ms,firefox,451836149.0,1862229186,2024-03-20 07:04:23,1946.3733094999625,8bcc9c90f297db66d42580bf2c0ba809f13eac5a,1395069,,,,,,,,,,,,,,,,,,,,,,,,,,,,,,,,,,,,,,,,,,,,,,,,,,,,,,,,,,,,,TN,TN
autoland,4768071,12,69b95d09da21c937720a8d3aaca237f47b683aa9,linux1804-64-shippable-qr,True,False,,,102210fe594ee9b33d82058545b1ed14f4c8206e,browser-toolbox.connect.DAMP,damp,True,damp browser-toolbox.connect.DAMP opt e10s fission stylo webrender-sw,4767235,77,ms,firefox,451836153.0,1862229325,2024-03-20 07:29:29,1972.7471570000048,68345c99f49332190ac0695e77c508d32fd901c3,1395071,,,,,,,,,,,,,,,,,,,,,,,,,,,,,,,,,,,,,,,,,,,,,,,,,,,,,,,,,,,,,TN,TN
autoland,4768071,12,69b95d09da21c937720a8d3aaca237f47b683aa9,linux1804-64-shippable-qr,True,False,,,102210fe594ee9b33d82058545b1ed14f4c8206e,browser-toolbox.connect.DAMP,damp,True,damp browser-toolbox.connect.DAMP opt e10s fission stylo webrender-sw,4767235,77,ms,firefox,451836181.0,1862229437,2024-03-20 07:40:09,1947.0836729999864,dbac7c3a1c9165c919c9507112daab43c8405410,1395072,,,,,,,,,,,,,,,,,,,,,,,,,,,,,,,,,,,,,,,,,,,,,,,,,,,,,,,,,,,,,TN,TN
autoland,4768071,12,69b95d09da21c937720a8d3aaca237f47b683aa9,linux1804-64-shippable-qr,True,False,,,102210fe594ee9b33d82058545b1ed14f4c8206e,browser-toolbox.connect.DAMP,damp,True,damp browser-toolbox.connect.DAMP opt e10s fission stylo webrender-sw,4767235,77,ms,firefox,451836190.0,1862229868,2024-03-20 08:53:50,1946.8962649999885,0d744e313b06da21382b85fb18e99982d69b2a14,1395088,,,,,,,,,,,,,,,,,,,,,,,,,,,,,,,,,,,,,,,,,,,,,,,,,,,,,,,,,,,,,TN,TN
autoland,4768071,12,69b95d09da21c937720a8d3aaca237f47b683aa9,linux1804-64-shippable-qr,True,False,,,102210fe594ee9b33d82058545b1ed14f4c8206e,browser-toolbox.connect.DAMP,damp,True,damp browser-toolbox.connect.DAMP opt e10s fission stylo webrender-sw,4767235,77,ms,firefox,451836220.0,1862231618,2024-03-20 09:53:37,1964.898601500012,5df2e949b302ee3b2a6898a23c9b87cd35d78e11,1395096,,,,,,,,,,,,,,,,,,,,,,,,,,,,,,,,,,,,,,,,,,,,,,,,,,,,,,,,,,,,,TN,TN
autoland,4768071,12,69b95d09da21c937720a8d3aaca237f47b683aa9,linux1804-64-shippable-qr,True,False,,,102210fe594ee9b33d82058545b1ed14f4c8206e,browser-toolbox.connect.DAMP,damp,True,damp browser-toolbox.connect.DAMP opt e10s fission stylo webrender-sw,4767235,77,ms,firefox,451836280.0,1862230520,2024-03-20 10:02:30,1970.875142999983,73713e3da2fcf1b0f855fcee7689d21003bcc59c,1395097,,,,,,,,,,,,,,,,,,,,,,,,,,,,,,,,,,,,,,,,,,,,,,,,,,,,,,,,,,,,,TN,TN
autoland,4768071,12,69b95d09da21c937720a8d3aaca237f47b683aa9,linux1804-64-shippable-qr,True,False,,,102210fe594ee9b33d82058545b1ed14f4c8206e,browser-toolbox.connect.DAMP,damp,True,damp browser-toolbox.connect.DAMP opt e10s fission stylo webrender-sw,4767235,77,ms,firefox,451836295.0,1862231105,2024-03-20 10:07:52,1947.684103000014,e58e23775c0a1b4fce3e01230a4553cea55960f2,1395101,,,,,,,,,,,,,,,,,,,,,,,,,,,,,,,,,,,,,,,,,,,,,,,,,,,,,,,,,,,,,TN,TN
autoland,4768071,12,69b95d09da21c937720a8d3aaca237f47b683aa9,linux1804-64-shippable-qr,True,False,,,102210fe594ee9b33d82058545b1ed14f4c8206e,browser-toolbox.connect.DAMP,damp,True,damp browser-toolbox.connect.DAMP opt e10s fission stylo webrender-sw,4767235,77,ms,firefox,451836385.0,1862231357,2024-03-20 10:10:53,1913.433046500053,84babf8e4e49f53578dcfff815531486760e67ad,1395102,,,,,,,,,,,,,,,,,,,,,,,,,,,,,,,,,,,,,,,,,,,,,,,,,,,,,,,,,,,,,TN,TN
autoland,4768071,12,69b95d09da21c937720a8d3aaca237f47b683aa9,linux1804-64-shippable-qr,True,False,,,102210fe594ee9b33d82058545b1ed14f4c8206e,browser-toolbox.connect.DAMP,damp,True,damp browser-toolbox.connect.DAMP opt e10s fission stylo webrender-sw,4767235,77,ms,firefox,451458740.0,1860952249,2024-03-20 10:14:04,1974.3330324999988,89f62e190e69ddb95685488010b5807b31491168,1395103,,,,,,,,,,,,,,,,,,,,,,,,,,,,,,,,,,,,,,,,,,,,,,,,,,,,,,,,,,,,,TN,TN
autoland,4768071,12,69b95d09da21c937720a8d3aaca237f47b683aa9,linux1804-64-shippable-qr,True,False,,,102210fe594ee9b33d82058545b1ed14f4c8206e,browser-toolbox.connect.DAMP,damp,True,damp browser-toolbox.connect.DAMP opt e10s fission stylo webrender-sw,4767235,77,ms,firefox,451836151.0,1862229105,2024-03-20 13:13:20,1871.5251479999931,8358dc9880c4c5f98a632c60bbe00404dfdff68b,1395165,,,,,,,,,,,,,,,,,,,,,,,,,,,,,,,,,,,,,,,,,,,,,,,,,,,,,,,,,,,,,TN,TN
autoland,4768071,12,69b95d09da21c937720a8d3aaca237f47b683aa9,linux1804-64-shippable-qr,True,False,,,102210fe594ee9b33d82058545b1ed14f4c8206e,browser-toolbox.connect.DAMP,damp,True,damp browser-toolbox.connect.DAMP opt e10s fission stylo webrender-sw,4767235,77,ms,firefox,451836158.0,1862229493,2024-03-20 13:25:25,1859.1096445000148,ba48b824fb4060555083e0d2dc4cb00a486d41ee,1395170,,,,,,,,,,,,,,,,,,,,,,,,,,,,,,,,,,,,,,,,,,,,,,,,,,,,,,,,,,,,,TN,TN
autoland,4768071,12,69b95d09da21c937720a8d3aaca237f47b683aa9,linux1804-64-shippable-qr,True,False,,,102210fe594ee9b33d82058545b1ed14f4c8206e,browser-toolbox.connect.DAMP,damp,True,damp browser-toolbox.connect.DAMP opt e10s fission stylo webrender-sw,4767235,77,ms,firefox,451836185.0,1862229344,2024-03-20 13:28:41,1864.0735750000315,8eb7b62278abdd1879878cc07955c579617203e5,1395172,,,,,,,,,,,,,,,,,,,,,,,,,,,,,,,,,,,,,,,,,,,,,,,,,,,,,,,,,,,,,TN,TN
autoland,4768071,12,69b95d09da21c937720a8d3aaca237f47b683aa9,linux1804-64-shippable-qr,True,False,,,102210fe594ee9b33d82058545b1ed14f4c8206e,browser-toolbox.connect.DAMP,damp,True,damp browser-toolbox.connect.DAMP opt e10s fission stylo webrender-sw,4767235,77,ms,firefox,451836191.0,1862230165,2024-03-20 13:29:47,1921.8090014999907,1d39266eb67d69c316699ba04ac002d21e8b2219,1395173,,,,,,,,,,,,,,,,,,,,,,,,,,,,,,,,,,,,,,,,,,,,,,,,,,,,,,,,,,,,,TN,TN
autoland,4768071,12,69b95d09da21c937720a8d3aaca237f47b683aa9,linux1804-64-shippable-qr,True,False,,,102210fe594ee9b33d82058545b1ed14f4c8206e,browser-toolbox.connect.DAMP,damp,True,damp browser-toolbox.connect.DAMP opt e10s fission stylo webrender-sw,4767235,77,ms,firefox,451836216.0,1862230468,2024-03-20 13:30:50,1868.6436094999808,350ce1850786f9e234e2a34255a176b8241ce910,1395174,,,,,,,,,,,,,,,,,,,,,,,,,,,,,,,,,,,,,,,,,,,,,,,,,,,,,,,,,,,,,TN,TN
autoland,4768071,12,69b95d09da21c937720a8d3aaca237f47b683aa9,linux1804-64-shippable-qr,True,False,,,102210fe594ee9b33d82058545b1ed14f4c8206e,browser-toolbox.connect.DAMP,damp,True,damp browser-toolbox.connect.DAMP opt e10s fission stylo webrender-sw,4767235,77,ms,firefox,451836255.0,1862231862,2024-03-20 13:31:39,1941.671190499983,671417c0f7612746898456292836658e1d5acbf8,1395176,,,,,,,,,,,,,,,,,,,,,,,,,,,,,,,,,,,,,,,,,,,,,,,,,,,,,,,,,,,,,TN,TN
autoland,4768071,12,69b95d09da21c937720a8d3aaca237f47b683aa9,linux1804-64-shippable-qr,True,False,,,102210fe594ee9b33d82058545b1ed14f4c8206e,browser-toolbox.connect.DAMP,damp,True,damp browser-toolbox.connect.DAMP opt e10s fission stylo webrender-sw,4767235,77,ms,firefox,451836283.0,1862231541,2024-03-20 13:32:32,1941.2403780000025,37976874eb0ca75011e9bf642c09291ba2d2dce1,1395177,,,,,,,,,,,,,,,,,,,,,,,,,,,,,,,,,,,,,,,,,,,,,,,,,,,,,,,,,,,,,TN,TN
autoland,4768071,12,69b95d09da21c937720a8d3aaca237f47b683aa9,linux1804-64-shippable-qr,True,False,,,102210fe594ee9b33d82058545b1ed14f4c8206e,browser-toolbox.connect.DAMP,damp,True,damp browser-toolbox.connect.DAMP opt e10s fission stylo webrender-sw,4767235,77,ms,firefox,451836371.0,1862231706,2024-03-20 13:43:43,1917.7426284999965,44e59a55d8ce270ab69b912b9afb82e070fef2df,1395181,,,,,,,,,,,,,,,,,,,,,,,,,,,,,,,,,,,,,,,,,,,,,,,,,,,,,,,,,,,,,TN,TN
autoland,4768071,12,69b95d09da21c937720a8d3aaca237f47b683aa9,linux1804-64-shippable-qr,True,False,,,102210fe594ee9b33d82058545b1ed14f4c8206e,browser-toolbox.connect.DAMP,damp,True,damp browser-toolbox.connect.DAMP opt e10s fission stylo webrender-sw,4767235,77,ms,firefox,451836376.0,1862230770,2024-03-20 13:49:37,1865.7920739999968,93440fefa92181dad3d75e191b89ffb57831f1e1,1395184,,,,,,,,,,,,,,,,,,,,,,,,,,,,,,,,,,,,,,,,,,,,,,,,,,,,,,,,,,,,,TN,TN
autoland,4768071,12,69b95d09da21c937720a8d3aaca237f47b683aa9,linux1804-64-shippable-qr,True,False,,,102210fe594ee9b33d82058545b1ed14f4c8206e,browser-toolbox.connect.DAMP,damp,True,damp browser-toolbox.connect.DAMP opt e10s fission stylo webrender-sw,4767235,77,ms,firefox,451513109.0,1861053331,2024-03-20 14:37:05,1894.0302220000008,533a3c2e587f7ea99fde847c499dbb77d1d7c623,1395197,1883.79,mozilla-ldap/nchevobbe@mozilla.com,89f62e190e69ddb95685488010b5807b31491168,41961.0,3.35,,1949.15,2024-03-29 14:35:45.369433,False,12.0,12.0,,|191903|191912|192096|192178|192028|192029|192013|192064|,,1395103.0,5.0,1395197.0,4.0,,69b95d09da21c937720a8d3aaca237f47b683aa9,,linux1804-64-shippable-qr,1713093.0,autoland,2024-03-28 23:53:18.513339,,1.0,-65.36,191939.0,ms,,,41961.0,102210fe594ee9b33d82058545b1ed14f4c8206e,,False,False,nchevobbe@mozilla.com,,,,2024-03-21 23:53:18.513339,,,browser-toolbox.connect.DAMP,OUTLIERS,True,533a3c2e587f7ea99fde847c499dbb77d1d7c623,,2024-03-29 14:37:11.511289,,,False,,7.4,damp,"e10s, fission, stylo, webrender-sw",,,2024-03-26 23:53:18.513339,SP,TP
autoland,4768071,12,69b95d09da21c937720a8d3aaca237f47b683aa9,linux1804-64-shippable-qr,True,False,,,102210fe594ee9b33d82058545b1ed14f4c8206e,browser-toolbox.connect.DAMP,damp,True,damp browser-toolbox.connect.DAMP opt e10s fission stylo webrender-sw,4767235,77,ms,firefox,451836180.0,1862229987,2024-03-20 15:58:41,1933.2760500000004,538aa6838630426342580bd8ea1330e0fcf3d56c,1395230,,,,,,,,,,,,,,,,,,,,,,,,,,,,,,,,,,,,,,,,,,,,,,,,,,,,,,,,,,,,,TN,TN
autoland,4768071,12,69b95d09da21c937720a8d3aaca237f47b683aa9,linux1804-64-shippable-qr,True,False,,,102210fe594ee9b33d82058545b1ed14f4c8206e,browser-toolbox.connect.DAMP,damp,True,damp browser-toolbox.connect.DAMP opt e10s fission stylo webrender-sw,4767235,77,ms,firefox,451847444.0,1862333542,2024-03-20 15:59:40,1867.446829500026,df5fdbb9e3ec967ce01d97c4b36e86a8e6091ed7,1395231,,,,,,,,,,,,,,,,,,,,,,,,,,,,,,,,,,,,,,,,,,,,,,,,,,,,,,,,,,,,,TN,TN
autoland,4768071,12,69b95d09da21c937720a8d3aaca237f47b683aa9,linux1804-64-shippable-qr,True,False,,,102210fe594ee9b33d82058545b1ed14f4c8206e,browser-toolbox.connect.DAMP,damp,True,damp browser-toolbox.connect.DAMP opt e10s fission stylo webrender-sw,4767235,77,ms,firefox,451848722.0,1862334417,2024-03-20 16:01:16,1936.7878289999933,c20f0824784d9833578ec644ce46157bbe560a7b,1395232,,,,,,,,,,,,,,,,,,,,,,,,,,,,,,,,,,,,,,,,,,,,,,,,,,,,,,,,,,,,,TN,TN
autoland,4768071,12,69b95d09da21c937720a8d3aaca237f47b683aa9,linux1804-64-shippable-qr,True,False,,,102210fe594ee9b33d82058545b1ed14f4c8206e,browser-toolbox.connect.DAMP,damp,True,damp browser-toolbox.connect.DAMP opt e10s fission stylo webrender-sw,4767235,77,ms,firefox,451848149.0,1862334098,2024-03-20 16:03:13,1854.2169830000057,0e4f6cf9e32b27d5e4fd408578af13ff8ff6550a,1395234,,,,,,,,,,,,,,,,,,,,,,,,,,,,,,,,,,,,,,,,,,,,,,,,,,,,,,,,,,,,,TN,TN
autoland,4768071,12,69b95d09da21c937720a8d3aaca237f47b683aa9,linux1804-64-shippable-qr,True,False,,,102210fe594ee9b33d82058545b1ed14f4c8206e,browser-toolbox.connect.DAMP,damp,True,damp browser-toolbox.connect.DAMP opt e10s fission stylo webrender-sw,4767235,77,ms,firefox,451847447.0,1862333761,2024-03-20 16:04:00,1877.739382500004,0aef981ee343926667cc81dbe4c2e34f23b3c03b,1395236,,,,,,,,,,,,,,,,,,,,,,,,,,,,,,,,,,,,,,,,,,,,,,,,,,,,,,,,,,,,,TN,TN
autoland,4768071,12,69b95d09da21c937720a8d3aaca237f47b683aa9,linux1804-64-shippable-qr,True,False,,,102210fe594ee9b33d82058545b1ed14f4c8206e,browser-toolbox.connect.DAMP,damp,True,damp browser-toolbox.connect.DAMP opt e10s fission stylo webrender-sw,4767235,77,ms,firefox,451836301.0,1862230905,2024-03-20 16:05:10,1894.0580129999728,83209c4fd4a8ea8fbb10c02082c2a458263b64a2,1395238,,,,,,,,,,,,,,,,,,,,,,,,,,,,,,,,,,,,,,,,,,,,,,,,,,,,,,,,,,,,,TN,TN
autoland,4768071,12,69b95d09da21c937720a8d3aaca237f47b683aa9,linux1804-64-shippable-qr,True,False,,,102210fe594ee9b33d82058545b1ed14f4c8206e,browser-toolbox.connect.DAMP,damp,True,damp browser-toolbox.connect.DAMP opt e10s fission stylo webrender-sw,4767235,77,ms,firefox,451847801.0,1862333672,2024-03-20 16:06:03,1940.63165450003,6af31d6cb21a238bdf08e5abf7c2583458363776,1395240,,,,,,,,,,,,,,,,,,,,,,,,,,,,,,,,,,,,,,,,,,,,,,,,,,,,,,,,,,,,,TN,TN
autoland,4768071,12,69b95d09da21c937720a8d3aaca237f47b683aa9,linux1804-64-shippable-qr,True,False,,,102210fe594ee9b33d82058545b1ed14f4c8206e,browser-toolbox.connect.DAMP,damp,True,damp browser-toolbox.connect.DAMP opt e10s fission stylo webrender-sw,4767235,77,ms,firefox,451849309.0,1862331991,2024-03-20 16:47:00,1523.5288879999716,71cf757947c4c6f9481e1ef3dc7eb1afc0b99a43,1395251,,,,,,,,,,,,,,,,,,,,,,,,,,,,,,,,,,,,,,,,,,,,,,,,,,,,,,,,,,,,,TN,TN
autoland,4768071,12,69b95d09da21c937720a8d3aaca237f47b683aa9,linux1804-64-shippable-qr,True,False,,,102210fe594ee9b33d82058545b1ed14f4c8206e,browser-toolbox.connect.DAMP,damp,True,damp browser-toolbox.connect.DAMP opt e10s fission stylo webrender-sw,4767235,77,ms,firefox,451850283.0,1862334643,2024-03-20 16:48:54,1835.6545474999875,c82ea4f23c921fea9bcd2cd7f2361e0831710f25,1395252,,,,,,,,,,,,,,,,,,,,,,,,,,,,,,,,,,,,,,,,,,,,,,,,,,,,,,,,,,,,,TN,TN
autoland,4768071,12,69b95d09da21c937720a8d3aaca237f47b683aa9,linux1804-64-shippable-qr,True,False,,,102210fe594ee9b33d82058545b1ed14f4c8206e,browser-toolbox.connect.DAMP,damp,True,damp browser-toolbox.connect.DAMP opt e10s fission stylo webrender-sw,4767235,77,ms,firefox,451537199.0,1861141217,2024-03-20 16:49:51,1913.5932165000413,44ee710d3a49501b5b000c7e0f6d2167c47ac041,1395254,,,,,,,,,,,,,,,,,,,,,,,,,,,,,,,,,,,,,,,,,,,,,,,,,,,,,,,,,,,,,TN,TN
autoland,4768071,12,69b95d09da21c937720a8d3aaca237f47b683aa9,linux1804-64-shippable-qr,True,False,,,102210fe594ee9b33d82058545b1ed14f4c8206e,browser-toolbox.connect.DAMP,damp,True,damp browser-toolbox.connect.DAMP opt e10s fission stylo webrender-sw,4767235,77,ms,firefox,451836162.0,1862230089,2024-03-20 18:01:43,1888.5959255000344,0f817dd8e7be4648429c118c58f20e890da99372,1395287,,,,,,,,,,,,,,,,,,,,,,,,,,,,,,,,,,,,,,,,,,,,,,,,,,,,,,,,,,,,,TN,TN
autoland,4768071,12,69b95d09da21c937720a8d3aaca237f47b683aa9,linux1804-64-shippable-qr,True,False,,,102210fe594ee9b33d82058545b1ed14f4c8206e,browser-toolbox.connect.DAMP,damp,True,damp browser-toolbox.connect.DAMP opt e10s fission stylo webrender-sw,4767235,77,ms,firefox,451847687.0,1862333608,2024-03-20 18:15:15,1853.6039730000048,426dcbcf85175809c1c281428a304a49b2c2bfeb,1395291,,,,,,,,,,,,,,,,,,,,,,,,,,,,,,,,,,,,,,,,,,,,,,,,,,,,,,,,,,,,,TN,TN
autoland,4768071,12,69b95d09da21c937720a8d3aaca237f47b683aa9,linux1804-64-shippable-qr,True,False,,,102210fe594ee9b33d82058545b1ed14f4c8206e,browser-toolbox.connect.DAMP,damp,True,damp browser-toolbox.connect.DAMP opt e10s fission stylo webrender-sw,4767235,77,ms,firefox,451846990.0,1862324482,2024-03-20 18:38:10,1874.2052369999876,4d8eeaeae0bd51a9158451d45d4bc3dbcb610186,1395297,,,,,,,,,,,,,,,,,,,,,,,,,,,,,,,,,,,,,,,,,,,,,,,,,,,,,,,,,,,,,TN,TN
autoland,4768071,12,69b95d09da21c937720a8d3aaca237f47b683aa9,linux1804-64-shippable-qr,True,False,,,102210fe594ee9b33d82058545b1ed14f4c8206e,browser-toolbox.connect.DAMP,damp,True,damp browser-toolbox.connect.DAMP opt e10s fission stylo webrender-sw,4767235,77,ms,firefox,451836289.0,1862231414,2024-03-20 18:56:27,1921.691301999963,25852a1e2059b931608f1b67733e991b749a2b26,1395304,,,,,,,,,,,,,,,,,,,,,,,,,,,,,,,,,,,,,,,,,,,,,,,,,,,,,,,,,,,,,TN,TN
autoland,4768071,12,69b95d09da21c937720a8d3aaca237f47b683aa9,linux1804-64-shippable-qr,True,False,,,102210fe594ee9b33d82058545b1ed14f4c8206e,browser-toolbox.connect.DAMP,damp,True,damp browser-toolbox.connect.DAMP opt e10s fission stylo webrender-sw,4767235,77,ms,firefox,451848181.0,1862333999,2024-03-20 18:57:19,1901.4777409999951,ab1dbe40e248df43ae6326581241d232fd947f87,1395305,,,,,,,,,,,,,,,,,,,,,,,,,,,,,,,,,,,,,,,,,,,,,,,,,,,,,,,,,,,,,TN,TN
autoland,4768071,12,69b95d09da21c937720a8d3aaca237f47b683aa9,linux1804-64-shippable-qr,True,False,,,102210fe594ee9b33d82058545b1ed14f4c8206e,browser-toolbox.connect.DAMP,damp,True,damp browser-toolbox.connect.DAMP opt e10s fission stylo webrender-sw,4767235,77,ms,firefox,451847695.0,1862333833,2024-03-20 18:58:10,1873.5426420000003,c885999ff37eb6c56456a64da2cdfe2c3c2907cf,1395307,,,,,,,,,,,,,,,,,,,,,,,,,,,,,,,,,,,,,,,,,,,,,,,,,,,,,,,,,,,,,TN,TN
autoland,4768071,12,69b95d09da21c937720a8d3aaca237f47b683aa9,linux1804-64-shippable-qr,True,False,,,102210fe594ee9b33d82058545b1ed14f4c8206e,browser-toolbox.connect.DAMP,damp,True,damp browser-toolbox.connect.DAMP opt e10s fission stylo webrender-sw,4767235,77,ms,firefox,451848218.0,1862334155,2024-03-20 18:59:04,1887.0642120000264,2fd3caca3a9c3f11f8a5bb54fc1bf8aaa34b887c,1395308,,,,,,,,,,,,,,,,,,,,,,,,,,,,,,,,,,,,,,,,,,,,,,,,,,,,,,,,,,,,,TN,TN
autoland,4768071,12,69b95d09da21c937720a8d3aaca237f47b683aa9,linux1804-64-shippable-qr,True,False,,,102210fe594ee9b33d82058545b1ed14f4c8206e,browser-toolbox.connect.DAMP,damp,True,damp browser-toolbox.connect.DAMP opt e10s fission stylo webrender-sw,4767235,77,ms,firefox,451848798.0,1862334450,2024-03-20 18:59:56,1927.7796155000103,39a7301123bd50b57f09340876af7c8909078f98,1395309,,,,,,,,,,,,,,,,,,,,,,,,,,,,,,,,,,,,,,,,,,,,,,,,,,,,,,,,,,,,,TN,TN
autoland,4768071,12,69b95d09da21c937720a8d3aaca237f47b683aa9,linux1804-64-shippable-qr,True,False,,,102210fe594ee9b33d82058545b1ed14f4c8206e,browser-toolbox.connect.DAMP,damp,True,damp browser-toolbox.connect.DAMP opt e10s fission stylo webrender-sw,4767235,77,ms,firefox,451552892.0,1861211834,2024-03-20 19:06:24,1862.4621240000124,a54ceb09cf6c6289a4353feb9c3cb771a7651bd0,1395310,,,,,,,,,,,,,,,,,,,,,,,,,,,,,,,,,,,,,,,,,,,,,,,,,,,,,,,,,,,,,TN,TN
autoland,4768071,12,69b95d09da21c937720a8d3aaca237f47b683aa9,linux1804-64-shippable-qr,True,False,,,102210fe594ee9b33d82058545b1ed14f4c8206e,browser-toolbox.connect.DAMP,damp,True,damp browser-toolbox.connect.DAMP opt e10s fission stylo webrender-sw,4767235,77,ms,firefox,451593225.0,1861410468,2024-03-20 21:30:57,1872.2822990000127,7e65c2e3fa5893e80c6f6f8ef4deef5861f82edc,1395367,,,,,,,,,,,,,,,,,,,,,,,,,,,,,,,,,,,,,,,,,,,,,,,,,,,,,,,,,,,,,TN,TN
autoland,4768071,12,69b95d09da21c937720a8d3aaca237f47b683aa9,linux1804-64-shippable-qr,True,False,,,102210fe594ee9b33d82058545b1ed14f4c8206e,browser-toolbox.connect.DAMP,damp,True,damp browser-toolbox.connect.DAMP opt e10s fission stylo webrender-sw,4767235,77,ms,firefox,451608011.0,1861449745,2024-03-21 02:02:41,1910.7645390000107,cd39ad6d1934b2a8d659607d5fc0c1f88df011ba,1395495,,,,,,,,,,,,,,,,,,,,,,,,,,,,,,,,,,,,,,,,,,,,,,,,,,,,,,,,,,,,,TN,TN
autoland,4768071,12,69b95d09da21c937720a8d3aaca237f47b683aa9,linux1804-64-shippable-qr,True,False,,,102210fe594ee9b33d82058545b1ed14f4c8206e,browser-toolbox.connect.DAMP,damp,True,damp browser-toolbox.connect.DAMP opt e10s fission stylo webrender-sw,4767235,77,ms,firefox,451622354.0,1861549617,2024-03-21 06:23:30,1863.2348424999943,ed7ada93d4ad18f5c9f613bf5ce8d5f89bdaa140,1395640,,,,,,,,,,,,,,,,,,,,,,,,,,,,,,,,,,,,,,,,,,,,,,,,,,,,,,,,,,,,,TN,TN
autoland,4768071,12,69b95d09da21c937720a8d3aaca237f47b683aa9,linux1804-64-shippable-qr,True,False,,,102210fe594ee9b33d82058545b1ed14f4c8206e,browser-toolbox.connect.DAMP,damp,True,damp browser-toolbox.connect.DAMP opt e10s fission stylo webrender-sw,4767235,77,ms,firefox,451640524.0,1861605048,2024-03-21 08:38:48,1927.0062545000253,335ba8ea2f56243d2cb6a5bc7aa4d0d0f3c415c7,1395685,,,,,,,,,,,,,,,,,,,,,,,,,,,,,,,,,,,,,,,,,,,,,,,,,,,,,,,,,,,,,TN,TN
autoland,4768071,12,69b95d09da21c937720a8d3aaca237f47b683aa9,linux1804-64-shippable-qr,True,False,,,102210fe594ee9b33d82058545b1ed14f4c8206e,browser-toolbox.connect.DAMP,damp,True,damp browser-toolbox.connect.DAMP opt e10s fission stylo webrender-sw,4767235,77,ms,firefox,451689911.0,1861784261,2024-03-21 12:46:07,1860.44020300002,d90b4451e543266ae9d98982a92dafa311c75db6,1395897,,,,,,,,,,,,,,,,,,,,,,,,,,,,,,,,,,,,,,,,,,,,,,,,,,,,,,,,,,,,,TN,TN
autoland,4768071,12,69b95d09da21c937720a8d3aaca237f47b683aa9,linux1804-64-shippable-qr,True,False,,,102210fe594ee9b33d82058545b1ed14f4c8206e,browser-toolbox.connect.DAMP,damp,True,damp browser-toolbox.connect.DAMP opt e10s fission stylo webrender-sw,4767235,77,ms,firefox,451692021.0,1861813175,2024-03-21 13:53:06,1857.487834499996,dbfd6042b4d2b3a3b509b22f41276fdfdd6a17b0,1395978,,,,,,,,,,,,,,,,,,,,,,,,,,,,,,,,,,,,,,,,,,,,,,,,,,,,,,,,,,,,,TN,TN
autoland,4768071,12,69b95d09da21c937720a8d3aaca237f47b683aa9,linux1804-64-shippable-qr,True,False,,,102210fe594ee9b33d82058545b1ed14f4c8206e,browser-toolbox.connect.DAMP,damp,True,damp browser-toolbox.connect.DAMP opt e10s fission stylo webrender-sw,4767235,77,ms,firefox,451743396.0,1861970028,2024-03-21 17:29:27,1901.7154970000336,6a09c380e669a377e8254dd93ff3485ae0ec96c4,1396220,,,,,,,,,,,,,,,,,,,,,,,,,,,,,,,,,,,,,,,,,,,,,,,,,,,,,,,,,,,,,TN,TN
autoland,4768071,12,69b95d09da21c937720a8d3aaca237f47b683aa9,linux1804-64-shippable-qr,True,False,,,102210fe594ee9b33d82058545b1ed14f4c8206e,browser-toolbox.connect.DAMP,damp,True,damp browser-toolbox.connect.DAMP opt e10s fission stylo webrender-sw,4767235,77,ms,firefox,451747405.0,1861995455,2024-03-21 18:47:13,1868.7692829999576,c83258a2f5a9fd7b7107508c07827d9aa1a83035,1396360,,,,,,,,,,,,,,,,,,,,,,,,,,,,,,,,,,,,,,,,,,,,,,,,,,,,,,,,,,,,,TN,TN
autoland,4768071,12,69b95d09da21c937720a8d3aaca237f47b683aa9,linux1804-64-shippable-qr,True,False,,,102210fe594ee9b33d82058545b1ed14f4c8206e,browser-toolbox.connect.DAMP,damp,True,damp browser-toolbox.connect.DAMP opt e10s fission stylo webrender-sw,4767235,77,ms,firefox,451769476.0,1862069169,2024-03-21 21:19:12,1873.6760014999963,3e3e5631944ec7d9d81a7c8ca0c3b5998ad044b3,1396573,,,,,,,,,,,,,,,,,,,,,,,,,,,,,,,,,,,,,,,,,,,,,,,,,,,,,,,,,,,,,TN,TN
autoland,4768071,12,69b95d09da21c937720a8d3aaca237f47b683aa9,linux1804-64-shippable-qr,True,False,,,102210fe594ee9b33d82058545b1ed14f4c8206e,browser-toolbox.connect.DAMP,damp,True,damp browser-toolbox.connect.DAMP opt e10s fission stylo webrender-sw,4767235,77,ms,firefox,451831293.0,1862211482,2024-03-22 02:33:11,1944.6565295000328,a64d6cbeaa4f78ec1f700f6123469eb1b3a31608,1396939,,,,,,,,,,,,,,,,,,,,,,,,,,,,,,,,,,,,,,,,,,,,,,,,,,,,,,,,,,,,,TN,TN
autoland,4768071,12,69b95d09da21c937720a8d3aaca237f47b683aa9,linux1804-64-shippable-qr,True,False,,,102210fe594ee9b33d82058545b1ed14f4c8206e,browser-toolbox.connect.DAMP,damp,True,damp browser-toolbox.connect.DAMP opt e10s fission stylo webrender-sw,4767235,77,ms,firefox,451847328.0,1862331519,2024-03-22 05:34:14,1893.218915999998,5d6efea5e0bbc9c3cb2231d09450c2c7dd045122,1397066,,,,,,,,,,,,,,,,,,,,,,,,,,,,,,,,,,,,,,,,,,,,,,,,,,,,,,,,,,,,,TN,TN
autoland,4768071,12,69b95d09da21c937720a8d3aaca237f47b683aa9,linux1804-64-shippable-qr,True,False,,,102210fe594ee9b33d82058545b1ed14f4c8206e,browser-toolbox.connect.DAMP,damp,True,damp browser-toolbox.connect.DAMP opt e10s fission stylo webrender-sw,4767235,77,ms,firefox,451876849.0,1862477537,2024-03-22 10:08:21,1868.3452899999972,48b19f0a3ca9e2d02e502182cb41095a870c3c30,1397249,,,,,,,,,,,,,,,,,,,,,,,,,,,,,,,,,,,,,,,,,,,,,,,,,,,,,,,,,,,,,TN,TN
autoland,4768071,12,69b95d09da21c937720a8d3aaca237f47b683aa9,linux1804-64-shippable-qr,True,False,,,102210fe594ee9b33d82058545b1ed14f4c8206e,browser-toolbox.connect.DAMP,damp,True,damp browser-toolbox.connect.DAMP opt e10s fission stylo webrender-sw,4767235,77,ms,firefox,451915044.0,1862627299,2024-03-22 13:22:55,1908.0858800000133,640f274ba8d721083e3a62631c1c96e652d0965c,1397337,,,,,,,,,,,,,,,,,,,,,,,,,,,,,,,,,,,,,,,,,,,,,,,,,,,,,,,,,,,,,TN,TN
autoland,4768071,12,69b95d09da21c937720a8d3aaca237f47b683aa9,linux1804-64-shippable-qr,True,False,,,102210fe594ee9b33d82058545b1ed14f4c8206e,browser-toolbox.connect.DAMP,damp,True,damp browser-toolbox.connect.DAMP opt e10s fission stylo webrender-sw,4767235,77,ms,firefox,451951821.0,1862741033,2024-03-22 17:28:16,1892.3854575000005,d12a19660d53686074475ffbbed160cc788ebe05,1397524,,,,,,,,,,,,,,,,,,,,,,,,,,,,,,,,,,,,,,,,,,,,,,,,,,,,,,,,,,,,,TN,TN
autoland,4768071,12,69b95d09da21c937720a8d3aaca237f47b683aa9,linux1804-64-shippable-qr,True,False,,,102210fe594ee9b33d82058545b1ed14f4c8206e,browser-toolbox.connect.DAMP,damp,True,damp browser-toolbox.connect.DAMP opt e10s fission stylo webrender-sw,4767235,77,ms,firefox,451973212.0,1862840138,2024-03-22 22:43:04,1878.021472500004,a008405a9171acdb92d2997564e16713185f054f,1397682,,,,,,,,,,,,,,,,,,,,,,,,,,,,,,,,,,,,,,,,,,,,,,,,,,,,,,,,,,,,,TN,TN
autoland,4768071,12,69b95d09da21c937720a8d3aaca237f47b683aa9,linux1804-64-shippable-qr,True,False,,,102210fe594ee9b33d82058545b1ed14f4c8206e,browser-toolbox.connect.DAMP,damp,True,damp browser-toolbox.connect.DAMP opt e10s fission stylo webrender-sw,4767235,77,ms,firefox,451984364.0,1862911727,2024-03-23 04:11:22,1941.4999435000063,341c752f9f931ed8ca1220eb7006bdfcd026038e,1397768,,,,,,,,,,,,,,,,,,,,,,,,,,,,,,,,,,,,,,,,,,,,,,,,,,,,,,,,,,,,,TN,TN
autoland,4768071,12,69b95d09da21c937720a8d3aaca237f47b683aa9,linux1804-64-shippable-qr,True,False,,,102210fe594ee9b33d82058545b1ed14f4c8206e,browser-toolbox.connect.DAMP,damp,True,damp browser-toolbox.connect.DAMP opt e10s fission stylo webrender-sw,4767235,77,ms,firefox,451995677.0,1862965124,2024-03-23 08:45:37,1857.075764499976,7575296d6781e483bc76a289f68623eb548baac4,1397819,,,,,,,,,,,,,,,,,,,,,,,,,,,,,,,,,,,,,,,,,,,,,,,,,,,,,,,,,,,,,TN,TN
autoland,4768071,12,69b95d09da21c937720a8d3aaca237f47b683aa9,linux1804-64-shippable-qr,True,False,,,102210fe594ee9b33d82058545b1ed14f4c8206e,browser-toolbox.connect.DAMP,damp,True,damp browser-toolbox.connect.DAMP opt e10s fission stylo webrender-sw,4767235,77,ms,firefox,452017832.0,1863044562,2024-03-23 13:51:59,1864.9389535000155,47e43ed2bb6cad873900cd00ccf834a51f3dfe83,1397843,,,,,,,,,,,,,,,,,,,,,,,,,,,,,,,,,,,,,,,,,,,,,,,,,,,,,,,,,,,,,TN,TN
autoland,4768071,12,69b95d09da21c937720a8d3aaca237f47b683aa9,linux1804-64-shippable-qr,True,False,,,102210fe594ee9b33d82058545b1ed14f4c8206e,browser-toolbox.connect.DAMP,damp,True,damp browser-toolbox.connect.DAMP opt e10s fission stylo webrender-sw,4767235,77,ms,firefox,452028277.0,1863093094,2024-03-23 18:44:13,1940.9832750000128,69c342123c6fdb9190169823dd12a42a77559b9f,1397871,,,,,,,,,,,,,,,,,,,,,,,,,,,,,,,,,,,,,,,,,,,,,,,,,,,,,,,,,,,,,TN,TN
autoland,4768071,12,69b95d09da21c937720a8d3aaca237f47b683aa9,linux1804-64-shippable-qr,True,False,,,102210fe594ee9b33d82058545b1ed14f4c8206e,browser-toolbox.connect.DAMP,damp,True,damp browser-toolbox.connect.DAMP opt e10s fission stylo webrender-sw,4767235,77,ms,firefox,452047026.0,1863161798,2024-03-24 00:54:50,1829.900845999989,c43bc8bba8a808b2f5005002f96936afa3697b34,1397899,,,,,,,,,,,,,,,,,,,,,,,,,,,,,,,,,,,,,,,,,,,,,,,,,,,,,,,,,,,,,TN,TN
autoland,4768071,12,69b95d09da21c937720a8d3aaca237f47b683aa9,linux1804-64-shippable-qr,True,False,,,102210fe594ee9b33d82058545b1ed14f4c8206e,browser-toolbox.connect.DAMP,damp,True,damp browser-toolbox.connect.DAMP opt e10s fission stylo webrender-sw,4767235,77,ms,firefox,452055572.0,1863231827,2024-03-24 07:02:41,1873.4442874999804,fa1b327e74e89e08f7fff24dbb35f11e48736aab,1397916,,,,,,,,,,,,,,,,,,,,,,,,,,,,,,,,,,,,,,,,,,,,,,,,,,,,,,,,,,,,,TN,TN
autoland,4768071,12,69b95d09da21c937720a8d3aaca237f47b683aa9,linux1804-64-shippable-qr,True,False,,,102210fe594ee9b33d82058545b1ed14f4c8206e,browser-toolbox.connect.DAMP,damp,True,damp browser-toolbox.connect.DAMP opt e10s fission stylo webrender-sw,4767235,77,ms,firefox,452075103.0,1863300960,2024-03-24 11:13:54,1928.5115400000211,f0597fea22797603c0e45ec1c43433afa5ed6dcd,1397937,,,,,,,,,,,,,,,,,,,,,,,,,,,,,,,,,,,,,,,,,,,,,,,,,,,,,,,,,,,,,TN,TN
autoland,4768071,12,69b95d09da21c937720a8d3aaca237f47b683aa9,linux1804-64-shippable-qr,True,False,,,102210fe594ee9b33d82058545b1ed14f4c8206e,browser-toolbox.connect.DAMP,damp,True,damp browser-toolbox.connect.DAMP opt e10s fission stylo webrender-sw,4767235,77,ms,firefox,452092164.0,1863352754,2024-03-24 18:59:17,1948.3581324999975,6ec4249c788c48dc30dfb8737228af711e49fde2,1397954,,,,,,,,,,,,,,,,,,,,,,,,,,,,,,,,,,,,,,,,,,,,,,,,,,,,,,,,,,,,,TN,TN
autoland,4768071,12,69b95d09da21c937720a8d3aaca237f47b683aa9,linux1804-64-shippable-qr,True,False,,,102210fe594ee9b33d82058545b1ed14f4c8206e,browser-toolbox.connect.DAMP,damp,True,damp browser-toolbox.connect.DAMP opt e10s fission stylo webrender-sw,4767235,77,ms,firefox,452103484.0,1863393894,2024-03-24 23:02:44,1868.7751405000165,f16b84d2aab6142f8b4fd6de574e96c2f551ebc7,1397973,,,,,,,,,,,,,,,,,,,,,,,,,,,,,,,,,,,,,,,,,,,,,,,,,,,,,,,,,,,,,TN,TN
autoland,4768071,12,69b95d09da21c937720a8d3aaca237f47b683aa9,linux1804-64-shippable-qr,True,False,,,102210fe594ee9b33d82058545b1ed14f4c8206e,browser-toolbox.connect.DAMP,damp,True,damp browser-toolbox.connect.DAMP opt e10s fission stylo webrender-sw,4767235,77,ms,firefox,452115818.0,1863461203,2024-03-25 03:31:22,1893.9047950000024,19d905446a32ebc5b281e61c8ee49718ee784a25,1397989,,,,,,,,,,,,,,,,,,,,,,,,,,,,,,,,,,,,,,,,,,,,,,,,,,,,,,,,,,,,,TN,TN
autoland,4768071,12,69b95d09da21c937720a8d3aaca237f47b683aa9,linux1804-64-shippable-qr,True,False,,,102210fe594ee9b33d82058545b1ed14f4c8206e,browser-toolbox.connect.DAMP,damp,True,damp browser-toolbox.connect.DAMP opt e10s fission stylo webrender-sw,4767235,77,ms,firefox,452134459.0,1863540717,2024-03-25 08:43:58,1888.3008820000105,db7773c959d542b2327b7158f769c657e46e2992,1398035,,,,,,,,,,,,,,,,,,,,,,,,,,,,,,,,,,,,,,,,,,,,,,,,,,,,,,,,,,,,,TN,TN
autoland,4768071,12,69b95d09da21c937720a8d3aaca237f47b683aa9,linux1804-64-shippable-qr,True,False,,,102210fe594ee9b33d82058545b1ed14f4c8206e,browser-toolbox.connect.DAMP,damp,True,damp browser-toolbox.connect.DAMP opt e10s fission stylo webrender-sw,4767235,77,ms,firefox,452143853.0,1863654712,2024-03-25 09:25:18,1911.5080949999972,71c813e27dff32e4664eb9116e60097837485bfb,1398057,,,,,,,,,,,,,,,,,,,,,,,,,,,,,,,,,,,,,,,,,,,,,,,,,,,,,,,,,,,,,TN,TN
autoland,4768071,12,69b95d09da21c937720a8d3aaca237f47b683aa9,linux1804-64-shippable-qr,True,False,,,102210fe594ee9b33d82058545b1ed14f4c8206e,browser-toolbox.connect.DAMP,damp,True,damp browser-toolbox.connect.DAMP opt e10s fission stylo webrender-sw,4767235,77,ms,firefox,452187700.0,1863725208,2024-03-25 13:40:37,1907.391505500011,5969005dae85cc8ac486b2f0bdbb7454b660f252,1398214,,,,,,,,,,,,,,,,,,,,,,,,,,,,,,,,,,,,,,,,,,,,,,,,,,,,,,,,,,,,,TN,TN
autoland,4768071,12,69b95d09da21c937720a8d3aaca237f47b683aa9,linux1804-64-shippable-qr,True,False,,,102210fe594ee9b33d82058545b1ed14f4c8206e,browser-toolbox.connect.DAMP,damp,True,damp browser-toolbox.connect.DAMP opt e10s fission stylo webrender-sw,4767235,77,ms,firefox,452192194.0,1863753887,2024-03-25 14:05:55,1880.5944645000127,19dcff1ee3fcbb431110e0639c80a3ba51ee0a34,1398235,,,,,,,,,,,,,,,,,,,,,,,,,,,,,,,,,,,,,,,,,,,,,,,,,,,,,,,,,,,,,TN,TN
autoland,4768071,12,69b95d09da21c937720a8d3aaca237f47b683aa9,linux1804-64-shippable-qr,True,False,,,102210fe594ee9b33d82058545b1ed14f4c8206e,browser-toolbox.connect.DAMP,damp,True,damp browser-toolbox.connect.DAMP opt e10s fission stylo webrender-sw,4767235,77,ms,firefox,452210377.0,1863881771,2024-03-25 17:00:38,1849.3199604999973,9b5934ed0d6138133e3cab84d859a8e38bd43683,1398374,,,,,,,,,,,,,,,,,,,,,,,,,,,,,,,,,,,,,,,,,,,,,,,,,,,,,,,,,,,,,TN,TN
autoland,4768071,12,69b95d09da21c937720a8d3aaca237f47b683aa9,linux1804-64-shippable-qr,True,False,,,102210fe594ee9b33d82058545b1ed14f4c8206e,browser-toolbox.connect.DAMP,damp,True,damp browser-toolbox.connect.DAMP opt e10s fission stylo webrender-sw,4767235,77,ms,firefox,452237839.0,1863995646,2024-03-25 20:16:40,1873.0695839999823,05ef22f3485b9acca72235e56c8e11abea982310,1398545,,,,,,,,,,,,,,,,,,,,,,,,,,,,,,,,,,,,,,,,,,,,,,,,,,,,,,,,,,,,,TN,TN
autoland,4768071,12,69b95d09da21c937720a8d3aaca237f47b683aa9,linux1804-64-shippable-qr,True,False,,,102210fe594ee9b33d82058545b1ed14f4c8206e,browser-toolbox.connect.DAMP,damp,True,damp browser-toolbox.connect.DAMP opt e10s fission stylo webrender-sw,4767235,77,ms,firefox,452272575.0,1864098751,2024-03-26 00:18:31,1929.4597360000043,af6fe1ffacb6272ced1d27e874f376c671a19461,1398725,,,,,,,,,,,,,,,,,,,,,,,,,,,,,,,,,,,,,,,,,,,,,,,,,,,,,,,,,,,,,TN,TN
autoland,4768071,12,69b95d09da21c937720a8d3aaca237f47b683aa9,linux1804-64-shippable-qr,True,False,,,102210fe594ee9b33d82058545b1ed14f4c8206e,browser-toolbox.connect.DAMP,damp,True,damp browser-toolbox.connect.DAMP opt e10s fission stylo webrender-sw,4767235,77,ms,firefox,452287411.0,1864149415,2024-03-26 01:24:19,1883.811008500008,f0c093accca57074b185d7b3a5a76937ae8c57ed,1398741,,,,,,,,,,,,,,,,,,,,,,,,,,,,,,,,,,,,,,,,,,,,,,,,,,,,,,,,,,,,,TN,TN
autoland,4768071,12,69b95d09da21c937720a8d3aaca237f47b683aa9,linux1804-64-shippable-qr,True,False,,,102210fe594ee9b33d82058545b1ed14f4c8206e,browser-toolbox.connect.DAMP,damp,True,damp browser-toolbox.connect.DAMP opt e10s fission stylo webrender-sw,4767235,77,ms,firefox,452301857.0,1864262491,2024-03-26 06:19:49,1912.5090144999997,f76227b1c05f51b70e7d261e993b5cfa5fd8ee70,1398803,,,,,,,,,,,,,,,,,,,,,,,,,,,,,,,,,,,,,,,,,,,,,,,,,,,,,,,,,,,,,TN,TN
autoland,4768071,12,69b95d09da21c937720a8d3aaca237f47b683aa9,linux1804-64-shippable-qr,True,False,,,102210fe594ee9b33d82058545b1ed14f4c8206e,browser-toolbox.connect.DAMP,damp,True,damp browser-toolbox.connect.DAMP opt e10s fission stylo webrender-sw,4767235,77,ms,firefox,452319700.0,1864309560,2024-03-26 09:05:54,1904.8080300000147,e02aed8fb19856047df1d2cb7de887404e2b6956,1398850,,,,,,,,,,,,,,,,,,,,,,,,,,,,,,,,,,,,,,,,,,,,,,,,,,,,,,,,,,,,,TN,TN
autoland,4768071,12,69b95d09da21c937720a8d3aaca237f47b683aa9,linux1804-64-shippable-qr,True,False,,,102210fe594ee9b33d82058545b1ed14f4c8206e,browser-toolbox.connect.DAMP,damp,True,damp browser-toolbox.connect.DAMP opt e10s fission stylo webrender-sw,4767235,77,ms,firefox,452350891.0,1864428240,2024-03-26 12:57:56,1856.8385039999996,8bfc3595e66f8c45af3a35d0489015d7522799d3,1398965,,,,,,,,,,,,,,,,,,,,,,,,,,,,,,,,,,,,,,,,,,,,,,,,,,,,,,,,,,,,,TN,TN
autoland,4768071,12,69b95d09da21c937720a8d3aaca237f47b683aa9,linux1804-64-shippable-qr,True,False,,,102210fe594ee9b33d82058545b1ed14f4c8206e,browser-toolbox.connect.DAMP,damp,True,damp browser-toolbox.connect.DAMP opt e10s fission stylo webrender-sw,4767235,77,ms,firefox,452384625.0,1864578104,2024-03-26 16:59:38,1921.3233279999693,a95909edf99f57b3e1ff98f748fd9e2ff57447da,1399161,,,,,,,,,,,,,,,,,,,,,,,,,,,,,,,,,,,,,,,,,,,,,,,,,,,,,,,,,,,,,TN,TN
autoland,4768071,12,69b95d09da21c937720a8d3aaca237f47b683aa9,linux1804-64-shippable-qr,True,False,,,102210fe594ee9b33d82058545b1ed14f4c8206e,browser-toolbox.connect.DAMP,damp,True,damp browser-toolbox.connect.DAMP opt e10s fission stylo webrender-sw,4767235,77,ms,firefox,452392122.0,1864596478,2024-03-26 17:44:32,1859.1023290000007,a93eeb987e4a1e533ac94ec0d1703c6f9b52b9ef,1399196,,,,,,,,,,,,,,,,,,,,,,,,,,,,,,,,,,,,,,,,,,,,,,,,,,,,,,,,,,,,,TN,TN
autoland,4768071,12,69b95d09da21c937720a8d3aaca237f47b683aa9,linux1804-64-shippable-qr,True,False,,,102210fe594ee9b33d82058545b1ed14f4c8206e,browser-toolbox.connect.DAMP,damp,True,damp browser-toolbox.connect.DAMP opt e10s fission stylo webrender-sw,4767235,77,ms,firefox,452410124.0,1864651622,2024-03-26 19:19:03,1897.19109399998,dfd96ba0e09153e6f98c22d8adcaf944059434ac,1399261,,,,,,,,,,,,,,,,,,,,,,,,,,,,,,,,,,,,,,,,,,,,,,,,,,,,,,,,,,,,,TN,TN
autoland,4768071,12,69b95d09da21c937720a8d3aaca237f47b683aa9,linux1804-64-shippable-qr,True,False,,,102210fe594ee9b33d82058545b1ed14f4c8206e,browser-toolbox.connect.DAMP,damp,True,damp browser-toolbox.connect.DAMP opt e10s fission stylo webrender-sw,4767235,77,ms,firefox,452432072.0,1864756433,2024-03-26 22:59:31,1869.3457110000015,babb5943701ffb0ddb6991106d28f73ad2061bb6,1399480,,,,,,,,,,,,,,,,,,,,,,,,,,,,,,,,,,,,,,,,,,,,,,,,,,,,,,,,,,,,,TN,TN
autoland,4768071,12,69b95d09da21c937720a8d3aaca237f47b683aa9,linux1804-64-shippable-qr,True,False,,,102210fe594ee9b33d82058545b1ed14f4c8206e,browser-toolbox.connect.DAMP,damp,True,damp browser-toolbox.connect.DAMP opt e10s fission stylo webrender-sw,4767235,77,ms,firefox,452462627.0,1864952300,2024-03-27 06:25:00,1866.6029184999932,1e79b6199559c2d8acfccdb5e9d5bc62033e6c15,1399622,,,,,,,,,,,,,,,,,,,,,,,,,,,,,,,,,,,,,,,,,,,,,,,,,,,,,,,,,,,,,TN,TN
autoland,4768071,12,69b95d09da21c937720a8d3aaca237f47b683aa9,linux1804-64-shippable-qr,True,False,,,102210fe594ee9b33d82058545b1ed14f4c8206e,browser-toolbox.connect.DAMP,damp,True,damp browser-toolbox.connect.DAMP opt e10s fission stylo webrender-sw,4767235,77,ms,firefox,452497875.0,1865076428,2024-03-27 09:31:11,1877.9982074999864,7f2993771f48536c575137e4b51984ab6d3de136,1399694,,,,,,,,,,,,,,,,,,,,,,,,,,,,,,,,,,,,,,,,,,,,,,,,,,,,,,,,,,,,,TN,TN
autoland,4768071,12,69b95d09da21c937720a8d3aaca237f47b683aa9,linux1804-64-shippable-qr,True,False,,,102210fe594ee9b33d82058545b1ed14f4c8206e,browser-toolbox.connect.DAMP,damp,True,damp browser-toolbox.connect.DAMP opt e10s fission stylo webrender-sw,4767235,77,ms,firefox,452528049.0,1865189192,2024-03-27 13:38:48,1872.2136635000209,bc7ca80e302a788b0c3cc63cb148c628351b4946,1399827,,,,,,,,,,,,,,,,,,,,,,,,,,,,,,,,,,,,,,,,,,,,,,,,,,,,,,,,,,,,,TN,TN
autoland,4768071,12,69b95d09da21c937720a8d3aaca237f47b683aa9,linux1804-64-shippable-qr,True,False,,,102210fe594ee9b33d82058545b1ed14f4c8206e,browser-toolbox.connect.DAMP,damp,True,damp browser-toolbox.connect.DAMP opt e10s fission stylo webrender-sw,4767235,77,ms,firefox,452547220.0,1865281692,2024-03-27 15:45:41,1888.4233804999967,f8ac03b3c764017d5704deed413c8d35c99978fd,1399897,,,,,,,,,,,,,,,,,,,,,,,,,,,,,,,,,,,,,,,,,,,,,,,,,,,,,,,,,,,,,TN,TN
autoland,4768071,12,69b95d09da21c937720a8d3aaca237f47b683aa9,linux1804-64-shippable-qr,True,False,,,102210fe594ee9b33d82058545b1ed14f4c8206e,browser-toolbox.connect.DAMP,damp,True,damp browser-toolbox.connect.DAMP opt e10s fission stylo webrender-sw,4767235,77,ms,firefox,452563530.0,1865379993,2024-03-27 17:44:07,1864.6191284999804,5937312af5ae37b411939c2dcddbf6072d8d9cfc,1400012,,,,,,,,,,,,,,,,,,,,,,,,,,,,,,,,,,,,,,,,,,,,,,,,,,,,,,,,,,,,,TN,TN
autoland,4768071,12,69b95d09da21c937720a8d3aaca237f47b683aa9,linux1804-64-shippable-qr,True,False,,,102210fe594ee9b33d82058545b1ed14f4c8206e,browser-toolbox.connect.DAMP,damp,True,damp browser-toolbox.connect.DAMP opt e10s fission stylo webrender-sw,4767235,77,ms,firefox,452621889.0,1865552764,2024-03-28 01:10:01,1868.335697500006,b1cc62489fae8d475f67dec2d9abdf69e2d47614,1400291,,,,,,,,,,,,,,,,,,,,,,,,,,,,,,,,,,,,,,,,,,,,,,,,,,,,,,,,,,,,,TN,TN
autoland,4768071,12,69b95d09da21c937720a8d3aaca237f47b683aa9,linux1804-64-shippable-qr,True,False,,,102210fe594ee9b33d82058545b1ed14f4c8206e,browser-toolbox.connect.DAMP,damp,True,damp browser-toolbox.connect.DAMP opt e10s fission stylo webrender-sw,4767235,77,ms,firefox,452658508.0,1865685050,2024-03-28 09:47:39,1893.3929784999928,1e7411c6b6399b5f5595f99e8d08576e473af625,1400442,,,,,,,,,,,,,,,,,,,,,,,,,,,,,,,,,,,,,,,,,,,,,,,,,,,,,,,,,,,,,TN,TN
autoland,4768071,12,69b95d09da21c937720a8d3aaca237f47b683aa9,linux1804-64-shippable-qr,True,False,,,102210fe594ee9b33d82058545b1ed14f4c8206e,browser-toolbox.connect.DAMP,damp,True,damp browser-toolbox.connect.DAMP opt e10s fission stylo webrender-sw,4767235,77,ms,firefox,452665071.0,1865712818,2024-03-28 10:32:02,1843.3767764999936,55aaac6352fb1fbc44f600408b2bd5a63b4ae440,1400466,,,,,,,,,,,,,,,,,,,,,,,,,,,,,,,,,,,,,,,,,,,,,,,,,,,,,,,,,,,,,TN,TN
autoland,4768071,12,69b95d09da21c937720a8d3aaca237f47b683aa9,linux1804-64-shippable-qr,True,False,,,102210fe594ee9b33d82058545b1ed14f4c8206e,browser-toolbox.connect.DAMP,damp,True,damp browser-toolbox.connect.DAMP opt e10s fission stylo webrender-sw,4767235,77,ms,firefox,452703276.0,1865864061,2024-03-28 14:53:03,1872.559662499996,1c98db62bb1a20d26f812d28d86672158450e71c,1400606,,,,,,,,,,,,,,,,,,,,,,,,,,,,,,,,,,,,,,,,,,,,,,,,,,,,,,,,,,,,,TN,TN
autoland,4768071,12,69b95d09da21c937720a8d3aaca237f47b683aa9,linux1804-64-shippable-qr,True,False,,,102210fe594ee9b33d82058545b1ed14f4c8206e,browser-toolbox.connect.DAMP,damp,True,damp browser-toolbox.connect.DAMP opt e10s fission stylo webrender-sw,4767235,77,ms,firefox,452701001.0,1865845458,2024-03-28 15:08:02,1851.4978774999909,2b1a58a2fa54e47a357b20bda28512cebd79f732,1400620,,,,,,,,,,,,,,,,,,,,,,,,,,,,,,,,,,,,,,,,,,,,,,,,,,,,,,,,,,,,,TN,TN
autoland,4768071,12,69b95d09da21c937720a8d3aaca237f47b683aa9,linux1804-64-shippable-qr,True,False,,,102210fe594ee9b33d82058545b1ed14f4c8206e,browser-toolbox.connect.DAMP,damp,True,damp browser-toolbox.connect.DAMP opt e10s fission stylo webrender-sw,4767235,77,ms,firefox,452727508.0,1865949745,2024-03-28 19:06:21,1854.9045104999968,b9f38a3edd45f19c8f1f0e6f96e11dea269f3399,1400789,,,,,,,,,,,,,,,,,,,,,,,,,,,,,,,,,,,,,,,,,,,,,,,,,,,,,,,,,,,,,TN,TN
autoland,4768071,12,69b95d09da21c937720a8d3aaca237f47b683aa9,linux1804-64-shippable-qr,True,False,,,102210fe594ee9b33d82058545b1ed14f4c8206e,browser-toolbox.connect.DAMP,damp,True,damp browser-toolbox.connect.DAMP opt e10s fission stylo webrender-sw,4767235,77,ms,firefox,452758233.0,1866059606,2024-03-28 23:11:00,1862.346123500014,8b46ddebfb7e99c2dd8d13182e11398381eda976,1400928,,,,,,,,,,,,,,,,,,,,,,,,,,,,,,,,,,,,,,,,,,,,,,,,,,,,,,,,,,,,,TN,TN
autoland,4768071,12,69b95d09da21c937720a8d3aaca237f47b683aa9,linux1804-64-shippable-qr,True,False,,,102210fe594ee9b33d82058545b1ed14f4c8206e,browser-toolbox.connect.DAMP,damp,True,damp browser-toolbox.connect.DAMP opt e10s fission stylo webrender-sw,4767235,77,ms,firefox,452760907.0,1866077768,2024-03-29 00:03:22,1944.7025320000173,28b4eaeb70285be21ee6612c4e891e41c7949b68,1400956,,,,,,,,,,,,,,,,,,,,,,,,,,,,,,,,,,,,,,,,,,,,,,,,,,,,,,,,,,,,,TN,TN
autoland,4768071,12,69b95d09da21c937720a8d3aaca237f47b683aa9,linux1804-64-shippable-qr,True,False,,,102210fe594ee9b33d82058545b1ed14f4c8206e,browser-toolbox.connect.DAMP,damp,True,damp browser-toolbox.connect.DAMP opt e10s fission stylo webrender-sw,4767235,77,ms,firefox,452776240.0,1866160296,2024-03-29 04:27:46,1841.1654814999783,4120fb3d12f57159ca2e6809f555312e00adda5d,1401028,,,,,,,,,,,,,,,,,,,,,,,,,,,,,,,,,,,,,,,,,,,,,,,,,,,,,,,,,,,,,TN,TN
autoland,4768071,12,69b95d09da21c937720a8d3aaca237f47b683aa9,linux1804-64-shippable-qr,True,False,,,102210fe594ee9b33d82058545b1ed14f4c8206e,browser-toolbox.connect.DAMP,damp,True,damp browser-toolbox.connect.DAMP opt e10s fission stylo webrender-sw,4767235,77,ms,firefox,452829734.0,1866373189,2024-03-29 12:22:16,1865.0969029999976,39124d8575b2fb025ca7fd37b91e052f28e88e67,1401116,,,,,,,,,,,,,,,,,,,,,,,,,,,,,,,,,,,,,,,,,,,,,,,,,,,,,,,,,,,,,TN,TN
autoland,4768071,12,69b95d09da21c937720a8d3aaca237f47b683aa9,linux1804-64-shippable-qr,True,False,,,102210fe594ee9b33d82058545b1ed14f4c8206e,browser-toolbox.connect.DAMP,damp,True,damp browser-toolbox.connect.DAMP opt e10s fission stylo webrender-sw,4767235,77,ms,firefox,452852467.0,1866435976,2024-03-29 16:11:04,1834.4065635000009,33becba24b3c497daf0c1180e5c659ed3cc9028c,1401211,,,,,,,,,,,,,,,,,,,,,,,,,,,,,,,,,,,,,,,,,,,,,,,,,,,,,,,,,,,,,TN,TN
autoland,4768071,12,69b95d09da21c937720a8d3aaca237f47b683aa9,linux1804-64-shippable-qr,True,False,,,102210fe594ee9b33d82058545b1ed14f4c8206e,browser-toolbox.connect.DAMP,damp,True,damp browser-toolbox.connect.DAMP opt e10s fission stylo webrender-sw,4767235,77,ms,firefox,452881081.0,1866578309,2024-03-29 20:24:43,1850.3810605000035,dd4f0b5931701d3aa7f7ed94fd3ba8c45816316c,1401326,,,,,,,,,,,,,,,,,,,,,,,,,,,,,,,,,,,,,,,,,,,,,,,,,,,,,,,,,,,,,TN,TN
autoland,4768071,12,69b95d09da21c937720a8d3aaca237f47b683aa9,linux1804-64-shippable-qr,True,False,,,102210fe594ee9b33d82058545b1ed14f4c8206e,browser-toolbox.connect.DAMP,damp,True,damp browser-toolbox.connect.DAMP opt e10s fission stylo webrender-sw,4767235,77,ms,firefox,452901173.0,1866686706,2024-03-30 04:38:25,1863.2004995000025,2fe1ab05c8fa00d73df88b20df9bc87301a46d46,1401437,,,,,,,,,,,,,,,,,,,,,,,,,,,,,,,,,,,,,,,,,,,,,,,,,,,,,,,,,,,,,TN,TN
autoland,4768071,12,69b95d09da21c937720a8d3aaca237f47b683aa9,linux1804-64-shippable-qr,True,False,,,102210fe594ee9b33d82058545b1ed14f4c8206e,browser-toolbox.connect.DAMP,damp,True,damp browser-toolbox.connect.DAMP opt e10s fission stylo webrender-sw,4767235,77,ms,firefox,452909045.0,1866724135,2024-03-30 08:43:08,1869.5156750000024,3e1a0031f44e72f557f0ec79cf8423168b952d80,1401445,,,,,,,,,,,,,,,,,,,,,,,,,,,,,,,,,,,,,,,,,,,,,,,,,,,,,,,,,,,,,TN,TN
autoland,4768071,12,69b95d09da21c937720a8d3aaca237f47b683aa9,linux1804-64-shippable-qr,True,False,,,102210fe594ee9b33d82058545b1ed14f4c8206e,browser-toolbox.connect.DAMP,damp,True,damp browser-toolbox.connect.DAMP opt e10s fission stylo webrender-sw,4767235,77,ms,firefox,452933627.0,1866818032,2024-03-30 16:23:17,1860.675611500017,dea770591ed30035f88966bbf45cbbcc6557cdcc,1401476,,,,,,,,,,,,,,,,,,,,,,,,,,,,,,,,,,,,,,,,,,,,,,,,,,,,,,,,,,,,,TN,TN
autoland,4768071,12,69b95d09da21c937720a8d3aaca237f47b683aa9,linux1804-64-shippable-qr,True,False,,,102210fe594ee9b33d82058545b1ed14f4c8206e,browser-toolbox.connect.DAMP,damp,True,damp browser-toolbox.connect.DAMP opt e10s fission stylo webrender-sw,4767235,77,ms,firefox,452939243.0,1866844836,2024-03-30 17:37:54,1853.827077499991,d7916bbe3cb4118dd9464ef3af064b13b3b0d0c4,1401479,,,,,,,,,,,,,,,,,,,,,,,,,,,,,,,,,,,,,,,,,,,,,,,,,,,,,,,,,,,,,TN,TN
autoland,4768071,12,69b95d09da21c937720a8d3aaca237f47b683aa9,linux1804-64-shippable-qr,True,False,,,102210fe594ee9b33d82058545b1ed14f4c8206e,browser-toolbox.connect.DAMP,damp,True,damp browser-toolbox.connect.DAMP opt e10s fission stylo webrender-sw,4767235,77,ms,firefox,452966493.0,1866932463,2024-03-31 07:04:36,1843.98470049999,579426b2f39c365731042d79d87533ac3f616461,1401509,,,,,,,,,,,,,,,,,,,,,,,,,,,,,,,,,,,,,,,,,,,,,,,,,,,,,,,,,,,,,TN,TN
autoland,4768071,12,69b95d09da21c937720a8d3aaca237f47b683aa9,linux1804-64-shippable-qr,True,False,,,102210fe594ee9b33d82058545b1ed14f4c8206e,browser-toolbox.connect.DAMP,damp,True,damp browser-toolbox.connect.DAMP opt e10s fission stylo webrender-sw,4767235,77,ms,firefox,452990105.0,1867024691,2024-03-31 14:47:20,1837.979341000013,dfc3fd176c4fcd62b5a28dcfedea3c509f24ebf5,1401533,,,,,,,,,,,,,,,,,,,,,,,,,,,,,,,,,,,,,,,,,,,,,,,,,,,,,,,,,,,,,TN,TN
autoland,4768071,12,69b95d09da21c937720a8d3aaca237f47b683aa9,linux1804-64-shippable-qr,True,False,,,102210fe594ee9b33d82058545b1ed14f4c8206e,browser-toolbox.connect.DAMP,damp,True,damp browser-toolbox.connect.DAMP opt e10s fission stylo webrender-sw,4767235,77,ms,firefox,452993816.0,1867045950,2024-03-31 19:03:22,1844.335684500009,334eacacff83840ceed0bb2077c0a2a527e491a5,1401545,,,,,,,,,,,,,,,,,,,,,,,,,,,,,,,,,,,,,,,,,,,,,,,,,,,,,,,,,,,,,TN,TN
autoland,4768071,12,69b95d09da21c937720a8d3aaca237f47b683aa9,linux1804-64-shippable-qr,True,False,,,102210fe594ee9b33d82058545b1ed14f4c8206e,browser-toolbox.connect.DAMP,damp,True,damp browser-toolbox.connect.DAMP opt e10s fission stylo webrender-sw,4767235,77,ms,firefox,453014508.0,1867125659,2024-04-01 07:03:36,1850.0428590000083,5d97e037b69610f99c35f4bbd65d27bafc5605fc,1401600,,,,,,,,,,,,,,,,,,,,,,,,,,,,,,,,,,,,,,,,,,,,,,,,,,,,,,,,,,,,,TN,TN
autoland,4768071,12,69b95d09da21c937720a8d3aaca237f47b683aa9,linux1804-64-shippable-qr,True,False,,,102210fe594ee9b33d82058545b1ed14f4c8206e,browser-toolbox.connect.DAMP,damp,True,damp browser-toolbox.connect.DAMP opt e10s fission stylo webrender-sw,4767235,77,ms,firefox,453039188.0,1867207148,2024-04-01 11:30:18,1879.8823799999957,9546c05d8f57091e5d3e12129a49f11b8b027da7,1401661,,,,,,,,,,,,,,,,,,,,,,,,,,,,,,,,,,,,,,,,,,,,,,,,,,,,,,,,,,,,,TN,TN
autoland,4768071,12,69b95d09da21c937720a8d3aaca237f47b683aa9,linux1804-64-shippable-qr,True,False,,,102210fe594ee9b33d82058545b1ed14f4c8206e,browser-toolbox.connect.DAMP,damp,True,damp browser-toolbox.connect.DAMP opt e10s fission stylo webrender-sw,4767235,77,ms,firefox,453062406.0,1867248309,2024-04-01 13:16:41,1855.6690300000191,26157b52a8c30d72d8e065cc4a8286633ee85b63,1401687,,,,,,,,,,,,,,,,,,,,,,,,,,,,,,,,,,,,,,,,,,,,,,,,,,,,,,,,,,,,,TN,TN
autoland,4768071,12,69b95d09da21c937720a8d3aaca237f47b683aa9,linux1804-64-shippable-qr,True,False,,,102210fe594ee9b33d82058545b1ed14f4c8206e,browser-toolbox.connect.DAMP,damp,True,damp browser-toolbox.connect.DAMP opt e10s fission stylo webrender-sw,4767235,77,ms,firefox,453086435.0,1867331144,2024-04-01 17:19:53,1860.3421860000235,cdd16ab5df10333f1a1eb637ecf2692e15271d17,1401785,,,,,,,,,,,,,,,,,,,,,,,,,,,,,,,,,,,,,,,,,,,,,,,,,,,,,,,,,,,,,TN,TN
autoland,4768071,12,69b95d09da21c937720a8d3aaca237f47b683aa9,linux1804-64-shippable-qr,True,False,,,102210fe594ee9b33d82058545b1ed14f4c8206e,browser-toolbox.connect.DAMP,damp,True,damp browser-toolbox.connect.DAMP opt e10s fission stylo webrender-sw,4767235,77,ms,firefox,453092427.0,1867381110,2024-04-01 18:19:29,1849.153280999999,57354c5689ef8a5f598978d912570706445e1034,1401826,,,,,,,,,,,,,,,,,,,,,,,,,,,,,,,,,,,,,,,,,,,,,,,,,,,,,,,,,,,,,TN,TN
autoland,4768071,12,69b95d09da21c937720a8d3aaca237f47b683aa9,linux1804-64-shippable-qr,True,False,,,102210fe594ee9b33d82058545b1ed14f4c8206e,browser-toolbox.connect.DAMP,damp,True,damp browser-toolbox.connect.DAMP opt e10s fission stylo webrender-sw,4767235,77,ms,firefox,453132870.0,1867516304,2024-04-01 22:35:55,1915.9191059999864,13111643fbf4557d26174a12b2cde1954182b0ab,1402004,,,,,,,,,,,,,,,,,,,,,,,,,,,,,,,,,,,,,,,,,,,,,,,,,,,,,,,,,,,,,TN,TN
autoland,4768071,12,69b95d09da21c937720a8d3aaca237f47b683aa9,linux1804-64-shippable-qr,True,False,,,102210fe594ee9b33d82058545b1ed14f4c8206e,browser-toolbox.connect.DAMP,damp,True,damp browser-toolbox.connect.DAMP opt e10s fission stylo webrender-sw,4767235,77,ms,firefox,453133458.0,1867536087,2024-04-01 22:39:43,1843.5436229999905,e7ec5d35ae0d80f4a77b6705e1a393c637da672e,1402007,,,,,,,,,,,,,,,,,,,,,,,,,,,,,,,,,,,,,,,,,,,,,,,,,,,,,,,,,,,,,TN,TN
autoland,4768071,12,69b95d09da21c937720a8d3aaca237f47b683aa9,linux1804-64-shippable-qr,True,False,,,102210fe594ee9b33d82058545b1ed14f4c8206e,browser-toolbox.connect.DAMP,damp,True,damp browser-toolbox.connect.DAMP opt e10s fission stylo webrender-sw,4767235,77,ms,firefox,453148051.0,1867605609,2024-04-02 04:32:43,1857.703253499989,de086751acb845c252c37aab95a7e6b265df39a6,1402085,,,,,,,,,,,,,,,,,,,,,,,,,,,,,,,,,,,,,,,,,,,,,,,,,,,,,,,,,,,,,TN,TN
autoland,4768071,12,69b95d09da21c937720a8d3aaca237f47b683aa9,linux1804-64-shippable-qr,True,False,,,102210fe594ee9b33d82058545b1ed14f4c8206e,browser-toolbox.connect.DAMP,damp,True,damp browser-toolbox.connect.DAMP opt e10s fission stylo webrender-sw,4767235,77,ms,firefox,453170847.0,1867677934,2024-04-02 08:47:33,1932.043524000037,4df6842cb470c27ca949eaaa6d3a9b6b37d9c8fe,1402179,,,,,,,,,,,,,,,,,,,,,,,,,,,,,,,,,,,,,,,,,,,,,,,,,,,,,,,,,,,,,TN,TN
autoland,4768071,12,69b95d09da21c937720a8d3aaca237f47b683aa9,linux1804-64-shippable-qr,True,False,,,102210fe594ee9b33d82058545b1ed14f4c8206e,browser-toolbox.connect.DAMP,damp,True,damp browser-toolbox.connect.DAMP opt e10s fission stylo webrender-sw,4767235,77,ms,firefox,453171643.0,1867688638,2024-04-02 08:57:49,1847.999763500004,52bb75377d06cfb305446ca966c7526c9c9729c7,1402180,,,,,,,,,,,,,,,,,,,,,,,,,,,,,,,,,,,,,,,,,,,,,,,,,,,,,,,,,,,,,TN,TN
autoland,4768071,12,69b95d09da21c937720a8d3aaca237f47b683aa9,linux1804-64-shippable-qr,True,False,,,102210fe594ee9b33d82058545b1ed14f4c8206e,browser-toolbox.connect.DAMP,damp,True,damp browser-toolbox.connect.DAMP opt e10s fission stylo webrender-sw,4767235,77,ms,firefox,453212467.0,1867847883,2024-04-02 13:00:14,1921.1575235000053,1eb7fb5dab3b7003052fa7fa8e85566bd5fa2a73,1402287,,,,,,,,,,,,,,,,,,,,,,,,,,,,,,,,,,,,,,,,,,,,,,,,,,,,,,,,,,,,,TN,TN
autoland,4768071,12,69b95d09da21c937720a8d3aaca237f47b683aa9,linux1804-64-shippable-qr,True,False,,,102210fe594ee9b33d82058545b1ed14f4c8206e,browser-toolbox.connect.DAMP,damp,True,damp browser-toolbox.connect.DAMP opt e10s fission stylo webrender-sw,4767235,77,ms,firefox,453216124.0,1867867848,2024-04-02 13:21:01,1860.1158940000316,083657141f799bed9b0e401403d144e76c1f3c63,1402293,,,,,,,,,,,,,,,,,,,,,,,,,,,,,,,,,,,,,,,,,,,,,,,,,,,,,,,,,,,,,TN,TN
autoland,4768071,12,69b95d09da21c937720a8d3aaca237f47b683aa9,linux1804-64-shippable-qr,True,False,,,102210fe594ee9b33d82058545b1ed14f4c8206e,browser-toolbox.connect.DAMP,damp,True,damp browser-toolbox.connect.DAMP opt e10s fission stylo webrender-sw,4767235,77,ms,firefox,453239167.0,1867967462,2024-04-02 16:51:17,1880.3054925000324,b1212fb9438edc5930a3e8228dd52ff3c068031c,1402473,,,,,,,,,,,,,,,,,,,,,,,,,,,,,,,,,,,,,,,,,,,,,,,,,,,,,,,,,,,,,TN,TN
autoland,4768071,12,69b95d09da21c937720a8d3aaca237f47b683aa9,linux1804-64-shippable-qr,True,False,,,102210fe594ee9b33d82058545b1ed14f4c8206e,browser-toolbox.connect.DAMP,damp,True,damp browser-toolbox.connect.DAMP opt e10s fission stylo webrender-sw,4767235,77,ms,firefox,453277359.0,1868103020,2024-04-02 20:58:38,1825.7991540000075,96cda2b1a568a48c3d201417fa49e8fc852ef641,1402671,,,,,,,,,,,,,,,,,,,,,,,,,,,,,,,,,,,,,,,,,,,,,,,,,,,,,,,,,,,,,TN,TN
autoland,4768071,12,69b95d09da21c937720a8d3aaca237f47b683aa9,linux1804-64-shippable-qr,True,False,,,102210fe594ee9b33d82058545b1ed14f4c8206e,browser-toolbox.connect.DAMP,damp,True,damp browser-toolbox.connect.DAMP opt e10s fission stylo webrender-sw,4767235,77,ms,firefox,453301805.0,1868231503,2024-04-03 06:21:18,1846.3613760000155,c720e2e99bf375c24b09c0a1415f15ba911c56ce,1402898,,,,,,,,,,,,,,,,,,,,,,,,,,,,,,,,,,,,,,,,,,,,,,,,,,,,,,,,,,,,,TN,TN
autoland,4768071,12,69b95d09da21c937720a8d3aaca237f47b683aa9,linux1804-64-shippable-qr,True,False,,,102210fe594ee9b33d82058545b1ed14f4c8206e,browser-toolbox.connect.DAMP,damp,True,damp browser-toolbox.connect.DAMP opt e10s fission stylo webrender-sw,4767235,77,ms,firefox,453312644.0,1868282972,2024-04-03 08:00:33,1867.842486499998,8c92b17c7b2805a83d5a80fa103b82ae132d8320,1402944,,,,,,,,,,,,,,,,,,,,,,,,,,,,,,,,,,,,,,,,,,,,,,,,,,,,,,,,,,,,,TN,TN
autoland,4768071,12,69b95d09da21c937720a8d3aaca237f47b683aa9,linux1804-64-shippable-qr,True,False,,,102210fe594ee9b33d82058545b1ed14f4c8206e,browser-toolbox.connect.DAMP,damp,True,damp browser-toolbox.connect.DAMP opt e10s fission stylo webrender-sw,4767235,77,ms,firefox,453347094.0,1868361367,2024-04-03 12:19:12,1825.568354999996,81ea9950a766d85ced5d1db992689422649c3b26,1403087,,,,,,,,,,,,,,,,,,,,,,,,,,,,,,,,,,,,,,,,,,,,,,,,,,,,,,,,,,,,,TN,TN
autoland,4768071,12,69b95d09da21c937720a8d3aaca237f47b683aa9,linux1804-64-shippable-qr,True,False,,,102210fe594ee9b33d82058545b1ed14f4c8206e,browser-toolbox.connect.DAMP,damp,True,damp browser-toolbox.connect.DAMP opt e10s fission stylo webrender-sw,4767235,77,ms,firefox,453374731.0,1868473309,2024-04-03 15:08:48,1860.710893499985,31ead35d5981bb6a0da919643013edfb0b8934b6,1403194,,,,,,,,,,,,,,,,,,,,,,,,,,,,,,,,,,,,,,,,,,,,,,,,,,,,,,,,,,,,,TN,TN
autoland,4768071,12,69b95d09da21c937720a8d3aaca237f47b683aa9,linux1804-64-shippable-qr,True,False,,,102210fe594ee9b33d82058545b1ed14f4c8206e,browser-toolbox.connect.DAMP,damp,True,damp browser-toolbox.connect.DAMP opt e10s fission stylo webrender-sw,4767235,77,ms,firefox,453397444.0,1868538804,2024-04-03 19:17:19,1872.216976999989,26f475fb8d5ae5cb0b3bd5fb9d77aa7fc2df2665,1403406,,,,,,,,,,,,,,,,,,,,,,,,,,,,,,,,,,,,,,,,,,,,,,,,,,,,,,,,,,,,,TN,TN
autoland,4768071,12,69b95d09da21c937720a8d3aaca237f47b683aa9,linux1804-64-shippable-qr,True,False,,,102210fe594ee9b33d82058545b1ed14f4c8206e,browser-toolbox.connect.DAMP,damp,True,damp browser-toolbox.connect.DAMP opt e10s fission stylo webrender-sw,4767235,77,ms,firefox,453420060.0,1868630814,2024-04-03 23:35:22,1916.469521499996,aedb2756de7fa4089d89d53f49a007290003d58d,1403575,,,,,,,,,,,,,,,,,,,,,,,,,,,,,,,,,,,,,,,,,,,,,,,,,,,,,,,,,,,,,TN,TN
autoland,4768071,12,69b95d09da21c937720a8d3aaca237f47b683aa9,linux1804-64-shippable-qr,True,False,,,102210fe594ee9b33d82058545b1ed14f4c8206e,browser-toolbox.connect.DAMP,damp,True,damp browser-toolbox.connect.DAMP opt e10s fission stylo webrender-sw,4767235,77,ms,firefox,453445719.0,1868726437,2024-04-04 04:04:35,1847.3064665000056,f2360b4c9b8a110f0b1c40841a767a47da5b85be,1403674,,,,,,,,,,,,,,,,,,,,,,,,,,,,,,,,,,,,,,,,,,,,,,,,,,,,,,,,,,,,,TN,TN
autoland,4768071,12,69b95d09da21c937720a8d3aaca237f47b683aa9,linux1804-64-shippable-qr,True,False,,,102210fe594ee9b33d82058545b1ed14f4c8206e,browser-toolbox.connect.DAMP,damp,True,damp browser-toolbox.connect.DAMP opt e10s fission stylo webrender-sw,4767235,77,ms,firefox,453474450.0,1868851282,2024-04-04 08:28:09,1841.746665000006,08ea8edc42ee204a4f50aae52417198c7a11d742,1403757,,,,,,,,,,,,,,,,,,,,,,,,,,,,,,,,,,,,,,,,,,,,,,,,,,,,,,,,,,,,,TN,TN
autoland,4768071,12,69b95d09da21c937720a8d3aaca237f47b683aa9,linux1804-64-shippable-qr,True,False,,,102210fe594ee9b33d82058545b1ed14f4c8206e,browser-toolbox.connect.DAMP,damp,True,damp browser-toolbox.connect.DAMP opt e10s fission stylo webrender-sw,4767235,77,ms,firefox,453508788.0,1869010082,2024-04-04 12:29:27,1860.941331499984,a260c2683052c9aa36748f1ded4e99c0d2bcf63e,1403877,,,,,,,,,,,,,,,,,,,,,,,,,,,,,,,,,,,,,,,,,,,,,,,,,,,,,,,,,,,,,TN,TN
autoland,4768071,12,69b95d09da21c937720a8d3aaca237f47b683aa9,linux1804-64-shippable-qr,True,False,,,102210fe594ee9b33d82058545b1ed14f4c8206e,browser-toolbox.connect.DAMP,damp,True,damp browser-toolbox.connect.DAMP opt e10s fission stylo webrender-sw,4767235,77,ms,firefox,453531493.0,1869094269,2024-04-04 15:41:47,1838.381855000007,e633b6ff34e81c89b87f1d4e3b18fcae399b3d37,1404042,,,,,,,,,,,,,,,,,,,,,,,,,,,,,,,,,,,,,,,,,,,,,,,,,,,,,,,,,,,,,TN,TN
autoland,4768071,12,69b95d09da21c937720a8d3aaca237f47b683aa9,linux1804-64-shippable-qr,True,False,,,102210fe594ee9b33d82058545b1ed14f4c8206e,browser-toolbox.connect.DAMP,damp,True,damp browser-toolbox.connect.DAMP opt e10s fission stylo webrender-sw,4767235,77,ms,firefox,453545786.0,1869161811,2024-04-04 17:55:39,1833.3058269999888,2b8e4c563c2fa403003707729e7fd66dd5909763,1404131,,,,,,,,,,,,,,,,,,,,,,,,,,,,,,,,,,,,,,,,,,,,,,,,,,,,,,,,,,,,,TN,TN
autoland,4768071,12,69b95d09da21c937720a8d3aaca237f47b683aa9,linux1804-64-shippable-qr,True,False,,,102210fe594ee9b33d82058545b1ed14f4c8206e,browser-toolbox.connect.DAMP,damp,True,damp browser-toolbox.connect.DAMP opt e10s fission stylo webrender-sw,4767235,77,ms,firefox,453575340.0,1869276470,2024-04-04 22:08:58,1856.3406279999908,7689f9c266fcdf019b8bea308bf5569885d72ed3,1404331,,,,,,,,,,,,,,,,,,,,,,,,,,,,,,,,,,,,,,,,,,,,,,,,,,,,,,,,,,,,,TN,TN
autoland,4768071,12,69b95d09da21c937720a8d3aaca237f47b683aa9,linux1804-64-shippable-qr,True,False,,,102210fe594ee9b33d82058545b1ed14f4c8206e,browser-toolbox.connect.DAMP,damp,True,damp browser-toolbox.connect.DAMP opt e10s fission stylo webrender-sw,4767235,77,ms,firefox,453584286.0,1869299980,2024-04-05 00:24:01,1842.5893199999848,8600529acb2a250f255ea4d80486fecb2b7dc31b,1404399,,,,,,,,,,,,,,,,,,,,,,,,,,,,,,,,,,,,,,,,,,,,,,,,,,,,,,,,,,,,,TN,TN
autoland,4768071,12,69b95d09da21c937720a8d3aaca237f47b683aa9,linux1804-64-shippable-qr,True,False,,,102210fe594ee9b33d82058545b1ed14f4c8206e,browser-toolbox.connect.DAMP,damp,True,damp browser-toolbox.connect.DAMP opt e10s fission stylo webrender-sw,4767235,77,ms,firefox,453593725.0,1869348376,2024-04-05 04:36:57,1933.0322274999928,ea8ea972270ddb95f071f900f9199fb7ff95bb10,1404445,,,,,,,,,,,,,,,,,,,,,,,,,,,,,,,,,,,,,,,,,,,,,,,,,,,,,,,,,,,,,TN,TN
autoland,4768071,12,69b95d09da21c937720a8d3aaca237f47b683aa9,linux1804-64-shippable-qr,True,False,,,102210fe594ee9b33d82058545b1ed14f4c8206e,browser-toolbox.connect.DAMP,damp,True,damp browser-toolbox.connect.DAMP opt e10s fission stylo webrender-sw,4767235,77,ms,firefox,453618537.0,1869444259,2024-04-05 09:55:10,1863.0353304999733,bb1591f8008a0b1f33fe132528ee339ab149082f,1404555,,,,,,,,,,,,,,,,,,,,,,,,,,,,,,,,,,,,,,,,,,,,,,,,,,,,,,,,,,,,,TN,TN
autoland,4768071,12,69b95d09da21c937720a8d3aaca237f47b683aa9,linux1804-64-shippable-qr,True,False,,,102210fe594ee9b33d82058545b1ed14f4c8206e,browser-toolbox.connect.DAMP,damp,True,damp browser-toolbox.connect.DAMP opt e10s fission stylo webrender-sw,4767235,77,ms,firefox,453654520.0,1869577796,2024-04-05 13:56:08,1856.4666605000384,e25a9624d6d92e1a88da8b414e3ea781e4e25a07,1404693,,,,,,,,,,,,,,,,,,,,,,,,,,,,,,,,,,,,,,,,,,,,,,,,,,,,,,,,,,,,,TN,TN
autoland,4768071,12,69b95d09da21c937720a8d3aaca237f47b683aa9,linux1804-64-shippable-qr,True,False,,,102210fe594ee9b33d82058545b1ed14f4c8206e,browser-toolbox.connect.DAMP,damp,True,damp browser-toolbox.connect.DAMP opt e10s fission stylo webrender-sw,4767235,77,ms,firefox,453680449.0,1869692456,2024-04-05 18:34:00,1858.1815555000069,c230ec8f9514326a6e5081ee8e2d677ccf10ab67,1404901,,,,,,,,,,,,,,,,,,,,,,,,,,,,,,,,,,,,,,,,,,,,,,,,,,,,,,,,,,,,,TN,TN
autoland,4768071,12,69b95d09da21c937720a8d3aaca237f47b683aa9,linux1804-64-shippable-qr,True,False,,,102210fe594ee9b33d82058545b1ed14f4c8206e,browser-toolbox.connect.DAMP,damp,True,damp browser-toolbox.connect.DAMP opt e10s fission stylo webrender-sw,4767235,77,ms,firefox,453694849.0,1869750435,2024-04-05 19:40:01,1890.0982385000095,2168f88afb52aa0c93febc62156a315d08963dda,1404957,,,,,,,,,,,,,,,,,,,,,,,,,,,,,,,,,,,,,,,,,,,,,,,,,,,,,,,,,,,,,TN,TN
autoland,4768071,12,69b95d09da21c937720a8d3aaca237f47b683aa9,linux1804-64-shippable-qr,True,False,,,102210fe594ee9b33d82058545b1ed14f4c8206e,browser-toolbox.connect.DAMP,damp,True,damp browser-toolbox.connect.DAMP opt e10s fission stylo webrender-sw,4767235,77,ms,firefox,453712286.0,1869843051,2024-04-05 21:23:25,1851.8484434999991,bcbab342eed82aec3d4dd40516bf07e1ee96e716,1405041,,,,,,,,,,,,,,,,,,,,,,,,,,,,,,,,,,,,,,,,,,,,,,,,,,,,,,,,,,,,,TN,TN
autoland,4768071,12,69b95d09da21c937720a8d3aaca237f47b683aa9,linux1804-64-shippable-qr,True,False,,,102210fe594ee9b33d82058545b1ed14f4c8206e,browser-toolbox.connect.DAMP,damp,True,damp browser-toolbox.connect.DAMP opt e10s fission stylo webrender-sw,4767235,77,ms,firefox,453729482.0,1869923387,2024-04-06 02:12:01,1844.1957209999816,5695ee1969a8c3cddf47affcdc2358c67fa09729,1405161,,,,,,,,,,,,,,,,,,,,,,,,,,,,,,,,,,,,,,,,,,,,,,,,,,,,,,,,,,,,,TN,TN
autoland,4768071,12,69b95d09da21c937720a8d3aaca237f47b683aa9,linux1804-64-shippable-qr,True,False,,,102210fe594ee9b33d82058545b1ed14f4c8206e,browser-toolbox.connect.DAMP,damp,True,damp browser-toolbox.connect.DAMP opt e10s fission stylo webrender-sw,4767235,77,ms,firefox,453743480.0,1869993405,2024-04-06 08:07:05,1832.4890735000224,9fc8fef3e3ad12973fa215fac0d8ce85b8476e0a,1405200,,,,,,,,,,,,,,,,,,,,,,,,,,,,,,,,,,,,,,,,,,,,,,,,,,,,,,,,,,,,,TN,TN
autoland,4768071,12,69b95d09da21c937720a8d3aaca237f47b683aa9,linux1804-64-shippable-qr,True,False,,,102210fe594ee9b33d82058545b1ed14f4c8206e,browser-toolbox.connect.DAMP,damp,True,damp browser-toolbox.connect.DAMP opt e10s fission stylo webrender-sw,4767235,77,ms,firefox,453768724.0,1870092033,2024-04-06 12:49:36,1915.9886845000287,0f5a5f081afbca1abac9185c32c792b9c3550264,1405245,,,,,,,,,,,,,,,,,,,,,,,,,,,,,,,,,,,,,,,,,,,,,,,,,,,,,,,,,,,,,TN,TN
autoland,4768071,12,69b95d09da21c937720a8d3aaca237f47b683aa9,linux1804-64-shippable-qr,True,False,,,102210fe594ee9b33d82058545b1ed14f4c8206e,browser-toolbox.connect.DAMP,damp,True,damp browser-toolbox.connect.DAMP opt e10s fission stylo webrender-sw,4767235,77,ms,firefox,453780625.0,1870150622,2024-04-06 19:13:32,1830.637627000004,3719e5d315bba4fd2d01a2bb964ff7d7c6521282,1405288,,,,,,,,,,,,,,,,,,,,,,,,,,,,,,,,,,,,,,,,,,,,,,,,,,,,,,,,,,,,,TN,TN
autoland,4768071,12,69b95d09da21c937720a8d3aaca237f47b683aa9,linux1804-64-shippable-qr,True,False,,,102210fe594ee9b33d82058545b1ed14f4c8206e,browser-toolbox.connect.DAMP,damp,True,damp browser-toolbox.connect.DAMP opt e10s fission stylo webrender-sw,4767235,77,ms,firefox,453795773.0,1870209005,2024-04-07 00:18:02,1836.7090480000045,7362d727c60c8a1b15c8e7357969595c93c659c6,1405303,,,,,,,,,,,,,,,,,,,,,,,,,,,,,,,,,,,,,,,,,,,,,,,,,,,,,,,,,,,,,TN,TN
autoland,4768071,12,69b95d09da21c937720a8d3aaca237f47b683aa9,linux1804-64-shippable-qr,True,False,,,102210fe594ee9b33d82058545b1ed14f4c8206e,browser-toolbox.connect.DAMP,damp,True,damp browser-toolbox.connect.DAMP opt e10s fission stylo webrender-sw,4767235,77,ms,firefox,453827334.0,1870332230,2024-04-07 12:29:26,1846.55523800003,56daf0a3e72bc04ceb0b6d6a5e8b51b32333fe11,1405334,,,,,,,,,,,,,,,,,,,,,,,,,,,,,,,,,,,,,,,,,,,,,,,,,,,,,,,,,,,,,TN,TN
autoland,4768071,12,69b95d09da21c937720a8d3aaca237f47b683aa9,linux1804-64-shippable-qr,True,False,,,102210fe594ee9b33d82058545b1ed14f4c8206e,browser-toolbox.connect.DAMP,damp,True,damp browser-toolbox.connect.DAMP opt e10s fission stylo webrender-sw,4767235,77,ms,firefox,453837420.0,1870370134,2024-04-07 17:34:38,1536.5565000000206,c59be65c8118a8e4c60719162c4426e511ee042c,1405352,,,,,,,,,,,,,,,,,,,,,,,,,,,,,,,,,,,,,,,,,,,,,,,,,,,,,,,,,,,,,TN,TN
autoland,4768071,12,69b95d09da21c937720a8d3aaca237f47b683aa9,linux1804-64-shippable-qr,True,False,,,102210fe594ee9b33d82058545b1ed14f4c8206e,browser-toolbox.connect.DAMP,damp,True,damp browser-toolbox.connect.DAMP opt e10s fission stylo webrender-sw,4767235,77,ms,firefox,453850238.0,1870424668,2024-04-07 22:40:32,1837.5643815000367,a5f6bf0601900e20973b195443e8431788bf1494,1405368,,,,,,,,,,,,,,,,,,,,,,,,,,,,,,,,,,,,,,,,,,,,,,,,,,,,,,,,,,,,,TN,TN
autoland,4768071,12,69b95d09da21c937720a8d3aaca237f47b683aa9,linux1804-64-shippable-qr,True,False,,,102210fe594ee9b33d82058545b1ed14f4c8206e,browser-toolbox.connect.DAMP,damp,True,damp browser-toolbox.connect.DAMP opt e10s fission stylo webrender-sw,4767235,77,ms,firefox,453859646.0,1870483425,2024-04-08 04:43:41,1880.91347449999,93d08e6b3d615ead541eee15f876af2c74e90d53,1405385,,,,,,,,,,,,,,,,,,,,,,,,,,,,,,,,,,,,,,,,,,,,,,,,,,,,,,,,,,,,,TN,TN
autoland,4768071,12,69b95d09da21c937720a8d3aaca237f47b683aa9,linux1804-64-shippable-qr,True,False,,,102210fe594ee9b33d82058545b1ed14f4c8206e,browser-toolbox.connect.DAMP,damp,True,damp browser-toolbox.connect.DAMP opt e10s fission stylo webrender-sw,4767235,77,ms,firefox,453874995.0,1870554780,2024-04-08 09:12:14,1861.140541500019,7fdec039f49159c7769bb304ab5f0a97f9dde43f,1405465,,,,,,,,,,,,,,,,,,,,,,,,,,,,,,,,,,,,,,,,,,,,,,,,,,,,,,,,,,,,,TN,TN
autoland,4768071,12,69b95d09da21c937720a8d3aaca237f47b683aa9,linux1804-64-shippable-qr,True,False,,,102210fe594ee9b33d82058545b1ed14f4c8206e,browser-toolbox.connect.DAMP,damp,True,damp browser-toolbox.connect.DAMP opt e10s fission stylo webrender-sw,4767235,77,ms,firefox,453907232.0,1870693152,2024-04-08 13:49:41,1843.835196500004,1b56c653a5ee3a14ec0955b092498999e9333bfa,1405618,,,,,,,,,,,,,,,,,,,,,,,,,,,,,,,,,,,,,,,,,,,,,,,,,,,,,,,,,,,,,TN,TN
autoland,4768071,12,69b95d09da21c937720a8d3aaca237f47b683aa9,linux1804-64-shippable-qr,True,False,,,102210fe594ee9b33d82058545b1ed14f4c8206e,browser-toolbox.connect.DAMP,damp,True,damp browser-toolbox.connect.DAMP opt e10s fission stylo webrender-sw,4767235,77,ms,firefox,453956992.0,1870835250,2024-04-08 19:08:45,1840.1199074999893,79551503d77c8353439905d86ec3033546f0c874,1405880,,,,,,,,,,,,,,,,,,,,,,,,,,,,,,,,,,,,,,,,,,,,,,,,,,,,,,,,,,,,,TN,TN
autoland,4768071,12,69b95d09da21c937720a8d3aaca237f47b683aa9,linux1804-64-shippable-qr,True,False,,,102210fe594ee9b33d82058545b1ed14f4c8206e,browser-toolbox.connect.DAMP,damp,True,damp browser-toolbox.connect.DAMP opt e10s fission stylo webrender-sw,4767235,77,ms,firefox,453992685.0,1870966622,2024-04-08 23:24:57,1872.0963774999984,c19d16f89e851b3d8052fb11a8e8f0ae3f4cb9b7,1406026,,,,,,,,,,,,,,,,,,,,,,,,,,,,,,,,,,,,,,,,,,,,,,,,,,,,,,,,,,,,,TN,TN
autoland,4768071,12,69b95d09da21c937720a8d3aaca237f47b683aa9,linux1804-64-shippable-qr,True,False,,,102210fe594ee9b33d82058545b1ed14f4c8206e,browser-toolbox.connect.DAMP,damp,True,damp browser-toolbox.connect.DAMP opt e10s fission stylo webrender-sw,4767235,77,ms,firefox,454019291.0,1871138925,2024-04-09 06:15:12,1829.5168195000151,643848d855ebb8ab8d9d7009ca7ce9d21d267b34,1406147,,,,,,,,,,,,,,,,,,,,,,,,,,,,,,,,,,,,,,,,,,,,,,,,,,,,,,,,,,,,,TN,TN
autoland,4768071,12,69b95d09da21c937720a8d3aaca237f47b683aa9,linux1804-64-shippable-qr,True,False,,,102210fe594ee9b33d82058545b1ed14f4c8206e,browser-toolbox.connect.DAMP,damp,True,damp browser-toolbox.connect.DAMP opt e10s fission stylo webrender-sw,4767235,77,ms,firefox,454043004.0,1871252258,2024-04-09 10:19:15,1857.973681999996,7cd4aaac69823ebb7b440d4e14d05275ba50a073,1406264,,,,,,,,,,,,,,,,,,,,,,,,,,,,,,,,,,,,,,,,,,,,,,,,,,,,,,,,,,,,,TN,TN
autoland,4768071,12,69b95d09da21c937720a8d3aaca237f47b683aa9,linux1804-64-shippable-qr,True,False,,,102210fe594ee9b33d82058545b1ed14f4c8206e,browser-toolbox.connect.DAMP,damp,True,damp browser-toolbox.connect.DAMP opt e10s fission stylo webrender-sw,4767235,77,ms,firefox,454072880.0,1871374339,2024-04-09 14:26:21,1844.6894165000049,34fef7e7706b912024aa3ba8826647e5ddc0a0ab,1406452,,,,,,,,,,,,,,,,,,,,,,,,,,,,,,,,,,,,,,,,,,,,,,,,,,,,,,,,,,,,,TN,TN
autoland,4768071,12,69b95d09da21c937720a8d3aaca237f47b683aa9,linux1804-64-shippable-qr,True,False,,,102210fe594ee9b33d82058545b1ed14f4c8206e,browser-toolbox.connect.DAMP,damp,True,damp browser-toolbox.connect.DAMP opt e10s fission stylo webrender-sw,4767235,77,ms,firefox,454088231.0,1871467298,2024-04-09 17:03:26,1845.8066980000292,e3c9c90141d0f6b39792470ce489a5af6123cc15,1406581,,,,,,,,,,,,,,,,,,,,,,,,,,,,,,,,,,,,,,,,,,,,,,,,,,,,,,,,,,,,,TN,TN
autoland,4768071,12,69b95d09da21c937720a8d3aaca237f47b683aa9,linux1804-64-shippable-qr,True,False,,,102210fe594ee9b33d82058545b1ed14f4c8206e,browser-toolbox.connect.DAMP,damp,True,damp browser-toolbox.connect.DAMP opt e10s fission stylo webrender-sw,4767235,77,ms,firefox,454112127.0,1871560161,2024-04-09 20:18:20,1821.8526594999855,42fe954d2d47356658d58a292876a6f15d6cbc51,1406718,,,,,,,,,,,,,,,,,,,,,,,,,,,,,,,,,,,,,,,,,,,,,,,,,,,,,,,,,,,,,TN,TN
autoland,4768071,12,69b95d09da21c937720a8d3aaca237f47b683aa9,linux1804-64-shippable-qr,True,False,,,102210fe594ee9b33d82058545b1ed14f4c8206e,browser-toolbox.connect.DAMP,damp,True,damp browser-toolbox.connect.DAMP opt e10s fission stylo webrender-sw,4767235,77,ms,firefox,454132482.0,1871643640,2024-04-10 00:18:40,1829.990844,c6228adca1a9c453ab8514c86ee26ee9a7903d27,1406841,,,,,,,,,,,,,,,,,,,,,,,,,,,,,,,,,,,,,,,,,,,,,,,,,,,,,,,,,,,,,TN,TN
autoland,4768071,12,69b95d09da21c937720a8d3aaca237f47b683aa9,linux1804-64-shippable-qr,True,False,,,102210fe594ee9b33d82058545b1ed14f4c8206e,browser-toolbox.connect.DAMP,damp,True,damp browser-toolbox.connect.DAMP opt e10s fission stylo webrender-sw,4767235,77,ms,firefox,454140113.0,1871731738,2024-04-10 05:00:45,1840.4413499999937,a3f0d7e2d176a84f97e08088b78e1abe8da0a5f7,1406899,,,,,,,,,,,,,,,,,,,,,,,,,,,,,,,,,,,,,,,,,,,,,,,,,,,,,,,,,,,,,TN,TN
autoland,4768071,12,69b95d09da21c937720a8d3aaca237f47b683aa9,linux1804-64-shippable-qr,True,False,,,102210fe594ee9b33d82058545b1ed14f4c8206e,browser-toolbox.connect.DAMP,damp,True,damp browser-toolbox.connect.DAMP opt e10s fission stylo webrender-sw,4767235,77,ms,firefox,454157426.0,1871811105,2024-04-10 09:31:15,1830.783134500001,cb449d228d38790ba76f64d551817f6a804c044e,1406973,,,,,,,,,,,,,,,,,,,,,,,,,,,,,,,,,,,,,,,,,,,,,,,,,,,,,,,,,,,,,TN,TN
autoland,4768071,12,69b95d09da21c937720a8d3aaca237f47b683aa9,linux1804-64-shippable-qr,True,False,,,102210fe594ee9b33d82058545b1ed14f4c8206e,browser-toolbox.connect.DAMP,damp,True,damp browser-toolbox.connect.DAMP opt e10s fission stylo webrender-sw,4767235,77,ms,firefox,454191105.0,1871942839,2024-04-10 13:31:55,1859.3320359999925,53228f89fadff09aff9d51b46652c77d94059014,1407087,,,,,,,,,,,,,,,,,,,,,,,,,,,,,,,,,,,,,,,,,,,,,,,,,,,,,,,,,,,,,TN,TN
autoland,4768071,12,69b95d09da21c937720a8d3aaca237f47b683aa9,linux1804-64-shippable-qr,True,False,,,102210fe594ee9b33d82058545b1ed14f4c8206e,browser-toolbox.connect.DAMP,damp,True,damp browser-toolbox.connect.DAMP opt e10s fission stylo webrender-sw,4767235,77,ms,firefox,454208144.0,1872043724,2024-04-10 17:21:37,1818.7529814999723,a30d53cfa601940935af0c765cccbdde2178bb67,1407259,,,,,,,,,,,,,,,,,,,,,,,,,,,,,,,,,,,,,,,,,,,,,,,,,,,,,,,,,,,,,TN,TN
autoland,4768071,12,69b95d09da21c937720a8d3aaca237f47b683aa9,linux1804-64-shippable-qr,True,False,,,102210fe594ee9b33d82058545b1ed14f4c8206e,browser-toolbox.connect.DAMP,damp,True,damp browser-toolbox.connect.DAMP opt e10s fission stylo webrender-sw,4767235,77,ms,firefox,454234830.0,1872189486,2024-04-10 20:55:18,1839.3568194999823,bc425d90bbe9987cc754323772553d4be3e6de83,1407422,,,,,,,,,,,,,,,,,,,,,,,,,,,,,,,,,,,,,,,,,,,,,,,,,,,,,,,,,,,,,TN,TN
autoland,4768071,12,69b95d09da21c937720a8d3aaca237f47b683aa9,linux1804-64-shippable-qr,True,False,,,102210fe594ee9b33d82058545b1ed14f4c8206e,browser-toolbox.connect.DAMP,damp,True,damp browser-toolbox.connect.DAMP opt e10s fission stylo webrender-sw,4767235,77,ms,firefox,454254819.0,1872280238,2024-04-11 01:15:30,1811.9275825000225,1ae79ee05e2fe6a64e1916d65c78979921af1e5e,1407545,,,,,,,,,,,,,,,,,,,,,,,,,,,,,,,,,,,,,,,,,,,,,,,,,,,,,,,,,,,,,TN,TN
autoland,4768071,12,69b95d09da21c937720a8d3aaca237f47b683aa9,linux1804-64-shippable-qr,True,False,,,102210fe594ee9b33d82058545b1ed14f4c8206e,browser-toolbox.connect.DAMP,damp,True,damp browser-toolbox.connect.DAMP opt e10s fission stylo webrender-sw,4767235,77,ms,firefox,454273547.0,1872450633,2024-04-11 06:36:24,1876.377303500005,7a8a0223fffe0f06dd2e7aad79bf1920cf1430c0,1407612,,,,,,,,,,,,,,,,,,,,,,,,,,,,,,,,,,,,,,,,,,,,,,,,,,,,,,,,,,,,,TN,TN
autoland,4768071,12,69b95d09da21c937720a8d3aaca237f47b683aa9,linux1804-64-shippable-qr,True,False,,,102210fe594ee9b33d82058545b1ed14f4c8206e,browser-toolbox.connect.DAMP,damp,True,damp browser-toolbox.connect.DAMP opt e10s fission stylo webrender-sw,4767235,77,ms,firefox,454305695.0,1872639357,2024-04-11 11:27:44,1838.2946854999757,747c6705d00627b032063055173575d6e6043880,1407747,,,,,,,,,,,,,,,,,,,,,,,,,,,,,,,,,,,,,,,,,,,,,,,,,,,,,,,,,,,,,TN,TN
autoland,4768071,12,69b95d09da21c937720a8d3aaca237f47b683aa9,linux1804-64-shippable-qr,True,False,,,102210fe594ee9b33d82058545b1ed14f4c8206e,browser-toolbox.connect.DAMP,damp,True,damp browser-toolbox.connect.DAMP opt e10s fission stylo webrender-sw,4767235,77,ms,firefox,454329739.0,1872819072,2024-04-11 15:41:30,1845.1250205000545,bbca818d6385ef61c987f967ebccfe9df63fc36b,1407834,,,,,,,,,,,,,,,,,,,,,,,,,,,,,,,,,,,,,,,,,,,,,,,,,,,,,,,,,,,,,TN,TN
autoland,4768071,12,69b95d09da21c937720a8d3aaca237f47b683aa9,linux1804-64-shippable-qr,True,False,,,102210fe594ee9b33d82058545b1ed14f4c8206e,browser-toolbox.connect.DAMP,damp,True,damp browser-toolbox.connect.DAMP opt e10s fission stylo webrender-sw,4767235,77,ms,firefox,454338076.0,1872858055,2024-04-11 18:08:24,1899.231025499976,036ac9a41b52b5af1836d103d3a7aefad37e2b87,1407970,,,,,,,,,,,,,,,,,,,,,,,,,,,,,,,,,,,,,,,,,,,,,,,,,,,,,,,,,,,,,TN,TN
autoland,4768071,12,69b95d09da21c937720a8d3aaca237f47b683aa9,linux1804-64-shippable-qr,True,False,,,102210fe594ee9b33d82058545b1ed14f4c8206e,browser-toolbox.connect.DAMP,damp,True,damp browser-toolbox.connect.DAMP opt e10s fission stylo webrender-sw,4767235,77,ms,firefox,454367626.0,1872981820,2024-04-11 23:15:25,1842.2456264999928,90ef908ff18573cca9f4f0e5d676df56875c68b5,1408175,,,,,,,,,,,,,,,,,,,,,,,,,,,,,,,,,,,,,,,,,,,,,,,,,,,,,,,,,,,,,TN,TN
autoland,4768071,12,69b95d09da21c937720a8d3aaca237f47b683aa9,linux1804-64-shippable-qr,True,False,,,102210fe594ee9b33d82058545b1ed14f4c8206e,browser-toolbox.connect.DAMP,damp,True,damp browser-toolbox.connect.DAMP opt e10s fission stylo webrender-sw,4767235,77,ms,firefox,454404477.0,1873200492,2024-04-12 14:13:45,1844.7888305000088,be4463b26a49bdb9c791eaf7d0b41ff9eb0294d3,1408318,,,,,,,,,,,,,,,,,,,,,,,,,,,,,,,,,,,,,,,,,,,,,,,,,,,,,,,,,,,,,TN,TN
autoland,4768071,12,69b95d09da21c937720a8d3aaca237f47b683aa9,linux1804-64-shippable-qr,True,False,,,102210fe594ee9b33d82058545b1ed14f4c8206e,browser-toolbox.connect.DAMP,damp,True,damp browser-toolbox.connect.DAMP opt e10s fission stylo webrender-sw,4767235,77,ms,firefox,454421845.0,1873296519,2024-04-12 20:21:58,1837.433564499996,5e5bc998487f4e6ee9fe6fe52ca5eb66cd37de03,1408379,,,,,,,,,,,,,,,,,,,,,,,,,,,,,,,,,,,,,,,,,,,,,,,,,,,,,,,,,,,,,TN,TN
autoland,4768071,12,69b95d09da21c937720a8d3aaca237f47b683aa9,linux1804-64-shippable-qr,True,False,,,102210fe594ee9b33d82058545b1ed14f4c8206e,browser-toolbox.connect.DAMP,damp,True,damp browser-toolbox.connect.DAMP opt e10s fission stylo webrender-sw,4767235,77,ms,firefox,454440562.0,1873413360,2024-04-13 06:05:05,1842.4741709999944,39657b697a7ffcda0f07cae917b68f1e84f57d54,1408439,,,,,,,,,,,,,,,,,,,,,,,,,,,,,,,,,,,,,,,,,,,,,,,,,,,,,,,,,,,,,TN,TN
autoland,4768071,12,69b95d09da21c937720a8d3aaca237f47b683aa9,linux1804-64-shippable-qr,True,False,,,102210fe594ee9b33d82058545b1ed14f4c8206e,browser-toolbox.connect.DAMP,damp,True,damp browser-toolbox.connect.DAMP opt e10s fission stylo webrender-sw,4767235,77,ms,firefox,454463330.0,1873515217,2024-04-13 20:36:37,1834.815377499988,1dc823d4e96db6fe0450fcb588466eff7038b4cc,1408512,,,,,,,,,,,,,,,,,,,,,,,,,,,,,,,,,,,,,,,,,,,,,,,,,,,,,,,,,,,,,TN,TN
autoland,4768071,12,69b95d09da21c937720a8d3aaca237f47b683aa9,linux1804-64-shippable-qr,True,False,,,102210fe594ee9b33d82058545b1ed14f4c8206e,browser-toolbox.connect.DAMP,damp,True,damp browser-toolbox.connect.DAMP opt e10s fission stylo webrender-sw,4767235,77,ms,firefox,454484617.0,1873671878,2024-04-14 12:41:18,1844.7871774999803,25a22c2f939167a119d912b3fe61312db879d576,1408562,,,,,,,,,,,,,,,,,,,,,,,,,,,,,,,,,,,,,,,,,,,,,,,,,,,,,,,,,,,,,TN,TN
autoland,4768071,12,69b95d09da21c937720a8d3aaca237f47b683aa9,linux1804-64-shippable-qr,True,False,,,102210fe594ee9b33d82058545b1ed14f4c8206e,browser-toolbox.connect.DAMP,damp,True,damp browser-toolbox.connect.DAMP opt e10s fission stylo webrender-sw,4767235,77,ms,firefox,454505408.0,1873813445,2024-04-15 00:20:26,1908.9472174999971,8c457b0d7626241855c3c025a2531eb5f00b8cfc,1408605,,,,,,,,,,,,,,,,,,,,,,,,,,,,,,,,,,,,,,,,,,,,,,,,,,,,,,,,,,,,,TN,TN
autoland,4768071,12,69b95d09da21c937720a8d3aaca237f47b683aa9,linux1804-64-shippable-qr,True,False,,,102210fe594ee9b33d82058545b1ed14f4c8206e,browser-toolbox.connect.DAMP,damp,True,damp browser-toolbox.connect.DAMP opt e10s fission stylo webrender-sw,4767235,77,ms,firefox,454513182.0,1873868048,2024-04-15 05:51:41,1831.1202525000265,4b17d2a2a7ae64b3c8d364d200a6b97cc636dffd,1408627,,,,,,,,,,,,,,,,,,,,,,,,,,,,,,,,,,,,,,,,,,,,,,,,,,,,,,,,,,,,,TN,TN
autoland,4768071,12,69b95d09da21c937720a8d3aaca237f47b683aa9,linux1804-64-shippable-qr,True,False,,,102210fe594ee9b33d82058545b1ed14f4c8206e,browser-toolbox.connect.DAMP,damp,True,damp browser-toolbox.connect.DAMP opt e10s fission stylo webrender-sw,4767235,77,ms,firefox,454534541.0,1873967211,2024-04-15 10:25:42,1857.2512894999963,177f569e862519d4372977ba20b630f95e24ef1c,1408738,,,,,,,,,,,,,,,,,,,,,,,,,,,,,,,,,,,,,,,,,,,,,,,,,,,,,,,,,,,,,TN,TN
autoland,4768071,12,69b95d09da21c937720a8d3aaca237f47b683aa9,linux1804-64-shippable-qr,True,False,,,102210fe594ee9b33d82058545b1ed14f4c8206e,browser-toolbox.connect.DAMP,damp,True,damp browser-toolbox.connect.DAMP opt e10s fission stylo webrender-sw,4767235,77,ms,firefox,454571889.0,1874133115,2024-04-15 14:58:12,1877.13089700001,4897460458d13272e6016fd9e4c184c3c41cbd74,1408898,,,,,,,,,,,,,,,,,,,,,,,,,,,,,,,,,,,,,,,,,,,,,,,,,,,,,,,,,,,,,TN,TN
autoland,4768071,12,69b95d09da21c937720a8d3aaca237f47b683aa9,linux1804-64-shippable-qr,True,False,,,102210fe594ee9b33d82058545b1ed14f4c8206e,browser-toolbox.connect.DAMP,damp,True,damp browser-toolbox.connect.DAMP opt e10s fission stylo webrender-sw,4767235,77,ms,firefox,454601541.0,1874259904,2024-04-15 18:18:39,1843.4516995000083,d49ecc17e4ae83fbccee8ffbe50a119039d1e408,1409057,,,,,,,,,,,,,,,,,,,,,,,,,,,,,,,,,,,,,,,,,,,,,,,,,,,,,,,,,,,,,TN,TN
autoland,4768071,12,69b95d09da21c937720a8d3aaca237f47b683aa9,linux1804-64-shippable-qr,True,False,,,102210fe594ee9b33d82058545b1ed14f4c8206e,browser-toolbox.connect.DAMP,damp,True,damp browser-toolbox.connect.DAMP opt e10s fission stylo webrender-sw,4767235,77,ms,firefox,454618731.0,1874346013,2024-04-15 20:13:44,1835.516423999972,8d488b7ac977a67ba128a580f6959fe058df2fe5,1409141,,,,,,,,,,,,,,,,,,,,,,,,,,,,,,,,,,,,,,,,,,,,,,,,,,,,,,,,,,,,,TN,TN
autoland,4768071,12,69b95d09da21c937720a8d3aaca237f47b683aa9,linux1804-64-shippable-qr,True,False,,,102210fe594ee9b33d82058545b1ed14f4c8206e,browser-toolbox.connect.DAMP,damp,True,damp browser-toolbox.connect.DAMP opt e10s fission stylo webrender-sw,4767235,77,ms,firefox,454629999.0,1874395266,2024-04-15 21:50:25,1843.2988605000064,547363a98ae60f0645c5cc21aeecffb7e0ddb047,1409212,,,,,,,,,,,,,,,,,,,,,,,,,,,,,,,,,,,,,,,,,,,,,,,,,,,,,,,,,,,,,TN,TN
autoland,4768071,12,69b95d09da21c937720a8d3aaca237f47b683aa9,linux1804-64-shippable-qr,True,False,,,102210fe594ee9b33d82058545b1ed14f4c8206e,browser-toolbox.connect.DAMP,damp,True,damp browser-toolbox.connect.DAMP opt e10s fission stylo webrender-sw,4767235,77,ms,firefox,454645674.0,1874467166,2024-04-16 00:41:18,1817.109045499994,5a31505f08c64efa6eb7a8ed02d5e9c0db448e37,1409277,,,,,,,,,,,,,,,,,,,,,,,,,,,,,,,,,,,,,,,,,,,,,,,,,,,,,,,,,,,,,TN,TN
autoland,4768071,12,69b95d09da21c937720a8d3aaca237f47b683aa9,linux1804-64-shippable-qr,True,False,,,102210fe594ee9b33d82058545b1ed14f4c8206e,browser-toolbox.connect.DAMP,damp,True,damp browser-toolbox.connect.DAMP opt e10s fission stylo webrender-sw,4767235,77,ms,firefox,454665149.0,1874552559,2024-04-16 05:04:40,1823.5966674999945,69a1a1d802b357216fef131d6ad99816defddc1f,1409360,,,,,,,,,,,,,,,,,,,,,,,,,,,,,,,,,,,,,,,,,,,,,,,,,,,,,,,,,,,,,TN,TN
autoland,4768071,12,69b95d09da21c937720a8d3aaca237f47b683aa9,linux1804-64-shippable-qr,True,False,,,102210fe594ee9b33d82058545b1ed14f4c8206e,browser-toolbox.connect.DAMP,damp,True,damp browser-toolbox.connect.DAMP opt e10s fission stylo webrender-sw,4767235,77,ms,firefox,454693160.0,1874631609,2024-04-16 09:18:49,1837.4460405000063,2949cb403e680d76f7bcb101117ceefeb480b064,1409480,,,,,,,,,,,,,,,,,,,,,,,,,,,,,,,,,,,,,,,,,,,,,,,,,,,,,,,,,,,,,TN,TN
autoland,4768071,12,69b95d09da21c937720a8d3aaca237f47b683aa9,linux1804-64-shippable-qr,True,False,,,102210fe594ee9b33d82058545b1ed14f4c8206e,browser-toolbox.connect.DAMP,damp,True,damp browser-toolbox.connect.DAMP opt e10s fission stylo webrender-sw,4767235,77,ms,firefox,454715345.0,1874751504,2024-04-16 13:28:04,1927.6097720000253,11d1c89ad8b2dad0cee1caf733cd833e448945eb,1409649,,,,,,,,,,,,,,,,,,,,,,,,,,,,,,,,,,,,,,,,,,,,,,,,,,,,,,,,,,,,,TN,TN
autoland,4768071,12,69b95d09da21c937720a8d3aaca237f47b683aa9,linux1804-64-shippable-qr,True,False,,,102210fe594ee9b33d82058545b1ed14f4c8206e,browser-toolbox.connect.DAMP,damp,True,damp browser-toolbox.connect.DAMP opt e10s fission stylo webrender-sw,4767235,77,ms,firefox,454738774.0,1874901238,2024-04-16 17:33:30,1847.6121184999795,12c7f0b00cd7ce4e2edde6ff37daf12e807388b1,1409875,,,,,,,,,,,,,,,,,,,,,,,,,,,,,,,,,,,,,,,,,,,,,,,,,,,,,,,,,,,,,TN,TN
autoland,4768071,12,69b95d09da21c937720a8d3aaca237f47b683aa9,linux1804-64-shippable-qr,True,False,,,102210fe594ee9b33d82058545b1ed14f4c8206e,browser-toolbox.connect.DAMP,damp,True,damp browser-toolbox.connect.DAMP opt e10s fission stylo webrender-sw,4767235,77,ms,firefox,454757291.0,1874970124,2024-04-16 20:13:25,1830.7298889999947,852d3945e38d8d16c4cf17918e862882d7ef363c,1409984,,,,,,,,,,,,,,,,,,,,,,,,,,,,,,,,,,,,,,,,,,,,,,,,,,,,,,,,,,,,,TN,TN
autoland,4768071,12,69b95d09da21c937720a8d3aaca237f47b683aa9,linux1804-64-shippable-qr,True,False,,,102210fe594ee9b33d82058545b1ed14f4c8206e,browser-toolbox.connect.DAMP,damp,True,damp browser-toolbox.connect.DAMP opt e10s fission stylo webrender-sw,4767235,77,ms,firefox,454777153.0,1875073820,2024-04-17 00:00:12,1840.8796759999968,3f5bf473ca3cf95233298d16ad833028500755e6,1410132,,,,,,,,,,,,,,,,,,,,,,,,,,,,,,,,,,,,,,,,,,,,,,,,,,,,,,,,,,,,,TN,TN
autoland,4768071,12,69b95d09da21c937720a8d3aaca237f47b683aa9,linux1804-64-shippable-qr,True,False,,,102210fe594ee9b33d82058545b1ed14f4c8206e,browser-toolbox.connect.DAMP,damp,True,damp browser-toolbox.connect.DAMP opt e10s fission stylo webrender-sw,4767235,77,ms,firefox,454796105.0,1875222728,2024-04-17 04:14:52,1870.7508835000044,7900ea0538965c6aba695fd896a6e2833d781007,1410204,,,,,,,,,,,,,,,,,,,,,,,,,,,,,,,,,,,,,,,,,,,,,,,,,,,,,,,,,,,,,TN,TN
autoland,4768071,12,69b95d09da21c937720a8d3aaca237f47b683aa9,linux1804-64-shippable-qr,True,False,,,102210fe594ee9b33d82058545b1ed14f4c8206e,browser-toolbox.connect.DAMP,damp,True,damp browser-toolbox.connect.DAMP opt e10s fission stylo webrender-sw,4767235,77,ms,firefox,454819756.0,1875299681,2024-04-17 08:24:06,1844.270430500008,acabdf625d68e5d96c49e0eebb5c71f4286e5ffd,1410333,,,,,,,,,,,,,,,,,,,,,,,,,,,,,,,,,,,,,,,,,,,,,,,,,,,,,,,,,,,,,TN,TN
autoland,4768071,12,69b95d09da21c937720a8d3aaca237f47b683aa9,linux1804-64-shippable-qr,True,False,,,102210fe594ee9b33d82058545b1ed14f4c8206e,browser-toolbox.connect.DAMP,damp,True,damp browser-toolbox.connect.DAMP opt e10s fission stylo webrender-sw,4767235,77,ms,firefox,454854082.0,1875434526,2024-04-17 11:47:51,1833.1177160000009,05ad651d0c97009f3d906febefe9888c127c2660,1410461,,,,,,,,,,,,,,,,,,,,,,,,,,,,,,,,,,,,,,,,,,,,,,,,,,,,,,,,,,,,,TN,TN
autoland,4768071,12,69b95d09da21c937720a8d3aaca237f47b683aa9,linux1804-64-shippable-qr,True,False,,,102210fe594ee9b33d82058545b1ed14f4c8206e,browser-toolbox.connect.DAMP,damp,True,damp browser-toolbox.connect.DAMP opt e10s fission stylo webrender-sw,4767235,77,ms,firefox,454873311.0,1875483733,2024-04-17 13:57:03,1822.3480895000105,57f6925a520cf97f4af35e42db00435e817475dc,1410569,,,,,,,,,,,,,,,,,,,,,,,,,,,,,,,,,,,,,,,,,,,,,,,,,,,,,,,,,,,,,TN,TN
autoland,4768071,12,69b95d09da21c937720a8d3aaca237f47b683aa9,linux1804-64-shippable-qr,True,False,,,102210fe594ee9b33d82058545b1ed14f4c8206e,browser-toolbox.connect.DAMP,damp,True,damp browser-toolbox.connect.DAMP opt e10s fission stylo webrender-sw,4767235,77,ms,firefox,454894791.0,1875582625,2024-04-17 18:33:15,1829.049713500004,25500210a453fec07cc9d95612bbe778bae07f71,1410800,,,,,,,,,,,,,,,,,,,,,,,,,,,,,,,,,,,,,,,,,,,,,,,,,,,,,,,,,,,,,TN,TN
autoland,4768071,12,69b95d09da21c937720a8d3aaca237f47b683aa9,linux1804-64-shippable-qr,True,False,,,102210fe594ee9b33d82058545b1ed14f4c8206e,browser-toolbox.connect.DAMP,damp,True,damp browser-toolbox.connect.DAMP opt e10s fission stylo webrender-sw,4767235,77,ms,firefox,454915674.0,1875657621,2024-04-17 20:25:11,1822.1082499999904,d35a7bf5f1fc33f0f83edc8fdcffd17131fd9b82,1410917,,,,,,,,,,,,,,,,,,,,,,,,,,,,,,,,,,,,,,,,,,,,,,,,,,,,,,,,,,,,,TN,TN
autoland,4768071,12,69b95d09da21c937720a8d3aaca237f47b683aa9,linux1804-64-shippable-qr,True,False,,,102210fe594ee9b33d82058545b1ed14f4c8206e,browser-toolbox.connect.DAMP,damp,True,damp browser-toolbox.connect.DAMP opt e10s fission stylo webrender-sw,4767235,77,ms,firefox,454936748.0,1875750025,2024-04-18 00:20:10,1830.7043765000128,1bf7d54b4913d7994ed2ce4b07f0426fc70b4b7e,1411120,,,,,,,,,,,,,,,,,,,,,,,,,,,,,,,,,,,,,,,,,,,,,,,,,,,,,,,,,,,,,TN,TN
autoland,4768071,12,69b95d09da21c937720a8d3aaca237f47b683aa9,linux1804-64-shippable-qr,True,False,,,102210fe594ee9b33d82058545b1ed14f4c8206e,browser-toolbox.connect.DAMP,damp,True,damp browser-toolbox.connect.DAMP opt e10s fission stylo webrender-sw,4767235,77,ms,firefox,454953803.0,1875813221,2024-04-18 03:49:51,1825.796408000002,12adf93b9ad4085d4f0b493c368533bb040dce46,1411204,,,,,,,,,,,,,,,,,,,,,,,,,,,,,,,,,,,,,,,,,,,,,,,,,,,,,,,,,,,,,TN,TN
autoland,4768071,12,69b95d09da21c937720a8d3aaca237f47b683aa9,linux1804-64-shippable-qr,True,False,,,102210fe594ee9b33d82058545b1ed14f4c8206e,browser-toolbox.connect.DAMP,damp,True,damp browser-toolbox.connect.DAMP opt e10s fission stylo webrender-sw,4767235,77,ms,firefox,454971100.0,1875930706,2024-04-18 07:53:55,1827.7665690000283,d4cde5148929d0d9587580bca2d37027d7424348,1411277,,,,,,,,,,,,,,,,,,,,,,,,,,,,,,,,,,,,,,,,,,,,,,,,,,,,,,,,,,,,,TN,TN
autoland,4768071,12,69b95d09da21c937720a8d3aaca237f47b683aa9,linux1804-64-shippable-qr,True,False,,,102210fe594ee9b33d82058545b1ed14f4c8206e,browser-toolbox.connect.DAMP,damp,True,damp browser-toolbox.connect.DAMP opt e10s fission stylo webrender-sw,4767235,77,ms,firefox,455004103.0,1876075061,2024-04-18 12:14:33,1825.6299915000127,123e0c272c21270c6f9a5e2fca3bfbc72c7b5ef9,1411435,,,,,,,,,,,,,,,,,,,,,,,,,,,,,,,,,,,,,,,,,,,,,,,,,,,,,,,,,,,,,TN,TN
autoland,4768071,12,69b95d09da21c937720a8d3aaca237f47b683aa9,linux1804-64-shippable-qr,True,False,,,102210fe594ee9b33d82058545b1ed14f4c8206e,browser-toolbox.connect.DAMP,damp,True,damp browser-toolbox.connect.DAMP opt e10s fission stylo webrender-sw,4767235,77,ms,firefox,455049746.0,1876267594,2024-04-18 15:42:46,1833.7959644999935,257d3013546c7ec40031343c459162a0b69fa6f2,1411573,,,,,,,,,,,,,,,,,,,,,,,,,,,,,,,,,,,,,,,,,,,,,,,,,,,,,,,,,,,,,TN,TN
autoland,4768071,12,69b95d09da21c937720a8d3aaca237f47b683aa9,linux1804-64-shippable-qr,True,False,,,102210fe594ee9b33d82058545b1ed14f4c8206e,browser-toolbox.connect.DAMP,damp,True,damp browser-toolbox.connect.DAMP opt e10s fission stylo webrender-sw,4767235,77,ms,firefox,455062850.0,1876311928,2024-04-18 18:28:28,1836.3017570000084,0f5d446707971afc1fab01c0a28b208101241b8a,1411727,,,,,,,,,,,,,,,,,,,,,,,,,,,,,,,,,,,,,,,,,,,,,,,,,,,,,,,,,,,,,TN,TN
autoland,4768071,12,69b95d09da21c937720a8d3aaca237f47b683aa9,linux1804-64-shippable-qr,True,False,,,102210fe594ee9b33d82058545b1ed14f4c8206e,browser-toolbox.connect.DAMP,damp,True,damp browser-toolbox.connect.DAMP opt e10s fission stylo webrender-sw,4767235,77,ms,firefox,455086550.0,1876467419,2024-04-18 21:15:15,1855.7628585000057,eed297665148d999a1c59d7d6e66f6973e0dd84c,1411845,,,,,,,,,,,,,,,,,,,,,,,,,,,,,,,,,,,,,,,,,,,,,,,,,,,,,,,,,,,,,TN,TN
autoland,4768071,12,69b95d09da21c937720a8d3aaca237f47b683aa9,linux1804-64-shippable-qr,True,False,,,102210fe594ee9b33d82058545b1ed14f4c8206e,browser-toolbox.connect.DAMP,damp,True,damp browser-toolbox.connect.DAMP opt e10s fission stylo webrender-sw,4767235,77,ms,firefox,455109152.0,1876642268,2024-04-19 01:55:54,1823.040106499997,3e097fca93b9af809ad16ed1d5f0bdd874f8f8e2,1411981,,,,,,,,,,,,,,,,,,,,,,,,,,,,,,,,,,,,,,,,,,,,,,,,,,,,,,,,,,,,,TN,TN
autoland,4768071,12,69b95d09da21c937720a8d3aaca237f47b683aa9,linux1804-64-shippable-qr,True,False,,,102210fe594ee9b33d82058545b1ed14f4c8206e,browser-toolbox.connect.DAMP,damp,True,damp browser-toolbox.connect.DAMP opt e10s fission stylo webrender-sw,4767235,77,ms,firefox,455118809.0,1876802453,2024-04-19 06:08:52,1836.1426985000144,99364906cd1d11016d0fc2dc03a8b7fd11705aa4,1412057,,,,,,,,,,,,,,,,,,,,,,,,,,,,,,,,,,,,,,,,,,,,,,,,,,,,,,,,,,,,,TN,TN
autoland,4768071,12,69b95d09da21c937720a8d3aaca237f47b683aa9,linux1804-64-shippable-qr,True,False,,,102210fe594ee9b33d82058545b1ed14f4c8206e,browser-toolbox.connect.DAMP,damp,True,damp browser-toolbox.connect.DAMP opt e10s fission stylo webrender-sw,4767235,77,ms,firefox,455147428.0,1877007667,2024-04-19 10:27:22,1836.660591499989,465ebfc7da3d3a6de812574016249ab37ab8605c,1412150,,,,,,,,,,,,,,,,,,,,,,,,,,,,,,,,,,,,,,,,,,,,,,,,,,,,,,,,,,,,,TN,TN
autoland,4768071,12,69b95d09da21c937720a8d3aaca237f47b683aa9,linux1804-64-shippable-qr,True,False,,,102210fe594ee9b33d82058545b1ed14f4c8206e,browser-toolbox.connect.DAMP,damp,True,damp browser-toolbox.connect.DAMP opt e10s fission stylo webrender-sw,4767235,77,ms,firefox,455184756.0,1877117244,2024-04-19 14:48:08,1834.4036305000045,4b196ac64ccbf1061ee2c2835e31fe8b071b9099,1412270,,,,,,,,,,,,,,,,,,,,,,,,,,,,,,,,,,,,,,,,,,,,,,,,,,,,,,,,,,,,,TN,TN
autoland,4768071,12,69b95d09da21c937720a8d3aaca237f47b683aa9,linux1804-64-shippable-qr,True,False,,,102210fe594ee9b33d82058545b1ed14f4c8206e,browser-toolbox.connect.DAMP,damp,True,damp browser-toolbox.connect.DAMP opt e10s fission stylo webrender-sw,4767235,77,ms,firefox,455213698.0,1877264966,2024-04-19 18:48:31,1848.5973575000096,cf54488baa94dff90075eb1c2e96afc7353a4eee,1412477,,,,,,,,,,,,,,,,,,,,,,,,,,,,,,,,,,,,,,,,,,,,,,,,,,,,,,,,,,,,,TN,TN
autoland,4768071,12,69b95d09da21c937720a8d3aaca237f47b683aa9,linux1804-64-shippable-qr,True,False,,,102210fe594ee9b33d82058545b1ed14f4c8206e,browser-toolbox.connect.DAMP,damp,True,damp browser-toolbox.connect.DAMP opt e10s fission stylo webrender-sw,4767235,77,ms,firefox,455241303.0,1877431328,2024-04-19 22:58:06,1820.943904500018,fd56e5907d69d8a14032cc7ec308f013a266ee16,1412613,,,,,,,,,,,,,,,,,,,,,,,,,,,,,,,,,,,,,,,,,,,,,,,,,,,,,,,,,,,,,TN,TN
autoland,4768071,12,69b95d09da21c937720a8d3aaca237f47b683aa9,linux1804-64-shippable-qr,True,False,,,102210fe594ee9b33d82058545b1ed14f4c8206e,browser-toolbox.connect.DAMP,damp,True,damp browser-toolbox.connect.DAMP opt e10s fission stylo webrender-sw,4767235,77,ms,firefox,455253249.0,1877516567,2024-04-20 05:31:24,1847.8868450000157,4797f0a19ccc6dca6f6aa6710f76967e23ba6276,1412701,,,,,,,,,,,,,,,,,,,,,,,,,,,,,,,,,,,,,,,,,,,,,,,,,,,,,,,,,,,,,TN,TN
autoland,4768071,12,69b95d09da21c937720a8d3aaca237f47b683aa9,linux1804-64-shippable-qr,True,False,,,102210fe594ee9b33d82058545b1ed14f4c8206e,browser-toolbox.connect.DAMP,damp,True,damp browser-toolbox.connect.DAMP opt e10s fission stylo webrender-sw,4767235,77,ms,firefox,455283499.0,1877632448,2024-04-20 15:42:35,1822.0207204999897,f5d9ea237d971478f314e77299398079989b786c,1412749,,,,,,,,,,,,,,,,,,,,,,,,,,,,,,,,,,,,,,,,,,,,,,,,,,,,,,,,,,,,,TN,TN
autoland,4768071,12,69b95d09da21c937720a8d3aaca237f47b683aa9,linux1804-64-shippable-qr,True,False,,,102210fe594ee9b33d82058545b1ed14f4c8206e,browser-toolbox.connect.DAMP,damp,True,damp browser-toolbox.connect.DAMP opt e10s fission stylo webrender-sw,4767235,77,ms,firefox,455288947.0,1877669327,2024-04-21 00:18:25,1818.9414309999995,65ceed609eb489d653eefc7e22fa34f869027a26,1412781,,,,,,,,,,,,,,,,,,,,,,,,,,,,,,,,,,,,,,,,,,,,,,,,,,,,,,,,,,,,,TN,TN
autoland,4768071,12,69b95d09da21c937720a8d3aaca237f47b683aa9,linux1804-64-shippable-qr,True,False,,,102210fe594ee9b33d82058545b1ed14f4c8206e,browser-toolbox.connect.DAMP,damp,True,damp browser-toolbox.connect.DAMP opt e10s fission stylo webrender-sw,4767235,77,ms,firefox,455324594.0,1877858260,2024-04-21 21:40:30,1830.7402440000296,400d4e6908a3aef8f83ae4db204d62e3e028f704,1412843,,,,,,,,,,,,,,,,,,,,,,,,,,,,,,,,,,,,,,,,,,,,,,,,,,,,,,,,,,,,,TN,TN
autoland,4768071,12,69b95d09da21c937720a8d3aaca237f47b683aa9,linux1804-64-shippable-qr,True,False,,,102210fe594ee9b33d82058545b1ed14f4c8206e,browser-toolbox.connect.DAMP,damp,True,damp browser-toolbox.connect.DAMP opt e10s fission stylo webrender-sw,4767235,77,ms,firefox,455334568.0,1877963123,2024-04-22 04:00:04,1835.5592005000071,d4a6129fdbbe32300d5069df6ce47dd92f665c96,1412913,,,,,,,,,,,,,,,,,,,,,,,,,,,,,,,,,,,,,,,,,,,,,,,,,,,,,,,,,,,,,TN,TN
autoland,4768071,12,69b95d09da21c937720a8d3aaca237f47b683aa9,linux1804-64-shippable-qr,True,False,,,102210fe594ee9b33d82058545b1ed14f4c8206e,browser-toolbox.connect.DAMP,damp,True,damp browser-toolbox.connect.DAMP opt e10s fission stylo webrender-sw,4767235,77,ms,firefox,455346590.0,1878046212,2024-04-22 08:07:09,1817.061385999987,5a83d047329402d960e6c402c6deb27927a436c9,1412944,,,,,,,,,,,,,,,,,,,,,,,,,,,,,,,,,,,,,,,,,,,,,,,,,,,,,,,,,,,,,TN,TN
autoland,4768071,12,69b95d09da21c937720a8d3aaca237f47b683aa9,linux1804-64-shippable-qr,True,False,,,102210fe594ee9b33d82058545b1ed14f4c8206e,browser-toolbox.connect.DAMP,damp,True,damp browser-toolbox.connect.DAMP opt e10s fission stylo webrender-sw,4767235,77,ms,firefox,455383091.0,1878171464,2024-04-22 12:07:57,1852.450258000012,1c34b0b26d5a556ee695c70bd744ca9f129f456e,1413048,,,,,,,,,,,,,,,,,,,,,,,,,,,,,,,,,,,,,,,,,,,,,,,,,,,,,,,,,,,,,TN,TN
autoland,4768071,12,69b95d09da21c937720a8d3aaca237f47b683aa9,linux1804-64-shippable-qr,True,False,,,102210fe594ee9b33d82058545b1ed14f4c8206e,browser-toolbox.connect.DAMP,damp,True,damp browser-toolbox.connect.DAMP opt e10s fission stylo webrender-sw,4767235,77,ms,firefox,455436034.0,1878353968,2024-04-22 19:20:17,1835.1973225000256,ed724b89a2c25252a6eab99f0fa48f85f2523b66,1413379,,,,,,,,,,,,,,,,,,,,,,,,,,,,,,,,,,,,,,,,,,,,,,,,,,,,,,,,,,,,,TN,TN
autoland,4768071,12,69b95d09da21c937720a8d3aaca237f47b683aa9,linux1804-64-shippable-qr,True,False,,,102210fe594ee9b33d82058545b1ed14f4c8206e,browser-toolbox.connect.DAMP,damp,True,damp browser-toolbox.connect.DAMP opt e10s fission stylo webrender-sw,4767235,77,ms,firefox,455470380.0,1878543985,2024-04-22 23:20:55,1841.7129505000048,294255d7250372c7cd6256cb6d1da23325d1f728,1413581,,,,,,,,,,,,,,,,,,,,,,,,,,,,,,,,,,,,,,,,,,,,,,,,,,,,,,,,,,,,,TN,TN
autoland,4768071,12,69b95d09da21c937720a8d3aaca237f47b683aa9,linux1804-64-shippable-qr,True,False,,,102210fe594ee9b33d82058545b1ed14f4c8206e,browser-toolbox.connect.DAMP,damp,True,damp browser-toolbox.connect.DAMP opt e10s fission stylo webrender-sw,4767235,77,ms,firefox,455484847.0,1878620182,2024-04-23 03:59:43,1850.6036000000024,074d29b6e81d7fbf5ac7dea664ffea6a59b41b80,1413693,,,,,,,,,,,,,,,,,,,,,,,,,,,,,,,,,,,,,,,,,,,,,,,,,,,,,,,,,,,,,TN,TN
autoland,4768071,12,69b95d09da21c937720a8d3aaca237f47b683aa9,linux1804-64-shippable-qr,True,False,,,102210fe594ee9b33d82058545b1ed14f4c8206e,browser-toolbox.connect.DAMP,damp,True,damp browser-toolbox.connect.DAMP opt e10s fission stylo webrender-sw,4767235,77,ms,firefox,455499149.0,1878756838,2024-04-23 08:01:00,1848.458475499996,5519716422b3e14060894caded45bac7a3aeb773,1413770,,,,,,,,,,,,,,,,,,,,,,,,,,,,,,,,,,,,,,,,,,,,,,,,,,,,,,,,,,,,,TN,TN
autoland,4768071,12,69b95d09da21c937720a8d3aaca237f47b683aa9,linux1804-64-shippable-qr,True,False,,,102210fe594ee9b33d82058545b1ed14f4c8206e,browser-toolbox.connect.DAMP,damp,True,damp browser-toolbox.connect.DAMP opt e10s fission stylo webrender-sw,4767235,77,ms,firefox,455537807.0,1878890313,2024-04-23 11:54:58,1836.37162049998,d0b5d121d8fc8ffddbec3e026a455ecfe0071347,1413921,,,,,,,,,,,,,,,,,,,,,,,,,,,,,,,,,,,,,,,,,,,,,,,,,,,,,,,,,,,,,TN,TN
autoland,4768071,12,69b95d09da21c937720a8d3aaca237f47b683aa9,linux1804-64-shippable-qr,True,False,,,102210fe594ee9b33d82058545b1ed14f4c8206e,browser-toolbox.connect.DAMP,damp,True,damp browser-toolbox.connect.DAMP opt e10s fission stylo webrender-sw,4767235,77,ms,firefox,455568811.0,1879110810,2024-04-23 15:44:45,1840.337013499986,058dc2e8394c7361874508e49f2bbbfc3173f1a9,1414120,,,,,,,,,,,,,,,,,,,,,,,,,,,,,,,,,,,,,,,,,,,,,,,,,,,,,,,,,,,,,TN,TN
autoland,4768071,12,69b95d09da21c937720a8d3aaca237f47b683aa9,linux1804-64-shippable-qr,True,False,,,102210fe594ee9b33d82058545b1ed14f4c8206e,browser-toolbox.connect.DAMP,damp,True,damp browser-toolbox.connect.DAMP opt e10s fission stylo webrender-sw,4767235,77,ms,firefox,455578854.0,1879156572,2024-04-23 18:21:27,1835.316472000035,1c40eb01d534a1c361c5c6fe0b3fdc64aed2c883,1414216,,,,,,,,,,,,,,,,,,,,,,,,,,,,,,,,,,,,,,,,,,,,,,,,,,,,,,,,,,,,,TN,TN
autoland,4768071,12,69b95d09da21c937720a8d3aaca237f47b683aa9,linux1804-64-shippable-qr,True,False,,,102210fe594ee9b33d82058545b1ed14f4c8206e,browser-toolbox.connect.DAMP,damp,True,damp browser-toolbox.connect.DAMP opt e10s fission stylo webrender-sw,4767235,77,ms,firefox,455613149.0,1879346634,2024-04-23 22:59:53,1857.0803925000216,b516592332299274cdbcfd113f1d8a97cc0ee8af,1414419,,,,,,,,,,,,,,,,,,,,,,,,,,,,,,,,,,,,,,,,,,,,,,,,,,,,,,,,,,,,,TN,TN
autoland,4768071,12,69b95d09da21c937720a8d3aaca237f47b683aa9,linux1804-64-shippable-qr,True,False,,,102210fe594ee9b33d82058545b1ed14f4c8206e,browser-toolbox.connect.DAMP,damp,True,damp browser-toolbox.connect.DAMP opt e10s fission stylo webrender-sw,4767235,77,ms,firefox,455629000.0,1879439805,2024-04-24 03:55:37,1844.0257385000004,3de3f9428f138bf269718fceb36c5112a195ca37,1414529,,,,,,,,,,,,,,,,,,,,,,,,,,,,,,,,,,,,,,,,,,,,,,,,,,,,,,,,,,,,,TN,TN
autoland,4768071,12,69b95d09da21c937720a8d3aaca237f47b683aa9,linux1804-64-shippable-qr,True,False,,,102210fe594ee9b33d82058545b1ed14f4c8206e,browser-toolbox.connect.DAMP,damp,True,damp browser-toolbox.connect.DAMP opt e10s fission stylo webrender-sw,4767235,77,ms,firefox,455651479.0,1879596821,2024-04-24 07:56:15,1836.317472500028,fd7d96cffddb9a76a1ecc148c3b284e8003fe6b9,1414632,,,,,,,,,,,,,,,,,,,,,,,,,,,,,,,,,,,,,,,,,,,,,,,,,,,,,,,,,,,,,TN,TN
autoland,4768071,12,69b95d09da21c937720a8d3aaca237f47b683aa9,linux1804-64-shippable-qr,True,False,,,102210fe594ee9b33d82058545b1ed14f4c8206e,browser-toolbox.connect.DAMP,damp,True,damp browser-toolbox.connect.DAMP opt e10s fission stylo webrender-sw,4767235,77,ms,firefox,455698794.0,1879797195,2024-04-24 12:15:38,1832.418628499996,87963547052db96296ae50e55c8266cbfc3bd922,1414844,,,,,,,,,,,,,,,,,,,,,,,,,,,,,,,,,,,,,,,,,,,,,,,,,,,,,,,,,,,,,TN,TN
autoland,4768071,12,69b95d09da21c937720a8d3aaca237f47b683aa9,linux1804-64-shippable-qr,True,False,,,102210fe594ee9b33d82058545b1ed14f4c8206e,browser-toolbox.connect.DAMP,damp,True,damp browser-toolbox.connect.DAMP opt e10s fission stylo webrender-sw,4767235,77,ms,firefox,455750831.0,130369,2024-04-25 00:20:54,1838.8404194999891,ec5140ea1b1384a44d1ce6e0271fc97472399e96,1415370,,,,,,,,,,,,,,,,,,,,,,,,,,,,,,,,,,,,,,,,,,,,,,,,,,,,,,,,,,,,,TN,TN
autoland,4768071,12,69b95d09da21c937720a8d3aaca237f47b683aa9,linux1804-64-shippable-qr,True,False,,,102210fe594ee9b33d82058545b1ed14f4c8206e,browser-toolbox.connect.DAMP,damp,True,damp browser-toolbox.connect.DAMP opt e10s fission stylo webrender-sw,4767235,77,ms,firefox,455773629.0,226142,2024-04-25 02:34:18,1848.5046950000103,cffa531d3b2e833bda2b3f035d37edb92f838428,1415633,,,,,,,,,,,,,,,,,,,,,,,,,,,,,,,,,,,,,,,,,,,,,,,,,,,,,,,,,,,,,TN,TN
autoland,4768071,12,69b95d09da21c937720a8d3aaca237f47b683aa9,linux1804-64-shippable-qr,True,False,,,102210fe594ee9b33d82058545b1ed14f4c8206e,browser-toolbox.connect.DAMP,damp,True,damp browser-toolbox.connect.DAMP opt e10s fission stylo webrender-sw,4767235,77,ms,firefox,455788216.0,309645,2024-04-25 05:01:58,1538.0843500000192,792c9892791495e8f13e77e5a78bfda83ab7a455,1415718,,,,,,,,,,,,,,,,,,,,,,,,,,,,,,,,,,,,,,,,,,,,,,,,,,,,,,,,,,,,,TN,TN
autoland,4768071,12,69b95d09da21c937720a8d3aaca237f47b683aa9,linux1804-64-shippable-qr,True,False,,,102210fe594ee9b33d82058545b1ed14f4c8206e,browser-toolbox.connect.DAMP,damp,True,damp browser-toolbox.connect.DAMP opt e10s fission stylo webrender-sw,4767235,77,ms,firefox,455808737.0,496502,2024-04-25 09:09:49,1816.7011504999828,5b0d6bb6f3780aaf074d79548381fd6e7a565b85,1415822,,,,,,,,,,,,,,,,,,,,,,,,,,,,,,,,,,,,,,,,,,,,,,,,,,,,,,,,,,,,,TN,TN
autoland,4768071,12,69b95d09da21c937720a8d3aaca237f47b683aa9,linux1804-64-shippable-qr,True,False,,,102210fe594ee9b33d82058545b1ed14f4c8206e,browser-toolbox.connect.DAMP,damp,True,damp browser-toolbox.connect.DAMP opt e10s fission stylo webrender-sw,4767235,77,ms,firefox,455854271.0,660595,2024-04-25 13:10:04,1832.345717499993,88f7b12683ce863c6ca742ac14e176ee045383bd,1416008,,,,,,,,,,,,,,,,,,,,,,,,,,,,,,,,,,,,,,,,,,,,,,,,,,,,,,,,,,,,,TN,TN
autoland,4768071,12,69b95d09da21c937720a8d3aaca237f47b683aa9,linux1804-64-shippable-qr,True,False,,,102210fe594ee9b33d82058545b1ed14f4c8206e,browser-toolbox.connect.DAMP,damp,True,damp browser-toolbox.connect.DAMP opt e10s fission stylo webrender-sw,4767235,77,ms,firefox,455878982.0,775510,2024-04-25 16:29:00,1828.816856000005,6611338ffbdafbbc5b82211b1c255353bdb30763,1416183,,,,,,,,,,,,,,,,,,,,,,,,,,,,,,,,,,,,,,,,,,,,,,,,,,,,,,,,,,,,,TN,TN
autoland,4768071,12,69b95d09da21c937720a8d3aaca237f47b683aa9,linux1804-64-shippable-qr,True,False,,,102210fe594ee9b33d82058545b1ed14f4c8206e,browser-toolbox.connect.DAMP,damp,True,damp browser-toolbox.connect.DAMP opt e10s fission stylo webrender-sw,4767235,77,ms,firefox,455919102.0,947048,2024-04-25 21:12:20,1854.9430889999785,6a497992821d53c3704819a4f43c6a7d3234c5a2,1416361,,,,,,,,,,,,,,,,,,,,,,,,,,,,,,,,,,,,,,,,,,,,,,,,,,,,,,,,,,,,,TN,TN
autoland,4768071,12,69b95d09da21c937720a8d3aaca237f47b683aa9,linux1804-64-shippable-qr,True,False,,,102210fe594ee9b33d82058545b1ed14f4c8206e,browser-toolbox.connect.DAMP,damp,True,damp browser-toolbox.connect.DAMP opt e10s fission stylo webrender-sw,4767235,77,ms,firefox,455942608.0,1024321,2024-04-26 01:33:24,1844.7411155000157,b89431ee0f24bcb481d894ad21288e4f09e1960d,1416487,,,,,,,,,,,,,,,,,,,,,,,,,,,,,,,,,,,,,,,,,,,,,,,,,,,,,,,,,,,,,TN,TN
autoland,4768071,12,69b95d09da21c937720a8d3aaca237f47b683aa9,linux1804-64-shippable-qr,True,False,,,102210fe594ee9b33d82058545b1ed14f4c8206e,browser-toolbox.connect.DAMP,damp,True,damp browser-toolbox.connect.DAMP opt e10s fission stylo webrender-sw,4767235,77,ms,firefox,455955424.0,1127706,2024-04-26 05:34:38,1830.0383864999967,ed2448d27fe2e034cd5804dc7310c3f72ac2eaa5,1416537,,,,,,,,,,,,,,,,,,,,,,,,,,,,,,,,,,,,,,,,,,,,,,,,,,,,,,,,,,,,,TN,TN
autoland,4768071,12,69b95d09da21c937720a8d3aaca237f47b683aa9,linux1804-64-shippable-qr,True,False,,,102210fe594ee9b33d82058545b1ed14f4c8206e,browser-toolbox.connect.DAMP,damp,True,damp browser-toolbox.connect.DAMP opt e10s fission stylo webrender-sw,4767235,77,ms,firefox,455984789.0,1293960,2024-04-26 09:39:43,1830.2038484999796,c8be3827903b85cfb4313957b4f308f696d3b0fe,1416671,,,,,,,,,,,,,,,,,,,,,,,,,,,,,,,,,,,,,,,,,,,,,,,,,,,,,,,,,,,,,TN,TN
autoland,4768071,12,69b95d09da21c937720a8d3aaca237f47b683aa9,linux1804-64-shippable-qr,True,False,,,102210fe594ee9b33d82058545b1ed14f4c8206e,browser-toolbox.connect.DAMP,damp,True,damp browser-toolbox.connect.DAMP opt e10s fission stylo webrender-sw,4767235,77,ms,firefox,456023126.0,1393851,2024-04-26 13:51:38,1861.971475000013,462f013c08cacd7abfae1f2d1bf26354372a829f,1416831,,,,,,,,,,,,,,,,,,,,,,,,,,,,,,,,,,,,,,,,,,,,,,,,,,,,,,,,,,,,,TN,TN
autoland,4768071,12,69b95d09da21c937720a8d3aaca237f47b683aa9,linux1804-64-shippable-qr,True,False,,,102210fe594ee9b33d82058545b1ed14f4c8206e,browser-toolbox.connect.DAMP,damp,True,damp browser-toolbox.connect.DAMP opt e10s fission stylo webrender-sw,4767235,77,ms,firefox,456057896.0,1578370,2024-04-26 17:53:01,1825.2548280000192,ed101e266315213d1ad0a423c49bade6ff5df172,1417003,,,,,,,,,,,,,,,,,,,,,,,,,,,,,,,,,,,,,,,,,,,,,,,,,,,,,,,,,,,,,TN,TN
autoland,4768071,12,69b95d09da21c937720a8d3aaca237f47b683aa9,linux1804-64-shippable-qr,True,False,,,102210fe594ee9b33d82058545b1ed14f4c8206e,browser-toolbox.connect.DAMP,damp,True,damp browser-toolbox.connect.DAMP opt e10s fission stylo webrender-sw,4767235,77,ms,firefox,456079665.0,1663292,2024-04-26 22:54:36,1845.289141500005,7b85c82d731ddab976c6abe7e54685cacaebba41,1417188,,,,,,,,,,,,,,,,,,,,,,,,,,,,,,,,,,,,,,,,,,,,,,,,,,,,,,,,,,,,,TN,TN
autoland,4768071,12,69b95d09da21c937720a8d3aaca237f47b683aa9,linux1804-64-shippable-qr,True,False,,,102210fe594ee9b33d82058545b1ed14f4c8206e,browser-toolbox.connect.DAMP,damp,True,damp browser-toolbox.connect.DAMP opt e10s fission stylo webrender-sw,4767235,77,ms,firefox,456093574.0,1755285,2024-04-27 03:46:15,1829.234113499973,45defed78aafc90410c68310027bf771bcfc5968,1417229,,,,,,,,,,,,,,,,,,,,,,,,,,,,,,,,,,,,,,,,,,,,,,,,,,,,,,,,,,,,,TN,TN
autoland,4768071,12,69b95d09da21c937720a8d3aaca237f47b683aa9,linux1804-64-shippable-qr,True,False,,,102210fe594ee9b33d82058545b1ed14f4c8206e,browser-toolbox.connect.DAMP,damp,True,damp browser-toolbox.connect.DAMP opt e10s fission stylo webrender-sw,4767235,77,ms,firefox,456112632.0,1845067,2024-04-27 10:47:32,1845.207909499993,b694b588a2936a5c99a0ecf2d9d8fb6382a2bff4,1417256,,,,,,,,,,,,,,,,,,,,,,,,,,,,,,,,,,,,,,,,,,,,,,,,,,,,,,,,,,,,,TN,TN
autoland,4768071,12,69b95d09da21c937720a8d3aaca237f47b683aa9,linux1804-64-shippable-qr,True,False,,,102210fe594ee9b33d82058545b1ed14f4c8206e,browser-toolbox.connect.DAMP,damp,True,damp browser-toolbox.connect.DAMP opt e10s fission stylo webrender-sw,4767235,77,ms,firefox,456135984.0,1952658,2024-04-27 18:43:51,1810.9445534999832,69bb72420e433fa8d66fff354e5ce90402289ac1,1417294,,,,,,,,,,,,,,,,,,,,,,,,,,,,,,,,,,,,,,,,,,,,,,,,,,,,,,,,,,,,,TN,TN
autoland,4768071,12,69b95d09da21c937720a8d3aaca237f47b683aa9,linux1804-64-shippable-qr,True,False,,,102210fe594ee9b33d82058545b1ed14f4c8206e,browser-toolbox.connect.DAMP,damp,True,damp browser-toolbox.connect.DAMP opt e10s fission stylo webrender-sw,4767235,77,ms,firefox,456148925.0,2018664,2024-04-27 22:45:22,1821.5797949999976,8256dde0533523666a60914881f81717e1705f8a,1417317,,,,,,,,,,,,,,,,,,,,,,,,,,,,,,,,,,,,,,,,,,,,,,,,,,,,,,,,,,,,,TN,TN
autoland,4768071,12,69b95d09da21c937720a8d3aaca237f47b683aa9,linux1804-64-shippable-qr,True,False,,,102210fe594ee9b33d82058545b1ed14f4c8206e,browser-toolbox.connect.DAMP,damp,True,damp browser-toolbox.connect.DAMP opt e10s fission stylo webrender-sw,4767235,77,ms,firefox,456156647.0,2051302,2024-04-28 03:23:06,1835.8581234999947,d1651fe33156a2aab5884ab1eaaaa8c5dd64631d,1417329,,,,,,,,,,,,,,,,,,,,,,,,,,,,,,,,,,,,,,,,,,,,,,,,,,,,,,,,,,,,,TN,TN
autoland,4768071,12,69b95d09da21c937720a8d3aaca237f47b683aa9,linux1804-64-shippable-qr,True,False,,,102210fe594ee9b33d82058545b1ed14f4c8206e,browser-toolbox.connect.DAMP,damp,True,damp browser-toolbox.connect.DAMP opt e10s fission stylo webrender-sw,4767235,77,ms,firefox,456178628.0,2151318,2024-04-28 10:04:44,1832.8252274999832,e479324bc8bb9135d7a48ad8ebc677725f27de37,1417378,,,,,,,,,,,,,,,,,,,,,,,,,,,,,,,,,,,,,,,,,,,,,,,,,,,,,,,,,,,,,TN,TN
autoland,4768071,12,69b95d09da21c937720a8d3aaca237f47b683aa9,linux1804-64-shippable-qr,True,False,,,102210fe594ee9b33d82058545b1ed14f4c8206e,browser-toolbox.connect.DAMP,damp,True,damp browser-toolbox.connect.DAMP opt e10s fission stylo webrender-sw,4767235,77,ms,firefox,456188299.0,2196069,2024-04-28 14:13:44,1820.8043164999908,f157e5d64220507743654737cdd9b5e74f4f3ed5,1417383,,,,,,,,,,,,,,,,,,,,,,,,,,,,,,,,,,,,,,,,,,,,,,,,,,,,,,,,,,,,,TN,TN
autoland,4768071,12,69b95d09da21c937720a8d3aaca237f47b683aa9,linux1804-64-shippable-qr,True,False,,,102210fe594ee9b33d82058545b1ed14f4c8206e,browser-toolbox.connect.DAMP,damp,True,damp browser-toolbox.connect.DAMP opt e10s fission stylo webrender-sw,4767235,77,ms,firefox,456191535.0,2221264,2024-04-28 19:02:33,1820.4013449999911,717a883474bedbbf5f420ffd52c76d3f6d4b910d,1417402,,,,,,,,,,,,,,,,,,,,,,,,,,,,,,,,,,,,,,,,,,,,,,,,,,,,,,,,,,,,,TN,TN
autoland,4768071,12,69b95d09da21c937720a8d3aaca237f47b683aa9,linux1804-64-shippable-qr,True,False,,,102210fe594ee9b33d82058545b1ed14f4c8206e,browser-toolbox.connect.DAMP,damp,True,damp browser-toolbox.connect.DAMP opt e10s fission stylo webrender-sw,4767235,77,ms,firefox,456207893.0,2293451,2024-04-29 00:22:43,1830.2322089999943,0481d43263e16ab0b359e3c85888197704857817,1417434,,,,,,,,,,,,,,,,,,,,,,,,,,,,,,,,,,,,,,,,,,,,,,,,,,,,,,,,,,,,,TN,TN
autoland,4768071,12,69b95d09da21c937720a8d3aaca237f47b683aa9,linux1804-64-shippable-qr,True,False,,,102210fe594ee9b33d82058545b1ed14f4c8206e,browser-toolbox.connect.DAMP,damp,True,damp browser-toolbox.connect.DAMP opt e10s fission stylo webrender-sw,4767235,77,ms,firefox,456215392.0,2358765,2024-04-29 06:17:09,1813.8349499999892,6b17c605c084e2db078b234e703a176d3b427fe1,1417456,,,,,,,,,,,,,,,,,,,,,,,,,,,,,,,,,,,,,,,,,,,,,,,,,,,,,,,,,,,,,TN,TN
autoland,4768071,12,69b95d09da21c937720a8d3aaca237f47b683aa9,linux1804-64-shippable-qr,True,False,,,102210fe594ee9b33d82058545b1ed14f4c8206e,browser-toolbox.connect.DAMP,damp,True,damp browser-toolbox.connect.DAMP opt e10s fission stylo webrender-sw,4767235,77,ms,firefox,456247516.0,2538213,2024-04-29 10:38:34,1805.040836500004,04a668ef9c909b54153526f6b4e28b4287e80664,1417565,,,,,,,,,,,,,,,,,,,,,,,,,,,,,,,,,,,,,,,,,,,,,,,,,,,,,,,,,,,,,TN,TN
autoland,4768071,12,69b95d09da21c937720a8d3aaca237f47b683aa9,linux1804-64-shippable-qr,True,False,,,102210fe594ee9b33d82058545b1ed14f4c8206e,browser-toolbox.connect.DAMP,damp,True,damp browser-toolbox.connect.DAMP opt e10s fission stylo webrender-sw,4767235,77,ms,firefox,456292225.0,2716761,2024-04-29 14:46:23,1862.0678075000037,650dda9187436a12c66c2e81441e68e1d481e164,1417768,,,,,,,,,,,,,,,,,,,,,,,,,,,,,,,,,,,,,,,,,,,,,,,,,,,,,,,,,,,,,TN,TN
autoland,4768071,12,69b95d09da21c937720a8d3aaca237f47b683aa9,linux1804-64-shippable-qr,True,False,,,102210fe594ee9b33d82058545b1ed14f4c8206e,browser-toolbox.connect.DAMP,damp,True,damp browser-toolbox.connect.DAMP opt e10s fission stylo webrender-sw,4767235,77,ms,firefox,456326237.0,2914074,2024-04-29 17:19:25,1838.3432810000088,fb9d21d9a3f911f1748f03b323b8358292a5588c,1417921,,,,,,,,,,,,,,,,,,,,,,,,,,,,,,,,,,,,,,,,,,,,,,,,,,,,,,,,,,,,,TN,TN
autoland,4768071,12,69b95d09da21c937720a8d3aaca237f47b683aa9,linux1804-64-shippable-qr,True,False,,,102210fe594ee9b33d82058545b1ed14f4c8206e,browser-toolbox.connect.DAMP,damp,True,damp browser-toolbox.connect.DAMP opt e10s fission stylo webrender-sw,4767235,77,ms,firefox,456342125.0,3003205,2024-04-29 19:52:22,1820.3421559999988,e9cdeeb2f957d210479897325c1d72ded8f512a4,1418020,,,,,,,,,,,,,,,,,,,,,,,,,,,,,,,,,,,,,,,,,,,,,,,,,,,,,,,,,,,,,TN,TN
autoland,4768071,12,69b95d09da21c937720a8d3aaca237f47b683aa9,linux1804-64-shippable-qr,True,False,,,102210fe594ee9b33d82058545b1ed14f4c8206e,browser-toolbox.connect.DAMP,damp,True,damp browser-toolbox.connect.DAMP opt e10s fission stylo webrender-sw,4767235,77,ms,firefox,456367782.0,3081661,2024-04-30 00:02:50,1840.7753175000037,660a39c9cdc7fc3c728c5da5ccaa8856854fa346,1418169,,,,,,,,,,,,,,,,,,,,,,,,,,,,,,,,,,,,,,,,,,,,,,,,,,,,,,,,,,,,,TN,TN
autoland,4768071,12,69b95d09da21c937720a8d3aaca237f47b683aa9,linux1804-64-shippable-qr,True,False,,,102210fe594ee9b33d82058545b1ed14f4c8206e,browser-toolbox.connect.DAMP,damp,True,damp browser-toolbox.connect.DAMP opt e10s fission stylo webrender-sw,4767235,77,ms,firefox,456378522.0,3501858,2024-04-30 05:00:53,1840.64785199998,0c6cd807867dbaf592b3c7db4eef81220fe03acf,1418256,,,,,,,,,,,,,,,,,,,,,,,,,,,,,,,,,,,,,,,,,,,,,,,,,,,,,,,,,,,,,TN,TN
autoland,4768071,12,69b95d09da21c937720a8d3aaca237f47b683aa9,linux1804-64-shippable-qr,True,False,,,102210fe594ee9b33d82058545b1ed14f4c8206e,browser-toolbox.connect.DAMP,damp,True,damp browser-toolbox.connect.DAMP opt e10s fission stylo webrender-sw,4767235,77,ms,firefox,456395752.0,3572791,2024-04-30 09:02:30,1827.5940135000128,5502377f2629549b2b7c5368c980d0487ed281d4,1418348,,,,,,,,,,,,,,,,,,,,,,,,,,,,,,,,,,,,,,,,,,,,,,,,,,,,,,,,,,,,,TN,TN
autoland,4768071,12,69b95d09da21c937720a8d3aaca237f47b683aa9,linux1804-64-shippable-qr,True,False,,,102210fe594ee9b33d82058545b1ed14f4c8206e,browser-toolbox.connect.DAMP,damp,True,damp browser-toolbox.connect.DAMP opt e10s fission stylo webrender-sw,4767235,77,ms,firefox,456437985.0,3585977,2024-04-30 13:09:55,1813.5972104999817,df31c6244c03bc65932fec706fefedf091587459,1418487,,,,,,,,,,,,,,,,,,,,,,,,,,,,,,,,,,,,,,,,,,,,,,,,,,,,,,,,,,,,,TN,TN
autoland,4768071,12,69b95d09da21c937720a8d3aaca237f47b683aa9,linux1804-64-shippable-qr,True,False,,,102210fe594ee9b33d82058545b1ed14f4c8206e,browser-toolbox.connect.DAMP,damp,True,damp browser-toolbox.connect.DAMP opt e10s fission stylo webrender-sw,4767235,77,ms,firefox,456461066.0,3603637,2024-04-30 16:26:23,1836.621756000008,8f7500d7e530d9db7e5101922db97ea633705f4e,1418685,,,,,,,,,,,,,,,,,,,,,,,,,,,,,,,,,,,,,,,,,,,,,,,,,,,,,,,,,,,,,TN,TN
autoland,4768071,12,69b95d09da21c937720a8d3aaca237f47b683aa9,linux1804-64-shippable-qr,True,False,,,102210fe594ee9b33d82058545b1ed14f4c8206e,browser-toolbox.connect.DAMP,damp,True,damp browser-toolbox.connect.DAMP opt e10s fission stylo webrender-sw,4767235,77,ms,firefox,456483013.0,3630601,2024-04-30 19:24:53,1837.5618205000285,ec8f015d7e7237118cd2c9633310bf3b43bc902b,1418797,,,,,,,,,,,,,,,,,,,,,,,,,,,,,,,,,,,,,,,,,,,,,,,,,,,,,,,,,,,,,TN,TN
autoland,4768071,12,69b95d09da21c937720a8d3aaca237f47b683aa9,linux1804-64-shippable-qr,True,False,,,102210fe594ee9b33d82058545b1ed14f4c8206e,browser-toolbox.connect.DAMP,damp,True,damp browser-toolbox.connect.DAMP opt e10s fission stylo webrender-sw,4767235,77,ms,firefox,456512859.0,3736000,2024-04-30 23:32:26,1818.7246744999936,cd22a3f9463d7df724c7e17c83b6f9d8fe0dd54e,1418926,,,,,,,,,,,,,,,,,,,,,,,,,,,,,,,,,,,,,,,,,,,,,,,,,,,,,,,,,,,,,TN,TN
autoland,4768071,12,69b95d09da21c937720a8d3aaca237f47b683aa9,linux1804-64-shippable-qr,True,False,,,102210fe594ee9b33d82058545b1ed14f4c8206e,browser-toolbox.connect.DAMP,damp,True,damp browser-toolbox.connect.DAMP opt e10s fission stylo webrender-sw,4767235,77,ms,firefox,456523217.0,3820740,2024-05-01 03:47:22,1844.0228880000068,5801de1f3daa092cf721149dc96e7b073c172a92,1419018,,,,,,,,,,,,,,,,,,,,,,,,,,,,,,,,,,,,,,,,,,,,,,,,,,,,,,,,,,,,,TN,TN
autoland,4768071,12,69b95d09da21c937720a8d3aaca237f47b683aa9,linux1804-64-shippable-qr,True,False,,,102210fe594ee9b33d82058545b1ed14f4c8206e,browser-toolbox.connect.DAMP,damp,True,damp browser-toolbox.connect.DAMP opt e10s fission stylo webrender-sw,4767235,77,ms,firefox,456531810.0,3896111,2024-05-01 07:50:28,1839.254654499986,287f670c824ebf9c8dbde990f795f92c94af4882,1419058,,,,,,,,,,,,,,,,,,,,,,,,,,,,,,,,,,,,,,,,,,,,,,,,,,,,,,,,,,,,,TN,TN
autoland,4768071,12,69b95d09da21c937720a8d3aaca237f47b683aa9,linux1804-64-shippable-qr,True,False,,,102210fe594ee9b33d82058545b1ed14f4c8206e,browser-toolbox.connect.DAMP,damp,True,damp browser-toolbox.connect.DAMP opt e10s fission stylo webrender-sw,4767235,77,ms,firefox,456578907.0,4088767,2024-05-01 18:27:07,1841.9586010000055,0c09216614e40f92d253d63a3699eb680be6773a,1419281,,,,,,,,,,,,,,,,,,,,,,,,,,,,,,,,,,,,,,,,,,,,,,,,,,,,,,,,,,,,,TN,TN
autoland,4768071,12,69b95d09da21c937720a8d3aaca237f47b683aa9,linux1804-64-shippable-qr,True,False,,,102210fe594ee9b33d82058545b1ed14f4c8206e,browser-toolbox.connect.DAMP,damp,True,damp browser-toolbox.connect.DAMP opt e10s fission stylo webrender-sw,4767235,77,ms,firefox,456596221.0,4203268,2024-05-01 20:27:27,1833.265518,b8f4a7d4d873dccbf25b9bc2f3510753c2b3fde7,1419379,,,,,,,,,,,,,,,,,,,,,,,,,,,,,,,,,,,,,,,,,,,,,,,,,,,,,,,,,,,,,TN,TN
autoland,4768071,12,69b95d09da21c937720a8d3aaca237f47b683aa9,linux1804-64-shippable-qr,True,False,,,102210fe594ee9b33d82058545b1ed14f4c8206e,browser-toolbox.connect.DAMP,damp,True,damp browser-toolbox.connect.DAMP opt e10s fission stylo webrender-sw,4767235,77,ms,firefox,456615492.0,4303152,2024-05-01 23:13:57,1815.6541944999624,533fbd9c5056d0b2611e332cddafd7337193d64f,1419453,,,,,,,,,,,,,,,,,,,,,,,,,,,,,,,,,,,,,,,,,,,,,,,,,,,,,,,,,,,,,TN,TN
autoland,4768071,12,69b95d09da21c937720a8d3aaca237f47b683aa9,linux1804-64-shippable-qr,True,False,,,102210fe594ee9b33d82058545b1ed14f4c8206e,browser-toolbox.connect.DAMP,damp,True,damp browser-toolbox.connect.DAMP opt e10s fission stylo webrender-sw,4767235,77,ms,firefox,456635162.0,4358966,2024-05-02 04:22:12,1851.9151724999972,dda5d5286866494223d6cc52382d52032d961218,1419529,,,,,,,,,,,,,,,,,,,,,,,,,,,,,,,,,,,,,,,,,,,,,,,,,,,,,,,,,,,,,TN,TN
autoland,4768071,12,69b95d09da21c937720a8d3aaca237f47b683aa9,linux1804-64-shippable-qr,True,False,,,102210fe594ee9b33d82058545b1ed14f4c8206e,browser-toolbox.connect.DAMP,damp,True,damp browser-toolbox.connect.DAMP opt e10s fission stylo webrender-sw,4767235,77,ms,firefox,456659707.0,4581873,2024-05-02 08:48:43,1844.9736355000205,8f1e622a3413df009913d856f603c77b8e637efc,1419618,,,,,,,,,,,,,,,,,,,,,,,,,,,,,,,,,,,,,,,,,,,,,,,,,,,,,,,,,,,,,TN,TN
autoland,4768071,12,69b95d09da21c937720a8d3aaca237f47b683aa9,linux1804-64-shippable-qr,True,False,,,102210fe594ee9b33d82058545b1ed14f4c8206e,browser-toolbox.connect.DAMP,damp,True,damp browser-toolbox.connect.DAMP opt e10s fission stylo webrender-sw,4767235,77,ms,firefox,456698455.0,4804580,2024-05-02 12:53:32,1534.4347615000152,ea25d02dac47e6880ab5b936adc308c24cbeab32,1419765,,,,,,,,,,,,,,,,,,,,,,,,,,,,,,,,,,,,,,,,,,,,,,,,,,,,,,,,,,,,,TN,TN
autoland,4768071,12,69b95d09da21c937720a8d3aaca237f47b683aa9,linux1804-64-shippable-qr,True,False,,,102210fe594ee9b33d82058545b1ed14f4c8206e,browser-toolbox.connect.DAMP,damp,True,damp browser-toolbox.connect.DAMP opt e10s fission stylo webrender-sw,4767235,77,ms,firefox,456720786.0,4890840,2024-05-02 15:44:03,1843.021312499972,91cfcfc5935b5ac51c36c1a08a064c33a2d96fd5,1419950,,,,,,,,,,,,,,,,,,,,,,,,,,,,,,,,,,,,,,,,,,,,,,,,,,,,,,,,,,,,,TN,TN
autoland,4768071,12,69b95d09da21c937720a8d3aaca237f47b683aa9,linux1804-64-shippable-qr,True,False,,,102210fe594ee9b33d82058545b1ed14f4c8206e,browser-toolbox.connect.DAMP,damp,True,damp browser-toolbox.connect.DAMP opt e10s fission stylo webrender-sw,4767235,77,ms,firefox,456738157.0,4999234,2024-05-02 17:57:36,1838.3908595000105,3a0b95c0a8b3e334c5811a26420f39aaba7e5be3,1420053,,,,,,,,,,,,,,,,,,,,,,,,,,,,,,,,,,,,,,,,,,,,,,,,,,,,,,,,,,,,,TN,TN
autoland,4768071,12,69b95d09da21c937720a8d3aaca237f47b683aa9,linux1804-64-shippable-qr,True,False,,,102210fe594ee9b33d82058545b1ed14f4c8206e,browser-toolbox.connect.DAMP,damp,True,damp browser-toolbox.connect.DAMP opt e10s fission stylo webrender-sw,4767235,77,ms,firefox,456779370.0,5170675,2024-05-02 23:51:01,1819.9446245,f5cfc0ea73926b119ca193381efffbfa5859d867,1420328,,,,,,,,,,,,,,,,,,,,,,,,,,,,,,,,,,,,,,,,,,,,,,,,,,,,,,,,,,,,,TN,TN
autoland,4768071,12,69b95d09da21c937720a8d3aaca237f47b683aa9,linux1804-64-shippable-qr,True,False,,,102210fe594ee9b33d82058545b1ed14f4c8206e,browser-toolbox.connect.DAMP,damp,True,damp browser-toolbox.connect.DAMP opt e10s fission stylo webrender-sw,4767235,77,ms,firefox,456789368.0,5274641,2024-05-03 04:04:06,1823.612997999968,c5c13444d9afc38f2ee8d567a1a17f26a9b6659b,1420386,,,,,,,,,,,,,,,,,,,,,,,,,,,,,,,,,,,,,,,,,,,,,,,,,,,,,,,,,,,,,TN,TN
autoland,4768071,12,69b95d09da21c937720a8d3aaca237f47b683aa9,linux1804-64-shippable-qr,True,False,,,102210fe594ee9b33d82058545b1ed14f4c8206e,browser-toolbox.connect.DAMP,damp,True,damp browser-toolbox.connect.DAMP opt e10s fission stylo webrender-sw,4767235,77,ms,firefox,456818235.0,5394143,2024-05-03 08:10:40,1813.7179114999965,fd534101970b397f34b099196fabc43b927c7fcf,1420452,,,,,,,,,,,,,,,,,,,,,,,,,,,,,,,,,,,,,,,,,,,,,,,,,,,,,,,,,,,,,TN,TN
autoland,4768071,12,69b95d09da21c937720a8d3aaca237f47b683aa9,linux1804-64-shippable-qr,True,False,,,102210fe594ee9b33d82058545b1ed14f4c8206e,browser-toolbox.connect.DAMP,damp,True,damp browser-toolbox.connect.DAMP opt e10s fission stylo webrender-sw,4767235,77,ms,firefox,456849195.0,5527898,2024-05-03 12:18:12,1832.181626999984,e91d8e436dcc57f87d15822b1dc5b12644cb980e,1420590,,,,,,,,,,,,,,,,,,,,,,,,,,,,,,,,,,,,,,,,,,,,,,,,,,,,,,,,,,,,,TN,TN
autoland,4768071,12,69b95d09da21c937720a8d3aaca237f47b683aa9,linux1804-64-shippable-qr,True,False,,,102210fe594ee9b33d82058545b1ed14f4c8206e,browser-toolbox.connect.DAMP,damp,True,damp browser-toolbox.connect.DAMP opt e10s fission stylo webrender-sw,4767235,77,ms,firefox,456887342.0,5785212,2024-05-03 16:29:14,1837.0705234999768,0a8a8f84140a331e815f8520a76a3c928e4486ea,1420823,,,,,,,,,,,,,,,,,,,,,,,,,,,,,,,,,,,,,,,,,,,,,,,,,,,,,,,,,,,,,TN,TN
autoland,4768071,12,69b95d09da21c937720a8d3aaca237f47b683aa9,linux1804-64-shippable-qr,True,False,,,102210fe594ee9b33d82058545b1ed14f4c8206e,browser-toolbox.connect.DAMP,damp,True,damp browser-toolbox.connect.DAMP opt e10s fission stylo webrender-sw,4767235,77,ms,firefox,456908060.0,5951852,2024-05-03 19:41:01,1840.9418249999871,1e88e24f01e40c6d9b7e3f222f4fbb0d55c9639d,1420975,,,,,,,,,,,,,,,,,,,,,,,,,,,,,,,,,,,,,,,,,,,,,,,,,,,,,,,,,,,,,TN,TN
autoland,4768071,12,69b95d09da21c937720a8d3aaca237f47b683aa9,linux1804-64-shippable-qr,True,False,,,102210fe594ee9b33d82058545b1ed14f4c8206e,browser-toolbox.connect.DAMP,damp,True,damp browser-toolbox.connect.DAMP opt e10s fission stylo webrender-sw,4767235,77,ms,firefox,456934568.0,6086287,2024-05-04 00:06:35,1840.4323575000017,b5ebcaf20c9cca5a0f4b965c398f0f26296df1b5,1421120,,,,,,,,,,,,,,,,,,,,,,,,,,,,,,,,,,,,,,,,,,,,,,,,,,,,,,,,,,,,,TN,TN
autoland,4768071,12,69b95d09da21c937720a8d3aaca237f47b683aa9,linux1804-64-shippable-qr,True,False,,,102210fe594ee9b33d82058545b1ed14f4c8206e,browser-toolbox.connect.DAMP,damp,True,damp browser-toolbox.connect.DAMP opt e10s fission stylo webrender-sw,4767235,77,ms,firefox,456960046.0,6287140,2024-05-04 09:19:48,1838.871055500007,a546ec29a8018c8e98e738460e9bdfd5d4003690,1421174,,,,,,,,,,,,,,,,,,,,,,,,,,,,,,,,,,,,,,,,,,,,,,,,,,,,,,,,,,,,,TN,TN
autoland,4768071,12,69b95d09da21c937720a8d3aaca237f47b683aa9,linux1804-64-shippable-qr,True,False,,,102210fe594ee9b33d82058545b1ed14f4c8206e,browser-toolbox.connect.DAMP,damp,True,damp browser-toolbox.connect.DAMP opt e10s fission stylo webrender-sw,4767235,77,ms,firefox,456979470.0,6356113,2024-05-04 19:44:42,1837.0341425000224,422a6a673019bc0e2dfd459eceee9594246a0a9d,1421318,,,,,,,,,,,,,,,,,,,,,,,,,,,,,,,,,,,,,,,,,,,,,,,,,,,,,,,,,,,,,TN,TN
autoland,4768071,12,69b95d09da21c937720a8d3aaca237f47b683aa9,linux1804-64-shippable-qr,True,False,,,102210fe594ee9b33d82058545b1ed14f4c8206e,browser-toolbox.connect.DAMP,damp,True,damp browser-toolbox.connect.DAMP opt e10s fission stylo webrender-sw,4767235,77,ms,firefox,456996349.0,6422887,2024-05-05 00:17:27,1825.7065334999932,1343ec609dea28acb4b297bebd481211e1742b11,1421344,,,,,,,,,,,,,,,,,,,,,,,,,,,,,,,,,,,,,,,,,,,,,,,,,,,,,,,,,,,,,TN,TN
autoland,4768071,12,69b95d09da21c937720a8d3aaca237f47b683aa9,linux1804-64-shippable-qr,True,False,,,102210fe594ee9b33d82058545b1ed14f4c8206e,browser-toolbox.connect.DAMP,damp,True,damp browser-toolbox.connect.DAMP opt e10s fission stylo webrender-sw,4767235,77,ms,firefox,457007671.0,6512464,2024-05-05 08:06:08,1834.8848800000123,5c3e0ef9b916432dfc42f800c3c7997f58ae5a63,1421422,,,,,,,,,,,,,,,,,,,,,,,,,,,,,,,,,,,,,,,,,,,,,,,,,,,,,,,,,,,,,TN,TN
autoland,4768071,12,69b95d09da21c937720a8d3aaca237f47b683aa9,linux1804-64-shippable-qr,True,False,,,102210fe594ee9b33d82058545b1ed14f4c8206e,browser-toolbox.connect.DAMP,damp,True,damp browser-toolbox.connect.DAMP opt e10s fission stylo webrender-sw,4767235,77,ms,firefox,457031381.0,6626738,2024-05-05 13:09:56,1844.9491940000155,286a373804e5360a54d51ec691ba7bfd02def155,1421444,,,,,,,,,,,,,,,,,,,,,,,,,,,,,,,,,,,,,,,,,,,,,,,,,,,,,,,,,,,,,TN,TN
autoland,4768071,12,69b95d09da21c937720a8d3aaca237f47b683aa9,linux1804-64-shippable-qr,True,False,,,102210fe594ee9b33d82058545b1ed14f4c8206e,browser-toolbox.connect.DAMP,damp,True,damp browser-toolbox.connect.DAMP opt e10s fission stylo webrender-sw,4767235,77,ms,firefox,457036464.0,6683949,2024-05-05 17:38:00,1851.552075500047,a6cb5ac7a79af000e99bf48f04ecb2943fcd3c68,1421459,,,,,,,,,,,,,,,,,,,,,,,,,,,,,,,,,,,,,,,,,,,,,,,,,,,,,,,,,,,,,TN,TN
autoland,4768071,12,69b95d09da21c937720a8d3aaca237f47b683aa9,linux1804-64-shippable-qr,True,False,,,102210fe594ee9b33d82058545b1ed14f4c8206e,browser-toolbox.connect.DAMP,damp,True,damp browser-toolbox.connect.DAMP opt e10s fission stylo webrender-sw,4767235,77,ms,firefox,457054518.0,6775436,2024-05-05 22:09:52,1835.9836164999724,ea67e3b59c22cea8a2c797ce9a6608d3ddeaeca9,1421479,,,,,,,,,,,,,,,,,,,,,,,,,,,,,,,,,,,,,,,,,,,,,,,,,,,,,,,,,,,,,TN,TN
autoland,4768071,12,69b95d09da21c937720a8d3aaca237f47b683aa9,linux1804-64-shippable-qr,True,False,,,102210fe594ee9b33d82058545b1ed14f4c8206e,browser-toolbox.connect.DAMP,damp,True,damp browser-toolbox.connect.DAMP opt e10s fission stylo webrender-sw,4767235,77,ms,firefox,457060470.0,6836497,2024-05-06 03:19:39,1841.0514174999696,ab041350c7569b831b00994a96625b9354dcf6b6,1421502,,,,,,,,,,,,,,,,,,,,,,,,,,,,,,,,,,,,,,,,,,,,,,,,,,,,,,,,,,,,,TN,TN
autoland,4768071,12,69b95d09da21c937720a8d3aaca237f47b683aa9,linux1804-64-shippable-qr,True,False,,,102210fe594ee9b33d82058545b1ed14f4c8206e,browser-toolbox.connect.DAMP,damp,True,damp browser-toolbox.connect.DAMP opt e10s fission stylo webrender-sw,4767235,77,ms,firefox,457069521.0,6898801,2024-05-06 07:31:35,1853.232256499992,65e120a9c1dcb9c8f1c8930e808b03aa149eaf40,1421524,,,,,,,,,,,,,,,,,,,,,,,,,,,,,,,,,,,,,,,,,,,,,,,,,,,,,,,,,,,,,TN,TN
autoland,4768071,12,69b95d09da21c937720a8d3aaca237f47b683aa9,linux1804-64-shippable-qr,True,False,,,102210fe594ee9b33d82058545b1ed14f4c8206e,browser-toolbox.connect.DAMP,damp,True,damp browser-toolbox.connect.DAMP opt e10s fission stylo webrender-sw,4767235,77,ms,firefox,457100758.0,7031673,2024-05-06 11:33:14,1852.5216330000112,13b26e8e0e39998b30b388bb6f5d84c0e8067c03,1421623,,,,,,,,,,,,,,,,,,,,,,,,,,,,,,,,,,,,,,,,,,,,,,,,,,,,,,,,,,,,,TN,TN
autoland,4768071,12,69b95d09da21c937720a8d3aaca237f47b683aa9,linux1804-64-shippable-qr,True,False,,,102210fe594ee9b33d82058545b1ed14f4c8206e,browser-toolbox.connect.DAMP,damp,True,damp browser-toolbox.connect.DAMP opt e10s fission stylo webrender-sw,4767235,77,ms,firefox,457131584.0,7169089,2024-05-06 15:35:21,1841.7955595000092,26e8012d5da938871783505e3753b681ab8cb186,1421812,,,,,,,,,,,,,,,,,,,,,,,,,,,,,,,,,,,,,,,,,,,,,,,,,,,,,,,,,,,,,TN,TN
autoland,4768071,12,69b95d09da21c937720a8d3aaca237f47b683aa9,linux1804-64-shippable-qr,True,False,,,102210fe594ee9b33d82058545b1ed14f4c8206e,browser-toolbox.connect.DAMP,damp,True,damp browser-toolbox.connect.DAMP opt e10s fission stylo webrender-sw,4767235,77,ms,firefox,457150163.0,7259750,2024-05-06 17:44:25,1843.36302400002,eb10b86b18adfc70952409e13993f834d33fa099,1421908,,,,,,,,,,,,,,,,,,,,,,,,,,,,,,,,,,,,,,,,,,,,,,,,,,,,,,,,,,,,,TN,TN
autoland,4768071,12,69b95d09da21c937720a8d3aaca237f47b683aa9,linux1804-64-shippable-qr,True,False,,,102210fe594ee9b33d82058545b1ed14f4c8206e,browser-toolbox.connect.DAMP,damp,True,damp browser-toolbox.connect.DAMP opt e10s fission stylo webrender-sw,4767235,77,ms,firefox,457174545.0,7350633,2024-05-06 20:39:16,1840.6988740000013,4c7b1942b455d9c365693e5584f7ea86c5b33615,1422073,,,,,,,,,,,,,,,,,,,,,,,,,,,,,,,,,,,,,,,,,,,,,,,,,,,,,,,,,,,,,TN,TN
autoland,4768071,12,69b95d09da21c937720a8d3aaca237f47b683aa9,linux1804-64-shippable-qr,True,False,,,102210fe594ee9b33d82058545b1ed14f4c8206e,browser-toolbox.connect.DAMP,damp,True,damp browser-toolbox.connect.DAMP opt e10s fission stylo webrender-sw,4767235,77,ms,firefox,457211130.0,7522829,2024-05-07 01:41:54,1838.7561665000248,945bbd356b57424bcdb359e6d88c48cd03ff2c10,1422278,,,,,,,,,,,,,,,,,,,,,,,,,,,,,,,,,,,,,,,,,,,,,,,,,,,,,,,,,,,,,TN,TN
autoland,4768071,12,69b95d09da21c937720a8d3aaca237f47b683aa9,linux1804-64-shippable-qr,True,False,,,102210fe594ee9b33d82058545b1ed14f4c8206e,browser-toolbox.connect.DAMP,damp,True,damp browser-toolbox.connect.DAMP opt e10s fission stylo webrender-sw,4767235,77,ms,firefox,457224842.0,7600736,2024-05-07 06:04:59,1859.8300605000115,80150ac16109a11457c3103e68bf1c7ac29270c0,1422341,,,,,,,,,,,,,,,,,,,,,,,,,,,,,,,,,,,,,,,,,,,,,,,,,,,,,,,,,,,,,TN,TN
autoland,4768071,12,69b95d09da21c937720a8d3aaca237f47b683aa9,linux1804-64-shippable-qr,True,False,,,102210fe594ee9b33d82058545b1ed14f4c8206e,browser-toolbox.connect.DAMP,damp,True,damp browser-toolbox.connect.DAMP opt e10s fission stylo webrender-sw,4767235,77,ms,firefox,457281169.0,7804843,2024-05-07 10:41:19,1858.358253000013,641e15621e7bd2e0e8a2fab82d2b9838e386c3c4,1422484,,,,,,,,,,,,,,,,,,,,,,,,,,,,,,,,,,,,,,,,,,,,,,,,,,,,,,,,,,,,,TN,TN
autoland,4768071,12,69b95d09da21c937720a8d3aaca237f47b683aa9,linux1804-64-shippable-qr,True,False,,,102210fe594ee9b33d82058545b1ed14f4c8206e,browser-toolbox.connect.DAMP,damp,True,damp browser-toolbox.connect.DAMP opt e10s fission stylo webrender-sw,4767235,77,ms,firefox,457313789.0,7951792,2024-05-07 14:42:49,1833.399089500032,0041f761ddff5c598852d2b5cc41772a3a11cd0b,1422671,,,,,,,,,,,,,,,,,,,,,,,,,,,,,,,,,,,,,,,,,,,,,,,,,,,,,,,,,,,,,TN,TN
autoland,4768071,12,69b95d09da21c937720a8d3aaca237f47b683aa9,linux1804-64-shippable-qr,True,False,,,102210fe594ee9b33d82058545b1ed14f4c8206e,browser-toolbox.connect.DAMP,damp,True,damp browser-toolbox.connect.DAMP opt e10s fission stylo webrender-sw,4767235,77,ms,firefox,457345637.0,8123724,2024-05-07 18:25:44,1834.0962569999972,425b44586178edae02872c1fbc0220a0b4ff4c1d,1422943,,,,,,,,,,,,,,,,,,,,,,,,,,,,,,,,,,,,,,,,,,,,,,,,,,,,,,,,,,,,,TN,TN
autoland,4768071,12,69b95d09da21c937720a8d3aaca237f47b683aa9,linux1804-64-shippable-qr,True,False,,,102210fe594ee9b33d82058545b1ed14f4c8206e,browser-toolbox.connect.DAMP,damp,True,damp browser-toolbox.connect.DAMP opt e10s fission stylo webrender-sw,4767235,77,ms,firefox,457371878.0,8319923,2024-05-07 22:14:58,1852.527541500007,149e752fdb3fa75a3a02f55e7c7c91f7f704cf8a,1423124,,,,,,,,,,,,,,,,,,,,,,,,,,,,,,,,,,,,,,,,,,,,,,,,,,,,,,,,,,,,,TN,TN
autoland,4768071,12,69b95d09da21c937720a8d3aaca237f47b683aa9,linux1804-64-shippable-qr,True,False,,,102210fe594ee9b33d82058545b1ed14f4c8206e,browser-toolbox.connect.DAMP,damp,True,damp browser-toolbox.connect.DAMP opt e10s fission stylo webrender-sw,4767235,77,ms,firefox,457408739.0,8458447,2024-05-08 04:41:52,1867.1383565000144,a0b3e2669a2dc49c467521cb9b7966ca05e3dbc3,1423269,,,,,,,,,,,,,,,,,,,,,,,,,,,,,,,,,,,,,,,,,,,,,,,,,,,,,,,,,,,,,TN,TN
autoland,4768071,12,69b95d09da21c937720a8d3aaca237f47b683aa9,linux1804-64-shippable-qr,True,False,,,102210fe594ee9b33d82058545b1ed14f4c8206e,browser-toolbox.connect.DAMP,damp,True,damp browser-toolbox.connect.DAMP opt e10s fission stylo webrender-sw,4767235,77,ms,firefox,457421350.0,8554914,2024-05-08 08:48:11,1855.293903500009,bec816ef2f2c29ed86b08bb592d6283618418e16,1423316,,,,,,,,,,,,,,,,,,,,,,,,,,,,,,,,,,,,,,,,,,,,,,,,,,,,,,,,,,,,,TN,TN
autoland,4768071,12,69b95d09da21c937720a8d3aaca237f47b683aa9,linux1804-64-shippable-qr,True,False,,,102210fe594ee9b33d82058545b1ed14f4c8206e,browser-toolbox.connect.DAMP,damp,True,damp browser-toolbox.connect.DAMP opt e10s fission stylo webrender-sw,4767235,77,ms,firefox,457466624.0,8719319,2024-05-08 13:09:13,1838.1272604999904,ed7b6f65910afcd687ef5aaa25605666805796bb,1423417,,,,,,,,,,,,,,,,,,,,,,,,,,,,,,,,,,,,,,,,,,,,,,,,,,,,,,,,,,,,,TN,TN
