job_id,entry_id,push_timestamp,value,revision,push_id,repository_name,test,lower_is_better,name,parent_signature,repository_id,measurement_unit,application,has_subtests,tags,extra_options,signature_id,framework_id,signature_hash,option_collection_hash,machine_platform,suite,should_alert,alert_id,alert_push_id,alert_prev_push_id,alert_creation_timestamp,alert_first_triaged,alert_triage_due_date,alert_repository,alert_framework,test_id,test_status,test_series_signature_framework_id,test_series_signature_signature_hash,test_series_signature_machine_platform,test_series_signature_test,test_series_signature_suite,test_series_signature_lower_is_better,test_series_signature_has_subtests,test_series_signature_option_collection_hash,test_series_signature_tags,test_series_signature_extra_options,test_series_signature_measurement_unit,test_series_signature_suite_public_name,test_series_signature_test_public_name,test_prev_taskcluster_metadata_task_id,test_prev_taskcluster_metadata_retry_id,test_taskcluster_metadata_task_id,test_taskcluster_metadata_retry_id,test_profile_url,test_prev_profile_url,test_is_regression,test_prev_value,test_new_value,test_t_value,test_amount_abs,test_amount_pct,test_summary_id,test_related_summary_id,test_manually_created,test_classifier,test_starred,test_classifier_email,test_backfill_record_context,test_backfill_record_status,test_backfill_record_total_actions_triggered,test_backfill_record_total_backfills_failed,test_backfill_record_total_backfills_successful,test_backfill_record_total_backfills_in_progress,test_noise_profile,alert_related_alerts,alert_status,alert_bug_number,alert_bug_due_date,alert_bug_updated,alert_issue_tracker,alert_notes,alert_push_timestamp,alert_prev_push_revision,alert_assignee_username,alert_assignee_email,alert_performance_tags
,1699845023,2023-05-23 09:54:28,201.0,5a6b4d0e8b8301d076ab719fac9f32f5ccc54944,1244961,autoland,ContentfulSpeedIndex,True,microsoft ContentfulSpeedIndex opt fission warm webrender,,77,ms,firefox,False,|f|i|s|s|i|o|n| |w|a|r|m| |w|e|b|r|e|n|d|e|r|,,3776889,13,9b3df14599f65e991e2c4a5eaba7ebe76c85b8c3,102210fe594ee9b33d82058545b1ed14f4c8206e,linux1804-64-shippable-qr,microsoft,True,,,,,,,,,,,,,,,,,,,,,,,,,,,,,,,,,,,,,,,,,,,,,,,,,,TN,,,,,,,,,,
,1699802147,2023-05-23 09:55:39,202.0,030c199ff2ab34a615fc1ddaa6bded77e6bd936b,1244962,autoland,ContentfulSpeedIndex,True,microsoft ContentfulSpeedIndex opt fission warm webrender,,77,ms,firefox,False,|f|i|s|s|i|o|n| |w|a|r|m| |w|e|b|r|e|n|d|e|r|,,3776889,13,9b3df14599f65e991e2c4a5eaba7ebe76c85b8c3,102210fe594ee9b33d82058545b1ed14f4c8206e,linux1804-64-shippable-qr,microsoft,True,,,,,,,,,,,,,,,,,,,,,,,,,,,,,,,,,,,,,,,,,,,,,,,,,,TN,,,,,,,,,,
,1699297797,2023-05-23 10:32:51,202.0,3a1c227015b07a18e7f2bacf94d96f8fbd26a7e2,1244979,autoland,ContentfulSpeedIndex,True,microsoft ContentfulSpeedIndex opt fission warm webrender,,77,ms,firefox,False,|f|i|s|s|i|o|n| |w|a|r|m| |w|e|b|r|e|n|d|e|r|,,3776889,13,9b3df14599f65e991e2c4a5eaba7ebe76c85b8c3,102210fe594ee9b33d82058545b1ed14f4c8206e,linux1804-64-shippable-qr,microsoft,True,,,,,,,,,,,,,,,,,,,,,,,,,,,,,,,,,,,,,,,,,,,,,,,,,,TN,,,,,,,,,,
,1699330124,2023-05-23 11:26:54,202.0,8b22b4ff9e35f14a5f156b829a4dd2ee67f728c5,1245001,autoland,ContentfulSpeedIndex,True,microsoft ContentfulSpeedIndex opt fission warm webrender,,77,ms,firefox,False,|f|i|s|s|i|o|n| |w|a|r|m| |w|e|b|r|e|n|d|e|r|,,3776889,13,9b3df14599f65e991e2c4a5eaba7ebe76c85b8c3,102210fe594ee9b33d82058545b1ed14f4c8206e,linux1804-64-shippable-qr,microsoft,True,,,,,,,,,,,,,,,,,,,,,,,,,,,,,,,,,,,,,,,,,,,,,,,,,,TN,,,,,,,,,,
,1699593388,2023-05-23 18:53:49,202.0,302b367e400f427749fa1ef94956b6a67e09a76a,1245366,autoland,ContentfulSpeedIndex,True,microsoft ContentfulSpeedIndex opt fission warm webrender,,77,ms,firefox,False,|f|i|s|s|i|o|n| |w|a|r|m| |w|e|b|r|e|n|d|e|r|,,3776889,13,9b3df14599f65e991e2c4a5eaba7ebe76c85b8c3,102210fe594ee9b33d82058545b1ed14f4c8206e,linux1804-64-shippable-qr,microsoft,True,,,,,,,,,,,,,,,,,,,,,,,,,,,,,,,,,,,,,,,,,,,,,,,,,,TN,,,,,,,,,,
,1699711569,2023-05-23 23:22:27,203.0,972a9ce4321f218ed2a4a25e9130a7efd9e09862,1245518,autoland,ContentfulSpeedIndex,True,microsoft ContentfulSpeedIndex opt fission warm webrender,,77,ms,firefox,False,|f|i|s|s|i|o|n| |w|a|r|m| |w|e|b|r|e|n|d|e|r|,,3776889,13,9b3df14599f65e991e2c4a5eaba7ebe76c85b8c3,102210fe594ee9b33d82058545b1ed14f4c8206e,linux1804-64-shippable-qr,microsoft,True,,,,,,,,,,,,,,,,,,,,,,,,,,,,,,,,,,,,,,,,,,,,,,,,,,TN,,,,,,,,,,
,1699723608,2023-05-23 23:25:24,202.0,2a672ab008ec353f3af98a48f5f53057e40321b1,1245521,autoland,ContentfulSpeedIndex,True,microsoft ContentfulSpeedIndex opt fission warm webrender,,77,ms,firefox,False,|f|i|s|s|i|o|n| |w|a|r|m| |w|e|b|r|e|n|d|e|r|,,3776889,13,9b3df14599f65e991e2c4a5eaba7ebe76c85b8c3,102210fe594ee9b33d82058545b1ed14f4c8206e,linux1804-64-shippable-qr,microsoft,True,,,,,,,,,,,,,,,,,,,,,,,,,,,,,,,,,,,,,,,,,,,,,,,,,,TN,,,,,,,,,,
,1699784681,2023-05-24 02:50:12,202.0,cb6db65172c660f1d6cee7fab5c5c37323b34242,1245592,autoland,ContentfulSpeedIndex,True,microsoft ContentfulSpeedIndex opt fission warm webrender,,77,ms,firefox,False,|f|i|s|s|i|o|n| |w|a|r|m| |w|e|b|r|e|n|d|e|r|,,3776889,13,9b3df14599f65e991e2c4a5eaba7ebe76c85b8c3,102210fe594ee9b33d82058545b1ed14f4c8206e,linux1804-64-shippable-qr,microsoft,True,,,,,,,,,,,,,,,,,,,,,,,,,,,,,,,,,,,,,,,,,,,,,,,,,,TN,,,,,,,,,,
,1699914737,2023-05-24 08:09:39,201.0,d85426d65815808dcdedb3e34d8d9c5fe5a4203c,1245683,autoland,ContentfulSpeedIndex,True,microsoft ContentfulSpeedIndex opt fission warm webrender,,77,ms,firefox,False,|f|i|s|s|i|o|n| |w|a|r|m| |w|e|b|r|e|n|d|e|r|,,3776889,13,9b3df14599f65e991e2c4a5eaba7ebe76c85b8c3,102210fe594ee9b33d82058545b1ed14f4c8206e,linux1804-64-shippable-qr,microsoft,True,,,,,,,,,,,,,,,,,,,,,,,,,,,,,,,,,,,,,,,,,,,,,,,,,,TN,,,,,,,,,,
,1700018716,2023-05-24 10:49:25,203.0,1db51625512e546534a6a7352ff4ff3b9c48d713,1245770,autoland,ContentfulSpeedIndex,True,microsoft ContentfulSpeedIndex opt fission warm webrender,,77,ms,firefox,False,|f|i|s|s|i|o|n| |w|a|r|m| |w|e|b|r|e|n|d|e|r|,,3776889,13,9b3df14599f65e991e2c4a5eaba7ebe76c85b8c3,102210fe594ee9b33d82058545b1ed14f4c8206e,linux1804-64-shippable-qr,microsoft,True,,,,,,,,,,,,,,,,,,,,,,,,,,,,,,,,,,,,,,,,,,,,,,,,,,TN,,,,,,,,,,
,1700077385,2023-05-24 13:34:40,200.0,6a96bb1f430f92b83cc31f74db4e4c1f71e155e5,1245871,autoland,ContentfulSpeedIndex,True,microsoft ContentfulSpeedIndex opt fission warm webrender,,77,ms,firefox,False,|f|i|s|s|i|o|n| |w|a|r|m| |w|e|b|r|e|n|d|e|r|,,3776889,13,9b3df14599f65e991e2c4a5eaba7ebe76c85b8c3,102210fe594ee9b33d82058545b1ed14f4c8206e,linux1804-64-shippable-qr,microsoft,True,,,,,,,,,,,,,,,,,,,,,,,,,,,,,,,,,,,,,,,,,,,,,,,,,,TN,,,,,,,,,,
,1700206653,2023-05-24 17:26:23,203.0,b9da43bde2c92655235855f4bb966f7a2537eafa,1246058,autoland,ContentfulSpeedIndex,True,microsoft ContentfulSpeedIndex opt fission warm webrender,,77,ms,firefox,False,|f|i|s|s|i|o|n| |w|a|r|m| |w|e|b|r|e|n|d|e|r|,,3776889,13,9b3df14599f65e991e2c4a5eaba7ebe76c85b8c3,102210fe594ee9b33d82058545b1ed14f4c8206e,linux1804-64-shippable-qr,microsoft,True,,,,,,,,,,,,,,,,,,,,,,,,,,,,,,,,,,,,,,,,,,,,,,,,,,TN,,,,,,,,,,
,1700299985,2023-05-24 21:30:03,201.0,468123d0735b96f7486f1e1a4de373e3dd7520bd,1246204,autoland,ContentfulSpeedIndex,True,microsoft ContentfulSpeedIndex opt fission warm webrender,,77,ms,firefox,False,|f|i|s|s|i|o|n| |w|a|r|m| |w|e|b|r|e|n|d|e|r|,,3776889,13,9b3df14599f65e991e2c4a5eaba7ebe76c85b8c3,102210fe594ee9b33d82058545b1ed14f4c8206e,linux1804-64-shippable-qr,microsoft,True,,,,,,,,,,,,,,,,,,,,,,,,,,,,,,,,,,,,,,,,,,,,,,,,,,TN,,,,,,,,,,
,1700407750,2023-05-25 01:52:13,202.0,c1577427eba79d954813d300bfe6d4f09e0249f0,1246339,autoland,ContentfulSpeedIndex,True,microsoft ContentfulSpeedIndex opt fission warm webrender,,77,ms,firefox,False,|f|i|s|s|i|o|n| |w|a|r|m| |w|e|b|r|e|n|d|e|r|,,3776889,13,9b3df14599f65e991e2c4a5eaba7ebe76c85b8c3,102210fe594ee9b33d82058545b1ed14f4c8206e,linux1804-64-shippable-qr,microsoft,True,,,,,,,,,,,,,,,,,,,,,,,,,,,,,,,,,,,,,,,,,,,,,,,,,,TN,,,,,,,,,,
,1700465636,2023-05-25 06:53:28,202.0,ee3230b1fe26e5521d07465dcab71e75d586e422,1246434,autoland,ContentfulSpeedIndex,True,microsoft ContentfulSpeedIndex opt fission warm webrender,,77,ms,firefox,False,|f|i|s|s|i|o|n| |w|a|r|m| |w|e|b|r|e|n|d|e|r|,,3776889,13,9b3df14599f65e991e2c4a5eaba7ebe76c85b8c3,102210fe594ee9b33d82058545b1ed14f4c8206e,linux1804-64-shippable-qr,microsoft,True,,,,,,,,,,,,,,,,,,,,,,,,,,,,,,,,,,,,,,,,,,,,,,,,,,TN,,,,,,,,,,
,1700512654,2023-05-25 09:03:58,200.0,0cd7e9f3c07773af459b1d5676b4f14a1a4c2844,1246517,autoland,ContentfulSpeedIndex,True,microsoft ContentfulSpeedIndex opt fission warm webrender,,77,ms,firefox,False,|f|i|s|s|i|o|n| |w|a|r|m| |w|e|b|r|e|n|d|e|r|,,3776889,13,9b3df14599f65e991e2c4a5eaba7ebe76c85b8c3,102210fe594ee9b33d82058545b1ed14f4c8206e,linux1804-64-shippable-qr,microsoft,True,,,,,,,,,,,,,,,,,,,,,,,,,,,,,,,,,,,,,,,,,,,,,,,,,,TN,,,,,,,,,,
,1700629863,2023-05-25 13:17:19,203.0,09f3ed0c8776aaa707aab014022efa3a16e01a6e,1246661,autoland,ContentfulSpeedIndex,True,microsoft ContentfulSpeedIndex opt fission warm webrender,,77,ms,firefox,False,|f|i|s|s|i|o|n| |w|a|r|m| |w|e|b|r|e|n|d|e|r|,,3776889,13,9b3df14599f65e991e2c4a5eaba7ebe76c85b8c3,102210fe594ee9b33d82058545b1ed14f4c8206e,linux1804-64-shippable-qr,microsoft,True,,,,,,,,,,,,,,,,,,,,,,,,,,,,,,,,,,,,,,,,,,,,,,,,,,TN,,,,,,,,,,
,1700654350,2023-05-25 13:25:13,202.0,6e07dad252683bcc1ed82d6a973adda9b490af1f,1246670,autoland,ContentfulSpeedIndex,True,microsoft ContentfulSpeedIndex opt fission warm webrender,,77,ms,firefox,False,|f|i|s|s|i|o|n| |w|a|r|m| |w|e|b|r|e|n|d|e|r|,,3776889,13,9b3df14599f65e991e2c4a5eaba7ebe76c85b8c3,102210fe594ee9b33d82058545b1ed14f4c8206e,linux1804-64-shippable-qr,microsoft,True,,,,,,,,,,,,,,,,,,,,,,,,,,,,,,,,,,,,,,,,,,,,,,,,,,TN,,,,,,,,,,
,1700744065,2023-05-25 17:00:24,202.0,4971297a8917c4ce5f9136ebb0c82cde74eb50c4,1246837,autoland,ContentfulSpeedIndex,True,microsoft ContentfulSpeedIndex opt fission warm webrender,,77,ms,firefox,False,|f|i|s|s|i|o|n| |w|a|r|m| |w|e|b|r|e|n|d|e|r|,,3776889,13,9b3df14599f65e991e2c4a5eaba7ebe76c85b8c3,102210fe594ee9b33d82058545b1ed14f4c8206e,linux1804-64-shippable-qr,microsoft,True,,,,,,,,,,,,,,,,,,,,,,,,,,,,,,,,,,,,,,,,,,,,,,,,,,TN,,,,,,,,,,
,1700911874,2023-05-25 20:49:35,201.0,6d91b4ed2bb8fbe97d7f5fcf7cad0e6f2bb6ad2f,1247021,autoland,ContentfulSpeedIndex,True,microsoft ContentfulSpeedIndex opt fission warm webrender,,77,ms,firefox,False,|f|i|s|s|i|o|n| |w|a|r|m| |w|e|b|r|e|n|d|e|r|,,3776889,13,9b3df14599f65e991e2c4a5eaba7ebe76c85b8c3,102210fe594ee9b33d82058545b1ed14f4c8206e,linux1804-64-shippable-qr,microsoft,True,,,,,,,,,,,,,,,,,,,,,,,,,,,,,,,,,,,,,,,,,,,,,,,,,,TN,,,,,,,,,,
,1701032114,2023-05-26 00:58:32,202.0,d49f009b89ad3ae1616d96cb1d2d9234ef3f6cda,1247180,autoland,ContentfulSpeedIndex,True,microsoft ContentfulSpeedIndex opt fission warm webrender,,77,ms,firefox,False,|f|i|s|s|i|o|n| |w|a|r|m| |w|e|b|r|e|n|d|e|r|,,3776889,13,9b3df14599f65e991e2c4a5eaba7ebe76c85b8c3,102210fe594ee9b33d82058545b1ed14f4c8206e,linux1804-64-shippable-qr,microsoft,True,,,,,,,,,,,,,,,,,,,,,,,,,,,,,,,,,,,,,,,,,,,,,,,,,,TN,,,,,,,,,,
,1701134075,2023-05-26 04:58:44,200.0,ffc18acbe9c027a3d6c960322b40a9d0576af311,1247241,autoland,ContentfulSpeedIndex,True,microsoft ContentfulSpeedIndex opt fission warm webrender,,77,ms,firefox,False,|f|i|s|s|i|o|n| |w|a|r|m| |w|e|b|r|e|n|d|e|r|,,3776889,13,9b3df14599f65e991e2c4a5eaba7ebe76c85b8c3,102210fe594ee9b33d82058545b1ed14f4c8206e,linux1804-64-shippable-qr,microsoft,True,,,,,,,,,,,,,,,,,,,,,,,,,,,,,,,,,,,,,,,,,,,,,,,,,,TN,,,,,,,,,,
,1701209988,2023-05-26 08:30:04,203.0,35f77e2aafb53fdda81c118a9ea61aefdacd61b4,1247293,autoland,ContentfulSpeedIndex,True,microsoft ContentfulSpeedIndex opt fission warm webrender,,77,ms,firefox,False,|f|i|s|s|i|o|n| |w|a|r|m| |w|e|b|r|e|n|d|e|r|,,3776889,13,9b3df14599f65e991e2c4a5eaba7ebe76c85b8c3,102210fe594ee9b33d82058545b1ed14f4c8206e,linux1804-64-shippable-qr,microsoft,True,,,,,,,,,,,,,,,,,,,,,,,,,,,,,,,,,,,,,,,,,,,,,,,,,,TN,,,,,,,,,,
,1701349161,2023-05-26 12:58:50,203.0,3999253a6a3dc448416b9a73377e8599ca6bd022,1247437,autoland,ContentfulSpeedIndex,True,microsoft ContentfulSpeedIndex opt fission warm webrender,,77,ms,firefox,False,|f|i|s|s|i|o|n| |w|a|r|m| |w|e|b|r|e|n|d|e|r|,,3776889,13,9b3df14599f65e991e2c4a5eaba7ebe76c85b8c3,102210fe594ee9b33d82058545b1ed14f4c8206e,linux1804-64-shippable-qr,microsoft,True,,,,,,,,,,,,,,,,,,,,,,,,,,,,,,,,,,,,,,,,,,,,,,,,,,TN,,,,,,,,,,
,1701372165,2023-05-26 13:11:40,203.0,bb19012006135abc7ddd72be3cd269be7ef114b5,1247444,autoland,ContentfulSpeedIndex,True,microsoft ContentfulSpeedIndex opt fission warm webrender,,77,ms,firefox,False,|f|i|s|s|i|o|n| |w|a|r|m| |w|e|b|r|e|n|d|e|r|,,3776889,13,9b3df14599f65e991e2c4a5eaba7ebe76c85b8c3,102210fe594ee9b33d82058545b1ed14f4c8206e,linux1804-64-shippable-qr,microsoft,True,,,,,,,,,,,,,,,,,,,,,,,,,,,,,,,,,,,,,,,,,,,,,,,,,,TN,,,,,,,,,,
,1701513805,2023-05-26 17:23:29,202.0,8ca2ea7fe36515caaf70ddf90bfd2ee269f059cf,1247619,autoland,ContentfulSpeedIndex,True,microsoft ContentfulSpeedIndex opt fission warm webrender,,77,ms,firefox,False,|f|i|s|s|i|o|n| |w|a|r|m| |w|e|b|r|e|n|d|e|r|,,3776889,13,9b3df14599f65e991e2c4a5eaba7ebe76c85b8c3,102210fe594ee9b33d82058545b1ed14f4c8206e,linux1804-64-shippable-qr,microsoft,True,,,,,,,,,,,,,,,,,,,,,,,,,,,,,,,,,,,,,,,,,,,,,,,,,,TN,,,,,,,,,,
,1701794708,2023-05-26 18:57:45,201.0,f6b4fa0c88fefe367393867cc9b0a0a61ae30a86,1247663,autoland,ContentfulSpeedIndex,True,microsoft ContentfulSpeedIndex opt fission warm webrender,,77,ms,firefox,False,|f|i|s|s|i|o|n| |w|a|r|m| |w|e|b|r|e|n|d|e|r|,,3776889,13,9b3df14599f65e991e2c4a5eaba7ebe76c85b8c3,102210fe594ee9b33d82058545b1ed14f4c8206e,linux1804-64-shippable-qr,microsoft,True,,,,,,,,,,,,,,,,,,,,,,,,,,,,,,,,,,,,,,,,,,,,,,,,,,TN,,,,,,,,,,
,1701778278,2023-05-26 19:09:08,201.0,224c6165eeed35754ed2edb7bcf25308c5bb56bb,1247672,autoland,ContentfulSpeedIndex,True,microsoft ContentfulSpeedIndex opt fission warm webrender,,77,ms,firefox,False,|f|i|s|s|i|o|n| |w|a|r|m| |w|e|b|r|e|n|d|e|r|,,3776889,13,9b3df14599f65e991e2c4a5eaba7ebe76c85b8c3,102210fe594ee9b33d82058545b1ed14f4c8206e,linux1804-64-shippable-qr,microsoft,True,,,,,,,,,,,,,,,,,,,,,,,,,,,,,,,,,,,,,,,,,,,,,,,,,,TN,,,,,,,,,,
,1701602432,2023-05-26 19:44:57,203.0,fc6056442a0fa16146259cb730d4e34a16656952,1247712,autoland,ContentfulSpeedIndex,True,microsoft ContentfulSpeedIndex opt fission warm webrender,,77,ms,firefox,False,|f|i|s|s|i|o|n| |w|a|r|m| |w|e|b|r|e|n|d|e|r|,,3776889,13,9b3df14599f65e991e2c4a5eaba7ebe76c85b8c3,102210fe594ee9b33d82058545b1ed14f4c8206e,linux1804-64-shippable-qr,microsoft,True,,,,,,,,,,,,,,,,,,,,,,,,,,,,,,,,,,,,,,,,,,,,,,,,,,TN,,,,,,,,,,
,1701724281,2023-05-27 00:56:39,201.0,b45b68be3f9bae0da4d649a44e60c6cd175f2212,1247879,autoland,ContentfulSpeedIndex,True,microsoft ContentfulSpeedIndex opt fission warm webrender,,77,ms,firefox,False,|f|i|s|s|i|o|n| |w|a|r|m| |w|e|b|r|e|n|d|e|r|,,3776889,13,9b3df14599f65e991e2c4a5eaba7ebe76c85b8c3,102210fe594ee9b33d82058545b1ed14f4c8206e,linux1804-64-shippable-qr,microsoft,True,,,,,,,,,,,,,,,,,,,,,,,,,,,,,,,,,,,,,,,,,,,,,,,,,,TN,,,,,,,,,,
,1701876473,2023-05-27 11:39:36,202.0,6a941c8c6ff3290e530942915ee97161b670f15d,1247945,autoland,ContentfulSpeedIndex,True,microsoft ContentfulSpeedIndex opt fission warm webrender,,77,ms,firefox,False,|f|i|s|s|i|o|n| |w|a|r|m| |w|e|b|r|e|n|d|e|r|,,3776889,13,9b3df14599f65e991e2c4a5eaba7ebe76c85b8c3,102210fe594ee9b33d82058545b1ed14f4c8206e,linux1804-64-shippable-qr,microsoft,True,,,,,,,,,,,,,,,,,,,,,,,,,,,,,,,,,,,,,,,,,,,,,,,,,,TN,,,,,,,,,,
,1701913385,2023-05-27 15:52:21,240.0,531a15ae09d49e29c270830e9b873aa625a5a8c2,1247961,autoland,ContentfulSpeedIndex,True,microsoft ContentfulSpeedIndex opt fission warm webrender,,77,ms,firefox,False,|f|i|s|s|i|o|n| |w|a|r|m| |w|e|b|r|e|n|d|e|r|,,3776889,13,9b3df14599f65e991e2c4a5eaba7ebe76c85b8c3,102210fe594ee9b33d82058545b1ed14f4c8206e,linux1804-64-shippable-qr,microsoft,True,,,,,,,,,,,,,,,,,,,,,,,,,,,,,,,,,,,,,,,,,,,,,,,,,,TN,,,,,,,,,,
,1702037565,2023-05-28 20:46:15,202.0,47f0f49b40361f9c5bde3a5691dc5d65ec1e0061,1248031,autoland,ContentfulSpeedIndex,True,microsoft ContentfulSpeedIndex opt fission warm webrender,,77,ms,firefox,False,|f|i|s|s|i|o|n| |w|a|r|m| |w|e|b|r|e|n|d|e|r|,,3776889,13,9b3df14599f65e991e2c4a5eaba7ebe76c85b8c3,102210fe594ee9b33d82058545b1ed14f4c8206e,linux1804-64-shippable-qr,microsoft,True,,,,,,,,,,,,,,,,,,,,,,,,,,,,,,,,,,,,,,,,,,,,,,,,,,TN,,,,,,,,,,
,1702070494,2023-05-29 02:12:22,203.0,1f8f2142966233c5d8d437f93d361aa0cc2b36c6,1248080,autoland,ContentfulSpeedIndex,True,microsoft ContentfulSpeedIndex opt fission warm webrender,,77,ms,firefox,False,|f|i|s|s|i|o|n| |w|a|r|m| |w|e|b|r|e|n|d|e|r|,,3776889,13,9b3df14599f65e991e2c4a5eaba7ebe76c85b8c3,102210fe594ee9b33d82058545b1ed14f4c8206e,linux1804-64-shippable-qr,microsoft,True,,,,,,,,,,,,,,,,,,,,,,,,,,,,,,,,,,,,,,,,,,,,,,,,,,TN,,,,,,,,,,
,1702129335,2023-05-29 06:50:24,240.0,1565861edeebf64845658a3f48cb89fa4515bb68,1248115,autoland,ContentfulSpeedIndex,True,microsoft ContentfulSpeedIndex opt fission warm webrender,,77,ms,firefox,False,|f|i|s|s|i|o|n| |w|a|r|m| |w|e|b|r|e|n|d|e|r|,,3776889,13,9b3df14599f65e991e2c4a5eaba7ebe76c85b8c3,102210fe594ee9b33d82058545b1ed14f4c8206e,linux1804-64-shippable-qr,microsoft,True,,,,,,,,,,,,,,,,,,,,,,,,,,,,,,,,,,,,,,,,,,,,,,,,,,TN,,,,,,,,,,
,1702149450,2023-05-29 07:27:55,200.0,31915ad324761c4fe80dac65ca36f070ab2102a2,1248125,autoland,ContentfulSpeedIndex,True,microsoft ContentfulSpeedIndex opt fission warm webrender,,77,ms,firefox,False,|f|i|s|s|i|o|n| |w|a|r|m| |w|e|b|r|e|n|d|e|r|,,3776889,13,9b3df14599f65e991e2c4a5eaba7ebe76c85b8c3,102210fe594ee9b33d82058545b1ed14f4c8206e,linux1804-64-shippable-qr,microsoft,True,,,,,,,,,,,,,,,,,,,,,,,,,,,,,,,,,,,,,,,,,,,,,,,,,,TN,,,,,,,,,,
,1702528129,2023-05-29 13:34:49,202.0,fc5fe4c288f6b66527c3e44199ca2d8a6b8a11d8,1248241,autoland,ContentfulSpeedIndex,True,microsoft ContentfulSpeedIndex opt fission warm webrender,,77,ms,firefox,False,|f|i|s|s|i|o|n| |w|a|r|m| |w|e|b|r|e|n|d|e|r|,,3776889,13,9b3df14599f65e991e2c4a5eaba7ebe76c85b8c3,102210fe594ee9b33d82058545b1ed14f4c8206e,linux1804-64-shippable-qr,microsoft,True,,,,,,,,,,,,,,,,,,,,,,,,,,,,,,,,,,,,,,,,,,,,,,,,,,TN,,,,,,,,,,
,1702537161,2023-05-29 14:27:57,202.0,83f34deeebbf4c6c6ab5d535abf0d8b6681429a5,1248269,autoland,ContentfulSpeedIndex,True,microsoft ContentfulSpeedIndex opt fission warm webrender,,77,ms,firefox,False,|f|i|s|s|i|o|n| |w|a|r|m| |w|e|b|r|e|n|d|e|r|,,3776889,13,9b3df14599f65e991e2c4a5eaba7ebe76c85b8c3,102210fe594ee9b33d82058545b1ed14f4c8206e,linux1804-64-shippable-qr,microsoft,True,,,,,,,,,,,,,,,,,,,,,,,,,,,,,,,,,,,,,,,,,,,,,,,,,,TN,,,,,,,,,,
,1702318425,2023-05-29 15:52:56,202.0,e1a08bab18008646938a96dfab802d2471fcadc1,1248305,autoland,ContentfulSpeedIndex,True,microsoft ContentfulSpeedIndex opt fission warm webrender,,77,ms,firefox,False,|f|i|s|s|i|o|n| |w|a|r|m| |w|e|b|r|e|n|d|e|r|,,3776889,13,9b3df14599f65e991e2c4a5eaba7ebe76c85b8c3,102210fe594ee9b33d82058545b1ed14f4c8206e,linux1804-64-shippable-qr,microsoft,True,,,,,,,,,,,,,,,,,,,,,,,,,,,,,,,,,,,,,,,,,,,,,,,,,,TN,,,,,,,,,,
,1702405569,2023-05-29 20:27:32,202.0,496eefc6bee2519ce93df561b640b582e869b964,1248440,autoland,ContentfulSpeedIndex,True,microsoft ContentfulSpeedIndex opt fission warm webrender,,77,ms,firefox,False,|f|i|s|s|i|o|n| |w|a|r|m| |w|e|b|r|e|n|d|e|r|,,3776889,13,9b3df14599f65e991e2c4a5eaba7ebe76c85b8c3,102210fe594ee9b33d82058545b1ed14f4c8206e,linux1804-64-shippable-qr,microsoft,True,,,,,,,,,,,,,,,,,,,,,,,,,,,,,,,,,,,,,,,,,,,,,,,,,,TN,,,,,,,,,,
,1702393089,2023-05-29 20:34:18,201.0,f7d3e204b0fb015cf0fb51a08403e22986a2ae52,1248445,autoland,ContentfulSpeedIndex,True,microsoft ContentfulSpeedIndex opt fission warm webrender,,77,ms,firefox,False,|f|i|s|s|i|o|n| |w|a|r|m| |w|e|b|r|e|n|d|e|r|,,3776889,13,9b3df14599f65e991e2c4a5eaba7ebe76c85b8c3,102210fe594ee9b33d82058545b1ed14f4c8206e,linux1804-64-shippable-qr,microsoft,True,,,,,,,,,,,,,,,,,,,,,,,,,,,,,,,,,,,,,,,,,,,,,,,,,,TN,,,,,,,,,,
,1702491004,2023-05-30 01:15:28,200.0,82442b2d56d94c600cca707dd62ab7a19d68bbd2,1248536,autoland,ContentfulSpeedIndex,True,microsoft ContentfulSpeedIndex opt fission warm webrender,,77,ms,firefox,False,|f|i|s|s|i|o|n| |w|a|r|m| |w|e|b|r|e|n|d|e|r|,,3776889,13,9b3df14599f65e991e2c4a5eaba7ebe76c85b8c3,102210fe594ee9b33d82058545b1ed14f4c8206e,linux1804-64-shippable-qr,microsoft,True,,,,,,,,,,,,,,,,,,,,,,,,,,,,,,,,,,,,,,,,,,,,,,,,,,TN,,,,,,,,,,
,1702576239,2023-05-30 06:58:06,202.0,23a3b1b5a2b78d86456189221e567423206bc00a,1248601,autoland,ContentfulSpeedIndex,True,microsoft ContentfulSpeedIndex opt fission warm webrender,,77,ms,firefox,False,|f|i|s|s|i|o|n| |w|a|r|m| |w|e|b|r|e|n|d|e|r|,,3776889,13,9b3df14599f65e991e2c4a5eaba7ebe76c85b8c3,102210fe594ee9b33d82058545b1ed14f4c8206e,linux1804-64-shippable-qr,microsoft,True,,,,,,,,,,,,,,,,,,,,,,,,,,,,,,,,,,,,,,,,,,,,,,,,,,TN,,,,,,,,,,
,1702600991,2023-05-30 07:49:46,204.0,64b2487b96b949b3c6a787dfd17210f9998fb42e,1248618,autoland,ContentfulSpeedIndex,True,microsoft ContentfulSpeedIndex opt fission warm webrender,,77,ms,firefox,False,|f|i|s|s|i|o|n| |w|a|r|m| |w|e|b|r|e|n|d|e|r|,,3776889,13,9b3df14599f65e991e2c4a5eaba7ebe76c85b8c3,102210fe594ee9b33d82058545b1ed14f4c8206e,linux1804-64-shippable-qr,microsoft,True,,,,,,,,,,,,,,,,,,,,,,,,,,,,,,,,,,,,,,,,,,,,,,,,,,TN,,,,,,,,,,
,1702736922,2023-05-30 12:05:20,201.0,121d4440186ece5c7acf444a8879a3818d54fef5,1248752,autoland,ContentfulSpeedIndex,True,microsoft ContentfulSpeedIndex opt fission warm webrender,,77,ms,firefox,False,|f|i|s|s|i|o|n| |w|a|r|m| |w|e|b|r|e|n|d|e|r|,,3776889,13,9b3df14599f65e991e2c4a5eaba7ebe76c85b8c3,102210fe594ee9b33d82058545b1ed14f4c8206e,linux1804-64-shippable-qr,microsoft,True,,,,,,,,,,,,,,,,,,,,,,,,,,,,,,,,,,,,,,,,,,,,,,,,,,TN,,,,,,,,,,
,1703275272,2023-05-30 14:11:57,203.0,1c86169a6ab3a53190c7fca3fe2cefe2251e4cad,1248832,autoland,ContentfulSpeedIndex,True,microsoft ContentfulSpeedIndex opt fission warm webrender,,77,ms,firefox,False,|f|i|s|s|i|o|n| |w|a|r|m| |w|e|b|r|e|n|d|e|r|,,3776889,13,9b3df14599f65e991e2c4a5eaba7ebe76c85b8c3,102210fe594ee9b33d82058545b1ed14f4c8206e,linux1804-64-shippable-qr,microsoft,True,,,,,,,,,,,,,,,,,,,,,,,,,,,,,,,,,,,,,,,,,,,,,,,,,,TN,,,,,,,,,,
,1703257118,2023-05-30 14:17:42,202.0,2139914fff1c2bb8398578403a5d19f8ba7eab08,1248836,autoland,ContentfulSpeedIndex,True,microsoft ContentfulSpeedIndex opt fission warm webrender,,77,ms,firefox,False,|f|i|s|s|i|o|n| |w|a|r|m| |w|e|b|r|e|n|d|e|r|,,3776889,13,9b3df14599f65e991e2c4a5eaba7ebe76c85b8c3,102210fe594ee9b33d82058545b1ed14f4c8206e,linux1804-64-shippable-qr,microsoft,True,,,,,,,,,,,,,,,,,,,,,,,,,,,,,,,,,,,,,,,,,,,,,,,,,,TN,,,,,,,,,,
,1703292043,2023-05-30 14:18:36,240.0,25819f54f4eb2233a294e431c4f84f146fc2fa5f,1248839,autoland,ContentfulSpeedIndex,True,microsoft ContentfulSpeedIndex opt fission warm webrender,,77,ms,firefox,False,|f|i|s|s|i|o|n| |w|a|r|m| |w|e|b|r|e|n|d|e|r|,,3776889,13,9b3df14599f65e991e2c4a5eaba7ebe76c85b8c3,102210fe594ee9b33d82058545b1ed14f4c8206e,linux1804-64-shippable-qr,microsoft,True,,,,,,,,,,,,,,,,,,,,,,,,,,,,,,,,,,,,,,,,,,,,,,,,,,TN,,,,,,,,,,
,1703283436,2023-05-30 14:20:30,201.0,fe968fa39d7b2a02923dc930f6045d0c925149cc,1248840,autoland,ContentfulSpeedIndex,True,microsoft ContentfulSpeedIndex opt fission warm webrender,,77,ms,firefox,False,|f|i|s|s|i|o|n| |w|a|r|m| |w|e|b|r|e|n|d|e|r|,,3776889,13,9b3df14599f65e991e2c4a5eaba7ebe76c85b8c3,102210fe594ee9b33d82058545b1ed14f4c8206e,linux1804-64-shippable-qr,microsoft,True,,,,,,,,,,,,,,,,,,,,,,,,,,,,,,,,,,,,,,,,,,,,,,,,,,TN,,,,,,,,,,
,1702806958,2023-05-30 15:20:14,201.0,8ddf44b47ed68e786f1ca69913136fe2ddd7f1d2,1248888,autoland,ContentfulSpeedIndex,True,microsoft ContentfulSpeedIndex opt fission warm webrender,,77,ms,firefox,False,|f|i|s|s|i|o|n| |w|a|r|m| |w|e|b|r|e|n|d|e|r|,,3776889,13,9b3df14599f65e991e2c4a5eaba7ebe76c85b8c3,102210fe594ee9b33d82058545b1ed14f4c8206e,linux1804-64-shippable-qr,microsoft,True,,,,,,,,,,,,,,,,,,,,,,,,,,,,,,,,,,,,,,,,,,,,,,,,,,TN,,,,,,,,,,
,1703231330,2023-05-30 17:40:00,205.0,f283a65c051a837eb3b3eb004e258408b9aa8e53,1248971,autoland,ContentfulSpeedIndex,True,microsoft ContentfulSpeedIndex opt fission warm webrender,,77,ms,firefox,False,|f|i|s|s|i|o|n| |w|a|r|m| |w|e|b|r|e|n|d|e|r|,,3776889,13,9b3df14599f65e991e2c4a5eaba7ebe76c85b8c3,102210fe594ee9b33d82058545b1ed14f4c8206e,linux1804-64-shippable-qr,microsoft,True,,,,,,,,,,,,,,,,,,,,,,,,,,,,,,,,,,,,,,,,,,,,,,,,,,TN,,,,,,,,,,
,1703226827,2023-05-30 18:28:22,202.0,3be173a1e2614e622c6c3361b457b0c2b24ff6da,1249008,autoland,ContentfulSpeedIndex,True,microsoft ContentfulSpeedIndex opt fission warm webrender,,77,ms,firefox,False,|f|i|s|s|i|o|n| |w|a|r|m| |w|e|b|r|e|n|d|e|r|,,3776889,13,9b3df14599f65e991e2c4a5eaba7ebe76c85b8c3,102210fe594ee9b33d82058545b1ed14f4c8206e,linux1804-64-shippable-qr,microsoft,True,,,,,,,,,,,,,,,,,,,,,,,,,,,,,,,,,,,,,,,,,,,,,,,,,,TN,,,,,,,,,,
,1702898504,2023-05-30 19:20:55,240.0,361a866d206fd695b15823113863d449afb7c87d,1249050,autoland,ContentfulSpeedIndex,True,microsoft ContentfulSpeedIndex opt fission warm webrender,,77,ms,firefox,False,|f|i|s|s|i|o|n| |w|a|r|m| |w|e|b|r|e|n|d|e|r|,,3776889,13,9b3df14599f65e991e2c4a5eaba7ebe76c85b8c3,102210fe594ee9b33d82058545b1ed14f4c8206e,linux1804-64-shippable-qr,microsoft,True,,,,,,,,,,,,,,,,,,,,,,,,,,,,,,,,,,,,,,,,,,,,,,,,,,TN,,,,,,,,,,
,1702928005,2023-05-30 19:21:44,201.0,f9dad80c02c9517d8cb38311989dab88f1236015,1249051,autoland,ContentfulSpeedIndex,True,microsoft ContentfulSpeedIndex opt fission warm webrender,,77,ms,firefox,False,|f|i|s|s|i|o|n| |w|a|r|m| |w|e|b|r|e|n|d|e|r|,,3776889,13,9b3df14599f65e991e2c4a5eaba7ebe76c85b8c3,102210fe594ee9b33d82058545b1ed14f4c8206e,linux1804-64-shippable-qr,microsoft,True,,,,,,,,,,,,,,,,,,,,,,,,,,,,,,,,,,,,,,,,,,,,,,,,,,TN,,,,,,,,,,
,1703053934,2023-05-30 22:16:30,201.0,0ea1f0bff41ab8b0e92e4f35f3d6eaf801ad3fc0,1249172,autoland,ContentfulSpeedIndex,True,microsoft ContentfulSpeedIndex opt fission warm webrender,,77,ms,firefox,False,|f|i|s|s|i|o|n| |w|a|r|m| |w|e|b|r|e|n|d|e|r|,,3776889,13,9b3df14599f65e991e2c4a5eaba7ebe76c85b8c3,102210fe594ee9b33d82058545b1ed14f4c8206e,linux1804-64-shippable-qr,microsoft,True,,,,,,,,,,,,,,,,,,,,,,,,,,,,,,,,,,,,,,,,,,,,,,,,,,TN,,,,,,,,,,
,1703143267,2023-05-31 02:21:54,203.0,40997d8c121ee054ffe5df2c1a10d3a392f78c3c,1249255,autoland,ContentfulSpeedIndex,True,microsoft ContentfulSpeedIndex opt fission warm webrender,,77,ms,firefox,False,|f|i|s|s|i|o|n| |w|a|r|m| |w|e|b|r|e|n|d|e|r|,,3776889,13,9b3df14599f65e991e2c4a5eaba7ebe76c85b8c3,102210fe594ee9b33d82058545b1ed14f4c8206e,linux1804-64-shippable-qr,microsoft,True,,,,,,,,,,,,,,,,,,,,,,,,,,,,,,,,,,,,,,,,,,,,,,,,,,TN,,,,,,,,,,
,1703391565,2023-05-31 09:56:26,201.0,2317c21d7aeb68528ec7946980e7ca68d74c451a,1249439,autoland,ContentfulSpeedIndex,True,microsoft ContentfulSpeedIndex opt fission warm webrender,,77,ms,firefox,False,|f|i|s|s|i|o|n| |w|a|r|m| |w|e|b|r|e|n|d|e|r|,,3776889,13,9b3df14599f65e991e2c4a5eaba7ebe76c85b8c3,102210fe594ee9b33d82058545b1ed14f4c8206e,linux1804-64-shippable-qr,microsoft,True,,,,,,,,,,,,,,,,,,,,,,,,,,,,,,,,,,,,,,,,,,,,,,,,,,TN,,,,,,,,,,
,1704274848,2023-05-31 12:33:14,201.0,266547f5163fca069f3fb0846cfd9318a1beda07,1249509,autoland,ContentfulSpeedIndex,True,microsoft ContentfulSpeedIndex opt fission warm webrender,,77,ms,firefox,False,|f|i|s|s|i|o|n| |w|a|r|m| |w|e|b|r|e|n|d|e|r|,,3776889,13,9b3df14599f65e991e2c4a5eaba7ebe76c85b8c3,102210fe594ee9b33d82058545b1ed14f4c8206e,linux1804-64-shippable-qr,microsoft,True,,,,,,,,,,,,,,,,,,,,,,,,,,,,,,,,,,,,,,,,,,,,,,,,,,TN,,,,,,,,,,
,1704215969,2023-05-31 12:40:08,202.0,be003bc24d249ccbd427d8ba21ea81c4637f1cda,1249513,autoland,ContentfulSpeedIndex,True,microsoft ContentfulSpeedIndex opt fission warm webrender,,77,ms,firefox,False,|f|i|s|s|i|o|n| |w|a|r|m| |w|e|b|r|e|n|d|e|r|,,3776889,13,9b3df14599f65e991e2c4a5eaba7ebe76c85b8c3,102210fe594ee9b33d82058545b1ed14f4c8206e,linux1804-64-shippable-qr,microsoft,True,,,,,,,,,,,,,,,,,,,,,,,,,,,,,,,,,,,,,,,,,,,,,,,,,,TN,,,,,,,,,,
,1703671624,2023-05-31 14:02:33,200.0,7d2ea0789fc8c8538febac2643670ed4a46de087,1249550,autoland,ContentfulSpeedIndex,True,microsoft ContentfulSpeedIndex opt fission warm webrender,,77,ms,firefox,False,|f|i|s|s|i|o|n| |w|a|r|m| |w|e|b|r|e|n|d|e|r|,,3776889,13,9b3df14599f65e991e2c4a5eaba7ebe76c85b8c3,102210fe594ee9b33d82058545b1ed14f4c8206e,linux1804-64-shippable-qr,microsoft,True,,,,,,,,,,,,,,,,,,,,,,,,,,,,,,,,,,,,,,,,,,,,,,,,,,TN,,,,,,,,,,
,1703732760,2023-05-31 15:08:35,201.0,513ac812d28fbd668a0b4216f4f52aef38b29501,1249582,autoland,ContentfulSpeedIndex,True,microsoft ContentfulSpeedIndex opt fission warm webrender,,77,ms,firefox,False,|f|i|s|s|i|o|n| |w|a|r|m| |w|e|b|r|e|n|d|e|r|,,3776889,13,9b3df14599f65e991e2c4a5eaba7ebe76c85b8c3,102210fe594ee9b33d82058545b1ed14f4c8206e,linux1804-64-shippable-qr,microsoft,True,,,,,,,,,,,,,,,,,,,,,,,,,,,,,,,,,,,,,,,,,,,,,,,,,,TN,,,,,,,,,,
,1703853549,2023-05-31 17:22:12,201.0,b1a1fe06a88b8bdb3f1c5564d12f6798261f34f8,1249712,autoland,ContentfulSpeedIndex,True,microsoft ContentfulSpeedIndex opt fission warm webrender,,77,ms,firefox,False,|f|i|s|s|i|o|n| |w|a|r|m| |w|e|b|r|e|n|d|e|r|,,3776889,13,9b3df14599f65e991e2c4a5eaba7ebe76c85b8c3,102210fe594ee9b33d82058545b1ed14f4c8206e,linux1804-64-shippable-qr,microsoft,True,,,,,,,,,,,,,,,,,,,,,,,,,,,,,,,,,,,,,,,,,,,,,,,,,,TN,,,,,,,,,,
,1703985260,2023-05-31 20:28:19,204.0,acd631722a01cb363c4967477af9f240d35cd218,1249881,autoland,ContentfulSpeedIndex,True,microsoft ContentfulSpeedIndex opt fission warm webrender,,77,ms,firefox,False,|f|i|s|s|i|o|n| |w|a|r|m| |w|e|b|r|e|n|d|e|r|,,3776889,13,9b3df14599f65e991e2c4a5eaba7ebe76c85b8c3,102210fe594ee9b33d82058545b1ed14f4c8206e,linux1804-64-shippable-qr,microsoft,True,,,,,,,,,,,,,,,,,,,,,,,,,,,,,,,,,,,,,,,,,,,,,,,,,,TN,,,,,,,,,,
,1704266455,2023-05-31 21:52:05,204.0,3e57422d355fbd79bda3cc9af613485b3bdce01e,1249959,autoland,ContentfulSpeedIndex,True,microsoft ContentfulSpeedIndex opt fission warm webrender,,77,ms,firefox,False,|f|i|s|s|i|o|n| |w|a|r|m| |w|e|b|r|e|n|d|e|r|,,3776889,13,9b3df14599f65e991e2c4a5eaba7ebe76c85b8c3,102210fe594ee9b33d82058545b1ed14f4c8206e,linux1804-64-shippable-qr,microsoft,True,,,,,,,,,,,,,,,,,,,,,,,,,,,,,,,,,,,,,,,,,,,,,,,,,,TN,,,,,,,,,,
,1704292995,2023-05-31 21:52:58,203.0,1ee8fd36b1276fa713a4407e53085c5991e8ad2d,1249961,autoland,ContentfulSpeedIndex,True,microsoft ContentfulSpeedIndex opt fission warm webrender,,77,ms,firefox,False,|f|i|s|s|i|o|n| |w|a|r|m| |w|e|b|r|e|n|d|e|r|,,3776889,13,9b3df14599f65e991e2c4a5eaba7ebe76c85b8c3,102210fe594ee9b33d82058545b1ed14f4c8206e,linux1804-64-shippable-qr,microsoft,True,,,,,,,,,,,,,,,,,,,,,,,,,,,,,,,,,,,,,,,,,,,,,,,,,,TN,,,,,,,,,,
,1704134725,2023-05-31 23:35:37,203.0,69cd9d943489100b8424cf1b19b0646cbc9c317c,1250055,autoland,ContentfulSpeedIndex,True,microsoft ContentfulSpeedIndex opt fission warm webrender,,77,ms,firefox,False,|f|i|s|s|i|o|n| |w|a|r|m| |w|e|b|r|e|n|d|e|r|,,3776889,13,9b3df14599f65e991e2c4a5eaba7ebe76c85b8c3,102210fe594ee9b33d82058545b1ed14f4c8206e,linux1804-64-shippable-qr,microsoft,True,,,,,,,,,,,,,,,,,,,,,,,,,,,,,,,,,,,,,,,,,,,,,,,,,,TN,,,,,,,,,,
,1704236103,2023-06-01 03:44:27,202.0,5d6127a9b7ed37774d6403efd4ee1ec813503592,1250134,autoland,ContentfulSpeedIndex,True,microsoft ContentfulSpeedIndex opt fission warm webrender,,77,ms,firefox,False,|f|i|s|s|i|o|n| |w|a|r|m| |w|e|b|r|e|n|d|e|r|,,3776889,13,9b3df14599f65e991e2c4a5eaba7ebe76c85b8c3,102210fe594ee9b33d82058545b1ed14f4c8206e,linux1804-64-shippable-qr,microsoft,True,,,,,,,,,,,,,,,,,,,,,,,,,,,,,,,,,,,,,,,,,,,,,,,,,,TN,,,,,,,,,,
,1704340472,2023-06-01 08:18:01,200.0,310a02cb1216c0fafadcbc049aac0875871eab96,1250206,autoland,ContentfulSpeedIndex,True,microsoft ContentfulSpeedIndex opt fission warm webrender,,77,ms,firefox,False,|f|i|s|s|i|o|n| |w|a|r|m| |w|e|b|r|e|n|d|e|r|,,3776889,13,9b3df14599f65e991e2c4a5eaba7ebe76c85b8c3,102210fe594ee9b33d82058545b1ed14f4c8206e,linux1804-64-shippable-qr,microsoft,True,,,,,,,,,,,,,,,,,,,,,,,,,,,,,,,,,,,,,,,,,,,,,,,,,,TN,,,,,,,,,,
,1704411729,2023-06-01 09:51:53,202.0,3ee1184f75ef01c3b8b3acb826d84a189cac75ce,1250243,autoland,ContentfulSpeedIndex,True,microsoft ContentfulSpeedIndex opt fission warm webrender,,77,ms,firefox,False,|f|i|s|s|i|o|n| |w|a|r|m| |w|e|b|r|e|n|d|e|r|,,3776889,13,9b3df14599f65e991e2c4a5eaba7ebe76c85b8c3,102210fe594ee9b33d82058545b1ed14f4c8206e,linux1804-64-shippable-qr,microsoft,True,,,,,,,,,,,,,,,,,,,,,,,,,,,,,,,,,,,,,,,,,,,,,,,,,,TN,,,,,,,,,,
,1704598953,2023-06-01 13:54:39,203.0,01e7e891e3d0793f8a185fe99b6f8cc9c6ffa74e,1250379,autoland,ContentfulSpeedIndex,True,microsoft ContentfulSpeedIndex opt fission warm webrender,,77,ms,firefox,False,|f|i|s|s|i|o|n| |w|a|r|m| |w|e|b|r|e|n|d|e|r|,,3776889,13,9b3df14599f65e991e2c4a5eaba7ebe76c85b8c3,102210fe594ee9b33d82058545b1ed14f4c8206e,linux1804-64-shippable-qr,microsoft,True,,,,,,,,,,,,,,,,,,,,,,,,,,,,,,,,,,,,,,,,,,,,,,,,,,TN,,,,,,,,,,
,1704761161,2023-06-01 19:53:44,203.0,ae0f513f1d25aef3f79ad009b5f2dd7407536827,1250634,autoland,ContentfulSpeedIndex,True,microsoft ContentfulSpeedIndex opt fission warm webrender,,77,ms,firefox,False,|f|i|s|s|i|o|n| |w|a|r|m| |w|e|b|r|e|n|d|e|r|,,3776889,13,9b3df14599f65e991e2c4a5eaba7ebe76c85b8c3,102210fe594ee9b33d82058545b1ed14f4c8206e,linux1804-64-shippable-qr,microsoft,True,,,,,,,,,,,,,,,,,,,,,,,,,,,,,,,,,,,,,,,,,,,,,,,,,,TN,,,,,,,,,,
,1704820362,2023-06-01 21:35:55,203.0,9718fca142ae7765c8ca6c3616fab6e303225556,1250675,autoland,ContentfulSpeedIndex,True,microsoft ContentfulSpeedIndex opt fission warm webrender,,77,ms,firefox,False,|f|i|s|s|i|o|n| |w|a|r|m| |w|e|b|r|e|n|d|e|r|,,3776889,13,9b3df14599f65e991e2c4a5eaba7ebe76c85b8c3,102210fe594ee9b33d82058545b1ed14f4c8206e,linux1804-64-shippable-qr,microsoft,True,,,,,,,,,,,,,,,,,,,,,,,,,,,,,,,,,,,,,,,,,,,,,,,,,,TN,,,,,,,,,,
,1704912172,2023-06-02 02:04:00,200.0,c365694efc9c7ac4c2c010f9dc97afb7c80107ee,1250783,autoland,ContentfulSpeedIndex,True,microsoft ContentfulSpeedIndex opt fission warm webrender,,77,ms,firefox,False,|f|i|s|s|i|o|n| |w|a|r|m| |w|e|b|r|e|n|d|e|r|,,3776889,13,9b3df14599f65e991e2c4a5eaba7ebe76c85b8c3,102210fe594ee9b33d82058545b1ed14f4c8206e,linux1804-64-shippable-qr,microsoft,True,,,,,,,,,,,,,,,,,,,,,,,,,,,,,,,,,,,,,,,,,,,,,,,,,,TN,,,,,,,,,,
,1705158480,2023-06-02 12:19:13,203.0,5d642eb9394b5f5e9e9f0a4b6be492055e341e31,1250979,autoland,ContentfulSpeedIndex,True,microsoft ContentfulSpeedIndex opt fission warm webrender,,77,ms,firefox,False,|f|i|s|s|i|o|n| |w|a|r|m| |w|e|b|r|e|n|d|e|r|,,3776889,13,9b3df14599f65e991e2c4a5eaba7ebe76c85b8c3,102210fe594ee9b33d82058545b1ed14f4c8206e,linux1804-64-shippable-qr,microsoft,True,,,,,,,,,,,,,,,,,,,,,,,,,,,,,,,,,,,,,,,,,,,,,,,,,,TN,,,,,,,,,,
,1705185266,2023-06-02 13:27:34,201.0,e2c71d0ed1e8bb2b9752f78b13c31171d5dde3a9,1251019,autoland,ContentfulSpeedIndex,True,microsoft ContentfulSpeedIndex opt fission warm webrender,,77,ms,firefox,False,|f|i|s|s|i|o|n| |w|a|r|m| |w|e|b|r|e|n|d|e|r|,,3776889,13,9b3df14599f65e991e2c4a5eaba7ebe76c85b8c3,102210fe594ee9b33d82058545b1ed14f4c8206e,linux1804-64-shippable-qr,microsoft,True,,,,,,,,,,,,,,,,,,,,,,,,,,,,,,,,,,,,,,,,,,,,,,,,,,TN,,,,,,,,,,
,1705282374,2023-06-02 17:59:13,201.0,ad7e9e56836f2bd7e0668d322719f548e825a685,1251185,autoland,ContentfulSpeedIndex,True,microsoft ContentfulSpeedIndex opt fission warm webrender,,77,ms,firefox,False,|f|i|s|s|i|o|n| |w|a|r|m| |w|e|b|r|e|n|d|e|r|,,3776889,13,9b3df14599f65e991e2c4a5eaba7ebe76c85b8c3,102210fe594ee9b33d82058545b1ed14f4c8206e,linux1804-64-shippable-qr,microsoft,True,,,,,,,,,,,,,,,,,,,,,,,,,,,,,,,,,,,,,,,,,,,,,,,,,,TN,,,,,,,,,,
,1705268861,2023-06-02 18:03:52,200.0,8c3b1c60fde747fcb4e3421062a37b829d6acb9f,1251187,autoland,ContentfulSpeedIndex,True,microsoft ContentfulSpeedIndex opt fission warm webrender,,77,ms,firefox,False,|f|i|s|s|i|o|n| |w|a|r|m| |w|e|b|r|e|n|d|e|r|,,3776889,13,9b3df14599f65e991e2c4a5eaba7ebe76c85b8c3,102210fe594ee9b33d82058545b1ed14f4c8206e,linux1804-64-shippable-qr,microsoft,True,,,,,,,,,,,,,,,,,,,,,,,,,,,,,,,,,,,,,,,,,,,,,,,,,,TN,,,,,,,,,,
,1705379321,2023-06-02 22:18:32,201.0,b9f63a24bc677e4c6a1f9bc801c2e3bf44dbd6e8,1251308,autoland,ContentfulSpeedIndex,True,microsoft ContentfulSpeedIndex opt fission warm webrender,,77,ms,firefox,False,|f|i|s|s|i|o|n| |w|a|r|m| |w|e|b|r|e|n|d|e|r|,,3776889,13,9b3df14599f65e991e2c4a5eaba7ebe76c85b8c3,102210fe594ee9b33d82058545b1ed14f4c8206e,linux1804-64-shippable-qr,microsoft,True,,,,,,,,,,,,,,,,,,,,,,,,,,,,,,,,,,,,,,,,,,,,,,,,,,TN,,,,,,,,,,
,1705439019,2023-06-03 05:40:17,202.0,64bce9d136ae9b4bd5482515721d6daf2da53dc3,1251358,autoland,ContentfulSpeedIndex,True,microsoft ContentfulSpeedIndex opt fission warm webrender,,77,ms,firefox,False,|f|i|s|s|i|o|n| |w|a|r|m| |w|e|b|r|e|n|d|e|r|,,3776889,13,9b3df14599f65e991e2c4a5eaba7ebe76c85b8c3,102210fe594ee9b33d82058545b1ed14f4c8206e,linux1804-64-shippable-qr,microsoft,True,,,,,,,,,,,,,,,,,,,,,,,,,,,,,,,,,,,,,,,,,,,,,,,,,,TN,,,,,,,,,,
,1705518180,2023-06-03 14:24:38,200.0,7bc8c25b2935765c57adc63333c221bbe5067831,1251409,autoland,ContentfulSpeedIndex,True,microsoft ContentfulSpeedIndex opt fission warm webrender,,77,ms,firefox,False,|f|i|s|s|i|o|n| |w|a|r|m| |w|e|b|r|e|n|d|e|r|,,3776889,13,9b3df14599f65e991e2c4a5eaba7ebe76c85b8c3,102210fe594ee9b33d82058545b1ed14f4c8206e,linux1804-64-shippable-qr,microsoft,True,,,,,,,,,,,,,,,,,,,,,,,,,,,,,,,,,,,,,,,,,,,,,,,,,,TN,,,,,,,,,,
,1705585943,2023-06-03 23:39:13,203.0,b8f06acca6bf62e32647496ed613012fa4c27e9e,1251453,autoland,ContentfulSpeedIndex,True,microsoft ContentfulSpeedIndex opt fission warm webrender,,77,ms,firefox,False,|f|i|s|s|i|o|n| |w|a|r|m| |w|e|b|r|e|n|d|e|r|,,3776889,13,9b3df14599f65e991e2c4a5eaba7ebe76c85b8c3,102210fe594ee9b33d82058545b1ed14f4c8206e,linux1804-64-shippable-qr,microsoft,True,,,,,,,,,,,,,,,,,,,,,,,,,,,,,,,,,,,,,,,,,,,,,,,,,,TN,,,,,,,,,,
,1705668281,2023-06-04 11:53:44,240.0,00802389f336283602445d4f08e53b8bd09b43eb,1251481,autoland,ContentfulSpeedIndex,True,microsoft ContentfulSpeedIndex opt fission warm webrender,,77,ms,firefox,False,|f|i|s|s|i|o|n| |w|a|r|m| |w|e|b|r|e|n|d|e|r|,,3776889,13,9b3df14599f65e991e2c4a5eaba7ebe76c85b8c3,102210fe594ee9b33d82058545b1ed14f4c8206e,linux1804-64-shippable-qr,microsoft,True,,,,,,,,,,,,,,,,,,,,,,,,,,,,,,,,,,,,,,,,,,,,,,,,,,TN,,,,,,,,,,
,1705709004,2023-06-04 20:28:08,200.0,eeba3a3c20a4dc53210a44734b25d2c0870b6523,1251514,autoland,ContentfulSpeedIndex,True,microsoft ContentfulSpeedIndex opt fission warm webrender,,77,ms,firefox,False,|f|i|s|s|i|o|n| |w|a|r|m| |w|e|b|r|e|n|d|e|r|,,3776889,13,9b3df14599f65e991e2c4a5eaba7ebe76c85b8c3,102210fe594ee9b33d82058545b1ed14f4c8206e,linux1804-64-shippable-qr,microsoft,True,,,,,,,,,,,,,,,,,,,,,,,,,,,,,,,,,,,,,,,,,,,,,,,,,,TN,,,,,,,,,,
,1705757483,2023-06-05 03:24:10,202.0,f8fa7749f7bdc93fa3491918a4e8b0fb4db659eb,1251552,autoland,ContentfulSpeedIndex,True,microsoft ContentfulSpeedIndex opt fission warm webrender,,77,ms,firefox,False,|f|i|s|s|i|o|n| |w|a|r|m| |w|e|b|r|e|n|d|e|r|,,3776889,13,9b3df14599f65e991e2c4a5eaba7ebe76c85b8c3,102210fe594ee9b33d82058545b1ed14f4c8206e,linux1804-64-shippable-qr,microsoft,True,,,,,,,,,,,,,,,,,,,,,,,,,,,,,,,,,,,,,,,,,,,,,,,,,,TN,,,,,,,,,,
,1705790503,2023-06-05 08:05:57,200.0,61d4558543daf8b284b3194aba84289d6e31ad2f,1251588,autoland,ContentfulSpeedIndex,True,microsoft ContentfulSpeedIndex opt fission warm webrender,,77,ms,firefox,False,|f|i|s|s|i|o|n| |w|a|r|m| |w|e|b|r|e|n|d|e|r|,,3776889,13,9b3df14599f65e991e2c4a5eaba7ebe76c85b8c3,102210fe594ee9b33d82058545b1ed14f4c8206e,linux1804-64-shippable-qr,microsoft,True,,,,,,,,,,,,,,,,,,,,,,,,,,,,,,,,,,,,,,,,,,,,,,,,,,TN,,,,,,,,,,
,1706333568,2023-06-05 08:13:54,240.0,b4f58b5b89c23f507f450070978c31ce37ae0bfa,1251592,autoland,ContentfulSpeedIndex,True,microsoft ContentfulSpeedIndex opt fission warm webrender,,77,ms,firefox,False,|f|i|s|s|i|o|n| |w|a|r|m| |w|e|b|r|e|n|d|e|r|,,3776889,13,9b3df14599f65e991e2c4a5eaba7ebe76c85b8c3,102210fe594ee9b33d82058545b1ed14f4c8206e,linux1804-64-shippable-qr,microsoft,True,,,,,,,,,,,,,,,,,,,,,,,,,,,,,,,,,,,,,,,,,,,,,,,,,,TN,,,,,,,,,,
,1706342821,2023-06-05 09:41:40,201.0,1affd61c6142771ac7be203e33a442977866164b,1251624,autoland,ContentfulSpeedIndex,True,microsoft ContentfulSpeedIndex opt fission warm webrender,,77,ms,firefox,False,|f|i|s|s|i|o|n| |w|a|r|m| |w|e|b|r|e|n|d|e|r|,,3776889,13,9b3df14599f65e991e2c4a5eaba7ebe76c85b8c3,102210fe594ee9b33d82058545b1ed14f4c8206e,linux1804-64-shippable-qr,microsoft,True,,,,,,,,,,,,,,,,,,,,,,,,,,,,,,,,,,,,,,,,,,,,,,,,,,TN,,,,,,,,,,
,1706377202,2023-06-05 09:45:03,202.0,201365a3648ecab85ffce4e3930f9e9285ec3fbe,1251629,autoland,ContentfulSpeedIndex,True,microsoft ContentfulSpeedIndex opt fission warm webrender,,77,ms,firefox,False,|f|i|s|s|i|o|n| |w|a|r|m| |w|e|b|r|e|n|d|e|r|,,3776889,13,9b3df14599f65e991e2c4a5eaba7ebe76c85b8c3,102210fe594ee9b33d82058545b1ed14f4c8206e,linux1804-64-shippable-qr,microsoft,True,,,,,,,,,,,,,,,,,,,,,,,,,,,,,,,,,,,,,,,,,,,,,,,,,,TN,,,,,,,,,,
,1706354807,2023-06-05 10:13:11,201.0,95ed74f9ad6da76c6cf56a1db4cfe6afd6213af2,1251649,autoland,ContentfulSpeedIndex,True,microsoft ContentfulSpeedIndex opt fission warm webrender,,77,ms,firefox,False,|f|i|s|s|i|o|n| |w|a|r|m| |w|e|b|r|e|n|d|e|r|,,3776889,13,9b3df14599f65e991e2c4a5eaba7ebe76c85b8c3,102210fe594ee9b33d82058545b1ed14f4c8206e,linux1804-64-shippable-qr,microsoft,True,,,,,,,,,,,,,,,,,,,,,,,,,,,,,,,,,,,,,,,,,,,,,,,,,,TN,,,,,,,,,,
,1706386210,2023-06-05 11:51:57,240.0,6ad4019db2d5ac7bea3f12238282b70312e33b89,1251708,autoland,ContentfulSpeedIndex,True,microsoft ContentfulSpeedIndex opt fission warm webrender,,77,ms,firefox,False,|f|i|s|s|i|o|n| |w|a|r|m| |w|e|b|r|e|n|d|e|r|,,3776889,13,9b3df14599f65e991e2c4a5eaba7ebe76c85b8c3,102210fe594ee9b33d82058545b1ed14f4c8206e,linux1804-64-shippable-qr,microsoft,True,,,,,,,,,,,,,,,,,,,,,,,,,,,,,,,,,,,,,,,,,,,,,,,,,,TN,,,,,,,,,,
,1705899855,2023-06-05 12:01:26,200.0,00af548d93acc8c2c3ab652a04c882e3a80476a9,1251712,autoland,ContentfulSpeedIndex,True,microsoft ContentfulSpeedIndex opt fission warm webrender,,77,ms,firefox,False,|f|i|s|s|i|o|n| |w|a|r|m| |w|e|b|r|e|n|d|e|r|,,3776889,13,9b3df14599f65e991e2c4a5eaba7ebe76c85b8c3,102210fe594ee9b33d82058545b1ed14f4c8206e,linux1804-64-shippable-qr,microsoft,True,,,,,,,,,,,,,,,,,,,,,,,,,,,,,,,,,,,,,,,,,,,,,,,,,,TN,,,,,,,,,,
,1706028209,2023-06-05 16:13:31,202.0,c8df8c0bde6047b8fe23c9716940cbc1c07c2a65,1251888,autoland,ContentfulSpeedIndex,True,microsoft ContentfulSpeedIndex opt fission warm webrender,,77,ms,firefox,False,|f|i|s|s|i|o|n| |w|a|r|m| |w|e|b|r|e|n|d|e|r|,,3776889,13,9b3df14599f65e991e2c4a5eaba7ebe76c85b8c3,102210fe594ee9b33d82058545b1ed14f4c8206e,linux1804-64-shippable-qr,microsoft,True,,,,,,,,,,,,,,,,,,,,,,,,,,,,,,,,,,,,,,,,,,,,,,,,,,TN,,,,,,,,,,
,1706069863,2023-06-05 16:43:43,240.0,03d635b2bdb2041550924e64dc0dd20abf4499f9,1251915,autoland,ContentfulSpeedIndex,True,microsoft ContentfulSpeedIndex opt fission warm webrender,,77,ms,firefox,False,|f|i|s|s|i|o|n| |w|a|r|m| |w|e|b|r|e|n|d|e|r|,,3776889,13,9b3df14599f65e991e2c4a5eaba7ebe76c85b8c3,102210fe594ee9b33d82058545b1ed14f4c8206e,linux1804-64-shippable-qr,microsoft,True,,,,,,,,,,,,,,,,,,,,,,,,,,,,,,,,,,,,,,,,,,,,,,,,,,TN,,,,,,,,,,
,1706166414,2023-06-05 20:14:05,203.0,d73c2643092115d9b5859c16e121e421656264bc,1252060,autoland,ContentfulSpeedIndex,True,microsoft ContentfulSpeedIndex opt fission warm webrender,,77,ms,firefox,False,|f|i|s|s|i|o|n| |w|a|r|m| |w|e|b|r|e|n|d|e|r|,,3776889,13,9b3df14599f65e991e2c4a5eaba7ebe76c85b8c3,102210fe594ee9b33d82058545b1ed14f4c8206e,linux1804-64-shippable-qr,microsoft,True,,,,,,,,,,,,,,,,,,,,,,,,,,,,,,,,,,,,,,,,,,,,,,,,,,TN,,,,,,,,,,
,1706259156,2023-06-05 22:25:10,200.0,3a79e9a1c11da81af50cfb6e535537b5e8e7ce9f,1252165,autoland,ContentfulSpeedIndex,True,microsoft ContentfulSpeedIndex opt fission warm webrender,,77,ms,firefox,False,|f|i|s|s|i|o|n| |w|a|r|m| |w|e|b|r|e|n|d|e|r|,,3776889,13,9b3df14599f65e991e2c4a5eaba7ebe76c85b8c3,102210fe594ee9b33d82058545b1ed14f4c8206e,linux1804-64-shippable-qr,microsoft,True,,,,,,,,,,,,,,,,,,,,,,,,,,,,,,,,,,,,,,,,,,,,,,,,,,TN,,,,,,,,,,
,1707150774,2023-06-06 07:23:00,201.0,5e6e896228e55430e8e28f173cc439d598992d1d,1252318,autoland,ContentfulSpeedIndex,True,microsoft ContentfulSpeedIndex opt fission warm webrender,,77,ms,firefox,False,|f|i|s|s|i|o|n| |w|a|r|m| |w|e|b|r|e|n|d|e|r|,,3776889,13,9b3df14599f65e991e2c4a5eaba7ebe76c85b8c3,102210fe594ee9b33d82058545b1ed14f4c8206e,linux1804-64-shippable-qr,microsoft,True,,,,,,,,,,,,,,,,,,,,,,,,,,,,,,,,,,,,,,,,,,,,,,,,,,TN,,,,,,,,,,
,1706422919,2023-06-06 07:45:19,217.1,7974ac7e053aa00b02c6b9405b4fe87e6729456d,1252336,autoland,ContentfulSpeedIndex,True,microsoft ContentfulSpeedIndex opt fission warm webrender,,77,ms,firefox,False,|f|i|s|s|i|o|n| |w|a|r|m| |w|e|b|r|e|n|d|e|r|,,3776889,13,9b3df14599f65e991e2c4a5eaba7ebe76c85b8c3,102210fe594ee9b33d82058545b1ed14f4c8206e,linux1804-64-shippable-qr,microsoft,True,,,,,,,,,,,,,,,,,,,,,,,,,,,,,,,,,,,,,,,,,,,,,,,,,,TN,,,,,,,,,,
,1706614566,2023-06-06 12:19:14,210.9,847d7aa42cbef71e48427dda557da27be7b8a938,1252475,autoland,ContentfulSpeedIndex,True,microsoft ContentfulSpeedIndex opt fission warm webrender,,77,ms,firefox,False,|f|i|s|s|i|o|n| |w|a|r|m| |w|e|b|r|e|n|d|e|r|,,3776889,13,9b3df14599f65e991e2c4a5eaba7ebe76c85b8c3,102210fe594ee9b33d82058545b1ed14f4c8206e,linux1804-64-shippable-qr,microsoft,True,,,,,,,,,,,,,,,,,,,,,,,,,,,,,,,,,,,,,,,,,,,,,,,,,,TN,,,,,,,,,,
,1707158376,2023-06-06 12:33:25,212.0,b97c8d97b6469becb2138e0a621833d27aee5863,1252485,autoland,ContentfulSpeedIndex,True,microsoft ContentfulSpeedIndex opt fission warm webrender,,77,ms,firefox,False,|f|i|s|s|i|o|n| |w|a|r|m| |w|e|b|r|e|n|d|e|r|,,3776889,13,9b3df14599f65e991e2c4a5eaba7ebe76c85b8c3,102210fe594ee9b33d82058545b1ed14f4c8206e,linux1804-64-shippable-qr,microsoft,True,,,,,,,,,,,,,,,,,,,,,,,,,,,,,,,,,,,,,,,,,,,,,,,,,,TN,,,,,,,,,,
,1707125908,2023-06-06 12:36:53,223.4,d132c75f9ca2cdd84287910ccd9100989085f9e8,1252489,autoland,ContentfulSpeedIndex,True,microsoft ContentfulSpeedIndex opt fission warm webrender,,77,ms,firefox,False,|f|i|s|s|i|o|n| |w|a|r|m| |w|e|b|r|e|n|d|e|r|,,3776889,13,9b3df14599f65e991e2c4a5eaba7ebe76c85b8c3,102210fe594ee9b33d82058545b1ed14f4c8206e,linux1804-64-shippable-qr,microsoft,True,,,,,,,,,,,,,,,,,,,,,,,,,,,,,,,,,,,,,,,,,,,,,,,,,,TN,,,,,,,,,,
,1706694922,2023-06-06 15:07:26,209.5,51ecbed77cf45640a921f61934b70efadfb58982,1252589,autoland,ContentfulSpeedIndex,True,microsoft ContentfulSpeedIndex opt fission warm webrender,,77,ms,firefox,False,|f|i|s|s|i|o|n| |w|a|r|m| |w|e|b|r|e|n|d|e|r|,,3776889,13,9b3df14599f65e991e2c4a5eaba7ebe76c85b8c3,102210fe594ee9b33d82058545b1ed14f4c8206e,linux1804-64-shippable-qr,microsoft,True,,,,,,,,,,,,,,,,,,,,,,,,,,,,,,,,,,,,,,,,,,,,,,,,,,TN,,,,,,,,,,
,1706852510,2023-06-06 19:22:50,207.7,3e7d709ab2a3a86ff58f4406faa05e738ca49ec9,1252721,autoland,ContentfulSpeedIndex,True,microsoft ContentfulSpeedIndex opt fission warm webrender,,77,ms,firefox,False,|f|i|s|s|i|o|n| |w|a|r|m| |w|e|b|r|e|n|d|e|r|,,3776889,13,9b3df14599f65e991e2c4a5eaba7ebe76c85b8c3,102210fe594ee9b33d82058545b1ed14f4c8206e,linux1804-64-shippable-qr,microsoft,True,,,,,,,,,,,,,,,,,,,,,,,,,,,,,,,,,,,,,,,,,,,,,,,,,,TN,,,,,,,,,,
,1706880190,2023-06-06 19:49:29,208.4,9a56830b39f8d6802cef3772f81535d5f7bd475c,1252741,autoland,ContentfulSpeedIndex,True,microsoft ContentfulSpeedIndex opt fission warm webrender,,77,ms,firefox,False,|f|i|s|s|i|o|n| |w|a|r|m| |w|e|b|r|e|n|d|e|r|,,3776889,13,9b3df14599f65e991e2c4a5eaba7ebe76c85b8c3,102210fe594ee9b33d82058545b1ed14f4c8206e,linux1804-64-shippable-qr,microsoft,True,,,,,,,,,,,,,,,,,,,,,,,,,,,,,,,,,,,,,,,,,,,,,,,,,,TN,,,,,,,,,,
,1706961006,2023-06-06 22:47:19,222.5,3a8e0dd854b5d9349d96a17de81427442d412db9,1252831,autoland,ContentfulSpeedIndex,True,microsoft ContentfulSpeedIndex opt fission warm webrender,,77,ms,firefox,False,|f|i|s|s|i|o|n| |w|a|r|m| |w|e|b|r|e|n|d|e|r|,,3776889,13,9b3df14599f65e991e2c4a5eaba7ebe76c85b8c3,102210fe594ee9b33d82058545b1ed14f4c8206e,linux1804-64-shippable-qr,microsoft,True,,,,,,,,,,,,,,,,,,,,,,,,,,,,,,,,,,,,,,,,,,,,,,,,,,TN,,,,,,,,,,
,1707066146,2023-06-07 02:52:45,218.2,714383968fdbbcb6ef5ff4fc599e11ae386d09ce,1252906,autoland,ContentfulSpeedIndex,True,microsoft ContentfulSpeedIndex opt fission warm webrender,,77,ms,firefox,False,|f|i|s|s|i|o|n| |w|a|r|m| |w|e|b|r|e|n|d|e|r|,,3776889,13,9b3df14599f65e991e2c4a5eaba7ebe76c85b8c3,102210fe594ee9b33d82058545b1ed14f4c8206e,linux1804-64-shippable-qr,microsoft,True,,,,,,,,,,,,,,,,,,,,,,,,,,,,,,,,,,,,,,,,,,,,,,,,,,TN,,,,,,,,,,
,1707207742,2023-06-07 06:55:53,216.4,29928f29c7a08d81bf5a480f4678c4c90b0abc68,1252967,autoland,ContentfulSpeedIndex,True,microsoft ContentfulSpeedIndex opt fission warm webrender,,77,ms,firefox,False,|f|i|s|s|i|o|n| |w|a|r|m| |w|e|b|r|e|n|d|e|r|,,3776889,13,9b3df14599f65e991e2c4a5eaba7ebe76c85b8c3,102210fe594ee9b33d82058545b1ed14f4c8206e,linux1804-64-shippable-qr,microsoft,True,,,,,,,,,,,,,,,,,,,,,,,,,,,,,,,,,,,,,,,,,,,,,,,,,,TN,,,,,,,,,,
,1707818729,2023-06-07 08:38:12,220.9,17472385b962b35b99a2c97f0c9b3f70604fab8a,1253010,autoland,ContentfulSpeedIndex,True,microsoft ContentfulSpeedIndex opt fission warm webrender,,77,ms,firefox,False,|f|i|s|s|i|o|n| |w|a|r|m| |w|e|b|r|e|n|d|e|r|,,3776889,13,9b3df14599f65e991e2c4a5eaba7ebe76c85b8c3,102210fe594ee9b33d82058545b1ed14f4c8206e,linux1804-64-shippable-qr,microsoft,True,,,,,,,,,,,,,,,,,,,,,,,,,,,,,,,,,,,,,,,,,,,,,,,,,,TN,,,,,,,,,,
,1707749051,2023-06-07 08:45:52,218.3,5ee71fd842f2101b638b15488f8e630293dacd51,1253014,autoland,ContentfulSpeedIndex,True,microsoft ContentfulSpeedIndex opt fission warm webrender,,77,ms,firefox,False,|f|i|s|s|i|o|n| |w|a|r|m| |w|e|b|r|e|n|d|e|r|,,3776889,13,9b3df14599f65e991e2c4a5eaba7ebe76c85b8c3,102210fe594ee9b33d82058545b1ed14f4c8206e,linux1804-64-shippable-qr,microsoft,True,,,,,,,,,,,,,,,,,,,,,,,,,,,,,,,,,,,,,,,,,,,,,,,,,,TN,,,,,,,,,,
,1707304293,2023-06-07 11:44:03,221.5,5c2039dcc9e34d981b3343ed3819d1f65ef07909,1253076,autoland,ContentfulSpeedIndex,True,microsoft ContentfulSpeedIndex opt fission warm webrender,,77,ms,firefox,False,|f|i|s|s|i|o|n| |w|a|r|m| |w|e|b|r|e|n|d|e|r|,,3776889,13,9b3df14599f65e991e2c4a5eaba7ebe76c85b8c3,102210fe594ee9b33d82058545b1ed14f4c8206e,linux1804-64-shippable-qr,microsoft,True,,,,,,,,,,,,,,,,,,,,,,,,,,,,,,,,,,,,,,,,,,,,,,,,,,TN,,,,,,,,,,
,1707344236,2023-06-07 13:36:12,213.8,ed7804ffc016687db27f68ab46e27c0ffefda3af,1253119,autoland,ContentfulSpeedIndex,True,microsoft ContentfulSpeedIndex opt fission warm webrender,,77,ms,firefox,False,|f|i|s|s|i|o|n| |w|a|r|m| |w|e|b|r|e|n|d|e|r|,,3776889,13,9b3df14599f65e991e2c4a5eaba7ebe76c85b8c3,102210fe594ee9b33d82058545b1ed14f4c8206e,linux1804-64-shippable-qr,microsoft,True,,,,,,,,,,,,,,,,,,,,,,,,,,,,,,,,,,,,,,,,,,,,,,,,,,TN,,,,,,,,,,
,1707437849,2023-06-07 16:40:09,212.6,1e9ddd307894fd2055ca49dcaa461478d0acea9e,1253256,autoland,ContentfulSpeedIndex,True,microsoft ContentfulSpeedIndex opt fission warm webrender,,77,ms,firefox,False,|f|i|s|s|i|o|n| |w|a|r|m| |w|e|b|r|e|n|d|e|r|,,3776889,13,9b3df14599f65e991e2c4a5eaba7ebe76c85b8c3,102210fe594ee9b33d82058545b1ed14f4c8206e,linux1804-64-shippable-qr,microsoft,True,,,,,,,,,,,,,,,,,,,,,,,,,,,,,,,,,,,,,,,,,,,,,,,,,,TN,,,,,,,,,,
,1707566495,2023-06-07 20:51:47,212.9,d777b008615418be897668f8099b9e68f6666a3c,1253401,autoland,ContentfulSpeedIndex,True,microsoft ContentfulSpeedIndex opt fission warm webrender,,77,ms,firefox,False,|f|i|s|s|i|o|n| |w|a|r|m| |w|e|b|r|e|n|d|e|r|,,3776889,13,9b3df14599f65e991e2c4a5eaba7ebe76c85b8c3,102210fe594ee9b33d82058545b1ed14f4c8206e,linux1804-64-shippable-qr,microsoft,True,,,,,,,,,,,,,,,,,,,,,,,,,,,,,,,,,,,,,,,,,,,,,,,,,,TN,,,,,,,,,,
,1707637694,2023-06-07 22:54:42,217.9,c18688c9011d0dc50b79d2f830dbf323c8c75604,1253472,autoland,ContentfulSpeedIndex,True,microsoft ContentfulSpeedIndex opt fission warm webrender,,77,ms,firefox,False,|f|i|s|s|i|o|n| |w|a|r|m| |w|e|b|r|e|n|d|e|r|,,3776889,13,9b3df14599f65e991e2c4a5eaba7ebe76c85b8c3,102210fe594ee9b33d82058545b1ed14f4c8206e,linux1804-64-shippable-qr,microsoft,True,,,,,,,,,,,,,,,,,,,,,,,,,,,,,,,,,,,,,,,,,,,,,,,,,,TN,,,,,,,,,,
,1707784576,2023-06-08 03:47:09,213.5,2b2fb0c1bd13f27bbd5094192791600a5e261c4b,1253596,autoland,ContentfulSpeedIndex,True,microsoft ContentfulSpeedIndex opt fission warm webrender,,77,ms,firefox,False,|f|i|s|s|i|o|n| |w|a|r|m| |w|e|b|r|e|n|d|e|r|,,3776889,13,9b3df14599f65e991e2c4a5eaba7ebe76c85b8c3,102210fe594ee9b33d82058545b1ed14f4c8206e,linux1804-64-shippable-qr,microsoft,True,,,,,,,,,,,,,,,,,,,,,,,,,,,,,,,,,,,,,,,,,,,,,,,,,,TN,,,,,,,,,,
,1707838092,2023-06-08 06:27:32,205.1,d588d40904f7880592d27c083cb64d31864340cb,1253626,autoland,ContentfulSpeedIndex,True,microsoft ContentfulSpeedIndex opt fission warm webrender,,77,ms,firefox,False,|f|i|s|s|i|o|n| |w|a|r|m| |w|e|b|r|e|n|d|e|r|,,3776889,13,9b3df14599f65e991e2c4a5eaba7ebe76c85b8c3,102210fe594ee9b33d82058545b1ed14f4c8206e,linux1804-64-shippable-qr,microsoft,True,,,,,,,,,,,,,,,,,,,,,,,,,,,,,,,,,,,,,,,,,,,,,,,,,,TN,,,,,,,,,,
,1707984689,2023-06-08 10:57:22,216.2,a86d5a3f177d480362c07a9ed34166ae41840ab6,1253788,autoland,ContentfulSpeedIndex,True,microsoft ContentfulSpeedIndex opt fission warm webrender,,77,ms,firefox,False,|f|i|s|s|i|o|n| |w|a|r|m| |w|e|b|r|e|n|d|e|r|,,3776889,13,9b3df14599f65e991e2c4a5eaba7ebe76c85b8c3,102210fe594ee9b33d82058545b1ed14f4c8206e,linux1804-64-shippable-qr,microsoft,True,,,,,,,,,,,,,,,,,,,,,,,,,,,,,,,,,,,,,,,,,,,,,,,,,,TN,,,,,,,,,,
,1708347726,2023-06-08 21:44:04,214.2,c7b3905a77fb83c75344dddb5646c5c7f5d16714,1254265,autoland,ContentfulSpeedIndex,True,microsoft ContentfulSpeedIndex opt fission warm webrender,,77,ms,firefox,False,|f|i|s|s|i|o|n| |w|a|r|m| |w|e|b|r|e|n|d|e|r|,,3776889,13,9b3df14599f65e991e2c4a5eaba7ebe76c85b8c3,102210fe594ee9b33d82058545b1ed14f4c8206e,linux1804-64-shippable-qr,microsoft,True,,,,,,,,,,,,,,,,,,,,,,,,,,,,,,,,,,,,,,,,,,,,,,,,,,TN,,,,,,,,,,
,1708419946,2023-06-09 02:20:20,216.3,d18ffb52540958c2b12d76b4a392e12df3bc4280,1254350,autoland,ContentfulSpeedIndex,True,microsoft ContentfulSpeedIndex opt fission warm webrender,,77,ms,firefox,False,|f|i|s|s|i|o|n| |w|a|r|m| |w|e|b|r|e|n|d|e|r|,,3776889,13,9b3df14599f65e991e2c4a5eaba7ebe76c85b8c3,102210fe594ee9b33d82058545b1ed14f4c8206e,linux1804-64-shippable-qr,microsoft,True,,,,,,,,,,,,,,,,,,,,,,,,,,,,,,,,,,,,,,,,,,,,,,,,,,TN,,,,,,,,,,
,1708490617,2023-06-09 06:38:52,207.5,e76a7e9393add417bcf6a33d7e0c71909cc3c6d9,1254404,autoland,ContentfulSpeedIndex,True,microsoft ContentfulSpeedIndex opt fission warm webrender,,77,ms,firefox,False,|f|i|s|s|i|o|n| |w|a|r|m| |w|e|b|r|e|n|d|e|r|,,3776889,13,9b3df14599f65e991e2c4a5eaba7ebe76c85b8c3,102210fe594ee9b33d82058545b1ed14f4c8206e,linux1804-64-shippable-qr,microsoft,True,,,,,,,,,,,,,,,,,,,,,,,,,,,,,,,,,,,,,,,,,,,,,,,,,,TN,,,,,,,,,,
,1708525353,2023-06-09 08:40:41,206.5,6453bd709950f540a9b961069fe05277eec38c4e,1254469,autoland,ContentfulSpeedIndex,True,microsoft ContentfulSpeedIndex opt fission warm webrender,,77,ms,firefox,False,|f|i|s|s|i|o|n| |w|a|r|m| |w|e|b|r|e|n|d|e|r|,,3776889,13,9b3df14599f65e991e2c4a5eaba7ebe76c85b8c3,102210fe594ee9b33d82058545b1ed14f4c8206e,linux1804-64-shippable-qr,microsoft,True,,,,,,,,,,,,,,,,,,,,,,,,,,,,,,,,,,,,,,,,,,,,,,,,,,TN,,,,,,,,,,
,1708682961,2023-06-09 13:23:42,207.9,7467d3da5f29eddf7cf135a00cef8cf87b5c6911,1254611,autoland,ContentfulSpeedIndex,True,microsoft ContentfulSpeedIndex opt fission warm webrender,,77,ms,firefox,False,|f|i|s|s|i|o|n| |w|a|r|m| |w|e|b|r|e|n|d|e|r|,,3776889,13,9b3df14599f65e991e2c4a5eaba7ebe76c85b8c3,102210fe594ee9b33d82058545b1ed14f4c8206e,linux1804-64-shippable-qr,microsoft,True,,,,,,,,,,,,,,,,,,,,,,,,,,,,,,,,,,,,,,,,,,,,,,,,,,TN,,,,,,,,,,
,1708834333,2023-06-09 18:12:56,209.0,439e88bdf46b8545bcf3fbf4d1cac9bf084df91d,1254830,autoland,ContentfulSpeedIndex,True,microsoft ContentfulSpeedIndex opt fission warm webrender,,77,ms,firefox,False,|f|i|s|s|i|o|n| |w|a|r|m| |w|e|b|r|e|n|d|e|r|,,3776889,13,9b3df14599f65e991e2c4a5eaba7ebe76c85b8c3,102210fe594ee9b33d82058545b1ed14f4c8206e,linux1804-64-shippable-qr,microsoft,True,,,,,,,,,,,,,,,,,,,,,,,,,,,,,,,,,,,,,,,,,,,,,,,,,,TN,,,,,,,,,,
,1708886391,2023-06-09 19:52:31,208.2,14c10deaa83992232930103150b2cb2351a623a5,1254912,autoland,ContentfulSpeedIndex,True,microsoft ContentfulSpeedIndex opt fission warm webrender,,77,ms,firefox,False,|f|i|s|s|i|o|n| |w|a|r|m| |w|e|b|r|e|n|d|e|r|,,3776889,13,9b3df14599f65e991e2c4a5eaba7ebe76c85b8c3,102210fe594ee9b33d82058545b1ed14f4c8206e,linux1804-64-shippable-qr,microsoft,True,,,,,,,,,,,,,,,,,,,,,,,,,,,,,,,,,,,,,,,,,,,,,,,,,,TN,,,,,,,,,,
,1709005383,2023-06-10 01:55:58,187.9,463e881a627c52313496a136abc6c038a4b92af6,1255101,autoland,ContentfulSpeedIndex,True,microsoft ContentfulSpeedIndex opt fission warm webrender,,77,ms,firefox,False,|f|i|s|s|i|o|n| |w|a|r|m| |w|e|b|r|e|n|d|e|r|,,3776889,13,9b3df14599f65e991e2c4a5eaba7ebe76c85b8c3,102210fe594ee9b33d82058545b1ed14f4c8206e,linux1804-64-shippable-qr,microsoft,True,,,,,,,,,,,,,,,,,,,,,,,,,,,,,,,,,,,,,,,,,,,,,,,,,,TN,,,,,,,,,,
,1709107709,2023-06-10 13:36:02,206.6,9c9d29101b3d0533b84b4e75dc06e89fcad3d31a,1255207,autoland,ContentfulSpeedIndex,True,microsoft ContentfulSpeedIndex opt fission warm webrender,,77,ms,firefox,False,|f|i|s|s|i|o|n| |w|a|r|m| |w|e|b|r|e|n|d|e|r|,,3776889,13,9b3df14599f65e991e2c4a5eaba7ebe76c85b8c3,102210fe594ee9b33d82058545b1ed14f4c8206e,linux1804-64-shippable-qr,microsoft,True,,,,,,,,,,,,,,,,,,,,,,,,,,,,,,,,,,,,,,,,,,,,,,,,,,TN,,,,,,,,,,
,1709227154,2023-06-10 18:37:05,214.9,879c6932bb49782e5edfdbe48e93d997a2646d84,1255264,autoland,ContentfulSpeedIndex,True,microsoft ContentfulSpeedIndex opt fission warm webrender,,77,ms,firefox,False,|f|i|s|s|i|o|n| |w|a|r|m| |w|e|b|r|e|n|d|e|r|,,3776889,13,9b3df14599f65e991e2c4a5eaba7ebe76c85b8c3,102210fe594ee9b33d82058545b1ed14f4c8206e,linux1804-64-shippable-qr,microsoft,True,,,,,,,,,,,,,,,,,,,,,,,,,,,,,,,,,,,,,,,,,,,,,,,,,,TN,,,,,,,,,,
,1709251346,2023-06-10 20:39:30,208.2,711b87deb431206775bf67c5b0d04ace33eb3660,1255276,autoland,ContentfulSpeedIndex,True,microsoft ContentfulSpeedIndex opt fission warm webrender,,77,ms,firefox,False,|f|i|s|s|i|o|n| |w|a|r|m| |w|e|b|r|e|n|d|e|r|,,3776889,13,9b3df14599f65e991e2c4a5eaba7ebe76c85b8c3,102210fe594ee9b33d82058545b1ed14f4c8206e,linux1804-64-shippable-qr,microsoft,True,,,,,,,,,,,,,,,,,,,,,,,,,,,,,,,,,,,,,,,,,,,,,,,,,,TN,,,,,,,,,,
,1709460484,2023-06-11 14:35:35,217.4,3904ff924b73ed2df5a530453ab025bb1c2fdf90,1255360,autoland,ContentfulSpeedIndex,True,microsoft ContentfulSpeedIndex opt fission warm webrender,,77,ms,firefox,False,|f|i|s|s|i|o|n| |w|a|r|m| |w|e|b|r|e|n|d|e|r|,,3776889,13,9b3df14599f65e991e2c4a5eaba7ebe76c85b8c3,102210fe594ee9b33d82058545b1ed14f4c8206e,linux1804-64-shippable-qr,microsoft,True,,,,,,,,,,,,,,,,,,,,,,,,,,,,,,,,,,,,,,,,,,,,,,,,,,TN,,,,,,,,,,
,1709519608,2023-06-11 19:10:58,205.5,af0665af954105365927736b6a65c4d28533bc4d,1255387,autoland,ContentfulSpeedIndex,True,microsoft ContentfulSpeedIndex opt fission warm webrender,,77,ms,firefox,False,|f|i|s|s|i|o|n| |w|a|r|m| |w|e|b|r|e|n|d|e|r|,,3776889,13,9b3df14599f65e991e2c4a5eaba7ebe76c85b8c3,102210fe594ee9b33d82058545b1ed14f4c8206e,linux1804-64-shippable-qr,microsoft,True,,,,,,,,,,,,,,,,,,,,,,,,,,,,,,,,,,,,,,,,,,,,,,,,,,TN,,,,,,,,,,
,1709592359,2023-06-12 00:14:44,209.0,c73c9ac3fe19822fcf08c5bd0bc112056008b4da,1255422,autoland,ContentfulSpeedIndex,True,microsoft ContentfulSpeedIndex opt fission warm webrender,,77,ms,firefox,False,|f|i|s|s|i|o|n| |w|a|r|m| |w|e|b|r|e|n|d|e|r|,,3776889,13,9b3df14599f65e991e2c4a5eaba7ebe76c85b8c3,102210fe594ee9b33d82058545b1ed14f4c8206e,linux1804-64-shippable-qr,microsoft,True,,,,,,,,,,,,,,,,,,,,,,,,,,,,,,,,,,,,,,,,,,,,,,,,,,TN,,,,,,,,,,
,1709647359,2023-06-12 04:46:29,215.0,25564434f810ceea8a17b730bd5498b0ca9856c4,1255461,autoland,ContentfulSpeedIndex,True,microsoft ContentfulSpeedIndex opt fission warm webrender,,77,ms,firefox,False,|f|i|s|s|i|o|n| |w|a|r|m| |w|e|b|r|e|n|d|e|r|,,3776889,13,9b3df14599f65e991e2c4a5eaba7ebe76c85b8c3,102210fe594ee9b33d82058545b1ed14f4c8206e,linux1804-64-shippable-qr,microsoft,True,,,,,,,,,,,,,,,,,,,,,,,,,,,,,,,,,,,,,,,,,,,,,,,,,,TN,,,,,,,,,,
,1709733809,2023-06-12 09:00:15,210.8,6c51face7335165a532e8f6b035a975ced1be55c,1255535,autoland,ContentfulSpeedIndex,True,microsoft ContentfulSpeedIndex opt fission warm webrender,,77,ms,firefox,False,|f|i|s|s|i|o|n| |w|a|r|m| |w|e|b|r|e|n|d|e|r|,,3776889,13,9b3df14599f65e991e2c4a5eaba7ebe76c85b8c3,102210fe594ee9b33d82058545b1ed14f4c8206e,linux1804-64-shippable-qr,microsoft,True,,,,,,,,,,,,,,,,,,,,,,,,,,,,,,,,,,,,,,,,,,,,,,,,,,TN,,,,,,,,,,
,1709760013,2023-06-12 09:27:15,213.9,1dc3aecfed3a924c48ee323c36ee1e783f836dd7,1255558,autoland,ContentfulSpeedIndex,True,microsoft ContentfulSpeedIndex opt fission warm webrender,,77,ms,firefox,False,|f|i|s|s|i|o|n| |w|a|r|m| |w|e|b|r|e|n|d|e|r|,,3776889,13,9b3df14599f65e991e2c4a5eaba7ebe76c85b8c3,102210fe594ee9b33d82058545b1ed14f4c8206e,linux1804-64-shippable-qr,microsoft,True,,,,,,,,,,,,,,,,,,,,,,,,,,,,,,,,,,,,,,,,,,,,,,,,,,TN,,,,,,,,,,
,1709947444,2023-06-12 14:14:19,218.1,ee618a493ff9c25c0ecb9dc6087a6179874541da,1255741,autoland,ContentfulSpeedIndex,True,microsoft ContentfulSpeedIndex opt fission warm webrender,,77,ms,firefox,False,|f|i|s|s|i|o|n| |w|a|r|m| |w|e|b|r|e|n|d|e|r|,,3776889,13,9b3df14599f65e991e2c4a5eaba7ebe76c85b8c3,102210fe594ee9b33d82058545b1ed14f4c8206e,linux1804-64-shippable-qr,microsoft,True,,,,,,,,,,,,,,,,,,,,,,,,,,,,,,,,,,,,,,,,,,,,,,,,,,TN,,,,,,,,,,
,1710055322,2023-06-12 17:28:50,212.4,53b4b785ae2a7f70257069e77b138fe36b53698a,1255840,autoland,ContentfulSpeedIndex,True,microsoft ContentfulSpeedIndex opt fission warm webrender,,77,ms,firefox,False,|f|i|s|s|i|o|n| |w|a|r|m| |w|e|b|r|e|n|d|e|r|,,3776889,13,9b3df14599f65e991e2c4a5eaba7ebe76c85b8c3,102210fe594ee9b33d82058545b1ed14f4c8206e,linux1804-64-shippable-qr,microsoft,True,,,,,,,,,,,,,,,,,,,,,,,,,,,,,,,,,,,,,,,,,,,,,,,,,,TN,,,,,,,,,,
,1710189035,2023-06-12 21:22:21,213.8,eff1078e2398a9021cd61a20eff8062a582128e2,1256012,autoland,ContentfulSpeedIndex,True,microsoft ContentfulSpeedIndex opt fission warm webrender,,77,ms,firefox,False,|f|i|s|s|i|o|n| |w|a|r|m| |w|e|b|r|e|n|d|e|r|,,3776889,13,9b3df14599f65e991e2c4a5eaba7ebe76c85b8c3,102210fe594ee9b33d82058545b1ed14f4c8206e,linux1804-64-shippable-qr,microsoft,True,,,,,,,,,,,,,,,,,,,,,,,,,,,,,,,,,,,,,,,,,,,,,,,,,,TN,,,,,,,,,,
,1710259136,2023-06-13 02:32:41,206.7,2bdaa9d6ac390362734ba199115ca10186243e87,1256169,autoland,ContentfulSpeedIndex,True,microsoft ContentfulSpeedIndex opt fission warm webrender,,77,ms,firefox,False,|f|i|s|s|i|o|n| |w|a|r|m| |w|e|b|r|e|n|d|e|r|,,3776889,13,9b3df14599f65e991e2c4a5eaba7ebe76c85b8c3,102210fe594ee9b33d82058545b1ed14f4c8206e,linux1804-64-shippable-qr,microsoft,True,,,,,,,,,,,,,,,,,,,,,,,,,,,,,,,,,,,,,,,,,,,,,,,,,,TN,,,,,,,,,,
,1710335628,2023-06-13 05:20:45,212.0,1a37acad51201ba77a18b0951d3a93bc8c9eebf7,1256212,autoland,ContentfulSpeedIndex,True,microsoft ContentfulSpeedIndex opt fission warm webrender,,77,ms,firefox,False,|f|i|s|s|i|o|n| |w|a|r|m| |w|e|b|r|e|n|d|e|r|,,3776889,13,9b3df14599f65e991e2c4a5eaba7ebe76c85b8c3,102210fe594ee9b33d82058545b1ed14f4c8206e,linux1804-64-shippable-qr,microsoft,True,,,,,,,,,,,,,,,,,,,,,,,,,,,,,,,,,,,,,,,,,,,,,,,,,,TN,,,,,,,,,,
,1710411577,2023-06-13 09:27:30,206.5,c7b5ae0c3e2d58a11af3dbe818dd67837d0ff44a,1256328,autoland,ContentfulSpeedIndex,True,microsoft ContentfulSpeedIndex opt fission warm webrender,,77,ms,firefox,False,|f|i|s|s|i|o|n| |w|a|r|m| |w|e|b|r|e|n|d|e|r|,,3776889,13,9b3df14599f65e991e2c4a5eaba7ebe76c85b8c3,102210fe594ee9b33d82058545b1ed14f4c8206e,linux1804-64-shippable-qr,microsoft,True,,,,,,,,,,,,,,,,,,,,,,,,,,,,,,,,,,,,,,,,,,,,,,,,,,TN,,,,,,,,,,
,1710448701,2023-06-13 10:02:00,208.4,2b9574ef0cc196618dae379b79b53958470216b3,1256346,autoland,ContentfulSpeedIndex,True,microsoft ContentfulSpeedIndex opt fission warm webrender,,77,ms,firefox,False,|f|i|s|s|i|o|n| |w|a|r|m| |w|e|b|r|e|n|d|e|r|,,3776889,13,9b3df14599f65e991e2c4a5eaba7ebe76c85b8c3,102210fe594ee9b33d82058545b1ed14f4c8206e,linux1804-64-shippable-qr,microsoft,True,,,,,,,,,,,,,,,,,,,,,,,,,,,,,,,,,,,,,,,,,,,,,,,,,,TN,,,,,,,,,,
,1710943438,2023-06-13 12:47:53,207.9,c664c5443475712b02f770a02883311bc7cc80c6,1256439,autoland,ContentfulSpeedIndex,True,microsoft ContentfulSpeedIndex opt fission warm webrender,,77,ms,firefox,False,|f|i|s|s|i|o|n| |w|a|r|m| |w|e|b|r|e|n|d|e|r|,,3776889,13,9b3df14599f65e991e2c4a5eaba7ebe76c85b8c3,102210fe594ee9b33d82058545b1ed14f4c8206e,linux1804-64-shippable-qr,microsoft,True,,,,,,,,,,,,,,,,,,,,,,,,,,,,,,,,,,,,,,,,,,,,,,,,,,TN,,,,,,,,,,
,1710968782,2023-06-13 12:48:46,215.8,e0c5d4002c779b972605e257db6a710408da603d,1256441,autoland,ContentfulSpeedIndex,True,microsoft ContentfulSpeedIndex opt fission warm webrender,,77,ms,firefox,False,|f|i|s|s|i|o|n| |w|a|r|m| |w|e|b|r|e|n|d|e|r|,,3776889,13,9b3df14599f65e991e2c4a5eaba7ebe76c85b8c3,102210fe594ee9b33d82058545b1ed14f4c8206e,linux1804-64-shippable-qr,microsoft,True,,,,,,,,,,,,,,,,,,,,,,,,,,,,,,,,,,,,,,,,,,,,,,,,,,TN,,,,,,,,,,
,1710531491,2023-06-13 13:01:33,207.8,8cd7aee6cae85ce9804794d4a45bc2f34aa04b66,1256450,autoland,ContentfulSpeedIndex,True,microsoft ContentfulSpeedIndex opt fission warm webrender,,77,ms,firefox,False,|f|i|s|s|i|o|n| |w|a|r|m| |w|e|b|r|e|n|d|e|r|,,3776889,13,9b3df14599f65e991e2c4a5eaba7ebe76c85b8c3,102210fe594ee9b33d82058545b1ed14f4c8206e,linux1804-64-shippable-qr,microsoft,True,,,,,,,,,,,,,,,,,,,,,,,,,,,,,,,,,,,,,,,,,,,,,,,,,,TN,,,,,,,,,,
,1710646931,2023-06-13 16:01:20,216.0,93520e8ffd9617b46d026ea530fde0169def3a80,1256570,autoland,ContentfulSpeedIndex,True,microsoft ContentfulSpeedIndex opt fission warm webrender,,77,ms,firefox,False,|f|i|s|s|i|o|n| |w|a|r|m| |w|e|b|r|e|n|d|e|r|,,3776889,13,9b3df14599f65e991e2c4a5eaba7ebe76c85b8c3,102210fe594ee9b33d82058545b1ed14f4c8206e,linux1804-64-shippable-qr,microsoft,True,,,,,,,,,,,,,,,,,,,,,,,,,,,,,,,,,,,,,,,,,,,,,,,,,,TN,,,,,,,,,,
,1710930814,2023-06-13 17:10:55,211.5,4bc380c5e43a824ca233967781ba2e23cd65ffb3,1256622,autoland,ContentfulSpeedIndex,True,microsoft ContentfulSpeedIndex opt fission warm webrender,,77,ms,firefox,False,|f|i|s|s|i|o|n| |w|a|r|m| |w|e|b|r|e|n|d|e|r|,,3776889,13,9b3df14599f65e991e2c4a5eaba7ebe76c85b8c3,102210fe594ee9b33d82058545b1ed14f4c8206e,linux1804-64-shippable-qr,microsoft,True,,,,,,,,,,,,,,,,,,,,,,,,,,,,,,,,,,,,,,,,,,,,,,,,,,TN,,,,,,,,,,
,1710901132,2023-06-13 17:25:10,203.8,1f345f63ab5a041a7f2c636003fc9201016e7051,1256628,autoland,ContentfulSpeedIndex,True,microsoft ContentfulSpeedIndex opt fission warm webrender,,77,ms,firefox,False,|f|i|s|s|i|o|n| |w|a|r|m| |w|e|b|r|e|n|d|e|r|,,3776889,13,9b3df14599f65e991e2c4a5eaba7ebe76c85b8c3,102210fe594ee9b33d82058545b1ed14f4c8206e,linux1804-64-shippable-qr,microsoft,True,,,,,,,,,,,,,,,,,,,,,,,,,,,,,,,,,,,,,,,,,,,,,,,,,,TN,,,,,,,,,,
,1710745180,2023-06-13 18:36:15,211.8,2d8fa86b279358b19ca794787248a9600c86ef5a,1256676,autoland,ContentfulSpeedIndex,True,microsoft ContentfulSpeedIndex opt fission warm webrender,,77,ms,firefox,False,|f|i|s|s|i|o|n| |w|a|r|m| |w|e|b|r|e|n|d|e|r|,,3776889,13,9b3df14599f65e991e2c4a5eaba7ebe76c85b8c3,102210fe594ee9b33d82058545b1ed14f4c8206e,linux1804-64-shippable-qr,microsoft,True,,,,,,,,,,,,,,,,,,,,,,,,,,,,,,,,,,,,,,,,,,,,,,,,,,TN,,,,,,,,,,
,1710838525,2023-06-13 22:49:33,209.2,0e2078b102ffd940ea83c3a5a8b1a176bdd3a8fb,1256827,autoland,ContentfulSpeedIndex,True,microsoft ContentfulSpeedIndex opt fission warm webrender,,77,ms,firefox,False,|f|i|s|s|i|o|n| |w|a|r|m| |w|e|b|r|e|n|d|e|r|,,3776889,13,9b3df14599f65e991e2c4a5eaba7ebe76c85b8c3,102210fe594ee9b33d82058545b1ed14f4c8206e,linux1804-64-shippable-qr,microsoft,True,,,,,,,,,,,,,,,,,,,,,,,,,,,,,,,,,,,,,,,,,,,,,,,,,,TN,,,,,,,,,,
,1710866681,2023-06-14 00:25:00,216.3,4c6c30b03e25cbd9d4dfc96f082e8cf241f51109,1256858,autoland,ContentfulSpeedIndex,True,microsoft ContentfulSpeedIndex opt fission warm webrender,,77,ms,firefox,False,|f|i|s|s|i|o|n| |w|a|r|m| |w|e|b|r|e|n|d|e|r|,,3776889,13,9b3df14599f65e991e2c4a5eaba7ebe76c85b8c3,102210fe594ee9b33d82058545b1ed14f4c8206e,linux1804-64-shippable-qr,microsoft,True,,,,,,,,,,,,,,,,,,,,,,,,,,,,,,,,,,,,,,,,,,,,,,,,,,TN,,,,,,,,,,
,1710953729,2023-06-14 05:14:15,200.9,b9e3497b939c3bdfee632c7297184b79cfeec9cc,1256948,autoland,ContentfulSpeedIndex,True,microsoft ContentfulSpeedIndex opt fission warm webrender,,77,ms,firefox,False,|f|i|s|s|i|o|n| |w|a|r|m| |w|e|b|r|e|n|d|e|r|,,3776889,13,9b3df14599f65e991e2c4a5eaba7ebe76c85b8c3,102210fe594ee9b33d82058545b1ed14f4c8206e,linux1804-64-shippable-qr,microsoft,True,,,,,,,,,,,,,,,,,,,,,,,,,,,,,,,,,,,,,,,,,,,,,,,,,,TN,,,,,,,,,,
,1711057685,2023-06-14 11:48:24,206.9,c6fa16c28b26a19d81b8853153057f32cec6f2fd,1257091,autoland,ContentfulSpeedIndex,True,microsoft ContentfulSpeedIndex opt fission warm webrender,,77,ms,firefox,False,|f|i|s|s|i|o|n| |w|a|r|m| |w|e|b|r|e|n|d|e|r|,,3776889,13,9b3df14599f65e991e2c4a5eaba7ebe76c85b8c3,102210fe594ee9b33d82058545b1ed14f4c8206e,linux1804-64-shippable-qr,microsoft,True,,,,,,,,,,,,,,,,,,,,,,,,,,,,,,,,,,,,,,,,,,,,,,,,,,TN,,,,,,,,,,
,1711137940,2023-06-14 13:20:02,210.8,928a5d849e038bf4277f06519f8f7ab3c94cc7ff,1257127,autoland,ContentfulSpeedIndex,True,microsoft ContentfulSpeedIndex opt fission warm webrender,,77,ms,firefox,False,|f|i|s|s|i|o|n| |w|a|r|m| |w|e|b|r|e|n|d|e|r|,,3776889,13,9b3df14599f65e991e2c4a5eaba7ebe76c85b8c3,102210fe594ee9b33d82058545b1ed14f4c8206e,linux1804-64-shippable-qr,microsoft,True,,,,,,,,,,,,,,,,,,,,,,,,,,,,,,,,,,,,,,,,,,,,,,,,,,TN,,,,,,,,,,
,1711709031,2023-06-14 13:53:45,209.1,029016670d4aed9df8e1718a7ab5d9d7ec471a98,1257145,autoland,ContentfulSpeedIndex,True,microsoft ContentfulSpeedIndex opt fission warm webrender,,77,ms,firefox,False,|f|i|s|s|i|o|n| |w|a|r|m| |w|e|b|r|e|n|d|e|r|,,3776889,13,9b3df14599f65e991e2c4a5eaba7ebe76c85b8c3,102210fe594ee9b33d82058545b1ed14f4c8206e,linux1804-64-shippable-qr,microsoft,True,,,,,,,,,,,,,,,,,,,,,,,,,,,,,,,,,,,,,,,,,,,,,,,,,,TN,,,,,,,,,,
,1711714778,2023-06-14 14:11:42,208.5,0accfdd3671420ce9a3da67370e1cb587c9a4161,1257150,autoland,ContentfulSpeedIndex,True,microsoft ContentfulSpeedIndex opt fission warm webrender,,77,ms,firefox,False,|f|i|s|s|i|o|n| |w|a|r|m| |w|e|b|r|e|n|d|e|r|,,3776889,13,9b3df14599f65e991e2c4a5eaba7ebe76c85b8c3,102210fe594ee9b33d82058545b1ed14f4c8206e,linux1804-64-shippable-qr,microsoft,True,,,,,,,,,,,,,,,,,,,,,,,,,,,,,,,,,,,,,,,,,,,,,,,,,,TN,,,,,,,,,,
,1711331674,2023-06-14 17:41:50,213.8,933dd3c3e1c8beb677df8e4d51b1e99b41599f65,1257281,autoland,ContentfulSpeedIndex,True,microsoft ContentfulSpeedIndex opt fission warm webrender,,77,ms,firefox,False,|f|i|s|s|i|o|n| |w|a|r|m| |w|e|b|r|e|n|d|e|r|,,3776889,13,9b3df14599f65e991e2c4a5eaba7ebe76c85b8c3,102210fe594ee9b33d82058545b1ed14f4c8206e,linux1804-64-shippable-qr,microsoft,True,,,,,,,,,,,,,,,,,,,,,,,,,,,,,,,,,,,,,,,,,,,,,,,,,,TN,,,,,,,,,,
,1711356791,2023-06-14 18:25:51,211.2,d730841eed9459e5541190a9525313fb1ff98e75,1257330,autoland,ContentfulSpeedIndex,True,microsoft ContentfulSpeedIndex opt fission warm webrender,,77,ms,firefox,False,|f|i|s|s|i|o|n| |w|a|r|m| |w|e|b|r|e|n|d|e|r|,,3776889,13,9b3df14599f65e991e2c4a5eaba7ebe76c85b8c3,102210fe594ee9b33d82058545b1ed14f4c8206e,linux1804-64-shippable-qr,microsoft,True,,,,,,,,,,,,,,,,,,,,,,,,,,,,,,,,,,,,,,,,,,,,,,,,,,TN,,,,,,,,,,
,1711664059,2023-06-14 18:37:02,206.1,9d6b12a756cbe33157704576e141c57a2d6e2bf5,1257344,autoland,ContentfulSpeedIndex,True,microsoft ContentfulSpeedIndex opt fission warm webrender,,77,ms,firefox,False,|f|i|s|s|i|o|n| |w|a|r|m| |w|e|b|r|e|n|d|e|r|,,3776889,13,9b3df14599f65e991e2c4a5eaba7ebe76c85b8c3,102210fe594ee9b33d82058545b1ed14f4c8206e,linux1804-64-shippable-qr,microsoft,True,,,,,,,,,,,,,,,,,,,,,,,,,,,,,,,,,,,,,,,,,,,,,,,,,,TN,,,,,,,,,,
,1711697789,2023-06-14 18:39:05,215.3,3e7bf8f8a9a8ecebd1c1bd851e35577660e48a97,1257346,autoland,ContentfulSpeedIndex,True,microsoft ContentfulSpeedIndex opt fission warm webrender,,77,ms,firefox,False,|f|i|s|s|i|o|n| |w|a|r|m| |w|e|b|r|e|n|d|e|r|,,3776889,13,9b3df14599f65e991e2c4a5eaba7ebe76c85b8c3,102210fe594ee9b33d82058545b1ed14f4c8206e,linux1804-64-shippable-qr,microsoft,True,,,,,,,,,,,,,,,,,,,,,,,,,,,,,,,,,,,,,,,,,,,,,,,,,,TN,,,,,,,,,,
,1711424660,2023-06-14 20:09:05,202.0,ff79aa6f7ba8605e7ea59acddd521284f75136e4,1257422,autoland,ContentfulSpeedIndex,True,microsoft ContentfulSpeedIndex opt fission warm webrender,,77,ms,firefox,False,|f|i|s|s|i|o|n| |w|a|r|m| |w|e|b|r|e|n|d|e|r|,,3776889,13,9b3df14599f65e991e2c4a5eaba7ebe76c85b8c3,102210fe594ee9b33d82058545b1ed14f4c8206e,linux1804-64-shippable-qr,microsoft,True,,,,,,,,,,,,,,,,,,,,,,,,,,,,,,,,,,,,,,,,,,,,,,,,,,TN,,,,,,,,,,
,1711531454,2023-06-14 21:46:45,214.0,4b1c6fc1fc0f3e664d546c4bf5c24f0c157bc2c5,1257512,autoland,ContentfulSpeedIndex,True,microsoft ContentfulSpeedIndex opt fission warm webrender,,77,ms,firefox,False,|f|i|s|s|i|o|n| |w|a|r|m| |w|e|b|r|e|n|d|e|r|,,3776889,13,9b3df14599f65e991e2c4a5eaba7ebe76c85b8c3,102210fe594ee9b33d82058545b1ed14f4c8206e,linux1804-64-shippable-qr,microsoft,True,,,,,,,,,,,,,,,,,,,,,,,,,,,,,,,,,,,,,,,,,,,,,,,,,,TN,,,,,,,,,,
,1711629720,2023-06-15 01:50:09,203.8,53e8e97bbe4e0c8fc4deff56e5b8d03391c0c023,1257663,autoland,ContentfulSpeedIndex,True,microsoft ContentfulSpeedIndex opt fission warm webrender,,77,ms,firefox,False,|f|i|s|s|i|o|n| |w|a|r|m| |w|e|b|r|e|n|d|e|r|,,3776889,13,9b3df14599f65e991e2c4a5eaba7ebe76c85b8c3,102210fe594ee9b33d82058545b1ed14f4c8206e,linux1804-64-shippable-qr,microsoft,True,,,,,,,,,,,,,,,,,,,,,,,,,,,,,,,,,,,,,,,,,,,,,,,,,,TN,,,,,,,,,,
,1711649260,2023-06-15 02:43:47,217.0,abf8f424d2d09f957d7ecd02af086a9b7adde3f8,1257688,autoland,ContentfulSpeedIndex,True,microsoft ContentfulSpeedIndex opt fission warm webrender,,77,ms,firefox,False,|f|i|s|s|i|o|n| |w|a|r|m| |w|e|b|r|e|n|d|e|r|,,3776889,13,9b3df14599f65e991e2c4a5eaba7ebe76c85b8c3,102210fe594ee9b33d82058545b1ed14f4c8206e,linux1804-64-shippable-qr,microsoft,True,,,,,,,,,,,,,,,,,,,,,,,,,,,,,,,,,,,,,,,,,,,,,,,,,,TN,,,,,,,,,,
,1711742480,2023-06-15 06:54:30,205.2,900ba46a6df5d5b6dde0d5de391246157de49c8a,1257783,autoland,ContentfulSpeedIndex,True,microsoft ContentfulSpeedIndex opt fission warm webrender,,77,ms,firefox,False,|f|i|s|s|i|o|n| |w|a|r|m| |w|e|b|r|e|n|d|e|r|,,3776889,13,9b3df14599f65e991e2c4a5eaba7ebe76c85b8c3,102210fe594ee9b33d82058545b1ed14f4c8206e,linux1804-64-shippable-qr,microsoft,True,,,,,,,,,,,,,,,,,,,,,,,,,,,,,,,,,,,,,,,,,,,,,,,,,,TN,,,,,,,,,,
,1712375831,2023-06-15 08:32:55,206.2,6b660d3dd7840217e973e778bcb419a11c7a22b4,1257839,autoland,ContentfulSpeedIndex,True,microsoft ContentfulSpeedIndex opt fission warm webrender,,77,ms,firefox,False,|f|i|s|s|i|o|n| |w|a|r|m| |w|e|b|r|e|n|d|e|r|,,3776889,13,9b3df14599f65e991e2c4a5eaba7ebe76c85b8c3,102210fe594ee9b33d82058545b1ed14f4c8206e,linux1804-64-shippable-qr,microsoft,True,,,,,,,,,,,,,,,,,,,,,,,,,,,,,,,,,,,,,,,,,,,,,,,,,,TN,,,,,,,,,,
,1712326311,2023-06-15 08:36:57,213.2,6c42ef642d0b0708e9a2fa2638b6670e90ef2b3b,1257841,autoland,ContentfulSpeedIndex,True,microsoft ContentfulSpeedIndex opt fission warm webrender,,77,ms,firefox,False,|f|i|s|s|i|o|n| |w|a|r|m| |w|e|b|r|e|n|d|e|r|,,3776889,13,9b3df14599f65e991e2c4a5eaba7ebe76c85b8c3,102210fe594ee9b33d82058545b1ed14f4c8206e,linux1804-64-shippable-qr,microsoft,True,,,,,,,,,,,,,,,,,,,,,,,,,,,,,,,,,,,,,,,,,,,,,,,,,,TN,,,,,,,,,,
,1711828142,2023-06-15 10:33:37,207.9,86864bda9b5f7077819eb76b661bcefb89fd19fa,1257909,autoland,ContentfulSpeedIndex,True,microsoft ContentfulSpeedIndex opt fission warm webrender,,77,ms,firefox,False,|f|i|s|s|i|o|n| |w|a|r|m| |w|e|b|r|e|n|d|e|r|,,3776889,13,9b3df14599f65e991e2c4a5eaba7ebe76c85b8c3,102210fe594ee9b33d82058545b1ed14f4c8206e,linux1804-64-shippable-qr,microsoft,True,,,,,,,,,,,,,,,,,,,,,,,,,,,,,,,,,,,,,,,,,,,,,,,,,,TN,,,,,,,,,,
,1711949711,2023-06-15 14:40:40,208.4,02d601db620c1b64867202e025ce19938938a04f,1258053,autoland,ContentfulSpeedIndex,True,microsoft ContentfulSpeedIndex opt fission warm webrender,,77,ms,firefox,False,|f|i|s|s|i|o|n| |w|a|r|m| |w|e|b|r|e|n|d|e|r|,,3776889,13,9b3df14599f65e991e2c4a5eaba7ebe76c85b8c3,102210fe594ee9b33d82058545b1ed14f4c8206e,linux1804-64-shippable-qr,microsoft,True,,,,,,,,,,,,,,,,,,,,,,,,,,,,,,,,,,,,,,,,,,,,,,,,,,TN,,,,,,,,,,
,1712015387,2023-06-15 14:52:05,208.5,c71789b596556b921a7d6ce12b4102f252631c4b,1258066,autoland,ContentfulSpeedIndex,True,microsoft ContentfulSpeedIndex opt fission warm webrender,,77,ms,firefox,False,|f|i|s|s|i|o|n| |w|a|r|m| |w|e|b|r|e|n|d|e|r|,,3776889,13,9b3df14599f65e991e2c4a5eaba7ebe76c85b8c3,102210fe594ee9b33d82058545b1ed14f4c8206e,linux1804-64-shippable-qr,microsoft,True,,,,,,,,,,,,,,,,,,,,,,,,,,,,,,,,,,,,,,,,,,,,,,,,,,TN,,,,,,,,,,
,1712361593,2023-06-15 15:04:41,209.9,fcc729658406fdb39ee043ecc43584d2f6a0389d,1258080,autoland,ContentfulSpeedIndex,True,microsoft ContentfulSpeedIndex opt fission warm webrender,,77,ms,firefox,False,|f|i|s|s|i|o|n| |w|a|r|m| |w|e|b|r|e|n|d|e|r|,,3776889,13,9b3df14599f65e991e2c4a5eaba7ebe76c85b8c3,102210fe594ee9b33d82058545b1ed14f4c8206e,linux1804-64-shippable-qr,microsoft,True,,,,,,,,,,,,,,,,,,,,,,,,,,,,,,,,,,,,,,,,,,,,,,,,,,TN,,,,,,,,,,
,1712358291,2023-06-15 15:12:55,207.5,c882e1bf805b7149ed08a3dc0ebf5c5d2e35f114,1258088,autoland,ContentfulSpeedIndex,True,microsoft ContentfulSpeedIndex opt fission warm webrender,,77,ms,firefox,False,|f|i|s|s|i|o|n| |w|a|r|m| |w|e|b|r|e|n|d|e|r|,,3776889,13,9b3df14599f65e991e2c4a5eaba7ebe76c85b8c3,102210fe594ee9b33d82058545b1ed14f4c8206e,linux1804-64-shippable-qr,microsoft,True,,,,,,,,,,,,,,,,,,,,,,,,,,,,,,,,,,,,,,,,,,,,,,,,,,TN,,,,,,,,,,
,1712084688,2023-06-15 17:49:05,203.5,91738dd5bb441001f7837d0cae71c0be46925602,1258216,autoland,ContentfulSpeedIndex,True,microsoft ContentfulSpeedIndex opt fission warm webrender,,77,ms,firefox,False,|f|i|s|s|i|o|n| |w|a|r|m| |w|e|b|r|e|n|d|e|r|,,3776889,13,9b3df14599f65e991e2c4a5eaba7ebe76c85b8c3,102210fe594ee9b33d82058545b1ed14f4c8206e,linux1804-64-shippable-qr,microsoft,True,,,,,,,,,,,,,,,,,,,,,,,,,,,,,,,,,,,,,,,,,,,,,,,,,,TN,,,,,,,,,,
,1712193223,2023-06-15 20:51:19,209.0,ba00fe639072b671be556332e4628092d64d31df,1258374,autoland,ContentfulSpeedIndex,True,microsoft ContentfulSpeedIndex opt fission warm webrender,,77,ms,firefox,False,|f|i|s|s|i|o|n| |w|a|r|m| |w|e|b|r|e|n|d|e|r|,,3776889,13,9b3df14599f65e991e2c4a5eaba7ebe76c85b8c3,102210fe594ee9b33d82058545b1ed14f4c8206e,linux1804-64-shippable-qr,microsoft,True,,,,,,,,,,,,,,,,,,,,,,,,,,,,,,,,,,,,,,,,,,,,,,,,,,TN,,,,,,,,,,
,1712301348,2023-06-16 01:17:42,204.6,6bc2d3f9b1aaecde92c9388f00f3d564d136d00a,1258594,autoland,ContentfulSpeedIndex,True,microsoft ContentfulSpeedIndex opt fission warm webrender,,77,ms,firefox,False,|f|i|s|s|i|o|n| |w|a|r|m| |w|e|b|r|e|n|d|e|r|,,3776889,13,9b3df14599f65e991e2c4a5eaba7ebe76c85b8c3,102210fe594ee9b33d82058545b1ed14f4c8206e,linux1804-64-shippable-qr,microsoft,True,,,,,,,,,,,,,,,,,,,,,,,,,,,,,,,,,,,,,,,,,,,,,,,,,,TN,,,,,,,,,,
,1712403563,2023-06-16 06:01:05,204.9,6a640a4dd3245b82ce97d863bf842b0cd4089ce5,1258674,autoland,ContentfulSpeedIndex,True,microsoft ContentfulSpeedIndex opt fission warm webrender,,77,ms,firefox,False,|f|i|s|s|i|o|n| |w|a|r|m| |w|e|b|r|e|n|d|e|r|,,3776889,13,9b3df14599f65e991e2c4a5eaba7ebe76c85b8c3,102210fe594ee9b33d82058545b1ed14f4c8206e,linux1804-64-shippable-qr,microsoft,True,,,,,,,,,,,,,,,,,,,,,,,,,,,,,,,,,,,,,,,,,,,,,,,,,,TN,,,,,,,,,,
,1712457100,2023-06-16 08:20:05,210.1,34ee66e105968b161583947185cad1fcebdc6641,1258718,autoland,ContentfulSpeedIndex,True,microsoft ContentfulSpeedIndex opt fission warm webrender,,77,ms,firefox,False,|f|i|s|s|i|o|n| |w|a|r|m| |w|e|b|r|e|n|d|e|r|,,3776889,13,9b3df14599f65e991e2c4a5eaba7ebe76c85b8c3,102210fe594ee9b33d82058545b1ed14f4c8206e,linux1804-64-shippable-qr,microsoft,True,,,,,,,,,,,,,,,,,,,,,,,,,,,,,,,,,,,,,,,,,,,,,,,,,,TN,,,,,,,,,,
,1712642789,2023-06-16 12:30:26,212.0,439d02859a2ebe8406cb74f8d6c7b148011d1658,1258826,autoland,ContentfulSpeedIndex,True,microsoft ContentfulSpeedIndex opt fission warm webrender,,77,ms,firefox,False,|f|i|s|s|i|o|n| |w|a|r|m| |w|e|b|r|e|n|d|e|r|,,3776889,13,9b3df14599f65e991e2c4a5eaba7ebe76c85b8c3,102210fe594ee9b33d82058545b1ed14f4c8206e,linux1804-64-shippable-qr,microsoft,True,,,,,,,,,,,,,,,,,,,,,,,,,,,,,,,,,,,,,,,,,,,,,,,,,,TN,,,,,,,,,,
,1712669148,2023-06-16 14:03:27,216.1,1d8c3788eb6fa2e81d627829a32004244d0271df,1258891,autoland,ContentfulSpeedIndex,True,microsoft ContentfulSpeedIndex opt fission warm webrender,,77,ms,firefox,False,|f|i|s|s|i|o|n| |w|a|r|m| |w|e|b|r|e|n|d|e|r|,,3776889,13,9b3df14599f65e991e2c4a5eaba7ebe76c85b8c3,102210fe594ee9b33d82058545b1ed14f4c8206e,linux1804-64-shippable-qr,microsoft,True,,,,,,,,,,,,,,,,,,,,,,,,,,,,,,,,,,,,,,,,,,,,,,,,,,TN,,,,,,,,,,
,1712830149,2023-06-16 16:55:49,208.0,e59de52b8ebea2db606a46a888a941400375fe0f,1259018,autoland,ContentfulSpeedIndex,True,microsoft ContentfulSpeedIndex opt fission warm webrender,,77,ms,firefox,False,|f|i|s|s|i|o|n| |w|a|r|m| |w|e|b|r|e|n|d|e|r|,,3776889,13,9b3df14599f65e991e2c4a5eaba7ebe76c85b8c3,102210fe594ee9b33d82058545b1ed14f4c8206e,linux1804-64-shippable-qr,microsoft,True,,,,,,,,,,,,,,,,,,,,,,,,,,,,,,,,,,,,,,,,,,,,,,,,,,TN,,,,,,,,,,
,1712937422,2023-06-16 19:50:08,221.6,789349491e2fe15a39f350fe470db7d696989434,1259157,autoland,ContentfulSpeedIndex,True,microsoft ContentfulSpeedIndex opt fission warm webrender,,77,ms,firefox,False,|f|i|s|s|i|o|n| |w|a|r|m| |w|e|b|r|e|n|d|e|r|,,3776889,13,9b3df14599f65e991e2c4a5eaba7ebe76c85b8c3,102210fe594ee9b33d82058545b1ed14f4c8206e,linux1804-64-shippable-qr,microsoft,True,,,,,,,,,,,,,,,,,,,,,,,,,,,,,,,,,,,,,,,,,,,,,,,,,,TN,,,,,,,,,,
,1713037935,2023-06-17 00:30:00,211.2,901b7ccc8be5e49a1b9736555af9653d46de349e,1259314,autoland,ContentfulSpeedIndex,True,microsoft ContentfulSpeedIndex opt fission warm webrender,,77,ms,firefox,False,|f|i|s|s|i|o|n| |w|a|r|m| |w|e|b|r|e|n|d|e|r|,,3776889,13,9b3df14599f65e991e2c4a5eaba7ebe76c85b8c3,102210fe594ee9b33d82058545b1ed14f4c8206e,linux1804-64-shippable-qr,microsoft,True,,,,,,,,,,,,,,,,,,,,,,,,,,,,,,,,,,,,,,,,,,,,,,,,,,TN,,,,,,,,,,
,1713212019,2023-06-17 15:38:59,206.6,e0262ee6a9a7a642c11266a1e9cfa4bc3fbd4b3b,1259384,autoland,ContentfulSpeedIndex,True,microsoft ContentfulSpeedIndex opt fission warm webrender,,77,ms,firefox,False,|f|i|s|s|i|o|n| |w|a|r|m| |w|e|b|r|e|n|d|e|r|,,3776889,13,9b3df14599f65e991e2c4a5eaba7ebe76c85b8c3,102210fe594ee9b33d82058545b1ed14f4c8206e,linux1804-64-shippable-qr,microsoft,True,,,,,,,,,,,,,,,,,,,,,,,,,,,,,,,,,,,,,,,,,,,,,,,,,,TN,,,,,,,,,,
,1713325900,2023-06-17 23:38:11,208.9,72d2cda2651d8fe01c8649f60e0620bc794a87fe,1259423,autoland,ContentfulSpeedIndex,True,microsoft ContentfulSpeedIndex opt fission warm webrender,,77,ms,firefox,False,|f|i|s|s|i|o|n| |w|a|r|m| |w|e|b|r|e|n|d|e|r|,,3776889,13,9b3df14599f65e991e2c4a5eaba7ebe76c85b8c3,102210fe594ee9b33d82058545b1ed14f4c8206e,linux1804-64-shippable-qr,microsoft,True,,,,,,,,,,,,,,,,,,,,,,,,,,,,,,,,,,,,,,,,,,,,,,,,,,TN,,,,,,,,,,
,1713466572,2023-06-18 11:39:33,205.2,1634cff61cb0e270b9660ebdc234cfcf3fed2c68,1259465,autoland,ContentfulSpeedIndex,True,microsoft ContentfulSpeedIndex opt fission warm webrender,,77,ms,firefox,False,|f|i|s|s|i|o|n| |w|a|r|m| |w|e|b|r|e|n|d|e|r|,,3776889,13,9b3df14599f65e991e2c4a5eaba7ebe76c85b8c3,102210fe594ee9b33d82058545b1ed14f4c8206e,linux1804-64-shippable-qr,microsoft,True,,,,,,,,,,,,,,,,,,,,,,,,,,,,,,,,,,,,,,,,,,,,,,,,,,TN,,,,,,,,,,
,1713693538,2023-06-19 00:32:35,210.2,1c059369d43547f90439b0a44cc76b54a0a3af97,1259516,autoland,ContentfulSpeedIndex,True,microsoft ContentfulSpeedIndex opt fission warm webrender,,77,ms,firefox,False,|f|i|s|s|i|o|n| |w|a|r|m| |w|e|b|r|e|n|d|e|r|,,3776889,13,9b3df14599f65e991e2c4a5eaba7ebe76c85b8c3,102210fe594ee9b33d82058545b1ed14f4c8206e,linux1804-64-shippable-qr,microsoft,True,,,,,,,,,,,,,,,,,,,,,,,,,,,,,,,,,,,,,,,,,,,,,,,,,,TN,,,,,,,,,,
,1713765598,2023-06-19 05:49:35,213.2,a9e342522ebdb9602671208a06e988a285d3af18,1259544,autoland,ContentfulSpeedIndex,True,microsoft ContentfulSpeedIndex opt fission warm webrender,,77,ms,firefox,False,|f|i|s|s|i|o|n| |w|a|r|m| |w|e|b|r|e|n|d|e|r|,,3776889,13,9b3df14599f65e991e2c4a5eaba7ebe76c85b8c3,102210fe594ee9b33d82058545b1ed14f4c8206e,linux1804-64-shippable-qr,microsoft,True,,,,,,,,,,,,,,,,,,,,,,,,,,,,,,,,,,,,,,,,,,,,,,,,,,TN,,,,,,,,,,
,1713829834,2023-06-19 09:32:15,209.6,0274a8c06c67e5ee1dccdb4e151ccf0ec70af43f,1259616,autoland,ContentfulSpeedIndex,True,microsoft ContentfulSpeedIndex opt fission warm webrender,,77,ms,firefox,False,|f|i|s|s|i|o|n| |w|a|r|m| |w|e|b|r|e|n|d|e|r|,,3776889,13,9b3df14599f65e991e2c4a5eaba7ebe76c85b8c3,102210fe594ee9b33d82058545b1ed14f4c8206e,linux1804-64-shippable-qr,microsoft,True,,,,,,,,,,,,,,,,,,,,,,,,,,,,,,,,,,,,,,,,,,,,,,,,,,TN,,,,,,,,,,
,1714477963,2023-06-19 10:54:06,216.1,48e95e86f4c75db91d98b1e674c6fd254324b7a8,1259657,autoland,ContentfulSpeedIndex,True,microsoft ContentfulSpeedIndex opt fission warm webrender,,77,ms,firefox,False,|f|i|s|s|i|o|n| |w|a|r|m| |w|e|b|r|e|n|d|e|r|,,3776889,13,9b3df14599f65e991e2c4a5eaba7ebe76c85b8c3,102210fe594ee9b33d82058545b1ed14f4c8206e,linux1804-64-shippable-qr,microsoft,True,,,,,,,,,,,,,,,,,,,,,,,,,,,,,,,,,,,,,,,,,,,,,,,,,,TN,,,,,,,,,,
,1714493429,2023-06-19 10:57:13,216.4,dcc8fc79cd80d8e3ace9dc6687916b9f166455be,1259660,autoland,ContentfulSpeedIndex,True,microsoft ContentfulSpeedIndex opt fission warm webrender,,77,ms,firefox,False,|f|i|s|s|i|o|n| |w|a|r|m| |w|e|b|r|e|n|d|e|r|,,3776889,13,9b3df14599f65e991e2c4a5eaba7ebe76c85b8c3,102210fe594ee9b33d82058545b1ed14f4c8206e,linux1804-64-shippable-qr,microsoft,True,,,,,,,,,,,,,,,,,,,,,,,,,,,,,,,,,,,,,,,,,,,,,,,,,,TN,,,,,,,,,,
,1714419575,2023-06-19 10:58:05,205.5,bb1b615dd2ccf1843e88f66950b80af491bad37f,1259661,autoland,ContentfulSpeedIndex,True,microsoft ContentfulSpeedIndex opt fission warm webrender,,77,ms,firefox,False,|f|i|s|s|i|o|n| |w|a|r|m| |w|e|b|r|e|n|d|e|r|,,3776889,13,9b3df14599f65e991e2c4a5eaba7ebe76c85b8c3,102210fe594ee9b33d82058545b1ed14f4c8206e,linux1804-64-shippable-qr,microsoft,True,,,,,,,,,,,,,,,,,,,,,,,,,,,,,,,,,,,,,,,,,,,,,,,,,,TN,,,,,,,,,,
,1714430622,2023-06-19 11:22:46,209.6,f8a8efb71935a31e7e12603b4edf86b90ef2cf4f,1259677,autoland,ContentfulSpeedIndex,True,microsoft ContentfulSpeedIndex opt fission warm webrender,,77,ms,firefox,False,|f|i|s|s|i|o|n| |w|a|r|m| |w|e|b|r|e|n|d|e|r|,,3776889,13,9b3df14599f65e991e2c4a5eaba7ebe76c85b8c3,102210fe594ee9b33d82058545b1ed14f4c8206e,linux1804-64-shippable-qr,microsoft,True,,,,,,,,,,,,,,,,,,,,,,,,,,,,,,,,,,,,,,,,,,,,,,,,,,TN,,,,,,,,,,
,1714425600,2023-06-19 12:30:04,208.3,569ee35398db24e428d99ff22a6b9995a345395c,1259715,autoland,ContentfulSpeedIndex,True,microsoft ContentfulSpeedIndex opt fission warm webrender,,77,ms,firefox,False,|f|i|s|s|i|o|n| |w|a|r|m| |w|e|b|r|e|n|d|e|r|,,3776889,13,9b3df14599f65e991e2c4a5eaba7ebe76c85b8c3,102210fe594ee9b33d82058545b1ed14f4c8206e,linux1804-64-shippable-qr,microsoft,True,,,,,,,,,,,,,,,,,,,,,,,,,,,,,,,,,,,,,,,,,,,,,,,,,,TN,,,,,,,,,,
,1714468661,2023-06-19 12:30:52,206.5,5f1f0f5559e239e38d683a443db7f8649327d102,1259716,autoland,ContentfulSpeedIndex,True,microsoft ContentfulSpeedIndex opt fission warm webrender,,77,ms,firefox,False,|f|i|s|s|i|o|n| |w|a|r|m| |w|e|b|r|e|n|d|e|r|,,3776889,13,9b3df14599f65e991e2c4a5eaba7ebe76c85b8c3,102210fe594ee9b33d82058545b1ed14f4c8206e,linux1804-64-shippable-qr,microsoft,True,,,,,,,,,,,,,,,,,,,,,,,,,,,,,,,,,,,,,,,,,,,,,,,,,,TN,,,,,,,,,,
,1713972591,2023-06-19 13:01:53,208.4,89c8bf4e9209c0c4b1eb87efab68e96d6dbf8145,1259739,autoland,ContentfulSpeedIndex,True,microsoft ContentfulSpeedIndex opt fission warm webrender,,77,ms,firefox,False,|f|i|s|s|i|o|n| |w|a|r|m| |w|e|b|r|e|n|d|e|r|,,3776889,13,9b3df14599f65e991e2c4a5eaba7ebe76c85b8c3,102210fe594ee9b33d82058545b1ed14f4c8206e,linux1804-64-shippable-qr,microsoft,True,,,,,,,,,,,,,,,,,,,,,,,,,,,,,,,,,,,,,,,,,,,,,,,,,,TN,,,,,,,,,,
,1714452036,2023-06-19 13:09:57,206.1,7d4649658fedcc49e21d5f950f279ff9e9e9e03f,1259747,autoland,ContentfulSpeedIndex,True,microsoft ContentfulSpeedIndex opt fission warm webrender,,77,ms,firefox,False,|f|i|s|s|i|o|n| |w|a|r|m| |w|e|b|r|e|n|d|e|r|,,3776889,13,9b3df14599f65e991e2c4a5eaba7ebe76c85b8c3,102210fe594ee9b33d82058545b1ed14f4c8206e,linux1804-64-shippable-qr,microsoft,True,,,,,,,,,,,,,,,,,,,,,,,,,,,,,,,,,,,,,,,,,,,,,,,,,,TN,,,,,,,,,,
,1714501084,2023-06-19 13:22:58,213.3,ea38c77ffb12688592d8addb11d0b54e467e7547,1259760,autoland,ContentfulSpeedIndex,True,microsoft ContentfulSpeedIndex opt fission warm webrender,,77,ms,firefox,False,|f|i|s|s|i|o|n| |w|a|r|m| |w|e|b|r|e|n|d|e|r|,,3776889,13,9b3df14599f65e991e2c4a5eaba7ebe76c85b8c3,102210fe594ee9b33d82058545b1ed14f4c8206e,linux1804-64-shippable-qr,microsoft,True,,,,,,,,,,,,,,,,,,,,,,,,,,,,,,,,,,,,,,,,,,,,,,,,,,TN,,,,,,,,,,
,1714062315,2023-06-19 16:21:16,207.7,9ecde3181716f5d8ad265d976575224cc04b2887,1259851,autoland,ContentfulSpeedIndex,True,microsoft ContentfulSpeedIndex opt fission warm webrender,,77,ms,firefox,False,|f|i|s|s|i|o|n| |w|a|r|m| |w|e|b|r|e|n|d|e|r|,,3776889,13,9b3df14599f65e991e2c4a5eaba7ebe76c85b8c3,102210fe594ee9b33d82058545b1ed14f4c8206e,linux1804-64-shippable-qr,microsoft,True,,,,,,,,,,,,,,,,,,,,,,,,,,,,,,,,,,,,,,,,,,,,,,,,,,TN,,,,,,,,,,
,1714400223,2023-06-19 16:50:43,211.9,521a8641a60a464e937d010be64f785f88808019,1259866,autoland,ContentfulSpeedIndex,True,microsoft ContentfulSpeedIndex opt fission warm webrender,,77,ms,firefox,False,|f|i|s|s|i|o|n| |w|a|r|m| |w|e|b|r|e|n|d|e|r|,,3776889,13,9b3df14599f65e991e2c4a5eaba7ebe76c85b8c3,102210fe594ee9b33d82058545b1ed14f4c8206e,linux1804-64-shippable-qr,microsoft,True,,,,,,,,,,,,,,,,,,,,,,,,,,,,,,,,,,,,,,,,,,,,,,,,,,TN,,,,,,,,,,
,1714359221,2023-06-19 16:52:27,211.2,58b351a155c80d33d20f09d5854fd88f2b967464,1259868,autoland,ContentfulSpeedIndex,True,microsoft ContentfulSpeedIndex opt fission warm webrender,,77,ms,firefox,False,|f|i|s|s|i|o|n| |w|a|r|m| |w|e|b|r|e|n|d|e|r|,,3776889,13,9b3df14599f65e991e2c4a5eaba7ebe76c85b8c3,102210fe594ee9b33d82058545b1ed14f4c8206e,linux1804-64-shippable-qr,microsoft,True,,,,,,,,,,,,,,,,,,,,,,,,,,,,,,,,,,,,,,,,,,,,,,,,,,TN,,,,,,,,,,
,1714357593,2023-06-19 17:24:35,209.2,365aa505cf55da4d91335bc3d2d02e1be46eb4c4,1259880,autoland,ContentfulSpeedIndex,True,microsoft ContentfulSpeedIndex opt fission warm webrender,,77,ms,firefox,False,|f|i|s|s|i|o|n| |w|a|r|m| |w|e|b|r|e|n|d|e|r|,,3776889,13,9b3df14599f65e991e2c4a5eaba7ebe76c85b8c3,102210fe594ee9b33d82058545b1ed14f4c8206e,linux1804-64-shippable-qr,microsoft,True,,,,,,,,,,,,,,,,,,,,,,,,,,,,,,,,,,,,,,,,,,,,,,,,,,TN,,,,,,,,,,
,1714448031,2023-06-19 17:28:51,183.7,f7f17f9392c5b051c786828c0a61160f0f066291,1259884,autoland,ContentfulSpeedIndex,True,microsoft ContentfulSpeedIndex opt fission warm webrender,,77,ms,firefox,False,|f|i|s|s|i|o|n| |w|a|r|m| |w|e|b|r|e|n|d|e|r|,,3776889,13,9b3df14599f65e991e2c4a5eaba7ebe76c85b8c3,102210fe594ee9b33d82058545b1ed14f4c8206e,linux1804-64-shippable-qr,microsoft,True,,,,,,,,,,,,,,,,,,,,,,,,,,,,,,,,,,,,,,,,,,,,,,,,,,TN,,,,,,,,,,
,1714331080,2023-06-19 17:29:47,212.3,08f12e7fa5f04d9acf47a841046c192b3b6b9b71,1259885,autoland,ContentfulSpeedIndex,True,microsoft ContentfulSpeedIndex opt fission warm webrender,,77,ms,firefox,False,|f|i|s|s|i|o|n| |w|a|r|m| |w|e|b|r|e|n|d|e|r|,,3776889,13,9b3df14599f65e991e2c4a5eaba7ebe76c85b8c3,102210fe594ee9b33d82058545b1ed14f4c8206e,linux1804-64-shippable-qr,microsoft,True,,,,,,,,,,,,,,,,,,,,,,,,,,,,,,,,,,,,,,,,,,,,,,,,,,TN,,,,,,,,,,
,1714482900,2023-06-19 17:46:12,211.3,b040fff76ed7ecee270c125c9c3229c5e9ee1ff0,1259890,autoland,ContentfulSpeedIndex,True,microsoft ContentfulSpeedIndex opt fission warm webrender,,77,ms,firefox,False,|f|i|s|s|i|o|n| |w|a|r|m| |w|e|b|r|e|n|d|e|r|,,3776889,13,9b3df14599f65e991e2c4a5eaba7ebe76c85b8c3,102210fe594ee9b33d82058545b1ed14f4c8206e,linux1804-64-shippable-qr,microsoft,True,,,,,,,,,,,,,,,,,,,,,,,,,,,,,,,,,,,,,,,,,,,,,,,,,,TN,,,,,,,,,,
,1714383513,2023-06-19 18:37:51,203.8,5f266371028f0ed5fe633f259a012880a2a6df89,1259913,autoland,ContentfulSpeedIndex,True,microsoft ContentfulSpeedIndex opt fission warm webrender,,77,ms,firefox,False,|f|i|s|s|i|o|n| |w|a|r|m| |w|e|b|r|e|n|d|e|r|,,3776889,13,9b3df14599f65e991e2c4a5eaba7ebe76c85b8c3,102210fe594ee9b33d82058545b1ed14f4c8206e,linux1804-64-shippable-qr,microsoft,True,,,,,,,,,,,,,,,,,,,,,,,,,,,,,,,,,,,,,,,,,,,,,,,,,,TN,,,,,,,,,,
,1714301077,2023-06-19 18:48:22,212.0,03a00f2c2bc451f4edbf350398a03d2342d68101,1259919,autoland,ContentfulSpeedIndex,True,microsoft ContentfulSpeedIndex opt fission warm webrender,,77,ms,firefox,False,|f|i|s|s|i|o|n| |w|a|r|m| |w|e|b|r|e|n|d|e|r|,,3776889,13,9b3df14599f65e991e2c4a5eaba7ebe76c85b8c3,102210fe594ee9b33d82058545b1ed14f4c8206e,linux1804-64-shippable-qr,microsoft,True,,,,,,,,,,,,,,,,,,,,,,,,,,,,,,,,,,,,,,,,,,,,,,,,,,TN,,,,,,,,,,
,1714114328,2023-06-19 19:03:14,213.8,e06365982ef6b00590cb160ebe9f4978558d1052,1259928,autoland,ContentfulSpeedIndex,True,microsoft ContentfulSpeedIndex opt fission warm webrender,,77,ms,firefox,False,|f|i|s|s|i|o|n| |w|a|r|m| |w|e|b|r|e|n|d|e|r|,,3776889,13,9b3df14599f65e991e2c4a5eaba7ebe76c85b8c3,102210fe594ee9b33d82058545b1ed14f4c8206e,linux1804-64-shippable-qr,microsoft,True,,,,,,,,,,,,,,,,,,,,,,,,,,,,,,,,,,,,,,,,,,,,,,,,,,TN,,,,,,,,,,
,1714206638,2023-06-19 23:03:46,212.4,edef1940a6bd4d95b235e43b1cada493f561f78a,1260042,autoland,ContentfulSpeedIndex,True,microsoft ContentfulSpeedIndex opt fission warm webrender,,77,ms,firefox,False,|f|i|s|s|i|o|n| |w|a|r|m| |w|e|b|r|e|n|d|e|r|,,3776889,13,9b3df14599f65e991e2c4a5eaba7ebe76c85b8c3,102210fe594ee9b33d82058545b1ed14f4c8206e,linux1804-64-shippable-qr,microsoft,True,,,,,,,,,,,,,,,,,,,,,,,,,,,,,,,,,,,,,,,,,,,,,,,,,,TN,,,,,,,,,,
,1714370990,2023-06-20 04:00:20,204.9,a4b679a79f2fa00877013dfcc1a886078d728328,1260102,autoland,ContentfulSpeedIndex,True,microsoft ContentfulSpeedIndex opt fission warm webrender,,77,ms,firefox,False,|f|i|s|s|i|o|n| |w|a|r|m| |w|e|b|r|e|n|d|e|r|,,3776889,13,9b3df14599f65e991e2c4a5eaba7ebe76c85b8c3,102210fe594ee9b33d82058545b1ed14f4c8206e,linux1804-64-shippable-qr,microsoft,True,,,,,,,,,,,,,,,,,,,,,,,,,,,,,,,,,,,,,,,,,,,,,,,,,,TN,,,,,,,,,,
,1714542223,2023-06-20 05:17:25,206.3,ce5a84713c8b968709940f18f143d251da4fcb83,1260124,autoland,ContentfulSpeedIndex,True,microsoft ContentfulSpeedIndex opt fission warm webrender,,77,ms,firefox,False,|f|i|s|s|i|o|n| |w|a|r|m| |w|e|b|r|e|n|d|e|r|,,3776889,13,9b3df14599f65e991e2c4a5eaba7ebe76c85b8c3,102210fe594ee9b33d82058545b1ed14f4c8206e,linux1804-64-shippable-qr,microsoft,True,,,,,,,,,,,,,,,,,,,,,,,,,,,,,,,,,,,,,,,,,,,,,,,,,,TN,,,,,,,,,,
,1714558162,2023-06-20 09:18:46,209.7,caf02cdd31992e89c9bd81c5ec4d391070651f3a,1260213,autoland,ContentfulSpeedIndex,True,microsoft ContentfulSpeedIndex opt fission warm webrender,,77,ms,firefox,False,|f|i|s|s|i|o|n| |w|a|r|m| |w|e|b|r|e|n|d|e|r|,,3776889,13,9b3df14599f65e991e2c4a5eaba7ebe76c85b8c3,102210fe594ee9b33d82058545b1ed14f4c8206e,linux1804-64-shippable-qr,microsoft,True,,,,,,,,,,,,,,,,,,,,,,,,,,,,,,,,,,,,,,,,,,,,,,,,,,TN,,,,,,,,,,
,1714710319,2023-06-20 12:29:52,213.8,5ade2b37847325019878bde832493c342759d7eb,1260284,autoland,ContentfulSpeedIndex,True,microsoft ContentfulSpeedIndex opt fission warm webrender,,77,ms,firefox,False,|f|i|s|s|i|o|n| |w|a|r|m| |w|e|b|r|e|n|d|e|r|,,3776889,13,9b3df14599f65e991e2c4a5eaba7ebe76c85b8c3,102210fe594ee9b33d82058545b1ed14f4c8206e,linux1804-64-shippable-qr,microsoft,True,,,,,,,,,,,,,,,,,,,,,,,,,,,,,,,,,,,,,,,,,,,,,,,,,,TN,,,,,,,,,,
,1715376069,2023-06-20 13:16:23,208.0,2a357dfcda5c76e2730168adf7715a8b0fe64909,1260318,autoland,ContentfulSpeedIndex,True,microsoft ContentfulSpeedIndex opt fission warm webrender,,77,ms,firefox,False,|f|i|s|s|i|o|n| |w|a|r|m| |w|e|b|r|e|n|d|e|r|,,3776889,13,9b3df14599f65e991e2c4a5eaba7ebe76c85b8c3,102210fe594ee9b33d82058545b1ed14f4c8206e,linux1804-64-shippable-qr,microsoft,True,,,,,,,,,,,,,,,,,,,,,,,,,,,,,,,,,,,,,,,,,,,,,,,,,,TN,,,,,,,,,,
,1715345562,2023-06-20 13:20:46,209.5,45dc6efe7f01341ff7dbed8e768ddd2f1c6c20c5,1260323,autoland,ContentfulSpeedIndex,True,microsoft ContentfulSpeedIndex opt fission warm webrender,,77,ms,firefox,False,|f|i|s|s|i|o|n| |w|a|r|m| |w|e|b|r|e|n|d|e|r|,,3776889,13,9b3df14599f65e991e2c4a5eaba7ebe76c85b8c3,102210fe594ee9b33d82058545b1ed14f4c8206e,linux1804-64-shippable-qr,microsoft,True,,,,,,,,,,,,,,,,,,,,,,,,,,,,,,,,,,,,,,,,,,,,,,,,,,TN,,,,,,,,,,
,1715364596,2023-06-20 13:42:49,228.7,24de8014b48f55b1c907f6c3e01fd4d2a9dde27e,1260341,autoland,ContentfulSpeedIndex,True,microsoft ContentfulSpeedIndex opt fission warm webrender,,77,ms,firefox,False,|f|i|s|s|i|o|n| |w|a|r|m| |w|e|b|r|e|n|d|e|r|,,3776889,13,9b3df14599f65e991e2c4a5eaba7ebe76c85b8c3,102210fe594ee9b33d82058545b1ed14f4c8206e,linux1804-64-shippable-qr,microsoft,True,,,,,,,,,,,,,,,,,,,,,,,,,,,,,,,,,,,,,,,,,,,,,,,,,,TN,,,,,,,,,,
,1714873655,2023-06-20 16:34:00,203.8,1877c1e6db6f8a23c52ab9238c7f62d0b696f0ce,1260512,autoland,ContentfulSpeedIndex,True,microsoft ContentfulSpeedIndex opt fission warm webrender,,77,ms,firefox,False,|f|i|s|s|i|o|n| |w|a|r|m| |w|e|b|r|e|n|d|e|r|,,3776889,13,9b3df14599f65e991e2c4a5eaba7ebe76c85b8c3,102210fe594ee9b33d82058545b1ed14f4c8206e,linux1804-64-shippable-qr,microsoft,True,,,,,,,,,,,,,,,,,,,,,,,,,,,,,,,,,,,,,,,,,,,,,,,,,,TN,,,,,,,,,,
,1714976655,2023-06-20 16:35:53,204.8,2ad5c2418b372960126440af5aa568104de3bfb8,1260515,autoland,ContentfulSpeedIndex,True,microsoft ContentfulSpeedIndex opt fission warm webrender,,77,ms,firefox,False,|f|i|s|s|i|o|n| |w|a|r|m| |w|e|b|r|e|n|d|e|r|,,3776889,13,9b3df14599f65e991e2c4a5eaba7ebe76c85b8c3,102210fe594ee9b33d82058545b1ed14f4c8206e,linux1804-64-shippable-qr,microsoft,True,,,,,,,,,,,,,,,,,,,,,,,,,,,,,,,,,,,,,,,,,,,,,,,,,,TN,,,,,,,,,,
,1715248706,2023-06-21 00:51:29,203.8,143aa1574b8d50e4d2ddd1a2826b25a8418f13c1,1260862,autoland,ContentfulSpeedIndex,True,microsoft ContentfulSpeedIndex opt fission warm webrender,,77,ms,firefox,False,|f|i|s|s|i|o|n| |w|a|r|m| |w|e|b|r|e|n|d|e|r|,,3776889,13,9b3df14599f65e991e2c4a5eaba7ebe76c85b8c3,102210fe594ee9b33d82058545b1ed14f4c8206e,linux1804-64-shippable-qr,microsoft,True,,,,,,,,,,,,,,,,,,,,,,,,,,,,,,,,,,,,,,,,,,,,,,,,,,TN,,,,,,,,,,
,1715301668,2023-06-21 02:28:11,212.4,7bdf45ed2f6b565e69fdbc44285af78de3271a4e,1260905,autoland,ContentfulSpeedIndex,True,microsoft ContentfulSpeedIndex opt fission warm webrender,,77,ms,firefox,False,|f|i|s|s|i|o|n| |w|a|r|m| |w|e|b|r|e|n|d|e|r|,,3776889,13,9b3df14599f65e991e2c4a5eaba7ebe76c85b8c3,102210fe594ee9b33d82058545b1ed14f4c8206e,linux1804-64-shippable-qr,microsoft,True,,,,,,,,,,,,,,,,,,,,,,,,,,,,,,,,,,,,,,,,,,,,,,,,,,TN,,,,,,,,,,
,1715412190,2023-06-21 06:55:17,187.3,8a382f0bd3211346516d54c647d157320335a806,1260969,autoland,ContentfulSpeedIndex,True,microsoft ContentfulSpeedIndex opt fission warm webrender,,77,ms,firefox,False,|f|i|s|s|i|o|n| |w|a|r|m| |w|e|b|r|e|n|d|e|r|,,3776889,13,9b3df14599f65e991e2c4a5eaba7ebe76c85b8c3,102210fe594ee9b33d82058545b1ed14f4c8206e,linux1804-64-shippable-qr,microsoft,True,,,,,,,,,,,,,,,,,,,,,,,,,,,,,,,,,,,,,,,,,,,,,,,,,,TN,,,,,,,,,,
,1715434664,2023-06-21 07:34:24,211.7,4c90403735bebf09d72af91e99745cfcbbae2a35,1260998,autoland,ContentfulSpeedIndex,True,microsoft ContentfulSpeedIndex opt fission warm webrender,,77,ms,firefox,False,|f|i|s|s|i|o|n| |w|a|r|m| |w|e|b|r|e|n|d|e|r|,,3776889,13,9b3df14599f65e991e2c4a5eaba7ebe76c85b8c3,102210fe594ee9b33d82058545b1ed14f4c8206e,linux1804-64-shippable-qr,microsoft,True,,,,,,,,,,,,,,,,,,,,,,,,,,,,,,,,,,,,,,,,,,,,,,,,,,TN,,,,,,,,,,
,1715621359,2023-06-21 12:20:35,211.5,14edc9bcbe5615f748cdb086881c6b983aedf04d,1261182,autoland,ContentfulSpeedIndex,True,microsoft ContentfulSpeedIndex opt fission warm webrender,,77,ms,firefox,False,|f|i|s|s|i|o|n| |w|a|r|m| |w|e|b|r|e|n|d|e|r|,,3776889,13,9b3df14599f65e991e2c4a5eaba7ebe76c85b8c3,102210fe594ee9b33d82058545b1ed14f4c8206e,linux1804-64-shippable-qr,microsoft,True,,,,,,,,,,,,,,,,,,,,,,,,,,,,,,,,,,,,,,,,,,,,,,,,,,TN,,,,,,,,,,
,1715637782,2023-06-21 12:59:17,206.8,b94f3d418f54f964368486a65cd5d15e828867db,1261207,autoland,ContentfulSpeedIndex,True,microsoft ContentfulSpeedIndex opt fission warm webrender,,77,ms,firefox,False,|f|i|s|s|i|o|n| |w|a|r|m| |w|e|b|r|e|n|d|e|r|,,3776889,13,9b3df14599f65e991e2c4a5eaba7ebe76c85b8c3,102210fe594ee9b33d82058545b1ed14f4c8206e,linux1804-64-shippable-qr,microsoft,True,,,,,,,,,,,,,,,,,,,,,,,,,,,,,,,,,,,,,,,,,,,,,,,,,,TN,,,,,,,,,,
,1715746480,2023-06-21 16:33:07,209.3,702dc0aa87a8c3e4929277c1dc8220a7dd72418f,1261278,autoland,ContentfulSpeedIndex,True,microsoft ContentfulSpeedIndex opt fission warm webrender,,77,ms,firefox,False,|f|i|s|s|i|o|n| |w|a|r|m| |w|e|b|r|e|n|d|e|r|,,3776889,13,9b3df14599f65e991e2c4a5eaba7ebe76c85b8c3,102210fe594ee9b33d82058545b1ed14f4c8206e,linux1804-64-shippable-qr,microsoft,True,,,,,,,,,,,,,,,,,,,,,,,,,,,,,,,,,,,,,,,,,,,,,,,,,,TN,,,,,,,,,,
,1715914344,2023-06-21 20:43:57,211.9,78880280c2765ec0520ece3184fc8fdbac5b5356,1261541,autoland,ContentfulSpeedIndex,True,microsoft ContentfulSpeedIndex opt fission warm webrender,,77,ms,firefox,False,|f|i|s|s|i|o|n| |w|a|r|m| |w|e|b|r|e|n|d|e|r|,,3776889,13,9b3df14599f65e991e2c4a5eaba7ebe76c85b8c3,102210fe594ee9b33d82058545b1ed14f4c8206e,linux1804-64-shippable-qr,microsoft,True,,,,,,,,,,,,,,,,,,,,,,,,,,,,,,,,,,,,,,,,,,,,,,,,,,TN,,,,,,,,,,
,1716009171,2023-06-22 00:43:42,209.9,109834499ca10a69681c6868a23ec828dcf160cf,1261782,autoland,ContentfulSpeedIndex,True,microsoft ContentfulSpeedIndex opt fission warm webrender,,77,ms,firefox,False,|f|i|s|s|i|o|n| |w|a|r|m| |w|e|b|r|e|n|d|e|r|,,3776889,13,9b3df14599f65e991e2c4a5eaba7ebe76c85b8c3,102210fe594ee9b33d82058545b1ed14f4c8206e,linux1804-64-shippable-qr,microsoft,True,,,,,,,,,,,,,,,,,,,,,,,,,,,,,,,,,,,,,,,,,,,,,,,,,,TN,,,,,,,,,,
,1716075638,2023-06-22 05:48:27,207.7,57884604206ce9bb39718006eac660e6e32e5044,1261863,autoland,ContentfulSpeedIndex,True,microsoft ContentfulSpeedIndex opt fission warm webrender,,77,ms,firefox,False,|f|i|s|s|i|o|n| |w|a|r|m| |w|e|b|r|e|n|d|e|r|,,3776889,13,9b3df14599f65e991e2c4a5eaba7ebe76c85b8c3,102210fe594ee9b33d82058545b1ed14f4c8206e,linux1804-64-shippable-qr,microsoft,True,,,,,,,,,,,,,,,,,,,,,,,,,,,,,,,,,,,,,,,,,,,,,,,,,,TN,,,,,,,,,,
,1716104892,2023-06-22 07:29:35,212.5,45769d7ff3c64d7abfcfedd8f05bb7dcb442270c,1261886,autoland,ContentfulSpeedIndex,True,microsoft ContentfulSpeedIndex opt fission warm webrender,,77,ms,firefox,False,|f|i|s|s|i|o|n| |w|a|r|m| |w|e|b|r|e|n|d|e|r|,,3776889,13,9b3df14599f65e991e2c4a5eaba7ebe76c85b8c3,102210fe594ee9b33d82058545b1ed14f4c8206e,linux1804-64-shippable-qr,microsoft,True,,,,,,,,,,,,,,,,,,,,,,,,,,,,,,,,,,,,,,,,,,,,,,,,,,TN,,,,,,,,,,
,1716219973,2023-06-22 11:39:08,224.0,3d85ee9f4f736ebc38b26fed33c8681bb512aa92,1262053,autoland,ContentfulSpeedIndex,True,microsoft ContentfulSpeedIndex opt fission warm webrender,,77,ms,firefox,False,|f|i|s|s|i|o|n| |w|a|r|m| |w|e|b|r|e|n|d|e|r|,,3776889,13,9b3df14599f65e991e2c4a5eaba7ebe76c85b8c3,102210fe594ee9b33d82058545b1ed14f4c8206e,linux1804-64-shippable-qr,microsoft,True,,,,,,,,,,,,,,,,,,,,,,,,,,,,,,,,,,,,,,,,,,,,,,,,,,TN,,,,,,,,,,
,1716356994,2023-06-22 14:41:02,207.0,b9e51e69d0451a93822b61cc15d72666124f02dd,1262179,autoland,ContentfulSpeedIndex,True,microsoft ContentfulSpeedIndex opt fission warm webrender,,77,ms,firefox,False,|f|i|s|s|i|o|n| |w|a|r|m| |w|e|b|r|e|n|d|e|r|,,3776889,13,9b3df14599f65e991e2c4a5eaba7ebe76c85b8c3,102210fe594ee9b33d82058545b1ed14f4c8206e,linux1804-64-shippable-qr,microsoft,True,,,,,,,,,,,,,,,,,,,,,,,,,,,,,,,,,,,,,,,,,,,,,,,,,,TN,,,,,,,,,,
,1716731799,2023-06-22 16:17:16,212.2,3ca20b10728e84a6990e718a045dff56cc971095,1262281,autoland,ContentfulSpeedIndex,True,microsoft ContentfulSpeedIndex opt fission warm webrender,,77,ms,firefox,False,|f|i|s|s|i|o|n| |w|a|r|m| |w|e|b|r|e|n|d|e|r|,,3776889,13,9b3df14599f65e991e2c4a5eaba7ebe76c85b8c3,102210fe594ee9b33d82058545b1ed14f4c8206e,linux1804-64-shippable-qr,microsoft,True,,,,,,,,,,,,,,,,,,,,,,,,,,,,,,,,,,,,,,,,,,,,,,,,,,TN,,,,,,,,,,
,1716734513,2023-06-22 16:18:05,208.8,8319e8c25b28a1b598027e583d0b98267a83df3b,1262282,autoland,ContentfulSpeedIndex,True,microsoft ContentfulSpeedIndex opt fission warm webrender,,77,ms,firefox,False,|f|i|s|s|i|o|n| |w|a|r|m| |w|e|b|r|e|n|d|e|r|,,3776889,13,9b3df14599f65e991e2c4a5eaba7ebe76c85b8c3,102210fe594ee9b33d82058545b1ed14f4c8206e,linux1804-64-shippable-qr,microsoft,True,,,,,,,,,,,,,,,,,,,,,,,,,,,,,,,,,,,,,,,,,,,,,,,,,,TN,,,,,,,,,,
,1716712242,2023-06-22 16:44:55,203.7,ab974ebe59e520c7ccfb29a7f17742be7ae4f5e8,1262293,autoland,ContentfulSpeedIndex,True,microsoft ContentfulSpeedIndex opt fission warm webrender,,77,ms,firefox,False,|f|i|s|s|i|o|n| |w|a|r|m| |w|e|b|r|e|n|d|e|r|,,3776889,13,9b3df14599f65e991e2c4a5eaba7ebe76c85b8c3,102210fe594ee9b33d82058545b1ed14f4c8206e,linux1804-64-shippable-qr,microsoft,True,,,,,,,,,,,,,,,,,,,,,,,,,,,,,,,,,,,,,,,,,,,,,,,,,,TN,,,,,,,,,,
,1716722645,2023-06-22 17:07:52,228.3,3a16cb4731cdb6baad2db46ddec526fadb078136,1262300,autoland,ContentfulSpeedIndex,True,microsoft ContentfulSpeedIndex opt fission warm webrender,,77,ms,firefox,False,|f|i|s|s|i|o|n| |w|a|r|m| |w|e|b|r|e|n|d|e|r|,,3776889,13,9b3df14599f65e991e2c4a5eaba7ebe76c85b8c3,102210fe594ee9b33d82058545b1ed14f4c8206e,linux1804-64-shippable-qr,microsoft,True,,,,,,,,,,,,,,,,,,,,,,,,,,,,,,,,,,,,,,,,,,,,,,,,,,TN,,,,,,,,,,
,1716443034,2023-06-22 18:48:21,212.9,9a98c67180c5914db4ca78d4fc36d6d0721d24a9,1262325,autoland,ContentfulSpeedIndex,True,microsoft ContentfulSpeedIndex opt fission warm webrender,,77,ms,firefox,False,|f|i|s|s|i|o|n| |w|a|r|m| |w|e|b|r|e|n|d|e|r|,,3776889,13,9b3df14599f65e991e2c4a5eaba7ebe76c85b8c3,102210fe594ee9b33d82058545b1ed14f4c8206e,linux1804-64-shippable-qr,microsoft,True,,,,,,,,,,,,,,,,,,,,,,,,,,,,,,,,,,,,,,,,,,,,,,,,,,TN,,,,,,,,,,
,1716461622,2023-06-22 19:02:55,203.7,4b261191412d4972eaab59ddb358f2eef865280d,1262337,autoland,ContentfulSpeedIndex,True,microsoft ContentfulSpeedIndex opt fission warm webrender,,77,ms,firefox,False,|f|i|s|s|i|o|n| |w|a|r|m| |w|e|b|r|e|n|d|e|r|,,3776889,13,9b3df14599f65e991e2c4a5eaba7ebe76c85b8c3,102210fe594ee9b33d82058545b1ed14f4c8206e,linux1804-64-shippable-qr,microsoft,True,,,,,,,,,,,,,,,,,,,,,,,,,,,,,,,,,,,,,,,,,,,,,,,,,,TN,,,,,,,,,,
,1716571693,2023-06-22 22:58:49,214.4,ec702239c313d37f8ee8d6b4d9b78aba8d4b6580,1262495,autoland,ContentfulSpeedIndex,True,microsoft ContentfulSpeedIndex opt fission warm webrender,,77,ms,firefox,False,|f|i|s|s|i|o|n| |w|a|r|m| |w|e|b|r|e|n|d|e|r|,,3776889,13,9b3df14599f65e991e2c4a5eaba7ebe76c85b8c3,102210fe594ee9b33d82058545b1ed14f4c8206e,linux1804-64-shippable-qr,microsoft,True,,,,,,,,,,,,,,,,,,,,,,,,,,,,,,,,,,,,,,,,,,,,,,,,,,TN,,,,,,,,,,
,1716687982,2023-06-23 03:22:10,220.8,a9c0bee966a1e0b10528a9b41b3dcea34ee95b83,1262648,autoland,ContentfulSpeedIndex,True,microsoft ContentfulSpeedIndex opt fission warm webrender,,77,ms,firefox,False,|f|i|s|s|i|o|n| |w|a|r|m| |w|e|b|r|e|n|d|e|r|,,3776889,13,9b3df14599f65e991e2c4a5eaba7ebe76c85b8c3,102210fe594ee9b33d82058545b1ed14f4c8206e,linux1804-64-shippable-qr,microsoft,True,,,,,,,,,,,,,,,,,,,,,,,,,,,,,,,,,,,,,,,,,,,,,,,,,,TN,,,,,,,,,,
,1716829446,2023-06-23 06:38:21,214.6,e6ebe768e49bf43fc6465b297a817d1e4994af82,1262712,autoland,ContentfulSpeedIndex,True,microsoft ContentfulSpeedIndex opt fission warm webrender,,77,ms,firefox,False,|f|i|s|s|i|o|n| |w|a|r|m| |w|e|b|r|e|n|d|e|r|,,3776889,13,9b3df14599f65e991e2c4a5eaba7ebe76c85b8c3,102210fe594ee9b33d82058545b1ed14f4c8206e,linux1804-64-shippable-qr,microsoft,True,,,,,,,,,,,,,,,,,,,,,,,,,,,,,,,,,,,,,,,,,,,,,,,,,,TN,,,,,,,,,,
,1716992376,2023-06-23 10:04:46,214.4,bd328e6b49f984c8a1b8e2e0e0b2194267d023ac,1262825,autoland,ContentfulSpeedIndex,True,microsoft ContentfulSpeedIndex opt fission warm webrender,,77,ms,firefox,False,|f|i|s|s|i|o|n| |w|a|r|m| |w|e|b|r|e|n|d|e|r|,,3776889,13,9b3df14599f65e991e2c4a5eaba7ebe76c85b8c3,102210fe594ee9b33d82058545b1ed14f4c8206e,linux1804-64-shippable-qr,microsoft,True,,,,,,,,,,,,,,,,,,,,,,,,,,,,,,,,,,,,,,,,,,,,,,,,,,TN,,,,,,,,,,
,1717065891,2023-06-23 14:10:04,215.1,21d4902198ae482d7fd52735881f90fb09ffaa07,1262960,autoland,ContentfulSpeedIndex,True,microsoft ContentfulSpeedIndex opt fission warm webrender,,77,ms,firefox,False,|f|i|s|s|i|o|n| |w|a|r|m| |w|e|b|r|e|n|d|e|r|,,3776889,13,9b3df14599f65e991e2c4a5eaba7ebe76c85b8c3,102210fe594ee9b33d82058545b1ed14f4c8206e,linux1804-64-shippable-qr,microsoft,True,,,,,,,,,,,,,,,,,,,,,,,,,,,,,,,,,,,,,,,,,,,,,,,,,,TN,,,,,,,,,,
,1717075867,2023-06-23 14:24:51,214.8,801ba619d741b520231e6a0791457e7b44bef641,1262973,autoland,ContentfulSpeedIndex,True,microsoft ContentfulSpeedIndex opt fission warm webrender,,77,ms,firefox,False,|f|i|s|s|i|o|n| |w|a|r|m| |w|e|b|r|e|n|d|e|r|,,3776889,13,9b3df14599f65e991e2c4a5eaba7ebe76c85b8c3,102210fe594ee9b33d82058545b1ed14f4c8206e,linux1804-64-shippable-qr,microsoft,True,,,,,,,,,,,,,,,,,,,,,,,,,,,,,,,,,,,,,,,,,,,,,,,,,,TN,,,,,,,,,,
,1717173842,2023-06-23 18:49:22,209.1,efb1631077da0ef473b1fe37d64cd6f652c34f37,1263094,autoland,ContentfulSpeedIndex,True,microsoft ContentfulSpeedIndex opt fission warm webrender,,77,ms,firefox,False,|f|i|s|s|i|o|n| |w|a|r|m| |w|e|b|r|e|n|d|e|r|,,3776889,13,9b3df14599f65e991e2c4a5eaba7ebe76c85b8c3,102210fe594ee9b33d82058545b1ed14f4c8206e,linux1804-64-shippable-qr,microsoft,True,,,,,,,,,,,,,,,,,,,,,,,,,,,,,,,,,,,,,,,,,,,,,,,,,,TN,,,,,,,,,,
,1717202706,2023-06-23 19:29:51,211.0,3cfaf216653a2de7529a3bc74907ea4fecc21912,1263108,autoland,ContentfulSpeedIndex,True,microsoft ContentfulSpeedIndex opt fission warm webrender,,77,ms,firefox,False,|f|i|s|s|i|o|n| |w|a|r|m| |w|e|b|r|e|n|d|e|r|,,3776889,13,9b3df14599f65e991e2c4a5eaba7ebe76c85b8c3,102210fe594ee9b33d82058545b1ed14f4c8206e,linux1804-64-shippable-qr,microsoft,True,,,,,,,,,,,,,,,,,,,,,,,,,,,,,,,,,,,,,,,,,,,,,,,,,,TN,,,,,,,,,,
,1717250103,2023-06-23 23:33:35,220.8,45c221c4d7560f0ab2b6f7c4d113e2f96d73e994,1263150,autoland,ContentfulSpeedIndex,True,microsoft ContentfulSpeedIndex opt fission warm webrender,,77,ms,firefox,False,|f|i|s|s|i|o|n| |w|a|r|m| |w|e|b|r|e|n|d|e|r|,,3776889,13,9b3df14599f65e991e2c4a5eaba7ebe76c85b8c3,102210fe594ee9b33d82058545b1ed14f4c8206e,linux1804-64-shippable-qr,microsoft,True,,,,,,,,,,,,,,,,,,,,,,,,,,,,,,,,,,,,,,,,,,,,,,,,,,TN,,,,,,,,,,
,1717386503,2023-06-24 17:55:21,205.3,31d5ffaf0b16a722c89e3bc6043d1a6dd2df4f59,1263267,autoland,ContentfulSpeedIndex,True,microsoft ContentfulSpeedIndex opt fission warm webrender,,77,ms,firefox,False,|f|i|s|s|i|o|n| |w|a|r|m| |w|e|b|r|e|n|d|e|r|,,3776889,13,9b3df14599f65e991e2c4a5eaba7ebe76c85b8c3,102210fe594ee9b33d82058545b1ed14f4c8206e,linux1804-64-shippable-qr,microsoft,True,,,,,,,,,,,,,,,,,,,,,,,,,,,,,,,,,,,,,,,,,,,,,,,,,,TN,,,,,,,,,,
,1717493347,2023-06-25 11:25:42,209.2,a529a3830f684519fc2c2ffb6fbe1b1e77930e71,1263317,autoland,ContentfulSpeedIndex,True,microsoft ContentfulSpeedIndex opt fission warm webrender,,77,ms,firefox,False,|f|i|s|s|i|o|n| |w|a|r|m| |w|e|b|r|e|n|d|e|r|,,3776889,13,9b3df14599f65e991e2c4a5eaba7ebe76c85b8c3,102210fe594ee9b33d82058545b1ed14f4c8206e,linux1804-64-shippable-qr,microsoft,True,,,,,,,,,,,,,,,,,,,,,,,,,,,,,,,,,,,,,,,,,,,,,,,,,,TN,,,,,,,,,,
,1717619991,2023-06-26 01:53:17,206.6,391b29854d65124c758af8d7a7765b53ec46b9bf,1263401,autoland,ContentfulSpeedIndex,True,microsoft ContentfulSpeedIndex opt fission warm webrender,,77,ms,firefox,False,|f|i|s|s|i|o|n| |w|a|r|m| |w|e|b|r|e|n|d|e|r|,,3776889,13,9b3df14599f65e991e2c4a5eaba7ebe76c85b8c3,102210fe594ee9b33d82058545b1ed14f4c8206e,linux1804-64-shippable-qr,microsoft,True,,,,,,,,,,,,,,,,,,,,,,,,,,,,,,,,,,,,,,,,,,,,,,,,,,TN,,,,,,,,,,
,1717712593,2023-06-26 08:39:50,217.0,b8784b3350a10d9ba119e133ba1afe2fa2862b64,1263470,autoland,ContentfulSpeedIndex,True,microsoft ContentfulSpeedIndex opt fission warm webrender,,77,ms,firefox,False,|f|i|s|s|i|o|n| |w|a|r|m| |w|e|b|r|e|n|d|e|r|,,3776889,13,9b3df14599f65e991e2c4a5eaba7ebe76c85b8c3,102210fe594ee9b33d82058545b1ed14f4c8206e,linux1804-64-shippable-qr,microsoft,True,,,,,,,,,,,,,,,,,,,,,,,,,,,,,,,,,,,,,,,,,,,,,,,,,,TN,,,,,,,,,,
,1717813435,2023-06-26 12:15:47,221.2,147bbf0910da38bd103a6cac5b77bca042225107,1263599,autoland,ContentfulSpeedIndex,True,microsoft ContentfulSpeedIndex opt fission warm webrender,,77,ms,firefox,False,|f|i|s|s|i|o|n| |w|a|r|m| |w|e|b|r|e|n|d|e|r|,,3776889,13,9b3df14599f65e991e2c4a5eaba7ebe76c85b8c3,102210fe594ee9b33d82058545b1ed14f4c8206e,linux1804-64-shippable-qr,microsoft,True,,,,,,,,,,,,,,,,,,,,,,,,,,,,,,,,,,,,,,,,,,,,,,,,,,TN,,,,,,,,,,
,1718345577,2023-06-26 12:52:40,213.0,0df3bf668e3f51bd027ba30815ee883bb23a0b77,1263636,autoland,ContentfulSpeedIndex,True,microsoft ContentfulSpeedIndex opt fission warm webrender,,77,ms,firefox,False,|f|i|s|s|i|o|n| |w|a|r|m| |w|e|b|r|e|n|d|e|r|,,3776889,13,9b3df14599f65e991e2c4a5eaba7ebe76c85b8c3,102210fe594ee9b33d82058545b1ed14f4c8206e,linux1804-64-shippable-qr,microsoft,True,,,,,,,,,,,,,,,,,,,,,,,,,,,,,,,,,,,,,,,,,,,,,,,,,,TN,,,,,,,,,,
,1718361890,2023-06-26 13:02:45,208.0,b6233acd02848323203feb0864cfc994aaa0f4f3,1263648,autoland,ContentfulSpeedIndex,True,microsoft ContentfulSpeedIndex opt fission warm webrender,,77,ms,firefox,False,|f|i|s|s|i|o|n| |w|a|r|m| |w|e|b|r|e|n|d|e|r|,,3776889,13,9b3df14599f65e991e2c4a5eaba7ebe76c85b8c3,102210fe594ee9b33d82058545b1ed14f4c8206e,linux1804-64-shippable-qr,microsoft,True,,,,,,,,,,,,,,,,,,,,,,,,,,,,,,,,,,,,,,,,,,,,,,,,,,TN,,,,,,,,,,
,1717914090,2023-06-26 15:17:27,217.8,a9a1430953c45602083b397b0d0bb8e55a69fa46,1263769,autoland,ContentfulSpeedIndex,True,microsoft ContentfulSpeedIndex opt fission warm webrender,,77,ms,firefox,False,|f|i|s|s|i|o|n| |w|a|r|m| |w|e|b|r|e|n|d|e|r|,,3776889,13,9b3df14599f65e991e2c4a5eaba7ebe76c85b8c3,102210fe594ee9b33d82058545b1ed14f4c8206e,linux1804-64-shippable-qr,microsoft,True,,,,,,,,,,,,,,,,,,,,,,,,,,,,,,,,,,,,,,,,,,,,,,,,,,TN,,,,,,,,,,
,1718080503,2023-06-26 19:17:54,208.0,43533d1489bc82330991d4cbac2d5b8e704b7558,1263990,autoland,ContentfulSpeedIndex,True,microsoft ContentfulSpeedIndex opt fission warm webrender,,77,ms,firefox,False,|f|i|s|s|i|o|n| |w|a|r|m| |w|e|b|r|e|n|d|e|r|,,3776889,13,9b3df14599f65e991e2c4a5eaba7ebe76c85b8c3,102210fe594ee9b33d82058545b1ed14f4c8206e,linux1804-64-shippable-qr,microsoft,True,,,,,,,,,,,,,,,,,,,,,,,,,,,,,,,,,,,,,,,,,,,,,,,,,,TN,,,,,,,,,,
,1718237319,2023-06-26 23:32:18,174.2,4bdb9438b18b4b7ad15d5f4f62fd67cad4308d62,1264157,autoland,ContentfulSpeedIndex,True,microsoft ContentfulSpeedIndex opt fission warm webrender,,77,ms,firefox,False,|f|i|s|s|i|o|n| |w|a|r|m| |w|e|b|r|e|n|d|e|r|,,3776889,13,9b3df14599f65e991e2c4a5eaba7ebe76c85b8c3,102210fe594ee9b33d82058545b1ed14f4c8206e,linux1804-64-shippable-qr,microsoft,True,,,,,,,,,,,,,,,,,,,,,,,,,,,,,,,,,,,,,,,,,,,,,,,,,,TN,,,,,,,,,,
,1718246757,2023-06-26 23:58:56,212.6,b34d04613ffa3abda9bcdd07fc5185a34cdc407b,1264185,autoland,ContentfulSpeedIndex,True,microsoft ContentfulSpeedIndex opt fission warm webrender,,77,ms,firefox,False,|f|i|s|s|i|o|n| |w|a|r|m| |w|e|b|r|e|n|d|e|r|,,3776889,13,9b3df14599f65e991e2c4a5eaba7ebe76c85b8c3,102210fe594ee9b33d82058545b1ed14f4c8206e,linux1804-64-shippable-qr,microsoft,True,,,,,,,,,,,,,,,,,,,,,,,,,,,,,,,,,,,,,,,,,,,,,,,,,,TN,,,,,,,,,,
,1718339407,2023-06-27 04:20:21,215.2,e0d8554167a0aad02af68198462e91dd05958593,1264240,autoland,ContentfulSpeedIndex,True,microsoft ContentfulSpeedIndex opt fission warm webrender,,77,ms,firefox,False,|f|i|s|s|i|o|n| |w|a|r|m| |w|e|b|r|e|n|d|e|r|,,3776889,13,9b3df14599f65e991e2c4a5eaba7ebe76c85b8c3,102210fe594ee9b33d82058545b1ed14f4c8206e,linux1804-64-shippable-qr,microsoft,True,,,,,,,,,,,,,,,,,,,,,,,,,,,,,,,,,,,,,,,,,,,,,,,,,,TN,,,,,,,,,,
,1718410324,2023-06-27 07:09:08,215.1,e963fffcb3a0375f0c08e6c62d4300cbf79fba0b,1264287,autoland,ContentfulSpeedIndex,True,microsoft ContentfulSpeedIndex opt fission warm webrender,,77,ms,firefox,False,|f|i|s|s|i|o|n| |w|a|r|m| |w|e|b|r|e|n|d|e|r|,,3776889,13,9b3df14599f65e991e2c4a5eaba7ebe76c85b8c3,102210fe594ee9b33d82058545b1ed14f4c8206e,linux1804-64-shippable-qr,microsoft,True,,,,,,,,,,,,,,,,,,,,,,,,,,,,,,,,,,,,,,,,,,,,,,,,,,TN,,,,,,,,,,
,1718518154,2023-06-27 11:13:52,202.0,96efb14c1b2e225253f22aae7b217fdd48b4cb9f,1264423,autoland,ContentfulSpeedIndex,True,microsoft ContentfulSpeedIndex opt fission warm webrender,,77,ms,firefox,False,|f|i|s|s|i|o|n| |w|a|r|m| |w|e|b|r|e|n|d|e|r|,,3776889,13,9b3df14599f65e991e2c4a5eaba7ebe76c85b8c3,102210fe594ee9b33d82058545b1ed14f4c8206e,linux1804-64-shippable-qr,microsoft,True,,,,,,,,,,,,,,,,,,,,,,,,,,,,,,,,,,,,,,,,,,,,,,,,,,TN,,,,,,,,,,
,1718613382,2023-06-27 15:57:28,211.7,c041b113d5acbf06ba2e6161d9a1ef4fa5b3636b,1264575,autoland,ContentfulSpeedIndex,True,microsoft ContentfulSpeedIndex opt fission warm webrender,,77,ms,firefox,False,|f|i|s|s|i|o|n| |w|a|r|m| |w|e|b|r|e|n|d|e|r|,,3776889,13,9b3df14599f65e991e2c4a5eaba7ebe76c85b8c3,102210fe594ee9b33d82058545b1ed14f4c8206e,linux1804-64-shippable-qr,microsoft,True,,,,,,,,,,,,,,,,,,,,,,,,,,,,,,,,,,,,,,,,,,,,,,,,,,TN,,,,,,,,,,
,1718632385,2023-06-27 16:17:01,204.8,da38525a017e6dd411f2c2ccd84d286d86bdad8d,1264584,autoland,ContentfulSpeedIndex,True,microsoft ContentfulSpeedIndex opt fission warm webrender,,77,ms,firefox,False,|f|i|s|s|i|o|n| |w|a|r|m| |w|e|b|r|e|n|d|e|r|,,3776889,13,9b3df14599f65e991e2c4a5eaba7ebe76c85b8c3,102210fe594ee9b33d82058545b1ed14f4c8206e,linux1804-64-shippable-qr,microsoft,True,,,,,,,,,,,,,,,,,,,,,,,,,,,,,,,,,,,,,,,,,,,,,,,,,,TN,,,,,,,,,,
,1718750929,2023-06-27 20:57:27,206.3,80adb872a3d1e32f459e5cf3bc77e47008da925f,1264834,autoland,ContentfulSpeedIndex,True,microsoft ContentfulSpeedIndex opt fission warm webrender,,77,ms,firefox,False,|f|i|s|s|i|o|n| |w|a|r|m| |w|e|b|r|e|n|d|e|r|,,3776889,13,9b3df14599f65e991e2c4a5eaba7ebe76c85b8c3,102210fe594ee9b33d82058545b1ed14f4c8206e,linux1804-64-shippable-qr,microsoft,True,,,,,,,,,,,,,,,,,,,,,,,,,,,,,,,,,,,,,,,,,,,,,,,,,,TN,,,,,,,,,,
,1718837221,2023-06-28 00:04:05,207.9,591e3233df273509a8c0d0ccd1cc32795ae584dc,1264952,autoland,ContentfulSpeedIndex,True,microsoft ContentfulSpeedIndex opt fission warm webrender,,77,ms,firefox,False,|f|i|s|s|i|o|n| |w|a|r|m| |w|e|b|r|e|n|d|e|r|,,3776889,13,9b3df14599f65e991e2c4a5eaba7ebe76c85b8c3,102210fe594ee9b33d82058545b1ed14f4c8206e,linux1804-64-shippable-qr,microsoft,True,,,,,,,,,,,,,,,,,,,,,,,,,,,,,,,,,,,,,,,,,,,,,,,,,,TN,,,,,,,,,,
,1718927216,2023-06-28 03:09:49,208.6,ecb2997338f1c9a2059192ce04d01243537176b9,1265035,autoland,ContentfulSpeedIndex,True,microsoft ContentfulSpeedIndex opt fission warm webrender,,77,ms,firefox,False,|f|i|s|s|i|o|n| |w|a|r|m| |w|e|b|r|e|n|d|e|r|,,3776889,13,9b3df14599f65e991e2c4a5eaba7ebe76c85b8c3,102210fe594ee9b33d82058545b1ed14f4c8206e,linux1804-64-shippable-qr,microsoft,True,,,,,,,,,,,,,,,,,,,,,,,,,,,,,,,,,,,,,,,,,,,,,,,,,,TN,,,,,,,,,,
,1719017807,2023-06-28 07:19:30,211.7,51b6f36ff37d4b6906ec5cab830b1e283c6f7395,1265110,autoland,ContentfulSpeedIndex,True,microsoft ContentfulSpeedIndex opt fission warm webrender,,77,ms,firefox,False,|f|i|s|s|i|o|n| |w|a|r|m| |w|e|b|r|e|n|d|e|r|,,3776889,13,9b3df14599f65e991e2c4a5eaba7ebe76c85b8c3,102210fe594ee9b33d82058545b1ed14f4c8206e,linux1804-64-shippable-qr,microsoft,True,,,,,,,,,,,,,,,,,,,,,,,,,,,,,,,,,,,,,,,,,,,,,,,,,,TN,,,,,,,,,,
,1719110746,2023-06-28 11:29:09,212.3,3b7b3970a88459c11033effb61df89644e963bda,1265214,autoland,ContentfulSpeedIndex,True,microsoft ContentfulSpeedIndex opt fission warm webrender,,77,ms,firefox,False,|f|i|s|s|i|o|n| |w|a|r|m| |w|e|b|r|e|n|d|e|r|,,3776889,13,9b3df14599f65e991e2c4a5eaba7ebe76c85b8c3,102210fe594ee9b33d82058545b1ed14f4c8206e,linux1804-64-shippable-qr,microsoft,True,,,,,,,,,,,,,,,,,,,,,,,,,,,,,,,,,,,,,,,,,,,,,,,,,,TN,,,,,,,,,,
,1719195225,2023-06-28 14:16:43,208.1,c20ba5651ee046629ef49efd2e49f6214c3ae520,1265309,autoland,ContentfulSpeedIndex,True,microsoft ContentfulSpeedIndex opt fission warm webrender,,77,ms,firefox,False,|f|i|s|s|i|o|n| |w|a|r|m| |w|e|b|r|e|n|d|e|r|,,3776889,13,9b3df14599f65e991e2c4a5eaba7ebe76c85b8c3,102210fe594ee9b33d82058545b1ed14f4c8206e,linux1804-64-shippable-qr,microsoft,True,,,,,,,,,,,,,,,,,,,,,,,,,,,,,,,,,,,,,,,,,,,,,,,,,,TN,,,,,,,,,,
,1719579722,2023-06-28 17:30:42,208.0,7f8cab56aed6b18878c445b25ab157c73db33453,1265469,autoland,ContentfulSpeedIndex,True,microsoft ContentfulSpeedIndex opt fission warm webrender,,77,ms,firefox,False,|f|i|s|s|i|o|n| |w|a|r|m| |w|e|b|r|e|n|d|e|r|,,3776889,13,9b3df14599f65e991e2c4a5eaba7ebe76c85b8c3,102210fe594ee9b33d82058545b1ed14f4c8206e,linux1804-64-shippable-qr,microsoft,True,,,,,,,,,,,,,,,,,,,,,,,,,,,,,,,,,,,,,,,,,,,,,,,,,,TN,,,,,,,,,,
,1719585459,2023-06-28 17:33:37,208.2,c5e56896abbfc645ab1dff9eba0e565d5904e98c,1265471,autoland,ContentfulSpeedIndex,True,microsoft ContentfulSpeedIndex opt fission warm webrender,,77,ms,firefox,False,|f|i|s|s|i|o|n| |w|a|r|m| |w|e|b|r|e|n|d|e|r|,,3776889,13,9b3df14599f65e991e2c4a5eaba7ebe76c85b8c3,102210fe594ee9b33d82058545b1ed14f4c8206e,linux1804-64-shippable-qr,microsoft,True,,,,,,,,,,,,,,,,,,,,,,,,,,,,,,,,,,,,,,,,,,,,,,,,,,TN,,,,,,,,,,
,1719285808,2023-06-28 17:34:48,207.8,0df511b69760b69959818e34e07aa74a0ad7061a,1265473,autoland,ContentfulSpeedIndex,True,microsoft ContentfulSpeedIndex opt fission warm webrender,,77,ms,firefox,False,|f|i|s|s|i|o|n| |w|a|r|m| |w|e|b|r|e|n|d|e|r|,,3776889,13,9b3df14599f65e991e2c4a5eaba7ebe76c85b8c3,102210fe594ee9b33d82058545b1ed14f4c8206e,linux1804-64-shippable-qr,microsoft,True,,,,,,,,,,,,,,,,,,,,,,,,,,,,,,,,,,,,,,,,,,,,,,,,,,TN,,,,,,,,,,
,1719599366,2023-06-28 17:43:59,214.3,3d01de27a80e9d17c671b0b47d83f082e36756e3,1265482,autoland,ContentfulSpeedIndex,True,microsoft ContentfulSpeedIndex opt fission warm webrender,,77,ms,firefox,False,|f|i|s|s|i|o|n| |w|a|r|m| |w|e|b|r|e|n|d|e|r|,,3776889,13,9b3df14599f65e991e2c4a5eaba7ebe76c85b8c3,102210fe594ee9b33d82058545b1ed14f4c8206e,linux1804-64-shippable-qr,microsoft,True,,,,,,,,,,,,,,,,,,,,,,,,,,,,,,,,,,,,,,,,,,,,,,,,,,TN,,,,,,,,,,
,1719574938,2023-06-28 17:50:41,215.3,be8d0f74f05a50e82bab53a7bb9d6b7a447d1be3,1265490,autoland,ContentfulSpeedIndex,True,microsoft ContentfulSpeedIndex opt fission warm webrender,,77,ms,firefox,False,|f|i|s|s|i|o|n| |w|a|r|m| |w|e|b|r|e|n|d|e|r|,,3776889,13,9b3df14599f65e991e2c4a5eaba7ebe76c85b8c3,102210fe594ee9b33d82058545b1ed14f4c8206e,linux1804-64-shippable-qr,microsoft,True,,,,,,,,,,,,,,,,,,,,,,,,,,,,,,,,,,,,,,,,,,,,,,,,,,TN,,,,,,,,,,
,1719395757,2023-06-28 21:47:35,220.5,d18ee9401610559d6724af1cf6a4ba7ca620f195,1265682,autoland,ContentfulSpeedIndex,True,microsoft ContentfulSpeedIndex opt fission warm webrender,,77,ms,firefox,False,|f|i|s|s|i|o|n| |w|a|r|m| |w|e|b|r|e|n|d|e|r|,,3776889,13,9b3df14599f65e991e2c4a5eaba7ebe76c85b8c3,102210fe594ee9b33d82058545b1ed14f4c8206e,linux1804-64-shippable-qr,microsoft,True,,,,,,,,,,,,,,,,,,,,,,,,,,,,,,,,,,,,,,,,,,,,,,,,,,TN,,,,,,,,,,
,1719514339,2023-06-29 02:28:53,214.7,bab00f4f94d567cf8ccf12e64f4e5cccc2ab6783,1265821,autoland,ContentfulSpeedIndex,True,microsoft ContentfulSpeedIndex opt fission warm webrender,,77,ms,firefox,False,|f|i|s|s|i|o|n| |w|a|r|m| |w|e|b|r|e|n|d|e|r|,,3776889,13,9b3df14599f65e991e2c4a5eaba7ebe76c85b8c3,102210fe594ee9b33d82058545b1ed14f4c8206e,linux1804-64-shippable-qr,microsoft,True,,,,,,,,,,,,,,,,,,,,,,,,,,,,,,,,,,,,,,,,,,,,,,,,,,TN,,,,,,,,,,
,1719666958,2023-06-29 08:54:52,179.0,046c4b8aaa8932f15825dc4decd3911bb048e7f5,1265934,autoland,ContentfulSpeedIndex,True,microsoft ContentfulSpeedIndex opt fission warm webrender,,77,ms,firefox,False,|f|i|s|s|i|o|n| |w|a|r|m| |w|e|b|r|e|n|d|e|r|,,3776889,13,9b3df14599f65e991e2c4a5eaba7ebe76c85b8c3,102210fe594ee9b33d82058545b1ed14f4c8206e,linux1804-64-shippable-qr,microsoft,True,,,,,,,,,,,,,,,,,,,,,,,,,,,,,,,,,,,,,,,,,,,,,,,,,,TN,,,,,,,,,,
,1720118698,2023-06-29 11:58:43,210.3,538e7a34c2f4c6822b182c662f0f4cdb1e609965,1266013,autoland,ContentfulSpeedIndex,True,microsoft ContentfulSpeedIndex opt fission warm webrender,,77,ms,firefox,False,|f|i|s|s|i|o|n| |w|a|r|m| |w|e|b|r|e|n|d|e|r|,,3776889,13,9b3df14599f65e991e2c4a5eaba7ebe76c85b8c3,102210fe594ee9b33d82058545b1ed14f4c8206e,linux1804-64-shippable-qr,microsoft,True,,,,,,,,,,,,,,,,,,,,,,,,,,,,,,,,,,,,,,,,,,,,,,,,,,TN,,,,,,,,,,
,1720112547,2023-06-29 12:23:15,206.9,729e4ffa06cf277175d86f49502ce67a383d09d2,1266022,autoland,ContentfulSpeedIndex,True,microsoft ContentfulSpeedIndex opt fission warm webrender,,77,ms,firefox,False,|f|i|s|s|i|o|n| |w|a|r|m| |w|e|b|r|e|n|d|e|r|,,3776889,13,9b3df14599f65e991e2c4a5eaba7ebe76c85b8c3,102210fe594ee9b33d82058545b1ed14f4c8206e,linux1804-64-shippable-qr,microsoft,True,,,,,,,,,,,,,,,,,,,,,,,,,,,,,,,,,,,,,,,,,,,,,,,,,,TN,,,,,,,,,,
,1719790054,2023-06-29 12:57:39,206.8,e784085dfb507c237319c40245ef0b32ddcf82b0,1266033,autoland,ContentfulSpeedIndex,True,microsoft ContentfulSpeedIndex opt fission warm webrender,,77,ms,firefox,False,|f|i|s|s|i|o|n| |w|a|r|m| |w|e|b|r|e|n|d|e|r|,,3776889,13,9b3df14599f65e991e2c4a5eaba7ebe76c85b8c3,102210fe594ee9b33d82058545b1ed14f4c8206e,linux1804-64-shippable-qr,microsoft,True,,,,,,,,,,,,,,,,,,,,,,,,,,,,,,,,,,,,,,,,,,,,,,,,,,TN,,,,,,,,,,
,1719856171,2023-06-29 15:22:27,208.3,573b87117fd3efdb12ffb05692f97323c07a9900,1266105,autoland,ContentfulSpeedIndex,True,microsoft ContentfulSpeedIndex opt fission warm webrender,,77,ms,firefox,False,|f|i|s|s|i|o|n| |w|a|r|m| |w|e|b|r|e|n|d|e|r|,,3776889,13,9b3df14599f65e991e2c4a5eaba7ebe76c85b8c3,102210fe594ee9b33d82058545b1ed14f4c8206e,linux1804-64-shippable-qr,microsoft,True,,,,,,,,,,,,,,,,,,,,,,,,,,,,,,,,,,,,,,,,,,,,,,,,,,TN,,,,,,,,,,
,1719946585,2023-06-29 19:36:56,219.8,c5ac7e957828eeda97a3af6fc706f41aa567e48e,1266292,autoland,ContentfulSpeedIndex,True,microsoft ContentfulSpeedIndex opt fission warm webrender,,77,ms,firefox,False,|f|i|s|s|i|o|n| |w|a|r|m| |w|e|b|r|e|n|d|e|r|,,3776889,13,9b3df14599f65e991e2c4a5eaba7ebe76c85b8c3,102210fe594ee9b33d82058545b1ed14f4c8206e,linux1804-64-shippable-qr,microsoft,True,,,,,,,,,,,,,,,,,,,,,,,,,,,,,,,,,,,,,,,,,,,,,,,,,,TN,,,,,,,,,,
,1719966805,2023-06-29 20:41:17,218.6,e37ddb3aa508e953837fbd08afec4a2aa6f7f5ed,1266342,autoland,ContentfulSpeedIndex,True,microsoft ContentfulSpeedIndex opt fission warm webrender,,77,ms,firefox,False,|f|i|s|s|i|o|n| |w|a|r|m| |w|e|b|r|e|n|d|e|r|,,3776889,13,9b3df14599f65e991e2c4a5eaba7ebe76c85b8c3,102210fe594ee9b33d82058545b1ed14f4c8206e,linux1804-64-shippable-qr,microsoft,True,,,,,,,,,,,,,,,,,,,,,,,,,,,,,,,,,,,,,,,,,,,,,,,,,,TN,,,,,,,,,,
,1720049327,2023-06-30 01:00:02,205.2,e547d8e238568d790c74653068edac30240a95c5,1266447,autoland,ContentfulSpeedIndex,True,microsoft ContentfulSpeedIndex opt fission warm webrender,,77,ms,firefox,False,|f|i|s|s|i|o|n| |w|a|r|m| |w|e|b|r|e|n|d|e|r|,,3776889,13,9b3df14599f65e991e2c4a5eaba7ebe76c85b8c3,102210fe594ee9b33d82058545b1ed14f4c8206e,linux1804-64-shippable-qr,microsoft,True,,,,,,,,,,,,,,,,,,,,,,,,,,,,,,,,,,,,,,,,,,,,,,,,,,TN,,,,,,,,,,
,1720153144,2023-06-30 08:19:33,204.1,9bc27d87fa29fd921612525cc37e24f0ec3ba76b,1266526,autoland,ContentfulSpeedIndex,True,microsoft ContentfulSpeedIndex opt fission warm webrender,,77,ms,firefox,False,|f|i|s|s|i|o|n| |w|a|r|m| |w|e|b|r|e|n|d|e|r|,,3776889,13,9b3df14599f65e991e2c4a5eaba7ebe76c85b8c3,102210fe594ee9b33d82058545b1ed14f4c8206e,linux1804-64-shippable-qr,microsoft,True,,,,,,,,,,,,,,,,,,,,,,,,,,,,,,,,,,,,,,,,,,,,,,,,,,TN,,,,,,,,,,
,1720239094,2023-06-30 13:51:38,207.6,0abcd848f8218f0e2d339bbd497ac60f4a3b752c,1266633,autoland,ContentfulSpeedIndex,True,microsoft ContentfulSpeedIndex opt fission warm webrender,,77,ms,firefox,False,|f|i|s|s|i|o|n| |w|a|r|m| |w|e|b|r|e|n|d|e|r|,,3776889,13,9b3df14599f65e991e2c4a5eaba7ebe76c85b8c3,102210fe594ee9b33d82058545b1ed14f4c8206e,linux1804-64-shippable-qr,microsoft,True,,,,,,,,,,,,,,,,,,,,,,,,,,,,,,,,,,,,,,,,,,,,,,,,,,TN,,,,,,,,,,
,1720355367,2023-07-01 00:00:49,213.8,8ee32af33954493677c04d2dad76681d20d37c02,1266825,autoland,ContentfulSpeedIndex,True,microsoft ContentfulSpeedIndex opt fission warm webrender,,77,ms,firefox,False,|f|i|s|s|i|o|n| |w|a|r|m| |w|e|b|r|e|n|d|e|r|,,3776889,13,9b3df14599f65e991e2c4a5eaba7ebe76c85b8c3,102210fe594ee9b33d82058545b1ed14f4c8206e,linux1804-64-shippable-qr,microsoft,True,,,,,,,,,,,,,,,,,,,,,,,,,,,,,,,,,,,,,,,,,,,,,,,,,,TN,,,,,,,,,,
,1720383596,2023-07-01 02:26:01,209.7,81b43c5e095f0b0407b6d1a8d4a7f92bf7115e5e,1266845,autoland,ContentfulSpeedIndex,True,microsoft ContentfulSpeedIndex opt fission warm webrender,,77,ms,firefox,False,|f|i|s|s|i|o|n| |w|a|r|m| |w|e|b|r|e|n|d|e|r|,,3776889,13,9b3df14599f65e991e2c4a5eaba7ebe76c85b8c3,102210fe594ee9b33d82058545b1ed14f4c8206e,linux1804-64-shippable-qr,microsoft,True,,,,,,,,,,,,,,,,,,,,,,,,,,,,,,,,,,,,,,,,,,,,,,,,,,TN,,,,,,,,,,
,1720476714,2023-07-02 04:09:27,203.6,e8ccd4d6629a5cde6dd4011e79c55630beb87376,1266929,autoland,ContentfulSpeedIndex,True,microsoft ContentfulSpeedIndex opt fission warm webrender,,77,ms,firefox,False,|f|i|s|s|i|o|n| |w|a|r|m| |w|e|b|r|e|n|d|e|r|,,3776889,13,9b3df14599f65e991e2c4a5eaba7ebe76c85b8c3,102210fe594ee9b33d82058545b1ed14f4c8206e,linux1804-64-shippable-qr,microsoft,True,,,,,,,,,,,,,,,,,,,,,,,,,,,,,,,,,,,,,,,,,,,,,,,,,,TN,,,,,,,,,,
,1720535101,2023-07-02 10:13:29,210.8,93c2b16409e05c7d2b654d2b5356a2b7742b0d18,1266947,autoland,ContentfulSpeedIndex,True,microsoft ContentfulSpeedIndex opt fission warm webrender,,77,ms,firefox,False,|f|i|s|s|i|o|n| |w|a|r|m| |w|e|b|r|e|n|d|e|r|,,3776889,13,9b3df14599f65e991e2c4a5eaba7ebe76c85b8c3,102210fe594ee9b33d82058545b1ed14f4c8206e,linux1804-64-shippable-qr,microsoft,True,,,,,,,,,,,,,,,,,,,,,,,,,,,,,,,,,,,,,,,,,,,,,,,,,,TN,,,,,,,,,,
,1720575325,2023-07-02 16:18:34,213.8,8a50b880c83f70597cd2951c74b7e9420d4b55c7,1266959,autoland,ContentfulSpeedIndex,True,microsoft ContentfulSpeedIndex opt fission warm webrender,,77,ms,firefox,False,|f|i|s|s|i|o|n| |w|a|r|m| |w|e|b|r|e|n|d|e|r|,,3776889,13,9b3df14599f65e991e2c4a5eaba7ebe76c85b8c3,102210fe594ee9b33d82058545b1ed14f4c8206e,linux1804-64-shippable-qr,microsoft,True,,,,,,,,,,,,,,,,,,,,,,,,,,,,,,,,,,,,,,,,,,,,,,,,,,TN,,,,,,,,,,
,1720638831,2023-07-03 04:14:26,210.4,03b04345a888d738f358fc74595aabb1dfb2685c,1267009,autoland,ContentfulSpeedIndex,True,microsoft ContentfulSpeedIndex opt fission warm webrender,,77,ms,firefox,False,|f|i|s|s|i|o|n| |w|a|r|m| |w|e|b|r|e|n|d|e|r|,,3776889,13,9b3df14599f65e991e2c4a5eaba7ebe76c85b8c3,102210fe594ee9b33d82058545b1ed14f4c8206e,linux1804-64-shippable-qr,microsoft,True,,,,,,,,,,,,,,,,,,,,,,,,,,,,,,,,,,,,,,,,,,,,,,,,,,TN,,,,,,,,,,
,1720727277,2023-07-03 08:58:45,207.6,3463727761e55956f8308f38f71b1654b79497ca,1267059,autoland,ContentfulSpeedIndex,True,microsoft ContentfulSpeedIndex opt fission warm webrender,,77,ms,firefox,False,|f|i|s|s|i|o|n| |w|a|r|m| |w|e|b|r|e|n|d|e|r|,,3776889,13,9b3df14599f65e991e2c4a5eaba7ebe76c85b8c3,102210fe594ee9b33d82058545b1ed14f4c8206e,linux1804-64-shippable-qr,microsoft,True,,,,,,,,,,,,,,,,,,,,,,,,,,,,,,,,,,,,,,,,,,,,,,,,,,TN,,,,,,,,,,
,1720719156,2023-07-03 08:59:44,209.3,90c1c72030a4d515720d44706816256c0a1e30a8,1267060,autoland,ContentfulSpeedIndex,True,microsoft ContentfulSpeedIndex opt fission warm webrender,,77,ms,firefox,False,|f|i|s|s|i|o|n| |w|a|r|m| |w|e|b|r|e|n|d|e|r|,,3776889,13,9b3df14599f65e991e2c4a5eaba7ebe76c85b8c3,102210fe594ee9b33d82058545b1ed14f4c8206e,linux1804-64-shippable-qr,microsoft,True,,,,,,,,,,,,,,,,,,,,,,,,,,,,,,,,,,,,,,,,,,,,,,,,,,TN,,,,,,,,,,
,1720758843,2023-07-03 14:20:46,215.1,9d50665254899d8431813bdc04178e6006ce6d59,1267108,autoland,ContentfulSpeedIndex,True,microsoft ContentfulSpeedIndex opt fission warm webrender,,77,ms,firefox,False,|f|i|s|s|i|o|n| |w|a|r|m| |w|e|b|r|e|n|d|e|r|,,3776889,13,9b3df14599f65e991e2c4a5eaba7ebe76c85b8c3,102210fe594ee9b33d82058545b1ed14f4c8206e,linux1804-64-shippable-qr,microsoft,True,,,,,,,,,,,,,,,,,,,,,,,,,,,,,,,,,,,,,,,,,,,,,,,,,,TN,,,,,,,,,,
,1720878945,2023-07-03 14:22:54,210.6,aeb5ae5a78c2b7650ac9946aa8d0f40e0cfe98bb,1267111,autoland,ContentfulSpeedIndex,True,microsoft ContentfulSpeedIndex opt fission warm webrender,,77,ms,firefox,False,|f|i|s|s|i|o|n| |w|a|r|m| |w|e|b|r|e|n|d|e|r|,,3776889,13,9b3df14599f65e991e2c4a5eaba7ebe76c85b8c3,102210fe594ee9b33d82058545b1ed14f4c8206e,linux1804-64-shippable-qr,microsoft,True,,,,,,,,,,,,,,,,,,,,,,,,,,,,,,,,,,,,,,,,,,,,,,,,,,TN,,,,,,,,,,
,1720838911,2023-07-04 00:08:48,217.8,a820608802f2194dfc19272bf19b7124a7349b79,1267203,autoland,ContentfulSpeedIndex,True,microsoft ContentfulSpeedIndex opt fission warm webrender,,77,ms,firefox,False,|f|i|s|s|i|o|n| |w|a|r|m| |w|e|b|r|e|n|d|e|r|,,3776889,13,9b3df14599f65e991e2c4a5eaba7ebe76c85b8c3,102210fe594ee9b33d82058545b1ed14f4c8206e,linux1804-64-shippable-qr,microsoft,True,,,,,,,,,,,,,,,,,,,,,,,,,,,,,,,,,,,,,,,,,,,,,,,,,,TN,,,,,,,,,,
,1720897023,2023-07-04 04:57:05,213.3,b2af19e5ff82fa8850262a0693f4941570a30474,1267245,autoland,ContentfulSpeedIndex,True,microsoft ContentfulSpeedIndex opt fission warm webrender,,77,ms,firefox,False,|f|i|s|s|i|o|n| |w|a|r|m| |w|e|b|r|e|n|d|e|r|,,3776889,13,9b3df14599f65e991e2c4a5eaba7ebe76c85b8c3,102210fe594ee9b33d82058545b1ed14f4c8206e,linux1804-64-shippable-qr,microsoft,True,,,,,,,,,,,,,,,,,,,,,,,,,,,,,,,,,,,,,,,,,,,,,,,,,,TN,,,,,,,,,,
,1720916670,2023-07-04 07:10:31,218.5,54bec48c8d6e571fdfbc0694895c371fd3fd08f9,1267272,autoland,ContentfulSpeedIndex,True,microsoft ContentfulSpeedIndex opt fission warm webrender,,77,ms,firefox,False,|f|i|s|s|i|o|n| |w|a|r|m| |w|e|b|r|e|n|d|e|r|,,3776889,13,9b3df14599f65e991e2c4a5eaba7ebe76c85b8c3,102210fe594ee9b33d82058545b1ed14f4c8206e,linux1804-64-shippable-qr,microsoft,True,,,,,,,,,,,,,,,,,,,,,,,,,,,,,,,,,,,,,,,,,,,,,,,,,,TN,,,,,,,,,,
,1721057701,2023-07-04 11:21:51,203.7,da13368ff947a55756c871582b1b13ffb6fa001d,1267342,autoland,ContentfulSpeedIndex,True,microsoft ContentfulSpeedIndex opt fission warm webrender,,77,ms,firefox,False,|f|i|s|s|i|o|n| |w|a|r|m| |w|e|b|r|e|n|d|e|r|,,3776889,13,9b3df14599f65e991e2c4a5eaba7ebe76c85b8c3,102210fe594ee9b33d82058545b1ed14f4c8206e,linux1804-64-shippable-qr,microsoft,True,,,,,,,,,,,,,,,,,,,,,,,,,,,,,,,,,,,,,,,,,,,,,,,,,,TN,,,,,,,,,,
,1721061095,2023-07-04 11:29:32,211.5,3aa1825bf09a37959e97ac4b5eaa3cc4b236b283,1267347,autoland,ContentfulSpeedIndex,True,microsoft ContentfulSpeedIndex opt fission warm webrender,,77,ms,firefox,False,|f|i|s|s|i|o|n| |w|a|r|m| |w|e|b|r|e|n|d|e|r|,,3776889,13,9b3df14599f65e991e2c4a5eaba7ebe76c85b8c3,102210fe594ee9b33d82058545b1ed14f4c8206e,linux1804-64-shippable-qr,microsoft,True,,,,,,,,,,,,,,,,,,,,,,,,,,,,,,,,,,,,,,,,,,,,,,,,,,TN,,,,,,,,,,
,1721487668,2023-07-04 15:20:28,210.9,11784c622930ff2f209c0b20dacc04fc8a7a1141,1267501,autoland,ContentfulSpeedIndex,True,microsoft ContentfulSpeedIndex opt fission warm webrender,,77,ms,firefox,False,|f|i|s|s|i|o|n| |w|a|r|m| |w|e|b|r|e|n|d|e|r|,,3776889,13,9b3df14599f65e991e2c4a5eaba7ebe76c85b8c3,102210fe594ee9b33d82058545b1ed14f4c8206e,linux1804-64-shippable-qr,microsoft,True,,,,,,,,,,,,,,,,,,,,,,,,,,,,,,,,,,,,,,,,,,,,,,,,,,TN,,,,,,,,,,
,1721473463,2023-07-04 15:21:30,203.6,0b10444298656eb14e13cce5c36dc43c4a4d1bf6,1267502,autoland,ContentfulSpeedIndex,True,microsoft ContentfulSpeedIndex opt fission warm webrender,,77,ms,firefox,False,|f|i|s|s|i|o|n| |w|a|r|m| |w|e|b|r|e|n|d|e|r|,,3776889,13,9b3df14599f65e991e2c4a5eaba7ebe76c85b8c3,102210fe594ee9b33d82058545b1ed14f4c8206e,linux1804-64-shippable-qr,microsoft,True,,,,,,,,,,,,,,,,,,,,,,,,,,,,,,,,,,,,,,,,,,,,,,,,,,TN,,,,,,,,,,
,1721153234,2023-07-04 15:22:25,211.0,cf717d6692eb6ff08bb1d0342645c7c6c1dcf8f7,1267503,autoland,ContentfulSpeedIndex,True,microsoft ContentfulSpeedIndex opt fission warm webrender,,77,ms,firefox,False,|f|i|s|s|i|o|n| |w|a|r|m| |w|e|b|r|e|n|d|e|r|,,3776889,13,9b3df14599f65e991e2c4a5eaba7ebe76c85b8c3,102210fe594ee9b33d82058545b1ed14f4c8206e,linux1804-64-shippable-qr,microsoft,True,,,,,,,,,,,,,,,,,,,,,,,,,,,,,,,,,,,,,,,,,,,,,,,,,,TN,,,,,,,,,,
,1721244957,2023-07-04 19:21:41,221.6,a8c47414f934fc13d47ba329f04089ab17eb2407,1267627,autoland,ContentfulSpeedIndex,True,microsoft ContentfulSpeedIndex opt fission warm webrender,,77,ms,firefox,False,|f|i|s|s|i|o|n| |w|a|r|m| |w|e|b|r|e|n|d|e|r|,,3776889,13,9b3df14599f65e991e2c4a5eaba7ebe76c85b8c3,102210fe594ee9b33d82058545b1ed14f4c8206e,linux1804-64-shippable-qr,microsoft,True,,,,,,,,,,,,,,,,,,,,,,,,,,,,,,,,,,,,,,,,,,,,,,,,,,TN,,,,,,,,,,
,1721360110,2023-07-04 23:33:38,208.1,3639b6891b332ea6c4ffea87bb2d1139c38b781d,1267723,autoland,ContentfulSpeedIndex,True,microsoft ContentfulSpeedIndex opt fission warm webrender,,77,ms,firefox,False,|f|i|s|s|i|o|n| |w|a|r|m| |w|e|b|r|e|n|d|e|r|,,3776889,13,9b3df14599f65e991e2c4a5eaba7ebe76c85b8c3,102210fe594ee9b33d82058545b1ed14f4c8206e,linux1804-64-shippable-qr,microsoft,True,,,,,,,,,,,,,,,,,,,,,,,,,,,,,,,,,,,,,,,,,,,,,,,,,,TN,,,,,,,,,,
,1721450817,2023-07-05 03:49:13,212.7,243ab04b37e31315f3db16a95bf6535124d9edda,1267756,autoland,ContentfulSpeedIndex,True,microsoft ContentfulSpeedIndex opt fission warm webrender,,77,ms,firefox,False,|f|i|s|s|i|o|n| |w|a|r|m| |w|e|b|r|e|n|d|e|r|,,3776889,13,9b3df14599f65e991e2c4a5eaba7ebe76c85b8c3,102210fe594ee9b33d82058545b1ed14f4c8206e,linux1804-64-shippable-qr,microsoft,True,,,,,,,,,,,,,,,,,,,,,,,,,,,,,,,,,,,,,,,,,,,,,,,,,,TN,,,,,,,,,,
,1721540577,2023-07-05 07:58:23,205.0,9ab7ea679b12d7e209ada3534abf7baf704fe9d4,1267796,autoland,ContentfulSpeedIndex,True,microsoft ContentfulSpeedIndex opt fission warm webrender,,77,ms,firefox,False,|f|i|s|s|i|o|n| |w|a|r|m| |w|e|b|r|e|n|d|e|r|,,3776889,13,9b3df14599f65e991e2c4a5eaba7ebe76c85b8c3,102210fe594ee9b33d82058545b1ed14f4c8206e,linux1804-64-shippable-qr,microsoft,True,,,,,,,,,,,,,,,,,,,,,,,,,,,,,,,,,,,,,,,,,,,,,,,,,,TN,,,,,,,,,,
,1721576324,2023-07-05 09:46:48,209.0,e3f62ea4e59393fe53784906952e9a1417688db1,1267838,autoland,ContentfulSpeedIndex,True,microsoft ContentfulSpeedIndex opt fission warm webrender,,77,ms,firefox,False,|f|i|s|s|i|o|n| |w|a|r|m| |w|e|b|r|e|n|d|e|r|,,3776889,13,9b3df14599f65e991e2c4a5eaba7ebe76c85b8c3,102210fe594ee9b33d82058545b1ed14f4c8206e,linux1804-64-shippable-qr,microsoft,True,,,,,,,,,,,,,,,,,,,,,,,,,,,,,,,,,,,,,,,,,,,,,,,,,,TN,,,,,,,,,,
,1721706505,2023-07-05 14:18:53,204.9,cee4ab20ddeef57e9b72447e753e72ed2eb244cf,1267963,autoland,ContentfulSpeedIndex,True,microsoft ContentfulSpeedIndex opt fission warm webrender,,77,ms,firefox,False,|f|i|s|s|i|o|n| |w|a|r|m| |w|e|b|r|e|n|d|e|r|,,3776889,13,9b3df14599f65e991e2c4a5eaba7ebe76c85b8c3,102210fe594ee9b33d82058545b1ed14f4c8206e,linux1804-64-shippable-qr,microsoft,True,,,,,,,,,,,,,,,,,,,,,,,,,,,,,,,,,,,,,,,,,,,,,,,,,,TN,,,,,,,,,,
,1721724016,2023-07-05 14:38:06,213.9,4613dfbe6bc2e60b1159da46db2edee3018423e1,1267976,autoland,ContentfulSpeedIndex,True,microsoft ContentfulSpeedIndex opt fission warm webrender,,77,ms,firefox,False,|f|i|s|s|i|o|n| |w|a|r|m| |w|e|b|r|e|n|d|e|r|,,3776889,13,9b3df14599f65e991e2c4a5eaba7ebe76c85b8c3,102210fe594ee9b33d82058545b1ed14f4c8206e,linux1804-64-shippable-qr,microsoft,True,,,,,,,,,,,,,,,,,,,,,,,,,,,,,,,,,,,,,,,,,,,,,,,,,,TN,,,,,,,,,,
,1721877433,2023-07-05 18:29:49,206.8,674dc1b6026b9fc62707f0df292dfaf1ba6557f1,1268132,autoland,ContentfulSpeedIndex,True,microsoft ContentfulSpeedIndex opt fission warm webrender,,77,ms,firefox,False,|f|i|s|s|i|o|n| |w|a|r|m| |w|e|b|r|e|n|d|e|r|,,3776889,13,9b3df14599f65e991e2c4a5eaba7ebe76c85b8c3,102210fe594ee9b33d82058545b1ed14f4c8206e,linux1804-64-shippable-qr,microsoft,True,,,,,,,,,,,,,,,,,,,,,,,,,,,,,,,,,,,,,,,,,,,,,,,,,,TN,,,,,,,,,,
,1721913326,2023-07-05 21:03:11,205.2,712427656ebd8d82b78a42d8e45b973aa7c220d7,1268236,autoland,ContentfulSpeedIndex,True,microsoft ContentfulSpeedIndex opt fission warm webrender,,77,ms,firefox,False,|f|i|s|s|i|o|n| |w|a|r|m| |w|e|b|r|e|n|d|e|r|,,3776889,13,9b3df14599f65e991e2c4a5eaba7ebe76c85b8c3,102210fe594ee9b33d82058545b1ed14f4c8206e,linux1804-64-shippable-qr,microsoft,True,,,,,,,,,,,,,,,,,,,,,,,,,,,,,,,,,,,,,,,,,,,,,,,,,,TN,,,,,,,,,,
,1722015811,2023-07-06 01:07:34,208.4,a0647e42fb1f509d753d2baacd7858b3ee9a8821,1268349,autoland,ContentfulSpeedIndex,True,microsoft ContentfulSpeedIndex opt fission warm webrender,,77,ms,firefox,False,|f|i|s|s|i|o|n| |w|a|r|m| |w|e|b|r|e|n|d|e|r|,,3776889,13,9b3df14599f65e991e2c4a5eaba7ebe76c85b8c3,102210fe594ee9b33d82058545b1ed14f4c8206e,linux1804-64-shippable-qr,microsoft,True,,,,,,,,,,,,,,,,,,,,,,,,,,,,,,,,,,,,,,,,,,,,,,,,,,TN,,,,,,,,,,
,1722092537,2023-07-06 06:12:07,213.0,1ba8085e68676425907973397d26e7417c1c4a74,1268405,autoland,ContentfulSpeedIndex,True,microsoft ContentfulSpeedIndex opt fission warm webrender,,77,ms,firefox,False,|f|i|s|s|i|o|n| |w|a|r|m| |w|e|b|r|e|n|d|e|r|,,3776889,13,9b3df14599f65e991e2c4a5eaba7ebe76c85b8c3,102210fe594ee9b33d82058545b1ed14f4c8206e,linux1804-64-shippable-qr,microsoft,True,,,,,,,,,,,,,,,,,,,,,,,,,,,,,,,,,,,,,,,,,,,,,,,,,,TN,,,,,,,,,,
,1722202532,2023-07-06 11:48:20,214.4,becc2fa2c186914b1a887e40e6f0e9a6643273eb,1268565,autoland,ContentfulSpeedIndex,True,microsoft ContentfulSpeedIndex opt fission warm webrender,,77,ms,firefox,False,|f|i|s|s|i|o|n| |w|a|r|m| |w|e|b|r|e|n|d|e|r|,,3776889,13,9b3df14599f65e991e2c4a5eaba7ebe76c85b8c3,102210fe594ee9b33d82058545b1ed14f4c8206e,linux1804-64-shippable-qr,microsoft,True,,,,,,,,,,,,,,,,,,,,,,,,,,,,,,,,,,,,,,,,,,,,,,,,,,TN,,,,,,,,,,
,1722223105,2023-07-06 12:38:53,209.5,5b919b11b30bcc659d499c9290a54c3f91d96bd2,1268598,autoland,ContentfulSpeedIndex,True,microsoft ContentfulSpeedIndex opt fission warm webrender,,77,ms,firefox,False,|f|i|s|s|i|o|n| |w|a|r|m| |w|e|b|r|e|n|d|e|r|,,3776889,13,9b3df14599f65e991e2c4a5eaba7ebe76c85b8c3,102210fe594ee9b33d82058545b1ed14f4c8206e,linux1804-64-shippable-qr,microsoft,True,,,,,,,,,,,,,,,,,,,,,,,,,,,,,,,,,,,,,,,,,,,,,,,,,,TN,,,,,,,,,,
,1722357739,2023-07-06 16:43:39,185.5,433f58fbe4180052220b584f15de1d1d6fda065a,1268777,autoland,ContentfulSpeedIndex,True,microsoft ContentfulSpeedIndex opt fission warm webrender,,77,ms,firefox,False,|f|i|s|s|i|o|n| |w|a|r|m| |w|e|b|r|e|n|d|e|r|,,3776889,13,9b3df14599f65e991e2c4a5eaba7ebe76c85b8c3,102210fe594ee9b33d82058545b1ed14f4c8206e,linux1804-64-shippable-qr,microsoft,True,,,,,,,,,,,,,,,,,,,,,,,,,,,,,,,,,,,,,,,,,,,,,,,,,,TN,,,,,,,,,,
,1722437664,2023-07-06 18:39:07,216.5,08f072ae172f3d48b0361ca0d34ead8a0b254e60,1268845,autoland,ContentfulSpeedIndex,True,microsoft ContentfulSpeedIndex opt fission warm webrender,,77,ms,firefox,False,|f|i|s|s|i|o|n| |w|a|r|m| |w|e|b|r|e|n|d|e|r|,,3776889,13,9b3df14599f65e991e2c4a5eaba7ebe76c85b8c3,102210fe594ee9b33d82058545b1ed14f4c8206e,linux1804-64-shippable-qr,microsoft,True,,,,,,,,,,,,,,,,,,,,,,,,,,,,,,,,,,,,,,,,,,,,,,,,,,TN,,,,,,,,,,
,1722512882,2023-07-06 20:44:41,210.4,2c6190b6ecb6ab8933a296c08e753c060a3c2e9b,1268939,autoland,ContentfulSpeedIndex,True,microsoft ContentfulSpeedIndex opt fission warm webrender,,77,ms,firefox,False,|f|i|s|s|i|o|n| |w|a|r|m| |w|e|b|r|e|n|d|e|r|,,3776889,13,9b3df14599f65e991e2c4a5eaba7ebe76c85b8c3,102210fe594ee9b33d82058545b1ed14f4c8206e,linux1804-64-shippable-qr,microsoft,True,,,,,,,,,,,,,,,,,,,,,,,,,,,,,,,,,,,,,,,,,,,,,,,,,,TN,,,,,,,,,,
,1722642144,2023-07-07 00:51:02,211.5,acd3d81337398ace5cd75f251f18da388ed281fa,1269038,autoland,ContentfulSpeedIndex,True,microsoft ContentfulSpeedIndex opt fission warm webrender,,77,ms,firefox,False,|f|i|s|s|i|o|n| |w|a|r|m| |w|e|b|r|e|n|d|e|r|,,3776889,13,9b3df14599f65e991e2c4a5eaba7ebe76c85b8c3,102210fe594ee9b33d82058545b1ed14f4c8206e,linux1804-64-shippable-qr,microsoft,True,,,,,,,,,,,,,,,,,,,,,,,,,,,,,,,,,,,,,,,,,,,,,,,,,,TN,,,,,,,,,,
,1722656827,2023-07-07 01:49:15,210.8,013763c5f493c6232cfa8502e7bcec4b151d9161,1269055,autoland,ContentfulSpeedIndex,True,microsoft ContentfulSpeedIndex opt fission warm webrender,,77,ms,firefox,False,|f|i|s|s|i|o|n| |w|a|r|m| |w|e|b|r|e|n|d|e|r|,,3776889,13,9b3df14599f65e991e2c4a5eaba7ebe76c85b8c3,102210fe594ee9b33d82058545b1ed14f4c8206e,linux1804-64-shippable-qr,microsoft,True,,,,,,,,,,,,,,,,,,,,,,,,,,,,,,,,,,,,,,,,,,,,,,,,,,TN,,,,,,,,,,
,1722702665,2023-07-07 06:17:26,203.7,e4d87ff75575880ea0c0fa09b316e360e4d9492f,1269097,autoland,ContentfulSpeedIndex,True,microsoft ContentfulSpeedIndex opt fission warm webrender,,77,ms,firefox,False,|f|i|s|s|i|o|n| |w|a|r|m| |w|e|b|r|e|n|d|e|r|,,3776889,13,9b3df14599f65e991e2c4a5eaba7ebe76c85b8c3,102210fe594ee9b33d82058545b1ed14f4c8206e,linux1804-64-shippable-qr,microsoft,True,,,,,,,,,,,,,,,,,,,,,,,,,,,,,,,,,,,,,,,,,,,,,,,,,,TN,,,,,,,,,,
,1722824333,2023-07-07 10:08:37,188.8,3a88b97290a0fe46c6fbfcf6dacd91c6b6900aeb,1269195,autoland,ContentfulSpeedIndex,True,microsoft ContentfulSpeedIndex opt fission warm webrender,,77,ms,firefox,False,|f|i|s|s|i|o|n| |w|a|r|m| |w|e|b|r|e|n|d|e|r|,,3776889,13,9b3df14599f65e991e2c4a5eaba7ebe76c85b8c3,102210fe594ee9b33d82058545b1ed14f4c8206e,linux1804-64-shippable-qr,microsoft,True,,,,,,,,,,,,,,,,,,,,,,,,,,,,,,,,,,,,,,,,,,,,,,,,,,TN,,,,,,,,,,
,1722891017,2023-07-07 14:06:48,212.2,fb62b8660fcaa40ecb0be50aa61ba8005dcbba27,1269286,autoland,ContentfulSpeedIndex,True,microsoft ContentfulSpeedIndex opt fission warm webrender,,77,ms,firefox,False,|f|i|s|s|i|o|n| |w|a|r|m| |w|e|b|r|e|n|d|e|r|,,3776889,13,9b3df14599f65e991e2c4a5eaba7ebe76c85b8c3,102210fe594ee9b33d82058545b1ed14f4c8206e,linux1804-64-shippable-qr,microsoft,True,,,,,,,,,,,,,,,,,,,,,,,,,,,,,,,,,,,,,,,,,,,,,,,,,,TN,,,,,,,,,,
,1722960280,2023-07-07 16:51:44,209.2,43977d30a10af8e193044a9aa578f2bc8b33edf7,1269420,autoland,ContentfulSpeedIndex,True,microsoft ContentfulSpeedIndex opt fission warm webrender,,77,ms,firefox,False,|f|i|s|s|i|o|n| |w|a|r|m| |w|e|b|r|e|n|d|e|r|,,3776889,13,9b3df14599f65e991e2c4a5eaba7ebe76c85b8c3,102210fe594ee9b33d82058545b1ed14f4c8206e,linux1804-64-shippable-qr,microsoft,True,,,,,,,,,,,,,,,,,,,,,,,,,,,,,,,,,,,,,,,,,,,,,,,,,,TN,,,,,,,,,,
,1723216917,2023-07-08 02:51:52,212.1,d2be18e8ce8cd63eaddb8f012d582a2863075164,1269678,autoland,ContentfulSpeedIndex,True,microsoft ContentfulSpeedIndex opt fission warm webrender,,77,ms,firefox,False,|f|i|s|s|i|o|n| |w|a|r|m| |w|e|b|r|e|n|d|e|r|,,3776889,13,9b3df14599f65e991e2c4a5eaba7ebe76c85b8c3,102210fe594ee9b33d82058545b1ed14f4c8206e,linux1804-64-shippable-qr,microsoft,True,,,,,,,,,,,,,,,,,,,,,,,,,,,,,,,,,,,,,,,,,,,,,,,,,,TN,,,,,,,,,,
,1723241854,2023-07-08 06:55:09,203.6,ef7d9ea0c3f751e7c525a136923c9c404c297b1f,1269687,autoland,ContentfulSpeedIndex,True,microsoft ContentfulSpeedIndex opt fission warm webrender,,77,ms,firefox,False,|f|i|s|s|i|o|n| |w|a|r|m| |w|e|b|r|e|n|d|e|r|,,3776889,13,9b3df14599f65e991e2c4a5eaba7ebe76c85b8c3,102210fe594ee9b33d82058545b1ed14f4c8206e,linux1804-64-shippable-qr,microsoft,True,,,,,,,,,,,,,,,,,,,,,,,,,,,,,,,,,,,,,,,,,,,,,,,,,,TN,,,,,,,,,,
,1723343873,2023-07-08 13:13:32,212.4,ee68eebc7bfd59157569f7de331974b06e765482,1269721,autoland,ContentfulSpeedIndex,True,microsoft ContentfulSpeedIndex opt fission warm webrender,,77,ms,firefox,False,|f|i|s|s|i|o|n| |w|a|r|m| |w|e|b|r|e|n|d|e|r|,,3776889,13,9b3df14599f65e991e2c4a5eaba7ebe76c85b8c3,102210fe594ee9b33d82058545b1ed14f4c8206e,linux1804-64-shippable-qr,microsoft,True,,,,,,,,,,,,,,,,,,,,,,,,,,,,,,,,,,,,,,,,,,,,,,,,,,TN,,,,,,,,,,
,1723355985,2023-07-08 13:22:34,211.0,3809d32977a2db97fd06c8fd3214256dc18af9a0,1269723,autoland,ContentfulSpeedIndex,True,microsoft ContentfulSpeedIndex opt fission warm webrender,,77,ms,firefox,False,|f|i|s|s|i|o|n| |w|a|r|m| |w|e|b|r|e|n|d|e|r|,,3776889,13,9b3df14599f65e991e2c4a5eaba7ebe76c85b8c3,102210fe594ee9b33d82058545b1ed14f4c8206e,linux1804-64-shippable-qr,microsoft,True,,,,,,,,,,,,,,,,,,,,,,,,,,,,,,,,,,,,,,,,,,,,,,,,,,TN,,,,,,,,,,
,1723419503,2023-07-08 18:13:28,212.2,3b3b41fc7f1dad97415448fb4652eb636903a02a,1269751,autoland,ContentfulSpeedIndex,True,microsoft ContentfulSpeedIndex opt fission warm webrender,,77,ms,firefox,False,|f|i|s|s|i|o|n| |w|a|r|m| |w|e|b|r|e|n|d|e|r|,,3776889,13,9b3df14599f65e991e2c4a5eaba7ebe76c85b8c3,102210fe594ee9b33d82058545b1ed14f4c8206e,linux1804-64-shippable-qr,microsoft,True,,,,,,,,,,,,,,,,,,,,,,,,,,,,,,,,,,,,,,,,,,,,,,,,,,TN,,,,,,,,,,
,1723481237,2023-07-08 22:36:06,206.1,47c72d2828f6f406fbe77758e1ae8cd7837af977,1269766,autoland,ContentfulSpeedIndex,True,microsoft ContentfulSpeedIndex opt fission warm webrender,,77,ms,firefox,False,|f|i|s|s|i|o|n| |w|a|r|m| |w|e|b|r|e|n|d|e|r|,,3776889,13,9b3df14599f65e991e2c4a5eaba7ebe76c85b8c3,102210fe594ee9b33d82058545b1ed14f4c8206e,linux1804-64-shippable-qr,microsoft,True,,,,,,,,,,,,,,,,,,,,,,,,,,,,,,,,,,,,,,,,,,,,,,,,,,TN,,,,,,,,,,
,1723517246,2023-07-09 03:04:33,211.7,2ac0f03815253b96c145a52b1762ed04c50f079d,1269805,autoland,ContentfulSpeedIndex,True,microsoft ContentfulSpeedIndex opt fission warm webrender,,77,ms,firefox,False,|f|i|s|s|i|o|n| |w|a|r|m| |w|e|b|r|e|n|d|e|r|,,3776889,13,9b3df14599f65e991e2c4a5eaba7ebe76c85b8c3,102210fe594ee9b33d82058545b1ed14f4c8206e,linux1804-64-shippable-qr,microsoft,True,,,,,,,,,,,,,,,,,,,,,,,,,,,,,,,,,,,,,,,,,,,,,,,,,,TN,,,,,,,,,,
,1723578554,2023-07-09 11:37:17,202.6,60d4eb46c8b40ab0cd000c9ef298c63c45539be7,1269836,autoland,ContentfulSpeedIndex,True,microsoft ContentfulSpeedIndex opt fission warm webrender,,77,ms,firefox,False,|f|i|s|s|i|o|n| |w|a|r|m| |w|e|b|r|e|n|d|e|r|,,3776889,13,9b3df14599f65e991e2c4a5eaba7ebe76c85b8c3,102210fe594ee9b33d82058545b1ed14f4c8206e,linux1804-64-shippable-qr,microsoft,True,,,,,,,,,,,,,,,,,,,,,,,,,,,,,,,,,,,,,,,,,,,,,,,,,,TN,,,,,,,,,,
,1723631340,2023-07-09 16:14:27,206.5,38657e8c266f862cee349b298d0679f6617a8a63,1269855,autoland,ContentfulSpeedIndex,True,microsoft ContentfulSpeedIndex opt fission warm webrender,,77,ms,firefox,False,|f|i|s|s|i|o|n| |w|a|r|m| |w|e|b|r|e|n|d|e|r|,,3776889,13,9b3df14599f65e991e2c4a5eaba7ebe76c85b8c3,102210fe594ee9b33d82058545b1ed14f4c8206e,linux1804-64-shippable-qr,microsoft,True,,,,,,,,,,,,,,,,,,,,,,,,,,,,,,,,,,,,,,,,,,,,,,,,,,TN,,,,,,,,,,
,1723657755,2023-07-09 17:38:49,208.7,91d2d276f13316b73f0fed743d543009fcfade03,1269870,autoland,ContentfulSpeedIndex,True,microsoft ContentfulSpeedIndex opt fission warm webrender,,77,ms,firefox,False,|f|i|s|s|i|o|n| |w|a|r|m| |w|e|b|r|e|n|d|e|r|,,3776889,13,9b3df14599f65e991e2c4a5eaba7ebe76c85b8c3,102210fe594ee9b33d82058545b1ed14f4c8206e,linux1804-64-shippable-qr,microsoft,True,,,,,,,,,,,,,,,,,,,,,,,,,,,,,,,,,,,,,,,,,,,,,,,,,,TN,,,,,,,,,,
,1723730352,2023-07-09 22:03:27,206.5,5497748101b60ab9149d6616e70cabc4c11c6cb5,1269918,autoland,ContentfulSpeedIndex,True,microsoft ContentfulSpeedIndex opt fission warm webrender,,77,ms,firefox,False,|f|i|s|s|i|o|n| |w|a|r|m| |w|e|b|r|e|n|d|e|r|,,3776889,13,9b3df14599f65e991e2c4a5eaba7ebe76c85b8c3,102210fe594ee9b33d82058545b1ed14f4c8206e,linux1804-64-shippable-qr,microsoft,True,,,,,,,,,,,,,,,,,,,,,,,,,,,,,,,,,,,,,,,,,,,,,,,,,,TN,,,,,,,,,,
,1723832647,2023-07-10 02:33:11,208.0,aaa3698312c56a08a7b405178ee462fe3c2a30e7,1269963,autoland,ContentfulSpeedIndex,True,microsoft ContentfulSpeedIndex opt fission warm webrender,,77,ms,firefox,False,|f|i|s|s|i|o|n| |w|a|r|m| |w|e|b|r|e|n|d|e|r|,,3776889,13,9b3df14599f65e991e2c4a5eaba7ebe76c85b8c3,102210fe594ee9b33d82058545b1ed14f4c8206e,linux1804-64-shippable-qr,microsoft,True,,,,,,,,,,,,,,,,,,,,,,,,,,,,,,,,,,,,,,,,,,,,,,,,,,TN,,,,,,,,,,
,1723900650,2023-07-10 08:51:48,208.1,7313b6429e48b58bd38ab3be47999be475f2ba6b,1270053,autoland,ContentfulSpeedIndex,True,microsoft ContentfulSpeedIndex opt fission warm webrender,,77,ms,firefox,False,|f|i|s|s|i|o|n| |w|a|r|m| |w|e|b|r|e|n|d|e|r|,,3776889,13,9b3df14599f65e991e2c4a5eaba7ebe76c85b8c3,102210fe594ee9b33d82058545b1ed14f4c8206e,linux1804-64-shippable-qr,microsoft,True,,,,,,,,,,,,,,,,,,,,,,,,,,,,,,,,,,,,,,,,,,,,,,,,,,TN,,,,,,,,,,
,1724010144,2023-07-10 13:07:04,217.3,70fb59178ff21c468afeb592869c28371401db6a,1270176,autoland,ContentfulSpeedIndex,True,microsoft ContentfulSpeedIndex opt fission warm webrender,,77,ms,firefox,False,|f|i|s|s|i|o|n| |w|a|r|m| |w|e|b|r|e|n|d|e|r|,,3776889,13,9b3df14599f65e991e2c4a5eaba7ebe76c85b8c3,102210fe594ee9b33d82058545b1ed14f4c8206e,linux1804-64-shippable-qr,microsoft,True,,,,,,,,,,,,,,,,,,,,,,,,,,,,,,,,,,,,,,,,,,,,,,,,,,TN,,,,,,,,,,
,1724050650,2023-07-10 14:01:57,208.8,e31033710cfe590d9e7deda75757f71ddef34207,1270199,autoland,ContentfulSpeedIndex,True,microsoft ContentfulSpeedIndex opt fission warm webrender,,77,ms,firefox,False,|f|i|s|s|i|o|n| |w|a|r|m| |w|e|b|r|e|n|d|e|r|,,3776889,13,9b3df14599f65e991e2c4a5eaba7ebe76c85b8c3,102210fe594ee9b33d82058545b1ed14f4c8206e,linux1804-64-shippable-qr,microsoft,True,,,,,,,,,,,,,,,,,,,,,,,,,,,,,,,,,,,,,,,,,,,,,,,,,,TN,,,,,,,,,,
,1724187301,2023-07-10 18:14:55,214.9,1c909f267af625b4c370b6735113e1cafc94bbad,1270330,autoland,ContentfulSpeedIndex,True,microsoft ContentfulSpeedIndex opt fission warm webrender,,77,ms,firefox,False,|f|i|s|s|i|o|n| |w|a|r|m| |w|e|b|r|e|n|d|e|r|,,3776889,13,9b3df14599f65e991e2c4a5eaba7ebe76c85b8c3,102210fe594ee9b33d82058545b1ed14f4c8206e,linux1804-64-shippable-qr,microsoft,True,,,,,,,,,,,,,,,,,,,,,,,,,,,,,,,,,,,,,,,,,,,,,,,,,,TN,,,,,,,,,,
,1724403858,2023-07-10 18:29:35,222.1,30b26799c81ba6f393a26ac1dec94fc65c700ae2,1270336,autoland,ContentfulSpeedIndex,True,microsoft ContentfulSpeedIndex opt fission warm webrender,,77,ms,firefox,False,|f|i|s|s|i|o|n| |w|a|r|m| |w|e|b|r|e|n|d|e|r|,,3776889,13,9b3df14599f65e991e2c4a5eaba7ebe76c85b8c3,102210fe594ee9b33d82058545b1ed14f4c8206e,linux1804-64-shippable-qr,microsoft,True,,,,,,,,,,,,,,,,,,,,,,,,,,,,,,,,,,,,,,,,,,,,,,,,,,TN,,,,,,,,,,
,1724411175,2023-07-10 18:33:19,208.4,96f24646390be39f604f0815e8fdc2560d4608be,1270340,autoland,ContentfulSpeedIndex,True,microsoft ContentfulSpeedIndex opt fission warm webrender,,77,ms,firefox,False,|f|i|s|s|i|o|n| |w|a|r|m| |w|e|b|r|e|n|d|e|r|,,3776889,13,9b3df14599f65e991e2c4a5eaba7ebe76c85b8c3,102210fe594ee9b33d82058545b1ed14f4c8206e,linux1804-64-shippable-qr,microsoft,True,,,,,,,,,,,,,,,,,,,,,,,,,,,,,,,,,,,,,,,,,,,,,,,,,,TN,,,,,,,,,,
,1724274621,2023-07-10 19:48:56,208.3,923b28f88778b9de2f2a694c75dcb313148c0fc5,1270385,autoland,ContentfulSpeedIndex,True,microsoft ContentfulSpeedIndex opt fission warm webrender,,77,ms,firefox,False,|f|i|s|s|i|o|n| |w|a|r|m| |w|e|b|r|e|n|d|e|r|,,3776889,13,9b3df14599f65e991e2c4a5eaba7ebe76c85b8c3,102210fe594ee9b33d82058545b1ed14f4c8206e,linux1804-64-shippable-qr,microsoft,True,,,,,,,,,,,,,,,,,,,,,,,,,,,,,,,,,,,,,,,,,,,,,,,,,,TN,,,,,,,,,,
,1724341672,2023-07-11 01:42:54,212.8,b6a3e16c65e1298418f1aaf966dd3071d644075b,1270560,autoland,ContentfulSpeedIndex,True,microsoft ContentfulSpeedIndex opt fission warm webrender,,77,ms,firefox,False,|f|i|s|s|i|o|n| |w|a|r|m| |w|e|b|r|e|n|d|e|r|,,3776889,13,9b3df14599f65e991e2c4a5eaba7ebe76c85b8c3,102210fe594ee9b33d82058545b1ed14f4c8206e,linux1804-64-shippable-qr,microsoft,True,,,,,,,,,,,,,,,,,,,,,,,,,,,,,,,,,,,,,,,,,,,,,,,,,,TN,,,,,,,,,,
,1724437894,2023-07-11 06:35:00,203.5,bd6b3707b0b4eb7dd36fd65f81325cd71a20ab43,1270619,autoland,ContentfulSpeedIndex,True,microsoft ContentfulSpeedIndex opt fission warm webrender,,77,ms,firefox,False,|f|i|s|s|i|o|n| |w|a|r|m| |w|e|b|r|e|n|d|e|r|,,3776889,13,9b3df14599f65e991e2c4a5eaba7ebe76c85b8c3,102210fe594ee9b33d82058545b1ed14f4c8206e,linux1804-64-shippable-qr,microsoft,True,,,,,,,,,,,,,,,,,,,,,,,,,,,,,,,,,,,,,,,,,,,,,,,,,,TN,,,,,,,,,,
,1724490318,2023-07-11 08:55:46,210.9,6f3d3f416c953a7c5f64b907c4afb5906a1868a3,1270644,autoland,ContentfulSpeedIndex,True,microsoft ContentfulSpeedIndex opt fission warm webrender,,77,ms,firefox,False,|f|i|s|s|i|o|n| |w|a|r|m| |w|e|b|r|e|n|d|e|r|,,3776889,13,9b3df14599f65e991e2c4a5eaba7ebe76c85b8c3,102210fe594ee9b33d82058545b1ed14f4c8206e,linux1804-64-shippable-qr,microsoft,True,,,,,,,,,,,,,,,,,,,,,,,,,,,,,,,,,,,,,,,,,,,,,,,,,,TN,,,,,,,,,,
,1724615586,2023-07-11 13:33:02,207.1,0c47c1159e0a060ee709f9f8f854bfad27f86c85,1270792,autoland,ContentfulSpeedIndex,True,microsoft ContentfulSpeedIndex opt fission warm webrender,,77,ms,firefox,False,|f|i|s|s|i|o|n| |w|a|r|m| |w|e|b|r|e|n|d|e|r|,,3776889,13,9b3df14599f65e991e2c4a5eaba7ebe76c85b8c3,102210fe594ee9b33d82058545b1ed14f4c8206e,linux1804-64-shippable-qr,microsoft,True,,,,,,,,,,,,,,,,,,,,,,,,,,,,,,,,,,,,,,,,,,,,,,,,,,TN,,,,,,,,,,
,1724631705,2023-07-11 14:06:52,206.9,3100a08eeee126bc592700ba015d42a4eeabd552,1270802,autoland,ContentfulSpeedIndex,True,microsoft ContentfulSpeedIndex opt fission warm webrender,,77,ms,firefox,False,|f|i|s|s|i|o|n| |w|a|r|m| |w|e|b|r|e|n|d|e|r|,,3776889,13,9b3df14599f65e991e2c4a5eaba7ebe76c85b8c3,102210fe594ee9b33d82058545b1ed14f4c8206e,linux1804-64-shippable-qr,microsoft,True,,,,,,,,,,,,,,,,,,,,,,,,,,,,,,,,,,,,,,,,,,,,,,,,,,TN,,,,,,,,,,
,1724790350,2023-07-11 18:36:01,207.5,87db7bb709335405232188624e8b3fa9990fd678,1270977,autoland,ContentfulSpeedIndex,True,microsoft ContentfulSpeedIndex opt fission warm webrender,,77,ms,firefox,False,|f|i|s|s|i|o|n| |w|a|r|m| |w|e|b|r|e|n|d|e|r|,,3776889,13,9b3df14599f65e991e2c4a5eaba7ebe76c85b8c3,102210fe594ee9b33d82058545b1ed14f4c8206e,linux1804-64-shippable-qr,microsoft,True,,,,,,,,,,,,,,,,,,,,,,,,,,,,,,,,,,,,,,,,,,,,,,,,,,TN,,,,,,,,,,
,1724859050,2023-07-11 22:00:07,210.0,799309422d5f66cd280bc2aa8f49a203faaf670f,1271127,autoland,ContentfulSpeedIndex,True,microsoft ContentfulSpeedIndex opt fission warm webrender,,77,ms,firefox,False,|f|i|s|s|i|o|n| |w|a|r|m| |w|e|b|r|e|n|d|e|r|,,3776889,13,9b3df14599f65e991e2c4a5eaba7ebe76c85b8c3,102210fe594ee9b33d82058545b1ed14f4c8206e,linux1804-64-shippable-qr,microsoft,True,,,,,,,,,,,,,,,,,,,,,,,,,,,,,,,,,,,,,,,,,,,,,,,,,,TN,,,,,,,,,,
,1724942445,2023-07-12 03:43:13,205.7,409794f954d9150f8da58e49d75898a655aca25d,1271221,autoland,ContentfulSpeedIndex,True,microsoft ContentfulSpeedIndex opt fission warm webrender,,77,ms,firefox,False,|f|i|s|s|i|o|n| |w|a|r|m| |w|e|b|r|e|n|d|e|r|,,3776889,13,9b3df14599f65e991e2c4a5eaba7ebe76c85b8c3,102210fe594ee9b33d82058545b1ed14f4c8206e,linux1804-64-shippable-qr,microsoft,True,,,,,,,,,,,,,,,,,,,,,,,,,,,,,,,,,,,,,,,,,,,,,,,,,,TN,,,,,,,,,,
,1725001421,2023-07-12 07:41:52,206.6,3df39b644daab1c941ea8f68e6f1e1018058b95e,1271289,autoland,ContentfulSpeedIndex,True,microsoft ContentfulSpeedIndex opt fission warm webrender,,77,ms,firefox,False,|f|i|s|s|i|o|n| |w|a|r|m| |w|e|b|r|e|n|d|e|r|,,3776889,13,9b3df14599f65e991e2c4a5eaba7ebe76c85b8c3,102210fe594ee9b33d82058545b1ed14f4c8206e,linux1804-64-shippable-qr,microsoft,True,,,,,,,,,,,,,,,,,,,,,,,,,,,,,,,,,,,,,,,,,,,,,,,,,,TN,,,,,,,,,,
,1725111864,2023-07-12 11:57:10,207.9,323cd57deb4d5a322c892f49b9141687d7561c0b,1271397,autoland,ContentfulSpeedIndex,True,microsoft ContentfulSpeedIndex opt fission warm webrender,,77,ms,firefox,False,|f|i|s|s|i|o|n| |w|a|r|m| |w|e|b|r|e|n|d|e|r|,,3776889,13,9b3df14599f65e991e2c4a5eaba7ebe76c85b8c3,102210fe594ee9b33d82058545b1ed14f4c8206e,linux1804-64-shippable-qr,microsoft,True,,,,,,,,,,,,,,,,,,,,,,,,,,,,,,,,,,,,,,,,,,,,,,,,,,TN,,,,,,,,,,
,1725183881,2023-07-12 14:40:04,209.0,09a138b12b3b18e85b4234788a6f92fa756908af,1271467,autoland,ContentfulSpeedIndex,True,microsoft ContentfulSpeedIndex opt fission warm webrender,,77,ms,firefox,False,|f|i|s|s|i|o|n| |w|a|r|m| |w|e|b|r|e|n|d|e|r|,,3776889,13,9b3df14599f65e991e2c4a5eaba7ebe76c85b8c3,102210fe594ee9b33d82058545b1ed14f4c8206e,linux1804-64-shippable-qr,microsoft,True,,,,,,,,,,,,,,,,,,,,,,,,,,,,,,,,,,,,,,,,,,,,,,,,,,TN,,,,,,,,,,
,1725261971,2023-07-12 19:44:39,216.5,5af60a4168846b5be7576faecbb5050fa6d965cf,1271665,autoland,ContentfulSpeedIndex,True,microsoft ContentfulSpeedIndex opt fission warm webrender,,77,ms,firefox,False,|f|i|s|s|i|o|n| |w|a|r|m| |w|e|b|r|e|n|d|e|r|,,3776889,13,9b3df14599f65e991e2c4a5eaba7ebe76c85b8c3,102210fe594ee9b33d82058545b1ed14f4c8206e,linux1804-64-shippable-qr,microsoft,True,,,,,,,,,,,,,,,,,,,,,,,,,,,,,,,,,,,,,,,,,,,,,,,,,,TN,,,,,,,,,,
,1725384114,2023-07-13 04:00:14,210.8,0724fde82b2fe250010f13a500b6c525eaf3abb5,1271916,autoland,ContentfulSpeedIndex,True,microsoft ContentfulSpeedIndex opt fission warm webrender,,77,ms,firefox,False,|f|i|s|s|i|o|n| |w|a|r|m| |w|e|b|r|e|n|d|e|r|,,3776889,13,9b3df14599f65e991e2c4a5eaba7ebe76c85b8c3,102210fe594ee9b33d82058545b1ed14f4c8206e,linux1804-64-shippable-qr,microsoft,True,,,,,,,,,,,,,,,,,,,,,,,,,,,,,,,,,,,,,,,,,,,,,,,,,,TN,,,,,,,,,,
,1725559420,2023-07-13 11:47:10,206.8,1bfb25414a090700f286cd06319e91cb9ac6e336,1272070,autoland,ContentfulSpeedIndex,True,microsoft ContentfulSpeedIndex opt fission warm webrender,,77,ms,firefox,False,|f|i|s|s|i|o|n| |w|a|r|m| |w|e|b|r|e|n|d|e|r|,,3776889,13,9b3df14599f65e991e2c4a5eaba7ebe76c85b8c3,102210fe594ee9b33d82058545b1ed14f4c8206e,linux1804-64-shippable-qr,microsoft,True,,,,,,,,,,,,,,,,,,,,,,,,,,,,,,,,,,,,,,,,,,,,,,,,,,TN,,,,,,,,,,
,1725681938,2023-07-13 14:50:19,212.1,411654dc3bffdf2358079fc20c662dc3c58a2363,1272192,autoland,ContentfulSpeedIndex,True,microsoft ContentfulSpeedIndex opt fission warm webrender,,77,ms,firefox,False,|f|i|s|s|i|o|n| |w|a|r|m| |w|e|b|r|e|n|d|e|r|,,3776889,13,9b3df14599f65e991e2c4a5eaba7ebe76c85b8c3,102210fe594ee9b33d82058545b1ed14f4c8206e,linux1804-64-shippable-qr,microsoft,True,,,,,,,,,,,,,,,,,,,,,,,,,,,,,,,,,,,,,,,,,,,,,,,,,,TN,,,,,,,,,,
,1725812131,2023-07-13 19:23:25,206.1,93efae7712c8170b189d6e2d626af9bc74ee9f33,1272383,autoland,ContentfulSpeedIndex,True,microsoft ContentfulSpeedIndex opt fission warm webrender,,77,ms,firefox,False,|f|i|s|s|i|o|n| |w|a|r|m| |w|e|b|r|e|n|d|e|r|,,3776889,13,9b3df14599f65e991e2c4a5eaba7ebe76c85b8c3,102210fe594ee9b33d82058545b1ed14f4c8206e,linux1804-64-shippable-qr,microsoft,True,,,,,,,,,,,,,,,,,,,,,,,,,,,,,,,,,,,,,,,,,,,,,,,,,,TN,,,,,,,,,,
,1725977118,2023-07-13 19:24:59,210.5,bbf3c24cbbc7b98b52113accc0c5cd377e1bb198,1272385,autoland,ContentfulSpeedIndex,True,microsoft ContentfulSpeedIndex opt fission warm webrender,,77,ms,firefox,False,|f|i|s|s|i|o|n| |w|a|r|m| |w|e|b|r|e|n|d|e|r|,,3776889,13,9b3df14599f65e991e2c4a5eaba7ebe76c85b8c3,102210fe594ee9b33d82058545b1ed14f4c8206e,linux1804-64-shippable-qr,microsoft,True,,,,,,,,,,,,,,,,,,,,,,,,,,,,,,,,,,,,,,,,,,,,,,,,,,TN,,,,,,,,,,
,1726020942,2023-07-13 19:30:44,214.9,1feed58581ba17fdd979df109fe14c7a2b3d9843,1272388,autoland,ContentfulSpeedIndex,True,microsoft ContentfulSpeedIndex opt fission warm webrender,,77,ms,firefox,False,|f|i|s|s|i|o|n| |w|a|r|m| |w|e|b|r|e|n|d|e|r|,,3776889,13,9b3df14599f65e991e2c4a5eaba7ebe76c85b8c3,102210fe594ee9b33d82058545b1ed14f4c8206e,linux1804-64-shippable-qr,microsoft,True,,,,,,,,,,,,,,,,,,,,,,,,,,,,,,,,,,,,,,,,,,,,,,,,,,TN,,,,,,,,,,
,1725913704,2023-07-13 23:46:26,205.2,d7363bddf2b82c4f02c60bf1f3236c1853a1d788,1272530,autoland,ContentfulSpeedIndex,True,microsoft ContentfulSpeedIndex opt fission warm webrender,,77,ms,firefox,False,|f|i|s|s|i|o|n| |w|a|r|m| |w|e|b|r|e|n|d|e|r|,,3776889,13,9b3df14599f65e991e2c4a5eaba7ebe76c85b8c3,102210fe594ee9b33d82058545b1ed14f4c8206e,linux1804-64-shippable-qr,microsoft,True,,,,,,,,,,,,,,,,,,,,,,,,,,,,,,,,,,,,,,,,,,,,,,,,,,TN,,,,,,,,,,
,1725924189,2023-07-14 00:33:08,202.7,ce811b4b8e62538cba1620fbe1f66b6963a00103,1272546,autoland,ContentfulSpeedIndex,True,microsoft ContentfulSpeedIndex opt fission warm webrender,,77,ms,firefox,False,|f|i|s|s|i|o|n| |w|a|r|m| |w|e|b|r|e|n|d|e|r|,,3776889,13,9b3df14599f65e991e2c4a5eaba7ebe76c85b8c3,102210fe594ee9b33d82058545b1ed14f4c8206e,linux1804-64-shippable-qr,microsoft,True,,,,,,,,,,,,,,,,,,,,,,,,,,,,,,,,,,,,,,,,,,,,,,,,,,TN,,,,,,,,,,
,1725988937,2023-07-14 05:34:55,207.9,196cda3a105202c8969a926a0637db0e0014c07d,1272621,autoland,ContentfulSpeedIndex,True,microsoft ContentfulSpeedIndex opt fission warm webrender,,77,ms,firefox,False,|f|i|s|s|i|o|n| |w|a|r|m| |w|e|b|r|e|n|d|e|r|,,3776889,13,9b3df14599f65e991e2c4a5eaba7ebe76c85b8c3,102210fe594ee9b33d82058545b1ed14f4c8206e,linux1804-64-shippable-qr,microsoft,True,,,,,,,,,,,,,,,,,,,,,,,,,,,,,,,,,,,,,,,,,,,,,,,,,,TN,,,,,,,,,,
,1726119877,2023-07-14 08:41:57,206.9,2c2b2040f7a3a963eaf19ecd574a96682fb4e6c3,1272676,autoland,ContentfulSpeedIndex,True,microsoft ContentfulSpeedIndex opt fission warm webrender,,77,ms,firefox,False,|f|i|s|s|i|o|n| |w|a|r|m| |w|e|b|r|e|n|d|e|r|,,3776889,13,9b3df14599f65e991e2c4a5eaba7ebe76c85b8c3,102210fe594ee9b33d82058545b1ed14f4c8206e,linux1804-64-shippable-qr,microsoft,True,,,,,,,,,,,,,,,,,,,,,,,,,,,,,,,,,,,,,,,,,,,,,,,,,,TN,,,,,,,,,,
,1726186652,2023-07-14 12:49:37,209.6,f04d14e8c457c340e7bb0c8955b7a42e3ed32c84,1272721,autoland,ContentfulSpeedIndex,True,microsoft ContentfulSpeedIndex opt fission warm webrender,,77,ms,firefox,False,|f|i|s|s|i|o|n| |w|a|r|m| |w|e|b|r|e|n|d|e|r|,,3776889,13,9b3df14599f65e991e2c4a5eaba7ebe76c85b8c3,102210fe594ee9b33d82058545b1ed14f4c8206e,linux1804-64-shippable-qr,microsoft,True,,,,,,,,,,,,,,,,,,,,,,,,,,,,,,,,,,,,,,,,,,,,,,,,,,TN,,,,,,,,,,
,1726314810,2023-07-14 16:10:08,209.5,379fa15b7cfddd1f92027d8c39b32706dc0f59a8,1272833,autoland,ContentfulSpeedIndex,True,microsoft ContentfulSpeedIndex opt fission warm webrender,,77,ms,firefox,False,|f|i|s|s|i|o|n| |w|a|r|m| |w|e|b|r|e|n|d|e|r|,,3776889,13,9b3df14599f65e991e2c4a5eaba7ebe76c85b8c3,102210fe594ee9b33d82058545b1ed14f4c8206e,linux1804-64-shippable-qr,microsoft,True,,,,,,,,,,,,,,,,,,,,,,,,,,,,,,,,,,,,,,,,,,,,,,,,,,TN,,,,,,,,,,
,1726472729,2023-07-14 21:22:48,212.5,f65db437bbbe4d54d073843c79519c0a373ada5c,1272987,autoland,ContentfulSpeedIndex,True,microsoft ContentfulSpeedIndex opt fission warm webrender,,77,ms,firefox,False,|f|i|s|s|i|o|n| |w|a|r|m| |w|e|b|r|e|n|d|e|r|,,3776889,13,9b3df14599f65e991e2c4a5eaba7ebe76c85b8c3,102210fe594ee9b33d82058545b1ed14f4c8206e,linux1804-64-shippable-qr,microsoft,True,,,,,,,,,,,,,,,,,,,,,,,,,,,,,,,,,,,,,,,,,,,,,,,,,,TN,,,,,,,,,,
,1726495138,2023-07-14 22:30:09,213.5,2fa0f2941257f51a55bcabee0f1913fe395266b0,1273018,autoland,ContentfulSpeedIndex,True,microsoft ContentfulSpeedIndex opt fission warm webrender,,77,ms,firefox,False,|f|i|s|s|i|o|n| |w|a|r|m| |w|e|b|r|e|n|d|e|r|,,3776889,13,9b3df14599f65e991e2c4a5eaba7ebe76c85b8c3,102210fe594ee9b33d82058545b1ed14f4c8206e,linux1804-64-shippable-qr,microsoft,True,,,,,,,,,,,,,,,,,,,,,,,,,,,,,,,,,,,,,,,,,,,,,,,,,,TN,,,,,,,,,,
,1726525772,2023-07-15 02:41:28,216.8,1e09c6aabfcd1088a923373e95d74f457e863755,1273070,autoland,ContentfulSpeedIndex,True,microsoft ContentfulSpeedIndex opt fission warm webrender,,77,ms,firefox,False,|f|i|s|s|i|o|n| |w|a|r|m| |w|e|b|r|e|n|d|e|r|,,3776889,13,9b3df14599f65e991e2c4a5eaba7ebe76c85b8c3,102210fe594ee9b33d82058545b1ed14f4c8206e,linux1804-64-shippable-qr,microsoft,True,,,,,,,,,,,,,,,,,,,,,,,,,,,,,,,,,,,,,,,,,,,,,,,,,,TN,,,,,,,,,,
,1726591153,2023-07-15 12:36:57,208.5,3a71e5ba50017ceb558d246e6ea58f8d5a57a3af,1273110,autoland,ContentfulSpeedIndex,True,microsoft ContentfulSpeedIndex opt fission warm webrender,,77,ms,firefox,False,|f|i|s|s|i|o|n| |w|a|r|m| |w|e|b|r|e|n|d|e|r|,,3776889,13,9b3df14599f65e991e2c4a5eaba7ebe76c85b8c3,102210fe594ee9b33d82058545b1ed14f4c8206e,linux1804-64-shippable-qr,microsoft,True,,,,,,,,,,,,,,,,,,,,,,,,,,,,,,,,,,,,,,,,,,,,,,,,,,TN,,,,,,,,,,
,1726630112,2023-07-15 18:59:02,209.3,23e9067195200f00248b6c027bfae113965bf3ea,1273125,autoland,ContentfulSpeedIndex,True,microsoft ContentfulSpeedIndex opt fission warm webrender,,77,ms,firefox,False,|f|i|s|s|i|o|n| |w|a|r|m| |w|e|b|r|e|n|d|e|r|,,3776889,13,9b3df14599f65e991e2c4a5eaba7ebe76c85b8c3,102210fe594ee9b33d82058545b1ed14f4c8206e,linux1804-64-shippable-qr,microsoft,True,,,,,,,,,,,,,,,,,,,,,,,,,,,,,,,,,,,,,,,,,,,,,,,,,,TN,,,,,,,,,,
,1726680139,2023-07-16 02:22:04,217.0,29be5ceedcdd2e835a383389153d9264d9b81217,1273151,autoland,ContentfulSpeedIndex,True,microsoft ContentfulSpeedIndex opt fission warm webrender,,77,ms,firefox,False,|f|i|s|s|i|o|n| |w|a|r|m| |w|e|b|r|e|n|d|e|r|,,3776889,13,9b3df14599f65e991e2c4a5eaba7ebe76c85b8c3,102210fe594ee9b33d82058545b1ed14f4c8206e,linux1804-64-shippable-qr,microsoft,True,,,,,,,,,,,,,,,,,,,,,,,,,,,,,,,,,,,,,,,,,,,,,,,,,,TN,,,,,,,,,,
,1726775944,2023-07-16 17:40:24,220.3,2d64faa1590722f6ec14781ee5e175a2c875171c,1273186,autoland,ContentfulSpeedIndex,True,microsoft ContentfulSpeedIndex opt fission warm webrender,,77,ms,firefox,False,|f|i|s|s|i|o|n| |w|a|r|m| |w|e|b|r|e|n|d|e|r|,,3776889,13,9b3df14599f65e991e2c4a5eaba7ebe76c85b8c3,102210fe594ee9b33d82058545b1ed14f4c8206e,linux1804-64-shippable-qr,microsoft,True,,,,,,,,,,,,,,,,,,,,,,,,,,,,,,,,,,,,,,,,,,,,,,,,,,TN,,,,,,,,,,
,1726900131,2023-07-17 10:08:58,213.2,ef60c7cdcb76172f1caf579529cf9fb756de4dbd,1273362,autoland,ContentfulSpeedIndex,True,microsoft ContentfulSpeedIndex opt fission warm webrender,,77,ms,firefox,False,|f|i|s|s|i|o|n| |w|a|r|m| |w|e|b|r|e|n|d|e|r|,,3776889,13,9b3df14599f65e991e2c4a5eaba7ebe76c85b8c3,102210fe594ee9b33d82058545b1ed14f4c8206e,linux1804-64-shippable-qr,microsoft,True,,,,,,,,,,,,,,,,,,,,,,,,,,,,,,,,,,,,,,,,,,,,,,,,,,TN,,,,,,,,,,
,1727313820,2023-07-17 10:10:51,205.2,953e77c13acb077960f863612d3036a0d8724008,1273366,autoland,ContentfulSpeedIndex,True,microsoft ContentfulSpeedIndex opt fission warm webrender,,77,ms,firefox,False,|f|i|s|s|i|o|n| |w|a|r|m| |w|e|b|r|e|n|d|e|r|,,3776889,13,9b3df14599f65e991e2c4a5eaba7ebe76c85b8c3,102210fe594ee9b33d82058545b1ed14f4c8206e,linux1804-64-shippable-qr,microsoft,True,,,,,,,,,,,,,,,,,,,,,,,,,,,,,,,,,,,,,,,,,,,,,,,,,,TN,,,,,,,,,,
,1727342091,2023-07-17 11:01:52,210.9,2a006f66fd1958496f7cae9c174e45a5a5403b1d,1273381,autoland,ContentfulSpeedIndex,True,microsoft ContentfulSpeedIndex opt fission warm webrender,,77,ms,firefox,False,|f|i|s|s|i|o|n| |w|a|r|m| |w|e|b|r|e|n|d|e|r|,,3776889,13,9b3df14599f65e991e2c4a5eaba7ebe76c85b8c3,102210fe594ee9b33d82058545b1ed14f4c8206e,linux1804-64-shippable-qr,microsoft,True,,,,,,,,,,,,,,,,,,,,,,,,,,,,,,,,,,,,,,,,,,,,,,,,,,TN,,,,,,,,,,
,1727240860,2023-07-17 13:42:26,211.4,b80c658a6c19f373d458a6ca866c32d87a5f579b,1273443,autoland,ContentfulSpeedIndex,True,microsoft ContentfulSpeedIndex opt fission warm webrender,,77,ms,firefox,False,|f|i|s|s|i|o|n| |w|a|r|m| |w|e|b|r|e|n|d|e|r|,,3776889,13,9b3df14599f65e991e2c4a5eaba7ebe76c85b8c3,102210fe594ee9b33d82058545b1ed14f4c8206e,linux1804-64-shippable-qr,microsoft,True,,,,,,,,,,,,,,,,,,,,,,,,,,,,,,,,,,,,,,,,,,,,,,,,,,TN,,,,,,,,,,
,1727330300,2023-07-17 13:56:56,214.2,480a4843ee4329760fdea6dff2b457ff8cc95eb9,1273451,autoland,ContentfulSpeedIndex,True,microsoft ContentfulSpeedIndex opt fission warm webrender,,77,ms,firefox,False,|f|i|s|s|i|o|n| |w|a|r|m| |w|e|b|r|e|n|d|e|r|,,3776889,13,9b3df14599f65e991e2c4a5eaba7ebe76c85b8c3,102210fe594ee9b33d82058545b1ed14f4c8206e,linux1804-64-shippable-qr,microsoft,True,,,,,,,,,,,,,,,,,,,,,,,,,,,,,,,,,,,,,,,,,,,,,,,,,,TN,,,,,,,,,,
,1726960918,2023-07-17 14:30:30,221.4,e90e64d1c5a944feafdb48fe3527c9aeeac00ec9,1273474,autoland,ContentfulSpeedIndex,True,microsoft ContentfulSpeedIndex opt fission warm webrender,,77,ms,firefox,False,|f|i|s|s|i|o|n| |w|a|r|m| |w|e|b|r|e|n|d|e|r|,,3776889,13,9b3df14599f65e991e2c4a5eaba7ebe76c85b8c3,102210fe594ee9b33d82058545b1ed14f4c8206e,linux1804-64-shippable-qr,microsoft,True,,,,,,,,,,,,,,,,,,,,,,,,,,,,,,,,,,,,,,,,,,,,,,,,,,TN,,,,,,,,,,
,1727263433,2023-07-17 15:18:16,228.5,c59cb36c74f432b44e7148682b572301b05ed1e0,1273503,autoland,ContentfulSpeedIndex,True,microsoft ContentfulSpeedIndex opt fission warm webrender,,77,ms,firefox,False,|f|i|s|s|i|o|n| |w|a|r|m| |w|e|b|r|e|n|d|e|r|,,3776889,13,9b3df14599f65e991e2c4a5eaba7ebe76c85b8c3,102210fe594ee9b33d82058545b1ed14f4c8206e,linux1804-64-shippable-qr,microsoft,True,,,,,,,,,,,,,,,,,,,,,,,,,,,,,,,,,,,,,,,,,,,,,,,,,,TN,,,,,,,,,,
,1727275390,2023-07-17 15:59:39,210.0,80a9077fa5eadb649347ccfdf256cdc5c647f611,1273518,autoland,ContentfulSpeedIndex,True,microsoft ContentfulSpeedIndex opt fission warm webrender,,77,ms,firefox,False,|f|i|s|s|i|o|n| |w|a|r|m| |w|e|b|r|e|n|d|e|r|,,3776889,13,9b3df14599f65e991e2c4a5eaba7ebe76c85b8c3,102210fe594ee9b33d82058545b1ed14f4c8206e,linux1804-64-shippable-qr,microsoft,True,,,,,,,,,,,,,,,,,,,,,,,,,,,,,,,,,,,,,,,,,,,,,,,,,,TN,,,,,,,,,,
,1727034458,2023-07-17 16:07:24,211.2,01dc0385e5b93df37aef43d60cd1105523eae328,1273529,autoland,ContentfulSpeedIndex,True,microsoft ContentfulSpeedIndex opt fission warm webrender,,77,ms,firefox,False,|f|i|s|s|i|o|n| |w|a|r|m| |w|e|b|r|e|n|d|e|r|,,3776889,13,9b3df14599f65e991e2c4a5eaba7ebe76c85b8c3,102210fe594ee9b33d82058545b1ed14f4c8206e,linux1804-64-shippable-qr,microsoft,True,,,,,,,,,,,,,,,,,,,,,,,,,,,,,,,,,,,,,,,,,,,,,,,,,,TN,,,,,,,,,,
,1727277661,2023-07-17 16:23:13,215.8,49cff8f1d0b45289c21ac815c0e150bdf80b3e3c,1273535,autoland,ContentfulSpeedIndex,True,microsoft ContentfulSpeedIndex opt fission warm webrender,,77,ms,firefox,False,|f|i|s|s|i|o|n| |w|a|r|m| |w|e|b|r|e|n|d|e|r|,,3776889,13,9b3df14599f65e991e2c4a5eaba7ebe76c85b8c3,102210fe594ee9b33d82058545b1ed14f4c8206e,linux1804-64-shippable-qr,microsoft,True,,,,,,,,,,,,,,,,,,,,,,,,,,,,,,,,,,,,,,,,,,,,,,,,,,TN,,,,,,,,,,
,1727141908,2023-07-17 20:04:09,203.6,f2c1249026167b30c81eff3368093a442a915826,1273673,autoland,ContentfulSpeedIndex,True,microsoft ContentfulSpeedIndex opt fission warm webrender,,77,ms,firefox,False,|f|i|s|s|i|o|n| |w|a|r|m| |w|e|b|r|e|n|d|e|r|,,3776889,13,9b3df14599f65e991e2c4a5eaba7ebe76c85b8c3,102210fe594ee9b33d82058545b1ed14f4c8206e,linux1804-64-shippable-qr,microsoft,True,,,,,,,,,,,,,,,,,,,,,,,,,,,,,,,,,,,,,,,,,,,,,,,,,,TN,,,,,,,,,,
,1727211189,2023-07-17 23:40:15,215.8,bbea40f618ed9435d7c989dcb18dc1ba34d55d4c,1273797,autoland,ContentfulSpeedIndex,True,microsoft ContentfulSpeedIndex opt fission warm webrender,,77,ms,firefox,False,|f|i|s|s|i|o|n| |w|a|r|m| |w|e|b|r|e|n|d|e|r|,,3776889,13,9b3df14599f65e991e2c4a5eaba7ebe76c85b8c3,102210fe594ee9b33d82058545b1ed14f4c8206e,linux1804-64-shippable-qr,microsoft,True,,,,,,,,,,,,,,,,,,,,,,,,,,,,,,,,,,,,,,,,,,,,,,,,,,TN,,,,,,,,,,
,1727300117,2023-07-18 04:33:35,217.3,35e42e5979dac0b99828194869d5dc00365b37fb,1273869,autoland,ContentfulSpeedIndex,True,microsoft ContentfulSpeedIndex opt fission warm webrender,,77,ms,firefox,False,|f|i|s|s|i|o|n| |w|a|r|m| |w|e|b|r|e|n|d|e|r|,,3776889,13,9b3df14599f65e991e2c4a5eaba7ebe76c85b8c3,102210fe594ee9b33d82058545b1ed14f4c8206e,linux1804-64-shippable-qr,microsoft,True,,,,,,,,,,,,,,,,,,,,,,,,,,,,,,,,,,,,,,,,,,,,,,,,,,TN,,,,,,,,,,
,1727441165,2023-07-18 08:33:44,208.4,ff623ceacdca87e37ceaa8e2d7f2072d5a7ae7fb,1273935,autoland,ContentfulSpeedIndex,True,microsoft ContentfulSpeedIndex opt fission warm webrender,,77,ms,firefox,False,|f|i|s|s|i|o|n| |w|a|r|m| |w|e|b|r|e|n|d|e|r|,,3776889,13,9b3df14599f65e991e2c4a5eaba7ebe76c85b8c3,102210fe594ee9b33d82058545b1ed14f4c8206e,linux1804-64-shippable-qr,microsoft,True,,,,,,,,,,,,,,,,,,,,,,,,,,,,,,,,,,,,,,,,,,,,,,,,,,TN,,,,,,,,,,
,1727467664,2023-07-18 08:34:31,205.4,ed8bcaa0195e582a53b92eeac99b65a9c1f06da2,1273936,autoland,ContentfulSpeedIndex,True,microsoft ContentfulSpeedIndex opt fission warm webrender,,77,ms,firefox,False,|f|i|s|s|i|o|n| |w|a|r|m| |w|e|b|r|e|n|d|e|r|,,3776889,13,9b3df14599f65e991e2c4a5eaba7ebe76c85b8c3,102210fe594ee9b33d82058545b1ed14f4c8206e,linux1804-64-shippable-qr,microsoft,True,,,,,,,,,,,,,,,,,,,,,,,,,,,,,,,,,,,,,,,,,,,,,,,,,,TN,,,,,,,,,,
,1727537253,2023-07-18 13:03:29,211.0,bcffaa369c722f4ebfa7cb8af6a3fc605e2efa10,1274068,autoland,ContentfulSpeedIndex,True,microsoft ContentfulSpeedIndex opt fission warm webrender,,77,ms,firefox,False,|f|i|s|s|i|o|n| |w|a|r|m| |w|e|b|r|e|n|d|e|r|,,3776889,13,9b3df14599f65e991e2c4a5eaba7ebe76c85b8c3,102210fe594ee9b33d82058545b1ed14f4c8206e,linux1804-64-shippable-qr,microsoft,True,,,,,,,,,,,,,,,,,,,,,,,,,,,,,,,,,,,,,,,,,,,,,,,,,,TN,,,,,,,,,,
,1727557895,2023-07-18 13:45:23,211.0,0de8fdd9abfcc9f9019857d255157b5eb799f98b,1274096,autoland,ContentfulSpeedIndex,True,microsoft ContentfulSpeedIndex opt fission warm webrender,,77,ms,firefox,False,|f|i|s|s|i|o|n| |w|a|r|m| |w|e|b|r|e|n|d|e|r|,,3776889,13,9b3df14599f65e991e2c4a5eaba7ebe76c85b8c3,102210fe594ee9b33d82058545b1ed14f4c8206e,linux1804-64-shippable-qr,microsoft,True,,,,,,,,,,,,,,,,,,,,,,,,,,,,,,,,,,,,,,,,,,,,,,,,,,TN,,,,,,,,,,
,1727663330,2023-07-18 17:24:29,220.8,9330f8cb5765b67a89ac1427300f344a63d42cdc,1274230,autoland,ContentfulSpeedIndex,True,microsoft ContentfulSpeedIndex opt fission warm webrender,,77,ms,firefox,False,|f|i|s|s|i|o|n| |w|a|r|m| |w|e|b|r|e|n|d|e|r|,,3776889,13,9b3df14599f65e991e2c4a5eaba7ebe76c85b8c3,102210fe594ee9b33d82058545b1ed14f4c8206e,linux1804-64-shippable-qr,microsoft,True,,,,,,,,,,,,,,,,,,,,,,,,,,,,,,,,,,,,,,,,,,,,,,,,,,TN,,,,,,,,,,
,1727826604,2023-07-18 22:22:09,217.1,b39dcefbe15f24fbf00da64782588b71ef8277a6,1274408,autoland,ContentfulSpeedIndex,True,microsoft ContentfulSpeedIndex opt fission warm webrender,,77,ms,firefox,False,|f|i|s|s|i|o|n| |w|a|r|m| |w|e|b|r|e|n|d|e|r|,,3776889,13,9b3df14599f65e991e2c4a5eaba7ebe76c85b8c3,102210fe594ee9b33d82058545b1ed14f4c8206e,linux1804-64-shippable-qr,microsoft,True,,,,,,,,,,,,,,,,,,,,,,,,,,,,,,,,,,,,,,,,,,,,,,,,,,TN,,,,,,,,,,
,1727854724,2023-07-18 23:34:55,217.3,a8acb9b8880c2f1c2cf5891e5a20997a21d9d909,1274454,autoland,ContentfulSpeedIndex,True,microsoft ContentfulSpeedIndex opt fission warm webrender,,77,ms,firefox,False,|f|i|s|s|i|o|n| |w|a|r|m| |w|e|b|r|e|n|d|e|r|,,3776889,13,9b3df14599f65e991e2c4a5eaba7ebe76c85b8c3,102210fe594ee9b33d82058545b1ed14f4c8206e,linux1804-64-shippable-qr,microsoft,True,,,,,,,,,,,,,,,,,,,,,,,,,,,,,,,,,,,,,,,,,,,,,,,,,,TN,,,,,,,,,,
,1727952359,2023-07-19 05:12:28,219.1,49a85b3b07e07c1158f9cb0c1f58b67fc2d659f7,1274587,autoland,ContentfulSpeedIndex,True,microsoft ContentfulSpeedIndex opt fission warm webrender,,77,ms,firefox,False,|f|i|s|s|i|o|n| |w|a|r|m| |w|e|b|r|e|n|d|e|r|,,3776889,13,9b3df14599f65e991e2c4a5eaba7ebe76c85b8c3,102210fe594ee9b33d82058545b1ed14f4c8206e,linux1804-64-shippable-qr,microsoft,True,,,,,,,,,,,,,,,,,,,,,,,,,,,,,,,,,,,,,,,,,,,,,,,,,,TN,,,,,,,,,,
,1728032215,2023-07-19 08:12:16,211.4,140d21dede36ec0333dbfd36cf0d1320eee6cba4,1274646,autoland,ContentfulSpeedIndex,True,microsoft ContentfulSpeedIndex opt fission warm webrender,,77,ms,firefox,False,|f|i|s|s|i|o|n| |w|a|r|m| |w|e|b|r|e|n|d|e|r|,,3776889,13,9b3df14599f65e991e2c4a5eaba7ebe76c85b8c3,102210fe594ee9b33d82058545b1ed14f4c8206e,linux1804-64-shippable-qr,microsoft,True,,,,,,,,,,,,,,,,,,,,,,,,,,,,,,,,,,,,,,,,,,,,,,,,,,TN,,,,,,,,,,
,1728248855,2023-07-19 12:13:12,210.9,b8d9ace4647851e162743362d884084c81a969ab,1274744,autoland,ContentfulSpeedIndex,True,microsoft ContentfulSpeedIndex opt fission warm webrender,,77,ms,firefox,False,|f|i|s|s|i|o|n| |w|a|r|m| |w|e|b|r|e|n|d|e|r|,,3776889,13,9b3df14599f65e991e2c4a5eaba7ebe76c85b8c3,102210fe594ee9b33d82058545b1ed14f4c8206e,linux1804-64-shippable-qr,microsoft,True,,,,,,,,,,,,,,,,,,,,,,,,,,,,,,,,,,,,,,,,,,,,,,,,,,TN,,,,,,,,,,
,1728722283,2023-07-19 13:05:01,203.5,c0352b508434cf5db2d851fafc0d3a6f9eb7cc84,1274780,autoland,ContentfulSpeedIndex,True,microsoft ContentfulSpeedIndex opt fission warm webrender,,77,ms,firefox,False,|f|i|s|s|i|o|n| |w|a|r|m| |w|e|b|r|e|n|d|e|r|,,3776889,13,9b3df14599f65e991e2c4a5eaba7ebe76c85b8c3,102210fe594ee9b33d82058545b1ed14f4c8206e,linux1804-64-shippable-qr,microsoft,True,,,,,,,,,,,,,,,,,,,,,,,,,,,,,,,,,,,,,,,,,,,,,,,,,,TN,,,,,,,,,,
,1728725443,2023-07-19 13:06:35,211.2,b4b23feef55a5201adccb65558c2f936b437b03c,1274782,autoland,ContentfulSpeedIndex,True,microsoft ContentfulSpeedIndex opt fission warm webrender,,77,ms,firefox,False,|f|i|s|s|i|o|n| |w|a|r|m| |w|e|b|r|e|n|d|e|r|,,3776889,13,9b3df14599f65e991e2c4a5eaba7ebe76c85b8c3,102210fe594ee9b33d82058545b1ed14f4c8206e,linux1804-64-shippable-qr,microsoft,True,,,,,,,,,,,,,,,,,,,,,,,,,,,,,,,,,,,,,,,,,,,,,,,,,,TN,,,,,,,,,,
,1728343730,2023-07-19 14:37:00,208.6,c1d9936545b5ba143392d27280eb1d56af5ac580,1274851,autoland,ContentfulSpeedIndex,True,microsoft ContentfulSpeedIndex opt fission warm webrender,,77,ms,firefox,False,|f|i|s|s|i|o|n| |w|a|r|m| |w|e|b|r|e|n|d|e|r|,,3776889,13,9b3df14599f65e991e2c4a5eaba7ebe76c85b8c3,102210fe594ee9b33d82058545b1ed14f4c8206e,linux1804-64-shippable-qr,microsoft,True,,,,,,,,,,,,,,,,,,,,,,,,,,,,,,,,,,,,,,,,,,,,,,,,,,TN,,,,,,,,,,
,1728783884,2023-07-19 16:22:57,211.2,42e0b293b3a65df8406e58d9a703707f07ca64e3,1274925,autoland,ContentfulSpeedIndex,True,microsoft ContentfulSpeedIndex opt fission warm webrender,,77,ms,firefox,False,|f|i|s|s|i|o|n| |w|a|r|m| |w|e|b|r|e|n|d|e|r|,,3776889,13,9b3df14599f65e991e2c4a5eaba7ebe76c85b8c3,102210fe594ee9b33d82058545b1ed14f4c8206e,linux1804-64-shippable-qr,microsoft,True,,,,,,,,,,,,,,,,,,,,,,,,,,,,,,,,,,,,,,,,,,,,,,,,,,TN,,,,,,,,,,
,1728795257,2023-07-19 16:24:52,208.2,d05e7eb6194b6ed6a17fa804338e80e604d05426,1274926,autoland,ContentfulSpeedIndex,True,microsoft ContentfulSpeedIndex opt fission warm webrender,,77,ms,firefox,False,|f|i|s|s|i|o|n| |w|a|r|m| |w|e|b|r|e|n|d|e|r|,,3776889,13,9b3df14599f65e991e2c4a5eaba7ebe76c85b8c3,102210fe594ee9b33d82058545b1ed14f4c8206e,linux1804-64-shippable-qr,microsoft,True,,,,,,,,,,,,,,,,,,,,,,,,,,,,,,,,,,,,,,,,,,,,,,,,,,TN,,,,,,,,,,
,1728618348,2023-07-19 18:46:51,203.3,a4cb1e2b9e3d0583fb35c77b1b5a61823240d23a,1275034,autoland,ContentfulSpeedIndex,True,microsoft ContentfulSpeedIndex opt fission warm webrender,,77,ms,firefox,False,|f|i|s|s|i|o|n| |w|a|r|m| |w|e|b|r|e|n|d|e|r|,,3776889,13,9b3df14599f65e991e2c4a5eaba7ebe76c85b8c3,102210fe594ee9b33d82058545b1ed14f4c8206e,linux1804-64-shippable-qr,microsoft,True,,,,,,,,,,,,,,,,,,,,,,,,,,,,,,,,,,,,,,,,,,,,,,,,,,TN,,,,,,,,,,
,1728663429,2023-07-19 22:17:04,217.5,7d1e4a896dd81d294b7bccc7c20345d7c0432b47,1275176,autoland,ContentfulSpeedIndex,True,microsoft ContentfulSpeedIndex opt fission warm webrender,,77,ms,firefox,False,|f|i|s|s|i|o|n| |w|a|r|m| |w|e|b|r|e|n|d|e|r|,,3776889,13,9b3df14599f65e991e2c4a5eaba7ebe76c85b8c3,102210fe594ee9b33d82058545b1ed14f4c8206e,linux1804-64-shippable-qr,microsoft,True,,,,,,,,,,,,,,,,,,,,,,,,,,,,,,,,,,,,,,,,,,,,,,,,,,TN,,,,,,,,,,
,1728735488,2023-07-20 03:34:20,209.9,e73cc92e62dbaf2e2cdb70a1d9890da611a2b772,1275291,autoland,ContentfulSpeedIndex,True,microsoft ContentfulSpeedIndex opt fission warm webrender,,77,ms,firefox,False,|f|i|s|s|i|o|n| |w|a|r|m| |w|e|b|r|e|n|d|e|r|,,3776889,13,9b3df14599f65e991e2c4a5eaba7ebe76c85b8c3,102210fe594ee9b33d82058545b1ed14f4c8206e,linux1804-64-shippable-qr,microsoft,True,,,,,,,,,,,,,,,,,,,,,,,,,,,,,,,,,,,,,,,,,,,,,,,,,,TN,,,,,,,,,,
,1728930833,2023-07-20 07:42:09,208.3,9a6d93f12d75deb2d5f6662ca35347a774d7cd6f,1275344,autoland,ContentfulSpeedIndex,True,microsoft ContentfulSpeedIndex opt fission warm webrender,,77,ms,firefox,False,|f|i|s|s|i|o|n| |w|a|r|m| |w|e|b|r|e|n|d|e|r|,,3776889,13,9b3df14599f65e991e2c4a5eaba7ebe76c85b8c3,102210fe594ee9b33d82058545b1ed14f4c8206e,linux1804-64-shippable-qr,microsoft,True,,,,,,,,,,,,,,,,,,,,,,,,,,,,,,,,,,,,,,,,,,,,,,,,,,TN,,,,,,,,,,
,1729025089,2023-07-20 12:22:04,212.8,0278b86272728b17ade153f25ef5ec4442158066,1275437,autoland,ContentfulSpeedIndex,True,microsoft ContentfulSpeedIndex opt fission warm webrender,,77,ms,firefox,False,|f|i|s|s|i|o|n| |w|a|r|m| |w|e|b|r|e|n|d|e|r|,,3776889,13,9b3df14599f65e991e2c4a5eaba7ebe76c85b8c3,102210fe594ee9b33d82058545b1ed14f4c8206e,linux1804-64-shippable-qr,microsoft,True,,,,,,,,,,,,,,,,,,,,,,,,,,,,,,,,,,,,,,,,,,,,,,,,,,TN,,,,,,,,,,
,1729490106,2023-07-20 13:21:00,209.8,f33e1ce6dcf19e47952f3963c8e970c7c380acd2,1275460,autoland,ContentfulSpeedIndex,True,microsoft ContentfulSpeedIndex opt fission warm webrender,,77,ms,firefox,False,|f|i|s|s|i|o|n| |w|a|r|m| |w|e|b|r|e|n|d|e|r|,,3776889,13,9b3df14599f65e991e2c4a5eaba7ebe76c85b8c3,102210fe594ee9b33d82058545b1ed14f4c8206e,linux1804-64-shippable-qr,microsoft,True,,,,,,,,,,,,,,,,,,,,,,,,,,,,,,,,,,,,,,,,,,,,,,,,,,TN,,,,,,,,,,
,1729480513,2023-07-20 13:24:59,212.9,a90f231791f03487ec9a1beab731726e345264d3,1275463,autoland,ContentfulSpeedIndex,True,microsoft ContentfulSpeedIndex opt fission warm webrender,,77,ms,firefox,False,|f|i|s|s|i|o|n| |w|a|r|m| |w|e|b|r|e|n|d|e|r|,,3776889,13,9b3df14599f65e991e2c4a5eaba7ebe76c85b8c3,102210fe594ee9b33d82058545b1ed14f4c8206e,linux1804-64-shippable-qr,microsoft,True,,,,,,,,,,,,,,,,,,,,,,,,,,,,,,,,,,,,,,,,,,,,,,,,,,TN,,,,,,,,,,
,1729099886,2023-07-20 15:24:57,215.5,0bc898fe076442e9a552e9918f1b50ece1c87859,1275543,autoland,ContentfulSpeedIndex,True,microsoft ContentfulSpeedIndex opt fission warm webrender,,77,ms,firefox,False,|f|i|s|s|i|o|n| |w|a|r|m| |w|e|b|r|e|n|d|e|r|,,3776889,13,9b3df14599f65e991e2c4a5eaba7ebe76c85b8c3,102210fe594ee9b33d82058545b1ed14f4c8206e,linux1804-64-shippable-qr,microsoft,True,,,,,,,,,,,,,,,,,,,,,,,,,,,,,,,,,,,,,,,,,,,,,,,,,,TN,,,,,,,,,,
,1729452950,2023-07-20 15:49:41,203.5,61e3c35c5ec858d73be3f12db7911814c97662d1,1275563,autoland,ContentfulSpeedIndex,True,microsoft ContentfulSpeedIndex opt fission warm webrender,,77,ms,firefox,False,|f|i|s|s|i|o|n| |w|a|r|m| |w|e|b|r|e|n|d|e|r|,,3776889,13,9b3df14599f65e991e2c4a5eaba7ebe76c85b8c3,102210fe594ee9b33d82058545b1ed14f4c8206e,linux1804-64-shippable-qr,microsoft,True,,,,,,,,,,,,,,,,,,,,,,,,,,,,,,,,,,,,,,,,,,,,,,,,,,TN,,,,,,,,,,
,1729499693,2023-07-20 15:57:36,209.7,e19f10f18cc2b743954df29e6df658ad01a8d71f,1275568,autoland,ContentfulSpeedIndex,True,microsoft ContentfulSpeedIndex opt fission warm webrender,,77,ms,firefox,False,|f|i|s|s|i|o|n| |w|a|r|m| |w|e|b|r|e|n|d|e|r|,,3776889,13,9b3df14599f65e991e2c4a5eaba7ebe76c85b8c3,102210fe594ee9b33d82058545b1ed14f4c8206e,linux1804-64-shippable-qr,microsoft,True,,,,,,,,,,,,,,,,,,,,,,,,,,,,,,,,,,,,,,,,,,,,,,,,,,TN,,,,,,,,,,
,1729288419,2023-07-20 19:57:27,188.2,1474bffb9d2bc609c90f59cdbd875d90f152f78b,1275751,autoland,ContentfulSpeedIndex,True,microsoft ContentfulSpeedIndex opt fission warm webrender,,77,ms,firefox,False,|f|i|s|s|i|o|n| |w|a|r|m| |w|e|b|r|e|n|d|e|r|,,3776889,13,9b3df14599f65e991e2c4a5eaba7ebe76c85b8c3,102210fe594ee9b33d82058545b1ed14f4c8206e,linux1804-64-shippable-qr,microsoft,True,,,,,,,,,,,,,,,,,,,,,,,,,,,,,,,,,,,,,,,,,,,,,,,,,,TN,,,,,,,,,,
,1729406261,2023-07-20 23:58:39,218.9,a81b4cfa355314c5644c5a1924408dd57a6451ba,1275867,autoland,ContentfulSpeedIndex,True,microsoft ContentfulSpeedIndex opt fission warm webrender,,77,ms,firefox,False,|f|i|s|s|i|o|n| |w|a|r|m| |w|e|b|r|e|n|d|e|r|,,3776889,13,9b3df14599f65e991e2c4a5eaba7ebe76c85b8c3,102210fe594ee9b33d82058545b1ed14f4c8206e,linux1804-64-shippable-qr,microsoft,True,,,,,,,,,,,,,,,,,,,,,,,,,,,,,,,,,,,,,,,,,,,,,,,,,,TN,,,,,,,,,,
,1729432186,2023-07-21 02:12:29,215.8,561b7f418a4da2b68cf411804f9a6dcc542bf5d4,1275913,autoland,ContentfulSpeedIndex,True,microsoft ContentfulSpeedIndex opt fission warm webrender,,77,ms,firefox,False,|f|i|s|s|i|o|n| |w|a|r|m| |w|e|b|r|e|n|d|e|r|,,3776889,13,9b3df14599f65e991e2c4a5eaba7ebe76c85b8c3,102210fe594ee9b33d82058545b1ed14f4c8206e,linux1804-64-shippable-qr,microsoft,True,,,,,,,,,,,,,,,,,,,,,,,,,,,,,,,,,,,,,,,,,,,,,,,,,,TN,,,,,,,,,,
,1729607833,2023-07-21 09:50:03,212.8,a2fe9197bad582dee22ed11cd3cec32073abcbb1,1276015,autoland,ContentfulSpeedIndex,True,microsoft ContentfulSpeedIndex opt fission warm webrender,,77,ms,firefox,False,|f|i|s|s|i|o|n| |w|a|r|m| |w|e|b|r|e|n|d|e|r|,,3776889,13,9b3df14599f65e991e2c4a5eaba7ebe76c85b8c3,102210fe594ee9b33d82058545b1ed14f4c8206e,linux1804-64-shippable-qr,microsoft,True,,,,,,,,,,,,,,,,,,,,,,,,,,,,,,,,,,,,,,,,,,,,,,,,,,TN,,,,,,,,,,
,1729671918,2023-07-21 13:55:08,208.1,9df47ce85e0472ca3ad7784cdf4c5640950ed7d9,1276152,autoland,ContentfulSpeedIndex,True,microsoft ContentfulSpeedIndex opt fission warm webrender,,77,ms,firefox,False,|f|i|s|s|i|o|n| |w|a|r|m| |w|e|b|r|e|n|d|e|r|,,3776889,13,9b3df14599f65e991e2c4a5eaba7ebe76c85b8c3,102210fe594ee9b33d82058545b1ed14f4c8206e,linux1804-64-shippable-qr,microsoft,True,,,,,,,,,,,,,,,,,,,,,,,,,,,,,,,,,,,,,,,,,,,,,,,,,,TN,,,,,,,,,,
,1729974820,2023-07-21 14:57:13,217.1,b545926f1ae26978c1d882b547b81c46cc2d13b1,1276194,autoland,ContentfulSpeedIndex,True,microsoft ContentfulSpeedIndex opt fission warm webrender,,77,ms,firefox,False,|f|i|s|s|i|o|n| |w|a|r|m| |w|e|b|r|e|n|d|e|r|,,3776889,13,9b3df14599f65e991e2c4a5eaba7ebe76c85b8c3,102210fe594ee9b33d82058545b1ed14f4c8206e,linux1804-64-shippable-qr,microsoft,True,,,,,,,,,,,,,,,,,,,,,,,,,,,,,,,,,,,,,,,,,,,,,,,,,,TN,,,,,,,,,,
,1729968643,2023-07-21 15:37:35,217.1,9fb23e77a86d962610c8be2392b3d05732b94847,1276218,autoland,ContentfulSpeedIndex,True,microsoft ContentfulSpeedIndex opt fission warm webrender,,77,ms,firefox,False,|f|i|s|s|i|o|n| |w|a|r|m| |w|e|b|r|e|n|d|e|r|,,3776889,13,9b3df14599f65e991e2c4a5eaba7ebe76c85b8c3,102210fe594ee9b33d82058545b1ed14f4c8206e,linux1804-64-shippable-qr,microsoft,True,,,,,,,,,,,,,,,,,,,,,,,,,,,,,,,,,,,,,,,,,,,,,,,,,,TN,,,,,,,,,,
,1729755017,2023-07-21 17:11:12,209.7,e289c1fd943bfc8c2973687da74a008f86d9e60f,1276290,autoland,ContentfulSpeedIndex,True,microsoft ContentfulSpeedIndex opt fission warm webrender,,77,ms,firefox,False,|f|i|s|s|i|o|n| |w|a|r|m| |w|e|b|r|e|n|d|e|r|,,3776889,13,9b3df14599f65e991e2c4a5eaba7ebe76c85b8c3,102210fe594ee9b33d82058545b1ed14f4c8206e,linux1804-64-shippable-qr,microsoft,True,,,,,,,,,,,,,,,,,,,,,,,,,,,,,,,,,,,,,,,,,,,,,,,,,,TN,,,,,,,,,,
,1729872342,2023-07-21 21:17:12,213.5,f13e959d38c7e8d9590bbc8d44f95149bbe180d1,1276495,autoland,ContentfulSpeedIndex,True,microsoft ContentfulSpeedIndex opt fission warm webrender,,77,ms,firefox,False,|f|i|s|s|i|o|n| |w|a|r|m| |w|e|b|r|e|n|d|e|r|,,3776889,13,9b3df14599f65e991e2c4a5eaba7ebe76c85b8c3,102210fe594ee9b33d82058545b1ed14f4c8206e,linux1804-64-shippable-qr,microsoft,True,,,,,,,,,,,,,,,,,,,,,,,,,,,,,,,,,,,,,,,,,,,,,,,,,,TN,,,,,,,,,,
,1729890579,2023-07-21 22:20:56,220.5,50344759578b6b2e1851c6a6133121c4d89b4f0d,1276531,autoland,ContentfulSpeedIndex,True,microsoft ContentfulSpeedIndex opt fission warm webrender,,77,ms,firefox,False,|f|i|s|s|i|o|n| |w|a|r|m| |w|e|b|r|e|n|d|e|r|,,3776889,13,9b3df14599f65e991e2c4a5eaba7ebe76c85b8c3,102210fe594ee9b33d82058545b1ed14f4c8206e,linux1804-64-shippable-qr,microsoft,True,,,,,,,,,,,,,,,,,,,,,,,,,,,,,,,,,,,,,,,,,,,,,,,,,,TN,,,,,,,,,,
,1729947175,2023-07-22 03:42:46,211.1,e4939251f81ca8c6a2fb9db3bbd4416e04dff97d,1276588,autoland,ContentfulSpeedIndex,True,microsoft ContentfulSpeedIndex opt fission warm webrender,,77,ms,firefox,False,|f|i|s|s|i|o|n| |w|a|r|m| |w|e|b|r|e|n|d|e|r|,,3776889,13,9b3df14599f65e991e2c4a5eaba7ebe76c85b8c3,102210fe594ee9b33d82058545b1ed14f4c8206e,linux1804-64-shippable-qr,microsoft,True,,,,,,,,,,,,,,,,,,,,,,,,,,,,,,,,,,,,,,,,,,,,,,,,,,TN,,,,,,,,,,
,1730012277,2023-07-22 08:58:42,206.8,c95ec2e13d66e06547002bd008e87bea4f94c022,1276620,autoland,ContentfulSpeedIndex,True,microsoft ContentfulSpeedIndex opt fission warm webrender,,77,ms,firefox,False,|f|i|s|s|i|o|n| |w|a|r|m| |w|e|b|r|e|n|d|e|r|,,3776889,13,9b3df14599f65e991e2c4a5eaba7ebe76c85b8c3,102210fe594ee9b33d82058545b1ed14f4c8206e,linux1804-64-shippable-qr,microsoft,True,,,,,,,,,,,,,,,,,,,,,,,,,,,,,,,,,,,,,,,,,,,,,,,,,,TN,,,,,,,,,,
,1730102292,2023-07-22 14:13:52,216.0,b16351df250c572a14efa126f7702fe104ac9fd7,1276645,autoland,ContentfulSpeedIndex,True,microsoft ContentfulSpeedIndex opt fission warm webrender,,77,ms,firefox,False,|f|i|s|s|i|o|n| |w|a|r|m| |w|e|b|r|e|n|d|e|r|,,3776889,13,9b3df14599f65e991e2c4a5eaba7ebe76c85b8c3,102210fe594ee9b33d82058545b1ed14f4c8206e,linux1804-64-shippable-qr,microsoft,True,,,,,,,,,,,,,,,,,,,,,,,,,,,,,,,,,,,,,,,,,,,,,,,,,,TN,,,,,,,,,,
,1730210800,2023-07-23 02:59:53,211.0,829bb0f62051beedfe5ba05f679d3b6c8e0d1a3b,1276677,autoland,ContentfulSpeedIndex,True,microsoft ContentfulSpeedIndex opt fission warm webrender,,77,ms,firefox,False,|f|i|s|s|i|o|n| |w|a|r|m| |w|e|b|r|e|n|d|e|r|,,3776889,13,9b3df14599f65e991e2c4a5eaba7ebe76c85b8c3,102210fe594ee9b33d82058545b1ed14f4c8206e,linux1804-64-shippable-qr,microsoft,True,,,,,,,,,,,,,,,,,,,,,,,,,,,,,,,,,,,,,,,,,,,,,,,,,,TN,,,,,,,,,,
,1730273088,2023-07-23 12:16:45,213.1,bd6c5007212e7ee9ecc312d4ef096252a9702033,1276689,autoland,ContentfulSpeedIndex,True,microsoft ContentfulSpeedIndex opt fission warm webrender,,77,ms,firefox,False,|f|i|s|s|i|o|n| |w|a|r|m| |w|e|b|r|e|n|d|e|r|,,3776889,13,9b3df14599f65e991e2c4a5eaba7ebe76c85b8c3,102210fe594ee9b33d82058545b1ed14f4c8206e,linux1804-64-shippable-qr,microsoft,True,,,,,,,,,,,,,,,,,,,,,,,,,,,,,,,,,,,,,,,,,,,,,,,,,,TN,,,,,,,,,,
,1730330384,2023-07-23 17:37:04,206.9,2fd3284df4616a8723f5b749c4652a682c7b5372,1276726,autoland,ContentfulSpeedIndex,True,microsoft ContentfulSpeedIndex opt fission warm webrender,,77,ms,firefox,False,|f|i|s|s|i|o|n| |w|a|r|m| |w|e|b|r|e|n|d|e|r|,,3776889,13,9b3df14599f65e991e2c4a5eaba7ebe76c85b8c3,102210fe594ee9b33d82058545b1ed14f4c8206e,linux1804-64-shippable-qr,microsoft,True,,,,,,,,,,,,,,,,,,,,,,,,,,,,,,,,,,,,,,,,,,,,,,,,,,TN,,,,,,,,,,
,1730409426,2023-07-24 00:19:00,207.7,7e5acc812edd3bcb93cfaf76eaab2c3fd6c4d274,1276767,autoland,ContentfulSpeedIndex,True,microsoft ContentfulSpeedIndex opt fission warm webrender,,77,ms,firefox,False,|f|i|s|s|i|o|n| |w|a|r|m| |w|e|b|r|e|n|d|e|r|,,3776889,13,9b3df14599f65e991e2c4a5eaba7ebe76c85b8c3,102210fe594ee9b33d82058545b1ed14f4c8206e,linux1804-64-shippable-qr,microsoft,True,,,,,,,,,,,,,,,,,,,,,,,,,,,,,,,,,,,,,,,,,,,,,,,,,,TN,,,,,,,,,,
,1730432197,2023-07-24 03:08:06,222.0,7b6332c9bce4487c1db3384523b5991fef31e28c,1276802,autoland,ContentfulSpeedIndex,True,microsoft ContentfulSpeedIndex opt fission warm webrender,,77,ms,firefox,False,|f|i|s|s|i|o|n| |w|a|r|m| |w|e|b|r|e|n|d|e|r|,,3776889,13,9b3df14599f65e991e2c4a5eaba7ebe76c85b8c3,102210fe594ee9b33d82058545b1ed14f4c8206e,linux1804-64-shippable-qr,microsoft,True,,,,,,,,,,,,,,,,,,,,,,,,,,,,,,,,,,,,,,,,,,,,,,,,,,TN,,,,,,,,,,
,1730483415,2023-07-24 07:35:58,205.0,91b590f6e608c6c3787304fa0010ce58519bde50,1276834,autoland,ContentfulSpeedIndex,True,microsoft ContentfulSpeedIndex opt fission warm webrender,,77,ms,firefox,False,|f|i|s|s|i|o|n| |w|a|r|m| |w|e|b|r|e|n|d|e|r|,,3776889,13,9b3df14599f65e991e2c4a5eaba7ebe76c85b8c3,102210fe594ee9b33d82058545b1ed14f4c8206e,linux1804-64-shippable-qr,microsoft,True,,,,,,,,,,,,,,,,,,,,,,,,,,,,,,,,,,,,,,,,,,,,,,,,,,TN,,,,,,,,,,
,1730720470,2023-07-24 11:14:54,206.4,b1a1263e67ce531d13e0a5e2e77c737b114e38b0,1276910,autoland,ContentfulSpeedIndex,True,microsoft ContentfulSpeedIndex opt fission warm webrender,,77,ms,firefox,False,|f|i|s|s|i|o|n| |w|a|r|m| |w|e|b|r|e|n|d|e|r|,,3776889,13,9b3df14599f65e991e2c4a5eaba7ebe76c85b8c3,102210fe594ee9b33d82058545b1ed14f4c8206e,linux1804-64-shippable-qr,microsoft,True,,,,,,,,,,,,,,,,,,,,,,,,,,,,,,,,,,,,,,,,,,,,,,,,,,TN,,,,,,,,,,
,1731050389,2023-07-24 12:11:00,207.9,23577cb64636c92dfc2f0a73ececd631f05b3414,1276938,autoland,ContentfulSpeedIndex,True,microsoft ContentfulSpeedIndex opt fission warm webrender,,77,ms,firefox,False,|f|i|s|s|i|o|n| |w|a|r|m| |w|e|b|r|e|n|d|e|r|,,3776889,13,9b3df14599f65e991e2c4a5eaba7ebe76c85b8c3,102210fe594ee9b33d82058545b1ed14f4c8206e,linux1804-64-shippable-qr,microsoft,True,,,,,,,,,,,,,,,,,,,,,,,,,,,,,,,,,,,,,,,,,,,,,,,,,,TN,,,,,,,,,,
,1731005446,2023-07-24 12:15:49,232.5,8f3d9e59939f99a34bb59db9bca3680462fbc7e9,1276939,autoland,ContentfulSpeedIndex,True,microsoft ContentfulSpeedIndex opt fission warm webrender,,77,ms,firefox,False,|f|i|s|s|i|o|n| |w|a|r|m| |w|e|b|r|e|n|d|e|r|,,3776889,13,9b3df14599f65e991e2c4a5eaba7ebe76c85b8c3,102210fe594ee9b33d82058545b1ed14f4c8206e,linux1804-64-shippable-qr,microsoft,True,,,,,,,,,,,,,,,,,,,,,,,,,,,,,,,,,,,,,,,,,,,,,,,,,,TN,,,,,,,,,,
,1731007214,2023-07-24 14:37:08,211.3,fcb2279fe7287100ede1a2fdd72043fbb1787a74,1277022,autoland,ContentfulSpeedIndex,True,microsoft ContentfulSpeedIndex opt fission warm webrender,,77,ms,firefox,False,|f|i|s|s|i|o|n| |w|a|r|m| |w|e|b|r|e|n|d|e|r|,,3776889,13,9b3df14599f65e991e2c4a5eaba7ebe76c85b8c3,102210fe594ee9b33d82058545b1ed14f4c8206e,linux1804-64-shippable-qr,microsoft,True,,,,,,,,,,,,,,,,,,,,,,,,,,,,,,,,,,,,,,,,,,,,,,,,,,TN,,,,,,,,,,
,1731012452,2023-07-24 14:56:47,211.1,2ec32cd8e72a81b580f53114dd636edb8b3ff177,1277037,autoland,ContentfulSpeedIndex,True,microsoft ContentfulSpeedIndex opt fission warm webrender,,77,ms,firefox,False,|f|i|s|s|i|o|n| |w|a|r|m| |w|e|b|r|e|n|d|e|r|,,3776889,13,9b3df14599f65e991e2c4a5eaba7ebe76c85b8c3,102210fe594ee9b33d82058545b1ed14f4c8206e,linux1804-64-shippable-qr,microsoft,True,,,,,,,,,,,,,,,,,,,,,,,,,,,,,,,,,,,,,,,,,,,,,,,,,,TN,,,,,,,,,,
,1730770005,2023-07-24 16:02:50,211.4,2483fdffbe5e3c051a32bcf141fb33e9803c0afc,1277068,autoland,ContentfulSpeedIndex,True,microsoft ContentfulSpeedIndex opt fission warm webrender,,77,ms,firefox,False,|f|i|s|s|i|o|n| |w|a|r|m| |w|e|b|r|e|n|d|e|r|,,3776889,13,9b3df14599f65e991e2c4a5eaba7ebe76c85b8c3,102210fe594ee9b33d82058545b1ed14f4c8206e,linux1804-64-shippable-qr,microsoft,True,,,,,,,,,,,,,,,,,,,,,,,,,,,,,,,,,,,,,,,,,,,,,,,,,,TN,,,,,,,,,,
,1730866808,2023-07-24 19:16:11,211.7,f9c12557d7a4e074be3fc45027ae8ffbb8f27aaf,1277230,autoland,ContentfulSpeedIndex,True,microsoft ContentfulSpeedIndex opt fission warm webrender,,77,ms,firefox,False,|f|i|s|s|i|o|n| |w|a|r|m| |w|e|b|r|e|n|d|e|r|,,3776889,13,9b3df14599f65e991e2c4a5eaba7ebe76c85b8c3,102210fe594ee9b33d82058545b1ed14f4c8206e,linux1804-64-shippable-qr,microsoft,True,,,,,,,,,,,,,,,,,,,,,,,,,,,,,,,,,,,,,,,,,,,,,,,,,,TN,,,,,,,,,,
,1730962222,2023-07-24 23:43:54,205.3,bd745245ac70d82630be9e971b5a9077b5f514e8,1277393,autoland,ContentfulSpeedIndex,True,microsoft ContentfulSpeedIndex opt fission warm webrender,,77,ms,firefox,False,|f|i|s|s|i|o|n| |w|a|r|m| |w|e|b|r|e|n|d|e|r|,,3776889,13,9b3df14599f65e991e2c4a5eaba7ebe76c85b8c3,102210fe594ee9b33d82058545b1ed14f4c8206e,linux1804-64-shippable-qr,microsoft,True,,,,,,,,,,,,,,,,,,,,,,,,,,,,,,,,,,,,,,,,,,,,,,,,,,TN,,,,,,,,,,
,1730972665,2023-07-25 00:28:34,208.3,1084bcb2a2550fee8fad1f0be69e603b6c8d67bd,1277414,autoland,ContentfulSpeedIndex,True,microsoft ContentfulSpeedIndex opt fission warm webrender,,77,ms,firefox,False,|f|i|s|s|i|o|n| |w|a|r|m| |w|e|b|r|e|n|d|e|r|,,3776889,13,9b3df14599f65e991e2c4a5eaba7ebe76c85b8c3,102210fe594ee9b33d82058545b1ed14f4c8206e,linux1804-64-shippable-qr,microsoft,True,,,,,,,,,,,,,,,,,,,,,,,,,,,,,,,,,,,,,,,,,,,,,,,,,,TN,,,,,,,,,,
,1731029194,2023-07-25 04:47:38,216.0,862d1cf3d7a17e3dde9bda49c5561ec902bb8136,1277485,autoland,ContentfulSpeedIndex,True,microsoft ContentfulSpeedIndex opt fission warm webrender,,77,ms,firefox,False,|f|i|s|s|i|o|n| |w|a|r|m| |w|e|b|r|e|n|d|e|r|,,3776889,13,9b3df14599f65e991e2c4a5eaba7ebe76c85b8c3,102210fe594ee9b33d82058545b1ed14f4c8206e,linux1804-64-shippable-qr,microsoft,True,,,,,,,,,,,,,,,,,,,,,,,,,,,,,,,,,,,,,,,,,,,,,,,,,,TN,,,,,,,,,,
,1731145060,2023-07-25 10:29:47,208.4,45a52966f9649f4dc9b8bbb6a8e68cdcc63ee287,1277576,autoland,ContentfulSpeedIndex,True,microsoft ContentfulSpeedIndex opt fission warm webrender,,77,ms,firefox,False,|f|i|s|s|i|o|n| |w|a|r|m| |w|e|b|r|e|n|d|e|r|,,3776889,13,9b3df14599f65e991e2c4a5eaba7ebe76c85b8c3,102210fe594ee9b33d82058545b1ed14f4c8206e,linux1804-64-shippable-qr,microsoft,True,,,,,,,,,,,,,,,,,,,,,,,,,,,,,,,,,,,,,,,,,,,,,,,,,,TN,,,,,,,,,,
,1731244691,2023-07-25 14:49:04,211.6,1ae7562fa2353aa63871f769d4e0a1cdd9becf78,1277682,autoland,ContentfulSpeedIndex,True,microsoft ContentfulSpeedIndex opt fission warm webrender,,77,ms,firefox,False,|f|i|s|s|i|o|n| |w|a|r|m| |w|e|b|r|e|n|d|e|r|,,3776889,13,9b3df14599f65e991e2c4a5eaba7ebe76c85b8c3,102210fe594ee9b33d82058545b1ed14f4c8206e,linux1804-64-shippable-qr,microsoft,True,,,,,,,,,,,,,,,,,,,,,,,,,,,,,,,,,,,,,,,,,,,,,,,,,,TN,,,,,,,,,,
,1731239503,2023-07-25 15:17:56,212.6,c30662ce80ba57a0977cdeb03e776a28af4fa2fb,1277708,autoland,ContentfulSpeedIndex,True,microsoft ContentfulSpeedIndex opt fission warm webrender,,77,ms,firefox,False,|f|i|s|s|i|o|n| |w|a|r|m| |w|e|b|r|e|n|d|e|r|,,3776889,13,9b3df14599f65e991e2c4a5eaba7ebe76c85b8c3,102210fe594ee9b33d82058545b1ed14f4c8206e,linux1804-64-shippable-qr,microsoft,True,,,,,,,,,,,,,,,,,,,,,,,,,,,,,,,,,,,,,,,,,,,,,,,,,,TN,,,,,,,,,,
,1731431381,2023-07-25 23:05:26,209.5,9a2f59dbe5917068801919377341eb7c1ea2030d,1278011,autoland,ContentfulSpeedIndex,True,microsoft ContentfulSpeedIndex opt fission warm webrender,,77,ms,firefox,False,|f|i|s|s|i|o|n| |w|a|r|m| |w|e|b|r|e|n|d|e|r|,,3776889,13,9b3df14599f65e991e2c4a5eaba7ebe76c85b8c3,102210fe594ee9b33d82058545b1ed14f4c8206e,linux1804-64-shippable-qr,microsoft,True,,,,,,,,,,,,,,,,,,,,,,,,,,,,,,,,,,,,,,,,,,,,,,,,,,TN,,,,,,,,,,
,1731476798,2023-07-26 02:26:30,206.6,6a9aca2a1b89781175cdec2df700998fa9209282,1278087,autoland,ContentfulSpeedIndex,True,microsoft ContentfulSpeedIndex opt fission warm webrender,,77,ms,firefox,False,|f|i|s|s|i|o|n| |w|a|r|m| |w|e|b|r|e|n|d|e|r|,,3776889,13,9b3df14599f65e991e2c4a5eaba7ebe76c85b8c3,102210fe594ee9b33d82058545b1ed14f4c8206e,linux1804-64-shippable-qr,microsoft,True,,,,,,,,,,,,,,,,,,,,,,,,,,,,,,,,,,,,,,,,,,,,,,,,,,TN,,,,,,,,,,
,1731538186,2023-07-26 06:49:07,215.5,8470bc21f160f3c1fecb034308c203412e1fcb3c,1278154,autoland,ContentfulSpeedIndex,True,microsoft ContentfulSpeedIndex opt fission warm webrender,,77,ms,firefox,False,|f|i|s|s|i|o|n| |w|a|r|m| |w|e|b|r|e|n|d|e|r|,,3776889,13,9b3df14599f65e991e2c4a5eaba7ebe76c85b8c3,102210fe594ee9b33d82058545b1ed14f4c8206e,linux1804-64-shippable-qr,microsoft,True,,,,,,,,,,,,,,,,,,,,,,,,,,,,,,,,,,,,,,,,,,,,,,,,,,TN,,,,,,,,,,
,1731586399,2023-07-26 09:35:06,213.7,87846ae3f12d74bcc97619bea65453ce0aca0e54,1278218,autoland,ContentfulSpeedIndex,True,microsoft ContentfulSpeedIndex opt fission warm webrender,,77,ms,firefox,False,|f|i|s|s|i|o|n| |w|a|r|m| |w|e|b|r|e|n|d|e|r|,,3776889,13,9b3df14599f65e991e2c4a5eaba7ebe76c85b8c3,102210fe594ee9b33d82058545b1ed14f4c8206e,linux1804-64-shippable-qr,microsoft,True,,,,,,,,,,,,,,,,,,,,,,,,,,,,,,,,,,,,,,,,,,,,,,,,,,TN,,,,,,,,,,
,1731735062,2023-07-26 15:38:17,209.6,b65b154c05c37b796b5c0ef7cc01fd37ecfdea1c,1278401,autoland,ContentfulSpeedIndex,True,microsoft ContentfulSpeedIndex opt fission warm webrender,,77,ms,firefox,False,|f|i|s|s|i|o|n| |w|a|r|m| |w|e|b|r|e|n|d|e|r|,,3776889,13,9b3df14599f65e991e2c4a5eaba7ebe76c85b8c3,102210fe594ee9b33d82058545b1ed14f4c8206e,linux1804-64-shippable-qr,microsoft,True,,,,,,,,,,,,,,,,,,,,,,,,,,,,,,,,,,,,,,,,,,,,,,,,,,TN,,,,,,,,,,
,1731919647,2023-07-26 23:24:58,209.9,84a5d1af6f7ff3689a022412a1fbc2c6632a5f96,1278695,autoland,ContentfulSpeedIndex,True,microsoft ContentfulSpeedIndex opt fission warm webrender,,77,ms,firefox,False,|f|i|s|s|i|o|n| |w|a|r|m| |w|e|b|r|e|n|d|e|r|,,3776889,13,9b3df14599f65e991e2c4a5eaba7ebe76c85b8c3,102210fe594ee9b33d82058545b1ed14f4c8206e,linux1804-64-shippable-qr,microsoft,True,,,,,,,,,,,,,,,,,,,,,,,,,,,,,,,,,,,,,,,,,,,,,,,,,,TN,,,,,,,,,,
,1731978463,2023-07-27 01:40:00,212.5,3e5ffa17cbfe0cff1585c411714ca008dc6ae15e,1278764,autoland,ContentfulSpeedIndex,True,microsoft ContentfulSpeedIndex opt fission warm webrender,,77,ms,firefox,False,|f|i|s|s|i|o|n| |w|a|r|m| |w|e|b|r|e|n|d|e|r|,,3776889,13,9b3df14599f65e991e2c4a5eaba7ebe76c85b8c3,102210fe594ee9b33d82058545b1ed14f4c8206e,linux1804-64-shippable-qr,microsoft,True,,,,,,,,,,,,,,,,,,,,,,,,,,,,,,,,,,,,,,,,,,,,,,,,,,TN,,,,,,,,,,
,1732618162,2023-07-27 10:53:12,211.0,49616ee80814eb0968b0e2523383748fdb2c7aad,1278923,autoland,ContentfulSpeedIndex,True,microsoft ContentfulSpeedIndex opt fission warm webrender,,77,ms,firefox,False,|f|i|s|s|i|o|n| |w|a|r|m| |w|e|b|r|e|n|d|e|r|,,3776889,13,9b3df14599f65e991e2c4a5eaba7ebe76c85b8c3,102210fe594ee9b33d82058545b1ed14f4c8206e,linux1804-64-shippable-qr,microsoft,True,,,,,,,,,,,,,,,,,,,,,,,,,,,,,,,,,,,,,,,,,,,,,,,,,,TN,,,,,,,,,,
,1732129901,2023-07-27 11:30:20,209.5,84800a0d7e6ed9c82449cedd7ba57c2061572292,1278928,autoland,ContentfulSpeedIndex,True,microsoft ContentfulSpeedIndex opt fission warm webrender,,77,ms,firefox,False,|f|i|s|s|i|o|n| |w|a|r|m| |w|e|b|r|e|n|d|e|r|,,3776889,13,9b3df14599f65e991e2c4a5eaba7ebe76c85b8c3,102210fe594ee9b33d82058545b1ed14f4c8206e,linux1804-64-shippable-qr,microsoft,True,,,,,,,,,,,,,,,,,,,,,,,,,,,,,,,,,,,,,,,,,,,,,,,,,,TN,,,,,,,,,,
,1732263965,2023-07-27 15:18:37,209.8,481bfcb7b2201e1eb04cebbeee74480be11095cc,1279069,autoland,ContentfulSpeedIndex,True,microsoft ContentfulSpeedIndex opt fission warm webrender,,77,ms,firefox,False,|f|i|s|s|i|o|n| |w|a|r|m| |w|e|b|r|e|n|d|e|r|,,3776889,13,9b3df14599f65e991e2c4a5eaba7ebe76c85b8c3,102210fe594ee9b33d82058545b1ed14f4c8206e,linux1804-64-shippable-qr,microsoft,True,,,,,,,,,,,,,,,,,,,,,,,,,,,,,,,,,,,,,,,,,,,,,,,,,,TN,,,,,,,,,,
,1732425598,2023-07-27 19:34:25,209.9,f50f1984cd54c49748c94ebf3f3709aa4c582ead,1279276,autoland,ContentfulSpeedIndex,True,microsoft ContentfulSpeedIndex opt fission warm webrender,,77,ms,firefox,False,|f|i|s|s|i|o|n| |w|a|r|m| |w|e|b|r|e|n|d|e|r|,,3776889,13,9b3df14599f65e991e2c4a5eaba7ebe76c85b8c3,102210fe594ee9b33d82058545b1ed14f4c8206e,linux1804-64-shippable-qr,microsoft,True,,,,,,,,,,,,,,,,,,,,,,,,,,,,,,,,,,,,,,,,,,,,,,,,,,TN,,,,,,,,,,
,1732491171,2023-07-27 23:35:22,206.7,0b367e70ac913aeec6308d2b941cff4dc929cd22,1279407,autoland,ContentfulSpeedIndex,True,microsoft ContentfulSpeedIndex opt fission warm webrender,,77,ms,firefox,False,|f|i|s|s|i|o|n| |w|a|r|m| |w|e|b|r|e|n|d|e|r|,,3776889,13,9b3df14599f65e991e2c4a5eaba7ebe76c85b8c3,102210fe594ee9b33d82058545b1ed14f4c8206e,linux1804-64-shippable-qr,microsoft,True,,,,,,,,,,,,,,,,,,,,,,,,,,,,,,,,,,,,,,,,,,,,,,,,,,TN,,,,,,,,,,
,1732526527,2023-07-28 01:05:08,206.8,36ce680ea81ccb2f123f0f6831596185e6ea4e83,1279448,autoland,ContentfulSpeedIndex,True,microsoft ContentfulSpeedIndex opt fission warm webrender,,77,ms,firefox,False,|f|i|s|s|i|o|n| |w|a|r|m| |w|e|b|r|e|n|d|e|r|,,3776889,13,9b3df14599f65e991e2c4a5eaba7ebe76c85b8c3,102210fe594ee9b33d82058545b1ed14f4c8206e,linux1804-64-shippable-qr,microsoft,True,,,,,,,,,,,,,,,,,,,,,,,,,,,,,,,,,,,,,,,,,,,,,,,,,,TN,,,,,,,,,,
,1732615218,2023-07-28 05:46:55,213.2,10692fd51184d10f78fb0eb56090f3c55827b561,1279508,autoland,ContentfulSpeedIndex,True,microsoft ContentfulSpeedIndex opt fission warm webrender,,77,ms,firefox,False,|f|i|s|s|i|o|n| |w|a|r|m| |w|e|b|r|e|n|d|e|r|,,3776889,13,9b3df14599f65e991e2c4a5eaba7ebe76c85b8c3,102210fe594ee9b33d82058545b1ed14f4c8206e,linux1804-64-shippable-qr,microsoft,True,,,,,,,,,,,,,,,,,,,,,,,,,,,,,,,,,,,,,,,,,,,,,,,,,,TN,,,,,,,,,,
,1732722547,2023-07-28 11:09:37,208.4,af33198f4756b96446ab9cb00f77cc6e2b27f314,1279609,autoland,ContentfulSpeedIndex,True,microsoft ContentfulSpeedIndex opt fission warm webrender,,77,ms,firefox,False,|f|i|s|s|i|o|n| |w|a|r|m| |w|e|b|r|e|n|d|e|r|,,3776889,13,9b3df14599f65e991e2c4a5eaba7ebe76c85b8c3,102210fe594ee9b33d82058545b1ed14f4c8206e,linux1804-64-shippable-qr,microsoft,True,,,,,,,,,,,,,,,,,,,,,,,,,,,,,,,,,,,,,,,,,,,,,,,,,,TN,,,,,,,,,,
,1733034911,2023-07-28 13:57:10,208.4,148b5471e5886061d13d6a4fb357e0791b2afb34,1279692,autoland,ContentfulSpeedIndex,True,microsoft ContentfulSpeedIndex opt fission warm webrender,,77,ms,firefox,False,|f|i|s|s|i|o|n| |w|a|r|m| |w|e|b|r|e|n|d|e|r|,,3776889,13,9b3df14599f65e991e2c4a5eaba7ebe76c85b8c3,102210fe594ee9b33d82058545b1ed14f4c8206e,linux1804-64-shippable-qr,microsoft,True,,,,,,,,,,,,,,,,,,,,,,,,,,,,,,,,,,,,,,,,,,,,,,,,,,TN,,,,,,,,,,
,1733038718,2023-07-28 14:25:46,209.2,0f04283fe1434b754418b878f1af044b40bfa55d,1279708,autoland,ContentfulSpeedIndex,True,microsoft ContentfulSpeedIndex opt fission warm webrender,,77,ms,firefox,False,|f|i|s|s|i|o|n| |w|a|r|m| |w|e|b|r|e|n|d|e|r|,,3776889,13,9b3df14599f65e991e2c4a5eaba7ebe76c85b8c3,102210fe594ee9b33d82058545b1ed14f4c8206e,linux1804-64-shippable-qr,microsoft,True,,,,,,,,,,,,,,,,,,,,,,,,,,,,,,,,,,,,,,,,,,,,,,,,,,TN,,,,,,,,,,
,1732813584,2023-07-28 14:46:21,217.4,08098e30932d89da82f6e452fff88fee938088d7,1279720,autoland,ContentfulSpeedIndex,True,microsoft ContentfulSpeedIndex opt fission warm webrender,,77,ms,firefox,False,|f|i|s|s|i|o|n| |w|a|r|m| |w|e|b|r|e|n|d|e|r|,,3776889,13,9b3df14599f65e991e2c4a5eaba7ebe76c85b8c3,102210fe594ee9b33d82058545b1ed14f4c8206e,linux1804-64-shippable-qr,microsoft,True,,,,,,,,,,,,,,,,,,,,,,,,,,,,,,,,,,,,,,,,,,,,,,,,,,TN,,,,,,,,,,
,1732937417,2023-07-28 18:48:27,206.9,2f51f44f5da6afbdb8a587b03f47fcdc7b672475,1279862,autoland,ContentfulSpeedIndex,True,microsoft ContentfulSpeedIndex opt fission warm webrender,,77,ms,firefox,False,|f|i|s|s|i|o|n| |w|a|r|m| |w|e|b|r|e|n|d|e|r|,,3776889,13,9b3df14599f65e991e2c4a5eaba7ebe76c85b8c3,102210fe594ee9b33d82058545b1ed14f4c8206e,linux1804-64-shippable-qr,microsoft,True,,,,,,,,,,,,,,,,,,,,,,,,,,,,,,,,,,,,,,,,,,,,,,,,,,TN,,,,,,,,,,
,1732999156,2023-07-28 22:56:39,205.0,95255b6bb2d51d6c10d6a3471da82aeaf7512c0f,1279985,autoland,ContentfulSpeedIndex,True,microsoft ContentfulSpeedIndex opt fission warm webrender,,77,ms,firefox,False,|f|i|s|s|i|o|n| |w|a|r|m| |w|e|b|r|e|n|d|e|r|,,3776889,13,9b3df14599f65e991e2c4a5eaba7ebe76c85b8c3,102210fe594ee9b33d82058545b1ed14f4c8206e,linux1804-64-shippable-qr,microsoft,True,,,,,,,,,,,,,,,,,,,,,,,,,,,,,,,,,,,,,,,,,,,,,,,,,,TN,,,,,,,,,,
,1733044427,2023-07-29 03:44:49,207.8,1c410aed156878dc739ffdb4343c315fb0bb0a00,1280031,autoland,ContentfulSpeedIndex,True,microsoft ContentfulSpeedIndex opt fission warm webrender,,77,ms,firefox,False,|f|i|s|s|i|o|n| |w|a|r|m| |w|e|b|r|e|n|d|e|r|,,3776889,13,9b3df14599f65e991e2c4a5eaba7ebe76c85b8c3,102210fe594ee9b33d82058545b1ed14f4c8206e,linux1804-64-shippable-qr,microsoft,True,,,,,,,,,,,,,,,,,,,,,,,,,,,,,,,,,,,,,,,,,,,,,,,,,,TN,,,,,,,,,,
,1733103880,2023-07-29 09:43:33,218.7,5f1e1cd609f68ff20fbea6b02e5a3444f7dd303d,1280059,autoland,ContentfulSpeedIndex,True,microsoft ContentfulSpeedIndex opt fission warm webrender,,77,ms,firefox,False,|f|i|s|s|i|o|n| |w|a|r|m| |w|e|b|r|e|n|d|e|r|,,3776889,13,9b3df14599f65e991e2c4a5eaba7ebe76c85b8c3,102210fe594ee9b33d82058545b1ed14f4c8206e,linux1804-64-shippable-qr,microsoft,True,,,,,,,,,,,,,,,,,,,,,,,,,,,,,,,,,,,,,,,,,,,,,,,,,,TN,,,,,,,,,,
,1733193462,2023-07-30 01:23:54,217.4,9a9597eb50561ea739c8a26da45dcbad6557a326,1280105,autoland,ContentfulSpeedIndex,True,microsoft ContentfulSpeedIndex opt fission warm webrender,,77,ms,firefox,False,|f|i|s|s|i|o|n| |w|a|r|m| |w|e|b|r|e|n|d|e|r|,,3776889,13,9b3df14599f65e991e2c4a5eaba7ebe76c85b8c3,102210fe594ee9b33d82058545b1ed14f4c8206e,linux1804-64-shippable-qr,microsoft,True,,,,,,,,,,,,,,,,,,,,,,,,,,,,,,,,,,,,,,,,,,,,,,,,,,TN,,,,,,,,,,
,1733277585,2023-07-30 13:52:06,205.3,ce5b2b0d4bc01294b78eeb50a7738e0b5755b3a4,1280125,autoland,ContentfulSpeedIndex,True,microsoft ContentfulSpeedIndex opt fission warm webrender,,77,ms,firefox,False,|f|i|s|s|i|o|n| |w|a|r|m| |w|e|b|r|e|n|d|e|r|,,3776889,13,9b3df14599f65e991e2c4a5eaba7ebe76c85b8c3,102210fe594ee9b33d82058545b1ed14f4c8206e,linux1804-64-shippable-qr,microsoft,True,,,,,,,,,,,,,,,,,,,,,,,,,,,,,,,,,,,,,,,,,,,,,,,,,,TN,,,,,,,,,,
,1733343358,2023-07-31 04:52:45,208.3,91dd0dbb8e738b29e6f14bdbaaf28f2b1f531b2b,1280185,autoland,ContentfulSpeedIndex,True,microsoft ContentfulSpeedIndex opt fission warm webrender,,77,ms,firefox,False,|f|i|s|s|i|o|n| |w|a|r|m| |w|e|b|r|e|n|d|e|r|,,3776889,13,9b3df14599f65e991e2c4a5eaba7ebe76c85b8c3,102210fe594ee9b33d82058545b1ed14f4c8206e,linux1804-64-shippable-qr,microsoft,True,,,,,,,,,,,,,,,,,,,,,,,,,,,,,,,,,,,,,,,,,,,,,,,,,,TN,,,,,,,,,,
,1733397127,2023-07-31 09:26:34,209.5,2b4f8ad0cecd1e9ce287bf572fd28b8b94d91717,1280244,autoland,ContentfulSpeedIndex,True,microsoft ContentfulSpeedIndex opt fission warm webrender,,77,ms,firefox,False,|f|i|s|s|i|o|n| |w|a|r|m| |w|e|b|r|e|n|d|e|r|,,3776889,13,9b3df14599f65e991e2c4a5eaba7ebe76c85b8c3,102210fe594ee9b33d82058545b1ed14f4c8206e,linux1804-64-shippable-qr,microsoft,True,,,,,,,,,,,,,,,,,,,,,,,,,,,,,,,,,,,,,,,,,,,,,,,,,,TN,,,,,,,,,,
,1733463651,2023-07-31 10:39:42,203.7,805b1cd5321098059e548eed4aa9db6f43cd833e,1280276,autoland,ContentfulSpeedIndex,True,microsoft ContentfulSpeedIndex opt fission warm webrender,,77,ms,firefox,False,|f|i|s|s|i|o|n| |w|a|r|m| |w|e|b|r|e|n|d|e|r|,,3776889,13,9b3df14599f65e991e2c4a5eaba7ebe76c85b8c3,102210fe594ee9b33d82058545b1ed14f4c8206e,linux1804-64-shippable-qr,microsoft,True,,,,,,,,,,,,,,,,,,,,,,,,,,,,,,,,,,,,,,,,,,,,,,,,,,TN,,,,,,,,,,
,1733643903,2023-07-31 14:45:15,214.0,7cad7000bc1c51f14ca241ac2aa08ac299612b8c,1280380,autoland,ContentfulSpeedIndex,True,microsoft ContentfulSpeedIndex opt fission warm webrender,,77,ms,firefox,False,|f|i|s|s|i|o|n| |w|a|r|m| |w|e|b|r|e|n|d|e|r|,,3776889,13,9b3df14599f65e991e2c4a5eaba7ebe76c85b8c3,102210fe594ee9b33d82058545b1ed14f4c8206e,linux1804-64-shippable-qr,microsoft,True,,,,,,,,,,,,,,,,,,,,,,,,,,,,,,,,,,,,,,,,,,,,,,,,,,TN,,,,,,,,,,
,1733939343,2023-07-31 14:55:33,207.0,9e236040dbebcbd0457b0eeedbe2f9c748222f7e,1280390,autoland,ContentfulSpeedIndex,True,microsoft ContentfulSpeedIndex opt fission warm webrender,,77,ms,firefox,False,|f|i|s|s|i|o|n| |w|a|r|m| |w|e|b|r|e|n|d|e|r|,,3776889,13,9b3df14599f65e991e2c4a5eaba7ebe76c85b8c3,102210fe594ee9b33d82058545b1ed14f4c8206e,linux1804-64-shippable-qr,microsoft,True,,,,,,,,,,,,,,,,,,,,,,,,,,,,,,,,,,,,,,,,,,,,,,,,,,TN,,,,,,,,,,
,1733933259,2023-07-31 15:11:07,205.4,546ff8a87052dd519d6886aaf27a95450b6e4444,1280402,autoland,ContentfulSpeedIndex,True,microsoft ContentfulSpeedIndex opt fission warm webrender,,77,ms,firefox,False,|f|i|s|s|i|o|n| |w|a|r|m| |w|e|b|r|e|n|d|e|r|,,3776889,13,9b3df14599f65e991e2c4a5eaba7ebe76c85b8c3,102210fe594ee9b33d82058545b1ed14f4c8206e,linux1804-64-shippable-qr,microsoft,True,,,,,,,,,,,,,,,,,,,,,,,,,,,,,,,,,,,,,,,,,,,,,,,,,,TN,,,,,,,,,,
,1733633923,2023-07-31 16:08:26,210.0,0a238650aa096b0da883226d02d11fc5178541f3,1280438,autoland,ContentfulSpeedIndex,True,microsoft ContentfulSpeedIndex opt fission warm webrender,,77,ms,firefox,False,|f|i|s|s|i|o|n| |w|a|r|m| |w|e|b|r|e|n|d|e|r|,,3776889,13,9b3df14599f65e991e2c4a5eaba7ebe76c85b8c3,102210fe594ee9b33d82058545b1ed14f4c8206e,linux1804-64-shippable-qr,microsoft,True,,,,,,,,,,,,,,,,,,,,,,,,,,,,,,,,,,,,,,,,,,,,,,,,,,TN,,,,,,,,,,
,1733721181,2023-07-31 21:31:29,213.1,2d698aca1dece26df297dd085dbde9216e3b2e66,1280612,autoland,ContentfulSpeedIndex,True,microsoft ContentfulSpeedIndex opt fission warm webrender,,77,ms,firefox,False,|f|i|s|s|i|o|n| |w|a|r|m| |w|e|b|r|e|n|d|e|r|,,3776889,13,9b3df14599f65e991e2c4a5eaba7ebe76c85b8c3,102210fe594ee9b33d82058545b1ed14f4c8206e,linux1804-64-shippable-qr,microsoft,True,,,,,,,,,,,,,,,,,,,,,,,,,,,,,,,,,,,,,,,,,,,,,,,,,,TN,,,,,,,,,,
,1733771182,2023-07-31 21:34:42,205.4,28250de453513da3369c412cbce0f35b97146bec,1280618,autoland,ContentfulSpeedIndex,True,microsoft ContentfulSpeedIndex opt fission warm webrender,,77,ms,firefox,False,|f|i|s|s|i|o|n| |w|a|r|m| |w|e|b|r|e|n|d|e|r|,,3776889,13,9b3df14599f65e991e2c4a5eaba7ebe76c85b8c3,102210fe594ee9b33d82058545b1ed14f4c8206e,linux1804-64-shippable-qr,microsoft,True,,,,,,,,,,,,,,,,,,,,,,,,,,,,,,,,,,,,,,,,,,,,,,,,,,TN,,,,,,,,,,
,1733793890,2023-07-31 23:41:21,207.9,195161a06a7a71dbce0ee5e8ddb8c84f3cb03df7,1280694,autoland,ContentfulSpeedIndex,True,microsoft ContentfulSpeedIndex opt fission warm webrender,,77,ms,firefox,False,|f|i|s|s|i|o|n| |w|a|r|m| |w|e|b|r|e|n|d|e|r|,,3776889,13,9b3df14599f65e991e2c4a5eaba7ebe76c85b8c3,102210fe594ee9b33d82058545b1ed14f4c8206e,linux1804-64-shippable-qr,microsoft,True,,,,,,,,,,,,,,,,,,,,,,,,,,,,,,,,,,,,,,,,,,,,,,,,,,TN,,,,,,,,,,
,1733906783,2023-08-01 03:53:20,207.1,ca66ac527c958bd3f26f8c86f291fa85de21ec56,1280753,autoland,ContentfulSpeedIndex,True,microsoft ContentfulSpeedIndex opt fission warm webrender,,77,ms,firefox,False,|f|i|s|s|i|o|n| |w|a|r|m| |w|e|b|r|e|n|d|e|r|,,3776889,13,9b3df14599f65e991e2c4a5eaba7ebe76c85b8c3,102210fe594ee9b33d82058545b1ed14f4c8206e,linux1804-64-shippable-qr,microsoft,True,,,,,,,,,,,,,,,,,,,,,,,,,,,,,,,,,,,,,,,,,,,,,,,,,,TN,,,,,,,,,,
,1733895374,2023-08-01 04:02:13,212.1,d5ecff066adaf3a4029a970db93a9f23f1ed2587,1280758,autoland,ContentfulSpeedIndex,True,microsoft ContentfulSpeedIndex opt fission warm webrender,,77,ms,firefox,False,|f|i|s|s|i|o|n| |w|a|r|m| |w|e|b|r|e|n|d|e|r|,,3776889,13,9b3df14599f65e991e2c4a5eaba7ebe76c85b8c3,102210fe594ee9b33d82058545b1ed14f4c8206e,linux1804-64-shippable-qr,microsoft,True,,,,,,,,,,,,,,,,,,,,,,,,,,,,,,,,,,,,,,,,,,,,,,,,,,TN,,,,,,,,,,
,1733984975,2023-08-01 08:15:56,209.6,5201d6f4a7e8740bd42f08295800c15e0e18cd7e,1280812,autoland,ContentfulSpeedIndex,True,microsoft ContentfulSpeedIndex opt fission warm webrender,,77,ms,firefox,False,|f|i|s|s|i|o|n| |w|a|r|m| |w|e|b|r|e|n|d|e|r|,,3776889,13,9b3df14599f65e991e2c4a5eaba7ebe76c85b8c3,102210fe594ee9b33d82058545b1ed14f4c8206e,linux1804-64-shippable-qr,microsoft,True,,,,,,,,,,,,,,,,,,,,,,,,,,,,,,,,,,,,,,,,,,,,,,,,,,TN,,,,,,,,,,
,1734098901,2023-08-01 12:32:45,217.7,90b19e0d07e5d2cd137f135b860f0357df90e338,1280938,autoland,ContentfulSpeedIndex,True,microsoft ContentfulSpeedIndex opt fission warm webrender,,77,ms,firefox,False,|f|i|s|s|i|o|n| |w|a|r|m| |w|e|b|r|e|n|d|e|r|,,3776889,13,9b3df14599f65e991e2c4a5eaba7ebe76c85b8c3,102210fe594ee9b33d82058545b1ed14f4c8206e,linux1804-64-shippable-qr,microsoft,True,,,,,,,,,,,,,,,,,,,,,,,,,,,,,,,,,,,,,,,,,,,,,,,,,,TN,,,,,,,,,,
,1734115289,2023-08-01 12:49:44,208.2,61356e1447e3bb09709883f8b5806a201d39c5a4,1280953,autoland,ContentfulSpeedIndex,True,microsoft ContentfulSpeedIndex opt fission warm webrender,,77,ms,firefox,False,|f|i|s|s|i|o|n| |w|a|r|m| |w|e|b|r|e|n|d|e|r|,,3776889,13,9b3df14599f65e991e2c4a5eaba7ebe76c85b8c3,102210fe594ee9b33d82058545b1ed14f4c8206e,linux1804-64-shippable-qr,microsoft,True,,,,,,,,,,,,,,,,,,,,,,,,,,,,,,,,,,,,,,,,,,,,,,,,,,TN,,,,,,,,,,
,1734182433,2023-08-01 15:48:38,211.3,ea7df1f8976b5cdf0d7ddbc918c38d7fffcee983,1281058,autoland,ContentfulSpeedIndex,True,microsoft ContentfulSpeedIndex opt fission warm webrender,,77,ms,firefox,False,|f|i|s|s|i|o|n| |w|a|r|m| |w|e|b|r|e|n|d|e|r|,,3776889,13,9b3df14599f65e991e2c4a5eaba7ebe76c85b8c3,102210fe594ee9b33d82058545b1ed14f4c8206e,linux1804-64-shippable-qr,microsoft,True,,,,,,,,,,,,,,,,,,,,,,,,,,,,,,,,,,,,,,,,,,,,,,,,,,TN,,,,,,,,,,
,1734319278,2023-08-01 20:02:17,212.7,fd6f3d21ce3f450906d293c067fdadc62ea991a6,1281212,autoland,ContentfulSpeedIndex,True,microsoft ContentfulSpeedIndex opt fission warm webrender,,77,ms,firefox,False,|f|i|s|s|i|o|n| |w|a|r|m| |w|e|b|r|e|n|d|e|r|,,3776889,13,9b3df14599f65e991e2c4a5eaba7ebe76c85b8c3,102210fe594ee9b33d82058545b1ed14f4c8206e,linux1804-64-shippable-qr,microsoft,True,,,,,,,,,,,,,,,,,,,,,,,,,,,,,,,,,,,,,,,,,,,,,,,,,,TN,,,,,,,,,,
,1734384293,2023-08-02 00:13:38,211.3,323a980eddb18489b9d7de1ffeff427026574b4c,1281337,autoland,ContentfulSpeedIndex,True,microsoft ContentfulSpeedIndex opt fission warm webrender,,77,ms,firefox,False,|f|i|s|s|i|o|n| |w|a|r|m| |w|e|b|r|e|n|d|e|r|,,3776889,13,9b3df14599f65e991e2c4a5eaba7ebe76c85b8c3,102210fe594ee9b33d82058545b1ed14f4c8206e,linux1804-64-shippable-qr,microsoft,True,,,,,,,,,,,,,,,,,,,,,,,,,,,,,,,,,,,,,,,,,,,,,,,,,,TN,,,,,,,,,,
,1734497492,2023-08-02 06:07:22,220.6,7ee1dad073d03db2f730fd5c2baf77f37e458feb,1281414,autoland,ContentfulSpeedIndex,True,microsoft ContentfulSpeedIndex opt fission warm webrender,,77,ms,firefox,False,|f|i|s|s|i|o|n| |w|a|r|m| |w|e|b|r|e|n|d|e|r|,,3776889,13,9b3df14599f65e991e2c4a5eaba7ebe76c85b8c3,102210fe594ee9b33d82058545b1ed14f4c8206e,linux1804-64-shippable-qr,microsoft,True,,,,,,,,,,,,,,,,,,,,,,,,,,,,,,,,,,,,,,,,,,,,,,,,,,TN,,,,,,,,,,
,1734493021,2023-08-02 06:35:09,212.6,a8968f9e8cf0bba14f132004f11b34a8abb93165,1281421,autoland,ContentfulSpeedIndex,True,microsoft ContentfulSpeedIndex opt fission warm webrender,,77,ms,firefox,False,|f|i|s|s|i|o|n| |w|a|r|m| |w|e|b|r|e|n|d|e|r|,,3776889,13,9b3df14599f65e991e2c4a5eaba7ebe76c85b8c3,102210fe594ee9b33d82058545b1ed14f4c8206e,linux1804-64-shippable-qr,microsoft,True,,,,,,,,,,,,,,,,,,,,,,,,,,,,,,,,,,,,,,,,,,,,,,,,,,TN,,,,,,,,,,
,1734585642,2023-08-02 10:39:12,209.8,338c2c8d91af0f92fa1a7a3b5fb1830adb54b373,1281520,autoland,ContentfulSpeedIndex,True,microsoft ContentfulSpeedIndex opt fission warm webrender,,77,ms,firefox,False,|f|i|s|s|i|o|n| |w|a|r|m| |w|e|b|r|e|n|d|e|r|,,3776889,13,9b3df14599f65e991e2c4a5eaba7ebe76c85b8c3,102210fe594ee9b33d82058545b1ed14f4c8206e,linux1804-64-shippable-qr,microsoft,True,,,,,,,,,,,,,,,,,,,,,,,,,,,,,,,,,,,,,,,,,,,,,,,,,,TN,,,,,,,,,,
,1734638714,2023-08-02 12:59:29,208.1,b21c8906db6d0a7e0fbae7e609d90da9cf977fbb,1281568,autoland,ContentfulSpeedIndex,True,microsoft ContentfulSpeedIndex opt fission warm webrender,,77,ms,firefox,False,|f|i|s|s|i|o|n| |w|a|r|m| |w|e|b|r|e|n|d|e|r|,,3776889,13,9b3df14599f65e991e2c4a5eaba7ebe76c85b8c3,102210fe594ee9b33d82058545b1ed14f4c8206e,linux1804-64-shippable-qr,microsoft,True,,,,,,,,,,,,,,,,,,,,,,,,,,,,,,,,,,,,,,,,,,,,,,,,,,TN,,,,,,,,,,
,1735144784,2023-08-02 15:00:42,211.2,493b4e3a7627b3c038bbe926859df076a3342ea8,1281631,autoland,ContentfulSpeedIndex,True,microsoft ContentfulSpeedIndex opt fission warm webrender,,77,ms,firefox,False,|f|i|s|s|i|o|n| |w|a|r|m| |w|e|b|r|e|n|d|e|r|,,3776889,13,9b3df14599f65e991e2c4a5eaba7ebe76c85b8c3,102210fe594ee9b33d82058545b1ed14f4c8206e,linux1804-64-shippable-qr,microsoft,True,,,,,,,,,,,,,,,,,,,,,,,,,,,,,,,,,,,,,,,,,,,,,,,,,,TN,,,,,,,,,,
,1735112887,2023-08-02 15:15:11,206.4,5bbb73c8e08703a3e4c2b27d5e12e123ae7f8946,1281640,autoland,ContentfulSpeedIndex,True,microsoft ContentfulSpeedIndex opt fission warm webrender,,77,ms,firefox,False,|f|i|s|s|i|o|n| |w|a|r|m| |w|e|b|r|e|n|d|e|r|,,3776889,13,9b3df14599f65e991e2c4a5eaba7ebe76c85b8c3,102210fe594ee9b33d82058545b1ed14f4c8206e,linux1804-64-shippable-qr,microsoft,True,,,,,,,,,,,,,,,,,,,,,,,,,,,,,,,,,,,,,,,,,,,,,,,,,,TN,,,,,,,,,,
,1734722282,2023-08-02 16:29:38,212.3,90ca26ab8ee142d08164d3ed9761aa023bc4e2aa,1281697,autoland,ContentfulSpeedIndex,True,microsoft ContentfulSpeedIndex opt fission warm webrender,,77,ms,firefox,False,|f|i|s|s|i|o|n| |w|a|r|m| |w|e|b|r|e|n|d|e|r|,,3776889,13,9b3df14599f65e991e2c4a5eaba7ebe76c85b8c3,102210fe594ee9b33d82058545b1ed14f4c8206e,linux1804-64-shippable-qr,microsoft,True,,,,,,,,,,,,,,,,,,,,,,,,,,,,,,,,,,,,,,,,,,,,,,,,,,TN,,,,,,,,,,
,1735017144,2023-08-03 00:54:50,212.4,9836af94c959ecca4666d7f0c19125b41969ff65,1282044,autoland,ContentfulSpeedIndex,True,microsoft ContentfulSpeedIndex opt fission warm webrender,,77,ms,firefox,False,|f|i|s|s|i|o|n| |w|a|r|m| |w|e|b|r|e|n|d|e|r|,,3776889,13,9b3df14599f65e991e2c4a5eaba7ebe76c85b8c3,102210fe594ee9b33d82058545b1ed14f4c8206e,linux1804-64-shippable-qr,microsoft,True,,,,,,,,,,,,,,,,,,,,,,,,,,,,,,,,,,,,,,,,,,,,,,,,,,TN,,,,,,,,,,
,1735047425,2023-08-03 00:55:51,214.4,c37e853eb755f0f4110f01509516da8c93baf284,1282045,autoland,ContentfulSpeedIndex,True,microsoft ContentfulSpeedIndex opt fission warm webrender,,77,ms,firefox,False,|f|i|s|s|i|o|n| |w|a|r|m| |w|e|b|r|e|n|d|e|r|,,3776889,13,9b3df14599f65e991e2c4a5eaba7ebe76c85b8c3,102210fe594ee9b33d82058545b1ed14f4c8206e,linux1804-64-shippable-qr,microsoft,True,,,,,,,,,,,,,,,,,,,,,,,,,,,,,,,,,,,,,,,,,,,,,,,,,,TN,,,,,,,,,,
,1735149861,2023-08-03 05:32:27,213.2,1eb2f6905e74aa982d6b71bec524ccfde726bb7b,1282117,autoland,ContentfulSpeedIndex,True,microsoft ContentfulSpeedIndex opt fission warm webrender,,77,ms,firefox,False,|f|i|s|s|i|o|n| |w|a|r|m| |w|e|b|r|e|n|d|e|r|,,3776889,13,9b3df14599f65e991e2c4a5eaba7ebe76c85b8c3,102210fe594ee9b33d82058545b1ed14f4c8206e,linux1804-64-shippable-qr,microsoft,True,,,,,,,,,,,,,,,,,,,,,,,,,,,,,,,,,,,,,,,,,,,,,,,,,,TN,,,,,,,,,,
,1735197682,2023-08-03 09:35:33,212.3,6f55c55c40c70eff3b82d3129f516257598ea115,1282197,autoland,ContentfulSpeedIndex,True,microsoft ContentfulSpeedIndex opt fission warm webrender,,77,ms,firefox,False,|f|i|s|s|i|o|n| |w|a|r|m| |w|e|b|r|e|n|d|e|r|,,3776889,13,9b3df14599f65e991e2c4a5eaba7ebe76c85b8c3,102210fe594ee9b33d82058545b1ed14f4c8206e,linux1804-64-shippable-qr,microsoft,True,,,,,,,,,,,,,,,,,,,,,,,,,,,,,,,,,,,,,,,,,,,,,,,,,,TN,,,,,,,,,,
,1735263998,2023-08-03 11:38:24,208.1,9a8ae552959ec73c3546151f30d131552d64bce0,1282235,autoland,ContentfulSpeedIndex,True,microsoft ContentfulSpeedIndex opt fission warm webrender,,77,ms,firefox,False,|f|i|s|s|i|o|n| |w|a|r|m| |w|e|b|r|e|n|d|e|r|,,3776889,13,9b3df14599f65e991e2c4a5eaba7ebe76c85b8c3,102210fe594ee9b33d82058545b1ed14f4c8206e,linux1804-64-shippable-qr,microsoft,True,,,,,,,,,,,,,,,,,,,,,,,,,,,,,,,,,,,,,,,,,,,,,,,,,,TN,,,,,,,,,,
,1735431223,2023-08-03 15:46:38,217.0,b801323d1ecc3535a192916c7cb0575710458777,1282361,autoland,ContentfulSpeedIndex,True,microsoft ContentfulSpeedIndex opt fission warm webrender,,77,ms,firefox,False,|f|i|s|s|i|o|n| |w|a|r|m| |w|e|b|r|e|n|d|e|r|,,3776889,13,9b3df14599f65e991e2c4a5eaba7ebe76c85b8c3,102210fe594ee9b33d82058545b1ed14f4c8206e,linux1804-64-shippable-qr,microsoft,True,,,,,,,,,,,,,,,,,,,,,,,,,,,,,,,,,,,,,,,,,,,,,,,,,,TN,,,,,,,,,,
,1735464130,2023-08-03 16:00:50,209.8,58d067f89f59472dc1a89d573ccebb4850863efa,1282374,autoland,ContentfulSpeedIndex,True,microsoft ContentfulSpeedIndex opt fission warm webrender,,77,ms,firefox,False,|f|i|s|s|i|o|n| |w|a|r|m| |w|e|b|r|e|n|d|e|r|,,3776889,13,9b3df14599f65e991e2c4a5eaba7ebe76c85b8c3,102210fe594ee9b33d82058545b1ed14f4c8206e,linux1804-64-shippable-qr,microsoft,True,,,,,,,,,,,,,,,,,,,,,,,,,,,,,,,,,,,,,,,,,,,,,,,,,,TN,,,,,,,,,,
,1735531992,2023-08-03 19:10:36,218.2,8527a2500a35867e4319772e3be1f2756dfcfced,1282500,autoland,ContentfulSpeedIndex,True,microsoft ContentfulSpeedIndex opt fission warm webrender,,77,ms,firefox,False,|f|i|s|s|i|o|n| |w|a|r|m| |w|e|b|r|e|n|d|e|r|,,3776889,13,9b3df14599f65e991e2c4a5eaba7ebe76c85b8c3,102210fe594ee9b33d82058545b1ed14f4c8206e,linux1804-64-shippable-qr,microsoft,True,,,,,,,,,,,,,,,,,,,,,,,,,,,,,,,,,,,,,,,,,,,,,,,,,,TN,,,,,,,,,,
,1735646125,2023-08-03 22:02:40,208.3,3922ccc760667154aea7a174114abfacb17fe35e,1282606,autoland,ContentfulSpeedIndex,True,microsoft ContentfulSpeedIndex opt fission warm webrender,,77,ms,firefox,False,|f|i|s|s|i|o|n| |w|a|r|m| |w|e|b|r|e|n|d|e|r|,,3776889,13,9b3df14599f65e991e2c4a5eaba7ebe76c85b8c3,102210fe594ee9b33d82058545b1ed14f4c8206e,linux1804-64-shippable-qr,microsoft,True,,,,,,,,,,,,,,,,,,,,,,,,,,,,,,,,,,,,,,,,,,,,,,,,,,TN,,,,,,,,,,
,1735724596,2023-08-04 02:28:33,212.0,2b60f9868271a131fa342332b78f3968159fa46e,1282715,autoland,ContentfulSpeedIndex,True,microsoft ContentfulSpeedIndex opt fission warm webrender,,77,ms,firefox,False,|f|i|s|s|i|o|n| |w|a|r|m| |w|e|b|r|e|n|d|e|r|,,3776889,13,9b3df14599f65e991e2c4a5eaba7ebe76c85b8c3,102210fe594ee9b33d82058545b1ed14f4c8206e,linux1804-64-shippable-qr,microsoft,True,,,,,,,,,,,,,,,,,,,,,,,,,,,,,,,,,,,,,,,,,,,,,,,,,,TN,,,,,,,,,,
,1735824122,2023-08-04 06:28:57,186.7,94da8bb07baea6212776a4b3ddcebff2c08eab98,1282781,autoland,ContentfulSpeedIndex,True,microsoft ContentfulSpeedIndex opt fission warm webrender,,77,ms,firefox,False,|f|i|s|s|i|o|n| |w|a|r|m| |w|e|b|r|e|n|d|e|r|,,3776889,13,9b3df14599f65e991e2c4a5eaba7ebe76c85b8c3,102210fe594ee9b33d82058545b1ed14f4c8206e,linux1804-64-shippable-qr,microsoft,True,,,,,,,,,,,,,,,,,,,,,,,,,,,,,,,,,,,,,,,,,,,,,,,,,,TN,,,,,,,,,,
,1735855677,2023-08-04 09:04:37,215.9,386212864d07a46141ce5bca1ef4988cefa4bad7,1282830,autoland,ContentfulSpeedIndex,True,microsoft ContentfulSpeedIndex opt fission warm webrender,,77,ms,firefox,False,|f|i|s|s|i|o|n| |w|a|r|m| |w|e|b|r|e|n|d|e|r|,,3776889,13,9b3df14599f65e991e2c4a5eaba7ebe76c85b8c3,102210fe594ee9b33d82058545b1ed14f4c8206e,linux1804-64-shippable-qr,microsoft,True,,,,,,,,,,,,,,,,,,,,,,,,,,,,,,,,,,,,,,,,,,,,,,,,,,TN,,,,,,,,,,
,1735986323,2023-08-04 13:05:51,212.7,3a8e173a97d02ae7b0aa11e9ca6f35b1fe8fa926,1282936,autoland,ContentfulSpeedIndex,True,microsoft ContentfulSpeedIndex opt fission warm webrender,,77,ms,firefox,False,|f|i|s|s|i|o|n| |w|a|r|m| |w|e|b|r|e|n|d|e|r|,,3776889,13,9b3df14599f65e991e2c4a5eaba7ebe76c85b8c3,102210fe594ee9b33d82058545b1ed14f4c8206e,linux1804-64-shippable-qr,microsoft,True,,,,,,,,,,,,,,,,,,,,,,,,,,,,,,,,,,,,,,,,,,,,,,,,,,TN,,,,,,,,,,
,1736024483,2023-08-04 14:26:38,210.2,8b506ab414513f3320eb7747254e94b37808bb75,1282995,autoland,ContentfulSpeedIndex,True,microsoft ContentfulSpeedIndex opt fission warm webrender,,77,ms,firefox,False,|f|i|s|s|i|o|n| |w|a|r|m| |w|e|b|r|e|n|d|e|r|,,3776889,13,9b3df14599f65e991e2c4a5eaba7ebe76c85b8c3,102210fe594ee9b33d82058545b1ed14f4c8206e,linux1804-64-shippable-qr,microsoft,True,,,,,,,,,,,,,,,,,,,,,,,,,,,,,,,,,,,,,,,,,,,,,,,,,,TN,,,,,,,,,,
,1736116170,2023-08-04 17:20:09,206.5,e8c6dc4a318cb8af6210801b4271ea32ee9f324a,1283108,autoland,ContentfulSpeedIndex,True,microsoft ContentfulSpeedIndex opt fission warm webrender,,77,ms,firefox,False,|f|i|s|s|i|o|n| |w|a|r|m| |w|e|b|r|e|n|d|e|r|,,3776889,13,9b3df14599f65e991e2c4a5eaba7ebe76c85b8c3,102210fe594ee9b33d82058545b1ed14f4c8206e,linux1804-64-shippable-qr,microsoft,True,,,,,,,,,,,,,,,,,,,,,,,,,,,,,,,,,,,,,,,,,,,,,,,,,,TN,,,,,,,,,,
,1736272717,2023-08-04 21:22:40,210.2,de6dcf5a4c0eec5ef6847cde00ec5da4fcee2e8c,1283226,autoland,ContentfulSpeedIndex,True,microsoft ContentfulSpeedIndex opt fission warm webrender,,77,ms,firefox,False,|f|i|s|s|i|o|n| |w|a|r|m| |w|e|b|r|e|n|d|e|r|,,3776889,13,9b3df14599f65e991e2c4a5eaba7ebe76c85b8c3,102210fe594ee9b33d82058545b1ed14f4c8206e,linux1804-64-shippable-qr,microsoft,True,,,,,,,,,,,,,,,,,,,,,,,,,,,,,,,,,,,,,,,,,,,,,,,,,,TN,,,,,,,,,,
,1736319325,2023-08-04 23:16:08,206.9,421628bd5a5c1cf8c64cb86994b1e6dc738abb49,1283269,autoland,ContentfulSpeedIndex,True,microsoft ContentfulSpeedIndex opt fission warm webrender,,77,ms,firefox,False,|f|i|s|s|i|o|n| |w|a|r|m| |w|e|b|r|e|n|d|e|r|,,3776889,13,9b3df14599f65e991e2c4a5eaba7ebe76c85b8c3,102210fe594ee9b33d82058545b1ed14f4c8206e,linux1804-64-shippable-qr,microsoft,True,,,,,,,,,,,,,,,,,,,,,,,,,,,,,,,,,,,,,,,,,,,,,,,,,,TN,,,,,,,,,,
,1736443226,2023-08-05 11:44:34,216.3,9e73058ab4aadee7e12b26a9be296b2bbc04cf74,1283328,autoland,ContentfulSpeedIndex,True,microsoft ContentfulSpeedIndex opt fission warm webrender,,77,ms,firefox,False,|f|i|s|s|i|o|n| |w|a|r|m| |w|e|b|r|e|n|d|e|r|,,3776889,13,9b3df14599f65e991e2c4a5eaba7ebe76c85b8c3,102210fe594ee9b33d82058545b1ed14f4c8206e,linux1804-64-shippable-qr,microsoft,True,,,,,,,,,,,,,,,,,,,,,,,,,,,,,,,,,,,,,,,,,,,,,,,,,,TN,,,,,,,,,,
,1736466378,2023-08-05 16:15:02,209.7,b0538d39e8c853c9e07b359df9c740d5175e7077,1283346,autoland,ContentfulSpeedIndex,True,microsoft ContentfulSpeedIndex opt fission warm webrender,,77,ms,firefox,False,|f|i|s|s|i|o|n| |w|a|r|m| |w|e|b|r|e|n|d|e|r|,,3776889,13,9b3df14599f65e991e2c4a5eaba7ebe76c85b8c3,102210fe594ee9b33d82058545b1ed14f4c8206e,linux1804-64-shippable-qr,microsoft,True,,,,,,,,,,,,,,,,,,,,,,,,,,,,,,,,,,,,,,,,,,,,,,,,,,TN,,,,,,,,,,
,1736616583,2023-08-06 23:55:51,208.1,a777f43c4d9cabe80f2fc3aea6bf95c7e3e9c4c1,1283445,autoland,ContentfulSpeedIndex,True,microsoft ContentfulSpeedIndex opt fission warm webrender,,77,ms,firefox,False,|f|i|s|s|i|o|n| |w|a|r|m| |w|e|b|r|e|n|d|e|r|,,3776889,13,9b3df14599f65e991e2c4a5eaba7ebe76c85b8c3,102210fe594ee9b33d82058545b1ed14f4c8206e,linux1804-64-shippable-qr,microsoft,True,,,,,,,,,,,,,,,,,,,,,,,,,,,,,,,,,,,,,,,,,,,,,,,,,,TN,,,,,,,,,,
,1736656174,2023-08-07 02:09:17,213.8,a86a27857ef685b0547d023a29fb8c8bb3f8fc1d,1283462,autoland,ContentfulSpeedIndex,True,microsoft ContentfulSpeedIndex opt fission warm webrender,,77,ms,firefox,False,|f|i|s|s|i|o|n| |w|a|r|m| |w|e|b|r|e|n|d|e|r|,,3776889,13,9b3df14599f65e991e2c4a5eaba7ebe76c85b8c3,102210fe594ee9b33d82058545b1ed14f4c8206e,linux1804-64-shippable-qr,microsoft,True,,,,,,,,,,,,,,,,,,,,,,,,,,,,,,,,,,,,,,,,,,,,,,,,,,TN,,,,,,,,,,
,1737265246,2023-08-07 04:48:50,207.0,9555a7afb7209f87b299f3b014bb364b34f6e095,1283483,autoland,ContentfulSpeedIndex,True,microsoft ContentfulSpeedIndex opt fission warm webrender,,77,ms,firefox,False,|f|i|s|s|i|o|n| |w|a|r|m| |w|e|b|r|e|n|d|e|r|,,3776889,13,9b3df14599f65e991e2c4a5eaba7ebe76c85b8c3,102210fe594ee9b33d82058545b1ed14f4c8206e,linux1804-64-shippable-qr,microsoft,True,,,,,,,,,,,,,,,,,,,,,,,,,,,,,,,,,,,,,,,,,,,,,,,,,,TN,,,,,,,,,,
,1737255492,2023-08-07 04:55:58,214.3,4389f1c2b8cc83eafdc84eb81353a028baaebb55,1283484,autoland,ContentfulSpeedIndex,True,microsoft ContentfulSpeedIndex opt fission warm webrender,,77,ms,firefox,False,|f|i|s|s|i|o|n| |w|a|r|m| |w|e|b|r|e|n|d|e|r|,,3776889,13,9b3df14599f65e991e2c4a5eaba7ebe76c85b8c3,102210fe594ee9b33d82058545b1ed14f4c8206e,linux1804-64-shippable-qr,microsoft,True,,,,,,,,,,,,,,,,,,,,,,,,,,,,,,,,,,,,,,,,,,,,,,,,,,TN,,,,,,,,,,
,1736706253,2023-08-07 06:19:47,205.4,6d877fdb9a1e892fe6528a26aab81b53cfae55c5,1283519,autoland,ContentfulSpeedIndex,True,microsoft ContentfulSpeedIndex opt fission warm webrender,,77,ms,firefox,False,|f|i|s|s|i|o|n| |w|a|r|m| |w|e|b|r|e|n|d|e|r|,,3776889,13,9b3df14599f65e991e2c4a5eaba7ebe76c85b8c3,102210fe594ee9b33d82058545b1ed14f4c8206e,linux1804-64-shippable-qr,microsoft,True,,,,,,,,,,,,,,,,,,,,,,,,,,,,,,,,,,,,,,,,,,,,,,,,,,TN,,,,,,,,,,
,1736758275,2023-08-07 09:17:55,214.7,2f07664dbc304adeae1029ead0f4ab014aaa02a8,1283581,autoland,ContentfulSpeedIndex,True,microsoft ContentfulSpeedIndex opt fission warm webrender,,77,ms,firefox,False,|f|i|s|s|i|o|n| |w|a|r|m| |w|e|b|r|e|n|d|e|r|,,3776889,13,9b3df14599f65e991e2c4a5eaba7ebe76c85b8c3,102210fe594ee9b33d82058545b1ed14f4c8206e,linux1804-64-shippable-qr,microsoft,True,,,,,,,,,,,,,,,,,,,,,,,,,,,,,,,,,,,,,,,,,,,,,,,,,,TN,,,,,,,,,,
,1736884360,2023-08-07 13:44:02,214.6,d59d0a5038b29cdbcbb2d4b003d642a2617e297f,1283713,autoland,ContentfulSpeedIndex,True,microsoft ContentfulSpeedIndex opt fission warm webrender,,77,ms,firefox,False,|f|i|s|s|i|o|n| |w|a|r|m| |w|e|b|r|e|n|d|e|r|,,3776889,13,9b3df14599f65e991e2c4a5eaba7ebe76c85b8c3,102210fe594ee9b33d82058545b1ed14f4c8206e,linux1804-64-shippable-qr,microsoft,True,,,,,,,,,,,,,,,,,,,,,,,,,,,,,,,,,,,,,,,,,,,,,,,,,,TN,,,,,,,,,,
,1737244608,2023-08-07 14:25:14,229.1,617205b5b34e3efa0afc95d965a8404aef4ddb36,1283736,autoland,ContentfulSpeedIndex,True,microsoft ContentfulSpeedIndex opt fission warm webrender,,77,ms,firefox,False,|f|i|s|s|i|o|n| |w|a|r|m| |w|e|b|r|e|n|d|e|r|,,3776889,13,9b3df14599f65e991e2c4a5eaba7ebe76c85b8c3,102210fe594ee9b33d82058545b1ed14f4c8206e,linux1804-64-shippable-qr,microsoft,True,,,,,,,,,,,,,,,,,,,,,,,,,,,,,,,,,,,,,,,,,,,,,,,,,,TN,,,,,,,,,,
,1737253739,2023-08-07 14:37:37,212.1,6a6e81b1dfb459262cd93ce0448837be1183f628,1283747,autoland,ContentfulSpeedIndex,True,microsoft ContentfulSpeedIndex opt fission warm webrender,,77,ms,firefox,False,|f|i|s|s|i|o|n| |w|a|r|m| |w|e|b|r|e|n|d|e|r|,,3776889,13,9b3df14599f65e991e2c4a5eaba7ebe76c85b8c3,102210fe594ee9b33d82058545b1ed14f4c8206e,linux1804-64-shippable-qr,microsoft,True,,,,,,,,,,,,,,,,,,,,,,,,,,,,,,,,,,,,,,,,,,,,,,,,,,TN,,,,,,,,,,
,1736971253,2023-08-07 16:46:35,209.1,969534e114528550edbcaf30931bc5e255ac2475,1283815,autoland,ContentfulSpeedIndex,True,microsoft ContentfulSpeedIndex opt fission warm webrender,,77,ms,firefox,False,|f|i|s|s|i|o|n| |w|a|r|m| |w|e|b|r|e|n|d|e|r|,,3776889,13,9b3df14599f65e991e2c4a5eaba7ebe76c85b8c3,102210fe594ee9b33d82058545b1ed14f4c8206e,linux1804-64-shippable-qr,microsoft,True,,,,,,,,,,,,,,,,,,,,,,,,,,,,,,,,,,,,,,,,,,,,,,,,,,TN,,,,,,,,,,
,1737056768,2023-08-07 20:52:42,212.1,588b596bcb73c4c9cf235c8df1dc04fc9475c321,1283921,autoland,ContentfulSpeedIndex,True,microsoft ContentfulSpeedIndex opt fission warm webrender,,77,ms,firefox,False,|f|i|s|s|i|o|n| |w|a|r|m| |w|e|b|r|e|n|d|e|r|,,3776889,13,9b3df14599f65e991e2c4a5eaba7ebe76c85b8c3,102210fe594ee9b33d82058545b1ed14f4c8206e,linux1804-64-shippable-qr,microsoft,True,,,,,,,,,,,,,,,,,,,,,,,,,,,,,,,,,,,,,,,,,,,,,,,,,,TN,,,,,,,,,,
,1737082088,2023-08-07 21:31:10,213.1,0d1a783351f683e500d6e8f83d3dc430b2afdcbf,1283941,autoland,ContentfulSpeedIndex,True,microsoft ContentfulSpeedIndex opt fission warm webrender,,77,ms,firefox,False,|f|i|s|s|i|o|n| |w|a|r|m| |w|e|b|r|e|n|d|e|r|,,3776889,13,9b3df14599f65e991e2c4a5eaba7ebe76c85b8c3,102210fe594ee9b33d82058545b1ed14f4c8206e,linux1804-64-shippable-qr,microsoft,True,,,,,,,,,,,,,,,,,,,,,,,,,,,,,,,,,,,,,,,,,,,,,,,,,,TN,,,,,,,,,,
,1737209998,2023-08-08 01:47:48,224.2,7053ad5afbc40a1a98d9e4e447c98e2fd6d70f04,1284029,autoland,ContentfulSpeedIndex,True,microsoft ContentfulSpeedIndex opt fission warm webrender,,77,ms,firefox,False,|f|i|s|s|i|o|n| |w|a|r|m| |w|e|b|r|e|n|d|e|r|,,3776889,13,9b3df14599f65e991e2c4a5eaba7ebe76c85b8c3,102210fe594ee9b33d82058545b1ed14f4c8206e,linux1804-64-shippable-qr,microsoft,True,,,,,,,,,,,,,,,,,,,,,,,,,,,,,,,,,,,,,,,,,,,,,,,,,,TN,,,,,,,,,,
,1737299442,2023-08-08 08:03:57,206.5,201950bdeb03d34c7ad70702b52d28c3e0f6a448,1284128,autoland,ContentfulSpeedIndex,True,microsoft ContentfulSpeedIndex opt fission warm webrender,,77,ms,firefox,False,|f|i|s|s|i|o|n| |w|a|r|m| |w|e|b|r|e|n|d|e|r|,,3776889,13,9b3df14599f65e991e2c4a5eaba7ebe76c85b8c3,102210fe594ee9b33d82058545b1ed14f4c8206e,linux1804-64-shippable-qr,microsoft,True,,,,,,,,,,,,,,,,,,,,,,,,,,,,,,,,,,,,,,,,,,,,,,,,,,TN,,,,,,,,,,
,1737383150,2023-08-08 12:10:40,216.6,d1fbe6c1f87656fb4f55677904f55f6df433ea9a,1284255,autoland,ContentfulSpeedIndex,True,microsoft ContentfulSpeedIndex opt fission warm webrender,,77,ms,firefox,False,|f|i|s|s|i|o|n| |w|a|r|m| |w|e|b|r|e|n|d|e|r|,,3776889,13,9b3df14599f65e991e2c4a5eaba7ebe76c85b8c3,102210fe594ee9b33d82058545b1ed14f4c8206e,linux1804-64-shippable-qr,microsoft,True,,,,,,,,,,,,,,,,,,,,,,,,,,,,,,,,,,,,,,,,,,,,,,,,,,TN,,,,,,,,,,
,1737410479,2023-08-08 12:20:31,211.2,062a5e5729067f579bd6d1ab2f1a3021d7fd291a,1284261,autoland,ContentfulSpeedIndex,True,microsoft ContentfulSpeedIndex opt fission warm webrender,,77,ms,firefox,False,|f|i|s|s|i|o|n| |w|a|r|m| |w|e|b|r|e|n|d|e|r|,,3776889,13,9b3df14599f65e991e2c4a5eaba7ebe76c85b8c3,102210fe594ee9b33d82058545b1ed14f4c8206e,linux1804-64-shippable-qr,microsoft,True,,,,,,,,,,,,,,,,,,,,,,,,,,,,,,,,,,,,,,,,,,,,,,,,,,TN,,,,,,,,,,
,1737484825,2023-08-08 16:23:23,209.5,855c69dcdcc457c3e5a54150cdd89a71a2527e2b,1284396,autoland,ContentfulSpeedIndex,True,microsoft ContentfulSpeedIndex opt fission warm webrender,,77,ms,firefox,False,|f|i|s|s|i|o|n| |w|a|r|m| |w|e|b|r|e|n|d|e|r|,,3776889,13,9b3df14599f65e991e2c4a5eaba7ebe76c85b8c3,102210fe594ee9b33d82058545b1ed14f4c8206e,linux1804-64-shippable-qr,microsoft,True,,,,,,,,,,,,,,,,,,,,,,,,,,,,,,,,,,,,,,,,,,,,,,,,,,TN,,,,,,,,,,
,1737613411,2023-08-08 18:03:32,211.5,b19ed5a6579d312e71c03201698107835378c612,1284479,autoland,ContentfulSpeedIndex,True,microsoft ContentfulSpeedIndex opt fission warm webrender,,77,ms,firefox,False,|f|i|s|s|i|o|n| |w|a|r|m| |w|e|b|r|e|n|d|e|r|,,3776889,13,9b3df14599f65e991e2c4a5eaba7ebe76c85b8c3,102210fe594ee9b33d82058545b1ed14f4c8206e,linux1804-64-shippable-qr,microsoft,True,,,,,,,,,,,,,,,,,,,,,,,,,,,,,,,,,,,,,,,,,,,,,,,,,,TN,,,,,,,,,,
,1737684242,2023-08-08 21:27:09,203.6,4abb9ce2fb8e4174171b3478d6f28b78bf3f214a,1284603,autoland,ContentfulSpeedIndex,True,microsoft ContentfulSpeedIndex opt fission warm webrender,,77,ms,firefox,False,|f|i|s|s|i|o|n| |w|a|r|m| |w|e|b|r|e|n|d|e|r|,,3776889,13,9b3df14599f65e991e2c4a5eaba7ebe76c85b8c3,102210fe594ee9b33d82058545b1ed14f4c8206e,linux1804-64-shippable-qr,microsoft,True,,,,,,,,,,,,,,,,,,,,,,,,,,,,,,,,,,,,,,,,,,,,,,,,,,TN,,,,,,,,,,
,1737776376,2023-08-09 02:34:29,215.3,25a29224e55d9a839d6fddde206208a453535ec8,1284750,autoland,ContentfulSpeedIndex,True,microsoft ContentfulSpeedIndex opt fission warm webrender,,77,ms,firefox,False,|f|i|s|s|i|o|n| |w|a|r|m| |w|e|b|r|e|n|d|e|r|,,3776889,13,9b3df14599f65e991e2c4a5eaba7ebe76c85b8c3,102210fe594ee9b33d82058545b1ed14f4c8206e,linux1804-64-shippable-qr,microsoft,True,,,,,,,,,,,,,,,,,,,,,,,,,,,,,,,,,,,,,,,,,,,,,,,,,,TN,,,,,,,,,,
,1738486023,2023-08-09 11:39:18,205.2,3951ba8d46ada1b519bccbff6c94ced52fd96cd0,1284953,autoland,ContentfulSpeedIndex,True,microsoft ContentfulSpeedIndex opt fission warm webrender,,77,ms,firefox,False,|f|i|s|s|i|o|n| |w|a|r|m| |w|e|b|r|e|n|d|e|r|,,3776889,13,9b3df14599f65e991e2c4a5eaba7ebe76c85b8c3,102210fe594ee9b33d82058545b1ed14f4c8206e,linux1804-64-shippable-qr,microsoft,True,,,,,,,,,,,,,,,,,,,,,,,,,,,,,,,,,,,,,,,,,,,,,,,,,,TN,,,,,,,,,,
,1738519421,2023-08-09 11:55:28,208.2,ed039eae768be7f3b20683997b4fe970d4b8bd82,1284958,autoland,ContentfulSpeedIndex,True,microsoft ContentfulSpeedIndex opt fission warm webrender,,77,ms,firefox,False,|f|i|s|s|i|o|n| |w|a|r|m| |w|e|b|r|e|n|d|e|r|,,3776889,13,9b3df14599f65e991e2c4a5eaba7ebe76c85b8c3,102210fe594ee9b33d82058545b1ed14f4c8206e,linux1804-64-shippable-qr,microsoft,True,,,,,,,,,,,,,,,,,,,,,,,,,,,,,,,,,,,,,,,,,,,,,,,,,,TN,,,,,,,,,,
,1738009649,2023-08-09 13:49:06,209.7,46b5603cd2b8de629b659ec8d44fc7b086782c46,1285020,autoland,ContentfulSpeedIndex,True,microsoft ContentfulSpeedIndex opt fission warm webrender,,77,ms,firefox,False,|f|i|s|s|i|o|n| |w|a|r|m| |w|e|b|r|e|n|d|e|r|,,3776889,13,9b3df14599f65e991e2c4a5eaba7ebe76c85b8c3,102210fe594ee9b33d82058545b1ed14f4c8206e,linux1804-64-shippable-qr,microsoft,True,,,,,,,,,,,,,,,,,,,,,,,,,,,,,,,,,,,,,,,,,,,,,,,,,,TN,,,,,,,,,,
,1738201699,2023-08-09 17:29:37,205.0,299828b58af2fd55f393babed8ea8db6425040df,1285186,autoland,ContentfulSpeedIndex,True,microsoft ContentfulSpeedIndex opt fission warm webrender,,77,ms,firefox,False,|f|i|s|s|i|o|n| |w|a|r|m| |w|e|b|r|e|n|d|e|r|,,3776889,13,9b3df14599f65e991e2c4a5eaba7ebe76c85b8c3,102210fe594ee9b33d82058545b1ed14f4c8206e,linux1804-64-shippable-qr,microsoft,True,,,,,,,,,,,,,,,,,,,,,,,,,,,,,,,,,,,,,,,,,,,,,,,,,,TN,,,,,,,,,,
,1738308399,2023-08-09 20:56:32,216.2,9766f63db97d1b85b2f2f47d2b3cb3ee3782ae85,1285337,autoland,ContentfulSpeedIndex,True,microsoft ContentfulSpeedIndex opt fission warm webrender,,77,ms,firefox,False,|f|i|s|s|i|o|n| |w|a|r|m| |w|e|b|r|e|n|d|e|r|,,3776889,13,9b3df14599f65e991e2c4a5eaba7ebe76c85b8c3,102210fe594ee9b33d82058545b1ed14f4c8206e,linux1804-64-shippable-qr,microsoft,True,,,,,,,,,,,,,,,,,,,,,,,,,,,,,,,,,,,,,,,,,,,,,,,,,,TN,,,,,,,,,,
,1738387789,2023-08-10 01:02:34,217.1,b2b54f91567d2de224314e03fc81ba6e815e2fa7,1285442,autoland,ContentfulSpeedIndex,True,microsoft ContentfulSpeedIndex opt fission warm webrender,,77,ms,firefox,False,|f|i|s|s|i|o|n| |w|a|r|m| |w|e|b|r|e|n|d|e|r|,,3776889,13,9b3df14599f65e991e2c4a5eaba7ebe76c85b8c3,102210fe594ee9b33d82058545b1ed14f4c8206e,linux1804-64-shippable-qr,microsoft,True,,,,,,,,,,,,,,,,,,,,,,,,,,,,,,,,,,,,,,,,,,,,,,,,,,TN,,,,,,,,,,
,1738422787,2023-08-10 02:22:08,208.1,7704c89f0e6bc2ca33282a228b42fb5cd7aa072c,1285454,autoland,ContentfulSpeedIndex,True,microsoft ContentfulSpeedIndex opt fission warm webrender,,77,ms,firefox,False,|f|i|s|s|i|o|n| |w|a|r|m| |w|e|b|r|e|n|d|e|r|,,3776889,13,9b3df14599f65e991e2c4a5eaba7ebe76c85b8c3,102210fe594ee9b33d82058545b1ed14f4c8206e,linux1804-64-shippable-qr,microsoft,True,,,,,,,,,,,,,,,,,,,,,,,,,,,,,,,,,,,,,,,,,,,,,,,,,,TN,,,,,,,,,,
,1738535260,2023-08-10 06:54:21,226.9,24eb42c9b3d9f910ba5afe124232608f70532552,1285524,autoland,ContentfulSpeedIndex,True,microsoft ContentfulSpeedIndex opt fission warm webrender,,77,ms,firefox,False,|f|i|s|s|i|o|n| |w|a|r|m| |w|e|b|r|e|n|d|e|r|,,3776889,13,9b3df14599f65e991e2c4a5eaba7ebe76c85b8c3,102210fe594ee9b33d82058545b1ed14f4c8206e,linux1804-64-shippable-qr,microsoft,True,,,,,,,,,,,,,,,,,,,,,,,,,,,,,,,,,,,,,,,,,,,,,,,,,,TN,,,,,,,,,,
,1738550201,2023-08-10 07:38:16,208.0,f688cd32ea991c3f0e62e19b43efc48cb4cc183a,1285542,autoland,ContentfulSpeedIndex,True,microsoft ContentfulSpeedIndex opt fission warm webrender,,77,ms,firefox,False,|f|i|s|s|i|o|n| |w|a|r|m| |w|e|b|r|e|n|d|e|r|,,3776889,13,9b3df14599f65e991e2c4a5eaba7ebe76c85b8c3,102210fe594ee9b33d82058545b1ed14f4c8206e,linux1804-64-shippable-qr,microsoft,True,,,,,,,,,,,,,,,,,,,,,,,,,,,,,,,,,,,,,,,,,,,,,,,,,,TN,,,,,,,,,,
,1738644074,2023-08-10 11:47:02,212.4,b544a2a999190b3345911b807fac8392e1360811,1285658,autoland,ContentfulSpeedIndex,True,microsoft ContentfulSpeedIndex opt fission warm webrender,,77,ms,firefox,False,|f|i|s|s|i|o|n| |w|a|r|m| |w|e|b|r|e|n|d|e|r|,,3776889,13,9b3df14599f65e991e2c4a5eaba7ebe76c85b8c3,102210fe594ee9b33d82058545b1ed14f4c8206e,linux1804-64-shippable-qr,microsoft,True,,,,,,,,,,,,,,,,,,,,,,,,,,,,,,,,,,,,,,,,,,,,,,,,,,TN,,,,,,,,,,
,1738673339,2023-08-10 13:06:38,206.7,11f47f2a1cf08c1e0b5bb6374f2a7dd1f49c8cac,1285701,autoland,ContentfulSpeedIndex,True,microsoft ContentfulSpeedIndex opt fission warm webrender,,77,ms,firefox,False,|f|i|s|s|i|o|n| |w|a|r|m| |w|e|b|r|e|n|d|e|r|,,3776889,13,9b3df14599f65e991e2c4a5eaba7ebe76c85b8c3,102210fe594ee9b33d82058545b1ed14f4c8206e,linux1804-64-shippable-qr,microsoft,True,,,,,,,,,,,,,,,,,,,,,,,,,,,,,,,,,,,,,,,,,,,,,,,,,,TN,,,,,,,,,,
,1739001717,2023-08-10 15:43:03,207.7,5dd3cd2421b46ac8062d03aab70251276fd58962,1285787,autoland,ContentfulSpeedIndex,True,microsoft ContentfulSpeedIndex opt fission warm webrender,,77,ms,firefox,False,|f|i|s|s|i|o|n| |w|a|r|m| |w|e|b|r|e|n|d|e|r|,,3776889,13,9b3df14599f65e991e2c4a5eaba7ebe76c85b8c3,102210fe594ee9b33d82058545b1ed14f4c8206e,linux1804-64-shippable-qr,microsoft,True,,,,,,,,,,,,,,,,,,,,,,,,,,,,,,,,,,,,,,,,,,,,,,,,,,TN,,,,,,,,,,
,1739001696,2023-08-10 15:45:51,210.0,cb7f80daa8c82ee9dd68e66a2792421be67d2821,1285790,autoland,ContentfulSpeedIndex,True,microsoft ContentfulSpeedIndex opt fission warm webrender,,77,ms,firefox,False,|f|i|s|s|i|o|n| |w|a|r|m| |w|e|b|r|e|n|d|e|r|,,3776889,13,9b3df14599f65e991e2c4a5eaba7ebe76c85b8c3,102210fe594ee9b33d82058545b1ed14f4c8206e,linux1804-64-shippable-qr,microsoft,True,,,,,,,,,,,,,,,,,,,,,,,,,,,,,,,,,,,,,,,,,,,,,,,,,,TN,,,,,,,,,,
,1738774957,2023-08-10 16:07:39,215.8,42a4b2af29229dbfd0675767afaf6965d292e4a7,1285800,autoland,ContentfulSpeedIndex,True,microsoft ContentfulSpeedIndex opt fission warm webrender,,77,ms,firefox,False,|f|i|s|s|i|o|n| |w|a|r|m| |w|e|b|r|e|n|d|e|r|,,3776889,13,9b3df14599f65e991e2c4a5eaba7ebe76c85b8c3,102210fe594ee9b33d82058545b1ed14f4c8206e,linux1804-64-shippable-qr,microsoft,True,,,,,,,,,,,,,,,,,,,,,,,,,,,,,,,,,,,,,,,,,,,,,,,,,,TN,,,,,,,,,,
,1738855105,2023-08-10 18:32:11,214.5,fae9c8496544fb4597f4094d95b81fdefec01628,1285918,autoland,ContentfulSpeedIndex,True,microsoft ContentfulSpeedIndex opt fission warm webrender,,77,ms,firefox,False,|f|i|s|s|i|o|n| |w|a|r|m| |w|e|b|r|e|n|d|e|r|,,3776889,13,9b3df14599f65e991e2c4a5eaba7ebe76c85b8c3,102210fe594ee9b33d82058545b1ed14f4c8206e,linux1804-64-shippable-qr,microsoft,True,,,,,,,,,,,,,,,,,,,,,,,,,,,,,,,,,,,,,,,,,,,,,,,,,,TN,,,,,,,,,,
,1738966391,2023-08-10 21:59:13,212.6,389f1009f2db207be63aacd4c9c54990f9d1104b,1286074,autoland,ContentfulSpeedIndex,True,microsoft ContentfulSpeedIndex opt fission warm webrender,,77,ms,firefox,False,|f|i|s|s|i|o|n| |w|a|r|m| |w|e|b|r|e|n|d|e|r|,,3776889,13,9b3df14599f65e991e2c4a5eaba7ebe76c85b8c3,102210fe594ee9b33d82058545b1ed14f4c8206e,linux1804-64-shippable-qr,microsoft,True,,,,,,,,,,,,,,,,,,,,,,,,,,,,,,,,,,,,,,,,,,,,,,,,,,TN,,,,,,,,,,
,1739014566,2023-08-11 03:08:44,211.4,05da0ca6db46baad5f6e45489d80d5097053bb42,1286160,autoland,ContentfulSpeedIndex,True,microsoft ContentfulSpeedIndex opt fission warm webrender,,77,ms,firefox,False,|f|i|s|s|i|o|n| |w|a|r|m| |w|e|b|r|e|n|d|e|r|,,3776889,13,9b3df14599f65e991e2c4a5eaba7ebe76c85b8c3,102210fe594ee9b33d82058545b1ed14f4c8206e,linux1804-64-shippable-qr,microsoft,True,,,,,,,,,,,,,,,,,,,,,,,,,,,,,,,,,,,,,,,,,,,,,,,,,,TN,,,,,,,,,,
,1739085537,2023-08-11 07:27:06,212.7,efb44db563b1abcb74959e12c6ce8e577cd213f2,1286189,autoland,ContentfulSpeedIndex,True,microsoft ContentfulSpeedIndex opt fission warm webrender,,77,ms,firefox,False,|f|i|s|s|i|o|n| |w|a|r|m| |w|e|b|r|e|n|d|e|r|,,3776889,13,9b3df14599f65e991e2c4a5eaba7ebe76c85b8c3,102210fe594ee9b33d82058545b1ed14f4c8206e,linux1804-64-shippable-qr,microsoft,True,,,,,,,,,,,,,,,,,,,,,,,,,,,,,,,,,,,,,,,,,,,,,,,,,,TN,,,,,,,,,,
,1739118610,2023-08-11 08:27:25,211.3,cda91469ef2a9b195d09f702816a5f7aec451d02,1286199,autoland,ContentfulSpeedIndex,True,microsoft ContentfulSpeedIndex opt fission warm webrender,,77,ms,firefox,False,|f|i|s|s|i|o|n| |w|a|r|m| |w|e|b|r|e|n|d|e|r|,,3776889,13,9b3df14599f65e991e2c4a5eaba7ebe76c85b8c3,102210fe594ee9b33d82058545b1ed14f4c8206e,linux1804-64-shippable-qr,microsoft,True,,,,,,,,,,,,,,,,,,,,,,,,,,,,,,,,,,,,,,,,,,,,,,,,,,TN,,,,,,,,,,
,1739259449,2023-08-11 14:16:15,208.4,21aaca8e9cca74e93bf7c9c3a6c05b78a0d46a06,1286315,autoland,ContentfulSpeedIndex,True,microsoft ContentfulSpeedIndex opt fission warm webrender,,77,ms,firefox,False,|f|i|s|s|i|o|n| |w|a|r|m| |w|e|b|r|e|n|d|e|r|,,3776889,13,9b3df14599f65e991e2c4a5eaba7ebe76c85b8c3,102210fe594ee9b33d82058545b1ed14f4c8206e,linux1804-64-shippable-qr,microsoft,True,,,,,,,,,,,,,,,,,,,,,,,,,,,,,,,,,,,,,,,,,,,,,,,,,,TN,,,,,,,,,,
,1739295728,2023-08-11 16:12:07,211.2,16838b515ded4549918a4ebf3e3fa8a0b427e1f4,1286403,autoland,ContentfulSpeedIndex,True,microsoft ContentfulSpeedIndex opt fission warm webrender,,77,ms,firefox,False,|f|i|s|s|i|o|n| |w|a|r|m| |w|e|b|r|e|n|d|e|r|,,3776889,13,9b3df14599f65e991e2c4a5eaba7ebe76c85b8c3,102210fe594ee9b33d82058545b1ed14f4c8206e,linux1804-64-shippable-qr,microsoft,True,,,,,,,,,,,,,,,,,,,,,,,,,,,,,,,,,,,,,,,,,,,,,,,,,,TN,,,,,,,,,,
,1739416634,2023-08-11 20:27:04,214.4,700d98d93bde10f22824d5d41b863f4a108f832b,1286565,autoland,ContentfulSpeedIndex,True,microsoft ContentfulSpeedIndex opt fission warm webrender,,77,ms,firefox,False,|f|i|s|s|i|o|n| |w|a|r|m| |w|e|b|r|e|n|d|e|r|,,3776889,13,9b3df14599f65e991e2c4a5eaba7ebe76c85b8c3,102210fe594ee9b33d82058545b1ed14f4c8206e,linux1804-64-shippable-qr,microsoft,True,,,,,,,,,,,,,,,,,,,,,,,,,,,,,,,,,,,,,,,,,,,,,,,,,,TN,,,,,,,,,,
,1739542424,2023-08-11 21:04:25,211.4,51c1600372ae1fc4b34d3f3d0d77d993ebba6dee,1286579,autoland,ContentfulSpeedIndex,True,microsoft ContentfulSpeedIndex opt fission warm webrender,,77,ms,firefox,False,|f|i|s|s|i|o|n| |w|a|r|m| |w|e|b|r|e|n|d|e|r|,,3776889,13,9b3df14599f65e991e2c4a5eaba7ebe76c85b8c3,102210fe594ee9b33d82058545b1ed14f4c8206e,linux1804-64-shippable-qr,microsoft,True,,,,,,,,,,,,,,,,,,,,,,,,,,,,,,,,,,,,,,,,,,,,,,,,,,TN,,,,,,,,,,
,1739547966,2023-08-11 21:21:38,203.5,d276fb10dd5967d5a7779c681e5fb051233edc53,1286581,autoland,ContentfulSpeedIndex,True,microsoft ContentfulSpeedIndex opt fission warm webrender,,77,ms,firefox,False,|f|i|s|s|i|o|n| |w|a|r|m| |w|e|b|r|e|n|d|e|r|,,3776889,13,9b3df14599f65e991e2c4a5eaba7ebe76c85b8c3,102210fe594ee9b33d82058545b1ed14f4c8206e,linux1804-64-shippable-qr,microsoft,True,,,,,,,,,,,,,,,,,,,,,,,,,,,,,,,,,,,,,,,,,,,,,,,,,,TN,,,,,,,,,,
,1739571316,2023-08-12 05:14:02,212.7,8dd752fc2bce87d04b7ae3bab02bb57d59c64e8a,1286635,autoland,ContentfulSpeedIndex,True,microsoft ContentfulSpeedIndex opt fission warm webrender,,77,ms,firefox,False,|f|i|s|s|i|o|n| |w|a|r|m| |w|e|b|r|e|n|d|e|r|,,3776889,13,9b3df14599f65e991e2c4a5eaba7ebe76c85b8c3,102210fe594ee9b33d82058545b1ed14f4c8206e,linux1804-64-shippable-qr,microsoft,True,,,,,,,,,,,,,,,,,,,,,,,,,,,,,,,,,,,,,,,,,,,,,,,,,,TN,,,,,,,,,,
,1739557007,2023-08-12 05:14:50,208.0,f20040ae7b2f3e1499ea3b90639fd96566103125,1286636,autoland,ContentfulSpeedIndex,True,microsoft ContentfulSpeedIndex opt fission warm webrender,,77,ms,firefox,False,|f|i|s|s|i|o|n| |w|a|r|m| |w|e|b|r|e|n|d|e|r|,,3776889,13,9b3df14599f65e991e2c4a5eaba7ebe76c85b8c3,102210fe594ee9b33d82058545b1ed14f4c8206e,linux1804-64-shippable-qr,microsoft,True,,,,,,,,,,,,,,,,,,,,,,,,,,,,,,,,,,,,,,,,,,,,,,,,,,TN,,,,,,,,,,
,1739634684,2023-08-12 12:22:39,209.3,6386291adbedd6140dfbf10b071e5cc82f5433a1,1286663,autoland,ContentfulSpeedIndex,True,microsoft ContentfulSpeedIndex opt fission warm webrender,,77,ms,firefox,False,|f|i|s|s|i|o|n| |w|a|r|m| |w|e|b|r|e|n|d|e|r|,,3776889,13,9b3df14599f65e991e2c4a5eaba7ebe76c85b8c3,102210fe594ee9b33d82058545b1ed14f4c8206e,linux1804-64-shippable-qr,microsoft,True,,,,,,,,,,,,,,,,,,,,,,,,,,,,,,,,,,,,,,,,,,,,,,,,,,TN,,,,,,,,,,
,1739675440,2023-08-12 17:53:09,205.0,9a15449ff274a89d15ae4d345601385b371c2dff,1286688,autoland,ContentfulSpeedIndex,True,microsoft ContentfulSpeedIndex opt fission warm webrender,,77,ms,firefox,False,|f|i|s|s|i|o|n| |w|a|r|m| |w|e|b|r|e|n|d|e|r|,,3776889,13,9b3df14599f65e991e2c4a5eaba7ebe76c85b8c3,102210fe594ee9b33d82058545b1ed14f4c8206e,linux1804-64-shippable-qr,microsoft,True,,,,,,,,,,,,,,,,,,,,,,,,,,,,,,,,,,,,,,,,,,,,,,,,,,TN,,,,,,,,,,
,1741028068,2023-08-12 18:59:59,211.4,ed02d85213230f449a9fd27bed723505620cc2ba,1286692,autoland,ContentfulSpeedIndex,True,microsoft ContentfulSpeedIndex opt fission warm webrender,,77,ms,firefox,False,|f|i|s|s|i|o|n| |w|a|r|m| |w|e|b|r|e|n|d|e|r|,,3776889,13,9b3df14599f65e991e2c4a5eaba7ebe76c85b8c3,102210fe594ee9b33d82058545b1ed14f4c8206e,linux1804-64-shippable-qr,microsoft,True,,,,,,,,,,,,,,,,,,,,,,,,,,,,,,,,,,,,,,,,,,,,,,,,,,TN,,,,,,,,,,
,1741028003,2023-08-12 19:01:23,205.2,48217906ac982e129b5eedf07e90904396c31ed4,1286694,autoland,ContentfulSpeedIndex,True,microsoft ContentfulSpeedIndex opt fission warm webrender,,77,ms,firefox,False,|f|i|s|s|i|o|n| |w|a|r|m| |w|e|b|r|e|n|d|e|r|,,3776889,13,9b3df14599f65e991e2c4a5eaba7ebe76c85b8c3,102210fe594ee9b33d82058545b1ed14f4c8206e,linux1804-64-shippable-qr,microsoft,True,,,,,,,,,,,,,,,,,,,,,,,,,,,,,,,,,,,,,,,,,,,,,,,,,,TN,,,,,,,,,,
,1741028036,2023-08-12 21:33:14,209.1,b4816831d7f7db0cbbbf0fa335ea506a126c2400,1286699,autoland,ContentfulSpeedIndex,True,microsoft ContentfulSpeedIndex opt fission warm webrender,,77,ms,firefox,False,|f|i|s|s|i|o|n| |w|a|r|m| |w|e|b|r|e|n|d|e|r|,,3776889,13,9b3df14599f65e991e2c4a5eaba7ebe76c85b8c3,102210fe594ee9b33d82058545b1ed14f4c8206e,linux1804-64-shippable-qr,microsoft,True,,,,,,,,,,,,,,,,,,,,,,,,,,,,,,,,,,,,,,,,,,,,,,,,,,TN,,,,,,,,,,
,1739751425,2023-08-13 04:26:09,211.7,dcf2ddfaffbf9900de8ba4a674708bf996d147b6,1286737,autoland,ContentfulSpeedIndex,True,microsoft ContentfulSpeedIndex opt fission warm webrender,,77,ms,firefox,False,|f|i|s|s|i|o|n| |w|a|r|m| |w|e|b|r|e|n|d|e|r|,,3776889,13,9b3df14599f65e991e2c4a5eaba7ebe76c85b8c3,102210fe594ee9b33d82058545b1ed14f4c8206e,linux1804-64-shippable-qr,microsoft,True,,,,,,,,,,,,,,,,,,,,,,,,,,,,,,,,,,,,,,,,,,,,,,,,,,TN,,,,,,,,,,
,1740864737,2023-08-13 07:00:32,212.8,86e5329c4222281ef692c4d236abc6566f486fe1,1286742,autoland,ContentfulSpeedIndex,True,microsoft ContentfulSpeedIndex opt fission warm webrender,,77,ms,firefox,False,|f|i|s|s|i|o|n| |w|a|r|m| |w|e|b|r|e|n|d|e|r|,,3776889,13,9b3df14599f65e991e2c4a5eaba7ebe76c85b8c3,102210fe594ee9b33d82058545b1ed14f4c8206e,linux1804-64-shippable-qr,microsoft,True,,,,,,,,,,,,,,,,,,,,,,,,,,,,,,,,,,,,,,,,,,,,,,,,,,TN,,,,,,,,,,
,1739820428,2023-08-13 16:54:11,208.2,cbfbab86b8f2ad4e39c90caa2d8e55102609b72d,1286762,autoland,ContentfulSpeedIndex,True,microsoft ContentfulSpeedIndex opt fission warm webrender,,77,ms,firefox,False,|f|i|s|s|i|o|n| |w|a|r|m| |w|e|b|r|e|n|d|e|r|,,3776889,13,9b3df14599f65e991e2c4a5eaba7ebe76c85b8c3,102210fe594ee9b33d82058545b1ed14f4c8206e,linux1804-64-shippable-qr,microsoft,True,,,,,,,,,,,,,,,,,,,,,,,,,,,,,,,,,,,,,,,,,,,,,,,,,,TN,,,,,,,,,,
,1740865175,2023-08-13 18:58:56,211.0,940d92cd932f4a3cb48ec21e60e4ff558b388bc0,1286770,autoland,ContentfulSpeedIndex,True,microsoft ContentfulSpeedIndex opt fission warm webrender,,77,ms,firefox,False,|f|i|s|s|i|o|n| |w|a|r|m| |w|e|b|r|e|n|d|e|r|,,3776889,13,9b3df14599f65e991e2c4a5eaba7ebe76c85b8c3,102210fe594ee9b33d82058545b1ed14f4c8206e,linux1804-64-shippable-qr,microsoft,True,,,,,,,,,,,,,,,,,,,,,,,,,,,,,,,,,,,,,,,,,,,,,,,,,,TN,,,,,,,,,,
,1740865014,2023-08-13 19:38:57,207.1,6d77e3e6758ed20403fb693b35651d0f549d18ff,1286771,autoland,ContentfulSpeedIndex,True,microsoft ContentfulSpeedIndex opt fission warm webrender,,77,ms,firefox,False,|f|i|s|s|i|o|n| |w|a|r|m| |w|e|b|r|e|n|d|e|r|,,3776889,13,9b3df14599f65e991e2c4a5eaba7ebe76c85b8c3,102210fe594ee9b33d82058545b1ed14f4c8206e,linux1804-64-shippable-qr,microsoft,True,,,,,,,,,,,,,,,,,,,,,,,,,,,,,,,,,,,,,,,,,,,,,,,,,,TN,,,,,,,,,,
,1740865358,2023-08-13 20:41:19,207.7,e94d2ce1d1fd55c1eaa391da347b4f565c2fa8fc,1286775,autoland,ContentfulSpeedIndex,True,microsoft ContentfulSpeedIndex opt fission warm webrender,,77,ms,firefox,False,|f|i|s|s|i|o|n| |w|a|r|m| |w|e|b|r|e|n|d|e|r|,,3776889,13,9b3df14599f65e991e2c4a5eaba7ebe76c85b8c3,102210fe594ee9b33d82058545b1ed14f4c8206e,linux1804-64-shippable-qr,microsoft,True,,,,,,,,,,,,,,,,,,,,,,,,,,,,,,,,,,,,,,,,,,,,,,,,,,TN,,,,,,,,,,
,1739910967,2023-08-14 00:32:30,208.0,bdeed1276a3515d597485fc241f9757ff607a9d1,1286792,autoland,ContentfulSpeedIndex,True,microsoft ContentfulSpeedIndex opt fission warm webrender,,77,ms,firefox,False,|f|i|s|s|i|o|n| |w|a|r|m| |w|e|b|r|e|n|d|e|r|,,3776889,13,9b3df14599f65e991e2c4a5eaba7ebe76c85b8c3,102210fe594ee9b33d82058545b1ed14f4c8206e,linux1804-64-shippable-qr,microsoft,True,,,,,,,,,,,,,,,,,,,,,,,,,,,,,,,,,,,,,,,,,,,,,,,,,,TN,,,,,,,,,,
,1740863767,2023-08-14 01:36:09,207.1,1a8667ef39045463164d3baf886f74e7a2f554b0,1286796,autoland,ContentfulSpeedIndex,True,microsoft ContentfulSpeedIndex opt fission warm webrender,,77,ms,firefox,False,|f|i|s|s|i|o|n| |w|a|r|m| |w|e|b|r|e|n|d|e|r|,,3776889,13,9b3df14599f65e991e2c4a5eaba7ebe76c85b8c3,102210fe594ee9b33d82058545b1ed14f4c8206e,linux1804-64-shippable-qr,microsoft,True,,,,,,,,,,,,,,,,,,,,,,,,,,,,,,,,,,,,,,,,,,,,,,,,,,TN,,,,,,,,,,
,1740864005,2023-08-14 03:27:14,209.5,c59c00d07ccc8a3670ff329f80c0842cdd6016d3,1286805,autoland,ContentfulSpeedIndex,True,microsoft ContentfulSpeedIndex opt fission warm webrender,,77,ms,firefox,False,|f|i|s|s|i|o|n| |w|a|r|m| |w|e|b|r|e|n|d|e|r|,,3776889,13,9b3df14599f65e991e2c4a5eaba7ebe76c85b8c3,102210fe594ee9b33d82058545b1ed14f4c8206e,linux1804-64-shippable-qr,microsoft,True,,,,,,,,,,,,,,,,,,,,,,,,,,,,,,,,,,,,,,,,,,,,,,,,,,TN,,,,,,,,,,
,1740864061,2023-08-14 03:32:04,214.0,31b1716d5e31ceb8699ef66c54eb7d48221e98cd,1286806,autoland,ContentfulSpeedIndex,True,microsoft ContentfulSpeedIndex opt fission warm webrender,,77,ms,firefox,False,|f|i|s|s|i|o|n| |w|a|r|m| |w|e|b|r|e|n|d|e|r|,,3776889,13,9b3df14599f65e991e2c4a5eaba7ebe76c85b8c3,102210fe594ee9b33d82058545b1ed14f4c8206e,linux1804-64-shippable-qr,microsoft,True,,,,,,,,,,,,,,,,,,,,,,,,,,,,,,,,,,,,,,,,,,,,,,,,,,TN,,,,,,,,,,
,1739949529,2023-08-14 06:39:21,208.3,a5bcd3edffd78b69932e1ea7c5dda0894107edaa,1286822,autoland,ContentfulSpeedIndex,True,microsoft ContentfulSpeedIndex opt fission warm webrender,,77,ms,firefox,False,|f|i|s|s|i|o|n| |w|a|r|m| |w|e|b|r|e|n|d|e|r|,,3776889,13,9b3df14599f65e991e2c4a5eaba7ebe76c85b8c3,102210fe594ee9b33d82058545b1ed14f4c8206e,linux1804-64-shippable-qr,microsoft,True,,,,,,,,,,,,,,,,,,,,,,,,,,,,,,,,,,,,,,,,,,,,,,,,,,TN,,,,,,,,,,
,1740928193,2023-08-14 07:00:35,206.7,eec278380b924eb0c750b64f16896023c72f9cc9,1286827,autoland,ContentfulSpeedIndex,True,microsoft ContentfulSpeedIndex opt fission warm webrender,,77,ms,firefox,False,|f|i|s|s|i|o|n| |w|a|r|m| |w|e|b|r|e|n|d|e|r|,,3776889,13,9b3df14599f65e991e2c4a5eaba7ebe76c85b8c3,102210fe594ee9b33d82058545b1ed14f4c8206e,linux1804-64-shippable-qr,microsoft,True,,,,,,,,,,,,,,,,,,,,,,,,,,,,,,,,,,,,,,,,,,,,,,,,,,TN,,,,,,,,,,
,1740927869,2023-08-14 07:48:43,218.0,20cc4c9e2f089ed4689f74ba7e9b0df62b89857a,1286834,autoland,ContentfulSpeedIndex,True,microsoft ContentfulSpeedIndex opt fission warm webrender,,77,ms,firefox,False,|f|i|s|s|i|o|n| |w|a|r|m| |w|e|b|r|e|n|d|e|r|,,3776889,13,9b3df14599f65e991e2c4a5eaba7ebe76c85b8c3,102210fe594ee9b33d82058545b1ed14f4c8206e,linux1804-64-shippable-qr,microsoft,True,,,,,,,,,,,,,,,,,,,,,,,,,,,,,,,,,,,,,,,,,,,,,,,,,,TN,,,,,,,,,,
,1740927766,2023-08-14 09:12:21,211.3,1318c0be0d817ed32d86eef8ead4b3d11cc8545c,1286856,autoland,ContentfulSpeedIndex,True,microsoft ContentfulSpeedIndex opt fission warm webrender,,77,ms,firefox,False,|f|i|s|s|i|o|n| |w|a|r|m| |w|e|b|r|e|n|d|e|r|,,3776889,13,9b3df14599f65e991e2c4a5eaba7ebe76c85b8c3,102210fe594ee9b33d82058545b1ed14f4c8206e,linux1804-64-shippable-qr,microsoft,True,,,,,,,,,,,,,,,,,,,,,,,,,,,,,,,,,,,,,,,,,,,,,,,,,,TN,,,,,,,,,,
,1740930625,2023-08-14 09:25:21,208.0,dfa68c93dd13a641fa1f9f781195eb037ff212ac,1286862,autoland,ContentfulSpeedIndex,True,microsoft ContentfulSpeedIndex opt fission warm webrender,,77,ms,firefox,False,|f|i|s|s|i|o|n| |w|a|r|m| |w|e|b|r|e|n|d|e|r|,,3776889,13,9b3df14599f65e991e2c4a5eaba7ebe76c85b8c3,102210fe594ee9b33d82058545b1ed14f4c8206e,linux1804-64-shippable-qr,microsoft,True,,,,,,,,,,,,,,,,,,,,,,,,,,,,,,,,,,,,,,,,,,,,,,,,,,TN,,,,,,,,,,
,1740036162,2023-08-14 10:48:55,205.4,64a1445ac4138d208b6412914b12fd0a2e9ff945,1286891,autoland,ContentfulSpeedIndex,True,microsoft ContentfulSpeedIndex opt fission warm webrender,,77,ms,firefox,False,|f|i|s|s|i|o|n| |w|a|r|m| |w|e|b|r|e|n|d|e|r|,,3776889,13,9b3df14599f65e991e2c4a5eaba7ebe76c85b8c3,102210fe594ee9b33d82058545b1ed14f4c8206e,linux1804-64-shippable-qr,microsoft,True,,,,,,,,,,,,,,,,,,,,,,,,,,,,,,,,,,,,,,,,,,,,,,,,,,TN,,,,,,,,,,
,1740927442,2023-08-14 11:15:45,212.4,e8873f1895363fca57fe40b222bb98269eaf2e42,1286909,autoland,ContentfulSpeedIndex,True,microsoft ContentfulSpeedIndex opt fission warm webrender,,77,ms,firefox,False,|f|i|s|s|i|o|n| |w|a|r|m| |w|e|b|r|e|n|d|e|r|,,3776889,13,9b3df14599f65e991e2c4a5eaba7ebe76c85b8c3,102210fe594ee9b33d82058545b1ed14f4c8206e,linux1804-64-shippable-qr,microsoft,True,,,,,,,,,,,,,,,,,,,,,,,,,,,,,,,,,,,,,,,,,,,,,,,,,,TN,,,,,,,,,,
,1740941375,2023-08-14 12:31:44,211.0,7a7934816daa0685758f2d9d69fcaa179f0bc1de,1286941,autoland,ContentfulSpeedIndex,True,microsoft ContentfulSpeedIndex opt fission warm webrender,,77,ms,firefox,False,|f|i|s|s|i|o|n| |w|a|r|m| |w|e|b|r|e|n|d|e|r|,,3776889,13,9b3df14599f65e991e2c4a5eaba7ebe76c85b8c3,102210fe594ee9b33d82058545b1ed14f4c8206e,linux1804-64-shippable-qr,microsoft,True,,,,,,,,,,,,,,,,,,,,,,,,,,,,,,,,,,,,,,,,,,,,,,,,,,TN,,,,,,,,,,
,1740941525,2023-08-14 12:32:34,219.9,308fde20a1b1f20706ad2040b000d9a5de5c7463,1286942,autoland,ContentfulSpeedIndex,True,microsoft ContentfulSpeedIndex opt fission warm webrender,,77,ms,firefox,False,|f|i|s|s|i|o|n| |w|a|r|m| |w|e|b|r|e|n|d|e|r|,,3776889,13,9b3df14599f65e991e2c4a5eaba7ebe76c85b8c3,102210fe594ee9b33d82058545b1ed14f4c8206e,linux1804-64-shippable-qr,microsoft,True,,,,,,,,,,,,,,,,,,,,,,,,,,,,,,,,,,,,,,,,,,,,,,,,,,TN,,,,,,,,,,
,1740951432,2023-08-14 12:42:28,218.6,ffbf0704525b4ef7df3981043e07fc490ffc0d71,1286945,autoland,ContentfulSpeedIndex,True,microsoft ContentfulSpeedIndex opt fission warm webrender,,77,ms,firefox,False,|f|i|s|s|i|o|n| |w|a|r|m| |w|e|b|r|e|n|d|e|r|,,3776889,13,9b3df14599f65e991e2c4a5eaba7ebe76c85b8c3,102210fe594ee9b33d82058545b1ed14f4c8206e,linux1804-64-shippable-qr,microsoft,True,,,,,,,,,,,,,,,,,,,,,,,,,,,,,,,,,,,,,,,,,,,,,,,,,,TN,,,,,,,,,,
,1740864702,2023-08-14 12:47:53,205.0,9622edffb7e94deb655c7c7faf9238031868f9d8,1286948,autoland,ContentfulSpeedIndex,True,microsoft ContentfulSpeedIndex opt fission warm webrender,,77,ms,firefox,False,|f|i|s|s|i|o|n| |w|a|r|m| |w|e|b|r|e|n|d|e|r|,,3776889,13,9b3df14599f65e991e2c4a5eaba7ebe76c85b8c3,102210fe594ee9b33d82058545b1ed14f4c8206e,linux1804-64-shippable-qr,microsoft,True,,,,,,,,,,,,,,,,,,,,,,,,,,,,,,,,,,,,,,,,,,,,,,,,,,TN,,,,,,,,,,
,1740931070,2023-08-14 13:02:01,212.7,69e526d0c2f337c3c12efd2cde3880755dc01021,1286955,autoland,ContentfulSpeedIndex,True,microsoft ContentfulSpeedIndex opt fission warm webrender,,77,ms,firefox,False,|f|i|s|s|i|o|n| |w|a|r|m| |w|e|b|r|e|n|d|e|r|,,3776889,13,9b3df14599f65e991e2c4a5eaba7ebe76c85b8c3,102210fe594ee9b33d82058545b1ed14f4c8206e,linux1804-64-shippable-qr,microsoft,True,,,,,,,,,,,,,,,,,,,,,,,,,,,,,,,,,,,,,,,,,,,,,,,,,,TN,,,,,,,,,,
,1740942874,2023-08-14 13:02:01,211.3,69e526d0c2f337c3c12efd2cde3880755dc01021,1286955,autoland,ContentfulSpeedIndex,True,microsoft ContentfulSpeedIndex opt fission warm webrender,,77,ms,firefox,False,|f|i|s|s|i|o|n| |w|a|r|m| |w|e|b|r|e|n|d|e|r|,,3776889,13,9b3df14599f65e991e2c4a5eaba7ebe76c85b8c3,102210fe594ee9b33d82058545b1ed14f4c8206e,linux1804-64-shippable-qr,microsoft,True,,,,,,,,,,,,,,,,,,,,,,,,,,,,,,,,,,,,,,,,,,,,,,,,,,TN,,,,,,,,,,
,1740927367,2023-08-14 13:03:25,208.2,32ef0ac1a1711dfc62c2de3555a189acfa7d8488,1286956,autoland,ContentfulSpeedIndex,True,microsoft ContentfulSpeedIndex opt fission warm webrender,,77,ms,firefox,False,|f|i|s|s|i|o|n| |w|a|r|m| |w|e|b|r|e|n|d|e|r|,,3776889,13,9b3df14599f65e991e2c4a5eaba7ebe76c85b8c3,102210fe594ee9b33d82058545b1ed14f4c8206e,linux1804-64-shippable-qr,microsoft,True,,,,,,,,,,,,,,,,,,,,,,,,,,,,,,,,,,,,,,,,,,,,,,,,,,TN,,,,,,,,,,
,1740864660,2023-08-14 13:44:23,209.9,acc60d9df6f7bed49abb82136b84ee6da701f10c,1286978,autoland,ContentfulSpeedIndex,True,microsoft ContentfulSpeedIndex opt fission warm webrender,,77,ms,firefox,False,|f|i|s|s|i|o|n| |w|a|r|m| |w|e|b|r|e|n|d|e|r|,,3776889,13,9b3df14599f65e991e2c4a5eaba7ebe76c85b8c3,102210fe594ee9b33d82058545b1ed14f4c8206e,linux1804-64-shippable-qr,microsoft,True,,,,,,,,,,,,,,,,,,,,,,,,,,,,,,,,,,,,,,,,,,,,,,,,,,TN,,,,,,,,,,
,1740928020,2023-08-14 13:55:51,228.0,ffeee9d4fb53c4a78cc804ac8282b86eee9e6c72,1286985,autoland,ContentfulSpeedIndex,True,microsoft ContentfulSpeedIndex opt fission warm webrender,,77,ms,firefox,False,|f|i|s|s|i|o|n| |w|a|r|m| |w|e|b|r|e|n|d|e|r|,,3776889,13,9b3df14599f65e991e2c4a5eaba7ebe76c85b8c3,102210fe594ee9b33d82058545b1ed14f4c8206e,linux1804-64-shippable-qr,microsoft,True,,,,,,,,,,,,,,,,,,,,,,,,,,,,,,,,,,,,,,,,,,,,,,,,,,TN,,,,,,,,,,
,1740081730,2023-08-14 14:03:37,209.5,966f06db181d109fbc6ac97a296ac28efbb8a5f2,1286990,autoland,ContentfulSpeedIndex,True,microsoft ContentfulSpeedIndex opt fission warm webrender,,77,ms,firefox,False,|f|i|s|s|i|o|n| |w|a|r|m| |w|e|b|r|e|n|d|e|r|,,3776889,13,9b3df14599f65e991e2c4a5eaba7ebe76c85b8c3,102210fe594ee9b33d82058545b1ed14f4c8206e,linux1804-64-shippable-qr,microsoft,True,,,,,,,,,,,,,,,,,,,,,,,,,,,,,,,,,,,,,,,,,,,,,,,,,,TN,,,,,,,,,,
,1740956461,2023-08-14 14:04:26,211.6,acdd7574de42cce842aedeb665b1086f2fbd9af8,1286991,autoland,ContentfulSpeedIndex,True,microsoft ContentfulSpeedIndex opt fission warm webrender,,77,ms,firefox,False,|f|i|s|s|i|o|n| |w|a|r|m| |w|e|b|r|e|n|d|e|r|,,3776889,13,9b3df14599f65e991e2c4a5eaba7ebe76c85b8c3,102210fe594ee9b33d82058545b1ed14f4c8206e,linux1804-64-shippable-qr,microsoft,True,,,,,,,,,,,,,,,,,,,,,,,,,,,,,,,,,,,,,,,,,,,,,,,,,,TN,,,,,,,,,,
,1740942501,2023-08-14 14:05:39,210.7,9ee80b5bdc570bcfaae2356a8ade9989c27632a6,1286992,autoland,ContentfulSpeedIndex,True,microsoft ContentfulSpeedIndex opt fission warm webrender,,77,ms,firefox,False,|f|i|s|s|i|o|n| |w|a|r|m| |w|e|b|r|e|n|d|e|r|,,3776889,13,9b3df14599f65e991e2c4a5eaba7ebe76c85b8c3,102210fe594ee9b33d82058545b1ed14f4c8206e,linux1804-64-shippable-qr,microsoft,True,,,,,,,,,,,,,,,,,,,,,,,,,,,,,,,,,,,,,,,,,,,,,,,,,,TN,,,,,,,,,,
,1740927494,2023-08-14 14:06:38,205.2,c8c9ef33bbcf30a510967a3960d06e366885fe5d,1286993,autoland,ContentfulSpeedIndex,True,microsoft ContentfulSpeedIndex opt fission warm webrender,,77,ms,firefox,False,|f|i|s|s|i|o|n| |w|a|r|m| |w|e|b|r|e|n|d|e|r|,,3776889,13,9b3df14599f65e991e2c4a5eaba7ebe76c85b8c3,102210fe594ee9b33d82058545b1ed14f4c8206e,linux1804-64-shippable-qr,microsoft,True,,,,,,,,,,,,,,,,,,,,,,,,,,,,,,,,,,,,,,,,,,,,,,,,,,TN,,,,,,,,,,
,1740490954,2023-08-14 14:08:51,214.5,31e28d290422a1535f35bcc058af1c08f4c7359b,1286994,autoland,ContentfulSpeedIndex,True,microsoft ContentfulSpeedIndex opt fission warm webrender,,77,ms,firefox,False,|f|i|s|s|i|o|n| |w|a|r|m| |w|e|b|r|e|n|d|e|r|,,3776889,13,9b3df14599f65e991e2c4a5eaba7ebe76c85b8c3,102210fe594ee9b33d82058545b1ed14f4c8206e,linux1804-64-shippable-qr,microsoft,True,,,,,,,,,,,,,,,,,,,,,,,,,,,,,,,,,,,,,,,,,,,,,,,,,,TN,,,,,,,,,,
,1740481621,2023-08-14 14:09:39,211.3,8d9f5cc542b6dad03ce85719537d30c4469e20b1,1286995,autoland,ContentfulSpeedIndex,True,microsoft ContentfulSpeedIndex opt fission warm webrender,,77,ms,firefox,False,|f|i|s|s|i|o|n| |w|a|r|m| |w|e|b|r|e|n|d|e|r|,,3776889,13,9b3df14599f65e991e2c4a5eaba7ebe76c85b8c3,102210fe594ee9b33d82058545b1ed14f4c8206e,linux1804-64-shippable-qr,microsoft,True,,,,,,,,,,,,,,,,,,,,,,,,,,,,,,,,,,,,,,,,,,,,,,,,,,TN,,,,,,,,,,
,1740170217,2023-08-14 16:54:04,208.3,5b1987d52ae19ebe1b311fec0f664563b5bf198d,1287092,autoland,ContentfulSpeedIndex,True,microsoft ContentfulSpeedIndex opt fission warm webrender,,77,ms,firefox,False,|f|i|s|s|i|o|n| |w|a|r|m| |w|e|b|r|e|n|d|e|r|,,3776889,13,9b3df14599f65e991e2c4a5eaba7ebe76c85b8c3,102210fe594ee9b33d82058545b1ed14f4c8206e,linux1804-64-shippable-qr,microsoft,True,,,,,,,,,,,,,,,,,,,,,,,,,,,,,,,,,,,,,,,,,,,,,,,,,,TN,,,,,,,,,,
,1740471003,2023-08-14 18:39:26,205.0,e69719641442a9b020920854741bcc703d699bc9,1287157,autoland,ContentfulSpeedIndex,True,microsoft ContentfulSpeedIndex opt fission warm webrender,,77,ms,firefox,False,|f|i|s|s|i|o|n| |w|a|r|m| |w|e|b|r|e|n|d|e|r|,,3776889,13,9b3df14599f65e991e2c4a5eaba7ebe76c85b8c3,102210fe594ee9b33d82058545b1ed14f4c8206e,linux1804-64-shippable-qr,microsoft,True,,,,,,,,,,,,,,,,,,,,,,,,,,,,,,,,,,,,,,,,,,,,,,,,,,TN,,,,,,,,,,
,1740503019,2023-08-14 18:43:30,208.3,98ec3e8e37bd0c1dd0d57c0b66e97f6de4d5f66c,1287159,autoland,ContentfulSpeedIndex,True,microsoft ContentfulSpeedIndex opt fission warm webrender,,77,ms,firefox,False,|f|i|s|s|i|o|n| |w|a|r|m| |w|e|b|r|e|n|d|e|r|,,3776889,13,9b3df14599f65e991e2c4a5eaba7ebe76c85b8c3,102210fe594ee9b33d82058545b1ed14f4c8206e,linux1804-64-shippable-qr,microsoft,True,,,,,,,,,,,,,,,,,,,,,,,,,,,,,,,,,,,,,,,,,,,,,,,,,,TN,,,,,,,,,,
,1740293535,2023-08-14 21:20:15,208.1,7081c01a8f314a82bc3c055c11f0880dc2b706fb,1287268,autoland,ContentfulSpeedIndex,True,microsoft ContentfulSpeedIndex opt fission warm webrender,,77,ms,firefox,False,|f|i|s|s|i|o|n| |w|a|r|m| |w|e|b|r|e|n|d|e|r|,,3776889,13,9b3df14599f65e991e2c4a5eaba7ebe76c85b8c3,102210fe594ee9b33d82058545b1ed14f4c8206e,linux1804-64-shippable-qr,microsoft,True,,,,,,,,,,,,,,,,,,,,,,,,,,,,,,,,,,,,,,,,,,,,,,,,,,TN,,,,,,,,,,
,1740368255,2023-08-14 23:25:21,222.3,88ec6682eab1c5c36cb839c8db0156446559a1cb,1287331,autoland,ContentfulSpeedIndex,True,microsoft ContentfulSpeedIndex opt fission warm webrender,,77,ms,firefox,False,|f|i|s|s|i|o|n| |w|a|r|m| |w|e|b|r|e|n|d|e|r|,,3776889,13,9b3df14599f65e991e2c4a5eaba7ebe76c85b8c3,102210fe594ee9b33d82058545b1ed14f4c8206e,linux1804-64-shippable-qr,microsoft,True,,,,,,,,,,,,,,,,,,,,,,,,,,,,,,,,,,,,,,,,,,,,,,,,,,TN,,,,,,,,,,
,1740431617,2023-08-15 03:40:03,214.3,ef2753ba331b17b408096bfd42e83a91039b995d,1287395,autoland,ContentfulSpeedIndex,True,microsoft ContentfulSpeedIndex opt fission warm webrender,,77,ms,firefox,False,|f|i|s|s|i|o|n| |w|a|r|m| |w|e|b|r|e|n|d|e|r|,,3776889,13,9b3df14599f65e991e2c4a5eaba7ebe76c85b8c3,102210fe594ee9b33d82058545b1ed14f4c8206e,linux1804-64-shippable-qr,microsoft,True,,,,,,,,,,,,,,,,,,,,,,,,,,,,,,,,,,,,,,,,,,,,,,,,,,TN,,,,,,,,,,
,1740654437,2023-08-15 12:15:00,210.6,0038346134ec0c0912660c19edced48ff4c9996b,1287534,autoland,ContentfulSpeedIndex,True,microsoft ContentfulSpeedIndex opt fission warm webrender,,77,ms,firefox,False,|f|i|s|s|i|o|n| |w|a|r|m| |w|e|b|r|e|n|d|e|r|,,3776889,13,9b3df14599f65e991e2c4a5eaba7ebe76c85b8c3,102210fe594ee9b33d82058545b1ed14f4c8206e,linux1804-64-shippable-qr,microsoft,True,,,,,,,,,,,,,,,,,,,,,,,,,,,,,,,,,,,,,,,,,,,,,,,,,,TN,,,,,,,,,,
,1740629249,2023-08-15 12:16:05,203.5,34ea39f6bd8afd706e571c5a5c5557f8f02274c7,1287535,autoland,ContentfulSpeedIndex,True,microsoft ContentfulSpeedIndex opt fission warm webrender,,77,ms,firefox,False,|f|i|s|s|i|o|n| |w|a|r|m| |w|e|b|r|e|n|d|e|r|,,3776889,13,9b3df14599f65e991e2c4a5eaba7ebe76c85b8c3,102210fe594ee9b33d82058545b1ed14f4c8206e,linux1804-64-shippable-qr,microsoft,True,,,,,,,,,,,,,,,,,,,,,,,,,,,,,,,,,,,,,,,,,,,,,,,,,,TN,,,,,,,,,,
,1741108600,2023-08-15 12:37:24,216.1,e22b9fd845f91f33a25fd6da2d0f6c46e5a73fda,1287550,autoland,ContentfulSpeedIndex,True,microsoft ContentfulSpeedIndex opt fission warm webrender,,77,ms,firefox,False,|f|i|s|s|i|o|n| |w|a|r|m| |w|e|b|r|e|n|d|e|r|,,3776889,13,9b3df14599f65e991e2c4a5eaba7ebe76c85b8c3,102210fe594ee9b33d82058545b1ed14f4c8206e,linux1804-64-shippable-qr,microsoft,True,,,,,,,,,,,,,,,,,,,,,,,,,,,,,,,,,,,,,,,,,,,,,,,,,,TN,,,,,,,,,,
,1741123529,2023-08-15 12:57:24,212.6,98924afbd295dc09b62c5086c76b9e8ff5089521,1287555,autoland,ContentfulSpeedIndex,True,microsoft ContentfulSpeedIndex opt fission warm webrender,,77,ms,firefox,False,|f|i|s|s|i|o|n| |w|a|r|m| |w|e|b|r|e|n|d|e|r|,,3776889,13,9b3df14599f65e991e2c4a5eaba7ebe76c85b8c3,102210fe594ee9b33d82058545b1ed14f4c8206e,linux1804-64-shippable-qr,microsoft,True,,,,,,,,,,,,,,,,,,,,,,,,,,,,,,,,,,,,,,,,,,,,,,,,,,TN,,,,,,,,,,
,1740811338,2023-08-15 17:48:00,210.9,c01a1256082294777509d59591b44cc1a9a54101,1287732,autoland,ContentfulSpeedIndex,True,microsoft ContentfulSpeedIndex opt fission warm webrender,,77,ms,firefox,False,|f|i|s|s|i|o|n| |w|a|r|m| |w|e|b|r|e|n|d|e|r|,,3776889,13,9b3df14599f65e991e2c4a5eaba7ebe76c85b8c3,102210fe594ee9b33d82058545b1ed14f4c8206e,linux1804-64-shippable-qr,microsoft,True,,,,,,,,,,,,,,,,,,,,,,,,,,,,,,,,,,,,,,,,,,,,,,,,,,TN,,,,,,,,,,
,1740921160,2023-08-15 20:18:28,210.5,b6d00af33f9f1879900a9ff148f77a03de4ca507,1287829,autoland,ContentfulSpeedIndex,True,microsoft ContentfulSpeedIndex opt fission warm webrender,,77,ms,firefox,False,|f|i|s|s|i|o|n| |w|a|r|m| |w|e|b|r|e|n|d|e|r|,,3776889,13,9b3df14599f65e991e2c4a5eaba7ebe76c85b8c3,102210fe594ee9b33d82058545b1ed14f4c8206e,linux1804-64-shippable-qr,microsoft,True,,,,,,,,,,,,,,,,,,,,,,,,,,,,,,,,,,,,,,,,,,,,,,,,,,TN,,,,,,,,,,
,1741836684,2023-08-15 23:56:07,230.9,d89c15eac4ec564501a3193bdcd58be7d02393c5,1287949,autoland,ContentfulSpeedIndex,True,microsoft ContentfulSpeedIndex opt fission warm webrender,,77,ms,firefox,False,|f|i|s|s|i|o|n| |w|a|r|m| |w|e|b|r|e|n|d|e|r|,,3776889,13,9b3df14599f65e991e2c4a5eaba7ebe76c85b8c3,102210fe594ee9b33d82058545b1ed14f4c8206e,linux1804-64-shippable-qr,microsoft,True,,,,,,,,,,,,,,,,,,,,,,,,,,,,,,,,,,,,,,,,,,,,,,,,,,TN,,,,,,,,,,
,1741854168,2023-08-16 00:04:54,209.3,e3e4e48f102fd5baecd164c042650d7ed05a3d4a,1287957,autoland,ContentfulSpeedIndex,True,microsoft ContentfulSpeedIndex opt fission warm webrender,,77,ms,firefox,False,|f|i|s|s|i|o|n| |w|a|r|m| |w|e|b|r|e|n|d|e|r|,,3776889,13,9b3df14599f65e991e2c4a5eaba7ebe76c85b8c3,102210fe594ee9b33d82058545b1ed14f4c8206e,linux1804-64-shippable-qr,microsoft,True,,,,,,,,,,,,,,,,,,,,,,,,,,,,,,,,,,,,,,,,,,,,,,,,,,TN,,,,,,,,,,
,1741038007,2023-08-16 01:44:13,210.0,af1979bb2dd22b96889d47af7852253d7f161693,1287987,autoland,ContentfulSpeedIndex,True,microsoft ContentfulSpeedIndex opt fission warm webrender,,77,ms,firefox,False,|f|i|s|s|i|o|n| |w|a|r|m| |w|e|b|r|e|n|d|e|r|,,3776889,13,9b3df14599f65e991e2c4a5eaba7ebe76c85b8c3,102210fe594ee9b33d82058545b1ed14f4c8206e,linux1804-64-shippable-qr,microsoft,True,,,,,,,,,,,,,,,,,,,,,,,,,,,,,,,,,,,,,,,,,,,,,,,,,,TN,,,,,,,,,,
,1741143710,2023-08-16 06:09:24,210.3,4d7123b9c5729f33db3288141ea7502fae3cbadc,1288100,autoland,ContentfulSpeedIndex,True,microsoft ContentfulSpeedIndex opt fission warm webrender,,77,ms,firefox,False,|f|i|s|s|i|o|n| |w|a|r|m| |w|e|b|r|e|n|d|e|r|,,3776889,13,9b3df14599f65e991e2c4a5eaba7ebe76c85b8c3,102210fe594ee9b33d82058545b1ed14f4c8206e,linux1804-64-shippable-qr,microsoft,True,,,,,,,,,,,,,,,,,,,,,,,,,,,,,,,,,,,,,,,,,,,,,,,,,,TN,,,,,,,,,,
,1741187274,2023-08-16 07:28:11,205.8,3ba3d3cb9bb7860efcbb623d34fc5d721fc7cfcb,1288129,autoland,ContentfulSpeedIndex,True,microsoft ContentfulSpeedIndex opt fission warm webrender,,77,ms,firefox,False,|f|i|s|s|i|o|n| |w|a|r|m| |w|e|b|r|e|n|d|e|r|,,3776889,13,9b3df14599f65e991e2c4a5eaba7ebe76c85b8c3,102210fe594ee9b33d82058545b1ed14f4c8206e,linux1804-64-shippable-qr,microsoft,True,,,,,,,,,,,,,,,,,,,,,,,,,,,,,,,,,,,,,,,,,,,,,,,,,,TN,,,,,,,,,,
,1741297790,2023-08-16 10:40:28,209.7,3cbe8cb45dab35d18ef4ffb5481be55dfabf47c7,1288233,autoland,ContentfulSpeedIndex,True,microsoft ContentfulSpeedIndex opt fission warm webrender,,77,ms,firefox,False,|f|i|s|s|i|o|n| |w|a|r|m| |w|e|b|r|e|n|d|e|r|,,3776889,13,9b3df14599f65e991e2c4a5eaba7ebe76c85b8c3,102210fe594ee9b33d82058545b1ed14f4c8206e,linux1804-64-shippable-qr,microsoft,True,,,,,,,,,,,,,,,,,,,,,,,,,,,,,,,,,,,,,,,,,,,,,,,,,,TN,,,,,,,,,,
,1741771984,2023-08-16 12:28:12,213.2,8a73ffb04e0b980e31fed0ef3226cec7dc161d52,1288290,autoland,ContentfulSpeedIndex,True,microsoft ContentfulSpeedIndex opt fission warm webrender,,77,ms,firefox,False,|f|i|s|s|i|o|n| |w|a|r|m| |w|e|b|r|e|n|d|e|r|,,3776889,13,9b3df14599f65e991e2c4a5eaba7ebe76c85b8c3,102210fe594ee9b33d82058545b1ed14f4c8206e,linux1804-64-shippable-qr,microsoft,True,,,,,,,,,,,,,,,,,,,,,,,,,,,,,,,,,,,,,,,,,,,,,,,,,,TN,,,,,,,,,,
,1741869018,2023-08-16 13:01:50,210.8,7122f40ccb24e35d458d3a857d77fe59f96a6f12,1288300,autoland,ContentfulSpeedIndex,True,microsoft ContentfulSpeedIndex opt fission warm webrender,,77,ms,firefox,False,|f|i|s|s|i|o|n| |w|a|r|m| |w|e|b|r|e|n|d|e|r|,,3776889,13,9b3df14599f65e991e2c4a5eaba7ebe76c85b8c3,102210fe594ee9b33d82058545b1ed14f4c8206e,linux1804-64-shippable-qr,microsoft,True,,,,,,,,,,,,,,,,,,,,,,,,,,,,,,,,,,,,,,,,,,,,,,,,,,TN,,,,,,,,,,
,1741408852,2023-08-16 14:37:22,207.8,1cafd355bbcf32aae501b9419edec5e7c8a59968,1288343,autoland,ContentfulSpeedIndex,True,microsoft ContentfulSpeedIndex opt fission warm webrender,,77,ms,firefox,False,|f|i|s|s|i|o|n| |w|a|r|m| |w|e|b|r|e|n|d|e|r|,,3776889,13,9b3df14599f65e991e2c4a5eaba7ebe76c85b8c3,102210fe594ee9b33d82058545b1ed14f4c8206e,linux1804-64-shippable-qr,microsoft,True,,,,,,,,,,,,,,,,,,,,,,,,,,,,,,,,,,,,,,,,,,,,,,,,,,TN,,,,,,,,,,
,1741778770,2023-08-16 17:18:17,215.7,76c2ef9d279ab62d4513c845d1c71e49aaf07d8c,1288437,autoland,ContentfulSpeedIndex,True,microsoft ContentfulSpeedIndex opt fission warm webrender,,77,ms,firefox,False,|f|i|s|s|i|o|n| |w|a|r|m| |w|e|b|r|e|n|d|e|r|,,3776889,13,9b3df14599f65e991e2c4a5eaba7ebe76c85b8c3,102210fe594ee9b33d82058545b1ed14f4c8206e,linux1804-64-shippable-qr,microsoft,True,,,,,,,,,,,,,,,,,,,,,,,,,,,,,,,,,,,,,,,,,,,,,,,,,,TN,,,,,,,,,,
,1741852543,2023-08-16 17:19:17,218.7,e679173f9fd8ae276789ca7302817d53d23baab4,1288439,autoland,ContentfulSpeedIndex,True,microsoft ContentfulSpeedIndex opt fission warm webrender,,77,ms,firefox,False,|f|i|s|s|i|o|n| |w|a|r|m| |w|e|b|r|e|n|d|e|r|,,3776889,13,9b3df14599f65e991e2c4a5eaba7ebe76c85b8c3,102210fe594ee9b33d82058545b1ed14f4c8206e,linux1804-64-shippable-qr,microsoft,True,,,,,,,,,,,,,,,,,,,,,,,,,,,,,,,,,,,,,,,,,,,,,,,,,,TN,,,,,,,,,,
,1741611367,2023-08-16 18:57:22,205.1,1c8dec8815d59d488dc44109a4361dcec573ec0a,1288496,autoland,ContentfulSpeedIndex,True,microsoft ContentfulSpeedIndex opt fission warm webrender,,77,ms,firefox,False,|f|i|s|s|i|o|n| |w|a|r|m| |w|e|b|r|e|n|d|e|r|,,3776889,13,9b3df14599f65e991e2c4a5eaba7ebe76c85b8c3,102210fe594ee9b33d82058545b1ed14f4c8206e,linux1804-64-shippable-qr,microsoft,True,,,,,,,,,,,,,,,,,,,,,,,,,,,,,,,,,,,,,,,,,,,,,,,,,,TN,,,,,,,,,,
,1741698946,2023-08-16 23:04:52,212.6,4e21d241af64f5d1f3b4796d48ab8d58a961f081,1288666,autoland,ContentfulSpeedIndex,True,microsoft ContentfulSpeedIndex opt fission warm webrender,,77,ms,firefox,False,|f|i|s|s|i|o|n| |w|a|r|m| |w|e|b|r|e|n|d|e|r|,,3776889,13,9b3df14599f65e991e2c4a5eaba7ebe76c85b8c3,102210fe594ee9b33d82058545b1ed14f4c8206e,linux1804-64-shippable-qr,microsoft,True,,,,,,,,,,,,,,,,,,,,,,,,,,,,,,,,,,,,,,,,,,,,,,,,,,TN,,,,,,,,,,
,1741713309,2023-08-16 23:22:50,212.0,200aa08042f1b584401fd4aca219d4b68edf7973,1288675,autoland,ContentfulSpeedIndex,True,microsoft ContentfulSpeedIndex opt fission warm webrender,,77,ms,firefox,False,|f|i|s|s|i|o|n| |w|a|r|m| |w|e|b|r|e|n|d|e|r|,,3776889,13,9b3df14599f65e991e2c4a5eaba7ebe76c85b8c3,102210fe594ee9b33d82058545b1ed14f4c8206e,linux1804-64-shippable-qr,microsoft,True,,,,,,,,,,,,,,,,,,,,,,,,,,,,,,,,,,,,,,,,,,,,,,,,,,TN,,,,,,,,,,
,1741818676,2023-08-17 04:16:28,212.8,18db2934736dc8d16e5b5840ec0b170aef5c0c3b,1288753,autoland,ContentfulSpeedIndex,True,microsoft ContentfulSpeedIndex opt fission warm webrender,,77,ms,firefox,False,|f|i|s|s|i|o|n| |w|a|r|m| |w|e|b|r|e|n|d|e|r|,,3776889,13,9b3df14599f65e991e2c4a5eaba7ebe76c85b8c3,102210fe594ee9b33d82058545b1ed14f4c8206e,linux1804-64-shippable-qr,microsoft,True,,,,,,,,,,,,,,,,,,,,,,,,,,,,,,,,,,,,,,,,,,,,,,,,,,TN,,,,,,,,,,
,1741933671,2023-08-17 08:24:55,208.3,bee27401511bf375891968a9ca78d7ef74d19962,1288813,autoland,ContentfulSpeedIndex,True,microsoft ContentfulSpeedIndex opt fission warm webrender,,77,ms,firefox,False,|f|i|s|s|i|o|n| |w|a|r|m| |w|e|b|r|e|n|d|e|r|,,3776889,13,9b3df14599f65e991e2c4a5eaba7ebe76c85b8c3,102210fe594ee9b33d82058545b1ed14f4c8206e,linux1804-64-shippable-qr,microsoft,True,,,,,,,,,,,,,,,,,,,,,,,,,,,,,,,,,,,,,,,,,,,,,,,,,,TN,,,,,,,,,,
,1741997544,2023-08-17 10:09:55,217.0,78e7cb2837e7dec0ef55a2f5f383625335ad2520,1288847,autoland,ContentfulSpeedIndex,True,microsoft ContentfulSpeedIndex opt fission warm webrender,,77,ms,firefox,False,|f|i|s|s|i|o|n| |w|a|r|m| |w|e|b|r|e|n|d|e|r|,,3776889,13,9b3df14599f65e991e2c4a5eaba7ebe76c85b8c3,102210fe594ee9b33d82058545b1ed14f4c8206e,linux1804-64-shippable-qr,microsoft,True,,,,,,,,,,,,,,,,,,,,,,,,,,,,,,,,,,,,,,,,,,,,,,,,,,TN,,,,,,,,,,
,1742149089,2023-08-17 14:34:38,214.1,776fbad509150f69418e1f44fa2580c651211253,1288953,autoland,ContentfulSpeedIndex,True,microsoft ContentfulSpeedIndex opt fission warm webrender,,77,ms,firefox,False,|f|i|s|s|i|o|n| |w|a|r|m| |w|e|b|r|e|n|d|e|r|,,3776889,13,9b3df14599f65e991e2c4a5eaba7ebe76c85b8c3,102210fe594ee9b33d82058545b1ed14f4c8206e,linux1804-64-shippable-qr,microsoft,True,,,,,,,,,,,,,,,,,,,,,,,,,,,,,,,,,,,,,,,,,,,,,,,,,,TN,,,,,,,,,,
,1742163221,2023-08-17 16:13:13,208.1,aac1f1d71d5251ffb80e7a22087e1c473e53069d,1289025,autoland,ContentfulSpeedIndex,True,microsoft ContentfulSpeedIndex opt fission warm webrender,,77,ms,firefox,False,|f|i|s|s|i|o|n| |w|a|r|m| |w|e|b|r|e|n|d|e|r|,,3776889,13,9b3df14599f65e991e2c4a5eaba7ebe76c85b8c3,102210fe594ee9b33d82058545b1ed14f4c8206e,linux1804-64-shippable-qr,microsoft,True,,,,,,,,,,,,,,,,,,,,,,,,,,,,,,,,,,,,,,,,,,,,,,,,,,TN,,,,,,,,,,
,1742576488,2023-08-17 18:39:00,210.9,d6e3a985fda44edfa84fae3ecc4b52e6b732f09e,1289103,autoland,ContentfulSpeedIndex,True,microsoft ContentfulSpeedIndex opt fission warm webrender,,77,ms,firefox,False,|f|i|s|s|i|o|n| |w|a|r|m| |w|e|b|r|e|n|d|e|r|,,3776889,13,9b3df14599f65e991e2c4a5eaba7ebe76c85b8c3,102210fe594ee9b33d82058545b1ed14f4c8206e,linux1804-64-shippable-qr,microsoft,True,,,,,,,,,,,,,,,,,,,,,,,,,,,,,,,,,,,,,,,,,,,,,,,,,,TN,,,,,,,,,,
,1742658246,2023-08-17 18:44:39,206.7,42f016209a0fa6eb7e2f00106a5dea63b63bf689,1289111,autoland,ContentfulSpeedIndex,True,microsoft ContentfulSpeedIndex opt fission warm webrender,,77,ms,firefox,False,|f|i|s|s|i|o|n| |w|a|r|m| |w|e|b|r|e|n|d|e|r|,,3776889,13,9b3df14599f65e991e2c4a5eaba7ebe76c85b8c3,102210fe594ee9b33d82058545b1ed14f4c8206e,linux1804-64-shippable-qr,microsoft,True,,,,,,,,,,,,,,,,,,,,,,,,,,,,,,,,,,,,,,,,,,,,,,,,,,TN,,,,,,,,,,
,1742640181,2023-08-17 19:33:04,215.1,a317d1d25b687e15043cbc110d81765aeb149752,1289134,autoland,ContentfulSpeedIndex,True,microsoft ContentfulSpeedIndex opt fission warm webrender,,77,ms,firefox,False,|f|i|s|s|i|o|n| |w|a|r|m| |w|e|b|r|e|n|d|e|r|,,3776889,13,9b3df14599f65e991e2c4a5eaba7ebe76c85b8c3,102210fe594ee9b33d82058545b1ed14f4c8206e,linux1804-64-shippable-qr,microsoft,True,,,,,,,,,,,,,,,,,,,,,,,,,,,,,,,,,,,,,,,,,,,,,,,,,,TN,,,,,,,,,,
,1742349746,2023-08-17 19:44:04,204.0,e3a24ea4f8b0be504990cbc266d7af273804678e,1289144,autoland,ContentfulSpeedIndex,True,microsoft ContentfulSpeedIndex opt fission warm webrender,,77,ms,firefox,False,|f|i|s|s|i|o|n| |w|a|r|m| |w|e|b|r|e|n|d|e|r|,,3776889,13,9b3df14599f65e991e2c4a5eaba7ebe76c85b8c3,102210fe594ee9b33d82058545b1ed14f4c8206e,linux1804-64-shippable-qr,microsoft,True,,,,,,,,,,,,,,,,,,,,,,,,,,,,,,,,,,,,,,,,,,,,,,,,,,TN,,,,,,,,,,
,1742445809,2023-08-18 00:01:41,212.2,990790cb4b9bfd20fd7683f2815d50585f5dcba2,1289285,autoland,ContentfulSpeedIndex,True,microsoft ContentfulSpeedIndex opt fission warm webrender,,77,ms,firefox,False,|f|i|s|s|i|o|n| |w|a|r|m| |w|e|b|r|e|n|d|e|r|,,3776889,13,9b3df14599f65e991e2c4a5eaba7ebe76c85b8c3,102210fe594ee9b33d82058545b1ed14f4c8206e,linux1804-64-shippable-qr,microsoft,True,,,,,,,,,,,,,,,,,,,,,,,,,,,,,,,,,,,,,,,,,,,,,,,,,,TN,,,,,,,,,,
,1742625170,2023-08-18 04:25:36,206.9,deca2c956e89b8e65d2a1b0fcb79db8b991a7046,1289346,autoland,ContentfulSpeedIndex,True,microsoft ContentfulSpeedIndex opt fission warm webrender,,77,ms,firefox,False,|f|i|s|s|i|o|n| |w|a|r|m| |w|e|b|r|e|n|d|e|r|,,3776889,13,9b3df14599f65e991e2c4a5eaba7ebe76c85b8c3,102210fe594ee9b33d82058545b1ed14f4c8206e,linux1804-64-shippable-qr,microsoft,True,,,,,,,,,,,,,,,,,,,,,,,,,,,,,,,,,,,,,,,,,,,,,,,,,,TN,,,,,,,,,,
,1742660122,2023-08-18 05:21:52,208.6,87da0265a044885f5ed64cc9ce2b961721d2142e,1289351,autoland,ContentfulSpeedIndex,True,microsoft ContentfulSpeedIndex opt fission warm webrender,,77,ms,firefox,False,|f|i|s|s|i|o|n| |w|a|r|m| |w|e|b|r|e|n|d|e|r|,,3776889,13,9b3df14599f65e991e2c4a5eaba7ebe76c85b8c3,102210fe594ee9b33d82058545b1ed14f4c8206e,linux1804-64-shippable-qr,microsoft,True,,,,,,,,,,,,,,,,,,,,,,,,,,,,,,,,,,,,,,,,,,,,,,,,,,TN,,,,,,,,,,
,1742810354,2023-08-18 14:09:35,208.4,e2305368eaae41c8b47dd15f03addc2ec4fe0504,1289469,autoland,ContentfulSpeedIndex,True,microsoft ContentfulSpeedIndex opt fission warm webrender,,77,ms,firefox,False,|f|i|s|s|i|o|n| |w|a|r|m| |w|e|b|r|e|n|d|e|r|,,3776889,13,9b3df14599f65e991e2c4a5eaba7ebe76c85b8c3,102210fe594ee9b33d82058545b1ed14f4c8206e,linux1804-64-shippable-qr,microsoft,True,,,,,,,,,,,,,,,,,,,,,,,,,,,,,,,,,,,,,,,,,,,,,,,,,,TN,,,,,,,,,,
,1742950927,2023-08-18 19:46:30,205.4,62feb2305afdcba50bd84b58cd2ab152d53c61e7,1289627,autoland,ContentfulSpeedIndex,True,microsoft ContentfulSpeedIndex opt fission warm webrender,,77,ms,firefox,False,|f|i|s|s|i|o|n| |w|a|r|m| |w|e|b|r|e|n|d|e|r|,,3776889,13,9b3df14599f65e991e2c4a5eaba7ebe76c85b8c3,102210fe594ee9b33d82058545b1ed14f4c8206e,linux1804-64-shippable-qr,microsoft,True,,,,,,,,,,,,,,,,,,,,,,,,,,,,,,,,,,,,,,,,,,,,,,,,,,TN,,,,,,,,,,
,1743067651,2023-08-19 05:41:08,211.0,9814020284505cbc4a6075b3b7aba216be0632f8,1289731,autoland,ContentfulSpeedIndex,True,microsoft ContentfulSpeedIndex opt fission warm webrender,,77,ms,firefox,False,|f|i|s|s|i|o|n| |w|a|r|m| |w|e|b|r|e|n|d|e|r|,,3776889,13,9b3df14599f65e991e2c4a5eaba7ebe76c85b8c3,102210fe594ee9b33d82058545b1ed14f4c8206e,linux1804-64-shippable-qr,microsoft,True,,,,,,,,,,,,,,,,,,,,,,,,,,,,,,,,,,,,,,,,,,,,,,,,,,TN,,,,,,,,,,
,1743122129,2023-08-19 11:55:58,208.4,8fefefd6da577f8b3d842ea07120af9e964c09b5,1289750,autoland,ContentfulSpeedIndex,True,microsoft ContentfulSpeedIndex opt fission warm webrender,,77,ms,firefox,False,|f|i|s|s|i|o|n| |w|a|r|m| |w|e|b|r|e|n|d|e|r|,,3776889,13,9b3df14599f65e991e2c4a5eaba7ebe76c85b8c3,102210fe594ee9b33d82058545b1ed14f4c8206e,linux1804-64-shippable-qr,microsoft,True,,,,,,,,,,,,,,,,,,,,,,,,,,,,,,,,,,,,,,,,,,,,,,,,,,TN,,,,,,,,,,
,1743143804,2023-08-19 16:49:23,205.0,00ae001484c9ff1069878dc66b64e3cd07b706f4,1289762,autoland,ContentfulSpeedIndex,True,microsoft ContentfulSpeedIndex opt fission warm webrender,,77,ms,firefox,False,|f|i|s|s|i|o|n| |w|a|r|m| |w|e|b|r|e|n|d|e|r|,,3776889,13,9b3df14599f65e991e2c4a5eaba7ebe76c85b8c3,102210fe594ee9b33d82058545b1ed14f4c8206e,linux1804-64-shippable-qr,microsoft,True,,,,,,,,,,,,,,,,,,,,,,,,,,,,,,,,,,,,,,,,,,,,,,,,,,TN,,,,,,,,,,
,1743436899,2023-08-21 01:56:25,207.0,80d255ac1919800d21a7e2a610fbcd6fda43ed99,1289869,autoland,ContentfulSpeedIndex,True,microsoft ContentfulSpeedIndex opt fission warm webrender,,77,ms,firefox,False,|f|i|s|s|i|o|n| |w|a|r|m| |w|e|b|r|e|n|d|e|r|,,3776889,13,9b3df14599f65e991e2c4a5eaba7ebe76c85b8c3,102210fe594ee9b33d82058545b1ed14f4c8206e,linux1804-64-shippable-qr,microsoft,True,,,,,,,,,,,,,,,,,,,,,,,,,,,,,,,,,,,,,,,,,,,,,,,,,,TN,,,,,,,,,,
,1743503242,2023-08-21 07:01:47,211.0,a4b3b09ad08da2e5b588b641b24f767ff91e5912,1289886,autoland,ContentfulSpeedIndex,True,microsoft ContentfulSpeedIndex opt fission warm webrender,,77,ms,firefox,False,|f|i|s|s|i|o|n| |w|a|r|m| |w|e|b|r|e|n|d|e|r|,,3776889,13,9b3df14599f65e991e2c4a5eaba7ebe76c85b8c3,102210fe594ee9b33d82058545b1ed14f4c8206e,linux1804-64-shippable-qr,microsoft,True,,,,,,,,,,,,,,,,,,,,,,,,,,,,,,,,,,,,,,,,,,,,,,,,,,TN,,,,,,,,,,
,1743686270,2023-08-21 15:24:43,228.5,bc597f54f9cf91b3284e6f593c33ca79ec723077,1290025,autoland,ContentfulSpeedIndex,True,microsoft ContentfulSpeedIndex opt fission warm webrender,,77,ms,firefox,False,|f|i|s|s|i|o|n| |w|a|r|m| |w|e|b|r|e|n|d|e|r|,,3776889,13,9b3df14599f65e991e2c4a5eaba7ebe76c85b8c3,102210fe594ee9b33d82058545b1ed14f4c8206e,linux1804-64-shippable-qr,microsoft,True,,,,,,,,,,,,,,,,,,,,,,,,,,,,,,,,,,,,,,,,,,,,,,,,,,TN,,,,,,,,,,
,1743753346,2023-08-21 19:46:12,215.3,82b916987920b0a9e2071c575073cbcff078021a,1290082,autoland,ContentfulSpeedIndex,True,microsoft ContentfulSpeedIndex opt fission warm webrender,,77,ms,firefox,False,|f|i|s|s|i|o|n| |w|a|r|m| |w|e|b|r|e|n|d|e|r|,,3776889,13,9b3df14599f65e991e2c4a5eaba7ebe76c85b8c3,102210fe594ee9b33d82058545b1ed14f4c8206e,linux1804-64-shippable-qr,microsoft,True,,,,,,,,,,,,,,,,,,,,,,,,,,,,,,,,,,,,,,,,,,,,,,,,,,TN,,,,,,,,,,
,1743825049,2023-08-22 01:01:20,209.9,1bbf9fc4d2dc2a1ff3ccf67fb65cedc71fcc0291,1290123,autoland,ContentfulSpeedIndex,True,microsoft ContentfulSpeedIndex opt fission warm webrender,,77,ms,firefox,False,|f|i|s|s|i|o|n| |w|a|r|m| |w|e|b|r|e|n|d|e|r|,,3776889,13,9b3df14599f65e991e2c4a5eaba7ebe76c85b8c3,102210fe594ee9b33d82058545b1ed14f4c8206e,linux1804-64-shippable-qr,microsoft,True,,,,,,,,,,,,,,,,,,,,,,,,,,,,,,,,,,,,,,,,,,,,,,,,,,TN,,,,,,,,,,
,1744448240,2023-08-22 11:00:38,206.5,e5eaba75408ae99aad9253d54cd09efb8f5a50ec,1290200,autoland,ContentfulSpeedIndex,True,microsoft ContentfulSpeedIndex opt fission warm webrender,,77,ms,firefox,False,|f|i|s|s|i|o|n| |w|a|r|m| |w|e|b|r|e|n|d|e|r|,,3776889,13,9b3df14599f65e991e2c4a5eaba7ebe76c85b8c3,102210fe594ee9b33d82058545b1ed14f4c8206e,linux1804-64-shippable-qr,microsoft,True,,,,,,,,,,,,,,,,,,,,,,,,,,,,,,,,,,,,,,,,,,,,,,,,,,TN,,,,,,,,,,
,1744031419,2023-08-22 11:50:17,217.3,81c3a95411ab3d706659872a9aedef21494cac9c,1290203,autoland,ContentfulSpeedIndex,True,microsoft ContentfulSpeedIndex opt fission warm webrender,,77,ms,firefox,False,|f|i|s|s|i|o|n| |w|a|r|m| |w|e|b|r|e|n|d|e|r|,,3776889,13,9b3df14599f65e991e2c4a5eaba7ebe76c85b8c3,102210fe594ee9b33d82058545b1ed14f4c8206e,linux1804-64-shippable-qr,microsoft,True,,,,,,,,,,,,,,,,,,,,,,,,,,,,,,,,,,,,,,,,,,,,,,,,,,TN,,,,,,,,,,
,1744223649,2023-08-22 15:58:55,214.0,eccdb961d59ca1e4315f6b2d255d638be86d8f63,1290279,autoland,ContentfulSpeedIndex,True,microsoft ContentfulSpeedIndex opt fission warm webrender,,77,ms,firefox,False,|f|i|s|s|i|o|n| |w|a|r|m| |w|e|b|r|e|n|d|e|r|,,3776889,13,9b3df14599f65e991e2c4a5eaba7ebe76c85b8c3,102210fe594ee9b33d82058545b1ed14f4c8206e,linux1804-64-shippable-qr,microsoft,True,,,,,,,,,,,,,,,,,,,,,,,,,,,,,,,,,,,,,,,,,,,,,,,,,,TN,,,,,,,,,,
,1744243576,2023-08-22 16:02:39,203.8,ece9fb8fbedfa6acc08840151034f2468832c851,1290281,autoland,ContentfulSpeedIndex,True,microsoft ContentfulSpeedIndex opt fission warm webrender,,77,ms,firefox,False,|f|i|s|s|i|o|n| |w|a|r|m| |w|e|b|r|e|n|d|e|r|,,3776889,13,9b3df14599f65e991e2c4a5eaba7ebe76c85b8c3,102210fe594ee9b33d82058545b1ed14f4c8206e,linux1804-64-shippable-qr,microsoft,True,,,,,,,,,,,,,,,,,,,,,,,,,,,,,,,,,,,,,,,,,,,,,,,,,,TN,,,,,,,,,,
,1744328705,2023-08-22 20:17:58,205.5,a1487474ef2708086b96f2b3625f244382eb9f4a,1290386,autoland,ContentfulSpeedIndex,True,microsoft ContentfulSpeedIndex opt fission warm webrender,,77,ms,firefox,False,|f|i|s|s|i|o|n| |w|a|r|m| |w|e|b|r|e|n|d|e|r|,,3776889,13,9b3df14599f65e991e2c4a5eaba7ebe76c85b8c3,102210fe594ee9b33d82058545b1ed14f4c8206e,linux1804-64-shippable-qr,microsoft,True,,,,,,,,,,,,,,,,,,,,,,,,,,,,,,,,,,,,,,,,,,,,,,,,,,TN,,,,,,,,,,
,1744357619,2023-08-22 22:10:32,223.2,959c2f0abc19c494aba15ae7513fff9f59631cc1,1290435,autoland,ContentfulSpeedIndex,True,microsoft ContentfulSpeedIndex opt fission warm webrender,,77,ms,firefox,False,|f|i|s|s|i|o|n| |w|a|r|m| |w|e|b|r|e|n|d|e|r|,,3776889,13,9b3df14599f65e991e2c4a5eaba7ebe76c85b8c3,102210fe594ee9b33d82058545b1ed14f4c8206e,linux1804-64-shippable-qr,microsoft,True,,,,,,,,,,,,,,,,,,,,,,,,,,,,,,,,,,,,,,,,,,,,,,,,,,TN,,,,,,,,,,
,1744434570,2023-08-23 02:11:44,207.9,df1f27dc099011a97267a844e60b1350575fc73c,1290482,autoland,ContentfulSpeedIndex,True,microsoft ContentfulSpeedIndex opt fission warm webrender,,77,ms,firefox,False,|f|i|s|s|i|o|n| |w|a|r|m| |w|e|b|r|e|n|d|e|r|,,3776889,13,9b3df14599f65e991e2c4a5eaba7ebe76c85b8c3,102210fe594ee9b33d82058545b1ed14f4c8206e,linux1804-64-shippable-qr,microsoft,True,,,,,,,,,,,,,,,,,,,,,,,,,,,,,,,,,,,,,,,,,,,,,,,,,,TN,,,,,,,,,,
,1744532390,2023-08-23 06:45:25,216.3,991ab6dbc55b4783dc5a6f561a9cc22cb4408e38,1290546,autoland,ContentfulSpeedIndex,True,microsoft ContentfulSpeedIndex opt fission warm webrender,,77,ms,firefox,False,|f|i|s|s|i|o|n| |w|a|r|m| |w|e|b|r|e|n|d|e|r|,,3776889,13,9b3df14599f65e991e2c4a5eaba7ebe76c85b8c3,102210fe594ee9b33d82058545b1ed14f4c8206e,linux1804-64-shippable-qr,microsoft,True,,,,,,,,,,,,,,,,,,,,,,,,,,,,,,,,,,,,,,,,,,,,,,,,,,TN,,,,,,,,,,
,1744547557,2023-08-23 07:14:41,210.0,4a4d5e64aec5efa71e7c743f4c968544faee5332,1290556,autoland,ContentfulSpeedIndex,True,microsoft ContentfulSpeedIndex opt fission warm webrender,,77,ms,firefox,False,|f|i|s|s|i|o|n| |w|a|r|m| |w|e|b|r|e|n|d|e|r|,,3776889,13,9b3df14599f65e991e2c4a5eaba7ebe76c85b8c3,102210fe594ee9b33d82058545b1ed14f4c8206e,linux1804-64-shippable-qr,microsoft,True,,,,,,,,,,,,,,,,,,,,,,,,,,,,,,,,,,,,,,,,,,,,,,,,,,TN,,,,,,,,,,
,1744666066,2023-08-23 11:20:43,206.4,c3bfc7b73e9fc06ec28663e6501728233eb0d574,1290592,autoland,ContentfulSpeedIndex,True,microsoft ContentfulSpeedIndex opt fission warm webrender,,77,ms,firefox,False,|f|i|s|s|i|o|n| |w|a|r|m| |w|e|b|r|e|n|d|e|r|,,3776889,13,9b3df14599f65e991e2c4a5eaba7ebe76c85b8c3,102210fe594ee9b33d82058545b1ed14f4c8206e,linux1804-64-shippable-qr,microsoft,True,,,,,,,,,,,,,,,,,,,,,,,,,,,,,,,,,,,,,,,,,,,,,,,,,,TN,,,,,,,,,,
,1744763519,2023-08-23 15:20:56,210.9,a7db5ff392b1f3d18507813fbd65458438b3cbc4,1290685,autoland,ContentfulSpeedIndex,True,microsoft ContentfulSpeedIndex opt fission warm webrender,,77,ms,firefox,False,|f|i|s|s|i|o|n| |w|a|r|m| |w|e|b|r|e|n|d|e|r|,,3776889,13,9b3df14599f65e991e2c4a5eaba7ebe76c85b8c3,102210fe594ee9b33d82058545b1ed14f4c8206e,linux1804-64-shippable-qr,microsoft,True,,,,,,,,,,,,,,,,,,,,,,,,,,,,,,,,,,,,,,,,,,,,,,,,,,TN,,,,,,,,,,
,1744831650,2023-08-23 16:55:50,205.2,40a8041d06707a315c5f6e4b541dbe805bf34ec7,1290727,autoland,ContentfulSpeedIndex,True,microsoft ContentfulSpeedIndex opt fission warm webrender,,77,ms,firefox,False,|f|i|s|s|i|o|n| |w|a|r|m| |w|e|b|r|e|n|d|e|r|,,3776889,13,9b3df14599f65e991e2c4a5eaba7ebe76c85b8c3,102210fe594ee9b33d82058545b1ed14f4c8206e,linux1804-64-shippable-qr,microsoft,True,,,,,,,,,,,,,,,,,,,,,,,,,,,,,,,,,,,,,,,,,,,,,,,,,,TN,,,,,,,,,,
,1744891754,2023-08-23 20:58:03,209.6,b5371614cd5a3e19ca3e500a87546023aea8eb5d,1290847,autoland,ContentfulSpeedIndex,True,microsoft ContentfulSpeedIndex opt fission warm webrender,,77,ms,firefox,False,|f|i|s|s|i|o|n| |w|a|r|m| |w|e|b|r|e|n|d|e|r|,,3776889,13,9b3df14599f65e991e2c4a5eaba7ebe76c85b8c3,102210fe594ee9b33d82058545b1ed14f4c8206e,linux1804-64-shippable-qr,microsoft,True,,,,,,,,,,,,,,,,,,,,,,,,,,,,,,,,,,,,,,,,,,,,,,,,,,TN,,,,,,,,,,
,1744992897,2023-08-23 22:59:05,211.4,25936c5809e05c5b5d28810efdfb0af9bb2f1792,1290874,autoland,ContentfulSpeedIndex,True,microsoft ContentfulSpeedIndex opt fission warm webrender,,77,ms,firefox,False,|f|i|s|s|i|o|n| |w|a|r|m| |w|e|b|r|e|n|d|e|r|,,3776889,13,9b3df14599f65e991e2c4a5eaba7ebe76c85b8c3,102210fe594ee9b33d82058545b1ed14f4c8206e,linux1804-64-shippable-qr,microsoft,True,,,,,,,,,,,,,,,,,,,,,,,,,,,,,,,,,,,,,,,,,,,,,,,,,,TN,,,,,,,,,,
,1745086572,2023-08-24 03:53:22,206.5,332b088b314103bc02b008e08f1567f092cd6ca1,1290918,autoland,ContentfulSpeedIndex,True,microsoft ContentfulSpeedIndex opt fission warm webrender,,77,ms,firefox,False,|f|i|s|s|i|o|n| |w|a|r|m| |w|e|b|r|e|n|d|e|r|,,3776889,13,9b3df14599f65e991e2c4a5eaba7ebe76c85b8c3,102210fe594ee9b33d82058545b1ed14f4c8206e,linux1804-64-shippable-qr,microsoft,True,,,,,,,,,,,,,,,,,,,,,,,,,,,,,,,,,,,,,,,,,,,,,,,,,,TN,,,,,,,,,,
,1745192595,2023-08-24 11:04:38,219.3,fbbf71ea5127f6cc74aab13a3817349afe93580c,1291003,autoland,ContentfulSpeedIndex,True,microsoft ContentfulSpeedIndex opt fission warm webrender,,77,ms,firefox,False,|f|i|s|s|i|o|n| |w|a|r|m| |w|e|b|r|e|n|d|e|r|,,3776889,13,9b3df14599f65e991e2c4a5eaba7ebe76c85b8c3,102210fe594ee9b33d82058545b1ed14f4c8206e,linux1804-64-shippable-qr,microsoft,True,,,,,,,,,,,,,,,,,,,,,,,,,,,,,,,,,,,,,,,,,,,,,,,,,,TN,,,,,,,,,,
,1745380800,2023-08-24 13:41:33,214.5,9d2df5cf36fbb1712a62be68c4a309e2451e2d35,1291057,autoland,ContentfulSpeedIndex,True,microsoft ContentfulSpeedIndex opt fission warm webrender,,77,ms,firefox,False,|f|i|s|s|i|o|n| |w|a|r|m| |w|e|b|r|e|n|d|e|r|,,3776889,13,9b3df14599f65e991e2c4a5eaba7ebe76c85b8c3,102210fe594ee9b33d82058545b1ed14f4c8206e,linux1804-64-shippable-qr,microsoft,True,,,,,,,,,,,,,,,,,,,,,,,,,,,,,,,,,,,,,,,,,,,,,,,,,,TN,,,,,,,,,,
,1745483876,2023-08-24 18:48:40,208.3,6089e7f0fa57a29c6d080f135f65e146c34457d8,1291216,autoland,ContentfulSpeedIndex,True,microsoft ContentfulSpeedIndex opt fission warm webrender,,77,ms,firefox,False,|f|i|s|s|i|o|n| |w|a|r|m| |w|e|b|r|e|n|d|e|r|,,3776889,13,9b3df14599f65e991e2c4a5eaba7ebe76c85b8c3,102210fe594ee9b33d82058545b1ed14f4c8206e,linux1804-64-shippable-qr,microsoft,True,,,,,,,,,,,,,,,,,,,,,,,,,,,,,,,,,,,,,,,,,,,,,,,,,,TN,,,,,,,,,,
,1745658813,2023-08-25 00:48:43,202.7,0129f728663fcc0bcc1f816e006f1eb2635780e4,1291339,autoland,ContentfulSpeedIndex,True,microsoft ContentfulSpeedIndex opt fission warm webrender,,77,ms,firefox,False,|f|i|s|s|i|o|n| |w|a|r|m| |w|e|b|r|e|n|d|e|r|,,3776889,13,9b3df14599f65e991e2c4a5eaba7ebe76c85b8c3,102210fe594ee9b33d82058545b1ed14f4c8206e,linux1804-64-shippable-qr,microsoft,True,,,,,,,,,,,,,,,,,,,,,,,,,,,,,,,,,,,,,,,,,,,,,,,,,,TN,,,,,,,,,,
,1745810471,2023-08-25 11:24:50,228.8,e5ba3b52ebac2d2582cecd6122443fc024cd24c9,1291437,autoland,ContentfulSpeedIndex,True,microsoft ContentfulSpeedIndex opt fission warm webrender,,77,ms,firefox,False,|f|i|s|s|i|o|n| |w|a|r|m| |w|e|b|r|e|n|d|e|r|,,3776889,13,9b3df14599f65e991e2c4a5eaba7ebe76c85b8c3,102210fe594ee9b33d82058545b1ed14f4c8206e,linux1804-64-shippable-qr,microsoft,True,,,,,,,,,,,,,,,,,,,,,,,,,,,,,,,,,,,,,,,,,,,,,,,,,,TN,,,,,,,,,,
,1745969488,2023-08-25 15:32:54,211.0,059b77df2394c7caf1061e1b817e004878738efa,1291507,autoland,ContentfulSpeedIndex,True,microsoft ContentfulSpeedIndex opt fission warm webrender,,77,ms,firefox,False,|f|i|s|s|i|o|n| |w|a|r|m| |w|e|b|r|e|n|d|e|r|,,3776889,13,9b3df14599f65e991e2c4a5eaba7ebe76c85b8c3,102210fe594ee9b33d82058545b1ed14f4c8206e,linux1804-64-shippable-qr,microsoft,True,,,,,,,,,,,,,,,,,,,,,,,,,,,,,,,,,,,,,,,,,,,,,,,,,,TN,,,,,,,,,,
,1746086846,2023-08-25 19:36:02,202.3,47efe79717796bf6f3a70e5733e99a98b0d9fad4,1291599,autoland,ContentfulSpeedIndex,True,microsoft ContentfulSpeedIndex opt fission warm webrender,,77,ms,firefox,False,|f|i|s|s|i|o|n| |w|a|r|m| |w|e|b|r|e|n|d|e|r|,,3776889,13,9b3df14599f65e991e2c4a5eaba7ebe76c85b8c3,102210fe594ee9b33d82058545b1ed14f4c8206e,linux1804-64-shippable-qr,microsoft,True,,,,,,,,,,,,,,,,,,,,,,,,,,,,,,,,,,,,,,,,,,,,,,,,,,TN,,,,,,,,,,
,1746224563,2023-08-26 03:22:14,208.7,ddc3d1e9268d9abde51f1082490491f544286b16,1291695,autoland,ContentfulSpeedIndex,True,microsoft ContentfulSpeedIndex opt fission warm webrender,,77,ms,firefox,False,|f|i|s|s|i|o|n| |w|a|r|m| |w|e|b|r|e|n|d|e|r|,,3776889,13,9b3df14599f65e991e2c4a5eaba7ebe76c85b8c3,102210fe594ee9b33d82058545b1ed14f4c8206e,linux1804-64-shippable-qr,microsoft,True,,,,,,,,,,,,,,,,,,,,,,,,,,,,,,,,,,,,,,,,,,,,,,,,,,TN,,,,,,,,,,
,1746397001,2023-08-26 13:17:30,210.8,cc8d561a9b401f3ebfda56de56c018b287d8b340,1291872,autoland,ContentfulSpeedIndex,True,microsoft ContentfulSpeedIndex opt fission warm webrender,,77,ms,firefox,False,|f|i|s|s|i|o|n| |w|a|r|m| |w|e|b|r|e|n|d|e|r|,,3776889,13,9b3df14599f65e991e2c4a5eaba7ebe76c85b8c3,102210fe594ee9b33d82058545b1ed14f4c8206e,linux1804-64-shippable-qr,microsoft,True,,,,,,,,,,,,,,,,,,,,,,,,,,,,,,,,,,,,,,,,,,,,,,,,,,TN,,,,,,,,,,
,1746593315,2023-08-26 23:47:49,208.1,140288e1dd6073b83aa67b725aa9a96945374a82,1292019,autoland,ContentfulSpeedIndex,True,microsoft ContentfulSpeedIndex opt fission warm webrender,,77,ms,firefox,False,|f|i|s|s|i|o|n| |w|a|r|m| |w|e|b|r|e|n|d|e|r|,,3776889,13,9b3df14599f65e991e2c4a5eaba7ebe76c85b8c3,102210fe594ee9b33d82058545b1ed14f4c8206e,linux1804-64-shippable-qr,microsoft,True,,,,,,,,,,,,,,,,,,,,,,,,,,,,,,,,,,,,,,,,,,,,,,,,,,TN,,,,,,,,,,
,1746727082,2023-08-27 23:31:15,206.3,6aaf2cf582814f5a76c09fa2ac7cc760a5886134,1292080,autoland,ContentfulSpeedIndex,True,microsoft ContentfulSpeedIndex opt fission warm webrender,,77,ms,firefox,False,|f|i|s|s|i|o|n| |w|a|r|m| |w|e|b|r|e|n|d|e|r|,,3776889,13,9b3df14599f65e991e2c4a5eaba7ebe76c85b8c3,102210fe594ee9b33d82058545b1ed14f4c8206e,linux1804-64-shippable-qr,microsoft,True,,,,,,,,,,,,,,,,,,,,,,,,,,,,,,,,,,,,,,,,,,,,,,,,,,TN,,,,,,,,,,
,1746980453,2023-08-28 14:50:25,212.2,f8e518c6ab37a0144872f6158300e1de85034002,1292276,autoland,ContentfulSpeedIndex,True,microsoft ContentfulSpeedIndex opt fission warm webrender,,77,ms,firefox,False,|f|i|s|s|i|o|n| |w|a|r|m| |w|e|b|r|e|n|d|e|r|,,3776889,13,9b3df14599f65e991e2c4a5eaba7ebe76c85b8c3,102210fe594ee9b33d82058545b1ed14f4c8206e,linux1804-64-shippable-qr,microsoft,True,,,,,,,,,,,,,,,,,,,,,,,,,,,,,,,,,,,,,,,,,,,,,,,,,,TN,,,,,,,,,,
,1747071682,2023-08-28 18:02:15,218.5,7ef66afbcd94bc7787448a9d797ec662b02fe58a,1292360,autoland,ContentfulSpeedIndex,True,microsoft ContentfulSpeedIndex opt fission warm webrender,,77,ms,firefox,False,|f|i|s|s|i|o|n| |w|a|r|m| |w|e|b|r|e|n|d|e|r|,,3776889,13,9b3df14599f65e991e2c4a5eaba7ebe76c85b8c3,102210fe594ee9b33d82058545b1ed14f4c8206e,linux1804-64-shippable-qr,microsoft,True,,,,,,,,,,,,,,,,,,,,,,,,,,,,,,,,,,,,,,,,,,,,,,,,,,TN,,,,,,,,,,
,1747145847,2023-08-28 20:37:08,203.4,9451de3148827dbd587f22175b6c0453c7a605db,1292463,autoland,ContentfulSpeedIndex,True,microsoft ContentfulSpeedIndex opt fission warm webrender,,77,ms,firefox,False,|f|i|s|s|i|o|n| |w|a|r|m| |w|e|b|r|e|n|d|e|r|,,3776889,13,9b3df14599f65e991e2c4a5eaba7ebe76c85b8c3,102210fe594ee9b33d82058545b1ed14f4c8206e,linux1804-64-shippable-qr,microsoft,True,,,,,,,,,,,,,,,,,,,,,,,,,,,,,,,,,,,,,,,,,,,,,,,,,,TN,,,,,,,,,,
,1747252233,2023-08-29 02:20:20,212.4,4cca72b5cd903bbb8bdc66098aaeb1eb12d8dddd,1292618,autoland,ContentfulSpeedIndex,True,microsoft ContentfulSpeedIndex opt fission warm webrender,,77,ms,firefox,False,|f|i|s|s|i|o|n| |w|a|r|m| |w|e|b|r|e|n|d|e|r|,,3776889,13,9b3df14599f65e991e2c4a5eaba7ebe76c85b8c3,102210fe594ee9b33d82058545b1ed14f4c8206e,linux1804-64-shippable-qr,microsoft,True,,,,,,,,,,,,,,,,,,,,,,,,,,,,,,,,,,,,,,,,,,,,,,,,,,TN,,,,,,,,,,
,1747266886,2023-08-29 03:02:37,206.7,f79fe732a6b523e66f30e056118cdd2cff02a5ca,1292639,autoland,ContentfulSpeedIndex,True,microsoft ContentfulSpeedIndex opt fission warm webrender,,77,ms,firefox,False,|f|i|s|s|i|o|n| |w|a|r|m| |w|e|b|r|e|n|d|e|r|,,3776889,13,9b3df14599f65e991e2c4a5eaba7ebe76c85b8c3,102210fe594ee9b33d82058545b1ed14f4c8206e,linux1804-64-shippable-qr,microsoft,True,,,,,,,,,,,,,,,,,,,,,,,,,,,,,,,,,,,,,,,,,,,,,,,,,,TN,,,,,,,,,,
,1747360007,2023-08-29 07:11:54,210.3,801325776b1492f30ec6ac7c770000fa8c894d2a,1292691,autoland,ContentfulSpeedIndex,True,microsoft ContentfulSpeedIndex opt fission warm webrender,,77,ms,firefox,False,|f|i|s|s|i|o|n| |w|a|r|m| |w|e|b|r|e|n|d|e|r|,,3776889,13,9b3df14599f65e991e2c4a5eaba7ebe76c85b8c3,102210fe594ee9b33d82058545b1ed14f4c8206e,linux1804-64-shippable-qr,microsoft,True,,,,,,,,,,,,,,,,,,,,,,,,,,,,,,,,,,,,,,,,,,,,,,,,,,TN,,,,,,,,,,
,1747499321,2023-08-29 11:18:23,202.3,843a6e4db35622bdd606d6cdd7c0f1a05828a89e,1292770,autoland,ContentfulSpeedIndex,True,microsoft ContentfulSpeedIndex opt fission warm webrender,,77,ms,firefox,False,|f|i|s|s|i|o|n| |w|a|r|m| |w|e|b|r|e|n|d|e|r|,,3776889,13,9b3df14599f65e991e2c4a5eaba7ebe76c85b8c3,102210fe594ee9b33d82058545b1ed14f4c8206e,linux1804-64-shippable-qr,microsoft,True,,,,,,,,,,,,,,,,,,,,,,,,,,,,,,,,,,,,,,,,,,,,,,,,,,TN,,,,,,,,,,
,1747476340,2023-08-29 11:21:44,209.5,abe9789555b5960e5b395aba02b4891c388e4839,1292771,autoland,ContentfulSpeedIndex,True,microsoft ContentfulSpeedIndex opt fission warm webrender,,77,ms,firefox,False,|f|i|s|s|i|o|n| |w|a|r|m| |w|e|b|r|e|n|d|e|r|,,3776889,13,9b3df14599f65e991e2c4a5eaba7ebe76c85b8c3,102210fe594ee9b33d82058545b1ed14f4c8206e,linux1804-64-shippable-qr,microsoft,True,,,,,,,,,,,,,,,,,,,,,,,,,,,,,,,,,,,,,,,,,,,,,,,,,,TN,,,,,,,,,,
,1747711801,2023-08-29 16:25:43,217.3,0bb8944a5c2a783f353dc7595b2171844923a934,1292913,autoland,ContentfulSpeedIndex,True,microsoft ContentfulSpeedIndex opt fission warm webrender,,77,ms,firefox,False,|f|i|s|s|i|o|n| |w|a|r|m| |w|e|b|r|e|n|d|e|r|,,3776889,13,9b3df14599f65e991e2c4a5eaba7ebe76c85b8c3,102210fe594ee9b33d82058545b1ed14f4c8206e,linux1804-64-shippable-qr,microsoft,True,,,,,,,,,,,,,,,,,,,,,,,,,,,,,,,,,,,,,,,,,,,,,,,,,,TN,,,,,,,,,,
,1747874108,2023-08-29 18:40:33,213.1,ab673eef69bf3656d8814e2758dff9da25527e74,1292984,autoland,ContentfulSpeedIndex,True,microsoft ContentfulSpeedIndex opt fission warm webrender,,77,ms,firefox,False,|f|i|s|s|i|o|n| |w|a|r|m| |w|e|b|r|e|n|d|e|r|,,3776889,13,9b3df14599f65e991e2c4a5eaba7ebe76c85b8c3,102210fe594ee9b33d82058545b1ed14f4c8206e,linux1804-64-shippable-qr,microsoft,True,,,,,,,,,,,,,,,,,,,,,,,,,,,,,,,,,,,,,,,,,,,,,,,,,,TN,,,,,,,,,,
,1747916584,2023-08-29 18:52:04,212.9,cb5ac3a7a82f68e5ca26d454b7615329d487cdd1,1292994,autoland,ContentfulSpeedIndex,True,microsoft ContentfulSpeedIndex opt fission warm webrender,,77,ms,firefox,False,|f|i|s|s|i|o|n| |w|a|r|m| |w|e|b|r|e|n|d|e|r|,,3776889,13,9b3df14599f65e991e2c4a5eaba7ebe76c85b8c3,102210fe594ee9b33d82058545b1ed14f4c8206e,linux1804-64-shippable-qr,microsoft,True,,,,,,,,,,,,,,,,,,,,,,,,,,,,,,,,,,,,,,,,,,,,,,,,,,TN,,,,,,,,,,
,1747803689,2023-08-29 20:54:58,211.0,16c71fac642647b97c85d086e54342a5addaaf13,1293039,autoland,ContentfulSpeedIndex,True,microsoft ContentfulSpeedIndex opt fission warm webrender,,77,ms,firefox,False,|f|i|s|s|i|o|n| |w|a|r|m| |w|e|b|r|e|n|d|e|r|,,3776889,13,9b3df14599f65e991e2c4a5eaba7ebe76c85b8c3,102210fe594ee9b33d82058545b1ed14f4c8206e,linux1804-64-shippable-qr,microsoft,True,,,,,,,,,,,,,,,,,,,,,,,,,,,,,,,,,,,,,,,,,,,,,,,,,,TN,,,,,,,,,,
,1747866318,2023-08-30 01:49:26,209.5,34dcd8f28e9a642600425b3383df225859ea91cd,1293133,autoland,ContentfulSpeedIndex,True,microsoft ContentfulSpeedIndex opt fission warm webrender,,77,ms,firefox,False,|f|i|s|s|i|o|n| |w|a|r|m| |w|e|b|r|e|n|d|e|r|,,3776889,13,9b3df14599f65e991e2c4a5eaba7ebe76c85b8c3,102210fe594ee9b33d82058545b1ed14f4c8206e,linux1804-64-shippable-qr,microsoft,True,,,,,,,,,,,,,,,,,,,,,,,,,,,,,,,,,,,,,,,,,,,,,,,,,,TN,,,,,,,,,,
,1748010648,2023-08-30 13:43:19,214.2,379bb5e39311a7878ea31b7eb0dd39fdef1ab15a,1293343,autoland,ContentfulSpeedIndex,True,microsoft ContentfulSpeedIndex opt fission warm webrender,,77,ms,firefox,False,|f|i|s|s|i|o|n| |w|a|r|m| |w|e|b|r|e|n|d|e|r|,,3776889,13,9b3df14599f65e991e2c4a5eaba7ebe76c85b8c3,102210fe594ee9b33d82058545b1ed14f4c8206e,linux1804-64-shippable-qr,microsoft,True,,,,,,,,,,,,,,,,,,,,,,,,,,,,,,,,,,,,,,,,,,,,,,,,,,TN,,,,,,,,,,
,1748063667,2023-08-30 16:15:47,185.0,f648d27187b6f45ac21ab6bf0ca9673dcfc55cf4,1293412,autoland,ContentfulSpeedIndex,True,microsoft ContentfulSpeedIndex opt fission warm webrender,,77,ms,firefox,False,|f|i|s|s|i|o|n| |w|a|r|m| |w|e|b|r|e|n|d|e|r|,,3776889,13,9b3df14599f65e991e2c4a5eaba7ebe76c85b8c3,102210fe594ee9b33d82058545b1ed14f4c8206e,linux1804-64-shippable-qr,microsoft,True,,,,,,,,,,,,,,,,,,,,,,,,,,,,,,,,,,,,,,,,,,,,,,,,,,TN,,,,,,,,,,
,1748156995,2023-08-30 20:58:03,208.1,7643e2c34ec4fce31fb741b2e7003adc7e547e36,1293585,autoland,ContentfulSpeedIndex,True,microsoft ContentfulSpeedIndex opt fission warm webrender,,77,ms,firefox,False,|f|i|s|s|i|o|n| |w|a|r|m| |w|e|b|r|e|n|d|e|r|,,3776889,13,9b3df14599f65e991e2c4a5eaba7ebe76c85b8c3,102210fe594ee9b33d82058545b1ed14f4c8206e,linux1804-64-shippable-qr,microsoft,True,,,,,,,,,,,,,,,,,,,,,,,,,,,,,,,,,,,,,,,,,,,,,,,,,,TN,,,,,,,,,,
,1748214369,2023-08-30 23:31:09,214.8,8db6a3b432759fd37b677c455c7d9ecedafd7e77,1293654,autoland,ContentfulSpeedIndex,True,microsoft ContentfulSpeedIndex opt fission warm webrender,,77,ms,firefox,False,|f|i|s|s|i|o|n| |w|a|r|m| |w|e|b|r|e|n|d|e|r|,,3776889,13,9b3df14599f65e991e2c4a5eaba7ebe76c85b8c3,102210fe594ee9b33d82058545b1ed14f4c8206e,linux1804-64-shippable-qr,microsoft,True,,,,,,,,,,,,,,,,,,,,,,,,,,,,,,,,,,,,,,,,,,,,,,,,,,TN,,,,,,,,,,
,1748243149,2023-08-31 03:36:38,209.8,bcc1470439818e29a38c29432af9fd130b8ec931,1293720,autoland,ContentfulSpeedIndex,True,microsoft ContentfulSpeedIndex opt fission warm webrender,,77,ms,firefox,False,|f|i|s|s|i|o|n| |w|a|r|m| |w|e|b|r|e|n|d|e|r|,,3776889,13,9b3df14599f65e991e2c4a5eaba7ebe76c85b8c3,102210fe594ee9b33d82058545b1ed14f4c8206e,linux1804-64-shippable-qr,microsoft,True,,,,,,,,,,,,,,,,,,,,,,,,,,,,,,,,,,,,,,,,,,,,,,,,,,TN,,,,,,,,,,
,1748345601,2023-08-31 09:19:24,206.8,e2d1d56b4cb882f210d71f021a2f804a56d718e6,1293811,autoland,ContentfulSpeedIndex,True,microsoft ContentfulSpeedIndex opt fission warm webrender,,77,ms,firefox,False,|f|i|s|s|i|o|n| |w|a|r|m| |w|e|b|r|e|n|d|e|r|,,3776889,13,9b3df14599f65e991e2c4a5eaba7ebe76c85b8c3,102210fe594ee9b33d82058545b1ed14f4c8206e,linux1804-64-shippable-qr,microsoft,True,,,,,,,,,,,,,,,,,,,,,,,,,,,,,,,,,,,,,,,,,,,,,,,,,,TN,,,,,,,,,,
,1748476825,2023-08-31 14:04:37,210.3,79fd00522da11013e2076ceccfd842c54d2f0822,1293937,autoland,ContentfulSpeedIndex,True,microsoft ContentfulSpeedIndex opt fission warm webrender,,77,ms,firefox,False,|f|i|s|s|i|o|n| |w|a|r|m| |w|e|b|r|e|n|d|e|r|,,3776889,13,9b3df14599f65e991e2c4a5eaba7ebe76c85b8c3,102210fe594ee9b33d82058545b1ed14f4c8206e,linux1804-64-shippable-qr,microsoft,True,,,,,,,,,,,,,,,,,,,,,,,,,,,,,,,,,,,,,,,,,,,,,,,,,,TN,,,,,,,,,,
,1748625651,2023-08-31 18:09:30,206.9,bd48139a6966dfb067c7b31bdf2021bd85a1f6a9,1294069,autoland,ContentfulSpeedIndex,True,microsoft ContentfulSpeedIndex opt fission warm webrender,,77,ms,firefox,False,|f|i|s|s|i|o|n| |w|a|r|m| |w|e|b|r|e|n|d|e|r|,,3776889,13,9b3df14599f65e991e2c4a5eaba7ebe76c85b8c3,102210fe594ee9b33d82058545b1ed14f4c8206e,linux1804-64-shippable-qr,microsoft,True,,,,,,,,,,,,,,,,,,,,,,,,,,,,,,,,,,,,,,,,,,,,,,,,,,TN,,,,,,,,,,
,1748806819,2023-08-31 19:30:57,209.5,14117ed3c63a444931eb69e3a486bde4be07b6cc,1294120,autoland,ContentfulSpeedIndex,True,microsoft ContentfulSpeedIndex opt fission warm webrender,,77,ms,firefox,False,|f|i|s|s|i|o|n| |w|a|r|m| |w|e|b|r|e|n|d|e|r|,,3776889,13,9b3df14599f65e991e2c4a5eaba7ebe76c85b8c3,102210fe594ee9b33d82058545b1ed14f4c8206e,linux1804-64-shippable-qr,microsoft,True,,,,,,,,,,,,,,,,,,,,,,,,,,,,,,,,,,,,,,,,,,,,,,,,,,TN,,,,,,,,,,
,1748677042,2023-08-31 19:33:29,214.3,a0d77e120c268cc1e877891df07436c1128dde4f,1294123,autoland,ContentfulSpeedIndex,True,microsoft ContentfulSpeedIndex opt fission warm webrender,,77,ms,firefox,False,|f|i|s|s|i|o|n| |w|a|r|m| |w|e|b|r|e|n|d|e|r|,,3776889,13,9b3df14599f65e991e2c4a5eaba7ebe76c85b8c3,102210fe594ee9b33d82058545b1ed14f4c8206e,linux1804-64-shippable-qr,microsoft,True,,,,,,,,,,,,,,,,,,,,,,,,,,,,,,,,,,,,,,,,,,,,,,,,,,TN,,,,,,,,,,
,1748836807,2023-08-31 20:20:26,215.9,6433f4d865eef19ec6c2110009e4e3a281c59799,1294162,autoland,ContentfulSpeedIndex,True,microsoft ContentfulSpeedIndex opt fission warm webrender,,77,ms,firefox,False,|f|i|s|s|i|o|n| |w|a|r|m| |w|e|b|r|e|n|d|e|r|,,3776889,13,9b3df14599f65e991e2c4a5eaba7ebe76c85b8c3,102210fe594ee9b33d82058545b1ed14f4c8206e,linux1804-64-shippable-qr,microsoft,True,,,,,,,,,,,,,,,,,,,,,,,,,,,,,,,,,,,,,,,,,,,,,,,,,,TN,,,,,,,,,,
,1748843401,2023-08-31 20:42:50,208.1,d5b172f3396fca2c5326f7c289b87ec3ddd75533,1294180,autoland,ContentfulSpeedIndex,True,microsoft ContentfulSpeedIndex opt fission warm webrender,,77,ms,firefox,False,|f|i|s|s|i|o|n| |w|a|r|m| |w|e|b|r|e|n|d|e|r|,,3776889,13,9b3df14599f65e991e2c4a5eaba7ebe76c85b8c3,102210fe594ee9b33d82058545b1ed14f4c8206e,linux1804-64-shippable-qr,microsoft,True,,,,,,,,,,,,,,,,,,,,,,,,,,,,,,,,,,,,,,,,,,,,,,,,,,TN,,,,,,,,,,
,1748752545,2023-09-01 00:39:38,208.6,27ce38e0ae179241f6afc83c246df3113fc76eb5,1294315,autoland,ContentfulSpeedIndex,True,microsoft ContentfulSpeedIndex opt fission warm webrender,,77,ms,firefox,False,|f|i|s|s|i|o|n| |w|a|r|m| |w|e|b|r|e|n|d|e|r|,,3776889,13,9b3df14599f65e991e2c4a5eaba7ebe76c85b8c3,102210fe594ee9b33d82058545b1ed14f4c8206e,linux1804-64-shippable-qr,microsoft,True,,,,,,,,,,,,,,,,,,,,,,,,,,,,,,,,,,,,,,,,,,,,,,,,,,TN,,,,,,,,,,
,1748764188,2023-09-01 01:00:26,214.2,9034f1db1295f77ef75c8afa9ac280788649b1c4,1294322,autoland,ContentfulSpeedIndex,True,microsoft ContentfulSpeedIndex opt fission warm webrender,,77,ms,firefox,False,|f|i|s|s|i|o|n| |w|a|r|m| |w|e|b|r|e|n|d|e|r|,,3776889,13,9b3df14599f65e991e2c4a5eaba7ebe76c85b8c3,102210fe594ee9b33d82058545b1ed14f4c8206e,linux1804-64-shippable-qr,microsoft,True,,,,,,,,,,,,,,,,,,,,,,,,,,,,,,,,,,,,,,,,,,,,,,,,,,TN,,,,,,,,,,
,1748912781,2023-09-01 06:26:09,208.3,ae769caa17a3a27e7fed2cfd78ea439adf051dc8,1294426,autoland,ContentfulSpeedIndex,True,microsoft ContentfulSpeedIndex opt fission warm webrender,,77,ms,firefox,False,|f|i|s|s|i|o|n| |w|a|r|m| |w|e|b|r|e|n|d|e|r|,,3776889,13,9b3df14599f65e991e2c4a5eaba7ebe76c85b8c3,102210fe594ee9b33d82058545b1ed14f4c8206e,linux1804-64-shippable-qr,microsoft,True,,,,,,,,,,,,,,,,,,,,,,,,,,,,,,,,,,,,,,,,,,,,,,,,,,TN,,,,,,,,,,
,1749074174,2023-09-01 10:42:21,213.3,2e446d8859cc4a60faa49f68ed5445c534e47850,1294509,autoland,ContentfulSpeedIndex,True,microsoft ContentfulSpeedIndex opt fission warm webrender,,77,ms,firefox,False,|f|i|s|s|i|o|n| |w|a|r|m| |w|e|b|r|e|n|d|e|r|,,3776889,13,9b3df14599f65e991e2c4a5eaba7ebe76c85b8c3,102210fe594ee9b33d82058545b1ed14f4c8206e,linux1804-64-shippable-qr,microsoft,True,,,,,,,,,,,,,,,,,,,,,,,,,,,,,,,,,,,,,,,,,,,,,,,,,,TN,,,,,,,,,,
,1749547594,2023-09-01 11:07:42,208.3,dfc8a4578c404856f2c383d037d44dab021f40c3,1294519,autoland,ContentfulSpeedIndex,True,microsoft ContentfulSpeedIndex opt fission warm webrender,,77,ms,firefox,False,|f|i|s|s|i|o|n| |w|a|r|m| |w|e|b|r|e|n|d|e|r|,,3776889,13,9b3df14599f65e991e2c4a5eaba7ebe76c85b8c3,102210fe594ee9b33d82058545b1ed14f4c8206e,linux1804-64-shippable-qr,microsoft,True,,,,,,,,,,,,,,,,,,,,,,,,,,,,,,,,,,,,,,,,,,,,,,,,,,TN,,,,,,,,,,
,1749542873,2023-09-01 11:44:03,223.3,c12da820266b0537b4b77b3b9609c089eafd3e4d,1294531,autoland,ContentfulSpeedIndex,True,microsoft ContentfulSpeedIndex opt fission warm webrender,,77,ms,firefox,False,|f|i|s|s|i|o|n| |w|a|r|m| |w|e|b|r|e|n|d|e|r|,,3776889,13,9b3df14599f65e991e2c4a5eaba7ebe76c85b8c3,102210fe594ee9b33d82058545b1ed14f4c8206e,linux1804-64-shippable-qr,microsoft,True,,,,,,,,,,,,,,,,,,,,,,,,,,,,,,,,,,,,,,,,,,,,,,,,,,TN,,,,,,,,,,
,1749095456,2023-09-01 11:44:59,204.9,bf57203fdaf0f91ccecca73cc02286e5c20686be,1294532,autoland,ContentfulSpeedIndex,True,microsoft ContentfulSpeedIndex opt fission warm webrender,,77,ms,firefox,False,|f|i|s|s|i|o|n| |w|a|r|m| |w|e|b|r|e|n|d|e|r|,,3776889,13,9b3df14599f65e991e2c4a5eaba7ebe76c85b8c3,102210fe594ee9b33d82058545b1ed14f4c8206e,linux1804-64-shippable-qr,microsoft,True,,,,,,,,,,,,,,,,,,,,,,,,,,,,,,,,,,,,,,,,,,,,,,,,,,TN,,,,,,,,,,
,1749183707,2023-09-01 15:47:54,210.1,ad7684944accdb72fb27cae1118a774a95ed9c55,1294651,autoland,ContentfulSpeedIndex,True,microsoft ContentfulSpeedIndex opt fission warm webrender,,77,ms,firefox,False,|f|i|s|s|i|o|n| |w|a|r|m| |w|e|b|r|e|n|d|e|r|,,3776889,13,9b3df14599f65e991e2c4a5eaba7ebe76c85b8c3,102210fe594ee9b33d82058545b1ed14f4c8206e,linux1804-64-shippable-qr,microsoft,True,,,,,,,,,,,,,,,,,,,,,,,,,,,,,,,,,,,,,,,,,,,,,,,,,,TN,,,,,,,,,,
,1749224453,2023-09-01 17:12:14,235.5,fccf186ac4e88bf822ac830ba689a15017be05e1,1294691,autoland,ContentfulSpeedIndex,True,microsoft ContentfulSpeedIndex opt fission warm webrender,,77,ms,firefox,False,|f|i|s|s|i|o|n| |w|a|r|m| |w|e|b|r|e|n|d|e|r|,,3776889,13,9b3df14599f65e991e2c4a5eaba7ebe76c85b8c3,102210fe594ee9b33d82058545b1ed14f4c8206e,linux1804-64-shippable-qr,microsoft,True,,,,,,,,,,,,,,,,,,,,,,,,,,,,,,,,,,,,,,,,,,,,,,,,,,TN,,,,,,,,,,
,1749497146,2023-09-02 01:00:47,208.0,99eed791079c7b72126fee110226a0f9c519a053,1294900,autoland,ContentfulSpeedIndex,True,microsoft ContentfulSpeedIndex opt fission warm webrender,,77,ms,firefox,False,|f|i|s|s|i|o|n| |w|a|r|m| |w|e|b|r|e|n|d|e|r|,,3776889,13,9b3df14599f65e991e2c4a5eaba7ebe76c85b8c3,102210fe594ee9b33d82058545b1ed14f4c8206e,linux1804-64-shippable-qr,microsoft,True,,,,,,,,,,,,,,,,,,,,,,,,,,,,,,,,,,,,,,,,,,,,,,,,,,TN,,,,,,,,,,
,1749562459,2023-09-02 06:50:37,208.3,0d100cd406fac31edd725aaa2ca36c72593b7207,1294943,autoland,ContentfulSpeedIndex,True,microsoft ContentfulSpeedIndex opt fission warm webrender,,77,ms,firefox,False,|f|i|s|s|i|o|n| |w|a|r|m| |w|e|b|r|e|n|d|e|r|,,3776889,13,9b3df14599f65e991e2c4a5eaba7ebe76c85b8c3,102210fe594ee9b33d82058545b1ed14f4c8206e,linux1804-64-shippable-qr,microsoft,True,,,,,,,,,,,,,,,,,,,,,,,,,,,,,,,,,,,,,,,,,,,,,,,,,,TN,,,,,,,,,,
,1749618894,2023-09-02 11:43:51,213.0,66f85436a9395093f71f506f8cdc16623cbbb38e,1294960,autoland,ContentfulSpeedIndex,True,microsoft ContentfulSpeedIndex opt fission warm webrender,,77,ms,firefox,False,|f|i|s|s|i|o|n| |w|a|r|m| |w|e|b|r|e|n|d|e|r|,,3776889,13,9b3df14599f65e991e2c4a5eaba7ebe76c85b8c3,102210fe594ee9b33d82058545b1ed14f4c8206e,linux1804-64-shippable-qr,microsoft,True,,,,,,,,,,,,,,,,,,,,,,,,,,,,,,,,,,,,,,,,,,,,,,,,,,TN,,,,,,,,,,
,1749646358,2023-09-02 16:16:12,211.2,ee62282ee19c0c3cceebbdb2cd283127260a46d6,1294982,autoland,ContentfulSpeedIndex,True,microsoft ContentfulSpeedIndex opt fission warm webrender,,77,ms,firefox,False,|f|i|s|s|i|o|n| |w|a|r|m| |w|e|b|r|e|n|d|e|r|,,3776889,13,9b3df14599f65e991e2c4a5eaba7ebe76c85b8c3,102210fe594ee9b33d82058545b1ed14f4c8206e,linux1804-64-shippable-qr,microsoft,True,,,,,,,,,,,,,,,,,,,,,,,,,,,,,,,,,,,,,,,,,,,,,,,,,,TN,,,,,,,,,,
,1749838692,2023-09-03 15:28:00,205.2,e2d4c17692b7650a5aefa27823ab8cb72dc06fe6,1295071,autoland,ContentfulSpeedIndex,True,microsoft ContentfulSpeedIndex opt fission warm webrender,,77,ms,firefox,False,|f|i|s|s|i|o|n| |w|a|r|m| |w|e|b|r|e|n|d|e|r|,,3776889,13,9b3df14599f65e991e2c4a5eaba7ebe76c85b8c3,102210fe594ee9b33d82058545b1ed14f4c8206e,linux1804-64-shippable-qr,microsoft,True,,,,,,,,,,,,,,,,,,,,,,,,,,,,,,,,,,,,,,,,,,,,,,,,,,TN,,,,,,,,,,
,1749870281,2023-09-03 17:48:29,220.6,39747a728e31525f254d25d9fa323a491dda5b09,1295079,autoland,ContentfulSpeedIndex,True,microsoft ContentfulSpeedIndex opt fission warm webrender,,77,ms,firefox,False,|f|i|s|s|i|o|n| |w|a|r|m| |w|e|b|r|e|n|d|e|r|,,3776889,13,9b3df14599f65e991e2c4a5eaba7ebe76c85b8c3,102210fe594ee9b33d82058545b1ed14f4c8206e,linux1804-64-shippable-qr,microsoft,True,,,,,,,,,,,,,,,,,,,,,,,,,,,,,,,,,,,,,,,,,,,,,,,,,,TN,,,,,,,,,,
,1749974418,2023-09-04 00:54:15,211.0,9398dc74275ecd37eab02b496051302e67ce059f,1295103,autoland,ContentfulSpeedIndex,True,microsoft ContentfulSpeedIndex opt fission warm webrender,,77,ms,firefox,False,|f|i|s|s|i|o|n| |w|a|r|m| |w|e|b|r|e|n|d|e|r|,,3776889,13,9b3df14599f65e991e2c4a5eaba7ebe76c85b8c3,102210fe594ee9b33d82058545b1ed14f4c8206e,linux1804-64-shippable-qr,microsoft,True,,,,,,,,,,,,,,,,,,,,,,,,,,,,,,,,,,,,,,,,,,,,,,,,,,TN,,,,,,,,,,
,1750037708,2023-09-04 05:09:42,212.8,738c0a460acb30ab2ab419f4c0dc93fa9af200d6,1295121,autoland,ContentfulSpeedIndex,True,microsoft ContentfulSpeedIndex opt fission warm webrender,,77,ms,firefox,False,|f|i|s|s|i|o|n| |w|a|r|m| |w|e|b|r|e|n|d|e|r|,,3776889,13,9b3df14599f65e991e2c4a5eaba7ebe76c85b8c3,102210fe594ee9b33d82058545b1ed14f4c8206e,linux1804-64-shippable-qr,microsoft,True,,,,,,,,,,,,,,,,,,,,,,,,,,,,,,,,,,,,,,,,,,,,,,,,,,TN,,,,,,,,,,
,1750079174,2023-09-04 08:06:31,219.2,5378e223b13ecd8d32d6afddc956d8bdca322ef0,1295171,autoland,ContentfulSpeedIndex,True,microsoft ContentfulSpeedIndex opt fission warm webrender,,77,ms,firefox,False,|f|i|s|s|i|o|n| |w|a|r|m| |w|e|b|r|e|n|d|e|r|,,3776889,13,9b3df14599f65e991e2c4a5eaba7ebe76c85b8c3,102210fe594ee9b33d82058545b1ed14f4c8206e,linux1804-64-shippable-qr,microsoft,True,,,,,,,,,,,,,,,,,,,,,,,,,,,,,,,,,,,,,,,,,,,,,,,,,,TN,,,,,,,,,,
,1750201588,2023-09-04 12:17:38,205.3,16cc1aa2701e0b2cf32665cee19dc11308a4760a,1295286,autoland,ContentfulSpeedIndex,True,microsoft ContentfulSpeedIndex opt fission warm webrender,,77,ms,firefox,False,|f|i|s|s|i|o|n| |w|a|r|m| |w|e|b|r|e|n|d|e|r|,,3776889,13,9b3df14599f65e991e2c4a5eaba7ebe76c85b8c3,102210fe594ee9b33d82058545b1ed14f4c8206e,linux1804-64-shippable-qr,microsoft,True,,,,,,,,,,,,,,,,,,,,,,,,,,,,,,,,,,,,,,,,,,,,,,,,,,TN,,,,,,,,,,
,1750328061,2023-09-04 20:09:20,217.7,2c0ab3a7f1f3e1e095a0175f8a6096d10a311a5a,1295407,autoland,ContentfulSpeedIndex,True,microsoft ContentfulSpeedIndex opt fission warm webrender,,77,ms,firefox,False,|f|i|s|s|i|o|n| |w|a|r|m| |w|e|b|r|e|n|d|e|r|,,3776889,13,9b3df14599f65e991e2c4a5eaba7ebe76c85b8c3,102210fe594ee9b33d82058545b1ed14f4c8206e,linux1804-64-shippable-qr,microsoft,True,,,,,,,,,,,,,,,,,,,,,,,,,,,,,,,,,,,,,,,,,,,,,,,,,,TN,,,,,,,,,,
,1750387528,2023-09-05 01:26:26,219.1,530fe27f752d2f1fa88cd1013b419d7c1ca1a2e0,1295456,autoland,ContentfulSpeedIndex,True,microsoft ContentfulSpeedIndex opt fission warm webrender,,77,ms,firefox,False,|f|i|s|s|i|o|n| |w|a|r|m| |w|e|b|r|e|n|d|e|r|,,3776889,13,9b3df14599f65e991e2c4a5eaba7ebe76c85b8c3,102210fe594ee9b33d82058545b1ed14f4c8206e,linux1804-64-shippable-qr,microsoft,True,,,,,,,,,,,,,,,,,,,,,,,,,,,,,,,,,,,,,,,,,,,,,,,,,,TN,,,,,,,,,,
,1750488624,2023-09-05 06:45:05,217.4,55f5393d14f682f76c2d9f9c857c9f0890ee2a7f,1295504,autoland,ContentfulSpeedIndex,True,microsoft ContentfulSpeedIndex opt fission warm webrender,,77,ms,firefox,False,|f|i|s|s|i|o|n| |w|a|r|m| |w|e|b|r|e|n|d|e|r|,,3776889,13,9b3df14599f65e991e2c4a5eaba7ebe76c85b8c3,102210fe594ee9b33d82058545b1ed14f4c8206e,linux1804-64-shippable-qr,microsoft,True,,,,,,,,,,,,,,,,,,,,,,,,,,,,,,,,,,,,,,,,,,,,,,,,,,TN,,,,,,,,,,
,1750588146,2023-09-05 11:29:45,206.8,27708fc6f6648945c105baa6a5c63f9d62f265b5,1295622,autoland,ContentfulSpeedIndex,True,microsoft ContentfulSpeedIndex opt fission warm webrender,,77,ms,firefox,False,|f|i|s|s|i|o|n| |w|a|r|m| |w|e|b|r|e|n|d|e|r|,,3776889,13,9b3df14599f65e991e2c4a5eaba7ebe76c85b8c3,102210fe594ee9b33d82058545b1ed14f4c8206e,linux1804-64-shippable-qr,microsoft,True,,,,,,,,,,,,,,,,,,,,,,,,,,,,,,,,,,,,,,,,,,,,,,,,,,TN,,,,,,,,,,
,1750607990,2023-09-05 11:45:39,234.0,42d664dd03163fb19554f6e18c4163b8622b4401,1295627,autoland,ContentfulSpeedIndex,True,microsoft ContentfulSpeedIndex opt fission warm webrender,,77,ms,firefox,False,|f|i|s|s|i|o|n| |w|a|r|m| |w|e|b|r|e|n|d|e|r|,,3776889,13,9b3df14599f65e991e2c4a5eaba7ebe76c85b8c3,102210fe594ee9b33d82058545b1ed14f4c8206e,linux1804-64-shippable-qr,microsoft,True,,,,,,,,,,,,,,,,,,,,,,,,,,,,,,,,,,,,,,,,,,,,,,,,,,TN,,,,,,,,,,
,1750682324,2023-09-05 15:46:18,216.2,40053facf08c6ea9bc6a6f5ae223a6faa89ebc08,1295770,autoland,ContentfulSpeedIndex,True,microsoft ContentfulSpeedIndex opt fission warm webrender,,77,ms,firefox,False,|f|i|s|s|i|o|n| |w|a|r|m| |w|e|b|r|e|n|d|e|r|,,3776889,13,9b3df14599f65e991e2c4a5eaba7ebe76c85b8c3,102210fe594ee9b33d82058545b1ed14f4c8206e,linux1804-64-shippable-qr,microsoft,True,,,,,,,,,,,,,,,,,,,,,,,,,,,,,,,,,,,,,,,,,,,,,,,,,,TN,,,,,,,,,,
,1750723862,2023-09-05 16:15:45,206.9,08da3ca498f61eb9acb594038c5e764cfb37d735,1295791,autoland,ContentfulSpeedIndex,True,microsoft ContentfulSpeedIndex opt fission warm webrender,,77,ms,firefox,False,|f|i|s|s|i|o|n| |w|a|r|m| |w|e|b|r|e|n|d|e|r|,,3776889,13,9b3df14599f65e991e2c4a5eaba7ebe76c85b8c3,102210fe594ee9b33d82058545b1ed14f4c8206e,linux1804-64-shippable-qr,microsoft,True,,,,,,,,,,,,,,,,,,,,,,,,,,,,,,,,,,,,,,,,,,,,,,,,,,TN,,,,,,,,,,
,1750825198,2023-09-05 19:25:11,205.4,e6278ccb302b74ca329c17e5d00508b795c54eec,1295926,autoland,ContentfulSpeedIndex,True,microsoft ContentfulSpeedIndex opt fission warm webrender,,77,ms,firefox,False,|f|i|s|s|i|o|n| |w|a|r|m| |w|e|b|r|e|n|d|e|r|,,3776889,13,9b3df14599f65e991e2c4a5eaba7ebe76c85b8c3,102210fe594ee9b33d82058545b1ed14f4c8206e,linux1804-64-shippable-qr,microsoft,True,,,,,,,,,,,,,,,,,,,,,,,,,,,,,,,,,,,,,,,,,,,,,,,,,,TN,,,,,,,,,,
,1750958929,2023-09-05 23:38:09,214.5,b34280e9a0872e3b3f0893cd3bd78bf94b421612,1296071,autoland,ContentfulSpeedIndex,True,microsoft ContentfulSpeedIndex opt fission warm webrender,,77,ms,firefox,False,|f|i|s|s|i|o|n| |w|a|r|m| |w|e|b|r|e|n|d|e|r|,,3776889,13,9b3df14599f65e991e2c4a5eaba7ebe76c85b8c3,102210fe594ee9b33d82058545b1ed14f4c8206e,linux1804-64-shippable-qr,microsoft,True,,,,,,,,,,,,,,,,,,,,,,,,,,,,,,,,,,,,,,,,,,,,,,,,,,TN,,,,,,,,,,
,1751008503,2023-09-06 00:54:53,212.2,ff7e2e9adbc1753b1f3e01a3f2eb8a91bb911418,1296116,autoland,ContentfulSpeedIndex,True,microsoft ContentfulSpeedIndex opt fission warm webrender,,77,ms,firefox,False,|f|i|s|s|i|o|n| |w|a|r|m| |w|e|b|r|e|n|d|e|r|,,3776889,13,9b3df14599f65e991e2c4a5eaba7ebe76c85b8c3,102210fe594ee9b33d82058545b1ed14f4c8206e,linux1804-64-shippable-qr,microsoft,True,,,,,,,,,,,,,,,,,,,,,,,,,,,,,,,,,,,,,,,,,,,,,,,,,,TN,,,,,,,,,,
,1751084887,2023-09-06 05:00:41,217.6,5c56b92baa65aa27df61f84718594767ef8f26f4,1296186,autoland,ContentfulSpeedIndex,True,microsoft ContentfulSpeedIndex opt fission warm webrender,,77,ms,firefox,False,|f|i|s|s|i|o|n| |w|a|r|m| |w|e|b|r|e|n|d|e|r|,,3776889,13,9b3df14599f65e991e2c4a5eaba7ebe76c85b8c3,102210fe594ee9b33d82058545b1ed14f4c8206e,linux1804-64-shippable-qr,microsoft,True,,,,,,,,,,,,,,,,,,,,,,,,,,,,,,,,,,,,,,,,,,,,,,,,,,TN,,,,,,,,,,
,1751228487,2023-09-06 10:31:58,213.2,6631a30338d3de03925f76afd071a29511729440,1296288,autoland,ContentfulSpeedIndex,True,microsoft ContentfulSpeedIndex opt fission warm webrender,,77,ms,firefox,False,|f|i|s|s|i|o|n| |w|a|r|m| |w|e|b|r|e|n|d|e|r|,,3776889,13,9b3df14599f65e991e2c4a5eaba7ebe76c85b8c3,102210fe594ee9b33d82058545b1ed14f4c8206e,linux1804-64-shippable-qr,microsoft,True,,,,,,,,,,,,,,,,,,,,,,,,,,,,,,,,,,,,,,,,,,,,,,,,,,TN,,,,,,,,,,
,1751235035,2023-09-06 11:18:29,215.7,e43370e4259f61e0c264dbcef8b45e2862b3c5e8,1296309,autoland,ContentfulSpeedIndex,True,microsoft ContentfulSpeedIndex opt fission warm webrender,,77,ms,firefox,False,|f|i|s|s|i|o|n| |w|a|r|m| |w|e|b|r|e|n|d|e|r|,,3776889,13,9b3df14599f65e991e2c4a5eaba7ebe76c85b8c3,102210fe594ee9b33d82058545b1ed14f4c8206e,linux1804-64-shippable-qr,microsoft,True,,,,,,,,,,,,,,,,,,,,,,,,,,,,,,,,,,,,,,,,,,,,,,,,,,TN,,,,,,,,,,
,1751638275,2023-09-06 12:46:11,216.3,1efdead581242a06398d33ea25040ec415b4051a,1296355,autoland,ContentfulSpeedIndex,True,microsoft ContentfulSpeedIndex opt fission warm webrender,,77,ms,firefox,False,|f|i|s|s|i|o|n| |w|a|r|m| |w|e|b|r|e|n|d|e|r|,,3776889,13,9b3df14599f65e991e2c4a5eaba7ebe76c85b8c3,102210fe594ee9b33d82058545b1ed14f4c8206e,linux1804-64-shippable-qr,microsoft,True,,,,,,,,,,,,,,,,,,,,,,,,,,,,,,,,,,,,,,,,,,,,,,,,,,TN,,,,,,,,,,
,1751655234,2023-09-06 12:47:02,223.1,90f7ca5b0ec6598e9a3298d82a4a34df06986322,1296356,autoland,ContentfulSpeedIndex,True,microsoft ContentfulSpeedIndex opt fission warm webrender,,77,ms,firefox,False,|f|i|s|s|i|o|n| |w|a|r|m| |w|e|b|r|e|n|d|e|r|,,3776889,13,9b3df14599f65e991e2c4a5eaba7ebe76c85b8c3,102210fe594ee9b33d82058545b1ed14f4c8206e,linux1804-64-shippable-qr,microsoft,True,,,,,,,,,,,,,,,,,,,,,,,,,,,,,,,,,,,,,,,,,,,,,,,,,,TN,,,,,,,,,,
,1751321722,2023-09-06 14:28:21,214.2,0315c2d875ca2a95bbb65ef4a1f7b75f72ed7263,1296418,autoland,ContentfulSpeedIndex,True,microsoft ContentfulSpeedIndex opt fission warm webrender,,77,ms,firefox,False,|f|i|s|s|i|o|n| |w|a|r|m| |w|e|b|r|e|n|d|e|r|,,3776889,13,9b3df14599f65e991e2c4a5eaba7ebe76c85b8c3,102210fe594ee9b33d82058545b1ed14f4c8206e,linux1804-64-shippable-qr,microsoft,True,,,,,,,,,,,,,,,,,,,,,,,,,,,,,,,,,,,,,,,,,,,,,,,,,,TN,,,,,,,,,,
,1751647330,2023-09-06 16:46:52,213.2,0489416a8aec949f888e29303c9bbe21ed1f99e7,1296506,autoland,ContentfulSpeedIndex,True,microsoft ContentfulSpeedIndex opt fission warm webrender,,77,ms,firefox,False,|f|i|s|s|i|o|n| |w|a|r|m| |w|e|b|r|e|n|d|e|r|,,3776889,13,9b3df14599f65e991e2c4a5eaba7ebe76c85b8c3,102210fe594ee9b33d82058545b1ed14f4c8206e,linux1804-64-shippable-qr,microsoft,True,,,,,,,,,,,,,,,,,,,,,,,,,,,,,,,,,,,,,,,,,,,,,,,,,,TN,,,,,,,,,,
,1751604237,2023-09-06 16:49:32,205.5,e7a99f508f56aad179face2013609fc9498d0c8f,1296508,autoland,ContentfulSpeedIndex,True,microsoft ContentfulSpeedIndex opt fission warm webrender,,77,ms,firefox,False,|f|i|s|s|i|o|n| |w|a|r|m| |w|e|b|r|e|n|d|e|r|,,3776889,13,9b3df14599f65e991e2c4a5eaba7ebe76c85b8c3,102210fe594ee9b33d82058545b1ed14f4c8206e,linux1804-64-shippable-qr,microsoft,True,,,,,,,,,,,,,,,,,,,,,,,,,,,,,,,,,,,,,,,,,,,,,,,,,,TN,,,,,,,,,,
,1751385442,2023-09-06 18:00:42,209.8,340378041fcfd986f6c0edb18a81efbc36f930c1,1296561,autoland,ContentfulSpeedIndex,True,microsoft ContentfulSpeedIndex opt fission warm webrender,,77,ms,firefox,False,|f|i|s|s|i|o|n| |w|a|r|m| |w|e|b|r|e|n|d|e|r|,,3776889,13,9b3df14599f65e991e2c4a5eaba7ebe76c85b8c3,102210fe594ee9b33d82058545b1ed14f4c8206e,linux1804-64-shippable-qr,microsoft,True,,,,,,,,,,,,,,,,,,,,,,,,,,,,,,,,,,,,,,,,,,,,,,,,,,TN,,,,,,,,,,
,1751476740,2023-09-06 21:18:27,211.6,6e5768f3fc480965c2b67e5006ad8351d30a27b2,1296699,autoland,ContentfulSpeedIndex,True,microsoft ContentfulSpeedIndex opt fission warm webrender,,77,ms,firefox,False,|f|i|s|s|i|o|n| |w|a|r|m| |w|e|b|r|e|n|d|e|r|,,3776889,13,9b3df14599f65e991e2c4a5eaba7ebe76c85b8c3,102210fe594ee9b33d82058545b1ed14f4c8206e,linux1804-64-shippable-qr,microsoft,True,,,,,,,,,,,,,,,,,,,,,,,,,,,,,,,,,,,,,,,,,,,,,,,,,,TN,,,,,,,,,,
,1751592923,2023-09-07 02:02:33,208.4,172ac46f5fd5a20a001b2cbed27df0ffb44ef6a6,1296842,autoland,ContentfulSpeedIndex,True,microsoft ContentfulSpeedIndex opt fission warm webrender,,77,ms,firefox,False,|f|i|s|s|i|o|n| |w|a|r|m| |w|e|b|r|e|n|d|e|r|,,3776889,13,9b3df14599f65e991e2c4a5eaba7ebe76c85b8c3,102210fe594ee9b33d82058545b1ed14f4c8206e,linux1804-64-shippable-qr,microsoft,True,,,,,,,,,,,,,,,,,,,,,,,,,,,,,,,,,,,,,,,,,,,,,,,,,,TN,,,,,,,,,,
,1751664350,2023-09-07 05:47:53,221.9,c8b40099127c273a58ba6defbe045c55752f0f64,1296880,autoland,ContentfulSpeedIndex,True,microsoft ContentfulSpeedIndex opt fission warm webrender,,77,ms,firefox,False,|f|i|s|s|i|o|n| |w|a|r|m| |w|e|b|r|e|n|d|e|r|,,3776889,13,9b3df14599f65e991e2c4a5eaba7ebe76c85b8c3,102210fe594ee9b33d82058545b1ed14f4c8206e,linux1804-64-shippable-qr,microsoft,True,,,,,,,,,,,,,,,,,,,,,,,,,,,,,,,,,,,,,,,,,,,,,,,,,,TN,,,,,,,,,,
,1751777262,2023-09-07 10:02:59,209.8,72c09a220d986d7af3fa78b07b9b87cd943f9ab5,1296967,autoland,ContentfulSpeedIndex,True,microsoft ContentfulSpeedIndex opt fission warm webrender,,77,ms,firefox,False,|f|i|s|s|i|o|n| |w|a|r|m| |w|e|b|r|e|n|d|e|r|,,3776889,13,9b3df14599f65e991e2c4a5eaba7ebe76c85b8c3,102210fe594ee9b33d82058545b1ed14f4c8206e,linux1804-64-shippable-qr,microsoft,True,,,,,,,,,,,,,,,,,,,,,,,,,,,,,,,,,,,,,,,,,,,,,,,,,,TN,,,,,,,,,,
,1751831493,2023-09-07 12:32:17,215.5,31aee1c71573016a4a40410e1c41adad2304c430,1297037,autoland,ContentfulSpeedIndex,True,microsoft ContentfulSpeedIndex opt fission warm webrender,,77,ms,firefox,False,|f|i|s|s|i|o|n| |w|a|r|m| |w|e|b|r|e|n|d|e|r|,,3776889,13,9b3df14599f65e991e2c4a5eaba7ebe76c85b8c3,102210fe594ee9b33d82058545b1ed14f4c8206e,linux1804-64-shippable-qr,microsoft,True,,,,,,,,,,,,,,,,,,,,,,,,,,,,,,,,,,,,,,,,,,,,,,,,,,TN,,,,,,,,,,
,1751912707,2023-09-07 16:05:38,215.4,be838735b3cf99411aaa287377f080810144f92d,1297179,autoland,ContentfulSpeedIndex,True,microsoft ContentfulSpeedIndex opt fission warm webrender,,77,ms,firefox,False,|f|i|s|s|i|o|n| |w|a|r|m| |w|e|b|r|e|n|d|e|r|,,3776889,13,9b3df14599f65e991e2c4a5eaba7ebe76c85b8c3,102210fe594ee9b33d82058545b1ed14f4c8206e,linux1804-64-shippable-qr,microsoft,True,,,,,,,,,,,,,,,,,,,,,,,,,,,,,,,,,,,,,,,,,,,,,,,,,,TN,,,,,,,,,,
,1752317187,2023-09-07 16:07:31,209.9,ab58e27cf5b6fa10352b2aab7515d67826afc2b7,1297180,autoland,ContentfulSpeedIndex,True,microsoft ContentfulSpeedIndex opt fission warm webrender,,77,ms,firefox,False,|f|i|s|s|i|o|n| |w|a|r|m| |w|e|b|r|e|n|d|e|r|,,3776889,13,9b3df14599f65e991e2c4a5eaba7ebe76c85b8c3,102210fe594ee9b33d82058545b1ed14f4c8206e,linux1804-64-shippable-qr,microsoft,True,,,,,,,,,,,,,,,,,,,,,,,,,,,,,,,,,,,,,,,,,,,,,,,,,,TN,,,,,,,,,,
,1752320534,2023-09-07 16:19:54,206.4,83e2fb4331f8fa061470e0f9823cdcdb78eb8a56,1297187,autoland,ContentfulSpeedIndex,True,microsoft ContentfulSpeedIndex opt fission warm webrender,,77,ms,firefox,False,|f|i|s|s|i|o|n| |w|a|r|m| |w|e|b|r|e|n|d|e|r|,,3776889,13,9b3df14599f65e991e2c4a5eaba7ebe76c85b8c3,102210fe594ee9b33d82058545b1ed14f4c8206e,linux1804-64-shippable-qr,microsoft,True,,,,,,,,,,,,,,,,,,,,,,,,,,,,,,,,,,,,,,,,,,,,,,,,,,TN,,,,,,,,,,
,1752089123,2023-09-07 18:57:03,215.5,25b4a7559a80b3970d88de68b2ac92420ca025c8,1297304,autoland,ContentfulSpeedIndex,True,microsoft ContentfulSpeedIndex opt fission warm webrender,,77,ms,firefox,False,|f|i|s|s|i|o|n| |w|a|r|m| |w|e|b|r|e|n|d|e|r|,,3776889,13,9b3df14599f65e991e2c4a5eaba7ebe76c85b8c3,102210fe594ee9b33d82058545b1ed14f4c8206e,linux1804-64-shippable-qr,microsoft,True,,,,,,,,,,,,,,,,,,,,,,,,,,,,,,,,,,,,,,,,,,,,,,,,,,TN,,,,,,,,,,
,1752184203,2023-09-07 23:16:45,211.5,6fb5507c20420498c1ebe5f2b6df35394d980f1c,1297446,autoland,ContentfulSpeedIndex,True,microsoft ContentfulSpeedIndex opt fission warm webrender,,77,ms,firefox,False,|f|i|s|s|i|o|n| |w|a|r|m| |w|e|b|r|e|n|d|e|r|,,3776889,13,9b3df14599f65e991e2c4a5eaba7ebe76c85b8c3,102210fe594ee9b33d82058545b1ed14f4c8206e,linux1804-64-shippable-qr,microsoft,True,,,,,,,,,,,,,,,,,,,,,,,,,,,,,,,,,,,,,,,,,,,,,,,,,,TN,,,,,,,,,,
,1752218744,2023-09-07 23:39:19,211.5,3096b15a785accc50f5e96ad64eed31ebd5ae045,1297453,autoland,ContentfulSpeedIndex,True,microsoft ContentfulSpeedIndex opt fission warm webrender,,77,ms,firefox,False,|f|i|s|s|i|o|n| |w|a|r|m| |w|e|b|r|e|n|d|e|r|,,3776889,13,9b3df14599f65e991e2c4a5eaba7ebe76c85b8c3,102210fe594ee9b33d82058545b1ed14f4c8206e,linux1804-64-shippable-qr,microsoft,True,,,,,,,,,,,,,,,,,,,,,,,,,,,,,,,,,,,,,,,,,,,,,,,,,,TN,,,,,,,,,,
,1752294375,2023-09-08 04:28:36,211.0,9cf29328d69c6278a4d9e184fcf79d33542cb600,1297535,autoland,ContentfulSpeedIndex,True,microsoft ContentfulSpeedIndex opt fission warm webrender,,77,ms,firefox,False,|f|i|s|s|i|o|n| |w|a|r|m| |w|e|b|r|e|n|d|e|r|,,3776889,13,9b3df14599f65e991e2c4a5eaba7ebe76c85b8c3,102210fe594ee9b33d82058545b1ed14f4c8206e,linux1804-64-shippable-qr,microsoft,True,,,,,,,,,,,,,,,,,,,,,,,,,,,,,,,,,,,,,,,,,,,,,,,,,,TN,,,,,,,,,,
,1752373293,2023-09-08 08:33:18,214.1,850826d930dbbaab76c864c8e0c815e741d335ec,1297602,autoland,ContentfulSpeedIndex,True,microsoft ContentfulSpeedIndex opt fission warm webrender,,77,ms,firefox,False,|f|i|s|s|i|o|n| |w|a|r|m| |w|e|b|r|e|n|d|e|r|,,3776889,13,9b3df14599f65e991e2c4a5eaba7ebe76c85b8c3,102210fe594ee9b33d82058545b1ed14f4c8206e,linux1804-64-shippable-qr,microsoft,True,,,,,,,,,,,,,,,,,,,,,,,,,,,,,,,,,,,,,,,,,,,,,,,,,,TN,,,,,,,,,,
,1752409644,2023-09-08 09:52:44,212.2,274b1d437629e97813d0b7fe7e8b4912cf84cf32,1297644,autoland,ContentfulSpeedIndex,True,microsoft ContentfulSpeedIndex opt fission warm webrender,,77,ms,firefox,False,|f|i|s|s|i|o|n| |w|a|r|m| |w|e|b|r|e|n|d|e|r|,,3776889,13,9b3df14599f65e991e2c4a5eaba7ebe76c85b8c3,102210fe594ee9b33d82058545b1ed14f4c8206e,linux1804-64-shippable-qr,microsoft,True,,,,,,,,,,,,,,,,,,,,,,,,,,,,,,,,,,,,,,,,,,,,,,,,,,TN,,,,,,,,,,
,1752569791,2023-09-08 14:14:09,209.7,822367e291b07b889b553a6beaa660fd1d4bf101,1297788,autoland,ContentfulSpeedIndex,True,microsoft ContentfulSpeedIndex opt fission warm webrender,,77,ms,firefox,False,|f|i|s|s|i|o|n| |w|a|r|m| |w|e|b|r|e|n|d|e|r|,,3776889,13,9b3df14599f65e991e2c4a5eaba7ebe76c85b8c3,102210fe594ee9b33d82058545b1ed14f4c8206e,linux1804-64-shippable-qr,microsoft,True,,,,,,,,,,,,,,,,,,,,,,,,,,,,,,,,,,,,,,,,,,,,,,,,,,TN,,,,,,,,,,
,1752598706,2023-09-08 14:59:47,220.0,bde2db6f12ce1100b2bbb4b10916f7be1cf90f3a,1297817,autoland,ContentfulSpeedIndex,True,microsoft ContentfulSpeedIndex opt fission warm webrender,,77,ms,firefox,False,|f|i|s|s|i|o|n| |w|a|r|m| |w|e|b|r|e|n|d|e|r|,,3776889,13,9b3df14599f65e991e2c4a5eaba7ebe76c85b8c3,102210fe594ee9b33d82058545b1ed14f4c8206e,linux1804-64-shippable-qr,microsoft,True,,,,,,,,,,,,,,,,,,,,,,,,,,,,,,,,,,,,,,,,,,,,,,,,,,TN,,,,,,,,,,
,1752707289,2023-09-08 18:04:40,230.8,27b2bca6565fd4a7d724617dc2a06ad4433d5e7d,1297929,autoland,ContentfulSpeedIndex,True,microsoft ContentfulSpeedIndex opt fission warm webrender,,77,ms,firefox,False,|f|i|s|s|i|o|n| |w|a|r|m| |w|e|b|r|e|n|d|e|r|,,3776889,13,9b3df14599f65e991e2c4a5eaba7ebe76c85b8c3,102210fe594ee9b33d82058545b1ed14f4c8206e,linux1804-64-shippable-qr,microsoft,True,,,,,,,,,,,,,,,,,,,,,,,,,,,,,,,,,,,,,,,,,,,,,,,,,,TN,,,,,,,,,,
,1752845617,2023-09-08 22:44:42,212.8,caabab6fd2b88b34f1344af40c555fed0a039949,1298112,autoland,ContentfulSpeedIndex,True,microsoft ContentfulSpeedIndex opt fission warm webrender,,77,ms,firefox,False,|f|i|s|s|i|o|n| |w|a|r|m| |w|e|b|r|e|n|d|e|r|,,3776889,13,9b3df14599f65e991e2c4a5eaba7ebe76c85b8c3,102210fe594ee9b33d82058545b1ed14f4c8206e,linux1804-64-shippable-qr,microsoft,True,,,,,,,,,,,,,,,,,,,,,,,,,,,,,,,,,,,,,,,,,,,,,,,,,,TN,,,,,,,,,,
,1752915996,2023-09-09 01:11:00,207.5,266305ba8989b3072ea042b1a3130ddfb89960e1,1298167,autoland,ContentfulSpeedIndex,True,microsoft ContentfulSpeedIndex opt fission warm webrender,,77,ms,firefox,False,|f|i|s|s|i|o|n| |w|a|r|m| |w|e|b|r|e|n|d|e|r|,,3776889,13,9b3df14599f65e991e2c4a5eaba7ebe76c85b8c3,102210fe594ee9b33d82058545b1ed14f4c8206e,linux1804-64-shippable-qr,microsoft,True,,,,,,,,,,,,,,,,,,,,,,,,,,,,,,,,,,,,,,,,,,,,,,,,,,TN,,,,,,,,,,
,1752969681,2023-09-09 05:59:08,211.2,02f7c436b43f486a8aec92c449f2df1fedf9226a,1298196,autoland,ContentfulSpeedIndex,True,microsoft ContentfulSpeedIndex opt fission warm webrender,,77,ms,firefox,False,|f|i|s|s|i|o|n| |w|a|r|m| |w|e|b|r|e|n|d|e|r|,,3776889,13,9b3df14599f65e991e2c4a5eaba7ebe76c85b8c3,102210fe594ee9b33d82058545b1ed14f4c8206e,linux1804-64-shippable-qr,microsoft,True,,,,,,,,,,,,,,,,,,,,,,,,,,,,,,,,,,,,,,,,,,,,,,,,,,TN,,,,,,,,,,
,1753045703,2023-09-09 12:58:29,209.6,52b4a28cd9d7623a471a02cb994a2aebbd5d7403,1298223,autoland,ContentfulSpeedIndex,True,microsoft ContentfulSpeedIndex opt fission warm webrender,,77,ms,firefox,False,|f|i|s|s|i|o|n| |w|a|r|m| |w|e|b|r|e|n|d|e|r|,,3776889,13,9b3df14599f65e991e2c4a5eaba7ebe76c85b8c3,102210fe594ee9b33d82058545b1ed14f4c8206e,linux1804-64-shippable-qr,microsoft,True,,,,,,,,,,,,,,,,,,,,,,,,,,,,,,,,,,,,,,,,,,,,,,,,,,TN,,,,,,,,,,
,1753204103,2023-09-09 23:18:35,207.0,df18c9cb1487f09a89e27eabbd0819691c70701b,1298263,autoland,ContentfulSpeedIndex,True,microsoft ContentfulSpeedIndex opt fission warm webrender,,77,ms,firefox,False,|f|i|s|s|i|o|n| |w|a|r|m| |w|e|b|r|e|n|d|e|r|,,3776889,13,9b3df14599f65e991e2c4a5eaba7ebe76c85b8c3,102210fe594ee9b33d82058545b1ed14f4c8206e,linux1804-64-shippable-qr,microsoft,True,,,,,,,,,,,,,,,,,,,,,,,,,,,,,,,,,,,,,,,,,,,,,,,,,,TN,,,,,,,,,,
,1753256346,2023-09-10 03:51:10,220.1,7faa89970aed2f2e16f538aba1a7465bb6a5ea20,1298271,autoland,ContentfulSpeedIndex,True,microsoft ContentfulSpeedIndex opt fission warm webrender,,77,ms,firefox,False,|f|i|s|s|i|o|n| |w|a|r|m| |w|e|b|r|e|n|d|e|r|,,3776889,13,9b3df14599f65e991e2c4a5eaba7ebe76c85b8c3,102210fe594ee9b33d82058545b1ed14f4c8206e,linux1804-64-shippable-qr,microsoft,True,,,,,,,,,,,,,,,,,,,,,,,,,,,,,,,,,,,,,,,,,,,,,,,,,,TN,,,,,,,,,,
,1753429283,2023-09-10 10:15:01,211.6,2e1c2dd8ef65a6914ebc4e0bc0a0a274c31e29bc,1298293,autoland,ContentfulSpeedIndex,True,microsoft ContentfulSpeedIndex opt fission warm webrender,,77,ms,firefox,False,|f|i|s|s|i|o|n| |w|a|r|m| |w|e|b|r|e|n|d|e|r|,,3776889,13,9b3df14599f65e991e2c4a5eaba7ebe76c85b8c3,102210fe594ee9b33d82058545b1ed14f4c8206e,linux1804-64-shippable-qr,microsoft,True,,,,,,,,,,,,,,,,,,,,,,,,,,,,,,,,,,,,,,,,,,,,,,,,,,TN,,,,,,,,,,
,1753499409,2023-09-10 12:24:34,213.6,640ad6a53cf88f878095f49f98b720a99c2762bd,1298303,autoland,ContentfulSpeedIndex,True,microsoft ContentfulSpeedIndex opt fission warm webrender,,77,ms,firefox,False,|f|i|s|s|i|o|n| |w|a|r|m| |w|e|b|r|e|n|d|e|r|,,3776889,13,9b3df14599f65e991e2c4a5eaba7ebe76c85b8c3,102210fe594ee9b33d82058545b1ed14f4c8206e,linux1804-64-shippable-qr,microsoft,True,,,,,,,,,,,,,,,,,,,,,,,,,,,,,,,,,,,,,,,,,,,,,,,,,,TN,,,,,,,,,,
,1753610236,2023-09-10 16:24:53,208.3,e91d172728590586e38bc431f3dc779479e365d5,1298313,autoland,ContentfulSpeedIndex,True,microsoft ContentfulSpeedIndex opt fission warm webrender,,77,ms,firefox,False,|f|i|s|s|i|o|n| |w|a|r|m| |w|e|b|r|e|n|d|e|r|,,3776889,13,9b3df14599f65e991e2c4a5eaba7ebe76c85b8c3,102210fe594ee9b33d82058545b1ed14f4c8206e,linux1804-64-shippable-qr,microsoft,True,,,,,,,,,,,,,,,,,,,,,,,,,,,,,,,,,,,,,,,,,,,,,,,,,,TN,,,,,,,,,,
,1753731902,2023-09-10 22:24:39,213.1,fff502a8f26bdfc51eada3cf32107848bff64a76,1298356,autoland,ContentfulSpeedIndex,True,microsoft ContentfulSpeedIndex opt fission warm webrender,,77,ms,firefox,False,|f|i|s|s|i|o|n| |w|a|r|m| |w|e|b|r|e|n|d|e|r|,,3776889,13,9b3df14599f65e991e2c4a5eaba7ebe76c85b8c3,102210fe594ee9b33d82058545b1ed14f4c8206e,linux1804-64-shippable-qr,microsoft,True,,,,,,,,,,,,,,,,,,,,,,,,,,,,,,,,,,,,,,,,,,,,,,,,,,TN,,,,,,,,,,
,1753841803,2023-09-11 04:00:08,214.3,5f5a3f190fdfa0947a671467171ab2b3cee62c38,1298396,autoland,ContentfulSpeedIndex,True,microsoft ContentfulSpeedIndex opt fission warm webrender,,77,ms,firefox,False,|f|i|s|s|i|o|n| |w|a|r|m| |w|e|b|r|e|n|d|e|r|,,3776889,13,9b3df14599f65e991e2c4a5eaba7ebe76c85b8c3,102210fe594ee9b33d82058545b1ed14f4c8206e,linux1804-64-shippable-qr,microsoft,True,,,,,,,,,,,,,,,,,,,,,,,,,,,,,,,,,,,,,,,,,,,,,,,,,,TN,,,,,,,,,,
,1753895899,2023-09-11 08:01:16,185.0,35ae39561912dad340dac47c7c1dc3af6ead952b,1298437,autoland,ContentfulSpeedIndex,True,microsoft ContentfulSpeedIndex opt fission warm webrender,,77,ms,firefox,False,|f|i|s|s|i|o|n| |w|a|r|m| |w|e|b|r|e|n|d|e|r|,,3776889,13,9b3df14599f65e991e2c4a5eaba7ebe76c85b8c3,102210fe594ee9b33d82058545b1ed14f4c8206e,linux1804-64-shippable-qr,microsoft,True,,,,,,,,,,,,,,,,,,,,,,,,,,,,,,,,,,,,,,,,,,,,,,,,,,TN,,,,,,,,,,
,1753968466,2023-09-11 10:09:23,211.3,16a377bb7b5f9713ac6a5fae21ce043c7de7cd67,1298486,autoland,ContentfulSpeedIndex,True,microsoft ContentfulSpeedIndex opt fission warm webrender,,77,ms,firefox,False,|f|i|s|s|i|o|n| |w|a|r|m| |w|e|b|r|e|n|d|e|r|,,3776889,13,9b3df14599f65e991e2c4a5eaba7ebe76c85b8c3,102210fe594ee9b33d82058545b1ed14f4c8206e,linux1804-64-shippable-qr,microsoft,True,,,,,,,,,,,,,,,,,,,,,,,,,,,,,,,,,,,,,,,,,,,,,,,,,,TN,,,,,,,,,,
,1754077669,2023-09-11 13:54:23,206.7,2ea4fd5d517a2b5edf081c9e2ccd8c014f6dc171,1298638,autoland,ContentfulSpeedIndex,True,microsoft ContentfulSpeedIndex opt fission warm webrender,,77,ms,firefox,False,|f|i|s|s|i|o|n| |w|a|r|m| |w|e|b|r|e|n|d|e|r|,,3776889,13,9b3df14599f65e991e2c4a5eaba7ebe76c85b8c3,102210fe594ee9b33d82058545b1ed14f4c8206e,linux1804-64-shippable-qr,microsoft,True,,,,,,,,,,,,,,,,,,,,,,,,,,,,,,,,,,,,,,,,,,,,,,,,,,TN,,,,,,,,,,
,1754265064,2023-09-11 17:41:44,205.6,f28ec98bf27ffbc0952af3f4ff0ffec4218a6554,1298761,autoland,ContentfulSpeedIndex,True,microsoft ContentfulSpeedIndex opt fission warm webrender,,77,ms,firefox,False,|f|i|s|s|i|o|n| |w|a|r|m| |w|e|b|r|e|n|d|e|r|,,3776889,13,9b3df14599f65e991e2c4a5eaba7ebe76c85b8c3,102210fe594ee9b33d82058545b1ed14f4c8206e,linux1804-64-shippable-qr,microsoft,True,,,,,,,,,,,,,,,,,,,,,,,,,,,,,,,,,,,,,,,,,,,,,,,,,,TN,,,,,,,,,,
,1754372415,2023-09-11 21:44:17,208.1,4a10a12f6006582e936c81baefda439d8f078729,1298874,autoland,ContentfulSpeedIndex,True,microsoft ContentfulSpeedIndex opt fission warm webrender,,77,ms,firefox,False,|f|i|s|s|i|o|n| |w|a|r|m| |w|e|b|r|e|n|d|e|r|,,3776889,13,9b3df14599f65e991e2c4a5eaba7ebe76c85b8c3,102210fe594ee9b33d82058545b1ed14f4c8206e,linux1804-64-shippable-qr,microsoft,True,,,,,,,,,,,,,,,,,,,,,,,,,,,,,,,,,,,,,,,,,,,,,,,,,,TN,,,,,,,,,,
,1754393630,2023-09-11 22:07:56,208.4,12882fe96164b756c60fff4549300977b85af06f,1298881,autoland,ContentfulSpeedIndex,True,microsoft ContentfulSpeedIndex opt fission warm webrender,,77,ms,firefox,False,|f|i|s|s|i|o|n| |w|a|r|m| |w|e|b|r|e|n|d|e|r|,,3776889,13,9b3df14599f65e991e2c4a5eaba7ebe76c85b8c3,102210fe594ee9b33d82058545b1ed14f4c8206e,linux1804-64-shippable-qr,microsoft,True,,,,,,,,,,,,,,,,,,,,,,,,,,,,,,,,,,,,,,,,,,,,,,,,,,TN,,,,,,,,,,
,1754539097,2023-09-12 02:35:45,204.0,cdcc536589320caec69ec36416058cd46b8d4178,1298976,autoland,ContentfulSpeedIndex,True,microsoft ContentfulSpeedIndex opt fission warm webrender,,77,ms,firefox,False,|f|i|s|s|i|o|n| |w|a|r|m| |w|e|b|r|e|n|d|e|r|,,3776889,13,9b3df14599f65e991e2c4a5eaba7ebe76c85b8c3,102210fe594ee9b33d82058545b1ed14f4c8206e,linux1804-64-shippable-qr,microsoft,True,,,,,,,,,,,,,,,,,,,,,,,,,,,,,,,,,,,,,,,,,,,,,,,,,,TN,,,,,,,,,,
,1754650006,2023-09-12 07:31:58,209.7,2e2360c55e7b421532f4d12b7a36a0e0f943a1e9,1299027,autoland,ContentfulSpeedIndex,True,microsoft ContentfulSpeedIndex opt fission warm webrender,,77,ms,firefox,False,|f|i|s|s|i|o|n| |w|a|r|m| |w|e|b|r|e|n|d|e|r|,,3776889,13,9b3df14599f65e991e2c4a5eaba7ebe76c85b8c3,102210fe594ee9b33d82058545b1ed14f4c8206e,linux1804-64-shippable-qr,microsoft,True,,,,,,,,,,,,,,,,,,,,,,,,,,,,,,,,,,,,,,,,,,,,,,,,,,TN,,,,,,,,,,
,1754783252,2023-09-12 11:48:24,206.8,4cca882e069d67c3a9a9064ac603b0dca23a5b39,1299122,autoland,ContentfulSpeedIndex,True,microsoft ContentfulSpeedIndex opt fission warm webrender,,77,ms,firefox,False,|f|i|s|s|i|o|n| |w|a|r|m| |w|e|b|r|e|n|d|e|r|,,3776889,13,9b3df14599f65e991e2c4a5eaba7ebe76c85b8c3,102210fe594ee9b33d82058545b1ed14f4c8206e,linux1804-64-shippable-qr,microsoft,True,,,,,,,,,,,,,,,,,,,,,,,,,,,,,,,,,,,,,,,,,,,,,,,,,,TN,,,,,,,,,,
,1755250380,2023-09-12 11:51:18,220.6,291b2b068eff119f82ed59b6c11d63f427f457fa,1299123,autoland,ContentfulSpeedIndex,True,microsoft ContentfulSpeedIndex opt fission warm webrender,,77,ms,firefox,False,|f|i|s|s|i|o|n| |w|a|r|m| |w|e|b|r|e|n|d|e|r|,,3776889,13,9b3df14599f65e991e2c4a5eaba7ebe76c85b8c3,102210fe594ee9b33d82058545b1ed14f4c8206e,linux1804-64-shippable-qr,microsoft,True,,,,,,,,,,,,,,,,,,,,,,,,,,,,,,,,,,,,,,,,,,,,,,,,,,TN,,,,,,,,,,
,1754812985,2023-09-12 12:34:27,212.9,f302f4a5371614cb2d42fbbe4ddfdd068aae146d,1299141,autoland,ContentfulSpeedIndex,True,microsoft ContentfulSpeedIndex opt fission warm webrender,,77,ms,firefox,False,|f|i|s|s|i|o|n| |w|a|r|m| |w|e|b|r|e|n|d|e|r|,,3776889,13,9b3df14599f65e991e2c4a5eaba7ebe76c85b8c3,102210fe594ee9b33d82058545b1ed14f4c8206e,linux1804-64-shippable-qr,microsoft,True,,,,,,,,,,,,,,,,,,,,,,,,,,,,,,,,,,,,,,,,,,,,,,,,,,TN,,,,,,,,,,
,1754947100,2023-09-12 16:35:29,212.7,1b3be6b61583c53c2cb899ffc91c921c022e8162,1299257,autoland,ContentfulSpeedIndex,True,microsoft ContentfulSpeedIndex opt fission warm webrender,,77,ms,firefox,False,|f|i|s|s|i|o|n| |w|a|r|m| |w|e|b|r|e|n|d|e|r|,,3776889,13,9b3df14599f65e991e2c4a5eaba7ebe76c85b8c3,102210fe594ee9b33d82058545b1ed14f4c8206e,linux1804-64-shippable-qr,microsoft,True,,,,,,,,,,,,,,,,,,,,,,,,,,,,,,,,,,,,,,,,,,,,,,,,,,TN,,,,,,,,,,
,1754980456,2023-09-12 17:51:01,209.9,c77f534dc9b99192eca371e3917ffc5b504bd055,1299297,autoland,ContentfulSpeedIndex,True,microsoft ContentfulSpeedIndex opt fission warm webrender,,77,ms,firefox,False,|f|i|s|s|i|o|n| |w|a|r|m| |w|e|b|r|e|n|d|e|r|,,3776889,13,9b3df14599f65e991e2c4a5eaba7ebe76c85b8c3,102210fe594ee9b33d82058545b1ed14f4c8206e,linux1804-64-shippable-qr,microsoft,True,,,,,,,,,,,,,,,,,,,,,,,,,,,,,,,,,,,,,,,,,,,,,,,,,,TN,,,,,,,,,,
,1755152220,2023-09-12 22:44:58,211.7,0339e9d43c22845d7589528bc8a08eee6b2d5c7a,1299446,autoland,ContentfulSpeedIndex,True,microsoft ContentfulSpeedIndex opt fission warm webrender,,77,ms,firefox,False,|f|i|s|s|i|o|n| |w|a|r|m| |w|e|b|r|e|n|d|e|r|,,3776889,13,9b3df14599f65e991e2c4a5eaba7ebe76c85b8c3,102210fe594ee9b33d82058545b1ed14f4c8206e,linux1804-64-shippable-qr,microsoft,True,,,,,,,,,,,,,,,,,,,,,,,,,,,,,,,,,,,,,,,,,,,,,,,,,,TN,,,,,,,,,,
,1755165507,2023-09-12 23:09:22,210.0,d238756ba039d0430074dea8fa1db0c2b75b8184,1299456,autoland,ContentfulSpeedIndex,True,microsoft ContentfulSpeedIndex opt fission warm webrender,,77,ms,firefox,False,|f|i|s|s|i|o|n| |w|a|r|m| |w|e|b|r|e|n|d|e|r|,,3776889,13,9b3df14599f65e991e2c4a5eaba7ebe76c85b8c3,102210fe594ee9b33d82058545b1ed14f4c8206e,linux1804-64-shippable-qr,microsoft,True,,,,,,,,,,,,,,,,,,,,,,,,,,,,,,,,,,,,,,,,,,,,,,,,,,TN,,,,,,,,,,
,1755229834,2023-09-13 03:21:32,213.1,daceab96e9588ecb729cc3648c7980f1d9928ef1,1299496,autoland,ContentfulSpeedIndex,True,microsoft ContentfulSpeedIndex opt fission warm webrender,,77,ms,firefox,False,|f|i|s|s|i|o|n| |w|a|r|m| |w|e|b|r|e|n|d|e|r|,,3776889,13,9b3df14599f65e991e2c4a5eaba7ebe76c85b8c3,102210fe594ee9b33d82058545b1ed14f4c8206e,linux1804-64-shippable-qr,microsoft,True,,,,,,,,,,,,,,,,,,,,,,,,,,,,,,,,,,,,,,,,,,,,,,,,,,TN,,,,,,,,,,
,1755299406,2023-09-13 08:07:28,206.8,00a66a4ea7d34e12302bd63f68a950cbff5a9ffa,1299529,autoland,ContentfulSpeedIndex,True,microsoft ContentfulSpeedIndex opt fission warm webrender,,77,ms,firefox,False,|f|i|s|s|i|o|n| |w|a|r|m| |w|e|b|r|e|n|d|e|r|,,3776889,13,9b3df14599f65e991e2c4a5eaba7ebe76c85b8c3,102210fe594ee9b33d82058545b1ed14f4c8206e,linux1804-64-shippable-qr,microsoft,True,,,,,,,,,,,,,,,,,,,,,,,,,,,,,,,,,,,,,,,,,,,,,,,,,,TN,,,,,,,,,,
,1756065243,2023-09-13 08:35:12,208.8,d495f0f008a3f8e3744708840003854f68717a05,1299543,autoland,ContentfulSpeedIndex,True,microsoft ContentfulSpeedIndex opt fission warm webrender,,77,ms,firefox,False,|f|i|s|s|i|o|n| |w|a|r|m| |w|e|b|r|e|n|d|e|r|,,3776889,13,9b3df14599f65e991e2c4a5eaba7ebe76c85b8c3,102210fe594ee9b33d82058545b1ed14f4c8206e,linux1804-64-shippable-qr,microsoft,True,,,,,,,,,,,,,,,,,,,,,,,,,,,,,,,,,,,,,,,,,,,,,,,,,,TN,,,,,,,,,,
,1756110980,2023-09-13 09:27:08,208.7,553a9965853cc36518deed2d2f9e4141c0e52ead,1299568,autoland,ContentfulSpeedIndex,True,microsoft ContentfulSpeedIndex opt fission warm webrender,,77,ms,firefox,False,|f|i|s|s|i|o|n| |w|a|r|m| |w|e|b|r|e|n|d|e|r|,,3776889,13,9b3df14599f65e991e2c4a5eaba7ebe76c85b8c3,102210fe594ee9b33d82058545b1ed14f4c8206e,linux1804-64-shippable-qr,microsoft,True,,,,,,,,,,,,,,,,,,,,,,,,,,,,,,,,,,,,,,,,,,,,,,,,,,TN,,,,,,,,,,
,1755454718,2023-09-13 11:26:03,204.5,1a4b8c41b3c3efb7f5870fb99730fc6b08a44cc1,1299625,autoland,ContentfulSpeedIndex,True,microsoft ContentfulSpeedIndex opt fission warm webrender,,77,ms,firefox,False,|f|i|s|s|i|o|n| |w|a|r|m| |w|e|b|r|e|n|d|e|r|,,3776889,13,9b3df14599f65e991e2c4a5eaba7ebe76c85b8c3,102210fe594ee9b33d82058545b1ed14f4c8206e,linux1804-64-shippable-qr,microsoft,True,,,,,,,,,,,,,,,,,,,,,,,,,,,,,,,,,,,,,,,,,,,,,,,,,,TN,,,,,,,,,,
,1756168571,2023-09-13 14:30:16,206.8,dc8f31b9bc187dab586c4f70cd2bfc3b0d5d6ae4,1299754,autoland,ContentfulSpeedIndex,True,microsoft ContentfulSpeedIndex opt fission warm webrender,,77,ms,firefox,False,|f|i|s|s|i|o|n| |w|a|r|m| |w|e|b|r|e|n|d|e|r|,,3776889,13,9b3df14599f65e991e2c4a5eaba7ebe76c85b8c3,102210fe594ee9b33d82058545b1ed14f4c8206e,linux1804-64-shippable-qr,microsoft,True,,,,,,,,,,,,,,,,,,,,,,,,,,,,,,,,,,,,,,,,,,,,,,,,,,TN,,,,,,,,,,
,1756148331,2023-09-13 14:34:20,212.9,7ac06c7aba78c22b33f18766dcab08b889a7864c,1299757,autoland,ContentfulSpeedIndex,True,microsoft ContentfulSpeedIndex opt fission warm webrender,,77,ms,firefox,False,|f|i|s|s|i|o|n| |w|a|r|m| |w|e|b|r|e|n|d|e|r|,,3776889,13,9b3df14599f65e991e2c4a5eaba7ebe76c85b8c3,102210fe594ee9b33d82058545b1ed14f4c8206e,linux1804-64-shippable-qr,microsoft,True,,,,,,,,,,,,,,,,,,,,,,,,,,,,,,,,,,,,,,,,,,,,,,,,,,TN,,,,,,,,,,
,1755617152,2023-09-13 15:38:40,210.4,49a7e292daad5c6727d745e6910b8bde5c3f59a6,1299802,autoland,ContentfulSpeedIndex,True,microsoft ContentfulSpeedIndex opt fission warm webrender,,77,ms,firefox,False,|f|i|s|s|i|o|n| |w|a|r|m| |w|e|b|r|e|n|d|e|r|,,3776889,13,9b3df14599f65e991e2c4a5eaba7ebe76c85b8c3,102210fe594ee9b33d82058545b1ed14f4c8206e,linux1804-64-shippable-qr,microsoft,True,,,,,,,,,,,,,,,,,,,,,,,,,,,,,,,,,,,,,,,,,,,,,,,,,,TN,,,,,,,,,,
,1755638479,2023-09-13 16:07:42,213.4,ce9c917d3e22a86f9e2a6fb5d5b68cd6d56fb687,1299823,autoland,ContentfulSpeedIndex,True,microsoft ContentfulSpeedIndex opt fission warm webrender,,77,ms,firefox,False,|f|i|s|s|i|o|n| |w|a|r|m| |w|e|b|r|e|n|d|e|r|,,3776889,13,9b3df14599f65e991e2c4a5eaba7ebe76c85b8c3,102210fe594ee9b33d82058545b1ed14f4c8206e,linux1804-64-shippable-qr,microsoft,True,,,,,,,,,,,,,,,,,,,,,,,,,,,,,,,,,,,,,,,,,,,,,,,,,,TN,,,,,,,,,,
,1755857993,2023-09-13 20:42:18,209.9,ab101a976da356370e4d513e38e73a1fa55b1597,1300022,autoland,ContentfulSpeedIndex,True,microsoft ContentfulSpeedIndex opt fission warm webrender,,77,ms,firefox,False,|f|i|s|s|i|o|n| |w|a|r|m| |w|e|b|r|e|n|d|e|r|,,3776889,13,9b3df14599f65e991e2c4a5eaba7ebe76c85b8c3,102210fe594ee9b33d82058545b1ed14f4c8206e,linux1804-64-shippable-qr,microsoft,True,,,,,,,,,,,,,,,,,,,,,,,,,,,,,,,,,,,,,,,,,,,,,,,,,,TN,,,,,,,,,,
,1756179017,2023-09-13 22:03:21,203.9,fc58fac540690555892621f6baed2284f400b915,1300077,autoland,ContentfulSpeedIndex,True,microsoft ContentfulSpeedIndex opt fission warm webrender,,77,ms,firefox,False,|f|i|s|s|i|o|n| |w|a|r|m| |w|e|b|r|e|n|d|e|r|,,3776889,13,9b3df14599f65e991e2c4a5eaba7ebe76c85b8c3,102210fe594ee9b33d82058545b1ed14f4c8206e,linux1804-64-shippable-qr,microsoft,True,,,,,,,,,,,,,,,,,,,,,,,,,,,,,,,,,,,,,,,,,,,,,,,,,,TN,,,,,,,,,,
,1756158429,2023-09-13 22:40:28,207.9,17e683a390bfaef02374d3553fd9e056c9c15927,1300094,autoland,ContentfulSpeedIndex,True,microsoft ContentfulSpeedIndex opt fission warm webrender,,77,ms,firefox,False,|f|i|s|s|i|o|n| |w|a|r|m| |w|e|b|r|e|n|d|e|r|,,3776889,13,9b3df14599f65e991e2c4a5eaba7ebe76c85b8c3,102210fe594ee9b33d82058545b1ed14f4c8206e,linux1804-64-shippable-qr,microsoft,True,,,,,,,,,,,,,,,,,,,,,,,,,,,,,,,,,,,,,,,,,,,,,,,,,,TN,,,,,,,,,,
,1755935747,2023-09-13 23:14:42,205.3,8f5a11c1eb0b7598d1415f6efa9c360191a423f8,1300119,autoland,ContentfulSpeedIndex,True,microsoft ContentfulSpeedIndex opt fission warm webrender,,77,ms,firefox,False,|f|i|s|s|i|o|n| |w|a|r|m| |w|e|b|r|e|n|d|e|r|,,3776889,13,9b3df14599f65e991e2c4a5eaba7ebe76c85b8c3,102210fe594ee9b33d82058545b1ed14f4c8206e,linux1804-64-shippable-qr,microsoft,True,,,,,,,,,,,,,,,,,,,,,,,,,,,,,,,,,,,,,,,,,,,,,,,,,,TN,,,,,,,,,,
,1756090579,2023-09-14 04:10:41,214.7,c57de172952ed6dfa84943bd2175574e4c87e92b,1300187,autoland,ContentfulSpeedIndex,True,microsoft ContentfulSpeedIndex opt fission warm webrender,,77,ms,firefox,False,|f|i|s|s|i|o|n| |w|a|r|m| |w|e|b|r|e|n|d|e|r|,,3776889,13,9b3df14599f65e991e2c4a5eaba7ebe76c85b8c3,102210fe594ee9b33d82058545b1ed14f4c8206e,linux1804-64-shippable-qr,microsoft,True,,,,,,,,,,,,,,,,,,,,,,,,,,,,,,,,,,,,,,,,,,,,,,,,,,TN,,,,,,,,,,
,1756310618,2023-09-14 09:30:23,216.9,69c7e9b937f817f1bee50511a690a35aa3b49793,1300302,autoland,ContentfulSpeedIndex,True,microsoft ContentfulSpeedIndex opt fission warm webrender,,77,ms,firefox,False,|f|i|s|s|i|o|n| |w|a|r|m| |w|e|b|r|e|n|d|e|r|,,3776889,13,9b3df14599f65e991e2c4a5eaba7ebe76c85b8c3,102210fe594ee9b33d82058545b1ed14f4c8206e,linux1804-64-shippable-qr,microsoft,True,,,,,,,,,,,,,,,,,,,,,,,,,,,,,,,,,,,,,,,,,,,,,,,,,,TN,,,,,,,,,,
,1756362595,2023-09-14 11:38:04,212.6,76116e6c2476f694d9cd5db9c69d9065e3b2cbbd,1300382,autoland,ContentfulSpeedIndex,True,microsoft ContentfulSpeedIndex opt fission warm webrender,,77,ms,firefox,False,|f|i|s|s|i|o|n| |w|a|r|m| |w|e|b|r|e|n|d|e|r|,,3776889,13,9b3df14599f65e991e2c4a5eaba7ebe76c85b8c3,102210fe594ee9b33d82058545b1ed14f4c8206e,linux1804-64-shippable-qr,microsoft,True,,,,,,,,,,,,,,,,,,,,,,,,,,,,,,,,,,,,,,,,,,,,,,,,,,TN,,,,,,,,,,
,1756542797,2023-09-14 15:44:34,211.4,3b93c8502571e31ff0926a4911fae422c3c2118c,1300523,autoland,ContentfulSpeedIndex,True,microsoft ContentfulSpeedIndex opt fission warm webrender,,77,ms,firefox,False,|f|i|s|s|i|o|n| |w|a|r|m| |w|e|b|r|e|n|d|e|r|,,3776889,13,9b3df14599f65e991e2c4a5eaba7ebe76c85b8c3,102210fe594ee9b33d82058545b1ed14f4c8206e,linux1804-64-shippable-qr,microsoft,True,,,,,,,,,,,,,,,,,,,,,,,,,,,,,,,,,,,,,,,,,,,,,,,,,,TN,,,,,,,,,,
,1756591879,2023-09-14 16:38:11,212.9,98de7bc404c3786a5459a205dea174bdf39d3dbf,1300546,autoland,ContentfulSpeedIndex,True,microsoft ContentfulSpeedIndex opt fission warm webrender,,77,ms,firefox,False,|f|i|s|s|i|o|n| |w|a|r|m| |w|e|b|r|e|n|d|e|r|,,3776889,13,9b3df14599f65e991e2c4a5eaba7ebe76c85b8c3,102210fe594ee9b33d82058545b1ed14f4c8206e,linux1804-64-shippable-qr,microsoft,True,,,,,,,,,,,,,,,,,,,,,,,,,,,,,,,,,,,,,,,,,,,,,,,,,,TN,,,,,,,,,,
,1756659303,2023-09-14 20:51:49,215.9,ecc245e6c1644825a53e0e4085347043a793a40f,1300732,autoland,ContentfulSpeedIndex,True,microsoft ContentfulSpeedIndex opt fission warm webrender,,77,ms,firefox,False,|f|i|s|s|i|o|n| |w|a|r|m| |w|e|b|r|e|n|d|e|r|,,3776889,13,9b3df14599f65e991e2c4a5eaba7ebe76c85b8c3,102210fe594ee9b33d82058545b1ed14f4c8206e,linux1804-64-shippable-qr,microsoft,True,,,,,,,,,,,,,,,,,,,,,,,,,,,,,,,,,,,,,,,,,,,,,,,,,,TN,,,,,,,,,,
,1757531513,2023-09-15 00:25:19,212.7,7bf127e6049ad217b3567e11ce2c53369aa3e9fb,1300840,autoland,ContentfulSpeedIndex,True,microsoft ContentfulSpeedIndex opt fission warm webrender,,77,ms,firefox,False,|f|i|s|s|i|o|n| |w|a|r|m| |w|e|b|r|e|n|d|e|r|,,3776889,13,9b3df14599f65e991e2c4a5eaba7ebe76c85b8c3,102210fe594ee9b33d82058545b1ed14f4c8206e,linux1804-64-shippable-qr,microsoft,True,,,,,,,,,,,,,,,,,,,,,,,,,,,,,,,,,,,,,,,,,,,,,,,,,,TN,,,,,,,,,,
,1756801656,2023-09-15 00:53:43,185.1,cfbd0bd9bc623276a862481e44bd71e1d57e2eac,1300850,autoland,ContentfulSpeedIndex,True,microsoft ContentfulSpeedIndex opt fission warm webrender,,77,ms,firefox,False,|f|i|s|s|i|o|n| |w|a|r|m| |w|e|b|r|e|n|d|e|r|,,3776889,13,9b3df14599f65e991e2c4a5eaba7ebe76c85b8c3,102210fe594ee9b33d82058545b1ed14f4c8206e,linux1804-64-shippable-qr,microsoft,True,,,,,,,,,,,,,,,,,,,,,,,,,,,,,,,,,,,,,,,,,,,,,,,,,,TN,,,,,,,,,,
,1756926827,2023-09-15 06:04:49,208.5,8f99acff4cbc8f25f158dc6ff079042f02768f05,1300927,autoland,ContentfulSpeedIndex,True,microsoft ContentfulSpeedIndex opt fission warm webrender,,77,ms,firefox,False,|f|i|s|s|i|o|n| |w|a|r|m| |w|e|b|r|e|n|d|e|r|,,3776889,13,9b3df14599f65e991e2c4a5eaba7ebe76c85b8c3,102210fe594ee9b33d82058545b1ed14f4c8206e,linux1804-64-shippable-qr,microsoft,True,,,,,,,,,,,,,,,,,,,,,,,,,,,,,,,,,,,,,,,,,,,,,,,,,,TN,,,,,,,,,,
,1756947430,2023-09-15 06:59:31,214.4,0a032c6f1d5da0740059f67c499e0e9f7ab88650,1300939,autoland,ContentfulSpeedIndex,True,microsoft ContentfulSpeedIndex opt fission warm webrender,,77,ms,firefox,False,|f|i|s|s|i|o|n| |w|a|r|m| |w|e|b|r|e|n|d|e|r|,,3776889,13,9b3df14599f65e991e2c4a5eaba7ebe76c85b8c3,102210fe594ee9b33d82058545b1ed14f4c8206e,linux1804-64-shippable-qr,microsoft,True,,,,,,,,,,,,,,,,,,,,,,,,,,,,,,,,,,,,,,,,,,,,,,,,,,TN,,,,,,,,,,
,1757091199,2023-09-15 11:50:44,214.1,29c4aff31f1dc95ad970b23a77b763265f1632c0,1301039,autoland,ContentfulSpeedIndex,True,microsoft ContentfulSpeedIndex opt fission warm webrender,,77,ms,firefox,False,|f|i|s|s|i|o|n| |w|a|r|m| |w|e|b|r|e|n|d|e|r|,,3776889,13,9b3df14599f65e991e2c4a5eaba7ebe76c85b8c3,102210fe594ee9b33d82058545b1ed14f4c8206e,linux1804-64-shippable-qr,microsoft,True,,,,,,,,,,,,,,,,,,,,,,,,,,,,,,,,,,,,,,,,,,,,,,,,,,TN,,,,,,,,,,
,1757133892,2023-09-15 12:28:36,208.3,953f367a5ef64eeb7654e6c62f3ac7fb2b4424a3,1301070,autoland,ContentfulSpeedIndex,True,microsoft ContentfulSpeedIndex opt fission warm webrender,,77,ms,firefox,False,|f|i|s|s|i|o|n| |w|a|r|m| |w|e|b|r|e|n|d|e|r|,,3776889,13,9b3df14599f65e991e2c4a5eaba7ebe76c85b8c3,102210fe594ee9b33d82058545b1ed14f4c8206e,linux1804-64-shippable-qr,microsoft,True,,,,,,,,,,,,,,,,,,,,,,,,,,,,,,,,,,,,,,,,,,,,,,,,,,TN,,,,,,,,,,
,1757209260,2023-09-15 14:51:55,205.2,079079610ac2a41dba72a91cbe2867519e2bc5bd,1301175,autoland,ContentfulSpeedIndex,True,microsoft ContentfulSpeedIndex opt fission warm webrender,,77,ms,firefox,False,|f|i|s|s|i|o|n| |w|a|r|m| |w|e|b|r|e|n|d|e|r|,,3776889,13,9b3df14599f65e991e2c4a5eaba7ebe76c85b8c3,102210fe594ee9b33d82058545b1ed14f4c8206e,linux1804-64-shippable-qr,microsoft,True,,,,,,,,,,,,,,,,,,,,,,,,,,,,,,,,,,,,,,,,,,,,,,,,,,TN,,,,,,,,,,
,1757303677,2023-09-15 17:51:06,205.0,fec6b3b46bc6439ac98e03aa73938deaf6323f5c,1301318,autoland,ContentfulSpeedIndex,True,microsoft ContentfulSpeedIndex opt fission warm webrender,,77,ms,firefox,False,|f|i|s|s|i|o|n| |w|a|r|m| |w|e|b|r|e|n|d|e|r|,,3776889,13,9b3df14599f65e991e2c4a5eaba7ebe76c85b8c3,102210fe594ee9b33d82058545b1ed14f4c8206e,linux1804-64-shippable-qr,microsoft,True,,,,,,,,,,,,,,,,,,,,,,,,,,,,,,,,,,,,,,,,,,,,,,,,,,TN,,,,,,,,,,
,1757351372,2023-09-15 20:04:54,213.9,99357ab2bb639918d2ea0e8f391494df18c24cb9,1301421,autoland,ContentfulSpeedIndex,True,microsoft ContentfulSpeedIndex opt fission warm webrender,,77,ms,firefox,False,|f|i|s|s|i|o|n| |w|a|r|m| |w|e|b|r|e|n|d|e|r|,,3776889,13,9b3df14599f65e991e2c4a5eaba7ebe76c85b8c3,102210fe594ee9b33d82058545b1ed14f4c8206e,linux1804-64-shippable-qr,microsoft,True,,,,,,,,,,,,,,,,,,,,,,,,,,,,,,,,,,,,,,,,,,,,,,,,,,TN,,,,,,,,,,
,1757481336,2023-09-16 00:25:52,207.0,aa4e3903740dfa0ed175c6ff18e57b8fbe82afd7,1301531,autoland,ContentfulSpeedIndex,True,microsoft ContentfulSpeedIndex opt fission warm webrender,,77,ms,firefox,False,|f|i|s|s|i|o|n| |w|a|r|m| |w|e|b|r|e|n|d|e|r|,,3776889,13,9b3df14599f65e991e2c4a5eaba7ebe76c85b8c3,102210fe594ee9b33d82058545b1ed14f4c8206e,linux1804-64-shippable-qr,microsoft,True,,,,,,,,,,,,,,,,,,,,,,,,,,,,,,,,,,,,,,,,,,,,,,,,,,TN,,,,,,,,,,
,1757462728,2023-09-16 00:35:43,212.8,69d0f600b52641dd114b02da128a162f86f09395,1301538,autoland,ContentfulSpeedIndex,True,microsoft ContentfulSpeedIndex opt fission warm webrender,,77,ms,firefox,False,|f|i|s|s|i|o|n| |w|a|r|m| |w|e|b|r|e|n|d|e|r|,,3776889,13,9b3df14599f65e991e2c4a5eaba7ebe76c85b8c3,102210fe594ee9b33d82058545b1ed14f4c8206e,linux1804-64-shippable-qr,microsoft,True,,,,,,,,,,,,,,,,,,,,,,,,,,,,,,,,,,,,,,,,,,,,,,,,,,TN,,,,,,,,,,
,1757563186,2023-09-16 05:54:34,211.6,7fcd45f7f407a0c756c8b8292b1df8d8162cdce6,1301559,autoland,ContentfulSpeedIndex,True,microsoft ContentfulSpeedIndex opt fission warm webrender,,77,ms,firefox,False,|f|i|s|s|i|o|n| |w|a|r|m| |w|e|b|r|e|n|d|e|r|,,3776889,13,9b3df14599f65e991e2c4a5eaba7ebe76c85b8c3,102210fe594ee9b33d82058545b1ed14f4c8206e,linux1804-64-shippable-qr,microsoft,True,,,,,,,,,,,,,,,,,,,,,,,,,,,,,,,,,,,,,,,,,,,,,,,,,,TN,,,,,,,,,,
,1757646329,2023-09-16 12:53:39,207.9,745d8130d1ac2d3e0ae51f2f22896853f0d34479,1301583,autoland,ContentfulSpeedIndex,True,microsoft ContentfulSpeedIndex opt fission warm webrender,,77,ms,firefox,False,|f|i|s|s|i|o|n| |w|a|r|m| |w|e|b|r|e|n|d|e|r|,,3776889,13,9b3df14599f65e991e2c4a5eaba7ebe76c85b8c3,102210fe594ee9b33d82058545b1ed14f4c8206e,linux1804-64-shippable-qr,microsoft,True,,,,,,,,,,,,,,,,,,,,,,,,,,,,,,,,,,,,,,,,,,,,,,,,,,TN,,,,,,,,,,
,1757679545,2023-09-16 18:13:35,207.3,a7bddb715bd51687e4f52876beeb747f6a19cb0d,1301606,autoland,ContentfulSpeedIndex,True,microsoft ContentfulSpeedIndex opt fission warm webrender,,77,ms,firefox,False,|f|i|s|s|i|o|n| |w|a|r|m| |w|e|b|r|e|n|d|e|r|,,3776889,13,9b3df14599f65e991e2c4a5eaba7ebe76c85b8c3,102210fe594ee9b33d82058545b1ed14f4c8206e,linux1804-64-shippable-qr,microsoft,True,,,,,,,,,,,,,,,,,,,,,,,,,,,,,,,,,,,,,,,,,,,,,,,,,,TN,,,,,,,,,,
,1757797775,2023-09-17 06:44:56,212.3,d1558269e35b364c189cb76982dfc3fdd465224b,1301647,autoland,ContentfulSpeedIndex,True,microsoft ContentfulSpeedIndex opt fission warm webrender,,77,ms,firefox,False,|f|i|s|s|i|o|n| |w|a|r|m| |w|e|b|r|e|n|d|e|r|,,3776889,13,9b3df14599f65e991e2c4a5eaba7ebe76c85b8c3,102210fe594ee9b33d82058545b1ed14f4c8206e,linux1804-64-shippable-qr,microsoft,True,,,,,,,,,,,,,,,,,,,,,,,,,,,,,,,,,,,,,,,,,,,,,,,,,,TN,,,,,,,,,,
,1757867089,2023-09-17 09:36:28,214.3,16afd66ac7be7ee4ffc61599d0241c28d47c74c7,1301654,autoland,ContentfulSpeedIndex,True,microsoft ContentfulSpeedIndex opt fission warm webrender,,77,ms,firefox,False,|f|i|s|s|i|o|n| |w|a|r|m| |w|e|b|r|e|n|d|e|r|,,3776889,13,9b3df14599f65e991e2c4a5eaba7ebe76c85b8c3,102210fe594ee9b33d82058545b1ed14f4c8206e,linux1804-64-shippable-qr,microsoft,True,,,,,,,,,,,,,,,,,,,,,,,,,,,,,,,,,,,,,,,,,,,,,,,,,,TN,,,,,,,,,,
,1757913370,2023-09-17 14:36:55,208.2,17a576f280a8e27d78d7247f1f451ca46a64d0f4,1301663,autoland,ContentfulSpeedIndex,True,microsoft ContentfulSpeedIndex opt fission warm webrender,,77,ms,firefox,False,|f|i|s|s|i|o|n| |w|a|r|m| |w|e|b|r|e|n|d|e|r|,,3776889,13,9b3df14599f65e991e2c4a5eaba7ebe76c85b8c3,102210fe594ee9b33d82058545b1ed14f4c8206e,linux1804-64-shippable-qr,microsoft,True,,,,,,,,,,,,,,,,,,,,,,,,,,,,,,,,,,,,,,,,,,,,,,,,,,TN,,,,,,,,,,
,1757956841,2023-09-17 18:44:53,214.3,76aa4dfe7e88c5e43988e15fd032c3b9678cfebd,1301677,autoland,ContentfulSpeedIndex,True,microsoft ContentfulSpeedIndex opt fission warm webrender,,77,ms,firefox,False,|f|i|s|s|i|o|n| |w|a|r|m| |w|e|b|r|e|n|d|e|r|,,3776889,13,9b3df14599f65e991e2c4a5eaba7ebe76c85b8c3,102210fe594ee9b33d82058545b1ed14f4c8206e,linux1804-64-shippable-qr,microsoft,True,,,,,,,,,,,,,,,,,,,,,,,,,,,,,,,,,,,,,,,,,,,,,,,,,,TN,,,,,,,,,,
,1758003754,2023-09-17 22:46:46,213.3,4333e71e3754938bc5beee5baabbfd6657869bc6,1301700,autoland,ContentfulSpeedIndex,True,microsoft ContentfulSpeedIndex opt fission warm webrender,,77,ms,firefox,False,|f|i|s|s|i|o|n| |w|a|r|m| |w|e|b|r|e|n|d|e|r|,,3776889,13,9b3df14599f65e991e2c4a5eaba7ebe76c85b8c3,102210fe594ee9b33d82058545b1ed14f4c8206e,linux1804-64-shippable-qr,microsoft,True,,,,,,,,,,,,,,,,,,,,,,,,,,,,,,,,,,,,,,,,,,,,,,,,,,TN,,,,,,,,,,
,1758073293,2023-09-18 03:57:39,207.4,d395f485b3a2b96c9d6f47f5167308b763c1891b,1301730,autoland,ContentfulSpeedIndex,True,microsoft ContentfulSpeedIndex opt fission warm webrender,,77,ms,firefox,False,|f|i|s|s|i|o|n| |w|a|r|m| |w|e|b|r|e|n|d|e|r|,,3776889,13,9b3df14599f65e991e2c4a5eaba7ebe76c85b8c3,102210fe594ee9b33d82058545b1ed14f4c8206e,linux1804-64-shippable-qr,microsoft,True,,,,,,,,,,,,,,,,,,,,,,,,,,,,,,,,,,,,,,,,,,,,,,,,,,TN,,,,,,,,,,
,1758178046,2023-09-18 09:50:33,203.7,11fb2a6e434951fbef0791563a159cbbdd42f4c8,1301818,autoland,ContentfulSpeedIndex,True,microsoft ContentfulSpeedIndex opt fission warm webrender,,77,ms,firefox,False,|f|i|s|s|i|o|n| |w|a|r|m| |w|e|b|r|e|n|d|e|r|,,3776889,13,9b3df14599f65e991e2c4a5eaba7ebe76c85b8c3,102210fe594ee9b33d82058545b1ed14f4c8206e,linux1804-64-shippable-qr,microsoft,True,,,,,,,,,,,,,,,,,,,,,,,,,,,,,,,,,,,,,,,,,,,,,,,,,,TN,,,,,,,,,,
,1758351713,2023-09-18 14:45:06,212.6,7a51e2aa7d09aac78f5c93c25c65e83cb1272b7d,1301994,autoland,ContentfulSpeedIndex,True,microsoft ContentfulSpeedIndex opt fission warm webrender,,77,ms,firefox,False,|f|i|s|s|i|o|n| |w|a|r|m| |w|e|b|r|e|n|d|e|r|,,3776889,13,9b3df14599f65e991e2c4a5eaba7ebe76c85b8c3,102210fe594ee9b33d82058545b1ed14f4c8206e,linux1804-64-shippable-qr,microsoft,True,,,,,,,,,,,,,,,,,,,,,,,,,,,,,,,,,,,,,,,,,,,,,,,,,,TN,,,,,,,,,,
,1758586309,2023-09-18 21:05:31,212.9,44aa0c56427a5e659c7bec91e3b608472cb6f763,1302247,autoland,ContentfulSpeedIndex,True,microsoft ContentfulSpeedIndex opt fission warm webrender,,77,ms,firefox,False,|f|i|s|s|i|o|n| |w|a|r|m| |w|e|b|r|e|n|d|e|r|,,3776889,13,9b3df14599f65e991e2c4a5eaba7ebe76c85b8c3,102210fe594ee9b33d82058545b1ed14f4c8206e,linux1804-64-shippable-qr,microsoft,True,,,,,,,,,,,,,,,,,,,,,,,,,,,,,,,,,,,,,,,,,,,,,,,,,,TN,,,,,,,,,,
,1758792998,2023-09-18 21:07:39,202.2,924c329a0e3413e329eeab1cab9a2d1b09dc4711,1302250,autoland,ContentfulSpeedIndex,True,microsoft ContentfulSpeedIndex opt fission warm webrender,,77,ms,firefox,False,|f|i|s|s|i|o|n| |w|a|r|m| |w|e|b|r|e|n|d|e|r|,,3776889,13,9b3df14599f65e991e2c4a5eaba7ebe76c85b8c3,102210fe594ee9b33d82058545b1ed14f4c8206e,linux1804-64-shippable-qr,microsoft,True,,,,,,,,,,,,,,,,,,,,,,,,,,,,,,,,,,,,,,,,,,,,,,,,,,TN,,,,,,,,,,
,1758616936,2023-09-18 22:22:31,214.1,3a523925f8ff99d5984169d7fbae7e4d1fc1cd18,1302316,autoland,ContentfulSpeedIndex,True,microsoft ContentfulSpeedIndex opt fission warm webrender,,77,ms,firefox,False,|f|i|s|s|i|o|n| |w|a|r|m| |w|e|b|r|e|n|d|e|r|,,3776889,13,9b3df14599f65e991e2c4a5eaba7ebe76c85b8c3,102210fe594ee9b33d82058545b1ed14f4c8206e,linux1804-64-shippable-qr,microsoft,True,,,,,,,,,,,,,,,,,,,,,,,,,,,,,,,,,,,,,,,,,,,,,,,,,,TN,,,,,,,,,,
,1758657502,2023-09-19 00:36:20,209.5,b0769fdf63e5e9d7ac3ef647f895b15971a8dc99,1302387,autoland,ContentfulSpeedIndex,True,microsoft ContentfulSpeedIndex opt fission warm webrender,,77,ms,firefox,False,|f|i|s|s|i|o|n| |w|a|r|m| |w|e|b|r|e|n|d|e|r|,,3776889,13,9b3df14599f65e991e2c4a5eaba7ebe76c85b8c3,102210fe594ee9b33d82058545b1ed14f4c8206e,linux1804-64-shippable-qr,microsoft,True,,,,,,,,,,,,,,,,,,,,,,,,,,,,,,,,,,,,,,,,,,,,,,,,,,TN,,,,,,,,,,
,1758743628,2023-09-19 04:53:23,210.1,6589c0d4d3d3aaed578f6d60cc1831f6cdf79b7c,1302461,autoland,ContentfulSpeedIndex,True,microsoft ContentfulSpeedIndex opt fission warm webrender,,77,ms,firefox,False,|f|i|s|s|i|o|n| |w|a|r|m| |w|e|b|r|e|n|d|e|r|,,3776889,13,9b3df14599f65e991e2c4a5eaba7ebe76c85b8c3,102210fe594ee9b33d82058545b1ed14f4c8206e,linux1804-64-shippable-qr,microsoft,True,,,,,,,,,,,,,,,,,,,,,,,,,,,,,,,,,,,,,,,,,,,,,,,,,,TN,,,,,,,,,,
,1758858509,2023-09-19 06:42:05,205.6,0a60f8be5517ddc928471d4a378b46228773fbc5,1302480,autoland,ContentfulSpeedIndex,True,microsoft ContentfulSpeedIndex opt fission warm webrender,,77,ms,firefox,False,|f|i|s|s|i|o|n| |w|a|r|m| |w|e|b|r|e|n|d|e|r|,,3776889,13,9b3df14599f65e991e2c4a5eaba7ebe76c85b8c3,102210fe594ee9b33d82058545b1ed14f4c8206e,linux1804-64-shippable-qr,microsoft,True,,,,,,,,,,,,,,,,,,,,,,,,,,,,,,,,,,,,,,,,,,,,,,,,,,TN,,,,,,,,,,
,1758917009,2023-09-19 10:00:51,208.1,f257c2f8440fe82c3833f2d719a2bf3420df9120,1302573,autoland,ContentfulSpeedIndex,True,microsoft ContentfulSpeedIndex opt fission warm webrender,,77,ms,firefox,False,|f|i|s|s|i|o|n| |w|a|r|m| |w|e|b|r|e|n|d|e|r|,,3776889,13,9b3df14599f65e991e2c4a5eaba7ebe76c85b8c3,102210fe594ee9b33d82058545b1ed14f4c8206e,linux1804-64-shippable-qr,microsoft,True,,,,,,,,,,,,,,,,,,,,,,,,,,,,,,,,,,,,,,,,,,,,,,,,,,TN,,,,,,,,,,
,1759061339,2023-09-19 13:32:40,206.1,dd890d993c3039c40d9a50218bd3284a9810cc85,1302692,autoland,ContentfulSpeedIndex,True,microsoft ContentfulSpeedIndex opt fission warm webrender,,77,ms,firefox,False,|f|i|s|s|i|o|n| |w|a|r|m| |w|e|b|r|e|n|d|e|r|,,3776889,13,9b3df14599f65e991e2c4a5eaba7ebe76c85b8c3,102210fe594ee9b33d82058545b1ed14f4c8206e,linux1804-64-shippable-qr,microsoft,True,,,,,,,,,,,,,,,,,,,,,,,,,,,,,,,,,,,,,,,,,,,,,,,,,,TN,,,,,,,,,,
,1759161546,2023-09-19 16:21:41,211.2,e9e7852ce74f241f2a4f0ffac475410d0ea9a8a4,1302819,autoland,ContentfulSpeedIndex,True,microsoft ContentfulSpeedIndex opt fission warm webrender,,77,ms,firefox,False,|f|i|s|s|i|o|n| |w|a|r|m| |w|e|b|r|e|n|d|e|r|,,3776889,13,9b3df14599f65e991e2c4a5eaba7ebe76c85b8c3,102210fe594ee9b33d82058545b1ed14f4c8206e,linux1804-64-shippable-qr,microsoft,True,,,,,,,,,,,,,,,,,,,,,,,,,,,,,,,,,,,,,,,,,,,,,,,,,,TN,,,,,,,,,,
,1759318802,2023-09-19 20:31:47,212.2,f97675e331c2e3f8e3a7649cb722085b3360163c,1303015,autoland,ContentfulSpeedIndex,True,microsoft ContentfulSpeedIndex opt fission warm webrender,,77,ms,firefox,False,|f|i|s|s|i|o|n| |w|a|r|m| |w|e|b|r|e|n|d|e|r|,,3776889,13,9b3df14599f65e991e2c4a5eaba7ebe76c85b8c3,102210fe594ee9b33d82058545b1ed14f4c8206e,linux1804-64-shippable-qr,microsoft,True,,,,,,,,,,,,,,,,,,,,,,,,,,,,,,,,,,,,,,,,,,,,,,,,,,TN,,,,,,,,,,
,1759338835,2023-09-19 20:45:08,219.5,abf74735208c16d3b467c2acb344f3030fc5aacb,1303026,autoland,ContentfulSpeedIndex,True,microsoft ContentfulSpeedIndex opt fission warm webrender,,77,ms,firefox,False,|f|i|s|s|i|o|n| |w|a|r|m| |w|e|b|r|e|n|d|e|r|,,3776889,13,9b3df14599f65e991e2c4a5eaba7ebe76c85b8c3,102210fe594ee9b33d82058545b1ed14f4c8206e,linux1804-64-shippable-qr,microsoft,True,,,,,,,,,,,,,,,,,,,,,,,,,,,,,,,,,,,,,,,,,,,,,,,,,,TN,,,,,,,,,,
,1759443228,2023-09-20 00:59:14,208.4,71a9b5a8ec8503f993e8d7e8f1b2b98ff57ed283,1303207,autoland,ContentfulSpeedIndex,True,microsoft ContentfulSpeedIndex opt fission warm webrender,,77,ms,firefox,False,|f|i|s|s|i|o|n| |w|a|r|m| |w|e|b|r|e|n|d|e|r|,,3776889,13,9b3df14599f65e991e2c4a5eaba7ebe76c85b8c3,102210fe594ee9b33d82058545b1ed14f4c8206e,linux1804-64-shippable-qr,microsoft,True,,,,,,,,,,,,,,,,,,,,,,,,,,,,,,,,,,,,,,,,,,,,,,,,,,TN,,,,,,,,,,
,1759530037,2023-09-20 05:02:26,211.4,71c800e8074fa9f5e246acbf09097a0f15d4eb09,1303254,autoland,ContentfulSpeedIndex,True,microsoft ContentfulSpeedIndex opt fission warm webrender,,77,ms,firefox,False,|f|i|s|s|i|o|n| |w|a|r|m| |w|e|b|r|e|n|d|e|r|,,3776889,13,9b3df14599f65e991e2c4a5eaba7ebe76c85b8c3,102210fe594ee9b33d82058545b1ed14f4c8206e,linux1804-64-shippable-qr,microsoft,True,,,,,,,,,,,,,,,,,,,,,,,,,,,,,,,,,,,,,,,,,,,,,,,,,,TN,,,,,,,,,,
,1759636503,2023-09-20 09:03:21,206.4,2664490a1b4aeb2b2bd98c81ac43b68b1a24ea2f,1303343,autoland,ContentfulSpeedIndex,True,microsoft ContentfulSpeedIndex opt fission warm webrender,,77,ms,firefox,False,|f|i|s|s|i|o|n| |w|a|r|m| |w|e|b|r|e|n|d|e|r|,,3776889,13,9b3df14599f65e991e2c4a5eaba7ebe76c85b8c3,102210fe594ee9b33d82058545b1ed14f4c8206e,linux1804-64-shippable-qr,microsoft,True,,,,,,,,,,,,,,,,,,,,,,,,,,,,,,,,,,,,,,,,,,,,,,,,,,TN,,,,,,,,,,
,1759689686,2023-09-20 10:40:44,208.5,e11a98968ec15b84dc772d997bc0789a0a078549,1303401,autoland,ContentfulSpeedIndex,True,microsoft ContentfulSpeedIndex opt fission warm webrender,,77,ms,firefox,False,|f|i|s|s|i|o|n| |w|a|r|m| |w|e|b|r|e|n|d|e|r|,,3776889,13,9b3df14599f65e991e2c4a5eaba7ebe76c85b8c3,102210fe594ee9b33d82058545b1ed14f4c8206e,linux1804-64-shippable-qr,microsoft,True,,,,,,,,,,,,,,,,,,,,,,,,,,,,,,,,,,,,,,,,,,,,,,,,,,TN,,,,,,,,,,
,1759821182,2023-09-20 14:03:46,206.9,5baf76c5d8f19d35c8e7710816a726d92cfff8bb,1303541,autoland,ContentfulSpeedIndex,True,microsoft ContentfulSpeedIndex opt fission warm webrender,,77,ms,firefox,False,|f|i|s|s|i|o|n| |w|a|r|m| |w|e|b|r|e|n|d|e|r|,,3776889,13,9b3df14599f65e991e2c4a5eaba7ebe76c85b8c3,102210fe594ee9b33d82058545b1ed14f4c8206e,linux1804-64-shippable-qr,microsoft,True,,,,,,,,,,,,,,,,,,,,,,,,,,,,,,,,,,,,,,,,,,,,,,,,,,TN,,,,,,,,,,
,1759975137,2023-09-20 17:47:40,182.1,07c4a658632d6c11d371f974b56a6365212bef62,1303718,autoland,ContentfulSpeedIndex,True,microsoft ContentfulSpeedIndex opt fission warm webrender,,77,ms,firefox,False,|f|i|s|s|i|o|n| |w|a|r|m| |w|e|b|r|e|n|d|e|r|,,3776889,13,9b3df14599f65e991e2c4a5eaba7ebe76c85b8c3,102210fe594ee9b33d82058545b1ed14f4c8206e,linux1804-64-shippable-qr,microsoft,True,,,,,,,,,,,,,,,,,,,,,,,,,,,,,,,,,,,,,,,,,,,,,,,,,,TN,,,,,,,,,,
,1760087221,2023-09-20 21:06:43,211.6,137b5966e6ec0a63006a36cac0a3f1c4e3f5cefe,1303845,autoland,ContentfulSpeedIndex,True,microsoft ContentfulSpeedIndex opt fission warm webrender,,77,ms,firefox,False,|f|i|s|s|i|o|n| |w|a|r|m| |w|e|b|r|e|n|d|e|r|,,3776889,13,9b3df14599f65e991e2c4a5eaba7ebe76c85b8c3,102210fe594ee9b33d82058545b1ed14f4c8206e,linux1804-64-shippable-qr,microsoft,True,,,,,,,,,,,,,,,,,,,,,,,,,,,,,,,,,,,,,,,,,,,,,,,,,,TN,,,,,,,,,,
,1760137453,2023-09-20 23:02:53,215.9,a94c799a5be0d573f8c654b43966b4b772ded228,1303924,autoland,ContentfulSpeedIndex,True,microsoft ContentfulSpeedIndex opt fission warm webrender,,77,ms,firefox,False,|f|i|s|s|i|o|n| |w|a|r|m| |w|e|b|r|e|n|d|e|r|,,3776889,13,9b3df14599f65e991e2c4a5eaba7ebe76c85b8c3,102210fe594ee9b33d82058545b1ed14f4c8206e,linux1804-64-shippable-qr,microsoft,True,,,,,,,,,,,,,,,,,,,,,,,,,,,,,,,,,,,,,,,,,,,,,,,,,,TN,,,,,,,,,,
,1760252999,2023-09-21 04:47:54,211.3,7c6496f92bb0572d56513d645f3d6201f77a5653,1304025,autoland,ContentfulSpeedIndex,True,microsoft ContentfulSpeedIndex opt fission warm webrender,,77,ms,firefox,False,|f|i|s|s|i|o|n| |w|a|r|m| |w|e|b|r|e|n|d|e|r|,,3776889,13,9b3df14599f65e991e2c4a5eaba7ebe76c85b8c3,102210fe594ee9b33d82058545b1ed14f4c8206e,linux1804-64-shippable-qr,microsoft,True,,,,,,,,,,,,,,,,,,,,,,,,,,,,,,,,,,,,,,,,,,,,,,,,,,TN,,,,,,,,,,
,1760380062,2023-09-21 08:45:10,218.6,e98350675c5a294fe5c7a4138a5b16c4f6992907,1304121,autoland,ContentfulSpeedIndex,True,microsoft ContentfulSpeedIndex opt fission warm webrender,,77,ms,firefox,False,|f|i|s|s|i|o|n| |w|a|r|m| |w|e|b|r|e|n|d|e|r|,,3776889,13,9b3df14599f65e991e2c4a5eaba7ebe76c85b8c3,102210fe594ee9b33d82058545b1ed14f4c8206e,linux1804-64-shippable-qr,microsoft,True,,,,,,,,,,,,,,,,,,,,,,,,,,,,,,,,,,,,,,,,,,,,,,,,,,TN,,,,,,,,,,
,1760496701,2023-09-21 12:54:54,205.5,bd8d8c1ecad7cda50d42ce2dfde7fabc50a48948,1304268,autoland,ContentfulSpeedIndex,True,microsoft ContentfulSpeedIndex opt fission warm webrender,,77,ms,firefox,False,|f|i|s|s|i|o|n| |w|a|r|m| |w|e|b|r|e|n|d|e|r|,,3776889,13,9b3df14599f65e991e2c4a5eaba7ebe76c85b8c3,102210fe594ee9b33d82058545b1ed14f4c8206e,linux1804-64-shippable-qr,microsoft,True,,,,,,,,,,,,,,,,,,,,,,,,,,,,,,,,,,,,,,,,,,,,,,,,,,TN,,,,,,,,,,
,1760558930,2023-09-21 14:02:07,217.4,6e82382700fc8345a06dc3efd346a25826fa1bf2,1304316,autoland,ContentfulSpeedIndex,True,microsoft ContentfulSpeedIndex opt fission warm webrender,,77,ms,firefox,False,|f|i|s|s|i|o|n| |w|a|r|m| |w|e|b|r|e|n|d|e|r|,,3776889,13,9b3df14599f65e991e2c4a5eaba7ebe76c85b8c3,102210fe594ee9b33d82058545b1ed14f4c8206e,linux1804-64-shippable-qr,microsoft,True,,,,,,,,,,,,,,,,,,,,,,,,,,,,,,,,,,,,,,,,,,,,,,,,,,TN,,,,,,,,,,
,1760903248,2023-09-21 15:38:38,217.2,a2d7613e206fa711d809ee5dbffc2bf3ff8c75a4,1304385,autoland,ContentfulSpeedIndex,True,microsoft ContentfulSpeedIndex opt fission warm webrender,,77,ms,firefox,False,|f|i|s|s|i|o|n| |w|a|r|m| |w|e|b|r|e|n|d|e|r|,,3776889,13,9b3df14599f65e991e2c4a5eaba7ebe76c85b8c3,102210fe594ee9b33d82058545b1ed14f4c8206e,linux1804-64-shippable-qr,microsoft,True,,,,,,,,,,,,,,,,,,,,,,,,,,,,,,,,,,,,,,,,,,,,,,,,,,TN,,,,,,,,,,
,1760906803,2023-09-21 15:46:13,209.8,984c001954dbafa02f989a9529a8b8477999ea83,1304391,autoland,ContentfulSpeedIndex,True,microsoft ContentfulSpeedIndex opt fission warm webrender,,77,ms,firefox,False,|f|i|s|s|i|o|n| |w|a|r|m| |w|e|b|r|e|n|d|e|r|,,3776889,13,9b3df14599f65e991e2c4a5eaba7ebe76c85b8c3,102210fe594ee9b33d82058545b1ed14f4c8206e,linux1804-64-shippable-qr,microsoft,True,,,,,,,,,,,,,,,,,,,,,,,,,,,,,,,,,,,,,,,,,,,,,,,,,,TN,,,,,,,,,,
,1760918855,2023-09-21 15:46:13,210.8,984c001954dbafa02f989a9529a8b8477999ea83,1304391,autoland,ContentfulSpeedIndex,True,microsoft ContentfulSpeedIndex opt fission warm webrender,,77,ms,firefox,False,|f|i|s|s|i|o|n| |w|a|r|m| |w|e|b|r|e|n|d|e|r|,,3776889,13,9b3df14599f65e991e2c4a5eaba7ebe76c85b8c3,102210fe594ee9b33d82058545b1ed14f4c8206e,linux1804-64-shippable-qr,microsoft,True,,,,,,,,,,,,,,,,,,,,,,,,,,,,,,,,,,,,,,,,,,,,,,,,,,TN,,,,,,,,,,
,1760922620,2023-09-21 15:48:43,210.4,3dbbf33d280bfd8c07b86b15238bbb6d1e1755db,1304392,autoland,ContentfulSpeedIndex,True,microsoft ContentfulSpeedIndex opt fission warm webrender,,77,ms,firefox,False,|f|i|s|s|i|o|n| |w|a|r|m| |w|e|b|r|e|n|d|e|r|,,3776889,13,9b3df14599f65e991e2c4a5eaba7ebe76c85b8c3,102210fe594ee9b33d82058545b1ed14f4c8206e,linux1804-64-shippable-qr,microsoft,True,,,,,,,,,,,,,,,,,,,,,,,,,,,,,,,,,,,,,,,,,,,,,,,,,,TN,,,,,,,,,,
,1760911958,2023-09-21 16:35:46,214.0,028b2e51863828f9d6a1e00a8c085845e63f72e0,1304430,autoland,ContentfulSpeedIndex,True,microsoft ContentfulSpeedIndex opt fission warm webrender,,77,ms,firefox,False,|f|i|s|s|i|o|n| |w|a|r|m| |w|e|b|r|e|n|d|e|r|,,3776889,13,9b3df14599f65e991e2c4a5eaba7ebe76c85b8c3,102210fe594ee9b33d82058545b1ed14f4c8206e,linux1804-64-shippable-qr,microsoft,True,,,,,,,,,,,,,,,,,,,,,,,,,,,,,,,,,,,,,,,,,,,,,,,,,,TN,,,,,,,,,,
,1760889959,2023-09-21 17:31:33,208.3,c3b23fbbe898130deb34c48569c8e7201ffabffb,1304471,autoland,ContentfulSpeedIndex,True,microsoft ContentfulSpeedIndex opt fission warm webrender,,77,ms,firefox,False,|f|i|s|s|i|o|n| |w|a|r|m| |w|e|b|r|e|n|d|e|r|,,3776889,13,9b3df14599f65e991e2c4a5eaba7ebe76c85b8c3,102210fe594ee9b33d82058545b1ed14f4c8206e,linux1804-64-shippable-qr,microsoft,True,,,,,,,,,,,,,,,,,,,,,,,,,,,,,,,,,,,,,,,,,,,,,,,,,,TN,,,,,,,,,,
,1760688809,2023-09-21 18:54:27,205.1,114bde678f299872db02fe1116ecfd3a7ada9381,1304515,autoland,ContentfulSpeedIndex,True,microsoft ContentfulSpeedIndex opt fission warm webrender,,77,ms,firefox,False,|f|i|s|s|i|o|n| |w|a|r|m| |w|e|b|r|e|n|d|e|r|,,3776889,13,9b3df14599f65e991e2c4a5eaba7ebe76c85b8c3,102210fe594ee9b33d82058545b1ed14f4c8206e,linux1804-64-shippable-qr,microsoft,True,,,,,,,,,,,,,,,,,,,,,,,,,,,,,,,,,,,,,,,,,,,,,,,,,,TN,,,,,,,,,,
,1760708148,2023-09-21 19:19:33,209.7,86fd71ad69b346f713966a8f18ec97a5b99a0aee,1304533,autoland,ContentfulSpeedIndex,True,microsoft ContentfulSpeedIndex opt fission warm webrender,,77,ms,firefox,False,|f|i|s|s|i|o|n| |w|a|r|m| |w|e|b|r|e|n|d|e|r|,,3776889,13,9b3df14599f65e991e2c4a5eaba7ebe76c85b8c3,102210fe594ee9b33d82058545b1ed14f4c8206e,linux1804-64-shippable-qr,microsoft,True,,,,,,,,,,,,,,,,,,,,,,,,,,,,,,,,,,,,,,,,,,,,,,,,,,TN,,,,,,,,,,
,1760786790,2023-09-21 23:47:59,211.6,efa8aa7a4f5484f349595a2c97ba6a2c6f214c66,1304690,autoland,ContentfulSpeedIndex,True,microsoft ContentfulSpeedIndex opt fission warm webrender,,77,ms,firefox,False,|f|i|s|s|i|o|n| |w|a|r|m| |w|e|b|r|e|n|d|e|r|,,3776889,13,9b3df14599f65e991e2c4a5eaba7ebe76c85b8c3,102210fe594ee9b33d82058545b1ed14f4c8206e,linux1804-64-shippable-qr,microsoft,True,,,,,,,,,,,,,,,,,,,,,,,,,,,,,,,,,,,,,,,,,,,,,,,,,,TN,,,,,,,,,,
,1760868809,2023-09-22 04:42:00,212.5,2de4a198348cc150a0c3ce328c42beade9646190,1304767,autoland,ContentfulSpeedIndex,True,microsoft ContentfulSpeedIndex opt fission warm webrender,,77,ms,firefox,False,|f|i|s|s|i|o|n| |w|a|r|m| |w|e|b|r|e|n|d|e|r|,,3776889,13,9b3df14599f65e991e2c4a5eaba7ebe76c85b8c3,102210fe594ee9b33d82058545b1ed14f4c8206e,linux1804-64-shippable-qr,microsoft,True,,,,,,,,,,,,,,,,,,,,,,,,,,,,,,,,,,,,,,,,,,,,,,,,,,TN,,,,,,,,,,
,1761036797,2023-09-22 11:33:15,212.8,6da1ce80e10cc6744801930434a44df21da87140,1304916,autoland,ContentfulSpeedIndex,True,microsoft ContentfulSpeedIndex opt fission warm webrender,,77,ms,firefox,False,|f|i|s|s|i|o|n| |w|a|r|m| |w|e|b|r|e|n|d|e|r|,,3776889,13,9b3df14599f65e991e2c4a5eaba7ebe76c85b8c3,102210fe594ee9b33d82058545b1ed14f4c8206e,linux1804-64-shippable-qr,microsoft,True,,,,,,,,,,,,,,,,,,,,,,,,,,,,,,,,,,,,,,,,,,,,,,,,,,TN,,,,,,,,,,
,1761117532,2023-09-22 15:35:17,216.4,d244d17a8e9ac94aa05c3bf0c2659104c7b15f76,1305037,autoland,ContentfulSpeedIndex,True,microsoft ContentfulSpeedIndex opt fission warm webrender,,77,ms,firefox,False,|f|i|s|s|i|o|n| |w|a|r|m| |w|e|b|r|e|n|d|e|r|,,3776889,13,9b3df14599f65e991e2c4a5eaba7ebe76c85b8c3,102210fe594ee9b33d82058545b1ed14f4c8206e,linux1804-64-shippable-qr,microsoft,True,,,,,,,,,,,,,,,,,,,,,,,,,,,,,,,,,,,,,,,,,,,,,,,,,,TN,,,,,,,,,,
,1761133620,2023-09-22 16:10:00,208.5,aee77156969b7d1f696e8952bc590e1449a16f85,1305065,autoland,ContentfulSpeedIndex,True,microsoft ContentfulSpeedIndex opt fission warm webrender,,77,ms,firefox,False,|f|i|s|s|i|o|n| |w|a|r|m| |w|e|b|r|e|n|d|e|r|,,3776889,13,9b3df14599f65e991e2c4a5eaba7ebe76c85b8c3,102210fe594ee9b33d82058545b1ed14f4c8206e,linux1804-64-shippable-qr,microsoft,True,,,,,,,,,,,,,,,,,,,,,,,,,,,,,,,,,,,,,,,,,,,,,,,,,,TN,,,,,,,,,,
,1761214754,2023-09-22 20:28:01,208.4,80cfc74bb77e6c4abfd0d70c51b274e4b036a05b,1305231,autoland,ContentfulSpeedIndex,True,microsoft ContentfulSpeedIndex opt fission warm webrender,,77,ms,firefox,False,|f|i|s|s|i|o|n| |w|a|r|m| |w|e|b|r|e|n|d|e|r|,,3776889,13,9b3df14599f65e991e2c4a5eaba7ebe76c85b8c3,102210fe594ee9b33d82058545b1ed14f4c8206e,linux1804-64-shippable-qr,microsoft,True,,,,,,,,,,,,,,,,,,,,,,,,,,,,,,,,,,,,,,,,,,,,,,,,,,TN,,,,,,,,,,
,1761307791,2023-09-23 00:28:09,206.8,5ce53217bf3e4d42db88aab74741654bfc634cc8,1305322,autoland,ContentfulSpeedIndex,True,microsoft ContentfulSpeedIndex opt fission warm webrender,,77,ms,firefox,False,|f|i|s|s|i|o|n| |w|a|r|m| |w|e|b|r|e|n|d|e|r|,,3776889,13,9b3df14599f65e991e2c4a5eaba7ebe76c85b8c3,102210fe594ee9b33d82058545b1ed14f4c8206e,linux1804-64-shippable-qr,microsoft,True,,,,,,,,,,,,,,,,,,,,,,,,,,,,,,,,,,,,,,,,,,,,,,,,,,TN,,,,,,,,,,
,1761332433,2023-09-23 00:41:33,208.4,1d9627a1274de78256ecdee1e8058e6b32392404,1305328,autoland,ContentfulSpeedIndex,True,microsoft ContentfulSpeedIndex opt fission warm webrender,,77,ms,firefox,False,|f|i|s|s|i|o|n| |w|a|r|m| |w|e|b|r|e|n|d|e|r|,,3776889,13,9b3df14599f65e991e2c4a5eaba7ebe76c85b8c3,102210fe594ee9b33d82058545b1ed14f4c8206e,linux1804-64-shippable-qr,microsoft,True,,,,,,,,,,,,,,,,,,,,,,,,,,,,,,,,,,,,,,,,,,,,,,,,,,TN,,,,,,,,,,
,1761431957,2023-09-23 16:39:34,203.7,e85748b0b9880ee586b2c155a4d84c1cdf3f31b4,1305402,autoland,ContentfulSpeedIndex,True,microsoft ContentfulSpeedIndex opt fission warm webrender,,77,ms,firefox,False,|f|i|s|s|i|o|n| |w|a|r|m| |w|e|b|r|e|n|d|e|r|,,3776889,13,9b3df14599f65e991e2c4a5eaba7ebe76c85b8c3,102210fe594ee9b33d82058545b1ed14f4c8206e,linux1804-64-shippable-qr,microsoft,True,,,,,,,,,,,,,,,,,,,,,,,,,,,,,,,,,,,,,,,,,,,,,,,,,,TN,,,,,,,,,,
,1761485700,2023-09-23 21:16:13,212.7,f4a2f296a2ea585882f2a2a627c036538eb875b0,1305420,autoland,ContentfulSpeedIndex,True,microsoft ContentfulSpeedIndex opt fission warm webrender,,77,ms,firefox,False,|f|i|s|s|i|o|n| |w|a|r|m| |w|e|b|r|e|n|d|e|r|,,3776889,13,9b3df14599f65e991e2c4a5eaba7ebe76c85b8c3,102210fe594ee9b33d82058545b1ed14f4c8206e,linux1804-64-shippable-qr,microsoft,True,,,,,,,,,,,,,,,,,,,,,,,,,,,,,,,,,,,,,,,,,,,,,,,,,,TN,,,,,,,,,,
,1761671410,2023-09-25 06:00:52,212.4,68035862c82691cc5ad039c1067c1fd24d048350,1305598,autoland,ContentfulSpeedIndex,True,microsoft ContentfulSpeedIndex opt fission warm webrender,,77,ms,firefox,False,|f|i|s|s|i|o|n| |w|a|r|m| |w|e|b|r|e|n|d|e|r|,,3776889,13,9b3df14599f65e991e2c4a5eaba7ebe76c85b8c3,102210fe594ee9b33d82058545b1ed14f4c8206e,linux1804-64-shippable-qr,microsoft,True,,,,,,,,,,,,,,,,,,,,,,,,,,,,,,,,,,,,,,,,,,,,,,,,,,TN,,,,,,,,,,
,1761720532,2023-09-25 08:45:06,204.0,27778dad58d148bf24097e327e55eb3b8631b902,1305656,autoland,ContentfulSpeedIndex,True,microsoft ContentfulSpeedIndex opt fission warm webrender,,77,ms,firefox,False,|f|i|s|s|i|o|n| |w|a|r|m| |w|e|b|r|e|n|d|e|r|,,3776889,13,9b3df14599f65e991e2c4a5eaba7ebe76c85b8c3,102210fe594ee9b33d82058545b1ed14f4c8206e,linux1804-64-shippable-qr,microsoft,True,,,,,,,,,,,,,,,,,,,,,,,,,,,,,,,,,,,,,,,,,,,,,,,,,,TN,,,,,,,,,,
,1762204034,2023-09-25 12:15:51,209.7,a8305ea48b4ca432c6e10ea45d475586512c6037,1305772,autoland,ContentfulSpeedIndex,True,microsoft ContentfulSpeedIndex opt fission warm webrender,,77,ms,firefox,False,|f|i|s|s|i|o|n| |w|a|r|m| |w|e|b|r|e|n|d|e|r|,,3776889,13,9b3df14599f65e991e2c4a5eaba7ebe76c85b8c3,102210fe594ee9b33d82058545b1ed14f4c8206e,linux1804-64-shippable-qr,microsoft,True,,,,,,,,,,,,,,,,,,,,,,,,,,,,,,,,,,,,,,,,,,,,,,,,,,TN,,,,,,,,,,
,1762217351,2023-09-25 12:29:44,208.4,a151165c8ba1e0a95cf626dc3f30b3fab32f12a5,1305784,autoland,ContentfulSpeedIndex,True,microsoft ContentfulSpeedIndex opt fission warm webrender,,77,ms,firefox,False,|f|i|s|s|i|o|n| |w|a|r|m| |w|e|b|r|e|n|d|e|r|,,3776889,13,9b3df14599f65e991e2c4a5eaba7ebe76c85b8c3,102210fe594ee9b33d82058545b1ed14f4c8206e,linux1804-64-shippable-qr,microsoft,True,,,,,,,,,,,,,,,,,,,,,,,,,,,,,,,,,,,,,,,,,,,,,,,,,,TN,,,,,,,,,,
,1762190615,2023-09-25 12:30:33,217.8,7095adada0469a26b7fb47fc05017c5d8b95e1fb,1305789,autoland,ContentfulSpeedIndex,True,microsoft ContentfulSpeedIndex opt fission warm webrender,,77,ms,firefox,False,|f|i|s|s|i|o|n| |w|a|r|m| |w|e|b|r|e|n|d|e|r|,,3776889,13,9b3df14599f65e991e2c4a5eaba7ebe76c85b8c3,102210fe594ee9b33d82058545b1ed14f4c8206e,linux1804-64-shippable-qr,microsoft,True,,,,,,,,,,,,,,,,,,,,,,,,,,,,,,,,,,,,,,,,,,,,,,,,,,TN,,,,,,,,,,
,1762204772,2023-09-25 12:30:33,208.0,7095adada0469a26b7fb47fc05017c5d8b95e1fb,1305789,autoland,ContentfulSpeedIndex,True,microsoft ContentfulSpeedIndex opt fission warm webrender,,77,ms,firefox,False,|f|i|s|s|i|o|n| |w|a|r|m| |w|e|b|r|e|n|d|e|r|,,3776889,13,9b3df14599f65e991e2c4a5eaba7ebe76c85b8c3,102210fe594ee9b33d82058545b1ed14f4c8206e,linux1804-64-shippable-qr,microsoft,True,,,,,,,,,,,,,,,,,,,,,,,,,,,,,,,,,,,,,,,,,,,,,,,,,,TN,,,,,,,,,,
,1761833369,2023-09-25 12:33:35,214.0,9a8976307af6049000ae1a1623fd71bd62850a10,1305791,autoland,ContentfulSpeedIndex,True,microsoft ContentfulSpeedIndex opt fission warm webrender,,77,ms,firefox,False,|f|i|s|s|i|o|n| |w|a|r|m| |w|e|b|r|e|n|d|e|r|,,3776889,13,9b3df14599f65e991e2c4a5eaba7ebe76c85b8c3,102210fe594ee9b33d82058545b1ed14f4c8206e,linux1804-64-shippable-qr,microsoft,True,,,,,,,,,,,,,,,,,,,,,,,,,,,,,,,,,,,,,,,,,,,,,,,,,,TN,,,,,,,,,,
,1762071656,2023-09-25 20:45:54,206.3,6a7f708c3d0458c9b30efa2bdfde6e7812554d1e,1306210,autoland,ContentfulSpeedIndex,True,microsoft ContentfulSpeedIndex opt fission warm webrender,,77,ms,firefox,False,|f|i|s|s|i|o|n| |w|a|r|m| |w|e|b|r|e|n|d|e|r|,,3776889,13,9b3df14599f65e991e2c4a5eaba7ebe76c85b8c3,102210fe594ee9b33d82058545b1ed14f4c8206e,linux1804-64-shippable-qr,microsoft,True,,,,,,,,,,,,,,,,,,,,,,,,,,,,,,,,,,,,,,,,,,,,,,,,,,TN,,,,,,,,,,
,1762128864,2023-09-26 00:20:03,210.0,844608487349450c789be0794a915bb90d90b133,1306338,autoland,ContentfulSpeedIndex,True,microsoft ContentfulSpeedIndex opt fission warm webrender,,77,ms,firefox,False,|f|i|s|s|i|o|n| |w|a|r|m| |w|e|b|r|e|n|d|e|r|,,3776889,13,9b3df14599f65e991e2c4a5eaba7ebe76c85b8c3,102210fe594ee9b33d82058545b1ed14f4c8206e,linux1804-64-shippable-qr,microsoft,True,,,,,,,,,,,,,,,,,,,,,,,,,,,,,,,,,,,,,,,,,,,,,,,,,,TN,,,,,,,,,,
,1762815721,2023-09-26 02:51:20,210.1,956fe894deba1ba357c2699828221cda94a938a0,1306370,autoland,ContentfulSpeedIndex,True,microsoft ContentfulSpeedIndex opt fission warm webrender,,77,ms,firefox,False,|f|i|s|s|i|o|n| |w|a|r|m| |w|e|b|r|e|n|d|e|r|,,3776889,13,9b3df14599f65e991e2c4a5eaba7ebe76c85b8c3,102210fe594ee9b33d82058545b1ed14f4c8206e,linux1804-64-shippable-qr,microsoft,True,,,,,,,,,,,,,,,,,,,,,,,,,,,,,,,,,,,,,,,,,,,,,,,,,,TN,,,,,,,,,,
,1762827727,2023-09-26 02:57:49,209.7,d6b39ea73d85054019ddee8cf425a34c549015d5,1306372,autoland,ContentfulSpeedIndex,True,microsoft ContentfulSpeedIndex opt fission warm webrender,,77,ms,firefox,False,|f|i|s|s|i|o|n| |w|a|r|m| |w|e|b|r|e|n|d|e|r|,,3776889,13,9b3df14599f65e991e2c4a5eaba7ebe76c85b8c3,102210fe594ee9b33d82058545b1ed14f4c8206e,linux1804-64-shippable-qr,microsoft,True,,,,,,,,,,,,,,,,,,,,,,,,,,,,,,,,,,,,,,,,,,,,,,,,,,TN,,,,,,,,,,
,1762224420,2023-09-26 05:18:37,214.7,5c61430973af5452b01293947d0f76b758b97c28,1306392,autoland,ContentfulSpeedIndex,True,microsoft ContentfulSpeedIndex opt fission warm webrender,,77,ms,firefox,False,|f|i|s|s|i|o|n| |w|a|r|m| |w|e|b|r|e|n|d|e|r|,,3776889,13,9b3df14599f65e991e2c4a5eaba7ebe76c85b8c3,102210fe594ee9b33d82058545b1ed14f4c8206e,linux1804-64-shippable-qr,microsoft,True,,,,,,,,,,,,,,,,,,,,,,,,,,,,,,,,,,,,,,,,,,,,,,,,,,TN,,,,,,,,,,
,1762833802,2023-09-26 07:22:43,209.9,0b480081dd33a59f2e3c247ebf9eaa36c90a926a,1306422,autoland,ContentfulSpeedIndex,True,microsoft ContentfulSpeedIndex opt fission warm webrender,,77,ms,firefox,False,|f|i|s|s|i|o|n| |w|a|r|m| |w|e|b|r|e|n|d|e|r|,,3776889,13,9b3df14599f65e991e2c4a5eaba7ebe76c85b8c3,102210fe594ee9b33d82058545b1ed14f4c8206e,linux1804-64-shippable-qr,microsoft,True,,,,,,,,,,,,,,,,,,,,,,,,,,,,,,,,,,,,,,,,,,,,,,,,,,TN,,,,,,,,,,
,1762847843,2023-09-26 07:47:07,235.8,a7382d4a1a052e1b25d2ad2dd2bdbbf16ed3ecd7,1306433,autoland,ContentfulSpeedIndex,True,microsoft ContentfulSpeedIndex opt fission warm webrender,,77,ms,firefox,False,|f|i|s|s|i|o|n| |w|a|r|m| |w|e|b|r|e|n|d|e|r|,,3776889,13,9b3df14599f65e991e2c4a5eaba7ebe76c85b8c3,102210fe594ee9b33d82058545b1ed14f4c8206e,linux1804-64-shippable-qr,microsoft,True,,,,,,,,,,,,,,,,,,,,,,,,,,,,,,,,,,,,,,,,,,,,,,,,,,TN,,,,,,,,,,
,1762293247,2023-09-26 07:48:07,222.0,920e4f82b3485f132edc7f551ecd9334fa702021,1306435,autoland,ContentfulSpeedIndex,True,microsoft ContentfulSpeedIndex opt fission warm webrender,,77,ms,firefox,False,|f|i|s|s|i|o|n| |w|a|r|m| |w|e|b|r|e|n|d|e|r|,,3776889,13,9b3df14599f65e991e2c4a5eaba7ebe76c85b8c3,102210fe594ee9b33d82058545b1ed14f4c8206e,linux1804-64-shippable-qr,microsoft,True,,,,,,,,,,,,,,,,,,,,,,,,,,,,,,,,,,,,,,,,,,,,,,,,,,TN,,,,,,,,,,
,1762407636,2023-09-26 12:02:33,214.3,e60c3407f3620f94624c0ac7484a7d1b257be989,1306598,autoland,ContentfulSpeedIndex,True,microsoft ContentfulSpeedIndex opt fission warm webrender,,77,ms,firefox,False,|f|i|s|s|i|o|n| |w|a|r|m| |w|e|b|r|e|n|d|e|r|,,3776889,13,9b3df14599f65e991e2c4a5eaba7ebe76c85b8c3,102210fe594ee9b33d82058545b1ed14f4c8206e,linux1804-64-shippable-qr,microsoft,True,,,,,,,,,,,,,,,,,,,,,,,,,,,,,,,,,,,,,,,,,,,,,,,,,,TN,,,,,,,,,,
,1762495825,2023-09-26 15:03:48,216.0,f6c351ade4f28a1ce3843d0af7e5ec35b37a3576,1306757,autoland,ContentfulSpeedIndex,True,microsoft ContentfulSpeedIndex opt fission warm webrender,,77,ms,firefox,False,|f|i|s|s|i|o|n| |w|a|r|m| |w|e|b|r|e|n|d|e|r|,,3776889,13,9b3df14599f65e991e2c4a5eaba7ebe76c85b8c3,102210fe594ee9b33d82058545b1ed14f4c8206e,linux1804-64-shippable-qr,microsoft,True,,,,,,,,,,,,,,,,,,,,,,,,,,,,,,,,,,,,,,,,,,,,,,,,,,TN,,,,,,,,,,
,1762687101,2023-09-26 21:35:50,210.3,7a98d860920f5f74014454ce20ec6739e8a16878,1307018,autoland,ContentfulSpeedIndex,True,microsoft ContentfulSpeedIndex opt fission warm webrender,,77,ms,firefox,False,|f|i|s|s|i|o|n| |w|a|r|m| |w|e|b|r|e|n|d|e|r|,,3776889,13,9b3df14599f65e991e2c4a5eaba7ebe76c85b8c3,102210fe594ee9b33d82058545b1ed14f4c8206e,linux1804-64-shippable-qr,microsoft,True,,,,,,,,,,,,,,,,,,,,,,,,,,,,,,,,,,,,,,,,,,,,,,,,,,TN,,,,,,,,,,
,1762772542,2023-09-27 02:35:37,211.2,583cfd323dab818e35dc1f15fa3e92a503e56e11,1307110,autoland,ContentfulSpeedIndex,True,microsoft ContentfulSpeedIndex opt fission warm webrender,,77,ms,firefox,False,|f|i|s|s|i|o|n| |w|a|r|m| |w|e|b|r|e|n|d|e|r|,,3776889,13,9b3df14599f65e991e2c4a5eaba7ebe76c85b8c3,102210fe594ee9b33d82058545b1ed14f4c8206e,linux1804-64-shippable-qr,microsoft,True,,,,,,,,,,,,,,,,,,,,,,,,,,,,,,,,,,,,,,,,,,,,,,,,,,TN,,,,,,,,,,
,1762858777,2023-09-27 06:23:31,208.9,82ae09837aed66d319e3280febbf971a401bd8a6,1307163,autoland,ContentfulSpeedIndex,True,microsoft ContentfulSpeedIndex opt fission warm webrender,,77,ms,firefox,False,|f|i|s|s|i|o|n| |w|a|r|m| |w|e|b|r|e|n|d|e|r|,,3776889,13,9b3df14599f65e991e2c4a5eaba7ebe76c85b8c3,102210fe594ee9b33d82058545b1ed14f4c8206e,linux1804-64-shippable-qr,microsoft,True,,,,,,,,,,,,,,,,,,,,,,,,,,,,,,,,,,,,,,,,,,,,,,,,,,TN,,,,,,,,,,
,1762995880,2023-09-27 10:25:54,215.8,a1a8c2eeff55a4651fa01530fa3ec3ab3bec9b31,1307283,autoland,ContentfulSpeedIndex,True,microsoft ContentfulSpeedIndex opt fission warm webrender,,77,ms,firefox,False,|f|i|s|s|i|o|n| |w|a|r|m| |w|e|b|r|e|n|d|e|r|,,3776889,13,9b3df14599f65e991e2c4a5eaba7ebe76c85b8c3,102210fe594ee9b33d82058545b1ed14f4c8206e,linux1804-64-shippable-qr,microsoft,True,,,,,,,,,,,,,,,,,,,,,,,,,,,,,,,,,,,,,,,,,,,,,,,,,,TN,,,,,,,,,,
,1762970689,2023-09-27 10:32:06,210.0,af764baf74a1dd0e0b863a8cf26c25266bdcbc14,1307289,autoland,ContentfulSpeedIndex,True,microsoft ContentfulSpeedIndex opt fission warm webrender,,77,ms,firefox,False,|f|i|s|s|i|o|n| |w|a|r|m| |w|e|b|r|e|n|d|e|r|,,3776889,13,9b3df14599f65e991e2c4a5eaba7ebe76c85b8c3,102210fe594ee9b33d82058545b1ed14f4c8206e,linux1804-64-shippable-qr,microsoft,True,,,,,,,,,,,,,,,,,,,,,,,,,,,,,,,,,,,,,,,,,,,,,,,,,,TN,,,,,,,,,,
,1763691780,2023-09-27 12:47:16,208.4,980fa29a4d6158b8727d4f95c9acc919dc65d05c,1307354,autoland,ContentfulSpeedIndex,True,microsoft ContentfulSpeedIndex opt fission warm webrender,,77,ms,firefox,False,|f|i|s|s|i|o|n| |w|a|r|m| |w|e|b|r|e|n|d|e|r|,,3776889,13,9b3df14599f65e991e2c4a5eaba7ebe76c85b8c3,102210fe594ee9b33d82058545b1ed14f4c8206e,linux1804-64-shippable-qr,microsoft,True,,,,,,,,,,,,,,,,,,,,,,,,,,,,,,,,,,,,,,,,,,,,,,,,,,TN,,,,,,,,,,
,1763702694,2023-09-27 12:48:19,200.9,b02ccb907221ffc44b9ebee03d8e03282071e929,1307357,autoland,ContentfulSpeedIndex,True,microsoft ContentfulSpeedIndex opt fission warm webrender,,77,ms,firefox,False,|f|i|s|s|i|o|n| |w|a|r|m| |w|e|b|r|e|n|d|e|r|,,3776889,13,9b3df14599f65e991e2c4a5eaba7ebe76c85b8c3,102210fe594ee9b33d82058545b1ed14f4c8206e,linux1804-64-shippable-qr,microsoft,True,,,,,,,,,,,,,,,,,,,,,,,,,,,,,,,,,,,,,,,,,,,,,,,,,,TN,,,,,,,,,,
,1763196025,2023-09-27 14:48:02,208.5,42b4fa32b69deff886ea9bc4f4f7fb94391b751a,1307439,autoland,ContentfulSpeedIndex,True,microsoft ContentfulSpeedIndex opt fission warm webrender,,77,ms,firefox,False,|f|i|s|s|i|o|n| |w|a|r|m| |w|e|b|r|e|n|d|e|r|,,3776889,13,9b3df14599f65e991e2c4a5eaba7ebe76c85b8c3,102210fe594ee9b33d82058545b1ed14f4c8206e,linux1804-64-shippable-qr,microsoft,True,,,,,,,,,,,,,,,,,,,,,,,,,,,,,,,,,,,,,,,,,,,,,,,,,,TN,,,,,,,,,,
,1763310509,2023-09-27 17:53:51,211.1,7768cf51f090145a9009fb37298f3c1da7d60a2f,1307581,autoland,ContentfulSpeedIndex,True,microsoft ContentfulSpeedIndex opt fission warm webrender,,77,ms,firefox,False,|f|i|s|s|i|o|n| |w|a|r|m| |w|e|b|r|e|n|d|e|r|,,3776889,13,9b3df14599f65e991e2c4a5eaba7ebe76c85b8c3,102210fe594ee9b33d82058545b1ed14f4c8206e,linux1804-64-shippable-qr,microsoft,True,,,,,,,,,,,,,,,,,,,,,,,,,,,,,,,,,,,,,,,,,,,,,,,,,,TN,,,,,,,,,,
,1763528965,2023-09-27 23:11:22,208.3,d60788c1a5064d4f45dd33001554cde650df86be,1307771,autoland,ContentfulSpeedIndex,True,microsoft ContentfulSpeedIndex opt fission warm webrender,,77,ms,firefox,False,|f|i|s|s|i|o|n| |w|a|r|m| |w|e|b|r|e|n|d|e|r|,,3776889,13,9b3df14599f65e991e2c4a5eaba7ebe76c85b8c3,102210fe594ee9b33d82058545b1ed14f4c8206e,linux1804-64-shippable-qr,microsoft,True,,,,,,,,,,,,,,,,,,,,,,,,,,,,,,,,,,,,,,,,,,,,,,,,,,TN,,,,,,,,,,
,1763679369,2023-09-28 04:14:46,210.2,d1fc71cc3817fe3529b10939ed53c1d395a346fa,1307836,autoland,ContentfulSpeedIndex,True,microsoft ContentfulSpeedIndex opt fission warm webrender,,77,ms,firefox,False,|f|i|s|s|i|o|n| |w|a|r|m| |w|e|b|r|e|n|d|e|r|,,3776889,13,9b3df14599f65e991e2c4a5eaba7ebe76c85b8c3,102210fe594ee9b33d82058545b1ed14f4c8206e,linux1804-64-shippable-qr,microsoft,True,,,,,,,,,,,,,,,,,,,,,,,,,,,,,,,,,,,,,,,,,,,,,,,,,,TN,,,,,,,,,,
,1763783979,2023-09-28 08:00:04,212.3,d330b8e9f58e1065d1ca63ac5f284f7d1865e83c,1307885,autoland,ContentfulSpeedIndex,True,microsoft ContentfulSpeedIndex opt fission warm webrender,,77,ms,firefox,False,|f|i|s|s|i|o|n| |w|a|r|m| |w|e|b|r|e|n|d|e|r|,,3776889,13,9b3df14599f65e991e2c4a5eaba7ebe76c85b8c3,102210fe594ee9b33d82058545b1ed14f4c8206e,linux1804-64-shippable-qr,microsoft,True,,,,,,,,,,,,,,,,,,,,,,,,,,,,,,,,,,,,,,,,,,,,,,,,,,TN,,,,,,,,,,
,1763901020,2023-09-28 11:44:43,215.6,a5fd40a8bf47afafdda240c7b8f1b1b911d2d937,1308037,autoland,ContentfulSpeedIndex,True,microsoft ContentfulSpeedIndex opt fission warm webrender,,77,ms,firefox,False,|f|i|s|s|i|o|n| |w|a|r|m| |w|e|b|r|e|n|d|e|r|,,3776889,13,9b3df14599f65e991e2c4a5eaba7ebe76c85b8c3,102210fe594ee9b33d82058545b1ed14f4c8206e,linux1804-64-shippable-qr,microsoft,True,,,,,,,,,,,,,,,,,,,,,,,,,,,,,,,,,,,,,,,,,,,,,,,,,,TN,,,,,,,,,,
,1764058336,2023-09-28 15:45:35,205.6,0df79cc60ea0ef86258f3b33d533c75e91805d8b,1308186,autoland,ContentfulSpeedIndex,True,microsoft ContentfulSpeedIndex opt fission warm webrender,,77,ms,firefox,False,|f|i|s|s|i|o|n| |w|a|r|m| |w|e|b|r|e|n|d|e|r|,,3776889,13,9b3df14599f65e991e2c4a5eaba7ebe76c85b8c3,102210fe594ee9b33d82058545b1ed14f4c8206e,linux1804-64-shippable-qr,microsoft,True,,,,,,,,,,,,,,,,,,,,,,,,,,,,,,,,,,,,,,,,,,,,,,,,,,TN,,,,,,,,,,
,1764101944,2023-09-28 16:38:20,208.7,a216736126b15f69ebee5d940a5c3394f95759cb,1308227,autoland,ContentfulSpeedIndex,True,microsoft ContentfulSpeedIndex opt fission warm webrender,,77,ms,firefox,False,|f|i|s|s|i|o|n| |w|a|r|m| |w|e|b|r|e|n|d|e|r|,,3776889,13,9b3df14599f65e991e2c4a5eaba7ebe76c85b8c3,102210fe594ee9b33d82058545b1ed14f4c8206e,linux1804-64-shippable-qr,microsoft,True,,,,,,,,,,,,,,,,,,,,,,,,,,,,,,,,,,,,,,,,,,,,,,,,,,TN,,,,,,,,,,
,1764189520,2023-09-28 19:24:36,213.8,cd324cfaf45936b4670a6c0d15cbfe22d0e2f609,1308380,autoland,ContentfulSpeedIndex,True,microsoft ContentfulSpeedIndex opt fission warm webrender,,77,ms,firefox,False,|f|i|s|s|i|o|n| |w|a|r|m| |w|e|b|r|e|n|d|e|r|,,3776889,13,9b3df14599f65e991e2c4a5eaba7ebe76c85b8c3,102210fe594ee9b33d82058545b1ed14f4c8206e,linux1804-64-shippable-qr,microsoft,True,,,,,,,,,,,,,,,,,,,,,,,,,,,,,,,,,,,,,,,,,,,,,,,,,,TN,,,,,,,,,,
,1764292105,2023-09-28 22:48:25,217.5,72bb9164219d9f54440ccfa7f55dc02f195190f9,1308491,autoland,ContentfulSpeedIndex,True,microsoft ContentfulSpeedIndex opt fission warm webrender,,77,ms,firefox,False,|f|i|s|s|i|o|n| |w|a|r|m| |w|e|b|r|e|n|d|e|r|,,3776889,13,9b3df14599f65e991e2c4a5eaba7ebe76c85b8c3,102210fe594ee9b33d82058545b1ed14f4c8206e,linux1804-64-shippable-qr,microsoft,True,,,,,,,,,,,,,,,,,,,,,,,,,,,,,,,,,,,,,,,,,,,,,,,,,,TN,,,,,,,,,,
,1764533857,2023-09-29 05:26:28,212.4,4fd1c7c2dcf2973c3285d981e74b08dee641a0fc,1308580,autoland,ContentfulSpeedIndex,True,microsoft ContentfulSpeedIndex opt fission warm webrender,,77,ms,firefox,False,|f|i|s|s|i|o|n| |w|a|r|m| |w|e|b|r|e|n|d|e|r|,,3776889,13,9b3df14599f65e991e2c4a5eaba7ebe76c85b8c3,102210fe594ee9b33d82058545b1ed14f4c8206e,linux1804-64-shippable-qr,microsoft,True,,,,,,,,,,,,,,,,,,,,,,,,,,,,,,,,,,,,,,,,,,,,,,,,,,TN,,,,,,,,,,
,1764654491,2023-09-29 09:03:41,211.4,6453cd78e4f187bc198e83900dd9937c3cc6d0fc,1308650,autoland,ContentfulSpeedIndex,True,microsoft ContentfulSpeedIndex opt fission warm webrender,,77,ms,firefox,False,|f|i|s|s|i|o|n| |w|a|r|m| |w|e|b|r|e|n|d|e|r|,,3776889,13,9b3df14599f65e991e2c4a5eaba7ebe76c85b8c3,102210fe594ee9b33d82058545b1ed14f4c8206e,linux1804-64-shippable-qr,microsoft,True,,,,,,,,,,,,,,,,,,,,,,,,,,,,,,,,,,,,,,,,,,,,,,,,,,TN,,,,,,,,,,
,1764753904,2023-09-29 13:06:51,206.9,dfea5c2f2737b0334921941ecd0f5f235432942e,1308761,autoland,ContentfulSpeedIndex,True,microsoft ContentfulSpeedIndex opt fission warm webrender,,77,ms,firefox,False,|f|i|s|s|i|o|n| |w|a|r|m| |w|e|b|r|e|n|d|e|r|,,3776889,13,9b3df14599f65e991e2c4a5eaba7ebe76c85b8c3,102210fe594ee9b33d82058545b1ed14f4c8206e,linux1804-64-shippable-qr,microsoft,True,,,,,,,,,,,,,,,,,,,,,,,,,,,,,,,,,,,,,,,,,,,,,,,,,,TN,,,,,,,,,,
,1764846092,2023-09-29 14:43:48,208.8,e2d3169fc579506294a164827b60ea38b9295bb1,1308803,autoland,ContentfulSpeedIndex,True,microsoft ContentfulSpeedIndex opt fission warm webrender,,77,ms,firefox,False,|f|i|s|s|i|o|n| |w|a|r|m| |w|e|b|r|e|n|d|e|r|,,3776889,13,9b3df14599f65e991e2c4a5eaba7ebe76c85b8c3,102210fe594ee9b33d82058545b1ed14f4c8206e,linux1804-64-shippable-qr,microsoft,True,,,,,,,,,,,,,,,,,,,,,,,,,,,,,,,,,,,,,,,,,,,,,,,,,,TN,,,,,,,,,,
,1765186075,2023-09-29 17:22:14,210.0,51fa8a3c99f0609ebc42be909905d3b3360c6909,1308879,autoland,ContentfulSpeedIndex,True,microsoft ContentfulSpeedIndex opt fission warm webrender,,77,ms,firefox,False,|f|i|s|s|i|o|n| |w|a|r|m| |w|e|b|r|e|n|d|e|r|,,3776889,13,9b3df14599f65e991e2c4a5eaba7ebe76c85b8c3,102210fe594ee9b33d82058545b1ed14f4c8206e,linux1804-64-shippable-qr,microsoft,True,,,,,,,,,,,,,,,,,,,,,,,,,,,,,,,,,,,,,,,,,,,,,,,,,,TN,,,,,,,,,,
,1765198835,2023-09-29 17:23:30,207.4,3677fd4aebcb91190a1d79fc4deeee12bf903671,1308882,autoland,ContentfulSpeedIndex,True,microsoft ContentfulSpeedIndex opt fission warm webrender,,77,ms,firefox,False,|f|i|s|s|i|o|n| |w|a|r|m| |w|e|b|r|e|n|d|e|r|,,3776889,13,9b3df14599f65e991e2c4a5eaba7ebe76c85b8c3,102210fe594ee9b33d82058545b1ed14f4c8206e,linux1804-64-shippable-qr,microsoft,True,,,,,,,,,,,,,,,,,,,,,,,,,,,,,,,,,,,,,,,,,,,,,,,,,,TN,,,,,,,,,,
,1765192916,2023-09-29 17:37:10,212.9,8068f7fac7d44e5f28fec14686fc33ad260de99d,1308888,autoland,ContentfulSpeedIndex,True,microsoft ContentfulSpeedIndex opt fission warm webrender,,77,ms,firefox,False,|f|i|s|s|i|o|n| |w|a|r|m| |w|e|b|r|e|n|d|e|r|,,3776889,13,9b3df14599f65e991e2c4a5eaba7ebe76c85b8c3,102210fe594ee9b33d82058545b1ed14f4c8206e,linux1804-64-shippable-qr,microsoft,True,,,,,,,,,,,,,,,,,,,,,,,,,,,,,,,,,,,,,,,,,,,,,,,,,,TN,,,,,,,,,,
,1765175755,2023-09-29 17:38:01,203.7,dbbfb173932c7a5d8d65faa382f881197bff8d18,1308889,autoland,ContentfulSpeedIndex,True,microsoft ContentfulSpeedIndex opt fission warm webrender,,77,ms,firefox,False,|f|i|s|s|i|o|n| |w|a|r|m| |w|e|b|r|e|n|d|e|r|,,3776889,13,9b3df14599f65e991e2c4a5eaba7ebe76c85b8c3,102210fe594ee9b33d82058545b1ed14f4c8206e,linux1804-64-shippable-qr,microsoft,True,,,,,,,,,,,,,,,,,,,,,,,,,,,,,,,,,,,,,,,,,,,,,,,,,,TN,,,,,,,,,,
,1765208086,2023-09-29 22:04:24,211.5,bcd2222b6b08b09cee468dff6e7f94400e02b303,1309030,autoland,ContentfulSpeedIndex,True,microsoft ContentfulSpeedIndex opt fission warm webrender,,77,ms,firefox,False,|f|i|s|s|i|o|n| |w|a|r|m| |w|e|b|r|e|n|d|e|r|,,3776889,13,9b3df14599f65e991e2c4a5eaba7ebe76c85b8c3,102210fe594ee9b33d82058545b1ed14f4c8206e,linux1804-64-shippable-qr,microsoft,True,,,,,,,,,,,,,,,,,,,,,,,,,,,,,,,,,,,,,,,,,,,,,,,,,,TN,,,,,,,,,,
,1765122455,2023-09-29 22:10:32,201.1,eee85ca883b58f7e7ed94e3a2e4ed573475159d4,1309031,autoland,ContentfulSpeedIndex,True,microsoft ContentfulSpeedIndex opt fission warm webrender,,77,ms,firefox,False,|f|i|s|s|i|o|n| |w|a|r|m| |w|e|b|r|e|n|d|e|r|,,3776889,13,9b3df14599f65e991e2c4a5eaba7ebe76c85b8c3,102210fe594ee9b33d82058545b1ed14f4c8206e,linux1804-64-shippable-qr,microsoft,True,,,,,,,,,,,,,,,,,,,,,,,,,,,,,,,,,,,,,,,,,,,,,,,,,,TN,,,,,,,,,,
,1765218365,2023-09-30 06:24:14,213.0,c0cfc8c5836260ab8706d5b737a4f4f654da4610,1309077,autoland,ContentfulSpeedIndex,True,microsoft ContentfulSpeedIndex opt fission warm webrender,,77,ms,firefox,False,|f|i|s|s|i|o|n| |w|a|r|m| |w|e|b|r|e|n|d|e|r|,,3776889,13,9b3df14599f65e991e2c4a5eaba7ebe76c85b8c3,102210fe594ee9b33d82058545b1ed14f4c8206e,linux1804-64-shippable-qr,microsoft,True,,,,,,,,,,,,,,,,,,,,,,,,,,,,,,,,,,,,,,,,,,,,,,,,,,TN,,,,,,,,,,
,1765332829,2023-09-30 15:09:24,212.8,0d5209658cf41a9d6d9f6c74890ecf69602525c4,1309133,autoland,ContentfulSpeedIndex,True,microsoft ContentfulSpeedIndex opt fission warm webrender,,77,ms,firefox,False,|f|i|s|s|i|o|n| |w|a|r|m| |w|e|b|r|e|n|d|e|r|,,3776889,13,9b3df14599f65e991e2c4a5eaba7ebe76c85b8c3,102210fe594ee9b33d82058545b1ed14f4c8206e,linux1804-64-shippable-qr,microsoft,True,,,,,,,,,,,,,,,,,,,,,,,,,,,,,,,,,,,,,,,,,,,,,,,,,,TN,,,,,,,,,,
,1765340171,2023-09-30 15:56:32,204.1,8c9ba927121cd7f1cb5b31ffb86addc4c34b59a8,1309136,autoland,ContentfulSpeedIndex,True,microsoft ContentfulSpeedIndex opt fission warm webrender,,77,ms,firefox,False,|f|i|s|s|i|o|n| |w|a|r|m| |w|e|b|r|e|n|d|e|r|,,3776889,13,9b3df14599f65e991e2c4a5eaba7ebe76c85b8c3,102210fe594ee9b33d82058545b1ed14f4c8206e,linux1804-64-shippable-qr,microsoft,True,,,,,,,,,,,,,,,,,,,,,,,,,,,,,,,,,,,,,,,,,,,,,,,,,,TN,,,,,,,,,,
,1765393648,2023-09-30 20:01:07,215.9,bacf4fcba00b9d708012b5c8144292e5362ed452,1309152,autoland,ContentfulSpeedIndex,True,microsoft ContentfulSpeedIndex opt fission warm webrender,,77,ms,firefox,False,|f|i|s|s|i|o|n| |w|a|r|m| |w|e|b|r|e|n|d|e|r|,,3776889,13,9b3df14599f65e991e2c4a5eaba7ebe76c85b8c3,102210fe594ee9b33d82058545b1ed14f4c8206e,linux1804-64-shippable-qr,microsoft,True,,,,,,,,,,,,,,,,,,,,,,,,,,,,,,,,,,,,,,,,,,,,,,,,,,TN,,,,,,,,,,
,1765434903,2023-10-01 02:27:22,209.7,b781e655236dff9086d1be5c4b59b0263a9cee56,1309171,autoland,ContentfulSpeedIndex,True,microsoft ContentfulSpeedIndex opt fission warm webrender,,77,ms,firefox,False,|f|i|s|s|i|o|n| |w|a|r|m| |w|e|b|r|e|n|d|e|r|,,3776889,13,9b3df14599f65e991e2c4a5eaba7ebe76c85b8c3,102210fe594ee9b33d82058545b1ed14f4c8206e,linux1804-64-shippable-qr,microsoft,True,,,,,,,,,,,,,,,,,,,,,,,,,,,,,,,,,,,,,,,,,,,,,,,,,,TN,,,,,,,,,,
,1765549417,2023-10-01 15:08:35,211.1,1abb269d873e8bda2c0fa1b4f26f481c89584ca6,1309237,autoland,ContentfulSpeedIndex,True,microsoft ContentfulSpeedIndex opt fission warm webrender,,77,ms,firefox,False,|f|i|s|s|i|o|n| |w|a|r|m| |w|e|b|r|e|n|d|e|r|,,3776889,13,9b3df14599f65e991e2c4a5eaba7ebe76c85b8c3,102210fe594ee9b33d82058545b1ed14f4c8206e,linux1804-64-shippable-qr,microsoft,True,,,,,,,,,,,,,,,,,,,,,,,,,,,,,,,,,,,,,,,,,,,,,,,,,,TN,,,,,,,,,,
,1765589985,2023-10-01 19:57:41,206.8,72adc901a818435f7ba23e492963c7e1bf526be1,1309256,autoland,ContentfulSpeedIndex,True,microsoft ContentfulSpeedIndex opt fission warm webrender,,77,ms,firefox,False,|f|i|s|s|i|o|n| |w|a|r|m| |w|e|b|r|e|n|d|e|r|,,3776889,13,9b3df14599f65e991e2c4a5eaba7ebe76c85b8c3,102210fe594ee9b33d82058545b1ed14f4c8206e,linux1804-64-shippable-qr,microsoft,True,,,,,,,,,,,,,,,,,,,,,,,,,,,,,,,,,,,,,,,,,,,,,,,,,,TN,,,,,,,,,,
,1765603612,2023-10-01 20:03:17,214.4,1c52958ae6ea59e32694986c0d6332b8171aca86,1309258,autoland,ContentfulSpeedIndex,True,microsoft ContentfulSpeedIndex opt fission warm webrender,,77,ms,firefox,False,|f|i|s|s|i|o|n| |w|a|r|m| |w|e|b|r|e|n|d|e|r|,,3776889,13,9b3df14599f65e991e2c4a5eaba7ebe76c85b8c3,102210fe594ee9b33d82058545b1ed14f4c8206e,linux1804-64-shippable-qr,microsoft,True,,,,,,,,,,,,,,,,,,,,,,,,,,,,,,,,,,,,,,,,,,,,,,,,,,TN,,,,,,,,,,
,1765697378,2023-10-02 00:31:45,207.2,55fc90da3cff35171d66e3dcf280575bef8c17a6,1309288,autoland,ContentfulSpeedIndex,True,microsoft ContentfulSpeedIndex opt fission warm webrender,,77,ms,firefox,False,|f|i|s|s|i|o|n| |w|a|r|m| |w|e|b|r|e|n|d|e|r|,,3776889,13,9b3df14599f65e991e2c4a5eaba7ebe76c85b8c3,102210fe594ee9b33d82058545b1ed14f4c8206e,linux1804-64-shippable-qr,microsoft,True,,,,,,,,,,,,,,,,,,,,,,,,,,,,,,,,,,,,,,,,,,,,,,,,,,TN,,,,,,,,,,
,1765880813,2023-10-02 11:08:53,220.2,318059aaa167779fcc844cbf085cb7ffacc47523,1309454,autoland,ContentfulSpeedIndex,True,microsoft ContentfulSpeedIndex opt fission warm webrender,,77,ms,firefox,False,|f|i|s|s|i|o|n| |w|a|r|m| |w|e|b|r|e|n|d|e|r|,,3776889,13,9b3df14599f65e991e2c4a5eaba7ebe76c85b8c3,102210fe594ee9b33d82058545b1ed14f4c8206e,linux1804-64-shippable-qr,microsoft,True,,,,,,,,,,,,,,,,,,,,,,,,,,,,,,,,,,,,,,,,,,,,,,,,,,TN,,,,,,,,,,
,1766446171,2023-10-02 13:23:04,207.3,d4e50ba4e3bb32cd117ee7c751c056f37b00e6f4,1309543,autoland,ContentfulSpeedIndex,True,microsoft ContentfulSpeedIndex opt fission warm webrender,,77,ms,firefox,False,|f|i|s|s|i|o|n| |w|a|r|m| |w|e|b|r|e|n|d|e|r|,,3776889,13,9b3df14599f65e991e2c4a5eaba7ebe76c85b8c3,102210fe594ee9b33d82058545b1ed14f4c8206e,linux1804-64-shippable-qr,microsoft,True,,,,,,,,,,,,,,,,,,,,,,,,,,,,,,,,,,,,,,,,,,,,,,,,,,TN,,,,,,,,,,
,1766364242,2023-10-02 13:24:00,208.0,1404f0f8f3636b099bf2bce17070418ad38f1890,1309544,autoland,ContentfulSpeedIndex,True,microsoft ContentfulSpeedIndex opt fission warm webrender,,77,ms,firefox,False,|f|i|s|s|i|o|n| |w|a|r|m| |w|e|b|r|e|n|d|e|r|,,3776889,13,9b3df14599f65e991e2c4a5eaba7ebe76c85b8c3,102210fe594ee9b33d82058545b1ed14f4c8206e,linux1804-64-shippable-qr,microsoft,True,,,,,,,,,,,,,,,,,,,,,,,,,,,,,,,,,,,,,,,,,,,,,,,,,,TN,,,,,,,,,,
,1766402072,2023-10-02 13:24:51,217.6,ee29ea36851a37d2f52579657e670838c92d0068,1309545,autoland,ContentfulSpeedIndex,True,microsoft ContentfulSpeedIndex opt fission warm webrender,,77,ms,firefox,False,|f|i|s|s|i|o|n| |w|a|r|m| |w|e|b|r|e|n|d|e|r|,,3776889,13,9b3df14599f65e991e2c4a5eaba7ebe76c85b8c3,102210fe594ee9b33d82058545b1ed14f4c8206e,linux1804-64-shippable-qr,microsoft,True,,,,,,,,,,,,,,,,,,,,,,,,,,,,,,,,,,,,,,,,,,,,,,,,,,TN,,,,,,,,,,
,1766099875,2023-10-02 16:59:31,207.6,db33a2d0d6c36f0c15318f1c5ffaa7498a1ee4f3,1309721,autoland,ContentfulSpeedIndex,True,microsoft ContentfulSpeedIndex opt fission warm webrender,,77,ms,firefox,False,|f|i|s|s|i|o|n| |w|a|r|m| |w|e|b|r|e|n|d|e|r|,,3776889,13,9b3df14599f65e991e2c4a5eaba7ebe76c85b8c3,102210fe594ee9b33d82058545b1ed14f4c8206e,linux1804-64-shippable-qr,microsoft,True,,,,,,,,,,,,,,,,,,,,,,,,,,,,,,,,,,,,,,,,,,,,,,,,,,TN,,,,,,,,,,
,1766170439,2023-10-02 20:46:43,208.6,0435b7e1340f2ced37216f0dd2fbf09a0a8f2cad,1309872,autoland,ContentfulSpeedIndex,True,microsoft ContentfulSpeedIndex opt fission warm webrender,,77,ms,firefox,False,|f|i|s|s|i|o|n| |w|a|r|m| |w|e|b|r|e|n|d|e|r|,,3776889,13,9b3df14599f65e991e2c4a5eaba7ebe76c85b8c3,102210fe594ee9b33d82058545b1ed14f4c8206e,linux1804-64-shippable-qr,microsoft,True,,,,,,,,,,,,,,,,,,,,,,,,,,,,,,,,,,,,,,,,,,,,,,,,,,TN,,,,,,,,,,
,1766438848,2023-10-03 05:01:50,212.9,53af11a26cb69e0616d9f481f988276e0a6da93e,1310080,autoland,ContentfulSpeedIndex,True,microsoft ContentfulSpeedIndex opt fission warm webrender,,77,ms,firefox,False,|f|i|s|s|i|o|n| |w|a|r|m| |w|e|b|r|e|n|d|e|r|,,3776889,13,9b3df14599f65e991e2c4a5eaba7ebe76c85b8c3,102210fe594ee9b33d82058545b1ed14f4c8206e,linux1804-64-shippable-qr,microsoft,True,,,,,,,,,,,,,,,,,,,,,,,,,,,,,,,,,,,,,,,,,,,,,,,,,,TN,,,,,,,,,,
,1766708047,2023-10-03 11:04:59,209.5,f003c74ca9f9399bc6db342491d997d682efc357,1310236,autoland,ContentfulSpeedIndex,True,microsoft ContentfulSpeedIndex opt fission warm webrender,,77,ms,firefox,False,|f|i|s|s|i|o|n| |w|a|r|m| |w|e|b|r|e|n|d|e|r|,,3776889,13,9b3df14599f65e991e2c4a5eaba7ebe76c85b8c3,102210fe594ee9b33d82058545b1ed14f4c8206e,linux1804-64-shippable-qr,microsoft,True,,,,,,,,,,,,,,,,,,,,,,,,,,,,,,,,,,,,,,,,,,,,,,,,,,TN,,,,,,,,,,
,1766788728,2023-10-03 12:29:11,206.9,e17d7235b6833e36a524263990347804df15c7fb,1310274,autoland,ContentfulSpeedIndex,True,microsoft ContentfulSpeedIndex opt fission warm webrender,,77,ms,firefox,False,|f|i|s|s|i|o|n| |w|a|r|m| |w|e|b|r|e|n|d|e|r|,,3776889,13,9b3df14599f65e991e2c4a5eaba7ebe76c85b8c3,102210fe594ee9b33d82058545b1ed14f4c8206e,linux1804-64-shippable-qr,microsoft,True,,,,,,,,,,,,,,,,,,,,,,,,,,,,,,,,,,,,,,,,,,,,,,,,,,TN,,,,,,,,,,
,1767221767,2023-10-03 15:17:19,206.8,b3b1aa7e76bca656376581afa36895bcaf2c2bca,1310382,autoland,ContentfulSpeedIndex,True,microsoft ContentfulSpeedIndex opt fission warm webrender,,77,ms,firefox,False,|f|i|s|s|i|o|n| |w|a|r|m| |w|e|b|r|e|n|d|e|r|,,3776889,13,9b3df14599f65e991e2c4a5eaba7ebe76c85b8c3,102210fe594ee9b33d82058545b1ed14f4c8206e,linux1804-64-shippable-qr,microsoft,True,,,,,,,,,,,,,,,,,,,,,,,,,,,,,,,,,,,,,,,,,,,,,,,,,,TN,,,,,,,,,,
,1767308567,2023-10-03 15:19:21,213.0,226b3a89b9be28eabc8c9c4dfebb5eac585c4a66,1310384,autoland,ContentfulSpeedIndex,True,microsoft ContentfulSpeedIndex opt fission warm webrender,,77,ms,firefox,False,|f|i|s|s|i|o|n| |w|a|r|m| |w|e|b|r|e|n|d|e|r|,,3776889,13,9b3df14599f65e991e2c4a5eaba7ebe76c85b8c3,102210fe594ee9b33d82058545b1ed14f4c8206e,linux1804-64-shippable-qr,microsoft,True,,,,,,,,,,,,,,,,,,,,,,,,,,,,,,,,,,,,,,,,,,,,,,,,,,TN,,,,,,,,,,
,1766919545,2023-10-03 16:51:48,213.0,b93578d846b3af884d0a623f8ce43e0183c8307f,1310439,autoland,ContentfulSpeedIndex,True,microsoft ContentfulSpeedIndex opt fission warm webrender,,77,ms,firefox,False,|f|i|s|s|i|o|n| |w|a|r|m| |w|e|b|r|e|n|d|e|r|,,3776889,13,9b3df14599f65e991e2c4a5eaba7ebe76c85b8c3,102210fe594ee9b33d82058545b1ed14f4c8206e,linux1804-64-shippable-qr,microsoft,True,,,,,,,,,,,,,,,,,,,,,,,,,,,,,,,,,,,,,,,,,,,,,,,,,,TN,,,,,,,,,,
,1767293582,2023-10-03 18:55:57,206.9,40e8e79805b33e9018a2ef43bb9b0edfd9bd0ec0,1310528,autoland,ContentfulSpeedIndex,True,microsoft ContentfulSpeedIndex opt fission warm webrender,,77,ms,firefox,False,|f|i|s|s|i|o|n| |w|a|r|m| |w|e|b|r|e|n|d|e|r|,,3776889,13,9b3df14599f65e991e2c4a5eaba7ebe76c85b8c3,102210fe594ee9b33d82058545b1ed14f4c8206e,linux1804-64-shippable-qr,microsoft,True,,,,,,,,,,,,,,,,,,,,,,,,,,,,,,,,,,,,,,,,,,,,,,,,,,TN,,,,,,,,,,
,1767289239,2023-10-03 18:59:16,216.0,629886ef61b65a57dcc4e49625313b4c6b8c8b7e,1310533,autoland,ContentfulSpeedIndex,True,microsoft ContentfulSpeedIndex opt fission warm webrender,,77,ms,firefox,False,|f|i|s|s|i|o|n| |w|a|r|m| |w|e|b|r|e|n|d|e|r|,,3776889,13,9b3df14599f65e991e2c4a5eaba7ebe76c85b8c3,102210fe594ee9b33d82058545b1ed14f4c8206e,linux1804-64-shippable-qr,microsoft,True,,,,,,,,,,,,,,,,,,,,,,,,,,,,,,,,,,,,,,,,,,,,,,,,,,TN,,,,,,,,,,
,1767074202,2023-10-03 20:26:11,211.9,422c0919f37048afb02dc4d87dfc018baa718a5b,1310584,autoland,ContentfulSpeedIndex,True,microsoft ContentfulSpeedIndex opt fission warm webrender,,77,ms,firefox,False,|f|i|s|s|i|o|n| |w|a|r|m| |w|e|b|r|e|n|d|e|r|,,3776889,13,9b3df14599f65e991e2c4a5eaba7ebe76c85b8c3,102210fe594ee9b33d82058545b1ed14f4c8206e,linux1804-64-shippable-qr,microsoft,True,,,,,,,,,,,,,,,,,,,,,,,,,,,,,,,,,,,,,,,,,,,,,,,,,,TN,,,,,,,,,,
,1767140245,2023-10-04 00:09:44,205.3,3fb508020251d2cb191f2d62714da25ec3f35118,1310704,autoland,ContentfulSpeedIndex,True,microsoft ContentfulSpeedIndex opt fission warm webrender,,77,ms,firefox,False,|f|i|s|s|i|o|n| |w|a|r|m| |w|e|b|r|e|n|d|e|r|,,3776889,13,9b3df14599f65e991e2c4a5eaba7ebe76c85b8c3,102210fe594ee9b33d82058545b1ed14f4c8206e,linux1804-64-shippable-qr,microsoft,True,,,,,,,,,,,,,,,,,,,,,,,,,,,,,,,,,,,,,,,,,,,,,,,,,,TN,,,,,,,,,,
,1767326701,2023-10-04 04:52:48,205.4,413c83e8ccdad48a5ea3e58243d8ec9bb8c317fd,1310758,autoland,ContentfulSpeedIndex,True,microsoft ContentfulSpeedIndex opt fission warm webrender,,77,ms,firefox,False,|f|i|s|s|i|o|n| |w|a|r|m| |w|e|b|r|e|n|d|e|r|,,3776889,13,9b3df14599f65e991e2c4a5eaba7ebe76c85b8c3,102210fe594ee9b33d82058545b1ed14f4c8206e,linux1804-64-shippable-qr,microsoft,True,,,,,,,,,,,,,,,,,,,,,,,,,,,,,,,,,,,,,,,,,,,,,,,,,,TN,,,,,,,,,,
,1767396052,2023-10-04 07:37:17,206.9,ee60a98b1285e84f8466d929dd7197b4cb9e3beb,1310806,autoland,ContentfulSpeedIndex,True,microsoft ContentfulSpeedIndex opt fission warm webrender,,77,ms,firefox,False,|f|i|s|s|i|o|n| |w|a|r|m| |w|e|b|r|e|n|d|e|r|,,3776889,13,9b3df14599f65e991e2c4a5eaba7ebe76c85b8c3,102210fe594ee9b33d82058545b1ed14f4c8206e,linux1804-64-shippable-qr,microsoft,True,,,,,,,,,,,,,,,,,,,,,,,,,,,,,,,,,,,,,,,,,,,,,,,,,,TN,,,,,,,,,,
,1768111870,2023-10-04 09:49:47,215.9,1c1b0e052b07035c225a9cfda5aa8f87ea21e372,1310877,autoland,ContentfulSpeedIndex,True,microsoft ContentfulSpeedIndex opt fission warm webrender,,77,ms,firefox,False,|f|i|s|s|i|o|n| |w|a|r|m| |w|e|b|r|e|n|d|e|r|,,3776889,13,9b3df14599f65e991e2c4a5eaba7ebe76c85b8c3,102210fe594ee9b33d82058545b1ed14f4c8206e,linux1804-64-shippable-qr,microsoft,True,,,,,,,,,,,,,,,,,,,,,,,,,,,,,,,,,,,,,,,,,,,,,,,,,,TN,,,,,,,,,,
,1768057792,2023-10-04 09:51:53,214.5,5bf3ad80b3ec559fbfff98aed41d9b68c097f72a,1310879,autoland,ContentfulSpeedIndex,True,microsoft ContentfulSpeedIndex opt fission warm webrender,,77,ms,firefox,False,|f|i|s|s|i|o|n| |w|a|r|m| |w|e|b|r|e|n|d|e|r|,,3776889,13,9b3df14599f65e991e2c4a5eaba7ebe76c85b8c3,102210fe594ee9b33d82058545b1ed14f4c8206e,linux1804-64-shippable-qr,microsoft,True,,,,,,,,,,,,,,,,,,,,,,,,,,,,,,,,,,,,,,,,,,,,,,,,,,TN,,,,,,,,,,
,1767577575,2023-10-04 11:43:59,211.8,c559095402a2380ba171d9c60662e36c8d5e948d,1310929,autoland,ContentfulSpeedIndex,True,microsoft ContentfulSpeedIndex opt fission warm webrender,,77,ms,firefox,False,|f|i|s|s|i|o|n| |w|a|r|m| |w|e|b|r|e|n|d|e|r|,,3776889,13,9b3df14599f65e991e2c4a5eaba7ebe76c85b8c3,102210fe594ee9b33d82058545b1ed14f4c8206e,linux1804-64-shippable-qr,microsoft,True,,,,,,,,,,,,,,,,,,,,,,,,,,,,,,,,,,,,,,,,,,,,,,,,,,TN,,,,,,,,,,
,1767675771,2023-10-04 13:35:26,209.6,764533656770292f05824c8125c45832ba08baa6,1311025,autoland,ContentfulSpeedIndex,True,microsoft ContentfulSpeedIndex opt fission warm webrender,,77,ms,firefox,False,|f|i|s|s|i|o|n| |w|a|r|m| |w|e|b|r|e|n|d|e|r|,,3776889,13,9b3df14599f65e991e2c4a5eaba7ebe76c85b8c3,102210fe594ee9b33d82058545b1ed14f4c8206e,linux1804-64-shippable-qr,microsoft,True,,,,,,,,,,,,,,,,,,,,,,,,,,,,,,,,,,,,,,,,,,,,,,,,,,TN,,,,,,,,,,
,1767724805,2023-10-04 16:58:39,208.3,ce4c0f200f3bbd6681a6313aebf0d64f7ea8afe5,1311191,autoland,ContentfulSpeedIndex,True,microsoft ContentfulSpeedIndex opt fission warm webrender,,77,ms,firefox,False,|f|i|s|s|i|o|n| |w|a|r|m| |w|e|b|r|e|n|d|e|r|,,3776889,13,9b3df14599f65e991e2c4a5eaba7ebe76c85b8c3,102210fe594ee9b33d82058545b1ed14f4c8206e,linux1804-64-shippable-qr,microsoft,True,,,,,,,,,,,,,,,,,,,,,,,,,,,,,,,,,,,,,,,,,,,,,,,,,,TN,,,,,,,,,,
,1767878710,2023-10-04 20:54:48,209.5,e557eb7d97ce665fd81c680ed136877f12572c13,1311395,autoland,ContentfulSpeedIndex,True,microsoft ContentfulSpeedIndex opt fission warm webrender,,77,ms,firefox,False,|f|i|s|s|i|o|n| |w|a|r|m| |w|e|b|r|e|n|d|e|r|,,3776889,13,9b3df14599f65e991e2c4a5eaba7ebe76c85b8c3,102210fe594ee9b33d82058545b1ed14f4c8206e,linux1804-64-shippable-qr,microsoft,True,,,,,,,,,,,,,,,,,,,,,,,,,,,,,,,,,,,,,,,,,,,,,,,,,,TN,,,,,,,,,,
,1767993204,2023-10-05 00:01:56,220.6,59f4df7189285072039d3a68afd88090443edb71,1311536,autoland,ContentfulSpeedIndex,True,microsoft ContentfulSpeedIndex opt fission warm webrender,,77,ms,firefox,False,|f|i|s|s|i|o|n| |w|a|r|m| |w|e|b|r|e|n|d|e|r|,,3776889,13,9b3df14599f65e991e2c4a5eaba7ebe76c85b8c3,102210fe594ee9b33d82058545b1ed14f4c8206e,linux1804-64-shippable-qr,microsoft,True,,,,,,,,,,,,,,,,,,,,,,,,,,,,,,,,,,,,,,,,,,,,,,,,,,TN,,,,,,,,,,
,1768091577,2023-10-05 04:15:14,209.4,c406ccc1889d7f77e187d219bc9800009e26c02e,1311596,autoland,ContentfulSpeedIndex,True,microsoft ContentfulSpeedIndex opt fission warm webrender,,77,ms,firefox,False,|f|i|s|s|i|o|n| |w|a|r|m| |w|e|b|r|e|n|d|e|r|,,3776889,13,9b3df14599f65e991e2c4a5eaba7ebe76c85b8c3,102210fe594ee9b33d82058545b1ed14f4c8206e,linux1804-64-shippable-qr,microsoft,True,,,,,,,,,,,,,,,,,,,,,,,,,,,,,,,,,,,,,,,,,,,,,,,,,,TN,,,,,,,,,,
,1768254142,2023-10-05 08:15:44,208.4,526604ee2cd434fcf94020c1c8b6b96d253a6e83,1311663,autoland,ContentfulSpeedIndex,True,microsoft ContentfulSpeedIndex opt fission warm webrender,,77,ms,firefox,False,|f|i|s|s|i|o|n| |w|a|r|m| |w|e|b|r|e|n|d|e|r|,,3776889,13,9b3df14599f65e991e2c4a5eaba7ebe76c85b8c3,102210fe594ee9b33d82058545b1ed14f4c8206e,linux1804-64-shippable-qr,microsoft,True,,,,,,,,,,,,,,,,,,,,,,,,,,,,,,,,,,,,,,,,,,,,,,,,,,TN,,,,,,,,,,
,1768170465,2023-10-05 08:43:24,214.1,352fa7471fb72db127fc25a7723d201abec7bd50,1311677,autoland,ContentfulSpeedIndex,True,microsoft ContentfulSpeedIndex opt fission warm webrender,,77,ms,firefox,False,|f|i|s|s|i|o|n| |w|a|r|m| |w|e|b|r|e|n|d|e|r|,,3776889,13,9b3df14599f65e991e2c4a5eaba7ebe76c85b8c3,102210fe594ee9b33d82058545b1ed14f4c8206e,linux1804-64-shippable-qr,microsoft,True,,,,,,,,,,,,,,,,,,,,,,,,,,,,,,,,,,,,,,,,,,,,,,,,,,TN,,,,,,,,,,
,1768355031,2023-10-05 13:03:19,212.0,071a248f1589b12a9d492997caf012ac6a813d61,1311840,autoland,ContentfulSpeedIndex,True,microsoft ContentfulSpeedIndex opt fission warm webrender,,77,ms,firefox,False,|f|i|s|s|i|o|n| |w|a|r|m| |w|e|b|r|e|n|d|e|r|,,3776889,13,9b3df14599f65e991e2c4a5eaba7ebe76c85b8c3,102210fe594ee9b33d82058545b1ed14f4c8206e,linux1804-64-shippable-qr,microsoft,True,,,,,,,,,,,,,,,,,,,,,,,,,,,,,,,,,,,,,,,,,,,,,,,,,,TN,,,,,,,,,,
,1768563830,2023-10-05 14:07:33,214.3,38a59b940c35dfab50ff2deda3fe6f27bfa99213,1311899,autoland,ContentfulSpeedIndex,True,microsoft ContentfulSpeedIndex opt fission warm webrender,,77,ms,firefox,False,|f|i|s|s|i|o|n| |w|a|r|m| |w|e|b|r|e|n|d|e|r|,,3776889,13,9b3df14599f65e991e2c4a5eaba7ebe76c85b8c3,102210fe594ee9b33d82058545b1ed14f4c8206e,linux1804-64-shippable-qr,microsoft,True,,,,,,,,,,,,,,,,,,,,,,,,,,,,,,,,,,,,,,,,,,,,,,,,,,TN,,,,,,,,,,
,1768644605,2023-10-05 17:18:24,218.4,def7651a06fb17bb344eaf48cc6daa6047be722e,1312069,autoland,ContentfulSpeedIndex,True,microsoft ContentfulSpeedIndex opt fission warm webrender,,77,ms,firefox,False,|f|i|s|s|i|o|n| |w|a|r|m| |w|e|b|r|e|n|d|e|r|,,3776889,13,9b3df14599f65e991e2c4a5eaba7ebe76c85b8c3,102210fe594ee9b33d82058545b1ed14f4c8206e,linux1804-64-shippable-qr,microsoft,True,,,,,,,,,,,,,,,,,,,,,,,,,,,,,,,,,,,,,,,,,,,,,,,,,,TN,,,,,,,,,,
,1768773185,2023-10-05 19:49:01,208.5,5cb270a4e6b6f0aa6cd6865b7f8daf75ad10263c,1312160,autoland,ContentfulSpeedIndex,True,microsoft ContentfulSpeedIndex opt fission warm webrender,,77,ms,firefox,False,|f|i|s|s|i|o|n| |w|a|r|m| |w|e|b|r|e|n|d|e|r|,,3776889,13,9b3df14599f65e991e2c4a5eaba7ebe76c85b8c3,102210fe594ee9b33d82058545b1ed14f4c8206e,linux1804-64-shippable-qr,microsoft,True,,,,,,,,,,,,,,,,,,,,,,,,,,,,,,,,,,,,,,,,,,,,,,,,,,TN,,,,,,,,,,
,1768922310,2023-10-06 01:08:36,214.6,461a9c98a535b9896e9d394bdfee72ce90cf7afd,1312319,autoland,ContentfulSpeedIndex,True,microsoft ContentfulSpeedIndex opt fission warm webrender,,77,ms,firefox,False,|f|i|s|s|i|o|n| |w|a|r|m| |w|e|b|r|e|n|d|e|r|,,3776889,13,9b3df14599f65e991e2c4a5eaba7ebe76c85b8c3,102210fe594ee9b33d82058545b1ed14f4c8206e,linux1804-64-shippable-qr,microsoft,True,,,,,,,,,,,,,,,,,,,,,,,,,,,,,,,,,,,,,,,,,,,,,,,,,,TN,,,,,,,,,,
,1768970692,2023-10-06 04:02:35,211.1,055e1badb79853e71fe9123f8e0c60a4381a1239,1312369,autoland,ContentfulSpeedIndex,True,microsoft ContentfulSpeedIndex opt fission warm webrender,,77,ms,firefox,False,|f|i|s|s|i|o|n| |w|a|r|m| |w|e|b|r|e|n|d|e|r|,,3776889,13,9b3df14599f65e991e2c4a5eaba7ebe76c85b8c3,102210fe594ee9b33d82058545b1ed14f4c8206e,linux1804-64-shippable-qr,microsoft,True,,,,,,,,,,,,,,,,,,,,,,,,,,,,,,,,,,,,,,,,,,,,,,,,,,TN,,,,,,,,,,
,1769138890,2023-10-06 08:43:18,214.6,00b027478170756439b780282f9cfdf15edea985,1312452,autoland,ContentfulSpeedIndex,True,microsoft ContentfulSpeedIndex opt fission warm webrender,,77,ms,firefox,False,|f|i|s|s|i|o|n| |w|a|r|m| |w|e|b|r|e|n|d|e|r|,,3776889,13,9b3df14599f65e991e2c4a5eaba7ebe76c85b8c3,102210fe594ee9b33d82058545b1ed14f4c8206e,linux1804-64-shippable-qr,microsoft,True,,,,,,,,,,,,,,,,,,,,,,,,,,,,,,,,,,,,,,,,,,,,,,,,,,TN,,,,,,,,,,
,1769201875,2023-10-06 12:06:22,232.6,9b362770f30bc360df921ba24ace5de8c387e631,1312537,autoland,ContentfulSpeedIndex,True,microsoft ContentfulSpeedIndex opt fission warm webrender,,77,ms,firefox,False,|f|i|s|s|i|o|n| |w|a|r|m| |w|e|b|r|e|n|d|e|r|,,3776889,13,9b3df14599f65e991e2c4a5eaba7ebe76c85b8c3,102210fe594ee9b33d82058545b1ed14f4c8206e,linux1804-64-shippable-qr,microsoft,True,,,,,,,,,,,,,,,,,,,,,,,,,,,,,,,,,,,,,,,,,,,,,,,,,,TN,,,,,,,,,,
,1769620842,2023-10-06 13:46:53,211.7,8de2cc7842d02711e15c523c1ef655d13a93d459,1312613,autoland,ContentfulSpeedIndex,True,microsoft ContentfulSpeedIndex opt fission warm webrender,,77,ms,firefox,False,|f|i|s|s|i|o|n| |w|a|r|m| |w|e|b|r|e|n|d|e|r|,,3776889,13,9b3df14599f65e991e2c4a5eaba7ebe76c85b8c3,102210fe594ee9b33d82058545b1ed14f4c8206e,linux1804-64-shippable-qr,microsoft,True,,,,,,,,,,,,,,,,,,,,,,,,,,,,,,,,,,,,,,,,,,,,,,,,,,TN,,,,,,,,,,
,1769630675,2023-10-06 13:56:34,208.4,200aa4c0347a88e2cc21215f1cbe2441ea2feed1,1312619,autoland,ContentfulSpeedIndex,True,microsoft ContentfulSpeedIndex opt fission warm webrender,,77,ms,firefox,False,|f|i|s|s|i|o|n| |w|a|r|m| |w|e|b|r|e|n|d|e|r|,,3776889,13,9b3df14599f65e991e2c4a5eaba7ebe76c85b8c3,102210fe594ee9b33d82058545b1ed14f4c8206e,linux1804-64-shippable-qr,microsoft,True,,,,,,,,,,,,,,,,,,,,,,,,,,,,,,,,,,,,,,,,,,,,,,,,,,TN,,,,,,,,,,
,1769497864,2023-10-06 19:00:40,209.9,c561ffa6099b97fd965811d77fd98de66c44d32b,1312844,autoland,ContentfulSpeedIndex,True,microsoft ContentfulSpeedIndex opt fission warm webrender,,77,ms,firefox,False,|f|i|s|s|i|o|n| |w|a|r|m| |w|e|b|r|e|n|d|e|r|,,3776889,13,9b3df14599f65e991e2c4a5eaba7ebe76c85b8c3,102210fe594ee9b33d82058545b1ed14f4c8206e,linux1804-64-shippable-qr,microsoft,True,,,,,,,,,,,,,,,,,,,,,,,,,,,,,,,,,,,,,,,,,,,,,,,,,,TN,,,,,,,,,,
,1769552401,2023-10-06 23:09:23,208.9,1d25ed23e85a3a9d0d9117997337757d0ff718a2,1312997,autoland,ContentfulSpeedIndex,True,microsoft ContentfulSpeedIndex opt fission warm webrender,,77,ms,firefox,False,|f|i|s|s|i|o|n| |w|a|r|m| |w|e|b|r|e|n|d|e|r|,,3776889,13,9b3df14599f65e991e2c4a5eaba7ebe76c85b8c3,102210fe594ee9b33d82058545b1ed14f4c8206e,linux1804-64-shippable-qr,microsoft,True,,,,,,,,,,,,,,,,,,,,,,,,,,,,,,,,,,,,,,,,,,,,,,,,,,TN,,,,,,,,,,
,1769596883,2023-10-07 03:35:30,212.0,4db29be9ee2947a3d67a996fefc3ff1cb94a6fcc,1313062,autoland,ContentfulSpeedIndex,True,microsoft ContentfulSpeedIndex opt fission warm webrender,,77,ms,firefox,False,|f|i|s|s|i|o|n| |w|a|r|m| |w|e|b|r|e|n|d|e|r|,,3776889,13,9b3df14599f65e991e2c4a5eaba7ebe76c85b8c3,102210fe594ee9b33d82058545b1ed14f4c8206e,linux1804-64-shippable-qr,microsoft,True,,,,,,,,,,,,,,,,,,,,,,,,,,,,,,,,,,,,,,,,,,,,,,,,,,TN,,,,,,,,,,
,1769651544,2023-10-07 06:02:53,204.4,c4c56469518a5ccc9349ed7d29a0d56eba776df6,1313071,autoland,ContentfulSpeedIndex,True,microsoft ContentfulSpeedIndex opt fission warm webrender,,77,ms,firefox,False,|f|i|s|s|i|o|n| |w|a|r|m| |w|e|b|r|e|n|d|e|r|,,3776889,13,9b3df14599f65e991e2c4a5eaba7ebe76c85b8c3,102210fe594ee9b33d82058545b1ed14f4c8206e,linux1804-64-shippable-qr,microsoft,True,,,,,,,,,,,,,,,,,,,,,,,,,,,,,,,,,,,,,,,,,,,,,,,,,,TN,,,,,,,,,,
,1769759287,2023-10-07 13:52:35,210.3,ef73c2e8cd831f2a46ff5704623db63232fd912d,1313122,autoland,ContentfulSpeedIndex,True,microsoft ContentfulSpeedIndex opt fission warm webrender,,77,ms,firefox,False,|f|i|s|s|i|o|n| |w|a|r|m| |w|e|b|r|e|n|d|e|r|,,3776889,13,9b3df14599f65e991e2c4a5eaba7ebe76c85b8c3,102210fe594ee9b33d82058545b1ed14f4c8206e,linux1804-64-shippable-qr,microsoft,True,,,,,,,,,,,,,,,,,,,,,,,,,,,,,,,,,,,,,,,,,,,,,,,,,,TN,,,,,,,,,,
,1769815632,2023-10-07 18:43:49,211.2,8db232d0f8c742a85eb803c996ef87edac9d5c81,1313149,autoland,ContentfulSpeedIndex,True,microsoft ContentfulSpeedIndex opt fission warm webrender,,77,ms,firefox,False,|f|i|s|s|i|o|n| |w|a|r|m| |w|e|b|r|e|n|d|e|r|,,3776889,13,9b3df14599f65e991e2c4a5eaba7ebe76c85b8c3,102210fe594ee9b33d82058545b1ed14f4c8206e,linux1804-64-shippable-qr,microsoft,True,,,,,,,,,,,,,,,,,,,,,,,,,,,,,,,,,,,,,,,,,,,,,,,,,,TN,,,,,,,,,,
,1769880915,2023-10-07 23:15:17,213.0,fba49989dde6aa32244c622fd43abe19a32128ae,1313184,autoland,ContentfulSpeedIndex,True,microsoft ContentfulSpeedIndex opt fission warm webrender,,77,ms,firefox,False,|f|i|s|s|i|o|n| |w|a|r|m| |w|e|b|r|e|n|d|e|r|,,3776889,13,9b3df14599f65e991e2c4a5eaba7ebe76c85b8c3,102210fe594ee9b33d82058545b1ed14f4c8206e,linux1804-64-shippable-qr,microsoft,True,,,,,,,,,,,,,,,,,,,,,,,,,,,,,,,,,,,,,,,,,,,,,,,,,,TN,,,,,,,,,,
,1769965811,2023-10-08 08:55:12,214.4,68e866f36130edd1c8de093ac6d8a0fb78006527,1313211,autoland,ContentfulSpeedIndex,True,microsoft ContentfulSpeedIndex opt fission warm webrender,,77,ms,firefox,False,|f|i|s|s|i|o|n| |w|a|r|m| |w|e|b|r|e|n|d|e|r|,,3776889,13,9b3df14599f65e991e2c4a5eaba7ebe76c85b8c3,102210fe594ee9b33d82058545b1ed14f4c8206e,linux1804-64-shippable-qr,microsoft,True,,,,,,,,,,,,,,,,,,,,,,,,,,,,,,,,,,,,,,,,,,,,,,,,,,TN,,,,,,,,,,
,1770205128,2023-10-08 23:28:16,207.9,38314c6dc43eed509bfa7c922dbbc4147ac2ce34,1313289,autoland,ContentfulSpeedIndex,True,microsoft ContentfulSpeedIndex opt fission warm webrender,,77,ms,firefox,False,|f|i|s|s|i|o|n| |w|a|r|m| |w|e|b|r|e|n|d|e|r|,,3776889,13,9b3df14599f65e991e2c4a5eaba7ebe76c85b8c3,102210fe594ee9b33d82058545b1ed14f4c8206e,linux1804-64-shippable-qr,microsoft,True,,,,,,,,,,,,,,,,,,,,,,,,,,,,,,,,,,,,,,,,,,,,,,,,,,TN,,,,,,,,,,
,1770269048,2023-10-09 04:48:12,208.7,d5fd5e481ff21f14c9771aa58f8fb378a8430cdf,1313332,autoland,ContentfulSpeedIndex,True,microsoft ContentfulSpeedIndex opt fission warm webrender,,77,ms,firefox,False,|f|i|s|s|i|o|n| |w|a|r|m| |w|e|b|r|e|n|d|e|r|,,3776889,13,9b3df14599f65e991e2c4a5eaba7ebe76c85b8c3,102210fe594ee9b33d82058545b1ed14f4c8206e,linux1804-64-shippable-qr,microsoft,True,,,,,,,,,,,,,,,,,,,,,,,,,,,,,,,,,,,,,,,,,,,,,,,,,,TN,,,,,,,,,,
,1770452365,2023-10-09 08:48:33,209.6,77c18c08c9ff87c6ff0e5b546ac609296d5e04db,1313413,autoland,ContentfulSpeedIndex,True,microsoft ContentfulSpeedIndex opt fission warm webrender,,77,ms,firefox,False,|f|i|s|s|i|o|n| |w|a|r|m| |w|e|b|r|e|n|d|e|r|,,3776889,13,9b3df14599f65e991e2c4a5eaba7ebe76c85b8c3,102210fe594ee9b33d82058545b1ed14f4c8206e,linux1804-64-shippable-qr,microsoft,True,,,,,,,,,,,,,,,,,,,,,,,,,,,,,,,,,,,,,,,,,,,,,,,,,,TN,,,,,,,,,,
,1770472927,2023-10-09 11:45:29,203.6,70c980c054e9a0693d3bee343b1235d47894163d,1313495,autoland,ContentfulSpeedIndex,True,microsoft ContentfulSpeedIndex opt fission warm webrender,,77,ms,firefox,False,|f|i|s|s|i|o|n| |w|a|r|m| |w|e|b|r|e|n|d|e|r|,,3776889,13,9b3df14599f65e991e2c4a5eaba7ebe76c85b8c3,102210fe594ee9b33d82058545b1ed14f4c8206e,linux1804-64-shippable-qr,microsoft,True,,,,,,,,,,,,,,,,,,,,,,,,,,,,,,,,,,,,,,,,,,,,,,,,,,TN,,,,,,,,,,
,1770574369,2023-10-09 16:17:23,216.5,86e82f01df51429edbb4cfa27823d4d71e7844ab,1313678,autoland,ContentfulSpeedIndex,True,microsoft ContentfulSpeedIndex opt fission warm webrender,,77,ms,firefox,False,|f|i|s|s|i|o|n| |w|a|r|m| |w|e|b|r|e|n|d|e|r|,,3776889,13,9b3df14599f65e991e2c4a5eaba7ebe76c85b8c3,102210fe594ee9b33d82058545b1ed14f4c8206e,linux1804-64-shippable-qr,microsoft,True,,,,,,,,,,,,,,,,,,,,,,,,,,,,,,,,,,,,,,,,,,,,,,,,,,TN,,,,,,,,,,
,1770617289,2023-10-09 16:47:54,209.5,9591bcc532c4599dba688d3555c6a0135139c39a,1313694,autoland,ContentfulSpeedIndex,True,microsoft ContentfulSpeedIndex opt fission warm webrender,,77,ms,firefox,False,|f|i|s|s|i|o|n| |w|a|r|m| |w|e|b|r|e|n|d|e|r|,,3776889,13,9b3df14599f65e991e2c4a5eaba7ebe76c85b8c3,102210fe594ee9b33d82058545b1ed14f4c8206e,linux1804-64-shippable-qr,microsoft,True,,,,,,,,,,,,,,,,,,,,,,,,,,,,,,,,,,,,,,,,,,,,,,,,,,TN,,,,,,,,,,
,1770722497,2023-10-09 21:45:38,208.7,3d1ac3fb7670dd794589cae42735270de4266f4c,1313856,autoland,ContentfulSpeedIndex,True,microsoft ContentfulSpeedIndex opt fission warm webrender,,77,ms,firefox,False,|f|i|s|s|i|o|n| |w|a|r|m| |w|e|b|r|e|n|d|e|r|,,3776889,13,9b3df14599f65e991e2c4a5eaba7ebe76c85b8c3,102210fe594ee9b33d82058545b1ed14f4c8206e,linux1804-64-shippable-qr,microsoft,True,,,,,,,,,,,,,,,,,,,,,,,,,,,,,,,,,,,,,,,,,,,,,,,,,,TN,,,,,,,,,,
,1770796172,2023-10-10 02:31:01,208.6,935a0ba75b642adf295d7792f8ad8129f87e4c03,1313960,autoland,ContentfulSpeedIndex,True,microsoft ContentfulSpeedIndex opt fission warm webrender,,77,ms,firefox,False,|f|i|s|s|i|o|n| |w|a|r|m| |w|e|b|r|e|n|d|e|r|,,3776889,13,9b3df14599f65e991e2c4a5eaba7ebe76c85b8c3,102210fe594ee9b33d82058545b1ed14f4c8206e,linux1804-64-shippable-qr,microsoft,True,,,,,,,,,,,,,,,,,,,,,,,,,,,,,,,,,,,,,,,,,,,,,,,,,,TN,,,,,,,,,,
,1770851117,2023-10-10 06:35:36,209.6,de9287a68ed836a8fd2eb2ba90de0770a18c877a,1314004,autoland,ContentfulSpeedIndex,True,microsoft ContentfulSpeedIndex opt fission warm webrender,,77,ms,firefox,False,|f|i|s|s|i|o|n| |w|a|r|m| |w|e|b|r|e|n|d|e|r|,,3776889,13,9b3df14599f65e991e2c4a5eaba7ebe76c85b8c3,102210fe594ee9b33d82058545b1ed14f4c8206e,linux1804-64-shippable-qr,microsoft,True,,,,,,,,,,,,,,,,,,,,,,,,,,,,,,,,,,,,,,,,,,,,,,,,,,TN,,,,,,,,,,
,1770890111,2023-10-10 08:23:57,207.1,bec78f6e89cdb3b51ac879af75533217f38970cf,1314048,autoland,ContentfulSpeedIndex,True,microsoft ContentfulSpeedIndex opt fission warm webrender,,77,ms,firefox,False,|f|i|s|s|i|o|n| |w|a|r|m| |w|e|b|r|e|n|d|e|r|,,3776889,13,9b3df14599f65e991e2c4a5eaba7ebe76c85b8c3,102210fe594ee9b33d82058545b1ed14f4c8206e,linux1804-64-shippable-qr,microsoft,True,,,,,,,,,,,,,,,,,,,,,,,,,,,,,,,,,,,,,,,,,,,,,,,,,,TN,,,,,,,,,,
,1771056384,2023-10-10 12:59:15,207.7,7a4c861a2d10a6757c8844de9bd8f71c94cb6150,1314216,autoland,ContentfulSpeedIndex,True,microsoft ContentfulSpeedIndex opt fission warm webrender,,77,ms,firefox,False,|f|i|s|s|i|o|n| |w|a|r|m| |w|e|b|r|e|n|d|e|r|,,3776889,13,9b3df14599f65e991e2c4a5eaba7ebe76c85b8c3,102210fe594ee9b33d82058545b1ed14f4c8206e,linux1804-64-shippable-qr,microsoft,True,,,,,,,,,,,,,,,,,,,,,,,,,,,,,,,,,,,,,,,,,,,,,,,,,,TN,,,,,,,,,,
,1771502235,2023-10-10 13:04:52,211.5,fcde87df3b93db3d958e21f5a1824932b5a1e3af,1314219,autoland,ContentfulSpeedIndex,True,microsoft ContentfulSpeedIndex opt fission warm webrender,,77,ms,firefox,False,|f|i|s|s|i|o|n| |w|a|r|m| |w|e|b|r|e|n|d|e|r|,,3776889,13,9b3df14599f65e991e2c4a5eaba7ebe76c85b8c3,102210fe594ee9b33d82058545b1ed14f4c8206e,linux1804-64-shippable-qr,microsoft,True,,,,,,,,,,,,,,,,,,,,,,,,,,,,,,,,,,,,,,,,,,,,,,,,,,TN,,,,,,,,,,
,1771485354,2023-10-10 13:32:03,210.0,45b924a9f0ce3bb7897eba747182390358f0aab5,1314244,autoland,ContentfulSpeedIndex,True,microsoft ContentfulSpeedIndex opt fission warm webrender,,77,ms,firefox,False,|f|i|s|s|i|o|n| |w|a|r|m| |w|e|b|r|e|n|d|e|r|,,3776889,13,9b3df14599f65e991e2c4a5eaba7ebe76c85b8c3,102210fe594ee9b33d82058545b1ed14f4c8206e,linux1804-64-shippable-qr,microsoft,True,,,,,,,,,,,,,,,,,,,,,,,,,,,,,,,,,,,,,,,,,,,,,,,,,,TN,,,,,,,,,,
,1771465927,2023-10-10 14:21:52,214.8,a356f20620ff71f1baee4893e21927c48f8da223,1314283,autoland,ContentfulSpeedIndex,True,microsoft ContentfulSpeedIndex opt fission warm webrender,,77,ms,firefox,False,|f|i|s|s|i|o|n| |w|a|r|m| |w|e|b|r|e|n|d|e|r|,,3776889,13,9b3df14599f65e991e2c4a5eaba7ebe76c85b8c3,102210fe594ee9b33d82058545b1ed14f4c8206e,linux1804-64-shippable-qr,microsoft,True,,,,,,,,,,,,,,,,,,,,,,,,,,,,,,,,,,,,,,,,,,,,,,,,,,TN,,,,,,,,,,
,1771433465,2023-10-10 14:39:22,210.9,60af720985092b2072845a378ab68a4c3f98670a,1314303,autoland,ContentfulSpeedIndex,True,microsoft ContentfulSpeedIndex opt fission warm webrender,,77,ms,firefox,False,|f|i|s|s|i|o|n| |w|a|r|m| |w|e|b|r|e|n|d|e|r|,,3776889,13,9b3df14599f65e991e2c4a5eaba7ebe76c85b8c3,102210fe594ee9b33d82058545b1ed14f4c8206e,linux1804-64-shippable-qr,microsoft,True,,,,,,,,,,,,,,,,,,,,,,,,,,,,,,,,,,,,,,,,,,,,,,,,,,TN,,,,,,,,,,
,1771108330,2023-10-10 15:20:47,205.5,686073214e498a3ed6018f15d9cd093812f5ab6f,1314341,autoland,ContentfulSpeedIndex,True,microsoft ContentfulSpeedIndex opt fission warm webrender,,77,ms,firefox,False,|f|i|s|s|i|o|n| |w|a|r|m| |w|e|b|r|e|n|d|e|r|,,3776889,13,9b3df14599f65e991e2c4a5eaba7ebe76c85b8c3,102210fe594ee9b33d82058545b1ed14f4c8206e,linux1804-64-shippable-qr,microsoft,True,,,,,,,,,,,,,,,,,,,,,,,,,,,,,,,,,,,,,,,,,,,,,,,,,,TN,,,,,,,,,,
,1771258178,2023-10-10 18:56:17,206.5,e746122083e758920b17ca0fd4726093187f3715,1314490,autoland,ContentfulSpeedIndex,True,microsoft ContentfulSpeedIndex opt fission warm webrender,,77,ms,firefox,False,|f|i|s|s|i|o|n| |w|a|r|m| |w|e|b|r|e|n|d|e|r|,,3776889,13,9b3df14599f65e991e2c4a5eaba7ebe76c85b8c3,102210fe594ee9b33d82058545b1ed14f4c8206e,linux1804-64-shippable-qr,microsoft,True,,,,,,,,,,,,,,,,,,,,,,,,,,,,,,,,,,,,,,,,,,,,,,,,,,TN,,,,,,,,,,
,1771343267,2023-10-10 21:46:34,208.3,32a23612bb297f386b6239e7bff0be58b62b2f73,1314585,autoland,ContentfulSpeedIndex,True,microsoft ContentfulSpeedIndex opt fission warm webrender,,77,ms,firefox,False,|f|i|s|s|i|o|n| |w|a|r|m| |w|e|b|r|e|n|d|e|r|,,3776889,13,9b3df14599f65e991e2c4a5eaba7ebe76c85b8c3,102210fe594ee9b33d82058545b1ed14f4c8206e,linux1804-64-shippable-qr,microsoft,True,,,,,,,,,,,,,,,,,,,,,,,,,,,,,,,,,,,,,,,,,,,,,,,,,,TN,,,,,,,,,,
,1772192721,2023-10-11 00:09:28,212.7,88753a02fc62dc29db2d5f9f6c8eb7d599f6d39f,1314684,autoland,ContentfulSpeedIndex,True,microsoft ContentfulSpeedIndex opt fission warm webrender,,77,ms,firefox,False,|f|i|s|s|i|o|n| |w|a|r|m| |w|e|b|r|e|n|d|e|r|,,3776889,13,9b3df14599f65e991e2c4a5eaba7ebe76c85b8c3,102210fe594ee9b33d82058545b1ed14f4c8206e,linux1804-64-shippable-qr,microsoft,True,,,,,,,,,,,,,,,,,,,,,,,,,,,,,,,,,,,,,,,,,,,,,,,,,,TN,,,,,,,,,,
,1772170686,2023-10-11 00:33:20,212.5,d96615dc7b30363d62e6f07d235da826838846bc,1314688,autoland,ContentfulSpeedIndex,True,microsoft ContentfulSpeedIndex opt fission warm webrender,,77,ms,firefox,False,|f|i|s|s|i|o|n| |w|a|r|m| |w|e|b|r|e|n|d|e|r|,,3776889,13,9b3df14599f65e991e2c4a5eaba7ebe76c85b8c3,102210fe594ee9b33d82058545b1ed14f4c8206e,linux1804-64-shippable-qr,microsoft,True,,,,,,,,,,,,,,,,,,,,,,,,,,,,,,,,,,,,,,,,,,,,,,,,,,TN,,,,,,,,,,
,1771479428,2023-10-11 04:35:52,213.7,fb1c93363030ee78f4a3ea0da9854fb688a630b8,1314760,autoland,ContentfulSpeedIndex,True,microsoft ContentfulSpeedIndex opt fission warm webrender,,77,ms,firefox,False,|f|i|s|s|i|o|n| |w|a|r|m| |w|e|b|r|e|n|d|e|r|,,3776889,13,9b3df14599f65e991e2c4a5eaba7ebe76c85b8c3,102210fe594ee9b33d82058545b1ed14f4c8206e,linux1804-64-shippable-qr,microsoft,True,,,,,,,,,,,,,,,,,,,,,,,,,,,,,,,,,,,,,,,,,,,,,,,,,,TN,,,,,,,,,,
,1771525254,2023-10-11 05:18:39,211.4,d677f2833f2cf056757a6a3cf8c2e8b4273fb788,1314767,autoland,ContentfulSpeedIndex,True,microsoft ContentfulSpeedIndex opt fission warm webrender,,77,ms,firefox,False,|f|i|s|s|i|o|n| |w|a|r|m| |w|e|b|r|e|n|d|e|r|,,3776889,13,9b3df14599f65e991e2c4a5eaba7ebe76c85b8c3,102210fe594ee9b33d82058545b1ed14f4c8206e,linux1804-64-shippable-qr,microsoft,True,,,,,,,,,,,,,,,,,,,,,,,,,,,,,,,,,,,,,,,,,,,,,,,,,,TN,,,,,,,,,,
,1771645442,2023-10-11 09:29:42,212.9,2124c3eebcb12eb72e8ced7bfb3c8521a028af8d,1314864,autoland,ContentfulSpeedIndex,True,microsoft ContentfulSpeedIndex opt fission warm webrender,,77,ms,firefox,False,|f|i|s|s|i|o|n| |w|a|r|m| |w|e|b|r|e|n|d|e|r|,,3776889,13,9b3df14599f65e991e2c4a5eaba7ebe76c85b8c3,102210fe594ee9b33d82058545b1ed14f4c8206e,linux1804-64-shippable-qr,microsoft,True,,,,,,,,,,,,,,,,,,,,,,,,,,,,,,,,,,,,,,,,,,,,,,,,,,TN,,,,,,,,,,
,1771656610,2023-10-11 10:39:45,216.1,e4751df31e7494090d14b0ab8ff52bab6c1391d7,1314918,autoland,ContentfulSpeedIndex,True,microsoft ContentfulSpeedIndex opt fission warm webrender,,77,ms,firefox,False,|f|i|s|s|i|o|n| |w|a|r|m| |w|e|b|r|e|n|d|e|r|,,3776889,13,9b3df14599f65e991e2c4a5eaba7ebe76c85b8c3,102210fe594ee9b33d82058545b1ed14f4c8206e,linux1804-64-shippable-qr,microsoft,True,,,,,,,,,,,,,,,,,,,,,,,,,,,,,,,,,,,,,,,,,,,,,,,,,,TN,,,,,,,,,,
,1771748467,2023-10-11 14:42:40,213.1,2f6d9a971e1895c3186c6f2cdc2286c9f6e9694e,1315015,autoland,ContentfulSpeedIndex,True,microsoft ContentfulSpeedIndex opt fission warm webrender,,77,ms,firefox,False,|f|i|s|s|i|o|n| |w|a|r|m| |w|e|b|r|e|n|d|e|r|,,3776889,13,9b3df14599f65e991e2c4a5eaba7ebe76c85b8c3,102210fe594ee9b33d82058545b1ed14f4c8206e,linux1804-64-shippable-qr,microsoft,True,,,,,,,,,,,,,,,,,,,,,,,,,,,,,,,,,,,,,,,,,,,,,,,,,,TN,,,,,,,,,,
,1771771007,2023-10-11 15:07:05,205.7,a710f6c3ab82ca81444f0478a4882217c3628bf0,1315029,autoland,ContentfulSpeedIndex,True,microsoft ContentfulSpeedIndex opt fission warm webrender,,77,ms,firefox,False,|f|i|s|s|i|o|n| |w|a|r|m| |w|e|b|r|e|n|d|e|r|,,3776889,13,9b3df14599f65e991e2c4a5eaba7ebe76c85b8c3,102210fe594ee9b33d82058545b1ed14f4c8206e,linux1804-64-shippable-qr,microsoft,True,,,,,,,,,,,,,,,,,,,,,,,,,,,,,,,,,,,,,,,,,,,,,,,,,,TN,,,,,,,,,,
,1771815351,2023-10-11 17:21:18,205.7,be8d8e6ec4b7216d8dcb9b4ff8c8a413fc83da74,1315168,autoland,ContentfulSpeedIndex,True,microsoft ContentfulSpeedIndex opt fission warm webrender,,77,ms,firefox,False,|f|i|s|s|i|o|n| |w|a|r|m| |w|e|b|r|e|n|d|e|r|,,3776889,13,9b3df14599f65e991e2c4a5eaba7ebe76c85b8c3,102210fe594ee9b33d82058545b1ed14f4c8206e,linux1804-64-shippable-qr,microsoft,True,,,,,,,,,,,,,,,,,,,,,,,,,,,,,,,,,,,,,,,,,,,,,,,,,,TN,,,,,,,,,,
,1771945133,2023-10-11 21:29:22,206.7,dfe9eba9757679d9dda934ba7dd5798a0c3360fe,1315364,autoland,ContentfulSpeedIndex,True,microsoft ContentfulSpeedIndex opt fission warm webrender,,77,ms,firefox,False,|f|i|s|s|i|o|n| |w|a|r|m| |w|e|b|r|e|n|d|e|r|,,3776889,13,9b3df14599f65e991e2c4a5eaba7ebe76c85b8c3,102210fe594ee9b33d82058545b1ed14f4c8206e,linux1804-64-shippable-qr,microsoft,True,,,,,,,,,,,,,,,,,,,,,,,,,,,,,,,,,,,,,,,,,,,,,,,,,,TN,,,,,,,,,,
,1771964731,2023-10-11 21:41:54,219.2,2cbc64e7dbb0cd771d39710e5c3f2ed9a7e02b50,1315372,autoland,ContentfulSpeedIndex,True,microsoft ContentfulSpeedIndex opt fission warm webrender,,77,ms,firefox,False,|f|i|s|s|i|o|n| |w|a|r|m| |w|e|b|r|e|n|d|e|r|,,3776889,13,9b3df14599f65e991e2c4a5eaba7ebe76c85b8c3,102210fe594ee9b33d82058545b1ed14f4c8206e,linux1804-64-shippable-qr,microsoft,True,,,,,,,,,,,,,,,,,,,,,,,,,,,,,,,,,,,,,,,,,,,,,,,,,,TN,,,,,,,,,,
,1772156775,2023-10-12 04:10:05,232.4,c77a5d731bccf47b2b9f0714e44d5943f903d95e,1315494,autoland,ContentfulSpeedIndex,True,microsoft ContentfulSpeedIndex opt fission warm webrender,,77,ms,firefox,False,|f|i|s|s|i|o|n| |w|a|r|m| |w|e|b|r|e|n|d|e|r|,,3776889,13,9b3df14599f65e991e2c4a5eaba7ebe76c85b8c3,102210fe594ee9b33d82058545b1ed14f4c8206e,linux1804-64-shippable-qr,microsoft,True,,,,,,,,,,,,,,,,,,,,,,,,,,,,,,,,,,,,,,,,,,,,,,,,,,TN,,,,,,,,,,
,1772228198,2023-10-12 08:16:23,208.3,d64dc6406137711ffbc7f0bc42f6794a1c4ad236,1315559,autoland,ContentfulSpeedIndex,True,microsoft ContentfulSpeedIndex opt fission warm webrender,,77,ms,firefox,False,|f|i|s|s|i|o|n| |w|a|r|m| |w|e|b|r|e|n|d|e|r|,,3776889,13,9b3df14599f65e991e2c4a5eaba7ebe76c85b8c3,102210fe594ee9b33d82058545b1ed14f4c8206e,linux1804-64-shippable-qr,microsoft,True,,,,,,,,,,,,,,,,,,,,,,,,,,,,,,,,,,,,,,,,,,,,,,,,,,TN,,,,,,,,,,
,1772303221,2023-10-12 09:32:06,208.7,6eb785f75431f10faa331dabd429029e6dd1224e,1315613,autoland,ContentfulSpeedIndex,True,microsoft ContentfulSpeedIndex opt fission warm webrender,,77,ms,firefox,False,|f|i|s|s|i|o|n| |w|a|r|m| |w|e|b|r|e|n|d|e|r|,,3776889,13,9b3df14599f65e991e2c4a5eaba7ebe76c85b8c3,102210fe594ee9b33d82058545b1ed14f4c8206e,linux1804-64-shippable-qr,microsoft,True,,,,,,,,,,,,,,,,,,,,,,,,,,,,,,,,,,,,,,,,,,,,,,,,,,TN,,,,,,,,,,
,1772811671,2023-10-12 09:47:02,213.2,c25b3a0b864c4419985106ff938b73a7e1a43cb0,1315625,autoland,ContentfulSpeedIndex,True,microsoft ContentfulSpeedIndex opt fission warm webrender,,77,ms,firefox,False,|f|i|s|s|i|o|n| |w|a|r|m| |w|e|b|r|e|n|d|e|r|,,3776889,13,9b3df14599f65e991e2c4a5eaba7ebe76c85b8c3,102210fe594ee9b33d82058545b1ed14f4c8206e,linux1804-64-shippable-qr,microsoft,True,,,,,,,,,,,,,,,,,,,,,,,,,,,,,,,,,,,,,,,,,,,,,,,,,,TN,,,,,,,,,,
,1772787951,2023-10-12 09:59:06,214.3,9e5296fd6179caf9546e8478d7d34b22972ea0ed,1315630,autoland,ContentfulSpeedIndex,True,microsoft ContentfulSpeedIndex opt fission warm webrender,,77,ms,firefox,False,|f|i|s|s|i|o|n| |w|a|r|m| |w|e|b|r|e|n|d|e|r|,,3776889,13,9b3df14599f65e991e2c4a5eaba7ebe76c85b8c3,102210fe594ee9b33d82058545b1ed14f4c8206e,linux1804-64-shippable-qr,microsoft,True,,,,,,,,,,,,,,,,,,,,,,,,,,,,,,,,,,,,,,,,,,,,,,,,,,TN,,,,,,,,,,
,1772396195,2023-10-12 12:42:22,213.3,d3c6163a42b6002297fdb7cbb78395ee4495a357,1315709,autoland,ContentfulSpeedIndex,True,microsoft ContentfulSpeedIndex opt fission warm webrender,,77,ms,firefox,False,|f|i|s|s|i|o|n| |w|a|r|m| |w|e|b|r|e|n|d|e|r|,,3776889,13,9b3df14599f65e991e2c4a5eaba7ebe76c85b8c3,102210fe594ee9b33d82058545b1ed14f4c8206e,linux1804-64-shippable-qr,microsoft,True,,,,,,,,,,,,,,,,,,,,,,,,,,,,,,,,,,,,,,,,,,,,,,,,,,TN,,,,,,,,,,
,1772490583,2023-10-12 17:01:35,208.4,c09a0d19d99b488a292e3583cd0bb488afc74173,1315902,autoland,ContentfulSpeedIndex,True,microsoft ContentfulSpeedIndex opt fission warm webrender,,77,ms,firefox,False,|f|i|s|s|i|o|n| |w|a|r|m| |w|e|b|r|e|n|d|e|r|,,3776889,13,9b3df14599f65e991e2c4a5eaba7ebe76c85b8c3,102210fe594ee9b33d82058545b1ed14f4c8206e,linux1804-64-shippable-qr,microsoft,True,,,,,,,,,,,,,,,,,,,,,,,,,,,,,,,,,,,,,,,,,,,,,,,,,,TN,,,,,,,,,,
,1772512105,2023-10-12 17:02:35,205.6,a5369079cd89dd91a42689da9aad1fc607ef9146,1315903,autoland,ContentfulSpeedIndex,True,microsoft ContentfulSpeedIndex opt fission warm webrender,,77,ms,firefox,False,|f|i|s|s|i|o|n| |w|a|r|m| |w|e|b|r|e|n|d|e|r|,,3776889,13,9b3df14599f65e991e2c4a5eaba7ebe76c85b8c3,102210fe594ee9b33d82058545b1ed14f4c8206e,linux1804-64-shippable-qr,microsoft,True,,,,,,,,,,,,,,,,,,,,,,,,,,,,,,,,,,,,,,,,,,,,,,,,,,TN,,,,,,,,,,
,1772584422,2023-10-12 19:48:41,209.9,b9478e8898d6397ccb0ca6d2f90b882083ef91d2,1316052,autoland,ContentfulSpeedIndex,True,microsoft ContentfulSpeedIndex opt fission warm webrender,,77,ms,firefox,False,|f|i|s|s|i|o|n| |w|a|r|m| |w|e|b|r|e|n|d|e|r|,,3776889,13,9b3df14599f65e991e2c4a5eaba7ebe76c85b8c3,102210fe594ee9b33d82058545b1ed14f4c8206e,linux1804-64-shippable-qr,microsoft,True,,,,,,,,,,,,,,,,,,,,,,,,,,,,,,,,,,,,,,,,,,,,,,,,,,TN,,,,,,,,,,
,1772726070,2023-10-12 23:58:41,213.0,6769216667ff487b1442f654ee41dc5f12c23983,1316211,autoland,ContentfulSpeedIndex,True,microsoft ContentfulSpeedIndex opt fission warm webrender,,77,ms,firefox,False,|f|i|s|s|i|o|n| |w|a|r|m| |w|e|b|r|e|n|d|e|r|,,3776889,13,9b3df14599f65e991e2c4a5eaba7ebe76c85b8c3,102210fe594ee9b33d82058545b1ed14f4c8206e,linux1804-64-shippable-qr,microsoft,True,,,,,,,,,,,,,,,,,,,,,,,,,,,,,,,,,,,,,,,,,,,,,,,,,,TN,,,,,,,,,,
,1772820270,2023-10-13 06:04:39,207.3,810153993fc0b06ce0eabae2602fc7f74ed9be18,1316292,autoland,ContentfulSpeedIndex,True,microsoft ContentfulSpeedIndex opt fission warm webrender,,77,ms,firefox,False,|f|i|s|s|i|o|n| |w|a|r|m| |w|e|b|r|e|n|d|e|r|,,3776889,13,9b3df14599f65e991e2c4a5eaba7ebe76c85b8c3,102210fe594ee9b33d82058545b1ed14f4c8206e,linux1804-64-shippable-qr,microsoft,True,,,,,,,,,,,,,,,,,,,,,,,,,,,,,,,,,,,,,,,,,,,,,,,,,,TN,,,,,,,,,,
,1772839664,2023-10-13 06:28:51,217.6,930888998f68ddfb0f36d898e98305e459d7cbb2,1316299,autoland,ContentfulSpeedIndex,True,microsoft ContentfulSpeedIndex opt fission warm webrender,,77,ms,firefox,False,|f|i|s|s|i|o|n| |w|a|r|m| |w|e|b|r|e|n|d|e|r|,,3776889,13,9b3df14599f65e991e2c4a5eaba7ebe76c85b8c3,102210fe594ee9b33d82058545b1ed14f4c8206e,linux1804-64-shippable-qr,microsoft,True,,,,,,,,,,,,,,,,,,,,,,,,,,,,,,,,,,,,,,,,,,,,,,,,,,TN,,,,,,,,,,
,1772981224,2023-10-13 10:45:16,208.4,0db2502d9e9503580a800e13235be8c02043bbc0,1316413,autoland,ContentfulSpeedIndex,True,microsoft ContentfulSpeedIndex opt fission warm webrender,,77,ms,firefox,False,|f|i|s|s|i|o|n| |w|a|r|m| |w|e|b|r|e|n|d|e|r|,,3776889,13,9b3df14599f65e991e2c4a5eaba7ebe76c85b8c3,102210fe594ee9b33d82058545b1ed14f4c8206e,linux1804-64-shippable-qr,microsoft,True,,,,,,,,,,,,,,,,,,,,,,,,,,,,,,,,,,,,,,,,,,,,,,,,,,TN,,,,,,,,,,
,1773014359,2023-10-13 11:42:22,214.4,8246d773a07ce105d3a9f92b96007867c7df3cc4,1316442,autoland,ContentfulSpeedIndex,True,microsoft ContentfulSpeedIndex opt fission warm webrender,,77,ms,firefox,False,|f|i|s|s|i|o|n| |w|a|r|m| |w|e|b|r|e|n|d|e|r|,,3776889,13,9b3df14599f65e991e2c4a5eaba7ebe76c85b8c3,102210fe594ee9b33d82058545b1ed14f4c8206e,linux1804-64-shippable-qr,microsoft,True,,,,,,,,,,,,,,,,,,,,,,,,,,,,,,,,,,,,,,,,,,,,,,,,,,TN,,,,,,,,,,
,1773368353,2023-10-13 14:26:35,215.4,d92869043e48f272340ceae0f119dd775474cb62,1316557,autoland,ContentfulSpeedIndex,True,microsoft ContentfulSpeedIndex opt fission warm webrender,,77,ms,firefox,False,|f|i|s|s|i|o|n| |w|a|r|m| |w|e|b|r|e|n|d|e|r|,,3776889,13,9b3df14599f65e991e2c4a5eaba7ebe76c85b8c3,102210fe594ee9b33d82058545b1ed14f4c8206e,linux1804-64-shippable-qr,microsoft,True,,,,,,,,,,,,,,,,,,,,,,,,,,,,,,,,,,,,,,,,,,,,,,,,,,TN,,,,,,,,,,
,1773355273,2023-10-13 14:55:48,211.4,0038344669650c895c3351ddfb62b9f89119d0e3,1316590,autoland,ContentfulSpeedIndex,True,microsoft ContentfulSpeedIndex opt fission warm webrender,,77,ms,firefox,False,|f|i|s|s|i|o|n| |w|a|r|m| |w|e|b|r|e|n|d|e|r|,,3776889,13,9b3df14599f65e991e2c4a5eaba7ebe76c85b8c3,102210fe594ee9b33d82058545b1ed14f4c8206e,linux1804-64-shippable-qr,microsoft,True,,,,,,,,,,,,,,,,,,,,,,,,,,,,,,,,,,,,,,,,,,,,,,,,,,TN,,,,,,,,,,
,1773080299,2023-10-13 15:49:30,234.3,8adc92d3a6a8eeeefd63f98296c29907c3838316,1316607,autoland,ContentfulSpeedIndex,True,microsoft ContentfulSpeedIndex opt fission warm webrender,,77,ms,firefox,False,|f|i|s|s|i|o|n| |w|a|r|m| |w|e|b|r|e|n|d|e|r|,,3776889,13,9b3df14599f65e991e2c4a5eaba7ebe76c85b8c3,102210fe594ee9b33d82058545b1ed14f4c8206e,linux1804-64-shippable-qr,microsoft,True,,,,,,,,,,,,,,,,,,,,,,,,,,,,,,,,,,,,,,,,,,,,,,,,,,TN,,,,,,,,,,
,1773071178,2023-10-13 16:11:23,206.3,9ba44fb4eeafba4229fe28a6f3b42c79d8d05692,1316611,autoland,ContentfulSpeedIndex,True,microsoft ContentfulSpeedIndex opt fission warm webrender,,77,ms,firefox,False,|f|i|s|s|i|o|n| |w|a|r|m| |w|e|b|r|e|n|d|e|r|,,3776889,13,9b3df14599f65e991e2c4a5eaba7ebe76c85b8c3,102210fe594ee9b33d82058545b1ed14f4c8206e,linux1804-64-shippable-qr,microsoft,True,,,,,,,,,,,,,,,,,,,,,,,,,,,,,,,,,,,,,,,,,,,,,,,,,,TN,,,,,,,,,,
,1773317959,2023-10-14 00:40:19,214.4,bcd044cb6c313be98b766d19688066871ddaa6b3,1316857,autoland,ContentfulSpeedIndex,True,microsoft ContentfulSpeedIndex opt fission warm webrender,,77,ms,firefox,False,|f|i|s|s|i|o|n| |w|a|r|m| |w|e|b|r|e|n|d|e|r|,,3776889,13,9b3df14599f65e991e2c4a5eaba7ebe76c85b8c3,102210fe594ee9b33d82058545b1ed14f4c8206e,linux1804-64-shippable-qr,microsoft,True,,,,,,,,,,,,,,,,,,,,,,,,,,,,,,,,,,,,,,,,,,,,,,,,,,TN,,,,,,,,,,
,1773359122,2023-10-14 05:14:50,211.6,19db6b0f6713fdb1f311426a7899070e3ca19d6b,1316873,autoland,ContentfulSpeedIndex,True,microsoft ContentfulSpeedIndex opt fission warm webrender,,77,ms,firefox,False,|f|i|s|s|i|o|n| |w|a|r|m| |w|e|b|r|e|n|d|e|r|,,3776889,13,9b3df14599f65e991e2c4a5eaba7ebe76c85b8c3,102210fe594ee9b33d82058545b1ed14f4c8206e,linux1804-64-shippable-qr,microsoft,True,,,,,,,,,,,,,,,,,,,,,,,,,,,,,,,,,,,,,,,,,,,,,,,,,,TN,,,,,,,,,,
,1773403484,2023-10-14 09:25:57,215.9,1e870b95242b07bc4961bf7558d0703dd03814b3,1316895,autoland,ContentfulSpeedIndex,True,microsoft ContentfulSpeedIndex opt fission warm webrender,,77,ms,firefox,False,|f|i|s|s|i|o|n| |w|a|r|m| |w|e|b|r|e|n|d|e|r|,,3776889,13,9b3df14599f65e991e2c4a5eaba7ebe76c85b8c3,102210fe594ee9b33d82058545b1ed14f4c8206e,linux1804-64-shippable-qr,microsoft,True,,,,,,,,,,,,,,,,,,,,,,,,,,,,,,,,,,,,,,,,,,,,,,,,,,TN,,,,,,,,,,
,1773547508,2023-10-14 16:14:11,208.4,3f99c563251ec523301e9d46e6904989fc827306,1316942,autoland,ContentfulSpeedIndex,True,microsoft ContentfulSpeedIndex opt fission warm webrender,,77,ms,firefox,False,|f|i|s|s|i|o|n| |w|a|r|m| |w|e|b|r|e|n|d|e|r|,,3776889,13,9b3df14599f65e991e2c4a5eaba7ebe76c85b8c3,102210fe594ee9b33d82058545b1ed14f4c8206e,linux1804-64-shippable-qr,microsoft,True,,,,,,,,,,,,,,,,,,,,,,,,,,,,,,,,,,,,,,,,,,,,,,,,,,TN,,,,,,,,,,
,1773687405,2023-10-15 06:24:19,205.4,468469f54da6070a84314dc3c4ddcdfaca74b714,1316977,autoland,ContentfulSpeedIndex,True,microsoft ContentfulSpeedIndex opt fission warm webrender,,77,ms,firefox,False,|f|i|s|s|i|o|n| |w|a|r|m| |w|e|b|r|e|n|d|e|r|,,3776889,13,9b3df14599f65e991e2c4a5eaba7ebe76c85b8c3,102210fe594ee9b33d82058545b1ed14f4c8206e,linux1804-64-shippable-qr,microsoft,True,,,,,,,,,,,,,,,,,,,,,,,,,,,,,,,,,,,,,,,,,,,,,,,,,,TN,,,,,,,,,,
,1773752217,2023-10-15 10:45:53,220.6,91657cb1296c904004ace38877b9ca91f502be3f,1317007,autoland,ContentfulSpeedIndex,True,microsoft ContentfulSpeedIndex opt fission warm webrender,,77,ms,firefox,False,|f|i|s|s|i|o|n| |w|a|r|m| |w|e|b|r|e|n|d|e|r|,,3776889,13,9b3df14599f65e991e2c4a5eaba7ebe76c85b8c3,102210fe594ee9b33d82058545b1ed14f4c8206e,linux1804-64-shippable-qr,microsoft,True,,,,,,,,,,,,,,,,,,,,,,,,,,,,,,,,,,,,,,,,,,,,,,,,,,TN,,,,,,,,,,
,1773801321,2023-10-15 15:32:44,211.3,aba20bc488e22880b8ef5a89916ecabb51cee798,1317021,autoland,ContentfulSpeedIndex,True,microsoft ContentfulSpeedIndex opt fission warm webrender,,77,ms,firefox,False,|f|i|s|s|i|o|n| |w|a|r|m| |w|e|b|r|e|n|d|e|r|,,3776889,13,9b3df14599f65e991e2c4a5eaba7ebe76c85b8c3,102210fe594ee9b33d82058545b1ed14f4c8206e,linux1804-64-shippable-qr,microsoft,True,,,,,,,,,,,,,,,,,,,,,,,,,,,,,,,,,,,,,,,,,,,,,,,,,,TN,,,,,,,,,,
,1773907265,2023-10-16 01:55:37,216.5,f3de6f924333ec7c359d81d9fb16a9fca07ee42e,1317071,autoland,ContentfulSpeedIndex,True,microsoft ContentfulSpeedIndex opt fission warm webrender,,77,ms,firefox,False,|f|i|s|s|i|o|n| |w|a|r|m| |w|e|b|r|e|n|d|e|r|,,3776889,13,9b3df14599f65e991e2c4a5eaba7ebe76c85b8c3,102210fe594ee9b33d82058545b1ed14f4c8206e,linux1804-64-shippable-qr,microsoft,True,,,,,,,,,,,,,,,,,,,,,,,,,,,,,,,,,,,,,,,,,,,,,,,,,,TN,,,,,,,,,,
,1773966355,2023-10-16 05:57:00,209.4,e891ad8158b3106dceb2199ed2c74c0c2f05fa88,1317093,autoland,ContentfulSpeedIndex,True,microsoft ContentfulSpeedIndex opt fission warm webrender,,77,ms,firefox,False,|f|i|s|s|i|o|n| |w|a|r|m| |w|e|b|r|e|n|d|e|r|,,3776889,13,9b3df14599f65e991e2c4a5eaba7ebe76c85b8c3,102210fe594ee9b33d82058545b1ed14f4c8206e,linux1804-64-shippable-qr,microsoft,True,,,,,,,,,,,,,,,,,,,,,,,,,,,,,,,,,,,,,,,,,,,,,,,,,,TN,,,,,,,,,,
,1774728723,2023-10-16 08:23:09,227.0,56bf1b814b61d03feb5af78e0597df5e42a3d9b1,1317139,autoland,ContentfulSpeedIndex,True,microsoft ContentfulSpeedIndex opt fission warm webrender,,77,ms,firefox,False,|f|i|s|s|i|o|n| |w|a|r|m| |w|e|b|r|e|n|d|e|r|,,3776889,13,9b3df14599f65e991e2c4a5eaba7ebe76c85b8c3,102210fe594ee9b33d82058545b1ed14f4c8206e,linux1804-64-shippable-qr,microsoft,True,,,,,,,,,,,,,,,,,,,,,,,,,,,,,,,,,,,,,,,,,,,,,,,,,,TN,,,,,,,,,,
,1774674023,2023-10-16 08:56:06,212.7,fd6b422ae3e6288547b10ebdb73868dbf8146f3c,1317154,autoland,ContentfulSpeedIndex,True,microsoft ContentfulSpeedIndex opt fission warm webrender,,77,ms,firefox,False,|f|i|s|s|i|o|n| |w|a|r|m| |w|e|b|r|e|n|d|e|r|,,3776889,13,9b3df14599f65e991e2c4a5eaba7ebe76c85b8c3,102210fe594ee9b33d82058545b1ed14f4c8206e,linux1804-64-shippable-qr,microsoft,True,,,,,,,,,,,,,,,,,,,,,,,,,,,,,,,,,,,,,,,,,,,,,,,,,,TN,,,,,,,,,,
,1774703510,2023-10-16 08:56:06,211.4,fd6b422ae3e6288547b10ebdb73868dbf8146f3c,1317154,autoland,ContentfulSpeedIndex,True,microsoft ContentfulSpeedIndex opt fission warm webrender,,77,ms,firefox,False,|f|i|s|s|i|o|n| |w|a|r|m| |w|e|b|r|e|n|d|e|r|,,3776889,13,9b3df14599f65e991e2c4a5eaba7ebe76c85b8c3,102210fe594ee9b33d82058545b1ed14f4c8206e,linux1804-64-shippable-qr,microsoft,True,,,,,,,,,,,,,,,,,,,,,,,,,,,,,,,,,,,,,,,,,,,,,,,,,,TN,,,,,,,,,,
,1774684814,2023-10-16 08:59:07,206.7,0ae489476d37cd7110a2ac3774b5cbcb97accfad,1317156,autoland,ContentfulSpeedIndex,True,microsoft ContentfulSpeedIndex opt fission warm webrender,,77,ms,firefox,False,|f|i|s|s|i|o|n| |w|a|r|m| |w|e|b|r|e|n|d|e|r|,,3776889,13,9b3df14599f65e991e2c4a5eaba7ebe76c85b8c3,102210fe594ee9b33d82058545b1ed14f4c8206e,linux1804-64-shippable-qr,microsoft,True,,,,,,,,,,,,,,,,,,,,,,,,,,,,,,,,,,,,,,,,,,,,,,,,,,TN,,,,,,,,,,
,1774097405,2023-10-16 10:06:37,208.8,e009aa26b6f79e7e5af18000b983f6decaa90eed,1317197,autoland,ContentfulSpeedIndex,True,microsoft ContentfulSpeedIndex opt fission warm webrender,,77,ms,firefox,False,|f|i|s|s|i|o|n| |w|a|r|m| |w|e|b|r|e|n|d|e|r|,,3776889,13,9b3df14599f65e991e2c4a5eaba7ebe76c85b8c3,102210fe594ee9b33d82058545b1ed14f4c8206e,linux1804-64-shippable-qr,microsoft,True,,,,,,,,,,,,,,,,,,,,,,,,,,,,,,,,,,,,,,,,,,,,,,,,,,TN,,,,,,,,,,
,1774126384,2023-10-16 11:25:28,206.9,8cb2f63a1e705ad6bf77a8f6dcb151aa3b67d2e6,1317241,autoland,ContentfulSpeedIndex,True,microsoft ContentfulSpeedIndex opt fission warm webrender,,77,ms,firefox,False,|f|i|s|s|i|o|n| |w|a|r|m| |w|e|b|r|e|n|d|e|r|,,3776889,13,9b3df14599f65e991e2c4a5eaba7ebe76c85b8c3,102210fe594ee9b33d82058545b1ed14f4c8206e,linux1804-64-shippable-qr,microsoft,True,,,,,,,,,,,,,,,,,,,,,,,,,,,,,,,,,,,,,,,,,,,,,,,,,,TN,,,,,,,,,,
,1774283495,2023-10-16 15:34:18,211.4,e0dd0b10e8fd0ea751f11fb0a6548ad9b6780e16,1317419,autoland,ContentfulSpeedIndex,True,microsoft ContentfulSpeedIndex opt fission warm webrender,,77,ms,firefox,False,|f|i|s|s|i|o|n| |w|a|r|m| |w|e|b|r|e|n|d|e|r|,,3776889,13,9b3df14599f65e991e2c4a5eaba7ebe76c85b8c3,102210fe594ee9b33d82058545b1ed14f4c8206e,linux1804-64-shippable-qr,microsoft,True,,,,,,,,,,,,,,,,,,,,,,,,,,,,,,,,,,,,,,,,,,,,,,,,,,TN,,,,,,,,,,
,1774406497,2023-10-16 19:06:00,213.0,36e5163d2528daaa5669d0f9284470b070c8882e,1317546,autoland,ContentfulSpeedIndex,True,microsoft ContentfulSpeedIndex opt fission warm webrender,,77,ms,firefox,False,|f|i|s|s|i|o|n| |w|a|r|m| |w|e|b|r|e|n|d|e|r|,,3776889,13,9b3df14599f65e991e2c4a5eaba7ebe76c85b8c3,102210fe594ee9b33d82058545b1ed14f4c8206e,linux1804-64-shippable-qr,microsoft,True,,,,,,,,,,,,,,,,,,,,,,,,,,,,,,,,,,,,,,,,,,,,,,,,,,TN,,,,,,,,,,
,1774715679,2023-10-16 22:21:52,209.7,aeef1b6cce72a720b2929b2f6c4de35348378a73,1317658,autoland,ContentfulSpeedIndex,True,microsoft ContentfulSpeedIndex opt fission warm webrender,,77,ms,firefox,False,|f|i|s|s|i|o|n| |w|a|r|m| |w|e|b|r|e|n|d|e|r|,,3776889,13,9b3df14599f65e991e2c4a5eaba7ebe76c85b8c3,102210fe594ee9b33d82058545b1ed14f4c8206e,linux1804-64-shippable-qr,microsoft,True,,,,,,,,,,,,,,,,,,,,,,,,,,,,,,,,,,,,,,,,,,,,,,,,,,TN,,,,,,,,,,
,1774736749,2023-10-16 22:29:18,209.7,0c243e4e632e879acf3987d71245084b00de62fb,1317664,autoland,ContentfulSpeedIndex,True,microsoft ContentfulSpeedIndex opt fission warm webrender,,77,ms,firefox,False,|f|i|s|s|i|o|n| |w|a|r|m| |w|e|b|r|e|n|d|e|r|,,3776889,13,9b3df14599f65e991e2c4a5eaba7ebe76c85b8c3,102210fe594ee9b33d82058545b1ed14f4c8206e,linux1804-64-shippable-qr,microsoft,True,,,,,,,,,,,,,,,,,,,,,,,,,,,,,,,,,,,,,,,,,,,,,,,,,,TN,,,,,,,,,,
,1774564222,2023-10-17 00:17:31,214.3,e4bf7b3e037323072304a1b1327df57c4a54b560,1317700,autoland,ContentfulSpeedIndex,True,microsoft ContentfulSpeedIndex opt fission warm webrender,,77,ms,firefox,False,|f|i|s|s|i|o|n| |w|a|r|m| |w|e|b|r|e|n|d|e|r|,,3776889,13,9b3df14599f65e991e2c4a5eaba7ebe76c85b8c3,102210fe594ee9b33d82058545b1ed14f4c8206e,linux1804-64-shippable-qr,microsoft,True,,,,,,,,,,,,,,,,,,,,,,,,,,,,,,,,,,,,,,,,,,,,,,,,,,TN,,,,,,,,,,
,1774743477,2023-10-17 05:18:57,207.2,896b283a3e7185d805f59d4dcb3d6bb89e9e62d8,1317768,autoland,ContentfulSpeedIndex,True,microsoft ContentfulSpeedIndex opt fission warm webrender,,77,ms,firefox,False,|f|i|s|s|i|o|n| |w|a|r|m| |w|e|b|r|e|n|d|e|r|,,3776889,13,9b3df14599f65e991e2c4a5eaba7ebe76c85b8c3,102210fe594ee9b33d82058545b1ed14f4c8206e,linux1804-64-shippable-qr,microsoft,True,,,,,,,,,,,,,,,,,,,,,,,,,,,,,,,,,,,,,,,,,,,,,,,,,,TN,,,,,,,,,,
,1774765334,2023-10-17 06:01:55,213.9,ca60a5861d4a8bd5de1c8e5a9f76c9e35767c38c,1317782,autoland,ContentfulSpeedIndex,True,microsoft ContentfulSpeedIndex opt fission warm webrender,,77,ms,firefox,False,|f|i|s|s|i|o|n| |w|a|r|m| |w|e|b|r|e|n|d|e|r|,,3776889,13,9b3df14599f65e991e2c4a5eaba7ebe76c85b8c3,102210fe594ee9b33d82058545b1ed14f4c8206e,linux1804-64-shippable-qr,microsoft,True,,,,,,,,,,,,,,,,,,,,,,,,,,,,,,,,,,,,,,,,,,,,,,,,,,TN,,,,,,,,,,
,1774891545,2023-10-17 10:34:28,208.2,d59eb47c0fe47f9dd6886090330bcd49c47262ce,1317920,autoland,ContentfulSpeedIndex,True,microsoft ContentfulSpeedIndex opt fission warm webrender,,77,ms,firefox,False,|f|i|s|s|i|o|n| |w|a|r|m| |w|e|b|r|e|n|d|e|r|,,3776889,13,9b3df14599f65e991e2c4a5eaba7ebe76c85b8c3,102210fe594ee9b33d82058545b1ed14f4c8206e,linux1804-64-shippable-qr,microsoft,True,,,,,,,,,,,,,,,,,,,,,,,,,,,,,,,,,,,,,,,,,,,,,,,,,,TN,,,,,,,,,,
,1774983240,2023-10-17 13:02:41,214.1,9b7c81791d7f619271724e082934a933604e20da,1318010,autoland,ContentfulSpeedIndex,True,microsoft ContentfulSpeedIndex opt fission warm webrender,,77,ms,firefox,False,|f|i|s|s|i|o|n| |w|a|r|m| |w|e|b|r|e|n|d|e|r|,,3776889,13,9b3df14599f65e991e2c4a5eaba7ebe76c85b8c3,102210fe594ee9b33d82058545b1ed14f4c8206e,linux1804-64-shippable-qr,microsoft,True,,,,,,,,,,,,,,,,,,,,,,,,,,,,,,,,,,,,,,,,,,,,,,,,,,TN,,,,,,,,,,
,1775594323,2023-10-17 14:44:37,205.8,4df3ab50f61692827e109b3ba0bc095436aefc36,1318087,autoland,ContentfulSpeedIndex,True,microsoft ContentfulSpeedIndex opt fission warm webrender,,77,ms,firefox,False,|f|i|s|s|i|o|n| |w|a|r|m| |w|e|b|r|e|n|d|e|r|,,3776889,13,9b3df14599f65e991e2c4a5eaba7ebe76c85b8c3,102210fe594ee9b33d82058545b1ed14f4c8206e,linux1804-64-shippable-qr,microsoft,True,,,,,,,,,,,,,,,,,,,,,,,,,,,,,,,,,,,,,,,,,,,,,,,,,,TN,,,,,,,,,,
,1775636936,2023-10-17 14:48:54,206.5,d08a4dbb9e1717c5718d158d2ccfbb8bd38ef48d,1318094,autoland,ContentfulSpeedIndex,True,microsoft ContentfulSpeedIndex opt fission warm webrender,,77,ms,firefox,False,|f|i|s|s|i|o|n| |w|a|r|m| |w|e|b|r|e|n|d|e|r|,,3776889,13,9b3df14599f65e991e2c4a5eaba7ebe76c85b8c3,102210fe594ee9b33d82058545b1ed14f4c8206e,linux1804-64-shippable-qr,microsoft,True,,,,,,,,,,,,,,,,,,,,,,,,,,,,,,,,,,,,,,,,,,,,,,,,,,TN,,,,,,,,,,
,1775206621,2023-10-17 16:53:16,202.6,684641630402200d14bf5126668b97a4f280fe59,1318176,autoland,ContentfulSpeedIndex,True,microsoft ContentfulSpeedIndex opt fission warm webrender,,77,ms,firefox,False,|f|i|s|s|i|o|n| |w|a|r|m| |w|e|b|r|e|n|d|e|r|,,3776889,13,9b3df14599f65e991e2c4a5eaba7ebe76c85b8c3,102210fe594ee9b33d82058545b1ed14f4c8206e,linux1804-64-shippable-qr,microsoft,True,,,,,,,,,,,,,,,,,,,,,,,,,,,,,,,,,,,,,,,,,,,,,,,,,,TN,,,,,,,,,,
,1775359281,2023-10-17 21:03:18,209.7,421ffc7aa24ace087dc2a09680943f412adc38ff,1318349,autoland,ContentfulSpeedIndex,True,microsoft ContentfulSpeedIndex opt fission warm webrender,,77,ms,firefox,False,|f|i|s|s|i|o|n| |w|a|r|m| |w|e|b|r|e|n|d|e|r|,,3776889,13,9b3df14599f65e991e2c4a5eaba7ebe76c85b8c3,102210fe594ee9b33d82058545b1ed14f4c8206e,linux1804-64-shippable-qr,microsoft,True,,,,,,,,,,,,,,,,,,,,,,,,,,,,,,,,,,,,,,,,,,,,,,,,,,TN,,,,,,,,,,
,1775369759,2023-10-17 21:04:13,211.2,4091bed4a0aae7772537e08e6cb49bf0bc7434c9,1318350,autoland,ContentfulSpeedIndex,True,microsoft ContentfulSpeedIndex opt fission warm webrender,,77,ms,firefox,False,|f|i|s|s|i|o|n| |w|a|r|m| |w|e|b|r|e|n|d|e|r|,,3776889,13,9b3df14599f65e991e2c4a5eaba7ebe76c85b8c3,102210fe594ee9b33d82058545b1ed14f4c8206e,linux1804-64-shippable-qr,microsoft,True,,,,,,,,,,,,,,,,,,,,,,,,,,,,,,,,,,,,,,,,,,,,,,,,,,TN,,,,,,,,,,
,1775570010,2023-10-18 01:40:11,214.6,ba691c21c968a48e1bd212426fcc20fa5f4c276d,1318466,autoland,ContentfulSpeedIndex,True,microsoft ContentfulSpeedIndex opt fission warm webrender,,77,ms,firefox,False,|f|i|s|s|i|o|n| |w|a|r|m| |w|e|b|r|e|n|d|e|r|,,3776889,13,9b3df14599f65e991e2c4a5eaba7ebe76c85b8c3,102210fe594ee9b33d82058545b1ed14f4c8206e,linux1804-64-shippable-qr,microsoft,True,,,,,,,,,,,,,,,,,,,,,,,,,,,,,,,,,,,,,,,,,,,,,,,,,,TN,,,,,,,,,,
,1775682576,2023-10-18 07:31:34,211.0,47d77a0e86e138652fedb38962b9709f9c0fb98d,1318540,autoland,ContentfulSpeedIndex,True,microsoft ContentfulSpeedIndex opt fission warm webrender,,77,ms,firefox,False,|f|i|s|s|i|o|n| |w|a|r|m| |w|e|b|r|e|n|d|e|r|,,3776889,13,9b3df14599f65e991e2c4a5eaba7ebe76c85b8c3,102210fe594ee9b33d82058545b1ed14f4c8206e,linux1804-64-shippable-qr,microsoft,True,,,,,,,,,,,,,,,,,,,,,,,,,,,,,,,,,,,,,,,,,,,,,,,,,,TN,,,,,,,,,,
,1776633732,2023-10-18 07:54:20,209.7,9e4f4dfc09522e65b6dfe0113cac8c8fba516089,1318546,autoland,ContentfulSpeedIndex,True,microsoft ContentfulSpeedIndex opt fission warm webrender,,77,ms,firefox,False,|f|i|s|s|i|o|n| |w|a|r|m| |w|e|b|r|e|n|d|e|r|,,3776889,13,9b3df14599f65e991e2c4a5eaba7ebe76c85b8c3,102210fe594ee9b33d82058545b1ed14f4c8206e,linux1804-64-shippable-qr,microsoft,True,,,,,,,,,,,,,,,,,,,,,,,,,,,,,,,,,,,,,,,,,,,,,,,,,,TN,,,,,,,,,,
,1776645614,2023-10-18 08:00:45,209.8,ee3b3779af7fc81a53859fa92856ef9deae17a75,1318549,autoland,ContentfulSpeedIndex,True,microsoft ContentfulSpeedIndex opt fission warm webrender,,77,ms,firefox,False,|f|i|s|s|i|o|n| |w|a|r|m| |w|e|b|r|e|n|d|e|r|,,3776889,13,9b3df14599f65e991e2c4a5eaba7ebe76c85b8c3,102210fe594ee9b33d82058545b1ed14f4c8206e,linux1804-64-shippable-qr,microsoft,True,,,,,,,,,,,,,,,,,,,,,,,,,,,,,,,,,,,,,,,,,,,,,,,,,,TN,,,,,,,,,,
,1775893242,2023-10-18 11:51:04,219.1,639c0da2250e38bb3102b66c6105aaf808e2a817,1318689,autoland,ContentfulSpeedIndex,True,microsoft ContentfulSpeedIndex opt fission warm webrender,,77,ms,firefox,False,|f|i|s|s|i|o|n| |w|a|r|m| |w|e|b|r|e|n|d|e|r|,,3776889,13,9b3df14599f65e991e2c4a5eaba7ebe76c85b8c3,102210fe594ee9b33d82058545b1ed14f4c8206e,linux1804-64-shippable-qr,microsoft,True,,,,,,,,,,,,,,,,,,,,,,,,,,,,,,,,,,,,,,,,,,,,,,,,,,TN,,,,,,,,,,
,1776100174,2023-10-18 16:05:19,213.8,023ae54874d34eb300cdfa9630da4455cb406ad3,1318932,autoland,ContentfulSpeedIndex,True,microsoft ContentfulSpeedIndex opt fission warm webrender,,77,ms,firefox,False,|f|i|s|s|i|o|n| |w|a|r|m| |w|e|b|r|e|n|d|e|r|,,3776889,13,9b3df14599f65e991e2c4a5eaba7ebe76c85b8c3,102210fe594ee9b33d82058545b1ed14f4c8206e,linux1804-64-shippable-qr,microsoft,True,,,,,,,,,,,,,,,,,,,,,,,,,,,,,,,,,,,,,,,,,,,,,,,,,,TN,,,,,,,,,,
,1776170568,2023-10-18 16:32:33,215.7,361e571454e94ba0cfa1a86d2a7f63a24455581c,1318947,autoland,ContentfulSpeedIndex,True,microsoft ContentfulSpeedIndex opt fission warm webrender,,77,ms,firefox,False,|f|i|s|s|i|o|n| |w|a|r|m| |w|e|b|r|e|n|d|e|r|,,3776889,13,9b3df14599f65e991e2c4a5eaba7ebe76c85b8c3,102210fe594ee9b33d82058545b1ed14f4c8206e,linux1804-64-shippable-qr,microsoft,True,,,,,,,,,,,,,,,,,,,,,,,,,,,,,,,,,,,,,,,,,,,,,,,,,,TN,,,,,,,,,,
,1776369735,2023-10-18 20:42:45,206.3,77f05957a4fc15dc053469145b93089adfec3484,1319167,autoland,ContentfulSpeedIndex,True,microsoft ContentfulSpeedIndex opt fission warm webrender,,77,ms,firefox,False,|f|i|s|s|i|o|n| |w|a|r|m| |w|e|b|r|e|n|d|e|r|,,3776889,13,9b3df14599f65e991e2c4a5eaba7ebe76c85b8c3,102210fe594ee9b33d82058545b1ed14f4c8206e,linux1804-64-shippable-qr,microsoft,True,,,,,,,,,,,,,,,,,,,,,,,,,,,,,,,,,,,,,,,,,,,,,,,,,,TN,,,,,,,,,,
,1776327839,2023-10-18 20:46:18,204.1,e059b0995a2a62238ca266c3ed9955434ac43517,1319169,autoland,ContentfulSpeedIndex,True,microsoft ContentfulSpeedIndex opt fission warm webrender,,77,ms,firefox,False,|f|i|s|s|i|o|n| |w|a|r|m| |w|e|b|r|e|n|d|e|r|,,3776889,13,9b3df14599f65e991e2c4a5eaba7ebe76c85b8c3,102210fe594ee9b33d82058545b1ed14f4c8206e,linux1804-64-shippable-qr,microsoft,True,,,,,,,,,,,,,,,,,,,,,,,,,,,,,,,,,,,,,,,,,,,,,,,,,,TN,,,,,,,,,,
,1776418731,2023-10-18 23:25:14,215.8,beb80bb8c90921077e9c1130ad5a8e925dc060b7,1319276,autoland,ContentfulSpeedIndex,True,microsoft ContentfulSpeedIndex opt fission warm webrender,,77,ms,firefox,False,|f|i|s|s|i|o|n| |w|a|r|m| |w|e|b|r|e|n|d|e|r|,,3776889,13,9b3df14599f65e991e2c4a5eaba7ebe76c85b8c3,102210fe594ee9b33d82058545b1ed14f4c8206e,linux1804-64-shippable-qr,microsoft,True,,,,,,,,,,,,,,,,,,,,,,,,,,,,,,,,,,,,,,,,,,,,,,,,,,TN,,,,,,,,,,
,1776589447,2023-10-19 04:23:12,208.7,53cee944c60ac3c237a9aa2dacd19aa6bde80c2a,1319373,autoland,ContentfulSpeedIndex,True,microsoft ContentfulSpeedIndex opt fission warm webrender,,77,ms,firefox,False,|f|i|s|s|i|o|n| |w|a|r|m| |w|e|b|r|e|n|d|e|r|,,3776889,13,9b3df14599f65e991e2c4a5eaba7ebe76c85b8c3,102210fe594ee9b33d82058545b1ed14f4c8206e,linux1804-64-shippable-qr,microsoft,True,,,,,,,,,,,,,,,,,,,,,,,,,,,,,,,,,,,,,,,,,,,,,,,,,,TN,,,,,,,,,,
,1776744262,2023-10-19 08:39:29,211.3,a9a0ca5dc9605973d81ded607dfccd4d0a08dc68,1319455,autoland,ContentfulSpeedIndex,True,microsoft ContentfulSpeedIndex opt fission warm webrender,,77,ms,firefox,False,|f|i|s|s|i|o|n| |w|a|r|m| |w|e|b|r|e|n|d|e|r|,,3776889,13,9b3df14599f65e991e2c4a5eaba7ebe76c85b8c3,102210fe594ee9b33d82058545b1ed14f4c8206e,linux1804-64-shippable-qr,microsoft,True,,,,,,,,,,,,,,,,,,,,,,,,,,,,,,,,,,,,,,,,,,,,,,,,,,TN,,,,,,,,,,
,1776897833,2023-10-19 12:43:18,214.5,2981b7bbee06c518301e1542545e92b6d80a8d0b,1319613,autoland,ContentfulSpeedIndex,True,microsoft ContentfulSpeedIndex opt fission warm webrender,,77,ms,firefox,False,|f|i|s|s|i|o|n| |w|a|r|m| |w|e|b|r|e|n|d|e|r|,,3776889,13,9b3df14599f65e991e2c4a5eaba7ebe76c85b8c3,102210fe594ee9b33d82058545b1ed14f4c8206e,linux1804-64-shippable-qr,microsoft,True,,,,,,,,,,,,,,,,,,,,,,,,,,,,,,,,,,,,,,,,,,,,,,,,,,TN,,,,,,,,,,
,1776865204,2023-10-19 12:48:25,208.5,8be39770f68cb52d1a2b14bdf31a34f5e54212e8,1319617,autoland,ContentfulSpeedIndex,True,microsoft ContentfulSpeedIndex opt fission warm webrender,,77,ms,firefox,False,|f|i|s|s|i|o|n| |w|a|r|m| |w|e|b|r|e|n|d|e|r|,,3776889,13,9b3df14599f65e991e2c4a5eaba7ebe76c85b8c3,102210fe594ee9b33d82058545b1ed14f4c8206e,linux1804-64-shippable-qr,microsoft,True,,,,,,,,,,,,,,,,,,,,,,,,,,,,,,,,,,,,,,,,,,,,,,,,,,TN,,,,,,,,,,
,1776956255,2023-10-19 17:06:19,209.5,fafeb43eefd13b4df24d6526d729b15fb42b7d27,1319833,autoland,ContentfulSpeedIndex,True,microsoft ContentfulSpeedIndex opt fission warm webrender,,77,ms,firefox,False,|f|i|s|s|i|o|n| |w|a|r|m| |w|e|b|r|e|n|d|e|r|,,3776889,13,9b3df14599f65e991e2c4a5eaba7ebe76c85b8c3,102210fe594ee9b33d82058545b1ed14f4c8206e,linux1804-64-shippable-qr,microsoft,True,,,,,,,,,,,,,,,,,,,,,,,,,,,,,,,,,,,,,,,,,,,,,,,,,,TN,,,,,,,,,,
,1777227539,2023-10-19 20:56:13,213.2,6ae72d4d62c421303fd85fb0939f9baaa5594d83,1319988,autoland,ContentfulSpeedIndex,True,microsoft ContentfulSpeedIndex opt fission warm webrender,,77,ms,firefox,False,|f|i|s|s|i|o|n| |w|a|r|m| |w|e|b|r|e|n|d|e|r|,,3776889,13,9b3df14599f65e991e2c4a5eaba7ebe76c85b8c3,102210fe594ee9b33d82058545b1ed14f4c8206e,linux1804-64-shippable-qr,microsoft,True,,,,,,,,,,,,,,,,,,,,,,,,,,,,,,,,,,,,,,,,,,,,,,,,,,TN,,,,,,,,,,
,1777217124,2023-10-19 20:58:51,208.7,b61e815058043ef79ba03f013bdf41ef57651fa5,1320000,autoland,ContentfulSpeedIndex,True,microsoft ContentfulSpeedIndex opt fission warm webrender,,77,ms,firefox,False,|f|i|s|s|i|o|n| |w|a|r|m| |w|e|b|r|e|n|d|e|r|,,3776889,13,9b3df14599f65e991e2c4a5eaba7ebe76c85b8c3,102210fe594ee9b33d82058545b1ed14f4c8206e,linux1804-64-shippable-qr,microsoft,True,,,,,,,,,,,,,,,,,,,,,,,,,,,,,,,,,,,,,,,,,,,,,,,,,,TN,,,,,,,,,,
,1777068394,2023-10-19 22:45:17,214.2,b557109f1b5dd0a5c7be013c630945f886e17708,1320076,autoland,ContentfulSpeedIndex,True,microsoft ContentfulSpeedIndex opt fission warm webrender,,77,ms,firefox,False,|f|i|s|s|i|o|n| |w|a|r|m| |w|e|b|r|e|n|d|e|r|,,3776889,13,9b3df14599f65e991e2c4a5eaba7ebe76c85b8c3,102210fe594ee9b33d82058545b1ed14f4c8206e,linux1804-64-shippable-qr,microsoft,True,,,,,,,,,,,,,,,,,,,,,,,,,,,,,,,,,,,,,,,,,,,,,,,,,,TN,,,,,,,,,,
,1777103431,2023-10-19 22:59:16,211.1,0546c85daa8d8b6f7a8c5a842fdf1a990215e249,1320081,autoland,ContentfulSpeedIndex,True,microsoft ContentfulSpeedIndex opt fission warm webrender,,77,ms,firefox,False,|f|i|s|s|i|o|n| |w|a|r|m| |w|e|b|r|e|n|d|e|r|,,3776889,13,9b3df14599f65e991e2c4a5eaba7ebe76c85b8c3,102210fe594ee9b33d82058545b1ed14f4c8206e,linux1804-64-shippable-qr,microsoft,True,,,,,,,,,,,,,,,,,,,,,,,,,,,,,,,,,,,,,,,,,,,,,,,,,,TN,,,,,,,,,,
,1777210689,2023-10-20 03:32:37,209.5,dc0d913ecc2486cafc7a005d2fe6705f2c7da222,1320137,autoland,ContentfulSpeedIndex,True,microsoft ContentfulSpeedIndex opt fission warm webrender,,77,ms,firefox,False,|f|i|s|s|i|o|n| |w|a|r|m| |w|e|b|r|e|n|d|e|r|,,3776889,13,9b3df14599f65e991e2c4a5eaba7ebe76c85b8c3,102210fe594ee9b33d82058545b1ed14f4c8206e,linux1804-64-shippable-qr,microsoft,True,,,,,,,,,,,,,,,,,,,,,,,,,,,,,,,,,,,,,,,,,,,,,,,,,,TN,,,,,,,,,,
,1777357333,2023-10-20 09:14:56,212.6,5ebf0b67d0519897b95e84598900434fe92b7abb,1320186,autoland,ContentfulSpeedIndex,True,microsoft ContentfulSpeedIndex opt fission warm webrender,,77,ms,firefox,False,|f|i|s|s|i|o|n| |w|a|r|m| |w|e|b|r|e|n|d|e|r|,,3776889,13,9b3df14599f65e991e2c4a5eaba7ebe76c85b8c3,102210fe594ee9b33d82058545b1ed14f4c8206e,linux1804-64-shippable-qr,microsoft,True,,,,,,,,,,,,,,,,,,,,,,,,,,,,,,,,,,,,,,,,,,,,,,,,,,TN,,,,,,,,,,
,1777462646,2023-10-20 14:06:35,210.1,dfa7f17930eb1b48ff7435494924a0711114e40a,1320283,autoland,ContentfulSpeedIndex,True,microsoft ContentfulSpeedIndex opt fission warm webrender,,77,ms,firefox,False,|f|i|s|s|i|o|n| |w|a|r|m| |w|e|b|r|e|n|d|e|r|,,3776889,13,9b3df14599f65e991e2c4a5eaba7ebe76c85b8c3,102210fe594ee9b33d82058545b1ed14f4c8206e,linux1804-64-shippable-qr,microsoft,True,,,,,,,,,,,,,,,,,,,,,,,,,,,,,,,,,,,,,,,,,,,,,,,,,,TN,,,,,,,,,,
,1777449057,2023-10-20 15:24:34,210.1,8f4fc4b6cc05c16482986671d19d546faf6cb212,1320314,autoland,ContentfulSpeedIndex,True,microsoft ContentfulSpeedIndex opt fission warm webrender,,77,ms,firefox,False,|f|i|s|s|i|o|n| |w|a|r|m| |w|e|b|r|e|n|d|e|r|,,3776889,13,9b3df14599f65e991e2c4a5eaba7ebe76c85b8c3,102210fe594ee9b33d82058545b1ed14f4c8206e,linux1804-64-shippable-qr,microsoft,True,,,,,,,,,,,,,,,,,,,,,,,,,,,,,,,,,,,,,,,,,,,,,,,,,,TN,,,,,,,,,,
,1777548551,2023-10-20 21:24:05,208.5,f4da998c2ad5be8d29b4e2523b56d9d5e2a58984,1320380,autoland,ContentfulSpeedIndex,True,microsoft ContentfulSpeedIndex opt fission warm webrender,,77,ms,firefox,False,|f|i|s|s|i|o|n| |w|a|r|m| |w|e|b|r|e|n|d|e|r|,,3776889,13,9b3df14599f65e991e2c4a5eaba7ebe76c85b8c3,102210fe594ee9b33d82058545b1ed14f4c8206e,linux1804-64-shippable-qr,microsoft,True,,,,,,,,,,,,,,,,,,,,,,,,,,,,,,,,,,,,,,,,,,,,,,,,,,TN,,,,,,,,,,
,1777669494,2023-10-21 14:30:38,211.2,4124eee4f58ca46e13cb937c757a2fe1875120f0,1320453,autoland,ContentfulSpeedIndex,True,microsoft ContentfulSpeedIndex opt fission warm webrender,,77,ms,firefox,False,|f|i|s|s|i|o|n| |w|a|r|m| |w|e|b|r|e|n|d|e|r|,,3776889,13,9b3df14599f65e991e2c4a5eaba7ebe76c85b8c3,102210fe594ee9b33d82058545b1ed14f4c8206e,linux1804-64-shippable-qr,microsoft,True,,,,,,,,,,,,,,,,,,,,,,,,,,,,,,,,,,,,,,,,,,,,,,,,,,TN,,,,,,,,,,
,1777802373,2023-10-22 19:07:04,214.5,529ec79bcdfd6a273fe6607c2a34bcc93c009ec5,1320522,autoland,ContentfulSpeedIndex,True,microsoft ContentfulSpeedIndex opt fission warm webrender,,77,ms,firefox,False,|f|i|s|s|i|o|n| |w|a|r|m| |w|e|b|r|e|n|d|e|r|,,3776889,13,9b3df14599f65e991e2c4a5eaba7ebe76c85b8c3,102210fe594ee9b33d82058545b1ed14f4c8206e,linux1804-64-shippable-qr,microsoft,True,,,,,,,,,,,,,,,,,,,,,,,,,,,,,,,,,,,,,,,,,,,,,,,,,,TN,,,,,,,,,,
,1777914745,2023-10-22 21:46:31,216.4,52f2e6e80f6f7d8ab6eaaa36c4aa47c5be27a7a1,1320539,autoland,ContentfulSpeedIndex,True,microsoft ContentfulSpeedIndex opt fission warm webrender,,77,ms,firefox,False,|f|i|s|s|i|o|n| |w|a|r|m| |w|e|b|r|e|n|d|e|r|,,3776889,13,9b3df14599f65e991e2c4a5eaba7ebe76c85b8c3,102210fe594ee9b33d82058545b1ed14f4c8206e,linux1804-64-shippable-qr,microsoft,True,,,,,,,,,,,,,,,,,,,,,,,,,,,,,,,,,,,,,,,,,,,,,,,,,,TN,,,,,,,,,,
,1778822202,2023-10-23 09:45:25,217.5,f1426851ae3049d6f44ef0e9da7b601c73ea435a,1320692,autoland,ContentfulSpeedIndex,True,microsoft ContentfulSpeedIndex opt fission warm webrender,,77,ms,firefox,False,|f|i|s|s|i|o|n| |w|a|r|m| |w|e|b|r|e|n|d|e|r|,,3776889,13,9b3df14599f65e991e2c4a5eaba7ebe76c85b8c3,102210fe594ee9b33d82058545b1ed14f4c8206e,linux1804-64-shippable-qr,microsoft,True,,,,,,,,,,,,,,,,,,,,,,,,,,,,,,,,,,,,,,,,,,,,,,,,,,TN,,,,,,,,,,
,1778748623,2023-10-23 09:59:46,205.2,3b1bb1524b9060ea54f96bef98b0c53eed1cb7e3,1320702,autoland,ContentfulSpeedIndex,True,microsoft ContentfulSpeedIndex opt fission warm webrender,,77,ms,firefox,False,|f|i|s|s|i|o|n| |w|a|r|m| |w|e|b|r|e|n|d|e|r|,,3776889,13,9b3df14599f65e991e2c4a5eaba7ebe76c85b8c3,102210fe594ee9b33d82058545b1ed14f4c8206e,linux1804-64-shippable-qr,microsoft,True,,,,,,,,,,,,,,,,,,,,,,,,,,,,,,,,,,,,,,,,,,,,,,,,,,TN,,,,,,,,,,
,1778925327,2023-10-23 10:46:08,213.0,fe4e67ae521b5b29efef2be635e0085c2aad1448,1320734,autoland,ContentfulSpeedIndex,True,microsoft ContentfulSpeedIndex opt fission warm webrender,,77,ms,firefox,False,|f|i|s|s|i|o|n| |w|a|r|m| |w|e|b|r|e|n|d|e|r|,,3776889,13,9b3df14599f65e991e2c4a5eaba7ebe76c85b8c3,102210fe594ee9b33d82058545b1ed14f4c8206e,linux1804-64-shippable-qr,microsoft,True,,,,,,,,,,,,,,,,,,,,,,,,,,,,,,,,,,,,,,,,,,,,,,,,,,TN,,,,,,,,,,
,1778043150,2023-10-23 11:07:29,212.3,acba8a75249bc2b26b143d4d2830575cf0d7bcc2,1320744,autoland,ContentfulSpeedIndex,True,microsoft ContentfulSpeedIndex opt fission warm webrender,,77,ms,firefox,False,|f|i|s|s|i|o|n| |w|a|r|m| |w|e|b|r|e|n|d|e|r|,,3776889,13,9b3df14599f65e991e2c4a5eaba7ebe76c85b8c3,102210fe594ee9b33d82058545b1ed14f4c8206e,linux1804-64-shippable-qr,microsoft,True,,,,,,,,,,,,,,,,,,,,,,,,,,,,,,,,,,,,,,,,,,,,,,,,,,TN,,,,,,,,,,
,1778837999,2023-10-23 12:10:22,208.4,4c6d299e86ebe5d31f47c71505844335e119cf21,1320774,autoland,ContentfulSpeedIndex,True,microsoft ContentfulSpeedIndex opt fission warm webrender,,77,ms,firefox,False,|f|i|s|s|i|o|n| |w|a|r|m| |w|e|b|r|e|n|d|e|r|,,3776889,13,9b3df14599f65e991e2c4a5eaba7ebe76c85b8c3,102210fe594ee9b33d82058545b1ed14f4c8206e,linux1804-64-shippable-qr,microsoft,True,,,,,,,,,,,,,,,,,,,,,,,,,,,,,,,,,,,,,,,,,,,,,,,,,,TN,,,,,,,,,,
,1778870585,2023-10-23 12:15:00,208.4,c858c7fc7c4b572acc8dfce2e3c4ff73fc2fa44f,1320776,autoland,ContentfulSpeedIndex,True,microsoft ContentfulSpeedIndex opt fission warm webrender,,77,ms,firefox,False,|f|i|s|s|i|o|n| |w|a|r|m| |w|e|b|r|e|n|d|e|r|,,3776889,13,9b3df14599f65e991e2c4a5eaba7ebe76c85b8c3,102210fe594ee9b33d82058545b1ed14f4c8206e,linux1804-64-shippable-qr,microsoft,True,,,,,,,,,,,,,,,,,,,,,,,,,,,,,,,,,,,,,,,,,,,,,,,,,,TN,,,,,,,,,,
,1778157918,2023-10-23 12:26:53,214.5,818b5938920e6868a3f3b5a16b0c972bd8ec5cfc,1320781,autoland,ContentfulSpeedIndex,True,microsoft ContentfulSpeedIndex opt fission warm webrender,,77,ms,firefox,False,|f|i|s|s|i|o|n| |w|a|r|m| |w|e|b|r|e|n|d|e|r|,,3776889,13,9b3df14599f65e991e2c4a5eaba7ebe76c85b8c3,102210fe594ee9b33d82058545b1ed14f4c8206e,linux1804-64-shippable-qr,microsoft,True,,,,,,,,,,,,,,,,,,,,,,,,,,,,,,,,,,,,,,,,,,,,,,,,,,TN,,,,,,,,,,
,1778891967,2023-10-23 13:41:17,214.6,82c0efe382655a52d0d24628862fa416c4f66c0a,1320840,autoland,ContentfulSpeedIndex,True,microsoft ContentfulSpeedIndex opt fission warm webrender,,77,ms,firefox,False,|f|i|s|s|i|o|n| |w|a|r|m| |w|e|b|r|e|n|d|e|r|,,3776889,13,9b3df14599f65e991e2c4a5eaba7ebe76c85b8c3,102210fe594ee9b33d82058545b1ed14f4c8206e,linux1804-64-shippable-qr,microsoft,True,,,,,,,,,,,,,,,,,,,,,,,,,,,,,,,,,,,,,,,,,,,,,,,,,,TN,,,,,,,,,,
,1778851200,2023-10-23 14:02:43,210.0,02eefc6ff7a472c3443d7c9dce3479eb24a2c821,1320867,autoland,ContentfulSpeedIndex,True,microsoft ContentfulSpeedIndex opt fission warm webrender,,77,ms,firefox,False,|f|i|s|s|i|o|n| |w|a|r|m| |w|e|b|r|e|n|d|e|r|,,3776889,13,9b3df14599f65e991e2c4a5eaba7ebe76c85b8c3,102210fe594ee9b33d82058545b1ed14f4c8206e,linux1804-64-shippable-qr,microsoft,True,,,,,,,,,,,,,,,,,,,,,,,,,,,,,,,,,,,,,,,,,,,,,,,,,,TN,,,,,,,,,,
,1778511005,2023-10-23 15:48:05,211.4,f222bdcd6517e233cb62a3164afd50fd17a55e62,1320978,autoland,ContentfulSpeedIndex,True,microsoft ContentfulSpeedIndex opt fission warm webrender,,77,ms,firefox,False,|f|i|s|s|i|o|n| |w|a|r|m| |w|e|b|r|e|n|d|e|r|,,3776889,13,9b3df14599f65e991e2c4a5eaba7ebe76c85b8c3,102210fe594ee9b33d82058545b1ed14f4c8206e,linux1804-64-shippable-qr,microsoft,True,,,,,,,,,,,,,,,,,,,,,,,,,,,,,,,,,,,,,,,,,,,,,,,,,,TN,,,,,,,,,,
,1778341409,2023-10-23 17:53:04,209.7,00c1813123fd4ca7ec1446ebdabe2848814e550e,1321095,autoland,ContentfulSpeedIndex,True,microsoft ContentfulSpeedIndex opt fission warm webrender,,77,ms,firefox,False,|f|i|s|s|i|o|n| |w|a|r|m| |w|e|b|r|e|n|d|e|r|,,3776889,13,9b3df14599f65e991e2c4a5eaba7ebe76c85b8c3,102210fe594ee9b33d82058545b1ed14f4c8206e,linux1804-64-shippable-qr,microsoft,True,,,,,,,,,,,,,,,,,,,,,,,,,,,,,,,,,,,,,,,,,,,,,,,,,,TN,,,,,,,,,,
,1778524625,2023-10-23 20:36:06,212.7,0fdbf0a455f26afa0a7a0390d6a380e318fce9d4,1321210,autoland,ContentfulSpeedIndex,True,microsoft ContentfulSpeedIndex opt fission warm webrender,,77,ms,firefox,False,|f|i|s|s|i|o|n| |w|a|r|m| |w|e|b|r|e|n|d|e|r|,,3776889,13,9b3df14599f65e991e2c4a5eaba7ebe76c85b8c3,102210fe594ee9b33d82058545b1ed14f4c8206e,linux1804-64-shippable-qr,microsoft,True,,,,,,,,,,,,,,,,,,,,,,,,,,,,,,,,,,,,,,,,,,,,,,,,,,TN,,,,,,,,,,
,1778698690,2023-10-24 00:49:55,208.9,ed9d130c38a8858740845db8ec5c8bb7e68cce65,1321359,autoland,ContentfulSpeedIndex,True,microsoft ContentfulSpeedIndex opt fission warm webrender,,77,ms,firefox,False,|f|i|s|s|i|o|n| |w|a|r|m| |w|e|b|r|e|n|d|e|r|,,3776889,13,9b3df14599f65e991e2c4a5eaba7ebe76c85b8c3,102210fe594ee9b33d82058545b1ed14f4c8206e,linux1804-64-shippable-qr,microsoft,True,,,,,,,,,,,,,,,,,,,,,,,,,,,,,,,,,,,,,,,,,,,,,,,,,,TN,,,,,,,,,,
,1778903274,2023-10-24 05:06:29,211.0,bcdbc81d4adffb0c3b1e04e1854e43cf49314d92,1321416,autoland,ContentfulSpeedIndex,True,microsoft ContentfulSpeedIndex opt fission warm webrender,,77,ms,firefox,False,|f|i|s|s|i|o|n| |w|a|r|m| |w|e|b|r|e|n|d|e|r|,,3776889,13,9b3df14599f65e991e2c4a5eaba7ebe76c85b8c3,102210fe594ee9b33d82058545b1ed14f4c8206e,linux1804-64-shippable-qr,microsoft,True,,,,,,,,,,,,,,,,,,,,,,,,,,,,,,,,,,,,,,,,,,,,,,,,,,TN,,,,,,,,,,
,1778947459,2023-10-24 08:18:26,208.4,36a87a6432703a1f3a1f2a92756c90146a19e5f2,1321456,autoland,ContentfulSpeedIndex,True,microsoft ContentfulSpeedIndex opt fission warm webrender,,77,ms,firefox,False,|f|i|s|s|i|o|n| |w|a|r|m| |w|e|b|r|e|n|d|e|r|,,3776889,13,9b3df14599f65e991e2c4a5eaba7ebe76c85b8c3,102210fe594ee9b33d82058545b1ed14f4c8206e,linux1804-64-shippable-qr,microsoft,True,,,,,,,,,,,,,,,,,,,,,,,,,,,,,,,,,,,,,,,,,,,,,,,,,,TN,,,,,,,,,,
,1779076844,2023-10-24 12:23:09,208.3,ea758c7008d76a67d75d4874bb1a1a00838f4128,1321565,autoland,ContentfulSpeedIndex,True,microsoft ContentfulSpeedIndex opt fission warm webrender,,77,ms,firefox,False,|f|i|s|s|i|o|n| |w|a|r|m| |w|e|b|r|e|n|d|e|r|,,3776889,13,9b3df14599f65e991e2c4a5eaba7ebe76c85b8c3,102210fe594ee9b33d82058545b1ed14f4c8206e,linux1804-64-shippable-qr,microsoft,True,,,,,,,,,,,,,,,,,,,,,,,,,,,,,,,,,,,,,,,,,,,,,,,,,,TN,,,,,,,,,,
,1779708982,2023-10-24 13:05:55,215.8,0900a57bd906196091cc9315cc1480b9457b5089,1321592,autoland,ContentfulSpeedIndex,True,microsoft ContentfulSpeedIndex opt fission warm webrender,,77,ms,firefox,False,|f|i|s|s|i|o|n| |w|a|r|m| |w|e|b|r|e|n|d|e|r|,,3776889,13,9b3df14599f65e991e2c4a5eaba7ebe76c85b8c3,102210fe594ee9b33d82058545b1ed14f4c8206e,linux1804-64-shippable-qr,microsoft,True,,,,,,,,,,,,,,,,,,,,,,,,,,,,,,,,,,,,,,,,,,,,,,,,,,TN,,,,,,,,,,
,1779713782,2023-10-24 13:09:05,203.7,f6e5fecee879e3d0cd8b2e91df7cfe30f2b5610c,1321594,autoland,ContentfulSpeedIndex,True,microsoft ContentfulSpeedIndex opt fission warm webrender,,77,ms,firefox,False,|f|i|s|s|i|o|n| |w|a|r|m| |w|e|b|r|e|n|d|e|r|,,3776889,13,9b3df14599f65e991e2c4a5eaba7ebe76c85b8c3,102210fe594ee9b33d82058545b1ed14f4c8206e,linux1804-64-shippable-qr,microsoft,True,,,,,,,,,,,,,,,,,,,,,,,,,,,,,,,,,,,,,,,,,,,,,,,,,,TN,,,,,,,,,,
,1779218765,2023-10-24 13:48:19,208.3,eccda51a6f68b20cfe9af1e94b9336b9856b103e,1321616,autoland,ContentfulSpeedIndex,True,microsoft ContentfulSpeedIndex opt fission warm webrender,,77,ms,firefox,False,|f|i|s|s|i|o|n| |w|a|r|m| |w|e|b|r|e|n|d|e|r|,,3776889,13,9b3df14599f65e991e2c4a5eaba7ebe76c85b8c3,102210fe594ee9b33d82058545b1ed14f4c8206e,linux1804-64-shippable-qr,microsoft,True,,,,,,,,,,,,,,,,,,,,,,,,,,,,,,,,,,,,,,,,,,,,,,,,,,TN,,,,,,,,,,
,1779369559,2023-10-24 17:52:45,215.3,b2dec8a51f6e781be65a730cfde18a11c9569f94,1321799,autoland,ContentfulSpeedIndex,True,microsoft ContentfulSpeedIndex opt fission warm webrender,,77,ms,firefox,False,|f|i|s|s|i|o|n| |w|a|r|m| |w|e|b|r|e|n|d|e|r|,,3776889,13,9b3df14599f65e991e2c4a5eaba7ebe76c85b8c3,102210fe594ee9b33d82058545b1ed14f4c8206e,linux1804-64-shippable-qr,microsoft,True,,,,,,,,,,,,,,,,,,,,,,,,,,,,,,,,,,,,,,,,,,,,,,,,,,TN,,,,,,,,,,
,1779585581,2023-10-24 21:54:59,205.9,27ee97bc90986bde66dfb122cc4c8a6a3730e4a3,1321984,autoland,ContentfulSpeedIndex,True,microsoft ContentfulSpeedIndex opt fission warm webrender,,77,ms,firefox,False,|f|i|s|s|i|o|n| |w|a|r|m| |w|e|b|r|e|n|d|e|r|,,3776889,13,9b3df14599f65e991e2c4a5eaba7ebe76c85b8c3,102210fe594ee9b33d82058545b1ed14f4c8206e,linux1804-64-shippable-qr,microsoft,True,,,,,,,,,,,,,,,,,,,,,,,,,,,,,,,,,,,,,,,,,,,,,,,,,,TN,,,,,,,,,,
,1779658176,2023-10-25 01:35:01,213.1,edfb4ab939a51c9dc131c959da539ef71f17cf5f,1322066,autoland,ContentfulSpeedIndex,True,microsoft ContentfulSpeedIndex opt fission warm webrender,,77,ms,firefox,False,|f|i|s|s|i|o|n| |w|a|r|m| |w|e|b|r|e|n|d|e|r|,,3776889,13,9b3df14599f65e991e2c4a5eaba7ebe76c85b8c3,102210fe594ee9b33d82058545b1ed14f4c8206e,linux1804-64-shippable-qr,microsoft,True,,,,,,,,,,,,,,,,,,,,,,,,,,,,,,,,,,,,,,,,,,,,,,,,,,TN,,,,,,,,,,
,1779747454,2023-10-25 05:46:17,210.2,c00936a538d944ced81780de7e2670806145f0ec,1322115,autoland,ContentfulSpeedIndex,True,microsoft ContentfulSpeedIndex opt fission warm webrender,,77,ms,firefox,False,|f|i|s|s|i|o|n| |w|a|r|m| |w|e|b|r|e|n|d|e|r|,,3776889,13,9b3df14599f65e991e2c4a5eaba7ebe76c85b8c3,102210fe594ee9b33d82058545b1ed14f4c8206e,linux1804-64-shippable-qr,microsoft,True,,,,,,,,,,,,,,,,,,,,,,,,,,,,,,,,,,,,,,,,,,,,,,,,,,TN,,,,,,,,,,
,1779915628,2023-10-25 09:46:40,214.5,03d61eb955a9ac6e3374ca4c5504edc41cd1aa4a,1322203,autoland,ContentfulSpeedIndex,True,microsoft ContentfulSpeedIndex opt fission warm webrender,,77,ms,firefox,False,|f|i|s|s|i|o|n| |w|a|r|m| |w|e|b|r|e|n|d|e|r|,,3776889,13,9b3df14599f65e991e2c4a5eaba7ebe76c85b8c3,102210fe594ee9b33d82058545b1ed14f4c8206e,linux1804-64-shippable-qr,microsoft,True,,,,,,,,,,,,,,,,,,,,,,,,,,,,,,,,,,,,,,,,,,,,,,,,,,TN,,,,,,,,,,
,1779986224,2023-10-25 12:40:12,208.2,44697a7ca8612ae5a4807f530347c3df1d2c191a,1322280,autoland,ContentfulSpeedIndex,True,microsoft ContentfulSpeedIndex opt fission warm webrender,,77,ms,firefox,False,|f|i|s|s|i|o|n| |w|a|r|m| |w|e|b|r|e|n|d|e|r|,,3776889,13,9b3df14599f65e991e2c4a5eaba7ebe76c85b8c3,102210fe594ee9b33d82058545b1ed14f4c8206e,linux1804-64-shippable-qr,microsoft,True,,,,,,,,,,,,,,,,,,,,,,,,,,,,,,,,,,,,,,,,,,,,,,,,,,TN,,,,,,,,,,
,1780156033,2023-10-25 16:42:09,218.0,b8c2a1837c16c66a12ef79eaf5545e92ae448768,1322418,autoland,ContentfulSpeedIndex,True,microsoft ContentfulSpeedIndex opt fission warm webrender,,77,ms,firefox,False,|f|i|s|s|i|o|n| |w|a|r|m| |w|e|b|r|e|n|d|e|r|,,3776889,13,9b3df14599f65e991e2c4a5eaba7ebe76c85b8c3,102210fe594ee9b33d82058545b1ed14f4c8206e,linux1804-64-shippable-qr,microsoft,True,,,,,,,,,,,,,,,,,,,,,,,,,,,,,,,,,,,,,,,,,,,,,,,,,,TN,,,,,,,,,,
,1780216010,2023-10-25 18:17:29,214.0,691148c77012c40658cd4a6e4ee3ca178d1c1ca8,1322468,autoland,ContentfulSpeedIndex,True,microsoft ContentfulSpeedIndex opt fission warm webrender,,77,ms,firefox,False,|f|i|s|s|i|o|n| |w|a|r|m| |w|e|b|r|e|n|d|e|r|,,3776889,13,9b3df14599f65e991e2c4a5eaba7ebe76c85b8c3,102210fe594ee9b33d82058545b1ed14f4c8206e,linux1804-64-shippable-qr,microsoft,True,,,,,,,,,,,,,,,,,,,,,,,,,,,,,,,,,,,,,,,,,,,,,,,,,,TN,,,,,,,,,,
,1780393874,2023-10-25 21:16:28,206.9,e6a52d2c9941178fa5113e3c7af81f561078c5f5,1322573,autoland,ContentfulSpeedIndex,True,microsoft ContentfulSpeedIndex opt fission warm webrender,,77,ms,firefox,False,|f|i|s|s|i|o|n| |w|a|r|m| |w|e|b|r|e|n|d|e|r|,,3776889,13,9b3df14599f65e991e2c4a5eaba7ebe76c85b8c3,102210fe594ee9b33d82058545b1ed14f4c8206e,linux1804-64-shippable-qr,microsoft,True,,,,,,,,,,,,,,,,,,,,,,,,,,,,,,,,,,,,,,,,,,,,,,,,,,TN,,,,,,,,,,
,1780539288,2023-10-26 00:52:13,214.7,68373a168c7ca93b1aa9bb3016a1ffa9ad6b7aac,1322694,autoland,ContentfulSpeedIndex,True,microsoft ContentfulSpeedIndex opt fission warm webrender,,77,ms,firefox,False,|f|i|s|s|i|o|n| |w|a|r|m| |w|e|b|r|e|n|d|e|r|,,3776889,13,9b3df14599f65e991e2c4a5eaba7ebe76c85b8c3,102210fe594ee9b33d82058545b1ed14f4c8206e,linux1804-64-shippable-qr,microsoft,True,,,,,,,,,,,,,,,,,,,,,,,,,,,,,,,,,,,,,,,,,,,,,,,,,,TN,,,,,,,,,,
,1780700877,2023-10-26 04:52:14,204.3,62489b97d11d4bb88f1184670849ed8c9dc61708,1322765,autoland,ContentfulSpeedIndex,True,microsoft ContentfulSpeedIndex opt fission warm webrender,,77,ms,firefox,False,|f|i|s|s|i|o|n| |w|a|r|m| |w|e|b|r|e|n|d|e|r|,,3776889,13,9b3df14599f65e991e2c4a5eaba7ebe76c85b8c3,102210fe594ee9b33d82058545b1ed14f4c8206e,linux1804-64-shippable-qr,microsoft,True,,,,,,,,,,,,,,,,,,,,,,,,,,,,,,,,,,,,,,,,,,,,,,,,,,TN,,,,,,,,,,
,1780803662,2023-10-26 09:06:19,219.2,8923dca93b808a23856287229fc8f1c0c1d1e20e,1322848,autoland,ContentfulSpeedIndex,True,microsoft ContentfulSpeedIndex opt fission warm webrender,,77,ms,firefox,False,|f|i|s|s|i|o|n| |w|a|r|m| |w|e|b|r|e|n|d|e|r|,,3776889,13,9b3df14599f65e991e2c4a5eaba7ebe76c85b8c3,102210fe594ee9b33d82058545b1ed14f4c8206e,linux1804-64-shippable-qr,microsoft,True,,,,,,,,,,,,,,,,,,,,,,,,,,,,,,,,,,,,,,,,,,,,,,,,,,TN,,,,,,,,,,
,1780852866,2023-10-26 09:07:41,205.5,4d2c1911361bbc41f63b4e807070a3d83596b70c,1322851,autoland,ContentfulSpeedIndex,True,microsoft ContentfulSpeedIndex opt fission warm webrender,,77,ms,firefox,False,|f|i|s|s|i|o|n| |w|a|r|m| |w|e|b|r|e|n|d|e|r|,,3776889,13,9b3df14599f65e991e2c4a5eaba7ebe76c85b8c3,102210fe594ee9b33d82058545b1ed14f4c8206e,linux1804-64-shippable-qr,microsoft,True,,,,,,,,,,,,,,,,,,,,,,,,,,,,,,,,,,,,,,,,,,,,,,,,,,TN,,,,,,,,,,
,1780990199,2023-10-26 13:14:16,211.2,db6b75385ffe5e764d60c5842add31b3a90c0587,1322985,autoland,ContentfulSpeedIndex,True,microsoft ContentfulSpeedIndex opt fission warm webrender,,77,ms,firefox,False,|f|i|s|s|i|o|n| |w|a|r|m| |w|e|b|r|e|n|d|e|r|,,3776889,13,9b3df14599f65e991e2c4a5eaba7ebe76c85b8c3,102210fe594ee9b33d82058545b1ed14f4c8206e,linux1804-64-shippable-qr,microsoft,True,,,,,,,,,,,,,,,,,,,,,,,,,,,,,,,,,,,,,,,,,,,,,,,,,,TN,,,,,,,,,,
,1781028260,2023-10-26 13:50:58,214.0,630864299a197bf416ac18d405063b7ec40c3644,1323009,autoland,ContentfulSpeedIndex,True,microsoft ContentfulSpeedIndex opt fission warm webrender,,77,ms,firefox,False,|f|i|s|s|i|o|n| |w|a|r|m| |w|e|b|r|e|n|d|e|r|,,3776889,13,9b3df14599f65e991e2c4a5eaba7ebe76c85b8c3,102210fe594ee9b33d82058545b1ed14f4c8206e,linux1804-64-shippable-qr,microsoft,True,,,,,,,,,,,,,,,,,,,,,,,,,,,,,,,,,,,,,,,,,,,,,,,,,,TN,,,,,,,,,,
,1781180730,2023-10-26 17:52:00,209.8,945d53ccf09fe8c263a6a24db6604162a4707ff9,1323156,autoland,ContentfulSpeedIndex,True,microsoft ContentfulSpeedIndex opt fission warm webrender,,77,ms,firefox,False,|f|i|s|s|i|o|n| |w|a|r|m| |w|e|b|r|e|n|d|e|r|,,3776889,13,9b3df14599f65e991e2c4a5eaba7ebe76c85b8c3,102210fe594ee9b33d82058545b1ed14f4c8206e,linux1804-64-shippable-qr,microsoft,True,,,,,,,,,,,,,,,,,,,,,,,,,,,,,,,,,,,,,,,,,,,,,,,,,,TN,,,,,,,,,,
,1781629197,2023-10-26 17:59:55,205.5,36c2d201b88e94ad4448c10d6d73ab2433ee0a46,1323163,autoland,ContentfulSpeedIndex,True,microsoft ContentfulSpeedIndex opt fission warm webrender,,77,ms,firefox,False,|f|i|s|s|i|o|n| |w|a|r|m| |w|e|b|r|e|n|d|e|r|,,3776889,13,9b3df14599f65e991e2c4a5eaba7ebe76c85b8c3,102210fe594ee9b33d82058545b1ed14f4c8206e,linux1804-64-shippable-qr,microsoft,True,,,,,,,,,,,,,,,,,,,,,,,,,,,,,,,,,,,,,,,,,,,,,,,,,,TN,,,,,,,,,,
,1781240950,2023-10-26 19:25:04,210.9,a1dbe7d2099563e23614b7c0d0b0f6923ab447f7,1323220,autoland,ContentfulSpeedIndex,True,microsoft ContentfulSpeedIndex opt fission warm webrender,,77,ms,firefox,False,|f|i|s|s|i|o|n| |w|a|r|m| |w|e|b|r|e|n|d|e|r|,,3776889,13,9b3df14599f65e991e2c4a5eaba7ebe76c85b8c3,102210fe594ee9b33d82058545b1ed14f4c8206e,linux1804-64-shippable-qr,microsoft,True,,,,,,,,,,,,,,,,,,,,,,,,,,,,,,,,,,,,,,,,,,,,,,,,,,TN,,,,,,,,,,
,1781446920,2023-10-26 23:27:25,206.6,a880804c93083962e65cea658b69a28c06528e8e,1323339,autoland,ContentfulSpeedIndex,True,microsoft ContentfulSpeedIndex opt fission warm webrender,,77,ms,firefox,False,|f|i|s|s|i|o|n| |w|a|r|m| |w|e|b|r|e|n|d|e|r|,,3776889,13,9b3df14599f65e991e2c4a5eaba7ebe76c85b8c3,102210fe594ee9b33d82058545b1ed14f4c8206e,linux1804-64-shippable-qr,microsoft,True,,,,,,,,,,,,,,,,,,,,,,,,,,,,,,,,,,,,,,,,,,,,,,,,,,TN,,,,,,,,,,
,1781464936,2023-10-27 00:10:25,220.1,6d47bee6d52ee11125f54db9df7336cbe69593c0,1323363,autoland,ContentfulSpeedIndex,True,microsoft ContentfulSpeedIndex opt fission warm webrender,,77,ms,firefox,False,|f|i|s|s|i|o|n| |w|a|r|m| |w|e|b|r|e|n|d|e|r|,,3776889,13,9b3df14599f65e991e2c4a5eaba7ebe76c85b8c3,102210fe594ee9b33d82058545b1ed14f4c8206e,linux1804-64-shippable-qr,microsoft,True,,,,,,,,,,,,,,,,,,,,,,,,,,,,,,,,,,,,,,,,,,,,,,,,,,TN,,,,,,,,,,
,1781632801,2023-10-27 05:17:25,217.4,4024630f5ffa1704a32f70c816f1003b0af9f105,1323421,autoland,ContentfulSpeedIndex,True,microsoft ContentfulSpeedIndex opt fission warm webrender,,77,ms,firefox,False,|f|i|s|s|i|o|n| |w|a|r|m| |w|e|b|r|e|n|d|e|r|,,3776889,13,9b3df14599f65e991e2c4a5eaba7ebe76c85b8c3,102210fe594ee9b33d82058545b1ed14f4c8206e,linux1804-64-shippable-qr,microsoft,True,,,,,,,,,,,,,,,,,,,,,,,,,,,,,,,,,,,,,,,,,,,,,,,,,,TN,,,,,,,,,,
,1781712464,2023-10-27 08:56:16,233.7,6e09ac4a4c291480d5951adca6d1659a46f571b2,1323505,autoland,ContentfulSpeedIndex,True,microsoft ContentfulSpeedIndex opt fission warm webrender,,77,ms,firefox,False,|f|i|s|s|i|o|n| |w|a|r|m| |w|e|b|r|e|n|d|e|r|,,3776889,13,9b3df14599f65e991e2c4a5eaba7ebe76c85b8c3,102210fe594ee9b33d82058545b1ed14f4c8206e,linux1804-64-shippable-qr,microsoft,True,,,,,,,,,,,,,,,,,,,,,,,,,,,,,,,,,,,,,,,,,,,,,,,,,,TN,,,,,,,,,,
,1781890543,2023-10-27 13:05:02,208.2,6013b7df2b9133416d4244ef4d45c492f215c3d0,1323649,autoland,ContentfulSpeedIndex,True,microsoft ContentfulSpeedIndex opt fission warm webrender,,77,ms,firefox,False,|f|i|s|s|i|o|n| |w|a|r|m| |w|e|b|r|e|n|d|e|r|,,3776889,13,9b3df14599f65e991e2c4a5eaba7ebe76c85b8c3,102210fe594ee9b33d82058545b1ed14f4c8206e,linux1804-64-shippable-qr,microsoft,True,,,,,,,,,,,,,,,,,,,,,,,,,,,,,,,,,,,,,,,,,,,,,,,,,,TN,,,,,,,,,,
,1781912646,2023-10-27 13:54:58,211.8,cda838e04db16590f96ddeaa7d7d54cc80e12a03,1323685,autoland,ContentfulSpeedIndex,True,microsoft ContentfulSpeedIndex opt fission warm webrender,,77,ms,firefox,False,|f|i|s|s|i|o|n| |w|a|r|m| |w|e|b|r|e|n|d|e|r|,,3776889,13,9b3df14599f65e991e2c4a5eaba7ebe76c85b8c3,102210fe594ee9b33d82058545b1ed14f4c8206e,linux1804-64-shippable-qr,microsoft,True,,,,,,,,,,,,,,,,,,,,,,,,,,,,,,,,,,,,,,,,,,,,,,,,,,TN,,,,,,,,,,
,1782534820,2023-10-27 16:27:11,215.3,d4e3485d6f1d579bd3d64e8e2778f9f93a2ee587,1323775,autoland,ContentfulSpeedIndex,True,microsoft ContentfulSpeedIndex opt fission warm webrender,,77,ms,firefox,False,|f|i|s|s|i|o|n| |w|a|r|m| |w|e|b|r|e|n|d|e|r|,,3776889,13,9b3df14599f65e991e2c4a5eaba7ebe76c85b8c3,102210fe594ee9b33d82058545b1ed14f4c8206e,linux1804-64-shippable-qr,microsoft,True,,,,,,,,,,,,,,,,,,,,,,,,,,,,,,,,,,,,,,,,,,,,,,,,,,TN,,,,,,,,,,
,1782542782,2023-10-27 16:29:24,215.9,a844b03832eeff18db233edb38c228f3911be765,1323776,autoland,ContentfulSpeedIndex,True,microsoft ContentfulSpeedIndex opt fission warm webrender,,77,ms,firefox,False,|f|i|s|s|i|o|n| |w|a|r|m| |w|e|b|r|e|n|d|e|r|,,3776889,13,9b3df14599f65e991e2c4a5eaba7ebe76c85b8c3,102210fe594ee9b33d82058545b1ed14f4c8206e,linux1804-64-shippable-qr,microsoft,True,,,,,,,,,,,,,,,,,,,,,,,,,,,,,,,,,,,,,,,,,,,,,,,,,,TN,,,,,,,,,,
,1782094595,2023-10-27 17:16:47,207.5,b6d6a9c84257af5a3d659491a2ab963896e70d0d,1323813,autoland,ContentfulSpeedIndex,True,microsoft ContentfulSpeedIndex opt fission warm webrender,,77,ms,firefox,False,|f|i|s|s|i|o|n| |w|a|r|m| |w|e|b|r|e|n|d|e|r|,,3776889,13,9b3df14599f65e991e2c4a5eaba7ebe76c85b8c3,102210fe594ee9b33d82058545b1ed14f4c8206e,linux1804-64-shippable-qr,microsoft,True,,,,,,,,,,,,,,,,,,,,,,,,,,,,,,,,,,,,,,,,,,,,,,,,,,TN,,,,,,,,,,
,1782301643,2023-10-27 22:11:30,213.5,2744df17e06b25289ca5dd01128e6c4f237d7a7c,1323968,autoland,ContentfulSpeedIndex,True,microsoft ContentfulSpeedIndex opt fission warm webrender,,77,ms,firefox,False,|f|i|s|s|i|o|n| |w|a|r|m| |w|e|b|r|e|n|d|e|r|,,3776889,13,9b3df14599f65e991e2c4a5eaba7ebe76c85b8c3,102210fe594ee9b33d82058545b1ed14f4c8206e,linux1804-64-shippable-qr,microsoft,True,,,,,,,,,,,,,,,,,,,,,,,,,,,,,,,,,,,,,,,,,,,,,,,,,,TN,,,,,,,,,,
,1782354817,2023-10-27 23:12:32,210.0,5c87acee8b894f06e4b248cb602b36ccfcef1615,1323985,autoland,ContentfulSpeedIndex,True,microsoft ContentfulSpeedIndex opt fission warm webrender,,77,ms,firefox,False,|f|i|s|s|i|o|n| |w|a|r|m| |w|e|b|r|e|n|d|e|r|,,3776889,13,9b3df14599f65e991e2c4a5eaba7ebe76c85b8c3,102210fe594ee9b33d82058545b1ed14f4c8206e,linux1804-64-shippable-qr,microsoft,True,,,,,,,,,,,,,,,,,,,,,,,,,,,,,,,,,,,,,,,,,,,,,,,,,,TN,,,,,,,,,,
,1782476981,2023-10-28 03:14:30,208.0,0be08aa0812f81d5eb9f2235165d8478ebaf825b,1324017,autoland,ContentfulSpeedIndex,True,microsoft ContentfulSpeedIndex opt fission warm webrender,,77,ms,firefox,False,|f|i|s|s|i|o|n| |w|a|r|m| |w|e|b|r|e|n|d|e|r|,,3776889,13,9b3df14599f65e991e2c4a5eaba7ebe76c85b8c3,102210fe594ee9b33d82058545b1ed14f4c8206e,linux1804-64-shippable-qr,microsoft,True,,,,,,,,,,,,,,,,,,,,,,,,,,,,,,,,,,,,,,,,,,,,,,,,,,TN,,,,,,,,,,
,1783042967,2023-10-29 17:34:24,208.3,da935aab57913c853df3002f297cc6eb76175828,1324194,autoland,ContentfulSpeedIndex,True,microsoft ContentfulSpeedIndex opt fission warm webrender,,77,ms,firefox,False,|f|i|s|s|i|o|n| |w|a|r|m| |w|e|b|r|e|n|d|e|r|,,3776889,13,9b3df14599f65e991e2c4a5eaba7ebe76c85b8c3,102210fe594ee9b33d82058545b1ed14f4c8206e,linux1804-64-shippable-qr,microsoft,True,,,,,,,,,,,,,,,,,,,,,,,,,,,,,,,,,,,,,,,,,,,,,,,,,,TN,,,,,,,,,,
,1783125797,2023-10-29 22:37:58,212.6,61e57e6ba3b7e09a71062e7cdc44f395af832716,1324214,autoland,ContentfulSpeedIndex,True,microsoft ContentfulSpeedIndex opt fission warm webrender,,77,ms,firefox,False,|f|i|s|s|i|o|n| |w|a|r|m| |w|e|b|r|e|n|d|e|r|,,3776889,13,9b3df14599f65e991e2c4a5eaba7ebe76c85b8c3,102210fe594ee9b33d82058545b1ed14f4c8206e,linux1804-64-shippable-qr,microsoft,True,,,,,,,,,,,,,,,,,,,,,,,,,,,,,,,,,,,,,,,,,,,,,,,,,,TN,,,,,,,,,,
,1783253835,2023-10-30 03:06:34,214.3,cfc1bbb8edcc79491d2e1267e84338d155b2ee3c,1324224,autoland,ContentfulSpeedIndex,True,microsoft ContentfulSpeedIndex opt fission warm webrender,,77,ms,firefox,False,|f|i|s|s|i|o|n| |w|a|r|m| |w|e|b|r|e|n|d|e|r|,,3776889,13,9b3df14599f65e991e2c4a5eaba7ebe76c85b8c3,102210fe594ee9b33d82058545b1ed14f4c8206e,linux1804-64-shippable-qr,microsoft,True,,,,,,,,,,,,,,,,,,,,,,,,,,,,,,,,,,,,,,,,,,,,,,,,,,TN,,,,,,,,,,
,1783335115,2023-10-30 07:08:15,217.7,07ff1e2e4f656661631e6746f339e6232b59ebfd,1324243,autoland,ContentfulSpeedIndex,True,microsoft ContentfulSpeedIndex opt fission warm webrender,,77,ms,firefox,False,|f|i|s|s|i|o|n| |w|a|r|m| |w|e|b|r|e|n|d|e|r|,,3776889,13,9b3df14599f65e991e2c4a5eaba7ebe76c85b8c3,102210fe594ee9b33d82058545b1ed14f4c8206e,linux1804-64-shippable-qr,microsoft,True,,,,,,,,,,,,,,,,,,,,,,,,,,,,,,,,,,,,,,,,,,,,,,,,,,TN,,,,,,,,,,
,1784245579,2023-10-30 09:49:11,214.2,667502cd02b265ad789b4ee291e456bac0e09235,1324304,autoland,ContentfulSpeedIndex,True,microsoft ContentfulSpeedIndex opt fission warm webrender,,77,ms,firefox,False,|f|i|s|s|i|o|n| |w|a|r|m| |w|e|b|r|e|n|d|e|r|,,3776889,13,9b3df14599f65e991e2c4a5eaba7ebe76c85b8c3,102210fe594ee9b33d82058545b1ed14f4c8206e,linux1804-64-shippable-qr,microsoft,True,,,,,,,,,,,,,,,,,,,,,,,,,,,,,,,,,,,,,,,,,,,,,,,,,,TN,,,,,,,,,,
,1784170729,2023-10-30 10:32:34,211.0,5e0414b6e7a9fa6193d4558f3715934aab7c7891,1324328,autoland,ContentfulSpeedIndex,True,microsoft ContentfulSpeedIndex opt fission warm webrender,,77,ms,firefox,False,|f|i|s|s|i|o|n| |w|a|r|m| |w|e|b|r|e|n|d|e|r|,,3776889,13,9b3df14599f65e991e2c4a5eaba7ebe76c85b8c3,102210fe594ee9b33d82058545b1ed14f4c8206e,linux1804-64-shippable-qr,microsoft,True,,,,,,,,,,,,,,,,,,,,,,,,,,,,,,,,,,,,,,,,,,,,,,,,,,TN,,,,,,,,,,
,1783486459,2023-10-30 12:36:41,211.3,9c6272da5dc92ff944d294d9a026bd42a408c784,1324389,autoland,ContentfulSpeedIndex,True,microsoft ContentfulSpeedIndex opt fission warm webrender,,77,ms,firefox,False,|f|i|s|s|i|o|n| |w|a|r|m| |w|e|b|r|e|n|d|e|r|,,3776889,13,9b3df14599f65e991e2c4a5eaba7ebe76c85b8c3,102210fe594ee9b33d82058545b1ed14f4c8206e,linux1804-64-shippable-qr,microsoft,True,,,,,,,,,,,,,,,,,,,,,,,,,,,,,,,,,,,,,,,,,,,,,,,,,,TN,,,,,,,,,,
,1783523236,2023-10-30 13:43:34,208.2,d2a035a8329b5914bcd659ea1ea427c251c4d138,1324429,autoland,ContentfulSpeedIndex,True,microsoft ContentfulSpeedIndex opt fission warm webrender,,77,ms,firefox,False,|f|i|s|s|i|o|n| |w|a|r|m| |w|e|b|r|e|n|d|e|r|,,3776889,13,9b3df14599f65e991e2c4a5eaba7ebe76c85b8c3,102210fe594ee9b33d82058545b1ed14f4c8206e,linux1804-64-shippable-qr,microsoft,True,,,,,,,,,,,,,,,,,,,,,,,,,,,,,,,,,,,,,,,,,,,,,,,,,,TN,,,,,,,,,,
,1784181912,2023-10-30 15:39:07,210.1,3b1635a4b3cbb3f1af8b8df29319ec738b2356d5,1324527,autoland,ContentfulSpeedIndex,True,microsoft ContentfulSpeedIndex opt fission warm webrender,,77,ms,firefox,False,|f|i|s|s|i|o|n| |w|a|r|m| |w|e|b|r|e|n|d|e|r|,,3776889,13,9b3df14599f65e991e2c4a5eaba7ebe76c85b8c3,102210fe594ee9b33d82058545b1ed14f4c8206e,linux1804-64-shippable-qr,microsoft,True,,,,,,,,,,,,,,,,,,,,,,,,,,,,,,,,,,,,,,,,,,,,,,,,,,TN,,,,,,,,,,
,1784193347,2023-10-30 15:46:43,219.0,1b472d6498203a4f89b245e60fa313ec3e4886b2,1324534,autoland,ContentfulSpeedIndex,True,microsoft ContentfulSpeedIndex opt fission warm webrender,,77,ms,firefox,False,|f|i|s|s|i|o|n| |w|a|r|m| |w|e|b|r|e|n|d|e|r|,,3776889,13,9b3df14599f65e991e2c4a5eaba7ebe76c85b8c3,102210fe594ee9b33d82058545b1ed14f4c8206e,linux1804-64-shippable-qr,microsoft,True,,,,,,,,,,,,,,,,,,,,,,,,,,,,,,,,,,,,,,,,,,,,,,,,,,TN,,,,,,,,,,
,1783779618,2023-10-30 17:20:21,215.6,277907757ae0f5c9f9a9b4b15473ec6f3eab7674,1324599,autoland,ContentfulSpeedIndex,True,microsoft ContentfulSpeedIndex opt fission warm webrender,,77,ms,firefox,False,|f|i|s|s|i|o|n| |w|a|r|m| |w|e|b|r|e|n|d|e|r|,,3776889,13,9b3df14599f65e991e2c4a5eaba7ebe76c85b8c3,102210fe594ee9b33d82058545b1ed14f4c8206e,linux1804-64-shippable-qr,microsoft,True,,,,,,,,,,,,,,,,,,,,,,,,,,,,,,,,,,,,,,,,,,,,,,,,,,TN,,,,,,,,,,
,1783914816,2023-10-30 21:26:51,212.8,250d50a3e9aedba6c41312d2ce03b03eabac5c84,1324725,autoland,ContentfulSpeedIndex,True,microsoft ContentfulSpeedIndex opt fission warm webrender,,77,ms,firefox,False,|f|i|s|s|i|o|n| |w|a|r|m| |w|e|b|r|e|n|d|e|r|,,3776889,13,9b3df14599f65e991e2c4a5eaba7ebe76c85b8c3,102210fe594ee9b33d82058545b1ed14f4c8206e,linux1804-64-shippable-qr,microsoft,True,,,,,,,,,,,,,,,,,,,,,,,,,,,,,,,,,,,,,,,,,,,,,,,,,,TN,,,,,,,,,,
,1784148417,2023-10-30 22:07:45,213.1,49bcf5f146b911757fd23c8fef4193c975f04403,1324747,autoland,ContentfulSpeedIndex,True,microsoft ContentfulSpeedIndex opt fission warm webrender,,77,ms,firefox,False,|f|i|s|s|i|o|n| |w|a|r|m| |w|e|b|r|e|n|d|e|r|,,3776889,13,9b3df14599f65e991e2c4a5eaba7ebe76c85b8c3,102210fe594ee9b33d82058545b1ed14f4c8206e,linux1804-64-shippable-qr,microsoft,True,,,,,,,,,,,,,,,,,,,,,,,,,,,,,,,,,,,,,,,,,,,,,,,,,,TN,,,,,,,,,,
,1784094502,2023-10-30 22:14:50,214.7,be34980d62f85760d6c6e963c70ae22f2ffc9461,1324750,autoland,ContentfulSpeedIndex,True,microsoft ContentfulSpeedIndex opt fission warm webrender,,77,ms,firefox,False,|f|i|s|s|i|o|n| |w|a|r|m| |w|e|b|r|e|n|d|e|r|,,3776889,13,9b3df14599f65e991e2c4a5eaba7ebe76c85b8c3,102210fe594ee9b33d82058545b1ed14f4c8206e,linux1804-64-shippable-qr,microsoft,True,,,,,,,,,,,,,,,,,,,,,,,,,,,,,,,,,,,,,,,,,,,,,,,,,,TN,,,,,,,,,,
,1783959050,2023-10-30 22:47:24,211.7,9d87d8875f3012f1cb5e065b5861f41a29d1173c,1324763,autoland,ContentfulSpeedIndex,True,microsoft ContentfulSpeedIndex opt fission warm webrender,,77,ms,firefox,False,|f|i|s|s|i|o|n| |w|a|r|m| |w|e|b|r|e|n|d|e|r|,,3776889,13,9b3df14599f65e991e2c4a5eaba7ebe76c85b8c3,102210fe594ee9b33d82058545b1ed14f4c8206e,linux1804-64-shippable-qr,microsoft,True,,,,,,,,,,,,,,,,,,,,,,,,,,,,,,,,,,,,,,,,,,,,,,,,,,TN,,,,,,,,,,
,1784119240,2023-10-31 03:27:18,233.9,88295a805fb918c5a40c57d9827608c50c65da1a,1324833,autoland,ContentfulSpeedIndex,True,microsoft ContentfulSpeedIndex opt fission warm webrender,,77,ms,firefox,False,|f|i|s|s|i|o|n| |w|a|r|m| |w|e|b|r|e|n|d|e|r|,,3776889,13,9b3df14599f65e991e2c4a5eaba7ebe76c85b8c3,102210fe594ee9b33d82058545b1ed14f4c8206e,linux1804-64-shippable-qr,microsoft,True,,,,,,,,,,,,,,,,,,,,,,,,,,,,,,,,,,,,,,,,,,,,,,,,,,TN,,,,,,,,,,
,1784267589,2023-10-31 08:52:16,182.1,26a58e0274b4491ce07587bf329d30954bfa36a5,1324883,autoland,ContentfulSpeedIndex,True,microsoft ContentfulSpeedIndex opt fission warm webrender,,77,ms,firefox,False,|f|i|s|s|i|o|n| |w|a|r|m| |w|e|b|r|e|n|d|e|r|,,3776889,13,9b3df14599f65e991e2c4a5eaba7ebe76c85b8c3,102210fe594ee9b33d82058545b1ed14f4c8206e,linux1804-64-shippable-qr,microsoft,True,,,,,,,,,,,,,,,,,,,,,,,,,,,,,,,,,,,,,,,,,,,,,,,,,,TN,,,,,,,,,,
,1784344560,2023-10-31 10:24:24,215.5,173608723df3997c0b39049e55f7e4f529974bd1,1324925,autoland,ContentfulSpeedIndex,True,microsoft ContentfulSpeedIndex opt fission warm webrender,,77,ms,firefox,False,|f|i|s|s|i|o|n| |w|a|r|m| |w|e|b|r|e|n|d|e|r|,,3776889,13,9b3df14599f65e991e2c4a5eaba7ebe76c85b8c3,102210fe594ee9b33d82058545b1ed14f4c8206e,linux1804-64-shippable-qr,microsoft,True,,,,,,,,,,,,,,,,,,,,,,,,,,,,,,,,,,,,,,,,,,,,,,,,,,TN,,,,,,,,,,
,1784533316,2023-10-31 14:28:55,208.6,d93c1e224fa334cb0e1a4faf860be329181c1d60,1325039,autoland,ContentfulSpeedIndex,True,microsoft ContentfulSpeedIndex opt fission warm webrender,,77,ms,firefox,False,|f|i|s|s|i|o|n| |w|a|r|m| |w|e|b|r|e|n|d|e|r|,,3776889,13,9b3df14599f65e991e2c4a5eaba7ebe76c85b8c3,102210fe594ee9b33d82058545b1ed14f4c8206e,linux1804-64-shippable-qr,microsoft,True,,,,,,,,,,,,,,,,,,,,,,,,,,,,,,,,,,,,,,,,,,,,,,,,,,TN,,,,,,,,,,
,1784585624,2023-10-31 15:46:12,213.0,4712d595873a538c628ea09a2826c33e3f2e383d,1325101,autoland,ContentfulSpeedIndex,True,microsoft ContentfulSpeedIndex opt fission warm webrender,,77,ms,firefox,False,|f|i|s|s|i|o|n| |w|a|r|m| |w|e|b|r|e|n|d|e|r|,,3776889,13,9b3df14599f65e991e2c4a5eaba7ebe76c85b8c3,102210fe594ee9b33d82058545b1ed14f4c8206e,linux1804-64-shippable-qr,microsoft,True,,,,,,,,,,,,,,,,,,,,,,,,,,,,,,,,,,,,,,,,,,,,,,,,,,TN,,,,,,,,,,
,1784762495,2023-10-31 20:04:41,212.1,5624631ba42eb404a5c5b4e50e9c4fbc826eef31,1325256,autoland,ContentfulSpeedIndex,True,microsoft ContentfulSpeedIndex opt fission warm webrender,,77,ms,firefox,False,|f|i|s|s|i|o|n| |w|a|r|m| |w|e|b|r|e|n|d|e|r|,,3776889,13,9b3df14599f65e991e2c4a5eaba7ebe76c85b8c3,102210fe594ee9b33d82058545b1ed14f4c8206e,linux1804-64-shippable-qr,microsoft,True,,,,,,,,,,,,,,,,,,,,,,,,,,,,,,,,,,,,,,,,,,,,,,,,,,TN,,,,,,,,,,
,1784859235,2023-10-31 22:59:03,208.1,251055c46bfcc027766c9bdaccaaa919c3e6c8f6,1325343,autoland,ContentfulSpeedIndex,True,microsoft ContentfulSpeedIndex opt fission warm webrender,,77,ms,firefox,False,|f|i|s|s|i|o|n| |w|a|r|m| |w|e|b|r|e|n|d|e|r|,,3776889,13,9b3df14599f65e991e2c4a5eaba7ebe76c85b8c3,102210fe594ee9b33d82058545b1ed14f4c8206e,linux1804-64-shippable-qr,microsoft,True,,,,,,,,,,,,,,,,,,,,,,,,,,,,,,,,,,,,,,,,,,,,,,,,,,TN,,,,,,,,,,
,1785089368,2023-11-01 04:08:21,217.3,b73ef4c8979fb0702de9f4bf2fdf986b1d0fd487,1325446,autoland,ContentfulSpeedIndex,True,microsoft ContentfulSpeedIndex opt fission warm webrender,,77,ms,firefox,False,|f|i|s|s|i|o|n| |w|a|r|m| |w|e|b|r|e|n|d|e|r|,,3776889,13,9b3df14599f65e991e2c4a5eaba7ebe76c85b8c3,102210fe594ee9b33d82058545b1ed14f4c8206e,linux1804-64-shippable-qr,microsoft,True,,,,,,,,,,,,,,,,,,,,,,,,,,,,,,,,,,,,,,,,,,,,,,,,,,TN,,,,,,,,,,
,1785174950,2023-11-01 08:27:37,209.8,5db6f03a7c103189ba38ef4c4687a046566f4e5b,1325492,autoland,ContentfulSpeedIndex,True,microsoft ContentfulSpeedIndex opt fission warm webrender,,77,ms,firefox,False,|f|i|s|s|i|o|n| |w|a|r|m| |w|e|b|r|e|n|d|e|r|,,3776889,13,9b3df14599f65e991e2c4a5eaba7ebe76c85b8c3,102210fe594ee9b33d82058545b1ed14f4c8206e,linux1804-64-shippable-qr,microsoft,True,,,,,,,,,,,,,,,,,,,,,,,,,,,,,,,,,,,,,,,,,,,,,,,,,,TN,,,,,,,,,,
,1785431778,2023-11-01 15:00:09,210.0,dee5e3c280a214c32ea4f7a2b6446bbe456ecb54,1325661,autoland,ContentfulSpeedIndex,True,microsoft ContentfulSpeedIndex opt fission warm webrender,,77,ms,firefox,False,|f|i|s|s|i|o|n| |w|a|r|m| |w|e|b|r|e|n|d|e|r|,,3776889,13,9b3df14599f65e991e2c4a5eaba7ebe76c85b8c3,102210fe594ee9b33d82058545b1ed14f4c8206e,linux1804-64-shippable-qr,microsoft,True,,,,,,,,,,,,,,,,,,,,,,,,,,,,,,,,,,,,,,,,,,,,,,,,,,TN,,,,,,,,,,
,1785567586,2023-11-01 21:17:16,209.7,3eea9367b17b3c112968a3f0e008b1005452bbdd,1325895,autoland,ContentfulSpeedIndex,True,microsoft ContentfulSpeedIndex opt fission warm webrender,,77,ms,firefox,False,|f|i|s|s|i|o|n| |w|a|r|m| |w|e|b|r|e|n|d|e|r|,,3776889,13,9b3df14599f65e991e2c4a5eaba7ebe76c85b8c3,102210fe594ee9b33d82058545b1ed14f4c8206e,linux1804-64-shippable-qr,microsoft,True,,,,,,,,,,,,,,,,,,,,,,,,,,,,,,,,,,,,,,,,,,,,,,,,,,TN,,,,,,,,,,
,1785713917,2023-11-02 01:36:12,212.2,0ea21c7c9ab7dcf411a8094c876b12784bc6343c,1325979,autoland,ContentfulSpeedIndex,True,microsoft ContentfulSpeedIndex opt fission warm webrender,,77,ms,firefox,False,|f|i|s|s|i|o|n| |w|a|r|m| |w|e|b|r|e|n|d|e|r|,,3776889,13,9b3df14599f65e991e2c4a5eaba7ebe76c85b8c3,102210fe594ee9b33d82058545b1ed14f4c8206e,linux1804-64-shippable-qr,microsoft,True,,,,,,,,,,,,,,,,,,,,,,,,,,,,,,,,,,,,,,,,,,,,,,,,,,TN,,,,,,,,,,
,1785837977,2023-11-02 06:18:28,211.7,1fcf041bc427507f767a28519182263ab9925550,1326017,autoland,ContentfulSpeedIndex,True,microsoft ContentfulSpeedIndex opt fission warm webrender,,77,ms,firefox,False,|f|i|s|s|i|o|n| |w|a|r|m| |w|e|b|r|e|n|d|e|r|,,3776889,13,9b3df14599f65e991e2c4a5eaba7ebe76c85b8c3,102210fe594ee9b33d82058545b1ed14f4c8206e,linux1804-64-shippable-qr,microsoft,True,,,,,,,,,,,,,,,,,,,,,,,,,,,,,,,,,,,,,,,,,,,,,,,,,,TN,,,,,,,,,,
,1785935354,2023-11-02 10:56:45,207.5,86b37d608b6dff619ef21dd6df25970d2f35504f,1326103,autoland,ContentfulSpeedIndex,True,microsoft ContentfulSpeedIndex opt fission warm webrender,,77,ms,firefox,False,|f|i|s|s|i|o|n| |w|a|r|m| |w|e|b|r|e|n|d|e|r|,,3776889,13,9b3df14599f65e991e2c4a5eaba7ebe76c85b8c3,102210fe594ee9b33d82058545b1ed14f4c8206e,linux1804-64-shippable-qr,microsoft,True,,,,,,,,,,,,,,,,,,,,,,,,,,,,,,,,,,,,,,,,,,,,,,,,,,TN,,,,,,,,,,
,1785968716,2023-11-02 12:13:53,213.8,59754ae1b71386535d42979e577deaaad4aa522f,1326138,autoland,ContentfulSpeedIndex,True,microsoft ContentfulSpeedIndex opt fission warm webrender,,77,ms,firefox,False,|f|i|s|s|i|o|n| |w|a|r|m| |w|e|b|r|e|n|d|e|r|,,3776889,13,9b3df14599f65e991e2c4a5eaba7ebe76c85b8c3,102210fe594ee9b33d82058545b1ed14f4c8206e,linux1804-64-shippable-qr,microsoft,True,,,,,,,,,,,,,,,,,,,,,,,,,,,,,,,,,,,,,,,,,,,,,,,,,,TN,,,,,,,,,,
,1786489608,2023-11-02 13:30:08,206.6,42ea9e037ab397f0632ce37f1bd8709b44ffa6ff,1326191,autoland,ContentfulSpeedIndex,True,microsoft ContentfulSpeedIndex opt fission warm webrender,,77,ms,firefox,False,|f|i|s|s|i|o|n| |w|a|r|m| |w|e|b|r|e|n|d|e|r|,,3776889,13,9b3df14599f65e991e2c4a5eaba7ebe76c85b8c3,102210fe594ee9b33d82058545b1ed14f4c8206e,linux1804-64-shippable-qr,microsoft,True,,,,,,,,,,,,,,,,,,,,,,,,,,,,,,,,,,,,,,,,,,,,,,,,,,TN,,,,,,,,,,
,1786500885,2023-11-02 13:48:11,202.8,08cb433e982fa288536eb388ba3946a21ef856c1,1326209,autoland,ContentfulSpeedIndex,True,microsoft ContentfulSpeedIndex opt fission warm webrender,,77,ms,firefox,False,|f|i|s|s|i|o|n| |w|a|r|m| |w|e|b|r|e|n|d|e|r|,,3776889,13,9b3df14599f65e991e2c4a5eaba7ebe76c85b8c3,102210fe594ee9b33d82058545b1ed14f4c8206e,linux1804-64-shippable-qr,microsoft,True,,,,,,,,,,,,,,,,,,,,,,,,,,,,,,,,,,,,,,,,,,,,,,,,,,TN,,,,,,,,,,
,1786138083,2023-11-02 15:35:11,213.2,b32fede7af3947e835399bab4d1d7f096517521f,1326301,autoland,ContentfulSpeedIndex,True,microsoft ContentfulSpeedIndex opt fission warm webrender,,77,ms,firefox,False,|f|i|s|s|i|o|n| |w|a|r|m| |w|e|b|r|e|n|d|e|r|,,3776889,13,9b3df14599f65e991e2c4a5eaba7ebe76c85b8c3,102210fe594ee9b33d82058545b1ed14f4c8206e,linux1804-64-shippable-qr,microsoft,True,,,,,,,,,,,,,,,,,,,,,,,,,,,,,,,,,,,,,,,,,,,,,,,,,,TN,,,,,,,,,,
,1786286572,2023-11-02 19:35:23,215.8,94e5f553d8ee5632338645c8928e3cc1454d7b5b,1326465,autoland,ContentfulSpeedIndex,True,microsoft ContentfulSpeedIndex opt fission warm webrender,,77,ms,firefox,False,|f|i|s|s|i|o|n| |w|a|r|m| |w|e|b|r|e|n|d|e|r|,,3776889,13,9b3df14599f65e991e2c4a5eaba7ebe76c85b8c3,102210fe594ee9b33d82058545b1ed14f4c8206e,linux1804-64-shippable-qr,microsoft,True,,,,,,,,,,,,,,,,,,,,,,,,,,,,,,,,,,,,,,,,,,,,,,,,,,TN,,,,,,,,,,
,1786374933,2023-11-02 22:16:50,214.1,e76a1dc1e2e5cfa536e6893665fb8d42d2669341,1326592,autoland,ContentfulSpeedIndex,True,microsoft ContentfulSpeedIndex opt fission warm webrender,,77,ms,firefox,False,|f|i|s|s|i|o|n| |w|a|r|m| |w|e|b|r|e|n|d|e|r|,,3776889,13,9b3df14599f65e991e2c4a5eaba7ebe76c85b8c3,102210fe594ee9b33d82058545b1ed14f4c8206e,linux1804-64-shippable-qr,microsoft,True,,,,,,,,,,,,,,,,,,,,,,,,,,,,,,,,,,,,,,,,,,,,,,,,,,TN,,,,,,,,,,
,1786482162,2023-11-03 02:17:21,216.6,7398cacb1ad3e7be98ad07eff3a56fd050025c48,1326661,autoland,ContentfulSpeedIndex,True,microsoft ContentfulSpeedIndex opt fission warm webrender,,77,ms,firefox,False,|f|i|s|s|i|o|n| |w|a|r|m| |w|e|b|r|e|n|d|e|r|,,3776889,13,9b3df14599f65e991e2c4a5eaba7ebe76c85b8c3,102210fe594ee9b33d82058545b1ed14f4c8206e,linux1804-64-shippable-qr,microsoft,True,,,,,,,,,,,,,,,,,,,,,,,,,,,,,,,,,,,,,,,,,,,,,,,,,,TN,,,,,,,,,,
,1786549331,2023-11-03 06:29:48,211.4,63221dffde4f2b6c134c16fb540dea75d856626d,1326720,autoland,ContentfulSpeedIndex,True,microsoft ContentfulSpeedIndex opt fission warm webrender,,77,ms,firefox,False,|f|i|s|s|i|o|n| |w|a|r|m| |w|e|b|r|e|n|d|e|r|,,3776889,13,9b3df14599f65e991e2c4a5eaba7ebe76c85b8c3,102210fe594ee9b33d82058545b1ed14f4c8206e,linux1804-64-shippable-qr,microsoft,True,,,,,,,,,,,,,,,,,,,,,,,,,,,,,,,,,,,,,,,,,,,,,,,,,,TN,,,,,,,,,,
,1786684494,2023-11-03 09:45:55,209.8,fef2ab0f10caa08593c20e7febc4cec185670a4a,1326769,autoland,ContentfulSpeedIndex,True,microsoft ContentfulSpeedIndex opt fission warm webrender,,77,ms,firefox,False,|f|i|s|s|i|o|n| |w|a|r|m| |w|e|b|r|e|n|d|e|r|,,3776889,13,9b3df14599f65e991e2c4a5eaba7ebe76c85b8c3,102210fe594ee9b33d82058545b1ed14f4c8206e,linux1804-64-shippable-qr,microsoft,True,,,,,,,,,,,,,,,,,,,,,,,,,,,,,,,,,,,,,,,,,,,,,,,,,,TN,,,,,,,,,,
,1786853359,2023-11-03 14:08:17,215.8,db8c28afe588aab0cd434e280a4614c075350cde,1326874,autoland,ContentfulSpeedIndex,True,microsoft ContentfulSpeedIndex opt fission warm webrender,,77,ms,firefox,False,|f|i|s|s|i|o|n| |w|a|r|m| |w|e|b|r|e|n|d|e|r|,,3776889,13,9b3df14599f65e991e2c4a5eaba7ebe76c85b8c3,102210fe594ee9b33d82058545b1ed14f4c8206e,linux1804-64-shippable-qr,microsoft,True,,,,,,,,,,,,,,,,,,,,,,,,,,,,,,,,,,,,,,,,,,,,,,,,,,TN,,,,,,,,,,
,1787165401,2023-11-03 14:30:10,220.2,218b0b33b6bb55913c005cf174b1dcc8c1fb63ba,1326901,autoland,ContentfulSpeedIndex,True,microsoft ContentfulSpeedIndex opt fission warm webrender,,77,ms,firefox,False,|f|i|s|s|i|o|n| |w|a|r|m| |w|e|b|r|e|n|d|e|r|,,3776889,13,9b3df14599f65e991e2c4a5eaba7ebe76c85b8c3,102210fe594ee9b33d82058545b1ed14f4c8206e,linux1804-64-shippable-qr,microsoft,True,,,,,,,,,,,,,,,,,,,,,,,,,,,,,,,,,,,,,,,,,,,,,,,,,,TN,,,,,,,,,,
,1787172835,2023-11-03 14:52:04,204.8,0896ccb4c8266515669efe20006dd62d7cc46e05,1326910,autoland,ContentfulSpeedIndex,True,microsoft ContentfulSpeedIndex opt fission warm webrender,,77,ms,firefox,False,|f|i|s|s|i|o|n| |w|a|r|m| |w|e|b|r|e|n|d|e|r|,,3776889,13,9b3df14599f65e991e2c4a5eaba7ebe76c85b8c3,102210fe594ee9b33d82058545b1ed14f4c8206e,linux1804-64-shippable-qr,microsoft,True,,,,,,,,,,,,,,,,,,,,,,,,,,,,,,,,,,,,,,,,,,,,,,,,,,TN,,,,,,,,,,
,1786907000,2023-11-03 15:30:02,208.2,c1bbed9e33815cc111047e95375c6446ad566b5b,1326932,autoland,ContentfulSpeedIndex,True,microsoft ContentfulSpeedIndex opt fission warm webrender,,77,ms,firefox,False,|f|i|s|s|i|o|n| |w|a|r|m| |w|e|b|r|e|n|d|e|r|,,3776889,13,9b3df14599f65e991e2c4a5eaba7ebe76c85b8c3,102210fe594ee9b33d82058545b1ed14f4c8206e,linux1804-64-shippable-qr,microsoft,True,,,,,,,,,,,,,,,,,,,,,,,,,,,,,,,,,,,,,,,,,,,,,,,,,,TN,,,,,,,,,,
,1786986655,2023-11-03 19:29:08,219.0,3483c8458f12814829ccacc001ce04923ce9c601,1327119,autoland,ContentfulSpeedIndex,True,microsoft ContentfulSpeedIndex opt fission warm webrender,,77,ms,firefox,False,|f|i|s|s|i|o|n| |w|a|r|m| |w|e|b|r|e|n|d|e|r|,,3776889,13,9b3df14599f65e991e2c4a5eaba7ebe76c85b8c3,102210fe594ee9b33d82058545b1ed14f4c8206e,linux1804-64-shippable-qr,microsoft,True,,,,,,,,,,,,,,,,,,,,,,,,,,,,,,,,,,,,,,,,,,,,,,,,,,TN,,,,,,,,,,
,1787118469,2023-11-04 00:04:01,217.0,71b8373e6622cf42c02a4244f2c2629c6afed2db,1327246,autoland,ContentfulSpeedIndex,True,microsoft ContentfulSpeedIndex opt fission warm webrender,,77,ms,firefox,False,|f|i|s|s|i|o|n| |w|a|r|m| |w|e|b|r|e|n|d|e|r|,,3776889,13,9b3df14599f65e991e2c4a5eaba7ebe76c85b8c3,102210fe594ee9b33d82058545b1ed14f4c8206e,linux1804-64-shippable-qr,microsoft,True,,,,,,,,,,,,,,,,,,,,,,,,,,,,,,,,,,,,,,,,,,,,,,,,,,TN,,,,,,,,,,
,1787139607,2023-11-04 01:35:30,219.0,fa8ebe703963d027ce9185c21a4e7bdc98f8cd68,1327271,autoland,ContentfulSpeedIndex,True,microsoft ContentfulSpeedIndex opt fission warm webrender,,77,ms,firefox,False,|f|i|s|s|i|o|n| |w|a|r|m| |w|e|b|r|e|n|d|e|r|,,3776889,13,9b3df14599f65e991e2c4a5eaba7ebe76c85b8c3,102210fe594ee9b33d82058545b1ed14f4c8206e,linux1804-64-shippable-qr,microsoft,True,,,,,,,,,,,,,,,,,,,,,,,,,,,,,,,,,,,,,,,,,,,,,,,,,,TN,,,,,,,,,,
,1787217054,2023-11-04 08:24:01,214.1,f65c77517e3e8d32a23f3607a039a558abd2b12c,1327306,autoland,ContentfulSpeedIndex,True,microsoft ContentfulSpeedIndex opt fission warm webrender,,77,ms,firefox,False,|f|i|s|s|i|o|n| |w|a|r|m| |w|e|b|r|e|n|d|e|r|,,3776889,13,9b3df14599f65e991e2c4a5eaba7ebe76c85b8c3,102210fe594ee9b33d82058545b1ed14f4c8206e,linux1804-64-shippable-qr,microsoft,True,,,,,,,,,,,,,,,,,,,,,,,,,,,,,,,,,,,,,,,,,,,,,,,,,,TN,,,,,,,,,,
,1787386100,2023-11-04 14:15:16,208.5,90f5a1a99e4af4267d041ebe447fe2c0d6028eec,1327379,autoland,ContentfulSpeedIndex,True,microsoft ContentfulSpeedIndex opt fission warm webrender,,77,ms,firefox,False,|f|i|s|s|i|o|n| |w|a|r|m| |w|e|b|r|e|n|d|e|r|,,3776889,13,9b3df14599f65e991e2c4a5eaba7ebe76c85b8c3,102210fe594ee9b33d82058545b1ed14f4c8206e,linux1804-64-shippable-qr,microsoft,True,,,,,,,,,,,,,,,,,,,,,,,,,,,,,,,,,,,,,,,,,,,,,,,,,,TN,,,,,,,,,,
,1787438981,2023-11-04 18:45:40,217.2,55a02a6f1e91945e24618f64bd61b9f3a0beeea0,1327418,autoland,ContentfulSpeedIndex,True,microsoft ContentfulSpeedIndex opt fission warm webrender,,77,ms,firefox,False,|f|i|s|s|i|o|n| |w|a|r|m| |w|e|b|r|e|n|d|e|r|,,3776889,13,9b3df14599f65e991e2c4a5eaba7ebe76c85b8c3,102210fe594ee9b33d82058545b1ed14f4c8206e,linux1804-64-shippable-qr,microsoft,True,,,,,,,,,,,,,,,,,,,,,,,,,,,,,,,,,,,,,,,,,,,,,,,,,,TN,,,,,,,,,,
,1787503330,2023-11-04 23:01:16,209.8,c6d6218c85ae690d272c8b978051ec7c2718b1b2,1327454,autoland,ContentfulSpeedIndex,True,microsoft ContentfulSpeedIndex opt fission warm webrender,,77,ms,firefox,False,|f|i|s|s|i|o|n| |w|a|r|m| |w|e|b|r|e|n|d|e|r|,,3776889,13,9b3df14599f65e991e2c4a5eaba7ebe76c85b8c3,102210fe594ee9b33d82058545b1ed14f4c8206e,linux1804-64-shippable-qr,microsoft,True,,,,,,,,,,,,,,,,,,,,,,,,,,,,,,,,,,,,,,,,,,,,,,,,,,TN,,,,,,,,,,
,1787735561,2023-11-05 12:31:02,210.9,6e473b5825d2acd52739d9cc4cdec6ea5e26c9d1,1327508,autoland,ContentfulSpeedIndex,True,microsoft ContentfulSpeedIndex opt fission warm webrender,,77,ms,firefox,False,|f|i|s|s|i|o|n| |w|a|r|m| |w|e|b|r|e|n|d|e|r|,,3776889,13,9b3df14599f65e991e2c4a5eaba7ebe76c85b8c3,102210fe594ee9b33d82058545b1ed14f4c8206e,linux1804-64-shippable-qr,microsoft,True,,,,,,,,,,,,,,,,,,,,,,,,,,,,,,,,,,,,,,,,,,,,,,,,,,TN,,,,,,,,,,
,1787873978,2023-11-05 17:15:11,210.9,e4d362eebc148baf8432d0b013b6233995a2f16e,1327546,autoland,ContentfulSpeedIndex,True,microsoft ContentfulSpeedIndex opt fission warm webrender,,77,ms,firefox,False,|f|i|s|s|i|o|n| |w|a|r|m| |w|e|b|r|e|n|d|e|r|,,3776889,13,9b3df14599f65e991e2c4a5eaba7ebe76c85b8c3,102210fe594ee9b33d82058545b1ed14f4c8206e,linux1804-64-shippable-qr,microsoft,True,,,,,,,,,,,,,,,,,,,,,,,,,,,,,,,,,,,,,,,,,,,,,,,,,,TN,,,,,,,,,,
,1787986911,2023-11-05 22:35:05,213.0,1995198e0bee1b9f7d4ac3a5286fb89a8305fa28,1327567,autoland,ContentfulSpeedIndex,True,microsoft ContentfulSpeedIndex opt fission warm webrender,,77,ms,firefox,False,|f|i|s|s|i|o|n| |w|a|r|m| |w|e|b|r|e|n|d|e|r|,,3776889,13,9b3df14599f65e991e2c4a5eaba7ebe76c85b8c3,102210fe594ee9b33d82058545b1ed14f4c8206e,linux1804-64-shippable-qr,microsoft,True,,,,,,,,,,,,,,,,,,,,,,,,,,,,,,,,,,,,,,,,,,,,,,,,,,TN,,,,,,,,,,
,1788212740,2023-11-06 03:28:15,208.4,925231a8fb5eccf055afb3e9921596d8f990128b,1327590,autoland,ContentfulSpeedIndex,True,microsoft ContentfulSpeedIndex opt fission warm webrender,,77,ms,firefox,False,|f|i|s|s|i|o|n| |w|a|r|m| |w|e|b|r|e|n|d|e|r|,,3776889,13,9b3df14599f65e991e2c4a5eaba7ebe76c85b8c3,102210fe594ee9b33d82058545b1ed14f4c8206e,linux1804-64-shippable-qr,microsoft,True,,,,,,,,,,,,,,,,,,,,,,,,,,,,,,,,,,,,,,,,,,,,,,,,,,TN,,,,,,,,,,
,1788299164,2023-11-06 06:27:10,220.8,58f61f19462af6371405866cd0506983856d5433,1327613,autoland,ContentfulSpeedIndex,True,microsoft ContentfulSpeedIndex opt fission warm webrender,,77,ms,firefox,False,|f|i|s|s|i|o|n| |w|a|r|m| |w|e|b|r|e|n|d|e|r|,,3776889,13,9b3df14599f65e991e2c4a5eaba7ebe76c85b8c3,102210fe594ee9b33d82058545b1ed14f4c8206e,linux1804-64-shippable-qr,microsoft,True,,,,,,,,,,,,,,,,,,,,,,,,,,,,,,,,,,,,,,,,,,,,,,,,,,TN,,,,,,,,,,
,1788425928,2023-11-06 10:22:32,213.0,47130f8e8a79f36f7bea8cf4a4a19a3ef155e539,1327714,autoland,ContentfulSpeedIndex,True,microsoft ContentfulSpeedIndex opt fission warm webrender,,77,ms,firefox,False,|f|i|s|s|i|o|n| |w|a|r|m| |w|e|b|r|e|n|d|e|r|,,3776889,13,9b3df14599f65e991e2c4a5eaba7ebe76c85b8c3,102210fe594ee9b33d82058545b1ed14f4c8206e,linux1804-64-shippable-qr,microsoft,True,,,,,,,,,,,,,,,,,,,,,,,,,,,,,,,,,,,,,,,,,,,,,,,,,,TN,,,,,,,,,,
,1788591841,2023-11-06 14:23:08,208.2,e85ef9b0c6ee61f9f14bf8b49cd5f6e0a5fac3d7,1327890,autoland,ContentfulSpeedIndex,True,microsoft ContentfulSpeedIndex opt fission warm webrender,,77,ms,firefox,False,|f|i|s|s|i|o|n| |w|a|r|m| |w|e|b|r|e|n|d|e|r|,,3776889,13,9b3df14599f65e991e2c4a5eaba7ebe76c85b8c3,102210fe594ee9b33d82058545b1ed14f4c8206e,linux1804-64-shippable-qr,microsoft,True,,,,,,,,,,,,,,,,,,,,,,,,,,,,,,,,,,,,,,,,,,,,,,,,,,TN,,,,,,,,,,
,1788772206,2023-11-06 17:39:09,183.6,6d5e2f6a296345f3afbeecf2e34bf0f7da7c7991,1328028,autoland,ContentfulSpeedIndex,True,microsoft ContentfulSpeedIndex opt fission warm webrender,,77,ms,firefox,False,|f|i|s|s|i|o|n| |w|a|r|m| |w|e|b|r|e|n|d|e|r|,,3776889,13,9b3df14599f65e991e2c4a5eaba7ebe76c85b8c3,102210fe594ee9b33d82058545b1ed14f4c8206e,linux1804-64-shippable-qr,microsoft,True,,,,,,,,,,,,,,,,,,,,,,,,,,,,,,,,,,,,,,,,,,,,,,,,,,TN,,,,,,,,,,
,1789062608,2023-11-06 19:35:04,209.9,503650406cb658c3bb6b55a44c03d5b95ae8ff5b,1328081,autoland,ContentfulSpeedIndex,True,microsoft ContentfulSpeedIndex opt fission warm webrender,,77,ms,firefox,False,|f|i|s|s|i|o|n| |w|a|r|m| |w|e|b|r|e|n|d|e|r|,,3776889,13,9b3df14599f65e991e2c4a5eaba7ebe76c85b8c3,102210fe594ee9b33d82058545b1ed14f4c8206e,linux1804-64-shippable-qr,microsoft,True,,,,,,,,,,,,,,,,,,,,,,,,,,,,,,,,,,,,,,,,,,,,,,,,,,TN,,,,,,,,,,
,1788998787,2023-11-06 19:36:11,214.0,89a118c5878608de9ce47ac8182b338e6ef13c33,1328083,autoland,ContentfulSpeedIndex,True,microsoft ContentfulSpeedIndex opt fission warm webrender,,77,ms,firefox,False,|f|i|s|s|i|o|n| |w|a|r|m| |w|e|b|r|e|n|d|e|r|,,3776889,13,9b3df14599f65e991e2c4a5eaba7ebe76c85b8c3,102210fe594ee9b33d82058545b1ed14f4c8206e,linux1804-64-shippable-qr,microsoft,True,,,,,,,,,,,,,,,,,,,,,,,,,,,,,,,,,,,,,,,,,,,,,,,,,,TN,,,,,,,,,,
,1789076082,2023-11-06 19:52:32,211.8,ffb99ffa3c65771df47bdf63bc01d231c1b8de95,1328090,autoland,ContentfulSpeedIndex,True,microsoft ContentfulSpeedIndex opt fission warm webrender,,77,ms,firefox,False,|f|i|s|s|i|o|n| |w|a|r|m| |w|e|b|r|e|n|d|e|r|,,3776889,13,9b3df14599f65e991e2c4a5eaba7ebe76c85b8c3,102210fe594ee9b33d82058545b1ed14f4c8206e,linux1804-64-shippable-qr,microsoft,True,,,,,,,,,,,,,,,,,,,,,,,,,,,,,,,,,,,,,,,,,,,,,,,,,,TN,,,,,,,,,,
,1788998777,2023-11-06 19:53:36,210.2,14364903b3513c984be3affb09c263c89bd313c6,1328091,autoland,ContentfulSpeedIndex,True,microsoft ContentfulSpeedIndex opt fission warm webrender,,77,ms,firefox,False,|f|i|s|s|i|o|n| |w|a|r|m| |w|e|b|r|e|n|d|e|r|,,3776889,13,9b3df14599f65e991e2c4a5eaba7ebe76c85b8c3,102210fe594ee9b33d82058545b1ed14f4c8206e,linux1804-64-shippable-qr,microsoft,True,,,,,,,,,,,,,,,,,,,,,,,,,,,,,,,,,,,,,,,,,,,,,,,,,,TN,,,,,,,,,,
,1788850821,2023-11-06 20:45:17,231.8,cfad60e16bc9ffd1123a5eb881ba42aaa60b9b18,1328100,autoland,ContentfulSpeedIndex,True,microsoft ContentfulSpeedIndex opt fission warm webrender,,77,ms,firefox,False,|f|i|s|s|i|o|n| |w|a|r|m| |w|e|b|r|e|n|d|e|r|,,3776889,13,9b3df14599f65e991e2c4a5eaba7ebe76c85b8c3,102210fe594ee9b33d82058545b1ed14f4c8206e,linux1804-64-shippable-qr,microsoft,True,,,,,,,,,,,,,,,,,,,,,,,,,,,,,,,,,,,,,,,,,,,,,,,,,,TN,,,,,,,,,,
,1788962827,2023-11-07 01:37:21,208.5,05f23c29b41cfcb7bfe0b081854260fa6d04388f,1328269,autoland,ContentfulSpeedIndex,True,microsoft ContentfulSpeedIndex opt fission warm webrender,,77,ms,firefox,False,|f|i|s|s|i|o|n| |w|a|r|m| |w|e|b|r|e|n|d|e|r|,,3776889,13,9b3df14599f65e991e2c4a5eaba7ebe76c85b8c3,102210fe594ee9b33d82058545b1ed14f4c8206e,linux1804-64-shippable-qr,microsoft,True,,,,,,,,,,,,,,,,,,,,,,,,,,,,,,,,,,,,,,,,,,,,,,,,,,TN,,,,,,,,,,
,1789118075,2023-11-07 05:57:42,211.6,5f6163941f402e507f0d384b9904f2a425a28d57,1328312,autoland,ContentfulSpeedIndex,True,microsoft ContentfulSpeedIndex opt fission warm webrender,,77,ms,firefox,False,|f|i|s|s|i|o|n| |w|a|r|m| |w|e|b|r|e|n|d|e|r|,,3776889,13,9b3df14599f65e991e2c4a5eaba7ebe76c85b8c3,102210fe594ee9b33d82058545b1ed14f4c8206e,linux1804-64-shippable-qr,microsoft,True,,,,,,,,,,,,,,,,,,,,,,,,,,,,,,,,,,,,,,,,,,,,,,,,,,TN,,,,,,,,,,
,1789159465,2023-11-07 07:13:43,212.7,7a3978f0626b31f7d311cbc700a8ad6eef3c38a7,1328322,autoland,ContentfulSpeedIndex,True,microsoft ContentfulSpeedIndex opt fission warm webrender,,77,ms,firefox,False,|f|i|s|s|i|o|n| |w|a|r|m| |w|e|b|r|e|n|d|e|r|,,3776889,13,9b3df14599f65e991e2c4a5eaba7ebe76c85b8c3,102210fe594ee9b33d82058545b1ed14f4c8206e,linux1804-64-shippable-qr,microsoft,True,,,,,,,,,,,,,,,,,,,,,,,,,,,,,,,,,,,,,,,,,,,,,,,,,,TN,,,,,,,,,,
,1789387241,2023-11-07 15:22:28,208.2,3a6678776d36c32f58fe521d73f09bbc1478cbbb,1328534,autoland,ContentfulSpeedIndex,True,microsoft ContentfulSpeedIndex opt fission warm webrender,,77,ms,firefox,False,|f|i|s|s|i|o|n| |w|a|r|m| |w|e|b|r|e|n|d|e|r|,,3776889,13,9b3df14599f65e991e2c4a5eaba7ebe76c85b8c3,102210fe594ee9b33d82058545b1ed14f4c8206e,linux1804-64-shippable-qr,microsoft,True,,,,,,,,,,,,,,,,,,,,,,,,,,,,,,,,,,,,,,,,,,,,,,,,,,TN,,,,,,,,,,
,1789533469,2023-11-07 20:38:50,212.9,2f5322fade4338f844537e7e14979d023e4b7d48,1328596,autoland,ContentfulSpeedIndex,True,microsoft ContentfulSpeedIndex opt fission warm webrender,,77,ms,firefox,False,|f|i|s|s|i|o|n| |w|a|r|m| |w|e|b|r|e|n|d|e|r|,,3776889,13,9b3df14599f65e991e2c4a5eaba7ebe76c85b8c3,102210fe594ee9b33d82058545b1ed14f4c8206e,linux1804-64-shippable-qr,microsoft,True,,,,,,,,,,,,,,,,,,,,,,,,,,,,,,,,,,,,,,,,,,,,,,,,,,TN,,,,,,,,,,
,1789825382,2023-11-07 20:41:36,213.0,a68dd6c75952b039fd90f5f3236f2bb2c5313d30,1328601,autoland,ContentfulSpeedIndex,True,microsoft ContentfulSpeedIndex opt fission warm webrender,,77,ms,firefox,False,|f|i|s|s|i|o|n| |w|a|r|m| |w|e|b|r|e|n|d|e|r|,,3776889,13,9b3df14599f65e991e2c4a5eaba7ebe76c85b8c3,102210fe594ee9b33d82058545b1ed14f4c8206e,linux1804-64-shippable-qr,microsoft,True,,,,,,,,,,,,,,,,,,,,,,,,,,,,,,,,,,,,,,,,,,,,,,,,,,TN,,,,,,,,,,
,1789850055,2023-11-07 20:42:28,211.7,7ec4b8cb61720f01749a68ec9a3e7a9d62f9edca,1328602,autoland,ContentfulSpeedIndex,True,microsoft ContentfulSpeedIndex opt fission warm webrender,,77,ms,firefox,False,|f|i|s|s|i|o|n| |w|a|r|m| |w|e|b|r|e|n|d|e|r|,,3776889,13,9b3df14599f65e991e2c4a5eaba7ebe76c85b8c3,102210fe594ee9b33d82058545b1ed14f4c8206e,linux1804-64-shippable-qr,microsoft,True,,,,,,,,,,,,,,,,,,,,,,,,,,,,,,,,,,,,,,,,,,,,,,,,,,TN,,,,,,,,,,
,1789867565,2023-11-07 20:42:28,214.4,7ec4b8cb61720f01749a68ec9a3e7a9d62f9edca,1328602,autoland,ContentfulSpeedIndex,True,microsoft ContentfulSpeedIndex opt fission warm webrender,,77,ms,firefox,False,|f|i|s|s|i|o|n| |w|a|r|m| |w|e|b|r|e|n|d|e|r|,,3776889,13,9b3df14599f65e991e2c4a5eaba7ebe76c85b8c3,102210fe594ee9b33d82058545b1ed14f4c8206e,linux1804-64-shippable-qr,microsoft,True,,,,,,,,,,,,,,,,,,,,,,,,,,,,,,,,,,,,,,,,,,,,,,,,,,TN,,,,,,,,,,
,1789831504,2023-11-07 20:43:20,207.1,0cb5b12aa2dffce0f3c4119e0e4a1bdeeb5bbd31,1328605,autoland,ContentfulSpeedIndex,True,microsoft ContentfulSpeedIndex opt fission warm webrender,,77,ms,firefox,False,|f|i|s|s|i|o|n| |w|a|r|m| |w|e|b|r|e|n|d|e|r|,,3776889,13,9b3df14599f65e991e2c4a5eaba7ebe76c85b8c3,102210fe594ee9b33d82058545b1ed14f4c8206e,linux1804-64-shippable-qr,microsoft,True,,,,,,,,,,,,,,,,,,,,,,,,,,,,,,,,,,,,,,,,,,,,,,,,,,TN,,,,,,,,,,
,1789634583,2023-11-07 23:09:36,215.7,146ef5c46755802d7609ece035e0115301c936bd,1328770,autoland,ContentfulSpeedIndex,True,microsoft ContentfulSpeedIndex opt fission warm webrender,,77,ms,firefox,False,|f|i|s|s|i|o|n| |w|a|r|m| |w|e|b|r|e|n|d|e|r|,,3776889,13,9b3df14599f65e991e2c4a5eaba7ebe76c85b8c3,102210fe594ee9b33d82058545b1ed14f4c8206e,linux1804-64-shippable-qr,microsoft,True,,,,,,,,,,,,,,,,,,,,,,,,,,,,,,,,,,,,,,,,,,,,,,,,,,TN,,,,,,,,,,
,1790559380,2023-11-08 00:10:31,218.6,bf0c12a3c9849d9076678237eb16ad1452df16bd,1328803,autoland,ContentfulSpeedIndex,True,microsoft ContentfulSpeedIndex opt fission warm webrender,,77,ms,firefox,False,|f|i|s|s|i|o|n| |w|a|r|m| |w|e|b|r|e|n|d|e|r|,,3776889,13,9b3df14599f65e991e2c4a5eaba7ebe76c85b8c3,102210fe594ee9b33d82058545b1ed14f4c8206e,linux1804-64-shippable-qr,microsoft,True,,,,,,,,,,,,,,,,,,,,,,,,,,,,,,,,,,,,,,,,,,,,,,,,,,TN,,,,,,,,,,
,1790550087,2023-11-08 00:11:37,207.3,36cd4787833aa50ad51341da086befe9ab591119,1328804,autoland,ContentfulSpeedIndex,True,microsoft ContentfulSpeedIndex opt fission warm webrender,,77,ms,firefox,False,|f|i|s|s|i|o|n| |w|a|r|m| |w|e|b|r|e|n|d|e|r|,,3776889,13,9b3df14599f65e991e2c4a5eaba7ebe76c85b8c3,102210fe594ee9b33d82058545b1ed14f4c8206e,linux1804-64-shippable-qr,microsoft,True,,,,,,,,,,,,,,,,,,,,,,,,,,,,,,,,,,,,,,,,,,,,,,,,,,TN,,,,,,,,,,
,1789672291,2023-11-08 00:15:37,207.8,54f6a0fa6c5ffe3ce0a5f981a4cdedc058256898,1328812,autoland,ContentfulSpeedIndex,True,microsoft ContentfulSpeedIndex opt fission warm webrender,,77,ms,firefox,False,|f|i|s|s|i|o|n| |w|a|r|m| |w|e|b|r|e|n|d|e|r|,,3776889,13,9b3df14599f65e991e2c4a5eaba7ebe76c85b8c3,102210fe594ee9b33d82058545b1ed14f4c8206e,linux1804-64-shippable-qr,microsoft,True,,,,,,,,,,,,,,,,,,,,,,,,,,,,,,,,,,,,,,,,,,,,,,,,,,TN,,,,,,,,,,
,1789859930,2023-11-08 05:24:12,214.2,68721f0d6aec0facf9c8f271ea2bb2719348014a,1328912,autoland,ContentfulSpeedIndex,True,microsoft ContentfulSpeedIndex opt fission warm webrender,,77,ms,firefox,False,|f|i|s|s|i|o|n| |w|a|r|m| |w|e|b|r|e|n|d|e|r|,,3776889,13,9b3df14599f65e991e2c4a5eaba7ebe76c85b8c3,102210fe594ee9b33d82058545b1ed14f4c8206e,linux1804-64-shippable-qr,microsoft,True,,,,,,,,,,,,,,,,,,,,,,,,,,,,,,,,,,,,,,,,,,,,,,,,,,TN,,,,,,,,,,
,1789975492,2023-11-08 09:44:01,205.4,578787894d0e996af4d743caf71b5501330fb2ab,1328973,autoland,ContentfulSpeedIndex,True,microsoft ContentfulSpeedIndex opt fission warm webrender,,77,ms,firefox,False,|f|i|s|s|i|o|n| |w|a|r|m| |w|e|b|r|e|n|d|e|r|,,3776889,13,9b3df14599f65e991e2c4a5eaba7ebe76c85b8c3,102210fe594ee9b33d82058545b1ed14f4c8206e,linux1804-64-shippable-qr,microsoft,True,,,,,,,,,,,,,,,,,,,,,,,,,,,,,,,,,,,,,,,,,,,,,,,,,,TN,,,,,,,,,,
,1789985372,2023-11-08 09:46:58,214.5,e65fca949600e3163fd1befd6423958e0bc70029,1328975,autoland,ContentfulSpeedIndex,True,microsoft ContentfulSpeedIndex opt fission warm webrender,,77,ms,firefox,False,|f|i|s|s|i|o|n| |w|a|r|m| |w|e|b|r|e|n|d|e|r|,,3776889,13,9b3df14599f65e991e2c4a5eaba7ebe76c85b8c3,102210fe594ee9b33d82058545b1ed14f4c8206e,linux1804-64-shippable-qr,microsoft,True,,,,,,,,,,,,,,,,,,,,,,,,,,,,,,,,,,,,,,,,,,,,,,,,,,TN,,,,,,,,,,
,1790666106,2023-11-08 11:14:55,214.1,41529cdc86384f74205666f1f5b781a95de98e58,1329030,autoland,ContentfulSpeedIndex,True,microsoft ContentfulSpeedIndex opt fission warm webrender,,77,ms,firefox,False,|f|i|s|s|i|o|n| |w|a|r|m| |w|e|b|r|e|n|d|e|r|,,3776889,13,9b3df14599f65e991e2c4a5eaba7ebe76c85b8c3,102210fe594ee9b33d82058545b1ed14f4c8206e,linux1804-64-shippable-qr,microsoft,True,,,,,,,,,,,,,,,,,,,,,,,,,,,,,,,,,,,,,,,,,,,,,,,,,,TN,,,,,,,,,,
,1790640556,2023-11-08 11:17:38,209.5,008d97a8a9a984bfdc4a96e3ce3340b1b4e998ce,1329031,autoland,ContentfulSpeedIndex,True,microsoft ContentfulSpeedIndex opt fission warm webrender,,77,ms,firefox,False,|f|i|s|s|i|o|n| |w|a|r|m| |w|e|b|r|e|n|d|e|r|,,3776889,13,9b3df14599f65e991e2c4a5eaba7ebe76c85b8c3,102210fe594ee9b33d82058545b1ed14f4c8206e,linux1804-64-shippable-qr,microsoft,True,,,,,,,,,,,,,,,,,,,,,,,,,,,,,,,,,,,,,,,,,,,,,,,,,,TN,,,,,,,,,,
,1790099190,2023-11-08 13:41:28,209.8,ae536a17c1ffbb830141240a38f81e032b6645ea,1329115,autoland,ContentfulSpeedIndex,True,microsoft ContentfulSpeedIndex opt fission warm webrender,,77,ms,firefox,False,|f|i|s|s|i|o|n| |w|a|r|m| |w|e|b|r|e|n|d|e|r|,,3776889,13,9b3df14599f65e991e2c4a5eaba7ebe76c85b8c3,102210fe594ee9b33d82058545b1ed14f4c8206e,linux1804-64-shippable-qr,microsoft,True,,,,,,,,,,,,,,,,,,,,,,,,,,,,,,,,,,,,,,,,,,,,,,,,,,TN,,,,,,,,,,
,1790183270,2023-11-08 17:45:21,214.1,f1fb5f0afb5896b5c30e6a9b1439a9c4de4a3db2,1329261,autoland,ContentfulSpeedIndex,True,microsoft ContentfulSpeedIndex opt fission warm webrender,,77,ms,firefox,False,|f|i|s|s|i|o|n| |w|a|r|m| |w|e|b|r|e|n|d|e|r|,,3776889,13,9b3df14599f65e991e2c4a5eaba7ebe76c85b8c3,102210fe594ee9b33d82058545b1ed14f4c8206e,linux1804-64-shippable-qr,microsoft,True,,,,,,,,,,,,,,,,,,,,,,,,,,,,,,,,,,,,,,,,,,,,,,,,,,TN,,,,,,,,,,
,1790393724,2023-11-08 23:10:55,211.2,9b044e3ed5981e128922152098934a6691bfcd97,1329500,autoland,ContentfulSpeedIndex,True,microsoft ContentfulSpeedIndex opt fission warm webrender,,77,ms,firefox,False,|f|i|s|s|i|o|n| |w|a|r|m| |w|e|b|r|e|n|d|e|r|,,3776889,13,9b3df14599f65e991e2c4a5eaba7ebe76c85b8c3,102210fe594ee9b33d82058545b1ed14f4c8206e,linux1804-64-shippable-qr,microsoft,True,,,,,,,,,,,,,,,,,,,,,,,,,,,,,,,,,,,,,,,,,,,,,,,,,,TN,,,,,,,,,,
,1790421326,2023-11-09 00:04:05,212.9,fd3f50f4dce00592f4da8f972037ced4a0c9f5be,1329532,autoland,ContentfulSpeedIndex,True,microsoft ContentfulSpeedIndex opt fission warm webrender,,77,ms,firefox,False,|f|i|s|s|i|o|n| |w|a|r|m| |w|e|b|r|e|n|d|e|r|,,3776889,13,9b3df14599f65e991e2c4a5eaba7ebe76c85b8c3,102210fe594ee9b33d82058545b1ed14f4c8206e,linux1804-64-shippable-qr,microsoft,True,,,,,,,,,,,,,,,,,,,,,,,,,,,,,,,,,,,,,,,,,,,,,,,,,,TN,,,,,,,,,,
,1790622408,2023-11-09 04:14:58,210.2,975206b939dc6e4f823a1a29c703dd586e4157b9,1329628,autoland,ContentfulSpeedIndex,True,microsoft ContentfulSpeedIndex opt fission warm webrender,,77,ms,firefox,False,|f|i|s|s|i|o|n| |w|a|r|m| |w|e|b|r|e|n|d|e|r|,,3776889,13,9b3df14599f65e991e2c4a5eaba7ebe76c85b8c3,102210fe594ee9b33d82058545b1ed14f4c8206e,linux1804-64-shippable-qr,microsoft,True,,,,,,,,,,,,,,,,,,,,,,,,,,,,,,,,,,,,,,,,,,,,,,,,,,TN,,,,,,,,,,
,1790735159,2023-11-09 08:18:01,206.5,d0c4fdebcd36de1f0361cb29103afbf36e498521,1329688,autoland,ContentfulSpeedIndex,True,microsoft ContentfulSpeedIndex opt fission warm webrender,,77,ms,firefox,False,|f|i|s|s|i|o|n| |w|a|r|m| |w|e|b|r|e|n|d|e|r|,,3776889,13,9b3df14599f65e991e2c4a5eaba7ebe76c85b8c3,102210fe594ee9b33d82058545b1ed14f4c8206e,linux1804-64-shippable-qr,microsoft,True,,,,,,,,,,,,,,,,,,,,,,,,,,,,,,,,,,,,,,,,,,,,,,,,,,TN,,,,,,,,,,
,1790751873,2023-11-09 08:32:31,208.2,5392006086fa6f66b9c2f5919b8c65d04cf44936,1329693,autoland,ContentfulSpeedIndex,True,microsoft ContentfulSpeedIndex opt fission warm webrender,,77,ms,firefox,False,|f|i|s|s|i|o|n| |w|a|r|m| |w|e|b|r|e|n|d|e|r|,,3776889,13,9b3df14599f65e991e2c4a5eaba7ebe76c85b8c3,102210fe594ee9b33d82058545b1ed14f4c8206e,linux1804-64-shippable-qr,microsoft,True,,,,,,,,,,,,,,,,,,,,,,,,,,,,,,,,,,,,,,,,,,,,,,,,,,TN,,,,,,,,,,
,1790945417,2023-11-09 12:39:55,216.0,0d25aa82c9421a1a0e1d9bf224094a9feaa083c0,1329818,autoland,ContentfulSpeedIndex,True,microsoft ContentfulSpeedIndex opt fission warm webrender,,77,ms,firefox,False,|f|i|s|s|i|o|n| |w|a|r|m| |w|e|b|r|e|n|d|e|r|,,3776889,13,9b3df14599f65e991e2c4a5eaba7ebe76c85b8c3,102210fe594ee9b33d82058545b1ed14f4c8206e,linux1804-64-shippable-qr,microsoft,True,,,,,,,,,,,,,,,,,,,,,,,,,,,,,,,,,,,,,,,,,,,,,,,,,,TN,,,,,,,,,,
,1791007314,2023-11-09 13:52:13,212.9,af9d30c92582a30a1e7987079e780e59aa69ab7b,1329843,autoland,ContentfulSpeedIndex,True,microsoft ContentfulSpeedIndex opt fission warm webrender,,77,ms,firefox,False,|f|i|s|s|i|o|n| |w|a|r|m| |w|e|b|r|e|n|d|e|r|,,3776889,13,9b3df14599f65e991e2c4a5eaba7ebe76c85b8c3,102210fe594ee9b33d82058545b1ed14f4c8206e,linux1804-64-shippable-qr,microsoft,True,,,,,,,,,,,,,,,,,,,,,,,,,,,,,,,,,,,,,,,,,,,,,,,,,,TN,,,,,,,,,,
,1791115803,2023-11-09 18:06:54,216.1,1eda7f37f458e81d7c275eb0a3e1959cdfdb5053,1329987,autoland,ContentfulSpeedIndex,True,microsoft ContentfulSpeedIndex opt fission warm webrender,,77,ms,firefox,False,|f|i|s|s|i|o|n| |w|a|r|m| |w|e|b|r|e|n|d|e|r|,,3776889,13,9b3df14599f65e991e2c4a5eaba7ebe76c85b8c3,102210fe594ee9b33d82058545b1ed14f4c8206e,linux1804-64-shippable-qr,microsoft,True,,,,,,,,,,,,,,,,,,,,,,,,,,,,,,,,,,,,,,,,,,,,,,,,,,TN,,,,,,,,,,
,1791187915,2023-11-09 18:57:17,205.4,938e6fc607623834483a5ab95019520814f10ee8,1330029,autoland,ContentfulSpeedIndex,True,microsoft ContentfulSpeedIndex opt fission warm webrender,,77,ms,firefox,False,|f|i|s|s|i|o|n| |w|a|r|m| |w|e|b|r|e|n|d|e|r|,,3776889,13,9b3df14599f65e991e2c4a5eaba7ebe76c85b8c3,102210fe594ee9b33d82058545b1ed14f4c8206e,linux1804-64-shippable-qr,microsoft,True,,,,,,,,,,,,,,,,,,,,,,,,,,,,,,,,,,,,,,,,,,,,,,,,,,TN,,,,,,,,,,
,1791445805,2023-11-09 23:53:27,208.6,d3aff5d6c69730c6f26eb54b7e24fdd203480069,1330185,autoland,ContentfulSpeedIndex,True,microsoft ContentfulSpeedIndex opt fission warm webrender,,77,ms,firefox,False,|f|i|s|s|i|o|n| |w|a|r|m| |w|e|b|r|e|n|d|e|r|,,3776889,13,9b3df14599f65e991e2c4a5eaba7ebe76c85b8c3,102210fe594ee9b33d82058545b1ed14f4c8206e,linux1804-64-shippable-qr,microsoft,True,,,,,,,,,,,,,,,,,,,,,,,,,,,,,,,,,,,,,,,,,,,,,,,,,,TN,,,,,,,,,,
,1791376652,2023-11-10 00:18:00,218.6,543c915fc8c6775cd665ad6ebe58df0f46e9198c,1330200,autoland,ContentfulSpeedIndex,True,microsoft ContentfulSpeedIndex opt fission warm webrender,,77,ms,firefox,False,|f|i|s|s|i|o|n| |w|a|r|m| |w|e|b|r|e|n|d|e|r|,,3776889,13,9b3df14599f65e991e2c4a5eaba7ebe76c85b8c3,102210fe594ee9b33d82058545b1ed14f4c8206e,linux1804-64-shippable-qr,microsoft,True,,,,,,,,,,,,,,,,,,,,,,,,,,,,,,,,,,,,,,,,,,,,,,,,,,TN,,,,,,,,,,
,1791583279,2023-11-10 06:00:15,206.5,5fcc529533b87c657e0dd95ea8cdd37f7cbac5c0,1330263,autoland,ContentfulSpeedIndex,True,microsoft ContentfulSpeedIndex opt fission warm webrender,,77,ms,firefox,False,|f|i|s|s|i|o|n| |w|a|r|m| |w|e|b|r|e|n|d|e|r|,,3776889,13,9b3df14599f65e991e2c4a5eaba7ebe76c85b8c3,102210fe594ee9b33d82058545b1ed14f4c8206e,linux1804-64-shippable-qr,microsoft,True,,,,,,,,,,,,,,,,,,,,,,,,,,,,,,,,,,,,,,,,,,,,,,,,,,TN,,,,,,,,,,
,1791734704,2023-11-10 10:16:47,209.6,2033848fe740a46b19d19b2689365e6d5122d399,1330353,autoland,ContentfulSpeedIndex,True,microsoft ContentfulSpeedIndex opt fission warm webrender,,77,ms,firefox,False,|f|i|s|s|i|o|n| |w|a|r|m| |w|e|b|r|e|n|d|e|r|,,3776889,13,9b3df14599f65e991e2c4a5eaba7ebe76c85b8c3,102210fe594ee9b33d82058545b1ed14f4c8206e,linux1804-64-shippable-qr,microsoft,True,,,,,,,,,,,,,,,,,,,,,,,,,,,,,,,,,,,,,,,,,,,,,,,,,,TN,,,,,,,,,,
,1791805304,2023-11-10 14:18:06,208.9,e2c6fa08aa82b40d8316fc19e08ea45be70e9292,1330451,autoland,ContentfulSpeedIndex,True,microsoft ContentfulSpeedIndex opt fission warm webrender,,77,ms,firefox,False,|f|i|s|s|i|o|n| |w|a|r|m| |w|e|b|r|e|n|d|e|r|,,3776889,13,9b3df14599f65e991e2c4a5eaba7ebe76c85b8c3,102210fe594ee9b33d82058545b1ed14f4c8206e,linux1804-64-shippable-qr,microsoft,True,,,,,,,,,,,,,,,,,,,,,,,,,,,,,,,,,,,,,,,,,,,,,,,,,,TN,,,,,,,,,,
,1792240392,2023-11-10 14:36:50,210.9,5333a7b4673f82c2a84b3bf4e2547ca4b7f058f1,1330458,autoland,ContentfulSpeedIndex,True,microsoft ContentfulSpeedIndex opt fission warm webrender,,77,ms,firefox,False,|f|i|s|s|i|o|n| |w|a|r|m| |w|e|b|r|e|n|d|e|r|,,3776889,13,9b3df14599f65e991e2c4a5eaba7ebe76c85b8c3,102210fe594ee9b33d82058545b1ed14f4c8206e,linux1804-64-shippable-qr,microsoft,True,,,,,,,,,,,,,,,,,,,,,,,,,,,,,,,,,,,,,,,,,,,,,,,,,,TN,,,,,,,,,,
,1792255058,2023-11-10 14:39:32,208.2,b2f6c4b727ceb6bc9b6101de6557ff283ca94816,1330462,autoland,ContentfulSpeedIndex,True,microsoft ContentfulSpeedIndex opt fission warm webrender,,77,ms,firefox,False,|f|i|s|s|i|o|n| |w|a|r|m| |w|e|b|r|e|n|d|e|r|,,3776889,13,9b3df14599f65e991e2c4a5eaba7ebe76c85b8c3,102210fe594ee9b33d82058545b1ed14f4c8206e,linux1804-64-shippable-qr,microsoft,True,,,,,,,,,,,,,,,,,,,,,,,,,,,,,,,,,,,,,,,,,,,,,,,,,,TN,,,,,,,,,,
,1791825377,2023-11-10 14:48:51,214.2,f90b853d9b0b112db86ff41fcce843afb13939ce,1330467,autoland,ContentfulSpeedIndex,True,microsoft ContentfulSpeedIndex opt fission warm webrender,,77,ms,firefox,False,|f|i|s|s|i|o|n| |w|a|r|m| |w|e|b|r|e|n|d|e|r|,,3776889,13,9b3df14599f65e991e2c4a5eaba7ebe76c85b8c3,102210fe594ee9b33d82058545b1ed14f4c8206e,linux1804-64-shippable-qr,microsoft,True,,,,,,,,,,,,,,,,,,,,,,,,,,,,,,,,,,,,,,,,,,,,,,,,,,TN,,,,,,,,,,
,1792119702,2023-11-10 23:46:31,212.9,740891aba7f0d05a95960669bd6efe7b25177226,1330635,autoland,ContentfulSpeedIndex,True,microsoft ContentfulSpeedIndex opt fission warm webrender,,77,ms,firefox,False,|f|i|s|s|i|o|n| |w|a|r|m| |w|e|b|r|e|n|d|e|r|,,3776889,13,9b3df14599f65e991e2c4a5eaba7ebe76c85b8c3,102210fe594ee9b33d82058545b1ed14f4c8206e,linux1804-64-shippable-qr,microsoft,True,,,,,,,,,,,,,,,,,,,,,,,,,,,,,,,,,,,,,,,,,,,,,,,,,,TN,,,,,,,,,,
,1792288273,2023-11-11 06:55:04,204.8,94bbd4bd056a20549029ecbc07c9a4b5da968789,1330673,autoland,ContentfulSpeedIndex,True,microsoft ContentfulSpeedIndex opt fission warm webrender,,77,ms,firefox,False,|f|i|s|s|i|o|n| |w|a|r|m| |w|e|b|r|e|n|d|e|r|,,3776889,13,9b3df14599f65e991e2c4a5eaba7ebe76c85b8c3,102210fe594ee9b33d82058545b1ed14f4c8206e,linux1804-64-shippable-qr,microsoft,True,,,,,,,,,,,,,,,,,,,,,,,,,,,,,,,,,,,,,,,,,,,,,,,,,,TN,,,,,,,,,,
,1792327287,2023-11-11 08:27:10,208.0,29fb30143955ee92cd789fd467326c47f82f7968,1330680,autoland,ContentfulSpeedIndex,True,microsoft ContentfulSpeedIndex opt fission warm webrender,,77,ms,firefox,False,|f|i|s|s|i|o|n| |w|a|r|m| |w|e|b|r|e|n|d|e|r|,,3776889,13,9b3df14599f65e991e2c4a5eaba7ebe76c85b8c3,102210fe594ee9b33d82058545b1ed14f4c8206e,linux1804-64-shippable-qr,microsoft,True,,,,,,,,,,,,,,,,,,,,,,,,,,,,,,,,,,,,,,,,,,,,,,,,,,TN,,,,,,,,,,
,1792435608,2023-11-11 12:34:55,212.2,81243364a707b159122b0c5ee8e682567162117c,1330712,autoland,ContentfulSpeedIndex,True,microsoft ContentfulSpeedIndex opt fission warm webrender,,77,ms,firefox,False,|f|i|s|s|i|o|n| |w|a|r|m| |w|e|b|r|e|n|d|e|r|,,3776889,13,9b3df14599f65e991e2c4a5eaba7ebe76c85b8c3,102210fe594ee9b33d82058545b1ed14f4c8206e,linux1804-64-shippable-qr,microsoft,True,,,,,,,,,,,,,,,,,,,,,,,,,,,,,,,,,,,,,,,,,,,,,,,,,,TN,,,,,,,,,,
,1792717239,2023-11-11 23:06:06,207.6,3c8320ef59532128e1a7589968f497f0efcabbaf,1330750,autoland,ContentfulSpeedIndex,True,microsoft ContentfulSpeedIndex opt fission warm webrender,,77,ms,firefox,False,|f|i|s|s|i|o|n| |w|a|r|m| |w|e|b|r|e|n|d|e|r|,,3776889,13,9b3df14599f65e991e2c4a5eaba7ebe76c85b8c3,102210fe594ee9b33d82058545b1ed14f4c8206e,linux1804-64-shippable-qr,microsoft,True,,,,,,,,,,,,,,,,,,,,,,,,,,,,,,,,,,,,,,,,,,,,,,,,,,TN,,,,,,,,,,
,1792788083,2023-11-12 05:45:19,221.8,43bee97ffb8cfcea7412fb86386ea2cb2a1b9b49,1330766,autoland,ContentfulSpeedIndex,True,microsoft ContentfulSpeedIndex opt fission warm webrender,,77,ms,firefox,False,|f|i|s|s|i|o|n| |w|a|r|m| |w|e|b|r|e|n|d|e|r|,,3776889,13,9b3df14599f65e991e2c4a5eaba7ebe76c85b8c3,102210fe594ee9b33d82058545b1ed14f4c8206e,linux1804-64-shippable-qr,microsoft,True,,,,,,,,,,,,,,,,,,,,,,,,,,,,,,,,,,,,,,,,,,,,,,,,,,TN,,,,,,,,,,
,1793077677,2023-11-13 00:59:12,223.4,211dc86c8f534a950af69434fa996976b566a6a0,1330865,autoland,ContentfulSpeedIndex,True,microsoft ContentfulSpeedIndex opt fission warm webrender,,77,ms,firefox,False,|f|i|s|s|i|o|n| |w|a|r|m| |w|e|b|r|e|n|d|e|r|,,3776889,13,9b3df14599f65e991e2c4a5eaba7ebe76c85b8c3,102210fe594ee9b33d82058545b1ed14f4c8206e,linux1804-64-shippable-qr,microsoft,True,,,,,,,,,,,,,,,,,,,,,,,,,,,,,,,,,,,,,,,,,,,,,,,,,,TN,,,,,,,,,,
,1793210641,2023-11-13 10:08:58,210.0,25308a5c7e551cda7c3cfd77836eff8610462eae,1330949,autoland,ContentfulSpeedIndex,True,microsoft ContentfulSpeedIndex opt fission warm webrender,,77,ms,firefox,False,|f|i|s|s|i|o|n| |w|a|r|m| |w|e|b|r|e|n|d|e|r|,,3776889,13,9b3df14599f65e991e2c4a5eaba7ebe76c85b8c3,102210fe594ee9b33d82058545b1ed14f4c8206e,linux1804-64-shippable-qr,microsoft,True,,,,,,,,,,,,,,,,,,,,,,,,,,,,,,,,,,,,,,,,,,,,,,,,,,TN,,,,,,,,,,
,1793754190,2023-11-13 13:46:12,216.9,076ac3911ce97e80547b7576a608d0faf34afa0b,1331038,autoland,ContentfulSpeedIndex,True,microsoft ContentfulSpeedIndex opt fission warm webrender,,77,ms,firefox,False,|f|i|s|s|i|o|n| |w|a|r|m| |w|e|b|r|e|n|d|e|r|,,3776889,13,9b3df14599f65e991e2c4a5eaba7ebe76c85b8c3,102210fe594ee9b33d82058545b1ed14f4c8206e,linux1804-64-shippable-qr,microsoft,True,,,,,,,,,,,,,,,,,,,,,,,,,,,,,,,,,,,,,,,,,,,,,,,,,,TN,,,,,,,,,,
,1793797021,2023-11-13 13:55:57,214.5,3344f9adce95adb868093dd5732c536e6d291805,1331044,autoland,ContentfulSpeedIndex,True,microsoft ContentfulSpeedIndex opt fission warm webrender,,77,ms,firefox,False,|f|i|s|s|i|o|n| |w|a|r|m| |w|e|b|r|e|n|d|e|r|,,3776889,13,9b3df14599f65e991e2c4a5eaba7ebe76c85b8c3,102210fe594ee9b33d82058545b1ed14f4c8206e,linux1804-64-shippable-qr,microsoft,True,,,,,,,,,,,,,,,,,,,,,,,,,,,,,,,,,,,,,,,,,,,,,,,,,,TN,,,,,,,,,,
,1793809741,2023-11-13 14:06:51,210.0,69230ff99fdf9f440bef8c61123bce26e14c86b0,1331048,autoland,ContentfulSpeedIndex,True,microsoft ContentfulSpeedIndex opt fission warm webrender,,77,ms,firefox,False,|f|i|s|s|i|o|n| |w|a|r|m| |w|e|b|r|e|n|d|e|r|,,3776889,13,9b3df14599f65e991e2c4a5eaba7ebe76c85b8c3,102210fe594ee9b33d82058545b1ed14f4c8206e,linux1804-64-shippable-qr,microsoft,True,,,,,,,,,,,,,,,,,,,,,,,,,,,,,,,,,,,,,,,,,,,,,,,,,,TN,,,,,,,,,,
,1793304205,2023-11-13 14:09:58,213.8,54d191b31d03235c75592d07a8c538749933a18f,1331049,autoland,ContentfulSpeedIndex,True,microsoft ContentfulSpeedIndex opt fission warm webrender,,77,ms,firefox,False,|f|i|s|s|i|o|n| |w|a|r|m| |w|e|b|r|e|n|d|e|r|,,3776889,13,9b3df14599f65e991e2c4a5eaba7ebe76c85b8c3,102210fe594ee9b33d82058545b1ed14f4c8206e,linux1804-64-shippable-qr,microsoft,True,,,,,,,,,,,,,,,,,,,,,,,,,,,,,,,,,,,,,,,,,,,,,,,,,,TN,,,,,,,,,,
,1793369808,2023-11-13 15:01:04,212.0,70f361f21a24a6e9fc53cb014e28172d360fa851,1331086,autoland,ContentfulSpeedIndex,True,microsoft ContentfulSpeedIndex opt fission warm webrender,,77,ms,firefox,False,|f|i|s|s|i|o|n| |w|a|r|m| |w|e|b|r|e|n|d|e|r|,,3776889,13,9b3df14599f65e991e2c4a5eaba7ebe76c85b8c3,102210fe594ee9b33d82058545b1ed14f4c8206e,linux1804-64-shippable-qr,microsoft,True,,,,,,,,,,,,,,,,,,,,,,,,,,,,,,,,,,,,,,,,,,,,,,,,,,TN,,,,,,,,,,
,1793530404,2023-11-13 18:41:52,212.0,9850dc0fc0707517b3a304d673f219842e499cac,1331218,autoland,ContentfulSpeedIndex,True,microsoft ContentfulSpeedIndex opt fission warm webrender,,77,ms,firefox,False,|f|i|s|s|i|o|n| |w|a|r|m| |w|e|b|r|e|n|d|e|r|,,3776889,13,9b3df14599f65e991e2c4a5eaba7ebe76c85b8c3,102210fe594ee9b33d82058545b1ed14f4c8206e,linux1804-64-shippable-qr,microsoft,True,,,,,,,,,,,,,,,,,,,,,,,,,,,,,,,,,,,,,,,,,,,,,,,,,,TN,,,,,,,,,,
,1793688611,2023-11-13 22:35:59,212.9,9d523f46c7d8642d6601894c5166ddcd17b6388a,1331378,autoland,ContentfulSpeedIndex,True,microsoft ContentfulSpeedIndex opt fission warm webrender,,77,ms,firefox,False,|f|i|s|s|i|o|n| |w|a|r|m| |w|e|b|r|e|n|d|e|r|,,3776889,13,9b3df14599f65e991e2c4a5eaba7ebe76c85b8c3,102210fe594ee9b33d82058545b1ed14f4c8206e,linux1804-64-shippable-qr,microsoft,True,,,,,,,,,,,,,,,,,,,,,,,,,,,,,,,,,,,,,,,,,,,,,,,,,,TN,,,,,,,,,,
,1793770470,2023-11-14 03:20:13,214.0,2628fd55e661366941f56769829687c53da4669b,1331480,autoland,ContentfulSpeedIndex,True,microsoft ContentfulSpeedIndex opt fission warm webrender,,77,ms,firefox,False,|f|i|s|s|i|o|n| |w|a|r|m| |w|e|b|r|e|n|d|e|r|,,3776889,13,9b3df14599f65e991e2c4a5eaba7ebe76c85b8c3,102210fe594ee9b33d82058545b1ed14f4c8206e,linux1804-64-shippable-qr,microsoft,True,,,,,,,,,,,,,,,,,,,,,,,,,,,,,,,,,,,,,,,,,,,,,,,,,,TN,,,,,,,,,,
,1793829378,2023-11-14 06:06:45,214.2,acdcddac0b907d2e59d6d0fa1f96fff98453093a,1331509,autoland,ContentfulSpeedIndex,True,microsoft ContentfulSpeedIndex opt fission warm webrender,,77,ms,firefox,False,|f|i|s|s|i|o|n| |w|a|r|m| |w|e|b|r|e|n|d|e|r|,,3776889,13,9b3df14599f65e991e2c4a5eaba7ebe76c85b8c3,102210fe594ee9b33d82058545b1ed14f4c8206e,linux1804-64-shippable-qr,microsoft,True,,,,,,,,,,,,,,,,,,,,,,,,,,,,,,,,,,,,,,,,,,,,,,,,,,TN,,,,,,,,,,
,1794076555,2023-11-14 15:09:42,206.9,cb79861638fa94cb8c4df5b5e303dc4bd22f762c,1331752,autoland,ContentfulSpeedIndex,True,microsoft ContentfulSpeedIndex opt fission warm webrender,,77,ms,firefox,False,|f|i|s|s|i|o|n| |w|a|r|m| |w|e|b|r|e|n|d|e|r|,,3776889,13,9b3df14599f65e991e2c4a5eaba7ebe76c85b8c3,102210fe594ee9b33d82058545b1ed14f4c8206e,linux1804-64-shippable-qr,microsoft,True,,,,,,,,,,,,,,,,,,,,,,,,,,,,,,,,,,,,,,,,,,,,,,,,,,TN,,,,,,,,,,
,1794099191,2023-11-14 15:18:46,211.3,1d700517893b09ca1438b9111ea148a71e7398ae,1331762,autoland,ContentfulSpeedIndex,True,microsoft ContentfulSpeedIndex opt fission warm webrender,,77,ms,firefox,False,|f|i|s|s|i|o|n| |w|a|r|m| |w|e|b|r|e|n|d|e|r|,,3776889,13,9b3df14599f65e991e2c4a5eaba7ebe76c85b8c3,102210fe594ee9b33d82058545b1ed14f4c8206e,linux1804-64-shippable-qr,microsoft,True,,,,,,,,,,,,,,,,,,,,,,,,,,,,,,,,,,,,,,,,,,,,,,,,,,TN,,,,,,,,,,
,1794223457,2023-11-14 18:32:45,210.5,cee24679e2a2e085bdefdbd66106fa1a805db56d,1331906,autoland,ContentfulSpeedIndex,True,microsoft ContentfulSpeedIndex opt fission warm webrender,,77,ms,firefox,False,|f|i|s|s|i|o|n| |w|a|r|m| |w|e|b|r|e|n|d|e|r|,,3776889,13,9b3df14599f65e991e2c4a5eaba7ebe76c85b8c3,102210fe594ee9b33d82058545b1ed14f4c8206e,linux1804-64-shippable-qr,microsoft,True,,,,,,,,,,,,,,,,,,,,,,,,,,,,,,,,,,,,,,,,,,,,,,,,,,TN,,,,,,,,,,
,1794317307,2023-11-14 20:17:49,210.8,45f7ef4749636f24bbab519e5d4e3851950ccacc,1331971,autoland,ContentfulSpeedIndex,True,microsoft ContentfulSpeedIndex opt fission warm webrender,,77,ms,firefox,False,|f|i|s|s|i|o|n| |w|a|r|m| |w|e|b|r|e|n|d|e|r|,,3776889,13,9b3df14599f65e991e2c4a5eaba7ebe76c85b8c3,102210fe594ee9b33d82058545b1ed14f4c8206e,linux1804-64-shippable-qr,microsoft,True,,,,,,,,,,,,,,,,,,,,,,,,,,,,,,,,,,,,,,,,,,,,,,,,,,TN,,,,,,,,,,
,1794494369,2023-11-15 01:57:11,214.6,0083ca2f4709e599083520545d538d1ee1b8356d,1332132,autoland,ContentfulSpeedIndex,True,microsoft ContentfulSpeedIndex opt fission warm webrender,,77,ms,firefox,False,|f|i|s|s|i|o|n| |w|a|r|m| |w|e|b|r|e|n|d|e|r|,,3776889,13,9b3df14599f65e991e2c4a5eaba7ebe76c85b8c3,102210fe594ee9b33d82058545b1ed14f4c8206e,linux1804-64-shippable-qr,microsoft,True,,,,,,,,,,,,,,,,,,,,,,,,,,,,,,,,,,,,,,,,,,,,,,,,,,TN,,,,,,,,,,
,1794513858,2023-11-15 03:02:01,214.2,d9f2158d4d442a658bb2029948eeebd438457667,1332148,autoland,ContentfulSpeedIndex,True,microsoft ContentfulSpeedIndex opt fission warm webrender,,77,ms,firefox,False,|f|i|s|s|i|o|n| |w|a|r|m| |w|e|b|r|e|n|d|e|r|,,3776889,13,9b3df14599f65e991e2c4a5eaba7ebe76c85b8c3,102210fe594ee9b33d82058545b1ed14f4c8206e,linux1804-64-shippable-qr,microsoft,True,,,,,,,,,,,,,,,,,,,,,,,,,,,,,,,,,,,,,,,,,,,,,,,,,,TN,,,,,,,,,,
,1794608733,2023-11-15 07:02:46,207.4,d12a09b7c773efc37f5d0e37cc52339e25f07b6c,1332195,autoland,ContentfulSpeedIndex,True,microsoft ContentfulSpeedIndex opt fission warm webrender,,77,ms,firefox,False,|f|i|s|s|i|o|n| |w|a|r|m| |w|e|b|r|e|n|d|e|r|,,3776889,13,9b3df14599f65e991e2c4a5eaba7ebe76c85b8c3,102210fe594ee9b33d82058545b1ed14f4c8206e,linux1804-64-shippable-qr,microsoft,True,,,,,,,,,,,,,,,,,,,,,,,,,,,,,,,,,,,,,,,,,,,,,,,,,,TN,,,,,,,,,,
,1794711164,2023-11-15 12:47:49,207.9,571c293cedd28db6ac86fd553e2810f40e382e80,1332324,autoland,ContentfulSpeedIndex,True,microsoft ContentfulSpeedIndex opt fission warm webrender,,77,ms,firefox,False,|f|i|s|s|i|o|n| |w|a|r|m| |w|e|b|r|e|n|d|e|r|,,3776889,13,9b3df14599f65e991e2c4a5eaba7ebe76c85b8c3,102210fe594ee9b33d82058545b1ed14f4c8206e,linux1804-64-shippable-qr,microsoft,True,,,,,,,,,,,,,,,,,,,,,,,,,,,,,,,,,,,,,,,,,,,,,,,,,,TN,,,,,,,,,,
,1794792961,2023-11-15 15:33:52,214.2,58fc056d56521455bb36e7bd4fcce81222093c75,1332438,autoland,ContentfulSpeedIndex,True,microsoft ContentfulSpeedIndex opt fission warm webrender,,77,ms,firefox,False,|f|i|s|s|i|o|n| |w|a|r|m| |w|e|b|r|e|n|d|e|r|,,3776889,13,9b3df14599f65e991e2c4a5eaba7ebe76c85b8c3,102210fe594ee9b33d82058545b1ed14f4c8206e,linux1804-64-shippable-qr,microsoft,True,,,,,,,,,,,,,,,,,,,,,,,,,,,,,,,,,,,,,,,,,,,,,,,,,,TN,,,,,,,,,,
,1795182375,2023-11-15 16:29:36,209.5,497808953269f774584b606c234a60b31c92f137,1332499,autoland,ContentfulSpeedIndex,True,microsoft ContentfulSpeedIndex opt fission warm webrender,,77,ms,firefox,False,|f|i|s|s|i|o|n| |w|a|r|m| |w|e|b|r|e|n|d|e|r|,,3776889,13,9b3df14599f65e991e2c4a5eaba7ebe76c85b8c3,102210fe594ee9b33d82058545b1ed14f4c8206e,linux1804-64-shippable-qr,microsoft,True,,,,,,,,,,,,,,,,,,,,,,,,,,,,,,,,,,,,,,,,,,,,,,,,,,TN,,,,,,,,,,
,1795188577,2023-11-15 16:34:55,217.7,aa00d6d7589c4174ecfcf5332944aa8a8ee720c3,1332507,autoland,ContentfulSpeedIndex,True,microsoft ContentfulSpeedIndex opt fission warm webrender,,77,ms,firefox,False,|f|i|s|s|i|o|n| |w|a|r|m| |w|e|b|r|e|n|d|e|r|,,3776889,13,9b3df14599f65e991e2c4a5eaba7ebe76c85b8c3,102210fe594ee9b33d82058545b1ed14f4c8206e,linux1804-64-shippable-qr,microsoft,True,,,,,,,,,,,,,,,,,,,,,,,,,,,,,,,,,,,,,,,,,,,,,,,,,,TN,,,,,,,,,,
,1794849191,2023-11-15 16:43:35,211.0,a70ee84d8943b9a1eaaf0fb3a0df60a1595f5782,1332515,autoland,ContentfulSpeedIndex,True,microsoft ContentfulSpeedIndex opt fission warm webrender,,77,ms,firefox,False,|f|i|s|s|i|o|n| |w|a|r|m| |w|e|b|r|e|n|d|e|r|,,3776889,13,9b3df14599f65e991e2c4a5eaba7ebe76c85b8c3,102210fe594ee9b33d82058545b1ed14f4c8206e,linux1804-64-shippable-qr,microsoft,True,,,,,,,,,,,,,,,,,,,,,,,,,,,,,,,,,,,,,,,,,,,,,,,,,,TN,,,,,,,,,,
,1795091821,2023-11-15 23:08:22,212.5,eb78feb610e5d895bd63b81693cde56dd08d82df,1332792,autoland,ContentfulSpeedIndex,True,microsoft ContentfulSpeedIndex opt fission warm webrender,,77,ms,firefox,False,|f|i|s|s|i|o|n| |w|a|r|m| |w|e|b|r|e|n|d|e|r|,,3776889,13,9b3df14599f65e991e2c4a5eaba7ebe76c85b8c3,102210fe594ee9b33d82058545b1ed14f4c8206e,linux1804-64-shippable-qr,microsoft,True,,,,,,,,,,,,,,,,,,,,,,,,,,,,,,,,,,,,,,,,,,,,,,,,,,TN,,,,,,,,,,
,1795267910,2023-11-16 09:33:00,215.7,ffd7ebdedeacec6717a3e8904121052ebbe61fe6,1332997,autoland,ContentfulSpeedIndex,True,microsoft ContentfulSpeedIndex opt fission warm webrender,,77,ms,firefox,False,|f|i|s|s|i|o|n| |w|a|r|m| |w|e|b|r|e|n|d|e|r|,,3776889,13,9b3df14599f65e991e2c4a5eaba7ebe76c85b8c3,102210fe594ee9b33d82058545b1ed14f4c8206e,linux1804-64-shippable-qr,microsoft,True,,,,,,,,,,,,,,,,,,,,,,,,,,,,,,,,,,,,,,,,,,,,,,,,,,TN,,,,,,,,,,
,1795369860,2023-11-16 13:34:03,228.8,71ef91d3bf98c6475cfe762c0152d5b31588182c,1333089,autoland,ContentfulSpeedIndex,True,microsoft ContentfulSpeedIndex opt fission warm webrender,,77,ms,firefox,False,|f|i|s|s|i|o|n| |w|a|r|m| |w|e|b|r|e|n|d|e|r|,,3776889,13,9b3df14599f65e991e2c4a5eaba7ebe76c85b8c3,102210fe594ee9b33d82058545b1ed14f4c8206e,linux1804-64-shippable-qr,microsoft,True,,,,,,,,,,,,,,,,,,,,,,,,,,,,,,,,,,,,,,,,,,,,,,,,,,TN,,,,,,,,,,
,1795419993,2023-11-16 15:30:11,209.8,5dba86b1842a5256c2845d69a7cebd605267d535,1333183,autoland,ContentfulSpeedIndex,True,microsoft ContentfulSpeedIndex opt fission warm webrender,,77,ms,firefox,False,|f|i|s|s|i|o|n| |w|a|r|m| |w|e|b|r|e|n|d|e|r|,,3776889,13,9b3df14599f65e991e2c4a5eaba7ebe76c85b8c3,102210fe594ee9b33d82058545b1ed14f4c8206e,linux1804-64-shippable-qr,microsoft,True,,,,,,,,,,,,,,,,,,,,,,,,,,,,,,,,,,,,,,,,,,,,,,,,,,TN,,,,,,,,,,
,1795539073,2023-11-16 20:27:49,208.7,53b2405c0e70ae3283dbbba0d568665110f0db23,1333335,autoland,ContentfulSpeedIndex,True,microsoft ContentfulSpeedIndex opt fission warm webrender,,77,ms,firefox,False,|f|i|s|s|i|o|n| |w|a|r|m| |w|e|b|r|e|n|d|e|r|,,3776889,13,9b3df14599f65e991e2c4a5eaba7ebe76c85b8c3,102210fe594ee9b33d82058545b1ed14f4c8206e,linux1804-64-shippable-qr,microsoft,True,,,,,,,,,,,,,,,,,,,,,,,,,,,,,,,,,,,,,,,,,,,,,,,,,,TN,,,,,,,,,,
,1795610037,2023-11-16 23:04:46,206.7,3b45d04f6865b297c8b2548a2c24424c5e9467e9,1333418,autoland,ContentfulSpeedIndex,True,microsoft ContentfulSpeedIndex opt fission warm webrender,,77,ms,firefox,False,|f|i|s|s|i|o|n| |w|a|r|m| |w|e|b|r|e|n|d|e|r|,,3776889,13,9b3df14599f65e991e2c4a5eaba7ebe76c85b8c3,102210fe594ee9b33d82058545b1ed14f4c8206e,linux1804-64-shippable-qr,microsoft,True,,,,,,,,,,,,,,,,,,,,,,,,,,,,,,,,,,,,,,,,,,,,,,,,,,TN,,,,,,,,,,
,1795787065,2023-11-17 06:40:14,218.8,8a71397fb808df79e78f3023bf95b46f7cc2d2a4,1333538,autoland,ContentfulSpeedIndex,True,microsoft ContentfulSpeedIndex opt fission warm webrender,,77,ms,firefox,False,|f|i|s|s|i|o|n| |w|a|r|m| |w|e|b|r|e|n|d|e|r|,,3776889,13,9b3df14599f65e991e2c4a5eaba7ebe76c85b8c3,102210fe594ee9b33d82058545b1ed14f4c8206e,linux1804-64-shippable-qr,microsoft,True,,,,,,,,,,,,,,,,,,,,,,,,,,,,,,,,,,,,,,,,,,,,,,,,,,TN,,,,,,,,,,
,1795911559,2023-11-17 10:54:07,219.7,ff5810792fa57d1b0a1076b4c90b3a83ac0242ca,1333644,autoland,ContentfulSpeedIndex,True,microsoft ContentfulSpeedIndex opt fission warm webrender,,77,ms,firefox,False,|f|i|s|s|i|o|n| |w|a|r|m| |w|e|b|r|e|n|d|e|r|,,3776889,13,9b3df14599f65e991e2c4a5eaba7ebe76c85b8c3,102210fe594ee9b33d82058545b1ed14f4c8206e,linux1804-64-shippable-qr,microsoft,True,,,,,,,,,,,,,,,,,,,,,,,,,,,,,,,,,,,,,,,,,,,,,,,,,,TN,,,,,,,,,,
,1796080863,2023-11-17 15:35:00,212.9,f3b46286b5bad609725e65f541d6609a1bafcbce,1333770,autoland,ContentfulSpeedIndex,True,microsoft ContentfulSpeedIndex opt fission warm webrender,,77,ms,firefox,False,|f|i|s|s|i|o|n| |w|a|r|m| |w|e|b|r|e|n|d|e|r|,,3776889,13,9b3df14599f65e991e2c4a5eaba7ebe76c85b8c3,102210fe594ee9b33d82058545b1ed14f4c8206e,linux1804-64-shippable-qr,microsoft,True,,,,,,,,,,,,,,,,,,,,,,,,,,,,,,,,,,,,,,,,,,,,,,,,,,TN,,,,,,,,,,
,1796207576,2023-11-17 21:05:40,214.3,b3bec7a68bb8ccbb4c637b64bec4dc0c806fecb3,1334007,autoland,ContentfulSpeedIndex,True,microsoft ContentfulSpeedIndex opt fission warm webrender,,77,ms,firefox,False,|f|i|s|s|i|o|n| |w|a|r|m| |w|e|b|r|e|n|d|e|r|,,3776889,13,9b3df14599f65e991e2c4a5eaba7ebe76c85b8c3,102210fe594ee9b33d82058545b1ed14f4c8206e,linux1804-64-shippable-qr,microsoft,True,,,,,,,,,,,,,,,,,,,,,,,,,,,,,,,,,,,,,,,,,,,,,,,,,,TN,,,,,,,,,,
,1796267772,2023-11-18 01:23:43,209.8,391181d97b6bb5b53fe8a1186c8a1a85971812de,1334085,autoland,ContentfulSpeedIndex,True,microsoft ContentfulSpeedIndex opt fission warm webrender,,77,ms,firefox,False,|f|i|s|s|i|o|n| |w|a|r|m| |w|e|b|r|e|n|d|e|r|,,3776889,13,9b3df14599f65e991e2c4a5eaba7ebe76c85b8c3,102210fe594ee9b33d82058545b1ed14f4c8206e,linux1804-64-shippable-qr,microsoft,True,,,,,,,,,,,,,,,,,,,,,,,,,,,,,,,,,,,,,,,,,,,,,,,,,,TN,,,,,,,,,,
,1796436333,2023-11-18 14:15:26,214.3,2cf1b902ea75e1237bbd69eaf02c889bc2924d10,1334153,autoland,ContentfulSpeedIndex,True,microsoft ContentfulSpeedIndex opt fission warm webrender,,77,ms,firefox,False,|f|i|s|s|i|o|n| |w|a|r|m| |w|e|b|r|e|n|d|e|r|,,3776889,13,9b3df14599f65e991e2c4a5eaba7ebe76c85b8c3,102210fe594ee9b33d82058545b1ed14f4c8206e,linux1804-64-shippable-qr,microsoft,True,,,,,,,,,,,,,,,,,,,,,,,,,,,,,,,,,,,,,,,,,,,,,,,,,,TN,,,,,,,,,,
,1796556985,2023-11-19 06:03:16,206.8,98917be406eeca58f61d8aeaf62aa4cae5be2137,1334239,autoland,ContentfulSpeedIndex,True,microsoft ContentfulSpeedIndex opt fission warm webrender,,77,ms,firefox,False,|f|i|s|s|i|o|n| |w|a|r|m| |w|e|b|r|e|n|d|e|r|,,3776889,13,9b3df14599f65e991e2c4a5eaba7ebe76c85b8c3,102210fe594ee9b33d82058545b1ed14f4c8206e,linux1804-64-shippable-qr,microsoft,True,,,,,,,,,,,,,,,,,,,,,,,,,,,,,,,,,,,,,,,,,,,,,,,,,,TN,,,,,,,,,,
,1796633975,2023-11-19 11:10:53,214.0,b403bb5b1c833d29961882402a090cf08f44c190,1334278,autoland,ContentfulSpeedIndex,True,microsoft ContentfulSpeedIndex opt fission warm webrender,,77,ms,firefox,False,|f|i|s|s|i|o|n| |w|a|r|m| |w|e|b|r|e|n|d|e|r|,,3776889,13,9b3df14599f65e991e2c4a5eaba7ebe76c85b8c3,102210fe594ee9b33d82058545b1ed14f4c8206e,linux1804-64-shippable-qr,microsoft,True,,,,,,,,,,,,,,,,,,,,,,,,,,,,,,,,,,,,,,,,,,,,,,,,,,TN,,,,,,,,,,
,1796683126,2023-11-19 15:28:11,210.8,1044018d08bd15166ae94a05bf5299b0701f4109,1334290,autoland,ContentfulSpeedIndex,True,microsoft ContentfulSpeedIndex opt fission warm webrender,,77,ms,firefox,False,|f|i|s|s|i|o|n| |w|a|r|m| |w|e|b|r|e|n|d|e|r|,,3776889,13,9b3df14599f65e991e2c4a5eaba7ebe76c85b8c3,102210fe594ee9b33d82058545b1ed14f4c8206e,linux1804-64-shippable-qr,microsoft,True,,,,,,,,,,,,,,,,,,,,,,,,,,,,,,,,,,,,,,,,,,,,,,,,,,TN,,,,,,,,,,
,1796875223,2023-11-19 15:33:21,207.0,bc206f18ecb2a36a3e014e37cf5265f04eb7db7c,1334291,autoland,ContentfulSpeedIndex,True,microsoft ContentfulSpeedIndex opt fission warm webrender,,77,ms,firefox,False,|f|i|s|s|i|o|n| |w|a|r|m| |w|e|b|r|e|n|d|e|r|,,3776889,13,9b3df14599f65e991e2c4a5eaba7ebe76c85b8c3,102210fe594ee9b33d82058545b1ed14f4c8206e,linux1804-64-shippable-qr,microsoft,True,,,,,,,,,,,,,,,,,,,,,,,,,,,,,,,,,,,,,,,,,,,,,,,,,,TN,,,,,,,,,,
,1796854851,2023-11-20 01:53:49,206.4,73f60b8af6dadb15fb13d768baf6b4c3313d939b,1334371,autoland,ContentfulSpeedIndex,True,microsoft ContentfulSpeedIndex opt fission warm webrender,,77,ms,firefox,False,|f|i|s|s|i|o|n| |w|a|r|m| |w|e|b|r|e|n|d|e|r|,,3776889,13,9b3df14599f65e991e2c4a5eaba7ebe76c85b8c3,102210fe594ee9b33d82058545b1ed14f4c8206e,linux1804-64-shippable-qr,microsoft,True,,,,,,,,,,,,,,,,,,,,,,,,,,,,,,,,,,,,,,,,,,,,,,,,,,TN,,,,,,,,,,
,1797002699,2023-11-20 09:30:46,223.9,86da25fdbc81a93ed888df6b8a9f7cc128fb9b5b,1334455,autoland,ContentfulSpeedIndex,True,microsoft ContentfulSpeedIndex opt fission warm webrender,,77,ms,firefox,False,|f|i|s|s|i|o|n| |w|a|r|m| |w|e|b|r|e|n|d|e|r|,,3776889,13,9b3df14599f65e991e2c4a5eaba7ebe76c85b8c3,102210fe594ee9b33d82058545b1ed14f4c8206e,linux1804-64-shippable-qr,microsoft,True,,,,,,,,,,,,,,,,,,,,,,,,,,,,,,,,,,,,,,,,,,,,,,,,,,TN,,,,,,,,,,
,1797109940,2023-11-20 12:44:46,208.1,de35cb5de97565935b503eade2990b5c385c7293,1334619,autoland,ContentfulSpeedIndex,True,microsoft ContentfulSpeedIndex opt fission warm webrender,,77,ms,firefox,False,|f|i|s|s|i|o|n| |w|a|r|m| |w|e|b|r|e|n|d|e|r|,,3776889,13,9b3df14599f65e991e2c4a5eaba7ebe76c85b8c3,102210fe594ee9b33d82058545b1ed14f4c8206e,linux1804-64-shippable-qr,microsoft,True,,,,,,,,,,,,,,,,,,,,,,,,,,,,,,,,,,,,,,,,,,,,,,,,,,TN,,,,,,,,,,
,1797738249,2023-11-20 12:49:26,212.9,38489d98c5bcdeb3759137e96ed433b4ced7b298,1334626,autoland,ContentfulSpeedIndex,True,microsoft ContentfulSpeedIndex opt fission warm webrender,,77,ms,firefox,False,|f|i|s|s|i|o|n| |w|a|r|m| |w|e|b|r|e|n|d|e|r|,,3776889,13,9b3df14599f65e991e2c4a5eaba7ebe76c85b8c3,102210fe594ee9b33d82058545b1ed14f4c8206e,linux1804-64-shippable-qr,microsoft,True,,,,,,,,,,,,,,,,,,,,,,,,,,,,,,,,,,,,,,,,,,,,,,,,,,TN,,,,,,,,,,
,1797716090,2023-11-20 12:58:48,211.4,9b797f214f1999e79623b4afc161911d82bbf0b3,1334633,autoland,ContentfulSpeedIndex,True,microsoft ContentfulSpeedIndex opt fission warm webrender,,77,ms,firefox,False,|f|i|s|s|i|o|n| |w|a|r|m| |w|e|b|r|e|n|d|e|r|,,3776889,13,9b3df14599f65e991e2c4a5eaba7ebe76c85b8c3,102210fe594ee9b33d82058545b1ed14f4c8206e,linux1804-64-shippable-qr,microsoft,True,,,,,,,,,,,,,,,,,,,,,,,,,,,,,,,,,,,,,,,,,,,,,,,,,,TN,,,,,,,,,,
,1797740676,2023-11-20 12:58:48,210.9,9b797f214f1999e79623b4afc161911d82bbf0b3,1334633,autoland,ContentfulSpeedIndex,True,microsoft ContentfulSpeedIndex opt fission warm webrender,,77,ms,firefox,False,|f|i|s|s|i|o|n| |w|a|r|m| |w|e|b|r|e|n|d|e|r|,,3776889,13,9b3df14599f65e991e2c4a5eaba7ebe76c85b8c3,102210fe594ee9b33d82058545b1ed14f4c8206e,linux1804-64-shippable-qr,microsoft,True,,,,,,,,,,,,,,,,,,,,,,,,,,,,,,,,,,,,,,,,,,,,,,,,,,TN,,,,,,,,,,
,1797702086,2023-11-20 13:01:35,211.3,9517987e19427c2900046f62ca816d243d1f1403,1334636,autoland,ContentfulSpeedIndex,True,microsoft ContentfulSpeedIndex opt fission warm webrender,,77,ms,firefox,False,|f|i|s|s|i|o|n| |w|a|r|m| |w|e|b|r|e|n|d|e|r|,,3776889,13,9b3df14599f65e991e2c4a5eaba7ebe76c85b8c3,102210fe594ee9b33d82058545b1ed14f4c8206e,linux1804-64-shippable-qr,microsoft,True,,,,,,,,,,,,,,,,,,,,,,,,,,,,,,,,,,,,,,,,,,,,,,,,,,TN,,,,,,,,,,
,1797271330,2023-11-20 16:13:55,220.9,f78453d754386d0000dae39e031b91b0d0c4b07f,1334757,autoland,ContentfulSpeedIndex,True,microsoft ContentfulSpeedIndex opt fission warm webrender,,77,ms,firefox,False,|f|i|s|s|i|o|n| |w|a|r|m| |w|e|b|r|e|n|d|e|r|,,3776889,13,9b3df14599f65e991e2c4a5eaba7ebe76c85b8c3,102210fe594ee9b33d82058545b1ed14f4c8206e,linux1804-64-shippable-qr,microsoft,True,,,,,,,,,,,,,,,,,,,,,,,,,,,,,,,,,,,,,,,,,,,,,,,,,,TN,,,,,,,,,,
,1797311244,2023-11-20 18:08:54,213.5,a2089603188c4136890163ddd71b1d4e60e1c396,1334868,autoland,ContentfulSpeedIndex,True,microsoft ContentfulSpeedIndex opt fission warm webrender,,77,ms,firefox,False,|f|i|s|s|i|o|n| |w|a|r|m| |w|e|b|r|e|n|d|e|r|,,3776889,13,9b3df14599f65e991e2c4a5eaba7ebe76c85b8c3,102210fe594ee9b33d82058545b1ed14f4c8206e,linux1804-64-shippable-qr,microsoft,True,,,,,,,,,,,,,,,,,,,,,,,,,,,,,,,,,,,,,,,,,,,,,,,,,,TN,,,,,,,,,,
,1797587830,2023-11-20 23:09:27,218.4,7b567ceeead73f84de62ab77b4b6c87450b347fa,1335119,autoland,ContentfulSpeedIndex,True,microsoft ContentfulSpeedIndex opt fission warm webrender,,77,ms,firefox,False,|f|i|s|s|i|o|n| |w|a|r|m| |w|e|b|r|e|n|d|e|r|,,3776889,13,9b3df14599f65e991e2c4a5eaba7ebe76c85b8c3,102210fe594ee9b33d82058545b1ed14f4c8206e,linux1804-64-shippable-qr,microsoft,True,,,,,,,,,,,,,,,,,,,,,,,,,,,,,,,,,,,,,,,,,,,,,,,,,,TN,,,,,,,,,,
,1797667771,2023-11-21 01:49:39,217.6,b9fe9a49496aa38ca77c335f20236610ef01a582,1335206,autoland,ContentfulSpeedIndex,True,microsoft ContentfulSpeedIndex opt fission warm webrender,,77,ms,firefox,False,|f|i|s|s|i|o|n| |w|a|r|m| |w|e|b|r|e|n|d|e|r|,,3776889,13,9b3df14599f65e991e2c4a5eaba7ebe76c85b8c3,102210fe594ee9b33d82058545b1ed14f4c8206e,linux1804-64-shippable-qr,microsoft,True,,,,,,,,,,,,,,,,,,,,,,,,,,,,,,,,,,,,,,,,,,,,,,,,,,TN,,,,,,,,,,
,1797790517,2023-11-21 08:38:33,206.6,fddad0a59b2d028b2147493bf9ba8cc953d9e3eb,1335289,autoland,ContentfulSpeedIndex,True,microsoft ContentfulSpeedIndex opt fission warm webrender,,77,ms,firefox,False,|f|i|s|s|i|o|n| |w|a|r|m| |w|e|b|r|e|n|d|e|r|,,3776889,13,9b3df14599f65e991e2c4a5eaba7ebe76c85b8c3,102210fe594ee9b33d82058545b1ed14f4c8206e,linux1804-64-shippable-qr,microsoft,True,,,,,,,,,,,,,,,,,,,,,,,,,,,,,,,,,,,,,,,,,,,,,,,,,,TN,,,,,,,,,,
,1797902603,2023-11-21 12:15:20,206.5,1ff1d467cb8d49467127613245f448026cd7df9e,1335466,autoland,ContentfulSpeedIndex,True,microsoft ContentfulSpeedIndex opt fission warm webrender,,77,ms,firefox,False,|f|i|s|s|i|o|n| |w|a|r|m| |w|e|b|r|e|n|d|e|r|,,3776889,13,9b3df14599f65e991e2c4a5eaba7ebe76c85b8c3,102210fe594ee9b33d82058545b1ed14f4c8206e,linux1804-64-shippable-qr,microsoft,True,,,,,,,,,,,,,,,,,,,,,,,,,,,,,,,,,,,,,,,,,,,,,,,,,,TN,,,,,,,,,,
,1798416891,2023-11-21 16:44:13,209.6,a5a183d53f8edc045639859ff059a5220516b33e,1335665,autoland,ContentfulSpeedIndex,True,microsoft ContentfulSpeedIndex opt fission warm webrender,,77,ms,firefox,False,|f|i|s|s|i|o|n| |w|a|r|m| |w|e|b|r|e|n|d|e|r|,,3776889,13,9b3df14599f65e991e2c4a5eaba7ebe76c85b8c3,102210fe594ee9b33d82058545b1ed14f4c8206e,linux1804-64-shippable-qr,microsoft,True,,,,,,,,,,,,,,,,,,,,,,,,,,,,,,,,,,,,,,,,,,,,,,,,,,TN,,,,,,,,,,
,1798120540,2023-11-21 17:01:46,212.8,cbc5eb28277f8e6d60fede93a822ede9eb7f01a5,1335682,autoland,ContentfulSpeedIndex,True,microsoft ContentfulSpeedIndex opt fission warm webrender,,77,ms,firefox,False,|f|i|s|s|i|o|n| |w|a|r|m| |w|e|b|r|e|n|d|e|r|,,3776889,13,9b3df14599f65e991e2c4a5eaba7ebe76c85b8c3,102210fe594ee9b33d82058545b1ed14f4c8206e,linux1804-64-shippable-qr,microsoft,True,,,,,,,,,,,,,,,,,,,,,,,,,,,,,,,,,,,,,,,,,,,,,,,,,,TN,,,,,,,,,,
,1798289092,2023-11-21 21:47:24,215.8,62f686461927825493253d0f82a43804b3eddf71,1335911,autoland,ContentfulSpeedIndex,True,microsoft ContentfulSpeedIndex opt fission warm webrender,,77,ms,firefox,False,|f|i|s|s|i|o|n| |w|a|r|m| |w|e|b|r|e|n|d|e|r|,,3776889,13,9b3df14599f65e991e2c4a5eaba7ebe76c85b8c3,102210fe594ee9b33d82058545b1ed14f4c8206e,linux1804-64-shippable-qr,microsoft,True,,,,,,,,,,,,,,,,,,,,,,,,,,,,,,,,,,,,,,,,,,,,,,,,,,TN,,,,,,,,,,
,1798266895,2023-11-21 21:50:11,209.9,ef0b50d89a7f6107932087c2c1adc2f6fd9ab06a,1335914,autoland,ContentfulSpeedIndex,True,microsoft ContentfulSpeedIndex opt fission warm webrender,,77,ms,firefox,False,|f|i|s|s|i|o|n| |w|a|r|m| |w|e|b|r|e|n|d|e|r|,,3776889,13,9b3df14599f65e991e2c4a5eaba7ebe76c85b8c3,102210fe594ee9b33d82058545b1ed14f4c8206e,linux1804-64-shippable-qr,microsoft,True,,,,,,,,,,,,,,,,,,,,,,,,,,,,,,,,,,,,,,,,,,,,,,,,,,TN,,,,,,,,,,
,1798410263,2023-11-21 21:52:47,220.1,f1790974c5ecfa33fe7799087c80dba8b83fb78c,1335917,autoland,ContentfulSpeedIndex,True,microsoft ContentfulSpeedIndex opt fission warm webrender,,77,ms,firefox,False,|f|i|s|s|i|o|n| |w|a|r|m| |w|e|b|r|e|n|d|e|r|,,3776889,13,9b3df14599f65e991e2c4a5eaba7ebe76c85b8c3,102210fe594ee9b33d82058545b1ed14f4c8206e,linux1804-64-shippable-qr,microsoft,True,,,,,,,,,,,,,,,,,,,,,,,,,,,,,,,,,,,,,,,,,,,,,,,,,,TN,,,,,,,,,,
,1798345455,2023-11-22 01:56:32,206.9,7dc6122ebd68b46a9d4320c40c86f20c2b78984a,1336017,autoland,ContentfulSpeedIndex,True,microsoft ContentfulSpeedIndex opt fission warm webrender,,77,ms,firefox,False,|f|i|s|s|i|o|n| |w|a|r|m| |w|e|b|r|e|n|d|e|r|,,3776889,13,9b3df14599f65e991e2c4a5eaba7ebe76c85b8c3,102210fe594ee9b33d82058545b1ed14f4c8206e,linux1804-64-shippable-qr,microsoft,True,,,,,,,,,,,,,,,,,,,,,,,,,,,,,,,,,,,,,,,,,,,,,,,,,,TN,,,,,,,,,,
,1798429627,2023-11-22 05:59:37,205.5,ed20a8b98a8f2d8593dbbbd9b5df993e3e91433f,1336060,autoland,ContentfulSpeedIndex,True,microsoft ContentfulSpeedIndex opt fission warm webrender,,77,ms,firefox,False,|f|i|s|s|i|o|n| |w|a|r|m| |w|e|b|r|e|n|d|e|r|,,3776889,13,9b3df14599f65e991e2c4a5eaba7ebe76c85b8c3,102210fe594ee9b33d82058545b1ed14f4c8206e,linux1804-64-shippable-qr,microsoft,True,,,,,,,,,,,,,,,,,,,,,,,,,,,,,,,,,,,,,,,,,,,,,,,,,,TN,,,,,,,,,,
,1798467068,2023-11-22 07:16:13,211.9,0222787eb3244ffb2e62210f697d039bdef46036,1336076,autoland,ContentfulSpeedIndex,True,microsoft ContentfulSpeedIndex opt fission warm webrender,,77,ms,firefox,False,|f|i|s|s|i|o|n| |w|a|r|m| |w|e|b|r|e|n|d|e|r|,,3776889,13,9b3df14599f65e991e2c4a5eaba7ebe76c85b8c3,102210fe594ee9b33d82058545b1ed14f4c8206e,linux1804-64-shippable-qr,microsoft,True,,,,,,,,,,,,,,,,,,,,,,,,,,,,,,,,,,,,,,,,,,,,,,,,,,TN,,,,,,,,,,
,1798741097,2023-11-22 13:00:34,210.0,b90083f581e182455cf23aaacb125b728b3ccb32,1336296,autoland,ContentfulSpeedIndex,True,microsoft ContentfulSpeedIndex opt fission warm webrender,,77,ms,firefox,False,|f|i|s|s|i|o|n| |w|a|r|m| |w|e|b|r|e|n|d|e|r|,,3776889,13,9b3df14599f65e991e2c4a5eaba7ebe76c85b8c3,102210fe594ee9b33d82058545b1ed14f4c8206e,linux1804-64-shippable-qr,microsoft,True,,,,,,,,,,,,,,,,,,,,,,,,,,,,,,,,,,,,,,,,,,,,,,,,,,TN,,,,,,,,,,
,1799362289,2023-11-22 16:04:36,209.8,3d393874d4d797a664c536c3da3fef33489e9287,1336396,autoland,ContentfulSpeedIndex,True,microsoft ContentfulSpeedIndex opt fission warm webrender,,77,ms,firefox,False,|f|i|s|s|i|o|n| |w|a|r|m| |w|e|b|r|e|n|d|e|r|,,3776889,13,9b3df14599f65e991e2c4a5eaba7ebe76c85b8c3,102210fe594ee9b33d82058545b1ed14f4c8206e,linux1804-64-shippable-qr,microsoft,True,,,,,,,,,,,,,,,,,,,,,,,,,,,,,,,,,,,,,,,,,,,,,,,,,,TN,,,,,,,,,,
,1799367466,2023-11-22 16:08:48,207.1,823341e5f5121d198fed2a8fc4d2abd6e68951d8,1336398,autoland,ContentfulSpeedIndex,True,microsoft ContentfulSpeedIndex opt fission warm webrender,,77,ms,firefox,False,|f|i|s|s|i|o|n| |w|a|r|m| |w|e|b|r|e|n|d|e|r|,,3776889,13,9b3df14599f65e991e2c4a5eaba7ebe76c85b8c3,102210fe594ee9b33d82058545b1ed14f4c8206e,linux1804-64-shippable-qr,microsoft,True,,,,,,,,,,,,,,,,,,,,,,,,,,,,,,,,,,,,,,,,,,,,,,,,,,TN,,,,,,,,,,
,1798869647,2023-11-22 16:22:37,211.5,f4fae08660c1f3323af7bdef3ed152a3d34bc751,1336410,autoland,ContentfulSpeedIndex,True,microsoft ContentfulSpeedIndex opt fission warm webrender,,77,ms,firefox,False,|f|i|s|s|i|o|n| |w|a|r|m| |w|e|b|r|e|n|d|e|r|,,3776889,13,9b3df14599f65e991e2c4a5eaba7ebe76c85b8c3,102210fe594ee9b33d82058545b1ed14f4c8206e,linux1804-64-shippable-qr,microsoft,True,,,,,,,,,,,,,,,,,,,,,,,,,,,,,,,,,,,,,,,,,,,,,,,,,,TN,,,,,,,,,,
,1799028000,2023-11-22 19:14:54,209.8,bcdbc1e5d9a7c0fea2fcdc91ab0eebe908b34ece,1336555,autoland,ContentfulSpeedIndex,True,microsoft ContentfulSpeedIndex opt fission warm webrender,,77,ms,firefox,False,|f|i|s|s|i|o|n| |w|a|r|m| |w|e|b|r|e|n|d|e|r|,,3776889,13,9b3df14599f65e991e2c4a5eaba7ebe76c85b8c3,102210fe594ee9b33d82058545b1ed14f4c8206e,linux1804-64-shippable-qr,microsoft,True,,,,,,,,,,,,,,,,,,,,,,,,,,,,,,,,,,,,,,,,,,,,,,,,,,TN,,,,,,,,,,
,1799350395,2023-11-22 19:54:40,214.1,417b9a914e84789562a33c0f87dffc79ab476132,1336588,autoland,ContentfulSpeedIndex,True,microsoft ContentfulSpeedIndex opt fission warm webrender,,77,ms,firefox,False,|f|i|s|s|i|o|n| |w|a|r|m| |w|e|b|r|e|n|d|e|r|,,3776889,13,9b3df14599f65e991e2c4a5eaba7ebe76c85b8c3,102210fe594ee9b33d82058545b1ed14f4c8206e,linux1804-64-shippable-qr,microsoft,True,,,,,,,,,,,,,,,,,,,,,,,,,,,,,,,,,,,,,,,,,,,,,,,,,,TN,,,,,,,,,,
,1799342185,2023-11-22 19:56:19,207.3,28e1518994cbbad28b51800e62abeb93ad9fbb03,1336589,autoland,ContentfulSpeedIndex,True,microsoft ContentfulSpeedIndex opt fission warm webrender,,77,ms,firefox,False,|f|i|s|s|i|o|n| |w|a|r|m| |w|e|b|r|e|n|d|e|r|,,3776889,13,9b3df14599f65e991e2c4a5eaba7ebe76c85b8c3,102210fe594ee9b33d82058545b1ed14f4c8206e,linux1804-64-shippable-qr,microsoft,True,,,,,,,,,,,,,,,,,,,,,,,,,,,,,,,,,,,,,,,,,,,,,,,,,,TN,,,,,,,,,,
,1799159660,2023-11-22 23:02:09,211.3,3122924cd341ff55738fd6a06d4bd708010c15e4,1336681,autoland,ContentfulSpeedIndex,True,microsoft ContentfulSpeedIndex opt fission warm webrender,,77,ms,firefox,False,|f|i|s|s|i|o|n| |w|a|r|m| |w|e|b|r|e|n|d|e|r|,,3776889,13,9b3df14599f65e991e2c4a5eaba7ebe76c85b8c3,102210fe594ee9b33d82058545b1ed14f4c8206e,linux1804-64-shippable-qr,microsoft,True,,,,,,,,,,,,,,,,,,,,,,,,,,,,,,,,,,,,,,,,,,,,,,,,,,TN,,,,,,,,,,
,1800138656,2023-11-23 02:36:04,207.0,ad28a3a25b2a199ffa143a0f35905438495a0931,1336744,autoland,ContentfulSpeedIndex,True,microsoft ContentfulSpeedIndex opt fission warm webrender,,77,ms,firefox,False,|f|i|s|s|i|o|n| |w|a|r|m| |w|e|b|r|e|n|d|e|r|,,3776889,13,9b3df14599f65e991e2c4a5eaba7ebe76c85b8c3,102210fe594ee9b33d82058545b1ed14f4c8206e,linux1804-64-shippable-qr,microsoft,True,,,,,,,,,,,,,,,,,,,,,,,,,,,,,,,,,,,,,,,,,,,,,,,,,,TN,,,,,,,,,,
,1799391133,2023-11-23 04:10:29,215.8,8366d9b1b0ca63aa3b706dd53ce23f052221c11b,1336756,autoland,ContentfulSpeedIndex,True,microsoft ContentfulSpeedIndex opt fission warm webrender,,77,ms,firefox,False,|f|i|s|s|i|o|n| |w|a|r|m| |w|e|b|r|e|n|d|e|r|,,3776889,13,9b3df14599f65e991e2c4a5eaba7ebe76c85b8c3,102210fe594ee9b33d82058545b1ed14f4c8206e,linux1804-64-shippable-qr,microsoft,True,,,,,,,,,,,,,,,,,,,,,,,,,,,,,,,,,,,,,,,,,,,,,,,,,,TN,,,,,,,,,,
,1799491174,2023-11-23 08:19:48,206.7,023a5c518562ad97c805915ae5addfcad59d1223,1336795,autoland,ContentfulSpeedIndex,True,microsoft ContentfulSpeedIndex opt fission warm webrender,,77,ms,firefox,False,|f|i|s|s|i|o|n| |w|a|r|m| |w|e|b|r|e|n|d|e|r|,,3776889,13,9b3df14599f65e991e2c4a5eaba7ebe76c85b8c3,102210fe594ee9b33d82058545b1ed14f4c8206e,linux1804-64-shippable-qr,microsoft,True,,,,,,,,,,,,,,,,,,,,,,,,,,,,,,,,,,,,,,,,,,,,,,,,,,TN,,,,,,,,,,
,1799620082,2023-11-23 10:10:14,210.1,7392664630b156e348b2a77aef6fdd70004c9b47,1336839,autoland,ContentfulSpeedIndex,True,microsoft ContentfulSpeedIndex opt fission warm webrender,,77,ms,firefox,False,|f|i|s|s|i|o|n| |w|a|r|m| |w|e|b|r|e|n|d|e|r|,,3776889,13,9b3df14599f65e991e2c4a5eaba7ebe76c85b8c3,102210fe594ee9b33d82058545b1ed14f4c8206e,linux1804-64-shippable-qr,microsoft,True,,,,,,,,,,,,,,,,,,,,,,,,,,,,,,,,,,,,,,,,,,,,,,,,,,TN,,,,,,,,,,
,1800214957,2023-11-23 14:15:32,210.2,ef4f4ed6516d3a46177c934be7a763ff8f2f9ac7,1336997,autoland,ContentfulSpeedIndex,True,microsoft ContentfulSpeedIndex opt fission warm webrender,,77,ms,firefox,False,|f|i|s|s|i|o|n| |w|a|r|m| |w|e|b|r|e|n|d|e|r|,,3776889,13,9b3df14599f65e991e2c4a5eaba7ebe76c85b8c3,102210fe594ee9b33d82058545b1ed14f4c8206e,linux1804-64-shippable-qr,microsoft,True,,,,,,,,,,,,,,,,,,,,,,,,,,,,,,,,,,,,,,,,,,,,,,,,,,TN,,,,,,,,,,
,1800227109,2023-11-23 14:16:51,205.2,82dbcd75918f0eb33795da023e71e8241f428bbe,1336999,autoland,ContentfulSpeedIndex,True,microsoft ContentfulSpeedIndex opt fission warm webrender,,77,ms,firefox,False,|f|i|s|s|i|o|n| |w|a|r|m| |w|e|b|r|e|n|d|e|r|,,3776889,13,9b3df14599f65e991e2c4a5eaba7ebe76c85b8c3,102210fe594ee9b33d82058545b1ed14f4c8206e,linux1804-64-shippable-qr,microsoft,True,,,,,,,,,,,,,,,,,,,,,,,,,,,,,,,,,,,,,,,,,,,,,,,,,,TN,,,,,,,,,,
,1799888902,2023-11-23 15:57:23,216.7,872aa271adfdb73a79c09de279f0001bf419850c,1337066,autoland,ContentfulSpeedIndex,True,microsoft ContentfulSpeedIndex opt fission warm webrender,,77,ms,firefox,False,|f|i|s|s|i|o|n| |w|a|r|m| |w|e|b|r|e|n|d|e|r|,,3776889,13,9b3df14599f65e991e2c4a5eaba7ebe76c85b8c3,102210fe594ee9b33d82058545b1ed14f4c8206e,linux1804-64-shippable-qr,microsoft,True,,,,,,,,,,,,,,,,,,,,,,,,,,,,,,,,,,,,,,,,,,,,,,,,,,TN,,,,,,,,,,
,1800202497,2023-11-23 19:02:08,208.3,40bc8612037f1efc2ea0a5ff2a12b8d8b3a86f72,1337209,autoland,ContentfulSpeedIndex,True,microsoft ContentfulSpeedIndex opt fission warm webrender,,77,ms,firefox,False,|f|i|s|s|i|o|n| |w|a|r|m| |w|e|b|r|e|n|d|e|r|,,3776889,13,9b3df14599f65e991e2c4a5eaba7ebe76c85b8c3,102210fe594ee9b33d82058545b1ed14f4c8206e,linux1804-64-shippable-qr,microsoft,True,,,,,,,,,,,,,,,,,,,,,,,,,,,,,,,,,,,,,,,,,,,,,,,,,,TN,,,,,,,,,,
,1800214360,2023-11-23 19:11:00,203.7,84d22a46a333ec5fdfd6664fe37443349d696922,1337217,autoland,ContentfulSpeedIndex,True,microsoft ContentfulSpeedIndex opt fission warm webrender,,77,ms,firefox,False,|f|i|s|s|i|o|n| |w|a|r|m| |w|e|b|r|e|n|d|e|r|,,3776889,13,9b3df14599f65e991e2c4a5eaba7ebe76c85b8c3,102210fe594ee9b33d82058545b1ed14f4c8206e,linux1804-64-shippable-qr,microsoft,True,,,,,,,,,,,,,,,,,,,,,,,,,,,,,,,,,,,,,,,,,,,,,,,,,,TN,,,,,,,,,,
,1799960687,2023-11-23 19:58:47,214.6,180501fca2278e97c30e09ab097da1cb514f5ca1,1337231,autoland,ContentfulSpeedIndex,True,microsoft ContentfulSpeedIndex opt fission warm webrender,,77,ms,firefox,False,|f|i|s|s|i|o|n| |w|a|r|m| |w|e|b|r|e|n|d|e|r|,,3776889,13,9b3df14599f65e991e2c4a5eaba7ebe76c85b8c3,102210fe594ee9b33d82058545b1ed14f4c8206e,linux1804-64-shippable-qr,microsoft,True,,,,,,,,,,,,,,,,,,,,,,,,,,,,,,,,,,,,,,,,,,,,,,,,,,TN,,,,,,,,,,
,1800032650,2023-11-23 23:50:52,207.1,29d489a7e05adef3300e076dd1c46d14928ddf24,1337321,autoland,ContentfulSpeedIndex,True,microsoft ContentfulSpeedIndex opt fission warm webrender,,77,ms,firefox,False,|f|i|s|s|i|o|n| |w|a|r|m| |w|e|b|r|e|n|d|e|r|,,3776889,13,9b3df14599f65e991e2c4a5eaba7ebe76c85b8c3,102210fe594ee9b33d82058545b1ed14f4c8206e,linux1804-64-shippable-qr,microsoft,True,,,,,,,,,,,,,,,,,,,,,,,,,,,,,,,,,,,,,,,,,,,,,,,,,,TN,,,,,,,,,,
,1800242171,2023-11-24 05:36:58,210.8,dbd1a6aef0a74dc60875a4904d9eddb5ca9afbb7,1337356,autoland,ContentfulSpeedIndex,True,microsoft ContentfulSpeedIndex opt fission warm webrender,,77,ms,firefox,False,|f|i|s|s|i|o|n| |w|a|r|m| |w|e|b|r|e|n|d|e|r|,,3776889,13,9b3df14599f65e991e2c4a5eaba7ebe76c85b8c3,102210fe594ee9b33d82058545b1ed14f4c8206e,linux1804-64-shippable-qr,microsoft,True,,,,,,,,,,,,,,,,,,,,,,,,,,,,,,,,,,,,,,,,,,,,,,,,,,TN,,,,,,,,,,
,1800368900,2023-11-24 09:28:03,216.2,8bec1f302a76929843c944e27b75ddcbf1f21954,1337436,autoland,ContentfulSpeedIndex,True,microsoft ContentfulSpeedIndex opt fission warm webrender,,77,ms,firefox,False,|f|i|s|s|i|o|n| |w|a|r|m| |w|e|b|r|e|n|d|e|r|,,3776889,13,9b3df14599f65e991e2c4a5eaba7ebe76c85b8c3,102210fe594ee9b33d82058545b1ed14f4c8206e,linux1804-64-shippable-qr,microsoft,True,,,,,,,,,,,,,,,,,,,,,,,,,,,,,,,,,,,,,,,,,,,,,,,,,,TN,,,,,,,,,,
,1800440086,2023-11-24 13:31:32,207.9,1e01aa4b558aff87267a6384c318e6963b66a0d8,1337559,autoland,ContentfulSpeedIndex,True,microsoft ContentfulSpeedIndex opt fission warm webrender,,77,ms,firefox,False,|f|i|s|s|i|o|n| |w|a|r|m| |w|e|b|r|e|n|d|e|r|,,3776889,13,9b3df14599f65e991e2c4a5eaba7ebe76c85b8c3,102210fe594ee9b33d82058545b1ed14f4c8206e,linux1804-64-shippable-qr,microsoft,True,,,,,,,,,,,,,,,,,,,,,,,,,,,,,,,,,,,,,,,,,,,,,,,,,,TN,,,,,,,,,,
,1800462724,2023-11-24 14:07:25,206.7,6354cfb105a6c9a46216d5c8ea95ee463892366e,1337582,autoland,ContentfulSpeedIndex,True,microsoft ContentfulSpeedIndex opt fission warm webrender,,77,ms,firefox,False,|f|i|s|s|i|o|n| |w|a|r|m| |w|e|b|r|e|n|d|e|r|,,3776889,13,9b3df14599f65e991e2c4a5eaba7ebe76c85b8c3,102210fe594ee9b33d82058545b1ed14f4c8206e,linux1804-64-shippable-qr,microsoft,True,,,,,,,,,,,,,,,,,,,,,,,,,,,,,,,,,,,,,,,,,,,,,,,,,,TN,,,,,,,,,,
,1800751052,2023-11-24 21:51:55,216.1,f905e9024322370d02da128ab9ea37861774f2a5,1337759,autoland,ContentfulSpeedIndex,True,microsoft ContentfulSpeedIndex opt fission warm webrender,,77,ms,firefox,False,|f|i|s|s|i|o|n| |w|a|r|m| |w|e|b|r|e|n|d|e|r|,,3776889,13,9b3df14599f65e991e2c4a5eaba7ebe76c85b8c3,102210fe594ee9b33d82058545b1ed14f4c8206e,linux1804-64-shippable-qr,microsoft,True,,,,,,,,,,,,,,,,,,,,,,,,,,,,,,,,,,,,,,,,,,,,,,,,,,TN,,,,,,,,,,
,1800679147,2023-11-24 21:54:25,210.2,8875acba4f482b90d60501b953fb4530b361bd8f,1337760,autoland,ContentfulSpeedIndex,True,microsoft ContentfulSpeedIndex opt fission warm webrender,,77,ms,firefox,False,|f|i|s|s|i|o|n| |w|a|r|m| |w|e|b|r|e|n|d|e|r|,,3776889,13,9b3df14599f65e991e2c4a5eaba7ebe76c85b8c3,102210fe594ee9b33d82058545b1ed14f4c8206e,linux1804-64-shippable-qr,microsoft,True,,,,,,,,,,,,,,,,,,,,,,,,,,,,,,,,,,,,,,,,,,,,,,,,,,TN,,,,,,,,,,
,1800743196,2023-11-25 04:13:26,208.7,a137631f73ce188671f50c5225295d64d427fec2,1337799,autoland,ContentfulSpeedIndex,True,microsoft ContentfulSpeedIndex opt fission warm webrender,,77,ms,firefox,False,|f|i|s|s|i|o|n| |w|a|r|m| |w|e|b|r|e|n|d|e|r|,,3776889,13,9b3df14599f65e991e2c4a5eaba7ebe76c85b8c3,102210fe594ee9b33d82058545b1ed14f4c8206e,linux1804-64-shippable-qr,microsoft,True,,,,,,,,,,,,,,,,,,,,,,,,,,,,,,,,,,,,,,,,,,,,,,,,,,TN,,,,,,,,,,
,1800796061,2023-11-25 09:26:54,211.4,860c52f225fa7410ed4a4bf3bd0eb0846483e08d,1337840,autoland,ContentfulSpeedIndex,True,microsoft ContentfulSpeedIndex opt fission warm webrender,,77,ms,firefox,False,|f|i|s|s|i|o|n| |w|a|r|m| |w|e|b|r|e|n|d|e|r|,,3776889,13,9b3df14599f65e991e2c4a5eaba7ebe76c85b8c3,102210fe594ee9b33d82058545b1ed14f4c8206e,linux1804-64-shippable-qr,microsoft,True,,,,,,,,,,,,,,,,,,,,,,,,,,,,,,,,,,,,,,,,,,,,,,,,,,TN,,,,,,,,,,
,1800870209,2023-11-25 14:41:03,210.2,2ff68fa9f49916065f4ebb7a74c0940bf425f396,1337869,autoland,ContentfulSpeedIndex,True,microsoft ContentfulSpeedIndex opt fission warm webrender,,77,ms,firefox,False,|f|i|s|s|i|o|n| |w|a|r|m| |w|e|b|r|e|n|d|e|r|,,3776889,13,9b3df14599f65e991e2c4a5eaba7ebe76c85b8c3,102210fe594ee9b33d82058545b1ed14f4c8206e,linux1804-64-shippable-qr,microsoft,True,,,,,,,,,,,,,,,,,,,,,,,,,,,,,,,,,,,,,,,,,,,,,,,,,,TN,,,,,,,,,,
,1801007056,2023-11-26 15:57:31,208.4,0cd5e7d76f8ac3e26423c36c9d06f91a310dab45,1337946,autoland,ContentfulSpeedIndex,True,microsoft ContentfulSpeedIndex opt fission warm webrender,,77,ms,firefox,False,|f|i|s|s|i|o|n| |w|a|r|m| |w|e|b|r|e|n|d|e|r|,,3776889,13,9b3df14599f65e991e2c4a5eaba7ebe76c85b8c3,102210fe594ee9b33d82058545b1ed14f4c8206e,linux1804-64-shippable-qr,microsoft,True,,,,,,,,,,,,,,,,,,,,,,,,,,,,,,,,,,,,,,,,,,,,,,,,,,TN,,,,,,,,,,
,1801037915,2023-11-26 18:39:37,214.3,ffaaa99c517223770b014031e25b54d585f95ef2,1337950,autoland,ContentfulSpeedIndex,True,microsoft ContentfulSpeedIndex opt fission warm webrender,,77,ms,firefox,False,|f|i|s|s|i|o|n| |w|a|r|m| |w|e|b|r|e|n|d|e|r|,,3776889,13,9b3df14599f65e991e2c4a5eaba7ebe76c85b8c3,102210fe594ee9b33d82058545b1ed14f4c8206e,linux1804-64-shippable-qr,microsoft,True,,,,,,,,,,,,,,,,,,,,,,,,,,,,,,,,,,,,,,,,,,,,,,,,,,TN,,,,,,,,,,
,1801191060,2023-11-27 01:49:37,211.2,edf9292c0bc9c671afa4de12648c16622e9d418c,1337984,autoland,ContentfulSpeedIndex,True,microsoft ContentfulSpeedIndex opt fission warm webrender,,77,ms,firefox,False,|f|i|s|s|i|o|n| |w|a|r|m| |w|e|b|r|e|n|d|e|r|,,3776889,13,9b3df14599f65e991e2c4a5eaba7ebe76c85b8c3,102210fe594ee9b33d82058545b1ed14f4c8206e,linux1804-64-shippable-qr,microsoft,True,,,,,,,,,,,,,,,,,,,,,,,,,,,,,,,,,,,,,,,,,,,,,,,,,,TN,,,,,,,,,,
,1801893313,2023-11-27 03:19:14,214.0,600b27fdf4a03735007bce03c5c2617adeeb1416,1337993,autoland,ContentfulSpeedIndex,True,microsoft ContentfulSpeedIndex opt fission warm webrender,,77,ms,firefox,False,|f|i|s|s|i|o|n| |w|a|r|m| |w|e|b|r|e|n|d|e|r|,,3776889,13,9b3df14599f65e991e2c4a5eaba7ebe76c85b8c3,102210fe594ee9b33d82058545b1ed14f4c8206e,linux1804-64-shippable-qr,microsoft,True,,,,,,,,,,,,,,,,,,,,,,,,,,,,,,,,,,,,,,,,,,,,,,,,,,TN,,,,,,,,,,
,1801351280,2023-11-27 10:22:36,208.2,c1a92ff5b44e8a296b847ed428ebeec04f7f8f72,1338085,autoland,ContentfulSpeedIndex,True,microsoft ContentfulSpeedIndex opt fission warm webrender,,77,ms,firefox,False,|f|i|s|s|i|o|n| |w|a|r|m| |w|e|b|r|e|n|d|e|r|,,3776889,13,9b3df14599f65e991e2c4a5eaba7ebe76c85b8c3,102210fe594ee9b33d82058545b1ed14f4c8206e,linux1804-64-shippable-qr,microsoft,True,,,,,,,,,,,,,,,,,,,,,,,,,,,,,,,,,,,,,,,,,,,,,,,,,,TN,,,,,,,,,,
,1801905149,2023-11-27 14:03:54,206.8,3a166ac6c074ba6311e10b4a679ed7951f8c7046,1338213,autoland,ContentfulSpeedIndex,True,microsoft ContentfulSpeedIndex opt fission warm webrender,,77,ms,firefox,False,|f|i|s|s|i|o|n| |w|a|r|m| |w|e|b|r|e|n|d|e|r|,,3776889,13,9b3df14599f65e991e2c4a5eaba7ebe76c85b8c3,102210fe594ee9b33d82058545b1ed14f4c8206e,linux1804-64-shippable-qr,microsoft,True,,,,,,,,,,,,,,,,,,,,,,,,,,,,,,,,,,,,,,,,,,,,,,,,,,TN,,,,,,,,,,
,1801879041,2023-11-27 14:04:48,216.0,ab3f06ef0efa62a6f988339fc477cd5c937a0f91,1338214,autoland,ContentfulSpeedIndex,True,microsoft ContentfulSpeedIndex opt fission warm webrender,,77,ms,firefox,False,|f|i|s|s|i|o|n| |w|a|r|m| |w|e|b|r|e|n|d|e|r|,,3776889,13,9b3df14599f65e991e2c4a5eaba7ebe76c85b8c3,102210fe594ee9b33d82058545b1ed14f4c8206e,linux1804-64-shippable-qr,microsoft,True,,,,,,,,,,,,,,,,,,,,,,,,,,,,,,,,,,,,,,,,,,,,,,,,,,TN,,,,,,,,,,
,1801412569,2023-11-27 14:05:43,214.6,9ca2bcf6799b1a5f71d2d58db26f6b6c16a90427,1338215,autoland,ContentfulSpeedIndex,True,microsoft ContentfulSpeedIndex opt fission warm webrender,,77,ms,firefox,False,|f|i|s|s|i|o|n| |w|a|r|m| |w|e|b|r|e|n|d|e|r|,,3776889,13,9b3df14599f65e991e2c4a5eaba7ebe76c85b8c3,102210fe594ee9b33d82058545b1ed14f4c8206e,linux1804-64-shippable-qr,microsoft,True,,,,,,,,,,,,,,,,,,,,,,,,,,,,,,,,,,,,,,,,,,,,,,,,,,TN,,,,,,,,,,
,1801896682,2023-11-27 15:33:40,208.4,019c38ef6a2fb136b3ab9b94384971863607fba4,1338282,autoland,ContentfulSpeedIndex,True,microsoft ContentfulSpeedIndex opt fission warm webrender,,77,ms,firefox,False,|f|i|s|s|i|o|n| |w|a|r|m| |w|e|b|r|e|n|d|e|r|,,3776889,13,9b3df14599f65e991e2c4a5eaba7ebe76c85b8c3,102210fe594ee9b33d82058545b1ed14f4c8206e,linux1804-64-shippable-qr,microsoft,True,,,,,,,,,,,,,,,,,,,,,,,,,,,,,,,,,,,,,,,,,,,,,,,,,,TN,,,,,,,,,,
,1801917571,2023-11-27 15:42:45,212.8,e98889428f47cd8a7d6f3132b25982d107cff514,1338288,autoland,ContentfulSpeedIndex,True,microsoft ContentfulSpeedIndex opt fission warm webrender,,77,ms,firefox,False,|f|i|s|s|i|o|n| |w|a|r|m| |w|e|b|r|e|n|d|e|r|,,3776889,13,9b3df14599f65e991e2c4a5eaba7ebe76c85b8c3,102210fe594ee9b33d82058545b1ed14f4c8206e,linux1804-64-shippable-qr,microsoft,True,,,,,,,,,,,,,,,,,,,,,,,,,,,,,,,,,,,,,,,,,,,,,,,,,,TN,,,,,,,,,,
,1801573033,2023-11-27 17:34:20,210.0,6aa54d6d7cbf1a46e62c6765c489a940322b6bca,1338399,autoland,ContentfulSpeedIndex,True,microsoft ContentfulSpeedIndex opt fission warm webrender,,77,ms,firefox,False,|f|i|s|s|i|o|n| |w|a|r|m| |w|e|b|r|e|n|d|e|r|,,3776889,13,9b3df14599f65e991e2c4a5eaba7ebe76c85b8c3,102210fe594ee9b33d82058545b1ed14f4c8206e,linux1804-64-shippable-qr,microsoft,True,,,,,,,,,,,,,,,,,,,,,,,,,,,,,,,,,,,,,,,,,,,,,,,,,,TN,,,,,,,,,,
,1801624453,2023-11-27 20:49:55,205.0,5be201dbf09fac369541142298547108c80b52dd,1338533,autoland,ContentfulSpeedIndex,True,microsoft ContentfulSpeedIndex opt fission warm webrender,,77,ms,firefox,False,|f|i|s|s|i|o|n| |w|a|r|m| |w|e|b|r|e|n|d|e|r|,,3776889,13,9b3df14599f65e991e2c4a5eaba7ebe76c85b8c3,102210fe594ee9b33d82058545b1ed14f4c8206e,linux1804-64-shippable-qr,microsoft,True,,,,,,,,,,,,,,,,,,,,,,,,,,,,,,,,,,,,,,,,,,,,,,,,,,TN,,,,,,,,,,
,1801919833,2023-11-28 05:10:16,210.3,fbcb2af38cdaecde2b2da1efc0fc49b82fa9749e,1338781,autoland,ContentfulSpeedIndex,True,microsoft ContentfulSpeedIndex opt fission warm webrender,,77,ms,firefox,False,|f|i|s|s|i|o|n| |w|a|r|m| |w|e|b|r|e|n|d|e|r|,,3776889,13,9b3df14599f65e991e2c4a5eaba7ebe76c85b8c3,102210fe594ee9b33d82058545b1ed14f4c8206e,linux1804-64-shippable-qr,microsoft,True,,,,,,,,,,,,,,,,,,,,,,,,,,,,,,,,,,,,,,,,,,,,,,,,,,TN,,,,,,,,,,
,1801992668,2023-11-28 08:42:21,209.9,785b3d438fe5a8cba4caf5f4a2ed7250d324096c,1338855,autoland,ContentfulSpeedIndex,True,microsoft ContentfulSpeedIndex opt fission warm webrender,,77,ms,firefox,False,|f|i|s|s|i|o|n| |w|a|r|m| |w|e|b|r|e|n|d|e|r|,,3776889,13,9b3df14599f65e991e2c4a5eaba7ebe76c85b8c3,102210fe594ee9b33d82058545b1ed14f4c8206e,linux1804-64-shippable-qr,microsoft,True,,,,,,,,,,,,,,,,,,,,,,,,,,,,,,,,,,,,,,,,,,,,,,,,,,TN,,,,,,,,,,
,1802138984,2023-11-28 13:17:34,214.6,1957c4453ab1dfba8b7820dbf2fe772220e6eedc,1339007,autoland,ContentfulSpeedIndex,True,microsoft ContentfulSpeedIndex opt fission warm webrender,,77,ms,firefox,False,|f|i|s|s|i|o|n| |w|a|r|m| |w|e|b|r|e|n|d|e|r|,,3776889,13,9b3df14599f65e991e2c4a5eaba7ebe76c85b8c3,102210fe594ee9b33d82058545b1ed14f4c8206e,linux1804-64-shippable-qr,microsoft,True,,,,,,,,,,,,,,,,,,,,,,,,,,,,,,,,,,,,,,,,,,,,,,,,,,TN,,,,,,,,,,
,1802213094,2023-11-28 14:12:32,211.4,0745c3e29ba3856c91cbae74bd41d2135137bfd0,1339043,autoland,ContentfulSpeedIndex,True,microsoft ContentfulSpeedIndex opt fission warm webrender,,77,ms,firefox,False,|f|i|s|s|i|o|n| |w|a|r|m| |w|e|b|r|e|n|d|e|r|,,3776889,13,9b3df14599f65e991e2c4a5eaba7ebe76c85b8c3,102210fe594ee9b33d82058545b1ed14f4c8206e,linux1804-64-shippable-qr,microsoft,True,,,,,,,,,,,,,,,,,,,,,,,,,,,,,,,,,,,,,,,,,,,,,,,,,,TN,,,,,,,,,,
,1802637056,2023-11-28 16:53:43,208.0,c1578c9d7374f0a4d2f60dd492afff5058476d7c,1339126,autoland,ContentfulSpeedIndex,True,microsoft ContentfulSpeedIndex opt fission warm webrender,,77,ms,firefox,False,|f|i|s|s|i|o|n| |w|a|r|m| |w|e|b|r|e|n|d|e|r|,,3776889,13,9b3df14599f65e991e2c4a5eaba7ebe76c85b8c3,102210fe594ee9b33d82058545b1ed14f4c8206e,linux1804-64-shippable-qr,microsoft,True,,,,,,,,,,,,,,,,,,,,,,,,,,,,,,,,,,,,,,,,,,,,,,,,,,TN,,,,,,,,,,
,1802693310,2023-11-28 16:54:57,215.3,811f3fca797dc74faed8ca9ae123fb8b16a88701,1339130,autoland,ContentfulSpeedIndex,True,microsoft ContentfulSpeedIndex opt fission warm webrender,,77,ms,firefox,False,|f|i|s|s|i|o|n| |w|a|r|m| |w|e|b|r|e|n|d|e|r|,,3776889,13,9b3df14599f65e991e2c4a5eaba7ebe76c85b8c3,102210fe594ee9b33d82058545b1ed14f4c8206e,linux1804-64-shippable-qr,microsoft,True,,,,,,,,,,,,,,,,,,,,,,,,,,,,,,,,,,,,,,,,,,,,,,,,,,TN,,,,,,,,,,
,1802300419,2023-11-28 17:36:07,207.1,691b7e1a899214d8685841da762bd2b2415fa569,1339183,autoland,ContentfulSpeedIndex,True,microsoft ContentfulSpeedIndex opt fission warm webrender,,77,ms,firefox,False,|f|i|s|s|i|o|n| |w|a|r|m| |w|e|b|r|e|n|d|e|r|,,3776889,13,9b3df14599f65e991e2c4a5eaba7ebe76c85b8c3,102210fe594ee9b33d82058545b1ed14f4c8206e,linux1804-64-shippable-qr,microsoft,True,,,,,,,,,,,,,,,,,,,,,,,,,,,,,,,,,,,,,,,,,,,,,,,,,,TN,,,,,,,,,,
,1802469550,2023-11-28 21:29:24,212.9,000fea3a9ed37b16c009c76e8af859a50c9234dc,1339366,autoland,ContentfulSpeedIndex,True,microsoft ContentfulSpeedIndex opt fission warm webrender,,77,ms,firefox,False,|f|i|s|s|i|o|n| |w|a|r|m| |w|e|b|r|e|n|d|e|r|,,3776889,13,9b3df14599f65e991e2c4a5eaba7ebe76c85b8c3,102210fe594ee9b33d82058545b1ed14f4c8206e,linux1804-64-shippable-qr,microsoft,True,,,,,,,,,,,,,,,,,,,,,,,,,,,,,,,,,,,,,,,,,,,,,,,,,,TN,,,,,,,,,,
,1802575902,2023-11-29 01:28:26,213.5,a162f6ee0eef32a68c73ddb77aa04efda3afeb7c,1339520,autoland,ContentfulSpeedIndex,True,microsoft ContentfulSpeedIndex opt fission warm webrender,,77,ms,firefox,False,|f|i|s|s|i|o|n| |w|a|r|m| |w|e|b|r|e|n|d|e|r|,,3776889,13,9b3df14599f65e991e2c4a5eaba7ebe76c85b8c3,102210fe594ee9b33d82058545b1ed14f4c8206e,linux1804-64-shippable-qr,microsoft,True,,,,,,,,,,,,,,,,,,,,,,,,,,,,,,,,,,,,,,,,,,,,,,,,,,TN,,,,,,,,,,
,1802741795,2023-11-29 06:56:45,216.1,b675f0a9e569a63bedb249150a2be6b3e15197f9,1339623,autoland,ContentfulSpeedIndex,True,microsoft ContentfulSpeedIndex opt fission warm webrender,,77,ms,firefox,False,|f|i|s|s|i|o|n| |w|a|r|m| |w|e|b|r|e|n|d|e|r|,,3776889,13,9b3df14599f65e991e2c4a5eaba7ebe76c85b8c3,102210fe594ee9b33d82058545b1ed14f4c8206e,linux1804-64-shippable-qr,microsoft,True,,,,,,,,,,,,,,,,,,,,,,,,,,,,,,,,,,,,,,,,,,,,,,,,,,TN,,,,,,,,,,
,1802795481,2023-11-29 09:02:39,206.8,66c2fb78dfe25ce9af21d0e1dd82f62dbb5da53f,1339662,autoland,ContentfulSpeedIndex,True,microsoft ContentfulSpeedIndex opt fission warm webrender,,77,ms,firefox,False,|f|i|s|s|i|o|n| |w|a|r|m| |w|e|b|r|e|n|d|e|r|,,3776889,13,9b3df14599f65e991e2c4a5eaba7ebe76c85b8c3,102210fe594ee9b33d82058545b1ed14f4c8206e,linux1804-64-shippable-qr,microsoft,True,,,,,,,,,,,,,,,,,,,,,,,,,,,,,,,,,,,,,,,,,,,,,,,,,,TN,,,,,,,,,,
,1802915965,2023-11-29 13:11:23,213.1,be2b109ddbb7f38c98c25b3c79c036f6f06f81fb,1339776,autoland,ContentfulSpeedIndex,True,microsoft ContentfulSpeedIndex opt fission warm webrender,,77,ms,firefox,False,|f|i|s|s|i|o|n| |w|a|r|m| |w|e|b|r|e|n|d|e|r|,,3776889,13,9b3df14599f65e991e2c4a5eaba7ebe76c85b8c3,102210fe594ee9b33d82058545b1ed14f4c8206e,linux1804-64-shippable-qr,microsoft,True,,,,,,,,,,,,,,,,,,,,,,,,,,,,,,,,,,,,,,,,,,,,,,,,,,TN,,,,,,,,,,
,1803410449,2023-11-29 13:16:15,213.1,74f50e5d5557c1a8977dbafaa1f73d141c2380a8,1339778,autoland,ContentfulSpeedIndex,True,microsoft ContentfulSpeedIndex opt fission warm webrender,,77,ms,firefox,False,|f|i|s|s|i|o|n| |w|a|r|m| |w|e|b|r|e|n|d|e|r|,,3776889,13,9b3df14599f65e991e2c4a5eaba7ebe76c85b8c3,102210fe594ee9b33d82058545b1ed14f4c8206e,linux1804-64-shippable-qr,microsoft,True,,,,,,,,,,,,,,,,,,,,,,,,,,,,,,,,,,,,,,,,,,,,,,,,,,TN,,,,,,,,,,
,1803385764,2023-11-29 13:25:22,209.0,f5a30ad398a0617b6209b0fb871a4aa1c87ed26c,1339781,autoland,ContentfulSpeedIndex,True,microsoft ContentfulSpeedIndex opt fission warm webrender,,77,ms,firefox,False,|f|i|s|s|i|o|n| |w|a|r|m| |w|e|b|r|e|n|d|e|r|,,3776889,13,9b3df14599f65e991e2c4a5eaba7ebe76c85b8c3,102210fe594ee9b33d82058545b1ed14f4c8206e,linux1804-64-shippable-qr,microsoft,True,,,,,,,,,,,,,,,,,,,,,,,,,,,,,,,,,,,,,,,,,,,,,,,,,,TN,,,,,,,,,,
,1803346803,2023-11-29 14:26:21,205.7,e85c84028c440fb186322761a11035030f0eb94a,1339813,autoland,ContentfulSpeedIndex,True,microsoft ContentfulSpeedIndex opt fission warm webrender,,77,ms,firefox,False,|f|i|s|s|i|o|n| |w|a|r|m| |w|e|b|r|e|n|d|e|r|,,3776889,13,9b3df14599f65e991e2c4a5eaba7ebe76c85b8c3,102210fe594ee9b33d82058545b1ed14f4c8206e,linux1804-64-shippable-qr,microsoft,True,,,,,,,,,,,,,,,,,,,,,,,,,,,,,,,,,,,,,,,,,,,,,,,,,,TN,,,,,,,,,,
,1803363664,2023-11-29 14:33:23,207.0,fd253d27e64ec2f0a321ef83bffbcf28392e9f88,1339819,autoland,ContentfulSpeedIndex,True,microsoft ContentfulSpeedIndex opt fission warm webrender,,77,ms,firefox,False,|f|i|s|s|i|o|n| |w|a|r|m| |w|e|b|r|e|n|d|e|r|,,3776889,13,9b3df14599f65e991e2c4a5eaba7ebe76c85b8c3,102210fe594ee9b33d82058545b1ed14f4c8206e,linux1804-64-shippable-qr,microsoft,True,,,,,,,,,,,,,,,,,,,,,,,,,,,,,,,,,,,,,,,,,,,,,,,,,,TN,,,,,,,,,,
,1803421200,2023-11-29 14:35:24,207.0,dd4895b622d097df1c1335545c2b0b884709db00,1339824,autoland,ContentfulSpeedIndex,True,microsoft ContentfulSpeedIndex opt fission warm webrender,,77,ms,firefox,False,|f|i|s|s|i|o|n| |w|a|r|m| |w|e|b|r|e|n|d|e|r|,,3776889,13,9b3df14599f65e991e2c4a5eaba7ebe76c85b8c3,102210fe594ee9b33d82058545b1ed14f4c8206e,linux1804-64-shippable-qr,microsoft,True,,,,,,,,,,,,,,,,,,,,,,,,,,,,,,,,,,,,,,,,,,,,,,,,,,TN,,,,,,,,,,
,1803346611,2023-11-29 14:36:19,213.1,4c5b2b4298575e99e99d7203ecdb33fe66c65358,1339826,autoland,ContentfulSpeedIndex,True,microsoft ContentfulSpeedIndex opt fission warm webrender,,77,ms,firefox,False,|f|i|s|s|i|o|n| |w|a|r|m| |w|e|b|r|e|n|d|e|r|,,3776889,13,9b3df14599f65e991e2c4a5eaba7ebe76c85b8c3,102210fe594ee9b33d82058545b1ed14f4c8206e,linux1804-64-shippable-qr,microsoft,True,,,,,,,,,,,,,,,,,,,,,,,,,,,,,,,,,,,,,,,,,,,,,,,,,,TN,,,,,,,,,,
,1803074221,2023-11-29 17:15:33,214.1,0008fcc93b9b4a6aa22e3abf1888be08024320e9,1339929,autoland,ContentfulSpeedIndex,True,microsoft ContentfulSpeedIndex opt fission warm webrender,,77,ms,firefox,False,|f|i|s|s|i|o|n| |w|a|r|m| |w|e|b|r|e|n|d|e|r|,,3776889,13,9b3df14599f65e991e2c4a5eaba7ebe76c85b8c3,102210fe594ee9b33d82058545b1ed14f4c8206e,linux1804-64-shippable-qr,microsoft,True,,,,,,,,,,,,,,,,,,,,,,,,,,,,,,,,,,,,,,,,,,,,,,,,,,TN,,,,,,,,,,
,1803272309,2023-11-29 22:52:27,212.7,65a0553b296ae1432e5d18c3d2d607cacbb0a35e,1340166,autoland,ContentfulSpeedIndex,True,microsoft ContentfulSpeedIndex opt fission warm webrender,,77,ms,firefox,False,|f|i|s|s|i|o|n| |w|a|r|m| |w|e|b|r|e|n|d|e|r|,,3776889,13,9b3df14599f65e991e2c4a5eaba7ebe76c85b8c3,102210fe594ee9b33d82058545b1ed14f4c8206e,linux1804-64-shippable-qr,microsoft,True,,,,,,,,,,,,,,,,,,,,,,,,,,,,,,,,,,,,,,,,,,,,,,,,,,TN,,,,,,,,,,
,1803283640,2023-11-29 22:59:56,216.1,4bbe309179a5869e893e8f9ed2b110ef00ccec95,1340178,autoland,ContentfulSpeedIndex,True,microsoft ContentfulSpeedIndex opt fission warm webrender,,77,ms,firefox,False,|f|i|s|s|i|o|n| |w|a|r|m| |w|e|b|r|e|n|d|e|r|,,3776889,13,9b3df14599f65e991e2c4a5eaba7ebe76c85b8c3,102210fe594ee9b33d82058545b1ed14f4c8206e,linux1804-64-shippable-qr,microsoft,True,,,,,,,,,,,,,,,,,,,,,,,,,,,,,,,,,,,,,,,,,,,,,,,,,,TN,,,,,,,,,,
,1803438262,2023-11-29 23:02:37,209.7,7e08f5f9cbb4e38b3579328b49609d065203415a,1340181,autoland,ContentfulSpeedIndex,True,microsoft ContentfulSpeedIndex opt fission warm webrender,,77,ms,firefox,False,|f|i|s|s|i|o|n| |w|a|r|m| |w|e|b|r|e|n|d|e|r|,,3776889,13,9b3df14599f65e991e2c4a5eaba7ebe76c85b8c3,102210fe594ee9b33d82058545b1ed14f4c8206e,linux1804-64-shippable-qr,microsoft,True,,,,,,,,,,,,,,,,,,,,,,,,,,,,,,,,,,,,,,,,,,,,,,,,,,TN,,,,,,,,,,
,1803448561,2023-11-29 23:03:31,222.7,48f667e357c8e6dea764cb3ad69d2bce2f1e093b,1340182,autoland,ContentfulSpeedIndex,True,microsoft ContentfulSpeedIndex opt fission warm webrender,,77,ms,firefox,False,|f|i|s|s|i|o|n| |w|a|r|m| |w|e|b|r|e|n|d|e|r|,,3776889,13,9b3df14599f65e991e2c4a5eaba7ebe76c85b8c3,102210fe594ee9b33d82058545b1ed14f4c8206e,linux1804-64-shippable-qr,microsoft,True,,,,,,,,,,,,,,,,,,,,,,,,,,,,,,,,,,,,,,,,,,,,,,,,,,TN,,,,,,,,,,
,1803432321,2023-11-30 04:33:01,216.1,556c8b22cbbbcc165c42b2c52ebdfd01be3cee6b,1340302,autoland,ContentfulSpeedIndex,True,microsoft ContentfulSpeedIndex opt fission warm webrender,,77,ms,firefox,False,|f|i|s|s|i|o|n| |w|a|r|m| |w|e|b|r|e|n|d|e|r|,,3776889,13,9b3df14599f65e991e2c4a5eaba7ebe76c85b8c3,102210fe594ee9b33d82058545b1ed14f4c8206e,linux1804-64-shippable-qr,microsoft,True,,,,,,,,,,,,,,,,,,,,,,,,,,,,,,,,,,,,,,,,,,,,,,,,,,TN,,,,,,,,,,
,1803526994,2023-11-30 08:51:25,211.7,43fc350794aaccc50748bce9b965590d842ef9ac,1340399,autoland,ContentfulSpeedIndex,True,microsoft ContentfulSpeedIndex opt fission warm webrender,,77,ms,firefox,False,|f|i|s|s|i|o|n| |w|a|r|m| |w|e|b|r|e|n|d|e|r|,,3776889,13,9b3df14599f65e991e2c4a5eaba7ebe76c85b8c3,102210fe594ee9b33d82058545b1ed14f4c8206e,linux1804-64-shippable-qr,microsoft,True,,,,,,,,,,,,,,,,,,,,,,,,,,,,,,,,,,,,,,,,,,,,,,,,,,TN,,,,,,,,,,
,1803588791,2023-11-30 08:52:22,206.8,b33dd40c7ea956e89c10d4e8a54f9e869a431b64,1340400,autoland,ContentfulSpeedIndex,True,microsoft ContentfulSpeedIndex opt fission warm webrender,,77,ms,firefox,False,|f|i|s|s|i|o|n| |w|a|r|m| |w|e|b|r|e|n|d|e|r|,,3776889,13,9b3df14599f65e991e2c4a5eaba7ebe76c85b8c3,102210fe594ee9b33d82058545b1ed14f4c8206e,linux1804-64-shippable-qr,microsoft,True,,,,,,,,,,,,,,,,,,,,,,,,,,,,,,,,,,,,,,,,,,,,,,,,,,TN,,,,,,,,,,
,1803666397,2023-11-30 13:07:37,210.0,120432262a8cb73f69c8d683b4ddec3a037cbd91,1340520,autoland,ContentfulSpeedIndex,True,microsoft ContentfulSpeedIndex opt fission warm webrender,,77,ms,firefox,False,|f|i|s|s|i|o|n| |w|a|r|m| |w|e|b|r|e|n|d|e|r|,,3776889,13,9b3df14599f65e991e2c4a5eaba7ebe76c85b8c3,102210fe594ee9b33d82058545b1ed14f4c8206e,linux1804-64-shippable-qr,microsoft,True,,,,,,,,,,,,,,,,,,,,,,,,,,,,,,,,,,,,,,,,,,,,,,,,,,TN,,,,,,,,,,
,1803692303,2023-11-30 13:51:04,202.7,1d1fb9d5a4974d94e8c317f226c962fd351eae27,1340541,autoland,ContentfulSpeedIndex,True,microsoft ContentfulSpeedIndex opt fission warm webrender,,77,ms,firefox,False,|f|i|s|s|i|o|n| |w|a|r|m| |w|e|b|r|e|n|d|e|r|,,3776889,13,9b3df14599f65e991e2c4a5eaba7ebe76c85b8c3,102210fe594ee9b33d82058545b1ed14f4c8206e,linux1804-64-shippable-qr,microsoft,True,,,,,,,,,,,,,,,,,,,,,,,,,,,,,,,,,,,,,,,,,,,,,,,,,,TN,,,,,,,,,,
,1804187432,2023-11-30 16:04:41,216.4,fc19848f02cea14c4cf8e366ff394ce03a4f08d6,1340656,autoland,ContentfulSpeedIndex,True,microsoft ContentfulSpeedIndex opt fission warm webrender,,77,ms,firefox,False,|f|i|s|s|i|o|n| |w|a|r|m| |w|e|b|r|e|n|d|e|r|,,3776889,13,9b3df14599f65e991e2c4a5eaba7ebe76c85b8c3,102210fe594ee9b33d82058545b1ed14f4c8206e,linux1804-64-shippable-qr,microsoft,True,,,,,,,,,,,,,,,,,,,,,,,,,,,,,,,,,,,,,,,,,,,,,,,,,,TN,,,,,,,,,,
,1804163840,2023-11-30 16:12:44,233.7,cfbcbcd48790bbc8b8a901aeacef87a2bd174e5c,1340664,autoland,ContentfulSpeedIndex,True,microsoft ContentfulSpeedIndex opt fission warm webrender,,77,ms,firefox,False,|f|i|s|s|i|o|n| |w|a|r|m| |w|e|b|r|e|n|d|e|r|,,3776889,13,9b3df14599f65e991e2c4a5eaba7ebe76c85b8c3,102210fe594ee9b33d82058545b1ed14f4c8206e,linux1804-64-shippable-qr,microsoft,True,,,,,,,,,,,,,,,,,,,,,,,,,,,,,,,,,,,,,,,,,,,,,,,,,,TN,,,,,,,,,,
,1803828611,2023-11-30 17:04:12,211.7,3ec1ddf45e5a6562bd1d81fe4144541880bf3a24,1340716,autoland,ContentfulSpeedIndex,True,microsoft ContentfulSpeedIndex opt fission warm webrender,,77,ms,firefox,False,|f|i|s|s|i|o|n| |w|a|r|m| |w|e|b|r|e|n|d|e|r|,,3776889,13,9b3df14599f65e991e2c4a5eaba7ebe76c85b8c3,102210fe594ee9b33d82058545b1ed14f4c8206e,linux1804-64-shippable-qr,microsoft,True,,,,,,,,,,,,,,,,,,,,,,,,,,,,,,,,,,,,,,,,,,,,,,,,,,TN,,,,,,,,,,
,1804167687,2023-11-30 17:37:56,209.4,8dde1f563468bd246dff71c96a31d7f075ce7d56,1340742,autoland,ContentfulSpeedIndex,True,microsoft ContentfulSpeedIndex opt fission warm webrender,,77,ms,firefox,False,|f|i|s|s|i|o|n| |w|a|r|m| |w|e|b|r|e|n|d|e|r|,,3776889,13,9b3df14599f65e991e2c4a5eaba7ebe76c85b8c3,102210fe594ee9b33d82058545b1ed14f4c8206e,linux1804-64-shippable-qr,microsoft,True,,,,,,,,,,,,,,,,,,,,,,,,,,,,,,,,,,,,,,,,,,,,,,,,,,TN,,,,,,,,,,
,1804204290,2023-11-30 17:40:15,209.9,df0f4cc6bda107aa2615bb366ec2b7d26773e889,1340743,autoland,ContentfulSpeedIndex,True,microsoft ContentfulSpeedIndex opt fission warm webrender,,77,ms,firefox,False,|f|i|s|s|i|o|n| |w|a|r|m| |w|e|b|r|e|n|d|e|r|,,3776889,13,9b3df14599f65e991e2c4a5eaba7ebe76c85b8c3,102210fe594ee9b33d82058545b1ed14f4c8206e,linux1804-64-shippable-qr,microsoft,True,,,,,,,,,,,,,,,,,,,,,,,,,,,,,,,,,,,,,,,,,,,,,,,,,,TN,,,,,,,,,,
,1803921144,2023-11-30 20:20:14,209.0,620e49ab6438e8c933133e9b4eb7a11188514a70,1340881,autoland,ContentfulSpeedIndex,True,microsoft ContentfulSpeedIndex opt fission warm webrender,,77,ms,firefox,False,|f|i|s|s|i|o|n| |w|a|r|m| |w|e|b|r|e|n|d|e|r|,,3776889,13,9b3df14599f65e991e2c4a5eaba7ebe76c85b8c3,102210fe594ee9b33d82058545b1ed14f4c8206e,linux1804-64-shippable-qr,microsoft,True,,,,,,,,,,,,,,,,,,,,,,,,,,,,,,,,,,,,,,,,,,,,,,,,,,TN,,,,,,,,,,
,1804183007,2023-11-30 20:22:02,209.3,e6f456e40dda9f799c2fef84edc219d26631e268,1340886,autoland,ContentfulSpeedIndex,True,microsoft ContentfulSpeedIndex opt fission warm webrender,,77,ms,firefox,False,|f|i|s|s|i|o|n| |w|a|r|m| |w|e|b|r|e|n|d|e|r|,,3776889,13,9b3df14599f65e991e2c4a5eaba7ebe76c85b8c3,102210fe594ee9b33d82058545b1ed14f4c8206e,linux1804-64-shippable-qr,microsoft,True,,,,,,,,,,,,,,,,,,,,,,,,,,,,,,,,,,,,,,,,,,,,,,,,,,TN,,,,,,,,,,
,1804148094,2023-11-30 20:24:49,210.4,faeaf5bd4445bd6831e09956e6f78eb06629517d,1340888,autoland,ContentfulSpeedIndex,True,microsoft ContentfulSpeedIndex opt fission warm webrender,,77,ms,firefox,False,|f|i|s|s|i|o|n| |w|a|r|m| |w|e|b|r|e|n|d|e|r|,,3776889,13,9b3df14599f65e991e2c4a5eaba7ebe76c85b8c3,102210fe594ee9b33d82058545b1ed14f4c8206e,linux1804-64-shippable-qr,microsoft,True,,,,,,,,,,,,,,,,,,,,,,,,,,,,,,,,,,,,,,,,,,,,,,,,,,TN,,,,,,,,,,
,1803996091,2023-11-30 22:54:04,206.7,68378d2409bc693ef00f3f157ecaea7067df7edc,1340995,autoland,ContentfulSpeedIndex,True,microsoft ContentfulSpeedIndex opt fission warm webrender,,77,ms,firefox,False,|f|i|s|s|i|o|n| |w|a|r|m| |w|e|b|r|e|n|d|e|r|,,3776889,13,9b3df14599f65e991e2c4a5eaba7ebe76c85b8c3,102210fe594ee9b33d82058545b1ed14f4c8206e,linux1804-64-shippable-qr,microsoft,True,,,,,,,,,,,,,,,,,,,,,,,,,,,,,,,,,,,,,,,,,,,,,,,,,,TN,,,,,,,,,,
,1804097112,2023-12-01 03:29:20,213.5,a1795b069cc23fbcb93366d99b3ddfb8664f054c,1341103,autoland,ContentfulSpeedIndex,True,microsoft ContentfulSpeedIndex opt fission warm webrender,,77,ms,firefox,False,|f|i|s|s|i|o|n| |w|a|r|m| |w|e|b|r|e|n|d|e|r|,,3776889,13,9b3df14599f65e991e2c4a5eaba7ebe76c85b8c3,102210fe594ee9b33d82058545b1ed14f4c8206e,linux1804-64-shippable-qr,microsoft,True,,,,,,,,,,,,,,,,,,,,,,,,,,,,,,,,,,,,,,,,,,,,,,,,,,TN,,,,,,,,,,
,1804227299,2023-12-01 07:13:54,207.4,81869d55a8d7b3d1d573810ab4e99f63cbe11a8a,1341156,autoland,ContentfulSpeedIndex,True,microsoft ContentfulSpeedIndex opt fission warm webrender,,77,ms,firefox,False,|f|i|s|s|i|o|n| |w|a|r|m| |w|e|b|r|e|n|d|e|r|,,3776889,13,9b3df14599f65e991e2c4a5eaba7ebe76c85b8c3,102210fe594ee9b33d82058545b1ed14f4c8206e,linux1804-64-shippable-qr,microsoft,True,,,,,,,,,,,,,,,,,,,,,,,,,,,,,,,,,,,,,,,,,,,,,,,,,,TN,,,,,,,,,,
,1804342051,2023-12-01 11:47:02,211.4,7440634a33a31738fc145eeac0bb47bc73fc64a0,1341285,autoland,ContentfulSpeedIndex,True,microsoft ContentfulSpeedIndex opt fission warm webrender,,77,ms,firefox,False,|f|i|s|s|i|o|n| |w|a|r|m| |w|e|b|r|e|n|d|e|r|,,3776889,13,9b3df14599f65e991e2c4a5eaba7ebe76c85b8c3,102210fe594ee9b33d82058545b1ed14f4c8206e,linux1804-64-shippable-qr,microsoft,True,,,,,,,,,,,,,,,,,,,,,,,,,,,,,,,,,,,,,,,,,,,,,,,,,,TN,,,,,,,,,,
,1804423064,2023-12-01 14:17:01,207.0,22b9561cfef1c56a9940f5117d7ff6a754861629,1341402,autoland,ContentfulSpeedIndex,True,microsoft ContentfulSpeedIndex opt fission warm webrender,,77,ms,firefox,False,|f|i|s|s|i|o|n| |w|a|r|m| |w|e|b|r|e|n|d|e|r|,,3776889,13,9b3df14599f65e991e2c4a5eaba7ebe76c85b8c3,102210fe594ee9b33d82058545b1ed14f4c8206e,linux1804-64-shippable-qr,microsoft,True,,,,,,,,,,,,,,,,,,,,,,,,,,,,,,,,,,,,,,,,,,,,,,,,,,TN,,,,,,,,,,
,1804505083,2023-12-01 17:28:20,205.7,efe09552a4d3540f0639e50d023f74997921fa37,1341534,autoland,ContentfulSpeedIndex,True,microsoft ContentfulSpeedIndex opt fission warm webrender,,77,ms,firefox,False,|f|i|s|s|i|o|n| |w|a|r|m| |w|e|b|r|e|n|d|e|r|,,3776889,13,9b3df14599f65e991e2c4a5eaba7ebe76c85b8c3,102210fe594ee9b33d82058545b1ed14f4c8206e,linux1804-64-shippable-qr,microsoft,True,,,,,,,,,,,,,,,,,,,,,,,,,,,,,,,,,,,,,,,,,,,,,,,,,,TN,,,,,,,,,,
,1804779556,2023-12-01 19:21:29,213.4,395e2da83ee8013844620d77f01730af2164eafc,1341607,autoland,ContentfulSpeedIndex,True,microsoft ContentfulSpeedIndex opt fission warm webrender,,77,ms,firefox,False,|f|i|s|s|i|o|n| |w|a|r|m| |w|e|b|r|e|n|d|e|r|,,3776889,13,9b3df14599f65e991e2c4a5eaba7ebe76c85b8c3,102210fe594ee9b33d82058545b1ed14f4c8206e,linux1804-64-shippable-qr,microsoft,True,,,,,,,,,,,,,,,,,,,,,,,,,,,,,,,,,,,,,,,,,,,,,,,,,,TN,,,,,,,,,,
,1804833813,2023-12-01 19:22:33,213.2,79ab6b2ca205df8f3aea4a749d7f81c062b9d1cb,1341609,autoland,ContentfulSpeedIndex,True,microsoft ContentfulSpeedIndex opt fission warm webrender,,77,ms,firefox,False,|f|i|s|s|i|o|n| |w|a|r|m| |w|e|b|r|e|n|d|e|r|,,3776889,13,9b3df14599f65e991e2c4a5eaba7ebe76c85b8c3,102210fe594ee9b33d82058545b1ed14f4c8206e,linux1804-64-shippable-qr,microsoft,True,,,,,,,,,,,,,,,,,,,,,,,,,,,,,,,,,,,,,,,,,,,,,,,,,,TN,,,,,,,,,,
,1804805788,2023-12-01 19:31:46,209.4,97bd03fdb1bec86b388b3393aa328608da4b388d,1341619,autoland,ContentfulSpeedIndex,True,microsoft ContentfulSpeedIndex opt fission warm webrender,,77,ms,firefox,False,|f|i|s|s|i|o|n| |w|a|r|m| |w|e|b|r|e|n|d|e|r|,,3776889,13,9b3df14599f65e991e2c4a5eaba7ebe76c85b8c3,102210fe594ee9b33d82058545b1ed14f4c8206e,linux1804-64-shippable-qr,microsoft,True,,,,,,,,,,,,,,,,,,,,,,,,,,,,,,,,,,,,,,,,,,,,,,,,,,TN,,,,,,,,,,
,1804824096,2023-12-01 20:03:19,209.8,9f4e654aca48bbf21fe893213989c7eef3cac4d7,1341635,autoland,ContentfulSpeedIndex,True,microsoft ContentfulSpeedIndex opt fission warm webrender,,77,ms,firefox,False,|f|i|s|s|i|o|n| |w|a|r|m| |w|e|b|r|e|n|d|e|r|,,3776889,13,9b3df14599f65e991e2c4a5eaba7ebe76c85b8c3,102210fe594ee9b33d82058545b1ed14f4c8206e,linux1804-64-shippable-qr,microsoft,True,,,,,,,,,,,,,,,,,,,,,,,,,,,,,,,,,,,,,,,,,,,,,,,,,,TN,,,,,,,,,,
,1804626720,2023-12-01 20:34:55,213.0,a5a9381a759e44485d639727614ceb2b77851c90,1341661,autoland,ContentfulSpeedIndex,True,microsoft ContentfulSpeedIndex opt fission warm webrender,,77,ms,firefox,False,|f|i|s|s|i|o|n| |w|a|r|m| |w|e|b|r|e|n|d|e|r|,,3776889,13,9b3df14599f65e991e2c4a5eaba7ebe76c85b8c3,102210fe594ee9b33d82058545b1ed14f4c8206e,linux1804-64-shippable-qr,microsoft,True,,,,,,,,,,,,,,,,,,,,,,,,,,,,,,,,,,,,,,,,,,,,,,,,,,TN,,,,,,,,,,
,1804760040,2023-12-01 20:38:14,206.9,31ee979a197aa22bdbd9ddf747e6adccea5b591d,1341662,autoland,ContentfulSpeedIndex,True,microsoft ContentfulSpeedIndex opt fission warm webrender,,77,ms,firefox,False,|f|i|s|s|i|o|n| |w|a|r|m| |w|e|b|r|e|n|d|e|r|,,3776889,13,9b3df14599f65e991e2c4a5eaba7ebe76c85b8c3,102210fe594ee9b33d82058545b1ed14f4c8206e,linux1804-64-shippable-qr,microsoft,True,,,,,,,,,,,,,,,,,,,,,,,,,,,,,,,,,,,,,,,,,,,,,,,,,,TN,,,,,,,,,,
,1804814522,2023-12-01 20:38:14,208.7,31ee979a197aa22bdbd9ddf747e6adccea5b591d,1341662,autoland,ContentfulSpeedIndex,True,microsoft ContentfulSpeedIndex opt fission warm webrender,,77,ms,firefox,False,|f|i|s|s|i|o|n| |w|a|r|m| |w|e|b|r|e|n|d|e|r|,,3776889,13,9b3df14599f65e991e2c4a5eaba7ebe76c85b8c3,102210fe594ee9b33d82058545b1ed14f4c8206e,linux1804-64-shippable-qr,microsoft,True,,,,,,,,,,,,,,,,,,,,,,,,,,,,,,,,,,,,,,,,,,,,,,,,,,TN,,,,,,,,,,
,1804801732,2023-12-01 20:53:45,213.5,2a52041afc10652845d2b12c671546363922fbdd,1341673,autoland,ContentfulSpeedIndex,True,microsoft ContentfulSpeedIndex opt fission warm webrender,,77,ms,firefox,False,|f|i|s|s|i|o|n| |w|a|r|m| |w|e|b|r|e|n|d|e|r|,,3776889,13,9b3df14599f65e991e2c4a5eaba7ebe76c85b8c3,102210fe594ee9b33d82058545b1ed14f4c8206e,linux1804-64-shippable-qr,microsoft,True,,,,,,,,,,,,,,,,,,,,,,,,,,,,,,,,,,,,,,,,,,,,,,,,,,TN,,,,,,,,,,
,1804778717,2023-12-01 23:29:44,225.8,387f8657fe91f06ad2988f2381601d3f55533a9b,1341770,autoland,ContentfulSpeedIndex,True,microsoft ContentfulSpeedIndex opt fission warm webrender,,77,ms,firefox,False,|f|i|s|s|i|o|n| |w|a|r|m| |w|e|b|r|e|n|d|e|r|,,3776889,13,9b3df14599f65e991e2c4a5eaba7ebe76c85b8c3,102210fe594ee9b33d82058545b1ed14f4c8206e,linux1804-64-shippable-qr,microsoft,True,,,,,,,,,,,,,,,,,,,,,,,,,,,,,,,,,,,,,,,,,,,,,,,,,,TN,,,,,,,,,,
,1804835332,2023-12-01 23:35:18,207.2,b2c7644e41eb5e082bf26a7b02cf780d20bada1c,1341772,autoland,ContentfulSpeedIndex,True,microsoft ContentfulSpeedIndex opt fission warm webrender,,77,ms,firefox,False,|f|i|s|s|i|o|n| |w|a|r|m| |w|e|b|r|e|n|d|e|r|,,3776889,13,9b3df14599f65e991e2c4a5eaba7ebe76c85b8c3,102210fe594ee9b33d82058545b1ed14f4c8206e,linux1804-64-shippable-qr,microsoft,True,,,,,,,,,,,,,,,,,,,,,,,,,,,,,,,,,,,,,,,,,,,,,,,,,,TN,,,,,,,,,,
,1804725733,2023-12-02 01:52:53,217.0,bf4c1083cec10076ccbf07f2cfc3e18b04d0bf72,1341816,autoland,ContentfulSpeedIndex,True,microsoft ContentfulSpeedIndex opt fission warm webrender,,77,ms,firefox,False,|f|i|s|s|i|o|n| |w|a|r|m| |w|e|b|r|e|n|d|e|r|,,3776889,13,9b3df14599f65e991e2c4a5eaba7ebe76c85b8c3,102210fe594ee9b33d82058545b1ed14f4c8206e,linux1804-64-shippable-qr,microsoft,True,,,,,,,,,,,,,,,,,,,,,,,,,,,,,,,,,,,,,,,,,,,,,,,,,,TN,,,,,,,,,,
,1804853068,2023-12-02 08:10:23,208.0,965cddb8421900af69da86a586e617bf7dec3b56,1341832,autoland,ContentfulSpeedIndex,True,microsoft ContentfulSpeedIndex opt fission warm webrender,,77,ms,firefox,False,|f|i|s|s|i|o|n| |w|a|r|m| |w|e|b|r|e|n|d|e|r|,,3776889,13,9b3df14599f65e991e2c4a5eaba7ebe76c85b8c3,102210fe594ee9b33d82058545b1ed14f4c8206e,linux1804-64-shippable-qr,microsoft,True,,,,,,,,,,,,,,,,,,,,,,,,,,,,,,,,,,,,,,,,,,,,,,,,,,TN,,,,,,,,,,
,1804950423,2023-12-02 14:39:28,209.8,2d582fee4916ee442de05970cc77f7be702c22a2,1341863,autoland,ContentfulSpeedIndex,True,microsoft ContentfulSpeedIndex opt fission warm webrender,,77,ms,firefox,False,|f|i|s|s|i|o|n| |w|a|r|m| |w|e|b|r|e|n|d|e|r|,,3776889,13,9b3df14599f65e991e2c4a5eaba7ebe76c85b8c3,102210fe594ee9b33d82058545b1ed14f4c8206e,linux1804-64-shippable-qr,microsoft,True,,,,,,,,,,,,,,,,,,,,,,,,,,,,,,,,,,,,,,,,,,,,,,,,,,TN,,,,,,,,,,
,1805016407,2023-12-02 18:55:31,232.3,d5a2cb7b9272b5c9cdfe4a0397c570ce5f9260bf,1341891,autoland,ContentfulSpeedIndex,True,microsoft ContentfulSpeedIndex opt fission warm webrender,,77,ms,firefox,False,|f|i|s|s|i|o|n| |w|a|r|m| |w|e|b|r|e|n|d|e|r|,,3776889,13,9b3df14599f65e991e2c4a5eaba7ebe76c85b8c3,102210fe594ee9b33d82058545b1ed14f4c8206e,linux1804-64-shippable-qr,microsoft,True,,,,,,,,,,,,,,,,,,,,,,,,,,,,,,,,,,,,,,,,,,,,,,,,,,TN,,,,,,,,,,
,1805077279,2023-12-03 00:49:27,208.5,fe75ab906c798b6697934b3789355dceb5748966,1341930,autoland,ContentfulSpeedIndex,True,microsoft ContentfulSpeedIndex opt fission warm webrender,,77,ms,firefox,False,|f|i|s|s|i|o|n| |w|a|r|m| |w|e|b|r|e|n|d|e|r|,,3776889,13,9b3df14599f65e991e2c4a5eaba7ebe76c85b8c3,102210fe594ee9b33d82058545b1ed14f4c8206e,linux1804-64-shippable-qr,microsoft,True,,,,,,,,,,,,,,,,,,,,,,,,,,,,,,,,,,,,,,,,,,,,,,,,,,TN,,,,,,,,,,
,1805109170,2023-12-03 05:05:07,211.4,8e959a7ded5f111e711c06a6728f76d3bd660699,1341942,autoland,ContentfulSpeedIndex,True,microsoft ContentfulSpeedIndex opt fission warm webrender,,77,ms,firefox,False,|f|i|s|s|i|o|n| |w|a|r|m| |w|e|b|r|e|n|d|e|r|,,3776889,13,9b3df14599f65e991e2c4a5eaba7ebe76c85b8c3,102210fe594ee9b33d82058545b1ed14f4c8206e,linux1804-64-shippable-qr,microsoft,True,,,,,,,,,,,,,,,,,,,,,,,,,,,,,,,,,,,,,,,,,,,,,,,,,,TN,,,,,,,,,,
,1805213437,2023-12-03 10:45:57,207.3,5d84c395021682cc2af1bf5da98c205cfbc32f76,1341997,autoland,ContentfulSpeedIndex,True,microsoft ContentfulSpeedIndex opt fission warm webrender,,77,ms,firefox,False,|f|i|s|s|i|o|n| |w|a|r|m| |w|e|b|r|e|n|d|e|r|,,3776889,13,9b3df14599f65e991e2c4a5eaba7ebe76c85b8c3,102210fe594ee9b33d82058545b1ed14f4c8206e,linux1804-64-shippable-qr,microsoft,True,,,,,,,,,,,,,,,,,,,,,,,,,,,,,,,,,,,,,,,,,,,,,,,,,,TN,,,,,,,,,,
,1805239051,2023-12-03 12:21:22,210.2,3445cc3f842050a3cdfc4da74ce254df933f7e7b,1342011,autoland,ContentfulSpeedIndex,True,microsoft ContentfulSpeedIndex opt fission warm webrender,,77,ms,firefox,False,|f|i|s|s|i|o|n| |w|a|r|m| |w|e|b|r|e|n|d|e|r|,,3776889,13,9b3df14599f65e991e2c4a5eaba7ebe76c85b8c3,102210fe594ee9b33d82058545b1ed14f4c8206e,linux1804-64-shippable-qr,microsoft,True,,,,,,,,,,,,,,,,,,,,,,,,,,,,,,,,,,,,,,,,,,,,,,,,,,TN,,,,,,,,,,
,1805294241,2023-12-03 18:05:44,212.7,8038f0b90bbd46dcb74eaaddf1fd1c6871dc4426,1342033,autoland,ContentfulSpeedIndex,True,microsoft ContentfulSpeedIndex opt fission warm webrender,,77,ms,firefox,False,|f|i|s|s|i|o|n| |w|a|r|m| |w|e|b|r|e|n|d|e|r|,,3776889,13,9b3df14599f65e991e2c4a5eaba7ebe76c85b8c3,102210fe594ee9b33d82058545b1ed14f4c8206e,linux1804-64-shippable-qr,microsoft,True,,,,,,,,,,,,,,,,,,,,,,,,,,,,,,,,,,,,,,,,,,,,,,,,,,TN,,,,,,,,,,
,1805409686,2023-12-04 01:54:51,209.7,369922cc5c4efad6c87b13600325eb5a989cde81,1342108,autoland,ContentfulSpeedIndex,True,microsoft ContentfulSpeedIndex opt fission warm webrender,,77,ms,firefox,False,|f|i|s|s|i|o|n| |w|a|r|m| |w|e|b|r|e|n|d|e|r|,,3776889,13,9b3df14599f65e991e2c4a5eaba7ebe76c85b8c3,102210fe594ee9b33d82058545b1ed14f4c8206e,linux1804-64-shippable-qr,microsoft,True,,,,,,,,,,,,,,,,,,,,,,,,,,,,,,,,,,,,,,,,,,,,,,,,,,TN,,,,,,,,,,
,1805678608,2023-12-04 11:05:28,215.0,223106736a61f5cc112b0cc9d38ab1f63e034f89,1342238,autoland,ContentfulSpeedIndex,True,microsoft ContentfulSpeedIndex opt fission warm webrender,,77,ms,firefox,False,|f|i|s|s|i|o|n| |w|a|r|m| |w|e|b|r|e|n|d|e|r|,,3776889,13,9b3df14599f65e991e2c4a5eaba7ebe76c85b8c3,102210fe594ee9b33d82058545b1ed14f4c8206e,linux1804-64-shippable-qr,microsoft,True,,,,,,,,,,,,,,,,,,,,,,,,,,,,,,,,,,,,,,,,,,,,,,,,,,TN,,,,,,,,,,
,1805651571,2023-12-04 11:06:23,214.8,20b709d0fa5633c408dd900f830b09af96c0465d,1342240,autoland,ContentfulSpeedIndex,True,microsoft ContentfulSpeedIndex opt fission warm webrender,,77,ms,firefox,False,|f|i|s|s|i|o|n| |w|a|r|m| |w|e|b|r|e|n|d|e|r|,,3776889,13,9b3df14599f65e991e2c4a5eaba7ebe76c85b8c3,102210fe594ee9b33d82058545b1ed14f4c8206e,linux1804-64-shippable-qr,microsoft,True,,,,,,,,,,,,,,,,,,,,,,,,,,,,,,,,,,,,,,,,,,,,,,,,,,TN,,,,,,,,,,
,1806166075,2023-12-04 13:16:38,210.0,97f759dedbc9028323bba1817bba400e8c09e9de,1342301,autoland,ContentfulSpeedIndex,True,microsoft ContentfulSpeedIndex opt fission warm webrender,,77,ms,firefox,False,|f|i|s|s|i|o|n| |w|a|r|m| |w|e|b|r|e|n|d|e|r|,,3776889,13,9b3df14599f65e991e2c4a5eaba7ebe76c85b8c3,102210fe594ee9b33d82058545b1ed14f4c8206e,linux1804-64-shippable-qr,microsoft,True,,,,,,,,,,,,,,,,,,,,,,,,,,,,,,,,,,,,,,,,,,,,,,,,,,TN,,,,,,,,,,
,1806169647,2023-12-04 13:59:28,214.2,4f1343fb977425ae4f66a42bd000c5fe434b9902,1342330,autoland,ContentfulSpeedIndex,True,microsoft ContentfulSpeedIndex opt fission warm webrender,,77,ms,firefox,False,|f|i|s|s|i|o|n| |w|a|r|m| |w|e|b|r|e|n|d|e|r|,,3776889,13,9b3df14599f65e991e2c4a5eaba7ebe76c85b8c3,102210fe594ee9b33d82058545b1ed14f4c8206e,linux1804-64-shippable-qr,microsoft,True,,,,,,,,,,,,,,,,,,,,,,,,,,,,,,,,,,,,,,,,,,,,,,,,,,TN,,,,,,,,,,
,1806156911,2023-12-04 14:24:03,214.1,c937411c15e54bfe69abb088c2721fec07a2d5a4,1342356,autoland,ContentfulSpeedIndex,True,microsoft ContentfulSpeedIndex opt fission warm webrender,,77,ms,firefox,False,|f|i|s|s|i|o|n| |w|a|r|m| |w|e|b|r|e|n|d|e|r|,,3776889,13,9b3df14599f65e991e2c4a5eaba7ebe76c85b8c3,102210fe594ee9b33d82058545b1ed14f4c8206e,linux1804-64-shippable-qr,microsoft,True,,,,,,,,,,,,,,,,,,,,,,,,,,,,,,,,,,,,,,,,,,,,,,,,,,TN,,,,,,,,,,
,1806156824,2023-12-04 14:29:26,215.6,1512f0acb58b18405278e4c90a67e3007f15f786,1342361,autoland,ContentfulSpeedIndex,True,microsoft ContentfulSpeedIndex opt fission warm webrender,,77,ms,firefox,False,|f|i|s|s|i|o|n| |w|a|r|m| |w|e|b|r|e|n|d|e|r|,,3776889,13,9b3df14599f65e991e2c4a5eaba7ebe76c85b8c3,102210fe594ee9b33d82058545b1ed14f4c8206e,linux1804-64-shippable-qr,microsoft,True,,,,,,,,,,,,,,,,,,,,,,,,,,,,,,,,,,,,,,,,,,,,,,,,,,TN,,,,,,,,,,
,1805761110,2023-12-04 14:54:31,211.1,38094e01a744c421fe469d9a01cbfe12a1ee949b,1342377,autoland,ContentfulSpeedIndex,True,microsoft ContentfulSpeedIndex opt fission warm webrender,,77,ms,firefox,False,|f|i|s|s|i|o|n| |w|a|r|m| |w|e|b|r|e|n|d|e|r|,,3776889,13,9b3df14599f65e991e2c4a5eaba7ebe76c85b8c3,102210fe594ee9b33d82058545b1ed14f4c8206e,linux1804-64-shippable-qr,microsoft,True,,,,,,,,,,,,,,,,,,,,,,,,,,,,,,,,,,,,,,,,,,,,,,,,,,TN,,,,,,,,,,
,1806050269,2023-12-04 22:13:56,217.9,3d0a5f6fd8b4a0537cb85ae502a4be6cafec1c23,1342750,autoland,ContentfulSpeedIndex,True,microsoft ContentfulSpeedIndex opt fission warm webrender,,77,ms,firefox,False,|f|i|s|s|i|o|n| |w|a|r|m| |w|e|b|r|e|n|d|e|r|,,3776889,13,9b3df14599f65e991e2c4a5eaba7ebe76c85b8c3,102210fe594ee9b33d82058545b1ed14f4c8206e,linux1804-64-shippable-qr,microsoft,True,,,,,,,,,,,,,,,,,,,,,,,,,,,,,,,,,,,,,,,,,,,,,,,,,,TN,,,,,,,,,,
,1806148149,2023-12-05 02:36:15,209.7,39486bb8305a2e3128c6ecd97d33378744922507,1342897,autoland,ContentfulSpeedIndex,True,microsoft ContentfulSpeedIndex opt fission warm webrender,,77,ms,firefox,False,|f|i|s|s|i|o|n| |w|a|r|m| |w|e|b|r|e|n|d|e|r|,,3776889,13,9b3df14599f65e991e2c4a5eaba7ebe76c85b8c3,102210fe594ee9b33d82058545b1ed14f4c8206e,linux1804-64-shippable-qr,microsoft,True,,,,,,,,,,,,,,,,,,,,,,,,,,,,,,,,,,,,,,,,,,,,,,,,,,TN,,,,,,,,,,
,1806186033,2023-12-05 03:50:36,212.5,775ade8b04da775ad41d5d135baae415863a874c,1342908,autoland,ContentfulSpeedIndex,True,microsoft ContentfulSpeedIndex opt fission warm webrender,,77,ms,firefox,False,|f|i|s|s|i|o|n| |w|a|r|m| |w|e|b|r|e|n|d|e|r|,,3776889,13,9b3df14599f65e991e2c4a5eaba7ebe76c85b8c3,102210fe594ee9b33d82058545b1ed14f4c8206e,linux1804-64-shippable-qr,microsoft,True,,,,,,,,,,,,,,,,,,,,,,,,,,,,,,,,,,,,,,,,,,,,,,,,,,TN,,,,,,,,,,
,1806359311,2023-12-05 08:48:01,209.8,429e8cc8473b4c76828d06e2f07abbeb9dbebd81,1342965,autoland,ContentfulSpeedIndex,True,microsoft ContentfulSpeedIndex opt fission warm webrender,,77,ms,firefox,False,|f|i|s|s|i|o|n| |w|a|r|m| |w|e|b|r|e|n|d|e|r|,,3776889,13,9b3df14599f65e991e2c4a5eaba7ebe76c85b8c3,102210fe594ee9b33d82058545b1ed14f4c8206e,linux1804-64-shippable-qr,microsoft,True,,,,,,,,,,,,,,,,,,,,,,,,,,,,,,,,,,,,,,,,,,,,,,,,,,TN,,,,,,,,,,
,1806372485,2023-12-05 11:07:31,207.3,10602eb918edd2ccf85a22fb60b3dc62c845c42a,1343031,autoland,ContentfulSpeedIndex,True,microsoft ContentfulSpeedIndex opt fission warm webrender,,77,ms,firefox,False,|f|i|s|s|i|o|n| |w|a|r|m| |w|e|b|r|e|n|d|e|r|,,3776889,13,9b3df14599f65e991e2c4a5eaba7ebe76c85b8c3,102210fe594ee9b33d82058545b1ed14f4c8206e,linux1804-64-shippable-qr,microsoft,True,,,,,,,,,,,,,,,,,,,,,,,,,,,,,,,,,,,,,,,,,,,,,,,,,,TN,,,,,,,,,,
,1806962213,2023-12-05 14:09:06,211.4,91c058c18c2a5e76a0f90fce266b0fcbe74f5ad3,1343100,autoland,ContentfulSpeedIndex,True,microsoft ContentfulSpeedIndex opt fission warm webrender,,77,ms,firefox,False,|f|i|s|s|i|o|n| |w|a|r|m| |w|e|b|r|e|n|d|e|r|,,3776889,13,9b3df14599f65e991e2c4a5eaba7ebe76c85b8c3,102210fe594ee9b33d82058545b1ed14f4c8206e,linux1804-64-shippable-qr,microsoft,True,,,,,,,,,,,,,,,,,,,,,,,,,,,,,,,,,,,,,,,,,,,,,,,,,,TN,,,,,,,,,,
,1806932331,2023-12-05 14:30:17,215.9,d7ec576e1046afdd1d78ec401cb31a844b623ce9,1343108,autoland,ContentfulSpeedIndex,True,microsoft ContentfulSpeedIndex opt fission warm webrender,,77,ms,firefox,False,|f|i|s|s|i|o|n| |w|a|r|m| |w|e|b|r|e|n|d|e|r|,,3776889,13,9b3df14599f65e991e2c4a5eaba7ebe76c85b8c3,102210fe594ee9b33d82058545b1ed14f4c8206e,linux1804-64-shippable-qr,microsoft,True,,,,,,,,,,,,,,,,,,,,,,,,,,,,,,,,,,,,,,,,,,,,,,,,,,TN,,,,,,,,,,
,1806477494,2023-12-05 15:11:37,208.6,e603b8b016d76de025bea02bfdc1e0590166c2c0,1343145,autoland,ContentfulSpeedIndex,True,microsoft ContentfulSpeedIndex opt fission warm webrender,,77,ms,firefox,False,|f|i|s|s|i|o|n| |w|a|r|m| |w|e|b|r|e|n|d|e|r|,,3776889,13,9b3df14599f65e991e2c4a5eaba7ebe76c85b8c3,102210fe594ee9b33d82058545b1ed14f4c8206e,linux1804-64-shippable-qr,microsoft,True,,,,,,,,,,,,,,,,,,,,,,,,,,,,,,,,,,,,,,,,,,,,,,,,,,TN,,,,,,,,,,
,1806515777,2023-12-05 16:28:46,214.0,91bda8b5915b84ed6533a6620f955f271dc5aac3,1343203,autoland,ContentfulSpeedIndex,True,microsoft ContentfulSpeedIndex opt fission warm webrender,,77,ms,firefox,False,|f|i|s|s|i|o|n| |w|a|r|m| |w|e|b|r|e|n|d|e|r|,,3776889,13,9b3df14599f65e991e2c4a5eaba7ebe76c85b8c3,102210fe594ee9b33d82058545b1ed14f4c8206e,linux1804-64-shippable-qr,microsoft,True,,,,,,,,,,,,,,,,,,,,,,,,,,,,,,,,,,,,,,,,,,,,,,,,,,TN,,,,,,,,,,
,1806717414,2023-12-05 20:37:35,213.2,f778448a1da5f0622c4361d37810461a035f4627,1343409,autoland,ContentfulSpeedIndex,True,microsoft ContentfulSpeedIndex opt fission warm webrender,,77,ms,firefox,False,|f|i|s|s|i|o|n| |w|a|r|m| |w|e|b|r|e|n|d|e|r|,,3776889,13,9b3df14599f65e991e2c4a5eaba7ebe76c85b8c3,102210fe594ee9b33d82058545b1ed14f4c8206e,linux1804-64-shippable-qr,microsoft,True,,,,,,,,,,,,,,,,,,,,,,,,,,,,,,,,,,,,,,,,,,,,,,,,,,TN,,,,,,,,,,
,1806767365,2023-12-05 21:38:52,207.5,177375e24d1352ab203de0ac3aa53003c5d0ffd2,1343440,autoland,ContentfulSpeedIndex,True,microsoft ContentfulSpeedIndex opt fission warm webrender,,77,ms,firefox,False,|f|i|s|s|i|o|n| |w|a|r|m| |w|e|b|r|e|n|d|e|r|,,3776889,13,9b3df14599f65e991e2c4a5eaba7ebe76c85b8c3,102210fe594ee9b33d82058545b1ed14f4c8206e,linux1804-64-shippable-qr,microsoft,True,,,,,,,,,,,,,,,,,,,,,,,,,,,,,,,,,,,,,,,,,,,,,,,,,,TN,,,,,,,,,,
,1806900519,2023-12-06 02:13:38,208.3,30004166d9f2cc3399da68e8762c35b1b886c0dc,1343563,autoland,ContentfulSpeedIndex,True,microsoft ContentfulSpeedIndex opt fission warm webrender,,77,ms,firefox,False,|f|i|s|s|i|o|n| |w|a|r|m| |w|e|b|r|e|n|d|e|r|,,3776889,13,9b3df14599f65e991e2c4a5eaba7ebe76c85b8c3,102210fe594ee9b33d82058545b1ed14f4c8206e,linux1804-64-shippable-qr,microsoft,True,,,,,,,,,,,,,,,,,,,,,,,,,,,,,,,,,,,,,,,,,,,,,,,,,,TN,,,,,,,,,,
,1807033516,2023-12-06 09:09:58,211.6,63afa0f8febdc8b199d998d50bb76fc8f7945c3e,1343650,autoland,ContentfulSpeedIndex,True,microsoft ContentfulSpeedIndex opt fission warm webrender,,77,ms,firefox,False,|f|i|s|s|i|o|n| |w|a|r|m| |w|e|b|r|e|n|d|e|r|,,3776889,13,9b3df14599f65e991e2c4a5eaba7ebe76c85b8c3,102210fe594ee9b33d82058545b1ed14f4c8206e,linux1804-64-shippable-qr,microsoft,True,,,,,,,,,,,,,,,,,,,,,,,,,,,,,,,,,,,,,,,,,,,,,,,,,,TN,,,,,,,,,,
,1807544658,2023-12-06 11:41:32,211.6,bd72dc9af1136390dd2d815e8d54aaeccb716364,1343706,autoland,ContentfulSpeedIndex,True,microsoft ContentfulSpeedIndex opt fission warm webrender,,77,ms,firefox,False,|f|i|s|s|i|o|n| |w|a|r|m| |w|e|b|r|e|n|d|e|r|,,3776889,13,9b3df14599f65e991e2c4a5eaba7ebe76c85b8c3,102210fe594ee9b33d82058545b1ed14f4c8206e,linux1804-64-shippable-qr,microsoft,True,,,,,,,,,,,,,,,,,,,,,,,,,,,,,,,,,,,,,,,,,,,,,,,,,,TN,,,,,,,,,,
,1807556075,2023-12-06 13:05:41,210.7,2f3297d504f3c523b74f99bff2204116513e0d48,1343730,autoland,ContentfulSpeedIndex,True,microsoft ContentfulSpeedIndex opt fission warm webrender,,77,ms,firefox,False,|f|i|s|s|i|o|n| |w|a|r|m| |w|e|b|r|e|n|d|e|r|,,3776889,13,9b3df14599f65e991e2c4a5eaba7ebe76c85b8c3,102210fe594ee9b33d82058545b1ed14f4c8206e,linux1804-64-shippable-qr,microsoft,True,,,,,,,,,,,,,,,,,,,,,,,,,,,,,,,,,,,,,,,,,,,,,,,,,,TN,,,,,,,,,,
,1807120111,2023-12-06 13:42:54,211.5,52f516546de7ac66228e074000877d32ebf093af,1343745,autoland,ContentfulSpeedIndex,True,microsoft ContentfulSpeedIndex opt fission warm webrender,,77,ms,firefox,False,|f|i|s|s|i|o|n| |w|a|r|m| |w|e|b|r|e|n|d|e|r|,,3776889,13,9b3df14599f65e991e2c4a5eaba7ebe76c85b8c3,102210fe594ee9b33d82058545b1ed14f4c8206e,linux1804-64-shippable-qr,microsoft,True,,,,,,,,,,,,,,,,,,,,,,,,,,,,,,,,,,,,,,,,,,,,,,,,,,TN,,,,,,,,,,
,1807138035,2023-12-06 14:11:26,213.1,a035ddfc75fc597cd1df3c347d2cbbc50568f884,1343771,autoland,ContentfulSpeedIndex,True,microsoft ContentfulSpeedIndex opt fission warm webrender,,77,ms,firefox,False,|f|i|s|s|i|o|n| |w|a|r|m| |w|e|b|r|e|n|d|e|r|,,3776889,13,9b3df14599f65e991e2c4a5eaba7ebe76c85b8c3,102210fe594ee9b33d82058545b1ed14f4c8206e,linux1804-64-shippable-qr,microsoft,True,,,,,,,,,,,,,,,,,,,,,,,,,,,,,,,,,,,,,,,,,,,,,,,,,,TN,,,,,,,,,,
,1807540743,2023-12-06 16:34:41,208.1,a69c40accbf099d041417ce4da9b82829f044167,1343891,autoland,ContentfulSpeedIndex,True,microsoft ContentfulSpeedIndex opt fission warm webrender,,77,ms,firefox,False,|f|i|s|s|i|o|n| |w|a|r|m| |w|e|b|r|e|n|d|e|r|,,3776889,13,9b3df14599f65e991e2c4a5eaba7ebe76c85b8c3,102210fe594ee9b33d82058545b1ed14f4c8206e,linux1804-64-shippable-qr,microsoft,True,,,,,,,,,,,,,,,,,,,,,,,,,,,,,,,,,,,,,,,,,,,,,,,,,,TN,,,,,,,,,,
,1807570683,2023-12-06 16:56:14,208.2,ef4b8028299fa2b731c2ac785839a0bba06025d9,1343908,autoland,ContentfulSpeedIndex,True,microsoft ContentfulSpeedIndex opt fission warm webrender,,77,ms,firefox,False,|f|i|s|s|i|o|n| |w|a|r|m| |w|e|b|r|e|n|d|e|r|,,3776889,13,9b3df14599f65e991e2c4a5eaba7ebe76c85b8c3,102210fe594ee9b33d82058545b1ed14f4c8206e,linux1804-64-shippable-qr,microsoft,True,,,,,,,,,,,,,,,,,,,,,,,,,,,,,,,,,,,,,,,,,,,,,,,,,,TN,,,,,,,,,,
,1807316104,2023-12-06 18:17:17,211.4,ab110e2fcc6ab3c8e078fe970b109f482069386e,1343990,autoland,ContentfulSpeedIndex,True,microsoft ContentfulSpeedIndex opt fission warm webrender,,77,ms,firefox,False,|f|i|s|s|i|o|n| |w|a|r|m| |w|e|b|r|e|n|d|e|r|,,3776889,13,9b3df14599f65e991e2c4a5eaba7ebe76c85b8c3,102210fe594ee9b33d82058545b1ed14f4c8206e,linux1804-64-shippable-qr,microsoft,True,,,,,,,,,,,,,,,,,,,,,,,,,,,,,,,,,,,,,,,,,,,,,,,,,,TN,,,,,,,,,,
,1807434309,2023-12-06 22:50:02,220.2,f3fc0213f527ba806a10092bbadec34e00dbe4f6,1344189,autoland,ContentfulSpeedIndex,True,microsoft ContentfulSpeedIndex opt fission warm webrender,,77,ms,firefox,False,|f|i|s|s|i|o|n| |w|a|r|m| |w|e|b|r|e|n|d|e|r|,,3776889,13,9b3df14599f65e991e2c4a5eaba7ebe76c85b8c3,102210fe594ee9b33d82058545b1ed14f4c8206e,linux1804-64-shippable-qr,microsoft,True,,,,,,,,,,,,,,,,,,,,,,,,,,,,,,,,,,,,,,,,,,,,,,,,,,TN,,,,,,,,,,
,1808457754,2023-12-07 02:13:26,210.5,9259a4ff84a40f3ba6516914e0b3a56b8d0c1f6c,1344265,autoland,ContentfulSpeedIndex,True,microsoft ContentfulSpeedIndex opt fission warm webrender,,77,ms,firefox,False,|f|i|s|s|i|o|n| |w|a|r|m| |w|e|b|r|e|n|d|e|r|,,3776889,13,9b3df14599f65e991e2c4a5eaba7ebe76c85b8c3,102210fe594ee9b33d82058545b1ed14f4c8206e,linux1804-64-shippable-qr,microsoft,True,,,,,,,,,,,,,,,,,,,,,,,,,,,,,,,,,,,,,,,,,,,,,,,,,,TN,,,,,,,,,,
,1808475633,2023-12-07 02:14:19,208.1,a69f0b0ab3518bb6ff95e488df4d7fb3c442e0fb,1344266,autoland,ContentfulSpeedIndex,True,microsoft ContentfulSpeedIndex opt fission warm webrender,,77,ms,firefox,False,|f|i|s|s|i|o|n| |w|a|r|m| |w|e|b|r|e|n|d|e|r|,,3776889,13,9b3df14599f65e991e2c4a5eaba7ebe76c85b8c3,102210fe594ee9b33d82058545b1ed14f4c8206e,linux1804-64-shippable-qr,microsoft,True,,,,,,,,,,,,,,,,,,,,,,,,,,,,,,,,,,,,,,,,,,,,,,,,,,TN,,,,,,,,,,
,1807524226,2023-12-07 04:18:34,215.9,93a04e8835aaaf359b24f47f54d622f7d36fd813,1344290,autoland,ContentfulSpeedIndex,True,microsoft ContentfulSpeedIndex opt fission warm webrender,,77,ms,firefox,False,|f|i|s|s|i|o|n| |w|a|r|m| |w|e|b|r|e|n|d|e|r|,,3776889,13,9b3df14599f65e991e2c4a5eaba7ebe76c85b8c3,102210fe594ee9b33d82058545b1ed14f4c8206e,linux1804-64-shippable-qr,microsoft,True,,,,,,,,,,,,,,,,,,,,,,,,,,,,,,,,,,,,,,,,,,,,,,,,,,TN,,,,,,,,,,
,1807618416,2023-12-07 09:07:30,213.1,f5d904bee3fe6c9e79061b56c8499b6154f7d3ff,1344349,autoland,ContentfulSpeedIndex,True,microsoft ContentfulSpeedIndex opt fission warm webrender,,77,ms,firefox,False,|f|i|s|s|i|o|n| |w|a|r|m| |w|e|b|r|e|n|d|e|r|,,3776889,13,9b3df14599f65e991e2c4a5eaba7ebe76c85b8c3,102210fe594ee9b33d82058545b1ed14f4c8206e,linux1804-64-shippable-qr,microsoft,True,,,,,,,,,,,,,,,,,,,,,,,,,,,,,,,,,,,,,,,,,,,,,,,,,,TN,,,,,,,,,,
,1807727755,2023-12-07 12:51:56,209.8,bea12a00706c3b2951d467008996bf7e89d17e5b,1344456,autoland,ContentfulSpeedIndex,True,microsoft ContentfulSpeedIndex opt fission warm webrender,,77,ms,firefox,False,|f|i|s|s|i|o|n| |w|a|r|m| |w|e|b|r|e|n|d|e|r|,,3776889,13,9b3df14599f65e991e2c4a5eaba7ebe76c85b8c3,102210fe594ee9b33d82058545b1ed14f4c8206e,linux1804-64-shippable-qr,microsoft,True,,,,,,,,,,,,,,,,,,,,,,,,,,,,,,,,,,,,,,,,,,,,,,,,,,TN,,,,,,,,,,
,1808393015,2023-12-07 13:24:55,209.5,ee83b5ce89b76ccac425ff061ab7b9242f847931,1344468,autoland,ContentfulSpeedIndex,True,microsoft ContentfulSpeedIndex opt fission warm webrender,,77,ms,firefox,False,|f|i|s|s|i|o|n| |w|a|r|m| |w|e|b|r|e|n|d|e|r|,,3776889,13,9b3df14599f65e991e2c4a5eaba7ebe76c85b8c3,102210fe594ee9b33d82058545b1ed14f4c8206e,linux1804-64-shippable-qr,microsoft,True,,,,,,,,,,,,,,,,,,,,,,,,,,,,,,,,,,,,,,,,,,,,,,,,,,TN,,,,,,,,,,
,1808332982,2023-12-07 13:38:59,218.1,47051dc8963377742b4656efbc924fdb4e2faf6f,1344471,autoland,ContentfulSpeedIndex,True,microsoft ContentfulSpeedIndex opt fission warm webrender,,77,ms,firefox,False,|f|i|s|s|i|o|n| |w|a|r|m| |w|e|b|r|e|n|d|e|r|,,3776889,13,9b3df14599f65e991e2c4a5eaba7ebe76c85b8c3,102210fe594ee9b33d82058545b1ed14f4c8206e,linux1804-64-shippable-qr,microsoft,True,,,,,,,,,,,,,,,,,,,,,,,,,,,,,,,,,,,,,,,,,,,,,,,,,,TN,,,,,,,,,,
,1808323842,2023-12-07 14:19:42,211.1,86eea6f5893cc797c622501ea8a8d4714bf5bfe6,1344486,autoland,ContentfulSpeedIndex,True,microsoft ContentfulSpeedIndex opt fission warm webrender,,77,ms,firefox,False,|f|i|s|s|i|o|n| |w|a|r|m| |w|e|b|r|e|n|d|e|r|,,3776889,13,9b3df14599f65e991e2c4a5eaba7ebe76c85b8c3,102210fe594ee9b33d82058545b1ed14f4c8206e,linux1804-64-shippable-qr,microsoft,True,,,,,,,,,,,,,,,,,,,,,,,,,,,,,,,,,,,,,,,,,,,,,,,,,,TN,,,,,,,,,,
,1808438318,2023-12-07 14:20:39,209.9,6d46d01f4af40e60ef81eef9a5bd88afda7b7aab,1344488,autoland,ContentfulSpeedIndex,True,microsoft ContentfulSpeedIndex opt fission warm webrender,,77,ms,firefox,False,|f|i|s|s|i|o|n| |w|a|r|m| |w|e|b|r|e|n|d|e|r|,,3776889,13,9b3df14599f65e991e2c4a5eaba7ebe76c85b8c3,102210fe594ee9b33d82058545b1ed14f4c8206e,linux1804-64-shippable-qr,microsoft,True,,,,,,,,,,,,,,,,,,,,,,,,,,,,,,,,,,,,,,,,,,,,,,,,,,TN,,,,,,,,,,
,1808063358,2023-12-07 21:41:48,211.6,797281d7e3b5fdd5f6a033248fec7bd885227546,1344786,autoland,ContentfulSpeedIndex,True,microsoft ContentfulSpeedIndex opt fission warm webrender,,77,ms,firefox,False,|f|i|s|s|i|o|n| |w|a|r|m| |w|e|b|r|e|n|d|e|r|,,3776889,13,9b3df14599f65e991e2c4a5eaba7ebe76c85b8c3,102210fe594ee9b33d82058545b1ed14f4c8206e,linux1804-64-shippable-qr,microsoft,True,,,,,,,,,,,,,,,,,,,,,,,,,,,,,,,,,,,,,,,,,,,,,,,,,,TN,,,,,,,,,,
,1808469866,2023-12-07 21:42:43,208.4,75e0ede09503eccf1cbef8632f794d1929320b8c,1344787,autoland,ContentfulSpeedIndex,True,microsoft ContentfulSpeedIndex opt fission warm webrender,,77,ms,firefox,False,|f|i|s|s|i|o|n| |w|a|r|m| |w|e|b|r|e|n|d|e|r|,,3776889,13,9b3df14599f65e991e2c4a5eaba7ebe76c85b8c3,102210fe594ee9b33d82058545b1ed14f4c8206e,linux1804-64-shippable-qr,microsoft,True,,,,,,,,,,,,,,,,,,,,,,,,,,,,,,,,,,,,,,,,,,,,,,,,,,TN,,,,,,,,,,
,1808423539,2023-12-07 21:43:35,208.0,a9e008e57ceeb52687048bd12fae3896ec5ac4a3,1344788,autoland,ContentfulSpeedIndex,True,microsoft ContentfulSpeedIndex opt fission warm webrender,,77,ms,firefox,False,|f|i|s|s|i|o|n| |w|a|r|m| |w|e|b|r|e|n|d|e|r|,,3776889,13,9b3df14599f65e991e2c4a5eaba7ebe76c85b8c3,102210fe594ee9b33d82058545b1ed14f4c8206e,linux1804-64-shippable-qr,microsoft,True,,,,,,,,,,,,,,,,,,,,,,,,,,,,,,,,,,,,,,,,,,,,,,,,,,TN,,,,,,,,,,
,1808133592,2023-12-07 22:56:27,208.2,c34126c5e2a85c81e511c7c4017e7f2694ddce13,1344823,autoland,ContentfulSpeedIndex,True,microsoft ContentfulSpeedIndex opt fission warm webrender,,77,ms,firefox,False,|f|i|s|s|i|o|n| |w|a|r|m| |w|e|b|r|e|n|d|e|r|,,3776889,13,9b3df14599f65e991e2c4a5eaba7ebe76c85b8c3,102210fe594ee9b33d82058545b1ed14f4c8206e,linux1804-64-shippable-qr,microsoft,True,,,,,,,,,,,,,,,,,,,,,,,,,,,,,,,,,,,,,,,,,,,,,,,,,,TN,,,,,,,,,,
,1808414219,2023-12-08 04:49:01,209.8,3152110c63b5c99048b0651867ecf7723aa5ddf8,1344948,autoland,ContentfulSpeedIndex,True,microsoft ContentfulSpeedIndex opt fission warm webrender,,77,ms,firefox,False,|f|i|s|s|i|o|n| |w|a|r|m| |w|e|b|r|e|n|d|e|r|,,3776889,13,9b3df14599f65e991e2c4a5eaba7ebe76c85b8c3,102210fe594ee9b33d82058545b1ed14f4c8206e,linux1804-64-shippable-qr,microsoft,True,,,,,,,,,,,,,,,,,,,,,,,,,,,,,,,,,,,,,,,,,,,,,,,,,,TN,,,,,,,,,,
,1808594436,2023-12-08 09:01:47,208.3,ff785fa504232b935c33c7d8c38a1cdc2f8d2d35,1345044,autoland,ContentfulSpeedIndex,True,microsoft ContentfulSpeedIndex opt fission warm webrender,,77,ms,firefox,False,|f|i|s|s|i|o|n| |w|a|r|m| |w|e|b|r|e|n|d|e|r|,,3776889,13,9b3df14599f65e991e2c4a5eaba7ebe76c85b8c3,102210fe594ee9b33d82058545b1ed14f4c8206e,linux1804-64-shippable-qr,microsoft,True,,,,,,,,,,,,,,,,,,,,,,,,,,,,,,,,,,,,,,,,,,,,,,,,,,TN,,,,,,,,,,
,1808708690,2023-12-08 14:53:30,214.0,84f194823b719420c22157f7e540e660397a17f2,1345173,autoland,ContentfulSpeedIndex,True,microsoft ContentfulSpeedIndex opt fission warm webrender,,77,ms,firefox,False,|f|i|s|s|i|o|n| |w|a|r|m| |w|e|b|r|e|n|d|e|r|,,3776889,13,9b3df14599f65e991e2c4a5eaba7ebe76c85b8c3,102210fe594ee9b33d82058545b1ed14f4c8206e,linux1804-64-shippable-qr,microsoft,True,,,,,,,,,,,,,,,,,,,,,,,,,,,,,,,,,,,,,,,,,,,,,,,,,,TN,,,,,,,,,,
,1808844476,2023-12-08 20:09:00,209.9,6f5601bcf5ef9fa22b46e44e1d5e34893a04fc9e,1345337,autoland,ContentfulSpeedIndex,True,microsoft ContentfulSpeedIndex opt fission warm webrender,,77,ms,firefox,False,|f|i|s|s|i|o|n| |w|a|r|m| |w|e|b|r|e|n|d|e|r|,,3776889,13,9b3df14599f65e991e2c4a5eaba7ebe76c85b8c3,102210fe594ee9b33d82058545b1ed14f4c8206e,linux1804-64-shippable-qr,microsoft,True,,,,,,,,,,,,,,,,,,,,,,,,,,,,,,,,,,,,,,,,,,,,,,,,,,TN,,,,,,,,,,
,1809015275,2023-12-09 00:35:37,212.5,5e7ca7b9c60d764540bfc20b243ffaa67dfbfaa9,1345495,autoland,ContentfulSpeedIndex,True,microsoft ContentfulSpeedIndex opt fission warm webrender,,77,ms,firefox,False,|f|i|s|s|i|o|n| |w|a|r|m| |w|e|b|r|e|n|d|e|r|,,3776889,13,9b3df14599f65e991e2c4a5eaba7ebe76c85b8c3,102210fe594ee9b33d82058545b1ed14f4c8206e,linux1804-64-shippable-qr,microsoft,True,,,,,,,,,,,,,,,,,,,,,,,,,,,,,,,,,,,,,,,,,,,,,,,,,,TN,,,,,,,,,,
,1809038214,2023-12-09 00:36:34,208.4,9536c8afccb6fe6adb81c34e04ad22608a1cc454,1345496,autoland,ContentfulSpeedIndex,True,microsoft ContentfulSpeedIndex opt fission warm webrender,,77,ms,firefox,False,|f|i|s|s|i|o|n| |w|a|r|m| |w|e|b|r|e|n|d|e|r|,,3776889,13,9b3df14599f65e991e2c4a5eaba7ebe76c85b8c3,102210fe594ee9b33d82058545b1ed14f4c8206e,linux1804-64-shippable-qr,microsoft,True,,,,,,,,,,,,,,,,,,,,,,,,,,,,,,,,,,,,,,,,,,,,,,,,,,TN,,,,,,,,,,
,1809225455,2023-12-09 11:58:04,216.1,ce53d4215ca91122e12f63ca196acefc22a8d98c,1345582,autoland,ContentfulSpeedIndex,True,microsoft ContentfulSpeedIndex opt fission warm webrender,,77,ms,firefox,False,|f|i|s|s|i|o|n| |w|a|r|m| |w|e|b|r|e|n|d|e|r|,,3776889,13,9b3df14599f65e991e2c4a5eaba7ebe76c85b8c3,102210fe594ee9b33d82058545b1ed14f4c8206e,linux1804-64-shippable-qr,microsoft,True,,,,,,,,,,,,,,,,,,,,,,,,,,,,,,,,,,,,,,,,,,,,,,,,,,TN,,,,,,,,,,
,1809267802,2023-12-09 16:44:21,211.6,199c3dc51f2dd8c55a3346ac587238e6376b7236,1345611,autoland,ContentfulSpeedIndex,True,microsoft ContentfulSpeedIndex opt fission warm webrender,,77,ms,firefox,False,|f|i|s|s|i|o|n| |w|a|r|m| |w|e|b|r|e|n|d|e|r|,,3776889,13,9b3df14599f65e991e2c4a5eaba7ebe76c85b8c3,102210fe594ee9b33d82058545b1ed14f4c8206e,linux1804-64-shippable-qr,microsoft,True,,,,,,,,,,,,,,,,,,,,,,,,,,,,,,,,,,,,,,,,,,,,,,,,,,TN,,,,,,,,,,
,1809288444,2023-12-09 17:32:11,174.3,037b4a8e4edce03936a64d9d073da41b8b1bd9fb,1345614,autoland,ContentfulSpeedIndex,True,microsoft ContentfulSpeedIndex opt fission warm webrender,,77,ms,firefox,False,|f|i|s|s|i|o|n| |w|a|r|m| |w|e|b|r|e|n|d|e|r|,,3776889,13,9b3df14599f65e991e2c4a5eaba7ebe76c85b8c3,102210fe594ee9b33d82058545b1ed14f4c8206e,linux1804-64-shippable-qr,microsoft,True,,,,,,,,,,,,,,,,,,,,,,,,,,,,,,,,,,,,,,,,,,,,,,,,,,TN,,,,,,,,,,
,1809371057,2023-12-10 03:19:38,209.8,815bf21f166b5019bdab6ec104bc2f4475a7b553,1345657,autoland,ContentfulSpeedIndex,True,microsoft ContentfulSpeedIndex opt fission warm webrender,,77,ms,firefox,False,|f|i|s|s|i|o|n| |w|a|r|m| |w|e|b|r|e|n|d|e|r|,,3776889,13,9b3df14599f65e991e2c4a5eaba7ebe76c85b8c3,102210fe594ee9b33d82058545b1ed14f4c8206e,linux1804-64-shippable-qr,microsoft,True,,,,,,,,,,,,,,,,,,,,,,,,,,,,,,,,,,,,,,,,,,,,,,,,,,TN,,,,,,,,,,
,1809497742,2023-12-11 00:42:11,227.1,d4ee61633ce965862e2ee27be32e8a58344a7b03,1345765,autoland,ContentfulSpeedIndex,True,microsoft ContentfulSpeedIndex opt fission warm webrender,,77,ms,firefox,False,|f|i|s|s|i|o|n| |w|a|r|m| |w|e|b|r|e|n|d|e|r|,,3776889,13,9b3df14599f65e991e2c4a5eaba7ebe76c85b8c3,102210fe594ee9b33d82058545b1ed14f4c8206e,linux1804-64-shippable-qr,microsoft,True,,,,,,,,,,,,,,,,,,,,,,,,,,,,,,,,,,,,,,,,,,,,,,,,,,TN,,,,,,,,,,
,1809546797,2023-12-11 06:57:03,205.8,e84648aa607a32b9e4bbd2378f5a7caf9e31264a,1345835,autoland,ContentfulSpeedIndex,True,microsoft ContentfulSpeedIndex opt fission warm webrender,,77,ms,firefox,False,|f|i|s|s|i|o|n| |w|a|r|m| |w|e|b|r|e|n|d|e|r|,,3776889,13,9b3df14599f65e991e2c4a5eaba7ebe76c85b8c3,102210fe594ee9b33d82058545b1ed14f4c8206e,linux1804-64-shippable-qr,microsoft,True,,,,,,,,,,,,,,,,,,,,,,,,,,,,,,,,,,,,,,,,,,,,,,,,,,TN,,,,,,,,,,
,1809575617,2023-12-11 09:13:41,220.7,25a3d6c779f3ef9a9220e2d972c18f2e5a039cb2,1345868,autoland,ContentfulSpeedIndex,True,microsoft ContentfulSpeedIndex opt fission warm webrender,,77,ms,firefox,False,|f|i|s|s|i|o|n| |w|a|r|m| |w|e|b|r|e|n|d|e|r|,,3776889,13,9b3df14599f65e991e2c4a5eaba7ebe76c85b8c3,102210fe594ee9b33d82058545b1ed14f4c8206e,linux1804-64-shippable-qr,microsoft,True,,,,,,,,,,,,,,,,,,,,,,,,,,,,,,,,,,,,,,,,,,,,,,,,,,TN,,,,,,,,,,
,1809740480,2023-12-11 13:39:55,213.2,46d1ac4f2e9c8c9c173c430225737701542931bb,1346049,autoland,ContentfulSpeedIndex,True,microsoft ContentfulSpeedIndex opt fission warm webrender,,77,ms,firefox,False,|f|i|s|s|i|o|n| |w|a|r|m| |w|e|b|r|e|n|d|e|r|,,3776889,13,9b3df14599f65e991e2c4a5eaba7ebe76c85b8c3,102210fe594ee9b33d82058545b1ed14f4c8206e,linux1804-64-shippable-qr,microsoft,True,,,,,,,,,,,,,,,,,,,,,,,,,,,,,,,,,,,,,,,,,,,,,,,,,,TN,,,,,,,,,,
,1810127356,2023-12-11 13:42:36,208.4,4a4a406091cd38a7f1c47c0603c7b4dfb4aecd36,1346052,autoland,ContentfulSpeedIndex,True,microsoft ContentfulSpeedIndex opt fission warm webrender,,77,ms,firefox,False,|f|i|s|s|i|o|n| |w|a|r|m| |w|e|b|r|e|n|d|e|r|,,3776889,13,9b3df14599f65e991e2c4a5eaba7ebe76c85b8c3,102210fe594ee9b33d82058545b1ed14f4c8206e,linux1804-64-shippable-qr,microsoft,True,,,,,,,,,,,,,,,,,,,,,,,,,,,,,,,,,,,,,,,,,,,,,,,,,,TN,,,,,,,,,,
,1810170340,2023-12-11 13:54:53,212.5,2e39f61cacdfbdc31348aa972854eddb30572c10,1346062,autoland,ContentfulSpeedIndex,True,microsoft ContentfulSpeedIndex opt fission warm webrender,,77,ms,firefox,False,|f|i|s|s|i|o|n| |w|a|r|m| |w|e|b|r|e|n|d|e|r|,,3776889,13,9b3df14599f65e991e2c4a5eaba7ebe76c85b8c3,102210fe594ee9b33d82058545b1ed14f4c8206e,linux1804-64-shippable-qr,microsoft,True,,,,,,,,,,,,,,,,,,,,,,,,,,,,,,,,,,,,,,,,,,,,,,,,,,TN,,,,,,,,,,
,1810159117,2023-12-11 14:00:48,207.0,148b695e58fcfac3de4d0c3b3507d3a86d2bfb87,1346066,autoland,ContentfulSpeedIndex,True,microsoft ContentfulSpeedIndex opt fission warm webrender,,77,ms,firefox,False,|f|i|s|s|i|o|n| |w|a|r|m| |w|e|b|r|e|n|d|e|r|,,3776889,13,9b3df14599f65e991e2c4a5eaba7ebe76c85b8c3,102210fe594ee9b33d82058545b1ed14f4c8206e,linux1804-64-shippable-qr,microsoft,True,,,,,,,,,,,,,,,,,,,,,,,,,,,,,,,,,,,,,,,,,,,,,,,,,,TN,,,,,,,,,,
,1810181481,2023-12-11 14:11:51,207.0,a1e3aa7070c3265a2460dd9f59444244ab30a373,1346073,autoland,ContentfulSpeedIndex,True,microsoft ContentfulSpeedIndex opt fission warm webrender,,77,ms,firefox,False,|f|i|s|s|i|o|n| |w|a|r|m| |w|e|b|r|e|n|d|e|r|,,3776889,13,9b3df14599f65e991e2c4a5eaba7ebe76c85b8c3,102210fe594ee9b33d82058545b1ed14f4c8206e,linux1804-64-shippable-qr,microsoft,True,,,,,,,,,,,,,,,,,,,,,,,,,,,,,,,,,,,,,,,,,,,,,,,,,,TN,,,,,,,,,,
,1809806086,2023-12-11 15:49:45,213.1,fbda7db8e39b50ebf5ed7092f81706bd1d8c91ab,1346158,autoland,ContentfulSpeedIndex,True,microsoft ContentfulSpeedIndex opt fission warm webrender,,77,ms,firefox,False,|f|i|s|s|i|o|n| |w|a|r|m| |w|e|b|r|e|n|d|e|r|,,3776889,13,9b3df14599f65e991e2c4a5eaba7ebe76c85b8c3,102210fe594ee9b33d82058545b1ed14f4c8206e,linux1804-64-shippable-qr,microsoft,True,,,,,,,,,,,,,,,,,,,,,,,,,,,,,,,,,,,,,,,,,,,,,,,,,,TN,,,,,,,,,,
,1809876553,2023-12-11 18:22:43,207.1,8043d7693dbaf145c601652e0b8947d55f399fd8,1346298,autoland,ContentfulSpeedIndex,True,microsoft ContentfulSpeedIndex opt fission warm webrender,,77,ms,firefox,False,|f|i|s|s|i|o|n| |w|a|r|m| |w|e|b|r|e|n|d|e|r|,,3776889,13,9b3df14599f65e991e2c4a5eaba7ebe76c85b8c3,102210fe594ee9b33d82058545b1ed14f4c8206e,linux1804-64-shippable-qr,microsoft,True,,,,,,,,,,,,,,,,,,,,,,,,,,,,,,,,,,,,,,,,,,,,,,,,,,TN,,,,,,,,,,
,1809965789,2023-12-11 21:32:13,211.2,c2126b815d283d4d848e431071fa77e023b06eb2,1346462,autoland,ContentfulSpeedIndex,True,microsoft ContentfulSpeedIndex opt fission warm webrender,,77,ms,firefox,False,|f|i|s|s|i|o|n| |w|a|r|m| |w|e|b|r|e|n|d|e|r|,,3776889,13,9b3df14599f65e991e2c4a5eaba7ebe76c85b8c3,102210fe594ee9b33d82058545b1ed14f4c8206e,linux1804-64-shippable-qr,microsoft,True,,,,,,,,,,,,,,,,,,,,,,,,,,,,,,,,,,,,,,,,,,,,,,,,,,TN,,,,,,,,,,
,1810035869,2023-12-12 01:33:17,211.5,6e08bc24f0ba8814dfda465963c22d139bf6e80b,1346620,autoland,ContentfulSpeedIndex,True,microsoft ContentfulSpeedIndex opt fission warm webrender,,77,ms,firefox,False,|f|i|s|s|i|o|n| |w|a|r|m| |w|e|b|r|e|n|d|e|r|,,3776889,13,9b3df14599f65e991e2c4a5eaba7ebe76c85b8c3,102210fe594ee9b33d82058545b1ed14f4c8206e,linux1804-64-shippable-qr,microsoft,True,,,,,,,,,,,,,,,,,,,,,,,,,,,,,,,,,,,,,,,,,,,,,,,,,,TN,,,,,,,,,,
,1810139271,2023-12-12 04:01:22,213.0,55cd203304b8d5343dd941d772085dc25fd278c4,1346691,autoland,ContentfulSpeedIndex,True,microsoft ContentfulSpeedIndex opt fission warm webrender,,77,ms,firefox,False,|f|i|s|s|i|o|n| |w|a|r|m| |w|e|b|r|e|n|d|e|r|,,3776889,13,9b3df14599f65e991e2c4a5eaba7ebe76c85b8c3,102210fe594ee9b33d82058545b1ed14f4c8206e,linux1804-64-shippable-qr,microsoft,True,,,,,,,,,,,,,,,,,,,,,,,,,,,,,,,,,,,,,,,,,,,,,,,,,,TN,,,,,,,,,,
,1810220561,2023-12-12 08:08:04,220.6,64c2a5cd2e5c12acc49f695acaca7fc074be00ef,1346735,autoland,ContentfulSpeedIndex,True,microsoft ContentfulSpeedIndex opt fission warm webrender,,77,ms,firefox,False,|f|i|s|s|i|o|n| |w|a|r|m| |w|e|b|r|e|n|d|e|r|,,3776889,13,9b3df14599f65e991e2c4a5eaba7ebe76c85b8c3,102210fe594ee9b33d82058545b1ed14f4c8206e,linux1804-64-shippable-qr,microsoft,True,,,,,,,,,,,,,,,,,,,,,,,,,,,,,,,,,,,,,,,,,,,,,,,,,,TN,,,,,,,,,,
,1810358107,2023-12-12 13:15:06,213.3,378226435d1f217637869bc238a2bff9ae584e04,1346892,autoland,ContentfulSpeedIndex,True,microsoft ContentfulSpeedIndex opt fission warm webrender,,77,ms,firefox,False,|f|i|s|s|i|o|n| |w|a|r|m| |w|e|b|r|e|n|d|e|r|,,3776889,13,9b3df14599f65e991e2c4a5eaba7ebe76c85b8c3,102210fe594ee9b33d82058545b1ed14f4c8206e,linux1804-64-shippable-qr,microsoft,True,,,,,,,,,,,,,,,,,,,,,,,,,,,,,,,,,,,,,,,,,,,,,,,,,,TN,,,,,,,,,,
,1810374178,2023-12-12 13:20:17,208.5,661e5ee3675f09044e67f461631530ae9bc19953,1346894,autoland,ContentfulSpeedIndex,True,microsoft ContentfulSpeedIndex opt fission warm webrender,,77,ms,firefox,False,|f|i|s|s|i|o|n| |w|a|r|m| |w|e|b|r|e|n|d|e|r|,,3776889,13,9b3df14599f65e991e2c4a5eaba7ebe76c85b8c3,102210fe594ee9b33d82058545b1ed14f4c8206e,linux1804-64-shippable-qr,microsoft,True,,,,,,,,,,,,,,,,,,,,,,,,,,,,,,,,,,,,,,,,,,,,,,,,,,TN,,,,,,,,,,
,1810527230,2023-12-12 17:56:51,218.5,89856dfbbbb09660fd0b56d3d9ba6f60c823c81f,1347131,autoland,ContentfulSpeedIndex,True,microsoft ContentfulSpeedIndex opt fission warm webrender,,77,ms,firefox,False,|f|i|s|s|i|o|n| |w|a|r|m| |w|e|b|r|e|n|d|e|r|,,3776889,13,9b3df14599f65e991e2c4a5eaba7ebe76c85b8c3,102210fe594ee9b33d82058545b1ed14f4c8206e,linux1804-64-shippable-qr,microsoft,True,,,,,,,,,,,,,,,,,,,,,,,,,,,,,,,,,,,,,,,,,,,,,,,,,,TN,,,,,,,,,,
,1810580380,2023-12-12 18:39:48,210.0,b7336e3f433e4055ba8a7fcb5c2f756e0e9b59ef,1347165,autoland,ContentfulSpeedIndex,True,microsoft ContentfulSpeedIndex opt fission warm webrender,,77,ms,firefox,False,|f|i|s|s|i|o|n| |w|a|r|m| |w|e|b|r|e|n|d|e|r|,,3776889,13,9b3df14599f65e991e2c4a5eaba7ebe76c85b8c3,102210fe594ee9b33d82058545b1ed14f4c8206e,linux1804-64-shippable-qr,microsoft,True,,,,,,,,,,,,,,,,,,,,,,,,,,,,,,,,,,,,,,,,,,,,,,,,,,TN,,,,,,,,,,
,1810610267,2023-12-12 20:06:07,205.6,7272d706196d83e16ea8366481dce5127407ba4d,1347223,autoland,ContentfulSpeedIndex,True,microsoft ContentfulSpeedIndex opt fission warm webrender,,77,ms,firefox,False,|f|i|s|s|i|o|n| |w|a|r|m| |w|e|b|r|e|n|d|e|r|,,3776889,13,9b3df14599f65e991e2c4a5eaba7ebe76c85b8c3,102210fe594ee9b33d82058545b1ed14f4c8206e,linux1804-64-shippable-qr,microsoft,True,,,,,,,,,,,,,,,,,,,,,,,,,,,,,,,,,,,,,,,,,,,,,,,,,,TN,,,,,,,,,,
,1810732087,2023-12-13 00:40:28,205.6,f823ab1d9a00b627089b75899e588823b584a9c4,1347426,autoland,ContentfulSpeedIndex,True,microsoft ContentfulSpeedIndex opt fission warm webrender,,77,ms,firefox,False,|f|i|s|s|i|o|n| |w|a|r|m| |w|e|b|r|e|n|d|e|r|,,3776889,13,9b3df14599f65e991e2c4a5eaba7ebe76c85b8c3,102210fe594ee9b33d82058545b1ed14f4c8206e,linux1804-64-shippable-qr,microsoft,True,,,,,,,,,,,,,,,,,,,,,,,,,,,,,,,,,,,,,,,,,,,,,,,,,,TN,,,,,,,,,,
,1810810239,2023-12-13 01:59:28,212.7,c7169e7d15af250d7b1ffb91c072a4b2309457c1,1347482,autoland,ContentfulSpeedIndex,True,microsoft ContentfulSpeedIndex opt fission warm webrender,,77,ms,firefox,False,|f|i|s|s|i|o|n| |w|a|r|m| |w|e|b|r|e|n|d|e|r|,,3776889,13,9b3df14599f65e991e2c4a5eaba7ebe76c85b8c3,102210fe594ee9b33d82058545b1ed14f4c8206e,linux1804-64-shippable-qr,microsoft,True,,,,,,,,,,,,,,,,,,,,,,,,,,,,,,,,,,,,,,,,,,,,,,,,,,TN,,,,,,,,,,
,1810828914,2023-12-13 03:53:55,208.5,de73ddb24c16e91d220095612fc21b6636e51f81,1347525,autoland,ContentfulSpeedIndex,True,microsoft ContentfulSpeedIndex opt fission warm webrender,,77,ms,firefox,False,|f|i|s|s|i|o|n| |w|a|r|m| |w|e|b|r|e|n|d|e|r|,,3776889,13,9b3df14599f65e991e2c4a5eaba7ebe76c85b8c3,102210fe594ee9b33d82058545b1ed14f4c8206e,linux1804-64-shippable-qr,microsoft,True,,,,,,,,,,,,,,,,,,,,,,,,,,,,,,,,,,,,,,,,,,,,,,,,,,TN,,,,,,,,,,
,1810885302,2023-12-13 08:08:28,216.1,de61802013d3eabd67e8f7c4382ab95c650835ba,1347584,autoland,ContentfulSpeedIndex,True,microsoft ContentfulSpeedIndex opt fission warm webrender,,77,ms,firefox,False,|f|i|s|s|i|o|n| |w|a|r|m| |w|e|b|r|e|n|d|e|r|,,3776889,13,9b3df14599f65e991e2c4a5eaba7ebe76c85b8c3,102210fe594ee9b33d82058545b1ed14f4c8206e,linux1804-64-shippable-qr,microsoft,True,,,,,,,,,,,,,,,,,,,,,,,,,,,,,,,,,,,,,,,,,,,,,,,,,,TN,,,,,,,,,,
,1810973660,2023-12-13 10:08:23,211.3,12f45306a093afef1d1ed86121d9fcd9e8c69e15,1347641,autoland,ContentfulSpeedIndex,True,microsoft ContentfulSpeedIndex opt fission warm webrender,,77,ms,firefox,False,|f|i|s|s|i|o|n| |w|a|r|m| |w|e|b|r|e|n|d|e|r|,,3776889,13,9b3df14599f65e991e2c4a5eaba7ebe76c85b8c3,102210fe594ee9b33d82058545b1ed14f4c8206e,linux1804-64-shippable-qr,microsoft,True,,,,,,,,,,,,,,,,,,,,,,,,,,,,,,,,,,,,,,,,,,,,,,,,,,TN,,,,,,,,,,
,1811435254,2023-12-13 11:56:46,210.0,86021bfb36c3767a431a670a48505835ae7413cf,1347715,autoland,ContentfulSpeedIndex,True,microsoft ContentfulSpeedIndex opt fission warm webrender,,77,ms,firefox,False,|f|i|s|s|i|o|n| |w|a|r|m| |w|e|b|r|e|n|d|e|r|,,3776889,13,9b3df14599f65e991e2c4a5eaba7ebe76c85b8c3,102210fe594ee9b33d82058545b1ed14f4c8206e,linux1804-64-shippable-qr,microsoft,True,,,,,,,,,,,,,,,,,,,,,,,,,,,,,,,,,,,,,,,,,,,,,,,,,,TN,,,,,,,,,,
,1811447148,2023-12-13 11:58:25,215.6,fd1dd6b4ce421a61e2258a1d2712f3193f997c0a,1347716,autoland,ContentfulSpeedIndex,True,microsoft ContentfulSpeedIndex opt fission warm webrender,,77,ms,firefox,False,|f|i|s|s|i|o|n| |w|a|r|m| |w|e|b|r|e|n|d|e|r|,,3776889,13,9b3df14599f65e991e2c4a5eaba7ebe76c85b8c3,102210fe594ee9b33d82058545b1ed14f4c8206e,linux1804-64-shippable-qr,microsoft,True,,,,,,,,,,,,,,,,,,,,,,,,,,,,,,,,,,,,,,,,,,,,,,,,,,TN,,,,,,,,,,
,1811042947,2023-12-13 13:51:07,211.6,a54a846dda9a20948451fa14e9ebbd3bb19c826c,1347765,autoland,ContentfulSpeedIndex,True,microsoft ContentfulSpeedIndex opt fission warm webrender,,77,ms,firefox,False,|f|i|s|s|i|o|n| |w|a|r|m| |w|e|b|r|e|n|d|e|r|,,3776889,13,9b3df14599f65e991e2c4a5eaba7ebe76c85b8c3,102210fe594ee9b33d82058545b1ed14f4c8206e,linux1804-64-shippable-qr,microsoft,True,,,,,,,,,,,,,,,,,,,,,,,,,,,,,,,,,,,,,,,,,,,,,,,,,,TN,,,,,,,,,,
,1811127686,2023-12-13 17:42:49,211.8,951b244454e1790b94e5fa8474efc7fb8c990e28,1347961,autoland,ContentfulSpeedIndex,True,microsoft ContentfulSpeedIndex opt fission warm webrender,,77,ms,firefox,False,|f|i|s|s|i|o|n| |w|a|r|m| |w|e|b|r|e|n|d|e|r|,,3776889,13,9b3df14599f65e991e2c4a5eaba7ebe76c85b8c3,102210fe594ee9b33d82058545b1ed14f4c8206e,linux1804-64-shippable-qr,microsoft,True,,,,,,,,,,,,,,,,,,,,,,,,,,,,,,,,,,,,,,,,,,,,,,,,,,TN,,,,,,,,,,
,1811423304,2023-12-13 19:13:20,208.7,e9933f26f0f34b5bcd3500f5780efd5cce45b9f8,1348064,autoland,ContentfulSpeedIndex,True,microsoft ContentfulSpeedIndex opt fission warm webrender,,77,ms,firefox,False,|f|i|s|s|i|o|n| |w|a|r|m| |w|e|b|r|e|n|d|e|r|,,3776889,13,9b3df14599f65e991e2c4a5eaba7ebe76c85b8c3,102210fe594ee9b33d82058545b1ed14f4c8206e,linux1804-64-shippable-qr,microsoft,True,,,,,,,,,,,,,,,,,,,,,,,,,,,,,,,,,,,,,,,,,,,,,,,,,,TN,,,,,,,,,,
,1811429348,2023-12-13 19:30:00,200.3,32d5edd3ad279bbcc378b59e2b3d2cc93a57737c,1348065,autoland,ContentfulSpeedIndex,True,microsoft ContentfulSpeedIndex opt fission warm webrender,,77,ms,firefox,False,|f|i|s|s|i|o|n| |w|a|r|m| |w|e|b|r|e|n|d|e|r|,,3776889,13,9b3df14599f65e991e2c4a5eaba7ebe76c85b8c3,102210fe594ee9b33d82058545b1ed14f4c8206e,linux1804-64-shippable-qr,microsoft,True,,,,,,,,,,,,,,,,,,,,,,,,,,,,,,,,,,,,,,,,,,,,,,,,,,TN,,,,,,,,,,
,1811258699,2023-12-13 20:42:40,235.8,b89dc85aa7e47069b80251ce43d7d66c034a5b88,1348117,autoland,ContentfulSpeedIndex,True,microsoft ContentfulSpeedIndex opt fission warm webrender,,77,ms,firefox,False,|f|i|s|s|i|o|n| |w|a|r|m| |w|e|b|r|e|n|d|e|r|,,3776889,13,9b3df14599f65e991e2c4a5eaba7ebe76c85b8c3,102210fe594ee9b33d82058545b1ed14f4c8206e,linux1804-64-shippable-qr,microsoft,True,,,,,,,,,,,,,,,,,,,,,,,,,,,,,,,,,,,,,,,,,,,,,,,,,,TN,,,,,,,,,,
,1811377257,2023-12-14 01:23:55,207.8,12888ec6533c4e6ec49c2d7081e67ac660129ab6,1348332,autoland,ContentfulSpeedIndex,True,microsoft ContentfulSpeedIndex opt fission warm webrender,,77,ms,firefox,False,|f|i|s|s|i|o|n| |w|a|r|m| |w|e|b|r|e|n|d|e|r|,,3776889,13,9b3df14599f65e991e2c4a5eaba7ebe76c85b8c3,102210fe594ee9b33d82058545b1ed14f4c8206e,linux1804-64-shippable-qr,microsoft,True,,,,,,,,,,,,,,,,,,,,,,,,,,,,,,,,,,,,,,,,,,,,,,,,,,TN,,,,,,,,,,
,1811485361,2023-12-14 06:57:49,211.5,3af75f3310fc53f70cba7e6c5a7e7bec2d3381dc,1348404,autoland,ContentfulSpeedIndex,True,microsoft ContentfulSpeedIndex opt fission warm webrender,,77,ms,firefox,False,|f|i|s|s|i|o|n| |w|a|r|m| |w|e|b|r|e|n|d|e|r|,,3776889,13,9b3df14599f65e991e2c4a5eaba7ebe76c85b8c3,102210fe594ee9b33d82058545b1ed14f4c8206e,linux1804-64-shippable-qr,microsoft,True,,,,,,,,,,,,,,,,,,,,,,,,,,,,,,,,,,,,,,,,,,,,,,,,,,TN,,,,,,,,,,
,1811576063,2023-12-14 09:15:58,208.7,1c0fd259312d4631a0d1a7e0ea0560cff577beba,1348457,autoland,ContentfulSpeedIndex,True,microsoft ContentfulSpeedIndex opt fission warm webrender,,77,ms,firefox,False,|f|i|s|s|i|o|n| |w|a|r|m| |w|e|b|r|e|n|d|e|r|,,3776889,13,9b3df14599f65e991e2c4a5eaba7ebe76c85b8c3,102210fe594ee9b33d82058545b1ed14f4c8206e,linux1804-64-shippable-qr,microsoft,True,,,,,,,,,,,,,,,,,,,,,,,,,,,,,,,,,,,,,,,,,,,,,,,,,,TN,,,,,,,,,,
,1811733894,2023-12-14 13:22:59,211.5,31a1108bee2768e6f329db2b083b5066b2c83def,1348529,autoland,ContentfulSpeedIndex,True,microsoft ContentfulSpeedIndex opt fission warm webrender,,77,ms,firefox,False,|f|i|s|s|i|o|n| |w|a|r|m| |w|e|b|r|e|n|d|e|r|,,3776889,13,9b3df14599f65e991e2c4a5eaba7ebe76c85b8c3,102210fe594ee9b33d82058545b1ed14f4c8206e,linux1804-64-shippable-qr,microsoft,True,,,,,,,,,,,,,,,,,,,,,,,,,,,,,,,,,,,,,,,,,,,,,,,,,,TN,,,,,,,,,,
,1811823200,2023-12-14 15:25:58,215.3,44c4e62a38e1a18cd9c3cdc37be672c5b2eccb06,1348605,autoland,ContentfulSpeedIndex,True,microsoft ContentfulSpeedIndex opt fission warm webrender,,77,ms,firefox,False,|f|i|s|s|i|o|n| |w|a|r|m| |w|e|b|r|e|n|d|e|r|,,3776889,13,9b3df14599f65e991e2c4a5eaba7ebe76c85b8c3,102210fe594ee9b33d82058545b1ed14f4c8206e,linux1804-64-shippable-qr,microsoft,True,,,,,,,,,,,,,,,,,,,,,,,,,,,,,,,,,,,,,,,,,,,,,,,,,,TN,,,,,,,,,,
,1812354592,2023-12-14 19:23:56,211.4,78c7be7943b18dd539b6178da71c8c4a66089305,1348840,autoland,ContentfulSpeedIndex,True,microsoft ContentfulSpeedIndex opt fission warm webrender,,77,ms,firefox,False,|f|i|s|s|i|o|n| |w|a|r|m| |w|e|b|r|e|n|d|e|r|,,3776889,13,9b3df14599f65e991e2c4a5eaba7ebe76c85b8c3,102210fe594ee9b33d82058545b1ed14f4c8206e,linux1804-64-shippable-qr,microsoft,True,,,,,,,,,,,,,,,,,,,,,,,,,,,,,,,,,,,,,,,,,,,,,,,,,,TN,,,,,,,,,,
,1812050954,2023-12-14 19:45:40,218.6,5b5faa47b870a45949438e5959b9ef04204a9bac,1348855,autoland,ContentfulSpeedIndex,True,microsoft ContentfulSpeedIndex opt fission warm webrender,,77,ms,firefox,False,|f|i|s|s|i|o|n| |w|a|r|m| |w|e|b|r|e|n|d|e|r|,,3776889,13,9b3df14599f65e991e2c4a5eaba7ebe76c85b8c3,102210fe594ee9b33d82058545b1ed14f4c8206e,linux1804-64-shippable-qr,microsoft,True,,,,,,,,,,,,,,,,,,,,,,,,,,,,,,,,,,,,,,,,,,,,,,,,,,TN,,,,,,,,,,
,1812158664,2023-12-14 21:45:13,208.1,04ae3a53d7df39b7ef7380e872889038951a9e63,1348957,autoland,ContentfulSpeedIndex,True,microsoft ContentfulSpeedIndex opt fission warm webrender,,77,ms,firefox,False,|f|i|s|s|i|o|n| |w|a|r|m| |w|e|b|r|e|n|d|e|r|,,3776889,13,9b3df14599f65e991e2c4a5eaba7ebe76c85b8c3,102210fe594ee9b33d82058545b1ed14f4c8206e,linux1804-64-shippable-qr,microsoft,True,,,,,,,,,,,,,,,,,,,,,,,,,,,,,,,,,,,,,,,,,,,,,,,,,,TN,,,,,,,,,,
,1812290530,2023-12-15 01:58:19,212.8,efffe49c7c1c0f6b54d9f752224880e07e588f36,1349130,autoland,ContentfulSpeedIndex,True,microsoft ContentfulSpeedIndex opt fission warm webrender,,77,ms,firefox,False,|f|i|s|s|i|o|n| |w|a|r|m| |w|e|b|r|e|n|d|e|r|,,3776889,13,9b3df14599f65e991e2c4a5eaba7ebe76c85b8c3,102210fe594ee9b33d82058545b1ed14f4c8206e,linux1804-64-shippable-qr,microsoft,True,,,,,,,,,,,,,,,,,,,,,,,,,,,,,,,,,,,,,,,,,,,,,,,,,,TN,,,,,,,,,,
,1812477477,2023-12-15 11:00:39,211.5,d3a29d02b3dd8d8cfbfff6fcad00d94226e102e8,1349239,autoland,ContentfulSpeedIndex,True,microsoft ContentfulSpeedIndex opt fission warm webrender,,77,ms,firefox,False,|f|i|s|s|i|o|n| |w|a|r|m| |w|e|b|r|e|n|d|e|r|,,3776889,13,9b3df14599f65e991e2c4a5eaba7ebe76c85b8c3,102210fe594ee9b33d82058545b1ed14f4c8206e,linux1804-64-shippable-qr,microsoft,True,,,,,,,,,,,,,,,,,,,,,,,,,,,,,,,,,,,,,,,,,,,,,,,,,,TN,,,,,,,,,,
,1813067574,2023-12-15 11:33:40,213.0,1b43e68405d00eda15832b113572cef3c3f91d0b,1349256,autoland,ContentfulSpeedIndex,True,microsoft ContentfulSpeedIndex opt fission warm webrender,,77,ms,firefox,False,|f|i|s|s|i|o|n| |w|a|r|m| |w|e|b|r|e|n|d|e|r|,,3776889,13,9b3df14599f65e991e2c4a5eaba7ebe76c85b8c3,102210fe594ee9b33d82058545b1ed14f4c8206e,linux1804-64-shippable-qr,microsoft,True,,,,,,,,,,,,,,,,,,,,,,,,,,,,,,,,,,,,,,,,,,,,,,,,,,TN,,,,,,,,,,
,1813080551,2023-12-15 13:11:42,211.7,52110e0439924fde2539fa4e09821a9381655c91,1349281,autoland,ContentfulSpeedIndex,True,microsoft ContentfulSpeedIndex opt fission warm webrender,,77,ms,firefox,False,|f|i|s|s|i|o|n| |w|a|r|m| |w|e|b|r|e|n|d|e|r|,,3776889,13,9b3df14599f65e991e2c4a5eaba7ebe76c85b8c3,102210fe594ee9b33d82058545b1ed14f4c8206e,linux1804-64-shippable-qr,microsoft,True,,,,,,,,,,,,,,,,,,,,,,,,,,,,,,,,,,,,,,,,,,,,,,,,,,TN,,,,,,,,,,
,1812594420,2023-12-15 15:09:59,206.7,8fd04cb03fbd84435d9834d1de340c2f64e013bb,1349331,autoland,ContentfulSpeedIndex,True,microsoft ContentfulSpeedIndex opt fission warm webrender,,77,ms,firefox,False,|f|i|s|s|i|o|n| |w|a|r|m| |w|e|b|r|e|n|d|e|r|,,3776889,13,9b3df14599f65e991e2c4a5eaba7ebe76c85b8c3,102210fe594ee9b33d82058545b1ed14f4c8206e,linux1804-64-shippable-qr,microsoft,True,,,,,,,,,,,,,,,,,,,,,,,,,,,,,,,,,,,,,,,,,,,,,,,,,,TN,,,,,,,,,,
,1812831395,2023-12-15 20:18:56,212.9,8f1a041ed5a88918a5fe585c89ffabd9450bc0ef,1349528,autoland,ContentfulSpeedIndex,True,microsoft ContentfulSpeedIndex opt fission warm webrender,,77,ms,firefox,False,|f|i|s|s|i|o|n| |w|a|r|m| |w|e|b|r|e|n|d|e|r|,,3776889,13,9b3df14599f65e991e2c4a5eaba7ebe76c85b8c3,102210fe594ee9b33d82058545b1ed14f4c8206e,linux1804-64-shippable-qr,microsoft,True,,,,,,,,,,,,,,,,,,,,,,,,,,,,,,,,,,,,,,,,,,,,,,,,,,TN,,,,,,,,,,
,1813086712,2023-12-15 21:55:29,206.0,44e8ffbec880bf30f09db0da6825bbe4fc3e1352,1349589,autoland,ContentfulSpeedIndex,True,microsoft ContentfulSpeedIndex opt fission warm webrender,,77,ms,firefox,False,|f|i|s|s|i|o|n| |w|a|r|m| |w|e|b|r|e|n|d|e|r|,,3776889,13,9b3df14599f65e991e2c4a5eaba7ebe76c85b8c3,102210fe594ee9b33d82058545b1ed14f4c8206e,linux1804-64-shippable-qr,microsoft,True,,,,,,,,,,,,,,,,,,,,,,,,,,,,,,,,,,,,,,,,,,,,,,,,,,TN,,,,,,,,,,
,1813023061,2023-12-15 22:23:20,209.6,cb0fb07166b17b6a9b02be0ce0b759a8ee337c3d,1349599,autoland,ContentfulSpeedIndex,True,microsoft ContentfulSpeedIndex opt fission warm webrender,,77,ms,firefox,False,|f|i|s|s|i|o|n| |w|a|r|m| |w|e|b|r|e|n|d|e|r|,,3776889,13,9b3df14599f65e991e2c4a5eaba7ebe76c85b8c3,102210fe594ee9b33d82058545b1ed14f4c8206e,linux1804-64-shippable-qr,microsoft,True,,,,,,,,,,,,,,,,,,,,,,,,,,,,,,,,,,,,,,,,,,,,,,,,,,TN,,,,,,,,,,
,1812998628,2023-12-16 02:28:17,207.5,33b0a0fecfd912ef3f540060b5e13f54db31d5cd,1349675,autoland,ContentfulSpeedIndex,True,microsoft ContentfulSpeedIndex opt fission warm webrender,,77,ms,firefox,False,|f|i|s|s|i|o|n| |w|a|r|m| |w|e|b|r|e|n|d|e|r|,,3776889,13,9b3df14599f65e991e2c4a5eaba7ebe76c85b8c3,102210fe594ee9b33d82058545b1ed14f4c8206e,linux1804-64-shippable-qr,microsoft,True,,,,,,,,,,,,,,,,,,,,,,,,,,,,,,,,,,,,,,,,,,,,,,,,,,TN,,,,,,,,,,
442537805.0,1822228760,2023-12-16 14:03:11,220.5,6d6d4867b0f48dce26d871d94c5f74f5a8ac6aaf,1349726,autoland,ContentfulSpeedIndex,True,microsoft ContentfulSpeedIndex opt fission warm webrender,,77,ms,firefox,False,|f|i|s|s|i|o|n| |w|a|r|m| |w|e|b|r|e|n|d|e|r|,,3776889,13,9b3df14599f65e991e2c4a5eaba7ebe76c85b8c3,102210fe594ee9b33d82058545b1ed14f4c8206e,linux1804-64-shippable-qr,microsoft,True,,,,,,,,,,,,,,,,,,,,,,,,,,,,,,,,,,,,,,,,,,,,,,,,,,TN,,,,,,,,,,
442537806.0,1822228792,2023-12-16 14:03:11,208.4,6d6d4867b0f48dce26d871d94c5f74f5a8ac6aaf,1349726,autoland,ContentfulSpeedIndex,True,microsoft ContentfulSpeedIndex opt fission warm webrender,,77,ms,firefox,False,|f|i|s|s|i|o|n| |w|a|r|m| |w|e|b|r|e|n|d|e|r|,,3776889,13,9b3df14599f65e991e2c4a5eaba7ebe76c85b8c3,102210fe594ee9b33d82058545b1ed14f4c8206e,linux1804-64-shippable-qr,microsoft,True,,,,,,,,,,,,,,,,,,,,,,,,,,,,,,,,,,,,,,,,,,,,,,,,,,TN,,,,,,,,,,
442537807.0,1822228694,2023-12-16 14:03:11,211.5,6d6d4867b0f48dce26d871d94c5f74f5a8ac6aaf,1349726,autoland,ContentfulSpeedIndex,True,microsoft ContentfulSpeedIndex opt fission warm webrender,,77,ms,firefox,False,|f|i|s|s|i|o|n| |w|a|r|m| |w|e|b|r|e|n|d|e|r|,,3776889,13,9b3df14599f65e991e2c4a5eaba7ebe76c85b8c3,102210fe594ee9b33d82058545b1ed14f4c8206e,linux1804-64-shippable-qr,microsoft,True,,,,,,,,,,,,,,,,,,,,,,,,,,,,,,,,,,,,,,,,,,,,,,,,,,TN,,,,,,,,,,
442537808.0,1822228710,2023-12-16 14:03:11,217.3,6d6d4867b0f48dce26d871d94c5f74f5a8ac6aaf,1349726,autoland,ContentfulSpeedIndex,True,microsoft ContentfulSpeedIndex opt fission warm webrender,,77,ms,firefox,False,|f|i|s|s|i|o|n| |w|a|r|m| |w|e|b|r|e|n|d|e|r|,,3776889,13,9b3df14599f65e991e2c4a5eaba7ebe76c85b8c3,102210fe594ee9b33d82058545b1ed14f4c8206e,linux1804-64-shippable-qr,microsoft,True,,,,,,,,,,,,,,,,,,,,,,,,,,,,,,,,,,,,,,,,,,,,,,,,,,TN,,,,,,,,,,
442537810.0,1822228834,2023-12-16 14:03:11,207.3,6d6d4867b0f48dce26d871d94c5f74f5a8ac6aaf,1349726,autoland,ContentfulSpeedIndex,True,microsoft ContentfulSpeedIndex opt fission warm webrender,,77,ms,firefox,False,|f|i|s|s|i|o|n| |w|a|r|m| |w|e|b|r|e|n|d|e|r|,,3776889,13,9b3df14599f65e991e2c4a5eaba7ebe76c85b8c3,102210fe594ee9b33d82058545b1ed14f4c8206e,linux1804-64-shippable-qr,microsoft,True,,,,,,,,,,,,,,,,,,,,,,,,,,,,,,,,,,,,,,,,,,,,,,,,,,TN,,,,,,,,,,
442537813.0,1822228620,2023-12-16 14:03:11,211.8,6d6d4867b0f48dce26d871d94c5f74f5a8ac6aaf,1349726,autoland,ContentfulSpeedIndex,True,microsoft ContentfulSpeedIndex opt fission warm webrender,,77,ms,firefox,False,|f|i|s|s|i|o|n| |w|a|r|m| |w|e|b|r|e|n|d|e|r|,,3776889,13,9b3df14599f65e991e2c4a5eaba7ebe76c85b8c3,102210fe594ee9b33d82058545b1ed14f4c8206e,linux1804-64-shippable-qr,microsoft,True,,,,,,,,,,,,,,,,,,,,,,,,,,,,,,,,,,,,,,,,,,,,,,,,,,TN,,,,,,,,,,
442537824.0,1822228737,2023-12-16 14:03:11,211.1,6d6d4867b0f48dce26d871d94c5f74f5a8ac6aaf,1349726,autoland,ContentfulSpeedIndex,True,microsoft ContentfulSpeedIndex opt fission warm webrender,,77,ms,firefox,False,|f|i|s|s|i|o|n| |w|a|r|m| |w|e|b|r|e|n|d|e|r|,,3776889,13,9b3df14599f65e991e2c4a5eaba7ebe76c85b8c3,102210fe594ee9b33d82058545b1ed14f4c8206e,linux1804-64-shippable-qr,microsoft,True,,,,,,,,,,,,,,,,,,,,,,,,,,,,,,,,,,,,,,,,,,,,,,,,,,TN,,,,,,,,,,
442538064.0,1822230225,2023-12-16 14:03:11,214.3,6d6d4867b0f48dce26d871d94c5f74f5a8ac6aaf,1349726,autoland,ContentfulSpeedIndex,True,microsoft ContentfulSpeedIndex opt fission warm webrender,,77,ms,firefox,False,|f|i|s|s|i|o|n| |w|a|r|m| |w|e|b|r|e|n|d|e|r|,,3776889,13,9b3df14599f65e991e2c4a5eaba7ebe76c85b8c3,102210fe594ee9b33d82058545b1ed14f4c8206e,linux1804-64-shippable-qr,microsoft,True,,,,,,,,,,,,,,,,,,,,,,,,,,,,,,,,,,,,,,,,,,,,,,,,,,TN,,,,,,,,,,
442538085.0,1822230327,2023-12-16 14:03:11,209.0,6d6d4867b0f48dce26d871d94c5f74f5a8ac6aaf,1349726,autoland,ContentfulSpeedIndex,True,microsoft ContentfulSpeedIndex opt fission warm webrender,,77,ms,firefox,False,|f|i|s|s|i|o|n| |w|a|r|m| |w|e|b|r|e|n|d|e|r|,,3776889,13,9b3df14599f65e991e2c4a5eaba7ebe76c85b8c3,102210fe594ee9b33d82058545b1ed14f4c8206e,linux1804-64-shippable-qr,microsoft,True,,,,,,,,,,,,,,,,,,,,,,,,,,,,,,,,,,,,,,,,,,,,,,,,,,TN,,,,,,,,,,
,1813167871,2023-12-16 14:03:11,216.7,6d6d4867b0f48dce26d871d94c5f74f5a8ac6aaf,1349726,autoland,ContentfulSpeedIndex,True,microsoft ContentfulSpeedIndex opt fission warm webrender,,77,ms,firefox,False,|f|i|s|s|i|o|n| |w|a|r|m| |w|e|b|r|e|n|d|e|r|,,3776889,13,9b3df14599f65e991e2c4a5eaba7ebe76c85b8c3,102210fe594ee9b33d82058545b1ed14f4c8206e,linux1804-64-shippable-qr,microsoft,True,,,,,,,,,,,,,,,,,,,,,,,,,,,,,,,,,,,,,,,,,,,,,,,,,,TN,,,,,,,,,,
442537800.0,1822228644,2023-12-17 06:27:55,204.2,2d19e1f44e562ba1bb3be1f4b8f95b9884d9b07d,1349827,autoland,ContentfulSpeedIndex,True,microsoft ContentfulSpeedIndex opt fission warm webrender,,77,ms,firefox,False,|f|i|s|s|i|o|n| |w|a|r|m| |w|e|b|r|e|n|d|e|r|,,3776889,13,9b3df14599f65e991e2c4a5eaba7ebe76c85b8c3,102210fe594ee9b33d82058545b1ed14f4c8206e,linux1804-64-shippable-qr,microsoft,True,,,,,,,,,,,,,,,,,,,,,,,,,,,,,,,,,,,,,,,,,,,,,,,,,,TN,,,,,,,,,,
442537801.0,1822228591,2023-12-17 06:27:55,210.2,2d19e1f44e562ba1bb3be1f4b8f95b9884d9b07d,1349827,autoland,ContentfulSpeedIndex,True,microsoft ContentfulSpeedIndex opt fission warm webrender,,77,ms,firefox,False,|f|i|s|s|i|o|n| |w|a|r|m| |w|e|b|r|e|n|d|e|r|,,3776889,13,9b3df14599f65e991e2c4a5eaba7ebe76c85b8c3,102210fe594ee9b33d82058545b1ed14f4c8206e,linux1804-64-shippable-qr,microsoft,True,,,,,,,,,,,,,,,,,,,,,,,,,,,,,,,,,,,,,,,,,,,,,,,,,,TN,,,,,,,,,,
442537802.0,1822228667,2023-12-17 06:27:55,210.3,2d19e1f44e562ba1bb3be1f4b8f95b9884d9b07d,1349827,autoland,ContentfulSpeedIndex,True,microsoft ContentfulSpeedIndex opt fission warm webrender,,77,ms,firefox,False,|f|i|s|s|i|o|n| |w|a|r|m| |w|e|b|r|e|n|d|e|r|,,3776889,13,9b3df14599f65e991e2c4a5eaba7ebe76c85b8c3,102210fe594ee9b33d82058545b1ed14f4c8206e,linux1804-64-shippable-qr,microsoft,True,,,,,,,,,,,,,,,,,,,,,,,,,,,,,,,,,,,,,,,,,,,,,,,,,,TN,,,,,,,,,,
442537803.0,1822228556,2023-12-17 06:27:55,216.2,2d19e1f44e562ba1bb3be1f4b8f95b9884d9b07d,1349827,autoland,ContentfulSpeedIndex,True,microsoft ContentfulSpeedIndex opt fission warm webrender,,77,ms,firefox,False,|f|i|s|s|i|o|n| |w|a|r|m| |w|e|b|r|e|n|d|e|r|,,3776889,13,9b3df14599f65e991e2c4a5eaba7ebe76c85b8c3,102210fe594ee9b33d82058545b1ed14f4c8206e,linux1804-64-shippable-qr,microsoft,True,,,,,,,,,,,,,,,,,,,,,,,,,,,,,,,,,,,,,,,,,,,,,,,,,,TN,,,,,,,,,,
442537804.0,1822228586,2023-12-17 06:27:55,213.2,2d19e1f44e562ba1bb3be1f4b8f95b9884d9b07d,1349827,autoland,ContentfulSpeedIndex,True,microsoft ContentfulSpeedIndex opt fission warm webrender,,77,ms,firefox,False,|f|i|s|s|i|o|n| |w|a|r|m| |w|e|b|r|e|n|d|e|r|,,3776889,13,9b3df14599f65e991e2c4a5eaba7ebe76c85b8c3,102210fe594ee9b33d82058545b1ed14f4c8206e,linux1804-64-shippable-qr,microsoft,True,,,,,,,,,,,,,,,,,,,,,,,,,,,,,,,,,,,,,,,,,,,,,,,,,,TN,,,,,,,,,,
442538082.0,1822230254,2023-12-17 06:27:55,212.6,2d19e1f44e562ba1bb3be1f4b8f95b9884d9b07d,1349827,autoland,ContentfulSpeedIndex,True,microsoft ContentfulSpeedIndex opt fission warm webrender,,77,ms,firefox,False,|f|i|s|s|i|o|n| |w|a|r|m| |w|e|b|r|e|n|d|e|r|,,3776889,13,9b3df14599f65e991e2c4a5eaba7ebe76c85b8c3,102210fe594ee9b33d82058545b1ed14f4c8206e,linux1804-64-shippable-qr,microsoft,True,,,,,,,,,,,,,,,,,,,,,,,,,,,,,,,,,,,,,,,,,,,,,,,,,,TN,,,,,,,,,,
442538086.0,1822230509,2023-12-17 06:27:55,205.2,2d19e1f44e562ba1bb3be1f4b8f95b9884d9b07d,1349827,autoland,ContentfulSpeedIndex,True,microsoft ContentfulSpeedIndex opt fission warm webrender,,77,ms,firefox,False,|f|i|s|s|i|o|n| |w|a|r|m| |w|e|b|r|e|n|d|e|r|,,3776889,13,9b3df14599f65e991e2c4a5eaba7ebe76c85b8c3,102210fe594ee9b33d82058545b1ed14f4c8206e,linux1804-64-shippable-qr,microsoft,True,,,,,,,,,,,,,,,,,,,,,,,,,,,,,,,,,,,,,,,,,,,,,,,,,,TN,,,,,,,,,,
442538214.0,1822229350,2023-12-17 06:27:55,177.6,2d19e1f44e562ba1bb3be1f4b8f95b9884d9b07d,1349827,autoland,ContentfulSpeedIndex,True,microsoft ContentfulSpeedIndex opt fission warm webrender,,77,ms,firefox,False,|f|i|s|s|i|o|n| |w|a|r|m| |w|e|b|r|e|n|d|e|r|,,3776889,13,9b3df14599f65e991e2c4a5eaba7ebe76c85b8c3,102210fe594ee9b33d82058545b1ed14f4c8206e,linux1804-64-shippable-qr,microsoft,True,,,,,,,,,,,,,,,,,,,,,,,,,,,,,,,,,,,,,,,,,,,,,,,,,,TN,,,,,,,,,,
442538215.0,1822230930,2023-12-17 06:27:55,214.5,2d19e1f44e562ba1bb3be1f4b8f95b9884d9b07d,1349827,autoland,ContentfulSpeedIndex,True,microsoft ContentfulSpeedIndex opt fission warm webrender,,77,ms,firefox,False,|f|i|s|s|i|o|n| |w|a|r|m| |w|e|b|r|e|n|d|e|r|,,3776889,13,9b3df14599f65e991e2c4a5eaba7ebe76c85b8c3,102210fe594ee9b33d82058545b1ed14f4c8206e,linux1804-64-shippable-qr,microsoft,True,,,,,,,,,,,,,,,,,,,,,,,,,,,,,,,,,,,,,,,,,,,,,,,,,,TN,,,,,,,,,,
,1813341783,2023-12-17 06:27:55,208.6,2d19e1f44e562ba1bb3be1f4b8f95b9884d9b07d,1349827,autoland,ContentfulSpeedIndex,True,microsoft ContentfulSpeedIndex opt fission warm webrender,,77,ms,firefox,False,|f|i|s|s|i|o|n| |w|a|r|m| |w|e|b|r|e|n|d|e|r|,,3776889,13,9b3df14599f65e991e2c4a5eaba7ebe76c85b8c3,102210fe594ee9b33d82058545b1ed14f4c8206e,linux1804-64-shippable-qr,microsoft,True,,,,,,,,,,,,,,,,,,,,,,,,,,,,,,,,,,,,,,,,,,,,,,,,,,TN,,,,,,,,,,
,1813435101,2023-12-17 14:26:46,208.6,ab5e2f241728caa5dc020e829b1045df55247758,1349862,autoland,ContentfulSpeedIndex,True,microsoft ContentfulSpeedIndex opt fission warm webrender,,77,ms,firefox,False,|f|i|s|s|i|o|n| |w|a|r|m| |w|e|b|r|e|n|d|e|r|,,3776889,13,9b3df14599f65e991e2c4a5eaba7ebe76c85b8c3,102210fe594ee9b33d82058545b1ed14f4c8206e,linux1804-64-shippable-qr,microsoft,True,,,,,,,,,,,,,,,,,,,,,,,,,,,,,,,,,,,,,,,,,,,,,,,,,,TN,,,,,,,,,,
,1813530890,2023-12-18 01:43:16,210.2,b46057158b0694677a8174089de1cb8929d3116b,1349993,autoland,ContentfulSpeedIndex,True,microsoft ContentfulSpeedIndex opt fission warm webrender,,77,ms,firefox,False,|f|i|s|s|i|o|n| |w|a|r|m| |w|e|b|r|e|n|d|e|r|,,3776889,13,9b3df14599f65e991e2c4a5eaba7ebe76c85b8c3,102210fe594ee9b33d82058545b1ed14f4c8206e,linux1804-64-shippable-qr,microsoft,True,,,,,,,,,,,,,,,,,,,,,,,,,,,,,,,,,,,,,,,,,,,,,,,,,,TN,,,,,,,,,,
,1813571757,2023-12-18 05:48:57,214.4,1d2ed0b2947385e77bd609220eb0e453b44d4cb3,1350028,autoland,ContentfulSpeedIndex,True,microsoft ContentfulSpeedIndex opt fission warm webrender,,77,ms,firefox,False,|f|i|s|s|i|o|n| |w|a|r|m| |w|e|b|r|e|n|d|e|r|,,3776889,13,9b3df14599f65e991e2c4a5eaba7ebe76c85b8c3,102210fe594ee9b33d82058545b1ed14f4c8206e,linux1804-64-shippable-qr,microsoft,True,,,,,,,,,,,,,,,,,,,,,,,,,,,,,,,,,,,,,,,,,,,,,,,,,,TN,,,,,,,,,,
,1813664870,2023-12-18 10:08:52,208.4,1f7904968650806af8d68bbc64a717bac22df318,1350088,autoland,ContentfulSpeedIndex,True,microsoft ContentfulSpeedIndex opt fission warm webrender,,77,ms,firefox,False,|f|i|s|s|i|o|n| |w|a|r|m| |w|e|b|r|e|n|d|e|r|,,3776889,13,9b3df14599f65e991e2c4a5eaba7ebe76c85b8c3,102210fe594ee9b33d82058545b1ed14f4c8206e,linux1804-64-shippable-qr,microsoft,True,,,,,,,,,,,,,,,,,,,,,,,,,,,,,,,,,,,,,,,,,,,,,,,,,,TN,,,,,,,,,,
,1813682118,2023-12-18 10:23:12,210.4,ba2e5b5e061b5024cc487a16c7e553de9e5e8a2d,1350096,autoland,ContentfulSpeedIndex,True,microsoft ContentfulSpeedIndex opt fission warm webrender,,77,ms,firefox,False,|f|i|s|s|i|o|n| |w|a|r|m| |w|e|b|r|e|n|d|e|r|,,3776889,13,9b3df14599f65e991e2c4a5eaba7ebe76c85b8c3,102210fe594ee9b33d82058545b1ed14f4c8206e,linux1804-64-shippable-qr,microsoft,True,,,,,,,,,,,,,,,,,,,,,,,,,,,,,,,,,,,,,,,,,,,,,,,,,,TN,,,,,,,,,,
,1813878377,2023-12-18 14:56:17,219.1,8942476b2dcd0a89abfb3183ea577d611785e77e,1350212,autoland,ContentfulSpeedIndex,True,microsoft ContentfulSpeedIndex opt fission warm webrender,,77,ms,firefox,False,|f|i|s|s|i|o|n| |w|a|r|m| |w|e|b|r|e|n|d|e|r|,,3776889,13,9b3df14599f65e991e2c4a5eaba7ebe76c85b8c3,102210fe594ee9b33d82058545b1ed14f4c8206e,linux1804-64-shippable-qr,microsoft,True,,,,,,,,,,,,,,,,,,,,,,,,,,,,,,,,,,,,,,,,,,,,,,,,,,TN,,,,,,,,,,
,1813827065,2023-12-18 15:53:23,211.3,e409a860d27d9dbd962eb6568c1700e2aa2716aa,1350255,autoland,ContentfulSpeedIndex,True,microsoft ContentfulSpeedIndex opt fission warm webrender,,77,ms,firefox,False,|f|i|s|s|i|o|n| |w|a|r|m| |w|e|b|r|e|n|d|e|r|,,3776889,13,9b3df14599f65e991e2c4a5eaba7ebe76c85b8c3,102210fe594ee9b33d82058545b1ed14f4c8206e,linux1804-64-shippable-qr,microsoft,True,,,,,,,,,,,,,,,,,,,,,,,,,,,,,,,,,,,,,,,,,,,,,,,,,,TN,,,,,,,,,,
,1813917638,2023-12-18 18:13:05,208.3,c909d207f316bf0512f63f8262872083353a6ef5,1350369,autoland,ContentfulSpeedIndex,True,microsoft ContentfulSpeedIndex opt fission warm webrender,,77,ms,firefox,False,|f|i|s|s|i|o|n| |w|a|r|m| |w|e|b|r|e|n|d|e|r|,,3776889,13,9b3df14599f65e991e2c4a5eaba7ebe76c85b8c3,102210fe594ee9b33d82058545b1ed14f4c8206e,linux1804-64-shippable-qr,microsoft,True,,,,,,,,,,,,,,,,,,,,,,,,,,,,,,,,,,,,,,,,,,,,,,,,,,TN,,,,,,,,,,
,1814014815,2023-12-18 20:47:25,211.0,593e78a41c38b062baab03b6280366f86d0d233c,1350523,autoland,ContentfulSpeedIndex,True,microsoft ContentfulSpeedIndex opt fission warm webrender,,77,ms,firefox,False,|f|i|s|s|i|o|n| |w|a|r|m| |w|e|b|r|e|n|d|e|r|,,3776889,13,9b3df14599f65e991e2c4a5eaba7ebe76c85b8c3,102210fe594ee9b33d82058545b1ed14f4c8206e,linux1804-64-shippable-qr,microsoft,True,,,,,,,,,,,,,,,,,,,,,,,,,,,,,,,,,,,,,,,,,,,,,,,,,,TN,,,,,,,,,,
,1814084679,2023-12-19 00:56:17,215.7,4bc62630a431fca569dfb1add5eee214dcdd091c,1350695,autoland,ContentfulSpeedIndex,True,microsoft ContentfulSpeedIndex opt fission warm webrender,,77,ms,firefox,False,|f|i|s|s|i|o|n| |w|a|r|m| |w|e|b|r|e|n|d|e|r|,,3776889,13,9b3df14599f65e991e2c4a5eaba7ebe76c85b8c3,102210fe594ee9b33d82058545b1ed14f4c8206e,linux1804-64-shippable-qr,microsoft,True,,,,,,,,,,,,,,,,,,,,,,,,,,,,,,,,,,,,,,,,,,,,,,,,,,TN,,,,,,,,,,
,1814105885,2023-12-19 02:00:57,177.4,7e32f178b02fef938f803492c4bfd6d897ffcb21,1350710,autoland,ContentfulSpeedIndex,True,microsoft ContentfulSpeedIndex opt fission warm webrender,,77,ms,firefox,False,|f|i|s|s|i|o|n| |w|a|r|m| |w|e|b|r|e|n|d|e|r|,,3776889,13,9b3df14599f65e991e2c4a5eaba7ebe76c85b8c3,102210fe594ee9b33d82058545b1ed14f4c8206e,linux1804-64-shippable-qr,microsoft,True,,,,,,,,,,,,,,,,,,,,,,,,,,,,,,,,,,,,,,,,,,,,,,,,,,TN,,,,,,,,,,
,1814200207,2023-12-19 06:19:40,209.9,05b607c3bbe6ca02e9133ecb969e033fd3d7959e,1350758,autoland,ContentfulSpeedIndex,True,microsoft ContentfulSpeedIndex opt fission warm webrender,,77,ms,firefox,False,|f|i|s|s|i|o|n| |w|a|r|m| |w|e|b|r|e|n|d|e|r|,,3776889,13,9b3df14599f65e991e2c4a5eaba7ebe76c85b8c3,102210fe594ee9b33d82058545b1ed14f4c8206e,linux1804-64-shippable-qr,microsoft,True,,,,,,,,,,,,,,,,,,,,,,,,,,,,,,,,,,,,,,,,,,,,,,,,,,TN,,,,,,,,,,
,1814293521,2023-12-19 10:31:52,210.0,8efb8cc3558006677c6d18fcf41c3445498e257c,1350823,autoland,ContentfulSpeedIndex,True,microsoft ContentfulSpeedIndex opt fission warm webrender,,77,ms,firefox,False,|f|i|s|s|i|o|n| |w|a|r|m| |w|e|b|r|e|n|d|e|r|,,3776889,13,9b3df14599f65e991e2c4a5eaba7ebe76c85b8c3,102210fe594ee9b33d82058545b1ed14f4c8206e,linux1804-64-shippable-qr,microsoft,True,,,,,,,,,,,,,,,,,,,,,,,,,,,,,,,,,,,,,,,,,,,,,,,,,,TN,,,,,,,,,,
,1814355076,2023-12-19 10:59:27,208.3,e382d15d709c00d2fc941c2d6e9344b826246c27,1350835,autoland,ContentfulSpeedIndex,True,microsoft ContentfulSpeedIndex opt fission warm webrender,,77,ms,firefox,False,|f|i|s|s|i|o|n| |w|a|r|m| |w|e|b|r|e|n|d|e|r|,,3776889,13,9b3df14599f65e991e2c4a5eaba7ebe76c85b8c3,102210fe594ee9b33d82058545b1ed14f4c8206e,linux1804-64-shippable-qr,microsoft,True,,,,,,,,,,,,,,,,,,,,,,,,,,,,,,,,,,,,,,,,,,,,,,,,,,TN,,,,,,,,,,
,1814923870,2023-12-19 13:19:02,216.2,be64555d77f881872b0f03c41f3ab33631d3ac01,1350903,autoland,ContentfulSpeedIndex,True,microsoft ContentfulSpeedIndex opt fission warm webrender,,77,ms,firefox,False,|f|i|s|s|i|o|n| |w|a|r|m| |w|e|b|r|e|n|d|e|r|,,3776889,13,9b3df14599f65e991e2c4a5eaba7ebe76c85b8c3,102210fe594ee9b33d82058545b1ed14f4c8206e,linux1804-64-shippable-qr,microsoft,True,,,,,,,,,,,,,,,,,,,,,,,,,,,,,,,,,,,,,,,,,,,,,,,,,,TN,,,,,,,,,,
,1814931385,2023-12-19 13:50:50,203.8,b6f6bcaf2283fe3a010ced1fe192f3a3f164b583,1350921,autoland,ContentfulSpeedIndex,True,microsoft ContentfulSpeedIndex opt fission warm webrender,,77,ms,firefox,False,|f|i|s|s|i|o|n| |w|a|r|m| |w|e|b|r|e|n|d|e|r|,,3776889,13,9b3df14599f65e991e2c4a5eaba7ebe76c85b8c3,102210fe594ee9b33d82058545b1ed14f4c8206e,linux1804-64-shippable-qr,microsoft,True,,,,,,,,,,,,,,,,,,,,,,,,,,,,,,,,,,,,,,,,,,,,,,,,,,TN,,,,,,,,,,
,1814945399,2023-12-19 13:51:47,211.6,3e5f50c1f3ddf4e4cdc9218c20a6fda61fb8072f,1350923,autoland,ContentfulSpeedIndex,True,microsoft ContentfulSpeedIndex opt fission warm webrender,,77,ms,firefox,False,|f|i|s|s|i|o|n| |w|a|r|m| |w|e|b|r|e|n|d|e|r|,,3776889,13,9b3df14599f65e991e2c4a5eaba7ebe76c85b8c3,102210fe594ee9b33d82058545b1ed14f4c8206e,linux1804-64-shippable-qr,microsoft,True,,,,,,,,,,,,,,,,,,,,,,,,,,,,,,,,,,,,,,,,,,,,,,,,,,TN,,,,,,,,,,
,1814462508,2023-12-19 15:05:00,206.8,58a9c7e82a58e7e951a669f0634901963c5ed696,1350969,autoland,ContentfulSpeedIndex,True,microsoft ContentfulSpeedIndex opt fission warm webrender,,77,ms,firefox,False,|f|i|s|s|i|o|n| |w|a|r|m| |w|e|b|r|e|n|d|e|r|,,3776889,13,9b3df14599f65e991e2c4a5eaba7ebe76c85b8c3,102210fe594ee9b33d82058545b1ed14f4c8206e,linux1804-64-shippable-qr,microsoft,True,,,,,,,,,,,,,,,,,,,,,,,,,,,,,,,,,,,,,,,,,,,,,,,,,,TN,,,,,,,,,,
,1814505863,2023-12-19 15:55:04,216.0,ffd610f5a3bc262042d0839f354a1cf0cc9d5dff,1351025,autoland,ContentfulSpeedIndex,True,microsoft ContentfulSpeedIndex opt fission warm webrender,,77,ms,firefox,False,|f|i|s|s|i|o|n| |w|a|r|m| |w|e|b|r|e|n|d|e|r|,,3776889,13,9b3df14599f65e991e2c4a5eaba7ebe76c85b8c3,102210fe594ee9b33d82058545b1ed14f4c8206e,linux1804-64-shippable-qr,microsoft,True,,,,,,,,,,,,,,,,,,,,,,,,,,,,,,,,,,,,,,,,,,,,,,,,,,TN,,,,,,,,,,
,1814667720,2023-12-19 20:21:31,217.9,b50326daf412a23a363c8ca18b03b1dcede121ff,1351238,autoland,ContentfulSpeedIndex,True,microsoft ContentfulSpeedIndex opt fission warm webrender,,77,ms,firefox,False,|f|i|s|s|i|o|n| |w|a|r|m| |w|e|b|r|e|n|d|e|r|,,3776889,13,9b3df14599f65e991e2c4a5eaba7ebe76c85b8c3,102210fe594ee9b33d82058545b1ed14f4c8206e,linux1804-64-shippable-qr,microsoft,True,,,,,,,,,,,,,,,,,,,,,,,,,,,,,,,,,,,,,,,,,,,,,,,,,,TN,,,,,,,,,,
441558213.0,1818070945,2023-12-19 20:32:26,208.8,b1c8877fa4c8d52748235c762c0c5b2564e3ae74,1351244,autoland,ContentfulSpeedIndex,True,microsoft ContentfulSpeedIndex opt fission warm webrender,,77,ms,firefox,False,|f|i|s|s|i|o|n| |w|a|r|m| |w|e|b|r|e|n|d|e|r|,,3776889,13,9b3df14599f65e991e2c4a5eaba7ebe76c85b8c3,102210fe594ee9b33d82058545b1ed14f4c8206e,linux1804-64-shippable-qr,microsoft,True,,,,,,,,,,,,,,,,,,,,,,,,,,,,,,,,,,,,,,,,,,,,,,,,,,TN,,,,,,,,,,
441554072.0,1818044170,2023-12-19 20:47:13,208.7,4d0b3e4d35b99b99f65c8e7308d314054ab33a8d,1351253,autoland,ContentfulSpeedIndex,True,microsoft ContentfulSpeedIndex opt fission warm webrender,,77,ms,firefox,False,|f|i|s|s|i|o|n| |w|a|r|m| |w|e|b|r|e|n|d|e|r|,,3776889,13,9b3df14599f65e991e2c4a5eaba7ebe76c85b8c3,102210fe594ee9b33d82058545b1ed14f4c8206e,linux1804-64-shippable-qr,microsoft,True,,,,,,,,,,,,,,,,,,,,,,,,,,,,,,,,,,,,,,,,,,,,,,,,,,TN,,,,,,,,,,
441558174.0,1818067925,2023-12-19 21:00:17,209.5,d29b358c755596dbb9798003aaf3526b160be562,1351260,autoland,ContentfulSpeedIndex,True,microsoft ContentfulSpeedIndex opt fission warm webrender,,77,ms,firefox,False,|f|i|s|s|i|o|n| |w|a|r|m| |w|e|b|r|e|n|d|e|r|,,3776889,13,9b3df14599f65e991e2c4a5eaba7ebe76c85b8c3,102210fe594ee9b33d82058545b1ed14f4c8206e,linux1804-64-shippable-qr,microsoft,True,,,,,,,,,,,,,,,,,,,,,,,,,,,,,,,,,,,,,,,,,,,,,,,,,,TN,,,,,,,,,,
441564398.0,1818121639,2023-12-19 21:14:38,207.3,00607d4c6ad31a00afb7e890711f249d5421df40,1351271,autoland,ContentfulSpeedIndex,True,microsoft ContentfulSpeedIndex opt fission warm webrender,,77,ms,firefox,False,|f|i|s|s|i|o|n| |w|a|r|m| |w|e|b|r|e|n|d|e|r|,,3776889,13,9b3df14599f65e991e2c4a5eaba7ebe76c85b8c3,102210fe594ee9b33d82058545b1ed14f4c8206e,linux1804-64-shippable-qr,microsoft,True,,,,,,,,,,,,,,,,,,,,,,,,,,,,,,,,,,,,,,,,,,,,,,,,,,TN,,,,,,,,,,
441553165.0,1818007487,2023-12-19 21:17:39,214.7,da91b70056f18d5f1cfc9f2e594ef1166d323018,1351275,autoland,ContentfulSpeedIndex,True,microsoft ContentfulSpeedIndex opt fission warm webrender,,77,ms,firefox,False,|f|i|s|s|i|o|n| |w|a|r|m| |w|e|b|r|e|n|d|e|r|,,3776889,13,9b3df14599f65e991e2c4a5eaba7ebe76c85b8c3,102210fe594ee9b33d82058545b1ed14f4c8206e,linux1804-64-shippable-qr,microsoft,True,,,,,,,,,,,,,,,,,,,,,,,,,,,,,,,,,,,,,,,,,,,,,,,,,,TN,,,,,,,,,,
441550609.0,1817990761,2023-12-19 21:18:40,212.8,31eaa2b1cf1b61e0b8868c53cf6bdbfc14805942,1351276,autoland,ContentfulSpeedIndex,True,microsoft ContentfulSpeedIndex opt fission warm webrender,,77,ms,firefox,False,|f|i|s|s|i|o|n| |w|a|r|m| |w|e|b|r|e|n|d|e|r|,,3776889,13,9b3df14599f65e991e2c4a5eaba7ebe76c85b8c3,102210fe594ee9b33d82058545b1ed14f4c8206e,linux1804-64-shippable-qr,microsoft,True,,,,,,,,,,,,,,,,,,,,,,,,,,,,,,,,,,,,,,,,,,,,,,,,,,TN,,,,,,,,,,
,1814683074,2023-12-19 21:18:40,209.7,31eaa2b1cf1b61e0b8868c53cf6bdbfc14805942,1351276,autoland,ContentfulSpeedIndex,True,microsoft ContentfulSpeedIndex opt fission warm webrender,,77,ms,firefox,False,|f|i|s|s|i|o|n| |w|a|r|m| |w|e|b|r|e|n|d|e|r|,,3776889,13,9b3df14599f65e991e2c4a5eaba7ebe76c85b8c3,102210fe594ee9b33d82058545b1ed14f4c8206e,linux1804-64-shippable-qr,microsoft,True,,,,,,,,,,,,,,,,,,,,,,,,,,,,,,,,,,,,,,,,,,,,,,,,,,TN,,,,,,,,,,
441550602.0,1817990703,2023-12-19 21:48:39,209.8,97735da9213cb626d11384ba230aabcf0d898fb8,1351296,autoland,ContentfulSpeedIndex,True,microsoft ContentfulSpeedIndex opt fission warm webrender,,77,ms,firefox,False,|f|i|s|s|i|o|n| |w|a|r|m| |w|e|b|r|e|n|d|e|r|,,3776889,13,9b3df14599f65e991e2c4a5eaba7ebe76c85b8c3,102210fe594ee9b33d82058545b1ed14f4c8206e,linux1804-64-shippable-qr,microsoft,True,,,,,,,,,,,,,,,,,,,,,,,,,,,,,,,,,,,,,,,,,,,,,,,,,,TN,,,,,,,,,,
441550607.0,1817990729,2023-12-19 22:10:27,214.3,bfde20cdac84a12c9689e592235256910c333227,1351305,autoland,ContentfulSpeedIndex,True,microsoft ContentfulSpeedIndex opt fission warm webrender,,77,ms,firefox,False,|f|i|s|s|i|o|n| |w|a|r|m| |w|e|b|r|e|n|d|e|r|,,3776889,13,9b3df14599f65e991e2c4a5eaba7ebe76c85b8c3,102210fe594ee9b33d82058545b1ed14f4c8206e,linux1804-64-shippable-qr,microsoft,True,,,,,,,,,,,,,,,,,,,,,,,,,,,,,,,,,,,,,,,,,,,,,,,,,,TN,,,,,,,,,,
441550608.0,1817990786,2023-12-19 22:13:59,213.3,ab7ae997e07164aa2304f5f1d6513d025409c1ae,1351307,autoland,ContentfulSpeedIndex,True,microsoft ContentfulSpeedIndex opt fission warm webrender,,77,ms,firefox,False,|f|i|s|s|i|o|n| |w|a|r|m| |w|e|b|r|e|n|d|e|r|,,3776889,13,9b3df14599f65e991e2c4a5eaba7ebe76c85b8c3,102210fe594ee9b33d82058545b1ed14f4c8206e,linux1804-64-shippable-qr,microsoft,True,,,,,,,,,,,,,,,,,,,,,,,,,,,,,,,,,,,,,,,,,,,,,,,,,,TN,,,,,,,,,,
441550613.0,1817990960,2023-12-19 22:17:57,209.9,0b1595c2937d25acc1520945251bed02f538eea3,1351310,autoland,ContentfulSpeedIndex,True,microsoft ContentfulSpeedIndex opt fission warm webrender,,77,ms,firefox,False,|f|i|s|s|i|o|n| |w|a|r|m| |w|e|b|r|e|n|d|e|r|,,3776889,13,9b3df14599f65e991e2c4a5eaba7ebe76c85b8c3,102210fe594ee9b33d82058545b1ed14f4c8206e,linux1804-64-shippable-qr,microsoft,True,,,,,,,,,,,,,,,,,,,,,,,,,,,,,,,,,,,,,,,,,,,,,,,,,,TN,,,,,,,,,,
441550612.0,1817990820,2023-12-19 22:41:16,204.0,582f5608c0a3d1f7fa784427a517c3923c18cd0f,1351332,autoland,ContentfulSpeedIndex,True,microsoft ContentfulSpeedIndex opt fission warm webrender,,77,ms,firefox,False,|f|i|s|s|i|o|n| |w|a|r|m| |w|e|b|r|e|n|d|e|r|,,3776889,13,9b3df14599f65e991e2c4a5eaba7ebe76c85b8c3,102210fe594ee9b33d82058545b1ed14f4c8206e,linux1804-64-shippable-qr,microsoft,True,,,,,,,,,,,,,,,,,,,,,,,,,,,,,,,,,,,,,,,,,,,,,,,,,,TN,,,,,,,,,,
441550614.0,1817991187,2023-12-19 22:55:20,211.5,a0de58b2c492489abee446920eb93c5d47d05060,1351338,autoland,ContentfulSpeedIndex,True,microsoft ContentfulSpeedIndex opt fission warm webrender,,77,ms,firefox,False,|f|i|s|s|i|o|n| |w|a|r|m| |w|e|b|r|e|n|d|e|r|,,3776889,13,9b3df14599f65e991e2c4a5eaba7ebe76c85b8c3,102210fe594ee9b33d82058545b1ed14f4c8206e,linux1804-64-shippable-qr,microsoft,True,,,,,,,,,,,,,,,,,,,,,,,,,,,,,,,,,,,,,,,,,,,,,,,,,,TN,,,,,,,,,,
441550615.0,1817990918,2023-12-19 23:05:32,210.0,ece3e5e72f033ff947400e1c496c5e72123c04f3,1351346,autoland,ContentfulSpeedIndex,True,microsoft ContentfulSpeedIndex opt fission warm webrender,,77,ms,firefox,False,|f|i|s|s|i|o|n| |w|a|r|m| |w|e|b|r|e|n|d|e|r|,,3776889,13,9b3df14599f65e991e2c4a5eaba7ebe76c85b8c3,102210fe594ee9b33d82058545b1ed14f4c8206e,linux1804-64-shippable-qr,microsoft,True,,,,,,,,,,,,,,,,,,,,,,,,,,,,,,,,,,,,,,,,,,,,,,,,,,TN,,,,,,,,,,
441550618.0,1817991343,2023-12-19 23:16:49,206.9,1d9c232483cfcaaff047f4bfea1dea9dda01edb3,1351353,autoland,ContentfulSpeedIndex,True,microsoft ContentfulSpeedIndex opt fission warm webrender,,77,ms,firefox,False,|f|i|s|s|i|o|n| |w|a|r|m| |w|e|b|r|e|n|d|e|r|,,3776889,13,9b3df14599f65e991e2c4a5eaba7ebe76c85b8c3,102210fe594ee9b33d82058545b1ed14f4c8206e,linux1804-64-shippable-qr,microsoft,True,,,,,,,,,,,,,,,,,,,,,,,,,,,,,,,,,,,,,,,,,,,,,,,,,,TN,,,,,,,,,,
441550622.0,1817991300,2023-12-19 23:29:11,211.3,b1f6bb1de7002c2ee3c4f7313f30baf67cbb8b9f,1351362,autoland,ContentfulSpeedIndex,True,microsoft ContentfulSpeedIndex opt fission warm webrender,,77,ms,firefox,False,|f|i|s|s|i|o|n| |w|a|r|m| |w|e|b|r|e|n|d|e|r|,,3776889,13,9b3df14599f65e991e2c4a5eaba7ebe76c85b8c3,102210fe594ee9b33d82058545b1ed14f4c8206e,linux1804-64-shippable-qr,microsoft,True,,,,,,,,,,,,,,,,,,,,,,,,,,,,,,,,,,,,,,,,,,,,,,,,,,TN,,,,,,,,,,
441550617.0,1817990859,2023-12-19 23:30:48,212.9,a63bafb44df0811c56c57b1fadd1c10261fd8c3e,1351365,autoland,ContentfulSpeedIndex,True,microsoft ContentfulSpeedIndex opt fission warm webrender,,77,ms,firefox,False,|f|i|s|s|i|o|n| |w|a|r|m| |w|e|b|r|e|n|d|e|r|,,3776889,13,9b3df14599f65e991e2c4a5eaba7ebe76c85b8c3,102210fe594ee9b33d82058545b1ed14f4c8206e,linux1804-64-shippable-qr,microsoft,True,,,,,,,,,,,,,,,,,,,,,,,,,,,,,,,,,,,,,,,,,,,,,,,,,,TN,,,,,,,,,,
441550619.0,1817991061,2023-12-19 23:51:49,214.3,a09e8b043415d2ccd78a107d364615bb03952d4d,1351375,autoland,ContentfulSpeedIndex,True,microsoft ContentfulSpeedIndex opt fission warm webrender,,77,ms,firefox,False,|f|i|s|s|i|o|n| |w|a|r|m| |w|e|b|r|e|n|d|e|r|,,3776889,13,9b3df14599f65e991e2c4a5eaba7ebe76c85b8c3,102210fe594ee9b33d82058545b1ed14f4c8206e,linux1804-64-shippable-qr,microsoft,True,,,,,,,,,,,,,,,,,,,,,,,,,,,,,,,,,,,,,,,,,,,,,,,,,,TN,,,,,,,,,,
441550620.0,1817991224,2023-12-20 00:05:54,208.4,58e3241edab78a271810244d5a6838c771434308,1351389,autoland,ContentfulSpeedIndex,True,microsoft ContentfulSpeedIndex opt fission warm webrender,,77,ms,firefox,False,|f|i|s|s|i|o|n| |w|a|r|m| |w|e|b|r|e|n|d|e|r|,,3776889,13,9b3df14599f65e991e2c4a5eaba7ebe76c85b8c3,102210fe594ee9b33d82058545b1ed14f4c8206e,linux1804-64-shippable-qr,microsoft,True,,,,,,,,,,,,,,,,,,,,,,,,,,,,,,,,,,,,,,,,,,,,,,,,,,TN,,,,,,,,,,
441550621.0,1817991326,2023-12-20 00:18:13,211.3,08267b4d217df2b458757ad8ee1613b7826387a1,1351394,autoland,ContentfulSpeedIndex,True,microsoft ContentfulSpeedIndex opt fission warm webrender,,77,ms,firefox,False,|f|i|s|s|i|o|n| |w|a|r|m| |w|e|b|r|e|n|d|e|r|,,3776889,13,9b3df14599f65e991e2c4a5eaba7ebe76c85b8c3,102210fe594ee9b33d82058545b1ed14f4c8206e,linux1804-64-shippable-qr,microsoft,True,,,,,,,,,,,,,,,,,,,,,,,,,,,,,,,,,,,,,,,,,,,,,,,,,,TN,,,,,,,,,,
441550623.0,1817991400,2023-12-20 00:28:24,211.6,3d4cbc6aa840be8c0afafeb9d7f06e848687b35c,1351398,autoland,ContentfulSpeedIndex,True,microsoft ContentfulSpeedIndex opt fission warm webrender,,77,ms,firefox,False,|f|i|s|s|i|o|n| |w|a|r|m| |w|e|b|r|e|n|d|e|r|,,3776889,13,9b3df14599f65e991e2c4a5eaba7ebe76c85b8c3,102210fe594ee9b33d82058545b1ed14f4c8206e,linux1804-64-shippable-qr,microsoft,True,,,,,,,,,,,,,,,,,,,,,,,,,,,,,,,,,,,,,,,,,,,,,,,,,,TN,,,,,,,,,,
441550626.0,1817991274,2023-12-20 00:52:02,209.7,1f6715f09a63a3b8dde0d5bff6b5dc852beca296,1351406,autoland,ContentfulSpeedIndex,True,microsoft ContentfulSpeedIndex opt fission warm webrender,,77,ms,firefox,False,|f|i|s|s|i|o|n| |w|a|r|m| |w|e|b|r|e|n|d|e|r|,,3776889,13,9b3df14599f65e991e2c4a5eaba7ebe76c85b8c3,102210fe594ee9b33d82058545b1ed14f4c8206e,linux1804-64-shippable-qr,microsoft,True,,,,,,,,,,,,,,,,,,,,,,,,,,,,,,,,,,,,,,,,,,,,,,,,,,TN,,,,,,,,,,
441550625.0,1817991100,2023-12-20 01:13:30,210.2,d10d76c153b6b7a9e2833da936ce225485617dfa,1351411,autoland,ContentfulSpeedIndex,True,microsoft ContentfulSpeedIndex opt fission warm webrender,,77,ms,firefox,False,|f|i|s|s|i|o|n| |w|a|r|m| |w|e|b|r|e|n|d|e|r|,,3776889,13,9b3df14599f65e991e2c4a5eaba7ebe76c85b8c3,102210fe594ee9b33d82058545b1ed14f4c8206e,linux1804-64-shippable-qr,microsoft,True,,,,,,,,,,,,,,,,,,,,,,,,,,,,,,,,,,,,,,,,,,,,,,,,,,TN,,,,,,,,,,
441550632.0,1817991427,2023-12-20 02:06:01,210.4,9ac6d461916454c17cd8c7dfc7f73401ef3da12a,1351432,autoland,ContentfulSpeedIndex,True,microsoft ContentfulSpeedIndex opt fission warm webrender,,77,ms,firefox,False,|f|i|s|s|i|o|n| |w|a|r|m| |w|e|b|r|e|n|d|e|r|,,3776889,13,9b3df14599f65e991e2c4a5eaba7ebe76c85b8c3,102210fe594ee9b33d82058545b1ed14f4c8206e,linux1804-64-shippable-qr,microsoft,True,,,,,,,,,,,,,,,,,,,,,,,,,,,,,,,,,,,,,,,,,,,,,,,,,,TN,,,,,,,,,,
,1814842451,2023-12-20 02:06:01,211.7,9ac6d461916454c17cd8c7dfc7f73401ef3da12a,1351432,autoland,ContentfulSpeedIndex,True,microsoft ContentfulSpeedIndex opt fission warm webrender,,77,ms,firefox,False,|f|i|s|s|i|o|n| |w|a|r|m| |w|e|b|r|e|n|d|e|r|,,3776889,13,9b3df14599f65e991e2c4a5eaba7ebe76c85b8c3,102210fe594ee9b33d82058545b1ed14f4c8206e,linux1804-64-shippable-qr,microsoft,True,,,,,,,,,,,,,,,,,,,,,,,,,,,,,,,,,,,,,,,,,,,,,,,,,,TN,,,,,,,,,,
441550627.0,1817991371,2023-12-20 02:36:06,232.5,44452d446cf6161c638a26fabe40848158153700,1351445,autoland,ContentfulSpeedIndex,True,microsoft ContentfulSpeedIndex opt fission warm webrender,,77,ms,firefox,False,|f|i|s|s|i|o|n| |w|a|r|m| |w|e|b|r|e|n|d|e|r|,,3776889,13,9b3df14599f65e991e2c4a5eaba7ebe76c85b8c3,102210fe594ee9b33d82058545b1ed14f4c8206e,linux1804-64-shippable-qr,microsoft,True,,,,,,,,,,,,,,,,,,,,,,,,,,,,,,,,,,,,,,,,,,,,,,,,,,TN,,,,,,,,,,
441550624.0,1817991249,2023-12-20 03:08:30,206.7,885843134888f75c05893b8ba06ef0ccc4321af4,1351459,autoland,ContentfulSpeedIndex,True,microsoft ContentfulSpeedIndex opt fission warm webrender,,77,ms,firefox,False,|f|i|s|s|i|o|n| |w|a|r|m| |w|e|b|r|e|n|d|e|r|,,3776889,13,9b3df14599f65e991e2c4a5eaba7ebe76c85b8c3,102210fe594ee9b33d82058545b1ed14f4c8206e,linux1804-64-shippable-qr,microsoft,True,,,,,,,,,,,,,,,,,,,,,,,,,,,,,,,,,,,,,,,,,,,,,,,,,,TN,,,,,,,,,,
441550596.0,1817990603,2023-12-20 04:26:18,220.3,e3bf6261f6fc31e78c716c97399a60f6f575ebcd,1351473,autoland,ContentfulSpeedIndex,True,microsoft ContentfulSpeedIndex opt fission warm webrender,,77,ms,firefox,False,|f|i|s|s|i|o|n| |w|a|r|m| |w|e|b|r|e|n|d|e|r|,,3776889,13,9b3df14599f65e991e2c4a5eaba7ebe76c85b8c3,102210fe594ee9b33d82058545b1ed14f4c8206e,linux1804-64-shippable-qr,microsoft,True,,,,,,,,,,,,,,,,,,,,,,,,,,,,,,,,,,,,,,,,,,,,,,,,,,TN,,,,,,,,,,
441550597.0,1817990557,2023-12-20 04:26:18,216.7,e3bf6261f6fc31e78c716c97399a60f6f575ebcd,1351473,autoland,ContentfulSpeedIndex,True,microsoft ContentfulSpeedIndex opt fission warm webrender,,77,ms,firefox,False,|f|i|s|s|i|o|n| |w|a|r|m| |w|e|b|r|e|n|d|e|r|,,3776889,13,9b3df14599f65e991e2c4a5eaba7ebe76c85b8c3,102210fe594ee9b33d82058545b1ed14f4c8206e,linux1804-64-shippable-qr,microsoft,True,,,,,,,,,,,,,,,,,,,,,,,,,,,,,,,,,,,,,,,,,,,,,,,,,,TN,,,,,,,,,,
441550598.0,1817990519,2023-12-20 04:26:18,206.5,e3bf6261f6fc31e78c716c97399a60f6f575ebcd,1351473,autoland,ContentfulSpeedIndex,True,microsoft ContentfulSpeedIndex opt fission warm webrender,,77,ms,firefox,False,|f|i|s|s|i|o|n| |w|a|r|m| |w|e|b|r|e|n|d|e|r|,,3776889,13,9b3df14599f65e991e2c4a5eaba7ebe76c85b8c3,102210fe594ee9b33d82058545b1ed14f4c8206e,linux1804-64-shippable-qr,microsoft,True,,,,,,,,,,,,,,,,,,,,,,,,,,,,,,,,,,,,,,,,,,,,,,,,,,TN,,,,,,,,,,
441550599.0,1817990674,2023-12-20 04:26:18,207.4,e3bf6261f6fc31e78c716c97399a60f6f575ebcd,1351473,autoland,ContentfulSpeedIndex,True,microsoft ContentfulSpeedIndex opt fission warm webrender,,77,ms,firefox,False,|f|i|s|s|i|o|n| |w|a|r|m| |w|e|b|r|e|n|d|e|r|,,3776889,13,9b3df14599f65e991e2c4a5eaba7ebe76c85b8c3,102210fe594ee9b33d82058545b1ed14f4c8206e,linux1804-64-shippable-qr,microsoft,True,,,,,,,,,,,,,,,,,,,,,,,,,,,,,,,,,,,,,,,,,,,,,,,,,,TN,,,,,,,,,,
441550600.0,1817990581,2023-12-20 04:26:18,224.3,e3bf6261f6fc31e78c716c97399a60f6f575ebcd,1351473,autoland,ContentfulSpeedIndex,True,microsoft ContentfulSpeedIndex opt fission warm webrender,,77,ms,firefox,False,|f|i|s|s|i|o|n| |w|a|r|m| |w|e|b|r|e|n|d|e|r|,,3776889,13,9b3df14599f65e991e2c4a5eaba7ebe76c85b8c3,102210fe594ee9b33d82058545b1ed14f4c8206e,linux1804-64-shippable-qr,microsoft,True,,,,,,,,,,,,,,,,,,,,,,,,,,,,,,,,,,,,,,,,,,,,,,,,,,TN,,,,,,,,,,
441550606.0,1817990632,2023-12-20 04:26:18,211.5,e3bf6261f6fc31e78c716c97399a60f6f575ebcd,1351473,autoland,ContentfulSpeedIndex,True,microsoft ContentfulSpeedIndex opt fission warm webrender,,77,ms,firefox,False,|f|i|s|s|i|o|n| |w|a|r|m| |w|e|b|r|e|n|d|e|r|,,3776889,13,9b3df14599f65e991e2c4a5eaba7ebe76c85b8c3,102210fe594ee9b33d82058545b1ed14f4c8206e,linux1804-64-shippable-qr,microsoft,True,,,,,,,,,,,,,,,,,,,,,,,,,,,,,,,,,,,,,,,,,,,,,,,,,,TN,,,,,,,,,,
441550610.0,1817990647,2023-12-20 04:26:18,211.4,e3bf6261f6fc31e78c716c97399a60f6f575ebcd,1351473,autoland,ContentfulSpeedIndex,True,microsoft ContentfulSpeedIndex opt fission warm webrender,,77,ms,firefox,False,|f|i|s|s|i|o|n| |w|a|r|m| |w|e|b|r|e|n|d|e|r|,,3776889,13,9b3df14599f65e991e2c4a5eaba7ebe76c85b8c3,102210fe594ee9b33d82058545b1ed14f4c8206e,linux1804-64-shippable-qr,microsoft,True,,,,,,,,,,,,,,,,,,,,,,,,,,,,,,,,,,,,,,,,,,,,,,,,,,TN,,,,,,,,,,
,1814899405,2023-12-20 04:26:18,209.8,e3bf6261f6fc31e78c716c97399a60f6f575ebcd,1351473,autoland,ContentfulSpeedIndex,True,microsoft ContentfulSpeedIndex opt fission warm webrender,,77,ms,firefox,False,|f|i|s|s|i|o|n| |w|a|r|m| |w|e|b|r|e|n|d|e|r|,,3776889,13,9b3df14599f65e991e2c4a5eaba7ebe76c85b8c3,102210fe594ee9b33d82058545b1ed14f4c8206e,linux1804-64-shippable-qr,microsoft,True,,,,,,,,,,,,,,,,,,,,,,,,,,,,,,,,,,,,,,,,,,,,,,,,,,TN,,,,,,,,,,
,1815066625,2023-12-20 09:15:46,213.2,4d6eabdc6228d414c7043c4fabdddfd95a3afb0e,1351517,autoland,ContentfulSpeedIndex,True,microsoft ContentfulSpeedIndex opt fission warm webrender,,77,ms,firefox,False,|f|i|s|s|i|o|n| |w|a|r|m| |w|e|b|r|e|n|d|e|r|,,3776889,13,9b3df14599f65e991e2c4a5eaba7ebe76c85b8c3,102210fe594ee9b33d82058545b1ed14f4c8206e,linux1804-64-shippable-qr,microsoft,True,,,,,,,,,,,,,,,,,,,,,,,,,,,,,,,,,,,,,,,,,,,,,,,,,,TN,,,,,,,,,,
441535891.0,1817955322,2023-12-20 13:10:00,218.4,97f2e0f6b821072bc498a3bc7921831eb6d10d38,1351639,autoland,ContentfulSpeedIndex,True,microsoft ContentfulSpeedIndex opt fission warm webrender,,77,ms,firefox,False,|f|i|s|s|i|o|n| |w|a|r|m| |w|e|b|r|e|n|d|e|r|,,3776889,13,9b3df14599f65e991e2c4a5eaba7ebe76c85b8c3,102210fe594ee9b33d82058545b1ed14f4c8206e,linux1804-64-shippable-qr,microsoft,True,,,,,,,,,,,,,,,,,,,,,,,,,,,,,,,,,,,,,,,,,,,,,,,,,,TN,,,,,,,,,,
441535892.0,1817955347,2023-12-20 13:10:00,213.4,97f2e0f6b821072bc498a3bc7921831eb6d10d38,1351639,autoland,ContentfulSpeedIndex,True,microsoft ContentfulSpeedIndex opt fission warm webrender,,77,ms,firefox,False,|f|i|s|s|i|o|n| |w|a|r|m| |w|e|b|r|e|n|d|e|r|,,3776889,13,9b3df14599f65e991e2c4a5eaba7ebe76c85b8c3,102210fe594ee9b33d82058545b1ed14f4c8206e,linux1804-64-shippable-qr,microsoft,True,,,,,,,,,,,,,,,,,,,,,,,,,,,,,,,,,,,,,,,,,,,,,,,,,,TN,,,,,,,,,,
441535893.0,1817955298,2023-12-20 13:10:00,205.3,97f2e0f6b821072bc498a3bc7921831eb6d10d38,1351639,autoland,ContentfulSpeedIndex,True,microsoft ContentfulSpeedIndex opt fission warm webrender,,77,ms,firefox,False,|f|i|s|s|i|o|n| |w|a|r|m| |w|e|b|r|e|n|d|e|r|,,3776889,13,9b3df14599f65e991e2c4a5eaba7ebe76c85b8c3,102210fe594ee9b33d82058545b1ed14f4c8206e,linux1804-64-shippable-qr,microsoft,True,,,,,,,,,,,,,,,,,,,,,,,,,,,,,,,,,,,,,,,,,,,,,,,,,,TN,,,,,,,,,,
441536001.0,1817955573,2023-12-20 13:10:00,208.4,97f2e0f6b821072bc498a3bc7921831eb6d10d38,1351639,autoland,ContentfulSpeedIndex,True,microsoft ContentfulSpeedIndex opt fission warm webrender,,77,ms,firefox,False,|f|i|s|s|i|o|n| |w|a|r|m| |w|e|b|r|e|n|d|e|r|,,3776889,13,9b3df14599f65e991e2c4a5eaba7ebe76c85b8c3,102210fe594ee9b33d82058545b1ed14f4c8206e,linux1804-64-shippable-qr,microsoft,True,,,,,,,,,,,,,,,,,,,,,,,,,,,,,,,,,,,,,,,,,,,,,,,,,,TN,,,,,,,,,,
,1815165278,2023-12-20 13:10:00,208.1,97f2e0f6b821072bc498a3bc7921831eb6d10d38,1351639,autoland,ContentfulSpeedIndex,True,microsoft ContentfulSpeedIndex opt fission warm webrender,,77,ms,firefox,False,|f|i|s|s|i|o|n| |w|a|r|m| |w|e|b|r|e|n|d|e|r|,,3776889,13,9b3df14599f65e991e2c4a5eaba7ebe76c85b8c3,102210fe594ee9b33d82058545b1ed14f4c8206e,linux1804-64-shippable-qr,microsoft,True,,,,,,,,,,,,,,,,,,,,,,,,,,,,,,,,,,,,,,,,,,,,,,,,,,TN,,,,,,,,,,
441479996.0,1817673229,2023-12-20 17:43:19,205.6,c12f6936509f05b3caad77d4cb4b783a38761897,1351821,autoland,ContentfulSpeedIndex,True,microsoft ContentfulSpeedIndex opt fission warm webrender,,77,ms,firefox,False,|f|i|s|s|i|o|n| |w|a|r|m| |w|e|b|r|e|n|d|e|r|,,3776889,13,9b3df14599f65e991e2c4a5eaba7ebe76c85b8c3,102210fe594ee9b33d82058545b1ed14f4c8206e,linux1804-64-shippable-qr,microsoft,True,,,,,,,,,,,,,,,,,,,,,,,,,,,,,,,,,,,,,,,,,,,,,,,,,,TN,,,,,,,,,,
,1815327910,2023-12-20 17:43:19,212.4,c12f6936509f05b3caad77d4cb4b783a38761897,1351821,autoland,ContentfulSpeedIndex,True,microsoft ContentfulSpeedIndex opt fission warm webrender,,77,ms,firefox,False,|f|i|s|s|i|o|n| |w|a|r|m| |w|e|b|r|e|n|d|e|r|,,3776889,13,9b3df14599f65e991e2c4a5eaba7ebe76c85b8c3,102210fe594ee9b33d82058545b1ed14f4c8206e,linux1804-64-shippable-qr,microsoft,True,,,,,,,,,,,,,,,,,,,,,,,,,,,,,,,,,,,,,,,,,,,,,,,,,,TN,,,,,,,,,,
441486896.0,1817714187,2023-12-20 17:58:40,214.2,7cfb5c675cce3430082a9897e8ad3f6d7415bf2e,1351834,autoland,ContentfulSpeedIndex,True,microsoft ContentfulSpeedIndex opt fission warm webrender,,77,ms,firefox,False,|f|i|s|s|i|o|n| |w|a|r|m| |w|e|b|r|e|n|d|e|r|,,3776889,13,9b3df14599f65e991e2c4a5eaba7ebe76c85b8c3,102210fe594ee9b33d82058545b1ed14f4c8206e,linux1804-64-shippable-qr,microsoft,True,,,,,,,,,,,,,,,,,,,,,,,,,,,,,,,,,,,,,,,,,,,,,,,,,,TN,,,,,,,,,,
441487472.0,1817715183,2023-12-20 18:00:15,209.1,93458a0cdb3f2b7fa0426bd3c2d38fdf05b380a8,1351836,autoland,ContentfulSpeedIndex,True,microsoft ContentfulSpeedIndex opt fission warm webrender,,77,ms,firefox,False,|f|i|s|s|i|o|n| |w|a|r|m| |w|e|b|r|e|n|d|e|r|,,3776889,13,9b3df14599f65e991e2c4a5eaba7ebe76c85b8c3,102210fe594ee9b33d82058545b1ed14f4c8206e,linux1804-64-shippable-qr,microsoft,True,,,,,,,,,,,,,,,,,,,,,,,,,,,,,,,,,,,,,,,,,,,,,,,,,,TN,,,,,,,,,,
441488967.0,1817716822,2023-12-20 18:15:26,208.3,f3fd30dbb60d0a0a943cc67ddfe78fcdb4053a7e,1351840,autoland,ContentfulSpeedIndex,True,microsoft ContentfulSpeedIndex opt fission warm webrender,,77,ms,firefox,False,|f|i|s|s|i|o|n| |w|a|r|m| |w|e|b|r|e|n|d|e|r|,,3776889,13,9b3df14599f65e991e2c4a5eaba7ebe76c85b8c3,102210fe594ee9b33d82058545b1ed14f4c8206e,linux1804-64-shippable-qr,microsoft,True,,,,,,,,,,,,,,,,,,,,,,,,,,,,,,,,,,,,,,,,,,,,,,,,,,TN,,,,,,,,,,
441486248.0,1817710871,2023-12-20 18:16:22,213.0,93668837367d77e67d2d6a90592ee6b1ea780402,1351841,autoland,ContentfulSpeedIndex,True,microsoft ContentfulSpeedIndex opt fission warm webrender,,77,ms,firefox,False,|f|i|s|s|i|o|n| |w|a|r|m| |w|e|b|r|e|n|d|e|r|,,3776889,13,9b3df14599f65e991e2c4a5eaba7ebe76c85b8c3,102210fe594ee9b33d82058545b1ed14f4c8206e,linux1804-64-shippable-qr,microsoft,True,,,,,,,,,,,,,,,,,,,,,,,,,,,,,,,,,,,,,,,,,,,,,,,,,,TN,,,,,,,,,,
441486880.0,1817712955,2023-12-20 18:29:18,211.5,f4b2bf9cc8f4eacca56f6ae8eeb3cfa77a208a2e,1351846,autoland,ContentfulSpeedIndex,True,microsoft ContentfulSpeedIndex opt fission warm webrender,,77,ms,firefox,False,|f|i|s|s|i|o|n| |w|a|r|m| |w|e|b|r|e|n|d|e|r|,,3776889,13,9b3df14599f65e991e2c4a5eaba7ebe76c85b8c3,102210fe594ee9b33d82058545b1ed14f4c8206e,linux1804-64-shippable-qr,microsoft,True,,,,,,,,,,,,,,,,,,,,,,,,,,,,,,,,,,,,,,,,,,,,,,,,,,TN,,,,,,,,,,
441486252.0,1817711030,2023-12-20 18:36:10,205.4,d75adfaf9dd069655754ef9e0d6510bf16f506a0,1351851,autoland,ContentfulSpeedIndex,True,microsoft ContentfulSpeedIndex opt fission warm webrender,,77,ms,firefox,False,|f|i|s|s|i|o|n| |w|a|r|m| |w|e|b|r|e|n|d|e|r|,,3776889,13,9b3df14599f65e991e2c4a5eaba7ebe76c85b8c3,102210fe594ee9b33d82058545b1ed14f4c8206e,linux1804-64-shippable-qr,microsoft,True,,,,,,,,,,,,,,,,,,,,,,,,,,,,,,,,,,,,,,,,,,,,,,,,,,TN,,,,,,,,,,
441486253.0,1817711178,2023-12-20 18:37:35,207.1,7f3e10bdd2af504b2affd3847c27a4ec3b8ca8a2,1351852,autoland,ContentfulSpeedIndex,True,microsoft ContentfulSpeedIndex opt fission warm webrender,,77,ms,firefox,False,|f|i|s|s|i|o|n| |w|a|r|m| |w|e|b|r|e|n|d|e|r|,,3776889,13,9b3df14599f65e991e2c4a5eaba7ebe76c85b8c3,102210fe594ee9b33d82058545b1ed14f4c8206e,linux1804-64-shippable-qr,microsoft,True,,,,,,,,,,,,,,,,,,,,,,,,,,,,,,,,,,,,,,,,,,,,,,,,,,TN,,,,,,,,,,
441488872.0,1817715997,2023-12-20 18:41:51,208.0,7fd01e6f31ce57069cf70c613f2002a828d068c7,1351857,autoland,ContentfulSpeedIndex,True,microsoft ContentfulSpeedIndex opt fission warm webrender,,77,ms,firefox,False,|f|i|s|s|i|o|n| |w|a|r|m| |w|e|b|r|e|n|d|e|r|,,3776889,13,9b3df14599f65e991e2c4a5eaba7ebe76c85b8c3,102210fe594ee9b33d82058545b1ed14f4c8206e,linux1804-64-shippable-qr,microsoft,True,,,,,,,,,,,,,,,,,,,,,,,,,,,,,,,,,,,,,,,,,,,,,,,,,,TN,,,,,,,,,,
441488054.0,1817715413,2023-12-20 18:59:35,217.5,2b787f6aee5b6100afb4738c0afcb4b619758df7,1351874,autoland,ContentfulSpeedIndex,True,microsoft ContentfulSpeedIndex opt fission warm webrender,,77,ms,firefox,False,|f|i|s|s|i|o|n| |w|a|r|m| |w|e|b|r|e|n|d|e|r|,,3776889,13,9b3df14599f65e991e2c4a5eaba7ebe76c85b8c3,102210fe594ee9b33d82058545b1ed14f4c8206e,linux1804-64-shippable-qr,microsoft,True,,,,,,,,,,,,,,,,,,,,,,,,,,,,,,,,,,,,,,,,,,,,,,,,,,TN,,,,,,,,,,
441480006.0,1817673425,2023-12-20 19:23:46,206.7,ede008f65ded6409ee06a55d2b43c6b8c42cc852,1351887,autoland,ContentfulSpeedIndex,True,microsoft ContentfulSpeedIndex opt fission warm webrender,,77,ms,firefox,False,|f|i|s|s|i|o|n| |w|a|r|m| |w|e|b|r|e|n|d|e|r|,,3776889,13,9b3df14599f65e991e2c4a5eaba7ebe76c85b8c3,102210fe594ee9b33d82058545b1ed14f4c8206e,linux1804-64-shippable-qr,microsoft,True,,,,,,,,,,,,,,,,,,,,,,,,,,,,,,,,,,,,,,,,,,,,,,,,,,TN,,,,,,,,,,
441480008.0,1817673528,2023-12-20 19:28:58,211.5,3c05a30d6296aab106f79026f8819f350d77060f,1351890,autoland,ContentfulSpeedIndex,True,microsoft ContentfulSpeedIndex opt fission warm webrender,,77,ms,firefox,False,|f|i|s|s|i|o|n| |w|a|r|m| |w|e|b|r|e|n|d|e|r|,,3776889,13,9b3df14599f65e991e2c4a5eaba7ebe76c85b8c3,102210fe594ee9b33d82058545b1ed14f4c8206e,linux1804-64-shippable-qr,microsoft,True,,,,,,,,,,,,,,,,,,,,,,,,,,,,,,,,,,,,,,,,,,,,,,,,,,TN,,,,,,,,,,
,1816650611,2023-12-20 19:28:58,214.3,3c05a30d6296aab106f79026f8819f350d77060f,1351890,autoland,ContentfulSpeedIndex,True,microsoft ContentfulSpeedIndex opt fission warm webrender,,77,ms,firefox,False,|f|i|s|s|i|o|n| |w|a|r|m| |w|e|b|r|e|n|d|e|r|,,3776889,13,9b3df14599f65e991e2c4a5eaba7ebe76c85b8c3,102210fe594ee9b33d82058545b1ed14f4c8206e,linux1804-64-shippable-qr,microsoft,True,,,,,,,,,,,,,,,,,,,,,,,,,,,,,,,,,,,,,,,,,,,,,,,,,,TN,,,,,,,,,,
441480007.0,1817673053,2023-12-20 19:29:55,212.5,018a5729da9fd45c34acc332baa0d3287572bc01,1351892,autoland,ContentfulSpeedIndex,True,microsoft ContentfulSpeedIndex opt fission warm webrender,,77,ms,firefox,False,|f|i|s|s|i|o|n| |w|a|r|m| |w|e|b|r|e|n|d|e|r|,,3776889,13,9b3df14599f65e991e2c4a5eaba7ebe76c85b8c3,102210fe594ee9b33d82058545b1ed14f4c8206e,linux1804-64-shippable-qr,microsoft,True,,,,,,,,,,,,,,,,,,,,,,,,,,,,,,,,,,,,,,,,,,,,,,,,,,TN,,,,,,,,,,
,1816650651,2023-12-20 19:29:55,208.2,018a5729da9fd45c34acc332baa0d3287572bc01,1351892,autoland,ContentfulSpeedIndex,True,microsoft ContentfulSpeedIndex opt fission warm webrender,,77,ms,firefox,False,|f|i|s|s|i|o|n| |w|a|r|m| |w|e|b|r|e|n|d|e|r|,,3776889,13,9b3df14599f65e991e2c4a5eaba7ebe76c85b8c3,102210fe594ee9b33d82058545b1ed14f4c8206e,linux1804-64-shippable-qr,microsoft,True,,,,,,,,,,,,,,,,,,,,,,,,,,,,,,,,,,,,,,,,,,,,,,,,,,TN,,,,,,,,,,
441480011.0,1817673280,2023-12-20 19:43:23,206.7,b1a9481565ab525bb67dec628ef12a3760f34115,1351901,autoland,ContentfulSpeedIndex,True,microsoft ContentfulSpeedIndex opt fission warm webrender,,77,ms,firefox,False,|f|i|s|s|i|o|n| |w|a|r|m| |w|e|b|r|e|n|d|e|r|,,3776889,13,9b3df14599f65e991e2c4a5eaba7ebe76c85b8c3,102210fe594ee9b33d82058545b1ed14f4c8206e,linux1804-64-shippable-qr,microsoft,True,,,,,,,,,,,,,,,,,,,,,,,,,,,,,,,,,,,,,,,,,,,,,,,,,,TN,,,,,,,,,,
,1816650624,2023-12-20 19:43:23,237.2,b1a9481565ab525bb67dec628ef12a3760f34115,1351901,autoland,ContentfulSpeedIndex,True,microsoft ContentfulSpeedIndex opt fission warm webrender,,77,ms,firefox,False,|f|i|s|s|i|o|n| |w|a|r|m| |w|e|b|r|e|n|d|e|r|,,3776889,13,9b3df14599f65e991e2c4a5eaba7ebe76c85b8c3,102210fe594ee9b33d82058545b1ed14f4c8206e,linux1804-64-shippable-qr,microsoft,True,,,,,,,,,,,,,,,,,,,,,,,,,,,,,,,,,,,,,,,,,,,,,,,,,,TN,,,,,,,,,,
441480015.0,1817673152,2023-12-20 20:22:43,210.0,07730fb358b78a089caea6e0332a579d18e1a9a3,1351932,autoland,ContentfulSpeedIndex,True,microsoft ContentfulSpeedIndex opt fission warm webrender,,77,ms,firefox,False,|f|i|s|s|i|o|n| |w|a|r|m| |w|e|b|r|e|n|d|e|r|,,3776889,13,9b3df14599f65e991e2c4a5eaba7ebe76c85b8c3,102210fe594ee9b33d82058545b1ed14f4c8206e,linux1804-64-shippable-qr,microsoft,True,,,,,,,,,,,,,,,,,,,,,,,,,,,,,,,,,,,,,,,,,,,,,,,,,,TN,,,,,,,,,,
,1816650556,2023-12-20 20:22:43,213.9,07730fb358b78a089caea6e0332a579d18e1a9a3,1351932,autoland,ContentfulSpeedIndex,True,microsoft ContentfulSpeedIndex opt fission warm webrender,,77,ms,firefox,False,|f|i|s|s|i|o|n| |w|a|r|m| |w|e|b|r|e|n|d|e|r|,,3776889,13,9b3df14599f65e991e2c4a5eaba7ebe76c85b8c3,102210fe594ee9b33d82058545b1ed14f4c8206e,linux1804-64-shippable-qr,microsoft,True,,,,,,,,,,,,,,,,,,,,,,,,,,,,,,,,,,,,,,,,,,,,,,,,,,TN,,,,,,,,,,
441480012.0,1817673381,2023-12-20 20:57:33,206.0,0bb62045d7d8ff708e83c8457ccca615e0ba51ea,1351965,autoland,ContentfulSpeedIndex,True,microsoft ContentfulSpeedIndex opt fission warm webrender,,77,ms,firefox,False,|f|i|s|s|i|o|n| |w|a|r|m| |w|e|b|r|e|n|d|e|r|,,3776889,13,9b3df14599f65e991e2c4a5eaba7ebe76c85b8c3,102210fe594ee9b33d82058545b1ed14f4c8206e,linux1804-64-shippable-qr,microsoft,True,,,,,,,,,,,,,,,,,,,,,,,,,,,,,,,,,,,,,,,,,,,,,,,,,,TN,,,,,,,,,,
,1816650824,2023-12-20 20:57:33,209.8,0bb62045d7d8ff708e83c8457ccca615e0ba51ea,1351965,autoland,ContentfulSpeedIndex,True,microsoft ContentfulSpeedIndex opt fission warm webrender,,77,ms,firefox,False,|f|i|s|s|i|o|n| |w|a|r|m| |w|e|b|r|e|n|d|e|r|,,3776889,13,9b3df14599f65e991e2c4a5eaba7ebe76c85b8c3,102210fe594ee9b33d82058545b1ed14f4c8206e,linux1804-64-shippable-qr,microsoft,True,,,,,,,,,,,,,,,,,,,,,,,,,,,,,,,,,,,,,,,,,,,,,,,,,,TN,,,,,,,,,,
441480014.0,1817673305,2023-12-20 21:21:18,209.4,ad6d3e68ac8aa0d9cfa99ea099f7325be5245334,1351984,autoland,ContentfulSpeedIndex,True,microsoft ContentfulSpeedIndex opt fission warm webrender,,77,ms,firefox,False,|f|i|s|s|i|o|n| |w|a|r|m| |w|e|b|r|e|n|d|e|r|,,3776889,13,9b3df14599f65e991e2c4a5eaba7ebe76c85b8c3,102210fe594ee9b33d82058545b1ed14f4c8206e,linux1804-64-shippable-qr,microsoft,True,,,,,,,,,,,,,,,,,,,,,,,,,,,,,,,,,,,,,,,,,,,,,,,,,,TN,,,,,,,,,,
,1816650798,2023-12-20 21:21:18,213.0,ad6d3e68ac8aa0d9cfa99ea099f7325be5245334,1351984,autoland,ContentfulSpeedIndex,True,microsoft ContentfulSpeedIndex opt fission warm webrender,,77,ms,firefox,False,|f|i|s|s|i|o|n| |w|a|r|m| |w|e|b|r|e|n|d|e|r|,,3776889,13,9b3df14599f65e991e2c4a5eaba7ebe76c85b8c3,102210fe594ee9b33d82058545b1ed14f4c8206e,linux1804-64-shippable-qr,microsoft,True,,,,,,,,,,,,,,,,,,,,,,,,,,,,,,,,,,,,,,,,,,,,,,,,,,TN,,,,,,,,,,
441480017.0,1817673474,2023-12-20 21:33:04,203.6,7e6ea4abfa4966ebdfcd98d82300a5c281ee3234,1351996,autoland,ContentfulSpeedIndex,True,microsoft ContentfulSpeedIndex opt fission warm webrender,,77,ms,firefox,False,|f|i|s|s|i|o|n| |w|a|r|m| |w|e|b|r|e|n|d|e|r|,,3776889,13,9b3df14599f65e991e2c4a5eaba7ebe76c85b8c3,102210fe594ee9b33d82058545b1ed14f4c8206e,linux1804-64-shippable-qr,microsoft,True,,,,,,,,,,,,,,,,,,,,,,,,,,,,,,,,,,,,,,,,,,,,,,,,,,TN,,,,,,,,,,
,1816650732,2023-12-20 21:33:04,206.5,7e6ea4abfa4966ebdfcd98d82300a5c281ee3234,1351996,autoland,ContentfulSpeedIndex,True,microsoft ContentfulSpeedIndex opt fission warm webrender,,77,ms,firefox,False,|f|i|s|s|i|o|n| |w|a|r|m| |w|e|b|r|e|n|d|e|r|,,3776889,13,9b3df14599f65e991e2c4a5eaba7ebe76c85b8c3,102210fe594ee9b33d82058545b1ed14f4c8206e,linux1804-64-shippable-qr,microsoft,True,,,,,,,,,,,,,,,,,,,,,,,,,,,,,,,,,,,,,,,,,,,,,,,,,,TN,,,,,,,,,,
441480013.0,1817673494,2023-12-20 21:33:59,213.5,343e9cda85e8d7d7aee78eaec774aec96c9ddf50,1351997,autoland,ContentfulSpeedIndex,True,microsoft ContentfulSpeedIndex opt fission warm webrender,,77,ms,firefox,False,|f|i|s|s|i|o|n| |w|a|r|m| |w|e|b|r|e|n|d|e|r|,,3776889,13,9b3df14599f65e991e2c4a5eaba7ebe76c85b8c3,102210fe594ee9b33d82058545b1ed14f4c8206e,linux1804-64-shippable-qr,microsoft,True,,,,,,,,,,,,,,,,,,,,,,,,,,,,,,,,,,,,,,,,,,,,,,,,,,TN,,,,,,,,,,
,1816650775,2023-12-20 21:33:59,210.4,343e9cda85e8d7d7aee78eaec774aec96c9ddf50,1351997,autoland,ContentfulSpeedIndex,True,microsoft ContentfulSpeedIndex opt fission warm webrender,,77,ms,firefox,False,|f|i|s|s|i|o|n| |w|a|r|m| |w|e|b|r|e|n|d|e|r|,,3776889,13,9b3df14599f65e991e2c4a5eaba7ebe76c85b8c3,102210fe594ee9b33d82058545b1ed14f4c8206e,linux1804-64-shippable-qr,microsoft,True,,,,,,,,,,,,,,,,,,,,,,,,,,,,,,,,,,,,,,,,,,,,,,,,,,TN,,,,,,,,,,
441480016.0,1817673451,2023-12-20 21:55:32,209.8,aa4d4fecaf969d49a7ecf2568e3dda25cd2a7f1d,1352017,autoland,ContentfulSpeedIndex,True,microsoft ContentfulSpeedIndex opt fission warm webrender,,77,ms,firefox,False,|f|i|s|s|i|o|n| |w|a|r|m| |w|e|b|r|e|n|d|e|r|,,3776889,13,9b3df14599f65e991e2c4a5eaba7ebe76c85b8c3,102210fe594ee9b33d82058545b1ed14f4c8206e,linux1804-64-shippable-qr,microsoft,True,,,,,,,,,,,,,,,,,,,,,,,,,,,,,,,,,,,,,,,,,,,,,,,,,,TN,,,,,,,,,,
,1815431564,2023-12-20 21:55:32,207.0,aa4d4fecaf969d49a7ecf2568e3dda25cd2a7f1d,1352017,autoland,ContentfulSpeedIndex,True,microsoft ContentfulSpeedIndex opt fission warm webrender,,77,ms,firefox,False,|f|i|s|s|i|o|n| |w|a|r|m| |w|e|b|r|e|n|d|e|r|,,3776889,13,9b3df14599f65e991e2c4a5eaba7ebe76c85b8c3,102210fe594ee9b33d82058545b1ed14f4c8206e,linux1804-64-shippable-qr,microsoft,True,,,,,,,,,,,,,,,,,,,,,,,,,,,,,,,,,,,,,,,,,,,,,,,,,,TN,,,,,,,,,,
441480263.0,1817673668,2023-12-20 21:58:53,206.7,dfc7e32798343d88b72708bf68fc966d1e088330,1352020,autoland,ContentfulSpeedIndex,True,microsoft ContentfulSpeedIndex opt fission warm webrender,,77,ms,firefox,False,|f|i|s|s|i|o|n| |w|a|r|m| |w|e|b|r|e|n|d|e|r|,,3776889,13,9b3df14599f65e991e2c4a5eaba7ebe76c85b8c3,102210fe594ee9b33d82058545b1ed14f4c8206e,linux1804-64-shippable-qr,microsoft,True,,,,,,,,,,,,,,,,,,,,,,,,,,,,,,,,,,,,,,,,,,,,,,,,,,TN,,,,,,,,,,
,1815423376,2023-12-20 21:58:53,202.6,dfc7e32798343d88b72708bf68fc966d1e088330,1352020,autoland,ContentfulSpeedIndex,True,microsoft ContentfulSpeedIndex opt fission warm webrender,,77,ms,firefox,False,|f|i|s|s|i|o|n| |w|a|r|m| |w|e|b|r|e|n|d|e|r|,,3776889,13,9b3df14599f65e991e2c4a5eaba7ebe76c85b8c3,102210fe594ee9b33d82058545b1ed14f4c8206e,linux1804-64-shippable-qr,microsoft,True,,,,,,,,,,,,,,,,,,,,,,,,,,,,,,,,,,,,,,,,,,,,,,,,,,TN,,,,,,,,,,
441480246.0,1817673636,2023-12-20 22:02:26,214.1,1f6f7b0982d9ac60b39ec0f5405dbbcfe5f72e32,1352023,autoland,ContentfulSpeedIndex,True,microsoft ContentfulSpeedIndex opt fission warm webrender,,77,ms,firefox,False,|f|i|s|s|i|o|n| |w|a|r|m| |w|e|b|r|e|n|d|e|r|,,3776889,13,9b3df14599f65e991e2c4a5eaba7ebe76c85b8c3,102210fe594ee9b33d82058545b1ed14f4c8206e,linux1804-64-shippable-qr,microsoft,True,,,,,,,,,,,,,,,,,,,,,,,,,,,,,,,,,,,,,,,,,,,,,,,,,,TN,,,,,,,,,,
441480250.0,1817673694,2023-12-20 22:05:49,211.3,352f26665d928cc0b2b2ef4ef2bd6bbd62ba7d65,1352029,autoland,ContentfulSpeedIndex,True,microsoft ContentfulSpeedIndex opt fission warm webrender,,77,ms,firefox,False,|f|i|s|s|i|o|n| |w|a|r|m| |w|e|b|r|e|n|d|e|r|,,3776889,13,9b3df14599f65e991e2c4a5eaba7ebe76c85b8c3,102210fe594ee9b33d82058545b1ed14f4c8206e,linux1804-64-shippable-qr,microsoft,True,,,,,,,,,,,,,,,,,,,,,,,,,,,,,,,,,,,,,,,,,,,,,,,,,,TN,,,,,,,,,,
441480252.0,1817673837,2023-12-20 22:28:53,211.1,04f884e94d5b1779e99aef95c641951cc0619360,1352034,autoland,ContentfulSpeedIndex,True,microsoft ContentfulSpeedIndex opt fission warm webrender,,77,ms,firefox,False,|f|i|s|s|i|o|n| |w|a|r|m| |w|e|b|r|e|n|d|e|r|,,3776889,13,9b3df14599f65e991e2c4a5eaba7ebe76c85b8c3,102210fe594ee9b33d82058545b1ed14f4c8206e,linux1804-64-shippable-qr,microsoft,True,,,,,,,,,,,,,,,,,,,,,,,,,,,,,,,,,,,,,,,,,,,,,,,,,,TN,,,,,,,,,,
441480264.0,1817673723,2023-12-21 00:37:36,208.2,904c9133f749589e0a9223f782f4db1f7bb131f7,1352088,autoland,ContentfulSpeedIndex,True,microsoft ContentfulSpeedIndex opt fission warm webrender,,77,ms,firefox,False,|f|i|s|s|i|o|n| |w|a|r|m| |w|e|b|r|e|n|d|e|r|,,3776889,13,9b3df14599f65e991e2c4a5eaba7ebe76c85b8c3,102210fe594ee9b33d82058545b1ed14f4c8206e,linux1804-64-shippable-qr,microsoft,True,,,,,,,,,,,,,,,,,,,,,,,,,,,,,,,,,,,,,,,,,,,,,,,,,,TN,,,,,,,,,,
,1816649589,2023-12-21 00:44:07,205.8,5f7d2c41e6a6b4e03d3d77ff0d9978f7db655f0d,1352091,autoland,ContentfulSpeedIndex,True,microsoft ContentfulSpeedIndex opt fission warm webrender,,77,ms,firefox,False,|f|i|s|s|i|o|n| |w|a|r|m| |w|e|b|r|e|n|d|e|r|,,3776889,13,9b3df14599f65e991e2c4a5eaba7ebe76c85b8c3,102210fe594ee9b33d82058545b1ed14f4c8206e,linux1804-64-shippable-qr,microsoft,True,,,,,,,,,,,,,,,,,,,,,,,,,,,,,,,,,,,,,,,,,,,,,,,,,,TN,,,,,,,,,,
,1816649762,2023-12-21 00:48:16,220.8,dc0808c504a178d34fef6c5149091921a56451f4,1352092,autoland,ContentfulSpeedIndex,True,microsoft ContentfulSpeedIndex opt fission warm webrender,,77,ms,firefox,False,|f|i|s|s|i|o|n| |w|a|r|m| |w|e|b|r|e|n|d|e|r|,,3776889,13,9b3df14599f65e991e2c4a5eaba7ebe76c85b8c3,102210fe594ee9b33d82058545b1ed14f4c8206e,linux1804-64-shippable-qr,microsoft,True,,,,,,,,,,,,,,,,,,,,,,,,,,,,,,,,,,,,,,,,,,,,,,,,,,TN,,,,,,,,,,
,1816649612,2023-12-21 00:49:29,216.0,c1c3447b8916f4f5c6dedbe20bcd75226100a5e1,1352093,autoland,ContentfulSpeedIndex,True,microsoft ContentfulSpeedIndex opt fission warm webrender,,77,ms,firefox,False,|f|i|s|s|i|o|n| |w|a|r|m| |w|e|b|r|e|n|d|e|r|,,3776889,13,9b3df14599f65e991e2c4a5eaba7ebe76c85b8c3,102210fe594ee9b33d82058545b1ed14f4c8206e,linux1804-64-shippable-qr,microsoft,True,,,,,,,,,,,,,,,,,,,,,,,,,,,,,,,,,,,,,,,,,,,,,,,,,,TN,,,,,,,,,,
,1816649944,2023-12-21 00:50:25,207.6,976dd070bf07668bfcd336a77cf597fa30e5037c,1352094,autoland,ContentfulSpeedIndex,True,microsoft ContentfulSpeedIndex opt fission warm webrender,,77,ms,firefox,False,|f|i|s|s|i|o|n| |w|a|r|m| |w|e|b|r|e|n|d|e|r|,,3776889,13,9b3df14599f65e991e2c4a5eaba7ebe76c85b8c3,102210fe594ee9b33d82058545b1ed14f4c8206e,linux1804-64-shippable-qr,microsoft,True,,,,,,,,,,,,,,,,,,,,,,,,,,,,,,,,,,,,,,,,,,,,,,,,,,TN,,,,,,,,,,
,1816649824,2023-12-21 00:51:21,208.3,c369d7521de52e476196ad51ce45826b9e365d29,1352095,autoland,ContentfulSpeedIndex,True,microsoft ContentfulSpeedIndex opt fission warm webrender,,77,ms,firefox,False,|f|i|s|s|i|o|n| |w|a|r|m| |w|e|b|r|e|n|d|e|r|,,3776889,13,9b3df14599f65e991e2c4a5eaba7ebe76c85b8c3,102210fe594ee9b33d82058545b1ed14f4c8206e,linux1804-64-shippable-qr,microsoft,True,,,,,,,,,,,,,,,,,,,,,,,,,,,,,,,,,,,,,,,,,,,,,,,,,,TN,,,,,,,,,,
,1816649635,2023-12-21 00:52:36,205.8,8319ba83d9cbf2391b4adc5845b12676099796b5,1352096,autoland,ContentfulSpeedIndex,True,microsoft ContentfulSpeedIndex opt fission warm webrender,,77,ms,firefox,False,|f|i|s|s|i|o|n| |w|a|r|m| |w|e|b|r|e|n|d|e|r|,,3776889,13,9b3df14599f65e991e2c4a5eaba7ebe76c85b8c3,102210fe594ee9b33d82058545b1ed14f4c8206e,linux1804-64-shippable-qr,microsoft,True,,,,,,,,,,,,,,,,,,,,,,,,,,,,,,,,,,,,,,,,,,,,,,,,,,TN,,,,,,,,,,
,1816649785,2023-12-21 00:53:36,209.0,671e03981a1d85b85431c165e57bffe199bd9ece,1352097,autoland,ContentfulSpeedIndex,True,microsoft ContentfulSpeedIndex opt fission warm webrender,,77,ms,firefox,False,|f|i|s|s|i|o|n| |w|a|r|m| |w|e|b|r|e|n|d|e|r|,,3776889,13,9b3df14599f65e991e2c4a5eaba7ebe76c85b8c3,102210fe594ee9b33d82058545b1ed14f4c8206e,linux1804-64-shippable-qr,microsoft,True,,,,,,,,,,,,,,,,,,,,,,,,,,,,,,,,,,,,,,,,,,,,,,,,,,TN,,,,,,,,,,
,1816649855,2023-12-21 00:53:36,211.3,671e03981a1d85b85431c165e57bffe199bd9ece,1352097,autoland,ContentfulSpeedIndex,True,microsoft ContentfulSpeedIndex opt fission warm webrender,,77,ms,firefox,False,|f|i|s|s|i|o|n| |w|a|r|m| |w|e|b|r|e|n|d|e|r|,,3776889,13,9b3df14599f65e991e2c4a5eaba7ebe76c85b8c3,102210fe594ee9b33d82058545b1ed14f4c8206e,linux1804-64-shippable-qr,microsoft,True,,,,,,,,,,,,,,,,,,,,,,,,,,,,,,,,,,,,,,,,,,,,,,,,,,TN,,,,,,,,,,
,1816649965,2023-12-21 00:57:33,208.5,7e1a62e068a46c3222fec69914993d7390fad12b,1352098,autoland,ContentfulSpeedIndex,True,microsoft ContentfulSpeedIndex opt fission warm webrender,,77,ms,firefox,False,|f|i|s|s|i|o|n| |w|a|r|m| |w|e|b|r|e|n|d|e|r|,,3776889,13,9b3df14599f65e991e2c4a5eaba7ebe76c85b8c3,102210fe594ee9b33d82058545b1ed14f4c8206e,linux1804-64-shippable-qr,microsoft,True,,,,,,,,,,,,,,,,,,,,,,,,,,,,,,,,,,,,,,,,,,,,,,,,,,TN,,,,,,,,,,
,1816649927,2023-12-21 00:57:33,212.9,7e1a62e068a46c3222fec69914993d7390fad12b,1352098,autoland,ContentfulSpeedIndex,True,microsoft ContentfulSpeedIndex opt fission warm webrender,,77,ms,firefox,False,|f|i|s|s|i|o|n| |w|a|r|m| |w|e|b|r|e|n|d|e|r|,,3776889,13,9b3df14599f65e991e2c4a5eaba7ebe76c85b8c3,102210fe594ee9b33d82058545b1ed14f4c8206e,linux1804-64-shippable-qr,microsoft,True,,,,,,,,,,,,,,,,,,,,,,,,,,,,,,,,,,,,,,,,,,,,,,,,,,TN,,,,,,,,,,
,1816649817,2023-12-21 01:07:18,211.1,aba00bddf8336344a5f99e59297204404a11a13e,1352101,autoland,ContentfulSpeedIndex,True,microsoft ContentfulSpeedIndex opt fission warm webrender,,77,ms,firefox,False,|f|i|s|s|i|o|n| |w|a|r|m| |w|e|b|r|e|n|d|e|r|,,3776889,13,9b3df14599f65e991e2c4a5eaba7ebe76c85b8c3,102210fe594ee9b33d82058545b1ed14f4c8206e,linux1804-64-shippable-qr,microsoft,True,,,,,,,,,,,,,,,,,,,,,,,,,,,,,,,,,,,,,,,,,,,,,,,,,,TN,,,,,,,,,,
,1816649878,2023-12-21 01:07:18,205.3,aba00bddf8336344a5f99e59297204404a11a13e,1352101,autoland,ContentfulSpeedIndex,True,microsoft ContentfulSpeedIndex opt fission warm webrender,,77,ms,firefox,False,|f|i|s|s|i|o|n| |w|a|r|m| |w|e|b|r|e|n|d|e|r|,,3776889,13,9b3df14599f65e991e2c4a5eaba7ebe76c85b8c3,102210fe594ee9b33d82058545b1ed14f4c8206e,linux1804-64-shippable-qr,microsoft,True,,,,,,,,,,,,,,,,,,,,,,,,,,,,,,,,,,,,,,,,,,,,,,,,,,TN,,,,,,,,,,
442786200.0,1823455320,2023-12-21 03:06:09,208.4,37657c7691664026e54babf7d1cf608fe58a92fb,1352135,autoland,ContentfulSpeedIndex,True,microsoft ContentfulSpeedIndex opt fission warm webrender,,77,ms,firefox,False,|f|i|s|s|i|o|n| |w|a|r|m| |w|e|b|r|e|n|d|e|r|,,3776889,13,9b3df14599f65e991e2c4a5eaba7ebe76c85b8c3,102210fe594ee9b33d82058545b1ed14f4c8206e,linux1804-64-shippable-qr,microsoft,True,,,,,,,,,,,,,,,,,,,,,,,,,,,,,,,,,,,,,,,,,,,,,,,,,,TN,,,,,,,,,,
442786201.0,1823455349,2023-12-21 03:06:09,214.9,37657c7691664026e54babf7d1cf608fe58a92fb,1352135,autoland,ContentfulSpeedIndex,True,microsoft ContentfulSpeedIndex opt fission warm webrender,,77,ms,firefox,False,|f|i|s|s|i|o|n| |w|a|r|m| |w|e|b|r|e|n|d|e|r|,,3776889,13,9b3df14599f65e991e2c4a5eaba7ebe76c85b8c3,102210fe594ee9b33d82058545b1ed14f4c8206e,linux1804-64-shippable-qr,microsoft,True,,,,,,,,,,,,,,,,,,,,,,,,,,,,,,,,,,,,,,,,,,,,,,,,,,TN,,,,,,,,,,
442786202.0,1823455569,2023-12-21 03:06:09,213.0,37657c7691664026e54babf7d1cf608fe58a92fb,1352135,autoland,ContentfulSpeedIndex,True,microsoft ContentfulSpeedIndex opt fission warm webrender,,77,ms,firefox,False,|f|i|s|s|i|o|n| |w|a|r|m| |w|e|b|r|e|n|d|e|r|,,3776889,13,9b3df14599f65e991e2c4a5eaba7ebe76c85b8c3,102210fe594ee9b33d82058545b1ed14f4c8206e,linux1804-64-shippable-qr,microsoft,True,,,,,,,,,,,,,,,,,,,,,,,,,,,,,,,,,,,,,,,,,,,,,,,,,,TN,,,,,,,,,,
442786203.0,1823455409,2023-12-21 03:06:09,211.4,37657c7691664026e54babf7d1cf608fe58a92fb,1352135,autoland,ContentfulSpeedIndex,True,microsoft ContentfulSpeedIndex opt fission warm webrender,,77,ms,firefox,False,|f|i|s|s|i|o|n| |w|a|r|m| |w|e|b|r|e|n|d|e|r|,,3776889,13,9b3df14599f65e991e2c4a5eaba7ebe76c85b8c3,102210fe594ee9b33d82058545b1ed14f4c8206e,linux1804-64-shippable-qr,microsoft,True,,,,,,,,,,,,,,,,,,,,,,,,,,,,,,,,,,,,,,,,,,,,,,,,,,TN,,,,,,,,,,
442786207.0,1823455602,2023-12-21 03:06:09,207.1,37657c7691664026e54babf7d1cf608fe58a92fb,1352135,autoland,ContentfulSpeedIndex,True,microsoft ContentfulSpeedIndex opt fission warm webrender,,77,ms,firefox,False,|f|i|s|s|i|o|n| |w|a|r|m| |w|e|b|r|e|n|d|e|r|,,3776889,13,9b3df14599f65e991e2c4a5eaba7ebe76c85b8c3,102210fe594ee9b33d82058545b1ed14f4c8206e,linux1804-64-shippable-qr,microsoft,True,,,,,,,,,,,,,,,,,,,,,,,,,,,,,,,,,,,,,,,,,,,,,,,,,,TN,,,,,,,,,,
,1815589213,2023-12-21 03:06:09,215.3,37657c7691664026e54babf7d1cf608fe58a92fb,1352135,autoland,ContentfulSpeedIndex,True,microsoft ContentfulSpeedIndex opt fission warm webrender,,77,ms,firefox,False,|f|i|s|s|i|o|n| |w|a|r|m| |w|e|b|r|e|n|d|e|r|,,3776889,13,9b3df14599f65e991e2c4a5eaba7ebe76c85b8c3,102210fe594ee9b33d82058545b1ed14f4c8206e,linux1804-64-shippable-qr,microsoft,True,,,,,,,,,,,,,,,,,,,,,,,,,,,,,,,,,,,,,,,,,,,,,,,,,,TN,,,,,,,,,,
,1816673408,2023-12-21 04:07:48,214.5,d53c38086d1baf70b25b90a18c389e596856ea84,1352138,autoland,ContentfulSpeedIndex,True,microsoft ContentfulSpeedIndex opt fission warm webrender,,77,ms,firefox,False,|f|i|s|s|i|o|n| |w|a|r|m| |w|e|b|r|e|n|d|e|r|,,3776889,13,9b3df14599f65e991e2c4a5eaba7ebe76c85b8c3,102210fe594ee9b33d82058545b1ed14f4c8206e,linux1804-64-shippable-qr,microsoft,True,,,,,,,,,,,,,,,,,,,,,,,,,,,,,,,,,,,,,,,,,,,,,,,,,,TN,,,,,,,,,,
,1816666692,2023-12-21 04:38:31,213.2,da63241a1207de022956722d27156650f4541dd0,1352140,autoland,ContentfulSpeedIndex,True,microsoft ContentfulSpeedIndex opt fission warm webrender,,77,ms,firefox,False,|f|i|s|s|i|o|n| |w|a|r|m| |w|e|b|r|e|n|d|e|r|,,3776889,13,9b3df14599f65e991e2c4a5eaba7ebe76c85b8c3,102210fe594ee9b33d82058545b1ed14f4c8206e,linux1804-64-shippable-qr,microsoft,True,,,,,,,,,,,,,,,,,,,,,,,,,,,,,,,,,,,,,,,,,,,,,,,,,,TN,,,,,,,,,,
,1816666989,2023-12-21 05:28:16,212.9,969b0db6552134fbc35ef04d6bbf0bcf18dd6549,1352150,autoland,ContentfulSpeedIndex,True,microsoft ContentfulSpeedIndex opt fission warm webrender,,77,ms,firefox,False,|f|i|s|s|i|o|n| |w|a|r|m| |w|e|b|r|e|n|d|e|r|,,3776889,13,9b3df14599f65e991e2c4a5eaba7ebe76c85b8c3,102210fe594ee9b33d82058545b1ed14f4c8206e,linux1804-64-shippable-qr,microsoft,True,,,,,,,,,,,,,,,,,,,,,,,,,,,,,,,,,,,,,,,,,,,,,,,,,,TN,,,,,,,,,,
,1816667286,2023-12-21 05:46:04,202.5,6377b58ed5ec2bf40e71bfbfdb3ae3680fb40b7f,1352152,autoland,ContentfulSpeedIndex,True,microsoft ContentfulSpeedIndex opt fission warm webrender,,77,ms,firefox,False,|f|i|s|s|i|o|n| |w|a|r|m| |w|e|b|r|e|n|d|e|r|,,3776889,13,9b3df14599f65e991e2c4a5eaba7ebe76c85b8c3,102210fe594ee9b33d82058545b1ed14f4c8206e,linux1804-64-shippable-qr,microsoft,True,,,,,,,,,,,,,,,,,,,,,,,,,,,,,,,,,,,,,,,,,,,,,,,,,,TN,,,,,,,,,,
,1816672027,2023-12-21 05:50:50,209.9,72a0c64fa2b6f0b211825cbdb6273b7b01723eee,1352153,autoland,ContentfulSpeedIndex,True,microsoft ContentfulSpeedIndex opt fission warm webrender,,77,ms,firefox,False,|f|i|s|s|i|o|n| |w|a|r|m| |w|e|b|r|e|n|d|e|r|,,3776889,13,9b3df14599f65e991e2c4a5eaba7ebe76c85b8c3,102210fe594ee9b33d82058545b1ed14f4c8206e,linux1804-64-shippable-qr,microsoft,True,,,,,,,,,,,,,,,,,,,,,,,,,,,,,,,,,,,,,,,,,,,,,,,,,,TN,,,,,,,,,,
,1815662623,2023-12-21 06:56:11,208.1,2339ef37f5863c45acf6280581ec0994b40f11d5,1352164,autoland,ContentfulSpeedIndex,True,microsoft ContentfulSpeedIndex opt fission warm webrender,,77,ms,firefox,False,|f|i|s|s|i|o|n| |w|a|r|m| |w|e|b|r|e|n|d|e|r|,,3776889,13,9b3df14599f65e991e2c4a5eaba7ebe76c85b8c3,102210fe594ee9b33d82058545b1ed14f4c8206e,linux1804-64-shippable-qr,microsoft,True,,,,,,,,,,,,,,,,,,,,,,,,,,,,,,,,,,,,,,,,,,,,,,,,,,TN,,,,,,,,,,
,1816671667,2023-12-21 08:52:28,210.2,27150d0602a20b1f86c740c0be2dfc696438fd99,1352193,autoland,ContentfulSpeedIndex,True,microsoft ContentfulSpeedIndex opt fission warm webrender,,77,ms,firefox,False,|f|i|s|s|i|o|n| |w|a|r|m| |w|e|b|r|e|n|d|e|r|,,3776889,13,9b3df14599f65e991e2c4a5eaba7ebe76c85b8c3,102210fe594ee9b33d82058545b1ed14f4c8206e,linux1804-64-shippable-qr,microsoft,True,,,,,,,,,,,,,,,,,,,,,,,,,,,,,,,,,,,,,,,,,,,,,,,,,,TN,,,,,,,,,,
,1816667311,2023-12-21 08:55:11,216.5,56f99da689892a9b800fda5fee225066c0c9c619,1352195,autoland,ContentfulSpeedIndex,True,microsoft ContentfulSpeedIndex opt fission warm webrender,,77,ms,firefox,False,|f|i|s|s|i|o|n| |w|a|r|m| |w|e|b|r|e|n|d|e|r|,,3776889,13,9b3df14599f65e991e2c4a5eaba7ebe76c85b8c3,102210fe594ee9b33d82058545b1ed14f4c8206e,linux1804-64-shippable-qr,microsoft,True,,,,,,,,,,,,,,,,,,,,,,,,,,,,,,,,,,,,,,,,,,,,,,,,,,TN,,,,,,,,,,
,1816667737,2023-12-21 09:15:34,207.1,f462933cfa9efa2221058ac5a74a8614cb8304e8,1352198,autoland,ContentfulSpeedIndex,True,microsoft ContentfulSpeedIndex opt fission warm webrender,,77,ms,firefox,False,|f|i|s|s|i|o|n| |w|a|r|m| |w|e|b|r|e|n|d|e|r|,,3776889,13,9b3df14599f65e991e2c4a5eaba7ebe76c85b8c3,102210fe594ee9b33d82058545b1ed14f4c8206e,linux1804-64-shippable-qr,microsoft,True,,,,,,,,,,,,,,,,,,,,,,,,,,,,,,,,,,,,,,,,,,,,,,,,,,TN,,,,,,,,,,
,1816667661,2023-12-21 09:16:58,217.7,cb4e6ebb6bc428cf1bda4e9288991e774bbc4311,1352199,autoland,ContentfulSpeedIndex,True,microsoft ContentfulSpeedIndex opt fission warm webrender,,77,ms,firefox,False,|f|i|s|s|i|o|n| |w|a|r|m| |w|e|b|r|e|n|d|e|r|,,3776889,13,9b3df14599f65e991e2c4a5eaba7ebe76c85b8c3,102210fe594ee9b33d82058545b1ed14f4c8206e,linux1804-64-shippable-qr,microsoft,True,,,,,,,,,,,,,,,,,,,,,,,,,,,,,,,,,,,,,,,,,,,,,,,,,,TN,,,,,,,,,,
,1816666863,2023-12-21 09:17:49,218.5,7f16df02802ce651e92a66a0f3dec6000440c1a0,1352200,autoland,ContentfulSpeedIndex,True,microsoft ContentfulSpeedIndex opt fission warm webrender,,77,ms,firefox,False,|f|i|s|s|i|o|n| |w|a|r|m| |w|e|b|r|e|n|d|e|r|,,3776889,13,9b3df14599f65e991e2c4a5eaba7ebe76c85b8c3,102210fe594ee9b33d82058545b1ed14f4c8206e,linux1804-64-shippable-qr,microsoft,True,,,,,,,,,,,,,,,,,,,,,,,,,,,,,,,,,,,,,,,,,,,,,,,,,,TN,,,,,,,,,,
,1816650272,2023-12-21 10:17:14,207.0,6d0afcf31e454354a46b3500d29488d849ec5582,1352220,autoland,ContentfulSpeedIndex,True,microsoft ContentfulSpeedIndex opt fission warm webrender,,77,ms,firefox,False,|f|i|s|s|i|o|n| |w|a|r|m| |w|e|b|r|e|n|d|e|r|,,3776889,13,9b3df14599f65e991e2c4a5eaba7ebe76c85b8c3,102210fe594ee9b33d82058545b1ed14f4c8206e,linux1804-64-shippable-qr,microsoft,True,,,,,,,,,,,,,,,,,,,,,,,,,,,,,,,,,,,,,,,,,,,,,,,,,,TN,,,,,,,,,,
,1816667913,2023-12-21 10:21:28,220.7,b595a7dfd41b9ddd6c145538ab4e7084b9a14259,1352222,autoland,ContentfulSpeedIndex,True,microsoft ContentfulSpeedIndex opt fission warm webrender,,77,ms,firefox,False,|f|i|s|s|i|o|n| |w|a|r|m| |w|e|b|r|e|n|d|e|r|,,3776889,13,9b3df14599f65e991e2c4a5eaba7ebe76c85b8c3,102210fe594ee9b33d82058545b1ed14f4c8206e,linux1804-64-shippable-qr,microsoft,True,,,,,,,,,,,,,,,,,,,,,,,,,,,,,,,,,,,,,,,,,,,,,,,,,,TN,,,,,,,,,,
,1816680831,2023-12-21 10:46:59,213.2,e028fa74720d8aaa5765356ea626bd66ad685acf,1352229,autoland,ContentfulSpeedIndex,True,microsoft ContentfulSpeedIndex opt fission warm webrender,,77,ms,firefox,False,|f|i|s|s|i|o|n| |w|a|r|m| |w|e|b|r|e|n|d|e|r|,,3776889,13,9b3df14599f65e991e2c4a5eaba7ebe76c85b8c3,102210fe594ee9b33d82058545b1ed14f4c8206e,linux1804-64-shippable-qr,microsoft,True,,,,,,,,,,,,,,,,,,,,,,,,,,,,,,,,,,,,,,,,,,,,,,,,,,TN,,,,,,,,,,
,1816667564,2023-12-21 10:47:52,207.2,96d2c0ba92fc2f98933ae8fb0ec4b8e0aae48f50,1352232,autoland,ContentfulSpeedIndex,True,microsoft ContentfulSpeedIndex opt fission warm webrender,,77,ms,firefox,False,|f|i|s|s|i|o|n| |w|a|r|m| |w|e|b|r|e|n|d|e|r|,,3776889,13,9b3df14599f65e991e2c4a5eaba7ebe76c85b8c3,102210fe594ee9b33d82058545b1ed14f4c8206e,linux1804-64-shippable-qr,microsoft,True,,,,,,,,,,,,,,,,,,,,,,,,,,,,,,,,,,,,,,,,,,,,,,,,,,TN,,,,,,,,,,
,1815782468,2023-12-21 11:39:11,213.3,5e551f2bacc3d6a8294dcb0273e8299cf7a17e2d,1352265,autoland,ContentfulSpeedIndex,True,microsoft ContentfulSpeedIndex opt fission warm webrender,,77,ms,firefox,False,|f|i|s|s|i|o|n| |w|a|r|m| |w|e|b|r|e|n|d|e|r|,,3776889,13,9b3df14599f65e991e2c4a5eaba7ebe76c85b8c3,102210fe594ee9b33d82058545b1ed14f4c8206e,linux1804-64-shippable-qr,microsoft,True,,,,,,,,,,,,,,,,,,,,,,,,,,,,,,,,,,,,,,,,,,,,,,,,,,TN,,,,,,,,,,
,1815821713,2023-12-21 13:05:54,205.4,8b474eeffbe09d0e5e30675fa595293863b0db34,1352315,autoland,ContentfulSpeedIndex,True,microsoft ContentfulSpeedIndex opt fission warm webrender,,77,ms,firefox,False,|f|i|s|s|i|o|n| |w|a|r|m| |w|e|b|r|e|n|d|e|r|,,3776889,13,9b3df14599f65e991e2c4a5eaba7ebe76c85b8c3,102210fe594ee9b33d82058545b1ed14f4c8206e,linux1804-64-shippable-qr,microsoft,True,,,,,,,,,,,,,,,,,,,,,,,,,,,,,,,,,,,,,,,,,,,,,,,,,,TN,,,,,,,,,,
,1816029279,2023-12-21 18:00:27,212.6,e685307ecb90f0e91ef9f3781b3614b7308384b9,1352454,autoland,ContentfulSpeedIndex,True,microsoft ContentfulSpeedIndex opt fission warm webrender,,77,ms,firefox,False,|f|i|s|s|i|o|n| |w|a|r|m| |w|e|b|r|e|n|d|e|r|,,3776889,13,9b3df14599f65e991e2c4a5eaba7ebe76c85b8c3,102210fe594ee9b33d82058545b1ed14f4c8206e,linux1804-64-shippable-qr,microsoft,True,,,,,,,,,,,,,,,,,,,,,,,,,,,,,,,,,,,,,,,,,,,,,,,,,,TN,,,,,,,,,,
,1816041187,2023-12-21 18:17:05,209.9,14c89fd054c7ac54bac01a4fcb619d5dff3cc6ef,1352468,autoland,ContentfulSpeedIndex,True,microsoft ContentfulSpeedIndex opt fission warm webrender,,77,ms,firefox,False,|f|i|s|s|i|o|n| |w|a|r|m| |w|e|b|r|e|n|d|e|r|,,3776889,13,9b3df14599f65e991e2c4a5eaba7ebe76c85b8c3,102210fe594ee9b33d82058545b1ed14f4c8206e,linux1804-64-shippable-qr,microsoft,True,,,,,,,,,,,,,,,,,,,,,,,,,,,,,,,,,,,,,,,,,,,,,,,,,,TN,,,,,,,,,,
,1816136832,2023-12-21 22:08:07,207.0,e20257bfa3ef6e394b6669c19aa1a165ee73fefa,1352650,autoland,ContentfulSpeedIndex,True,microsoft ContentfulSpeedIndex opt fission warm webrender,,77,ms,firefox,False,|f|i|s|s|i|o|n| |w|a|r|m| |w|e|b|r|e|n|d|e|r|,,3776889,13,9b3df14599f65e991e2c4a5eaba7ebe76c85b8c3,102210fe594ee9b33d82058545b1ed14f4c8206e,linux1804-64-shippable-qr,microsoft,True,,,,,,,,,,,,,,,,,,,,,,,,,,,,,,,,,,,,,,,,,,,,,,,,,,TN,,,,,,,,,,
,1816252954,2023-12-22 08:16:59,213.4,6814c9419790a8ee7c93cac282a82a11d93d16ba,1352807,autoland,ContentfulSpeedIndex,True,microsoft ContentfulSpeedIndex opt fission warm webrender,,77,ms,firefox,False,|f|i|s|s|i|o|n| |w|a|r|m| |w|e|b|r|e|n|d|e|r|,,3776889,13,9b3df14599f65e991e2c4a5eaba7ebe76c85b8c3,102210fe594ee9b33d82058545b1ed14f4c8206e,linux1804-64-shippable-qr,microsoft,True,,,,,,,,,,,,,,,,,,,,,,,,,,,,,,,,,,,,,,,,,,,,,,,,,,TN,,,,,,,,,,
442183724.0,1820664325,2023-12-22 11:15:09,210.9,18ab68fffd19417cfc199246241fb6b7fd184102,1352843,autoland,ContentfulSpeedIndex,True,microsoft ContentfulSpeedIndex opt fission warm webrender,,77,ms,firefox,False,|f|i|s|s|i|o|n| |w|a|r|m| |w|e|b|r|e|n|d|e|r|,,3776889,13,9b3df14599f65e991e2c4a5eaba7ebe76c85b8c3,102210fe594ee9b33d82058545b1ed14f4c8206e,linux1804-64-shippable-qr,microsoft,True,,,,,,,,,,,,,,,,,,,,,,,,,,,,,,,,,,,,,,,,,,,,,,,,,,TN,,,,,,,,,,
442183725.0,1820664513,2023-12-22 11:15:09,216.2,18ab68fffd19417cfc199246241fb6b7fd184102,1352843,autoland,ContentfulSpeedIndex,True,microsoft ContentfulSpeedIndex opt fission warm webrender,,77,ms,firefox,False,|f|i|s|s|i|o|n| |w|a|r|m| |w|e|b|r|e|n|d|e|r|,,3776889,13,9b3df14599f65e991e2c4a5eaba7ebe76c85b8c3,102210fe594ee9b33d82058545b1ed14f4c8206e,linux1804-64-shippable-qr,microsoft,True,,,,,,,,,,,,,,,,,,,,,,,,,,,,,,,,,,,,,,,,,,,,,,,,,,TN,,,,,,,,,,
442183726.0,1820664712,2023-12-22 11:15:09,212.1,18ab68fffd19417cfc199246241fb6b7fd184102,1352843,autoland,ContentfulSpeedIndex,True,microsoft ContentfulSpeedIndex opt fission warm webrender,,77,ms,firefox,False,|f|i|s|s|i|o|n| |w|a|r|m| |w|e|b|r|e|n|d|e|r|,,3776889,13,9b3df14599f65e991e2c4a5eaba7ebe76c85b8c3,102210fe594ee9b33d82058545b1ed14f4c8206e,linux1804-64-shippable-qr,microsoft,True,,,,,,,,,,,,,,,,,,,,,,,,,,,,,,,,,,,,,,,,,,,,,,,,,,TN,,,,,,,,,,
442183727.0,1820664821,2023-12-22 11:15:09,208.4,18ab68fffd19417cfc199246241fb6b7fd184102,1352843,autoland,ContentfulSpeedIndex,True,microsoft ContentfulSpeedIndex opt fission warm webrender,,77,ms,firefox,False,|f|i|s|s|i|o|n| |w|a|r|m| |w|e|b|r|e|n|d|e|r|,,3776889,13,9b3df14599f65e991e2c4a5eaba7ebe76c85b8c3,102210fe594ee9b33d82058545b1ed14f4c8206e,linux1804-64-shippable-qr,microsoft,True,,,,,,,,,,,,,,,,,,,,,,,,,,,,,,,,,,,,,,,,,,,,,,,,,,TN,,,,,,,,,,
442183728.0,1820665247,2023-12-22 11:15:09,211.9,18ab68fffd19417cfc199246241fb6b7fd184102,1352843,autoland,ContentfulSpeedIndex,True,microsoft ContentfulSpeedIndex opt fission warm webrender,,77,ms,firefox,False,|f|i|s|s|i|o|n| |w|a|r|m| |w|e|b|r|e|n|d|e|r|,,3776889,13,9b3df14599f65e991e2c4a5eaba7ebe76c85b8c3,102210fe594ee9b33d82058545b1ed14f4c8206e,linux1804-64-shippable-qr,microsoft,True,,,,,,,,,,,,,,,,,,,,,,,,,,,,,,,,,,,,,,,,,,,,,,,,,,TN,,,,,,,,,,
442183729.0,1820665611,2023-12-22 11:15:09,211.7,18ab68fffd19417cfc199246241fb6b7fd184102,1352843,autoland,ContentfulSpeedIndex,True,microsoft ContentfulSpeedIndex opt fission warm webrender,,77,ms,firefox,False,|f|i|s|s|i|o|n| |w|a|r|m| |w|e|b|r|e|n|d|e|r|,,3776889,13,9b3df14599f65e991e2c4a5eaba7ebe76c85b8c3,102210fe594ee9b33d82058545b1ed14f4c8206e,linux1804-64-shippable-qr,microsoft,True,,,,,,,,,,,,,,,,,,,,,,,,,,,,,,,,,,,,,,,,,,,,,,,,,,TN,,,,,,,,,,
442183730.0,1820665332,2023-12-22 11:15:09,205.6,18ab68fffd19417cfc199246241fb6b7fd184102,1352843,autoland,ContentfulSpeedIndex,True,microsoft ContentfulSpeedIndex opt fission warm webrender,,77,ms,firefox,False,|f|i|s|s|i|o|n| |w|a|r|m| |w|e|b|r|e|n|d|e|r|,,3776889,13,9b3df14599f65e991e2c4a5eaba7ebe76c85b8c3,102210fe594ee9b33d82058545b1ed14f4c8206e,linux1804-64-shippable-qr,microsoft,True,,,,,,,,,,,,,,,,,,,,,,,,,,,,,,,,,,,,,,,,,,,,,,,,,,TN,,,,,,,,,,
442183716.0,1820661920,2023-12-22 13:33:45,175.7,3189af86c93aef59c4fc9363b40f92eb4ef0358f,1352859,autoland,ContentfulSpeedIndex,True,microsoft ContentfulSpeedIndex opt fission warm webrender,,77,ms,firefox,False,|f|i|s|s|i|o|n| |w|a|r|m| |w|e|b|r|e|n|d|e|r|,,3776889,13,9b3df14599f65e991e2c4a5eaba7ebe76c85b8c3,102210fe594ee9b33d82058545b1ed14f4c8206e,linux1804-64-shippable-qr,microsoft,True,,,,,,,,,,,,,,,,,,,,,,,,,,,,,,,,,,,,,,,,,,,,,,,,,,TN,,,,,,,,,,
442183718.0,1820663521,2023-12-22 13:33:45,205.5,3189af86c93aef59c4fc9363b40f92eb4ef0358f,1352859,autoland,ContentfulSpeedIndex,True,microsoft ContentfulSpeedIndex opt fission warm webrender,,77,ms,firefox,False,|f|i|s|s|i|o|n| |w|a|r|m| |w|e|b|r|e|n|d|e|r|,,3776889,13,9b3df14599f65e991e2c4a5eaba7ebe76c85b8c3,102210fe594ee9b33d82058545b1ed14f4c8206e,linux1804-64-shippable-qr,microsoft,True,,,,,,,,,,,,,,,,,,,,,,,,,,,,,,,,,,,,,,,,,,,,,,,,,,TN,,,,,,,,,,
442183719.0,1820663632,2023-12-22 13:33:45,211.1,3189af86c93aef59c4fc9363b40f92eb4ef0358f,1352859,autoland,ContentfulSpeedIndex,True,microsoft ContentfulSpeedIndex opt fission warm webrender,,77,ms,firefox,False,|f|i|s|s|i|o|n| |w|a|r|m| |w|e|b|r|e|n|d|e|r|,,3776889,13,9b3df14599f65e991e2c4a5eaba7ebe76c85b8c3,102210fe594ee9b33d82058545b1ed14f4c8206e,linux1804-64-shippable-qr,microsoft,True,,,,,,,,,,,,,,,,,,,,,,,,,,,,,,,,,,,,,,,,,,,,,,,,,,TN,,,,,,,,,,
442183720.0,1820663683,2023-12-22 13:33:45,207.5,3189af86c93aef59c4fc9363b40f92eb4ef0358f,1352859,autoland,ContentfulSpeedIndex,True,microsoft ContentfulSpeedIndex opt fission warm webrender,,77,ms,firefox,False,|f|i|s|s|i|o|n| |w|a|r|m| |w|e|b|r|e|n|d|e|r|,,3776889,13,9b3df14599f65e991e2c4a5eaba7ebe76c85b8c3,102210fe594ee9b33d82058545b1ed14f4c8206e,linux1804-64-shippable-qr,microsoft,True,,,,,,,,,,,,,,,,,,,,,,,,,,,,,,,,,,,,,,,,,,,,,,,,,,TN,,,,,,,,,,
442183721.0,1820663893,2023-12-22 13:33:45,209.6,3189af86c93aef59c4fc9363b40f92eb4ef0358f,1352859,autoland,ContentfulSpeedIndex,True,microsoft ContentfulSpeedIndex opt fission warm webrender,,77,ms,firefox,False,|f|i|s|s|i|o|n| |w|a|r|m| |w|e|b|r|e|n|d|e|r|,,3776889,13,9b3df14599f65e991e2c4a5eaba7ebe76c85b8c3,102210fe594ee9b33d82058545b1ed14f4c8206e,linux1804-64-shippable-qr,microsoft,True,,,,,,,,,,,,,,,,,,,,,,,,,,,,,,,,,,,,,,,,,,,,,,,,,,TN,,,,,,,,,,
442183722.0,1820663869,2023-12-22 13:33:45,211.5,3189af86c93aef59c4fc9363b40f92eb4ef0358f,1352859,autoland,ContentfulSpeedIndex,True,microsoft ContentfulSpeedIndex opt fission warm webrender,,77,ms,firefox,False,|f|i|s|s|i|o|n| |w|a|r|m| |w|e|b|r|e|n|d|e|r|,,3776889,13,9b3df14599f65e991e2c4a5eaba7ebe76c85b8c3,102210fe594ee9b33d82058545b1ed14f4c8206e,linux1804-64-shippable-qr,microsoft,True,,,,,,,,,,,,,,,,,,,,,,,,,,,,,,,,,,,,,,,,,,,,,,,,,,TN,,,,,,,,,,
442183723.0,1820664112,2023-12-22 13:33:45,217.2,3189af86c93aef59c4fc9363b40f92eb4ef0358f,1352859,autoland,ContentfulSpeedIndex,True,microsoft ContentfulSpeedIndex opt fission warm webrender,,77,ms,firefox,False,|f|i|s|s|i|o|n| |w|a|r|m| |w|e|b|r|e|n|d|e|r|,,3776889,13,9b3df14599f65e991e2c4a5eaba7ebe76c85b8c3,102210fe594ee9b33d82058545b1ed14f4c8206e,linux1804-64-shippable-qr,microsoft,True,,,,,,,,,,,,,,,,,,,,,,,,,,,,,,,,,,,,,,,,,,,,,,,,,,TN,,,,,,,,,,
,1816349945,2023-12-22 13:33:45,213.0,3189af86c93aef59c4fc9363b40f92eb4ef0358f,1352859,autoland,ContentfulSpeedIndex,True,microsoft ContentfulSpeedIndex opt fission warm webrender,,77,ms,firefox,False,|f|i|s|s|i|o|n| |w|a|r|m| |w|e|b|r|e|n|d|e|r|,,3776889,13,9b3df14599f65e991e2c4a5eaba7ebe76c85b8c3,102210fe594ee9b33d82058545b1ed14f4c8206e,linux1804-64-shippable-qr,microsoft,True,,,,,,,,,,,,,,,,,,,,,,,,,,,,,,,,,,,,,,,,,,,,,,,,,,TN,,,,,,,,,,
,1816373888,2023-12-22 13:41:08,211.5,8cd1fc9da2b45034679cc880c08d91e84d8e9516,1352862,autoland,ContentfulSpeedIndex,True,microsoft ContentfulSpeedIndex opt fission warm webrender,,77,ms,firefox,False,|f|i|s|s|i|o|n| |w|a|r|m| |w|e|b|r|e|n|d|e|r|,,3776889,13,9b3df14599f65e991e2c4a5eaba7ebe76c85b8c3,102210fe594ee9b33d82058545b1ed14f4c8206e,linux1804-64-shippable-qr,microsoft,True,,,,,,,,,,,,,,,,,,,,,,,,,,,,,,,,,,,,,,,,,,,,,,,,,,TN,,,,,,,,,,
442784801.0,1823454171,2023-12-22 19:27:05,209.6,ac9f813bbc0f39b5e52be4229972795f2ca6309b,1353028,autoland,ContentfulSpeedIndex,True,microsoft ContentfulSpeedIndex opt fission warm webrender,,77,ms,firefox,False,|f|i|s|s|i|o|n| |w|a|r|m| |w|e|b|r|e|n|d|e|r|,,3776889,13,9b3df14599f65e991e2c4a5eaba7ebe76c85b8c3,102210fe594ee9b33d82058545b1ed14f4c8206e,linux1804-64-shippable-qr,microsoft,True,,,,,,,,,,,,,,,,,,,,,,,,,,,,,,,,,,,,,,,,,,,,,,,,,,TN,,,,,,,,,,
442784802.0,1823454481,2023-12-22 19:27:05,222.9,ac9f813bbc0f39b5e52be4229972795f2ca6309b,1353028,autoland,ContentfulSpeedIndex,True,microsoft ContentfulSpeedIndex opt fission warm webrender,,77,ms,firefox,False,|f|i|s|s|i|o|n| |w|a|r|m| |w|e|b|r|e|n|d|e|r|,,3776889,13,9b3df14599f65e991e2c4a5eaba7ebe76c85b8c3,102210fe594ee9b33d82058545b1ed14f4c8206e,linux1804-64-shippable-qr,microsoft,True,,,,,,,,,,,,,,,,,,,,,,,,,,,,,,,,,,,,,,,,,,,,,,,,,,TN,,,,,,,,,,
442784803.0,1823454684,2023-12-22 19:27:05,208.3,ac9f813bbc0f39b5e52be4229972795f2ca6309b,1353028,autoland,ContentfulSpeedIndex,True,microsoft ContentfulSpeedIndex opt fission warm webrender,,77,ms,firefox,False,|f|i|s|s|i|o|n| |w|a|r|m| |w|e|b|r|e|n|d|e|r|,,3776889,13,9b3df14599f65e991e2c4a5eaba7ebe76c85b8c3,102210fe594ee9b33d82058545b1ed14f4c8206e,linux1804-64-shippable-qr,microsoft,True,,,,,,,,,,,,,,,,,,,,,,,,,,,,,,,,,,,,,,,,,,,,,,,,,,TN,,,,,,,,,,
442784804.0,1823454981,2023-12-22 19:27:05,208.6,ac9f813bbc0f39b5e52be4229972795f2ca6309b,1353028,autoland,ContentfulSpeedIndex,True,microsoft ContentfulSpeedIndex opt fission warm webrender,,77,ms,firefox,False,|f|i|s|s|i|o|n| |w|a|r|m| |w|e|b|r|e|n|d|e|r|,,3776889,13,9b3df14599f65e991e2c4a5eaba7ebe76c85b8c3,102210fe594ee9b33d82058545b1ed14f4c8206e,linux1804-64-shippable-qr,microsoft,True,,,,,,,,,,,,,,,,,,,,,,,,,,,,,,,,,,,,,,,,,,,,,,,,,,TN,,,,,,,,,,
,1816497993,2023-12-22 19:27:05,205.3,ac9f813bbc0f39b5e52be4229972795f2ca6309b,1353028,autoland,ContentfulSpeedIndex,True,microsoft ContentfulSpeedIndex opt fission warm webrender,,77,ms,firefox,False,|f|i|s|s|i|o|n| |w|a|r|m| |w|e|b|r|e|n|d|e|r|,,3776889,13,9b3df14599f65e991e2c4a5eaba7ebe76c85b8c3,102210fe594ee9b33d82058545b1ed14f4c8206e,linux1804-64-shippable-qr,microsoft,True,,,,,,,,,,,,,,,,,,,,,,,,,,,,,,,,,,,,,,,,,,,,,,,,,,TN,,,,,,,,,,
442784795.0,1823454134,2023-12-23 00:08:27,207.5,58581f618255e51b846d0792b6abc3e5c2c67d51,1353154,autoland,ContentfulSpeedIndex,True,microsoft ContentfulSpeedIndex opt fission warm webrender,,77,ms,firefox,False,|f|i|s|s|i|o|n| |w|a|r|m| |w|e|b|r|e|n|d|e|r|,,3776889,13,9b3df14599f65e991e2c4a5eaba7ebe76c85b8c3,102210fe594ee9b33d82058545b1ed14f4c8206e,linux1804-64-shippable-qr,microsoft,True,,,,,,,,,,,,,,,,,,,,,,,,,,,,,,,,,,,,,,,,,,,,,,,,,,TN,,,,,,,,,,
442784796.0,1823454106,2023-12-23 00:08:27,204.1,58581f618255e51b846d0792b6abc3e5c2c67d51,1353154,autoland,ContentfulSpeedIndex,True,microsoft ContentfulSpeedIndex opt fission warm webrender,,77,ms,firefox,False,|f|i|s|s|i|o|n| |w|a|r|m| |w|e|b|r|e|n|d|e|r|,,3776889,13,9b3df14599f65e991e2c4a5eaba7ebe76c85b8c3,102210fe594ee9b33d82058545b1ed14f4c8206e,linux1804-64-shippable-qr,microsoft,True,,,,,,,,,,,,,,,,,,,,,,,,,,,,,,,,,,,,,,,,,,,,,,,,,,TN,,,,,,,,,,
,1816592878,2023-12-23 00:08:27,210.8,58581f618255e51b846d0792b6abc3e5c2c67d51,1353154,autoland,ContentfulSpeedIndex,True,microsoft ContentfulSpeedIndex opt fission warm webrender,,77,ms,firefox,False,|f|i|s|s|i|o|n| |w|a|r|m| |w|e|b|r|e|n|d|e|r|,,3776889,13,9b3df14599f65e991e2c4a5eaba7ebe76c85b8c3,102210fe594ee9b33d82058545b1ed14f4c8206e,linux1804-64-shippable-qr,microsoft,True,,,,,,,,,,,,,,,,,,,,,,,,,,,,,,,,,,,,,,,,,,,,,,,,,,TN,,,,,,,,,,
442634371.0,1822641227,2023-12-23 05:47:03,212.6,8b92fb4e3f41d856629818bd2ecfc25bed23a643,1353193,autoland,ContentfulSpeedIndex,True,microsoft ContentfulSpeedIndex opt fission warm webrender,,77,ms,firefox,False,|f|i|s|s|i|o|n| |w|a|r|m| |w|e|b|r|e|n|d|e|r|,,3776889,13,9b3df14599f65e991e2c4a5eaba7ebe76c85b8c3,102210fe594ee9b33d82058545b1ed14f4c8206e,linux1804-64-shippable-qr,microsoft,True,,,,,,,,,,,,,,,,,,,,,,,,,,,,,,,,,,,,,,,,,,,,,,,,,,TN,,,,,,,,,,
442634372.0,1822641250,2023-12-23 05:47:03,214.3,8b92fb4e3f41d856629818bd2ecfc25bed23a643,1353193,autoland,ContentfulSpeedIndex,True,microsoft ContentfulSpeedIndex opt fission warm webrender,,77,ms,firefox,False,|f|i|s|s|i|o|n| |w|a|r|m| |w|e|b|r|e|n|d|e|r|,,3776889,13,9b3df14599f65e991e2c4a5eaba7ebe76c85b8c3,102210fe594ee9b33d82058545b1ed14f4c8206e,linux1804-64-shippable-qr,microsoft,True,,,,,,,,,,,,,,,,,,,,,,,,,,,,,,,,,,,,,,,,,,,,,,,,,,TN,,,,,,,,,,
442634404.0,1822641309,2023-12-23 05:47:03,206.0,8b92fb4e3f41d856629818bd2ecfc25bed23a643,1353193,autoland,ContentfulSpeedIndex,True,microsoft ContentfulSpeedIndex opt fission warm webrender,,77,ms,firefox,False,|f|i|s|s|i|o|n| |w|a|r|m| |w|e|b|r|e|n|d|e|r|,,3776889,13,9b3df14599f65e991e2c4a5eaba7ebe76c85b8c3,102210fe594ee9b33d82058545b1ed14f4c8206e,linux1804-64-shippable-qr,microsoft,True,,,,,,,,,,,,,,,,,,,,,,,,,,,,,,,,,,,,,,,,,,,,,,,,,,TN,,,,,,,,,,
442634405.0,1822641333,2023-12-23 05:47:03,204.1,8b92fb4e3f41d856629818bd2ecfc25bed23a643,1353193,autoland,ContentfulSpeedIndex,True,microsoft ContentfulSpeedIndex opt fission warm webrender,,77,ms,firefox,False,|f|i|s|s|i|o|n| |w|a|r|m| |w|e|b|r|e|n|d|e|r|,,3776889,13,9b3df14599f65e991e2c4a5eaba7ebe76c85b8c3,102210fe594ee9b33d82058545b1ed14f4c8206e,linux1804-64-shippable-qr,microsoft,True,,,,,,,,,,,,,,,,,,,,,,,,,,,,,,,,,,,,,,,,,,,,,,,,,,TN,,,,,,,,,,
442634406.0,1822641356,2023-12-23 05:47:03,206.6,8b92fb4e3f41d856629818bd2ecfc25bed23a643,1353193,autoland,ContentfulSpeedIndex,True,microsoft ContentfulSpeedIndex opt fission warm webrender,,77,ms,firefox,False,|f|i|s|s|i|o|n| |w|a|r|m| |w|e|b|r|e|n|d|e|r|,,3776889,13,9b3df14599f65e991e2c4a5eaba7ebe76c85b8c3,102210fe594ee9b33d82058545b1ed14f4c8206e,linux1804-64-shippable-qr,microsoft,True,,,,,,,,,,,,,,,,,,,,,,,,,,,,,,,,,,,,,,,,,,,,,,,,,,TN,,,,,,,,,,
442634408.0,1822641408,2023-12-23 05:47:03,208.2,8b92fb4e3f41d856629818bd2ecfc25bed23a643,1353193,autoland,ContentfulSpeedIndex,True,microsoft ContentfulSpeedIndex opt fission warm webrender,,77,ms,firefox,False,|f|i|s|s|i|o|n| |w|a|r|m| |w|e|b|r|e|n|d|e|r|,,3776889,13,9b3df14599f65e991e2c4a5eaba7ebe76c85b8c3,102210fe594ee9b33d82058545b1ed14f4c8206e,linux1804-64-shippable-qr,microsoft,True,,,,,,,,,,,,,,,,,,,,,,,,,,,,,,,,,,,,,,,,,,,,,,,,,,TN,,,,,,,,,,
442634425.0,1822641941,2023-12-23 05:47:03,206.9,8b92fb4e3f41d856629818bd2ecfc25bed23a643,1353193,autoland,ContentfulSpeedIndex,True,microsoft ContentfulSpeedIndex opt fission warm webrender,,77,ms,firefox,False,|f|i|s|s|i|o|n| |w|a|r|m| |w|e|b|r|e|n|d|e|r|,,3776889,13,9b3df14599f65e991e2c4a5eaba7ebe76c85b8c3,102210fe594ee9b33d82058545b1ed14f4c8206e,linux1804-64-shippable-qr,microsoft,True,,,,,,,,,,,,,,,,,,,,,,,,,,,,,,,,,,,,,,,,,,,,,,,,,,TN,,,,,,,,,,
442634434.0,1822642361,2023-12-23 05:47:03,208.9,8b92fb4e3f41d856629818bd2ecfc25bed23a643,1353193,autoland,ContentfulSpeedIndex,True,microsoft ContentfulSpeedIndex opt fission warm webrender,,77,ms,firefox,False,|f|i|s|s|i|o|n| |w|a|r|m| |w|e|b|r|e|n|d|e|r|,,3776889,13,9b3df14599f65e991e2c4a5eaba7ebe76c85b8c3,102210fe594ee9b33d82058545b1ed14f4c8206e,linux1804-64-shippable-qr,microsoft,True,,,,,,,,,,,,,,,,,,,,,,,,,,,,,,,,,,,,,,,,,,,,,,,,,,TN,,,,,,,,,,
442634435.0,1822642330,2023-12-23 05:47:03,208.5,8b92fb4e3f41d856629818bd2ecfc25bed23a643,1353193,autoland,ContentfulSpeedIndex,True,microsoft ContentfulSpeedIndex opt fission warm webrender,,77,ms,firefox,False,|f|i|s|s|i|o|n| |w|a|r|m| |w|e|b|r|e|n|d|e|r|,,3776889,13,9b3df14599f65e991e2c4a5eaba7ebe76c85b8c3,102210fe594ee9b33d82058545b1ed14f4c8206e,linux1804-64-shippable-qr,microsoft,True,,,,,,,,,,,,,,,,,,,,,,,,,,,,,,,,,,,,,,,,,,,,,,,,,,TN,,,,,,,,,,
,1816644396,2023-12-23 05:47:03,203.9,8b92fb4e3f41d856629818bd2ecfc25bed23a643,1353193,autoland,ContentfulSpeedIndex,True,microsoft ContentfulSpeedIndex opt fission warm webrender,,77,ms,firefox,False,|f|i|s|s|i|o|n| |w|a|r|m| |w|e|b|r|e|n|d|e|r|,,3776889,13,9b3df14599f65e991e2c4a5eaba7ebe76c85b8c3,102210fe594ee9b33d82058545b1ed14f4c8206e,linux1804-64-shippable-qr,microsoft,True,,,,,,,,,,,,,,,,,,,,,,,,,,,,,,,,,,,,,,,,,,,,,,,,,,TN,,,,,,,,,,
,1816680078,2023-12-23 08:44:57,208.9,6f7de1b98becd7269380a213d3eff367b81efe72,1353213,autoland,ContentfulSpeedIndex,True,microsoft ContentfulSpeedIndex opt fission warm webrender,,77,ms,firefox,False,|f|i|s|s|i|o|n| |w|a|r|m| |w|e|b|r|e|n|d|e|r|,,3776889,13,9b3df14599f65e991e2c4a5eaba7ebe76c85b8c3,102210fe594ee9b33d82058545b1ed14f4c8206e,linux1804-64-shippable-qr,microsoft,True,,,,,,,,,,,,,,,,,,,,,,,,,,,,,,,,,,,,,,,,,,,,,,,,,,TN,,,,,,,,,,
,1816766081,2023-12-23 15:53:06,210.6,e6f85355d2f352d6bc64a11372bc8efc1ced07b8,1353251,autoland,ContentfulSpeedIndex,True,microsoft ContentfulSpeedIndex opt fission warm webrender,,77,ms,firefox,False,|f|i|s|s|i|o|n| |w|a|r|m| |w|e|b|r|e|n|d|e|r|,,3776889,13,9b3df14599f65e991e2c4a5eaba7ebe76c85b8c3,102210fe594ee9b33d82058545b1ed14f4c8206e,linux1804-64-shippable-qr,microsoft,True,,,,,,,,,,,,,,,,,,,,,,,,,,,,,,,,,,,,,,,,,,,,,,,,,,TN,,,,,,,,,,
442183254.0,1820656232,2023-12-23 19:02:12,207.8,bda7c9e66417fd43edb0e056842206645a7b0dd0,1353258,autoland,ContentfulSpeedIndex,True,microsoft ContentfulSpeedIndex opt fission warm webrender,,77,ms,firefox,False,|f|i|s|s|i|o|n| |w|a|r|m| |w|e|b|r|e|n|d|e|r|,,3776889,13,9b3df14599f65e991e2c4a5eaba7ebe76c85b8c3,102210fe594ee9b33d82058545b1ed14f4c8206e,linux1804-64-shippable-qr,microsoft,True,,,,,,,,,,,,,,,,,,,,,,,,,,,,,,,,,,,,,,,,,,,,,,,,,,TN,,,,,,,,,,
442183255.0,1820656550,2023-12-23 19:02:12,204.1,bda7c9e66417fd43edb0e056842206645a7b0dd0,1353258,autoland,ContentfulSpeedIndex,True,microsoft ContentfulSpeedIndex opt fission warm webrender,,77,ms,firefox,False,|f|i|s|s|i|o|n| |w|a|r|m| |w|e|b|r|e|n|d|e|r|,,3776889,13,9b3df14599f65e991e2c4a5eaba7ebe76c85b8c3,102210fe594ee9b33d82058545b1ed14f4c8206e,linux1804-64-shippable-qr,microsoft,True,,,,,,,,,,,,,,,,,,,,,,,,,,,,,,,,,,,,,,,,,,,,,,,,,,TN,,,,,,,,,,
442183256.0,1820656590,2023-12-23 19:02:12,209.4,bda7c9e66417fd43edb0e056842206645a7b0dd0,1353258,autoland,ContentfulSpeedIndex,True,microsoft ContentfulSpeedIndex opt fission warm webrender,,77,ms,firefox,False,|f|i|s|s|i|o|n| |w|a|r|m| |w|e|b|r|e|n|d|e|r|,,3776889,13,9b3df14599f65e991e2c4a5eaba7ebe76c85b8c3,102210fe594ee9b33d82058545b1ed14f4c8206e,linux1804-64-shippable-qr,microsoft,True,,,,,,,,,,,,,,,,,,,,,,,,,,,,,,,,,,,,,,,,,,,,,,,,,,TN,,,,,,,,,,
442183257.0,1820656685,2023-12-23 19:02:12,215.7,bda7c9e66417fd43edb0e056842206645a7b0dd0,1353258,autoland,ContentfulSpeedIndex,True,microsoft ContentfulSpeedIndex opt fission warm webrender,,77,ms,firefox,False,|f|i|s|s|i|o|n| |w|a|r|m| |w|e|b|r|e|n|d|e|r|,,3776889,13,9b3df14599f65e991e2c4a5eaba7ebe76c85b8c3,102210fe594ee9b33d82058545b1ed14f4c8206e,linux1804-64-shippable-qr,microsoft,True,,,,,,,,,,,,,,,,,,,,,,,,,,,,,,,,,,,,,,,,,,,,,,,,,,TN,,,,,,,,,,
442183258.0,1820656811,2023-12-23 19:02:12,214.7,bda7c9e66417fd43edb0e056842206645a7b0dd0,1353258,autoland,ContentfulSpeedIndex,True,microsoft ContentfulSpeedIndex opt fission warm webrender,,77,ms,firefox,False,|f|i|s|s|i|o|n| |w|a|r|m| |w|e|b|r|e|n|d|e|r|,,3776889,13,9b3df14599f65e991e2c4a5eaba7ebe76c85b8c3,102210fe594ee9b33d82058545b1ed14f4c8206e,linux1804-64-shippable-qr,microsoft,True,,,,,,,,,,,,,,,,,,,,,,,,,,,,,,,,,,,,,,,,,,,,,,,,,,TN,,,,,,,,,,
442183259.0,1820656766,2023-12-23 19:02:12,211.3,bda7c9e66417fd43edb0e056842206645a7b0dd0,1353258,autoland,ContentfulSpeedIndex,True,microsoft ContentfulSpeedIndex opt fission warm webrender,,77,ms,firefox,False,|f|i|s|s|i|o|n| |w|a|r|m| |w|e|b|r|e|n|d|e|r|,,3776889,13,9b3df14599f65e991e2c4a5eaba7ebe76c85b8c3,102210fe594ee9b33d82058545b1ed14f4c8206e,linux1804-64-shippable-qr,microsoft,True,,,,,,,,,,,,,,,,,,,,,,,,,,,,,,,,,,,,,,,,,,,,,,,,,,TN,,,,,,,,,,
442183260.0,1820657092,2023-12-23 19:02:12,208.7,bda7c9e66417fd43edb0e056842206645a7b0dd0,1353258,autoland,ContentfulSpeedIndex,True,microsoft ContentfulSpeedIndex opt fission warm webrender,,77,ms,firefox,False,|f|i|s|s|i|o|n| |w|a|r|m| |w|e|b|r|e|n|d|e|r|,,3776889,13,9b3df14599f65e991e2c4a5eaba7ebe76c85b8c3,102210fe594ee9b33d82058545b1ed14f4c8206e,linux1804-64-shippable-qr,microsoft,True,,,,,,,,,,,,,,,,,,,,,,,,,,,,,,,,,,,,,,,,,,,,,,,,,,TN,,,,,,,,,,
442183690.0,1820662719,2023-12-24 06:04:04,211.6,0f896a4a54629904c55cc5e18aa1f6e387c9a697,1353282,autoland,ContentfulSpeedIndex,True,microsoft ContentfulSpeedIndex opt fission warm webrender,,77,ms,firefox,False,|f|i|s|s|i|o|n| |w|a|r|m| |w|e|b|r|e|n|d|e|r|,,3776889,13,9b3df14599f65e991e2c4a5eaba7ebe76c85b8c3,102210fe594ee9b33d82058545b1ed14f4c8206e,linux1804-64-shippable-qr,microsoft,True,,,,,,,,,,,,,,,,,,,,,,,,,,,,,,,,,,,,,,,,,,,,,,,,,,TN,,,,,,,,,,
442183691.0,1820662766,2023-12-24 06:04:04,207.0,0f896a4a54629904c55cc5e18aa1f6e387c9a697,1353282,autoland,ContentfulSpeedIndex,True,microsoft ContentfulSpeedIndex opt fission warm webrender,,77,ms,firefox,False,|f|i|s|s|i|o|n| |w|a|r|m| |w|e|b|r|e|n|d|e|r|,,3776889,13,9b3df14599f65e991e2c4a5eaba7ebe76c85b8c3,102210fe594ee9b33d82058545b1ed14f4c8206e,linux1804-64-shippable-qr,microsoft,True,,,,,,,,,,,,,,,,,,,,,,,,,,,,,,,,,,,,,,,,,,,,,,,,,,TN,,,,,,,,,,
442183693.0,1820662742,2023-12-24 06:04:04,207.1,0f896a4a54629904c55cc5e18aa1f6e387c9a697,1353282,autoland,ContentfulSpeedIndex,True,microsoft ContentfulSpeedIndex opt fission warm webrender,,77,ms,firefox,False,|f|i|s|s|i|o|n| |w|a|r|m| |w|e|b|r|e|n|d|e|r|,,3776889,13,9b3df14599f65e991e2c4a5eaba7ebe76c85b8c3,102210fe594ee9b33d82058545b1ed14f4c8206e,linux1804-64-shippable-qr,microsoft,True,,,,,,,,,,,,,,,,,,,,,,,,,,,,,,,,,,,,,,,,,,,,,,,,,,TN,,,,,,,,,,
442183695.0,1820662937,2023-12-24 06:04:04,214.5,0f896a4a54629904c55cc5e18aa1f6e387c9a697,1353282,autoland,ContentfulSpeedIndex,True,microsoft ContentfulSpeedIndex opt fission warm webrender,,77,ms,firefox,False,|f|i|s|s|i|o|n| |w|a|r|m| |w|e|b|r|e|n|d|e|r|,,3776889,13,9b3df14599f65e991e2c4a5eaba7ebe76c85b8c3,102210fe594ee9b33d82058545b1ed14f4c8206e,linux1804-64-shippable-qr,microsoft,True,,,,,,,,,,,,,,,,,,,,,,,,,,,,,,,,,,,,,,,,,,,,,,,,,,TN,,,,,,,,,,
442183697.0,1820662825,2023-12-24 06:04:04,205.6,0f896a4a54629904c55cc5e18aa1f6e387c9a697,1353282,autoland,ContentfulSpeedIndex,True,microsoft ContentfulSpeedIndex opt fission warm webrender,,77,ms,firefox,False,|f|i|s|s|i|o|n| |w|a|r|m| |w|e|b|r|e|n|d|e|r|,,3776889,13,9b3df14599f65e991e2c4a5eaba7ebe76c85b8c3,102210fe594ee9b33d82058545b1ed14f4c8206e,linux1804-64-shippable-qr,microsoft,True,,,,,,,,,,,,,,,,,,,,,,,,,,,,,,,,,,,,,,,,,,,,,,,,,,TN,,,,,,,,,,
442183699.0,1820662967,2023-12-24 06:04:04,210.1,0f896a4a54629904c55cc5e18aa1f6e387c9a697,1353282,autoland,ContentfulSpeedIndex,True,microsoft ContentfulSpeedIndex opt fission warm webrender,,77,ms,firefox,False,|f|i|s|s|i|o|n| |w|a|r|m| |w|e|b|r|e|n|d|e|r|,,3776889,13,9b3df14599f65e991e2c4a5eaba7ebe76c85b8c3,102210fe594ee9b33d82058545b1ed14f4c8206e,linux1804-64-shippable-qr,microsoft,True,,,,,,,,,,,,,,,,,,,,,,,,,,,,,,,,,,,,,,,,,,,,,,,,,,TN,,,,,,,,,,
442183701.0,1820662897,2023-12-24 06:04:04,209.9,0f896a4a54629904c55cc5e18aa1f6e387c9a697,1353282,autoland,ContentfulSpeedIndex,True,microsoft ContentfulSpeedIndex opt fission warm webrender,,77,ms,firefox,False,|f|i|s|s|i|o|n| |w|a|r|m| |w|e|b|r|e|n|d|e|r|,,3776889,13,9b3df14599f65e991e2c4a5eaba7ebe76c85b8c3,102210fe594ee9b33d82058545b1ed14f4c8206e,linux1804-64-shippable-qr,microsoft,True,,,,,,,,,,,,,,,,,,,,,,,,,,,,,,,,,,,,,,,,,,,,,,,,,,TN,,,,,,,,,,
,1816838233,2023-12-24 06:04:04,205.6,0f896a4a54629904c55cc5e18aa1f6e387c9a697,1353282,autoland,ContentfulSpeedIndex,True,microsoft ContentfulSpeedIndex opt fission warm webrender,,77,ms,firefox,False,|f|i|s|s|i|o|n| |w|a|r|m| |w|e|b|r|e|n|d|e|r|,,3776889,13,9b3df14599f65e991e2c4a5eaba7ebe76c85b8c3,102210fe594ee9b33d82058545b1ed14f4c8206e,linux1804-64-shippable-qr,microsoft,True,,,,,,,,,,,,,,,,,,,,,,,,,,,,,,,,,,,,,,,,,,,,,,,,,,TN,,,,,,,,,,
441598106.0,1818253524,2023-12-24 07:36:26,219.4,72ca09ca969891a28cbc6a2a24377a3ec3bfe5d1,1353288,autoland,ContentfulSpeedIndex,True,microsoft ContentfulSpeedIndex opt fission warm webrender,,77,ms,firefox,False,|f|i|s|s|i|o|n| |w|a|r|m| |w|e|b|r|e|n|d|e|r|,,3776889,13,9b3df14599f65e991e2c4a5eaba7ebe76c85b8c3,102210fe594ee9b33d82058545b1ed14f4c8206e,linux1804-64-shippable-qr,microsoft,True,,,,,,,,,,,,,,,,,,,,,,,,,,,,,,,,,,,,,,,,,,,,,,,,,,TN,,,,,,,,,,
,1816918840,2023-12-24 13:46:59,217.0,a15215077df33152e936203ec411ea07343a3f36,1353302,autoland,ContentfulSpeedIndex,True,microsoft ContentfulSpeedIndex opt fission warm webrender,,77,ms,firefox,False,|f|i|s|s|i|o|n| |w|a|r|m| |w|e|b|r|e|n|d|e|r|,,3776889,13,9b3df14599f65e991e2c4a5eaba7ebe76c85b8c3,102210fe594ee9b33d82058545b1ed14f4c8206e,linux1804-64-shippable-qr,microsoft,True,,,,,,,,,,,,,,,,,,,,,,,,,,,,,,,,,,,,,,,,,,,,,,,,,,TN,,,,,,,,,,
441598107.0,1818253574,2023-12-24 14:04:27,212.6,070a27111f1b1867346a05897f94e5890505b077,1353304,autoland,ContentfulSpeedIndex,True,microsoft ContentfulSpeedIndex opt fission warm webrender,,77,ms,firefox,False,|f|i|s|s|i|o|n| |w|a|r|m| |w|e|b|r|e|n|d|e|r|,,3776889,13,9b3df14599f65e991e2c4a5eaba7ebe76c85b8c3,102210fe594ee9b33d82058545b1ed14f4c8206e,linux1804-64-shippable-qr,microsoft,True,,,,,,,,,,,,,,,,,,,,,,,,,,,,,,,,,,,,,,,,,,,,,,,,,,TN,,,,,,,,,,
441598109.0,1818253593,2023-12-24 14:04:27,212.1,070a27111f1b1867346a05897f94e5890505b077,1353304,autoland,ContentfulSpeedIndex,True,microsoft ContentfulSpeedIndex opt fission warm webrender,,77,ms,firefox,False,|f|i|s|s|i|o|n| |w|a|r|m| |w|e|b|r|e|n|d|e|r|,,3776889,13,9b3df14599f65e991e2c4a5eaba7ebe76c85b8c3,102210fe594ee9b33d82058545b1ed14f4c8206e,linux1804-64-shippable-qr,microsoft,True,,,,,,,,,,,,,,,,,,,,,,,,,,,,,,,,,,,,,,,,,,,,,,,,,,TN,,,,,,,,,,
441598110.0,1818253714,2023-12-24 14:11:09,202.4,c9c96626bcae95ca53503b8888875ac82e0f3308,1353306,autoland,ContentfulSpeedIndex,True,microsoft ContentfulSpeedIndex opt fission warm webrender,,77,ms,firefox,False,|f|i|s|s|i|o|n| |w|a|r|m| |w|e|b|r|e|n|d|e|r|,,3776889,13,9b3df14599f65e991e2c4a5eaba7ebe76c85b8c3,102210fe594ee9b33d82058545b1ed14f4c8206e,linux1804-64-shippable-qr,microsoft,True,,,,,,,,,,,,,,,,,,,,,,,,,,,,,,,,,,,,,,,,,,,,,,,,,,TN,,,,,,,,,,
441598114.0,1818253666,2023-12-24 14:11:09,205.5,c9c96626bcae95ca53503b8888875ac82e0f3308,1353306,autoland,ContentfulSpeedIndex,True,microsoft ContentfulSpeedIndex opt fission warm webrender,,77,ms,firefox,False,|f|i|s|s|i|o|n| |w|a|r|m| |w|e|b|r|e|n|d|e|r|,,3776889,13,9b3df14599f65e991e2c4a5eaba7ebe76c85b8c3,102210fe594ee9b33d82058545b1ed14f4c8206e,linux1804-64-shippable-qr,microsoft,True,,,,,,,,,,,,,,,,,,,,,,,,,,,,,,,,,,,,,,,,,,,,,,,,,,TN,,,,,,,,,,
441598111.0,1818253549,2023-12-24 14:13:50,211.8,b334c8c6d84d7d75f6506ebf914d868b73407f00,1353307,autoland,ContentfulSpeedIndex,True,microsoft ContentfulSpeedIndex opt fission warm webrender,,77,ms,firefox,False,|f|i|s|s|i|o|n| |w|a|r|m| |w|e|b|r|e|n|d|e|r|,,3776889,13,9b3df14599f65e991e2c4a5eaba7ebe76c85b8c3,102210fe594ee9b33d82058545b1ed14f4c8206e,linux1804-64-shippable-qr,microsoft,True,,,,,,,,,,,,,,,,,,,,,,,,,,,,,,,,,,,,,,,,,,,,,,,,,,TN,,,,,,,,,,
441598113.0,1818253793,2023-12-24 14:13:50,207.1,b334c8c6d84d7d75f6506ebf914d868b73407f00,1353307,autoland,ContentfulSpeedIndex,True,microsoft ContentfulSpeedIndex opt fission warm webrender,,77,ms,firefox,False,|f|i|s|s|i|o|n| |w|a|r|m| |w|e|b|r|e|n|d|e|r|,,3776889,13,9b3df14599f65e991e2c4a5eaba7ebe76c85b8c3,102210fe594ee9b33d82058545b1ed14f4c8206e,linux1804-64-shippable-qr,microsoft,True,,,,,,,,,,,,,,,,,,,,,,,,,,,,,,,,,,,,,,,,,,,,,,,,,,TN,,,,,,,,,,
441598112.0,1818253769,2023-12-24 15:24:53,211.5,f81490b396f94be01a6e1f4b768d5d8c517eb852,1353312,autoland,ContentfulSpeedIndex,True,microsoft ContentfulSpeedIndex opt fission warm webrender,,77,ms,firefox,False,|f|i|s|s|i|o|n| |w|a|r|m| |w|e|b|r|e|n|d|e|r|,,3776889,13,9b3df14599f65e991e2c4a5eaba7ebe76c85b8c3,102210fe594ee9b33d82058545b1ed14f4c8206e,linux1804-64-shippable-qr,microsoft,True,,,,,,,,,,,,,,,,,,,,,,,,,,,,,,,,,,,,,,,,,,,,,,,,,,TN,,,,,,,,,,
441598115.0,1818253736,2023-12-24 15:24:53,212.5,f81490b396f94be01a6e1f4b768d5d8c517eb852,1353312,autoland,ContentfulSpeedIndex,True,microsoft ContentfulSpeedIndex opt fission warm webrender,,77,ms,firefox,False,|f|i|s|s|i|o|n| |w|a|r|m| |w|e|b|r|e|n|d|e|r|,,3776889,13,9b3df14599f65e991e2c4a5eaba7ebe76c85b8c3,102210fe594ee9b33d82058545b1ed14f4c8206e,linux1804-64-shippable-qr,microsoft,True,,,,,,,,,,,,,,,,,,,,,,,,,,,,,,,,,,,,,,,,,,,,,,,,,,TN,,,,,,,,,,
442183468.0,1820659110,2023-12-24 18:13:48,204.8,65471d13c8aaa5b3c5aa872ca12360b7f26ad6e0,1353317,autoland,ContentfulSpeedIndex,True,microsoft ContentfulSpeedIndex opt fission warm webrender,,77,ms,firefox,False,|f|i|s|s|i|o|n| |w|a|r|m| |w|e|b|r|e|n|d|e|r|,,3776889,13,9b3df14599f65e991e2c4a5eaba7ebe76c85b8c3,102210fe594ee9b33d82058545b1ed14f4c8206e,linux1804-64-shippable-qr,microsoft,True,,,,,,,,,,,,,,,,,,,,,,,,,,,,,,,,,,,,,,,,,,,,,,,,,,TN,,,,,,,,,,
442183471.0,1820659158,2023-12-24 18:13:48,208.2,65471d13c8aaa5b3c5aa872ca12360b7f26ad6e0,1353317,autoland,ContentfulSpeedIndex,True,microsoft ContentfulSpeedIndex opt fission warm webrender,,77,ms,firefox,False,|f|i|s|s|i|o|n| |w|a|r|m| |w|e|b|r|e|n|d|e|r|,,3776889,13,9b3df14599f65e991e2c4a5eaba7ebe76c85b8c3,102210fe594ee9b33d82058545b1ed14f4c8206e,linux1804-64-shippable-qr,microsoft,True,,,,,,,,,,,,,,,,,,,,,,,,,,,,,,,,,,,,,,,,,,,,,,,,,,TN,,,,,,,,,,
442183474.0,1820659365,2023-12-24 18:13:48,210.1,65471d13c8aaa5b3c5aa872ca12360b7f26ad6e0,1353317,autoland,ContentfulSpeedIndex,True,microsoft ContentfulSpeedIndex opt fission warm webrender,,77,ms,firefox,False,|f|i|s|s|i|o|n| |w|a|r|m| |w|e|b|r|e|n|d|e|r|,,3776889,13,9b3df14599f65e991e2c4a5eaba7ebe76c85b8c3,102210fe594ee9b33d82058545b1ed14f4c8206e,linux1804-64-shippable-qr,microsoft,True,,,,,,,,,,,,,,,,,,,,,,,,,,,,,,,,,,,,,,,,,,,,,,,,,,TN,,,,,,,,,,
442183477.0,1820659756,2023-12-24 18:13:48,205.7,65471d13c8aaa5b3c5aa872ca12360b7f26ad6e0,1353317,autoland,ContentfulSpeedIndex,True,microsoft ContentfulSpeedIndex opt fission warm webrender,,77,ms,firefox,False,|f|i|s|s|i|o|n| |w|a|r|m| |w|e|b|r|e|n|d|e|r|,,3776889,13,9b3df14599f65e991e2c4a5eaba7ebe76c85b8c3,102210fe594ee9b33d82058545b1ed14f4c8206e,linux1804-64-shippable-qr,microsoft,True,,,,,,,,,,,,,,,,,,,,,,,,,,,,,,,,,,,,,,,,,,,,,,,,,,TN,,,,,,,,,,
442183480.0,1820660778,2023-12-24 18:13:48,208.5,65471d13c8aaa5b3c5aa872ca12360b7f26ad6e0,1353317,autoland,ContentfulSpeedIndex,True,microsoft ContentfulSpeedIndex opt fission warm webrender,,77,ms,firefox,False,|f|i|s|s|i|o|n| |w|a|r|m| |w|e|b|r|e|n|d|e|r|,,3776889,13,9b3df14599f65e991e2c4a5eaba7ebe76c85b8c3,102210fe594ee9b33d82058545b1ed14f4c8206e,linux1804-64-shippable-qr,microsoft,True,,,,,,,,,,,,,,,,,,,,,,,,,,,,,,,,,,,,,,,,,,,,,,,,,,TN,,,,,,,,,,
,1816966186,2023-12-24 18:13:48,211.5,65471d13c8aaa5b3c5aa872ca12360b7f26ad6e0,1353317,autoland,ContentfulSpeedIndex,True,microsoft ContentfulSpeedIndex opt fission warm webrender,,77,ms,firefox,False,|f|i|s|s|i|o|n| |w|a|r|m| |w|e|b|r|e|n|d|e|r|,,3776889,13,9b3df14599f65e991e2c4a5eaba7ebe76c85b8c3,102210fe594ee9b33d82058545b1ed14f4c8206e,linux1804-64-shippable-qr,microsoft,True,,,,,,,,,,,,,,,,,,,,,,,,,,,,,,,,,,,,,,,,,,,,,,,,,,TN,,,,,,,,,,
441601669.0,1818273065,2023-12-24 19:01:38,211.3,5ea4fc8a3d901ef7181918d7b1e3270d2adad161,1353320,autoland,ContentfulSpeedIndex,True,microsoft ContentfulSpeedIndex opt fission warm webrender,,77,ms,firefox,False,|f|i|s|s|i|o|n| |w|a|r|m| |w|e|b|r|e|n|d|e|r|,,3776889,13,9b3df14599f65e991e2c4a5eaba7ebe76c85b8c3,102210fe594ee9b33d82058545b1ed14f4c8206e,linux1804-64-shippable-qr,microsoft,True,,,,,,,,,,,,,,,,,,,,,,,,,,,,,,,,,,,,,,,,,,,,,,,,,,TN,,,,,,,,,,
442183461.0,1820657201,2023-12-24 19:01:38,230.3,5ea4fc8a3d901ef7181918d7b1e3270d2adad161,1353320,autoland,ContentfulSpeedIndex,True,microsoft ContentfulSpeedIndex opt fission warm webrender,,77,ms,firefox,False,|f|i|s|s|i|o|n| |w|a|r|m| |w|e|b|r|e|n|d|e|r|,,3776889,13,9b3df14599f65e991e2c4a5eaba7ebe76c85b8c3,102210fe594ee9b33d82058545b1ed14f4c8206e,linux1804-64-shippable-qr,microsoft,True,,,,,,,,,,,,,,,,,,,,,,,,,,,,,,,,,,,,,,,,,,,,,,,,,,TN,,,,,,,,,,
442183462.0,1820656989,2023-12-24 19:01:38,210.6,5ea4fc8a3d901ef7181918d7b1e3270d2adad161,1353320,autoland,ContentfulSpeedIndex,True,microsoft ContentfulSpeedIndex opt fission warm webrender,,77,ms,firefox,False,|f|i|s|s|i|o|n| |w|a|r|m| |w|e|b|r|e|n|d|e|r|,,3776889,13,9b3df14599f65e991e2c4a5eaba7ebe76c85b8c3,102210fe594ee9b33d82058545b1ed14f4c8206e,linux1804-64-shippable-qr,microsoft,True,,,,,,,,,,,,,,,,,,,,,,,,,,,,,,,,,,,,,,,,,,,,,,,,,,TN,,,,,,,,,,
442183463.0,1820657254,2023-12-24 19:01:38,210.2,5ea4fc8a3d901ef7181918d7b1e3270d2adad161,1353320,autoland,ContentfulSpeedIndex,True,microsoft ContentfulSpeedIndex opt fission warm webrender,,77,ms,firefox,False,|f|i|s|s|i|o|n| |w|a|r|m| |w|e|b|r|e|n|d|e|r|,,3776889,13,9b3df14599f65e991e2c4a5eaba7ebe76c85b8c3,102210fe594ee9b33d82058545b1ed14f4c8206e,linux1804-64-shippable-qr,microsoft,True,,,,,,,,,,,,,,,,,,,,,,,,,,,,,,,,,,,,,,,,,,,,,,,,,,TN,,,,,,,,,,
442183464.0,1820657682,2023-12-24 19:01:38,211.3,5ea4fc8a3d901ef7181918d7b1e3270d2adad161,1353320,autoland,ContentfulSpeedIndex,True,microsoft ContentfulSpeedIndex opt fission warm webrender,,77,ms,firefox,False,|f|i|s|s|i|o|n| |w|a|r|m| |w|e|b|r|e|n|d|e|r|,,3776889,13,9b3df14599f65e991e2c4a5eaba7ebe76c85b8c3,102210fe594ee9b33d82058545b1ed14f4c8206e,linux1804-64-shippable-qr,microsoft,True,,,,,,,,,,,,,,,,,,,,,,,,,,,,,,,,,,,,,,,,,,,,,,,,,,TN,,,,,,,,,,
442183465.0,1820657790,2023-12-24 19:01:38,208.1,5ea4fc8a3d901ef7181918d7b1e3270d2adad161,1353320,autoland,ContentfulSpeedIndex,True,microsoft ContentfulSpeedIndex opt fission warm webrender,,77,ms,firefox,False,|f|i|s|s|i|o|n| |w|a|r|m| |w|e|b|r|e|n|d|e|r|,,3776889,13,9b3df14599f65e991e2c4a5eaba7ebe76c85b8c3,102210fe594ee9b33d82058545b1ed14f4c8206e,linux1804-64-shippable-qr,microsoft,True,,,,,,,,,,,,,,,,,,,,,,,,,,,,,,,,,,,,,,,,,,,,,,,,,,TN,,,,,,,,,,
441601918.0,1818274745,2023-12-24 21:40:17,204.2,11e1547b12709d9a597a122488b578a516f9046d,1353324,autoland,ContentfulSpeedIndex,True,microsoft ContentfulSpeedIndex opt fission warm webrender,,77,ms,firefox,False,|f|i|s|s|i|o|n| |w|a|r|m| |w|e|b|r|e|n|d|e|r|,,3776889,13,9b3df14599f65e991e2c4a5eaba7ebe76c85b8c3,102210fe594ee9b33d82058545b1ed14f4c8206e,linux1804-64-shippable-qr,microsoft,True,,,,,,,,,,,,,,,,,,,,,,,,,,,,,,,,,,,,,,,,,,,,,,,,,,TN,,,,,,,,,,
442183467.0,1820658105,2023-12-24 21:40:17,214.4,11e1547b12709d9a597a122488b578a516f9046d,1353324,autoland,ContentfulSpeedIndex,True,microsoft ContentfulSpeedIndex opt fission warm webrender,,77,ms,firefox,False,|f|i|s|s|i|o|n| |w|a|r|m| |w|e|b|r|e|n|d|e|r|,,3776889,13,9b3df14599f65e991e2c4a5eaba7ebe76c85b8c3,102210fe594ee9b33d82058545b1ed14f4c8206e,linux1804-64-shippable-qr,microsoft,True,,,,,,,,,,,,,,,,,,,,,,,,,,,,,,,,,,,,,,,,,,,,,,,,,,TN,,,,,,,,,,
442183470.0,1820659078,2023-12-24 21:40:17,209.8,11e1547b12709d9a597a122488b578a516f9046d,1353324,autoland,ContentfulSpeedIndex,True,microsoft ContentfulSpeedIndex opt fission warm webrender,,77,ms,firefox,False,|f|i|s|s|i|o|n| |w|a|r|m| |w|e|b|r|e|n|d|e|r|,,3776889,13,9b3df14599f65e991e2c4a5eaba7ebe76c85b8c3,102210fe594ee9b33d82058545b1ed14f4c8206e,linux1804-64-shippable-qr,microsoft,True,,,,,,,,,,,,,,,,,,,,,,,,,,,,,,,,,,,,,,,,,,,,,,,,,,TN,,,,,,,,,,
442183473.0,1820659065,2023-12-24 21:40:17,210.2,11e1547b12709d9a597a122488b578a516f9046d,1353324,autoland,ContentfulSpeedIndex,True,microsoft ContentfulSpeedIndex opt fission warm webrender,,77,ms,firefox,False,|f|i|s|s|i|o|n| |w|a|r|m| |w|e|b|r|e|n|d|e|r|,,3776889,13,9b3df14599f65e991e2c4a5eaba7ebe76c85b8c3,102210fe594ee9b33d82058545b1ed14f4c8206e,linux1804-64-shippable-qr,microsoft,True,,,,,,,,,,,,,,,,,,,,,,,,,,,,,,,,,,,,,,,,,,,,,,,,,,TN,,,,,,,,,,
442183476.0,1820659578,2023-12-24 21:40:17,208.2,11e1547b12709d9a597a122488b578a516f9046d,1353324,autoland,ContentfulSpeedIndex,True,microsoft ContentfulSpeedIndex opt fission warm webrender,,77,ms,firefox,False,|f|i|s|s|i|o|n| |w|a|r|m| |w|e|b|r|e|n|d|e|r|,,3776889,13,9b3df14599f65e991e2c4a5eaba7ebe76c85b8c3,102210fe594ee9b33d82058545b1ed14f4c8206e,linux1804-64-shippable-qr,microsoft,True,,,,,,,,,,,,,,,,,,,,,,,,,,,,,,,,,,,,,,,,,,,,,,,,,,TN,,,,,,,,,,
442183479.0,1820660686,2023-12-24 21:40:17,219.3,11e1547b12709d9a597a122488b578a516f9046d,1353324,autoland,ContentfulSpeedIndex,True,microsoft ContentfulSpeedIndex opt fission warm webrender,,77,ms,firefox,False,|f|i|s|s|i|o|n| |w|a|r|m| |w|e|b|r|e|n|d|e|r|,,3776889,13,9b3df14599f65e991e2c4a5eaba7ebe76c85b8c3,102210fe594ee9b33d82058545b1ed14f4c8206e,linux1804-64-shippable-qr,microsoft,True,,,,,,,,,,,,,,,,,,,,,,,,,,,,,,,,,,,,,,,,,,,,,,,,,,TN,,,,,,,,,,
442008176.0,1819960061,2023-12-25 01:21:58,218.8,29784c387017c900dc842f070d5cd88464dfc494,1353335,autoland,ContentfulSpeedIndex,True,microsoft ContentfulSpeedIndex opt fission warm webrender,,77,ms,firefox,False,|f|i|s|s|i|o|n| |w|a|r|m| |w|e|b|r|e|n|d|e|r|,,3776889,13,9b3df14599f65e991e2c4a5eaba7ebe76c85b8c3,102210fe594ee9b33d82058545b1ed14f4c8206e,linux1804-64-shippable-qr,microsoft,True,,,,,,,,,,,,,,,,,,,,,,,,,,,,,,,,,,,,,,,,,,,,,,,,,,TN,,,,,,,,,,
442008177.0,1819960182,2023-12-25 01:21:58,215.9,29784c387017c900dc842f070d5cd88464dfc494,1353335,autoland,ContentfulSpeedIndex,True,microsoft ContentfulSpeedIndex opt fission warm webrender,,77,ms,firefox,False,|f|i|s|s|i|o|n| |w|a|r|m| |w|e|b|r|e|n|d|e|r|,,3776889,13,9b3df14599f65e991e2c4a5eaba7ebe76c85b8c3,102210fe594ee9b33d82058545b1ed14f4c8206e,linux1804-64-shippable-qr,microsoft,True,,,,,,,,,,,,,,,,,,,,,,,,,,,,,,,,,,,,,,,,,,,,,,,,,,TN,,,,,,,,,,
442183924.0,1820669180,2023-12-25 01:21:58,211.4,29784c387017c900dc842f070d5cd88464dfc494,1353335,autoland,ContentfulSpeedIndex,True,microsoft ContentfulSpeedIndex opt fission warm webrender,,77,ms,firefox,False,|f|i|s|s|i|o|n| |w|a|r|m| |w|e|b|r|e|n|d|e|r|,,3776889,13,9b3df14599f65e991e2c4a5eaba7ebe76c85b8c3,102210fe594ee9b33d82058545b1ed14f4c8206e,linux1804-64-shippable-qr,microsoft,True,,,,,,,,,,,,,,,,,,,,,,,,,,,,,,,,,,,,,,,,,,,,,,,,,,TN,,,,,,,,,,
442183925.0,1820669156,2023-12-25 01:21:58,200.7,29784c387017c900dc842f070d5cd88464dfc494,1353335,autoland,ContentfulSpeedIndex,True,microsoft ContentfulSpeedIndex opt fission warm webrender,,77,ms,firefox,False,|f|i|s|s|i|o|n| |w|a|r|m| |w|e|b|r|e|n|d|e|r|,,3776889,13,9b3df14599f65e991e2c4a5eaba7ebe76c85b8c3,102210fe594ee9b33d82058545b1ed14f4c8206e,linux1804-64-shippable-qr,microsoft,True,,,,,,,,,,,,,,,,,,,,,,,,,,,,,,,,,,,,,,,,,,,,,,,,,,TN,,,,,,,,,,
442183926.0,1820669133,2023-12-25 01:21:58,209.8,29784c387017c900dc842f070d5cd88464dfc494,1353335,autoland,ContentfulSpeedIndex,True,microsoft ContentfulSpeedIndex opt fission warm webrender,,77,ms,firefox,False,|f|i|s|s|i|o|n| |w|a|r|m| |w|e|b|r|e|n|d|e|r|,,3776889,13,9b3df14599f65e991e2c4a5eaba7ebe76c85b8c3,102210fe594ee9b33d82058545b1ed14f4c8206e,linux1804-64-shippable-qr,microsoft,True,,,,,,,,,,,,,,,,,,,,,,,,,,,,,,,,,,,,,,,,,,,,,,,,,,TN,,,,,,,,,,
442183927.0,1820670519,2023-12-25 01:21:58,209.2,29784c387017c900dc842f070d5cd88464dfc494,1353335,autoland,ContentfulSpeedIndex,True,microsoft ContentfulSpeedIndex opt fission warm webrender,,77,ms,firefox,False,|f|i|s|s|i|o|n| |w|a|r|m| |w|e|b|r|e|n|d|e|r|,,3776889,13,9b3df14599f65e991e2c4a5eaba7ebe76c85b8c3,102210fe594ee9b33d82058545b1ed14f4c8206e,linux1804-64-shippable-qr,microsoft,True,,,,,,,,,,,,,,,,,,,,,,,,,,,,,,,,,,,,,,,,,,,,,,,,,,TN,,,,,,,,,,
442183928.0,1820669813,2023-12-25 01:21:58,214.9,29784c387017c900dc842f070d5cd88464dfc494,1353335,autoland,ContentfulSpeedIndex,True,microsoft ContentfulSpeedIndex opt fission warm webrender,,77,ms,firefox,False,|f|i|s|s|i|o|n| |w|a|r|m| |w|e|b|r|e|n|d|e|r|,,3776889,13,9b3df14599f65e991e2c4a5eaba7ebe76c85b8c3,102210fe594ee9b33d82058545b1ed14f4c8206e,linux1804-64-shippable-qr,microsoft,True,,,,,,,,,,,,,,,,,,,,,,,,,,,,,,,,,,,,,,,,,,,,,,,,,,TN,,,,,,,,,,
442692026.0,1822961159,2023-12-25 01:21:58,208.2,29784c387017c900dc842f070d5cd88464dfc494,1353335,autoland,ContentfulSpeedIndex,True,microsoft ContentfulSpeedIndex opt fission warm webrender,,77,ms,firefox,False,|f|i|s|s|i|o|n| |w|a|r|m| |w|e|b|r|e|n|d|e|r|,,3776889,13,9b3df14599f65e991e2c4a5eaba7ebe76c85b8c3,102210fe594ee9b33d82058545b1ed14f4c8206e,linux1804-64-shippable-qr,microsoft,True,,,,,,,,,,,,,,,,,,,,,,,,,,,,,,,,,,,,,,,,,,,,,,,,,,TN,,,,,,,,,,
442692029.0,1822961565,2023-12-25 01:21:58,211.4,29784c387017c900dc842f070d5cd88464dfc494,1353335,autoland,ContentfulSpeedIndex,True,microsoft ContentfulSpeedIndex opt fission warm webrender,,77,ms,firefox,False,|f|i|s|s|i|o|n| |w|a|r|m| |w|e|b|r|e|n|d|e|r|,,3776889,13,9b3df14599f65e991e2c4a5eaba7ebe76c85b8c3,102210fe594ee9b33d82058545b1ed14f4c8206e,linux1804-64-shippable-qr,microsoft,True,,,,,,,,,,,,,,,,,,,,,,,,,,,,,,,,,,,,,,,,,,,,,,,,,,TN,,,,,,,,,,
442692030.0,1822962528,2023-12-25 01:21:58,210.3,29784c387017c900dc842f070d5cd88464dfc494,1353335,autoland,ContentfulSpeedIndex,True,microsoft ContentfulSpeedIndex opt fission warm webrender,,77,ms,firefox,False,|f|i|s|s|i|o|n| |w|a|r|m| |w|e|b|r|e|n|d|e|r|,,3776889,13,9b3df14599f65e991e2c4a5eaba7ebe76c85b8c3,102210fe594ee9b33d82058545b1ed14f4c8206e,linux1804-64-shippable-qr,microsoft,True,,,,,,,,,,,,,,,,,,,,,,,,,,,,,,,,,,,,,,,,,,,,,,,,,,TN,,,,,,,,,,
442692032.0,1822962442,2023-12-25 01:21:58,211.9,29784c387017c900dc842f070d5cd88464dfc494,1353335,autoland,ContentfulSpeedIndex,True,microsoft ContentfulSpeedIndex opt fission warm webrender,,77,ms,firefox,False,|f|i|s|s|i|o|n| |w|a|r|m| |w|e|b|r|e|n|d|e|r|,,3776889,13,9b3df14599f65e991e2c4a5eaba7ebe76c85b8c3,102210fe594ee9b33d82058545b1ed14f4c8206e,linux1804-64-shippable-qr,microsoft,True,,,,,,,,,,,,,,,,,,,,,,,,,,,,,,,,,,,,,,,,,,,,,,,,,,TN,,,,,,,,,,
,1817037748,2023-12-25 01:21:58,219.6,29784c387017c900dc842f070d5cd88464dfc494,1353335,autoland,ContentfulSpeedIndex,True,microsoft ContentfulSpeedIndex opt fission warm webrender,,77,ms,firefox,False,|f|i|s|s|i|o|n| |w|a|r|m| |w|e|b|r|e|n|d|e|r|,,3776889,13,9b3df14599f65e991e2c4a5eaba7ebe76c85b8c3,102210fe594ee9b33d82058545b1ed14f4c8206e,linux1804-64-shippable-qr,microsoft,True,,,,,,,,,,,,,,,,,,,,,,,,,,,,,,,,,,,,,,,,,,,,,,,,,,TN,,,,,,,,,,
441598028.0,1818252304,2023-12-25 02:01:48,212.7,8b4cc6e72a48ae651f0071e37fd0d7e77e707127,1353336,autoland,ContentfulSpeedIndex,True,microsoft ContentfulSpeedIndex opt fission warm webrender,,77,ms,firefox,False,|f|i|s|s|i|o|n| |w|a|r|m| |w|e|b|r|e|n|d|e|r|,,3776889,13,9b3df14599f65e991e2c4a5eaba7ebe76c85b8c3,102210fe594ee9b33d82058545b1ed14f4c8206e,linux1804-64-shippable-qr,microsoft,True,,,,,,,,,,,,,,,,,,,,,,,,,,,,,,,,,,,,,,,,,,,,,,,,,,TN,,,,,,,,,,
442007741.0,1819959438,2023-12-25 02:01:48,210.1,8b4cc6e72a48ae651f0071e37fd0d7e77e707127,1353336,autoland,ContentfulSpeedIndex,True,microsoft ContentfulSpeedIndex opt fission warm webrender,,77,ms,firefox,False,|f|i|s|s|i|o|n| |w|a|r|m| |w|e|b|r|e|n|d|e|r|,,3776889,13,9b3df14599f65e991e2c4a5eaba7ebe76c85b8c3,102210fe594ee9b33d82058545b1ed14f4c8206e,linux1804-64-shippable-qr,microsoft,True,,,,,,,,,,,,,,,,,,,,,,,,,,,,,,,,,,,,,,,,,,,,,,,,,,TN,,,,,,,,,,
442007742.0,1819959493,2023-12-25 02:01:48,207.3,8b4cc6e72a48ae651f0071e37fd0d7e77e707127,1353336,autoland,ContentfulSpeedIndex,True,microsoft ContentfulSpeedIndex opt fission warm webrender,,77,ms,firefox,False,|f|i|s|s|i|o|n| |w|a|r|m| |w|e|b|r|e|n|d|e|r|,,3776889,13,9b3df14599f65e991e2c4a5eaba7ebe76c85b8c3,102210fe594ee9b33d82058545b1ed14f4c8206e,linux1804-64-shippable-qr,microsoft,True,,,,,,,,,,,,,,,,,,,,,,,,,,,,,,,,,,,,,,,,,,,,,,,,,,TN,,,,,,,,,,
442183469.0,1820658813,2023-12-25 02:01:48,205.4,8b4cc6e72a48ae651f0071e37fd0d7e77e707127,1353336,autoland,ContentfulSpeedIndex,True,microsoft ContentfulSpeedIndex opt fission warm webrender,,77,ms,firefox,False,|f|i|s|s|i|o|n| |w|a|r|m| |w|e|b|r|e|n|d|e|r|,,3776889,13,9b3df14599f65e991e2c4a5eaba7ebe76c85b8c3,102210fe594ee9b33d82058545b1ed14f4c8206e,linux1804-64-shippable-qr,microsoft,True,,,,,,,,,,,,,,,,,,,,,,,,,,,,,,,,,,,,,,,,,,,,,,,,,,TN,,,,,,,,,,
442183472.0,1820659019,2023-12-25 02:01:48,208.2,8b4cc6e72a48ae651f0071e37fd0d7e77e707127,1353336,autoland,ContentfulSpeedIndex,True,microsoft ContentfulSpeedIndex opt fission warm webrender,,77,ms,firefox,False,|f|i|s|s|i|o|n| |w|a|r|m| |w|e|b|r|e|n|d|e|r|,,3776889,13,9b3df14599f65e991e2c4a5eaba7ebe76c85b8c3,102210fe594ee9b33d82058545b1ed14f4c8206e,linux1804-64-shippable-qr,microsoft,True,,,,,,,,,,,,,,,,,,,,,,,,,,,,,,,,,,,,,,,,,,,,,,,,,,TN,,,,,,,,,,
442183475.0,1820659595,2023-12-25 02:01:48,209.7,8b4cc6e72a48ae651f0071e37fd0d7e77e707127,1353336,autoland,ContentfulSpeedIndex,True,microsoft ContentfulSpeedIndex opt fission warm webrender,,77,ms,firefox,False,|f|i|s|s|i|o|n| |w|a|r|m| |w|e|b|r|e|n|d|e|r|,,3776889,13,9b3df14599f65e991e2c4a5eaba7ebe76c85b8c3,102210fe594ee9b33d82058545b1ed14f4c8206e,linux1804-64-shippable-qr,microsoft,True,,,,,,,,,,,,,,,,,,,,,,,,,,,,,,,,,,,,,,,,,,,,,,,,,,TN,,,,,,,,,,
442183478.0,1820659703,2023-12-25 02:01:48,211.9,8b4cc6e72a48ae651f0071e37fd0d7e77e707127,1353336,autoland,ContentfulSpeedIndex,True,microsoft ContentfulSpeedIndex opt fission warm webrender,,77,ms,firefox,False,|f|i|s|s|i|o|n| |w|a|r|m| |w|e|b|r|e|n|d|e|r|,,3776889,13,9b3df14599f65e991e2c4a5eaba7ebe76c85b8c3,102210fe594ee9b33d82058545b1ed14f4c8206e,linux1804-64-shippable-qr,microsoft,True,,,,,,,,,,,,,,,,,,,,,,,,,,,,,,,,,,,,,,,,,,,,,,,,,,TN,,,,,,,,,,
442183481.0,1820660805,2023-12-25 02:01:48,209.3,8b4cc6e72a48ae651f0071e37fd0d7e77e707127,1353336,autoland,ContentfulSpeedIndex,True,microsoft ContentfulSpeedIndex opt fission warm webrender,,77,ms,firefox,False,|f|i|s|s|i|o|n| |w|a|r|m| |w|e|b|r|e|n|d|e|r|,,3776889,13,9b3df14599f65e991e2c4a5eaba7ebe76c85b8c3,102210fe594ee9b33d82058545b1ed14f4c8206e,linux1804-64-shippable-qr,microsoft,True,,,,,,,,,,,,,,,,,,,,,,,,,,,,,,,,,,,,,,,,,,,,,,,,,,TN,,,,,,,,,,
442676453.0,1822896294,2023-12-25 02:01:48,172.5,8b4cc6e72a48ae651f0071e37fd0d7e77e707127,1353336,autoland,ContentfulSpeedIndex,True,microsoft ContentfulSpeedIndex opt fission warm webrender,,77,ms,firefox,False,|f|i|s|s|i|o|n| |w|a|r|m| |w|e|b|r|e|n|d|e|r|,,3776889,13,9b3df14599f65e991e2c4a5eaba7ebe76c85b8c3,102210fe594ee9b33d82058545b1ed14f4c8206e,linux1804-64-shippable-qr,microsoft,True,,,,,,,,,,,,,,,,,,,,,,,,,,,,,,,,,,,,,,,,,,,,,,,,,,TN,,,,,,,,,,
442676455.0,1822897459,2023-12-25 02:01:48,212.8,8b4cc6e72a48ae651f0071e37fd0d7e77e707127,1353336,autoland,ContentfulSpeedIndex,True,microsoft ContentfulSpeedIndex opt fission warm webrender,,77,ms,firefox,False,|f|i|s|s|i|o|n| |w|a|r|m| |w|e|b|r|e|n|d|e|r|,,3776889,13,9b3df14599f65e991e2c4a5eaba7ebe76c85b8c3,102210fe594ee9b33d82058545b1ed14f4c8206e,linux1804-64-shippable-qr,microsoft,True,,,,,,,,,,,,,,,,,,,,,,,,,,,,,,,,,,,,,,,,,,,,,,,,,,TN,,,,,,,,,,
442692028.0,1822962300,2023-12-25 02:01:48,211.3,8b4cc6e72a48ae651f0071e37fd0d7e77e707127,1353336,autoland,ContentfulSpeedIndex,True,microsoft ContentfulSpeedIndex opt fission warm webrender,,77,ms,firefox,False,|f|i|s|s|i|o|n| |w|a|r|m| |w|e|b|r|e|n|d|e|r|,,3776889,13,9b3df14599f65e991e2c4a5eaba7ebe76c85b8c3,102210fe594ee9b33d82058545b1ed14f4c8206e,linux1804-64-shippable-qr,microsoft,True,,,,,,,,,,,,,,,,,,,,,,,,,,,,,,,,,,,,,,,,,,,,,,,,,,TN,,,,,,,,,,
442692031.0,1822961993,2023-12-25 02:01:48,208.0,8b4cc6e72a48ae651f0071e37fd0d7e77e707127,1353336,autoland,ContentfulSpeedIndex,True,microsoft ContentfulSpeedIndex opt fission warm webrender,,77,ms,firefox,False,|f|i|s|s|i|o|n| |w|a|r|m| |w|e|b|r|e|n|d|e|r|,,3776889,13,9b3df14599f65e991e2c4a5eaba7ebe76c85b8c3,102210fe594ee9b33d82058545b1ed14f4c8206e,linux1804-64-shippable-qr,microsoft,True,,,,,,,,,,,,,,,,,,,,,,,,,,,,,,,,,,,,,,,,,,,,,,,,,,TN,,,,,,,,,,
442692033.0,1822963049,2023-12-25 02:01:48,214.6,8b4cc6e72a48ae651f0071e37fd0d7e77e707127,1353336,autoland,ContentfulSpeedIndex,True,microsoft ContentfulSpeedIndex opt fission warm webrender,,77,ms,firefox,False,|f|i|s|s|i|o|n| |w|a|r|m| |w|e|b|r|e|n|d|e|r|,,3776889,13,9b3df14599f65e991e2c4a5eaba7ebe76c85b8c3,102210fe594ee9b33d82058545b1ed14f4c8206e,linux1804-64-shippable-qr,microsoft,True,,,,,,,,,,,,,,,,,,,,,,,,,,,,,,,,,,,,,,,,,,,,,,,,,,TN,,,,,,,,,,
442692034.0,1822962220,2023-12-25 02:01:48,210.6,8b4cc6e72a48ae651f0071e37fd0d7e77e707127,1353336,autoland,ContentfulSpeedIndex,True,microsoft ContentfulSpeedIndex opt fission warm webrender,,77,ms,firefox,False,|f|i|s|s|i|o|n| |w|a|r|m| |w|e|b|r|e|n|d|e|r|,,3776889,13,9b3df14599f65e991e2c4a5eaba7ebe76c85b8c3,102210fe594ee9b33d82058545b1ed14f4c8206e,linux1804-64-shippable-qr,microsoft,True,,,,,,,,,,,,,,,,,,,,,,,,,,,,,,,,,,,,,,,,,,,,,,,,,,TN,,,,,,,,,,
442692035.0,1822961545,2023-12-25 02:01:48,214.3,8b4cc6e72a48ae651f0071e37fd0d7e77e707127,1353336,autoland,ContentfulSpeedIndex,True,microsoft ContentfulSpeedIndex opt fission warm webrender,,77,ms,firefox,False,|f|i|s|s|i|o|n| |w|a|r|m| |w|e|b|r|e|n|d|e|r|,,3776889,13,9b3df14599f65e991e2c4a5eaba7ebe76c85b8c3,102210fe594ee9b33d82058545b1ed14f4c8206e,linux1804-64-shippable-qr,microsoft,True,,,,,,,,,,,,,,,,,,,,,,,,,,,,,,,,,,,,,,,,,,,,,,,,,,TN,,,,,,,,,,
442008001.0,1819959739,2023-12-25 05:53:22,221.5,f69f493b2f3cde5ef4b46b9675cfd4708287666e,1353343,autoland,ContentfulSpeedIndex,True,microsoft ContentfulSpeedIndex opt fission warm webrender,,77,ms,firefox,False,|f|i|s|s|i|o|n| |w|a|r|m| |w|e|b|r|e|n|d|e|r|,,3776889,13,9b3df14599f65e991e2c4a5eaba7ebe76c85b8c3,102210fe594ee9b33d82058545b1ed14f4c8206e,linux1804-64-shippable-qr,microsoft,True,,,,,,,,,,,,,,,,,,,,,,,,,,,,,,,,,,,,,,,,,,,,,,,,,,TN,,,,,,,,,,
442008004.0,1819959713,2023-12-25 05:53:22,210.6,f69f493b2f3cde5ef4b46b9675cfd4708287666e,1353343,autoland,ContentfulSpeedIndex,True,microsoft ContentfulSpeedIndex opt fission warm webrender,,77,ms,firefox,False,|f|i|s|s|i|o|n| |w|a|r|m| |w|e|b|r|e|n|d|e|r|,,3776889,13,9b3df14599f65e991e2c4a5eaba7ebe76c85b8c3,102210fe594ee9b33d82058545b1ed14f4c8206e,linux1804-64-shippable-qr,microsoft,True,,,,,,,,,,,,,,,,,,,,,,,,,,,,,,,,,,,,,,,,,,,,,,,,,,TN,,,,,,,,,,
442183485.0,1820660977,2023-12-25 05:53:22,208.2,f69f493b2f3cde5ef4b46b9675cfd4708287666e,1353343,autoland,ContentfulSpeedIndex,True,microsoft ContentfulSpeedIndex opt fission warm webrender,,77,ms,firefox,False,|f|i|s|s|i|o|n| |w|a|r|m| |w|e|b|r|e|n|d|e|r|,,3776889,13,9b3df14599f65e991e2c4a5eaba7ebe76c85b8c3,102210fe594ee9b33d82058545b1ed14f4c8206e,linux1804-64-shippable-qr,microsoft,True,,,,,,,,,,,,,,,,,,,,,,,,,,,,,,,,,,,,,,,,,,,,,,,,,,TN,,,,,,,,,,
442183486.0,1820660956,2023-12-25 05:53:22,212.3,f69f493b2f3cde5ef4b46b9675cfd4708287666e,1353343,autoland,ContentfulSpeedIndex,True,microsoft ContentfulSpeedIndex opt fission warm webrender,,77,ms,firefox,False,|f|i|s|s|i|o|n| |w|a|r|m| |w|e|b|r|e|n|d|e|r|,,3776889,13,9b3df14599f65e991e2c4a5eaba7ebe76c85b8c3,102210fe594ee9b33d82058545b1ed14f4c8206e,linux1804-64-shippable-qr,microsoft,True,,,,,,,,,,,,,,,,,,,,,,,,,,,,,,,,,,,,,,,,,,,,,,,,,,TN,,,,,,,,,,
442183487.0,1820661163,2023-12-25 05:53:22,213.0,f69f493b2f3cde5ef4b46b9675cfd4708287666e,1353343,autoland,ContentfulSpeedIndex,True,microsoft ContentfulSpeedIndex opt fission warm webrender,,77,ms,firefox,False,|f|i|s|s|i|o|n| |w|a|r|m| |w|e|b|r|e|n|d|e|r|,,3776889,13,9b3df14599f65e991e2c4a5eaba7ebe76c85b8c3,102210fe594ee9b33d82058545b1ed14f4c8206e,linux1804-64-shippable-qr,microsoft,True,,,,,,,,,,,,,,,,,,,,,,,,,,,,,,,,,,,,,,,,,,,,,,,,,,TN,,,,,,,,,,
442183488.0,1820661554,2023-12-25 05:53:22,208.1,f69f493b2f3cde5ef4b46b9675cfd4708287666e,1353343,autoland,ContentfulSpeedIndex,True,microsoft ContentfulSpeedIndex opt fission warm webrender,,77,ms,firefox,False,|f|i|s|s|i|o|n| |w|a|r|m| |w|e|b|r|e|n|d|e|r|,,3776889,13,9b3df14599f65e991e2c4a5eaba7ebe76c85b8c3,102210fe594ee9b33d82058545b1ed14f4c8206e,linux1804-64-shippable-qr,microsoft,True,,,,,,,,,,,,,,,,,,,,,,,,,,,,,,,,,,,,,,,,,,,,,,,,,,TN,,,,,,,,,,
442183489.0,1820662688,2023-12-25 05:53:22,209.0,f69f493b2f3cde5ef4b46b9675cfd4708287666e,1353343,autoland,ContentfulSpeedIndex,True,microsoft ContentfulSpeedIndex opt fission warm webrender,,77,ms,firefox,False,|f|i|s|s|i|o|n| |w|a|r|m| |w|e|b|r|e|n|d|e|r|,,3776889,13,9b3df14599f65e991e2c4a5eaba7ebe76c85b8c3,102210fe594ee9b33d82058545b1ed14f4c8206e,linux1804-64-shippable-qr,microsoft,True,,,,,,,,,,,,,,,,,,,,,,,,,,,,,,,,,,,,,,,,,,,,,,,,,,TN,,,,,,,,,,
442675936.0,1822884272,2023-12-25 05:53:22,220.3,f69f493b2f3cde5ef4b46b9675cfd4708287666e,1353343,autoland,ContentfulSpeedIndex,True,microsoft ContentfulSpeedIndex opt fission warm webrender,,77,ms,firefox,False,|f|i|s|s|i|o|n| |w|a|r|m| |w|e|b|r|e|n|d|e|r|,,3776889,13,9b3df14599f65e991e2c4a5eaba7ebe76c85b8c3,102210fe594ee9b33d82058545b1ed14f4c8206e,linux1804-64-shippable-qr,microsoft,True,,,,,,,,,,,,,,,,,,,,,,,,,,,,,,,,,,,,,,,,,,,,,,,,,,TN,,,,,,,,,,
442675939.0,1822884249,2023-12-25 05:53:22,211.2,f69f493b2f3cde5ef4b46b9675cfd4708287666e,1353343,autoland,ContentfulSpeedIndex,True,microsoft ContentfulSpeedIndex opt fission warm webrender,,77,ms,firefox,False,|f|i|s|s|i|o|n| |w|a|r|m| |w|e|b|r|e|n|d|e|r|,,3776889,13,9b3df14599f65e991e2c4a5eaba7ebe76c85b8c3,102210fe594ee9b33d82058545b1ed14f4c8206e,linux1804-64-shippable-qr,microsoft,True,,,,,,,,,,,,,,,,,,,,,,,,,,,,,,,,,,,,,,,,,,,,,,,,,,TN,,,,,,,,,,
442675940.0,1822884224,2023-12-25 05:53:22,212.1,f69f493b2f3cde5ef4b46b9675cfd4708287666e,1353343,autoland,ContentfulSpeedIndex,True,microsoft ContentfulSpeedIndex opt fission warm webrender,,77,ms,firefox,False,|f|i|s|s|i|o|n| |w|a|r|m| |w|e|b|r|e|n|d|e|r|,,3776889,13,9b3df14599f65e991e2c4a5eaba7ebe76c85b8c3,102210fe594ee9b33d82058545b1ed14f4c8206e,linux1804-64-shippable-qr,microsoft,True,,,,,,,,,,,,,,,,,,,,,,,,,,,,,,,,,,,,,,,,,,,,,,,,,,TN,,,,,,,,,,
442692043.0,1822962086,2023-12-25 05:53:22,208.1,f69f493b2f3cde5ef4b46b9675cfd4708287666e,1353343,autoland,ContentfulSpeedIndex,True,microsoft ContentfulSpeedIndex opt fission warm webrender,,77,ms,firefox,False,|f|i|s|s|i|o|n| |w|a|r|m| |w|e|b|r|e|n|d|e|r|,,3776889,13,9b3df14599f65e991e2c4a5eaba7ebe76c85b8c3,102210fe594ee9b33d82058545b1ed14f4c8206e,linux1804-64-shippable-qr,microsoft,True,,,,,,,,,,,,,,,,,,,,,,,,,,,,,,,,,,,,,,,,,,,,,,,,,,TN,,,,,,,,,,
442692044.0,1822962886,2023-12-25 05:53:22,208.1,f69f493b2f3cde5ef4b46b9675cfd4708287666e,1353343,autoland,ContentfulSpeedIndex,True,microsoft ContentfulSpeedIndex opt fission warm webrender,,77,ms,firefox,False,|f|i|s|s|i|o|n| |w|a|r|m| |w|e|b|r|e|n|d|e|r|,,3776889,13,9b3df14599f65e991e2c4a5eaba7ebe76c85b8c3,102210fe594ee9b33d82058545b1ed14f4c8206e,linux1804-64-shippable-qr,microsoft,True,,,,,,,,,,,,,,,,,,,,,,,,,,,,,,,,,,,,,,,,,,,,,,,,,,TN,,,,,,,,,,
442692045.0,1822961878,2023-12-25 05:53:22,211.9,f69f493b2f3cde5ef4b46b9675cfd4708287666e,1353343,autoland,ContentfulSpeedIndex,True,microsoft ContentfulSpeedIndex opt fission warm webrender,,77,ms,firefox,False,|f|i|s|s|i|o|n| |w|a|r|m| |w|e|b|r|e|n|d|e|r|,,3776889,13,9b3df14599f65e991e2c4a5eaba7ebe76c85b8c3,102210fe594ee9b33d82058545b1ed14f4c8206e,linux1804-64-shippable-qr,microsoft,True,,,,,,,,,,,,,,,,,,,,,,,,,,,,,,,,,,,,,,,,,,,,,,,,,,TN,,,,,,,,,,
442692046.0,1822963079,2023-12-25 05:53:22,213.7,f69f493b2f3cde5ef4b46b9675cfd4708287666e,1353343,autoland,ContentfulSpeedIndex,True,microsoft ContentfulSpeedIndex opt fission warm webrender,,77,ms,firefox,False,|f|i|s|s|i|o|n| |w|a|r|m| |w|e|b|r|e|n|d|e|r|,,3776889,13,9b3df14599f65e991e2c4a5eaba7ebe76c85b8c3,102210fe594ee9b33d82058545b1ed14f4c8206e,linux1804-64-shippable-qr,microsoft,True,,,,,,,,,,,,,,,,,,,,,,,,,,,,,,,,,,,,,,,,,,,,,,,,,,TN,,,,,,,,,,
442692047.0,1822962324,2023-12-25 05:53:22,206.8,f69f493b2f3cde5ef4b46b9675cfd4708287666e,1353343,autoland,ContentfulSpeedIndex,True,microsoft ContentfulSpeedIndex opt fission warm webrender,,77,ms,firefox,False,|f|i|s|s|i|o|n| |w|a|r|m| |w|e|b|r|e|n|d|e|r|,,3776889,13,9b3df14599f65e991e2c4a5eaba7ebe76c85b8c3,102210fe594ee9b33d82058545b1ed14f4c8206e,linux1804-64-shippable-qr,microsoft,True,,,,,,,,,,,,,,,,,,,,,,,,,,,,,,,,,,,,,,,,,,,,,,,,,,TN,,,,,,,,,,
,1817081760,2023-12-25 05:53:22,206.4,f69f493b2f3cde5ef4b46b9675cfd4708287666e,1353343,autoland,ContentfulSpeedIndex,True,microsoft ContentfulSpeedIndex opt fission warm webrender,,77,ms,firefox,False,|f|i|s|s|i|o|n| |w|a|r|m| |w|e|b|r|e|n|d|e|r|,,3776889,13,9b3df14599f65e991e2c4a5eaba7ebe76c85b8c3,102210fe594ee9b33d82058545b1ed14f4c8206e,linux1804-64-shippable-qr,microsoft,True,,,,,,,,,,,,,,,,,,,,,,,,,,,,,,,,,,,,,,,,,,,,,,,,,,TN,,,,,,,,,,
441598029.0,1818252350,2023-12-25 06:39:53,208.3,5c45743d053bcdfa7ac4b56193c1a5e30beb7d5f,1353346,autoland,ContentfulSpeedIndex,True,microsoft ContentfulSpeedIndex opt fission warm webrender,,77,ms,firefox,False,|f|i|s|s|i|o|n| |w|a|r|m| |w|e|b|r|e|n|d|e|r|,,3776889,13,9b3df14599f65e991e2c4a5eaba7ebe76c85b8c3,102210fe594ee9b33d82058545b1ed14f4c8206e,linux1804-64-shippable-qr,microsoft,True,,,,,,,,,,,,,,,,,,,,,,,,,,,,,,,,,,,,,,,,,,,,,,,,,,TN,,,,,,,,,,
442008226.0,1819960281,2023-12-25 06:39:53,211.3,5c45743d053bcdfa7ac4b56193c1a5e30beb7d5f,1353346,autoland,ContentfulSpeedIndex,True,microsoft ContentfulSpeedIndex opt fission warm webrender,,77,ms,firefox,False,|f|i|s|s|i|o|n| |w|a|r|m| |w|e|b|r|e|n|d|e|r|,,3776889,13,9b3df14599f65e991e2c4a5eaba7ebe76c85b8c3,102210fe594ee9b33d82058545b1ed14f4c8206e,linux1804-64-shippable-qr,microsoft,True,,,,,,,,,,,,,,,,,,,,,,,,,,,,,,,,,,,,,,,,,,,,,,,,,,TN,,,,,,,,,,
442008228.0,1819960322,2023-12-25 06:39:53,206.9,5c45743d053bcdfa7ac4b56193c1a5e30beb7d5f,1353346,autoland,ContentfulSpeedIndex,True,microsoft ContentfulSpeedIndex opt fission warm webrender,,77,ms,firefox,False,|f|i|s|s|i|o|n| |w|a|r|m| |w|e|b|r|e|n|d|e|r|,,3776889,13,9b3df14599f65e991e2c4a5eaba7ebe76c85b8c3,102210fe594ee9b33d82058545b1ed14f4c8206e,linux1804-64-shippable-qr,microsoft,True,,,,,,,,,,,,,,,,,,,,,,,,,,,,,,,,,,,,,,,,,,,,,,,,,,TN,,,,,,,,,,
442183918.0,1820668276,2023-12-25 06:39:53,211.7,5c45743d053bcdfa7ac4b56193c1a5e30beb7d5f,1353346,autoland,ContentfulSpeedIndex,True,microsoft ContentfulSpeedIndex opt fission warm webrender,,77,ms,firefox,False,|f|i|s|s|i|o|n| |w|a|r|m| |w|e|b|r|e|n|d|e|r|,,3776889,13,9b3df14599f65e991e2c4a5eaba7ebe76c85b8c3,102210fe594ee9b33d82058545b1ed14f4c8206e,linux1804-64-shippable-qr,microsoft,True,,,,,,,,,,,,,,,,,,,,,,,,,,,,,,,,,,,,,,,,,,,,,,,,,,TN,,,,,,,,,,
442183919.0,1820668230,2023-12-25 06:39:53,212.9,5c45743d053bcdfa7ac4b56193c1a5e30beb7d5f,1353346,autoland,ContentfulSpeedIndex,True,microsoft ContentfulSpeedIndex opt fission warm webrender,,77,ms,firefox,False,|f|i|s|s|i|o|n| |w|a|r|m| |w|e|b|r|e|n|d|e|r|,,3776889,13,9b3df14599f65e991e2c4a5eaba7ebe76c85b8c3,102210fe594ee9b33d82058545b1ed14f4c8206e,linux1804-64-shippable-qr,microsoft,True,,,,,,,,,,,,,,,,,,,,,,,,,,,,,,,,,,,,,,,,,,,,,,,,,,TN,,,,,,,,,,
442183920.0,1820668387,2023-12-25 06:39:53,215.8,5c45743d053bcdfa7ac4b56193c1a5e30beb7d5f,1353346,autoland,ContentfulSpeedIndex,True,microsoft ContentfulSpeedIndex opt fission warm webrender,,77,ms,firefox,False,|f|i|s|s|i|o|n| |w|a|r|m| |w|e|b|r|e|n|d|e|r|,,3776889,13,9b3df14599f65e991e2c4a5eaba7ebe76c85b8c3,102210fe594ee9b33d82058545b1ed14f4c8206e,linux1804-64-shippable-qr,microsoft,True,,,,,,,,,,,,,,,,,,,,,,,,,,,,,,,,,,,,,,,,,,,,,,,,,,TN,,,,,,,,,,
442183921.0,1820668444,2023-12-25 06:39:53,210.1,5c45743d053bcdfa7ac4b56193c1a5e30beb7d5f,1353346,autoland,ContentfulSpeedIndex,True,microsoft ContentfulSpeedIndex opt fission warm webrender,,77,ms,firefox,False,|f|i|s|s|i|o|n| |w|a|r|m| |w|e|b|r|e|n|d|e|r|,,3776889,13,9b3df14599f65e991e2c4a5eaba7ebe76c85b8c3,102210fe594ee9b33d82058545b1ed14f4c8206e,linux1804-64-shippable-qr,microsoft,True,,,,,,,,,,,,,,,,,,,,,,,,,,,,,,,,,,,,,,,,,,,,,,,,,,TN,,,,,,,,,,
442183922.0,1820668496,2023-12-25 06:39:53,205.4,5c45743d053bcdfa7ac4b56193c1a5e30beb7d5f,1353346,autoland,ContentfulSpeedIndex,True,microsoft ContentfulSpeedIndex opt fission warm webrender,,77,ms,firefox,False,|f|i|s|s|i|o|n| |w|a|r|m| |w|e|b|r|e|n|d|e|r|,,3776889,13,9b3df14599f65e991e2c4a5eaba7ebe76c85b8c3,102210fe594ee9b33d82058545b1ed14f4c8206e,linux1804-64-shippable-qr,microsoft,True,,,,,,,,,,,,,,,,,,,,,,,,,,,,,,,,,,,,,,,,,,,,,,,,,,TN,,,,,,,,,,
442675942.0,1822884457,2023-12-25 06:39:53,208.3,5c45743d053bcdfa7ac4b56193c1a5e30beb7d5f,1353346,autoland,ContentfulSpeedIndex,True,microsoft ContentfulSpeedIndex opt fission warm webrender,,77,ms,firefox,False,|f|i|s|s|i|o|n| |w|a|r|m| |w|e|b|r|e|n|d|e|r|,,3776889,13,9b3df14599f65e991e2c4a5eaba7ebe76c85b8c3,102210fe594ee9b33d82058545b1ed14f4c8206e,linux1804-64-shippable-qr,microsoft,True,,,,,,,,,,,,,,,,,,,,,,,,,,,,,,,,,,,,,,,,,,,,,,,,,,TN,,,,,,,,,,
442675944.0,1822884967,2023-12-25 06:39:53,205.6,5c45743d053bcdfa7ac4b56193c1a5e30beb7d5f,1353346,autoland,ContentfulSpeedIndex,True,microsoft ContentfulSpeedIndex opt fission warm webrender,,77,ms,firefox,False,|f|i|s|s|i|o|n| |w|a|r|m| |w|e|b|r|e|n|d|e|r|,,3776889,13,9b3df14599f65e991e2c4a5eaba7ebe76c85b8c3,102210fe594ee9b33d82058545b1ed14f4c8206e,linux1804-64-shippable-qr,microsoft,True,,,,,,,,,,,,,,,,,,,,,,,,,,,,,,,,,,,,,,,,,,,,,,,,,,TN,,,,,,,,,,
442675945.0,1822884728,2023-12-25 06:39:53,207.3,5c45743d053bcdfa7ac4b56193c1a5e30beb7d5f,1353346,autoland,ContentfulSpeedIndex,True,microsoft ContentfulSpeedIndex opt fission warm webrender,,77,ms,firefox,False,|f|i|s|s|i|o|n| |w|a|r|m| |w|e|b|r|e|n|d|e|r|,,3776889,13,9b3df14599f65e991e2c4a5eaba7ebe76c85b8c3,102210fe594ee9b33d82058545b1ed14f4c8206e,linux1804-64-shippable-qr,microsoft,True,,,,,,,,,,,,,,,,,,,,,,,,,,,,,,,,,,,,,,,,,,,,,,,,,,TN,,,,,,,,,,
442675949.0,1822886240,2023-12-25 06:39:53,211.7,5c45743d053bcdfa7ac4b56193c1a5e30beb7d5f,1353346,autoland,ContentfulSpeedIndex,True,microsoft ContentfulSpeedIndex opt fission warm webrender,,77,ms,firefox,False,|f|i|s|s|i|o|n| |w|a|r|m| |w|e|b|r|e|n|d|e|r|,,3776889,13,9b3df14599f65e991e2c4a5eaba7ebe76c85b8c3,102210fe594ee9b33d82058545b1ed14f4c8206e,linux1804-64-shippable-qr,microsoft,True,,,,,,,,,,,,,,,,,,,,,,,,,,,,,,,,,,,,,,,,,,,,,,,,,,TN,,,,,,,,,,
442692049.0,1822962160,2023-12-25 06:39:53,206.8,5c45743d053bcdfa7ac4b56193c1a5e30beb7d5f,1353346,autoland,ContentfulSpeedIndex,True,microsoft ContentfulSpeedIndex opt fission warm webrender,,77,ms,firefox,False,|f|i|s|s|i|o|n| |w|a|r|m| |w|e|b|r|e|n|d|e|r|,,3776889,13,9b3df14599f65e991e2c4a5eaba7ebe76c85b8c3,102210fe594ee9b33d82058545b1ed14f4c8206e,linux1804-64-shippable-qr,microsoft,True,,,,,,,,,,,,,,,,,,,,,,,,,,,,,,,,,,,,,,,,,,,,,,,,,,TN,,,,,,,,,,
442692052.0,1822962763,2023-12-25 06:39:53,219.2,5c45743d053bcdfa7ac4b56193c1a5e30beb7d5f,1353346,autoland,ContentfulSpeedIndex,True,microsoft ContentfulSpeedIndex opt fission warm webrender,,77,ms,firefox,False,|f|i|s|s|i|o|n| |w|a|r|m| |w|e|b|r|e|n|d|e|r|,,3776889,13,9b3df14599f65e991e2c4a5eaba7ebe76c85b8c3,102210fe594ee9b33d82058545b1ed14f4c8206e,linux1804-64-shippable-qr,microsoft,True,,,,,,,,,,,,,,,,,,,,,,,,,,,,,,,,,,,,,,,,,,,,,,,,,,TN,,,,,,,,,,
442692053.0,1822962110,2023-12-25 06:39:53,205.7,5c45743d053bcdfa7ac4b56193c1a5e30beb7d5f,1353346,autoland,ContentfulSpeedIndex,True,microsoft ContentfulSpeedIndex opt fission warm webrender,,77,ms,firefox,False,|f|i|s|s|i|o|n| |w|a|r|m| |w|e|b|r|e|n|d|e|r|,,3776889,13,9b3df14599f65e991e2c4a5eaba7ebe76c85b8c3,102210fe594ee9b33d82058545b1ed14f4c8206e,linux1804-64-shippable-qr,microsoft,True,,,,,,,,,,,,,,,,,,,,,,,,,,,,,,,,,,,,,,,,,,,,,,,,,,TN,,,,,,,,,,
442692054.0,1822960634,2023-12-25 06:39:53,180.4,5c45743d053bcdfa7ac4b56193c1a5e30beb7d5f,1353346,autoland,ContentfulSpeedIndex,True,microsoft ContentfulSpeedIndex opt fission warm webrender,,77,ms,firefox,False,|f|i|s|s|i|o|n| |w|a|r|m| |w|e|b|r|e|n|d|e|r|,,3776889,13,9b3df14599f65e991e2c4a5eaba7ebe76c85b8c3,102210fe594ee9b33d82058545b1ed14f4c8206e,linux1804-64-shippable-qr,microsoft,True,,,,,,,,,,,,,,,,,,,,,,,,,,,,,,,,,,,,,,,,,,,,,,,,,,TN,,,,,,,,,,
441601675.0,1818273091,2023-12-25 07:02:20,217.3,c8810af37f132121463fff0b55a6fb2fbd3632aa,1353347,autoland,ContentfulSpeedIndex,True,microsoft ContentfulSpeedIndex opt fission warm webrender,,77,ms,firefox,False,|f|i|s|s|i|o|n| |w|a|r|m| |w|e|b|r|e|n|d|e|r|,,3776889,13,9b3df14599f65e991e2c4a5eaba7ebe76c85b8c3,102210fe594ee9b33d82058545b1ed14f4c8206e,linux1804-64-shippable-qr,microsoft,True,,,,,,,,,,,,,,,,,,,,,,,,,,,,,,,,,,,,,,,,,,,,,,,,,,TN,,,,,,,,,,
442008223.0,1819960384,2023-12-25 07:02:20,213.0,c8810af37f132121463fff0b55a6fb2fbd3632aa,1353347,autoland,ContentfulSpeedIndex,True,microsoft ContentfulSpeedIndex opt fission warm webrender,,77,ms,firefox,False,|f|i|s|s|i|o|n| |w|a|r|m| |w|e|b|r|e|n|d|e|r|,,3776889,13,9b3df14599f65e991e2c4a5eaba7ebe76c85b8c3,102210fe594ee9b33d82058545b1ed14f4c8206e,linux1804-64-shippable-qr,microsoft,True,,,,,,,,,,,,,,,,,,,,,,,,,,,,,,,,,,,,,,,,,,,,,,,,,,TN,,,,,,,,,,
442008225.0,1819960434,2023-12-25 07:02:20,212.7,c8810af37f132121463fff0b55a6fb2fbd3632aa,1353347,autoland,ContentfulSpeedIndex,True,microsoft ContentfulSpeedIndex opt fission warm webrender,,77,ms,firefox,False,|f|i|s|s|i|o|n| |w|a|r|m| |w|e|b|r|e|n|d|e|r|,,3776889,13,9b3df14599f65e991e2c4a5eaba7ebe76c85b8c3,102210fe594ee9b33d82058545b1ed14f4c8206e,linux1804-64-shippable-qr,microsoft,True,,,,,,,,,,,,,,,,,,,,,,,,,,,,,,,,,,,,,,,,,,,,,,,,,,TN,,,,,,,,,,
442183907.0,1820667013,2023-12-25 07:02:20,210.1,c8810af37f132121463fff0b55a6fb2fbd3632aa,1353347,autoland,ContentfulSpeedIndex,True,microsoft ContentfulSpeedIndex opt fission warm webrender,,77,ms,firefox,False,|f|i|s|s|i|o|n| |w|a|r|m| |w|e|b|r|e|n|d|e|r|,,3776889,13,9b3df14599f65e991e2c4a5eaba7ebe76c85b8c3,102210fe594ee9b33d82058545b1ed14f4c8206e,linux1804-64-shippable-qr,microsoft,True,,,,,,,,,,,,,,,,,,,,,,,,,,,,,,,,,,,,,,,,,,,,,,,,,,TN,,,,,,,,,,
442183909.0,1820667568,2023-12-25 07:02:20,209.7,c8810af37f132121463fff0b55a6fb2fbd3632aa,1353347,autoland,ContentfulSpeedIndex,True,microsoft ContentfulSpeedIndex opt fission warm webrender,,77,ms,firefox,False,|f|i|s|s|i|o|n| |w|a|r|m| |w|e|b|r|e|n|d|e|r|,,3776889,13,9b3df14599f65e991e2c4a5eaba7ebe76c85b8c3,102210fe594ee9b33d82058545b1ed14f4c8206e,linux1804-64-shippable-qr,microsoft,True,,,,,,,,,,,,,,,,,,,,,,,,,,,,,,,,,,,,,,,,,,,,,,,,,,TN,,,,,,,,,,
442183910.0,1820667444,2023-12-25 07:02:20,215.9,c8810af37f132121463fff0b55a6fb2fbd3632aa,1353347,autoland,ContentfulSpeedIndex,True,microsoft ContentfulSpeedIndex opt fission warm webrender,,77,ms,firefox,False,|f|i|s|s|i|o|n| |w|a|r|m| |w|e|b|r|e|n|d|e|r|,,3776889,13,9b3df14599f65e991e2c4a5eaba7ebe76c85b8c3,102210fe594ee9b33d82058545b1ed14f4c8206e,linux1804-64-shippable-qr,microsoft,True,,,,,,,,,,,,,,,,,,,,,,,,,,,,,,,,,,,,,,,,,,,,,,,,,,TN,,,,,,,,,,
442183911.0,1820667599,2023-12-25 07:02:20,211.5,c8810af37f132121463fff0b55a6fb2fbd3632aa,1353347,autoland,ContentfulSpeedIndex,True,microsoft ContentfulSpeedIndex opt fission warm webrender,,77,ms,firefox,False,|f|i|s|s|i|o|n| |w|a|r|m| |w|e|b|r|e|n|d|e|r|,,3776889,13,9b3df14599f65e991e2c4a5eaba7ebe76c85b8c3,102210fe594ee9b33d82058545b1ed14f4c8206e,linux1804-64-shippable-qr,microsoft,True,,,,,,,,,,,,,,,,,,,,,,,,,,,,,,,,,,,,,,,,,,,,,,,,,,TN,,,,,,,,,,
442183912.0,1820667926,2023-12-25 07:02:20,206.5,c8810af37f132121463fff0b55a6fb2fbd3632aa,1353347,autoland,ContentfulSpeedIndex,True,microsoft ContentfulSpeedIndex opt fission warm webrender,,77,ms,firefox,False,|f|i|s|s|i|o|n| |w|a|r|m| |w|e|b|r|e|n|d|e|r|,,3776889,13,9b3df14599f65e991e2c4a5eaba7ebe76c85b8c3,102210fe594ee9b33d82058545b1ed14f4c8206e,linux1804-64-shippable-qr,microsoft,True,,,,,,,,,,,,,,,,,,,,,,,,,,,,,,,,,,,,,,,,,,,,,,,,,,TN,,,,,,,,,,
442676551.0,1822897543,2023-12-25 07:02:20,207.1,c8810af37f132121463fff0b55a6fb2fbd3632aa,1353347,autoland,ContentfulSpeedIndex,True,microsoft ContentfulSpeedIndex opt fission warm webrender,,77,ms,firefox,False,|f|i|s|s|i|o|n| |w|a|r|m| |w|e|b|r|e|n|d|e|r|,,3776889,13,9b3df14599f65e991e2c4a5eaba7ebe76c85b8c3,102210fe594ee9b33d82058545b1ed14f4c8206e,linux1804-64-shippable-qr,microsoft,True,,,,,,,,,,,,,,,,,,,,,,,,,,,,,,,,,,,,,,,,,,,,,,,,,,TN,,,,,,,,,,
442676553.0,1822897691,2023-12-25 07:02:20,214.6,c8810af37f132121463fff0b55a6fb2fbd3632aa,1353347,autoland,ContentfulSpeedIndex,True,microsoft ContentfulSpeedIndex opt fission warm webrender,,77,ms,firefox,False,|f|i|s|s|i|o|n| |w|a|r|m| |w|e|b|r|e|n|d|e|r|,,3776889,13,9b3df14599f65e991e2c4a5eaba7ebe76c85b8c3,102210fe594ee9b33d82058545b1ed14f4c8206e,linux1804-64-shippable-qr,microsoft,True,,,,,,,,,,,,,,,,,,,,,,,,,,,,,,,,,,,,,,,,,,,,,,,,,,TN,,,,,,,,,,
442676556.0,1822897876,2023-12-25 07:02:20,210.8,c8810af37f132121463fff0b55a6fb2fbd3632aa,1353347,autoland,ContentfulSpeedIndex,True,microsoft ContentfulSpeedIndex opt fission warm webrender,,77,ms,firefox,False,|f|i|s|s|i|o|n| |w|a|r|m| |w|e|b|r|e|n|d|e|r|,,3776889,13,9b3df14599f65e991e2c4a5eaba7ebe76c85b8c3,102210fe594ee9b33d82058545b1ed14f4c8206e,linux1804-64-shippable-qr,microsoft,True,,,,,,,,,,,,,,,,,,,,,,,,,,,,,,,,,,,,,,,,,,,,,,,,,,TN,,,,,,,,,,
442692063.0,1822961317,2023-12-25 07:02:20,209.9,c8810af37f132121463fff0b55a6fb2fbd3632aa,1353347,autoland,ContentfulSpeedIndex,True,microsoft ContentfulSpeedIndex opt fission warm webrender,,77,ms,firefox,False,|f|i|s|s|i|o|n| |w|a|r|m| |w|e|b|r|e|n|d|e|r|,,3776889,13,9b3df14599f65e991e2c4a5eaba7ebe76c85b8c3,102210fe594ee9b33d82058545b1ed14f4c8206e,linux1804-64-shippable-qr,microsoft,True,,,,,,,,,,,,,,,,,,,,,,,,,,,,,,,,,,,,,,,,,,,,,,,,,,TN,,,,,,,,,,
442692064.0,1822962371,2023-12-25 07:02:20,210.3,c8810af37f132121463fff0b55a6fb2fbd3632aa,1353347,autoland,ContentfulSpeedIndex,True,microsoft ContentfulSpeedIndex opt fission warm webrender,,77,ms,firefox,False,|f|i|s|s|i|o|n| |w|a|r|m| |w|e|b|r|e|n|d|e|r|,,3776889,13,9b3df14599f65e991e2c4a5eaba7ebe76c85b8c3,102210fe594ee9b33d82058545b1ed14f4c8206e,linux1804-64-shippable-qr,microsoft,True,,,,,,,,,,,,,,,,,,,,,,,,,,,,,,,,,,,,,,,,,,,,,,,,,,TN,,,,,,,,,,
442692065.0,1822961261,2023-12-25 07:02:20,212.6,c8810af37f132121463fff0b55a6fb2fbd3632aa,1353347,autoland,ContentfulSpeedIndex,True,microsoft ContentfulSpeedIndex opt fission warm webrender,,77,ms,firefox,False,|f|i|s|s|i|o|n| |w|a|r|m| |w|e|b|r|e|n|d|e|r|,,3776889,13,9b3df14599f65e991e2c4a5eaba7ebe76c85b8c3,102210fe594ee9b33d82058545b1ed14f4c8206e,linux1804-64-shippable-qr,microsoft,True,,,,,,,,,,,,,,,,,,,,,,,,,,,,,,,,,,,,,,,,,,,,,,,,,,TN,,,,,,,,,,
442692066.0,1822961467,2023-12-25 07:02:20,210.1,c8810af37f132121463fff0b55a6fb2fbd3632aa,1353347,autoland,ContentfulSpeedIndex,True,microsoft ContentfulSpeedIndex opt fission warm webrender,,77,ms,firefox,False,|f|i|s|s|i|o|n| |w|a|r|m| |w|e|b|r|e|n|d|e|r|,,3776889,13,9b3df14599f65e991e2c4a5eaba7ebe76c85b8c3,102210fe594ee9b33d82058545b1ed14f4c8206e,linux1804-64-shippable-qr,microsoft,True,,,,,,,,,,,,,,,,,,,,,,,,,,,,,,,,,,,,,,,,,,,,,,,,,,TN,,,,,,,,,,
441598030.0,1818252281,2023-12-25 09:50:35,209.8,8709afdd24c4f1ac8cf1b6f8a3ef5e5f1ddcb00a,1353354,autoland,ContentfulSpeedIndex,True,microsoft ContentfulSpeedIndex opt fission warm webrender,,77,ms,firefox,False,|f|i|s|s|i|o|n| |w|a|r|m| |w|e|b|r|e|n|d|e|r|,,3776889,13,9b3df14599f65e991e2c4a5eaba7ebe76c85b8c3,102210fe594ee9b33d82058545b1ed14f4c8206e,linux1804-64-shippable-qr,microsoft,True,,,,,,,,,,,,,,,,,,,,,,,,,,,,,,,,,,,,,,,,,,,,,,,,,,TN,,,,,,,,,,
442008133.0,1819959662,2023-12-25 09:50:35,214.8,8709afdd24c4f1ac8cf1b6f8a3ef5e5f1ddcb00a,1353354,autoland,ContentfulSpeedIndex,True,microsoft ContentfulSpeedIndex opt fission warm webrender,,77,ms,firefox,False,|f|i|s|s|i|o|n| |w|a|r|m| |w|e|b|r|e|n|d|e|r|,,3776889,13,9b3df14599f65e991e2c4a5eaba7ebe76c85b8c3,102210fe594ee9b33d82058545b1ed14f4c8206e,linux1804-64-shippable-qr,microsoft,True,,,,,,,,,,,,,,,,,,,,,,,,,,,,,,,,,,,,,,,,,,,,,,,,,,TN,,,,,,,,,,
442008135.0,1819959639,2023-12-25 09:50:35,211.9,8709afdd24c4f1ac8cf1b6f8a3ef5e5f1ddcb00a,1353354,autoland,ContentfulSpeedIndex,True,microsoft ContentfulSpeedIndex opt fission warm webrender,,77,ms,firefox,False,|f|i|s|s|i|o|n| |w|a|r|m| |w|e|b|r|e|n|d|e|r|,,3776889,13,9b3df14599f65e991e2c4a5eaba7ebe76c85b8c3,102210fe594ee9b33d82058545b1ed14f4c8206e,linux1804-64-shippable-qr,microsoft,True,,,,,,,,,,,,,,,,,,,,,,,,,,,,,,,,,,,,,,,,,,,,,,,,,,TN,,,,,,,,,,
442634319.0,1822640843,2023-12-25 09:50:35,205.9,8709afdd24c4f1ac8cf1b6f8a3ef5e5f1ddcb00a,1353354,autoland,ContentfulSpeedIndex,True,microsoft ContentfulSpeedIndex opt fission warm webrender,,77,ms,firefox,False,|f|i|s|s|i|o|n| |w|a|r|m| |w|e|b|r|e|n|d|e|r|,,3776889,13,9b3df14599f65e991e2c4a5eaba7ebe76c85b8c3,102210fe594ee9b33d82058545b1ed14f4c8206e,linux1804-64-shippable-qr,microsoft,True,,,,,,,,,,,,,,,,,,,,,,,,,,,,,,,,,,,,,,,,,,,,,,,,,,TN,,,,,,,,,,
442634322.0,1822640848,2023-12-25 09:50:35,211.4,8709afdd24c4f1ac8cf1b6f8a3ef5e5f1ddcb00a,1353354,autoland,ContentfulSpeedIndex,True,microsoft ContentfulSpeedIndex opt fission warm webrender,,77,ms,firefox,False,|f|i|s|s|i|o|n| |w|a|r|m| |w|e|b|r|e|n|d|e|r|,,3776889,13,9b3df14599f65e991e2c4a5eaba7ebe76c85b8c3,102210fe594ee9b33d82058545b1ed14f4c8206e,linux1804-64-shippable-qr,microsoft,True,,,,,,,,,,,,,,,,,,,,,,,,,,,,,,,,,,,,,,,,,,,,,,,,,,TN,,,,,,,,,,
442634324.0,1822640961,2023-12-25 09:50:35,207.3,8709afdd24c4f1ac8cf1b6f8a3ef5e5f1ddcb00a,1353354,autoland,ContentfulSpeedIndex,True,microsoft ContentfulSpeedIndex opt fission warm webrender,,77,ms,firefox,False,|f|i|s|s|i|o|n| |w|a|r|m| |w|e|b|r|e|n|d|e|r|,,3776889,13,9b3df14599f65e991e2c4a5eaba7ebe76c85b8c3,102210fe594ee9b33d82058545b1ed14f4c8206e,linux1804-64-shippable-qr,microsoft,True,,,,,,,,,,,,,,,,,,,,,,,,,,,,,,,,,,,,,,,,,,,,,,,,,,TN,,,,,,,,,,
442634325.0,1822640880,2023-12-25 09:50:35,208.2,8709afdd24c4f1ac8cf1b6f8a3ef5e5f1ddcb00a,1353354,autoland,ContentfulSpeedIndex,True,microsoft ContentfulSpeedIndex opt fission warm webrender,,77,ms,firefox,False,|f|i|s|s|i|o|n| |w|a|r|m| |w|e|b|r|e|n|d|e|r|,,3776889,13,9b3df14599f65e991e2c4a5eaba7ebe76c85b8c3,102210fe594ee9b33d82058545b1ed14f4c8206e,linux1804-64-shippable-qr,microsoft,True,,,,,,,,,,,,,,,,,,,,,,,,,,,,,,,,,,,,,,,,,,,,,,,,,,TN,,,,,,,,,,
442634368.0,1822641176,2023-12-25 09:50:35,206.5,8709afdd24c4f1ac8cf1b6f8a3ef5e5f1ddcb00a,1353354,autoland,ContentfulSpeedIndex,True,microsoft ContentfulSpeedIndex opt fission warm webrender,,77,ms,firefox,False,|f|i|s|s|i|o|n| |w|a|r|m| |w|e|b|r|e|n|d|e|r|,,3776889,13,9b3df14599f65e991e2c4a5eaba7ebe76c85b8c3,102210fe594ee9b33d82058545b1ed14f4c8206e,linux1804-64-shippable-qr,microsoft,True,,,,,,,,,,,,,,,,,,,,,,,,,,,,,,,,,,,,,,,,,,,,,,,,,,TN,,,,,,,,,,
442634369.0,1822641202,2023-12-25 09:50:35,211.9,8709afdd24c4f1ac8cf1b6f8a3ef5e5f1ddcb00a,1353354,autoland,ContentfulSpeedIndex,True,microsoft ContentfulSpeedIndex opt fission warm webrender,,77,ms,firefox,False,|f|i|s|s|i|o|n| |w|a|r|m| |w|e|b|r|e|n|d|e|r|,,3776889,13,9b3df14599f65e991e2c4a5eaba7ebe76c85b8c3,102210fe594ee9b33d82058545b1ed14f4c8206e,linux1804-64-shippable-qr,microsoft,True,,,,,,,,,,,,,,,,,,,,,,,,,,,,,,,,,,,,,,,,,,,,,,,,,,TN,,,,,,,,,,
442634416.0,1822641732,2023-12-25 09:50:35,206.8,8709afdd24c4f1ac8cf1b6f8a3ef5e5f1ddcb00a,1353354,autoland,ContentfulSpeedIndex,True,microsoft ContentfulSpeedIndex opt fission warm webrender,,77,ms,firefox,False,|f|i|s|s|i|o|n| |w|a|r|m| |w|e|b|r|e|n|d|e|r|,,3776889,13,9b3df14599f65e991e2c4a5eaba7ebe76c85b8c3,102210fe594ee9b33d82058545b1ed14f4c8206e,linux1804-64-shippable-qr,microsoft,True,,,,,,,,,,,,,,,,,,,,,,,,,,,,,,,,,,,,,,,,,,,,,,,,,,TN,,,,,,,,,,
442634418.0,1822641709,2023-12-25 09:50:35,210.3,8709afdd24c4f1ac8cf1b6f8a3ef5e5f1ddcb00a,1353354,autoland,ContentfulSpeedIndex,True,microsoft ContentfulSpeedIndex opt fission warm webrender,,77,ms,firefox,False,|f|i|s|s|i|o|n| |w|a|r|m| |w|e|b|r|e|n|d|e|r|,,3776889,13,9b3df14599f65e991e2c4a5eaba7ebe76c85b8c3,102210fe594ee9b33d82058545b1ed14f4c8206e,linux1804-64-shippable-qr,microsoft,True,,,,,,,,,,,,,,,,,,,,,,,,,,,,,,,,,,,,,,,,,,,,,,,,,,TN,,,,,,,,,,
442675941.0,1822884309,2023-12-25 09:50:35,212.1,8709afdd24c4f1ac8cf1b6f8a3ef5e5f1ddcb00a,1353354,autoland,ContentfulSpeedIndex,True,microsoft ContentfulSpeedIndex opt fission warm webrender,,77,ms,firefox,False,|f|i|s|s|i|o|n| |w|a|r|m| |w|e|b|r|e|n|d|e|r|,,3776889,13,9b3df14599f65e991e2c4a5eaba7ebe76c85b8c3,102210fe594ee9b33d82058545b1ed14f4c8206e,linux1804-64-shippable-qr,microsoft,True,,,,,,,,,,,,,,,,,,,,,,,,,,,,,,,,,,,,,,,,,,,,,,,,,,TN,,,,,,,,,,
442675948.0,1822885180,2023-12-25 09:50:35,210.2,8709afdd24c4f1ac8cf1b6f8a3ef5e5f1ddcb00a,1353354,autoland,ContentfulSpeedIndex,True,microsoft ContentfulSpeedIndex opt fission warm webrender,,77,ms,firefox,False,|f|i|s|s|i|o|n| |w|a|r|m| |w|e|b|r|e|n|d|e|r|,,3776889,13,9b3df14599f65e991e2c4a5eaba7ebe76c85b8c3,102210fe594ee9b33d82058545b1ed14f4c8206e,linux1804-64-shippable-qr,microsoft,True,,,,,,,,,,,,,,,,,,,,,,,,,,,,,,,,,,,,,,,,,,,,,,,,,,TN,,,,,,,,,,
442675950.0,1822886212,2023-12-25 09:50:35,212.9,8709afdd24c4f1ac8cf1b6f8a3ef5e5f1ddcb00a,1353354,autoland,ContentfulSpeedIndex,True,microsoft ContentfulSpeedIndex opt fission warm webrender,,77,ms,firefox,False,|f|i|s|s|i|o|n| |w|a|r|m| |w|e|b|r|e|n|d|e|r|,,3776889,13,9b3df14599f65e991e2c4a5eaba7ebe76c85b8c3,102210fe594ee9b33d82058545b1ed14f4c8206e,linux1804-64-shippable-qr,microsoft,True,,,,,,,,,,,,,,,,,,,,,,,,,,,,,,,,,,,,,,,,,,,,,,,,,,TN,,,,,,,,,,
442692048.0,1822961613,2023-12-25 09:50:35,202.3,8709afdd24c4f1ac8cf1b6f8a3ef5e5f1ddcb00a,1353354,autoland,ContentfulSpeedIndex,True,microsoft ContentfulSpeedIndex opt fission warm webrender,,77,ms,firefox,False,|f|i|s|s|i|o|n| |w|a|r|m| |w|e|b|r|e|n|d|e|r|,,3776889,13,9b3df14599f65e991e2c4a5eaba7ebe76c85b8c3,102210fe594ee9b33d82058545b1ed14f4c8206e,linux1804-64-shippable-qr,microsoft,True,,,,,,,,,,,,,,,,,,,,,,,,,,,,,,,,,,,,,,,,,,,,,,,,,,TN,,,,,,,,,,
442692051.0,1822961288,2023-12-25 09:50:35,209.7,8709afdd24c4f1ac8cf1b6f8a3ef5e5f1ddcb00a,1353354,autoland,ContentfulSpeedIndex,True,microsoft ContentfulSpeedIndex opt fission warm webrender,,77,ms,firefox,False,|f|i|s|s|i|o|n| |w|a|r|m| |w|e|b|r|e|n|d|e|r|,,3776889,13,9b3df14599f65e991e2c4a5eaba7ebe76c85b8c3,102210fe594ee9b33d82058545b1ed14f4c8206e,linux1804-64-shippable-qr,microsoft,True,,,,,,,,,,,,,,,,,,,,,,,,,,,,,,,,,,,,,,,,,,,,,,,,,,TN,,,,,,,,,,
442692055.0,1822962063,2023-12-25 09:50:35,206.9,8709afdd24c4f1ac8cf1b6f8a3ef5e5f1ddcb00a,1353354,autoland,ContentfulSpeedIndex,True,microsoft ContentfulSpeedIndex opt fission warm webrender,,77,ms,firefox,False,|f|i|s|s|i|o|n| |w|a|r|m| |w|e|b|r|e|n|d|e|r|,,3776889,13,9b3df14599f65e991e2c4a5eaba7ebe76c85b8c3,102210fe594ee9b33d82058545b1ed14f4c8206e,linux1804-64-shippable-qr,microsoft,True,,,,,,,,,,,,,,,,,,,,,,,,,,,,,,,,,,,,,,,,,,,,,,,,,,TN,,,,,,,,,,
441600957.0,1818260925,2023-12-25 09:52:06,207.9,4d6294424819e7658e0649e50e2e0c10f8f88b2e,1353355,autoland,ContentfulSpeedIndex,True,microsoft ContentfulSpeedIndex opt fission warm webrender,,77,ms,firefox,False,|f|i|s|s|i|o|n| |w|a|r|m| |w|e|b|r|e|n|d|e|r|,,3776889,13,9b3df14599f65e991e2c4a5eaba7ebe76c85b8c3,102210fe594ee9b33d82058545b1ed14f4c8206e,linux1804-64-shippable-qr,microsoft,True,,,,,,,,,,,,,,,,,,,,,,,,,,,,,,,,,,,,,,,,,,,,,,,,,,TN,,,,,,,,,,
442008148.0,1819959840,2023-12-25 09:52:06,211.3,4d6294424819e7658e0649e50e2e0c10f8f88b2e,1353355,autoland,ContentfulSpeedIndex,True,microsoft ContentfulSpeedIndex opt fission warm webrender,,77,ms,firefox,False,|f|i|s|s|i|o|n| |w|a|r|m| |w|e|b|r|e|n|d|e|r|,,3776889,13,9b3df14599f65e991e2c4a5eaba7ebe76c85b8c3,102210fe594ee9b33d82058545b1ed14f4c8206e,linux1804-64-shippable-qr,microsoft,True,,,,,,,,,,,,,,,,,,,,,,,,,,,,,,,,,,,,,,,,,,,,,,,,,,TN,,,,,,,,,,
442008149.0,1819959812,2023-12-25 09:52:06,215.7,4d6294424819e7658e0649e50e2e0c10f8f88b2e,1353355,autoland,ContentfulSpeedIndex,True,microsoft ContentfulSpeedIndex opt fission warm webrender,,77,ms,firefox,False,|f|i|s|s|i|o|n| |w|a|r|m| |w|e|b|r|e|n|d|e|r|,,3776889,13,9b3df14599f65e991e2c4a5eaba7ebe76c85b8c3,102210fe594ee9b33d82058545b1ed14f4c8206e,linux1804-64-shippable-qr,microsoft,True,,,,,,,,,,,,,,,,,,,,,,,,,,,,,,,,,,,,,,,,,,,,,,,,,,TN,,,,,,,,,,
442675968.0,1822886749,2023-12-25 09:52:06,212.5,4d6294424819e7658e0649e50e2e0c10f8f88b2e,1353355,autoland,ContentfulSpeedIndex,True,microsoft ContentfulSpeedIndex opt fission warm webrender,,77,ms,firefox,False,|f|i|s|s|i|o|n| |w|a|r|m| |w|e|b|r|e|n|d|e|r|,,3776889,13,9b3df14599f65e991e2c4a5eaba7ebe76c85b8c3,102210fe594ee9b33d82058545b1ed14f4c8206e,linux1804-64-shippable-qr,microsoft,True,,,,,,,,,,,,,,,,,,,,,,,,,,,,,,,,,,,,,,,,,,,,,,,,,,TN,,,,,,,,,,
442675969.0,1822887550,2023-12-25 09:52:06,205.1,4d6294424819e7658e0649e50e2e0c10f8f88b2e,1353355,autoland,ContentfulSpeedIndex,True,microsoft ContentfulSpeedIndex opt fission warm webrender,,77,ms,firefox,False,|f|i|s|s|i|o|n| |w|a|r|m| |w|e|b|r|e|n|d|e|r|,,3776889,13,9b3df14599f65e991e2c4a5eaba7ebe76c85b8c3,102210fe594ee9b33d82058545b1ed14f4c8206e,linux1804-64-shippable-qr,microsoft,True,,,,,,,,,,,,,,,,,,,,,,,,,,,,,,,,,,,,,,,,,,,,,,,,,,TN,,,,,,,,,,
442675970.0,1822887578,2023-12-25 09:52:06,210.9,4d6294424819e7658e0649e50e2e0c10f8f88b2e,1353355,autoland,ContentfulSpeedIndex,True,microsoft ContentfulSpeedIndex opt fission warm webrender,,77,ms,firefox,False,|f|i|s|s|i|o|n| |w|a|r|m| |w|e|b|r|e|n|d|e|r|,,3776889,13,9b3df14599f65e991e2c4a5eaba7ebe76c85b8c3,102210fe594ee9b33d82058545b1ed14f4c8206e,linux1804-64-shippable-qr,microsoft,True,,,,,,,,,,,,,,,,,,,,,,,,,,,,,,,,,,,,,,,,,,,,,,,,,,TN,,,,,,,,,,
442675971.0,1822887601,2023-12-25 09:52:06,212.9,4d6294424819e7658e0649e50e2e0c10f8f88b2e,1353355,autoland,ContentfulSpeedIndex,True,microsoft ContentfulSpeedIndex opt fission warm webrender,,77,ms,firefox,False,|f|i|s|s|i|o|n| |w|a|r|m| |w|e|b|r|e|n|d|e|r|,,3776889,13,9b3df14599f65e991e2c4a5eaba7ebe76c85b8c3,102210fe594ee9b33d82058545b1ed14f4c8206e,linux1804-64-shippable-qr,microsoft,True,,,,,,,,,,,,,,,,,,,,,,,,,,,,,,,,,,,,,,,,,,,,,,,,,,TN,,,,,,,,,,
442692036.0,1822962221,2023-12-25 09:52:06,208.5,4d6294424819e7658e0649e50e2e0c10f8f88b2e,1353355,autoland,ContentfulSpeedIndex,True,microsoft ContentfulSpeedIndex opt fission warm webrender,,77,ms,firefox,False,|f|i|s|s|i|o|n| |w|a|r|m| |w|e|b|r|e|n|d|e|r|,,3776889,13,9b3df14599f65e991e2c4a5eaba7ebe76c85b8c3,102210fe594ee9b33d82058545b1ed14f4c8206e,linux1804-64-shippable-qr,microsoft,True,,,,,,,,,,,,,,,,,,,,,,,,,,,,,,,,,,,,,,,,,,,,,,,,,,TN,,,,,,,,,,
442692037.0,1822961715,2023-12-25 09:52:06,214.2,4d6294424819e7658e0649e50e2e0c10f8f88b2e,1353355,autoland,ContentfulSpeedIndex,True,microsoft ContentfulSpeedIndex opt fission warm webrender,,77,ms,firefox,False,|f|i|s|s|i|o|n| |w|a|r|m| |w|e|b|r|e|n|d|e|r|,,3776889,13,9b3df14599f65e991e2c4a5eaba7ebe76c85b8c3,102210fe594ee9b33d82058545b1ed14f4c8206e,linux1804-64-shippable-qr,microsoft,True,,,,,,,,,,,,,,,,,,,,,,,,,,,,,,,,,,,,,,,,,,,,,,,,,,TN,,,,,,,,,,
442692038.0,1822961530,2023-12-25 09:52:06,214.2,4d6294424819e7658e0649e50e2e0c10f8f88b2e,1353355,autoland,ContentfulSpeedIndex,True,microsoft ContentfulSpeedIndex opt fission warm webrender,,77,ms,firefox,False,|f|i|s|s|i|o|n| |w|a|r|m| |w|e|b|r|e|n|d|e|r|,,3776889,13,9b3df14599f65e991e2c4a5eaba7ebe76c85b8c3,102210fe594ee9b33d82058545b1ed14f4c8206e,linux1804-64-shippable-qr,microsoft,True,,,,,,,,,,,,,,,,,,,,,,,,,,,,,,,,,,,,,,,,,,,,,,,,,,TN,,,,,,,,,,
442692039.0,1822961499,2023-12-25 09:52:06,209.9,4d6294424819e7658e0649e50e2e0c10f8f88b2e,1353355,autoland,ContentfulSpeedIndex,True,microsoft ContentfulSpeedIndex opt fission warm webrender,,77,ms,firefox,False,|f|i|s|s|i|o|n| |w|a|r|m| |w|e|b|r|e|n|d|e|r|,,3776889,13,9b3df14599f65e991e2c4a5eaba7ebe76c85b8c3,102210fe594ee9b33d82058545b1ed14f4c8206e,linux1804-64-shippable-qr,microsoft,True,,,,,,,,,,,,,,,,,,,,,,,,,,,,,,,,,,,,,,,,,,,,,,,,,,TN,,,,,,,,,,
442692040.0,1822962957,2023-12-25 09:52:06,213.4,4d6294424819e7658e0649e50e2e0c10f8f88b2e,1353355,autoland,ContentfulSpeedIndex,True,microsoft ContentfulSpeedIndex opt fission warm webrender,,77,ms,firefox,False,|f|i|s|s|i|o|n| |w|a|r|m| |w|e|b|r|e|n|d|e|r|,,3776889,13,9b3df14599f65e991e2c4a5eaba7ebe76c85b8c3,102210fe594ee9b33d82058545b1ed14f4c8206e,linux1804-64-shippable-qr,microsoft,True,,,,,,,,,,,,,,,,,,,,,,,,,,,,,,,,,,,,,,,,,,,,,,,,,,TN,,,,,,,,,,
442569343.0,1822371843,2023-12-25 12:57:04,221.8,b9600c5aa59e300200656691d1f1997593caafbd,1353372,autoland,ContentfulSpeedIndex,True,microsoft ContentfulSpeedIndex opt fission warm webrender,,77,ms,firefox,False,|f|i|s|s|i|o|n| |w|a|r|m| |w|e|b|r|e|n|d|e|r|,,3776889,13,9b3df14599f65e991e2c4a5eaba7ebe76c85b8c3,102210fe594ee9b33d82058545b1ed14f4c8206e,linux1804-64-shippable-qr,microsoft,True,,,,,,,,,,,,,,,,,,,,,,,,,,,,,,,,,,,,,,,,,,,,,,,,,,TN,,,,,,,,,,
442569344.0,1822371753,2023-12-25 12:57:04,208.7,b9600c5aa59e300200656691d1f1997593caafbd,1353372,autoland,ContentfulSpeedIndex,True,microsoft ContentfulSpeedIndex opt fission warm webrender,,77,ms,firefox,False,|f|i|s|s|i|o|n| |w|a|r|m| |w|e|b|r|e|n|d|e|r|,,3776889,13,9b3df14599f65e991e2c4a5eaba7ebe76c85b8c3,102210fe594ee9b33d82058545b1ed14f4c8206e,linux1804-64-shippable-qr,microsoft,True,,,,,,,,,,,,,,,,,,,,,,,,,,,,,,,,,,,,,,,,,,,,,,,,,,TN,,,,,,,,,,
442569345.0,1822372170,2023-12-25 12:57:04,211.2,b9600c5aa59e300200656691d1f1997593caafbd,1353372,autoland,ContentfulSpeedIndex,True,microsoft ContentfulSpeedIndex opt fission warm webrender,,77,ms,firefox,False,|f|i|s|s|i|o|n| |w|a|r|m| |w|e|b|r|e|n|d|e|r|,,3776889,13,9b3df14599f65e991e2c4a5eaba7ebe76c85b8c3,102210fe594ee9b33d82058545b1ed14f4c8206e,linux1804-64-shippable-qr,microsoft,True,,,,,,,,,,,,,,,,,,,,,,,,,,,,,,,,,,,,,,,,,,,,,,,,,,TN,,,,,,,,,,
442676290.0,1822892990,2023-12-25 12:57:04,212.5,b9600c5aa59e300200656691d1f1997593caafbd,1353372,autoland,ContentfulSpeedIndex,True,microsoft ContentfulSpeedIndex opt fission warm webrender,,77,ms,firefox,False,|f|i|s|s|i|o|n| |w|a|r|m| |w|e|b|r|e|n|d|e|r|,,3776889,13,9b3df14599f65e991e2c4a5eaba7ebe76c85b8c3,102210fe594ee9b33d82058545b1ed14f4c8206e,linux1804-64-shippable-qr,microsoft,True,,,,,,,,,,,,,,,,,,,,,,,,,,,,,,,,,,,,,,,,,,,,,,,,,,TN,,,,,,,,,,
442676292.0,1822893744,2023-12-25 12:57:04,209.5,b9600c5aa59e300200656691d1f1997593caafbd,1353372,autoland,ContentfulSpeedIndex,True,microsoft ContentfulSpeedIndex opt fission warm webrender,,77,ms,firefox,False,|f|i|s|s|i|o|n| |w|a|r|m| |w|e|b|r|e|n|d|e|r|,,3776889,13,9b3df14599f65e991e2c4a5eaba7ebe76c85b8c3,102210fe594ee9b33d82058545b1ed14f4c8206e,linux1804-64-shippable-qr,microsoft,True,,,,,,,,,,,,,,,,,,,,,,,,,,,,,,,,,,,,,,,,,,,,,,,,,,TN,,,,,,,,,,
442676293.0,1822893588,2023-12-25 12:57:04,214.1,b9600c5aa59e300200656691d1f1997593caafbd,1353372,autoland,ContentfulSpeedIndex,True,microsoft ContentfulSpeedIndex opt fission warm webrender,,77,ms,firefox,False,|f|i|s|s|i|o|n| |w|a|r|m| |w|e|b|r|e|n|d|e|r|,,3776889,13,9b3df14599f65e991e2c4a5eaba7ebe76c85b8c3,102210fe594ee9b33d82058545b1ed14f4c8206e,linux1804-64-shippable-qr,microsoft,True,,,,,,,,,,,,,,,,,,,,,,,,,,,,,,,,,,,,,,,,,,,,,,,,,,TN,,,,,,,,,,
442692068.0,1822962017,2023-12-25 12:57:04,219.7,b9600c5aa59e300200656691d1f1997593caafbd,1353372,autoland,ContentfulSpeedIndex,True,microsoft ContentfulSpeedIndex opt fission warm webrender,,77,ms,firefox,False,|f|i|s|s|i|o|n| |w|a|r|m| |w|e|b|r|e|n|d|e|r|,,3776889,13,9b3df14599f65e991e2c4a5eaba7ebe76c85b8c3,102210fe594ee9b33d82058545b1ed14f4c8206e,linux1804-64-shippable-qr,microsoft,True,,,,,,,,,,,,,,,,,,,,,,,,,,,,,,,,,,,,,,,,,,,,,,,,,,TN,,,,,,,,,,
442692069.0,1822962348,2023-12-25 12:57:04,206.7,b9600c5aa59e300200656691d1f1997593caafbd,1353372,autoland,ContentfulSpeedIndex,True,microsoft ContentfulSpeedIndex opt fission warm webrender,,77,ms,firefox,False,|f|i|s|s|i|o|n| |w|a|r|m| |w|e|b|r|e|n|d|e|r|,,3776889,13,9b3df14599f65e991e2c4a5eaba7ebe76c85b8c3,102210fe594ee9b33d82058545b1ed14f4c8206e,linux1804-64-shippable-qr,microsoft,True,,,,,,,,,,,,,,,,,,,,,,,,,,,,,,,,,,,,,,,,,,,,,,,,,,TN,,,,,,,,,,
442692070.0,1822962949,2023-12-25 12:57:04,215.7,b9600c5aa59e300200656691d1f1997593caafbd,1353372,autoland,ContentfulSpeedIndex,True,microsoft ContentfulSpeedIndex opt fission warm webrender,,77,ms,firefox,False,|f|i|s|s|i|o|n| |w|a|r|m| |w|e|b|r|e|n|d|e|r|,,3776889,13,9b3df14599f65e991e2c4a5eaba7ebe76c85b8c3,102210fe594ee9b33d82058545b1ed14f4c8206e,linux1804-64-shippable-qr,microsoft,True,,,,,,,,,,,,,,,,,,,,,,,,,,,,,,,,,,,,,,,,,,,,,,,,,,TN,,,,,,,,,,
442692071.0,1822963010,2023-12-25 12:57:04,212.7,b9600c5aa59e300200656691d1f1997593caafbd,1353372,autoland,ContentfulSpeedIndex,True,microsoft ContentfulSpeedIndex opt fission warm webrender,,77,ms,firefox,False,|f|i|s|s|i|o|n| |w|a|r|m| |w|e|b|r|e|n|d|e|r|,,3776889,13,9b3df14599f65e991e2c4a5eaba7ebe76c85b8c3,102210fe594ee9b33d82058545b1ed14f4c8206e,linux1804-64-shippable-qr,microsoft,True,,,,,,,,,,,,,,,,,,,,,,,,,,,,,,,,,,,,,,,,,,,,,,,,,,TN,,,,,,,,,,
442692072.0,1822961893,2023-12-25 12:57:04,211.0,b9600c5aa59e300200656691d1f1997593caafbd,1353372,autoland,ContentfulSpeedIndex,True,microsoft ContentfulSpeedIndex opt fission warm webrender,,77,ms,firefox,False,|f|i|s|s|i|o|n| |w|a|r|m| |w|e|b|r|e|n|d|e|r|,,3776889,13,9b3df14599f65e991e2c4a5eaba7ebe76c85b8c3,102210fe594ee9b33d82058545b1ed14f4c8206e,linux1804-64-shippable-qr,microsoft,True,,,,,,,,,,,,,,,,,,,,,,,,,,,,,,,,,,,,,,,,,,,,,,,,,,TN,,,,,,,,,,
,1817169206,2023-12-25 12:57:04,215.3,b9600c5aa59e300200656691d1f1997593caafbd,1353372,autoland,ContentfulSpeedIndex,True,microsoft ContentfulSpeedIndex opt fission warm webrender,,77,ms,firefox,False,|f|i|s|s|i|o|n| |w|a|r|m| |w|e|b|r|e|n|d|e|r|,,3776889,13,9b3df14599f65e991e2c4a5eaba7ebe76c85b8c3,102210fe594ee9b33d82058545b1ed14f4c8206e,linux1804-64-shippable-qr,microsoft,True,,,,,,,,,,,,,,,,,,,,,,,,,,,,,,,,,,,,,,,,,,,,,,,,,,TN,,,,,,,,,,
441601660.0,1818272958,2023-12-25 15:31:49,215.9,fe4d4c6cd90cbd802ff72e6cc61e01092053ddc2,1353379,autoland,ContentfulSpeedIndex,True,microsoft ContentfulSpeedIndex opt fission warm webrender,,77,ms,firefox,False,|f|i|s|s|i|o|n| |w|a|r|m| |w|e|b|r|e|n|d|e|r|,,3776889,13,9b3df14599f65e991e2c4a5eaba7ebe76c85b8c3,102210fe594ee9b33d82058545b1ed14f4c8206e,linux1804-64-shippable-qr,microsoft,True,,,,,,,,,,,,,,,,,,,,,,,,,,,,,,,,,,,,,,,,,,,,,,,,,,TN,,,,,,,,,,
442569328.0,1822371073,2023-12-25 15:31:49,212.4,fe4d4c6cd90cbd802ff72e6cc61e01092053ddc2,1353379,autoland,ContentfulSpeedIndex,True,microsoft ContentfulSpeedIndex opt fission warm webrender,,77,ms,firefox,False,|f|i|s|s|i|o|n| |w|a|r|m| |w|e|b|r|e|n|d|e|r|,,3776889,13,9b3df14599f65e991e2c4a5eaba7ebe76c85b8c3,102210fe594ee9b33d82058545b1ed14f4c8206e,linux1804-64-shippable-qr,microsoft,True,,,,,,,,,,,,,,,,,,,,,,,,,,,,,,,,,,,,,,,,,,,,,,,,,,TN,,,,,,,,,,
442569329.0,1822370938,2023-12-25 15:31:49,205.5,fe4d4c6cd90cbd802ff72e6cc61e01092053ddc2,1353379,autoland,ContentfulSpeedIndex,True,microsoft ContentfulSpeedIndex opt fission warm webrender,,77,ms,firefox,False,|f|i|s|s|i|o|n| |w|a|r|m| |w|e|b|r|e|n|d|e|r|,,3776889,13,9b3df14599f65e991e2c4a5eaba7ebe76c85b8c3,102210fe594ee9b33d82058545b1ed14f4c8206e,linux1804-64-shippable-qr,microsoft,True,,,,,,,,,,,,,,,,,,,,,,,,,,,,,,,,,,,,,,,,,,,,,,,,,,TN,,,,,,,,,,
442569330.0,1822371378,2023-12-25 15:31:49,211.1,fe4d4c6cd90cbd802ff72e6cc61e01092053ddc2,1353379,autoland,ContentfulSpeedIndex,True,microsoft ContentfulSpeedIndex opt fission warm webrender,,77,ms,firefox,False,|f|i|s|s|i|o|n| |w|a|r|m| |w|e|b|r|e|n|d|e|r|,,3776889,13,9b3df14599f65e991e2c4a5eaba7ebe76c85b8c3,102210fe594ee9b33d82058545b1ed14f4c8206e,linux1804-64-shippable-qr,microsoft,True,,,,,,,,,,,,,,,,,,,,,,,,,,,,,,,,,,,,,,,,,,,,,,,,,,TN,,,,,,,,,,
442675996.0,1822890074,2023-12-25 15:31:49,215.5,fe4d4c6cd90cbd802ff72e6cc61e01092053ddc2,1353379,autoland,ContentfulSpeedIndex,True,microsoft ContentfulSpeedIndex opt fission warm webrender,,77,ms,firefox,False,|f|i|s|s|i|o|n| |w|a|r|m| |w|e|b|r|e|n|d|e|r|,,3776889,13,9b3df14599f65e991e2c4a5eaba7ebe76c85b8c3,102210fe594ee9b33d82058545b1ed14f4c8206e,linux1804-64-shippable-qr,microsoft,True,,,,,,,,,,,,,,,,,,,,,,,,,,,,,,,,,,,,,,,,,,,,,,,,,,TN,,,,,,,,,,
442675997.0,1822890325,2023-12-25 15:31:49,210.9,fe4d4c6cd90cbd802ff72e6cc61e01092053ddc2,1353379,autoland,ContentfulSpeedIndex,True,microsoft ContentfulSpeedIndex opt fission warm webrender,,77,ms,firefox,False,|f|i|s|s|i|o|n| |w|a|r|m| |w|e|b|r|e|n|d|e|r|,,3776889,13,9b3df14599f65e991e2c4a5eaba7ebe76c85b8c3,102210fe594ee9b33d82058545b1ed14f4c8206e,linux1804-64-shippable-qr,microsoft,True,,,,,,,,,,,,,,,,,,,,,,,,,,,,,,,,,,,,,,,,,,,,,,,,,,TN,,,,,,,,,,
442675998.0,1822890484,2023-12-25 15:31:49,217.3,fe4d4c6cd90cbd802ff72e6cc61e01092053ddc2,1353379,autoland,ContentfulSpeedIndex,True,microsoft ContentfulSpeedIndex opt fission warm webrender,,77,ms,firefox,False,|f|i|s|s|i|o|n| |w|a|r|m| |w|e|b|r|e|n|d|e|r|,,3776889,13,9b3df14599f65e991e2c4a5eaba7ebe76c85b8c3,102210fe594ee9b33d82058545b1ed14f4c8206e,linux1804-64-shippable-qr,microsoft,True,,,,,,,,,,,,,,,,,,,,,,,,,,,,,,,,,,,,,,,,,,,,,,,,,,TN,,,,,,,,,,
442676000.0,1822890738,2023-12-25 15:31:49,208.5,fe4d4c6cd90cbd802ff72e6cc61e01092053ddc2,1353379,autoland,ContentfulSpeedIndex,True,microsoft ContentfulSpeedIndex opt fission warm webrender,,77,ms,firefox,False,|f|i|s|s|i|o|n| |w|a|r|m| |w|e|b|r|e|n|d|e|r|,,3776889,13,9b3df14599f65e991e2c4a5eaba7ebe76c85b8c3,102210fe594ee9b33d82058545b1ed14f4c8206e,linux1804-64-shippable-qr,microsoft,True,,,,,,,,,,,,,,,,,,,,,,,,,,,,,,,,,,,,,,,,,,,,,,,,,,TN,,,,,,,,,,
442692060.0,1822962605,2023-12-25 15:31:49,212.7,fe4d4c6cd90cbd802ff72e6cc61e01092053ddc2,1353379,autoland,ContentfulSpeedIndex,True,microsoft ContentfulSpeedIndex opt fission warm webrender,,77,ms,firefox,False,|f|i|s|s|i|o|n| |w|a|r|m| |w|e|b|r|e|n|d|e|r|,,3776889,13,9b3df14599f65e991e2c4a5eaba7ebe76c85b8c3,102210fe594ee9b33d82058545b1ed14f4c8206e,linux1804-64-shippable-qr,microsoft,True,,,,,,,,,,,,,,,,,,,,,,,,,,,,,,,,,,,,,,,,,,,,,,,,,,TN,,,,,,,,,,
442692061.0,1822962417,2023-12-25 15:31:49,210.9,fe4d4c6cd90cbd802ff72e6cc61e01092053ddc2,1353379,autoland,ContentfulSpeedIndex,True,microsoft ContentfulSpeedIndex opt fission warm webrender,,77,ms,firefox,False,|f|i|s|s|i|o|n| |w|a|r|m| |w|e|b|r|e|n|d|e|r|,,3776889,13,9b3df14599f65e991e2c4a5eaba7ebe76c85b8c3,102210fe594ee9b33d82058545b1ed14f4c8206e,linux1804-64-shippable-qr,microsoft,True,,,,,,,,,,,,,,,,,,,,,,,,,,,,,,,,,,,,,,,,,,,,,,,,,,TN,,,,,,,,,,
442692062.0,1822961347,2023-12-25 15:31:49,214.1,fe4d4c6cd90cbd802ff72e6cc61e01092053ddc2,1353379,autoland,ContentfulSpeedIndex,True,microsoft ContentfulSpeedIndex opt fission warm webrender,,77,ms,firefox,False,|f|i|s|s|i|o|n| |w|a|r|m| |w|e|b|r|e|n|d|e|r|,,3776889,13,9b3df14599f65e991e2c4a5eaba7ebe76c85b8c3,102210fe594ee9b33d82058545b1ed14f4c8206e,linux1804-64-shippable-qr,microsoft,True,,,,,,,,,,,,,,,,,,,,,,,,,,,,,,,,,,,,,,,,,,,,,,,,,,TN,,,,,,,,,,
442569246.0,1822369347,2023-12-25 17:10:06,208.4,fdd85a789550f85e20e7b7128f2b3316cbc76640,1353386,autoland,ContentfulSpeedIndex,True,microsoft ContentfulSpeedIndex opt fission warm webrender,,77,ms,firefox,False,|f|i|s|s|i|o|n| |w|a|r|m| |w|e|b|r|e|n|d|e|r|,,3776889,13,9b3df14599f65e991e2c4a5eaba7ebe76c85b8c3,102210fe594ee9b33d82058545b1ed14f4c8206e,linux1804-64-shippable-qr,microsoft,True,,,,,,,,,,,,,,,,,,,,,,,,,,,,,,,,,,,,,,,,,,,,,,,,,,TN,,,,,,,,,,
442569248.0,1822369723,2023-12-25 17:10:06,220.3,fdd85a789550f85e20e7b7128f2b3316cbc76640,1353386,autoland,ContentfulSpeedIndex,True,microsoft ContentfulSpeedIndex opt fission warm webrender,,77,ms,firefox,False,|f|i|s|s|i|o|n| |w|a|r|m| |w|e|b|r|e|n|d|e|r|,,3776889,13,9b3df14599f65e991e2c4a5eaba7ebe76c85b8c3,102210fe594ee9b33d82058545b1ed14f4c8206e,linux1804-64-shippable-qr,microsoft,True,,,,,,,,,,,,,,,,,,,,,,,,,,,,,,,,,,,,,,,,,,,,,,,,,,TN,,,,,,,,,,
442569249.0,1822369449,2023-12-25 17:10:06,215.8,fdd85a789550f85e20e7b7128f2b3316cbc76640,1353386,autoland,ContentfulSpeedIndex,True,microsoft ContentfulSpeedIndex opt fission warm webrender,,77,ms,firefox,False,|f|i|s|s|i|o|n| |w|a|r|m| |w|e|b|r|e|n|d|e|r|,,3776889,13,9b3df14599f65e991e2c4a5eaba7ebe76c85b8c3,102210fe594ee9b33d82058545b1ed14f4c8206e,linux1804-64-shippable-qr,microsoft,True,,,,,,,,,,,,,,,,,,,,,,,,,,,,,,,,,,,,,,,,,,,,,,,,,,TN,,,,,,,,,,
442569250.0,1822369090,2023-12-25 17:10:06,167.9,fdd85a789550f85e20e7b7128f2b3316cbc76640,1353386,autoland,ContentfulSpeedIndex,True,microsoft ContentfulSpeedIndex opt fission warm webrender,,77,ms,firefox,False,|f|i|s|s|i|o|n| |w|a|r|m| |w|e|b|r|e|n|d|e|r|,,3776889,13,9b3df14599f65e991e2c4a5eaba7ebe76c85b8c3,102210fe594ee9b33d82058545b1ed14f4c8206e,linux1804-64-shippable-qr,microsoft,True,,,,,,,,,,,,,,,,,,,,,,,,,,,,,,,,,,,,,,,,,,,,,,,,,,TN,,,,,,,,,,
442569469.0,1822375300,2023-12-25 17:10:06,209.2,fdd85a789550f85e20e7b7128f2b3316cbc76640,1353386,autoland,ContentfulSpeedIndex,True,microsoft ContentfulSpeedIndex opt fission warm webrender,,77,ms,firefox,False,|f|i|s|s|i|o|n| |w|a|r|m| |w|e|b|r|e|n|d|e|r|,,3776889,13,9b3df14599f65e991e2c4a5eaba7ebe76c85b8c3,102210fe594ee9b33d82058545b1ed14f4c8206e,linux1804-64-shippable-qr,microsoft,True,,,,,,,,,,,,,,,,,,,,,,,,,,,,,,,,,,,,,,,,,,,,,,,,,,TN,,,,,,,,,,
442676005.0,1822892848,2023-12-25 17:10:06,205.1,fdd85a789550f85e20e7b7128f2b3316cbc76640,1353386,autoland,ContentfulSpeedIndex,True,microsoft ContentfulSpeedIndex opt fission warm webrender,,77,ms,firefox,False,|f|i|s|s|i|o|n| |w|a|r|m| |w|e|b|r|e|n|d|e|r|,,3776889,13,9b3df14599f65e991e2c4a5eaba7ebe76c85b8c3,102210fe594ee9b33d82058545b1ed14f4c8206e,linux1804-64-shippable-qr,microsoft,True,,,,,,,,,,,,,,,,,,,,,,,,,,,,,,,,,,,,,,,,,,,,,,,,,,TN,,,,,,,,,,
442676006.0,1822892795,2023-12-25 17:10:06,211.1,fdd85a789550f85e20e7b7128f2b3316cbc76640,1353386,autoland,ContentfulSpeedIndex,True,microsoft ContentfulSpeedIndex opt fission warm webrender,,77,ms,firefox,False,|f|i|s|s|i|o|n| |w|a|r|m| |w|e|b|r|e|n|d|e|r|,,3776889,13,9b3df14599f65e991e2c4a5eaba7ebe76c85b8c3,102210fe594ee9b33d82058545b1ed14f4c8206e,linux1804-64-shippable-qr,microsoft,True,,,,,,,,,,,,,,,,,,,,,,,,,,,,,,,,,,,,,,,,,,,,,,,,,,TN,,,,,,,,,,
442692124.0,1822962732,2023-12-25 17:10:06,205.0,fdd85a789550f85e20e7b7128f2b3316cbc76640,1353386,autoland,ContentfulSpeedIndex,True,microsoft ContentfulSpeedIndex opt fission warm webrender,,77,ms,firefox,False,|f|i|s|s|i|o|n| |w|a|r|m| |w|e|b|r|e|n|d|e|r|,,3776889,13,9b3df14599f65e991e2c4a5eaba7ebe76c85b8c3,102210fe594ee9b33d82058545b1ed14f4c8206e,linux1804-64-shippable-qr,microsoft,True,,,,,,,,,,,,,,,,,,,,,,,,,,,,,,,,,,,,,,,,,,,,,,,,,,TN,,,,,,,,,,
442692127.0,1822962041,2023-12-25 17:10:06,206.5,fdd85a789550f85e20e7b7128f2b3316cbc76640,1353386,autoland,ContentfulSpeedIndex,True,microsoft ContentfulSpeedIndex opt fission warm webrender,,77,ms,firefox,False,|f|i|s|s|i|o|n| |w|a|r|m| |w|e|b|r|e|n|d|e|r|,,3776889,13,9b3df14599f65e991e2c4a5eaba7ebe76c85b8c3,102210fe594ee9b33d82058545b1ed14f4c8206e,linux1804-64-shippable-qr,microsoft,True,,,,,,,,,,,,,,,,,,,,,,,,,,,,,,,,,,,,,,,,,,,,,,,,,,TN,,,,,,,,,,
442692128.0,1822962254,2023-12-25 17:10:06,218.5,fdd85a789550f85e20e7b7128f2b3316cbc76640,1353386,autoland,ContentfulSpeedIndex,True,microsoft ContentfulSpeedIndex opt fission warm webrender,,77,ms,firefox,False,|f|i|s|s|i|o|n| |w|a|r|m| |w|e|b|r|e|n|d|e|r|,,3776889,13,9b3df14599f65e991e2c4a5eaba7ebe76c85b8c3,102210fe594ee9b33d82058545b1ed14f4c8206e,linux1804-64-shippable-qr,microsoft,True,,,,,,,,,,,,,,,,,,,,,,,,,,,,,,,,,,,,,,,,,,,,,,,,,,TN,,,,,,,,,,
442692130.0,1822962277,2023-12-25 17:10:06,212.6,fdd85a789550f85e20e7b7128f2b3316cbc76640,1353386,autoland,ContentfulSpeedIndex,True,microsoft ContentfulSpeedIndex opt fission warm webrender,,77,ms,firefox,False,|f|i|s|s|i|o|n| |w|a|r|m| |w|e|b|r|e|n|d|e|r|,,3776889,13,9b3df14599f65e991e2c4a5eaba7ebe76c85b8c3,102210fe594ee9b33d82058545b1ed14f4c8206e,linux1804-64-shippable-qr,microsoft,True,,,,,,,,,,,,,,,,,,,,,,,,,,,,,,,,,,,,,,,,,,,,,,,,,,TN,,,,,,,,,,
442692132.0,1822961235,2023-12-25 17:10:06,207.9,fdd85a789550f85e20e7b7128f2b3316cbc76640,1353386,autoland,ContentfulSpeedIndex,True,microsoft ContentfulSpeedIndex opt fission warm webrender,,77,ms,firefox,False,|f|i|s|s|i|o|n| |w|a|r|m| |w|e|b|r|e|n|d|e|r|,,3776889,13,9b3df14599f65e991e2c4a5eaba7ebe76c85b8c3,102210fe594ee9b33d82058545b1ed14f4c8206e,linux1804-64-shippable-qr,microsoft,True,,,,,,,,,,,,,,,,,,,,,,,,,,,,,,,,,,,,,,,,,,,,,,,,,,TN,,,,,,,,,,
442692143.0,1822963042,2023-12-25 17:10:06,209.7,fdd85a789550f85e20e7b7128f2b3316cbc76640,1353386,autoland,ContentfulSpeedIndex,True,microsoft ContentfulSpeedIndex opt fission warm webrender,,77,ms,firefox,False,|f|i|s|s|i|o|n| |w|a|r|m| |w|e|b|r|e|n|d|e|r|,,3776889,13,9b3df14599f65e991e2c4a5eaba7ebe76c85b8c3,102210fe594ee9b33d82058545b1ed14f4c8206e,linux1804-64-shippable-qr,microsoft,True,,,,,,,,,,,,,,,,,,,,,,,,,,,,,,,,,,,,,,,,,,,,,,,,,,TN,,,,,,,,,,
442692144.0,1822962987,2023-12-25 17:10:06,210.9,fdd85a789550f85e20e7b7128f2b3316cbc76640,1353386,autoland,ContentfulSpeedIndex,True,microsoft ContentfulSpeedIndex opt fission warm webrender,,77,ms,firefox,False,|f|i|s|s|i|o|n| |w|a|r|m| |w|e|b|r|e|n|d|e|r|,,3776889,13,9b3df14599f65e991e2c4a5eaba7ebe76c85b8c3,102210fe594ee9b33d82058545b1ed14f4c8206e,linux1804-64-shippable-qr,microsoft,True,,,,,,,,,,,,,,,,,,,,,,,,,,,,,,,,,,,,,,,,,,,,,,,,,,TN,,,,,,,,,,
442692145.0,1822962726,2023-12-25 17:10:06,211.5,fdd85a789550f85e20e7b7128f2b3316cbc76640,1353386,autoland,ContentfulSpeedIndex,True,microsoft ContentfulSpeedIndex opt fission warm webrender,,77,ms,firefox,False,|f|i|s|s|i|o|n| |w|a|r|m| |w|e|b|r|e|n|d|e|r|,,3776889,13,9b3df14599f65e991e2c4a5eaba7ebe76c85b8c3,102210fe594ee9b33d82058545b1ed14f4c8206e,linux1804-64-shippable-qr,microsoft,True,,,,,,,,,,,,,,,,,,,,,,,,,,,,,,,,,,,,,,,,,,,,,,,,,,TN,,,,,,,,,,
442692146.0,1822962401,2023-12-25 17:10:06,207.8,fdd85a789550f85e20e7b7128f2b3316cbc76640,1353386,autoland,ContentfulSpeedIndex,True,microsoft ContentfulSpeedIndex opt fission warm webrender,,77,ms,firefox,False,|f|i|s|s|i|o|n| |w|a|r|m| |w|e|b|r|e|n|d|e|r|,,3776889,13,9b3df14599f65e991e2c4a5eaba7ebe76c85b8c3,102210fe594ee9b33d82058545b1ed14f4c8206e,linux1804-64-shippable-qr,microsoft,True,,,,,,,,,,,,,,,,,,,,,,,,,,,,,,,,,,,,,,,,,,,,,,,,,,TN,,,,,,,,,,
,1817194017,2023-12-25 17:10:06,217.3,fdd85a789550f85e20e7b7128f2b3316cbc76640,1353386,autoland,ContentfulSpeedIndex,True,microsoft ContentfulSpeedIndex opt fission warm webrender,,77,ms,firefox,False,|f|i|s|s|i|o|n| |w|a|r|m| |w|e|b|r|e|n|d|e|r|,,3776889,13,9b3df14599f65e991e2c4a5eaba7ebe76c85b8c3,102210fe594ee9b33d82058545b1ed14f4c8206e,linux1804-64-shippable-qr,microsoft,True,,,,,,,,,,,,,,,,,,,,,,,,,,,,,,,,,,,,,,,,,,,,,,,,,,TN,,,,,,,,,,
442055642.0,1820121200,2023-12-25 17:39:39,212.8,3606ab5e28abd29915d76873ff89acc041c981cd,1353387,autoland,ContentfulSpeedIndex,True,microsoft ContentfulSpeedIndex opt fission warm webrender,,77,ms,firefox,False,|f|i|s|s|i|o|n| |w|a|r|m| |w|e|b|r|e|n|d|e|r|,,3776889,13,9b3df14599f65e991e2c4a5eaba7ebe76c85b8c3,102210fe594ee9b33d82058545b1ed14f4c8206e,linux1804-64-shippable-qr,microsoft,True,,,,,,,,,,,,,,,,,,,,,,,,,,,,,,,,,,,,,,,,,,,,,,,,,,TN,,,,,,,,,,
442569354.0,1822372246,2023-12-25 17:39:39,209.8,3606ab5e28abd29915d76873ff89acc041c981cd,1353387,autoland,ContentfulSpeedIndex,True,microsoft ContentfulSpeedIndex opt fission warm webrender,,77,ms,firefox,False,|f|i|s|s|i|o|n| |w|a|r|m| |w|e|b|r|e|n|d|e|r|,,3776889,13,9b3df14599f65e991e2c4a5eaba7ebe76c85b8c3,102210fe594ee9b33d82058545b1ed14f4c8206e,linux1804-64-shippable-qr,microsoft,True,,,,,,,,,,,,,,,,,,,,,,,,,,,,,,,,,,,,,,,,,,,,,,,,,,TN,,,,,,,,,,
442569358.0,1822372320,2023-12-25 17:39:39,214.2,3606ab5e28abd29915d76873ff89acc041c981cd,1353387,autoland,ContentfulSpeedIndex,True,microsoft ContentfulSpeedIndex opt fission warm webrender,,77,ms,firefox,False,|f|i|s|s|i|o|n| |w|a|r|m| |w|e|b|r|e|n|d|e|r|,,3776889,13,9b3df14599f65e991e2c4a5eaba7ebe76c85b8c3,102210fe594ee9b33d82058545b1ed14f4c8206e,linux1804-64-shippable-qr,microsoft,True,,,,,,,,,,,,,,,,,,,,,,,,,,,,,,,,,,,,,,,,,,,,,,,,,,TN,,,,,,,,,,
442569360.0,1822372849,2023-12-25 17:39:39,215.4,3606ab5e28abd29915d76873ff89acc041c981cd,1353387,autoland,ContentfulSpeedIndex,True,microsoft ContentfulSpeedIndex opt fission warm webrender,,77,ms,firefox,False,|f|i|s|s|i|o|n| |w|a|r|m| |w|e|b|r|e|n|d|e|r|,,3776889,13,9b3df14599f65e991e2c4a5eaba7ebe76c85b8c3,102210fe594ee9b33d82058545b1ed14f4c8206e,linux1804-64-shippable-qr,microsoft,True,,,,,,,,,,,,,,,,,,,,,,,,,,,,,,,,,,,,,,,,,,,,,,,,,,TN,,,,,,,,,,
442692154.0,1822962134,2023-12-25 17:39:39,211.4,3606ab5e28abd29915d76873ff89acc041c981cd,1353387,autoland,ContentfulSpeedIndex,True,microsoft ContentfulSpeedIndex opt fission warm webrender,,77,ms,firefox,False,|f|i|s|s|i|o|n| |w|a|r|m| |w|e|b|r|e|n|d|e|r|,,3776889,13,9b3df14599f65e991e2c4a5eaba7ebe76c85b8c3,102210fe594ee9b33d82058545b1ed14f4c8206e,linux1804-64-shippable-qr,microsoft,True,,,,,,,,,,,,,,,,,,,,,,,,,,,,,,,,,,,,,,,,,,,,,,,,,,TN,,,,,,,,,,
442692155.0,1822962533,2023-12-25 17:39:39,205.1,3606ab5e28abd29915d76873ff89acc041c981cd,1353387,autoland,ContentfulSpeedIndex,True,microsoft ContentfulSpeedIndex opt fission warm webrender,,77,ms,firefox,False,|f|i|s|s|i|o|n| |w|a|r|m| |w|e|b|r|e|n|d|e|r|,,3776889,13,9b3df14599f65e991e2c4a5eaba7ebe76c85b8c3,102210fe594ee9b33d82058545b1ed14f4c8206e,linux1804-64-shippable-qr,microsoft,True,,,,,,,,,,,,,,,,,,,,,,,,,,,,,,,,,,,,,,,,,,,,,,,,,,TN,,,,,,,,,,
442692156.0,1822962805,2023-12-25 17:39:39,208.1,3606ab5e28abd29915d76873ff89acc041c981cd,1353387,autoland,ContentfulSpeedIndex,True,microsoft ContentfulSpeedIndex opt fission warm webrender,,77,ms,firefox,False,|f|i|s|s|i|o|n| |w|a|r|m| |w|e|b|r|e|n|d|e|r|,,3776889,13,9b3df14599f65e991e2c4a5eaba7ebe76c85b8c3,102210fe594ee9b33d82058545b1ed14f4c8206e,linux1804-64-shippable-qr,microsoft,True,,,,,,,,,,,,,,,,,,,,,,,,,,,,,,,,,,,,,,,,,,,,,,,,,,TN,,,,,,,,,,
442692157.0,1822963254,2023-12-25 17:39:39,210.7,3606ab5e28abd29915d76873ff89acc041c981cd,1353387,autoland,ContentfulSpeedIndex,True,microsoft ContentfulSpeedIndex opt fission warm webrender,,77,ms,firefox,False,|f|i|s|s|i|o|n| |w|a|r|m| |w|e|b|r|e|n|d|e|r|,,3776889,13,9b3df14599f65e991e2c4a5eaba7ebe76c85b8c3,102210fe594ee9b33d82058545b1ed14f4c8206e,linux1804-64-shippable-qr,microsoft,True,,,,,,,,,,,,,,,,,,,,,,,,,,,,,,,,,,,,,,,,,,,,,,,,,,TN,,,,,,,,,,
442692158.0,1822963302,2023-12-25 17:39:39,212.6,3606ab5e28abd29915d76873ff89acc041c981cd,1353387,autoland,ContentfulSpeedIndex,True,microsoft ContentfulSpeedIndex opt fission warm webrender,,77,ms,firefox,False,|f|i|s|s|i|o|n| |w|a|r|m| |w|e|b|r|e|n|d|e|r|,,3776889,13,9b3df14599f65e991e2c4a5eaba7ebe76c85b8c3,102210fe594ee9b33d82058545b1ed14f4c8206e,linux1804-64-shippable-qr,microsoft,True,,,,,,,,,,,,,,,,,,,,,,,,,,,,,,,,,,,,,,,,,,,,,,,,,,TN,,,,,,,,,,
442055646.0,1820122487,2023-12-25 18:59:44,208.4,41da0945e05b6758d7d549f8a287f331caf098a4,1353391,autoland,ContentfulSpeedIndex,True,microsoft ContentfulSpeedIndex opt fission warm webrender,,77,ms,firefox,False,|f|i|s|s|i|o|n| |w|a|r|m| |w|e|b|r|e|n|d|e|r|,,3776889,13,9b3df14599f65e991e2c4a5eaba7ebe76c85b8c3,102210fe594ee9b33d82058545b1ed14f4c8206e,linux1804-64-shippable-qr,microsoft,True,,,,,,,,,,,,,,,,,,,,,,,,,,,,,,,,,,,,,,,,,,,,,,,,,,TN,,,,,,,,,,
442569421.0,1822373339,2023-12-25 18:59:44,209.7,41da0945e05b6758d7d549f8a287f331caf098a4,1353391,autoland,ContentfulSpeedIndex,True,microsoft ContentfulSpeedIndex opt fission warm webrender,,77,ms,firefox,False,|f|i|s|s|i|o|n| |w|a|r|m| |w|e|b|r|e|n|d|e|r|,,3776889,13,9b3df14599f65e991e2c4a5eaba7ebe76c85b8c3,102210fe594ee9b33d82058545b1ed14f4c8206e,linux1804-64-shippable-qr,microsoft,True,,,,,,,,,,,,,,,,,,,,,,,,,,,,,,,,,,,,,,,,,,,,,,,,,,TN,,,,,,,,,,
442569434.0,1822374470,2023-12-25 18:59:44,208.1,41da0945e05b6758d7d549f8a287f331caf098a4,1353391,autoland,ContentfulSpeedIndex,True,microsoft ContentfulSpeedIndex opt fission warm webrender,,77,ms,firefox,False,|f|i|s|s|i|o|n| |w|a|r|m| |w|e|b|r|e|n|d|e|r|,,3776889,13,9b3df14599f65e991e2c4a5eaba7ebe76c85b8c3,102210fe594ee9b33d82058545b1ed14f4c8206e,linux1804-64-shippable-qr,microsoft,True,,,,,,,,,,,,,,,,,,,,,,,,,,,,,,,,,,,,,,,,,,,,,,,,,,TN,,,,,,,,,,
442569435.0,1822374501,2023-12-25 18:59:44,212.7,41da0945e05b6758d7d549f8a287f331caf098a4,1353391,autoland,ContentfulSpeedIndex,True,microsoft ContentfulSpeedIndex opt fission warm webrender,,77,ms,firefox,False,|f|i|s|s|i|o|n| |w|a|r|m| |w|e|b|r|e|n|d|e|r|,,3776889,13,9b3df14599f65e991e2c4a5eaba7ebe76c85b8c3,102210fe594ee9b33d82058545b1ed14f4c8206e,linux1804-64-shippable-qr,microsoft,True,,,,,,,,,,,,,,,,,,,,,,,,,,,,,,,,,,,,,,,,,,,,,,,,,,TN,,,,,,,,,,
442692148.0,1822962866,2023-12-25 18:59:44,213.4,41da0945e05b6758d7d549f8a287f331caf098a4,1353391,autoland,ContentfulSpeedIndex,True,microsoft ContentfulSpeedIndex opt fission warm webrender,,77,ms,firefox,False,|f|i|s|s|i|o|n| |w|a|r|m| |w|e|b|r|e|n|d|e|r|,,3776889,13,9b3df14599f65e991e2c4a5eaba7ebe76c85b8c3,102210fe594ee9b33d82058545b1ed14f4c8206e,linux1804-64-shippable-qr,microsoft,True,,,,,,,,,,,,,,,,,,,,,,,,,,,,,,,,,,,,,,,,,,,,,,,,,,TN,,,,,,,,,,
442692149.0,1822962717,2023-12-25 18:59:44,209.7,41da0945e05b6758d7d549f8a287f331caf098a4,1353391,autoland,ContentfulSpeedIndex,True,microsoft ContentfulSpeedIndex opt fission warm webrender,,77,ms,firefox,False,|f|i|s|s|i|o|n| |w|a|r|m| |w|e|b|r|e|n|d|e|r|,,3776889,13,9b3df14599f65e991e2c4a5eaba7ebe76c85b8c3,102210fe594ee9b33d82058545b1ed14f4c8206e,linux1804-64-shippable-qr,microsoft,True,,,,,,,,,,,,,,,,,,,,,,,,,,,,,,,,,,,,,,,,,,,,,,,,,,TN,,,,,,,,,,
442692150.0,1822962565,2023-12-25 18:59:44,215.2,41da0945e05b6758d7d549f8a287f331caf098a4,1353391,autoland,ContentfulSpeedIndex,True,microsoft ContentfulSpeedIndex opt fission warm webrender,,77,ms,firefox,False,|f|i|s|s|i|o|n| |w|a|r|m| |w|e|b|r|e|n|d|e|r|,,3776889,13,9b3df14599f65e991e2c4a5eaba7ebe76c85b8c3,102210fe594ee9b33d82058545b1ed14f4c8206e,linux1804-64-shippable-qr,microsoft,True,,,,,,,,,,,,,,,,,,,,,,,,,,,,,,,,,,,,,,,,,,,,,,,,,,TN,,,,,,,,,,
442692151.0,1822962184,2023-12-25 18:59:44,211.4,41da0945e05b6758d7d549f8a287f331caf098a4,1353391,autoland,ContentfulSpeedIndex,True,microsoft ContentfulSpeedIndex opt fission warm webrender,,77,ms,firefox,False,|f|i|s|s|i|o|n| |w|a|r|m| |w|e|b|r|e|n|d|e|r|,,3776889,13,9b3df14599f65e991e2c4a5eaba7ebe76c85b8c3,102210fe594ee9b33d82058545b1ed14f4c8206e,linux1804-64-shippable-qr,microsoft,True,,,,,,,,,,,,,,,,,,,,,,,,,,,,,,,,,,,,,,,,,,,,,,,,,,TN,,,,,,,,,,
442692152.0,1822963102,2023-12-25 18:59:44,233.4,41da0945e05b6758d7d549f8a287f331caf098a4,1353391,autoland,ContentfulSpeedIndex,True,microsoft ContentfulSpeedIndex opt fission warm webrender,,77,ms,firefox,False,|f|i|s|s|i|o|n| |w|a|r|m| |w|e|b|r|e|n|d|e|r|,,3776889,13,9b3df14599f65e991e2c4a5eaba7ebe76c85b8c3,102210fe594ee9b33d82058545b1ed14f4c8206e,linux1804-64-shippable-qr,microsoft,True,,,,,,,,,,,,,,,,,,,,,,,,,,,,,,,,,,,,,,,,,,,,,,,,,,TN,,,,,,,,,,
442698047.0,1822998867,2023-12-25 18:59:44,215.5,41da0945e05b6758d7d549f8a287f331caf098a4,1353391,autoland,ContentfulSpeedIndex,True,microsoft ContentfulSpeedIndex opt fission warm webrender,,77,ms,firefox,False,|f|i|s|s|i|o|n| |w|a|r|m| |w|e|b|r|e|n|d|e|r|,,3776889,13,9b3df14599f65e991e2c4a5eaba7ebe76c85b8c3,102210fe594ee9b33d82058545b1ed14f4c8206e,linux1804-64-shippable-qr,microsoft,True,,,,,,,,,,,,,,,,,,,,,,,,,,,,,,,,,,,,,,,,,,,,,,,,,,TN,,,,,,,,,,
442698051.0,1822999042,2023-12-25 18:59:44,209.8,41da0945e05b6758d7d549f8a287f331caf098a4,1353391,autoland,ContentfulSpeedIndex,True,microsoft ContentfulSpeedIndex opt fission warm webrender,,77,ms,firefox,False,|f|i|s|s|i|o|n| |w|a|r|m| |w|e|b|r|e|n|d|e|r|,,3776889,13,9b3df14599f65e991e2c4a5eaba7ebe76c85b8c3,102210fe594ee9b33d82058545b1ed14f4c8206e,linux1804-64-shippable-qr,microsoft,True,,,,,,,,,,,,,,,,,,,,,,,,,,,,,,,,,,,,,,,,,,,,,,,,,,TN,,,,,,,,,,
442055644.0,1820119707,2023-12-25 20:53:40,175.8,789ecd85405c566d7fae17d2f53dcd06e9125b72,1353397,autoland,ContentfulSpeedIndex,True,microsoft ContentfulSpeedIndex opt fission warm webrender,,77,ms,firefox,False,|f|i|s|s|i|o|n| |w|a|r|m| |w|e|b|r|e|n|d|e|r|,,3776889,13,9b3df14599f65e991e2c4a5eaba7ebe76c85b8c3,102210fe594ee9b33d82058545b1ed14f4c8206e,linux1804-64-shippable-qr,microsoft,True,,,,,,,,,,,,,,,,,,,,,,,,,,,,,,,,,,,,,,,,,,,,,,,,,,TN,,,,,,,,,,
442055645.0,1820121867,2023-12-25 20:53:40,212.3,789ecd85405c566d7fae17d2f53dcd06e9125b72,1353397,autoland,ContentfulSpeedIndex,True,microsoft ContentfulSpeedIndex opt fission warm webrender,,77,ms,firefox,False,|f|i|s|s|i|o|n| |w|a|r|m| |w|e|b|r|e|n|d|e|r|,,3776889,13,9b3df14599f65e991e2c4a5eaba7ebe76c85b8c3,102210fe594ee9b33d82058545b1ed14f4c8206e,linux1804-64-shippable-qr,microsoft,True,,,,,,,,,,,,,,,,,,,,,,,,,,,,,,,,,,,,,,,,,,,,,,,,,,TN,,,,,,,,,,
442692168.0,1822962774,2023-12-25 20:53:40,210.2,789ecd85405c566d7fae17d2f53dcd06e9125b72,1353397,autoland,ContentfulSpeedIndex,True,microsoft ContentfulSpeedIndex opt fission warm webrender,,77,ms,firefox,False,|f|i|s|s|i|o|n| |w|a|r|m| |w|e|b|r|e|n|d|e|r|,,3776889,13,9b3df14599f65e991e2c4a5eaba7ebe76c85b8c3,102210fe594ee9b33d82058545b1ed14f4c8206e,linux1804-64-shippable-qr,microsoft,True,,,,,,,,,,,,,,,,,,,,,,,,,,,,,,,,,,,,,,,,,,,,,,,,,,TN,,,,,,,,,,
442692169.0,1822962703,2023-12-25 20:53:40,209.7,789ecd85405c566d7fae17d2f53dcd06e9125b72,1353397,autoland,ContentfulSpeedIndex,True,microsoft ContentfulSpeedIndex opt fission warm webrender,,77,ms,firefox,False,|f|i|s|s|i|o|n| |w|a|r|m| |w|e|b|r|e|n|d|e|r|,,3776889,13,9b3df14599f65e991e2c4a5eaba7ebe76c85b8c3,102210fe594ee9b33d82058545b1ed14f4c8206e,linux1804-64-shippable-qr,microsoft,True,,,,,,,,,,,,,,,,,,,,,,,,,,,,,,,,,,,,,,,,,,,,,,,,,,TN,,,,,,,,,,
442692171.0,1822962897,2023-12-25 20:53:40,212.3,789ecd85405c566d7fae17d2f53dcd06e9125b72,1353397,autoland,ContentfulSpeedIndex,True,microsoft ContentfulSpeedIndex opt fission warm webrender,,77,ms,firefox,False,|f|i|s|s|i|o|n| |w|a|r|m| |w|e|b|r|e|n|d|e|r|,,3776889,13,9b3df14599f65e991e2c4a5eaba7ebe76c85b8c3,102210fe594ee9b33d82058545b1ed14f4c8206e,linux1804-64-shippable-qr,microsoft,True,,,,,,,,,,,,,,,,,,,,,,,,,,,,,,,,,,,,,,,,,,,,,,,,,,TN,,,,,,,,,,
442692172.0,1822962798,2023-12-25 20:53:40,206.3,789ecd85405c566d7fae17d2f53dcd06e9125b72,1353397,autoland,ContentfulSpeedIndex,True,microsoft ContentfulSpeedIndex opt fission warm webrender,,77,ms,firefox,False,|f|i|s|s|i|o|n| |w|a|r|m| |w|e|b|r|e|n|d|e|r|,,3776889,13,9b3df14599f65e991e2c4a5eaba7ebe76c85b8c3,102210fe594ee9b33d82058545b1ed14f4c8206e,linux1804-64-shippable-qr,microsoft,True,,,,,,,,,,,,,,,,,,,,,,,,,,,,,,,,,,,,,,,,,,,,,,,,,,TN,,,,,,,,,,
442698043.0,1822998460,2023-12-25 20:53:40,219.0,789ecd85405c566d7fae17d2f53dcd06e9125b72,1353397,autoland,ContentfulSpeedIndex,True,microsoft ContentfulSpeedIndex opt fission warm webrender,,77,ms,firefox,False,|f|i|s|s|i|o|n| |w|a|r|m| |w|e|b|r|e|n|d|e|r|,,3776889,13,9b3df14599f65e991e2c4a5eaba7ebe76c85b8c3,102210fe594ee9b33d82058545b1ed14f4c8206e,linux1804-64-shippable-qr,microsoft,True,,,,,,,,,,,,,,,,,,,,,,,,,,,,,,,,,,,,,,,,,,,,,,,,,,TN,,,,,,,,,,
442698045.0,1822998893,2023-12-25 20:53:40,211.3,789ecd85405c566d7fae17d2f53dcd06e9125b72,1353397,autoland,ContentfulSpeedIndex,True,microsoft ContentfulSpeedIndex opt fission warm webrender,,77,ms,firefox,False,|f|i|s|s|i|o|n| |w|a|r|m| |w|e|b|r|e|n|d|e|r|,,3776889,13,9b3df14599f65e991e2c4a5eaba7ebe76c85b8c3,102210fe594ee9b33d82058545b1ed14f4c8206e,linux1804-64-shippable-qr,microsoft,True,,,,,,,,,,,,,,,,,,,,,,,,,,,,,,,,,,,,,,,,,,,,,,,,,,TN,,,,,,,,,,
442698050.0,1822998934,2023-12-25 20:53:40,213.0,789ecd85405c566d7fae17d2f53dcd06e9125b72,1353397,autoland,ContentfulSpeedIndex,True,microsoft ContentfulSpeedIndex opt fission warm webrender,,77,ms,firefox,False,|f|i|s|s|i|o|n| |w|a|r|m| |w|e|b|r|e|n|d|e|r|,,3776889,13,9b3df14599f65e991e2c4a5eaba7ebe76c85b8c3,102210fe594ee9b33d82058545b1ed14f4c8206e,linux1804-64-shippable-qr,microsoft,True,,,,,,,,,,,,,,,,,,,,,,,,,,,,,,,,,,,,,,,,,,,,,,,,,,TN,,,,,,,,,,
442698065.0,1822999276,2023-12-25 21:32:12,212.5,ba6abbd36b496501cea141e17b61af674a18e279,1353402,autoland,ContentfulSpeedIndex,True,microsoft ContentfulSpeedIndex opt fission warm webrender,,77,ms,firefox,False,|f|i|s|s|i|o|n| |w|a|r|m| |w|e|b|r|e|n|d|e|r|,,3776889,13,9b3df14599f65e991e2c4a5eaba7ebe76c85b8c3,102210fe594ee9b33d82058545b1ed14f4c8206e,linux1804-64-shippable-qr,microsoft,True,,,,,,,,,,,,,,,,,,,,,,,,,,,,,,,,,,,,,,,,,,,,,,,,,,TN,,,,,,,,,,
442698066.0,1822999520,2023-12-25 21:32:12,209.5,ba6abbd36b496501cea141e17b61af674a18e279,1353402,autoland,ContentfulSpeedIndex,True,microsoft ContentfulSpeedIndex opt fission warm webrender,,77,ms,firefox,False,|f|i|s|s|i|o|n| |w|a|r|m| |w|e|b|r|e|n|d|e|r|,,3776889,13,9b3df14599f65e991e2c4a5eaba7ebe76c85b8c3,102210fe594ee9b33d82058545b1ed14f4c8206e,linux1804-64-shippable-qr,microsoft,True,,,,,,,,,,,,,,,,,,,,,,,,,,,,,,,,,,,,,,,,,,,,,,,,,,TN,,,,,,,,,,
442698067.0,1822999351,2023-12-25 21:32:12,204.6,ba6abbd36b496501cea141e17b61af674a18e279,1353402,autoland,ContentfulSpeedIndex,True,microsoft ContentfulSpeedIndex opt fission warm webrender,,77,ms,firefox,False,|f|i|s|s|i|o|n| |w|a|r|m| |w|e|b|r|e|n|d|e|r|,,3776889,13,9b3df14599f65e991e2c4a5eaba7ebe76c85b8c3,102210fe594ee9b33d82058545b1ed14f4c8206e,linux1804-64-shippable-qr,microsoft,True,,,,,,,,,,,,,,,,,,,,,,,,,,,,,,,,,,,,,,,,,,,,,,,,,,TN,,,,,,,,,,
,1817230919,2023-12-25 21:32:12,215.4,ba6abbd36b496501cea141e17b61af674a18e279,1353402,autoland,ContentfulSpeedIndex,True,microsoft ContentfulSpeedIndex opt fission warm webrender,,77,ms,firefox,False,|f|i|s|s|i|o|n| |w|a|r|m| |w|e|b|r|e|n|d|e|r|,,3776889,13,9b3df14599f65e991e2c4a5eaba7ebe76c85b8c3,102210fe594ee9b33d82058545b1ed14f4c8206e,linux1804-64-shippable-qr,microsoft,True,,,,,,,,,,,,,,,,,,,,,,,,,,,,,,,,,,,,,,,,,,,,,,,,,,TN,,,,,,,,,,
441391623.0,1817290085,2023-12-26 03:31:03,204.9,280c0b4dd9140984e6177c89f5858ceac6ae0107,1353431,autoland,ContentfulSpeedIndex,True,microsoft ContentfulSpeedIndex opt fission warm webrender,,77,ms,firefox,False,|f|i|s|s|i|o|n| |w|a|r|m| |w|e|b|r|e|n|d|e|r|,,3776889,13,9b3df14599f65e991e2c4a5eaba7ebe76c85b8c3,102210fe594ee9b33d82058545b1ed14f4c8206e,linux1804-64-shippable-qr,microsoft,True,,,,,,,,,,,,,,,,,,,,,,,,,,,,,,,,,,,,,,,,,,,,,,,,,,TN,,,,,,,,,,
442569267.0,1822370546,2023-12-26 03:31:03,206.7,280c0b4dd9140984e6177c89f5858ceac6ae0107,1353431,autoland,ContentfulSpeedIndex,True,microsoft ContentfulSpeedIndex opt fission warm webrender,,77,ms,firefox,False,|f|i|s|s|i|o|n| |w|a|r|m| |w|e|b|r|e|n|d|e|r|,,3776889,13,9b3df14599f65e991e2c4a5eaba7ebe76c85b8c3,102210fe594ee9b33d82058545b1ed14f4c8206e,linux1804-64-shippable-qr,microsoft,True,,,,,,,,,,,,,,,,,,,,,,,,,,,,,,,,,,,,,,,,,,,,,,,,,,TN,,,,,,,,,,
442569269.0,1822370499,2023-12-26 03:31:03,211.8,280c0b4dd9140984e6177c89f5858ceac6ae0107,1353431,autoland,ContentfulSpeedIndex,True,microsoft ContentfulSpeedIndex opt fission warm webrender,,77,ms,firefox,False,|f|i|s|s|i|o|n| |w|a|r|m| |w|e|b|r|e|n|d|e|r|,,3776889,13,9b3df14599f65e991e2c4a5eaba7ebe76c85b8c3,102210fe594ee9b33d82058545b1ed14f4c8206e,linux1804-64-shippable-qr,microsoft,True,,,,,,,,,,,,,,,,,,,,,,,,,,,,,,,,,,,,,,,,,,,,,,,,,,TN,,,,,,,,,,
442569272.0,1822370451,2023-12-26 03:31:03,210.4,280c0b4dd9140984e6177c89f5858ceac6ae0107,1353431,autoland,ContentfulSpeedIndex,True,microsoft ContentfulSpeedIndex opt fission warm webrender,,77,ms,firefox,False,|f|i|s|s|i|o|n| |w|a|r|m| |w|e|b|r|e|n|d|e|r|,,3776889,13,9b3df14599f65e991e2c4a5eaba7ebe76c85b8c3,102210fe594ee9b33d82058545b1ed14f4c8206e,linux1804-64-shippable-qr,microsoft,True,,,,,,,,,,,,,,,,,,,,,,,,,,,,,,,,,,,,,,,,,,,,,,,,,,TN,,,,,,,,,,
442698073.0,1823000009,2023-12-26 03:31:03,212.7,280c0b4dd9140984e6177c89f5858ceac6ae0107,1353431,autoland,ContentfulSpeedIndex,True,microsoft ContentfulSpeedIndex opt fission warm webrender,,77,ms,firefox,False,|f|i|s|s|i|o|n| |w|a|r|m| |w|e|b|r|e|n|d|e|r|,,3776889,13,9b3df14599f65e991e2c4a5eaba7ebe76c85b8c3,102210fe594ee9b33d82058545b1ed14f4c8206e,linux1804-64-shippable-qr,microsoft,True,,,,,,,,,,,,,,,,,,,,,,,,,,,,,,,,,,,,,,,,,,,,,,,,,,TN,,,,,,,,,,
442698075.0,1823000195,2023-12-26 03:31:03,211.3,280c0b4dd9140984e6177c89f5858ceac6ae0107,1353431,autoland,ContentfulSpeedIndex,True,microsoft ContentfulSpeedIndex opt fission warm webrender,,77,ms,firefox,False,|f|i|s|s|i|o|n| |w|a|r|m| |w|e|b|r|e|n|d|e|r|,,3776889,13,9b3df14599f65e991e2c4a5eaba7ebe76c85b8c3,102210fe594ee9b33d82058545b1ed14f4c8206e,linux1804-64-shippable-qr,microsoft,True,,,,,,,,,,,,,,,,,,,,,,,,,,,,,,,,,,,,,,,,,,,,,,,,,,TN,,,,,,,,,,
442698078.0,1823000466,2023-12-26 03:31:03,208.3,280c0b4dd9140984e6177c89f5858ceac6ae0107,1353431,autoland,ContentfulSpeedIndex,True,microsoft ContentfulSpeedIndex opt fission warm webrender,,77,ms,firefox,False,|f|i|s|s|i|o|n| |w|a|r|m| |w|e|b|r|e|n|d|e|r|,,3776889,13,9b3df14599f65e991e2c4a5eaba7ebe76c85b8c3,102210fe594ee9b33d82058545b1ed14f4c8206e,linux1804-64-shippable-qr,microsoft,True,,,,,,,,,,,,,,,,,,,,,,,,,,,,,,,,,,,,,,,,,,,,,,,,,,TN,,,,,,,,,,
442698079.0,1823000608,2023-12-26 03:31:03,206.0,280c0b4dd9140984e6177c89f5858ceac6ae0107,1353431,autoland,ContentfulSpeedIndex,True,microsoft ContentfulSpeedIndex opt fission warm webrender,,77,ms,firefox,False,|f|i|s|s|i|o|n| |w|a|r|m| |w|e|b|r|e|n|d|e|r|,,3776889,13,9b3df14599f65e991e2c4a5eaba7ebe76c85b8c3,102210fe594ee9b33d82058545b1ed14f4c8206e,linux1804-64-shippable-qr,microsoft,True,,,,,,,,,,,,,,,,,,,,,,,,,,,,,,,,,,,,,,,,,,,,,,,,,,TN,,,,,,,,,,
442698080.0,1823000968,2023-12-26 03:31:03,215.2,280c0b4dd9140984e6177c89f5858ceac6ae0107,1353431,autoland,ContentfulSpeedIndex,True,microsoft ContentfulSpeedIndex opt fission warm webrender,,77,ms,firefox,False,|f|i|s|s|i|o|n| |w|a|r|m| |w|e|b|r|e|n|d|e|r|,,3776889,13,9b3df14599f65e991e2c4a5eaba7ebe76c85b8c3,102210fe594ee9b33d82058545b1ed14f4c8206e,linux1804-64-shippable-qr,microsoft,True,,,,,,,,,,,,,,,,,,,,,,,,,,,,,,,,,,,,,,,,,,,,,,,,,,TN,,,,,,,,,,
442711547.0,1823019200,2023-12-26 07:02:21,210.7,061458b57697c3b7fdc91c31eca08680ea1f8642,1353454,autoland,ContentfulSpeedIndex,True,microsoft ContentfulSpeedIndex opt fission warm webrender,,77,ms,firefox,False,|f|i|s|s|i|o|n| |w|a|r|m| |w|e|b|r|e|n|d|e|r|,,3776889,13,9b3df14599f65e991e2c4a5eaba7ebe76c85b8c3,102210fe594ee9b33d82058545b1ed14f4c8206e,linux1804-64-shippable-qr,microsoft,True,,,,,,,,,,,,,,,,,,,,,,,,,,,,,,,,,,,,,,,,,,,,,,,,,,TN,,,,,,,,,,
442711548.0,1823019227,2023-12-26 07:02:21,212.6,061458b57697c3b7fdc91c31eca08680ea1f8642,1353454,autoland,ContentfulSpeedIndex,True,microsoft ContentfulSpeedIndex opt fission warm webrender,,77,ms,firefox,False,|f|i|s|s|i|o|n| |w|a|r|m| |w|e|b|r|e|n|d|e|r|,,3776889,13,9b3df14599f65e991e2c4a5eaba7ebe76c85b8c3,102210fe594ee9b33d82058545b1ed14f4c8206e,linux1804-64-shippable-qr,microsoft,True,,,,,,,,,,,,,,,,,,,,,,,,,,,,,,,,,,,,,,,,,,,,,,,,,,TN,,,,,,,,,,
442711550.0,1823018557,2023-12-26 07:02:21,166.9,061458b57697c3b7fdc91c31eca08680ea1f8642,1353454,autoland,ContentfulSpeedIndex,True,microsoft ContentfulSpeedIndex opt fission warm webrender,,77,ms,firefox,False,|f|i|s|s|i|o|n| |w|a|r|m| |w|e|b|r|e|n|d|e|r|,,3776889,13,9b3df14599f65e991e2c4a5eaba7ebe76c85b8c3,102210fe594ee9b33d82058545b1ed14f4c8206e,linux1804-64-shippable-qr,microsoft,True,,,,,,,,,,,,,,,,,,,,,,,,,,,,,,,,,,,,,,,,,,,,,,,,,,TN,,,,,,,,,,
442711551.0,1823019164,2023-12-26 07:02:21,209.1,061458b57697c3b7fdc91c31eca08680ea1f8642,1353454,autoland,ContentfulSpeedIndex,True,microsoft ContentfulSpeedIndex opt fission warm webrender,,77,ms,firefox,False,|f|i|s|s|i|o|n| |w|a|r|m| |w|e|b|r|e|n|d|e|r|,,3776889,13,9b3df14599f65e991e2c4a5eaba7ebe76c85b8c3,102210fe594ee9b33d82058545b1ed14f4c8206e,linux1804-64-shippable-qr,microsoft,True,,,,,,,,,,,,,,,,,,,,,,,,,,,,,,,,,,,,,,,,,,,,,,,,,,TN,,,,,,,,,,
442711553.0,1823019335,2023-12-26 07:02:21,217.1,061458b57697c3b7fdc91c31eca08680ea1f8642,1353454,autoland,ContentfulSpeedIndex,True,microsoft ContentfulSpeedIndex opt fission warm webrender,,77,ms,firefox,False,|f|i|s|s|i|o|n| |w|a|r|m| |w|e|b|r|e|n|d|e|r|,,3776889,13,9b3df14599f65e991e2c4a5eaba7ebe76c85b8c3,102210fe594ee9b33d82058545b1ed14f4c8206e,linux1804-64-shippable-qr,microsoft,True,,,,,,,,,,,,,,,,,,,,,,,,,,,,,,,,,,,,,,,,,,,,,,,,,,TN,,,,,,,,,,
442711554.0,1823019309,2023-12-26 07:02:21,204.8,061458b57697c3b7fdc91c31eca08680ea1f8642,1353454,autoland,ContentfulSpeedIndex,True,microsoft ContentfulSpeedIndex opt fission warm webrender,,77,ms,firefox,False,|f|i|s|s|i|o|n| |w|a|r|m| |w|e|b|r|e|n|d|e|r|,,3776889,13,9b3df14599f65e991e2c4a5eaba7ebe76c85b8c3,102210fe594ee9b33d82058545b1ed14f4c8206e,linux1804-64-shippable-qr,microsoft,True,,,,,,,,,,,,,,,,,,,,,,,,,,,,,,,,,,,,,,,,,,,,,,,,,,TN,,,,,,,,,,
442711555.0,1823019252,2023-12-26 07:02:21,213.9,061458b57697c3b7fdc91c31eca08680ea1f8642,1353454,autoland,ContentfulSpeedIndex,True,microsoft ContentfulSpeedIndex opt fission warm webrender,,77,ms,firefox,False,|f|i|s|s|i|o|n| |w|a|r|m| |w|e|b|r|e|n|d|e|r|,,3776889,13,9b3df14599f65e991e2c4a5eaba7ebe76c85b8c3,102210fe594ee9b33d82058545b1ed14f4c8206e,linux1804-64-shippable-qr,microsoft,True,,,,,,,,,,,,,,,,,,,,,,,,,,,,,,,,,,,,,,,,,,,,,,,,,,TN,,,,,,,,,,
441397848.0,1817354947,2023-12-26 07:50:55,202.7,7503b1d6a430d23303b6ec356b3388951a1eca83,1353461,autoland,ContentfulSpeedIndex,True,microsoft ContentfulSpeedIndex opt fission warm webrender,,77,ms,firefox,False,|f|i|s|s|i|o|n| |w|a|r|m| |w|e|b|r|e|n|d|e|r|,,3776889,13,9b3df14599f65e991e2c4a5eaba7ebe76c85b8c3,102210fe594ee9b33d82058545b1ed14f4c8206e,linux1804-64-shippable-qr,microsoft,True,,,,,,,,,,,,,,,,,,,,,,,,,,,,,,,,,,,,,,,,,,,,,,,,,,TN,,,,,,,,,,
442698112.0,1823001679,2023-12-26 07:50:55,209.7,7503b1d6a430d23303b6ec356b3388951a1eca83,1353461,autoland,ContentfulSpeedIndex,True,microsoft ContentfulSpeedIndex opt fission warm webrender,,77,ms,firefox,False,|f|i|s|s|i|o|n| |w|a|r|m| |w|e|b|r|e|n|d|e|r|,,3776889,13,9b3df14599f65e991e2c4a5eaba7ebe76c85b8c3,102210fe594ee9b33d82058545b1ed14f4c8206e,linux1804-64-shippable-qr,microsoft,True,,,,,,,,,,,,,,,,,,,,,,,,,,,,,,,,,,,,,,,,,,,,,,,,,,TN,,,,,,,,,,
442698115.0,1823001647,2023-12-26 07:50:55,208.4,7503b1d6a430d23303b6ec356b3388951a1eca83,1353461,autoland,ContentfulSpeedIndex,True,microsoft ContentfulSpeedIndex opt fission warm webrender,,77,ms,firefox,False,|f|i|s|s|i|o|n| |w|a|r|m| |w|e|b|r|e|n|d|e|r|,,3776889,13,9b3df14599f65e991e2c4a5eaba7ebe76c85b8c3,102210fe594ee9b33d82058545b1ed14f4c8206e,linux1804-64-shippable-qr,microsoft,True,,,,,,,,,,,,,,,,,,,,,,,,,,,,,,,,,,,,,,,,,,,,,,,,,,TN,,,,,,,,,,
442698117.0,1823001762,2023-12-26 07:50:55,212.7,7503b1d6a430d23303b6ec356b3388951a1eca83,1353461,autoland,ContentfulSpeedIndex,True,microsoft ContentfulSpeedIndex opt fission warm webrender,,77,ms,firefox,False,|f|i|s|s|i|o|n| |w|a|r|m| |w|e|b|r|e|n|d|e|r|,,3776889,13,9b3df14599f65e991e2c4a5eaba7ebe76c85b8c3,102210fe594ee9b33d82058545b1ed14f4c8206e,linux1804-64-shippable-qr,microsoft,True,,,,,,,,,,,,,,,,,,,,,,,,,,,,,,,,,,,,,,,,,,,,,,,,,,TN,,,,,,,,,,
442708409.0,1823016574,2023-12-26 07:52:40,214.0,c765c015a552143c642fcf4f5554cdd0ab735ed1,1353462,autoland,ContentfulSpeedIndex,True,microsoft ContentfulSpeedIndex opt fission warm webrender,,77,ms,firefox,False,|f|i|s|s|i|o|n| |w|a|r|m| |w|e|b|r|e|n|d|e|r|,,3776889,13,9b3df14599f65e991e2c4a5eaba7ebe76c85b8c3,102210fe594ee9b33d82058545b1ed14f4c8206e,linux1804-64-shippable-qr,microsoft,True,,,,,,,,,,,,,,,,,,,,,,,,,,,,,,,,,,,,,,,,,,,,,,,,,,TN,,,,,,,,,,
442708410.0,1823016744,2023-12-26 07:52:40,211.2,c765c015a552143c642fcf4f5554cdd0ab735ed1,1353462,autoland,ContentfulSpeedIndex,True,microsoft ContentfulSpeedIndex opt fission warm webrender,,77,ms,firefox,False,|f|i|s|s|i|o|n| |w|a|r|m| |w|e|b|r|e|n|d|e|r|,,3776889,13,9b3df14599f65e991e2c4a5eaba7ebe76c85b8c3,102210fe594ee9b33d82058545b1ed14f4c8206e,linux1804-64-shippable-qr,microsoft,True,,,,,,,,,,,,,,,,,,,,,,,,,,,,,,,,,,,,,,,,,,,,,,,,,,TN,,,,,,,,,,
442708411.0,1823016767,2023-12-26 07:52:40,214.0,c765c015a552143c642fcf4f5554cdd0ab735ed1,1353462,autoland,ContentfulSpeedIndex,True,microsoft ContentfulSpeedIndex opt fission warm webrender,,77,ms,firefox,False,|f|i|s|s|i|o|n| |w|a|r|m| |w|e|b|r|e|n|d|e|r|,,3776889,13,9b3df14599f65e991e2c4a5eaba7ebe76c85b8c3,102210fe594ee9b33d82058545b1ed14f4c8206e,linux1804-64-shippable-qr,microsoft,True,,,,,,,,,,,,,,,,,,,,,,,,,,,,,,,,,,,,,,,,,,,,,,,,,,TN,,,,,,,,,,
442708412.0,1823016662,2023-12-26 07:52:40,209.2,c765c015a552143c642fcf4f5554cdd0ab735ed1,1353462,autoland,ContentfulSpeedIndex,True,microsoft ContentfulSpeedIndex opt fission warm webrender,,77,ms,firefox,False,|f|i|s|s|i|o|n| |w|a|r|m| |w|e|b|r|e|n|d|e|r|,,3776889,13,9b3df14599f65e991e2c4a5eaba7ebe76c85b8c3,102210fe594ee9b33d82058545b1ed14f4c8206e,linux1804-64-shippable-qr,microsoft,True,,,,,,,,,,,,,,,,,,,,,,,,,,,,,,,,,,,,,,,,,,,,,,,,,,TN,,,,,,,,,,
442708413.0,1823016638,2023-12-26 07:52:40,208.8,c765c015a552143c642fcf4f5554cdd0ab735ed1,1353462,autoland,ContentfulSpeedIndex,True,microsoft ContentfulSpeedIndex opt fission warm webrender,,77,ms,firefox,False,|f|i|s|s|i|o|n| |w|a|r|m| |w|e|b|r|e|n|d|e|r|,,3776889,13,9b3df14599f65e991e2c4a5eaba7ebe76c85b8c3,102210fe594ee9b33d82058545b1ed14f4c8206e,linux1804-64-shippable-qr,microsoft,True,,,,,,,,,,,,,,,,,,,,,,,,,,,,,,,,,,,,,,,,,,,,,,,,,,TN,,,,,,,,,,
442704837.0,1823011932,2023-12-26 08:00:20,209.4,484bd1eca3b5f356612ce3c10a78896e31f60d07,1353466,autoland,ContentfulSpeedIndex,True,microsoft ContentfulSpeedIndex opt fission warm webrender,,77,ms,firefox,False,|f|i|s|s|i|o|n| |w|a|r|m| |w|e|b|r|e|n|d|e|r|,,3776889,13,9b3df14599f65e991e2c4a5eaba7ebe76c85b8c3,102210fe594ee9b33d82058545b1ed14f4c8206e,linux1804-64-shippable-qr,microsoft,True,,,,,,,,,,,,,,,,,,,,,,,,,,,,,,,,,,,,,,,,,,,,,,,,,,TN,,,,,,,,,,
442704842.0,1823012113,2023-12-26 08:00:20,216.6,484bd1eca3b5f356612ce3c10a78896e31f60d07,1353466,autoland,ContentfulSpeedIndex,True,microsoft ContentfulSpeedIndex opt fission warm webrender,,77,ms,firefox,False,|f|i|s|s|i|o|n| |w|a|r|m| |w|e|b|r|e|n|d|e|r|,,3776889,13,9b3df14599f65e991e2c4a5eaba7ebe76c85b8c3,102210fe594ee9b33d82058545b1ed14f4c8206e,linux1804-64-shippable-qr,microsoft,True,,,,,,,,,,,,,,,,,,,,,,,,,,,,,,,,,,,,,,,,,,,,,,,,,,TN,,,,,,,,,,
442721849.0,1823059861,2023-12-26 08:08:10,204.0,6dda5bce16e5e65c9cd5e40dc211d1afcf420c13,1353467,autoland,ContentfulSpeedIndex,True,microsoft ContentfulSpeedIndex opt fission warm webrender,,77,ms,firefox,False,|f|i|s|s|i|o|n| |w|a|r|m| |w|e|b|r|e|n|d|e|r|,,3776889,13,9b3df14599f65e991e2c4a5eaba7ebe76c85b8c3,102210fe594ee9b33d82058545b1ed14f4c8206e,linux1804-64-shippable-qr,microsoft,True,,,,,,,,,,,,,,,,,,,,,,,,,,,,,,,,,,,,,,,,,,,,,,,,,,TN,,,,,,,,,,
442721850.0,1823059834,2023-12-26 08:08:10,212.8,6dda5bce16e5e65c9cd5e40dc211d1afcf420c13,1353467,autoland,ContentfulSpeedIndex,True,microsoft ContentfulSpeedIndex opt fission warm webrender,,77,ms,firefox,False,|f|i|s|s|i|o|n| |w|a|r|m| |w|e|b|r|e|n|d|e|r|,,3776889,13,9b3df14599f65e991e2c4a5eaba7ebe76c85b8c3,102210fe594ee9b33d82058545b1ed14f4c8206e,linux1804-64-shippable-qr,microsoft,True,,,,,,,,,,,,,,,,,,,,,,,,,,,,,,,,,,,,,,,,,,,,,,,,,,TN,,,,,,,,,,
442721851.0,1823059884,2023-12-26 08:08:10,217.2,6dda5bce16e5e65c9cd5e40dc211d1afcf420c13,1353467,autoland,ContentfulSpeedIndex,True,microsoft ContentfulSpeedIndex opt fission warm webrender,,77,ms,firefox,False,|f|i|s|s|i|o|n| |w|a|r|m| |w|e|b|r|e|n|d|e|r|,,3776889,13,9b3df14599f65e991e2c4a5eaba7ebe76c85b8c3,102210fe594ee9b33d82058545b1ed14f4c8206e,linux1804-64-shippable-qr,microsoft,True,,,,,,,,,,,,,,,,,,,,,,,,,,,,,,,,,,,,,,,,,,,,,,,,,,TN,,,,,,,,,,
442721852.0,1823059819,2023-12-26 08:08:10,211.3,6dda5bce16e5e65c9cd5e40dc211d1afcf420c13,1353467,autoland,ContentfulSpeedIndex,True,microsoft ContentfulSpeedIndex opt fission warm webrender,,77,ms,firefox,False,|f|i|s|s|i|o|n| |w|a|r|m| |w|e|b|r|e|n|d|e|r|,,3776889,13,9b3df14599f65e991e2c4a5eaba7ebe76c85b8c3,102210fe594ee9b33d82058545b1ed14f4c8206e,linux1804-64-shippable-qr,microsoft,True,,,,,,,,,,,,,,,,,,,,,,,,,,,,,,,,,,,,,,,,,,,,,,,,,,TN,,,,,,,,,,
442721853.0,1823059789,2023-12-26 08:08:10,211.0,6dda5bce16e5e65c9cd5e40dc211d1afcf420c13,1353467,autoland,ContentfulSpeedIndex,True,microsoft ContentfulSpeedIndex opt fission warm webrender,,77,ms,firefox,False,|f|i|s|s|i|o|n| |w|a|r|m| |w|e|b|r|e|n|d|e|r|,,3776889,13,9b3df14599f65e991e2c4a5eaba7ebe76c85b8c3,102210fe594ee9b33d82058545b1ed14f4c8206e,linux1804-64-shippable-qr,microsoft,True,,,,,,,,,,,,,,,,,,,,,,,,,,,,,,,,,,,,,,,,,,,,,,,,,,TN,,,,,,,,,,
442709305.0,1823017213,2023-12-26 10:02:35,210.7,2b26d200b5e66dd6816b9b8b5046c5892e0cafd1,1353477,autoland,ContentfulSpeedIndex,True,microsoft ContentfulSpeedIndex opt fission warm webrender,,77,ms,firefox,False,|f|i|s|s|i|o|n| |w|a|r|m| |w|e|b|r|e|n|d|e|r|,,3776889,13,9b3df14599f65e991e2c4a5eaba7ebe76c85b8c3,102210fe594ee9b33d82058545b1ed14f4c8206e,linux1804-64-shippable-qr,microsoft,True,,,,,,,,,,,,,,,,,,,,,,,,,,,,,,,,,,,,,,,,,,,,,,,,,,TN,,,,,,,,,,
442709308.0,1823017132,2023-12-26 10:02:35,209.5,2b26d200b5e66dd6816b9b8b5046c5892e0cafd1,1353477,autoland,ContentfulSpeedIndex,True,microsoft ContentfulSpeedIndex opt fission warm webrender,,77,ms,firefox,False,|f|i|s|s|i|o|n| |w|a|r|m| |w|e|b|r|e|n|d|e|r|,,3776889,13,9b3df14599f65e991e2c4a5eaba7ebe76c85b8c3,102210fe594ee9b33d82058545b1ed14f4c8206e,linux1804-64-shippable-qr,microsoft,True,,,,,,,,,,,,,,,,,,,,,,,,,,,,,,,,,,,,,,,,,,,,,,,,,,TN,,,,,,,,,,
442709311.0,1823017156,2023-12-26 10:02:35,212.3,2b26d200b5e66dd6816b9b8b5046c5892e0cafd1,1353477,autoland,ContentfulSpeedIndex,True,microsoft ContentfulSpeedIndex opt fission warm webrender,,77,ms,firefox,False,|f|i|s|s|i|o|n| |w|a|r|m| |w|e|b|r|e|n|d|e|r|,,3776889,13,9b3df14599f65e991e2c4a5eaba7ebe76c85b8c3,102210fe594ee9b33d82058545b1ed14f4c8206e,linux1804-64-shippable-qr,microsoft,True,,,,,,,,,,,,,,,,,,,,,,,,,,,,,,,,,,,,,,,,,,,,,,,,,,TN,,,,,,,,,,
442709315.0,1823017232,2023-12-26 10:02:35,209.4,2b26d200b5e66dd6816b9b8b5046c5892e0cafd1,1353477,autoland,ContentfulSpeedIndex,True,microsoft ContentfulSpeedIndex opt fission warm webrender,,77,ms,firefox,False,|f|i|s|s|i|o|n| |w|a|r|m| |w|e|b|r|e|n|d|e|r|,,3776889,13,9b3df14599f65e991e2c4a5eaba7ebe76c85b8c3,102210fe594ee9b33d82058545b1ed14f4c8206e,linux1804-64-shippable-qr,microsoft,True,,,,,,,,,,,,,,,,,,,,,,,,,,,,,,,,,,,,,,,,,,,,,,,,,,TN,,,,,,,,,,
442709316.0,1823017278,2023-12-26 10:02:35,215.2,2b26d200b5e66dd6816b9b8b5046c5892e0cafd1,1353477,autoland,ContentfulSpeedIndex,True,microsoft ContentfulSpeedIndex opt fission warm webrender,,77,ms,firefox,False,|f|i|s|s|i|o|n| |w|a|r|m| |w|e|b|r|e|n|d|e|r|,,3776889,13,9b3df14599f65e991e2c4a5eaba7ebe76c85b8c3,102210fe594ee9b33d82058545b1ed14f4c8206e,linux1804-64-shippable-qr,microsoft,True,,,,,,,,,,,,,,,,,,,,,,,,,,,,,,,,,,,,,,,,,,,,,,,,,,TN,,,,,,,,,,
442719256.0,1823046354,2023-12-26 10:03:32,208.0,65525b63d6cf6908b3a110424b4a551a53cabfb1,1353478,autoland,ContentfulSpeedIndex,True,microsoft ContentfulSpeedIndex opt fission warm webrender,,77,ms,firefox,False,|f|i|s|s|i|o|n| |w|a|r|m| |w|e|b|r|e|n|d|e|r|,,3776889,13,9b3df14599f65e991e2c4a5eaba7ebe76c85b8c3,102210fe594ee9b33d82058545b1ed14f4c8206e,linux1804-64-shippable-qr,microsoft,True,,,,,,,,,,,,,,,,,,,,,,,,,,,,,,,,,,,,,,,,,,,,,,,,,,TN,,,,,,,,,,
442719257.0,1823046446,2023-12-26 10:03:32,222.3,65525b63d6cf6908b3a110424b4a551a53cabfb1,1353478,autoland,ContentfulSpeedIndex,True,microsoft ContentfulSpeedIndex opt fission warm webrender,,77,ms,firefox,False,|f|i|s|s|i|o|n| |w|a|r|m| |w|e|b|r|e|n|d|e|r|,,3776889,13,9b3df14599f65e991e2c4a5eaba7ebe76c85b8c3,102210fe594ee9b33d82058545b1ed14f4c8206e,linux1804-64-shippable-qr,microsoft,True,,,,,,,,,,,,,,,,,,,,,,,,,,,,,,,,,,,,,,,,,,,,,,,,,,TN,,,,,,,,,,
442719259.0,1823046418,2023-12-26 10:03:32,208.1,65525b63d6cf6908b3a110424b4a551a53cabfb1,1353478,autoland,ContentfulSpeedIndex,True,microsoft ContentfulSpeedIndex opt fission warm webrender,,77,ms,firefox,False,|f|i|s|s|i|o|n| |w|a|r|m| |w|e|b|r|e|n|d|e|r|,,3776889,13,9b3df14599f65e991e2c4a5eaba7ebe76c85b8c3,102210fe594ee9b33d82058545b1ed14f4c8206e,linux1804-64-shippable-qr,microsoft,True,,,,,,,,,,,,,,,,,,,,,,,,,,,,,,,,,,,,,,,,,,,,,,,,,,TN,,,,,,,,,,
442719260.0,1823046275,2023-12-26 10:03:32,208.0,65525b63d6cf6908b3a110424b4a551a53cabfb1,1353478,autoland,ContentfulSpeedIndex,True,microsoft ContentfulSpeedIndex opt fission warm webrender,,77,ms,firefox,False,|f|i|s|s|i|o|n| |w|a|r|m| |w|e|b|r|e|n|d|e|r|,,3776889,13,9b3df14599f65e991e2c4a5eaba7ebe76c85b8c3,102210fe594ee9b33d82058545b1ed14f4c8206e,linux1804-64-shippable-qr,microsoft,True,,,,,,,,,,,,,,,,,,,,,,,,,,,,,,,,,,,,,,,,,,,,,,,,,,TN,,,,,,,,,,
442692163.0,1822963141,2023-12-26 10:26:46,210.2,0aa8bc05fbf5992b610663545b6607973f086d97,1353480,autoland,ContentfulSpeedIndex,True,microsoft ContentfulSpeedIndex opt fission warm webrender,,77,ms,firefox,False,|f|i|s|s|i|o|n| |w|a|r|m| |w|e|b|r|e|n|d|e|r|,,3776889,13,9b3df14599f65e991e2c4a5eaba7ebe76c85b8c3,102210fe594ee9b33d82058545b1ed14f4c8206e,linux1804-64-shippable-qr,microsoft,True,,,,,,,,,,,,,,,,,,,,,,,,,,,,,,,,,,,,,,,,,,,,,,,,,,TN,,,,,,,,,,
442692164.0,1822963200,2023-12-26 10:26:46,212.5,0aa8bc05fbf5992b610663545b6607973f086d97,1353480,autoland,ContentfulSpeedIndex,True,microsoft ContentfulSpeedIndex opt fission warm webrender,,77,ms,firefox,False,|f|i|s|s|i|o|n| |w|a|r|m| |w|e|b|r|e|n|d|e|r|,,3776889,13,9b3df14599f65e991e2c4a5eaba7ebe76c85b8c3,102210fe594ee9b33d82058545b1ed14f4c8206e,linux1804-64-shippable-qr,microsoft,True,,,,,,,,,,,,,,,,,,,,,,,,,,,,,,,,,,,,,,,,,,,,,,,,,,TN,,,,,,,,,,
442692165.0,1822963177,2023-12-26 10:26:46,212.4,0aa8bc05fbf5992b610663545b6607973f086d97,1353480,autoland,ContentfulSpeedIndex,True,microsoft ContentfulSpeedIndex opt fission warm webrender,,77,ms,firefox,False,|f|i|s|s|i|o|n| |w|a|r|m| |w|e|b|r|e|n|d|e|r|,,3776889,13,9b3df14599f65e991e2c4a5eaba7ebe76c85b8c3,102210fe594ee9b33d82058545b1ed14f4c8206e,linux1804-64-shippable-qr,microsoft,True,,,,,,,,,,,,,,,,,,,,,,,,,,,,,,,,,,,,,,,,,,,,,,,,,,TN,,,,,,,,,,
442692166.0,1822963142,2023-12-26 10:26:46,213.9,0aa8bc05fbf5992b610663545b6607973f086d97,1353480,autoland,ContentfulSpeedIndex,True,microsoft ContentfulSpeedIndex opt fission warm webrender,,77,ms,firefox,False,|f|i|s|s|i|o|n| |w|a|r|m| |w|e|b|r|e|n|d|e|r|,,3776889,13,9b3df14599f65e991e2c4a5eaba7ebe76c85b8c3,102210fe594ee9b33d82058545b1ed14f4c8206e,linux1804-64-shippable-qr,microsoft,True,,,,,,,,,,,,,,,,,,,,,,,,,,,,,,,,,,,,,,,,,,,,,,,,,,TN,,,,,,,,,,
442692167.0,1822962902,2023-12-26 10:26:46,208.3,0aa8bc05fbf5992b610663545b6607973f086d97,1353480,autoland,ContentfulSpeedIndex,True,microsoft ContentfulSpeedIndex opt fission warm webrender,,77,ms,firefox,False,|f|i|s|s|i|o|n| |w|a|r|m| |w|e|b|r|e|n|d|e|r|,,3776889,13,9b3df14599f65e991e2c4a5eaba7ebe76c85b8c3,102210fe594ee9b33d82058545b1ed14f4c8206e,linux1804-64-shippable-qr,microsoft,True,,,,,,,,,,,,,,,,,,,,,,,,,,,,,,,,,,,,,,,,,,,,,,,,,,TN,,,,,,,,,,
442692173.0,1822963262,2023-12-26 11:48:11,211.4,7784ec6ab129151002c3fd7458095530b90da724,1353487,autoland,ContentfulSpeedIndex,True,microsoft ContentfulSpeedIndex opt fission warm webrender,,77,ms,firefox,False,|f|i|s|s|i|o|n| |w|a|r|m| |w|e|b|r|e|n|d|e|r|,,3776889,13,9b3df14599f65e991e2c4a5eaba7ebe76c85b8c3,102210fe594ee9b33d82058545b1ed14f4c8206e,linux1804-64-shippable-qr,microsoft,True,,,,,,,,,,,,,,,,,,,,,,,,,,,,,,,,,,,,,,,,,,,,,,,,,,TN,,,,,,,,,,
441423684.0,1817457924,2023-12-26 11:52:29,215.4,807f04c86e5d02f04afa662ade3d505a80a4f660,1353488,autoland,ContentfulSpeedIndex,True,microsoft ContentfulSpeedIndex opt fission warm webrender,,77,ms,firefox,False,|f|i|s|s|i|o|n| |w|a|r|m| |w|e|b|r|e|n|d|e|r|,,3776889,13,9b3df14599f65e991e2c4a5eaba7ebe76c85b8c3,102210fe594ee9b33d82058545b1ed14f4c8206e,linux1804-64-shippable-qr,microsoft,True,,,,,,,,,,,,,,,,,,,,,,,,,,,,,,,,,,,,,,,,,,,,,,,,,,TN,,,,,,,,,,
442568415.0,1822362019,2023-12-26 11:52:29,210.8,807f04c86e5d02f04afa662ade3d505a80a4f660,1353488,autoland,ContentfulSpeedIndex,True,microsoft ContentfulSpeedIndex opt fission warm webrender,,77,ms,firefox,False,|f|i|s|s|i|o|n| |w|a|r|m| |w|e|b|r|e|n|d|e|r|,,3776889,13,9b3df14599f65e991e2c4a5eaba7ebe76c85b8c3,102210fe594ee9b33d82058545b1ed14f4c8206e,linux1804-64-shippable-qr,microsoft,True,,,,,,,,,,,,,,,,,,,,,,,,,,,,,,,,,,,,,,,,,,,,,,,,,,TN,,,,,,,,,,
442568430.0,1822361949,2023-12-26 11:52:29,215.4,807f04c86e5d02f04afa662ade3d505a80a4f660,1353488,autoland,ContentfulSpeedIndex,True,microsoft ContentfulSpeedIndex opt fission warm webrender,,77,ms,firefox,False,|f|i|s|s|i|o|n| |w|a|r|m| |w|e|b|r|e|n|d|e|r|,,3776889,13,9b3df14599f65e991e2c4a5eaba7ebe76c85b8c3,102210fe594ee9b33d82058545b1ed14f4c8206e,linux1804-64-shippable-qr,microsoft,True,,,,,,,,,,,,,,,,,,,,,,,,,,,,,,,,,,,,,,,,,,,,,,,,,,TN,,,,,,,,,,
442568437.0,1822361995,2023-12-26 11:52:29,212.7,807f04c86e5d02f04afa662ade3d505a80a4f660,1353488,autoland,ContentfulSpeedIndex,True,microsoft ContentfulSpeedIndex opt fission warm webrender,,77,ms,firefox,False,|f|i|s|s|i|o|n| |w|a|r|m| |w|e|b|r|e|n|d|e|r|,,3776889,13,9b3df14599f65e991e2c4a5eaba7ebe76c85b8c3,102210fe594ee9b33d82058545b1ed14f4c8206e,linux1804-64-shippable-qr,microsoft,True,,,,,,,,,,,,,,,,,,,,,,,,,,,,,,,,,,,,,,,,,,,,,,,,,,TN,,,,,,,,,,
442568605.0,1822363102,2023-12-26 11:52:29,211.1,807f04c86e5d02f04afa662ade3d505a80a4f660,1353488,autoland,ContentfulSpeedIndex,True,microsoft ContentfulSpeedIndex opt fission warm webrender,,77,ms,firefox,False,|f|i|s|s|i|o|n| |w|a|r|m| |w|e|b|r|e|n|d|e|r|,,3776889,13,9b3df14599f65e991e2c4a5eaba7ebe76c85b8c3,102210fe594ee9b33d82058545b1ed14f4c8206e,linux1804-64-shippable-qr,microsoft,True,,,,,,,,,,,,,,,,,,,,,,,,,,,,,,,,,,,,,,,,,,,,,,,,,,TN,,,,,,,,,,
442692021.0,1822960941,2023-12-26 11:52:29,207.8,807f04c86e5d02f04afa662ade3d505a80a4f660,1353488,autoland,ContentfulSpeedIndex,True,microsoft ContentfulSpeedIndex opt fission warm webrender,,77,ms,firefox,False,|f|i|s|s|i|o|n| |w|a|r|m| |w|e|b|r|e|n|d|e|r|,,3776889,13,9b3df14599f65e991e2c4a5eaba7ebe76c85b8c3,102210fe594ee9b33d82058545b1ed14f4c8206e,linux1804-64-shippable-qr,microsoft,True,,,,,,,,,,,,,,,,,,,,,,,,,,,,,,,,,,,,,,,,,,,,,,,,,,TN,,,,,,,,,,
442692022.0,1822961029,2023-12-26 11:52:29,218.3,807f04c86e5d02f04afa662ade3d505a80a4f660,1353488,autoland,ContentfulSpeedIndex,True,microsoft ContentfulSpeedIndex opt fission warm webrender,,77,ms,firefox,False,|f|i|s|s|i|o|n| |w|a|r|m| |w|e|b|r|e|n|d|e|r|,,3776889,13,9b3df14599f65e991e2c4a5eaba7ebe76c85b8c3,102210fe594ee9b33d82058545b1ed14f4c8206e,linux1804-64-shippable-qr,microsoft,True,,,,,,,,,,,,,,,,,,,,,,,,,,,,,,,,,,,,,,,,,,,,,,,,,,TN,,,,,,,,,,
442692023.0,1822961055,2023-12-26 11:52:29,215.5,807f04c86e5d02f04afa662ade3d505a80a4f660,1353488,autoland,ContentfulSpeedIndex,True,microsoft ContentfulSpeedIndex opt fission warm webrender,,77,ms,firefox,False,|f|i|s|s|i|o|n| |w|a|r|m| |w|e|b|r|e|n|d|e|r|,,3776889,13,9b3df14599f65e991e2c4a5eaba7ebe76c85b8c3,102210fe594ee9b33d82058545b1ed14f4c8206e,linux1804-64-shippable-qr,microsoft,True,,,,,,,,,,,,,,,,,,,,,,,,,,,,,,,,,,,,,,,,,,,,,,,,,,TN,,,,,,,,,,
442692024.0,1822961078,2023-12-26 11:52:29,209.6,807f04c86e5d02f04afa662ade3d505a80a4f660,1353488,autoland,ContentfulSpeedIndex,True,microsoft ContentfulSpeedIndex opt fission warm webrender,,77,ms,firefox,False,|f|i|s|s|i|o|n| |w|a|r|m| |w|e|b|r|e|n|d|e|r|,,3776889,13,9b3df14599f65e991e2c4a5eaba7ebe76c85b8c3,102210fe594ee9b33d82058545b1ed14f4c8206e,linux1804-64-shippable-qr,microsoft,True,,,,,,,,,,,,,,,,,,,,,,,,,,,,,,,,,,,,,,,,,,,,,,,,,,TN,,,,,,,,,,
442692205.0,1822972480,2023-12-26 12:13:09,208.3,dcba199443789fbec6f97d84dd860f62e609033e,1353490,autoland,ContentfulSpeedIndex,True,microsoft ContentfulSpeedIndex opt fission warm webrender,,77,ms,firefox,False,|f|i|s|s|i|o|n| |w|a|r|m| |w|e|b|r|e|n|d|e|r|,,3776889,13,9b3df14599f65e991e2c4a5eaba7ebe76c85b8c3,102210fe594ee9b33d82058545b1ed14f4c8206e,linux1804-64-shippable-qr,microsoft,True,,,,,,,,,,,,,,,,,,,,,,,,,,,,,,,,,,,,,,,,,,,,,,,,,,TN,,,,,,,,,,
442692207.0,1822972424,2023-12-26 12:13:09,214.4,dcba199443789fbec6f97d84dd860f62e609033e,1353490,autoland,ContentfulSpeedIndex,True,microsoft ContentfulSpeedIndex opt fission warm webrender,,77,ms,firefox,False,|f|i|s|s|i|o|n| |w|a|r|m| |w|e|b|r|e|n|d|e|r|,,3776889,13,9b3df14599f65e991e2c4a5eaba7ebe76c85b8c3,102210fe594ee9b33d82058545b1ed14f4c8206e,linux1804-64-shippable-qr,microsoft,True,,,,,,,,,,,,,,,,,,,,,,,,,,,,,,,,,,,,,,,,,,,,,,,,,,TN,,,,,,,,,,
442692210.0,1822972507,2023-12-26 12:13:09,211.0,dcba199443789fbec6f97d84dd860f62e609033e,1353490,autoland,ContentfulSpeedIndex,True,microsoft ContentfulSpeedIndex opt fission warm webrender,,77,ms,firefox,False,|f|i|s|s|i|o|n| |w|a|r|m| |w|e|b|r|e|n|d|e|r|,,3776889,13,9b3df14599f65e991e2c4a5eaba7ebe76c85b8c3,102210fe594ee9b33d82058545b1ed14f4c8206e,linux1804-64-shippable-qr,microsoft,True,,,,,,,,,,,,,,,,,,,,,,,,,,,,,,,,,,,,,,,,,,,,,,,,,,TN,,,,,,,,,,
442692211.0,1822972573,2023-12-26 12:13:09,217.0,dcba199443789fbec6f97d84dd860f62e609033e,1353490,autoland,ContentfulSpeedIndex,True,microsoft ContentfulSpeedIndex opt fission warm webrender,,77,ms,firefox,False,|f|i|s|s|i|o|n| |w|a|r|m| |w|e|b|r|e|n|d|e|r|,,3776889,13,9b3df14599f65e991e2c4a5eaba7ebe76c85b8c3,102210fe594ee9b33d82058545b1ed14f4c8206e,linux1804-64-shippable-qr,microsoft,True,,,,,,,,,,,,,,,,,,,,,,,,,,,,,,,,,,,,,,,,,,,,,,,,,,TN,,,,,,,,,,
442692212.0,1822972720,2023-12-26 12:13:09,212.5,dcba199443789fbec6f97d84dd860f62e609033e,1353490,autoland,ContentfulSpeedIndex,True,microsoft ContentfulSpeedIndex opt fission warm webrender,,77,ms,firefox,False,|f|i|s|s|i|o|n| |w|a|r|m| |w|e|b|r|e|n|d|e|r|,,3776889,13,9b3df14599f65e991e2c4a5eaba7ebe76c85b8c3,102210fe594ee9b33d82058545b1ed14f4c8206e,linux1804-64-shippable-qr,microsoft,True,,,,,,,,,,,,,,,,,,,,,,,,,,,,,,,,,,,,,,,,,,,,,,,,,,TN,,,,,,,,,,
442692214.0,1822972629,2023-12-26 13:48:51,219.7,928b90f9fde5dbbcb2fba3dd27487074f5bd9dd6,1353499,autoland,ContentfulSpeedIndex,True,microsoft ContentfulSpeedIndex opt fission warm webrender,,77,ms,firefox,False,|f|i|s|s|i|o|n| |w|a|r|m| |w|e|b|r|e|n|d|e|r|,,3776889,13,9b3df14599f65e991e2c4a5eaba7ebe76c85b8c3,102210fe594ee9b33d82058545b1ed14f4c8206e,linux1804-64-shippable-qr,microsoft,True,,,,,,,,,,,,,,,,,,,,,,,,,,,,,,,,,,,,,,,,,,,,,,,,,,TN,,,,,,,,,,
442692217.0,1822973349,2023-12-26 13:48:51,210.7,928b90f9fde5dbbcb2fba3dd27487074f5bd9dd6,1353499,autoland,ContentfulSpeedIndex,True,microsoft ContentfulSpeedIndex opt fission warm webrender,,77,ms,firefox,False,|f|i|s|s|i|o|n| |w|a|r|m| |w|e|b|r|e|n|d|e|r|,,3776889,13,9b3df14599f65e991e2c4a5eaba7ebe76c85b8c3,102210fe594ee9b33d82058545b1ed14f4c8206e,linux1804-64-shippable-qr,microsoft,True,,,,,,,,,,,,,,,,,,,,,,,,,,,,,,,,,,,,,,,,,,,,,,,,,,TN,,,,,,,,,,
442692220.0,1822972925,2023-12-26 13:48:51,209.8,928b90f9fde5dbbcb2fba3dd27487074f5bd9dd6,1353499,autoland,ContentfulSpeedIndex,True,microsoft ContentfulSpeedIndex opt fission warm webrender,,77,ms,firefox,False,|f|i|s|s|i|o|n| |w|a|r|m| |w|e|b|r|e|n|d|e|r|,,3776889,13,9b3df14599f65e991e2c4a5eaba7ebe76c85b8c3,102210fe594ee9b33d82058545b1ed14f4c8206e,linux1804-64-shippable-qr,microsoft,True,,,,,,,,,,,,,,,,,,,,,,,,,,,,,,,,,,,,,,,,,,,,,,,,,,TN,,,,,,,,,,
442692224.0,1822973405,2023-12-26 13:48:51,214.2,928b90f9fde5dbbcb2fba3dd27487074f5bd9dd6,1353499,autoland,ContentfulSpeedIndex,True,microsoft ContentfulSpeedIndex opt fission warm webrender,,77,ms,firefox,False,|f|i|s|s|i|o|n| |w|a|r|m| |w|e|b|r|e|n|d|e|r|,,3776889,13,9b3df14599f65e991e2c4a5eaba7ebe76c85b8c3,102210fe594ee9b33d82058545b1ed14f4c8206e,linux1804-64-shippable-qr,microsoft,True,,,,,,,,,,,,,,,,,,,,,,,,,,,,,,,,,,,,,,,,,,,,,,,,,,TN,,,,,,,,,,
442692228.0,1822973346,2023-12-26 13:48:51,216.7,928b90f9fde5dbbcb2fba3dd27487074f5bd9dd6,1353499,autoland,ContentfulSpeedIndex,True,microsoft ContentfulSpeedIndex opt fission warm webrender,,77,ms,firefox,False,|f|i|s|s|i|o|n| |w|a|r|m| |w|e|b|r|e|n|d|e|r|,,3776889,13,9b3df14599f65e991e2c4a5eaba7ebe76c85b8c3,102210fe594ee9b33d82058545b1ed14f4c8206e,linux1804-64-shippable-qr,microsoft,True,,,,,,,,,,,,,,,,,,,,,,,,,,,,,,,,,,,,,,,,,,,,,,,,,,TN,,,,,,,,,,
442692204.0,1822970969,2023-12-26 15:51:21,172.8,e4c8d1eb2b73a459481aa9cfa29ef8840cb24722,1353505,autoland,ContentfulSpeedIndex,True,microsoft ContentfulSpeedIndex opt fission warm webrender,,77,ms,firefox,False,|f|i|s|s|i|o|n| |w|a|r|m| |w|e|b|r|e|n|d|e|r|,,3776889,13,9b3df14599f65e991e2c4a5eaba7ebe76c85b8c3,102210fe594ee9b33d82058545b1ed14f4c8206e,linux1804-64-shippable-qr,microsoft,True,,,,,,,,,,,,,,,,,,,,,,,,,,,,,,,,,,,,,,,,,,,,,,,,,,TN,,,,,,,,,,
442692206.0,1822972532,2023-12-26 15:51:21,216.8,e4c8d1eb2b73a459481aa9cfa29ef8840cb24722,1353505,autoland,ContentfulSpeedIndex,True,microsoft ContentfulSpeedIndex opt fission warm webrender,,77,ms,firefox,False,|f|i|s|s|i|o|n| |w|a|r|m| |w|e|b|r|e|n|d|e|r|,,3776889,13,9b3df14599f65e991e2c4a5eaba7ebe76c85b8c3,102210fe594ee9b33d82058545b1ed14f4c8206e,linux1804-64-shippable-qr,microsoft,True,,,,,,,,,,,,,,,,,,,,,,,,,,,,,,,,,,,,,,,,,,,,,,,,,,TN,,,,,,,,,,
442692208.0,1822972597,2023-12-26 15:51:21,212.3,e4c8d1eb2b73a459481aa9cfa29ef8840cb24722,1353505,autoland,ContentfulSpeedIndex,True,microsoft ContentfulSpeedIndex opt fission warm webrender,,77,ms,firefox,False,|f|i|s|s|i|o|n| |w|a|r|m| |w|e|b|r|e|n|d|e|r|,,3776889,13,9b3df14599f65e991e2c4a5eaba7ebe76c85b8c3,102210fe594ee9b33d82058545b1ed14f4c8206e,linux1804-64-shippable-qr,microsoft,True,,,,,,,,,,,,,,,,,,,,,,,,,,,,,,,,,,,,,,,,,,,,,,,,,,TN,,,,,,,,,,
442692209.0,1822972448,2023-12-26 15:51:21,215.4,e4c8d1eb2b73a459481aa9cfa29ef8840cb24722,1353505,autoland,ContentfulSpeedIndex,True,microsoft ContentfulSpeedIndex opt fission warm webrender,,77,ms,firefox,False,|f|i|s|s|i|o|n| |w|a|r|m| |w|e|b|r|e|n|d|e|r|,,3776889,13,9b3df14599f65e991e2c4a5eaba7ebe76c85b8c3,102210fe594ee9b33d82058545b1ed14f4c8206e,linux1804-64-shippable-qr,microsoft,True,,,,,,,,,,,,,,,,,,,,,,,,,,,,,,,,,,,,,,,,,,,,,,,,,,TN,,,,,,,,,,
442692213.0,1822972802,2023-12-26 20:51:54,207.9,fa6dd9a5ca9023dc9c44b6659279b6acee2b944b,1353520,autoland,ContentfulSpeedIndex,True,microsoft ContentfulSpeedIndex opt fission warm webrender,,77,ms,firefox,False,|f|i|s|s|i|o|n| |w|a|r|m| |w|e|b|r|e|n|d|e|r|,,3776889,13,9b3df14599f65e991e2c4a5eaba7ebe76c85b8c3,102210fe594ee9b33d82058545b1ed14f4c8206e,linux1804-64-shippable-qr,microsoft,True,,,,,,,,,,,,,,,,,,,,,,,,,,,,,,,,,,,,,,,,,,,,,,,,,,TN,,,,,,,,,,
442692216.0,1822973037,2023-12-26 20:51:54,208.4,fa6dd9a5ca9023dc9c44b6659279b6acee2b944b,1353520,autoland,ContentfulSpeedIndex,True,microsoft ContentfulSpeedIndex opt fission warm webrender,,77,ms,firefox,False,|f|i|s|s|i|o|n| |w|a|r|m| |w|e|b|r|e|n|d|e|r|,,3776889,13,9b3df14599f65e991e2c4a5eaba7ebe76c85b8c3,102210fe594ee9b33d82058545b1ed14f4c8206e,linux1804-64-shippable-qr,microsoft,True,,,,,,,,,,,,,,,,,,,,,,,,,,,,,,,,,,,,,,,,,,,,,,,,,,TN,,,,,,,,,,
442692218.0,1822973086,2023-12-26 20:51:54,215.0,fa6dd9a5ca9023dc9c44b6659279b6acee2b944b,1353520,autoland,ContentfulSpeedIndex,True,microsoft ContentfulSpeedIndex opt fission warm webrender,,77,ms,firefox,False,|f|i|s|s|i|o|n| |w|a|r|m| |w|e|b|r|e|n|d|e|r|,,3776889,13,9b3df14599f65e991e2c4a5eaba7ebe76c85b8c3,102210fe594ee9b33d82058545b1ed14f4c8206e,linux1804-64-shippable-qr,microsoft,True,,,,,,,,,,,,,,,,,,,,,,,,,,,,,,,,,,,,,,,,,,,,,,,,,,TN,,,,,,,,,,
442692221.0,1822973088,2023-12-26 20:51:54,205.5,fa6dd9a5ca9023dc9c44b6659279b6acee2b944b,1353520,autoland,ContentfulSpeedIndex,True,microsoft ContentfulSpeedIndex opt fission warm webrender,,77,ms,firefox,False,|f|i|s|s|i|o|n| |w|a|r|m| |w|e|b|r|e|n|d|e|r|,,3776889,13,9b3df14599f65e991e2c4a5eaba7ebe76c85b8c3,102210fe594ee9b33d82058545b1ed14f4c8206e,linux1804-64-shippable-qr,microsoft,True,,,,,,,,,,,,,,,,,,,,,,,,,,,,,,,,,,,,,,,,,,,,,,,,,,TN,,,,,,,,,,
442692222.0,1822973311,2023-12-26 20:51:54,208.5,fa6dd9a5ca9023dc9c44b6659279b6acee2b944b,1353520,autoland,ContentfulSpeedIndex,True,microsoft ContentfulSpeedIndex opt fission warm webrender,,77,ms,firefox,False,|f|i|s|s|i|o|n| |w|a|r|m| |w|e|b|r|e|n|d|e|r|,,3776889,13,9b3df14599f65e991e2c4a5eaba7ebe76c85b8c3,102210fe594ee9b33d82058545b1ed14f4c8206e,linux1804-64-shippable-qr,microsoft,True,,,,,,,,,,,,,,,,,,,,,,,,,,,,,,,,,,,,,,,,,,,,,,,,,,TN,,,,,,,,,,
442692225.0,1822973435,2023-12-26 20:51:54,209.7,fa6dd9a5ca9023dc9c44b6659279b6acee2b944b,1353520,autoland,ContentfulSpeedIndex,True,microsoft ContentfulSpeedIndex opt fission warm webrender,,77,ms,firefox,False,|f|i|s|s|i|o|n| |w|a|r|m| |w|e|b|r|e|n|d|e|r|,,3776889,13,9b3df14599f65e991e2c4a5eaba7ebe76c85b8c3,102210fe594ee9b33d82058545b1ed14f4c8206e,linux1804-64-shippable-qr,microsoft,True,,,,,,,,,,,,,,,,,,,,,,,,,,,,,,,,,,,,,,,,,,,,,,,,,,TN,,,,,,,,,,
442692226.0,1822973124,2023-12-26 20:51:54,213.7,fa6dd9a5ca9023dc9c44b6659279b6acee2b944b,1353520,autoland,ContentfulSpeedIndex,True,microsoft ContentfulSpeedIndex opt fission warm webrender,,77,ms,firefox,False,|f|i|s|s|i|o|n| |w|a|r|m| |w|e|b|r|e|n|d|e|r|,,3776889,13,9b3df14599f65e991e2c4a5eaba7ebe76c85b8c3,102210fe594ee9b33d82058545b1ed14f4c8206e,linux1804-64-shippable-qr,microsoft,True,,,,,,,,,,,,,,,,,,,,,,,,,,,,,,,,,,,,,,,,,,,,,,,,,,TN,,,,,,,,,,
442692229.0,1822972974,2023-12-26 20:51:54,216.8,fa6dd9a5ca9023dc9c44b6659279b6acee2b944b,1353520,autoland,ContentfulSpeedIndex,True,microsoft ContentfulSpeedIndex opt fission warm webrender,,77,ms,firefox,False,|f|i|s|s|i|o|n| |w|a|r|m| |w|e|b|r|e|n|d|e|r|,,3776889,13,9b3df14599f65e991e2c4a5eaba7ebe76c85b8c3,102210fe594ee9b33d82058545b1ed14f4c8206e,linux1804-64-shippable-qr,microsoft,True,,,,,,,,,,,,,,,,,,,,,,,,,,,,,,,,,,,,,,,,,,,,,,,,,,TN,,,,,,,,,,
442692230.0,1822973263,2023-12-26 20:51:54,210.8,fa6dd9a5ca9023dc9c44b6659279b6acee2b944b,1353520,autoland,ContentfulSpeedIndex,True,microsoft ContentfulSpeedIndex opt fission warm webrender,,77,ms,firefox,False,|f|i|s|s|i|o|n| |w|a|r|m| |w|e|b|r|e|n|d|e|r|,,3776889,13,9b3df14599f65e991e2c4a5eaba7ebe76c85b8c3,102210fe594ee9b33d82058545b1ed14f4c8206e,linux1804-64-shippable-qr,microsoft,True,,,,,,,,,,,,,,,,,,,,,,,,,,,,,,,,,,,,,,,,,,,,,,,,,,TN,,,,,,,,,,
442692231.0,1822973381,2023-12-26 20:51:54,205.2,fa6dd9a5ca9023dc9c44b6659279b6acee2b944b,1353520,autoland,ContentfulSpeedIndex,True,microsoft ContentfulSpeedIndex opt fission warm webrender,,77,ms,firefox,False,|f|i|s|s|i|o|n| |w|a|r|m| |w|e|b|r|e|n|d|e|r|,,3776889,13,9b3df14599f65e991e2c4a5eaba7ebe76c85b8c3,102210fe594ee9b33d82058545b1ed14f4c8206e,linux1804-64-shippable-qr,microsoft,True,,,,,,,,,,,,,,,,,,,,,,,,,,,,,,,,,,,,,,,,,,,,,,,,,,TN,,,,,,,,,,
442541506.0,1822265752,2023-12-26 22:59:28,211.3,45dc475cd374bf6bb91191afba9b2907cafd30da,1353531,autoland,ContentfulSpeedIndex,True,microsoft ContentfulSpeedIndex opt fission warm webrender,,77,ms,firefox,False,|f|i|s|s|i|o|n| |w|a|r|m| |w|e|b|r|e|n|d|e|r|,,3776889,13,9b3df14599f65e991e2c4a5eaba7ebe76c85b8c3,102210fe594ee9b33d82058545b1ed14f4c8206e,linux1804-64-shippable-qr,microsoft,True,,,,,,,,,,,,,,,,,,,,,,,,,,,,,,,,,,,,,,,,,,,,,,,,,,TN,,,,,,,,,,
442541508.0,1822265943,2023-12-26 22:59:28,219.4,45dc475cd374bf6bb91191afba9b2907cafd30da,1353531,autoland,ContentfulSpeedIndex,True,microsoft ContentfulSpeedIndex opt fission warm webrender,,77,ms,firefox,False,|f|i|s|s|i|o|n| |w|a|r|m| |w|e|b|r|e|n|d|e|r|,,3776889,13,9b3df14599f65e991e2c4a5eaba7ebe76c85b8c3,102210fe594ee9b33d82058545b1ed14f4c8206e,linux1804-64-shippable-qr,microsoft,True,,,,,,,,,,,,,,,,,,,,,,,,,,,,,,,,,,,,,,,,,,,,,,,,,,TN,,,,,,,,,,
442541509.0,1822265850,2023-12-26 22:59:28,211.2,45dc475cd374bf6bb91191afba9b2907cafd30da,1353531,autoland,ContentfulSpeedIndex,True,microsoft ContentfulSpeedIndex opt fission warm webrender,,77,ms,firefox,False,|f|i|s|s|i|o|n| |w|a|r|m| |w|e|b|r|e|n|d|e|r|,,3776889,13,9b3df14599f65e991e2c4a5eaba7ebe76c85b8c3,102210fe594ee9b33d82058545b1ed14f4c8206e,linux1804-64-shippable-qr,microsoft,True,,,,,,,,,,,,,,,,,,,,,,,,,,,,,,,,,,,,,,,,,,,,,,,,,,TN,,,,,,,,,,
442541510.0,1822265894,2023-12-26 22:59:28,205.6,45dc475cd374bf6bb91191afba9b2907cafd30da,1353531,autoland,ContentfulSpeedIndex,True,microsoft ContentfulSpeedIndex opt fission warm webrender,,77,ms,firefox,False,|f|i|s|s|i|o|n| |w|a|r|m| |w|e|b|r|e|n|d|e|r|,,3776889,13,9b3df14599f65e991e2c4a5eaba7ebe76c85b8c3,102210fe594ee9b33d82058545b1ed14f4c8206e,linux1804-64-shippable-qr,microsoft,True,,,,,,,,,,,,,,,,,,,,,,,,,,,,,,,,,,,,,,,,,,,,,,,,,,TN,,,,,,,,,,
442541511.0,1822265918,2023-12-26 22:59:28,209.6,45dc475cd374bf6bb91191afba9b2907cafd30da,1353531,autoland,ContentfulSpeedIndex,True,microsoft ContentfulSpeedIndex opt fission warm webrender,,77,ms,firefox,False,|f|i|s|s|i|o|n| |w|a|r|m| |w|e|b|r|e|n|d|e|r|,,3776889,13,9b3df14599f65e991e2c4a5eaba7ebe76c85b8c3,102210fe594ee9b33d82058545b1ed14f4c8206e,linux1804-64-shippable-qr,microsoft,True,,,,,,,,,,,,,,,,,,,,,,,,,,,,,,,,,,,,,,,,,,,,,,,,,,TN,,,,,,,,,,
442541512.0,1822265971,2023-12-26 22:59:28,206.8,45dc475cd374bf6bb91191afba9b2907cafd30da,1353531,autoland,ContentfulSpeedIndex,True,microsoft ContentfulSpeedIndex opt fission warm webrender,,77,ms,firefox,False,|f|i|s|s|i|o|n| |w|a|r|m| |w|e|b|r|e|n|d|e|r|,,3776889,13,9b3df14599f65e991e2c4a5eaba7ebe76c85b8c3,102210fe594ee9b33d82058545b1ed14f4c8206e,linux1804-64-shippable-qr,microsoft,True,,,,,,,,,,,,,,,,,,,,,,,,,,,,,,,,,,,,,,,,,,,,,,,,,,TN,,,,,,,,,,
442541513.0,1822266549,2023-12-26 22:59:28,211.3,45dc475cd374bf6bb91191afba9b2907cafd30da,1353531,autoland,ContentfulSpeedIndex,True,microsoft ContentfulSpeedIndex opt fission warm webrender,,77,ms,firefox,False,|f|i|s|s|i|o|n| |w|a|r|m| |w|e|b|r|e|n|d|e|r|,,3776889,13,9b3df14599f65e991e2c4a5eaba7ebe76c85b8c3,102210fe594ee9b33d82058545b1ed14f4c8206e,linux1804-64-shippable-qr,microsoft,True,,,,,,,,,,,,,,,,,,,,,,,,,,,,,,,,,,,,,,,,,,,,,,,,,,TN,,,,,,,,,,
442541514.0,1822266924,2023-12-26 22:59:28,213.8,45dc475cd374bf6bb91191afba9b2907cafd30da,1353531,autoland,ContentfulSpeedIndex,True,microsoft ContentfulSpeedIndex opt fission warm webrender,,77,ms,firefox,False,|f|i|s|s|i|o|n| |w|a|r|m| |w|e|b|r|e|n|d|e|r|,,3776889,13,9b3df14599f65e991e2c4a5eaba7ebe76c85b8c3,102210fe594ee9b33d82058545b1ed14f4c8206e,linux1804-64-shippable-qr,microsoft,True,,,,,,,,,,,,,,,,,,,,,,,,,,,,,,,,,,,,,,,,,,,,,,,,,,TN,,,,,,,,,,
442541515.0,1822266737,2023-12-26 22:59:28,211.2,45dc475cd374bf6bb91191afba9b2907cafd30da,1353531,autoland,ContentfulSpeedIndex,True,microsoft ContentfulSpeedIndex opt fission warm webrender,,77,ms,firefox,False,|f|i|s|s|i|o|n| |w|a|r|m| |w|e|b|r|e|n|d|e|r|,,3776889,13,9b3df14599f65e991e2c4a5eaba7ebe76c85b8c3,102210fe594ee9b33d82058545b1ed14f4c8206e,linux1804-64-shippable-qr,microsoft,True,,,,,,,,,,,,,,,,,,,,,,,,,,,,,,,,,,,,,,,,,,,,,,,,,,TN,,,,,,,,,,
442692215.0,1822972759,2023-12-26 22:59:28,206.5,45dc475cd374bf6bb91191afba9b2907cafd30da,1353531,autoland,ContentfulSpeedIndex,True,microsoft ContentfulSpeedIndex opt fission warm webrender,,77,ms,firefox,False,|f|i|s|s|i|o|n| |w|a|r|m| |w|e|b|r|e|n|d|e|r|,,3776889,13,9b3df14599f65e991e2c4a5eaba7ebe76c85b8c3,102210fe594ee9b33d82058545b1ed14f4c8206e,linux1804-64-shippable-qr,microsoft,True,,,,,,,,,,,,,,,,,,,,,,,,,,,,,,,,,,,,,,,,,,,,,,,,,,TN,,,,,,,,,,
442692219.0,1822972898,2023-12-26 22:59:28,209.8,45dc475cd374bf6bb91191afba9b2907cafd30da,1353531,autoland,ContentfulSpeedIndex,True,microsoft ContentfulSpeedIndex opt fission warm webrender,,77,ms,firefox,False,|f|i|s|s|i|o|n| |w|a|r|m| |w|e|b|r|e|n|d|e|r|,,3776889,13,9b3df14599f65e991e2c4a5eaba7ebe76c85b8c3,102210fe594ee9b33d82058545b1ed14f4c8206e,linux1804-64-shippable-qr,microsoft,True,,,,,,,,,,,,,,,,,,,,,,,,,,,,,,,,,,,,,,,,,,,,,,,,,,TN,,,,,,,,,,
442692223.0,1822973004,2023-12-26 22:59:28,208.2,45dc475cd374bf6bb91191afba9b2907cafd30da,1353531,autoland,ContentfulSpeedIndex,True,microsoft ContentfulSpeedIndex opt fission warm webrender,,77,ms,firefox,False,|f|i|s|s|i|o|n| |w|a|r|m| |w|e|b|r|e|n|d|e|r|,,3776889,13,9b3df14599f65e991e2c4a5eaba7ebe76c85b8c3,102210fe594ee9b33d82058545b1ed14f4c8206e,linux1804-64-shippable-qr,microsoft,True,,,,,,,,,,,,,,,,,,,,,,,,,,,,,,,,,,,,,,,,,,,,,,,,,,TN,,,,,,,,,,
442692227.0,1822973580,2023-12-26 22:59:28,206.4,45dc475cd374bf6bb91191afba9b2907cafd30da,1353531,autoland,ContentfulSpeedIndex,True,microsoft ContentfulSpeedIndex opt fission warm webrender,,77,ms,firefox,False,|f|i|s|s|i|o|n| |w|a|r|m| |w|e|b|r|e|n|d|e|r|,,3776889,13,9b3df14599f65e991e2c4a5eaba7ebe76c85b8c3,102210fe594ee9b33d82058545b1ed14f4c8206e,linux1804-64-shippable-qr,microsoft,True,,,,,,,,,,,,,,,,,,,,,,,,,,,,,,,,,,,,,,,,,,,,,,,,,,TN,,,,,,,,,,
442692232.0,1822973044,2023-12-26 22:59:28,211.1,45dc475cd374bf6bb91191afba9b2907cafd30da,1353531,autoland,ContentfulSpeedIndex,True,microsoft ContentfulSpeedIndex opt fission warm webrender,,77,ms,firefox,False,|f|i|s|s|i|o|n| |w|a|r|m| |w|e|b|r|e|n|d|e|r|,,3776889,13,9b3df14599f65e991e2c4a5eaba7ebe76c85b8c3,102210fe594ee9b33d82058545b1ed14f4c8206e,linux1804-64-shippable-qr,microsoft,True,,,,,,,,,,,,,,,,,,,,,,,,,,,,,,,,,,,,,,,,,,,,,,,,,,TN,,,,,,,,,,
441451389.0,1817547308,2023-12-27 02:56:18,210.8,6d9a0abd0a3c26f4337aff723c15795fe91fe884,1353555,autoland,ContentfulSpeedIndex,True,microsoft ContentfulSpeedIndex opt fission warm webrender,,77,ms,firefox,False,|f|i|s|s|i|o|n| |w|a|r|m| |w|e|b|r|e|n|d|e|r|,,3776889,13,9b3df14599f65e991e2c4a5eaba7ebe76c85b8c3,102210fe594ee9b33d82058545b1ed14f4c8206e,linux1804-64-shippable-qr,microsoft,True,,,,,,,,,,,,,,,,,,,,,,,,,,,,,,,,,,,,,,,,,,,,,,,,,,TN,,,,,,,,,,
442541581.0,1822267000,2023-12-27 02:56:18,209.4,6d9a0abd0a3c26f4337aff723c15795fe91fe884,1353555,autoland,ContentfulSpeedIndex,True,microsoft ContentfulSpeedIndex opt fission warm webrender,,77,ms,firefox,False,|f|i|s|s|i|o|n| |w|a|r|m| |w|e|b|r|e|n|d|e|r|,,3776889,13,9b3df14599f65e991e2c4a5eaba7ebe76c85b8c3,102210fe594ee9b33d82058545b1ed14f4c8206e,linux1804-64-shippable-qr,microsoft,True,,,,,,,,,,,,,,,,,,,,,,,,,,,,,,,,,,,,,,,,,,,,,,,,,,TN,,,,,,,,,,
442541582.0,1822267067,2023-12-27 02:56:18,206.2,6d9a0abd0a3c26f4337aff723c15795fe91fe884,1353555,autoland,ContentfulSpeedIndex,True,microsoft ContentfulSpeedIndex opt fission warm webrender,,77,ms,firefox,False,|f|i|s|s|i|o|n| |w|a|r|m| |w|e|b|r|e|n|d|e|r|,,3776889,13,9b3df14599f65e991e2c4a5eaba7ebe76c85b8c3,102210fe594ee9b33d82058545b1ed14f4c8206e,linux1804-64-shippable-qr,microsoft,True,,,,,,,,,,,,,,,,,,,,,,,,,,,,,,,,,,,,,,,,,,,,,,,,,,TN,,,,,,,,,,
442541583.0,1822267620,2023-12-27 02:56:18,212.3,6d9a0abd0a3c26f4337aff723c15795fe91fe884,1353555,autoland,ContentfulSpeedIndex,True,microsoft ContentfulSpeedIndex opt fission warm webrender,,77,ms,firefox,False,|f|i|s|s|i|o|n| |w|a|r|m| |w|e|b|r|e|n|d|e|r|,,3776889,13,9b3df14599f65e991e2c4a5eaba7ebe76c85b8c3,102210fe594ee9b33d82058545b1ed14f4c8206e,linux1804-64-shippable-qr,microsoft,True,,,,,,,,,,,,,,,,,,,,,,,,,,,,,,,,,,,,,,,,,,,,,,,,,,TN,,,,,,,,,,
442541584.0,1822267859,2023-12-27 02:56:18,211.1,6d9a0abd0a3c26f4337aff723c15795fe91fe884,1353555,autoland,ContentfulSpeedIndex,True,microsoft ContentfulSpeedIndex opt fission warm webrender,,77,ms,firefox,False,|f|i|s|s|i|o|n| |w|a|r|m| |w|e|b|r|e|n|d|e|r|,,3776889,13,9b3df14599f65e991e2c4a5eaba7ebe76c85b8c3,102210fe594ee9b33d82058545b1ed14f4c8206e,linux1804-64-shippable-qr,microsoft,True,,,,,,,,,,,,,,,,,,,,,,,,,,,,,,,,,,,,,,,,,,,,,,,,,,TN,,,,,,,,,,
442541585.0,1822267716,2023-12-27 02:56:18,209.4,6d9a0abd0a3c26f4337aff723c15795fe91fe884,1353555,autoland,ContentfulSpeedIndex,True,microsoft ContentfulSpeedIndex opt fission warm webrender,,77,ms,firefox,False,|f|i|s|s|i|o|n| |w|a|r|m| |w|e|b|r|e|n|d|e|r|,,3776889,13,9b3df14599f65e991e2c4a5eaba7ebe76c85b8c3,102210fe594ee9b33d82058545b1ed14f4c8206e,linux1804-64-shippable-qr,microsoft,True,,,,,,,,,,,,,,,,,,,,,,,,,,,,,,,,,,,,,,,,,,,,,,,,,,TN,,,,,,,,,,
442541586.0,1822268055,2023-12-27 02:56:18,206.8,6d9a0abd0a3c26f4337aff723c15795fe91fe884,1353555,autoland,ContentfulSpeedIndex,True,microsoft ContentfulSpeedIndex opt fission warm webrender,,77,ms,firefox,False,|f|i|s|s|i|o|n| |w|a|r|m| |w|e|b|r|e|n|d|e|r|,,3776889,13,9b3df14599f65e991e2c4a5eaba7ebe76c85b8c3,102210fe594ee9b33d82058545b1ed14f4c8206e,linux1804-64-shippable-qr,microsoft,True,,,,,,,,,,,,,,,,,,,,,,,,,,,,,,,,,,,,,,,,,,,,,,,,,,TN,,,,,,,,,,
442541587.0,1822267994,2023-12-27 02:56:18,211.3,6d9a0abd0a3c26f4337aff723c15795fe91fe884,1353555,autoland,ContentfulSpeedIndex,True,microsoft ContentfulSpeedIndex opt fission warm webrender,,77,ms,firefox,False,|f|i|s|s|i|o|n| |w|a|r|m| |w|e|b|r|e|n|d|e|r|,,3776889,13,9b3df14599f65e991e2c4a5eaba7ebe76c85b8c3,102210fe594ee9b33d82058545b1ed14f4c8206e,linux1804-64-shippable-qr,microsoft,True,,,,,,,,,,,,,,,,,,,,,,,,,,,,,,,,,,,,,,,,,,,,,,,,,,TN,,,,,,,,,,
442541588.0,1822268021,2023-12-27 02:56:18,210.6,6d9a0abd0a3c26f4337aff723c15795fe91fe884,1353555,autoland,ContentfulSpeedIndex,True,microsoft ContentfulSpeedIndex opt fission warm webrender,,77,ms,firefox,False,|f|i|s|s|i|o|n| |w|a|r|m| |w|e|b|r|e|n|d|e|r|,,3776889,13,9b3df14599f65e991e2c4a5eaba7ebe76c85b8c3,102210fe594ee9b33d82058545b1ed14f4c8206e,linux1804-64-shippable-qr,microsoft,True,,,,,,,,,,,,,,,,,,,,,,,,,,,,,,,,,,,,,,,,,,,,,,,,,,TN,,,,,,,,,,
442541589.0,1822268251,2023-12-27 02:56:18,215.5,6d9a0abd0a3c26f4337aff723c15795fe91fe884,1353555,autoland,ContentfulSpeedIndex,True,microsoft ContentfulSpeedIndex opt fission warm webrender,,77,ms,firefox,False,|f|i|s|s|i|o|n| |w|a|r|m| |w|e|b|r|e|n|d|e|r|,,3776889,13,9b3df14599f65e991e2c4a5eaba7ebe76c85b8c3,102210fe594ee9b33d82058545b1ed14f4c8206e,linux1804-64-shippable-qr,microsoft,True,,,,,,,,,,,,,,,,,,,,,,,,,,,,,,,,,,,,,,,,,,,,,,,,,,TN,,,,,,,,,,
442674256.0,1822878590,2023-12-27 02:56:18,211.5,6d9a0abd0a3c26f4337aff723c15795fe91fe884,1353555,autoland,ContentfulSpeedIndex,True,microsoft ContentfulSpeedIndex opt fission warm webrender,,77,ms,firefox,False,|f|i|s|s|i|o|n| |w|a|r|m| |w|e|b|r|e|n|d|e|r|,,3776889,13,9b3df14599f65e991e2c4a5eaba7ebe76c85b8c3,102210fe594ee9b33d82058545b1ed14f4c8206e,linux1804-64-shippable-qr,microsoft,True,,,,,,,,,,,,,,,,,,,,,,,,,,,,,,,,,,,,,,,,,,,,,,,,,,TN,,,,,,,,,,
442674257.0,1822878260,2023-12-27 02:56:18,215.7,6d9a0abd0a3c26f4337aff723c15795fe91fe884,1353555,autoland,ContentfulSpeedIndex,True,microsoft ContentfulSpeedIndex opt fission warm webrender,,77,ms,firefox,False,|f|i|s|s|i|o|n| |w|a|r|m| |w|e|b|r|e|n|d|e|r|,,3776889,13,9b3df14599f65e991e2c4a5eaba7ebe76c85b8c3,102210fe594ee9b33d82058545b1ed14f4c8206e,linux1804-64-shippable-qr,microsoft,True,,,,,,,,,,,,,,,,,,,,,,,,,,,,,,,,,,,,,,,,,,,,,,,,,,TN,,,,,,,,,,
442674258.0,1822877214,2023-12-27 02:56:18,173.7,6d9a0abd0a3c26f4337aff723c15795fe91fe884,1353555,autoland,ContentfulSpeedIndex,True,microsoft ContentfulSpeedIndex opt fission warm webrender,,77,ms,firefox,False,|f|i|s|s|i|o|n| |w|a|r|m| |w|e|b|r|e|n|d|e|r|,,3776889,13,9b3df14599f65e991e2c4a5eaba7ebe76c85b8c3,102210fe594ee9b33d82058545b1ed14f4c8206e,linux1804-64-shippable-qr,microsoft,True,,,,,,,,,,,,,,,,,,,,,,,,,,,,,,,,,,,,,,,,,,,,,,,,,,TN,,,,,,,,,,
442674260.0,1822877874,2023-12-27 02:56:18,213.8,6d9a0abd0a3c26f4337aff723c15795fe91fe884,1353555,autoland,ContentfulSpeedIndex,True,microsoft ContentfulSpeedIndex opt fission warm webrender,,77,ms,firefox,False,|f|i|s|s|i|o|n| |w|a|r|m| |w|e|b|r|e|n|d|e|r|,,3776889,13,9b3df14599f65e991e2c4a5eaba7ebe76c85b8c3,102210fe594ee9b33d82058545b1ed14f4c8206e,linux1804-64-shippable-qr,microsoft,True,,,,,,,,,,,,,,,,,,,,,,,,,,,,,,,,,,,,,,,,,,,,,,,,,,TN,,,,,,,,,,
442692238.0,1822973499,2023-12-27 02:56:18,207.0,6d9a0abd0a3c26f4337aff723c15795fe91fe884,1353555,autoland,ContentfulSpeedIndex,True,microsoft ContentfulSpeedIndex opt fission warm webrender,,77,ms,firefox,False,|f|i|s|s|i|o|n| |w|a|r|m| |w|e|b|r|e|n|d|e|r|,,3776889,13,9b3df14599f65e991e2c4a5eaba7ebe76c85b8c3,102210fe594ee9b33d82058545b1ed14f4c8206e,linux1804-64-shippable-qr,microsoft,True,,,,,,,,,,,,,,,,,,,,,,,,,,,,,,,,,,,,,,,,,,,,,,,,,,TN,,,,,,,,,,
442692239.0,1822973240,2023-12-27 02:56:18,221.6,6d9a0abd0a3c26f4337aff723c15795fe91fe884,1353555,autoland,ContentfulSpeedIndex,True,microsoft ContentfulSpeedIndex opt fission warm webrender,,77,ms,firefox,False,|f|i|s|s|i|o|n| |w|a|r|m| |w|e|b|r|e|n|d|e|r|,,3776889,13,9b3df14599f65e991e2c4a5eaba7ebe76c85b8c3,102210fe594ee9b33d82058545b1ed14f4c8206e,linux1804-64-shippable-qr,microsoft,True,,,,,,,,,,,,,,,,,,,,,,,,,,,,,,,,,,,,,,,,,,,,,,,,,,TN,,,,,,,,,,
442692240.0,1822973715,2023-12-27 02:56:18,211.2,6d9a0abd0a3c26f4337aff723c15795fe91fe884,1353555,autoland,ContentfulSpeedIndex,True,microsoft ContentfulSpeedIndex opt fission warm webrender,,77,ms,firefox,False,|f|i|s|s|i|o|n| |w|a|r|m| |w|e|b|r|e|n|d|e|r|,,3776889,13,9b3df14599f65e991e2c4a5eaba7ebe76c85b8c3,102210fe594ee9b33d82058545b1ed14f4c8206e,linux1804-64-shippable-qr,microsoft,True,,,,,,,,,,,,,,,,,,,,,,,,,,,,,,,,,,,,,,,,,,,,,,,,,,TN,,,,,,,,,,
442692241.0,1822973153,2023-12-27 02:56:18,208.0,6d9a0abd0a3c26f4337aff723c15795fe91fe884,1353555,autoland,ContentfulSpeedIndex,True,microsoft ContentfulSpeedIndex opt fission warm webrender,,77,ms,firefox,False,|f|i|s|s|i|o|n| |w|a|r|m| |w|e|b|r|e|n|d|e|r|,,3776889,13,9b3df14599f65e991e2c4a5eaba7ebe76c85b8c3,102210fe594ee9b33d82058545b1ed14f4c8206e,linux1804-64-shippable-qr,microsoft,True,,,,,,,,,,,,,,,,,,,,,,,,,,,,,,,,,,,,,,,,,,,,,,,,,,TN,,,,,,,,,,
442692242.0,1822973287,2023-12-27 02:56:18,212.4,6d9a0abd0a3c26f4337aff723c15795fe91fe884,1353555,autoland,ContentfulSpeedIndex,True,microsoft ContentfulSpeedIndex opt fission warm webrender,,77,ms,firefox,False,|f|i|s|s|i|o|n| |w|a|r|m| |w|e|b|r|e|n|d|e|r|,,3776889,13,9b3df14599f65e991e2c4a5eaba7ebe76c85b8c3,102210fe594ee9b33d82058545b1ed14f4c8206e,linux1804-64-shippable-qr,microsoft,True,,,,,,,,,,,,,,,,,,,,,,,,,,,,,,,,,,,,,,,,,,,,,,,,,,TN,,,,,,,,,,
442568025.0,1822361068,2023-12-27 04:45:11,214.2,2a86b8379416833fd942835ebaea798de90bdfc1,1353571,autoland,ContentfulSpeedIndex,True,microsoft ContentfulSpeedIndex opt fission warm webrender,,77,ms,firefox,False,|f|i|s|s|i|o|n| |w|a|r|m| |w|e|b|r|e|n|d|e|r|,,3776889,13,9b3df14599f65e991e2c4a5eaba7ebe76c85b8c3,102210fe594ee9b33d82058545b1ed14f4c8206e,linux1804-64-shippable-qr,microsoft,True,,,,,,,,,,,,,,,,,,,,,,,,,,,,,,,,,,,,,,,,,,,,,,,,,,TN,,,,,,,,,,
442674263.0,1822878448,2023-12-27 04:45:11,206.7,2a86b8379416833fd942835ebaea798de90bdfc1,1353571,autoland,ContentfulSpeedIndex,True,microsoft ContentfulSpeedIndex opt fission warm webrender,,77,ms,firefox,False,|f|i|s|s|i|o|n| |w|a|r|m| |w|e|b|r|e|n|d|e|r|,,3776889,13,9b3df14599f65e991e2c4a5eaba7ebe76c85b8c3,102210fe594ee9b33d82058545b1ed14f4c8206e,linux1804-64-shippable-qr,microsoft,True,,,,,,,,,,,,,,,,,,,,,,,,,,,,,,,,,,,,,,,,,,,,,,,,,,TN,,,,,,,,,,
442674264.0,1822878421,2023-12-27 04:45:11,208.3,2a86b8379416833fd942835ebaea798de90bdfc1,1353571,autoland,ContentfulSpeedIndex,True,microsoft ContentfulSpeedIndex opt fission warm webrender,,77,ms,firefox,False,|f|i|s|s|i|o|n| |w|a|r|m| |w|e|b|r|e|n|d|e|r|,,3776889,13,9b3df14599f65e991e2c4a5eaba7ebe76c85b8c3,102210fe594ee9b33d82058545b1ed14f4c8206e,linux1804-64-shippable-qr,microsoft,True,,,,,,,,,,,,,,,,,,,,,,,,,,,,,,,,,,,,,,,,,,,,,,,,,,TN,,,,,,,,,,
442674265.0,1822878330,2023-12-27 04:45:11,211.5,2a86b8379416833fd942835ebaea798de90bdfc1,1353571,autoland,ContentfulSpeedIndex,True,microsoft ContentfulSpeedIndex opt fission warm webrender,,77,ms,firefox,False,|f|i|s|s|i|o|n| |w|a|r|m| |w|e|b|r|e|n|d|e|r|,,3776889,13,9b3df14599f65e991e2c4a5eaba7ebe76c85b8c3,102210fe594ee9b33d82058545b1ed14f4c8206e,linux1804-64-shippable-qr,microsoft,True,,,,,,,,,,,,,,,,,,,,,,,,,,,,,,,,,,,,,,,,,,,,,,,,,,TN,,,,,,,,,,
442674266.0,1822878471,2023-12-27 04:45:11,211.0,2a86b8379416833fd942835ebaea798de90bdfc1,1353571,autoland,ContentfulSpeedIndex,True,microsoft ContentfulSpeedIndex opt fission warm webrender,,77,ms,firefox,False,|f|i|s|s|i|o|n| |w|a|r|m| |w|e|b|r|e|n|d|e|r|,,3776889,13,9b3df14599f65e991e2c4a5eaba7ebe76c85b8c3,102210fe594ee9b33d82058545b1ed14f4c8206e,linux1804-64-shippable-qr,microsoft,True,,,,,,,,,,,,,,,,,,,,,,,,,,,,,,,,,,,,,,,,,,,,,,,,,,TN,,,,,,,,,,
442692248.0,1822973814,2023-12-27 04:45:11,216.9,2a86b8379416833fd942835ebaea798de90bdfc1,1353571,autoland,ContentfulSpeedIndex,True,microsoft ContentfulSpeedIndex opt fission warm webrender,,77,ms,firefox,False,|f|i|s|s|i|o|n| |w|a|r|m| |w|e|b|r|e|n|d|e|r|,,3776889,13,9b3df14599f65e991e2c4a5eaba7ebe76c85b8c3,102210fe594ee9b33d82058545b1ed14f4c8206e,linux1804-64-shippable-qr,microsoft,True,,,,,,,,,,,,,,,,,,,,,,,,,,,,,,,,,,,,,,,,,,,,,,,,,,TN,,,,,,,,,,
442692249.0,1822973666,2023-12-27 04:45:11,207.7,2a86b8379416833fd942835ebaea798de90bdfc1,1353571,autoland,ContentfulSpeedIndex,True,microsoft ContentfulSpeedIndex opt fission warm webrender,,77,ms,firefox,False,|f|i|s|s|i|o|n| |w|a|r|m| |w|e|b|r|e|n|d|e|r|,,3776889,13,9b3df14599f65e991e2c4a5eaba7ebe76c85b8c3,102210fe594ee9b33d82058545b1ed14f4c8206e,linux1804-64-shippable-qr,microsoft,True,,,,,,,,,,,,,,,,,,,,,,,,,,,,,,,,,,,,,,,,,,,,,,,,,,TN,,,,,,,,,,
442692250.0,1822973738,2023-12-27 04:45:11,211.3,2a86b8379416833fd942835ebaea798de90bdfc1,1353571,autoland,ContentfulSpeedIndex,True,microsoft ContentfulSpeedIndex opt fission warm webrender,,77,ms,firefox,False,|f|i|s|s|i|o|n| |w|a|r|m| |w|e|b|r|e|n|d|e|r|,,3776889,13,9b3df14599f65e991e2c4a5eaba7ebe76c85b8c3,102210fe594ee9b33d82058545b1ed14f4c8206e,linux1804-64-shippable-qr,microsoft,True,,,,,,,,,,,,,,,,,,,,,,,,,,,,,,,,,,,,,,,,,,,,,,,,,,TN,,,,,,,,,,
442692251.0,1822973494,2023-12-27 04:45:11,213.9,2a86b8379416833fd942835ebaea798de90bdfc1,1353571,autoland,ContentfulSpeedIndex,True,microsoft ContentfulSpeedIndex opt fission warm webrender,,77,ms,firefox,False,|f|i|s|s|i|o|n| |w|a|r|m| |w|e|b|r|e|n|d|e|r|,,3776889,13,9b3df14599f65e991e2c4a5eaba7ebe76c85b8c3,102210fe594ee9b33d82058545b1ed14f4c8206e,linux1804-64-shippable-qr,microsoft,True,,,,,,,,,,,,,,,,,,,,,,,,,,,,,,,,,,,,,,,,,,,,,,,,,,TN,,,,,,,,,,
442692252.0,1822973547,2023-12-27 04:45:11,212.6,2a86b8379416833fd942835ebaea798de90bdfc1,1353571,autoland,ContentfulSpeedIndex,True,microsoft ContentfulSpeedIndex opt fission warm webrender,,77,ms,firefox,False,|f|i|s|s|i|o|n| |w|a|r|m| |w|e|b|r|e|n|d|e|r|,,3776889,13,9b3df14599f65e991e2c4a5eaba7ebe76c85b8c3,102210fe594ee9b33d82058545b1ed14f4c8206e,linux1804-64-shippable-qr,microsoft,True,,,,,,,,,,,,,,,,,,,,,,,,,,,,,,,,,,,,,,,,,,,,,,,,,,TN,,,,,,,,,,
442568024.0,1822360951,2023-12-27 07:00:19,216.7,3c2951a35dcd24af6c95847b3f711693f3390f13,1353588,autoland,ContentfulSpeedIndex,True,microsoft ContentfulSpeedIndex opt fission warm webrender,,77,ms,firefox,False,|f|i|s|s|i|o|n| |w|a|r|m| |w|e|b|r|e|n|d|e|r|,,3776889,13,9b3df14599f65e991e2c4a5eaba7ebe76c85b8c3,102210fe594ee9b33d82058545b1ed14f4c8206e,linux1804-64-shippable-qr,microsoft,True,,,,,,,,,,,,,,,,,,,,,,,,,,,,,,,,,,,,,,,,,,,,,,,,,,TN,,,,,,,,,,
442674617.0,1822878819,2023-12-27 07:00:19,209.7,3c2951a35dcd24af6c95847b3f711693f3390f13,1353588,autoland,ContentfulSpeedIndex,True,microsoft ContentfulSpeedIndex opt fission warm webrender,,77,ms,firefox,False,|f|i|s|s|i|o|n| |w|a|r|m| |w|e|b|r|e|n|d|e|r|,,3776889,13,9b3df14599f65e991e2c4a5eaba7ebe76c85b8c3,102210fe594ee9b33d82058545b1ed14f4c8206e,linux1804-64-shippable-qr,microsoft,True,,,,,,,,,,,,,,,,,,,,,,,,,,,,,,,,,,,,,,,,,,,,,,,,,,TN,,,,,,,,,,
442674618.0,1822878843,2023-12-27 07:00:19,214.2,3c2951a35dcd24af6c95847b3f711693f3390f13,1353588,autoland,ContentfulSpeedIndex,True,microsoft ContentfulSpeedIndex opt fission warm webrender,,77,ms,firefox,False,|f|i|s|s|i|o|n| |w|a|r|m| |w|e|b|r|e|n|d|e|r|,,3776889,13,9b3df14599f65e991e2c4a5eaba7ebe76c85b8c3,102210fe594ee9b33d82058545b1ed14f4c8206e,linux1804-64-shippable-qr,microsoft,True,,,,,,,,,,,,,,,,,,,,,,,,,,,,,,,,,,,,,,,,,,,,,,,,,,TN,,,,,,,,,,
442674620.0,1822878867,2023-12-27 07:00:19,211.4,3c2951a35dcd24af6c95847b3f711693f3390f13,1353588,autoland,ContentfulSpeedIndex,True,microsoft ContentfulSpeedIndex opt fission warm webrender,,77,ms,firefox,False,|f|i|s|s|i|o|n| |w|a|r|m| |w|e|b|r|e|n|d|e|r|,,3776889,13,9b3df14599f65e991e2c4a5eaba7ebe76c85b8c3,102210fe594ee9b33d82058545b1ed14f4c8206e,linux1804-64-shippable-qr,microsoft,True,,,,,,,,,,,,,,,,,,,,,,,,,,,,,,,,,,,,,,,,,,,,,,,,,,TN,,,,,,,,,,
442674621.0,1822878642,2023-12-27 07:00:19,213.6,3c2951a35dcd24af6c95847b3f711693f3390f13,1353588,autoland,ContentfulSpeedIndex,True,microsoft ContentfulSpeedIndex opt fission warm webrender,,77,ms,firefox,False,|f|i|s|s|i|o|n| |w|a|r|m| |w|e|b|r|e|n|d|e|r|,,3776889,13,9b3df14599f65e991e2c4a5eaba7ebe76c85b8c3,102210fe594ee9b33d82058545b1ed14f4c8206e,linux1804-64-shippable-qr,microsoft,True,,,,,,,,,,,,,,,,,,,,,,,,,,,,,,,,,,,,,,,,,,,,,,,,,,TN,,,,,,,,,,
442692243.0,1822973182,2023-12-27 07:00:19,209.4,3c2951a35dcd24af6c95847b3f711693f3390f13,1353588,autoland,ContentfulSpeedIndex,True,microsoft ContentfulSpeedIndex opt fission warm webrender,,77,ms,firefox,False,|f|i|s|s|i|o|n| |w|a|r|m| |w|e|b|r|e|n|d|e|r|,,3776889,13,9b3df14599f65e991e2c4a5eaba7ebe76c85b8c3,102210fe594ee9b33d82058545b1ed14f4c8206e,linux1804-64-shippable-qr,microsoft,True,,,,,,,,,,,,,,,,,,,,,,,,,,,,,,,,,,,,,,,,,,,,,,,,,,TN,,,,,,,,,,
442692244.0,1822973460,2023-12-27 07:00:19,212.6,3c2951a35dcd24af6c95847b3f711693f3390f13,1353588,autoland,ContentfulSpeedIndex,True,microsoft ContentfulSpeedIndex opt fission warm webrender,,77,ms,firefox,False,|f|i|s|s|i|o|n| |w|a|r|m| |w|e|b|r|e|n|d|e|r|,,3776889,13,9b3df14599f65e991e2c4a5eaba7ebe76c85b8c3,102210fe594ee9b33d82058545b1ed14f4c8206e,linux1804-64-shippable-qr,microsoft,True,,,,,,,,,,,,,,,,,,,,,,,,,,,,,,,,,,,,,,,,,,,,,,,,,,TN,,,,,,,,,,
442692245.0,1822973773,2023-12-27 07:00:19,216.1,3c2951a35dcd24af6c95847b3f711693f3390f13,1353588,autoland,ContentfulSpeedIndex,True,microsoft ContentfulSpeedIndex opt fission warm webrender,,77,ms,firefox,False,|f|i|s|s|i|o|n| |w|a|r|m| |w|e|b|r|e|n|d|e|r|,,3776889,13,9b3df14599f65e991e2c4a5eaba7ebe76c85b8c3,102210fe594ee9b33d82058545b1ed14f4c8206e,linux1804-64-shippable-qr,microsoft,True,,,,,,,,,,,,,,,,,,,,,,,,,,,,,,,,,,,,,,,,,,,,,,,,,,TN,,,,,,,,,,
442692246.0,1822973603,2023-12-27 07:00:19,213.7,3c2951a35dcd24af6c95847b3f711693f3390f13,1353588,autoland,ContentfulSpeedIndex,True,microsoft ContentfulSpeedIndex opt fission warm webrender,,77,ms,firefox,False,|f|i|s|s|i|o|n| |w|a|r|m| |w|e|b|r|e|n|d|e|r|,,3776889,13,9b3df14599f65e991e2c4a5eaba7ebe76c85b8c3,102210fe594ee9b33d82058545b1ed14f4c8206e,linux1804-64-shippable-qr,microsoft,True,,,,,,,,,,,,,,,,,,,,,,,,,,,,,,,,,,,,,,,,,,,,,,,,,,TN,,,,,,,,,,
442692247.0,1822973642,2023-12-27 07:00:19,211.2,3c2951a35dcd24af6c95847b3f711693f3390f13,1353588,autoland,ContentfulSpeedIndex,True,microsoft ContentfulSpeedIndex opt fission warm webrender,,77,ms,firefox,False,|f|i|s|s|i|o|n| |w|a|r|m| |w|e|b|r|e|n|d|e|r|,,3776889,13,9b3df14599f65e991e2c4a5eaba7ebe76c85b8c3,102210fe594ee9b33d82058545b1ed14f4c8206e,linux1804-64-shippable-qr,microsoft,True,,,,,,,,,,,,,,,,,,,,,,,,,,,,,,,,,,,,,,,,,,,,,,,,,,TN,,,,,,,,,,
442568026.0,1822361535,2023-12-27 07:50:58,220.5,5b44495fa55ece2e8b241e83eff82623971f3822,1353599,autoland,ContentfulSpeedIndex,True,microsoft ContentfulSpeedIndex opt fission warm webrender,,77,ms,firefox,False,|f|i|s|s|i|o|n| |w|a|r|m| |w|e|b|r|e|n|d|e|r|,,3776889,13,9b3df14599f65e991e2c4a5eaba7ebe76c85b8c3,102210fe594ee9b33d82058545b1ed14f4c8206e,linux1804-64-shippable-qr,microsoft,True,,,,,,,,,,,,,,,,,,,,,,,,,,,,,,,,,,,,,,,,,,,,,,,,,,TN,,,,,,,,,,
442674625.0,1822878770,2023-12-27 07:50:58,213.9,5b44495fa55ece2e8b241e83eff82623971f3822,1353599,autoland,ContentfulSpeedIndex,True,microsoft ContentfulSpeedIndex opt fission warm webrender,,77,ms,firefox,False,|f|i|s|s|i|o|n| |w|a|r|m| |w|e|b|r|e|n|d|e|r|,,3776889,13,9b3df14599f65e991e2c4a5eaba7ebe76c85b8c3,102210fe594ee9b33d82058545b1ed14f4c8206e,linux1804-64-shippable-qr,microsoft,True,,,,,,,,,,,,,,,,,,,,,,,,,,,,,,,,,,,,,,,,,,,,,,,,,,TN,,,,,,,,,,
442674628.0,1822878793,2023-12-27 07:50:58,209.4,5b44495fa55ece2e8b241e83eff82623971f3822,1353599,autoland,ContentfulSpeedIndex,True,microsoft ContentfulSpeedIndex opt fission warm webrender,,77,ms,firefox,False,|f|i|s|s|i|o|n| |w|a|r|m| |w|e|b|r|e|n|d|e|r|,,3776889,13,9b3df14599f65e991e2c4a5eaba7ebe76c85b8c3,102210fe594ee9b33d82058545b1ed14f4c8206e,linux1804-64-shippable-qr,microsoft,True,,,,,,,,,,,,,,,,,,,,,,,,,,,,,,,,,,,,,,,,,,,,,,,,,,TN,,,,,,,,,,
442674629.0,1822878943,2023-12-27 07:50:58,217.0,5b44495fa55ece2e8b241e83eff82623971f3822,1353599,autoland,ContentfulSpeedIndex,True,microsoft ContentfulSpeedIndex opt fission warm webrender,,77,ms,firefox,False,|f|i|s|s|i|o|n| |w|a|r|m| |w|e|b|r|e|n|d|e|r|,,3776889,13,9b3df14599f65e991e2c4a5eaba7ebe76c85b8c3,102210fe594ee9b33d82058545b1ed14f4c8206e,linux1804-64-shippable-qr,microsoft,True,,,,,,,,,,,,,,,,,,,,,,,,,,,,,,,,,,,,,,,,,,,,,,,,,,TN,,,,,,,,,,
442674631.0,1822878907,2023-12-27 07:50:58,216.9,5b44495fa55ece2e8b241e83eff82623971f3822,1353599,autoland,ContentfulSpeedIndex,True,microsoft ContentfulSpeedIndex opt fission warm webrender,,77,ms,firefox,False,|f|i|s|s|i|o|n| |w|a|r|m| |w|e|b|r|e|n|d|e|r|,,3776889,13,9b3df14599f65e991e2c4a5eaba7ebe76c85b8c3,102210fe594ee9b33d82058545b1ed14f4c8206e,linux1804-64-shippable-qr,microsoft,True,,,,,,,,,,,,,,,,,,,,,,,,,,,,,,,,,,,,,,,,,,,,,,,,,,TN,,,,,,,,,,
442674632.0,1822878899,2023-12-27 07:50:58,209.4,5b44495fa55ece2e8b241e83eff82623971f3822,1353599,autoland,ContentfulSpeedIndex,True,microsoft ContentfulSpeedIndex opt fission warm webrender,,77,ms,firefox,False,|f|i|s|s|i|o|n| |w|a|r|m| |w|e|b|r|e|n|d|e|r|,,3776889,13,9b3df14599f65e991e2c4a5eaba7ebe76c85b8c3,102210fe594ee9b33d82058545b1ed14f4c8206e,linux1804-64-shippable-qr,microsoft,True,,,,,,,,,,,,,,,,,,,,,,,,,,,,,,,,,,,,,,,,,,,,,,,,,,TN,,,,,,,,,,
442692253.0,1822973544,2023-12-27 07:50:58,212.5,5b44495fa55ece2e8b241e83eff82623971f3822,1353599,autoland,ContentfulSpeedIndex,True,microsoft ContentfulSpeedIndex opt fission warm webrender,,77,ms,firefox,False,|f|i|s|s|i|o|n| |w|a|r|m| |w|e|b|r|e|n|d|e|r|,,3776889,13,9b3df14599f65e991e2c4a5eaba7ebe76c85b8c3,102210fe594ee9b33d82058545b1ed14f4c8206e,linux1804-64-shippable-qr,microsoft,True,,,,,,,,,,,,,,,,,,,,,,,,,,,,,,,,,,,,,,,,,,,,,,,,,,TN,,,,,,,,,,
442692254.0,1822973841,2023-12-27 07:50:58,213.0,5b44495fa55ece2e8b241e83eff82623971f3822,1353599,autoland,ContentfulSpeedIndex,True,microsoft ContentfulSpeedIndex opt fission warm webrender,,77,ms,firefox,False,|f|i|s|s|i|o|n| |w|a|r|m| |w|e|b|r|e|n|d|e|r|,,3776889,13,9b3df14599f65e991e2c4a5eaba7ebe76c85b8c3,102210fe594ee9b33d82058545b1ed14f4c8206e,linux1804-64-shippable-qr,microsoft,True,,,,,,,,,,,,,,,,,,,,,,,,,,,,,,,,,,,,,,,,,,,,,,,,,,TN,,,,,,,,,,
442692255.0,1822973213,2023-12-27 07:50:58,209.4,5b44495fa55ece2e8b241e83eff82623971f3822,1353599,autoland,ContentfulSpeedIndex,True,microsoft ContentfulSpeedIndex opt fission warm webrender,,77,ms,firefox,False,|f|i|s|s|i|o|n| |w|a|r|m| |w|e|b|r|e|n|d|e|r|,,3776889,13,9b3df14599f65e991e2c4a5eaba7ebe76c85b8c3,102210fe594ee9b33d82058545b1ed14f4c8206e,linux1804-64-shippable-qr,microsoft,True,,,,,,,,,,,,,,,,,,,,,,,,,,,,,,,,,,,,,,,,,,,,,,,,,,TN,,,,,,,,,,
442692256.0,1822973692,2023-12-27 07:50:58,220.0,5b44495fa55ece2e8b241e83eff82623971f3822,1353599,autoland,ContentfulSpeedIndex,True,microsoft ContentfulSpeedIndex opt fission warm webrender,,77,ms,firefox,False,|f|i|s|s|i|o|n| |w|a|r|m| |w|e|b|r|e|n|d|e|r|,,3776889,13,9b3df14599f65e991e2c4a5eaba7ebe76c85b8c3,102210fe594ee9b33d82058545b1ed14f4c8206e,linux1804-64-shippable-qr,microsoft,True,,,,,,,,,,,,,,,,,,,,,,,,,,,,,,,,,,,,,,,,,,,,,,,,,,TN,,,,,,,,,,
442692257.0,1822973778,2023-12-27 07:50:58,210.2,5b44495fa55ece2e8b241e83eff82623971f3822,1353599,autoland,ContentfulSpeedIndex,True,microsoft ContentfulSpeedIndex opt fission warm webrender,,77,ms,firefox,False,|f|i|s|s|i|o|n| |w|a|r|m| |w|e|b|r|e|n|d|e|r|,,3776889,13,9b3df14599f65e991e2c4a5eaba7ebe76c85b8c3,102210fe594ee9b33d82058545b1ed14f4c8206e,linux1804-64-shippable-qr,microsoft,True,,,,,,,,,,,,,,,,,,,,,,,,,,,,,,,,,,,,,,,,,,,,,,,,,,TN,,,,,,,,,,
441494209.0,1817777224,2023-12-27 14:58:54,205.6,856e86584c4c811f064f93e2b734dd374c787eaf,1353654,autoland,ContentfulSpeedIndex,True,microsoft ContentfulSpeedIndex opt fission warm webrender,,77,ms,firefox,False,|f|i|s|s|i|o|n| |w|a|r|m| |w|e|b|r|e|n|d|e|r|,,3776889,13,9b3df14599f65e991e2c4a5eaba7ebe76c85b8c3,102210fe594ee9b33d82058545b1ed14f4c8206e,linux1804-64-shippable-qr,microsoft,True,,,,,,,,,,,,,,,,,,,,,,,,,,,,,,,,,,,,,,,,,,,,,,,,,,TN,,,,,,,,,,
442568003.0,1822360500,2023-12-27 14:58:54,209.6,856e86584c4c811f064f93e2b734dd374c787eaf,1353654,autoland,ContentfulSpeedIndex,True,microsoft ContentfulSpeedIndex opt fission warm webrender,,77,ms,firefox,False,|f|i|s|s|i|o|n| |w|a|r|m| |w|e|b|r|e|n|d|e|r|,,3776889,13,9b3df14599f65e991e2c4a5eaba7ebe76c85b8c3,102210fe594ee9b33d82058545b1ed14f4c8206e,linux1804-64-shippable-qr,microsoft,True,,,,,,,,,,,,,,,,,,,,,,,,,,,,,,,,,,,,,,,,,,,,,,,,,,TN,,,,,,,,,,
442568022.0,1822360627,2023-12-27 14:58:54,209.3,856e86584c4c811f064f93e2b734dd374c787eaf,1353654,autoland,ContentfulSpeedIndex,True,microsoft ContentfulSpeedIndex opt fission warm webrender,,77,ms,firefox,False,|f|i|s|s|i|o|n| |w|a|r|m| |w|e|b|r|e|n|d|e|r|,,3776889,13,9b3df14599f65e991e2c4a5eaba7ebe76c85b8c3,102210fe594ee9b33d82058545b1ed14f4c8206e,linux1804-64-shippable-qr,microsoft,True,,,,,,,,,,,,,,,,,,,,,,,,,,,,,,,,,,,,,,,,,,,,,,,,,,TN,,,,,,,,,,
442568023.0,1822360477,2023-12-27 14:58:54,209.9,856e86584c4c811f064f93e2b734dd374c787eaf,1353654,autoland,ContentfulSpeedIndex,True,microsoft ContentfulSpeedIndex opt fission warm webrender,,77,ms,firefox,False,|f|i|s|s|i|o|n| |w|a|r|m| |w|e|b|r|e|n|d|e|r|,,3776889,13,9b3df14599f65e991e2c4a5eaba7ebe76c85b8c3,102210fe594ee9b33d82058545b1ed14f4c8206e,linux1804-64-shippable-qr,microsoft,True,,,,,,,,,,,,,,,,,,,,,,,,,,,,,,,,,,,,,,,,,,,,,,,,,,TN,,,,,,,,,,
442675989.0,1822889532,2023-12-27 14:58:54,212.3,856e86584c4c811f064f93e2b734dd374c787eaf,1353654,autoland,ContentfulSpeedIndex,True,microsoft ContentfulSpeedIndex opt fission warm webrender,,77,ms,firefox,False,|f|i|s|s|i|o|n| |w|a|r|m| |w|e|b|r|e|n|d|e|r|,,3776889,13,9b3df14599f65e991e2c4a5eaba7ebe76c85b8c3,102210fe594ee9b33d82058545b1ed14f4c8206e,linux1804-64-shippable-qr,microsoft,True,,,,,,,,,,,,,,,,,,,,,,,,,,,,,,,,,,,,,,,,,,,,,,,,,,TN,,,,,,,,,,
442675992.0,1822890446,2023-12-27 14:58:54,211.4,856e86584c4c811f064f93e2b734dd374c787eaf,1353654,autoland,ContentfulSpeedIndex,True,microsoft ContentfulSpeedIndex opt fission warm webrender,,77,ms,firefox,False,|f|i|s|s|i|o|n| |w|a|r|m| |w|e|b|r|e|n|d|e|r|,,3776889,13,9b3df14599f65e991e2c4a5eaba7ebe76c85b8c3,102210fe594ee9b33d82058545b1ed14f4c8206e,linux1804-64-shippable-qr,microsoft,True,,,,,,,,,,,,,,,,,,,,,,,,,,,,,,,,,,,,,,,,,,,,,,,,,,TN,,,,,,,,,,
442619900.0,1822557076,2023-12-27 16:13:40,209.3,97aee1542e79be31b9a6e3170129e2cfb3c253b6,1353669,autoland,ContentfulSpeedIndex,True,microsoft ContentfulSpeedIndex opt fission warm webrender,,77,ms,firefox,False,|f|i|s|s|i|o|n| |w|a|r|m| |w|e|b|r|e|n|d|e|r|,,3776889,13,9b3df14599f65e991e2c4a5eaba7ebe76c85b8c3,102210fe594ee9b33d82058545b1ed14f4c8206e,linux1804-64-shippable-qr,microsoft,True,,,,,,,,,,,,,,,,,,,,,,,,,,,,,,,,,,,,,,,,,,,,,,,,,,TN,,,,,,,,,,
442675984.0,1822887484,2023-12-27 16:13:40,208.4,97aee1542e79be31b9a6e3170129e2cfb3c253b6,1353669,autoland,ContentfulSpeedIndex,True,microsoft ContentfulSpeedIndex opt fission warm webrender,,77,ms,firefox,False,|f|i|s|s|i|o|n| |w|a|r|m| |w|e|b|r|e|n|d|e|r|,,3776889,13,9b3df14599f65e991e2c4a5eaba7ebe76c85b8c3,102210fe594ee9b33d82058545b1ed14f4c8206e,linux1804-64-shippable-qr,microsoft,True,,,,,,,,,,,,,,,,,,,,,,,,,,,,,,,,,,,,,,,,,,,,,,,,,,TN,,,,,,,,,,
442675985.0,1822887661,2023-12-27 16:13:40,212.6,97aee1542e79be31b9a6e3170129e2cfb3c253b6,1353669,autoland,ContentfulSpeedIndex,True,microsoft ContentfulSpeedIndex opt fission warm webrender,,77,ms,firefox,False,|f|i|s|s|i|o|n| |w|a|r|m| |w|e|b|r|e|n|d|e|r|,,3776889,13,9b3df14599f65e991e2c4a5eaba7ebe76c85b8c3,102210fe594ee9b33d82058545b1ed14f4c8206e,linux1804-64-shippable-qr,microsoft,True,,,,,,,,,,,,,,,,,,,,,,,,,,,,,,,,,,,,,,,,,,,,,,,,,,TN,,,,,,,,,,
442675987.0,1822889224,2023-12-27 16:13:40,214.0,97aee1542e79be31b9a6e3170129e2cfb3c253b6,1353669,autoland,ContentfulSpeedIndex,True,microsoft ContentfulSpeedIndex opt fission warm webrender,,77,ms,firefox,False,|f|i|s|s|i|o|n| |w|a|r|m| |w|e|b|r|e|n|d|e|r|,,3776889,13,9b3df14599f65e991e2c4a5eaba7ebe76c85b8c3,102210fe594ee9b33d82058545b1ed14f4c8206e,linux1804-64-shippable-qr,microsoft,True,,,,,,,,,,,,,,,,,,,,,,,,,,,,,,,,,,,,,,,,,,,,,,,,,,TN,,,,,,,,,,
442675988.0,1822889560,2023-12-27 16:13:40,215.7,97aee1542e79be31b9a6e3170129e2cfb3c253b6,1353669,autoland,ContentfulSpeedIndex,True,microsoft ContentfulSpeedIndex opt fission warm webrender,,77,ms,firefox,False,|f|i|s|s|i|o|n| |w|a|r|m| |w|e|b|r|e|n|d|e|r|,,3776889,13,9b3df14599f65e991e2c4a5eaba7ebe76c85b8c3,102210fe594ee9b33d82058545b1ed14f4c8206e,linux1804-64-shippable-qr,microsoft,True,,,,,,,,,,,,,,,,,,,,,,,,,,,,,,,,,,,,,,,,,,,,,,,,,,TN,,,,,,,,,,
442674955.0,1822879544,2023-12-27 16:19:25,205.2,c2ce917675ca9e4db5daca7b59d5a9b4d9554847,1353672,autoland,ContentfulSpeedIndex,True,microsoft ContentfulSpeedIndex opt fission warm webrender,,77,ms,firefox,False,|f|i|s|s|i|o|n| |w|a|r|m| |w|e|b|r|e|n|d|e|r|,,3776889,13,9b3df14599f65e991e2c4a5eaba7ebe76c85b8c3,102210fe594ee9b33d82058545b1ed14f4c8206e,linux1804-64-shippable-qr,microsoft,True,,,,,,,,,,,,,,,,,,,,,,,,,,,,,,,,,,,,,,,,,,,,,,,,,,TN,,,,,,,,,,
442674962.0,1822879652,2023-12-27 16:19:25,217.1,c2ce917675ca9e4db5daca7b59d5a9b4d9554847,1353672,autoland,ContentfulSpeedIndex,True,microsoft ContentfulSpeedIndex opt fission warm webrender,,77,ms,firefox,False,|f|i|s|s|i|o|n| |w|a|r|m| |w|e|b|r|e|n|d|e|r|,,3776889,13,9b3df14599f65e991e2c4a5eaba7ebe76c85b8c3,102210fe594ee9b33d82058545b1ed14f4c8206e,linux1804-64-shippable-qr,microsoft,True,,,,,,,,,,,,,,,,,,,,,,,,,,,,,,,,,,,,,,,,,,,,,,,,,,TN,,,,,,,,,,
442674965.0,1822879595,2023-12-27 16:19:25,218.7,c2ce917675ca9e4db5daca7b59d5a9b4d9554847,1353672,autoland,ContentfulSpeedIndex,True,microsoft ContentfulSpeedIndex opt fission warm webrender,,77,ms,firefox,False,|f|i|s|s|i|o|n| |w|a|r|m| |w|e|b|r|e|n|d|e|r|,,3776889,13,9b3df14599f65e991e2c4a5eaba7ebe76c85b8c3,102210fe594ee9b33d82058545b1ed14f4c8206e,linux1804-64-shippable-qr,microsoft,True,,,,,,,,,,,,,,,,,,,,,,,,,,,,,,,,,,,,,,,,,,,,,,,,,,TN,,,,,,,,,,
442674967.0,1822879696,2023-12-27 16:19:25,214.2,c2ce917675ca9e4db5daca7b59d5a9b4d9554847,1353672,autoland,ContentfulSpeedIndex,True,microsoft ContentfulSpeedIndex opt fission warm webrender,,77,ms,firefox,False,|f|i|s|s|i|o|n| |w|a|r|m| |w|e|b|r|e|n|d|e|r|,,3776889,13,9b3df14599f65e991e2c4a5eaba7ebe76c85b8c3,102210fe594ee9b33d82058545b1ed14f4c8206e,linux1804-64-shippable-qr,microsoft,True,,,,,,,,,,,,,,,,,,,,,,,,,,,,,,,,,,,,,,,,,,,,,,,,,,TN,,,,,,,,,,
442619910.0,1822557633,2023-12-27 17:36:49,231.9,2fda3e1f66906ee8b7c16a5d9c69e414377f21a9,1353690,autoland,ContentfulSpeedIndex,True,microsoft ContentfulSpeedIndex opt fission warm webrender,,77,ms,firefox,False,|f|i|s|s|i|o|n| |w|a|r|m| |w|e|b|r|e|n|d|e|r|,,3776889,13,9b3df14599f65e991e2c4a5eaba7ebe76c85b8c3,102210fe594ee9b33d82058545b1ed14f4c8206e,linux1804-64-shippable-qr,microsoft,True,,,,,,,,,,,,,,,,,,,,,,,,,,,,,,,,,,,,,,,,,,,,,,,,,,TN,,,,,,,,,,
442674996.0,1822880443,2023-12-27 17:36:49,211.2,2fda3e1f66906ee8b7c16a5d9c69e414377f21a9,1353690,autoland,ContentfulSpeedIndex,True,microsoft ContentfulSpeedIndex opt fission warm webrender,,77,ms,firefox,False,|f|i|s|s|i|o|n| |w|a|r|m| |w|e|b|r|e|n|d|e|r|,,3776889,13,9b3df14599f65e991e2c4a5eaba7ebe76c85b8c3,102210fe594ee9b33d82058545b1ed14f4c8206e,linux1804-64-shippable-qr,microsoft,True,,,,,,,,,,,,,,,,,,,,,,,,,,,,,,,,,,,,,,,,,,,,,,,,,,TN,,,,,,,,,,
442674998.0,1822881001,2023-12-27 17:36:49,208.1,2fda3e1f66906ee8b7c16a5d9c69e414377f21a9,1353690,autoland,ContentfulSpeedIndex,True,microsoft ContentfulSpeedIndex opt fission warm webrender,,77,ms,firefox,False,|f|i|s|s|i|o|n| |w|a|r|m| |w|e|b|r|e|n|d|e|r|,,3776889,13,9b3df14599f65e991e2c4a5eaba7ebe76c85b8c3,102210fe594ee9b33d82058545b1ed14f4c8206e,linux1804-64-shippable-qr,microsoft,True,,,,,,,,,,,,,,,,,,,,,,,,,,,,,,,,,,,,,,,,,,,,,,,,,,TN,,,,,,,,,,
442675000.0,1822881102,2023-12-27 17:36:49,230.3,2fda3e1f66906ee8b7c16a5d9c69e414377f21a9,1353690,autoland,ContentfulSpeedIndex,True,microsoft ContentfulSpeedIndex opt fission warm webrender,,77,ms,firefox,False,|f|i|s|s|i|o|n| |w|a|r|m| |w|e|b|r|e|n|d|e|r|,,3776889,13,9b3df14599f65e991e2c4a5eaba7ebe76c85b8c3,102210fe594ee9b33d82058545b1ed14f4c8206e,linux1804-64-shippable-qr,microsoft,True,,,,,,,,,,,,,,,,,,,,,,,,,,,,,,,,,,,,,,,,,,,,,,,,,,TN,,,,,,,,,,
442675003.0,1822881238,2023-12-27 17:36:49,215.3,2fda3e1f66906ee8b7c16a5d9c69e414377f21a9,1353690,autoland,ContentfulSpeedIndex,True,microsoft ContentfulSpeedIndex opt fission warm webrender,,77,ms,firefox,False,|f|i|s|s|i|o|n| |w|a|r|m| |w|e|b|r|e|n|d|e|r|,,3776889,13,9b3df14599f65e991e2c4a5eaba7ebe76c85b8c3,102210fe594ee9b33d82058545b1ed14f4c8206e,linux1804-64-shippable-qr,microsoft,True,,,,,,,,,,,,,,,,,,,,,,,,,,,,,,,,,,,,,,,,,,,,,,,,,,TN,,,,,,,,,,
442675005.0,1822881365,2023-12-27 17:36:49,209.7,2fda3e1f66906ee8b7c16a5d9c69e414377f21a9,1353690,autoland,ContentfulSpeedIndex,True,microsoft ContentfulSpeedIndex opt fission warm webrender,,77,ms,firefox,False,|f|i|s|s|i|o|n| |w|a|r|m| |w|e|b|r|e|n|d|e|r|,,3776889,13,9b3df14599f65e991e2c4a5eaba7ebe76c85b8c3,102210fe594ee9b33d82058545b1ed14f4c8206e,linux1804-64-shippable-qr,microsoft,True,,,,,,,,,,,,,,,,,,,,,,,,,,,,,,,,,,,,,,,,,,,,,,,,,,TN,,,,,,,,,,
442619911.0,1822557474,2023-12-27 17:54:07,206.3,b62a2554b8c42907b03846020a7737acf72f1fd4,1353692,autoland,ContentfulSpeedIndex,True,microsoft ContentfulSpeedIndex opt fission warm webrender,,77,ms,firefox,False,|f|i|s|s|i|o|n| |w|a|r|m| |w|e|b|r|e|n|d|e|r|,,3776889,13,9b3df14599f65e991e2c4a5eaba7ebe76c85b8c3,102210fe594ee9b33d82058545b1ed14f4c8206e,linux1804-64-shippable-qr,microsoft,True,,,,,,,,,,,,,,,,,,,,,,,,,,,,,,,,,,,,,,,,,,,,,,,,,,TN,,,,,,,,,,
442676312.0,1822895709,2023-12-27 17:54:07,212.5,b62a2554b8c42907b03846020a7737acf72f1fd4,1353692,autoland,ContentfulSpeedIndex,True,microsoft ContentfulSpeedIndex opt fission warm webrender,,77,ms,firefox,False,|f|i|s|s|i|o|n| |w|a|r|m| |w|e|b|r|e|n|d|e|r|,,3776889,13,9b3df14599f65e991e2c4a5eaba7ebe76c85b8c3,102210fe594ee9b33d82058545b1ed14f4c8206e,linux1804-64-shippable-qr,microsoft,True,,,,,,,,,,,,,,,,,,,,,,,,,,,,,,,,,,,,,,,,,,,,,,,,,,TN,,,,,,,,,,
442619912.0,1822557682,2023-12-27 18:02:08,210.7,ff44d8de3feb31c1f1e00db9bc26e48b902e3373,1353694,autoland,ContentfulSpeedIndex,True,microsoft ContentfulSpeedIndex opt fission warm webrender,,77,ms,firefox,False,|f|i|s|s|i|o|n| |w|a|r|m| |w|e|b|r|e|n|d|e|r|,,3776889,13,9b3df14599f65e991e2c4a5eaba7ebe76c85b8c3,102210fe594ee9b33d82058545b1ed14f4c8206e,linux1804-64-shippable-qr,microsoft,True,,,,,,,,,,,,,,,,,,,,,,,,,,,,,,,,,,,,,,,,,,,,,,,,,,TN,,,,,,,,,,
442676307.0,1822894058,2023-12-27 18:02:08,213.9,ff44d8de3feb31c1f1e00db9bc26e48b902e3373,1353694,autoland,ContentfulSpeedIndex,True,microsoft ContentfulSpeedIndex opt fission warm webrender,,77,ms,firefox,False,|f|i|s|s|i|o|n| |w|a|r|m| |w|e|b|r|e|n|d|e|r|,,3776889,13,9b3df14599f65e991e2c4a5eaba7ebe76c85b8c3,102210fe594ee9b33d82058545b1ed14f4c8206e,linux1804-64-shippable-qr,microsoft,True,,,,,,,,,,,,,,,,,,,,,,,,,,,,,,,,,,,,,,,,,,,,,,,,,,TN,,,,,,,,,,
442676309.0,1822895312,2023-12-27 18:02:08,208.0,ff44d8de3feb31c1f1e00db9bc26e48b902e3373,1353694,autoland,ContentfulSpeedIndex,True,microsoft ContentfulSpeedIndex opt fission warm webrender,,77,ms,firefox,False,|f|i|s|s|i|o|n| |w|a|r|m| |w|e|b|r|e|n|d|e|r|,,3776889,13,9b3df14599f65e991e2c4a5eaba7ebe76c85b8c3,102210fe594ee9b33d82058545b1ed14f4c8206e,linux1804-64-shippable-qr,microsoft,True,,,,,,,,,,,,,,,,,,,,,,,,,,,,,,,,,,,,,,,,,,,,,,,,,,TN,,,,,,,,,,
442676310.0,1822895449,2023-12-27 18:02:08,213.9,ff44d8de3feb31c1f1e00db9bc26e48b902e3373,1353694,autoland,ContentfulSpeedIndex,True,microsoft ContentfulSpeedIndex opt fission warm webrender,,77,ms,firefox,False,|f|i|s|s|i|o|n| |w|a|r|m| |w|e|b|r|e|n|d|e|r|,,3776889,13,9b3df14599f65e991e2c4a5eaba7ebe76c85b8c3,102210fe594ee9b33d82058545b1ed14f4c8206e,linux1804-64-shippable-qr,microsoft,True,,,,,,,,,,,,,,,,,,,,,,,,,,,,,,,,,,,,,,,,,,,,,,,,,,TN,,,,,,,,,,
442676311.0,1822895243,2023-12-27 18:02:08,212.4,ff44d8de3feb31c1f1e00db9bc26e48b902e3373,1353694,autoland,ContentfulSpeedIndex,True,microsoft ContentfulSpeedIndex opt fission warm webrender,,77,ms,firefox,False,|f|i|s|s|i|o|n| |w|a|r|m| |w|e|b|r|e|n|d|e|r|,,3776889,13,9b3df14599f65e991e2c4a5eaba7ebe76c85b8c3,102210fe594ee9b33d82058545b1ed14f4c8206e,linux1804-64-shippable-qr,microsoft,True,,,,,,,,,,,,,,,,,,,,,,,,,,,,,,,,,,,,,,,,,,,,,,,,,,TN,,,,,,,,,,
442579989.0,1822404526,2023-12-27 18:58:43,217.0,1de28867d67cec65beccbf9bb093dcbec17e73c0,1353710,autoland,ContentfulSpeedIndex,True,microsoft ContentfulSpeedIndex opt fission warm webrender,,77,ms,firefox,False,|f|i|s|s|i|o|n| |w|a|r|m| |w|e|b|r|e|n|d|e|r|,,3776889,13,9b3df14599f65e991e2c4a5eaba7ebe76c85b8c3,102210fe594ee9b33d82058545b1ed14f4c8206e,linux1804-64-shippable-qr,microsoft,True,,,,,,,,,,,,,,,,,,,,,,,,,,,,,,,,,,,,,,,,,,,,,,,,,,TN,,,,,,,,,,
442675457.0,1822881962,2023-12-27 18:58:43,212.6,1de28867d67cec65beccbf9bb093dcbec17e73c0,1353710,autoland,ContentfulSpeedIndex,True,microsoft ContentfulSpeedIndex opt fission warm webrender,,77,ms,firefox,False,|f|i|s|s|i|o|n| |w|a|r|m| |w|e|b|r|e|n|d|e|r|,,3776889,13,9b3df14599f65e991e2c4a5eaba7ebe76c85b8c3,102210fe594ee9b33d82058545b1ed14f4c8206e,linux1804-64-shippable-qr,microsoft,True,,,,,,,,,,,,,,,,,,,,,,,,,,,,,,,,,,,,,,,,,,,,,,,,,,TN,,,,,,,,,,
442675463.0,1822883504,2023-12-27 18:58:43,215.2,1de28867d67cec65beccbf9bb093dcbec17e73c0,1353710,autoland,ContentfulSpeedIndex,True,microsoft ContentfulSpeedIndex opt fission warm webrender,,77,ms,firefox,False,|f|i|s|s|i|o|n| |w|a|r|m| |w|e|b|r|e|n|d|e|r|,,3776889,13,9b3df14599f65e991e2c4a5eaba7ebe76c85b8c3,102210fe594ee9b33d82058545b1ed14f4c8206e,linux1804-64-shippable-qr,microsoft,True,,,,,,,,,,,,,,,,,,,,,,,,,,,,,,,,,,,,,,,,,,,,,,,,,,TN,,,,,,,,,,
442579988.0,1822403971,2023-12-27 19:01:21,214.9,20254e2607fa6efaa47beeb7d01469df9ccded22,1353711,autoland,ContentfulSpeedIndex,True,microsoft ContentfulSpeedIndex opt fission warm webrender,,77,ms,firefox,False,|f|i|s|s|i|o|n| |w|a|r|m| |w|e|b|r|e|n|d|e|r|,,3776889,13,9b3df14599f65e991e2c4a5eaba7ebe76c85b8c3,102210fe594ee9b33d82058545b1ed14f4c8206e,linux1804-64-shippable-qr,microsoft,True,,,,,,,,,,,,,,,,,,,,,,,,,,,,,,,,,,,,,,,,,,,,,,,,,,TN,,,,,,,,,,
441508912.0,1817827702,2023-12-27 20:22:55,209.7,97a27d8a860d5bd8ab2962d2f0e5e376287e527c,1353722,autoland,ContentfulSpeedIndex,True,microsoft ContentfulSpeedIndex opt fission warm webrender,,77,ms,firefox,False,|f|i|s|s|i|o|n| |w|a|r|m| |w|e|b|r|e|n|d|e|r|,,3776889,13,9b3df14599f65e991e2c4a5eaba7ebe76c85b8c3,102210fe594ee9b33d82058545b1ed14f4c8206e,linux1804-64-shippable-qr,microsoft,True,,,,,,,,,,,,,,,,,,,,,,,,,,,,,,,,,,,,,,,,,,,,,,,,,,TN,,,,,,,,,,
442580008.0,1822403996,2023-12-27 20:22:55,209.6,97a27d8a860d5bd8ab2962d2f0e5e376287e527c,1353722,autoland,ContentfulSpeedIndex,True,microsoft ContentfulSpeedIndex opt fission warm webrender,,77,ms,firefox,False,|f|i|s|s|i|o|n| |w|a|r|m| |w|e|b|r|e|n|d|e|r|,,3776889,13,9b3df14599f65e991e2c4a5eaba7ebe76c85b8c3,102210fe594ee9b33d82058545b1ed14f4c8206e,linux1804-64-shippable-qr,microsoft,True,,,,,,,,,,,,,,,,,,,,,,,,,,,,,,,,,,,,,,,,,,,,,,,,,,TN,,,,,,,,,,
442580000.0,1822404240,2023-12-27 20:26:04,206.2,0fccd9cf12db94324488a53f692879f9e4492373,1353723,autoland,ContentfulSpeedIndex,True,microsoft ContentfulSpeedIndex opt fission warm webrender,,77,ms,firefox,False,|f|i|s|s|i|o|n| |w|a|r|m| |w|e|b|r|e|n|d|e|r|,,3776889,13,9b3df14599f65e991e2c4a5eaba7ebe76c85b8c3,102210fe594ee9b33d82058545b1ed14f4c8206e,linux1804-64-shippable-qr,microsoft,True,,,,,,,,,,,,,,,,,,,,,,,,,,,,,,,,,,,,,,,,,,,,,,,,,,TN,,,,,,,,,,
442580001.0,1822404501,2023-12-27 20:27:22,217.2,823652543d10fc99599dd77fba2abfe2e097e25e,1353724,autoland,ContentfulSpeedIndex,True,microsoft ContentfulSpeedIndex opt fission warm webrender,,77,ms,firefox,False,|f|i|s|s|i|o|n| |w|a|r|m| |w|e|b|r|e|n|d|e|r|,,3776889,13,9b3df14599f65e991e2c4a5eaba7ebe76c85b8c3,102210fe594ee9b33d82058545b1ed14f4c8206e,linux1804-64-shippable-qr,microsoft,True,,,,,,,,,,,,,,,,,,,,,,,,,,,,,,,,,,,,,,,,,,,,,,,,,,TN,,,,,,,,,,
442580017.0,1822404563,2023-12-27 20:28:04,212.6,d5cdf122980928880e137d863fde5d576d5afca8,1353725,autoland,ContentfulSpeedIndex,True,microsoft ContentfulSpeedIndex opt fission warm webrender,,77,ms,firefox,False,|f|i|s|s|i|o|n| |w|a|r|m| |w|e|b|r|e|n|d|e|r|,,3776889,13,9b3df14599f65e991e2c4a5eaba7ebe76c85b8c3,102210fe594ee9b33d82058545b1ed14f4c8206e,linux1804-64-shippable-qr,microsoft,True,,,,,,,,,,,,,,,,,,,,,,,,,,,,,,,,,,,,,,,,,,,,,,,,,,TN,,,,,,,,,,
442580024.0,1822404595,2023-12-27 20:45:53,204.2,450a8c4d79134c84a0db0e8d2f1845d70474579e,1353730,autoland,ContentfulSpeedIndex,True,microsoft ContentfulSpeedIndex opt fission warm webrender,,77,ms,firefox,False,|f|i|s|s|i|o|n| |w|a|r|m| |w|e|b|r|e|n|d|e|r|,,3776889,13,9b3df14599f65e991e2c4a5eaba7ebe76c85b8c3,102210fe594ee9b33d82058545b1ed14f4c8206e,linux1804-64-shippable-qr,microsoft,True,,,,,,,,,,,,,,,,,,,,,,,,,,,,,,,,,,,,,,,,,,,,,,,,,,TN,,,,,,,,,,
442580009.0,1822403317,2023-12-27 21:40:40,209.6,33e8ab93d31d81da3bde327d128155549b4d0505,1353738,autoland,ContentfulSpeedIndex,True,microsoft ContentfulSpeedIndex opt fission warm webrender,,77,ms,firefox,False,|f|i|s|s|i|o|n| |w|a|r|m| |w|e|b|r|e|n|d|e|r|,,3776889,13,9b3df14599f65e991e2c4a5eaba7ebe76c85b8c3,102210fe594ee9b33d82058545b1ed14f4c8206e,linux1804-64-shippable-qr,microsoft,True,,,,,,,,,,,,,,,,,,,,,,,,,,,,,,,,,,,,,,,,,,,,,,,,,,TN,,,,,,,,,,
442580011.0,1822404622,2023-12-27 21:52:44,210.9,a405637ffcb3375fec17f2d6546b2d0dd95a6ad9,1353746,autoland,ContentfulSpeedIndex,True,microsoft ContentfulSpeedIndex opt fission warm webrender,,77,ms,firefox,False,|f|i|s|s|i|o|n| |w|a|r|m| |w|e|b|r|e|n|d|e|r|,,3776889,13,9b3df14599f65e991e2c4a5eaba7ebe76c85b8c3,102210fe594ee9b33d82058545b1ed14f4c8206e,linux1804-64-shippable-qr,microsoft,True,,,,,,,,,,,,,,,,,,,,,,,,,,,,,,,,,,,,,,,,,,,,,,,,,,TN,,,,,,,,,,
442580012.0,1822404653,2023-12-27 22:06:56,212.6,4eab1432b11cbd1c86f61c6e6c0677dd504ac992,1353755,autoland,ContentfulSpeedIndex,True,microsoft ContentfulSpeedIndex opt fission warm webrender,,77,ms,firefox,False,|f|i|s|s|i|o|n| |w|a|r|m| |w|e|b|r|e|n|d|e|r|,,3776889,13,9b3df14599f65e991e2c4a5eaba7ebe76c85b8c3,102210fe594ee9b33d82058545b1ed14f4c8206e,linux1804-64-shippable-qr,microsoft,True,,,,,,,,,,,,,,,,,,,,,,,,,,,,,,,,,,,,,,,,,,,,,,,,,,TN,,,,,,,,,,
441528013.0,1817906870,2023-12-28 01:36:38,209.5,00fe06571a66e6773ca7801e6747493299cf4bda,1353793,autoland,ContentfulSpeedIndex,True,microsoft ContentfulSpeedIndex opt fission warm webrender,,77,ms,firefox,False,|f|i|s|s|i|o|n| |w|a|r|m| |w|e|b|r|e|n|d|e|r|,,3776889,13,9b3df14599f65e991e2c4a5eaba7ebe76c85b8c3,102210fe594ee9b33d82058545b1ed14f4c8206e,linux1804-64-shippable-qr,microsoft,True,,,,,,,,,,,,,,,,,,,,,,,,,,,,,,,,,,,,,,,,,,,,,,,,,,TN,,,,,,,,,,
442579948.0,1822403548,2023-12-28 01:36:38,215.6,00fe06571a66e6773ca7801e6747493299cf4bda,1353793,autoland,ContentfulSpeedIndex,True,microsoft ContentfulSpeedIndex opt fission warm webrender,,77,ms,firefox,False,|f|i|s|s|i|o|n| |w|a|r|m| |w|e|b|r|e|n|d|e|r|,,3776889,13,9b3df14599f65e991e2c4a5eaba7ebe76c85b8c3,102210fe594ee9b33d82058545b1ed14f4c8206e,linux1804-64-shippable-qr,microsoft,True,,,,,,,,,,,,,,,,,,,,,,,,,,,,,,,,,,,,,,,,,,,,,,,,,,TN,,,,,,,,,,
442579949.0,1822403811,2023-12-28 01:36:38,212.4,00fe06571a66e6773ca7801e6747493299cf4bda,1353793,autoland,ContentfulSpeedIndex,True,microsoft ContentfulSpeedIndex opt fission warm webrender,,77,ms,firefox,False,|f|i|s|s|i|o|n| |w|a|r|m| |w|e|b|r|e|n|d|e|r|,,3776889,13,9b3df14599f65e991e2c4a5eaba7ebe76c85b8c3,102210fe594ee9b33d82058545b1ed14f4c8206e,linux1804-64-shippable-qr,microsoft,True,,,,,,,,,,,,,,,,,,,,,,,,,,,,,,,,,,,,,,,,,,,,,,,,,,TN,,,,,,,,,,
442579950.0,1822403948,2023-12-28 01:36:38,203.8,00fe06571a66e6773ca7801e6747493299cf4bda,1353793,autoland,ContentfulSpeedIndex,True,microsoft ContentfulSpeedIndex opt fission warm webrender,,77,ms,firefox,False,|f|i|s|s|i|o|n| |w|a|r|m| |w|e|b|r|e|n|d|e|r|,,3776889,13,9b3df14599f65e991e2c4a5eaba7ebe76c85b8c3,102210fe594ee9b33d82058545b1ed14f4c8206e,linux1804-64-shippable-qr,microsoft,True,,,,,,,,,,,,,,,,,,,,,,,,,,,,,,,,,,,,,,,,,,,,,,,,,,TN,,,,,,,,,,
442619895.0,1822556443,2023-12-28 04:47:04,217.2,38d7b5d6edc779003ef5503afb64075fa6c6f856,1353809,autoland,ContentfulSpeedIndex,True,microsoft ContentfulSpeedIndex opt fission warm webrender,,77,ms,firefox,False,|f|i|s|s|i|o|n| |w|a|r|m| |w|e|b|r|e|n|d|e|r|,,3776889,13,9b3df14599f65e991e2c4a5eaba7ebe76c85b8c3,102210fe594ee9b33d82058545b1ed14f4c8206e,linux1804-64-shippable-qr,microsoft,True,,,,,,,,,,,,,,,,,,,,,,,,,,,,,,,,,,,,,,,,,,,,,,,,,,TN,,,,,,,,,,
442619898.0,1822556472,2023-12-28 04:47:48,210.0,671efa7a42d50ce5f37e0d068a75898221ce0c75,1353810,autoland,ContentfulSpeedIndex,True,microsoft ContentfulSpeedIndex opt fission warm webrender,,77,ms,firefox,False,|f|i|s|s|i|o|n| |w|a|r|m| |w|e|b|r|e|n|d|e|r|,,3776889,13,9b3df14599f65e991e2c4a5eaba7ebe76c85b8c3,102210fe594ee9b33d82058545b1ed14f4c8206e,linux1804-64-shippable-qr,microsoft,True,,,,,,,,,,,,,,,,,,,,,,,,,,,,,,,,,,,,,,,,,,,,,,,,,,TN,,,,,,,,,,
443142623.0,1825113035,2023-12-28 04:47:48,204.9,671efa7a42d50ce5f37e0d068a75898221ce0c75,1353810,autoland,ContentfulSpeedIndex,True,microsoft ContentfulSpeedIndex opt fission warm webrender,,77,ms,firefox,False,|f|i|s|s|i|o|n| |w|a|r|m| |w|e|b|r|e|n|d|e|r|,,3776889,13,9b3df14599f65e991e2c4a5eaba7ebe76c85b8c3,102210fe594ee9b33d82058545b1ed14f4c8206e,linux1804-64-shippable-qr,microsoft,True,,,,,,,,,,,,,,,,,,,,,,,,,,,,,,,,,,,,,,,,,,,,,,,,,,TN,,,,,,,,,,
443142624.0,1825112998,2023-12-28 04:47:48,216.9,671efa7a42d50ce5f37e0d068a75898221ce0c75,1353810,autoland,ContentfulSpeedIndex,True,microsoft ContentfulSpeedIndex opt fission warm webrender,,77,ms,firefox,False,|f|i|s|s|i|o|n| |w|a|r|m| |w|e|b|r|e|n|d|e|r|,,3776889,13,9b3df14599f65e991e2c4a5eaba7ebe76c85b8c3,102210fe594ee9b33d82058545b1ed14f4c8206e,linux1804-64-shippable-qr,microsoft,True,,,,,,,,,,,,,,,,,,,,,,,,,,,,,,,,,,,,,,,,,,,,,,,,,,TN,,,,,,,,,,
443142625.0,1825113586,2023-12-28 04:47:48,208.2,671efa7a42d50ce5f37e0d068a75898221ce0c75,1353810,autoland,ContentfulSpeedIndex,True,microsoft ContentfulSpeedIndex opt fission warm webrender,,77,ms,firefox,False,|f|i|s|s|i|o|n| |w|a|r|m| |w|e|b|r|e|n|d|e|r|,,3776889,13,9b3df14599f65e991e2c4a5eaba7ebe76c85b8c3,102210fe594ee9b33d82058545b1ed14f4c8206e,linux1804-64-shippable-qr,microsoft,True,,,,,,,,,,,,,,,,,,,,,,,,,,,,,,,,,,,,,,,,,,,,,,,,,,TN,,,,,,,,,,
443142626.0,1825113697,2023-12-28 04:47:48,209.9,671efa7a42d50ce5f37e0d068a75898221ce0c75,1353810,autoland,ContentfulSpeedIndex,True,microsoft ContentfulSpeedIndex opt fission warm webrender,,77,ms,firefox,False,|f|i|s|s|i|o|n| |w|a|r|m| |w|e|b|r|e|n|d|e|r|,,3776889,13,9b3df14599f65e991e2c4a5eaba7ebe76c85b8c3,102210fe594ee9b33d82058545b1ed14f4c8206e,linux1804-64-shippable-qr,microsoft,True,,,,,,,,,,,,,,,,,,,,,,,,,,,,,,,,,,,,,,,,,,,,,,,,,,TN,,,,,,,,,,
443142627.0,1825113833,2023-12-28 04:47:48,212.5,671efa7a42d50ce5f37e0d068a75898221ce0c75,1353810,autoland,ContentfulSpeedIndex,True,microsoft ContentfulSpeedIndex opt fission warm webrender,,77,ms,firefox,False,|f|i|s|s|i|o|n| |w|a|r|m| |w|e|b|r|e|n|d|e|r|,,3776889,13,9b3df14599f65e991e2c4a5eaba7ebe76c85b8c3,102210fe594ee9b33d82058545b1ed14f4c8206e,linux1804-64-shippable-qr,microsoft,True,,,,,,,,,,,,,,,,,,,,,,,,,,,,,,,,,,,,,,,,,,,,,,,,,,TN,,,,,,,,,,
442619899.0,1822557041,2023-12-28 09:03:07,219.7,88fe2ee3cddd1c590ab36c7a239bce6ae0c2a87a,1353828,autoland,ContentfulSpeedIndex,True,microsoft ContentfulSpeedIndex opt fission warm webrender,,77,ms,firefox,False,|f|i|s|s|i|o|n| |w|a|r|m| |w|e|b|r|e|n|d|e|r|,,3776889,13,9b3df14599f65e991e2c4a5eaba7ebe76c85b8c3,102210fe594ee9b33d82058545b1ed14f4c8206e,linux1804-64-shippable-qr,microsoft,True,,,,,,,,,,,,,,,,,,,,,,,,,,,,,,,,,,,,,,,,,,,,,,,,,,TN,,,,,,,,,,
442642442.0,1822763540,2023-12-28 09:03:07,209.2,88fe2ee3cddd1c590ab36c7a239bce6ae0c2a87a,1353828,autoland,ContentfulSpeedIndex,True,microsoft ContentfulSpeedIndex opt fission warm webrender,,77,ms,firefox,False,|f|i|s|s|i|o|n| |w|a|r|m| |w|e|b|r|e|n|d|e|r|,,3776889,13,9b3df14599f65e991e2c4a5eaba7ebe76c85b8c3,102210fe594ee9b33d82058545b1ed14f4c8206e,linux1804-64-shippable-qr,microsoft,True,,,,,,,,,,,,,,,,,,,,,,,,,,,,,,,,,,,,,,,,,,,,,,,,,,TN,,,,,,,,,,
442642443.0,1822763047,2023-12-28 09:03:07,170.6,88fe2ee3cddd1c590ab36c7a239bce6ae0c2a87a,1353828,autoland,ContentfulSpeedIndex,True,microsoft ContentfulSpeedIndex opt fission warm webrender,,77,ms,firefox,False,|f|i|s|s|i|o|n| |w|a|r|m| |w|e|b|r|e|n|d|e|r|,,3776889,13,9b3df14599f65e991e2c4a5eaba7ebe76c85b8c3,102210fe594ee9b33d82058545b1ed14f4c8206e,linux1804-64-shippable-qr,microsoft,True,,,,,,,,,,,,,,,,,,,,,,,,,,,,,,,,,,,,,,,,,,,,,,,,,,TN,,,,,,,,,,
442642445.0,1822764250,2023-12-28 09:03:07,209.6,88fe2ee3cddd1c590ab36c7a239bce6ae0c2a87a,1353828,autoland,ContentfulSpeedIndex,True,microsoft ContentfulSpeedIndex opt fission warm webrender,,77,ms,firefox,False,|f|i|s|s|i|o|n| |w|a|r|m| |w|e|b|r|e|n|d|e|r|,,3776889,13,9b3df14599f65e991e2c4a5eaba7ebe76c85b8c3,102210fe594ee9b33d82058545b1ed14f4c8206e,linux1804-64-shippable-qr,microsoft,True,,,,,,,,,,,,,,,,,,,,,,,,,,,,,,,,,,,,,,,,,,,,,,,,,,TN,,,,,,,,,,
442642446.0,1822764158,2023-12-28 09:03:07,208.5,88fe2ee3cddd1c590ab36c7a239bce6ae0c2a87a,1353828,autoland,ContentfulSpeedIndex,True,microsoft ContentfulSpeedIndex opt fission warm webrender,,77,ms,firefox,False,|f|i|s|s|i|o|n| |w|a|r|m| |w|e|b|r|e|n|d|e|r|,,3776889,13,9b3df14599f65e991e2c4a5eaba7ebe76c85b8c3,102210fe594ee9b33d82058545b1ed14f4c8206e,linux1804-64-shippable-qr,microsoft,True,,,,,,,,,,,,,,,,,,,,,,,,,,,,,,,,,,,,,,,,,,,,,,,,,,TN,,,,,,,,,,
443142629.0,1825114608,2023-12-28 09:03:07,210.9,88fe2ee3cddd1c590ab36c7a239bce6ae0c2a87a,1353828,autoland,ContentfulSpeedIndex,True,microsoft ContentfulSpeedIndex opt fission warm webrender,,77,ms,firefox,False,|f|i|s|s|i|o|n| |w|a|r|m| |w|e|b|r|e|n|d|e|r|,,3776889,13,9b3df14599f65e991e2c4a5eaba7ebe76c85b8c3,102210fe594ee9b33d82058545b1ed14f4c8206e,linux1804-64-shippable-qr,microsoft,True,,,,,,,,,,,,,,,,,,,,,,,,,,,,,,,,,,,,,,,,,,,,,,,,,,TN,,,,,,,,,,
443142631.0,1825115218,2023-12-28 09:03:07,211.1,88fe2ee3cddd1c590ab36c7a239bce6ae0c2a87a,1353828,autoland,ContentfulSpeedIndex,True,microsoft ContentfulSpeedIndex opt fission warm webrender,,77,ms,firefox,False,|f|i|s|s|i|o|n| |w|a|r|m| |w|e|b|r|e|n|d|e|r|,,3776889,13,9b3df14599f65e991e2c4a5eaba7ebe76c85b8c3,102210fe594ee9b33d82058545b1ed14f4c8206e,linux1804-64-shippable-qr,microsoft,True,,,,,,,,,,,,,,,,,,,,,,,,,,,,,,,,,,,,,,,,,,,,,,,,,,TN,,,,,,,,,,
443142633.0,1825115871,2023-12-28 09:03:07,220.1,88fe2ee3cddd1c590ab36c7a239bce6ae0c2a87a,1353828,autoland,ContentfulSpeedIndex,True,microsoft ContentfulSpeedIndex opt fission warm webrender,,77,ms,firefox,False,|f|i|s|s|i|o|n| |w|a|r|m| |w|e|b|r|e|n|d|e|r|,,3776889,13,9b3df14599f65e991e2c4a5eaba7ebe76c85b8c3,102210fe594ee9b33d82058545b1ed14f4c8206e,linux1804-64-shippable-qr,microsoft,True,,,,,,,,,,,,,,,,,,,,,,,,,,,,,,,,,,,,,,,,,,,,,,,,,,TN,,,,,,,,,,
443142634.0,1825116471,2023-12-28 09:03:07,209.0,88fe2ee3cddd1c590ab36c7a239bce6ae0c2a87a,1353828,autoland,ContentfulSpeedIndex,True,microsoft ContentfulSpeedIndex opt fission warm webrender,,77,ms,firefox,False,|f|i|s|s|i|o|n| |w|a|r|m| |w|e|b|r|e|n|d|e|r|,,3776889,13,9b3df14599f65e991e2c4a5eaba7ebe76c85b8c3,102210fe594ee9b33d82058545b1ed14f4c8206e,linux1804-64-shippable-qr,microsoft,True,,,,,,,,,,,,,,,,,,,,,,,,,,,,,,,,,,,,,,,,,,,,,,,,,,TN,,,,,,,,,,
443142637.0,1825116555,2023-12-28 09:03:07,209.5,88fe2ee3cddd1c590ab36c7a239bce6ae0c2a87a,1353828,autoland,ContentfulSpeedIndex,True,microsoft ContentfulSpeedIndex opt fission warm webrender,,77,ms,firefox,False,|f|i|s|s|i|o|n| |w|a|r|m| |w|e|b|r|e|n|d|e|r|,,3776889,13,9b3df14599f65e991e2c4a5eaba7ebe76c85b8c3,102210fe594ee9b33d82058545b1ed14f4c8206e,linux1804-64-shippable-qr,microsoft,True,,,,,,,,,,,,,,,,,,,,,,,,,,,,,,,,,,,,,,,,,,,,,,,,,,TN,,,,,,,,,,
442619902.0,1822557234,2023-12-28 11:00:17,214.2,a0075cc444760ae5a2c371db81faf113b3ff067b,1353832,autoland,ContentfulSpeedIndex,True,microsoft ContentfulSpeedIndex opt fission warm webrender,,77,ms,firefox,False,|f|i|s|s|i|o|n| |w|a|r|m| |w|e|b|r|e|n|d|e|r|,,3776889,13,9b3df14599f65e991e2c4a5eaba7ebe76c85b8c3,102210fe594ee9b33d82058545b1ed14f4c8206e,linux1804-64-shippable-qr,microsoft,True,,,,,,,,,,,,,,,,,,,,,,,,,,,,,,,,,,,,,,,,,,,,,,,,,,TN,,,,,,,,,,
442642505.0,1822766169,2023-12-28 11:00:17,206.5,a0075cc444760ae5a2c371db81faf113b3ff067b,1353832,autoland,ContentfulSpeedIndex,True,microsoft ContentfulSpeedIndex opt fission warm webrender,,77,ms,firefox,False,|f|i|s|s|i|o|n| |w|a|r|m| |w|e|b|r|e|n|d|e|r|,,3776889,13,9b3df14599f65e991e2c4a5eaba7ebe76c85b8c3,102210fe594ee9b33d82058545b1ed14f4c8206e,linux1804-64-shippable-qr,microsoft,True,,,,,,,,,,,,,,,,,,,,,,,,,,,,,,,,,,,,,,,,,,,,,,,,,,TN,,,,,,,,,,
443142628.0,1825114100,2023-12-28 11:00:17,217.5,a0075cc444760ae5a2c371db81faf113b3ff067b,1353832,autoland,ContentfulSpeedIndex,True,microsoft ContentfulSpeedIndex opt fission warm webrender,,77,ms,firefox,False,|f|i|s|s|i|o|n| |w|a|r|m| |w|e|b|r|e|n|d|e|r|,,3776889,13,9b3df14599f65e991e2c4a5eaba7ebe76c85b8c3,102210fe594ee9b33d82058545b1ed14f4c8206e,linux1804-64-shippable-qr,microsoft,True,,,,,,,,,,,,,,,,,,,,,,,,,,,,,,,,,,,,,,,,,,,,,,,,,,TN,,,,,,,,,,
443142630.0,1825114658,2023-12-28 11:00:17,211.0,a0075cc444760ae5a2c371db81faf113b3ff067b,1353832,autoland,ContentfulSpeedIndex,True,microsoft ContentfulSpeedIndex opt fission warm webrender,,77,ms,firefox,False,|f|i|s|s|i|o|n| |w|a|r|m| |w|e|b|r|e|n|d|e|r|,,3776889,13,9b3df14599f65e991e2c4a5eaba7ebe76c85b8c3,102210fe594ee9b33d82058545b1ed14f4c8206e,linux1804-64-shippable-qr,microsoft,True,,,,,,,,,,,,,,,,,,,,,,,,,,,,,,,,,,,,,,,,,,,,,,,,,,TN,,,,,,,,,,
443142632.0,1825115258,2023-12-28 11:00:17,206.8,a0075cc444760ae5a2c371db81faf113b3ff067b,1353832,autoland,ContentfulSpeedIndex,True,microsoft ContentfulSpeedIndex opt fission warm webrender,,77,ms,firefox,False,|f|i|s|s|i|o|n| |w|a|r|m| |w|e|b|r|e|n|d|e|r|,,3776889,13,9b3df14599f65e991e2c4a5eaba7ebe76c85b8c3,102210fe594ee9b33d82058545b1ed14f4c8206e,linux1804-64-shippable-qr,microsoft,True,,,,,,,,,,,,,,,,,,,,,,,,,,,,,,,,,,,,,,,,,,,,,,,,,,TN,,,,,,,,,,
443142635.0,1825115937,2023-12-28 11:00:17,213.9,a0075cc444760ae5a2c371db81faf113b3ff067b,1353832,autoland,ContentfulSpeedIndex,True,microsoft ContentfulSpeedIndex opt fission warm webrender,,77,ms,firefox,False,|f|i|s|s|i|o|n| |w|a|r|m| |w|e|b|r|e|n|d|e|r|,,3776889,13,9b3df14599f65e991e2c4a5eaba7ebe76c85b8c3,102210fe594ee9b33d82058545b1ed14f4c8206e,linux1804-64-shippable-qr,microsoft,True,,,,,,,,,,,,,,,,,,,,,,,,,,,,,,,,,,,,,,,,,,,,,,,,,,TN,,,,,,,,,,
443142636.0,1825116392,2023-12-28 11:00:17,210.4,a0075cc444760ae5a2c371db81faf113b3ff067b,1353832,autoland,ContentfulSpeedIndex,True,microsoft ContentfulSpeedIndex opt fission warm webrender,,77,ms,firefox,False,|f|i|s|s|i|o|n| |w|a|r|m| |w|e|b|r|e|n|d|e|r|,,3776889,13,9b3df14599f65e991e2c4a5eaba7ebe76c85b8c3,102210fe594ee9b33d82058545b1ed14f4c8206e,linux1804-64-shippable-qr,microsoft,True,,,,,,,,,,,,,,,,,,,,,,,,,,,,,,,,,,,,,,,,,,,,,,,,,,TN,,,,,,,,,,
442619903.0,1822557371,2023-12-28 13:01:40,209.7,0dd3ba53ac91b0fb8ee9043debd7300b2ad578ab,1353833,autoland,ContentfulSpeedIndex,True,microsoft ContentfulSpeedIndex opt fission warm webrender,,77,ms,firefox,False,|f|i|s|s|i|o|n| |w|a|r|m| |w|e|b|r|e|n|d|e|r|,,3776889,13,9b3df14599f65e991e2c4a5eaba7ebe76c85b8c3,102210fe594ee9b33d82058545b1ed14f4c8206e,linux1804-64-shippable-qr,microsoft,True,,,,,,,,,,,,,,,,,,,,,,,,,,,,,,,,,,,,,,,,,,,,,,,,,,TN,,,,,,,,,,
442642509.0,1822766637,2023-12-28 13:01:40,206.5,0dd3ba53ac91b0fb8ee9043debd7300b2ad578ab,1353833,autoland,ContentfulSpeedIndex,True,microsoft ContentfulSpeedIndex opt fission warm webrender,,77,ms,firefox,False,|f|i|s|s|i|o|n| |w|a|r|m| |w|e|b|r|e|n|d|e|r|,,3776889,13,9b3df14599f65e991e2c4a5eaba7ebe76c85b8c3,102210fe594ee9b33d82058545b1ed14f4c8206e,linux1804-64-shippable-qr,microsoft,True,,,,,,,,,,,,,,,,,,,,,,,,,,,,,,,,,,,,,,,,,,,,,,,,,,TN,,,,,,,,,,
443142656.0,1825118055,2023-12-28 13:01:40,212.4,0dd3ba53ac91b0fb8ee9043debd7300b2ad578ab,1353833,autoland,ContentfulSpeedIndex,True,microsoft ContentfulSpeedIndex opt fission warm webrender,,77,ms,firefox,False,|f|i|s|s|i|o|n| |w|a|r|m| |w|e|b|r|e|n|d|e|r|,,3776889,13,9b3df14599f65e991e2c4a5eaba7ebe76c85b8c3,102210fe594ee9b33d82058545b1ed14f4c8206e,linux1804-64-shippable-qr,microsoft,True,,,,,,,,,,,,,,,,,,,,,,,,,,,,,,,,,,,,,,,,,,,,,,,,,,TN,,,,,,,,,,
443142659.0,1825119954,2023-12-28 13:01:40,218.5,0dd3ba53ac91b0fb8ee9043debd7300b2ad578ab,1353833,autoland,ContentfulSpeedIndex,True,microsoft ContentfulSpeedIndex opt fission warm webrender,,77,ms,firefox,False,|f|i|s|s|i|o|n| |w|a|r|m| |w|e|b|r|e|n|d|e|r|,,3776889,13,9b3df14599f65e991e2c4a5eaba7ebe76c85b8c3,102210fe594ee9b33d82058545b1ed14f4c8206e,linux1804-64-shippable-qr,microsoft,True,,,,,,,,,,,,,,,,,,,,,,,,,,,,,,,,,,,,,,,,,,,,,,,,,,TN,,,,,,,,,,
443142663.0,1825121616,2023-12-28 13:01:40,214.3,0dd3ba53ac91b0fb8ee9043debd7300b2ad578ab,1353833,autoland,ContentfulSpeedIndex,True,microsoft ContentfulSpeedIndex opt fission warm webrender,,77,ms,firefox,False,|f|i|s|s|i|o|n| |w|a|r|m| |w|e|b|r|e|n|d|e|r|,,3776889,13,9b3df14599f65e991e2c4a5eaba7ebe76c85b8c3,102210fe594ee9b33d82058545b1ed14f4c8206e,linux1804-64-shippable-qr,microsoft,True,,,,,,,,,,,,,,,,,,,,,,,,,,,,,,,,,,,,,,,,,,,,,,,,,,TN,,,,,,,,,,
443142665.0,1825120984,2023-12-28 13:01:40,209.7,0dd3ba53ac91b0fb8ee9043debd7300b2ad578ab,1353833,autoland,ContentfulSpeedIndex,True,microsoft ContentfulSpeedIndex opt fission warm webrender,,77,ms,firefox,False,|f|i|s|s|i|o|n| |w|a|r|m| |w|e|b|r|e|n|d|e|r|,,3776889,13,9b3df14599f65e991e2c4a5eaba7ebe76c85b8c3,102210fe594ee9b33d82058545b1ed14f4c8206e,linux1804-64-shippable-qr,microsoft,True,,,,,,,,,,,,,,,,,,,,,,,,,,,,,,,,,,,,,,,,,,,,,,,,,,TN,,,,,,,,,,
443142667.0,1825122015,2023-12-28 13:01:40,211.1,0dd3ba53ac91b0fb8ee9043debd7300b2ad578ab,1353833,autoland,ContentfulSpeedIndex,True,microsoft ContentfulSpeedIndex opt fission warm webrender,,77,ms,firefox,False,|f|i|s|s|i|o|n| |w|a|r|m| |w|e|b|r|e|n|d|e|r|,,3776889,13,9b3df14599f65e991e2c4a5eaba7ebe76c85b8c3,102210fe594ee9b33d82058545b1ed14f4c8206e,linux1804-64-shippable-qr,microsoft,True,,,,,,,,,,,,,,,,,,,,,,,,,,,,,,,,,,,,,,,,,,,,,,,,,,TN,,,,,,,,,,
441553520.0,1818018128,2023-12-28 13:32:35,215.4,10aa7423789835a7dbd24b0b44ad1ae2ad77b59b,1353834,autoland,ContentfulSpeedIndex,True,microsoft ContentfulSpeedIndex opt fission warm webrender,,77,ms,firefox,False,|f|i|s|s|i|o|n| |w|a|r|m| |w|e|b|r|e|n|d|e|r|,,3776889,13,9b3df14599f65e991e2c4a5eaba7ebe76c85b8c3,102210fe594ee9b33d82058545b1ed14f4c8206e,linux1804-64-shippable-qr,microsoft,True,,,,,,,,,,,,,,,,,,,,,,,,,,,,,,,,,,,,,,,,,,,,,,,,,,TN,,,,,,,,,,
442642506.0,1822766314,2023-12-28 13:32:35,214.6,10aa7423789835a7dbd24b0b44ad1ae2ad77b59b,1353834,autoland,ContentfulSpeedIndex,True,microsoft ContentfulSpeedIndex opt fission warm webrender,,77,ms,firefox,False,|f|i|s|s|i|o|n| |w|a|r|m| |w|e|b|r|e|n|d|e|r|,,3776889,13,9b3df14599f65e991e2c4a5eaba7ebe76c85b8c3,102210fe594ee9b33d82058545b1ed14f4c8206e,linux1804-64-shippable-qr,microsoft,True,,,,,,,,,,,,,,,,,,,,,,,,,,,,,,,,,,,,,,,,,,,,,,,,,,TN,,,,,,,,,,
443142670.0,1825122780,2023-12-28 13:32:35,208.4,10aa7423789835a7dbd24b0b44ad1ae2ad77b59b,1353834,autoland,ContentfulSpeedIndex,True,microsoft ContentfulSpeedIndex opt fission warm webrender,,77,ms,firefox,False,|f|i|s|s|i|o|n| |w|a|r|m| |w|e|b|r|e|n|d|e|r|,,3776889,13,9b3df14599f65e991e2c4a5eaba7ebe76c85b8c3,102210fe594ee9b33d82058545b1ed14f4c8206e,linux1804-64-shippable-qr,microsoft,True,,,,,,,,,,,,,,,,,,,,,,,,,,,,,,,,,,,,,,,,,,,,,,,,,,TN,,,,,,,,,,
443142671.0,1825122804,2023-12-28 13:32:35,216.8,10aa7423789835a7dbd24b0b44ad1ae2ad77b59b,1353834,autoland,ContentfulSpeedIndex,True,microsoft ContentfulSpeedIndex opt fission warm webrender,,77,ms,firefox,False,|f|i|s|s|i|o|n| |w|a|r|m| |w|e|b|r|e|n|d|e|r|,,3776889,13,9b3df14599f65e991e2c4a5eaba7ebe76c85b8c3,102210fe594ee9b33d82058545b1ed14f4c8206e,linux1804-64-shippable-qr,microsoft,True,,,,,,,,,,,,,,,,,,,,,,,,,,,,,,,,,,,,,,,,,,,,,,,,,,TN,,,,,,,,,,
443142672.0,1825123009,2023-12-28 13:32:35,210.0,10aa7423789835a7dbd24b0b44ad1ae2ad77b59b,1353834,autoland,ContentfulSpeedIndex,True,microsoft ContentfulSpeedIndex opt fission warm webrender,,77,ms,firefox,False,|f|i|s|s|i|o|n| |w|a|r|m| |w|e|b|r|e|n|d|e|r|,,3776889,13,9b3df14599f65e991e2c4a5eaba7ebe76c85b8c3,102210fe594ee9b33d82058545b1ed14f4c8206e,linux1804-64-shippable-qr,microsoft,True,,,,,,,,,,,,,,,,,,,,,,,,,,,,,,,,,,,,,,,,,,,,,,,,,,TN,,,,,,,,,,
443142673.0,1825123648,2023-12-28 13:32:35,214.0,10aa7423789835a7dbd24b0b44ad1ae2ad77b59b,1353834,autoland,ContentfulSpeedIndex,True,microsoft ContentfulSpeedIndex opt fission warm webrender,,77,ms,firefox,False,|f|i|s|s|i|o|n| |w|a|r|m| |w|e|b|r|e|n|d|e|r|,,3776889,13,9b3df14599f65e991e2c4a5eaba7ebe76c85b8c3,102210fe594ee9b33d82058545b1ed14f4c8206e,linux1804-64-shippable-qr,microsoft,True,,,,,,,,,,,,,,,,,,,,,,,,,,,,,,,,,,,,,,,,,,,,,,,,,,TN,,,,,,,,,,
443142674.0,1825123720,2023-12-28 13:32:35,211.0,10aa7423789835a7dbd24b0b44ad1ae2ad77b59b,1353834,autoland,ContentfulSpeedIndex,True,microsoft ContentfulSpeedIndex opt fission warm webrender,,77,ms,firefox,False,|f|i|s|s|i|o|n| |w|a|r|m| |w|e|b|r|e|n|d|e|r|,,3776889,13,9b3df14599f65e991e2c4a5eaba7ebe76c85b8c3,102210fe594ee9b33d82058545b1ed14f4c8206e,linux1804-64-shippable-qr,microsoft,True,,,,,,,,,,,,,,,,,,,,,,,,,,,,,,,,,,,,,,,,,,,,,,,,,,TN,,,,,,,,,,
443582596.0,1827127976,2023-12-28 13:32:35,212.8,10aa7423789835a7dbd24b0b44ad1ae2ad77b59b,1353834,autoland,ContentfulSpeedIndex,True,microsoft ContentfulSpeedIndex opt fission warm webrender,,77,ms,firefox,False,|f|i|s|s|i|o|n| |w|a|r|m| |w|e|b|r|e|n|d|e|r|,,3776889,13,9b3df14599f65e991e2c4a5eaba7ebe76c85b8c3,102210fe594ee9b33d82058545b1ed14f4c8206e,linux1804-64-shippable-qr,microsoft,True,,,,,,,,,,,,,,,,,,,,,,,,,,,,,,,,,,,,,,,,,,,,,,,,,,TN,,,,,,,,,,
443582598.0,1827127933,2023-12-28 13:32:35,214.0,10aa7423789835a7dbd24b0b44ad1ae2ad77b59b,1353834,autoland,ContentfulSpeedIndex,True,microsoft ContentfulSpeedIndex opt fission warm webrender,,77,ms,firefox,False,|f|i|s|s|i|o|n| |w|a|r|m| |w|e|b|r|e|n|d|e|r|,,3776889,13,9b3df14599f65e991e2c4a5eaba7ebe76c85b8c3,102210fe594ee9b33d82058545b1ed14f4c8206e,linux1804-64-shippable-qr,microsoft,True,,,,,,,,,,,,,,,,,,,,,,,,,,,,,,,,,,,,,,,,,,,,,,,,,,TN,,,,,,,,,,
443582602.0,1827127950,2023-12-28 13:32:35,213.9,10aa7423789835a7dbd24b0b44ad1ae2ad77b59b,1353834,autoland,ContentfulSpeedIndex,True,microsoft ContentfulSpeedIndex opt fission warm webrender,,77,ms,firefox,False,|f|i|s|s|i|o|n| |w|a|r|m| |w|e|b|r|e|n|d|e|r|,,3776889,13,9b3df14599f65e991e2c4a5eaba7ebe76c85b8c3,102210fe594ee9b33d82058545b1ed14f4c8206e,linux1804-64-shippable-qr,microsoft,True,,,,,,,,,,,,,,,,,,,,,,,,,,,,,,,,,,,,,,,,,,,,,,,,,,TN,,,,,,,,,,
443582606.0,1827128164,2023-12-28 13:32:35,210.0,10aa7423789835a7dbd24b0b44ad1ae2ad77b59b,1353834,autoland,ContentfulSpeedIndex,True,microsoft ContentfulSpeedIndex opt fission warm webrender,,77,ms,firefox,False,|f|i|s|s|i|o|n| |w|a|r|m| |w|e|b|r|e|n|d|e|r|,,3776889,13,9b3df14599f65e991e2c4a5eaba7ebe76c85b8c3,102210fe594ee9b33d82058545b1ed14f4c8206e,linux1804-64-shippable-qr,microsoft,True,,,,,,,,,,,,,,,,,,,,,,,,,,,,,,,,,,,,,,,,,,,,,,,,,,TN,,,,,,,,,,
443582609.0,1827129204,2023-12-28 13:32:35,211.2,10aa7423789835a7dbd24b0b44ad1ae2ad77b59b,1353834,autoland,ContentfulSpeedIndex,True,microsoft ContentfulSpeedIndex opt fission warm webrender,,77,ms,firefox,False,|f|i|s|s|i|o|n| |w|a|r|m| |w|e|b|r|e|n|d|e|r|,,3776889,13,9b3df14599f65e991e2c4a5eaba7ebe76c85b8c3,102210fe594ee9b33d82058545b1ed14f4c8206e,linux1804-64-shippable-qr,microsoft,True,,,,,,,,,,,,,,,,,,,,,,,,,,,,,,,,,,,,,,,,,,,,,,,,,,TN,,,,,,,,,,
442642512.0,1822766991,2023-12-28 14:39:55,213.1,962e4c86d436b722e4c987bb9c10e1f2e8e5c0ae,1353837,autoland,ContentfulSpeedIndex,True,microsoft ContentfulSpeedIndex opt fission warm webrender,,77,ms,firefox,False,|f|i|s|s|i|o|n| |w|a|r|m| |w|e|b|r|e|n|d|e|r|,,3776889,13,9b3df14599f65e991e2c4a5eaba7ebe76c85b8c3,102210fe594ee9b33d82058545b1ed14f4c8206e,linux1804-64-shippable-qr,microsoft,True,,,,,,,,,,,,,,,,,,,,,,,,,,,,,,,,,,,,,,,,,,,,,,,,,,TN,,,,,,,,,,
442642513.0,1822767005,2023-12-28 14:39:55,212.1,962e4c86d436b722e4c987bb9c10e1f2e8e5c0ae,1353837,autoland,ContentfulSpeedIndex,True,microsoft ContentfulSpeedIndex opt fission warm webrender,,77,ms,firefox,False,|f|i|s|s|i|o|n| |w|a|r|m| |w|e|b|r|e|n|d|e|r|,,3776889,13,9b3df14599f65e991e2c4a5eaba7ebe76c85b8c3,102210fe594ee9b33d82058545b1ed14f4c8206e,linux1804-64-shippable-qr,microsoft,True,,,,,,,,,,,,,,,,,,,,,,,,,,,,,,,,,,,,,,,,,,,,,,,,,,TN,,,,,,,,,,
443142654.0,1825117766,2023-12-28 14:39:55,211.0,962e4c86d436b722e4c987bb9c10e1f2e8e5c0ae,1353837,autoland,ContentfulSpeedIndex,True,microsoft ContentfulSpeedIndex opt fission warm webrender,,77,ms,firefox,False,|f|i|s|s|i|o|n| |w|a|r|m| |w|e|b|r|e|n|d|e|r|,,3776889,13,9b3df14599f65e991e2c4a5eaba7ebe76c85b8c3,102210fe594ee9b33d82058545b1ed14f4c8206e,linux1804-64-shippable-qr,microsoft,True,,,,,,,,,,,,,,,,,,,,,,,,,,,,,,,,,,,,,,,,,,,,,,,,,,TN,,,,,,,,,,
443142657.0,1825118570,2023-12-28 14:39:55,211.1,962e4c86d436b722e4c987bb9c10e1f2e8e5c0ae,1353837,autoland,ContentfulSpeedIndex,True,microsoft ContentfulSpeedIndex opt fission warm webrender,,77,ms,firefox,False,|f|i|s|s|i|o|n| |w|a|r|m| |w|e|b|r|e|n|d|e|r|,,3776889,13,9b3df14599f65e991e2c4a5eaba7ebe76c85b8c3,102210fe594ee9b33d82058545b1ed14f4c8206e,linux1804-64-shippable-qr,microsoft,True,,,,,,,,,,,,,,,,,,,,,,,,,,,,,,,,,,,,,,,,,,,,,,,,,,TN,,,,,,,,,,
443142660.0,1825120502,2023-12-28 14:39:55,228.5,962e4c86d436b722e4c987bb9c10e1f2e8e5c0ae,1353837,autoland,ContentfulSpeedIndex,True,microsoft ContentfulSpeedIndex opt fission warm webrender,,77,ms,firefox,False,|f|i|s|s|i|o|n| |w|a|r|m| |w|e|b|r|e|n|d|e|r|,,3776889,13,9b3df14599f65e991e2c4a5eaba7ebe76c85b8c3,102210fe594ee9b33d82058545b1ed14f4c8206e,linux1804-64-shippable-qr,microsoft,True,,,,,,,,,,,,,,,,,,,,,,,,,,,,,,,,,,,,,,,,,,,,,,,,,,TN,,,,,,,,,,
443142661.0,1825121032,2023-12-28 14:39:55,210.0,962e4c86d436b722e4c987bb9c10e1f2e8e5c0ae,1353837,autoland,ContentfulSpeedIndex,True,microsoft ContentfulSpeedIndex opt fission warm webrender,,77,ms,firefox,False,|f|i|s|s|i|o|n| |w|a|r|m| |w|e|b|r|e|n|d|e|r|,,3776889,13,9b3df14599f65e991e2c4a5eaba7ebe76c85b8c3,102210fe594ee9b33d82058545b1ed14f4c8206e,linux1804-64-shippable-qr,microsoft,True,,,,,,,,,,,,,,,,,,,,,,,,,,,,,,,,,,,,,,,,,,,,,,,,,,TN,,,,,,,,,,
443142668.0,1825121849,2023-12-28 14:39:55,215.4,962e4c86d436b722e4c987bb9c10e1f2e8e5c0ae,1353837,autoland,ContentfulSpeedIndex,True,microsoft ContentfulSpeedIndex opt fission warm webrender,,77,ms,firefox,False,|f|i|s|s|i|o|n| |w|a|r|m| |w|e|b|r|e|n|d|e|r|,,3776889,13,9b3df14599f65e991e2c4a5eaba7ebe76c85b8c3,102210fe594ee9b33d82058545b1ed14f4c8206e,linux1804-64-shippable-qr,microsoft,True,,,,,,,,,,,,,,,,,,,,,,,,,,,,,,,,,,,,,,,,,,,,,,,,,,TN,,,,,,,,,,
443582623.0,1827130343,2023-12-28 14:39:55,212.0,962e4c86d436b722e4c987bb9c10e1f2e8e5c0ae,1353837,autoland,ContentfulSpeedIndex,True,microsoft ContentfulSpeedIndex opt fission warm webrender,,77,ms,firefox,False,|f|i|s|s|i|o|n| |w|a|r|m| |w|e|b|r|e|n|d|e|r|,,3776889,13,9b3df14599f65e991e2c4a5eaba7ebe76c85b8c3,102210fe594ee9b33d82058545b1ed14f4c8206e,linux1804-64-shippable-qr,microsoft,True,,,,,,,,,,,,,,,,,,,,,,,,,,,,,,,,,,,,,,,,,,,,,,,,,,TN,,,,,,,,,,
443582627.0,1827130806,2023-12-28 14:39:55,209.9,962e4c86d436b722e4c987bb9c10e1f2e8e5c0ae,1353837,autoland,ContentfulSpeedIndex,True,microsoft ContentfulSpeedIndex opt fission warm webrender,,77,ms,firefox,False,|f|i|s|s|i|o|n| |w|a|r|m| |w|e|b|r|e|n|d|e|r|,,3776889,13,9b3df14599f65e991e2c4a5eaba7ebe76c85b8c3,102210fe594ee9b33d82058545b1ed14f4c8206e,linux1804-64-shippable-qr,microsoft,True,,,,,,,,,,,,,,,,,,,,,,,,,,,,,,,,,,,,,,,,,,,,,,,,,,TN,,,,,,,,,,
443582630.0,1827131873,2023-12-28 14:39:55,219.9,962e4c86d436b722e4c987bb9c10e1f2e8e5c0ae,1353837,autoland,ContentfulSpeedIndex,True,microsoft ContentfulSpeedIndex opt fission warm webrender,,77,ms,firefox,False,|f|i|s|s|i|o|n| |w|a|r|m| |w|e|b|r|e|n|d|e|r|,,3776889,13,9b3df14599f65e991e2c4a5eaba7ebe76c85b8c3,102210fe594ee9b33d82058545b1ed14f4c8206e,linux1804-64-shippable-qr,microsoft,True,,,,,,,,,,,,,,,,,,,,,,,,,,,,,,,,,,,,,,,,,,,,,,,,,,TN,,,,,,,,,,
443582633.0,1827132497,2023-12-28 14:39:55,216.8,962e4c86d436b722e4c987bb9c10e1f2e8e5c0ae,1353837,autoland,ContentfulSpeedIndex,True,microsoft ContentfulSpeedIndex opt fission warm webrender,,77,ms,firefox,False,|f|i|s|s|i|o|n| |w|a|r|m| |w|e|b|r|e|n|d|e|r|,,3776889,13,9b3df14599f65e991e2c4a5eaba7ebe76c85b8c3,102210fe594ee9b33d82058545b1ed14f4c8206e,linux1804-64-shippable-qr,microsoft,True,,,,,,,,,,,,,,,,,,,,,,,,,,,,,,,,,,,,,,,,,,,,,,,,,,TN,,,,,,,,,,
443582635.0,1827132550,2023-12-28 14:39:55,212.1,962e4c86d436b722e4c987bb9c10e1f2e8e5c0ae,1353837,autoland,ContentfulSpeedIndex,True,microsoft ContentfulSpeedIndex opt fission warm webrender,,77,ms,firefox,False,|f|i|s|s|i|o|n| |w|a|r|m| |w|e|b|r|e|n|d|e|r|,,3776889,13,9b3df14599f65e991e2c4a5eaba7ebe76c85b8c3,102210fe594ee9b33d82058545b1ed14f4c8206e,linux1804-64-shippable-qr,microsoft,True,,,,,,,,,,,,,,,,,,,,,,,,,,,,,,,,,,,,,,,,,,,,,,,,,,TN,,,,,,,,,,
442619919.0,1822557729,2023-12-28 16:06:15,209.7,83353941eb9c338663b66d5b7092bd64f306f777,1353842,autoland,ContentfulSpeedIndex,True,microsoft ContentfulSpeedIndex opt fission warm webrender,,77,ms,firefox,False,|f|i|s|s|i|o|n| |w|a|r|m| |w|e|b|r|e|n|d|e|r|,,3776889,13,9b3df14599f65e991e2c4a5eaba7ebe76c85b8c3,102210fe594ee9b33d82058545b1ed14f4c8206e,linux1804-64-shippable-qr,microsoft,True,,,,,,,,,,,,,,,,,,,,,,,,,,,,,,,,,,,,,,,,,,,,,,,,,,TN,,,,,,,,,,
443142655.0,1825117943,2023-12-28 16:06:15,208.1,83353941eb9c338663b66d5b7092bd64f306f777,1353842,autoland,ContentfulSpeedIndex,True,microsoft ContentfulSpeedIndex opt fission warm webrender,,77,ms,firefox,False,|f|i|s|s|i|o|n| |w|a|r|m| |w|e|b|r|e|n|d|e|r|,,3776889,13,9b3df14599f65e991e2c4a5eaba7ebe76c85b8c3,102210fe594ee9b33d82058545b1ed14f4c8206e,linux1804-64-shippable-qr,microsoft,True,,,,,,,,,,,,,,,,,,,,,,,,,,,,,,,,,,,,,,,,,,,,,,,,,,TN,,,,,,,,,,
443142658.0,1825118733,2023-12-28 16:06:15,211.0,83353941eb9c338663b66d5b7092bd64f306f777,1353842,autoland,ContentfulSpeedIndex,True,microsoft ContentfulSpeedIndex opt fission warm webrender,,77,ms,firefox,False,|f|i|s|s|i|o|n| |w|a|r|m| |w|e|b|r|e|n|d|e|r|,,3776889,13,9b3df14599f65e991e2c4a5eaba7ebe76c85b8c3,102210fe594ee9b33d82058545b1ed14f4c8206e,linux1804-64-shippable-qr,microsoft,True,,,,,,,,,,,,,,,,,,,,,,,,,,,,,,,,,,,,,,,,,,,,,,,,,,TN,,,,,,,,,,
443142662.0,1825120813,2023-12-28 16:06:15,215.5,83353941eb9c338663b66d5b7092bd64f306f777,1353842,autoland,ContentfulSpeedIndex,True,microsoft ContentfulSpeedIndex opt fission warm webrender,,77,ms,firefox,False,|f|i|s|s|i|o|n| |w|a|r|m| |w|e|b|r|e|n|d|e|r|,,3776889,13,9b3df14599f65e991e2c4a5eaba7ebe76c85b8c3,102210fe594ee9b33d82058545b1ed14f4c8206e,linux1804-64-shippable-qr,microsoft,True,,,,,,,,,,,,,,,,,,,,,,,,,,,,,,,,,,,,,,,,,,,,,,,,,,TN,,,,,,,,,,
443142664.0,1825121508,2023-12-28 16:06:15,212.4,83353941eb9c338663b66d5b7092bd64f306f777,1353842,autoland,ContentfulSpeedIndex,True,microsoft ContentfulSpeedIndex opt fission warm webrender,,77,ms,firefox,False,|f|i|s|s|i|o|n| |w|a|r|m| |w|e|b|r|e|n|d|e|r|,,3776889,13,9b3df14599f65e991e2c4a5eaba7ebe76c85b8c3,102210fe594ee9b33d82058545b1ed14f4c8206e,linux1804-64-shippable-qr,microsoft,True,,,,,,,,,,,,,,,,,,,,,,,,,,,,,,,,,,,,,,,,,,,,,,,,,,TN,,,,,,,,,,
443142666.0,1825121555,2023-12-28 16:06:15,215.2,83353941eb9c338663b66d5b7092bd64f306f777,1353842,autoland,ContentfulSpeedIndex,True,microsoft ContentfulSpeedIndex opt fission warm webrender,,77,ms,firefox,False,|f|i|s|s|i|o|n| |w|a|r|m| |w|e|b|r|e|n|d|e|r|,,3776889,13,9b3df14599f65e991e2c4a5eaba7ebe76c85b8c3,102210fe594ee9b33d82058545b1ed14f4c8206e,linux1804-64-shippable-qr,microsoft,True,,,,,,,,,,,,,,,,,,,,,,,,,,,,,,,,,,,,,,,,,,,,,,,,,,TN,,,,,,,,,,
443582597.0,1827127845,2023-12-28 16:06:15,208.3,83353941eb9c338663b66d5b7092bd64f306f777,1353842,autoland,ContentfulSpeedIndex,True,microsoft ContentfulSpeedIndex opt fission warm webrender,,77,ms,firefox,False,|f|i|s|s|i|o|n| |w|a|r|m| |w|e|b|r|e|n|d|e|r|,,3776889,13,9b3df14599f65e991e2c4a5eaba7ebe76c85b8c3,102210fe594ee9b33d82058545b1ed14f4c8206e,linux1804-64-shippable-qr,microsoft,True,,,,,,,,,,,,,,,,,,,,,,,,,,,,,,,,,,,,,,,,,,,,,,,,,,TN,,,,,,,,,,
443582600.0,1827127999,2023-12-28 16:06:15,209.8,83353941eb9c338663b66d5b7092bd64f306f777,1353842,autoland,ContentfulSpeedIndex,True,microsoft ContentfulSpeedIndex opt fission warm webrender,,77,ms,firefox,False,|f|i|s|s|i|o|n| |w|a|r|m| |w|e|b|r|e|n|d|e|r|,,3776889,13,9b3df14599f65e991e2c4a5eaba7ebe76c85b8c3,102210fe594ee9b33d82058545b1ed14f4c8206e,linux1804-64-shippable-qr,microsoft,True,,,,,,,,,,,,,,,,,,,,,,,,,,,,,,,,,,,,,,,,,,,,,,,,,,TN,,,,,,,,,,
443582605.0,1827128278,2023-12-28 16:06:15,209.5,83353941eb9c338663b66d5b7092bd64f306f777,1353842,autoland,ContentfulSpeedIndex,True,microsoft ContentfulSpeedIndex opt fission warm webrender,,77,ms,firefox,False,|f|i|s|s|i|o|n| |w|a|r|m| |w|e|b|r|e|n|d|e|r|,,3776889,13,9b3df14599f65e991e2c4a5eaba7ebe76c85b8c3,102210fe594ee9b33d82058545b1ed14f4c8206e,linux1804-64-shippable-qr,microsoft,True,,,,,,,,,,,,,,,,,,,,,,,,,,,,,,,,,,,,,,,,,,,,,,,,,,TN,,,,,,,,,,
443582608.0,1827129161,2023-12-28 16:06:15,211.1,83353941eb9c338663b66d5b7092bd64f306f777,1353842,autoland,ContentfulSpeedIndex,True,microsoft ContentfulSpeedIndex opt fission warm webrender,,77,ms,firefox,False,|f|i|s|s|i|o|n| |w|a|r|m| |w|e|b|r|e|n|d|e|r|,,3776889,13,9b3df14599f65e991e2c4a5eaba7ebe76c85b8c3,102210fe594ee9b33d82058545b1ed14f4c8206e,linux1804-64-shippable-qr,microsoft,True,,,,,,,,,,,,,,,,,,,,,,,,,,,,,,,,,,,,,,,,,,,,,,,,,,TN,,,,,,,,,,
443582612.0,1827129279,2023-12-28 16:06:15,209.6,83353941eb9c338663b66d5b7092bd64f306f777,1353842,autoland,ContentfulSpeedIndex,True,microsoft ContentfulSpeedIndex opt fission warm webrender,,77,ms,firefox,False,|f|i|s|s|i|o|n| |w|a|r|m| |w|e|b|r|e|n|d|e|r|,,3776889,13,9b3df14599f65e991e2c4a5eaba7ebe76c85b8c3,102210fe594ee9b33d82058545b1ed14f4c8206e,linux1804-64-shippable-qr,microsoft,True,,,,,,,,,,,,,,,,,,,,,,,,,,,,,,,,,,,,,,,,,,,,,,,,,,TN,,,,,,,,,,
442619967.0,1822557658,2023-12-28 16:33:46,206.5,2c0ef884644ce0b31b502ea5cb628834243c2d4f,1353843,autoland,ContentfulSpeedIndex,True,microsoft ContentfulSpeedIndex opt fission warm webrender,,77,ms,firefox,False,|f|i|s|s|i|o|n| |w|a|r|m| |w|e|b|r|e|n|d|e|r|,,3776889,13,9b3df14599f65e991e2c4a5eaba7ebe76c85b8c3,102210fe594ee9b33d82058545b1ed14f4c8206e,linux1804-64-shippable-qr,microsoft,True,,,,,,,,,,,,,,,,,,,,,,,,,,,,,,,,,,,,,,,,,,,,,,,,,,TN,,,,,,,,,,
442642507.0,1822766454,2023-12-28 16:33:46,215.2,2c0ef884644ce0b31b502ea5cb628834243c2d4f,1353843,autoland,ContentfulSpeedIndex,True,microsoft ContentfulSpeedIndex opt fission warm webrender,,77,ms,firefox,False,|f|i|s|s|i|o|n| |w|a|r|m| |w|e|b|r|e|n|d|e|r|,,3776889,13,9b3df14599f65e991e2c4a5eaba7ebe76c85b8c3,102210fe594ee9b33d82058545b1ed14f4c8206e,linux1804-64-shippable-qr,microsoft,True,,,,,,,,,,,,,,,,,,,,,,,,,,,,,,,,,,,,,,,,,,,,,,,,,,TN,,,,,,,,,,
442642510.0,1822766505,2023-12-28 16:33:46,212.6,2c0ef884644ce0b31b502ea5cb628834243c2d4f,1353843,autoland,ContentfulSpeedIndex,True,microsoft ContentfulSpeedIndex opt fission warm webrender,,77,ms,firefox,False,|f|i|s|s|i|o|n| |w|a|r|m| |w|e|b|r|e|n|d|e|r|,,3776889,13,9b3df14599f65e991e2c4a5eaba7ebe76c85b8c3,102210fe594ee9b33d82058545b1ed14f4c8206e,linux1804-64-shippable-qr,microsoft,True,,,,,,,,,,,,,,,,,,,,,,,,,,,,,,,,,,,,,,,,,,,,,,,,,,TN,,,,,,,,,,
443142642.0,1825116787,2023-12-28 16:33:46,221.4,2c0ef884644ce0b31b502ea5cb628834243c2d4f,1353843,autoland,ContentfulSpeedIndex,True,microsoft ContentfulSpeedIndex opt fission warm webrender,,77,ms,firefox,False,|f|i|s|s|i|o|n| |w|a|r|m| |w|e|b|r|e|n|d|e|r|,,3776889,13,9b3df14599f65e991e2c4a5eaba7ebe76c85b8c3,102210fe594ee9b33d82058545b1ed14f4c8206e,linux1804-64-shippable-qr,microsoft,True,,,,,,,,,,,,,,,,,,,,,,,,,,,,,,,,,,,,,,,,,,,,,,,,,,TN,,,,,,,,,,
443142644.0,1825116821,2023-12-28 16:33:46,206.9,2c0ef884644ce0b31b502ea5cb628834243c2d4f,1353843,autoland,ContentfulSpeedIndex,True,microsoft ContentfulSpeedIndex opt fission warm webrender,,77,ms,firefox,False,|f|i|s|s|i|o|n| |w|a|r|m| |w|e|b|r|e|n|d|e|r|,,3776889,13,9b3df14599f65e991e2c4a5eaba7ebe76c85b8c3,102210fe594ee9b33d82058545b1ed14f4c8206e,linux1804-64-shippable-qr,microsoft,True,,,,,,,,,,,,,,,,,,,,,,,,,,,,,,,,,,,,,,,,,,,,,,,,,,TN,,,,,,,,,,
443142646.0,1825116730,2023-12-28 16:33:46,209.3,2c0ef884644ce0b31b502ea5cb628834243c2d4f,1353843,autoland,ContentfulSpeedIndex,True,microsoft ContentfulSpeedIndex opt fission warm webrender,,77,ms,firefox,False,|f|i|s|s|i|o|n| |w|a|r|m| |w|e|b|r|e|n|d|e|r|,,3776889,13,9b3df14599f65e991e2c4a5eaba7ebe76c85b8c3,102210fe594ee9b33d82058545b1ed14f4c8206e,linux1804-64-shippable-qr,microsoft,True,,,,,,,,,,,,,,,,,,,,,,,,,,,,,,,,,,,,,,,,,,,,,,,,,,TN,,,,,,,,,,
443142648.0,1825116981,2023-12-28 16:33:46,211.1,2c0ef884644ce0b31b502ea5cb628834243c2d4f,1353843,autoland,ContentfulSpeedIndex,True,microsoft ContentfulSpeedIndex opt fission warm webrender,,77,ms,firefox,False,|f|i|s|s|i|o|n| |w|a|r|m| |w|e|b|r|e|n|d|e|r|,,3776889,13,9b3df14599f65e991e2c4a5eaba7ebe76c85b8c3,102210fe594ee9b33d82058545b1ed14f4c8206e,linux1804-64-shippable-qr,microsoft,True,,,,,,,,,,,,,,,,,,,,,,,,,,,,,,,,,,,,,,,,,,,,,,,,,,TN,,,,,,,,,,
443142650.0,1825117309,2023-12-28 16:33:46,211.1,2c0ef884644ce0b31b502ea5cb628834243c2d4f,1353843,autoland,ContentfulSpeedIndex,True,microsoft ContentfulSpeedIndex opt fission warm webrender,,77,ms,firefox,False,|f|i|s|s|i|o|n| |w|a|r|m| |w|e|b|r|e|n|d|e|r|,,3776889,13,9b3df14599f65e991e2c4a5eaba7ebe76c85b8c3,102210fe594ee9b33d82058545b1ed14f4c8206e,linux1804-64-shippable-qr,microsoft,True,,,,,,,,,,,,,,,,,,,,,,,,,,,,,,,,,,,,,,,,,,,,,,,,,,TN,,,,,,,,,,
443582599.0,1827128025,2023-12-28 16:33:46,212.5,2c0ef884644ce0b31b502ea5cb628834243c2d4f,1353843,autoland,ContentfulSpeedIndex,True,microsoft ContentfulSpeedIndex opt fission warm webrender,,77,ms,firefox,False,|f|i|s|s|i|o|n| |w|a|r|m| |w|e|b|r|e|n|d|e|r|,,3776889,13,9b3df14599f65e991e2c4a5eaba7ebe76c85b8c3,102210fe594ee9b33d82058545b1ed14f4c8206e,linux1804-64-shippable-qr,microsoft,True,,,,,,,,,,,,,,,,,,,,,,,,,,,,,,,,,,,,,,,,,,,,,,,,,,TN,,,,,,,,,,
443582604.0,1827128123,2023-12-28 16:33:46,211.2,2c0ef884644ce0b31b502ea5cb628834243c2d4f,1353843,autoland,ContentfulSpeedIndex,True,microsoft ContentfulSpeedIndex opt fission warm webrender,,77,ms,firefox,False,|f|i|s|s|i|o|n| |w|a|r|m| |w|e|b|r|e|n|d|e|r|,,3776889,13,9b3df14599f65e991e2c4a5eaba7ebe76c85b8c3,102210fe594ee9b33d82058545b1ed14f4c8206e,linux1804-64-shippable-qr,microsoft,True,,,,,,,,,,,,,,,,,,,,,,,,,,,,,,,,,,,,,,,,,,,,,,,,,,TN,,,,,,,,,,
443582611.0,1827129228,2023-12-28 16:33:46,206.7,2c0ef884644ce0b31b502ea5cb628834243c2d4f,1353843,autoland,ContentfulSpeedIndex,True,microsoft ContentfulSpeedIndex opt fission warm webrender,,77,ms,firefox,False,|f|i|s|s|i|o|n| |w|a|r|m| |w|e|b|r|e|n|d|e|r|,,3776889,13,9b3df14599f65e991e2c4a5eaba7ebe76c85b8c3,102210fe594ee9b33d82058545b1ed14f4c8206e,linux1804-64-shippable-qr,microsoft,True,,,,,,,,,,,,,,,,,,,,,,,,,,,,,,,,,,,,,,,,,,,,,,,,,,TN,,,,,,,,,,
443582613.0,1827128302,2023-12-28 16:33:46,214.2,2c0ef884644ce0b31b502ea5cb628834243c2d4f,1353843,autoland,ContentfulSpeedIndex,True,microsoft ContentfulSpeedIndex opt fission warm webrender,,77,ms,firefox,False,|f|i|s|s|i|o|n| |w|a|r|m| |w|e|b|r|e|n|d|e|r|,,3776889,13,9b3df14599f65e991e2c4a5eaba7ebe76c85b8c3,102210fe594ee9b33d82058545b1ed14f4c8206e,linux1804-64-shippable-qr,microsoft,True,,,,,,,,,,,,,,,,,,,,,,,,,,,,,,,,,,,,,,,,,,,,,,,,,,TN,,,,,,,,,,
443582615.0,1827129337,2023-12-28 16:33:46,209.2,2c0ef884644ce0b31b502ea5cb628834243c2d4f,1353843,autoland,ContentfulSpeedIndex,True,microsoft ContentfulSpeedIndex opt fission warm webrender,,77,ms,firefox,False,|f|i|s|s|i|o|n| |w|a|r|m| |w|e|b|r|e|n|d|e|r|,,3776889,13,9b3df14599f65e991e2c4a5eaba7ebe76c85b8c3,102210fe594ee9b33d82058545b1ed14f4c8206e,linux1804-64-shippable-qr,microsoft,True,,,,,,,,,,,,,,,,,,,,,,,,,,,,,,,,,,,,,,,,,,,,,,,,,,TN,,,,,,,,,,
441573708.0,1818182156,2023-12-28 17:48:27,213.6,659e4e8345823ce8331b67df6c3865b76063e2c2,1353939,autoland,ContentfulSpeedIndex,True,microsoft ContentfulSpeedIndex opt fission warm webrender,,77,ms,firefox,False,|f|i|s|s|i|o|n| |w|a|r|m| |w|e|b|r|e|n|d|e|r|,,3776889,13,9b3df14599f65e991e2c4a5eaba7ebe76c85b8c3,102210fe594ee9b33d82058545b1ed14f4c8206e,linux1804-64-shippable-qr,microsoft,True,,,,,,,,,,,,,,,,,,,,,,,,,,,,,,,,,,,,,,,,,,,,,,,,,,TN,,,,,,,,,,
442642515.0,1822766963,2023-12-28 17:48:27,208.6,659e4e8345823ce8331b67df6c3865b76063e2c2,1353939,autoland,ContentfulSpeedIndex,True,microsoft ContentfulSpeedIndex opt fission warm webrender,,77,ms,firefox,False,|f|i|s|s|i|o|n| |w|a|r|m| |w|e|b|r|e|n|d|e|r|,,3776889,13,9b3df14599f65e991e2c4a5eaba7ebe76c85b8c3,102210fe594ee9b33d82058545b1ed14f4c8206e,linux1804-64-shippable-qr,microsoft,True,,,,,,,,,,,,,,,,,,,,,,,,,,,,,,,,,,,,,,,,,,,,,,,,,,TN,,,,,,,,,,
442642518.0,1822767505,2023-12-28 17:48:27,209.6,659e4e8345823ce8331b67df6c3865b76063e2c2,1353939,autoland,ContentfulSpeedIndex,True,microsoft ContentfulSpeedIndex opt fission warm webrender,,77,ms,firefox,False,|f|i|s|s|i|o|n| |w|a|r|m| |w|e|b|r|e|n|d|e|r|,,3776889,13,9b3df14599f65e991e2c4a5eaba7ebe76c85b8c3,102210fe594ee9b33d82058545b1ed14f4c8206e,linux1804-64-shippable-qr,microsoft,True,,,,,,,,,,,,,,,,,,,,,,,,,,,,,,,,,,,,,,,,,,,,,,,,,,TN,,,,,,,,,,
443582641.0,1827132655,2023-12-28 17:48:27,214.0,659e4e8345823ce8331b67df6c3865b76063e2c2,1353939,autoland,ContentfulSpeedIndex,True,microsoft ContentfulSpeedIndex opt fission warm webrender,,77,ms,firefox,False,|f|i|s|s|i|o|n| |w|a|r|m| |w|e|b|r|e|n|d|e|r|,,3776889,13,9b3df14599f65e991e2c4a5eaba7ebe76c85b8c3,102210fe594ee9b33d82058545b1ed14f4c8206e,linux1804-64-shippable-qr,microsoft,True,,,,,,,,,,,,,,,,,,,,,,,,,,,,,,,,,,,,,,,,,,,,,,,,,,TN,,,,,,,,,,
443582642.0,1827132706,2023-12-28 17:48:27,212.1,659e4e8345823ce8331b67df6c3865b76063e2c2,1353939,autoland,ContentfulSpeedIndex,True,microsoft ContentfulSpeedIndex opt fission warm webrender,,77,ms,firefox,False,|f|i|s|s|i|o|n| |w|a|r|m| |w|e|b|r|e|n|d|e|r|,,3776889,13,9b3df14599f65e991e2c4a5eaba7ebe76c85b8c3,102210fe594ee9b33d82058545b1ed14f4c8206e,linux1804-64-shippable-qr,microsoft,True,,,,,,,,,,,,,,,,,,,,,,,,,,,,,,,,,,,,,,,,,,,,,,,,,,TN,,,,,,,,,,
443582643.0,1827132678,2023-12-28 17:48:27,211.3,659e4e8345823ce8331b67df6c3865b76063e2c2,1353939,autoland,ContentfulSpeedIndex,True,microsoft ContentfulSpeedIndex opt fission warm webrender,,77,ms,firefox,False,|f|i|s|s|i|o|n| |w|a|r|m| |w|e|b|r|e|n|d|e|r|,,3776889,13,9b3df14599f65e991e2c4a5eaba7ebe76c85b8c3,102210fe594ee9b33d82058545b1ed14f4c8206e,linux1804-64-shippable-qr,microsoft,True,,,,,,,,,,,,,,,,,,,,,,,,,,,,,,,,,,,,,,,,,,,,,,,,,,TN,,,,,,,,,,
443582644.0,1827132735,2023-12-28 17:48:27,218.3,659e4e8345823ce8331b67df6c3865b76063e2c2,1353939,autoland,ContentfulSpeedIndex,True,microsoft ContentfulSpeedIndex opt fission warm webrender,,77,ms,firefox,False,|f|i|s|s|i|o|n| |w|a|r|m| |w|e|b|r|e|n|d|e|r|,,3776889,13,9b3df14599f65e991e2c4a5eaba7ebe76c85b8c3,102210fe594ee9b33d82058545b1ed14f4c8206e,linux1804-64-shippable-qr,microsoft,True,,,,,,,,,,,,,,,,,,,,,,,,,,,,,,,,,,,,,,,,,,,,,,,,,,TN,,,,,,,,,,
443582645.0,1827132764,2023-12-28 17:48:27,209.3,659e4e8345823ce8331b67df6c3865b76063e2c2,1353939,autoland,ContentfulSpeedIndex,True,microsoft ContentfulSpeedIndex opt fission warm webrender,,77,ms,firefox,False,|f|i|s|s|i|o|n| |w|a|r|m| |w|e|b|r|e|n|d|e|r|,,3776889,13,9b3df14599f65e991e2c4a5eaba7ebe76c85b8c3,102210fe594ee9b33d82058545b1ed14f4c8206e,linux1804-64-shippable-qr,microsoft,True,,,,,,,,,,,,,,,,,,,,,,,,,,,,,,,,,,,,,,,,,,,,,,,,,,TN,,,,,,,,,,
442642514.0,1822767201,2023-12-28 17:58:21,208.3,e0102888f147dbd5c4e56ef66ddce7b53fca553c,1353940,autoland,ContentfulSpeedIndex,True,microsoft ContentfulSpeedIndex opt fission warm webrender,,77,ms,firefox,False,|f|i|s|s|i|o|n| |w|a|r|m| |w|e|b|r|e|n|d|e|r|,,3776889,13,9b3df14599f65e991e2c4a5eaba7ebe76c85b8c3,102210fe594ee9b33d82058545b1ed14f4c8206e,linux1804-64-shippable-qr,microsoft,True,,,,,,,,,,,,,,,,,,,,,,,,,,,,,,,,,,,,,,,,,,,,,,,,,,TN,,,,,,,,,,
442642519.0,1822767669,2023-12-28 17:58:21,212.2,e0102888f147dbd5c4e56ef66ddce7b53fca553c,1353940,autoland,ContentfulSpeedIndex,True,microsoft ContentfulSpeedIndex opt fission warm webrender,,77,ms,firefox,False,|f|i|s|s|i|o|n| |w|a|r|m| |w|e|b|r|e|n|d|e|r|,,3776889,13,9b3df14599f65e991e2c4a5eaba7ebe76c85b8c3,102210fe594ee9b33d82058545b1ed14f4c8206e,linux1804-64-shippable-qr,microsoft,True,,,,,,,,,,,,,,,,,,,,,,,,,,,,,,,,,,,,,,,,,,,,,,,,,,TN,,,,,,,,,,
443142711.0,1825123848,2023-12-28 17:58:21,215.7,e0102888f147dbd5c4e56ef66ddce7b53fca553c,1353940,autoland,ContentfulSpeedIndex,True,microsoft ContentfulSpeedIndex opt fission warm webrender,,77,ms,firefox,False,|f|i|s|s|i|o|n| |w|a|r|m| |w|e|b|r|e|n|d|e|r|,,3776889,13,9b3df14599f65e991e2c4a5eaba7ebe76c85b8c3,102210fe594ee9b33d82058545b1ed14f4c8206e,linux1804-64-shippable-qr,microsoft,True,,,,,,,,,,,,,,,,,,,,,,,,,,,,,,,,,,,,,,,,,,,,,,,,,,TN,,,,,,,,,,
443142712.0,1825126900,2023-12-28 17:58:21,213.8,e0102888f147dbd5c4e56ef66ddce7b53fca553c,1353940,autoland,ContentfulSpeedIndex,True,microsoft ContentfulSpeedIndex opt fission warm webrender,,77,ms,firefox,False,|f|i|s|s|i|o|n| |w|a|r|m| |w|e|b|r|e|n|d|e|r|,,3776889,13,9b3df14599f65e991e2c4a5eaba7ebe76c85b8c3,102210fe594ee9b33d82058545b1ed14f4c8206e,linux1804-64-shippable-qr,microsoft,True,,,,,,,,,,,,,,,,,,,,,,,,,,,,,,,,,,,,,,,,,,,,,,,,,,TN,,,,,,,,,,
443142713.0,1825126793,2023-12-28 17:58:21,209.5,e0102888f147dbd5c4e56ef66ddce7b53fca553c,1353940,autoland,ContentfulSpeedIndex,True,microsoft ContentfulSpeedIndex opt fission warm webrender,,77,ms,firefox,False,|f|i|s|s|i|o|n| |w|a|r|m| |w|e|b|r|e|n|d|e|r|,,3776889,13,9b3df14599f65e991e2c4a5eaba7ebe76c85b8c3,102210fe594ee9b33d82058545b1ed14f4c8206e,linux1804-64-shippable-qr,microsoft,True,,,,,,,,,,,,,,,,,,,,,,,,,,,,,,,,,,,,,,,,,,,,,,,,,,TN,,,,,,,,,,
443142714.0,1825127560,2023-12-28 17:58:21,212.4,e0102888f147dbd5c4e56ef66ddce7b53fca553c,1353940,autoland,ContentfulSpeedIndex,True,microsoft ContentfulSpeedIndex opt fission warm webrender,,77,ms,firefox,False,|f|i|s|s|i|o|n| |w|a|r|m| |w|e|b|r|e|n|d|e|r|,,3776889,13,9b3df14599f65e991e2c4a5eaba7ebe76c85b8c3,102210fe594ee9b33d82058545b1ed14f4c8206e,linux1804-64-shippable-qr,microsoft,True,,,,,,,,,,,,,,,,,,,,,,,,,,,,,,,,,,,,,,,,,,,,,,,,,,TN,,,,,,,,,,
443142715.0,1825127736,2023-12-28 17:58:21,212.5,e0102888f147dbd5c4e56ef66ddce7b53fca553c,1353940,autoland,ContentfulSpeedIndex,True,microsoft ContentfulSpeedIndex opt fission warm webrender,,77,ms,firefox,False,|f|i|s|s|i|o|n| |w|a|r|m| |w|e|b|r|e|n|d|e|r|,,3776889,13,9b3df14599f65e991e2c4a5eaba7ebe76c85b8c3,102210fe594ee9b33d82058545b1ed14f4c8206e,linux1804-64-shippable-qr,microsoft,True,,,,,,,,,,,,,,,,,,,,,,,,,,,,,,,,,,,,,,,,,,,,,,,,,,TN,,,,,,,,,,
443582616.0,1827129473,2023-12-28 17:58:21,211.2,e0102888f147dbd5c4e56ef66ddce7b53fca553c,1353940,autoland,ContentfulSpeedIndex,True,microsoft ContentfulSpeedIndex opt fission warm webrender,,77,ms,firefox,False,|f|i|s|s|i|o|n| |w|a|r|m| |w|e|b|r|e|n|d|e|r|,,3776889,13,9b3df14599f65e991e2c4a5eaba7ebe76c85b8c3,102210fe594ee9b33d82058545b1ed14f4c8206e,linux1804-64-shippable-qr,microsoft,True,,,,,,,,,,,,,,,,,,,,,,,,,,,,,,,,,,,,,,,,,,,,,,,,,,TN,,,,,,,,,,
443582617.0,1827130077,2023-12-28 17:58:21,206.5,e0102888f147dbd5c4e56ef66ddce7b53fca553c,1353940,autoland,ContentfulSpeedIndex,True,microsoft ContentfulSpeedIndex opt fission warm webrender,,77,ms,firefox,False,|f|i|s|s|i|o|n| |w|a|r|m| |w|e|b|r|e|n|d|e|r|,,3776889,13,9b3df14599f65e991e2c4a5eaba7ebe76c85b8c3,102210fe594ee9b33d82058545b1ed14f4c8206e,linux1804-64-shippable-qr,microsoft,True,,,,,,,,,,,,,,,,,,,,,,,,,,,,,,,,,,,,,,,,,,,,,,,,,,TN,,,,,,,,,,
443582618.0,1827130106,2023-12-28 17:58:21,211.1,e0102888f147dbd5c4e56ef66ddce7b53fca553c,1353940,autoland,ContentfulSpeedIndex,True,microsoft ContentfulSpeedIndex opt fission warm webrender,,77,ms,firefox,False,|f|i|s|s|i|o|n| |w|a|r|m| |w|e|b|r|e|n|d|e|r|,,3776889,13,9b3df14599f65e991e2c4a5eaba7ebe76c85b8c3,102210fe594ee9b33d82058545b1ed14f4c8206e,linux1804-64-shippable-qr,microsoft,True,,,,,,,,,,,,,,,,,,,,,,,,,,,,,,,,,,,,,,,,,,,,,,,,,,TN,,,,,,,,,,
443582619.0,1827130201,2023-12-28 17:58:21,205.2,e0102888f147dbd5c4e56ef66ddce7b53fca553c,1353940,autoland,ContentfulSpeedIndex,True,microsoft ContentfulSpeedIndex opt fission warm webrender,,77,ms,firefox,False,|f|i|s|s|i|o|n| |w|a|r|m| |w|e|b|r|e|n|d|e|r|,,3776889,13,9b3df14599f65e991e2c4a5eaba7ebe76c85b8c3,102210fe594ee9b33d82058545b1ed14f4c8206e,linux1804-64-shippable-qr,microsoft,True,,,,,,,,,,,,,,,,,,,,,,,,,,,,,,,,,,,,,,,,,,,,,,,,,,TN,,,,,,,,,,
443582620.0,1827130231,2023-12-28 17:58:21,211.2,e0102888f147dbd5c4e56ef66ddce7b53fca553c,1353940,autoland,ContentfulSpeedIndex,True,microsoft ContentfulSpeedIndex opt fission warm webrender,,77,ms,firefox,False,|f|i|s|s|i|o|n| |w|a|r|m| |w|e|b|r|e|n|d|e|r|,,3776889,13,9b3df14599f65e991e2c4a5eaba7ebe76c85b8c3,102210fe594ee9b33d82058545b1ed14f4c8206e,linux1804-64-shippable-qr,microsoft,True,,,,,,,,,,,,,,,,,,,,,,,,,,,,,,,,,,,,,,,,,,,,,,,,,,TN,,,,,,,,,,
442642521.0,1822767874,2023-12-28 19:01:39,211.1,d8e7f722c3c1138ebb10052011eda9d55e27f06c,1353950,autoland,ContentfulSpeedIndex,True,microsoft ContentfulSpeedIndex opt fission warm webrender,,77,ms,firefox,False,|f|i|s|s|i|o|n| |w|a|r|m| |w|e|b|r|e|n|d|e|r|,,3776889,13,9b3df14599f65e991e2c4a5eaba7ebe76c85b8c3,102210fe594ee9b33d82058545b1ed14f4c8206e,linux1804-64-shippable-qr,microsoft,True,,,,,,,,,,,,,,,,,,,,,,,,,,,,,,,,,,,,,,,,,,,,,,,,,,TN,,,,,,,,,,
443142738.0,1825161033,2023-12-28 19:01:39,212.4,d8e7f722c3c1138ebb10052011eda9d55e27f06c,1353950,autoland,ContentfulSpeedIndex,True,microsoft ContentfulSpeedIndex opt fission warm webrender,,77,ms,firefox,False,|f|i|s|s|i|o|n| |w|a|r|m| |w|e|b|r|e|n|d|e|r|,,3776889,13,9b3df14599f65e991e2c4a5eaba7ebe76c85b8c3,102210fe594ee9b33d82058545b1ed14f4c8206e,linux1804-64-shippable-qr,microsoft,True,,,,,,,,,,,,,,,,,,,,,,,,,,,,,,,,,,,,,,,,,,,,,,,,,,TN,,,,,,,,,,
443142739.0,1825161220,2023-12-28 19:01:39,213.9,d8e7f722c3c1138ebb10052011eda9d55e27f06c,1353950,autoland,ContentfulSpeedIndex,True,microsoft ContentfulSpeedIndex opt fission warm webrender,,77,ms,firefox,False,|f|i|s|s|i|o|n| |w|a|r|m| |w|e|b|r|e|n|d|e|r|,,3776889,13,9b3df14599f65e991e2c4a5eaba7ebe76c85b8c3,102210fe594ee9b33d82058545b1ed14f4c8206e,linux1804-64-shippable-qr,microsoft,True,,,,,,,,,,,,,,,,,,,,,,,,,,,,,,,,,,,,,,,,,,,,,,,,,,TN,,,,,,,,,,
443142740.0,1825161290,2023-12-28 19:01:39,211.0,d8e7f722c3c1138ebb10052011eda9d55e27f06c,1353950,autoland,ContentfulSpeedIndex,True,microsoft ContentfulSpeedIndex opt fission warm webrender,,77,ms,firefox,False,|f|i|s|s|i|o|n| |w|a|r|m| |w|e|b|r|e|n|d|e|r|,,3776889,13,9b3df14599f65e991e2c4a5eaba7ebe76c85b8c3,102210fe594ee9b33d82058545b1ed14f4c8206e,linux1804-64-shippable-qr,microsoft,True,,,,,,,,,,,,,,,,,,,,,,,,,,,,,,,,,,,,,,,,,,,,,,,,,,TN,,,,,,,,,,
443142744.0,1825161647,2023-12-28 19:01:39,210.7,d8e7f722c3c1138ebb10052011eda9d55e27f06c,1353950,autoland,ContentfulSpeedIndex,True,microsoft ContentfulSpeedIndex opt fission warm webrender,,77,ms,firefox,False,|f|i|s|s|i|o|n| |w|a|r|m| |w|e|b|r|e|n|d|e|r|,,3776889,13,9b3df14599f65e991e2c4a5eaba7ebe76c85b8c3,102210fe594ee9b33d82058545b1ed14f4c8206e,linux1804-64-shippable-qr,microsoft,True,,,,,,,,,,,,,,,,,,,,,,,,,,,,,,,,,,,,,,,,,,,,,,,,,,TN,,,,,,,,,,
443142745.0,1825161704,2023-12-28 19:01:39,209.5,d8e7f722c3c1138ebb10052011eda9d55e27f06c,1353950,autoland,ContentfulSpeedIndex,True,microsoft ContentfulSpeedIndex opt fission warm webrender,,77,ms,firefox,False,|f|i|s|s|i|o|n| |w|a|r|m| |w|e|b|r|e|n|d|e|r|,,3776889,13,9b3df14599f65e991e2c4a5eaba7ebe76c85b8c3,102210fe594ee9b33d82058545b1ed14f4c8206e,linux1804-64-shippable-qr,microsoft,True,,,,,,,,,,,,,,,,,,,,,,,,,,,,,,,,,,,,,,,,,,,,,,,,,,TN,,,,,,,,,,
443582621.0,1827130264,2023-12-28 19:01:39,209.5,d8e7f722c3c1138ebb10052011eda9d55e27f06c,1353950,autoland,ContentfulSpeedIndex,True,microsoft ContentfulSpeedIndex opt fission warm webrender,,77,ms,firefox,False,|f|i|s|s|i|o|n| |w|a|r|m| |w|e|b|r|e|n|d|e|r|,,3776889,13,9b3df14599f65e991e2c4a5eaba7ebe76c85b8c3,102210fe594ee9b33d82058545b1ed14f4c8206e,linux1804-64-shippable-qr,microsoft,True,,,,,,,,,,,,,,,,,,,,,,,,,,,,,,,,,,,,,,,,,,,,,,,,,,TN,,,,,,,,,,
443582622.0,1827130290,2023-12-28 19:01:39,218.6,d8e7f722c3c1138ebb10052011eda9d55e27f06c,1353950,autoland,ContentfulSpeedIndex,True,microsoft ContentfulSpeedIndex opt fission warm webrender,,77,ms,firefox,False,|f|i|s|s|i|o|n| |w|a|r|m| |w|e|b|r|e|n|d|e|r|,,3776889,13,9b3df14599f65e991e2c4a5eaba7ebe76c85b8c3,102210fe594ee9b33d82058545b1ed14f4c8206e,linux1804-64-shippable-qr,microsoft,True,,,,,,,,,,,,,,,,,,,,,,,,,,,,,,,,,,,,,,,,,,,,,,,,,,TN,,,,,,,,,,
443582625.0,1827130557,2023-12-28 19:01:39,212.6,d8e7f722c3c1138ebb10052011eda9d55e27f06c,1353950,autoland,ContentfulSpeedIndex,True,microsoft ContentfulSpeedIndex opt fission warm webrender,,77,ms,firefox,False,|f|i|s|s|i|o|n| |w|a|r|m| |w|e|b|r|e|n|d|e|r|,,3776889,13,9b3df14599f65e991e2c4a5eaba7ebe76c85b8c3,102210fe594ee9b33d82058545b1ed14f4c8206e,linux1804-64-shippable-qr,microsoft,True,,,,,,,,,,,,,,,,,,,,,,,,,,,,,,,,,,,,,,,,,,,,,,,,,,TN,,,,,,,,,,
443582628.0,1827131722,2023-12-28 19:01:39,214.1,d8e7f722c3c1138ebb10052011eda9d55e27f06c,1353950,autoland,ContentfulSpeedIndex,True,microsoft ContentfulSpeedIndex opt fission warm webrender,,77,ms,firefox,False,|f|i|s|s|i|o|n| |w|a|r|m| |w|e|b|r|e|n|d|e|r|,,3776889,13,9b3df14599f65e991e2c4a5eaba7ebe76c85b8c3,102210fe594ee9b33d82058545b1ed14f4c8206e,linux1804-64-shippable-qr,microsoft,True,,,,,,,,,,,,,,,,,,,,,,,,,,,,,,,,,,,,,,,,,,,,,,,,,,TN,,,,,,,,,,
443582631.0,1827131899,2023-12-28 19:01:39,207.8,d8e7f722c3c1138ebb10052011eda9d55e27f06c,1353950,autoland,ContentfulSpeedIndex,True,microsoft ContentfulSpeedIndex opt fission warm webrender,,77,ms,firefox,False,|f|i|s|s|i|o|n| |w|a|r|m| |w|e|b|r|e|n|d|e|r|,,3776889,13,9b3df14599f65e991e2c4a5eaba7ebe76c85b8c3,102210fe594ee9b33d82058545b1ed14f4c8206e,linux1804-64-shippable-qr,microsoft,True,,,,,,,,,,,,,,,,,,,,,,,,,,,,,,,,,,,,,,,,,,,,,,,,,,TN,,,,,,,,,,
442642653.0,1822768026,2023-12-28 19:26:04,209.6,b3ce46bdbb031a490d96f234375c06ba59d59e68,1353954,autoland,ContentfulSpeedIndex,True,microsoft ContentfulSpeedIndex opt fission warm webrender,,77,ms,firefox,False,|f|i|s|s|i|o|n| |w|a|r|m| |w|e|b|r|e|n|d|e|r|,,3776889,13,9b3df14599f65e991e2c4a5eaba7ebe76c85b8c3,102210fe594ee9b33d82058545b1ed14f4c8206e,linux1804-64-shippable-qr,microsoft,True,,,,,,,,,,,,,,,,,,,,,,,,,,,,,,,,,,,,,,,,,,,,,,,,,,TN,,,,,,,,,,
442670158.0,1822861424,2023-12-28 19:26:04,209.8,b3ce46bdbb031a490d96f234375c06ba59d59e68,1353954,autoland,ContentfulSpeedIndex,True,microsoft ContentfulSpeedIndex opt fission warm webrender,,77,ms,firefox,False,|f|i|s|s|i|o|n| |w|a|r|m| |w|e|b|r|e|n|d|e|r|,,3776889,13,9b3df14599f65e991e2c4a5eaba7ebe76c85b8c3,102210fe594ee9b33d82058545b1ed14f4c8206e,linux1804-64-shippable-qr,microsoft,True,,,,,,,,,,,,,,,,,,,,,,,,,,,,,,,,,,,,,,,,,,,,,,,,,,TN,,,,,,,,,,
442670166.0,1822861368,2023-12-28 19:26:04,208.0,b3ce46bdbb031a490d96f234375c06ba59d59e68,1353954,autoland,ContentfulSpeedIndex,True,microsoft ContentfulSpeedIndex opt fission warm webrender,,77,ms,firefox,False,|f|i|s|s|i|o|n| |w|a|r|m| |w|e|b|r|e|n|d|e|r|,,3776889,13,9b3df14599f65e991e2c4a5eaba7ebe76c85b8c3,102210fe594ee9b33d82058545b1ed14f4c8206e,linux1804-64-shippable-qr,microsoft,True,,,,,,,,,,,,,,,,,,,,,,,,,,,,,,,,,,,,,,,,,,,,,,,,,,TN,,,,,,,,,,
442670180.0,1822861467,2023-12-28 19:26:04,214.3,b3ce46bdbb031a490d96f234375c06ba59d59e68,1353954,autoland,ContentfulSpeedIndex,True,microsoft ContentfulSpeedIndex opt fission warm webrender,,77,ms,firefox,False,|f|i|s|s|i|o|n| |w|a|r|m| |w|e|b|r|e|n|d|e|r|,,3776889,13,9b3df14599f65e991e2c4a5eaba7ebe76c85b8c3,102210fe594ee9b33d82058545b1ed14f4c8206e,linux1804-64-shippable-qr,microsoft,True,,,,,,,,,,,,,,,,,,,,,,,,,,,,,,,,,,,,,,,,,,,,,,,,,,TN,,,,,,,,,,
443142717.0,1825157785,2023-12-28 19:26:04,212.7,b3ce46bdbb031a490d96f234375c06ba59d59e68,1353954,autoland,ContentfulSpeedIndex,True,microsoft ContentfulSpeedIndex opt fission warm webrender,,77,ms,firefox,False,|f|i|s|s|i|o|n| |w|a|r|m| |w|e|b|r|e|n|d|e|r|,,3776889,13,9b3df14599f65e991e2c4a5eaba7ebe76c85b8c3,102210fe594ee9b33d82058545b1ed14f4c8206e,linux1804-64-shippable-qr,microsoft,True,,,,,,,,,,,,,,,,,,,,,,,,,,,,,,,,,,,,,,,,,,,,,,,,,,TN,,,,,,,,,,
443142720.0,1825158002,2023-12-28 19:26:04,215.5,b3ce46bdbb031a490d96f234375c06ba59d59e68,1353954,autoland,ContentfulSpeedIndex,True,microsoft ContentfulSpeedIndex opt fission warm webrender,,77,ms,firefox,False,|f|i|s|s|i|o|n| |w|a|r|m| |w|e|b|r|e|n|d|e|r|,,3776889,13,9b3df14599f65e991e2c4a5eaba7ebe76c85b8c3,102210fe594ee9b33d82058545b1ed14f4c8206e,linux1804-64-shippable-qr,microsoft,True,,,,,,,,,,,,,,,,,,,,,,,,,,,,,,,,,,,,,,,,,,,,,,,,,,TN,,,,,,,,,,
443142727.0,1825159552,2023-12-28 19:26:04,214.0,b3ce46bdbb031a490d96f234375c06ba59d59e68,1353954,autoland,ContentfulSpeedIndex,True,microsoft ContentfulSpeedIndex opt fission warm webrender,,77,ms,firefox,False,|f|i|s|s|i|o|n| |w|a|r|m| |w|e|b|r|e|n|d|e|r|,,3776889,13,9b3df14599f65e991e2c4a5eaba7ebe76c85b8c3,102210fe594ee9b33d82058545b1ed14f4c8206e,linux1804-64-shippable-qr,microsoft,True,,,,,,,,,,,,,,,,,,,,,,,,,,,,,,,,,,,,,,,,,,,,,,,,,,TN,,,,,,,,,,
443142732.0,1825160210,2023-12-28 19:26:04,212.5,b3ce46bdbb031a490d96f234375c06ba59d59e68,1353954,autoland,ContentfulSpeedIndex,True,microsoft ContentfulSpeedIndex opt fission warm webrender,,77,ms,firefox,False,|f|i|s|s|i|o|n| |w|a|r|m| |w|e|b|r|e|n|d|e|r|,,3776889,13,9b3df14599f65e991e2c4a5eaba7ebe76c85b8c3,102210fe594ee9b33d82058545b1ed14f4c8206e,linux1804-64-shippable-qr,microsoft,True,,,,,,,,,,,,,,,,,,,,,,,,,,,,,,,,,,,,,,,,,,,,,,,,,,TN,,,,,,,,,,
443142736.0,1825160928,2023-12-28 19:26:04,218.2,b3ce46bdbb031a490d96f234375c06ba59d59e68,1353954,autoland,ContentfulSpeedIndex,True,microsoft ContentfulSpeedIndex opt fission warm webrender,,77,ms,firefox,False,|f|i|s|s|i|o|n| |w|a|r|m| |w|e|b|r|e|n|d|e|r|,,3776889,13,9b3df14599f65e991e2c4a5eaba7ebe76c85b8c3,102210fe594ee9b33d82058545b1ed14f4c8206e,linux1804-64-shippable-qr,microsoft,True,,,,,,,,,,,,,,,,,,,,,,,,,,,,,,,,,,,,,,,,,,,,,,,,,,TN,,,,,,,,,,
443582601.0,1827127905,2023-12-28 19:26:04,206.8,b3ce46bdbb031a490d96f234375c06ba59d59e68,1353954,autoland,ContentfulSpeedIndex,True,microsoft ContentfulSpeedIndex opt fission warm webrender,,77,ms,firefox,False,|f|i|s|s|i|o|n| |w|a|r|m| |w|e|b|r|e|n|d|e|r|,,3776889,13,9b3df14599f65e991e2c4a5eaba7ebe76c85b8c3,102210fe594ee9b33d82058545b1ed14f4c8206e,linux1804-64-shippable-qr,microsoft,True,,,,,,,,,,,,,,,,,,,,,,,,,,,,,,,,,,,,,,,,,,,,,,,,,,TN,,,,,,,,,,
443582603.0,1827128050,2023-12-28 19:26:04,217.0,b3ce46bdbb031a490d96f234375c06ba59d59e68,1353954,autoland,ContentfulSpeedIndex,True,microsoft ContentfulSpeedIndex opt fission warm webrender,,77,ms,firefox,False,|f|i|s|s|i|o|n| |w|a|r|m| |w|e|b|r|e|n|d|e|r|,,3776889,13,9b3df14599f65e991e2c4a5eaba7ebe76c85b8c3,102210fe594ee9b33d82058545b1ed14f4c8206e,linux1804-64-shippable-qr,microsoft,True,,,,,,,,,,,,,,,,,,,,,,,,,,,,,,,,,,,,,,,,,,,,,,,,,,TN,,,,,,,,,,
443582607.0,1827128255,2023-12-28 19:26:04,213.3,b3ce46bdbb031a490d96f234375c06ba59d59e68,1353954,autoland,ContentfulSpeedIndex,True,microsoft ContentfulSpeedIndex opt fission warm webrender,,77,ms,firefox,False,|f|i|s|s|i|o|n| |w|a|r|m| |w|e|b|r|e|n|d|e|r|,,3776889,13,9b3df14599f65e991e2c4a5eaba7ebe76c85b8c3,102210fe594ee9b33d82058545b1ed14f4c8206e,linux1804-64-shippable-qr,microsoft,True,,,,,,,,,,,,,,,,,,,,,,,,,,,,,,,,,,,,,,,,,,,,,,,,,,TN,,,,,,,,,,
443582610.0,1827129254,2023-12-28 19:26:04,219.9,b3ce46bdbb031a490d96f234375c06ba59d59e68,1353954,autoland,ContentfulSpeedIndex,True,microsoft ContentfulSpeedIndex opt fission warm webrender,,77,ms,firefox,False,|f|i|s|s|i|o|n| |w|a|r|m| |w|e|b|r|e|n|d|e|r|,,3776889,13,9b3df14599f65e991e2c4a5eaba7ebe76c85b8c3,102210fe594ee9b33d82058545b1ed14f4c8206e,linux1804-64-shippable-qr,microsoft,True,,,,,,,,,,,,,,,,,,,,,,,,,,,,,,,,,,,,,,,,,,,,,,,,,,TN,,,,,,,,,,
443582614.0,1827129305,2023-12-28 19:26:04,215.5,b3ce46bdbb031a490d96f234375c06ba59d59e68,1353954,autoland,ContentfulSpeedIndex,True,microsoft ContentfulSpeedIndex opt fission warm webrender,,77,ms,firefox,False,|f|i|s|s|i|o|n| |w|a|r|m| |w|e|b|r|e|n|d|e|r|,,3776889,13,9b3df14599f65e991e2c4a5eaba7ebe76c85b8c3,102210fe594ee9b33d82058545b1ed14f4c8206e,linux1804-64-shippable-qr,microsoft,True,,,,,,,,,,,,,,,,,,,,,,,,,,,,,,,,,,,,,,,,,,,,,,,,,,TN,,,,,,,,,,
442623834.0,1822574162,2023-12-28 20:01:34,208.3,9a27b17271ddc6d601ffaf4034317638d64d32d8,1353957,autoland,ContentfulSpeedIndex,True,microsoft ContentfulSpeedIndex opt fission warm webrender,,77,ms,firefox,False,|f|i|s|s|i|o|n| |w|a|r|m| |w|e|b|r|e|n|d|e|r|,,3776889,13,9b3df14599f65e991e2c4a5eaba7ebe76c85b8c3,102210fe594ee9b33d82058545b1ed14f4c8206e,linux1804-64-shippable-qr,microsoft,True,,,,,,,,,,,,,,,,,,,,,,,,,,,,,,,,,,,,,,,,,,,,,,,,,,TN,,,,,,,,,,
442642489.0,1822765812,2023-12-28 20:01:34,212.7,9a27b17271ddc6d601ffaf4034317638d64d32d8,1353957,autoland,ContentfulSpeedIndex,True,microsoft ContentfulSpeedIndex opt fission warm webrender,,77,ms,firefox,False,|f|i|s|s|i|o|n| |w|a|r|m| |w|e|b|r|e|n|d|e|r|,,3776889,13,9b3df14599f65e991e2c4a5eaba7ebe76c85b8c3,102210fe594ee9b33d82058545b1ed14f4c8206e,linux1804-64-shippable-qr,microsoft,True,,,,,,,,,,,,,,,,,,,,,,,,,,,,,,,,,,,,,,,,,,,,,,,,,,TN,,,,,,,,,,
442669935.0,1822860936,2023-12-28 20:01:34,208.8,9a27b17271ddc6d601ffaf4034317638d64d32d8,1353957,autoland,ContentfulSpeedIndex,True,microsoft ContentfulSpeedIndex opt fission warm webrender,,77,ms,firefox,False,|f|i|s|s|i|o|n| |w|a|r|m| |w|e|b|r|e|n|d|e|r|,,3776889,13,9b3df14599f65e991e2c4a5eaba7ebe76c85b8c3,102210fe594ee9b33d82058545b1ed14f4c8206e,linux1804-64-shippable-qr,microsoft,True,,,,,,,,,,,,,,,,,,,,,,,,,,,,,,,,,,,,,,,,,,,,,,,,,,TN,,,,,,,,,,
442669950.0,1822861005,2023-12-28 20:01:34,214.1,9a27b17271ddc6d601ffaf4034317638d64d32d8,1353957,autoland,ContentfulSpeedIndex,True,microsoft ContentfulSpeedIndex opt fission warm webrender,,77,ms,firefox,False,|f|i|s|s|i|o|n| |w|a|r|m| |w|e|b|r|e|n|d|e|r|,,3776889,13,9b3df14599f65e991e2c4a5eaba7ebe76c85b8c3,102210fe594ee9b33d82058545b1ed14f4c8206e,linux1804-64-shippable-qr,microsoft,True,,,,,,,,,,,,,,,,,,,,,,,,,,,,,,,,,,,,,,,,,,,,,,,,,,TN,,,,,,,,,,
442670520.0,1822863199,2023-12-28 20:01:34,206.5,9a27b17271ddc6d601ffaf4034317638d64d32d8,1353957,autoland,ContentfulSpeedIndex,True,microsoft ContentfulSpeedIndex opt fission warm webrender,,77,ms,firefox,False,|f|i|s|s|i|o|n| |w|a|r|m| |w|e|b|r|e|n|d|e|r|,,3776889,13,9b3df14599f65e991e2c4a5eaba7ebe76c85b8c3,102210fe594ee9b33d82058545b1ed14f4c8206e,linux1804-64-shippable-qr,microsoft,True,,,,,,,,,,,,,,,,,,,,,,,,,,,,,,,,,,,,,,,,,,,,,,,,,,TN,,,,,,,,,,
442670523.0,1822863151,2023-12-28 20:01:34,211.3,9a27b17271ddc6d601ffaf4034317638d64d32d8,1353957,autoland,ContentfulSpeedIndex,True,microsoft ContentfulSpeedIndex opt fission warm webrender,,77,ms,firefox,False,|f|i|s|s|i|o|n| |w|a|r|m| |w|e|b|r|e|n|d|e|r|,,3776889,13,9b3df14599f65e991e2c4a5eaba7ebe76c85b8c3,102210fe594ee9b33d82058545b1ed14f4c8206e,linux1804-64-shippable-qr,microsoft,True,,,,,,,,,,,,,,,,,,,,,,,,,,,,,,,,,,,,,,,,,,,,,,,,,,TN,,,,,,,,,,
443142721.0,1825158108,2023-12-28 20:01:34,215.4,9a27b17271ddc6d601ffaf4034317638d64d32d8,1353957,autoland,ContentfulSpeedIndex,True,microsoft ContentfulSpeedIndex opt fission warm webrender,,77,ms,firefox,False,|f|i|s|s|i|o|n| |w|a|r|m| |w|e|b|r|e|n|d|e|r|,,3776889,13,9b3df14599f65e991e2c4a5eaba7ebe76c85b8c3,102210fe594ee9b33d82058545b1ed14f4c8206e,linux1804-64-shippable-qr,microsoft,True,,,,,,,,,,,,,,,,,,,,,,,,,,,,,,,,,,,,,,,,,,,,,,,,,,TN,,,,,,,,,,
443142723.0,1825158950,2023-12-28 20:01:34,208.7,9a27b17271ddc6d601ffaf4034317638d64d32d8,1353957,autoland,ContentfulSpeedIndex,True,microsoft ContentfulSpeedIndex opt fission warm webrender,,77,ms,firefox,False,|f|i|s|s|i|o|n| |w|a|r|m| |w|e|b|r|e|n|d|e|r|,,3776889,13,9b3df14599f65e991e2c4a5eaba7ebe76c85b8c3,102210fe594ee9b33d82058545b1ed14f4c8206e,linux1804-64-shippable-qr,microsoft,True,,,,,,,,,,,,,,,,,,,,,,,,,,,,,,,,,,,,,,,,,,,,,,,,,,TN,,,,,,,,,,
443142725.0,1825159073,2023-12-28 20:01:34,205.2,9a27b17271ddc6d601ffaf4034317638d64d32d8,1353957,autoland,ContentfulSpeedIndex,True,microsoft ContentfulSpeedIndex opt fission warm webrender,,77,ms,firefox,False,|f|i|s|s|i|o|n| |w|a|r|m| |w|e|b|r|e|n|d|e|r|,,3776889,13,9b3df14599f65e991e2c4a5eaba7ebe76c85b8c3,102210fe594ee9b33d82058545b1ed14f4c8206e,linux1804-64-shippable-qr,microsoft,True,,,,,,,,,,,,,,,,,,,,,,,,,,,,,,,,,,,,,,,,,,,,,,,,,,TN,,,,,,,,,,
443142729.0,1825159873,2023-12-28 20:01:34,210.8,9a27b17271ddc6d601ffaf4034317638d64d32d8,1353957,autoland,ContentfulSpeedIndex,True,microsoft ContentfulSpeedIndex opt fission warm webrender,,77,ms,firefox,False,|f|i|s|s|i|o|n| |w|a|r|m| |w|e|b|r|e|n|d|e|r|,,3776889,13,9b3df14599f65e991e2c4a5eaba7ebe76c85b8c3,102210fe594ee9b33d82058545b1ed14f4c8206e,linux1804-64-shippable-qr,microsoft,True,,,,,,,,,,,,,,,,,,,,,,,,,,,,,,,,,,,,,,,,,,,,,,,,,,TN,,,,,,,,,,
443142733.0,1825160680,2023-12-28 20:01:34,206.4,9a27b17271ddc6d601ffaf4034317638d64d32d8,1353957,autoland,ContentfulSpeedIndex,True,microsoft ContentfulSpeedIndex opt fission warm webrender,,77,ms,firefox,False,|f|i|s|s|i|o|n| |w|a|r|m| |w|e|b|r|e|n|d|e|r|,,3776889,13,9b3df14599f65e991e2c4a5eaba7ebe76c85b8c3,102210fe594ee9b33d82058545b1ed14f4c8206e,linux1804-64-shippable-qr,microsoft,True,,,,,,,,,,,,,,,,,,,,,,,,,,,,,,,,,,,,,,,,,,,,,,,,,,TN,,,,,,,,,,
443582624.0,1827130320,2023-12-28 20:01:34,218.6,9a27b17271ddc6d601ffaf4034317638d64d32d8,1353957,autoland,ContentfulSpeedIndex,True,microsoft ContentfulSpeedIndex opt fission warm webrender,,77,ms,firefox,False,|f|i|s|s|i|o|n| |w|a|r|m| |w|e|b|r|e|n|d|e|r|,,3776889,13,9b3df14599f65e991e2c4a5eaba7ebe76c85b8c3,102210fe594ee9b33d82058545b1ed14f4c8206e,linux1804-64-shippable-qr,microsoft,True,,,,,,,,,,,,,,,,,,,,,,,,,,,,,,,,,,,,,,,,,,,,,,,,,,TN,,,,,,,,,,
443582626.0,1827130412,2023-12-28 20:01:34,209.6,9a27b17271ddc6d601ffaf4034317638d64d32d8,1353957,autoland,ContentfulSpeedIndex,True,microsoft ContentfulSpeedIndex opt fission warm webrender,,77,ms,firefox,False,|f|i|s|s|i|o|n| |w|a|r|m| |w|e|b|r|e|n|d|e|r|,,3776889,13,9b3df14599f65e991e2c4a5eaba7ebe76c85b8c3,102210fe594ee9b33d82058545b1ed14f4c8206e,linux1804-64-shippable-qr,microsoft,True,,,,,,,,,,,,,,,,,,,,,,,,,,,,,,,,,,,,,,,,,,,,,,,,,,TN,,,,,,,,,,
443582629.0,1827131782,2023-12-28 20:01:34,211.1,9a27b17271ddc6d601ffaf4034317638d64d32d8,1353957,autoland,ContentfulSpeedIndex,True,microsoft ContentfulSpeedIndex opt fission warm webrender,,77,ms,firefox,False,|f|i|s|s|i|o|n| |w|a|r|m| |w|e|b|r|e|n|d|e|r|,,3776889,13,9b3df14599f65e991e2c4a5eaba7ebe76c85b8c3,102210fe594ee9b33d82058545b1ed14f4c8206e,linux1804-64-shippable-qr,microsoft,True,,,,,,,,,,,,,,,,,,,,,,,,,,,,,,,,,,,,,,,,,,,,,,,,,,TN,,,,,,,,,,
443582632.0,1827132020,2023-12-28 20:01:34,206.3,9a27b17271ddc6d601ffaf4034317638d64d32d8,1353957,autoland,ContentfulSpeedIndex,True,microsoft ContentfulSpeedIndex opt fission warm webrender,,77,ms,firefox,False,|f|i|s|s|i|o|n| |w|a|r|m| |w|e|b|r|e|n|d|e|r|,,3776889,13,9b3df14599f65e991e2c4a5eaba7ebe76c85b8c3,102210fe594ee9b33d82058545b1ed14f4c8206e,linux1804-64-shippable-qr,microsoft,True,,,,,,,,,,,,,,,,,,,,,,,,,,,,,,,,,,,,,,,,,,,,,,,,,,TN,,,,,,,,,,
443582634.0,1827132474,2023-12-28 20:01:34,214.1,9a27b17271ddc6d601ffaf4034317638d64d32d8,1353957,autoland,ContentfulSpeedIndex,True,microsoft ContentfulSpeedIndex opt fission warm webrender,,77,ms,firefox,False,|f|i|s|s|i|o|n| |w|a|r|m| |w|e|b|r|e|n|d|e|r|,,3776889,13,9b3df14599f65e991e2c4a5eaba7ebe76c85b8c3,102210fe594ee9b33d82058545b1ed14f4c8206e,linux1804-64-shippable-qr,microsoft,True,,,,,,,,,,,,,,,,,,,,,,,,,,,,,,,,,,,,,,,,,,,,,,,,,,TN,,,,,,,,,,
442623921.0,1822574375,2023-12-28 20:06:28,212.4,b82b6da233beeedd53c6675fe538bed55b9f0c2e,1353958,autoland,ContentfulSpeedIndex,True,microsoft ContentfulSpeedIndex opt fission warm webrender,,77,ms,firefox,False,|f|i|s|s|i|o|n| |w|a|r|m| |w|e|b|r|e|n|d|e|r|,,3776889,13,9b3df14599f65e991e2c4a5eaba7ebe76c85b8c3,102210fe594ee9b33d82058545b1ed14f4c8206e,linux1804-64-shippable-qr,microsoft,True,,,,,,,,,,,,,,,,,,,,,,,,,,,,,,,,,,,,,,,,,,,,,,,,,,TN,,,,,,,,,,
442669824.0,1822860852,2023-12-28 20:06:28,218.3,b82b6da233beeedd53c6675fe538bed55b9f0c2e,1353958,autoland,ContentfulSpeedIndex,True,microsoft ContentfulSpeedIndex opt fission warm webrender,,77,ms,firefox,False,|f|i|s|s|i|o|n| |w|a|r|m| |w|e|b|r|e|n|d|e|r|,,3776889,13,9b3df14599f65e991e2c4a5eaba7ebe76c85b8c3,102210fe594ee9b33d82058545b1ed14f4c8206e,linux1804-64-shippable-qr,microsoft,True,,,,,,,,,,,,,,,,,,,,,,,,,,,,,,,,,,,,,,,,,,,,,,,,,,TN,,,,,,,,,,
442669919.0,1822860962,2023-12-28 20:06:28,214.1,b82b6da233beeedd53c6675fe538bed55b9f0c2e,1353958,autoland,ContentfulSpeedIndex,True,microsoft ContentfulSpeedIndex opt fission warm webrender,,77,ms,firefox,False,|f|i|s|s|i|o|n| |w|a|r|m| |w|e|b|r|e|n|d|e|r|,,3776889,13,9b3df14599f65e991e2c4a5eaba7ebe76c85b8c3,102210fe594ee9b33d82058545b1ed14f4c8206e,linux1804-64-shippable-qr,microsoft,True,,,,,,,,,,,,,,,,,,,,,,,,,,,,,,,,,,,,,,,,,,,,,,,,,,TN,,,,,,,,,,
443142719.0,1825157813,2023-12-28 20:06:28,203.6,b82b6da233beeedd53c6675fe538bed55b9f0c2e,1353958,autoland,ContentfulSpeedIndex,True,microsoft ContentfulSpeedIndex opt fission warm webrender,,77,ms,firefox,False,|f|i|s|s|i|o|n| |w|a|r|m| |w|e|b|r|e|n|d|e|r|,,3776889,13,9b3df14599f65e991e2c4a5eaba7ebe76c85b8c3,102210fe594ee9b33d82058545b1ed14f4c8206e,linux1804-64-shippable-qr,microsoft,True,,,,,,,,,,,,,,,,,,,,,,,,,,,,,,,,,,,,,,,,,,,,,,,,,,TN,,,,,,,,,,
443142724.0,1825158729,2023-12-28 20:06:28,207.6,b82b6da233beeedd53c6675fe538bed55b9f0c2e,1353958,autoland,ContentfulSpeedIndex,True,microsoft ContentfulSpeedIndex opt fission warm webrender,,77,ms,firefox,False,|f|i|s|s|i|o|n| |w|a|r|m| |w|e|b|r|e|n|d|e|r|,,3776889,13,9b3df14599f65e991e2c4a5eaba7ebe76c85b8c3,102210fe594ee9b33d82058545b1ed14f4c8206e,linux1804-64-shippable-qr,microsoft,True,,,,,,,,,,,,,,,,,,,,,,,,,,,,,,,,,,,,,,,,,,,,,,,,,,TN,,,,,,,,,,
443142726.0,1825159044,2023-12-28 20:06:28,209.3,b82b6da233beeedd53c6675fe538bed55b9f0c2e,1353958,autoland,ContentfulSpeedIndex,True,microsoft ContentfulSpeedIndex opt fission warm webrender,,77,ms,firefox,False,|f|i|s|s|i|o|n| |w|a|r|m| |w|e|b|r|e|n|d|e|r|,,3776889,13,9b3df14599f65e991e2c4a5eaba7ebe76c85b8c3,102210fe594ee9b33d82058545b1ed14f4c8206e,linux1804-64-shippable-qr,microsoft,True,,,,,,,,,,,,,,,,,,,,,,,,,,,,,,,,,,,,,,,,,,,,,,,,,,TN,,,,,,,,,,
443142730.0,1825160264,2023-12-28 20:06:28,205.2,b82b6da233beeedd53c6675fe538bed55b9f0c2e,1353958,autoland,ContentfulSpeedIndex,True,microsoft ContentfulSpeedIndex opt fission warm webrender,,77,ms,firefox,False,|f|i|s|s|i|o|n| |w|a|r|m| |w|e|b|r|e|n|d|e|r|,,3776889,13,9b3df14599f65e991e2c4a5eaba7ebe76c85b8c3,102210fe594ee9b33d82058545b1ed14f4c8206e,linux1804-64-shippable-qr,microsoft,True,,,,,,,,,,,,,,,,,,,,,,,,,,,,,,,,,,,,,,,,,,,,,,,,,,TN,,,,,,,,,,
443142734.0,1825160783,2023-12-28 20:06:28,214.1,b82b6da233beeedd53c6675fe538bed55b9f0c2e,1353958,autoland,ContentfulSpeedIndex,True,microsoft ContentfulSpeedIndex opt fission warm webrender,,77,ms,firefox,False,|f|i|s|s|i|o|n| |w|a|r|m| |w|e|b|r|e|n|d|e|r|,,3776889,13,9b3df14599f65e991e2c4a5eaba7ebe76c85b8c3,102210fe594ee9b33d82058545b1ed14f4c8206e,linux1804-64-shippable-qr,microsoft,True,,,,,,,,,,,,,,,,,,,,,,,,,,,,,,,,,,,,,,,,,,,,,,,,,,TN,,,,,,,,,,
443582636.0,1827132222,2023-12-28 20:06:28,176.7,b82b6da233beeedd53c6675fe538bed55b9f0c2e,1353958,autoland,ContentfulSpeedIndex,True,microsoft ContentfulSpeedIndex opt fission warm webrender,,77,ms,firefox,False,|f|i|s|s|i|o|n| |w|a|r|m| |w|e|b|r|e|n|d|e|r|,,3776889,13,9b3df14599f65e991e2c4a5eaba7ebe76c85b8c3,102210fe594ee9b33d82058545b1ed14f4c8206e,linux1804-64-shippable-qr,microsoft,True,,,,,,,,,,,,,,,,,,,,,,,,,,,,,,,,,,,,,,,,,,,,,,,,,,TN,,,,,,,,,,
443582637.0,1827132527,2023-12-28 20:06:28,214.0,b82b6da233beeedd53c6675fe538bed55b9f0c2e,1353958,autoland,ContentfulSpeedIndex,True,microsoft ContentfulSpeedIndex opt fission warm webrender,,77,ms,firefox,False,|f|i|s|s|i|o|n| |w|a|r|m| |w|e|b|r|e|n|d|e|r|,,3776889,13,9b3df14599f65e991e2c4a5eaba7ebe76c85b8c3,102210fe594ee9b33d82058545b1ed14f4c8206e,linux1804-64-shippable-qr,microsoft,True,,,,,,,,,,,,,,,,,,,,,,,,,,,,,,,,,,,,,,,,,,,,,,,,,,TN,,,,,,,,,,
443582638.0,1827132629,2023-12-28 20:06:28,218.8,b82b6da233beeedd53c6675fe538bed55b9f0c2e,1353958,autoland,ContentfulSpeedIndex,True,microsoft ContentfulSpeedIndex opt fission warm webrender,,77,ms,firefox,False,|f|i|s|s|i|o|n| |w|a|r|m| |w|e|b|r|e|n|d|e|r|,,3776889,13,9b3df14599f65e991e2c4a5eaba7ebe76c85b8c3,102210fe594ee9b33d82058545b1ed14f4c8206e,linux1804-64-shippable-qr,microsoft,True,,,,,,,,,,,,,,,,,,,,,,,,,,,,,,,,,,,,,,,,,,,,,,,,,,TN,,,,,,,,,,
443582639.0,1827132580,2023-12-28 20:06:28,209.8,b82b6da233beeedd53c6675fe538bed55b9f0c2e,1353958,autoland,ContentfulSpeedIndex,True,microsoft ContentfulSpeedIndex opt fission warm webrender,,77,ms,firefox,False,|f|i|s|s|i|o|n| |w|a|r|m| |w|e|b|r|e|n|d|e|r|,,3776889,13,9b3df14599f65e991e2c4a5eaba7ebe76c85b8c3,102210fe594ee9b33d82058545b1ed14f4c8206e,linux1804-64-shippable-qr,microsoft,True,,,,,,,,,,,,,,,,,,,,,,,,,,,,,,,,,,,,,,,,,,,,,,,,,,TN,,,,,,,,,,
443582640.0,1827132605,2023-12-28 20:06:28,215.9,b82b6da233beeedd53c6675fe538bed55b9f0c2e,1353958,autoland,ContentfulSpeedIndex,True,microsoft ContentfulSpeedIndex opt fission warm webrender,,77,ms,firefox,False,|f|i|s|s|i|o|n| |w|a|r|m| |w|e|b|r|e|n|d|e|r|,,3776889,13,9b3df14599f65e991e2c4a5eaba7ebe76c85b8c3,102210fe594ee9b33d82058545b1ed14f4c8206e,linux1804-64-shippable-qr,microsoft,True,,,,,,,,,,,,,,,,,,,,,,,,,,,,,,,,,,,,,,,,,,,,,,,,,,TN,,,,,,,,,,
443142737.0,1825161169,2023-12-28 20:32:29,211.3,2e15b5318d54850660d5c4e4ece3c82b2634d806,1353968,autoland,ContentfulSpeedIndex,True,microsoft ContentfulSpeedIndex opt fission warm webrender,,77,ms,firefox,False,|f|i|s|s|i|o|n| |w|a|r|m| |w|e|b|r|e|n|d|e|r|,,3776889,13,9b3df14599f65e991e2c4a5eaba7ebe76c85b8c3,102210fe594ee9b33d82058545b1ed14f4c8206e,linux1804-64-shippable-qr,microsoft,True,,,,,,,,,,,,,,,,,,,,,,,,,,,,,,,,,,,,,,,,,,,,,,,,,,TN,,,,,,,,,,
443142741.0,1825161444,2023-12-28 20:32:29,217.1,2e15b5318d54850660d5c4e4ece3c82b2634d806,1353968,autoland,ContentfulSpeedIndex,True,microsoft ContentfulSpeedIndex opt fission warm webrender,,77,ms,firefox,False,|f|i|s|s|i|o|n| |w|a|r|m| |w|e|b|r|e|n|d|e|r|,,3776889,13,9b3df14599f65e991e2c4a5eaba7ebe76c85b8c3,102210fe594ee9b33d82058545b1ed14f4c8206e,linux1804-64-shippable-qr,microsoft,True,,,,,,,,,,,,,,,,,,,,,,,,,,,,,,,,,,,,,,,,,,,,,,,,,,TN,,,,,,,,,,
443142742.0,1825161471,2023-12-28 20:32:29,209.1,2e15b5318d54850660d5c4e4ece3c82b2634d806,1353968,autoland,ContentfulSpeedIndex,True,microsoft ContentfulSpeedIndex opt fission warm webrender,,77,ms,firefox,False,|f|i|s|s|i|o|n| |w|a|r|m| |w|e|b|r|e|n|d|e|r|,,3776889,13,9b3df14599f65e991e2c4a5eaba7ebe76c85b8c3,102210fe594ee9b33d82058545b1ed14f4c8206e,linux1804-64-shippable-qr,microsoft,True,,,,,,,,,,,,,,,,,,,,,,,,,,,,,,,,,,,,,,,,,,,,,,,,,,TN,,,,,,,,,,
443142743.0,1825161517,2023-12-28 20:32:29,208.1,2e15b5318d54850660d5c4e4ece3c82b2634d806,1353968,autoland,ContentfulSpeedIndex,True,microsoft ContentfulSpeedIndex opt fission warm webrender,,77,ms,firefox,False,|f|i|s|s|i|o|n| |w|a|r|m| |w|e|b|r|e|n|d|e|r|,,3776889,13,9b3df14599f65e991e2c4a5eaba7ebe76c85b8c3,102210fe594ee9b33d82058545b1ed14f4c8206e,linux1804-64-shippable-qr,microsoft,True,,,,,,,,,,,,,,,,,,,,,,,,,,,,,,,,,,,,,,,,,,,,,,,,,,TN,,,,,,,,,,
443142746.0,1825162178,2023-12-28 20:32:29,212.6,2e15b5318d54850660d5c4e4ece3c82b2634d806,1353968,autoland,ContentfulSpeedIndex,True,microsoft ContentfulSpeedIndex opt fission warm webrender,,77,ms,firefox,False,|f|i|s|s|i|o|n| |w|a|r|m| |w|e|b|r|e|n|d|e|r|,,3776889,13,9b3df14599f65e991e2c4a5eaba7ebe76c85b8c3,102210fe594ee9b33d82058545b1ed14f4c8206e,linux1804-64-shippable-qr,microsoft,True,,,,,,,,,,,,,,,,,,,,,,,,,,,,,,,,,,,,,,,,,,,,,,,,,,TN,,,,,,,,,,
442623923.0,1822574239,2023-12-28 20:48:01,212.3,4ee5704c973eff299a996b41d136ef982eeb111a,1353973,autoland,ContentfulSpeedIndex,True,microsoft ContentfulSpeedIndex opt fission warm webrender,,77,ms,firefox,False,|f|i|s|s|i|o|n| |w|a|r|m| |w|e|b|r|e|n|d|e|r|,,3776889,13,9b3df14599f65e991e2c4a5eaba7ebe76c85b8c3,102210fe594ee9b33d82058545b1ed14f4c8206e,linux1804-64-shippable-qr,microsoft,True,,,,,,,,,,,,,,,,,,,,,,,,,,,,,,,,,,,,,,,,,,,,,,,,,,TN,,,,,,,,,,
443142718.0,1825128861,2023-12-28 20:48:01,212.2,4ee5704c973eff299a996b41d136ef982eeb111a,1353973,autoland,ContentfulSpeedIndex,True,microsoft ContentfulSpeedIndex opt fission warm webrender,,77,ms,firefox,False,|f|i|s|s|i|o|n| |w|a|r|m| |w|e|b|r|e|n|d|e|r|,,3776889,13,9b3df14599f65e991e2c4a5eaba7ebe76c85b8c3,102210fe594ee9b33d82058545b1ed14f4c8206e,linux1804-64-shippable-qr,microsoft,True,,,,,,,,,,,,,,,,,,,,,,,,,,,,,,,,,,,,,,,,,,,,,,,,,,TN,,,,,,,,,,
443142722.0,1825158438,2023-12-28 20:48:01,221.4,4ee5704c973eff299a996b41d136ef982eeb111a,1353973,autoland,ContentfulSpeedIndex,True,microsoft ContentfulSpeedIndex opt fission warm webrender,,77,ms,firefox,False,|f|i|s|s|i|o|n| |w|a|r|m| |w|e|b|r|e|n|d|e|r|,,3776889,13,9b3df14599f65e991e2c4a5eaba7ebe76c85b8c3,102210fe594ee9b33d82058545b1ed14f4c8206e,linux1804-64-shippable-qr,microsoft,True,,,,,,,,,,,,,,,,,,,,,,,,,,,,,,,,,,,,,,,,,,,,,,,,,,TN,,,,,,,,,,
443142728.0,1825159617,2023-12-28 20:48:01,218.6,4ee5704c973eff299a996b41d136ef982eeb111a,1353973,autoland,ContentfulSpeedIndex,True,microsoft ContentfulSpeedIndex opt fission warm webrender,,77,ms,firefox,False,|f|i|s|s|i|o|n| |w|a|r|m| |w|e|b|r|e|n|d|e|r|,,3776889,13,9b3df14599f65e991e2c4a5eaba7ebe76c85b8c3,102210fe594ee9b33d82058545b1ed14f4c8206e,linux1804-64-shippable-qr,microsoft,True,,,,,,,,,,,,,,,,,,,,,,,,,,,,,,,,,,,,,,,,,,,,,,,,,,TN,,,,,,,,,,
443142731.0,1825160450,2023-12-28 20:48:01,214.0,4ee5704c973eff299a996b41d136ef982eeb111a,1353973,autoland,ContentfulSpeedIndex,True,microsoft ContentfulSpeedIndex opt fission warm webrender,,77,ms,firefox,False,|f|i|s|s|i|o|n| |w|a|r|m| |w|e|b|r|e|n|d|e|r|,,3776889,13,9b3df14599f65e991e2c4a5eaba7ebe76c85b8c3,102210fe594ee9b33d82058545b1ed14f4c8206e,linux1804-64-shippable-qr,microsoft,True,,,,,,,,,,,,,,,,,,,,,,,,,,,,,,,,,,,,,,,,,,,,,,,,,,TN,,,,,,,,,,
443142735.0,1825160911,2023-12-28 20:48:01,223.7,4ee5704c973eff299a996b41d136ef982eeb111a,1353973,autoland,ContentfulSpeedIndex,True,microsoft ContentfulSpeedIndex opt fission warm webrender,,77,ms,firefox,False,|f|i|s|s|i|o|n| |w|a|r|m| |w|e|b|r|e|n|d|e|r|,,3776889,13,9b3df14599f65e991e2c4a5eaba7ebe76c85b8c3,102210fe594ee9b33d82058545b1ed14f4c8206e,linux1804-64-shippable-qr,microsoft,True,,,,,,,,,,,,,,,,,,,,,,,,,,,,,,,,,,,,,,,,,,,,,,,,,,TN,,,,,,,,,,
442623924.0,1822574276,2023-12-28 22:01:20,217.0,ebce2d977aa71d671b4db8abe1572b07665e2486,1353992,autoland,ContentfulSpeedIndex,True,microsoft ContentfulSpeedIndex opt fission warm webrender,,77,ms,firefox,False,|f|i|s|s|i|o|n| |w|a|r|m| |w|e|b|r|e|n|d|e|r|,,3776889,13,9b3df14599f65e991e2c4a5eaba7ebe76c85b8c3,102210fe594ee9b33d82058545b1ed14f4c8206e,linux1804-64-shippable-qr,microsoft,True,,,,,,,,,,,,,,,,,,,,,,,,,,,,,,,,,,,,,,,,,,,,,,,,,,TN,,,,,,,,,,
443142748.0,1825162239,2023-12-28 22:01:20,214.3,ebce2d977aa71d671b4db8abe1572b07665e2486,1353992,autoland,ContentfulSpeedIndex,True,microsoft ContentfulSpeedIndex opt fission warm webrender,,77,ms,firefox,False,|f|i|s|s|i|o|n| |w|a|r|m| |w|e|b|r|e|n|d|e|r|,,3776889,13,9b3df14599f65e991e2c4a5eaba7ebe76c85b8c3,102210fe594ee9b33d82058545b1ed14f4c8206e,linux1804-64-shippable-qr,microsoft,True,,,,,,,,,,,,,,,,,,,,,,,,,,,,,,,,,,,,,,,,,,,,,,,,,,TN,,,,,,,,,,
443142749.0,1825162432,2023-12-28 22:01:20,221.5,ebce2d977aa71d671b4db8abe1572b07665e2486,1353992,autoland,ContentfulSpeedIndex,True,microsoft ContentfulSpeedIndex opt fission warm webrender,,77,ms,firefox,False,|f|i|s|s|i|o|n| |w|a|r|m| |w|e|b|r|e|n|d|e|r|,,3776889,13,9b3df14599f65e991e2c4a5eaba7ebe76c85b8c3,102210fe594ee9b33d82058545b1ed14f4c8206e,linux1804-64-shippable-qr,microsoft,True,,,,,,,,,,,,,,,,,,,,,,,,,,,,,,,,,,,,,,,,,,,,,,,,,,TN,,,,,,,,,,
443142750.0,1825162532,2023-12-28 22:01:20,204.8,ebce2d977aa71d671b4db8abe1572b07665e2486,1353992,autoland,ContentfulSpeedIndex,True,microsoft ContentfulSpeedIndex opt fission warm webrender,,77,ms,firefox,False,|f|i|s|s|i|o|n| |w|a|r|m| |w|e|b|r|e|n|d|e|r|,,3776889,13,9b3df14599f65e991e2c4a5eaba7ebe76c85b8c3,102210fe594ee9b33d82058545b1ed14f4c8206e,linux1804-64-shippable-qr,microsoft,True,,,,,,,,,,,,,,,,,,,,,,,,,,,,,,,,,,,,,,,,,,,,,,,,,,TN,,,,,,,,,,
443142751.0,1825162457,2023-12-28 22:01:20,206.6,ebce2d977aa71d671b4db8abe1572b07665e2486,1353992,autoland,ContentfulSpeedIndex,True,microsoft ContentfulSpeedIndex opt fission warm webrender,,77,ms,firefox,False,|f|i|s|s|i|o|n| |w|a|r|m| |w|e|b|r|e|n|d|e|r|,,3776889,13,9b3df14599f65e991e2c4a5eaba7ebe76c85b8c3,102210fe594ee9b33d82058545b1ed14f4c8206e,linux1804-64-shippable-qr,microsoft,True,,,,,,,,,,,,,,,,,,,,,,,,,,,,,,,,,,,,,,,,,,,,,,,,,,TN,,,,,,,,,,
443142752.0,1825162569,2023-12-28 22:01:20,206.9,ebce2d977aa71d671b4db8abe1572b07665e2486,1353992,autoland,ContentfulSpeedIndex,True,microsoft ContentfulSpeedIndex opt fission warm webrender,,77,ms,firefox,False,|f|i|s|s|i|o|n| |w|a|r|m| |w|e|b|r|e|n|d|e|r|,,3776889,13,9b3df14599f65e991e2c4a5eaba7ebe76c85b8c3,102210fe594ee9b33d82058545b1ed14f4c8206e,linux1804-64-shippable-qr,microsoft,True,,,,,,,,,,,,,,,,,,,,,,,,,,,,,,,,,,,,,,,,,,,,,,,,,,TN,,,,,,,,,,
443142809.0,1825162837,2023-12-28 22:01:20,215.6,ebce2d977aa71d671b4db8abe1572b07665e2486,1353992,autoland,ContentfulSpeedIndex,True,microsoft ContentfulSpeedIndex opt fission warm webrender,,77,ms,firefox,False,|f|i|s|s|i|o|n| |w|a|r|m| |w|e|b|r|e|n|d|e|r|,,3776889,13,9b3df14599f65e991e2c4a5eaba7ebe76c85b8c3,102210fe594ee9b33d82058545b1ed14f4c8206e,linux1804-64-shippable-qr,microsoft,True,,,,,,,,,,,,,,,,,,,,,,,,,,,,,,,,,,,,,,,,,,,,,,,,,,TN,,,,,,,,,,
443142810.0,1825162115,2023-12-28 22:01:20,172.5,ebce2d977aa71d671b4db8abe1572b07665e2486,1353992,autoland,ContentfulSpeedIndex,True,microsoft ContentfulSpeedIndex opt fission warm webrender,,77,ms,firefox,False,|f|i|s|s|i|o|n| |w|a|r|m| |w|e|b|r|e|n|d|e|r|,,3776889,13,9b3df14599f65e991e2c4a5eaba7ebe76c85b8c3,102210fe594ee9b33d82058545b1ed14f4c8206e,linux1804-64-shippable-qr,microsoft,True,,,,,,,,,,,,,,,,,,,,,,,,,,,,,,,,,,,,,,,,,,,,,,,,,,TN,,,,,,,,,,
443142811.0,1825163021,2023-12-28 22:01:20,214.0,ebce2d977aa71d671b4db8abe1572b07665e2486,1353992,autoland,ContentfulSpeedIndex,True,microsoft ContentfulSpeedIndex opt fission warm webrender,,77,ms,firefox,False,|f|i|s|s|i|o|n| |w|a|r|m| |w|e|b|r|e|n|d|e|r|,,3776889,13,9b3df14599f65e991e2c4a5eaba7ebe76c85b8c3,102210fe594ee9b33d82058545b1ed14f4c8206e,linux1804-64-shippable-qr,microsoft,True,,,,,,,,,,,,,,,,,,,,,,,,,,,,,,,,,,,,,,,,,,,,,,,,,,TN,,,,,,,,,,
443142812.0,1825163074,2023-12-28 22:01:20,210.9,ebce2d977aa71d671b4db8abe1572b07665e2486,1353992,autoland,ContentfulSpeedIndex,True,microsoft ContentfulSpeedIndex opt fission warm webrender,,77,ms,firefox,False,|f|i|s|s|i|o|n| |w|a|r|m| |w|e|b|r|e|n|d|e|r|,,3776889,13,9b3df14599f65e991e2c4a5eaba7ebe76c85b8c3,102210fe594ee9b33d82058545b1ed14f4c8206e,linux1804-64-shippable-qr,microsoft,True,,,,,,,,,,,,,,,,,,,,,,,,,,,,,,,,,,,,,,,,,,,,,,,,,,TN,,,,,,,,,,
443142813.0,1825163282,2023-12-28 22:01:20,209.5,ebce2d977aa71d671b4db8abe1572b07665e2486,1353992,autoland,ContentfulSpeedIndex,True,microsoft ContentfulSpeedIndex opt fission warm webrender,,77,ms,firefox,False,|f|i|s|s|i|o|n| |w|a|r|m| |w|e|b|r|e|n|d|e|r|,,3776889,13,9b3df14599f65e991e2c4a5eaba7ebe76c85b8c3,102210fe594ee9b33d82058545b1ed14f4c8206e,linux1804-64-shippable-qr,microsoft,True,,,,,,,,,,,,,,,,,,,,,,,,,,,,,,,,,,,,,,,,,,,,,,,,,,TN,,,,,,,,,,
443142814.0,1825163365,2023-12-28 22:01:20,218.6,ebce2d977aa71d671b4db8abe1572b07665e2486,1353992,autoland,ContentfulSpeedIndex,True,microsoft ContentfulSpeedIndex opt fission warm webrender,,77,ms,firefox,False,|f|i|s|s|i|o|n| |w|a|r|m| |w|e|b|r|e|n|d|e|r|,,3776889,13,9b3df14599f65e991e2c4a5eaba7ebe76c85b8c3,102210fe594ee9b33d82058545b1ed14f4c8206e,linux1804-64-shippable-qr,microsoft,True,,,,,,,,,,,,,,,,,,,,,,,,,,,,,,,,,,,,,,,,,,,,,,,,,,TN,,,,,,,,,,
443142815.0,1825163515,2023-12-28 22:01:20,214.1,ebce2d977aa71d671b4db8abe1572b07665e2486,1353992,autoland,ContentfulSpeedIndex,True,microsoft ContentfulSpeedIndex opt fission warm webrender,,77,ms,firefox,False,|f|i|s|s|i|o|n| |w|a|r|m| |w|e|b|r|e|n|d|e|r|,,3776889,13,9b3df14599f65e991e2c4a5eaba7ebe76c85b8c3,102210fe594ee9b33d82058545b1ed14f4c8206e,linux1804-64-shippable-qr,microsoft,True,,,,,,,,,,,,,,,,,,,,,,,,,,,,,,,,,,,,,,,,,,,,,,,,,,TN,,,,,,,,,,
442623925.0,1822574305,2023-12-28 22:40:14,215.4,2551e8d043d888c7fb2f07370e492f3088cc5625,1353997,autoland,ContentfulSpeedIndex,True,microsoft ContentfulSpeedIndex opt fission warm webrender,,77,ms,firefox,False,|f|i|s|s|i|o|n| |w|a|r|m| |w|e|b|r|e|n|d|e|r|,,3776889,13,9b3df14599f65e991e2c4a5eaba7ebe76c85b8c3,102210fe594ee9b33d82058545b1ed14f4c8206e,linux1804-64-shippable-qr,microsoft,True,,,,,,,,,,,,,,,,,,,,,,,,,,,,,,,,,,,,,,,,,,,,,,,,,,TN,,,,,,,,,,
443142817.0,1825163469,2023-12-28 22:40:14,209.6,2551e8d043d888c7fb2f07370e492f3088cc5625,1353997,autoland,ContentfulSpeedIndex,True,microsoft ContentfulSpeedIndex opt fission warm webrender,,77,ms,firefox,False,|f|i|s|s|i|o|n| |w|a|r|m| |w|e|b|r|e|n|d|e|r|,,3776889,13,9b3df14599f65e991e2c4a5eaba7ebe76c85b8c3,102210fe594ee9b33d82058545b1ed14f4c8206e,linux1804-64-shippable-qr,microsoft,True,,,,,,,,,,,,,,,,,,,,,,,,,,,,,,,,,,,,,,,,,,,,,,,,,,TN,,,,,,,,,,
443142818.0,1825163446,2023-12-28 22:40:14,216.7,2551e8d043d888c7fb2f07370e492f3088cc5625,1353997,autoland,ContentfulSpeedIndex,True,microsoft ContentfulSpeedIndex opt fission warm webrender,,77,ms,firefox,False,|f|i|s|s|i|o|n| |w|a|r|m| |w|e|b|r|e|n|d|e|r|,,3776889,13,9b3df14599f65e991e2c4a5eaba7ebe76c85b8c3,102210fe594ee9b33d82058545b1ed14f4c8206e,linux1804-64-shippable-qr,microsoft,True,,,,,,,,,,,,,,,,,,,,,,,,,,,,,,,,,,,,,,,,,,,,,,,,,,TN,,,,,,,,,,
443142819.0,1825163563,2023-12-28 22:40:14,216.7,2551e8d043d888c7fb2f07370e492f3088cc5625,1353997,autoland,ContentfulSpeedIndex,True,microsoft ContentfulSpeedIndex opt fission warm webrender,,77,ms,firefox,False,|f|i|s|s|i|o|n| |w|a|r|m| |w|e|b|r|e|n|d|e|r|,,3776889,13,9b3df14599f65e991e2c4a5eaba7ebe76c85b8c3,102210fe594ee9b33d82058545b1ed14f4c8206e,linux1804-64-shippable-qr,microsoft,True,,,,,,,,,,,,,,,,,,,,,,,,,,,,,,,,,,,,,,,,,,,,,,,,,,TN,,,,,,,,,,
443142820.0,1825163919,2023-12-28 22:40:14,209.0,2551e8d043d888c7fb2f07370e492f3088cc5625,1353997,autoland,ContentfulSpeedIndex,True,microsoft ContentfulSpeedIndex opt fission warm webrender,,77,ms,firefox,False,|f|i|s|s|i|o|n| |w|a|r|m| |w|e|b|r|e|n|d|e|r|,,3776889,13,9b3df14599f65e991e2c4a5eaba7ebe76c85b8c3,102210fe594ee9b33d82058545b1ed14f4c8206e,linux1804-64-shippable-qr,microsoft,True,,,,,,,,,,,,,,,,,,,,,,,,,,,,,,,,,,,,,,,,,,,,,,,,,,TN,,,,,,,,,,
443142821.0,1825164409,2023-12-28 22:40:14,214.4,2551e8d043d888c7fb2f07370e492f3088cc5625,1353997,autoland,ContentfulSpeedIndex,True,microsoft ContentfulSpeedIndex opt fission warm webrender,,77,ms,firefox,False,|f|i|s|s|i|o|n| |w|a|r|m| |w|e|b|r|e|n|d|e|r|,,3776889,13,9b3df14599f65e991e2c4a5eaba7ebe76c85b8c3,102210fe594ee9b33d82058545b1ed14f4c8206e,linux1804-64-shippable-qr,microsoft,True,,,,,,,,,,,,,,,,,,,,,,,,,,,,,,,,,,,,,,,,,,,,,,,,,,TN,,,,,,,,,,
443142822.0,1825163611,2023-12-28 22:40:14,209.1,2551e8d043d888c7fb2f07370e492f3088cc5625,1353997,autoland,ContentfulSpeedIndex,True,microsoft ContentfulSpeedIndex opt fission warm webrender,,77,ms,firefox,False,|f|i|s|s|i|o|n| |w|a|r|m| |w|e|b|r|e|n|d|e|r|,,3776889,13,9b3df14599f65e991e2c4a5eaba7ebe76c85b8c3,102210fe594ee9b33d82058545b1ed14f4c8206e,linux1804-64-shippable-qr,microsoft,True,,,,,,,,,,,,,,,,,,,,,,,,,,,,,,,,,,,,,,,,,,,,,,,,,,TN,,,,,,,,,,
443142823.0,1825164434,2023-12-28 22:40:14,205.0,2551e8d043d888c7fb2f07370e492f3088cc5625,1353997,autoland,ContentfulSpeedIndex,True,microsoft ContentfulSpeedIndex opt fission warm webrender,,77,ms,firefox,False,|f|i|s|s|i|o|n| |w|a|r|m| |w|e|b|r|e|n|d|e|r|,,3776889,13,9b3df14599f65e991e2c4a5eaba7ebe76c85b8c3,102210fe594ee9b33d82058545b1ed14f4c8206e,linux1804-64-shippable-qr,microsoft,True,,,,,,,,,,,,,,,,,,,,,,,,,,,,,,,,,,,,,,,,,,,,,,,,,,TN,,,,,,,,,,
443143149.0,1825164814,2023-12-28 22:40:14,220.3,2551e8d043d888c7fb2f07370e492f3088cc5625,1353997,autoland,ContentfulSpeedIndex,True,microsoft ContentfulSpeedIndex opt fission warm webrender,,77,ms,firefox,False,|f|i|s|s|i|o|n| |w|a|r|m| |w|e|b|r|e|n|d|e|r|,,3776889,13,9b3df14599f65e991e2c4a5eaba7ebe76c85b8c3,102210fe594ee9b33d82058545b1ed14f4c8206e,linux1804-64-shippable-qr,microsoft,True,,,,,,,,,,,,,,,,,,,,,,,,,,,,,,,,,,,,,,,,,,,,,,,,,,TN,,,,,,,,,,
443143150.0,1825165385,2023-12-28 22:40:14,208.3,2551e8d043d888c7fb2f07370e492f3088cc5625,1353997,autoland,ContentfulSpeedIndex,True,microsoft ContentfulSpeedIndex opt fission warm webrender,,77,ms,firefox,False,|f|i|s|s|i|o|n| |w|a|r|m| |w|e|b|r|e|n|d|e|r|,,3776889,13,9b3df14599f65e991e2c4a5eaba7ebe76c85b8c3,102210fe594ee9b33d82058545b1ed14f4c8206e,linux1804-64-shippable-qr,microsoft,True,,,,,,,,,,,,,,,,,,,,,,,,,,,,,,,,,,,,,,,,,,,,,,,,,,TN,,,,,,,,,,
443143152.0,1825166696,2023-12-28 22:40:14,210.8,2551e8d043d888c7fb2f07370e492f3088cc5625,1353997,autoland,ContentfulSpeedIndex,True,microsoft ContentfulSpeedIndex opt fission warm webrender,,77,ms,firefox,False,|f|i|s|s|i|o|n| |w|a|r|m| |w|e|b|r|e|n|d|e|r|,,3776889,13,9b3df14599f65e991e2c4a5eaba7ebe76c85b8c3,102210fe594ee9b33d82058545b1ed14f4c8206e,linux1804-64-shippable-qr,microsoft,True,,,,,,,,,,,,,,,,,,,,,,,,,,,,,,,,,,,,,,,,,,,,,,,,,,TN,,,,,,,,,,
443143155.0,1825167022,2023-12-28 22:40:14,203.9,2551e8d043d888c7fb2f07370e492f3088cc5625,1353997,autoland,ContentfulSpeedIndex,True,microsoft ContentfulSpeedIndex opt fission warm webrender,,77,ms,firefox,False,|f|i|s|s|i|o|n| |w|a|r|m| |w|e|b|r|e|n|d|e|r|,,3776889,13,9b3df14599f65e991e2c4a5eaba7ebe76c85b8c3,102210fe594ee9b33d82058545b1ed14f4c8206e,linux1804-64-shippable-qr,microsoft,True,,,,,,,,,,,,,,,,,,,,,,,,,,,,,,,,,,,,,,,,,,,,,,,,,,TN,,,,,,,,,,
443143156.0,1825167152,2023-12-28 22:40:14,208.2,2551e8d043d888c7fb2f07370e492f3088cc5625,1353997,autoland,ContentfulSpeedIndex,True,microsoft ContentfulSpeedIndex opt fission warm webrender,,77,ms,firefox,False,|f|i|s|s|i|o|n| |w|a|r|m| |w|e|b|r|e|n|d|e|r|,,3776889,13,9b3df14599f65e991e2c4a5eaba7ebe76c85b8c3,102210fe594ee9b33d82058545b1ed14f4c8206e,linux1804-64-shippable-qr,microsoft,True,,,,,,,,,,,,,,,,,,,,,,,,,,,,,,,,,,,,,,,,,,,,,,,,,,TN,,,,,,,,,,
444569505.0,1831920215,2023-12-28 22:40:14,212.2,2551e8d043d888c7fb2f07370e492f3088cc5625,1353997,autoland,ContentfulSpeedIndex,True,microsoft ContentfulSpeedIndex opt fission warm webrender,,77,ms,firefox,False,|f|i|s|s|i|o|n| |w|a|r|m| |w|e|b|r|e|n|d|e|r|,,3776889,13,9b3df14599f65e991e2c4a5eaba7ebe76c85b8c3,102210fe594ee9b33d82058545b1ed14f4c8206e,linux1804-64-shippable-qr,microsoft,True,,,,,,,,,,,,,,,,,,,,,,,,,,,,,,,,,,,,,,,,,,,,,,,,,,TN,,,,,,,,,,
444569508.0,1831920670,2023-12-28 22:40:14,212.4,2551e8d043d888c7fb2f07370e492f3088cc5625,1353997,autoland,ContentfulSpeedIndex,True,microsoft ContentfulSpeedIndex opt fission warm webrender,,77,ms,firefox,False,|f|i|s|s|i|o|n| |w|a|r|m| |w|e|b|r|e|n|d|e|r|,,3776889,13,9b3df14599f65e991e2c4a5eaba7ebe76c85b8c3,102210fe594ee9b33d82058545b1ed14f4c8206e,linux1804-64-shippable-qr,microsoft,True,,,,,,,,,,,,,,,,,,,,,,,,,,,,,,,,,,,,,,,,,,,,,,,,,,TN,,,,,,,,,,
444569509.0,1831920783,2023-12-28 22:40:14,215.5,2551e8d043d888c7fb2f07370e492f3088cc5625,1353997,autoland,ContentfulSpeedIndex,True,microsoft ContentfulSpeedIndex opt fission warm webrender,,77,ms,firefox,False,|f|i|s|s|i|o|n| |w|a|r|m| |w|e|b|r|e|n|d|e|r|,,3776889,13,9b3df14599f65e991e2c4a5eaba7ebe76c85b8c3,102210fe594ee9b33d82058545b1ed14f4c8206e,linux1804-64-shippable-qr,microsoft,True,,,,,,,,,,,,,,,,,,,,,,,,,,,,,,,,,,,,,,,,,,,,,,,,,,TN,,,,,,,,,,
442623927.0,1822574185,2023-12-28 22:41:06,218.4,c420beeaba307c99b31779d176498bcad550b4d0,1353998,autoland,ContentfulSpeedIndex,True,microsoft ContentfulSpeedIndex opt fission warm webrender,,77,ms,firefox,False,|f|i|s|s|i|o|n| |w|a|r|m| |w|e|b|r|e|n|d|e|r|,,3776889,13,9b3df14599f65e991e2c4a5eaba7ebe76c85b8c3,102210fe594ee9b33d82058545b1ed14f4c8206e,linux1804-64-shippable-qr,microsoft,True,,,,,,,,,,,,,,,,,,,,,,,,,,,,,,,,,,,,,,,,,,,,,,,,,,TN,,,,,,,,,,
443143171.0,1825169721,2023-12-28 22:41:06,208.0,c420beeaba307c99b31779d176498bcad550b4d0,1353998,autoland,ContentfulSpeedIndex,True,microsoft ContentfulSpeedIndex opt fission warm webrender,,77,ms,firefox,False,|f|i|s|s|i|o|n| |w|a|r|m| |w|e|b|r|e|n|d|e|r|,,3776889,13,9b3df14599f65e991e2c4a5eaba7ebe76c85b8c3,102210fe594ee9b33d82058545b1ed14f4c8206e,linux1804-64-shippable-qr,microsoft,True,,,,,,,,,,,,,,,,,,,,,,,,,,,,,,,,,,,,,,,,,,,,,,,,,,TN,,,,,,,,,,
443143172.0,1825169738,2023-12-28 22:41:06,208.2,c420beeaba307c99b31779d176498bcad550b4d0,1353998,autoland,ContentfulSpeedIndex,True,microsoft ContentfulSpeedIndex opt fission warm webrender,,77,ms,firefox,False,|f|i|s|s|i|o|n| |w|a|r|m| |w|e|b|r|e|n|d|e|r|,,3776889,13,9b3df14599f65e991e2c4a5eaba7ebe76c85b8c3,102210fe594ee9b33d82058545b1ed14f4c8206e,linux1804-64-shippable-qr,microsoft,True,,,,,,,,,,,,,,,,,,,,,,,,,,,,,,,,,,,,,,,,,,,,,,,,,,TN,,,,,,,,,,
443143173.0,1825169833,2023-12-28 22:41:06,215.4,c420beeaba307c99b31779d176498bcad550b4d0,1353998,autoland,ContentfulSpeedIndex,True,microsoft ContentfulSpeedIndex opt fission warm webrender,,77,ms,firefox,False,|f|i|s|s|i|o|n| |w|a|r|m| |w|e|b|r|e|n|d|e|r|,,3776889,13,9b3df14599f65e991e2c4a5eaba7ebe76c85b8c3,102210fe594ee9b33d82058545b1ed14f4c8206e,linux1804-64-shippable-qr,microsoft,True,,,,,,,,,,,,,,,,,,,,,,,,,,,,,,,,,,,,,,,,,,,,,,,,,,TN,,,,,,,,,,
443143174.0,1825169936,2023-12-28 22:41:06,217.0,c420beeaba307c99b31779d176498bcad550b4d0,1353998,autoland,ContentfulSpeedIndex,True,microsoft ContentfulSpeedIndex opt fission warm webrender,,77,ms,firefox,False,|f|i|s|s|i|o|n| |w|a|r|m| |w|e|b|r|e|n|d|e|r|,,3776889,13,9b3df14599f65e991e2c4a5eaba7ebe76c85b8c3,102210fe594ee9b33d82058545b1ed14f4c8206e,linux1804-64-shippable-qr,microsoft,True,,,,,,,,,,,,,,,,,,,,,,,,,,,,,,,,,,,,,,,,,,,,,,,,,,TN,,,,,,,,,,
443143175.0,1825169913,2023-12-28 22:41:06,212.2,c420beeaba307c99b31779d176498bcad550b4d0,1353998,autoland,ContentfulSpeedIndex,True,microsoft ContentfulSpeedIndex opt fission warm webrender,,77,ms,firefox,False,|f|i|s|s|i|o|n| |w|a|r|m| |w|e|b|r|e|n|d|e|r|,,3776889,13,9b3df14599f65e991e2c4a5eaba7ebe76c85b8c3,102210fe594ee9b33d82058545b1ed14f4c8206e,linux1804-64-shippable-qr,microsoft,True,,,,,,,,,,,,,,,,,,,,,,,,,,,,,,,,,,,,,,,,,,,,,,,,,,TN,,,,,,,,,,
444569501.0,1831919861,2023-12-28 22:41:06,211.3,c420beeaba307c99b31779d176498bcad550b4d0,1353998,autoland,ContentfulSpeedIndex,True,microsoft ContentfulSpeedIndex opt fission warm webrender,,77,ms,firefox,False,|f|i|s|s|i|o|n| |w|a|r|m| |w|e|b|r|e|n|d|e|r|,,3776889,13,9b3df14599f65e991e2c4a5eaba7ebe76c85b8c3,102210fe594ee9b33d82058545b1ed14f4c8206e,linux1804-64-shippable-qr,microsoft,True,,,,,,,,,,,,,,,,,,,,,,,,,,,,,,,,,,,,,,,,,,,,,,,,,,TN,,,,,,,,,,
444569504.0,1831920170,2023-12-28 22:41:06,216.9,c420beeaba307c99b31779d176498bcad550b4d0,1353998,autoland,ContentfulSpeedIndex,True,microsoft ContentfulSpeedIndex opt fission warm webrender,,77,ms,firefox,False,|f|i|s|s|i|o|n| |w|a|r|m| |w|e|b|r|e|n|d|e|r|,,3776889,13,9b3df14599f65e991e2c4a5eaba7ebe76c85b8c3,102210fe594ee9b33d82058545b1ed14f4c8206e,linux1804-64-shippable-qr,microsoft,True,,,,,,,,,,,,,,,,,,,,,,,,,,,,,,,,,,,,,,,,,,,,,,,,,,TN,,,,,,,,,,
442623926.0,1822574213,2023-12-28 22:50:23,211.4,b1abf39e79b3f0d2f40022c20abc6aa892a59969,1353999,autoland,ContentfulSpeedIndex,True,microsoft ContentfulSpeedIndex opt fission warm webrender,,77,ms,firefox,False,|f|i|s|s|i|o|n| |w|a|r|m| |w|e|b|r|e|n|d|e|r|,,3776889,13,9b3df14599f65e991e2c4a5eaba7ebe76c85b8c3,102210fe594ee9b33d82058545b1ed14f4c8206e,linux1804-64-shippable-qr,microsoft,True,,,,,,,,,,,,,,,,,,,,,,,,,,,,,,,,,,,,,,,,,,,,,,,,,,TN,,,,,,,,,,
443143148.0,1825164878,2023-12-28 22:50:23,210.9,b1abf39e79b3f0d2f40022c20abc6aa892a59969,1353999,autoland,ContentfulSpeedIndex,True,microsoft ContentfulSpeedIndex opt fission warm webrender,,77,ms,firefox,False,|f|i|s|s|i|o|n| |w|a|r|m| |w|e|b|r|e|n|d|e|r|,,3776889,13,9b3df14599f65e991e2c4a5eaba7ebe76c85b8c3,102210fe594ee9b33d82058545b1ed14f4c8206e,linux1804-64-shippable-qr,microsoft,True,,,,,,,,,,,,,,,,,,,,,,,,,,,,,,,,,,,,,,,,,,,,,,,,,,TN,,,,,,,,,,
443143151.0,1825165564,2023-12-28 22:50:23,211.6,b1abf39e79b3f0d2f40022c20abc6aa892a59969,1353999,autoland,ContentfulSpeedIndex,True,microsoft ContentfulSpeedIndex opt fission warm webrender,,77,ms,firefox,False,|f|i|s|s|i|o|n| |w|a|r|m| |w|e|b|r|e|n|d|e|r|,,3776889,13,9b3df14599f65e991e2c4a5eaba7ebe76c85b8c3,102210fe594ee9b33d82058545b1ed14f4c8206e,linux1804-64-shippable-qr,microsoft,True,,,,,,,,,,,,,,,,,,,,,,,,,,,,,,,,,,,,,,,,,,,,,,,,,,TN,,,,,,,,,,
443143153.0,1825166845,2023-12-28 22:50:23,206.7,b1abf39e79b3f0d2f40022c20abc6aa892a59969,1353999,autoland,ContentfulSpeedIndex,True,microsoft ContentfulSpeedIndex opt fission warm webrender,,77,ms,firefox,False,|f|i|s|s|i|o|n| |w|a|r|m| |w|e|b|r|e|n|d|e|r|,,3776889,13,9b3df14599f65e991e2c4a5eaba7ebe76c85b8c3,102210fe594ee9b33d82058545b1ed14f4c8206e,linux1804-64-shippable-qr,microsoft,True,,,,,,,,,,,,,,,,,,,,,,,,,,,,,,,,,,,,,,,,,,,,,,,,,,TN,,,,,,,,,,
443143154.0,1825167055,2023-12-28 22:50:23,206.6,b1abf39e79b3f0d2f40022c20abc6aa892a59969,1353999,autoland,ContentfulSpeedIndex,True,microsoft ContentfulSpeedIndex opt fission warm webrender,,77,ms,firefox,False,|f|i|s|s|i|o|n| |w|a|r|m| |w|e|b|r|e|n|d|e|r|,,3776889,13,9b3df14599f65e991e2c4a5eaba7ebe76c85b8c3,102210fe594ee9b33d82058545b1ed14f4c8206e,linux1804-64-shippable-qr,microsoft,True,,,,,,,,,,,,,,,,,,,,,,,,,,,,,,,,,,,,,,,,,,,,,,,,,,TN,,,,,,,,,,
443143157.0,1825167482,2023-12-28 22:50:23,208.2,b1abf39e79b3f0d2f40022c20abc6aa892a59969,1353999,autoland,ContentfulSpeedIndex,True,microsoft ContentfulSpeedIndex opt fission warm webrender,,77,ms,firefox,False,|f|i|s|s|i|o|n| |w|a|r|m| |w|e|b|r|e|n|d|e|r|,,3776889,13,9b3df14599f65e991e2c4a5eaba7ebe76c85b8c3,102210fe594ee9b33d82058545b1ed14f4c8206e,linux1804-64-shippable-qr,microsoft,True,,,,,,,,,,,,,,,,,,,,,,,,,,,,,,,,,,,,,,,,,,,,,,,,,,TN,,,,,,,,,,
444569248.0,1831916559,2023-12-28 22:50:23,217.1,b1abf39e79b3f0d2f40022c20abc6aa892a59969,1353999,autoland,ContentfulSpeedIndex,True,microsoft ContentfulSpeedIndex opt fission warm webrender,,77,ms,firefox,False,|f|i|s|s|i|o|n| |w|a|r|m| |w|e|b|r|e|n|d|e|r|,,3776889,13,9b3df14599f65e991e2c4a5eaba7ebe76c85b8c3,102210fe594ee9b33d82058545b1ed14f4c8206e,linux1804-64-shippable-qr,microsoft,True,,,,,,,,,,,,,,,,,,,,,,,,,,,,,,,,,,,,,,,,,,,,,,,,,,TN,,,,,,,,,,
444569250.0,1831916444,2023-12-28 22:50:23,219.0,b1abf39e79b3f0d2f40022c20abc6aa892a59969,1353999,autoland,ContentfulSpeedIndex,True,microsoft ContentfulSpeedIndex opt fission warm webrender,,77,ms,firefox,False,|f|i|s|s|i|o|n| |w|a|r|m| |w|e|b|r|e|n|d|e|r|,,3776889,13,9b3df14599f65e991e2c4a5eaba7ebe76c85b8c3,102210fe594ee9b33d82058545b1ed14f4c8206e,linux1804-64-shippable-qr,microsoft,True,,,,,,,,,,,,,,,,,,,,,,,,,,,,,,,,,,,,,,,,,,,,,,,,,,TN,,,,,,,,,,
441599012.0,1818257547,2023-12-28 23:04:44,210.9,0bd8678e10b6f0eb1d7e16cfe010ca8856e2bfcc,1354003,autoland,ContentfulSpeedIndex,True,microsoft ContentfulSpeedIndex opt fission warm webrender,,77,ms,firefox,False,|f|i|s|s|i|o|n| |w|a|r|m| |w|e|b|r|e|n|d|e|r|,,3776889,13,9b3df14599f65e991e2c4a5eaba7ebe76c85b8c3,102210fe594ee9b33d82058545b1ed14f4c8206e,linux1804-64-shippable-qr,microsoft,True,,,,,,,,,,,,,,,,,,,,,,,,,,,,,,,,,,,,,,,,,,,,,,,,,,TN,,,,,,,,,,
443143158.0,1825167816,2023-12-28 23:04:44,206.9,0bd8678e10b6f0eb1d7e16cfe010ca8856e2bfcc,1354003,autoland,ContentfulSpeedIndex,True,microsoft ContentfulSpeedIndex opt fission warm webrender,,77,ms,firefox,False,|f|i|s|s|i|o|n| |w|a|r|m| |w|e|b|r|e|n|d|e|r|,,3776889,13,9b3df14599f65e991e2c4a5eaba7ebe76c85b8c3,102210fe594ee9b33d82058545b1ed14f4c8206e,linux1804-64-shippable-qr,microsoft,True,,,,,,,,,,,,,,,,,,,,,,,,,,,,,,,,,,,,,,,,,,,,,,,,,,TN,,,,,,,,,,
443143159.0,1825167856,2023-12-28 23:04:44,217.2,0bd8678e10b6f0eb1d7e16cfe010ca8856e2bfcc,1354003,autoland,ContentfulSpeedIndex,True,microsoft ContentfulSpeedIndex opt fission warm webrender,,77,ms,firefox,False,|f|i|s|s|i|o|n| |w|a|r|m| |w|e|b|r|e|n|d|e|r|,,3776889,13,9b3df14599f65e991e2c4a5eaba7ebe76c85b8c3,102210fe594ee9b33d82058545b1ed14f4c8206e,linux1804-64-shippable-qr,microsoft,True,,,,,,,,,,,,,,,,,,,,,,,,,,,,,,,,,,,,,,,,,,,,,,,,,,TN,,,,,,,,,,
443143160.0,1825168468,2023-12-28 23:04:44,206.6,0bd8678e10b6f0eb1d7e16cfe010ca8856e2bfcc,1354003,autoland,ContentfulSpeedIndex,True,microsoft ContentfulSpeedIndex opt fission warm webrender,,77,ms,firefox,False,|f|i|s|s|i|o|n| |w|a|r|m| |w|e|b|r|e|n|d|e|r|,,3776889,13,9b3df14599f65e991e2c4a5eaba7ebe76c85b8c3,102210fe594ee9b33d82058545b1ed14f4c8206e,linux1804-64-shippable-qr,microsoft,True,,,,,,,,,,,,,,,,,,,,,,,,,,,,,,,,,,,,,,,,,,,,,,,,,,TN,,,,,,,,,,
443143161.0,1825169107,2023-12-28 23:04:44,209.7,0bd8678e10b6f0eb1d7e16cfe010ca8856e2bfcc,1354003,autoland,ContentfulSpeedIndex,True,microsoft ContentfulSpeedIndex opt fission warm webrender,,77,ms,firefox,False,|f|i|s|s|i|o|n| |w|a|r|m| |w|e|b|r|e|n|d|e|r|,,3776889,13,9b3df14599f65e991e2c4a5eaba7ebe76c85b8c3,102210fe594ee9b33d82058545b1ed14f4c8206e,linux1804-64-shippable-qr,microsoft,True,,,,,,,,,,,,,,,,,,,,,,,,,,,,,,,,,,,,,,,,,,,,,,,,,,TN,,,,,,,,,,
443143162.0,1825168621,2023-12-28 23:04:44,211.2,0bd8678e10b6f0eb1d7e16cfe010ca8856e2bfcc,1354003,autoland,ContentfulSpeedIndex,True,microsoft ContentfulSpeedIndex opt fission warm webrender,,77,ms,firefox,False,|f|i|s|s|i|o|n| |w|a|r|m| |w|e|b|r|e|n|d|e|r|,,3776889,13,9b3df14599f65e991e2c4a5eaba7ebe76c85b8c3,102210fe594ee9b33d82058545b1ed14f4c8206e,linux1804-64-shippable-qr,microsoft,True,,,,,,,,,,,,,,,,,,,,,,,,,,,,,,,,,,,,,,,,,,,,,,,,,,TN,,,,,,,,,,
444569258.0,1831917834,2023-12-28 23:04:44,212.4,0bd8678e10b6f0eb1d7e16cfe010ca8856e2bfcc,1354003,autoland,ContentfulSpeedIndex,True,microsoft ContentfulSpeedIndex opt fission warm webrender,,77,ms,firefox,False,|f|i|s|s|i|o|n| |w|a|r|m| |w|e|b|r|e|n|d|e|r|,,3776889,13,9b3df14599f65e991e2c4a5eaba7ebe76c85b8c3,102210fe594ee9b33d82058545b1ed14f4c8206e,linux1804-64-shippable-qr,microsoft,True,,,,,,,,,,,,,,,,,,,,,,,,,,,,,,,,,,,,,,,,,,,,,,,,,,TN,,,,,,,,,,
444569260.0,1831918265,2023-12-28 23:04:44,211.2,0bd8678e10b6f0eb1d7e16cfe010ca8856e2bfcc,1354003,autoland,ContentfulSpeedIndex,True,microsoft ContentfulSpeedIndex opt fission warm webrender,,77,ms,firefox,False,|f|i|s|s|i|o|n| |w|a|r|m| |w|e|b|r|e|n|d|e|r|,,3776889,13,9b3df14599f65e991e2c4a5eaba7ebe76c85b8c3,102210fe594ee9b33d82058545b1ed14f4c8206e,linux1804-64-shippable-qr,microsoft,True,,,,,,,,,,,,,,,,,,,,,,,,,,,,,,,,,,,,,,,,,,,,,,,,,,TN,,,,,,,,,,
444569261.0,1831918379,2023-12-28 23:04:44,212.9,0bd8678e10b6f0eb1d7e16cfe010ca8856e2bfcc,1354003,autoland,ContentfulSpeedIndex,True,microsoft ContentfulSpeedIndex opt fission warm webrender,,77,ms,firefox,False,|f|i|s|s|i|o|n| |w|a|r|m| |w|e|b|r|e|n|d|e|r|,,3776889,13,9b3df14599f65e991e2c4a5eaba7ebe76c85b8c3,102210fe594ee9b33d82058545b1ed14f4c8206e,linux1804-64-shippable-qr,microsoft,True,,,,,,,,,,,,,,,,,,,,,,,,,,,,,,,,,,,,,,,,,,,,,,,,,,TN,,,,,,,,,,
441709911.0,1818688553,2023-12-28 23:05:25,215.5,94b0152f259ce9de504474454b05fc7c8bbfc2d7,1354004,autoland,ContentfulSpeedIndex,True,microsoft ContentfulSpeedIndex opt fission warm webrender,,77,ms,firefox,False,|f|i|s|s|i|o|n| |w|a|r|m| |w|e|b|r|e|n|d|e|r|,,3776889,13,9b3df14599f65e991e2c4a5eaba7ebe76c85b8c3,102210fe594ee9b33d82058545b1ed14f4c8206e,linux1804-64-shippable-qr,microsoft,True,,,,,,,,,,,,,,,,,,,,,,,,,,,,,,,,,,,,,,,,,,,,,,,,,,TN,,,,,,,,,,
443143164.0,1825169261,2023-12-28 23:05:25,208.0,94b0152f259ce9de504474454b05fc7c8bbfc2d7,1354004,autoland,ContentfulSpeedIndex,True,microsoft ContentfulSpeedIndex opt fission warm webrender,,77,ms,firefox,False,|f|i|s|s|i|o|n| |w|a|r|m| |w|e|b|r|e|n|d|e|r|,,3776889,13,9b3df14599f65e991e2c4a5eaba7ebe76c85b8c3,102210fe594ee9b33d82058545b1ed14f4c8206e,linux1804-64-shippable-qr,microsoft,True,,,,,,,,,,,,,,,,,,,,,,,,,,,,,,,,,,,,,,,,,,,,,,,,,,TN,,,,,,,,,,
443143165.0,1825169329,2023-12-28 23:05:25,215.6,94b0152f259ce9de504474454b05fc7c8bbfc2d7,1354004,autoland,ContentfulSpeedIndex,True,microsoft ContentfulSpeedIndex opt fission warm webrender,,77,ms,firefox,False,|f|i|s|s|i|o|n| |w|a|r|m| |w|e|b|r|e|n|d|e|r|,,3776889,13,9b3df14599f65e991e2c4a5eaba7ebe76c85b8c3,102210fe594ee9b33d82058545b1ed14f4c8206e,linux1804-64-shippable-qr,microsoft,True,,,,,,,,,,,,,,,,,,,,,,,,,,,,,,,,,,,,,,,,,,,,,,,,,,TN,,,,,,,,,,
443143166.0,1825169282,2023-12-28 23:05:25,210.9,94b0152f259ce9de504474454b05fc7c8bbfc2d7,1354004,autoland,ContentfulSpeedIndex,True,microsoft ContentfulSpeedIndex opt fission warm webrender,,77,ms,firefox,False,|f|i|s|s|i|o|n| |w|a|r|m| |w|e|b|r|e|n|d|e|r|,,3776889,13,9b3df14599f65e991e2c4a5eaba7ebe76c85b8c3,102210fe594ee9b33d82058545b1ed14f4c8206e,linux1804-64-shippable-qr,microsoft,True,,,,,,,,,,,,,,,,,,,,,,,,,,,,,,,,,,,,,,,,,,,,,,,,,,TN,,,,,,,,,,
443143167.0,1825169304,2023-12-28 23:05:25,208.1,94b0152f259ce9de504474454b05fc7c8bbfc2d7,1354004,autoland,ContentfulSpeedIndex,True,microsoft ContentfulSpeedIndex opt fission warm webrender,,77,ms,firefox,False,|f|i|s|s|i|o|n| |w|a|r|m| |w|e|b|r|e|n|d|e|r|,,3776889,13,9b3df14599f65e991e2c4a5eaba7ebe76c85b8c3,102210fe594ee9b33d82058545b1ed14f4c8206e,linux1804-64-shippable-qr,microsoft,True,,,,,,,,,,,,,,,,,,,,,,,,,,,,,,,,,,,,,,,,,,,,,,,,,,TN,,,,,,,,,,
443143168.0,1825169205,2023-12-28 23:05:25,209.5,94b0152f259ce9de504474454b05fc7c8bbfc2d7,1354004,autoland,ContentfulSpeedIndex,True,microsoft ContentfulSpeedIndex opt fission warm webrender,,77,ms,firefox,False,|f|i|s|s|i|o|n| |w|a|r|m| |w|e|b|r|e|n|d|e|r|,,3776889,13,9b3df14599f65e991e2c4a5eaba7ebe76c85b8c3,102210fe594ee9b33d82058545b1ed14f4c8206e,linux1804-64-shippable-qr,microsoft,True,,,,,,,,,,,,,,,,,,,,,,,,,,,,,,,,,,,,,,,,,,,,,,,,,,TN,,,,,,,,,,
444569253.0,1831917029,2023-12-28 23:05:25,213.7,94b0152f259ce9de504474454b05fc7c8bbfc2d7,1354004,autoland,ContentfulSpeedIndex,True,microsoft ContentfulSpeedIndex opt fission warm webrender,,77,ms,firefox,False,|f|i|s|s|i|o|n| |w|a|r|m| |w|e|b|r|e|n|d|e|r|,,3776889,13,9b3df14599f65e991e2c4a5eaba7ebe76c85b8c3,102210fe594ee9b33d82058545b1ed14f4c8206e,linux1804-64-shippable-qr,microsoft,True,,,,,,,,,,,,,,,,,,,,,,,,,,,,,,,,,,,,,,,,,,,,,,,,,,TN,,,,,,,,,,
444569254.0,1831917682,2023-12-28 23:05:25,211.3,94b0152f259ce9de504474454b05fc7c8bbfc2d7,1354004,autoland,ContentfulSpeedIndex,True,microsoft ContentfulSpeedIndex opt fission warm webrender,,77,ms,firefox,False,|f|i|s|s|i|o|n| |w|a|r|m| |w|e|b|r|e|n|d|e|r|,,3776889,13,9b3df14599f65e991e2c4a5eaba7ebe76c85b8c3,102210fe594ee9b33d82058545b1ed14f4c8206e,linux1804-64-shippable-qr,microsoft,True,,,,,,,,,,,,,,,,,,,,,,,,,,,,,,,,,,,,,,,,,,,,,,,,,,TN,,,,,,,,,,
444569256.0,1831917730,2023-12-28 23:05:25,214.0,94b0152f259ce9de504474454b05fc7c8bbfc2d7,1354004,autoland,ContentfulSpeedIndex,True,microsoft ContentfulSpeedIndex opt fission warm webrender,,77,ms,firefox,False,|f|i|s|s|i|o|n| |w|a|r|m| |w|e|b|r|e|n|d|e|r|,,3776889,13,9b3df14599f65e991e2c4a5eaba7ebe76c85b8c3,102210fe594ee9b33d82058545b1ed14f4c8206e,linux1804-64-shippable-qr,microsoft,True,,,,,,,,,,,,,,,,,,,,,,,,,,,,,,,,,,,,,,,,,,,,,,,,,,TN,,,,,,,,,,
444569257.0,1831917705,2023-12-28 23:05:25,213.9,94b0152f259ce9de504474454b05fc7c8bbfc2d7,1354004,autoland,ContentfulSpeedIndex,True,microsoft ContentfulSpeedIndex opt fission warm webrender,,77,ms,firefox,False,|f|i|s|s|i|o|n| |w|a|r|m| |w|e|b|r|e|n|d|e|r|,,3776889,13,9b3df14599f65e991e2c4a5eaba7ebe76c85b8c3,102210fe594ee9b33d82058545b1ed14f4c8206e,linux1804-64-shippable-qr,microsoft,True,,,,,,,,,,,,,,,,,,,,,,,,,,,,,,,,,,,,,,,,,,,,,,,,,,TN,,,,,,,,,,
441710153.0,1818697980,2023-12-29 00:42:39,212.8,3044b295163bf51b01ccef2119d14af563f23a89,1354024,autoland,ContentfulSpeedIndex,True,microsoft ContentfulSpeedIndex opt fission warm webrender,,77,ms,firefox,False,|f|i|s|s|i|o|n| |w|a|r|m| |w|e|b|r|e|n|d|e|r|,,3776889,13,9b3df14599f65e991e2c4a5eaba7ebe76c85b8c3,102210fe594ee9b33d82058545b1ed14f4c8206e,linux1804-64-shippable-qr,microsoft,True,,,,,,,,,,,,,,,,,,,,,,,,,,,,,,,,,,,,,,,,,,,,,,,,,,TN,,,,,,,,,,
442697361.0,1822990251,2023-12-29 00:42:39,219.9,3044b295163bf51b01ccef2119d14af563f23a89,1354024,autoland,ContentfulSpeedIndex,True,microsoft ContentfulSpeedIndex opt fission warm webrender,,77,ms,firefox,False,|f|i|s|s|i|o|n| |w|a|r|m| |w|e|b|r|e|n|d|e|r|,,3776889,13,9b3df14599f65e991e2c4a5eaba7ebe76c85b8c3,102210fe594ee9b33d82058545b1ed14f4c8206e,linux1804-64-shippable-qr,microsoft,True,,,,,,,,,,,,,,,,,,,,,,,,,,,,,,,,,,,,,,,,,,,,,,,,,,TN,,,,,,,,,,
442697363.0,1822990277,2023-12-29 00:42:39,212.8,3044b295163bf51b01ccef2119d14af563f23a89,1354024,autoland,ContentfulSpeedIndex,True,microsoft ContentfulSpeedIndex opt fission warm webrender,,77,ms,firefox,False,|f|i|s|s|i|o|n| |w|a|r|m| |w|e|b|r|e|n|d|e|r|,,3776889,13,9b3df14599f65e991e2c4a5eaba7ebe76c85b8c3,102210fe594ee9b33d82058545b1ed14f4c8206e,linux1804-64-shippable-qr,microsoft,True,,,,,,,,,,,,,,,,,,,,,,,,,,,,,,,,,,,,,,,,,,,,,,,,,,TN,,,,,,,,,,
442697364.0,1822990184,2023-12-29 00:42:39,212.0,3044b295163bf51b01ccef2119d14af563f23a89,1354024,autoland,ContentfulSpeedIndex,True,microsoft ContentfulSpeedIndex opt fission warm webrender,,77,ms,firefox,False,|f|i|s|s|i|o|n| |w|a|r|m| |w|e|b|r|e|n|d|e|r|,,3776889,13,9b3df14599f65e991e2c4a5eaba7ebe76c85b8c3,102210fe594ee9b33d82058545b1ed14f4c8206e,linux1804-64-shippable-qr,microsoft,True,,,,,,,,,,,,,,,,,,,,,,,,,,,,,,,,,,,,,,,,,,,,,,,,,,TN,,,,,,,,,,
442697416.0,1822990486,2023-12-29 00:42:39,205.9,3044b295163bf51b01ccef2119d14af563f23a89,1354024,autoland,ContentfulSpeedIndex,True,microsoft ContentfulSpeedIndex opt fission warm webrender,,77,ms,firefox,False,|f|i|s|s|i|o|n| |w|a|r|m| |w|e|b|r|e|n|d|e|r|,,3776889,13,9b3df14599f65e991e2c4a5eaba7ebe76c85b8c3,102210fe594ee9b33d82058545b1ed14f4c8206e,linux1804-64-shippable-qr,microsoft,True,,,,,,,,,,,,,,,,,,,,,,,,,,,,,,,,,,,,,,,,,,,,,,,,,,TN,,,,,,,,,,
442697428.0,1822990461,2023-12-29 00:42:39,210.9,3044b295163bf51b01ccef2119d14af563f23a89,1354024,autoland,ContentfulSpeedIndex,True,microsoft ContentfulSpeedIndex opt fission warm webrender,,77,ms,firefox,False,|f|i|s|s|i|o|n| |w|a|r|m| |w|e|b|r|e|n|d|e|r|,,3776889,13,9b3df14599f65e991e2c4a5eaba7ebe76c85b8c3,102210fe594ee9b33d82058545b1ed14f4c8206e,linux1804-64-shippable-qr,microsoft,True,,,,,,,,,,,,,,,,,,,,,,,,,,,,,,,,,,,,,,,,,,,,,,,,,,TN,,,,,,,,,,
442697697.0,1822991960,2023-12-29 00:42:39,175.1,3044b295163bf51b01ccef2119d14af563f23a89,1354024,autoland,ContentfulSpeedIndex,True,microsoft ContentfulSpeedIndex opt fission warm webrender,,77,ms,firefox,False,|f|i|s|s|i|o|n| |w|a|r|m| |w|e|b|r|e|n|d|e|r|,,3776889,13,9b3df14599f65e991e2c4a5eaba7ebe76c85b8c3,102210fe594ee9b33d82058545b1ed14f4c8206e,linux1804-64-shippable-qr,microsoft,True,,,,,,,,,,,,,,,,,,,,,,,,,,,,,,,,,,,,,,,,,,,,,,,,,,TN,,,,,,,,,,
442697698.0,1822993612,2023-12-29 00:42:39,205.2,3044b295163bf51b01ccef2119d14af563f23a89,1354024,autoland,ContentfulSpeedIndex,True,microsoft ContentfulSpeedIndex opt fission warm webrender,,77,ms,firefox,False,|f|i|s|s|i|o|n| |w|a|r|m| |w|e|b|r|e|n|d|e|r|,,3776889,13,9b3df14599f65e991e2c4a5eaba7ebe76c85b8c3,102210fe594ee9b33d82058545b1ed14f4c8206e,linux1804-64-shippable-qr,microsoft,True,,,,,,,,,,,,,,,,,,,,,,,,,,,,,,,,,,,,,,,,,,,,,,,,,,TN,,,,,,,,,,
444569304.0,1831919101,2023-12-29 00:42:39,209.8,3044b295163bf51b01ccef2119d14af563f23a89,1354024,autoland,ContentfulSpeedIndex,True,microsoft ContentfulSpeedIndex opt fission warm webrender,,77,ms,firefox,False,|f|i|s|s|i|o|n| |w|a|r|m| |w|e|b|r|e|n|d|e|r|,,3776889,13,9b3df14599f65e991e2c4a5eaba7ebe76c85b8c3,102210fe594ee9b33d82058545b1ed14f4c8206e,linux1804-64-shippable-qr,microsoft,True,,,,,,,,,,,,,,,,,,,,,,,,,,,,,,,,,,,,,,,,,,,,,,,,,,TN,,,,,,,,,,
444569305.0,1831919535,2023-12-29 00:42:39,206.1,3044b295163bf51b01ccef2119d14af563f23a89,1354024,autoland,ContentfulSpeedIndex,True,microsoft ContentfulSpeedIndex opt fission warm webrender,,77,ms,firefox,False,|f|i|s|s|i|o|n| |w|a|r|m| |w|e|b|r|e|n|d|e|r|,,3776889,13,9b3df14599f65e991e2c4a5eaba7ebe76c85b8c3,102210fe594ee9b33d82058545b1ed14f4c8206e,linux1804-64-shippable-qr,microsoft,True,,,,,,,,,,,,,,,,,,,,,,,,,,,,,,,,,,,,,,,,,,,,,,,,,,TN,,,,,,,,,,
441617348.0,1818365928,2023-12-29 05:51:26,208.9,25b973ec90316da3daa35b031e4a4e089d70443a,1354078,autoland,ContentfulSpeedIndex,True,microsoft ContentfulSpeedIndex opt fission warm webrender,,77,ms,firefox,False,|f|i|s|s|i|o|n| |w|a|r|m| |w|e|b|r|e|n|d|e|r|,,3776889,13,9b3df14599f65e991e2c4a5eaba7ebe76c85b8c3,102210fe594ee9b33d82058545b1ed14f4c8206e,linux1804-64-shippable-qr,microsoft,True,,,,,,,,,,,,,,,,,,,,,,,,,,,,,,,,,,,,,,,,,,,,,,,,,,TN,,,,,,,,,,
442697432.0,1822990703,2023-12-29 05:51:26,206.5,25b973ec90316da3daa35b031e4a4e089d70443a,1354078,autoland,ContentfulSpeedIndex,True,microsoft ContentfulSpeedIndex opt fission warm webrender,,77,ms,firefox,False,|f|i|s|s|i|o|n| |w|a|r|m| |w|e|b|r|e|n|d|e|r|,,3776889,13,9b3df14599f65e991e2c4a5eaba7ebe76c85b8c3,102210fe594ee9b33d82058545b1ed14f4c8206e,linux1804-64-shippable-qr,microsoft,True,,,,,,,,,,,,,,,,,,,,,,,,,,,,,,,,,,,,,,,,,,,,,,,,,,TN,,,,,,,,,,
442697546.0,1822990979,2023-12-29 05:51:26,218.8,25b973ec90316da3daa35b031e4a4e089d70443a,1354078,autoland,ContentfulSpeedIndex,True,microsoft ContentfulSpeedIndex opt fission warm webrender,,77,ms,firefox,False,|f|i|s|s|i|o|n| |w|a|r|m| |w|e|b|r|e|n|d|e|r|,,3776889,13,9b3df14599f65e991e2c4a5eaba7ebe76c85b8c3,102210fe594ee9b33d82058545b1ed14f4c8206e,linux1804-64-shippable-qr,microsoft,True,,,,,,,,,,,,,,,,,,,,,,,,,,,,,,,,,,,,,,,,,,,,,,,,,,TN,,,,,,,,,,
442697551.0,1822991050,2023-12-29 05:51:26,209.7,25b973ec90316da3daa35b031e4a4e089d70443a,1354078,autoland,ContentfulSpeedIndex,True,microsoft ContentfulSpeedIndex opt fission warm webrender,,77,ms,firefox,False,|f|i|s|s|i|o|n| |w|a|r|m| |w|e|b|r|e|n|d|e|r|,,3776889,13,9b3df14599f65e991e2c4a5eaba7ebe76c85b8c3,102210fe594ee9b33d82058545b1ed14f4c8206e,linux1804-64-shippable-qr,microsoft,True,,,,,,,,,,,,,,,,,,,,,,,,,,,,,,,,,,,,,,,,,,,,,,,,,,TN,,,,,,,,,,
442697560.0,1822991124,2023-12-29 05:51:26,209.7,25b973ec90316da3daa35b031e4a4e089d70443a,1354078,autoland,ContentfulSpeedIndex,True,microsoft ContentfulSpeedIndex opt fission warm webrender,,77,ms,firefox,False,|f|i|s|s|i|o|n| |w|a|r|m| |w|e|b|r|e|n|d|e|r|,,3776889,13,9b3df14599f65e991e2c4a5eaba7ebe76c85b8c3,102210fe594ee9b33d82058545b1ed14f4c8206e,linux1804-64-shippable-qr,microsoft,True,,,,,,,,,,,,,,,,,,,,,,,,,,,,,,,,,,,,,,,,,,,,,,,,,,TN,,,,,,,,,,
442697835.0,1822995016,2023-12-29 05:51:26,205.9,25b973ec90316da3daa35b031e4a4e089d70443a,1354078,autoland,ContentfulSpeedIndex,True,microsoft ContentfulSpeedIndex opt fission warm webrender,,77,ms,firefox,False,|f|i|s|s|i|o|n| |w|a|r|m| |w|e|b|r|e|n|d|e|r|,,3776889,13,9b3df14599f65e991e2c4a5eaba7ebe76c85b8c3,102210fe594ee9b33d82058545b1ed14f4c8206e,linux1804-64-shippable-qr,microsoft,True,,,,,,,,,,,,,,,,,,,,,,,,,,,,,,,,,,,,,,,,,,,,,,,,,,TN,,,,,,,,,,
442697836.0,1822995112,2023-12-29 05:51:26,212.7,25b973ec90316da3daa35b031e4a4e089d70443a,1354078,autoland,ContentfulSpeedIndex,True,microsoft ContentfulSpeedIndex opt fission warm webrender,,77,ms,firefox,False,|f|i|s|s|i|o|n| |w|a|r|m| |w|e|b|r|e|n|d|e|r|,,3776889,13,9b3df14599f65e991e2c4a5eaba7ebe76c85b8c3,102210fe594ee9b33d82058545b1ed14f4c8206e,linux1804-64-shippable-qr,microsoft,True,,,,,,,,,,,,,,,,,,,,,,,,,,,,,,,,,,,,,,,,,,,,,,,,,,TN,,,,,,,,,,
441663168.0,1818499901,2023-12-29 14:24:04,207.2,4d00abb11b573ff386a9f02816ff81f2030e6dfe,1354164,autoland,ContentfulSpeedIndex,True,microsoft ContentfulSpeedIndex opt fission warm webrender,,77,ms,firefox,False,|f|i|s|s|i|o|n| |w|a|r|m| |w|e|b|r|e|n|d|e|r|,,3776889,13,9b3df14599f65e991e2c4a5eaba7ebe76c85b8c3,102210fe594ee9b33d82058545b1ed14f4c8206e,linux1804-64-shippable-qr,microsoft,True,,,,,,,,,,,,,,,,,,,,,,,,,,,,,,,,,,,,,,,,,,,,,,,,,,TN,,,,,,,,,,
442697622.0,1822991364,2023-12-29 14:24:04,207.0,4d00abb11b573ff386a9f02816ff81f2030e6dfe,1354164,autoland,ContentfulSpeedIndex,True,microsoft ContentfulSpeedIndex opt fission warm webrender,,77,ms,firefox,False,|f|i|s|s|i|o|n| |w|a|r|m| |w|e|b|r|e|n|d|e|r|,,3776889,13,9b3df14599f65e991e2c4a5eaba7ebe76c85b8c3,102210fe594ee9b33d82058545b1ed14f4c8206e,linux1804-64-shippable-qr,microsoft,True,,,,,,,,,,,,,,,,,,,,,,,,,,,,,,,,,,,,,,,,,,,,,,,,,,TN,,,,,,,,,,
442697632.0,1822992188,2023-12-29 14:24:04,215.8,4d00abb11b573ff386a9f02816ff81f2030e6dfe,1354164,autoland,ContentfulSpeedIndex,True,microsoft ContentfulSpeedIndex opt fission warm webrender,,77,ms,firefox,False,|f|i|s|s|i|o|n| |w|a|r|m| |w|e|b|r|e|n|d|e|r|,,3776889,13,9b3df14599f65e991e2c4a5eaba7ebe76c85b8c3,102210fe594ee9b33d82058545b1ed14f4c8206e,linux1804-64-shippable-qr,microsoft,True,,,,,,,,,,,,,,,,,,,,,,,,,,,,,,,,,,,,,,,,,,,,,,,,,,TN,,,,,,,,,,
442697914.0,1822996818,2023-12-29 14:24:04,205.2,4d00abb11b573ff386a9f02816ff81f2030e6dfe,1354164,autoland,ContentfulSpeedIndex,True,microsoft ContentfulSpeedIndex opt fission warm webrender,,77,ms,firefox,False,|f|i|s|s|i|o|n| |w|a|r|m| |w|e|b|r|e|n|d|e|r|,,3776889,13,9b3df14599f65e991e2c4a5eaba7ebe76c85b8c3,102210fe594ee9b33d82058545b1ed14f4c8206e,linux1804-64-shippable-qr,microsoft,True,,,,,,,,,,,,,,,,,,,,,,,,,,,,,,,,,,,,,,,,,,,,,,,,,,TN,,,,,,,,,,
442697991.0,1822997478,2023-12-29 14:24:04,213.6,4d00abb11b573ff386a9f02816ff81f2030e6dfe,1354164,autoland,ContentfulSpeedIndex,True,microsoft ContentfulSpeedIndex opt fission warm webrender,,77,ms,firefox,False,|f|i|s|s|i|o|n| |w|a|r|m| |w|e|b|r|e|n|d|e|r|,,3776889,13,9b3df14599f65e991e2c4a5eaba7ebe76c85b8c3,102210fe594ee9b33d82058545b1ed14f4c8206e,linux1804-64-shippable-qr,microsoft,True,,,,,,,,,,,,,,,,,,,,,,,,,,,,,,,,,,,,,,,,,,,,,,,,,,TN,,,,,,,,,,
442697993.0,1822997789,2023-12-29 14:24:04,210.8,4d00abb11b573ff386a9f02816ff81f2030e6dfe,1354164,autoland,ContentfulSpeedIndex,True,microsoft ContentfulSpeedIndex opt fission warm webrender,,77,ms,firefox,False,|f|i|s|s|i|o|n| |w|a|r|m| |w|e|b|r|e|n|d|e|r|,,3776889,13,9b3df14599f65e991e2c4a5eaba7ebe76c85b8c3,102210fe594ee9b33d82058545b1ed14f4c8206e,linux1804-64-shippable-qr,microsoft,True,,,,,,,,,,,,,,,,,,,,,,,,,,,,,,,,,,,,,,,,,,,,,,,,,,TN,,,,,,,,,,
442698098.0,1823001526,2023-12-29 14:24:04,211.5,4d00abb11b573ff386a9f02816ff81f2030e6dfe,1354164,autoland,ContentfulSpeedIndex,True,microsoft ContentfulSpeedIndex opt fission warm webrender,,77,ms,firefox,False,|f|i|s|s|i|o|n| |w|a|r|m| |w|e|b|r|e|n|d|e|r|,,3776889,13,9b3df14599f65e991e2c4a5eaba7ebe76c85b8c3,102210fe594ee9b33d82058545b1ed14f4c8206e,linux1804-64-shippable-qr,microsoft,True,,,,,,,,,,,,,,,,,,,,,,,,,,,,,,,,,,,,,,,,,,,,,,,,,,TN,,,,,,,,,,
441670227.0,1818530936,2023-12-29 16:09:29,208.8,52b5c5b51719976906d668db1cd59b2b49315565,1354179,autoland,ContentfulSpeedIndex,True,microsoft ContentfulSpeedIndex opt fission warm webrender,,77,ms,firefox,False,|f|i|s|s|i|o|n| |w|a|r|m| |w|e|b|r|e|n|d|e|r|,,3776889,13,9b3df14599f65e991e2c4a5eaba7ebe76c85b8c3,102210fe594ee9b33d82058545b1ed14f4c8206e,linux1804-64-shippable-qr,microsoft,True,,,,,,,,,,,,,,,,,,,,,,,,,,,,,,,,,,,,,,,,,,,,,,,,,,TN,,,,,,,,,,
442697640.0,1822992629,2023-12-29 16:09:29,216.2,52b5c5b51719976906d668db1cd59b2b49315565,1354179,autoland,ContentfulSpeedIndex,True,microsoft ContentfulSpeedIndex opt fission warm webrender,,77,ms,firefox,False,|f|i|s|s|i|o|n| |w|a|r|m| |w|e|b|r|e|n|d|e|r|,,3776889,13,9b3df14599f65e991e2c4a5eaba7ebe76c85b8c3,102210fe594ee9b33d82058545b1ed14f4c8206e,linux1804-64-shippable-qr,microsoft,True,,,,,,,,,,,,,,,,,,,,,,,,,,,,,,,,,,,,,,,,,,,,,,,,,,TN,,,,,,,,,,
442697989.0,1822997715,2023-12-29 16:09:29,206.8,52b5c5b51719976906d668db1cd59b2b49315565,1354179,autoland,ContentfulSpeedIndex,True,microsoft ContentfulSpeedIndex opt fission warm webrender,,77,ms,firefox,False,|f|i|s|s|i|o|n| |w|a|r|m| |w|e|b|r|e|n|d|e|r|,,3776889,13,9b3df14599f65e991e2c4a5eaba7ebe76c85b8c3,102210fe594ee9b33d82058545b1ed14f4c8206e,linux1804-64-shippable-qr,microsoft,True,,,,,,,,,,,,,,,,,,,,,,,,,,,,,,,,,,,,,,,,,,,,,,,,,,TN,,,,,,,,,,
442697992.0,1822997689,2023-12-29 16:09:29,207.1,52b5c5b51719976906d668db1cd59b2b49315565,1354179,autoland,ContentfulSpeedIndex,True,microsoft ContentfulSpeedIndex opt fission warm webrender,,77,ms,firefox,False,|f|i|s|s|i|o|n| |w|a|r|m| |w|e|b|r|e|n|d|e|r|,,3776889,13,9b3df14599f65e991e2c4a5eaba7ebe76c85b8c3,102210fe594ee9b33d82058545b1ed14f4c8206e,linux1804-64-shippable-qr,microsoft,True,,,,,,,,,,,,,,,,,,,,,,,,,,,,,,,,,,,,,,,,,,,,,,,,,,TN,,,,,,,,,,
442698074.0,1823000261,2023-12-29 16:09:29,214.0,52b5c5b51719976906d668db1cd59b2b49315565,1354179,autoland,ContentfulSpeedIndex,True,microsoft ContentfulSpeedIndex opt fission warm webrender,,77,ms,firefox,False,|f|i|s|s|i|o|n| |w|a|r|m| |w|e|b|r|e|n|d|e|r|,,3776889,13,9b3df14599f65e991e2c4a5eaba7ebe76c85b8c3,102210fe594ee9b33d82058545b1ed14f4c8206e,linux1804-64-shippable-qr,microsoft,True,,,,,,,,,,,,,,,,,,,,,,,,,,,,,,,,,,,,,,,,,,,,,,,,,,TN,,,,,,,,,,
442698077.0,1823000360,2023-12-29 16:09:29,208.4,52b5c5b51719976906d668db1cd59b2b49315565,1354179,autoland,ContentfulSpeedIndex,True,microsoft ContentfulSpeedIndex opt fission warm webrender,,77,ms,firefox,False,|f|i|s|s|i|o|n| |w|a|r|m| |w|e|b|r|e|n|d|e|r|,,3776889,13,9b3df14599f65e991e2c4a5eaba7ebe76c85b8c3,102210fe594ee9b33d82058545b1ed14f4c8206e,linux1804-64-shippable-qr,microsoft,True,,,,,,,,,,,,,,,,,,,,,,,,,,,,,,,,,,,,,,,,,,,,,,,,,,TN,,,,,,,,,,
441690530.0,1818591968,2023-12-29 20:10:09,214.4,8d822c618985176a1d4ebc4eedcd5a388e798418,1354279,autoland,ContentfulSpeedIndex,True,microsoft ContentfulSpeedIndex opt fission warm webrender,,77,ms,firefox,False,|f|i|s|s|i|o|n| |w|a|r|m| |w|e|b|r|e|n|d|e|r|,,3776889,13,9b3df14599f65e991e2c4a5eaba7ebe76c85b8c3,102210fe594ee9b33d82058545b1ed14f4c8206e,linux1804-64-shippable-qr,microsoft,True,,,,,,,,,,,,,,,,,,,,,,,,,,,,,,,,,,,,,,,,,,,,,,,,,,TN,,,,,,,,,,
442697704.0,1822993790,2023-12-29 20:10:09,211.6,8d822c618985176a1d4ebc4eedcd5a388e798418,1354279,autoland,ContentfulSpeedIndex,True,microsoft ContentfulSpeedIndex opt fission warm webrender,,77,ms,firefox,False,|f|i|s|s|i|o|n| |w|a|r|m| |w|e|b|r|e|n|d|e|r|,,3776889,13,9b3df14599f65e991e2c4a5eaba7ebe76c85b8c3,102210fe594ee9b33d82058545b1ed14f4c8206e,linux1804-64-shippable-qr,microsoft,True,,,,,,,,,,,,,,,,,,,,,,,,,,,,,,,,,,,,,,,,,,,,,,,,,,TN,,,,,,,,,,
442697705.0,1822993799,2023-12-29 20:10:09,209.7,8d822c618985176a1d4ebc4eedcd5a388e798418,1354279,autoland,ContentfulSpeedIndex,True,microsoft ContentfulSpeedIndex opt fission warm webrender,,77,ms,firefox,False,|f|i|s|s|i|o|n| |w|a|r|m| |w|e|b|r|e|n|d|e|r|,,3776889,13,9b3df14599f65e991e2c4a5eaba7ebe76c85b8c3,102210fe594ee9b33d82058545b1ed14f4c8206e,linux1804-64-shippable-qr,microsoft,True,,,,,,,,,,,,,,,,,,,,,,,,,,,,,,,,,,,,,,,,,,,,,,,,,,TN,,,,,,,,,,
442697718.0,1822993695,2023-12-29 20:10:09,212.3,8d822c618985176a1d4ebc4eedcd5a388e798418,1354279,autoland,ContentfulSpeedIndex,True,microsoft ContentfulSpeedIndex opt fission warm webrender,,77,ms,firefox,False,|f|i|s|s|i|o|n| |w|a|r|m| |w|e|b|r|e|n|d|e|r|,,3776889,13,9b3df14599f65e991e2c4a5eaba7ebe76c85b8c3,102210fe594ee9b33d82058545b1ed14f4c8206e,linux1804-64-shippable-qr,microsoft,True,,,,,,,,,,,,,,,,,,,,,,,,,,,,,,,,,,,,,,,,,,,,,,,,,,TN,,,,,,,,,,
442697789.0,1822993833,2023-12-29 20:10:09,209.9,8d822c618985176a1d4ebc4eedcd5a388e798418,1354279,autoland,ContentfulSpeedIndex,True,microsoft ContentfulSpeedIndex opt fission warm webrender,,77,ms,firefox,False,|f|i|s|s|i|o|n| |w|a|r|m| |w|e|b|r|e|n|d|e|r|,,3776889,13,9b3df14599f65e991e2c4a5eaba7ebe76c85b8c3,102210fe594ee9b33d82058545b1ed14f4c8206e,linux1804-64-shippable-qr,microsoft,True,,,,,,,,,,,,,,,,,,,,,,,,,,,,,,,,,,,,,,,,,,,,,,,,,,TN,,,,,,,,,,
442697793.0,1822994189,2023-12-29 20:10:09,211.8,8d822c618985176a1d4ebc4eedcd5a388e798418,1354279,autoland,ContentfulSpeedIndex,True,microsoft ContentfulSpeedIndex opt fission warm webrender,,77,ms,firefox,False,|f|i|s|s|i|o|n| |w|a|r|m| |w|e|b|r|e|n|d|e|r|,,3776889,13,9b3df14599f65e991e2c4a5eaba7ebe76c85b8c3,102210fe594ee9b33d82058545b1ed14f4c8206e,linux1804-64-shippable-qr,microsoft,True,,,,,,,,,,,,,,,,,,,,,,,,,,,,,,,,,,,,,,,,,,,,,,,,,,TN,,,,,,,,,,
441707635.0,1818667061,2023-12-30 03:46:41,208.5,15c3c77f07b45a04b27a42ab403aadaaed857fff,1354316,autoland,ContentfulSpeedIndex,True,microsoft ContentfulSpeedIndex opt fission warm webrender,,77,ms,firefox,False,|f|i|s|s|i|o|n| |w|a|r|m| |w|e|b|r|e|n|d|e|r|,,3776889,13,9b3df14599f65e991e2c4a5eaba7ebe76c85b8c3,102210fe594ee9b33d82058545b1ed14f4c8206e,linux1804-64-shippable-qr,microsoft,True,,,,,,,,,,,,,,,,,,,,,,,,,,,,,,,,,,,,,,,,,,,,,,,,,,TN,,,,,,,,,,
442697845.0,1822995152,2023-12-30 03:46:41,209.8,15c3c77f07b45a04b27a42ab403aadaaed857fff,1354316,autoland,ContentfulSpeedIndex,True,microsoft ContentfulSpeedIndex opt fission warm webrender,,77,ms,firefox,False,|f|i|s|s|i|o|n| |w|a|r|m| |w|e|b|r|e|n|d|e|r|,,3776889,13,9b3df14599f65e991e2c4a5eaba7ebe76c85b8c3,102210fe594ee9b33d82058545b1ed14f4c8206e,linux1804-64-shippable-qr,microsoft,True,,,,,,,,,,,,,,,,,,,,,,,,,,,,,,,,,,,,,,,,,,,,,,,,,,TN,,,,,,,,,,
442697868.0,1822995565,2023-12-30 03:46:41,213.2,15c3c77f07b45a04b27a42ab403aadaaed857fff,1354316,autoland,ContentfulSpeedIndex,True,microsoft ContentfulSpeedIndex opt fission warm webrender,,77,ms,firefox,False,|f|i|s|s|i|o|n| |w|a|r|m| |w|e|b|r|e|n|d|e|r|,,3776889,13,9b3df14599f65e991e2c4a5eaba7ebe76c85b8c3,102210fe594ee9b33d82058545b1ed14f4c8206e,linux1804-64-shippable-qr,microsoft,True,,,,,,,,,,,,,,,,,,,,,,,,,,,,,,,,,,,,,,,,,,,,,,,,,,TN,,,,,,,,,,
441717591.0,1818733209,2023-12-30 08:00:00,215.3,9660032084db64efbe9cbbf4c47a38d0a6c36c9f,1354351,autoland,ContentfulSpeedIndex,True,microsoft ContentfulSpeedIndex opt fission warm webrender,,77,ms,firefox,False,|f|i|s|s|i|o|n| |w|a|r|m| |w|e|b|r|e|n|d|e|r|,,3776889,13,9b3df14599f65e991e2c4a5eaba7ebe76c85b8c3,102210fe594ee9b33d82058545b1ed14f4c8206e,linux1804-64-shippable-qr,microsoft,True,,,,,,,,,,,,,,,,,,,,,,,,,,,,,,,,,,,,,,,,,,,,,,,,,,TN,,,,,,,,,,
442697961.0,1822997306,2023-12-30 08:00:00,205.5,9660032084db64efbe9cbbf4c47a38d0a6c36c9f,1354351,autoland,ContentfulSpeedIndex,True,microsoft ContentfulSpeedIndex opt fission warm webrender,,77,ms,firefox,False,|f|i|s|s|i|o|n| |w|a|r|m| |w|e|b|r|e|n|d|e|r|,,3776889,13,9b3df14599f65e991e2c4a5eaba7ebe76c85b8c3,102210fe594ee9b33d82058545b1ed14f4c8206e,linux1804-64-shippable-qr,microsoft,True,,,,,,,,,,,,,,,,,,,,,,,,,,,,,,,,,,,,,,,,,,,,,,,,,,TN,,,,,,,,,,
442697962.0,1822997395,2023-12-30 08:00:00,204.2,9660032084db64efbe9cbbf4c47a38d0a6c36c9f,1354351,autoland,ContentfulSpeedIndex,True,microsoft ContentfulSpeedIndex opt fission warm webrender,,77,ms,firefox,False,|f|i|s|s|i|o|n| |w|a|r|m| |w|e|b|r|e|n|d|e|r|,,3776889,13,9b3df14599f65e991e2c4a5eaba7ebe76c85b8c3,102210fe594ee9b33d82058545b1ed14f4c8206e,linux1804-64-shippable-qr,microsoft,True,,,,,,,,,,,,,,,,,,,,,,,,,,,,,,,,,,,,,,,,,,,,,,,,,,TN,,,,,,,,,,
442697974.0,1822997567,2023-12-30 08:00:00,208.3,9660032084db64efbe9cbbf4c47a38d0a6c36c9f,1354351,autoland,ContentfulSpeedIndex,True,microsoft ContentfulSpeedIndex opt fission warm webrender,,77,ms,firefox,False,|f|i|s|s|i|o|n| |w|a|r|m| |w|e|b|r|e|n|d|e|r|,,3776889,13,9b3df14599f65e991e2c4a5eaba7ebe76c85b8c3,102210fe594ee9b33d82058545b1ed14f4c8206e,linux1804-64-shippable-qr,microsoft,True,,,,,,,,,,,,,,,,,,,,,,,,,,,,,,,,,,,,,,,,,,,,,,,,,,TN,,,,,,,,,,
442697979.0,1822997741,2023-12-30 08:00:00,216.1,9660032084db64efbe9cbbf4c47a38d0a6c36c9f,1354351,autoland,ContentfulSpeedIndex,True,microsoft ContentfulSpeedIndex opt fission warm webrender,,77,ms,firefox,False,|f|i|s|s|i|o|n| |w|a|r|m| |w|e|b|r|e|n|d|e|r|,,3776889,13,9b3df14599f65e991e2c4a5eaba7ebe76c85b8c3,102210fe594ee9b33d82058545b1ed14f4c8206e,linux1804-64-shippable-qr,microsoft,True,,,,,,,,,,,,,,,,,,,,,,,,,,,,,,,,,,,,,,,,,,,,,,,,,,TN,,,,,,,,,,
442697980.0,1822997420,2023-12-30 08:00:00,214.6,9660032084db64efbe9cbbf4c47a38d0a6c36c9f,1354351,autoland,ContentfulSpeedIndex,True,microsoft ContentfulSpeedIndex opt fission warm webrender,,77,ms,firefox,False,|f|i|s|s|i|o|n| |w|a|r|m| |w|e|b|r|e|n|d|e|r|,,3776889,13,9b3df14599f65e991e2c4a5eaba7ebe76c85b8c3,102210fe594ee9b33d82058545b1ed14f4c8206e,linux1804-64-shippable-qr,microsoft,True,,,,,,,,,,,,,,,,,,,,,,,,,,,,,,,,,,,,,,,,,,,,,,,,,,TN,,,,,,,,,,
442697981.0,1822997506,2023-12-30 08:00:00,208.9,9660032084db64efbe9cbbf4c47a38d0a6c36c9f,1354351,autoland,ContentfulSpeedIndex,True,microsoft ContentfulSpeedIndex opt fission warm webrender,,77,ms,firefox,False,|f|i|s|s|i|o|n| |w|a|r|m| |w|e|b|r|e|n|d|e|r|,,3776889,13,9b3df14599f65e991e2c4a5eaba7ebe76c85b8c3,102210fe594ee9b33d82058545b1ed14f4c8206e,linux1804-64-shippable-qr,microsoft,True,,,,,,,,,,,,,,,,,,,,,,,,,,,,,,,,,,,,,,,,,,,,,,,,,,TN,,,,,,,,,,
442697990.0,1822997538,2023-12-30 08:00:00,209.2,9660032084db64efbe9cbbf4c47a38d0a6c36c9f,1354351,autoland,ContentfulSpeedIndex,True,microsoft ContentfulSpeedIndex opt fission warm webrender,,77,ms,firefox,False,|f|i|s|s|i|o|n| |w|a|r|m| |w|e|b|r|e|n|d|e|r|,,3776889,13,9b3df14599f65e991e2c4a5eaba7ebe76c85b8c3,102210fe594ee9b33d82058545b1ed14f4c8206e,linux1804-64-shippable-qr,microsoft,True,,,,,,,,,,,,,,,,,,,,,,,,,,,,,,,,,,,,,,,,,,,,,,,,,,TN,,,,,,,,,,
441744388.0,1818811378,2023-12-30 12:53:05,207.3,94ab264a143c3086d948c401c047297f01b76527,1354380,autoland,ContentfulSpeedIndex,True,microsoft ContentfulSpeedIndex opt fission warm webrender,,77,ms,firefox,False,|f|i|s|s|i|o|n| |w|a|r|m| |w|e|b|r|e|n|d|e|r|,,3776889,13,9b3df14599f65e991e2c4a5eaba7ebe76c85b8c3,102210fe594ee9b33d82058545b1ed14f4c8206e,linux1804-64-shippable-qr,microsoft,True,,,,,,,,,,,,,,,,,,,,,,,,,,,,,,,,,,,,,,,,,,,,,,,,,,TN,,,,,,,,,,
441759216.0,1818877570,2023-12-30 17:18:37,220.4,3e9c9290e422e1f39255953e22e3d8bfe8234425,1354396,autoland,ContentfulSpeedIndex,True,microsoft ContentfulSpeedIndex opt fission warm webrender,,77,ms,firefox,False,|f|i|s|s|i|o|n| |w|a|r|m| |w|e|b|r|e|n|d|e|r|,,3776889,13,9b3df14599f65e991e2c4a5eaba7ebe76c85b8c3,102210fe594ee9b33d82058545b1ed14f4c8206e,linux1804-64-shippable-qr,microsoft,True,,,,,,,,,,,,,,,,,,,,,,,,,,,,,,,,,,,,,,,,,,,,,,,,,,TN,,,,,,,,,,
441777954.0,1818973971,2023-12-31 00:47:53,205.3,be0bfc7f906523649c68f45d4b25ca752bfc701c,1354421,autoland,ContentfulSpeedIndex,True,microsoft ContentfulSpeedIndex opt fission warm webrender,,77,ms,firefox,False,|f|i|s|s|i|o|n| |w|a|r|m| |w|e|b|r|e|n|d|e|r|,,3776889,13,9b3df14599f65e991e2c4a5eaba7ebe76c85b8c3,102210fe594ee9b33d82058545b1ed14f4c8206e,linux1804-64-shippable-qr,microsoft,True,,,,,,,,,,,,,,,,,,,,,,,,,,,,,,,,,,,,,,,,,,,,,,,,,,TN,,,,,,,,,,
441809571.0,1819126971,2023-12-31 16:29:03,206.8,30b0d1ecdc26a3e4753bef7807739106282ed827,1354470,autoland,ContentfulSpeedIndex,True,microsoft ContentfulSpeedIndex opt fission warm webrender,,77,ms,firefox,False,|f|i|s|s|i|o|n| |w|a|r|m| |w|e|b|r|e|n|d|e|r|,,3776889,13,9b3df14599f65e991e2c4a5eaba7ebe76c85b8c3,102210fe594ee9b33d82058545b1ed14f4c8206e,linux1804-64-shippable-qr,microsoft,True,,,,,,,,,,,,,,,,,,,,,,,,,,,,,,,,,,,,,,,,,,,,,,,,,,TN,,,,,,,,,,
441823019.0,1819199239,2023-12-31 21:56:05,214.6,430d1a5b377307a1050c23ae96cab333c5a33be8,1354489,autoland,ContentfulSpeedIndex,True,microsoft ContentfulSpeedIndex opt fission warm webrender,,77,ms,firefox,False,|f|i|s|s|i|o|n| |w|a|r|m| |w|e|b|r|e|n|d|e|r|,,3776889,13,9b3df14599f65e991e2c4a5eaba7ebe76c85b8c3,102210fe594ee9b33d82058545b1ed14f4c8206e,linux1804-64-shippable-qr,microsoft,True,,,,,,,,,,,,,,,,,,,,,,,,,,,,,,,,,,,,,,,,,,,,,,,,,,TN,,,,,,,,,,
442784058.0,1823453538,2023-12-31 21:56:05,206.5,430d1a5b377307a1050c23ae96cab333c5a33be8,1354489,autoland,ContentfulSpeedIndex,True,microsoft ContentfulSpeedIndex opt fission warm webrender,,77,ms,firefox,False,|f|i|s|s|i|o|n| |w|a|r|m| |w|e|b|r|e|n|d|e|r|,,3776889,13,9b3df14599f65e991e2c4a5eaba7ebe76c85b8c3,102210fe594ee9b33d82058545b1ed14f4c8206e,linux1804-64-shippable-qr,microsoft,True,,,,,,,,,,,,,,,,,,,,,,,,,,,,,,,,,,,,,,,,,,,,,,,,,,TN,,,,,,,,,,
442784059.0,1823453435,2023-12-31 21:56:05,211.4,430d1a5b377307a1050c23ae96cab333c5a33be8,1354489,autoland,ContentfulSpeedIndex,True,microsoft ContentfulSpeedIndex opt fission warm webrender,,77,ms,firefox,False,|f|i|s|s|i|o|n| |w|a|r|m| |w|e|b|r|e|n|d|e|r|,,3776889,13,9b3df14599f65e991e2c4a5eaba7ebe76c85b8c3,102210fe594ee9b33d82058545b1ed14f4c8206e,linux1804-64-shippable-qr,microsoft,True,,,,,,,,,,,,,,,,,,,,,,,,,,,,,,,,,,,,,,,,,,,,,,,,,,TN,,,,,,,,,,
442784424.0,1823453848,2023-12-31 21:56:05,208.4,430d1a5b377307a1050c23ae96cab333c5a33be8,1354489,autoland,ContentfulSpeedIndex,True,microsoft ContentfulSpeedIndex opt fission warm webrender,,77,ms,firefox,False,|f|i|s|s|i|o|n| |w|a|r|m| |w|e|b|r|e|n|d|e|r|,,3776889,13,9b3df14599f65e991e2c4a5eaba7ebe76c85b8c3,102210fe594ee9b33d82058545b1ed14f4c8206e,linux1804-64-shippable-qr,microsoft,True,,,,,,,,,,,,,,,,,,,,,,,,,,,,,,,,,,,,,,,,,,,,,,,,,,TN,,,,,,,,,,
441851432.0,1819345848,2024-01-01 15:22:20,203.9,da3b8f5f832d95192044762406363fda8d55ef19,1354571,autoland,ContentfulSpeedIndex,True,microsoft ContentfulSpeedIndex opt fission warm webrender,,77,ms,firefox,False,|f|i|s|s|i|o|n| |w|a|r|m| |w|e|b|r|e|n|d|e|r|,,3776889,13,9b3df14599f65e991e2c4a5eaba7ebe76c85b8c3,102210fe594ee9b33d82058545b1ed14f4c8206e,linux1804-64-shippable-qr,microsoft,True,,,,,,,,,,,,,,,,,,,,,,,,,,,,,,,,,,,,,,,,,,,,,,,,,,TN,,,,,,,,,,
441852084.0,1819346880,2024-01-01 20:27:36,211.3,42461c8e1289d1829e0902914b12524c1fffa0a1,1354574,autoland,ContentfulSpeedIndex,True,microsoft ContentfulSpeedIndex opt fission warm webrender,,77,ms,firefox,False,|f|i|s|s|i|o|n| |w|a|r|m| |w|e|b|r|e|n|d|e|r|,,3776889,13,9b3df14599f65e991e2c4a5eaba7ebe76c85b8c3,102210fe594ee9b33d82058545b1ed14f4c8206e,linux1804-64-shippable-qr,microsoft,True,,,,,,,,,,,,,,,,,,,,,,,,,,,,,,,,,,,,,,,,,,,,,,,,,,TN,,,,,,,,,,
441876814.0,1819444107,2024-01-02 07:16:40,219.1,60c369c930dc96abae06a2e0ad6833a3574b803f,1354603,autoland,ContentfulSpeedIndex,True,microsoft ContentfulSpeedIndex opt fission warm webrender,,77,ms,firefox,False,|f|i|s|s|i|o|n| |w|a|r|m| |w|e|b|r|e|n|d|e|r|,,3776889,13,9b3df14599f65e991e2c4a5eaba7ebe76c85b8c3,102210fe594ee9b33d82058545b1ed14f4c8206e,linux1804-64-shippable-qr,microsoft,True,,,,,,,,,,,,,,,,,,,,,,,,,,,,,,,,,,,,,,,,,,,,,,,,,,TN,,,,,,,,,,
441981715.0,1819870604,2024-01-02 07:48:01,211.4,3e05dc8db1ec11547dde5a9576bfa988ec85e008,1354607,autoland,ContentfulSpeedIndex,True,microsoft ContentfulSpeedIndex opt fission warm webrender,,77,ms,firefox,False,|f|i|s|s|i|o|n| |w|a|r|m| |w|e|b|r|e|n|d|e|r|,,3776889,13,9b3df14599f65e991e2c4a5eaba7ebe76c85b8c3,102210fe594ee9b33d82058545b1ed14f4c8206e,linux1804-64-shippable-qr,microsoft,True,,,,,,,,,,,,,,,,,,,,,,,,,,,,,,,,,,,,,,,,,,,,,,,,,,TN,,,,,,,,,,
441975769.0,1819830302,2024-01-02 07:56:01,215.5,88de278b4ca970bf360b8c46789f60f0f7373dd6,1354609,autoland,ContentfulSpeedIndex,True,microsoft ContentfulSpeedIndex opt fission warm webrender,,77,ms,firefox,False,|f|i|s|s|i|o|n| |w|a|r|m| |w|e|b|r|e|n|d|e|r|,,3776889,13,9b3df14599f65e991e2c4a5eaba7ebe76c85b8c3,102210fe594ee9b33d82058545b1ed14f4c8206e,linux1804-64-shippable-qr,microsoft,True,,,,,,,,,,,,,,,,,,,,,,,,,,,,,,,,,,,,,,,,,,,,,,,,,,TN,,,,,,,,,,
441981341.0,1819849887,2024-01-02 10:31:22,208.4,1ca3d1972e2da3c924dd8d01116dd1bc30797306,1354659,autoland,ContentfulSpeedIndex,True,microsoft ContentfulSpeedIndex opt fission warm webrender,,77,ms,firefox,False,|f|i|s|s|i|o|n| |w|a|r|m| |w|e|b|r|e|n|d|e|r|,,3776889,13,9b3df14599f65e991e2c4a5eaba7ebe76c85b8c3,102210fe594ee9b33d82058545b1ed14f4c8206e,linux1804-64-shippable-qr,microsoft,True,,,,,,,,,,,,,,,,,,,,,,,,,,,,,,,,,,,,,,,,,,,,,,,,,,TN,,,,,,,,,,
441903966.0,1819540986,2024-01-02 11:19:41,208.2,399d9781e72b3a4a01e67c7f902f80c9df9da386,1354672,autoland,ContentfulSpeedIndex,True,microsoft ContentfulSpeedIndex opt fission warm webrender,,77,ms,firefox,False,|f|i|s|s|i|o|n| |w|a|r|m| |w|e|b|r|e|n|d|e|r|,,3776889,13,9b3df14599f65e991e2c4a5eaba7ebe76c85b8c3,102210fe594ee9b33d82058545b1ed14f4c8206e,linux1804-64-shippable-qr,microsoft,True,,,,,,,,,,,,,,,,,,,,,,,,,,,,,,,,,,,,,,,,,,,,,,,,,,TN,,,,,,,,,,
441931197.0,1819625170,2024-01-02 15:21:54,212.8,9f15f6c0236cc27aa82549841609068645c13445,1354784,autoland,ContentfulSpeedIndex,True,microsoft ContentfulSpeedIndex opt fission warm webrender,,77,ms,firefox,False,|f|i|s|s|i|o|n| |w|a|r|m| |w|e|b|r|e|n|d|e|r|,,3776889,13,9b3df14599f65e991e2c4a5eaba7ebe76c85b8c3,102210fe594ee9b33d82058545b1ed14f4c8206e,linux1804-64-shippable-qr,microsoft,True,,,,,,,,,,,,,,,,,,,,,,,,,,,,,,,,,,,,,,,,,,,,,,,,,,TN,,,,,,,,,,
441936730.0,1819663867,2024-01-02 15:38:43,209.5,c44f0d09630a8cf36dac42c4eb31bf2a9395bf90,1354794,autoland,ContentfulSpeedIndex,True,microsoft ContentfulSpeedIndex opt fission warm webrender,,77,ms,firefox,False,|f|i|s|s|i|o|n| |w|a|r|m| |w|e|b|r|e|n|d|e|r|,,3776889,13,9b3df14599f65e991e2c4a5eaba7ebe76c85b8c3,102210fe594ee9b33d82058545b1ed14f4c8206e,linux1804-64-shippable-qr,microsoft,True,,,,,,,,,,,,,,,,,,,,,,,,,,,,,,,,,,,,,,,,,,,,,,,,,,TN,,,,,,,,,,
441957172.0,1819763783,2024-01-02 20:40:29,213.4,cc67c788cded515a24f96c72c8a12b87a2cd1b3a,1354935,autoland,ContentfulSpeedIndex,True,microsoft ContentfulSpeedIndex opt fission warm webrender,,77,ms,firefox,False,|f|i|s|s|i|o|n| |w|a|r|m| |w|e|b|r|e|n|d|e|r|,,3776889,13,9b3df14599f65e991e2c4a5eaba7ebe76c85b8c3,102210fe594ee9b33d82058545b1ed14f4c8206e,linux1804-64-shippable-qr,microsoft,True,,,,,,,,,,,,,,,,,,,,,,,,,,,,,,,,,,,,,,,,,,,,,,,,,,TN,,,,,,,,,,
441991803.0,1819906506,2024-01-03 08:18:49,206.6,655286516798565db497786ca92d9a8f7f7744bf,1355061,autoland,ContentfulSpeedIndex,True,microsoft ContentfulSpeedIndex opt fission warm webrender,,77,ms,firefox,False,|f|i|s|s|i|o|n| |w|a|r|m| |w|e|b|r|e|n|d|e|r|,,3776889,13,9b3df14599f65e991e2c4a5eaba7ebe76c85b8c3,102210fe594ee9b33d82058545b1ed14f4c8206e,linux1804-64-shippable-qr,microsoft,True,,,,,,,,,,,,,,,,,,,,,,,,,,,,,,,,,,,,,,,,,,,,,,,,,,TN,,,,,,,,,,
442028792.0,1819995109,2024-01-03 12:27:12,211.0,9ea90dc23395fc3e2d9d2bd18598cc49434eeff1,1355126,autoland,ContentfulSpeedIndex,True,microsoft ContentfulSpeedIndex opt fission warm webrender,,77,ms,firefox,False,|f|i|s|s|i|o|n| |w|a|r|m| |w|e|b|r|e|n|d|e|r|,,3776889,13,9b3df14599f65e991e2c4a5eaba7ebe76c85b8c3,102210fe594ee9b33d82058545b1ed14f4c8206e,linux1804-64-shippable-qr,microsoft,True,,,,,,,,,,,,,,,,,,,,,,,,,,,,,,,,,,,,,,,,,,,,,,,,,,TN,,,,,,,,,,
442050451.0,1820091945,2024-01-03 16:19:36,236.7,6aab4af4cab879cc95debd549578bc909a21cff7,1355230,autoland,ContentfulSpeedIndex,True,microsoft ContentfulSpeedIndex opt fission warm webrender,,77,ms,firefox,False,|f|i|s|s|i|o|n| |w|a|r|m| |w|e|b|r|e|n|d|e|r|,,3776889,13,9b3df14599f65e991e2c4a5eaba7ebe76c85b8c3,102210fe594ee9b33d82058545b1ed14f4c8206e,linux1804-64-shippable-qr,microsoft,True,,,,,,,,,,,,,,,,,,,,,,,,,,,,,,,,,,,,,,,,,,,,,,,,,,TN,,,,,,,,,,
442074157.0,1820212954,2024-01-03 20:41:01,211.9,c5a68fbf81d038a69c4e9be728d50030fd0d6271,1355381,autoland,ContentfulSpeedIndex,True,microsoft ContentfulSpeedIndex opt fission warm webrender,,77,ms,firefox,False,|f|i|s|s|i|o|n| |w|a|r|m| |w|e|b|r|e|n|d|e|r|,,3776889,13,9b3df14599f65e991e2c4a5eaba7ebe76c85b8c3,102210fe594ee9b33d82058545b1ed14f4c8206e,linux1804-64-shippable-qr,microsoft,True,,,,,,,,,,,,,,,,,,,,,,,,,,,,,,,,,,,,,,,,,,,,,,,,,,TN,,,,,,,,,,
442075296.0,1820226599,2024-01-03 20:57:48,211.1,d071b2f4ff07e1815cfa6650ffafb87c9b7e9fb1,1355389,autoland,ContentfulSpeedIndex,True,microsoft ContentfulSpeedIndex opt fission warm webrender,,77,ms,firefox,False,|f|i|s|s|i|o|n| |w|a|r|m| |w|e|b|r|e|n|d|e|r|,,3776889,13,9b3df14599f65e991e2c4a5eaba7ebe76c85b8c3,102210fe594ee9b33d82058545b1ed14f4c8206e,linux1804-64-shippable-qr,microsoft,True,,,,,,,,,,,,,,,,,,,,,,,,,,,,,,,,,,,,,,,,,,,,,,,,,,TN,,,,,,,,,,
442096340.0,1820314262,2024-01-04 01:41:43,211.5,99d5c9d12fe8a000d9b092346826d2101720ee5f,1355473,autoland,ContentfulSpeedIndex,True,microsoft ContentfulSpeedIndex opt fission warm webrender,,77,ms,firefox,False,|f|i|s|s|i|o|n| |w|a|r|m| |w|e|b|r|e|n|d|e|r|,,3776889,13,9b3df14599f65e991e2c4a5eaba7ebe76c85b8c3,102210fe594ee9b33d82058545b1ed14f4c8206e,linux1804-64-shippable-qr,microsoft,True,,,,,,,,,,,,,,,,,,,,,,,,,,,,,,,,,,,,,,,,,,,,,,,,,,TN,,,,,,,,,,
442108186.0,1820368979,2024-01-04 05:54:21,208.4,c285a1e59436529ca8d4acd4acf55d45e4277b1b,1355496,autoland,ContentfulSpeedIndex,True,microsoft ContentfulSpeedIndex opt fission warm webrender,,77,ms,firefox,False,|f|i|s|s|i|o|n| |w|a|r|m| |w|e|b|r|e|n|d|e|r|,,3776889,13,9b3df14599f65e991e2c4a5eaba7ebe76c85b8c3,102210fe594ee9b33d82058545b1ed14f4c8206e,linux1804-64-shippable-qr,microsoft,True,,,,,,,,,,,,,,,,,,,,,,,,,,,,,,,,,,,,,,,,,,,,,,,,,,TN,,,,,,,,,,
442138589.0,1820486728,2024-01-04 11:10:14,208.6,740351987a4ee46ea2c571e5824e859680bda968,1355581,autoland,ContentfulSpeedIndex,True,microsoft ContentfulSpeedIndex opt fission warm webrender,,77,ms,firefox,False,|f|i|s|s|i|o|n| |w|a|r|m| |w|e|b|r|e|n|d|e|r|,,3776889,13,9b3df14599f65e991e2c4a5eaba7ebe76c85b8c3,102210fe594ee9b33d82058545b1ed14f4c8206e,linux1804-64-shippable-qr,microsoft,True,,,,,,,,,,,,,,,,,,,,,,,,,,,,,,,,,,,,,,,,,,,,,,,,,,TN,,,,,,,,,,
442175877.0,1820605961,2024-01-04 15:17:03,211.5,45533d2448ef281f6e604ca7626c0a6ecce3e188,1355683,autoland,ContentfulSpeedIndex,True,microsoft ContentfulSpeedIndex opt fission warm webrender,,77,ms,firefox,False,|f|i|s|s|i|o|n| |w|a|r|m| |w|e|b|r|e|n|d|e|r|,,3776889,13,9b3df14599f65e991e2c4a5eaba7ebe76c85b8c3,102210fe594ee9b33d82058545b1ed14f4c8206e,linux1804-64-shippable-qr,microsoft,True,,,,,,,,,,,,,,,,,,,,,,,,,,,,,,,,,,,,,,,,,,,,,,,,,,TN,,,,,,,,,,
442172813.0,1820596731,2024-01-04 15:42:51,208.1,0a133d5fd15504b371307e44739e8f97c80096b9,1355702,autoland,ContentfulSpeedIndex,True,microsoft ContentfulSpeedIndex opt fission warm webrender,,77,ms,firefox,False,|f|i|s|s|i|o|n| |w|a|r|m| |w|e|b|r|e|n|d|e|r|,,3776889,13,9b3df14599f65e991e2c4a5eaba7ebe76c85b8c3,102210fe594ee9b33d82058545b1ed14f4c8206e,linux1804-64-shippable-qr,microsoft,True,,,,,,,,,,,,,,,,,,,,,,,,,,,,,,,,,,,,,,,,,,,,,,,,,,TN,,,,,,,,,,
442201349.0,1820760598,2024-01-04 19:37:18,211.7,048b65210703dec3aec972f180b52548b2664f7d,1355859,autoland,ContentfulSpeedIndex,True,microsoft ContentfulSpeedIndex opt fission warm webrender,,77,ms,firefox,False,|f|i|s|s|i|o|n| |w|a|r|m| |w|e|b|r|e|n|d|e|r|,,3776889,13,9b3df14599f65e991e2c4a5eaba7ebe76c85b8c3,102210fe594ee9b33d82058545b1ed14f4c8206e,linux1804-64-shippable-qr,microsoft,True,,,,,,,,,,,,,,,,,,,,,,,,,,,,,,,,,,,,,,,,,,,,,,,,,,TN,,,,,,,,,,
442253832.0,1821032056,2024-01-04 20:17:07,182.3,e3fea180f63a43f43dcc79e23886260f8127de0b,1355885,autoland,ContentfulSpeedIndex,True,microsoft ContentfulSpeedIndex opt fission warm webrender,,77,ms,firefox,False,|f|i|s|s|i|o|n| |w|a|r|m| |w|e|b|r|e|n|d|e|r|,,3776889,13,9b3df14599f65e991e2c4a5eaba7ebe76c85b8c3,102210fe594ee9b33d82058545b1ed14f4c8206e,linux1804-64-shippable-qr,microsoft,True,,,,,,,,,,,,,,,,,,,,,,,,,,,,,,,,,,,,,,,,,,,,,,,,,,TN,,,,,,,,,,
442251385.0,1821018404,2024-01-04 20:21:02,209.6,db832cc2d4e687b96654cf986f58183ba6ec8190,1355889,autoland,ContentfulSpeedIndex,True,microsoft ContentfulSpeedIndex opt fission warm webrender,,77,ms,firefox,False,|f|i|s|s|i|o|n| |w|a|r|m| |w|e|b|r|e|n|d|e|r|,,3776889,13,9b3df14599f65e991e2c4a5eaba7ebe76c85b8c3,102210fe594ee9b33d82058545b1ed14f4c8206e,linux1804-64-shippable-qr,microsoft,True,,,,,,,,,,,,,,,,,,,,,,,,,,,,,,,,,,,,,,,,,,,,,,,,,,TN,,,,,,,,,,
442238008.0,1820917148,2024-01-05 00:18:01,208.4,84d53ee96a81d7e514d24d1fb3160e91d9cee533,1356034,autoland,ContentfulSpeedIndex,True,microsoft ContentfulSpeedIndex opt fission warm webrender,,77,ms,firefox,False,|f|i|s|s|i|o|n| |w|a|r|m| |w|e|b|r|e|n|d|e|r|,,3776889,13,9b3df14599f65e991e2c4a5eaba7ebe76c85b8c3,102210fe594ee9b33d82058545b1ed14f4c8206e,linux1804-64-shippable-qr,microsoft,True,,,,,,,,,,,,,,,,,,,,,,,,,,,,,,,,,,,,,,,,,,,,,,,,,,TN,,,,,,,,,,
442239312.0,1820920862,2024-01-05 00:22:57,214.5,fab155eb519c68377a585ffdc537174653ab847b,1356036,autoland,ContentfulSpeedIndex,True,microsoft ContentfulSpeedIndex opt fission warm webrender,,77,ms,firefox,False,|f|i|s|s|i|o|n| |w|a|r|m| |w|e|b|r|e|n|d|e|r|,,3776889,13,9b3df14599f65e991e2c4a5eaba7ebe76c85b8c3,102210fe594ee9b33d82058545b1ed14f4c8206e,linux1804-64-shippable-qr,microsoft,True,,,,,,,,,,,,,,,,,,,,,,,,,,,,,,,,,,,,,,,,,,,,,,,,,,TN,,,,,,,,,,
442250936.0,1820999929,2024-01-05 04:43:02,211.9,376266ac23d50822ae8c18d60d1577f0b89b7c03,1356081,autoland,ContentfulSpeedIndex,True,microsoft ContentfulSpeedIndex opt fission warm webrender,,77,ms,firefox,False,|f|i|s|s|i|o|n| |w|a|r|m| |w|e|b|r|e|n|d|e|r|,,3776889,13,9b3df14599f65e991e2c4a5eaba7ebe76c85b8c3,102210fe594ee9b33d82058545b1ed14f4c8206e,linux1804-64-shippable-qr,microsoft,True,,,,,,,,,,,,,,,,,,,,,,,,,,,,,,,,,,,,,,,,,,,,,,,,,,TN,,,,,,,,,,
442266541.0,1821091252,2024-01-05 08:43:49,208.9,fa9bfcd5f0dbd19a8aaafddc25f6f73e4bcfd484,1356147,autoland,ContentfulSpeedIndex,True,microsoft ContentfulSpeedIndex opt fission warm webrender,,77,ms,firefox,False,|f|i|s|s|i|o|n| |w|a|r|m| |w|e|b|r|e|n|d|e|r|,,3776889,13,9b3df14599f65e991e2c4a5eaba7ebe76c85b8c3,102210fe594ee9b33d82058545b1ed14f4c8206e,linux1804-64-shippable-qr,microsoft,True,,,,,,,,,,,,,,,,,,,,,,,,,,,,,,,,,,,,,,,,,,,,,,,,,,TN,,,,,,,,,,
442314646.0,1821239376,2024-01-05 12:49:29,210.8,30bc5759ffcd80a2febc0a054214a3c910d31aea,1356208,autoland,ContentfulSpeedIndex,True,microsoft ContentfulSpeedIndex opt fission warm webrender,,77,ms,firefox,False,|f|i|s|s|i|o|n| |w|a|r|m| |w|e|b|r|e|n|d|e|r|,,3776889,13,9b3df14599f65e991e2c4a5eaba7ebe76c85b8c3,102210fe594ee9b33d82058545b1ed14f4c8206e,linux1804-64-shippable-qr,microsoft,True,,,,,,,,,,,,,,,,,,,,,,,,,,,,,,,,,,,,,,,,,,,,,,,,,,TN,,,,,,,,,,
442335323.0,1821318433,2024-01-05 17:02:32,208.7,d2e417f0f208016a0a4e369e822a12e20ef4fc5f,1356351,autoland,ContentfulSpeedIndex,True,microsoft ContentfulSpeedIndex opt fission warm webrender,,77,ms,firefox,False,|f|i|s|s|i|o|n| |w|a|r|m| |w|e|b|r|e|n|d|e|r|,,3776889,13,9b3df14599f65e991e2c4a5eaba7ebe76c85b8c3,102210fe594ee9b33d82058545b1ed14f4c8206e,linux1804-64-shippable-qr,microsoft,True,,,,,,,,,,,,,,,,,,,,,,,,,,,,,,,,,,,,,,,,,,,,,,,,,,TN,,,,,,,,,,
442352704.0,1821394087,2024-01-05 19:52:18,212.8,567f5a81c44108f44c4e694af42be8f209da4c0a,1356444,autoland,ContentfulSpeedIndex,True,microsoft ContentfulSpeedIndex opt fission warm webrender,,77,ms,firefox,False,|f|i|s|s|i|o|n| |w|a|r|m| |w|e|b|r|e|n|d|e|r|,,3776889,13,9b3df14599f65e991e2c4a5eaba7ebe76c85b8c3,102210fe594ee9b33d82058545b1ed14f4c8206e,linux1804-64-shippable-qr,microsoft,True,,,,,,,,,,,,,,,,,,,,,,,,,,,,,,,,,,,,,,,,,,,,,,,,,,TN,,,,,,,,,,
442389773.0,1821568985,2024-01-05 22:36:58,217.5,0dece7636f83e4d8e406c0f28d75ab83079a80d8,1356512,autoland,ContentfulSpeedIndex,True,microsoft ContentfulSpeedIndex opt fission warm webrender,,77,ms,firefox,False,|f|i|s|s|i|o|n| |w|a|r|m| |w|e|b|r|e|n|d|e|r|,,3776889,13,9b3df14599f65e991e2c4a5eaba7ebe76c85b8c3,102210fe594ee9b33d82058545b1ed14f4c8206e,linux1804-64-shippable-qr,microsoft,True,,,,,,,,,,,,,,,,,,,,,,,,,,,,,,,,,,,,,,,,,,,,,,,,,,TN,,,,,,,,,,
442389620.0,1821563588,2024-01-05 22:37:55,221.3,d6443c86506e0e25a31501bde35b4baf10cbf339,1356513,autoland,ContentfulSpeedIndex,True,microsoft ContentfulSpeedIndex opt fission warm webrender,,77,ms,firefox,False,|f|i|s|s|i|o|n| |w|a|r|m| |w|e|b|r|e|n|d|e|r|,,3776889,13,9b3df14599f65e991e2c4a5eaba7ebe76c85b8c3,102210fe594ee9b33d82058545b1ed14f4c8206e,linux1804-64-shippable-qr,microsoft,True,,,,,,,,,,,,,,,,,,,,,,,,,,,,,,,,,,,,,,,,,,,,,,,,,,TN,,,,,,,,,,
442379998.0,1821493057,2024-01-06 00:04:36,217.3,2a86438878465bd10e251c52285e2455425bfeb9,1356549,autoland,ContentfulSpeedIndex,True,microsoft ContentfulSpeedIndex opt fission warm webrender,,77,ms,firefox,False,|f|i|s|s|i|o|n| |w|a|r|m| |w|e|b|r|e|n|d|e|r|,,3776889,13,9b3df14599f65e991e2c4a5eaba7ebe76c85b8c3,102210fe594ee9b33d82058545b1ed14f4c8206e,linux1804-64-shippable-qr,microsoft,True,,,,,,,,,,,,,,,,,,,,,,,,,,,,,,,,,,,,,,,,,,,,,,,,,,TN,,,,,,,,,,
442382109.0,1821509880,2024-01-06 00:21:54,213.7,ce6cf7dcf8b16c2a478f122f8bab575231c99881,1356554,autoland,ContentfulSpeedIndex,True,microsoft ContentfulSpeedIndex opt fission warm webrender,,77,ms,firefox,False,|f|i|s|s|i|o|n| |w|a|r|m| |w|e|b|r|e|n|d|e|r|,,3776889,13,9b3df14599f65e991e2c4a5eaba7ebe76c85b8c3,102210fe594ee9b33d82058545b1ed14f4c8206e,linux1804-64-shippable-qr,microsoft,True,,,,,,,,,,,,,,,,,,,,,,,,,,,,,,,,,,,,,,,,,,,,,,,,,,TN,,,,,,,,,,
442417646.0,1821696263,2024-01-06 12:48:14,206.7,b54f34f26a3a753076473795a42574f426a960ee,1356631,autoland,ContentfulSpeedIndex,True,microsoft ContentfulSpeedIndex opt fission warm webrender,,77,ms,firefox,False,|f|i|s|s|i|o|n| |w|a|r|m| |w|e|b|r|e|n|d|e|r|,,3776889,13,9b3df14599f65e991e2c4a5eaba7ebe76c85b8c3,102210fe594ee9b33d82058545b1ed14f4c8206e,linux1804-64-shippable-qr,microsoft,True,,,,,,,,,,,,,,,,,,,,,,,,,,,,,,,,,,,,,,,,,,,,,,,,,,TN,,,,,,,,,,
442426352.0,1821743500,2024-01-06 17:09:10,214.2,d6318b034527ed62918fa4fd893f093c084a6ccb,1356650,autoland,ContentfulSpeedIndex,True,microsoft ContentfulSpeedIndex opt fission warm webrender,,77,ms,firefox,False,|f|i|s|s|i|o|n| |w|a|r|m| |w|e|b|r|e|n|d|e|r|,,3776889,13,9b3df14599f65e991e2c4a5eaba7ebe76c85b8c3,102210fe594ee9b33d82058545b1ed14f4c8206e,linux1804-64-shippable-qr,microsoft,True,,,,,,,,,,,,,,,,,,,,,,,,,,,,,,,,,,,,,,,,,,,,,,,,,,TN,,,,,,,,,,
442441113.0,1821805965,2024-01-06 21:44:09,208.3,1d9422a3e1d878f2f2c54ef4e836faabebfdfc9a,1356666,autoland,ContentfulSpeedIndex,True,microsoft ContentfulSpeedIndex opt fission warm webrender,,77,ms,firefox,False,|f|i|s|s|i|o|n| |w|a|r|m| |w|e|b|r|e|n|d|e|r|,,3776889,13,9b3df14599f65e991e2c4a5eaba7ebe76c85b8c3,102210fe594ee9b33d82058545b1ed14f4c8206e,linux1804-64-shippable-qr,microsoft,True,,,,,,,,,,,,,,,,,,,,,,,,,,,,,,,,,,,,,,,,,,,,,,,,,,TN,,,,,,,,,,
442481624.0,1822021393,2024-01-07 23:26:49,212.9,47fc814524de5c30dfd7711cf3eda088303ad905,1356765,autoland,ContentfulSpeedIndex,True,microsoft ContentfulSpeedIndex opt fission warm webrender,,77,ms,firefox,False,|f|i|s|s|i|o|n| |w|a|r|m| |w|e|b|r|e|n|d|e|r|,,3776889,13,9b3df14599f65e991e2c4a5eaba7ebe76c85b8c3,102210fe594ee9b33d82058545b1ed14f4c8206e,linux1804-64-shippable-qr,microsoft,True,,,,,,,,,,,,,,,,,,,,,,,,,,,,,,,,,,,,,,,,,,,,,,,,,,TN,,,,,,,,,,
442486087.0,1822050090,2024-01-08 02:39:55,211.2,750c44842f26873f40a2d09bc4ee94ecc4c39997,1356771,autoland,ContentfulSpeedIndex,True,microsoft ContentfulSpeedIndex opt fission warm webrender,,77,ms,firefox,False,|f|i|s|s|i|o|n| |w|a|r|m| |w|e|b|r|e|n|d|e|r|,,3776889,13,9b3df14599f65e991e2c4a5eaba7ebe76c85b8c3,102210fe594ee9b33d82058545b1ed14f4c8206e,linux1804-64-shippable-qr,microsoft,True,,,,,,,,,,,,,,,,,,,,,,,,,,,,,,,,,,,,,,,,,,,,,,,,,,TN,,,,,,,,,,
442538863.0,1822239621,2024-01-08 11:59:03,211.4,f0a524f0a0085554a1bfdfe1320ee1e87caf7a94,1356886,autoland,ContentfulSpeedIndex,True,microsoft ContentfulSpeedIndex opt fission warm webrender,,77,ms,firefox,False,|f|i|s|s|i|o|n| |w|a|r|m| |w|e|b|r|e|n|d|e|r|,,3776889,13,9b3df14599f65e991e2c4a5eaba7ebe76c85b8c3,102210fe594ee9b33d82058545b1ed14f4c8206e,linux1804-64-shippable-qr,microsoft,True,,,,,,,,,,,,,,,,,,,,,,,,,,,,,,,,,,,,,,,,,,,,,,,,,,TN,,,,,,,,,,
442640763.0,1822728412,2024-01-08 13:59:36,211.5,3b8b6ba44de3870a21b3f250a24e6eae455bf564,1356959,autoland,ContentfulSpeedIndex,True,microsoft ContentfulSpeedIndex opt fission warm webrender,,77,ms,firefox,False,|f|i|s|s|i|o|n| |w|a|r|m| |w|e|b|r|e|n|d|e|r|,,3776889,13,9b3df14599f65e991e2c4a5eaba7ebe76c85b8c3,102210fe594ee9b33d82058545b1ed14f4c8206e,linux1804-64-shippable-qr,microsoft,True,,,,,,,,,,,,,,,,,,,,,,,,,,,,,,,,,,,,,,,,,,,,,,,,,,TN,,,,,,,,,,
442640116.0,1822691740,2024-01-08 14:18:59,214.2,c0b65b260d5fbb61bfacc80d014afb017086dc3d,1356978,autoland,ContentfulSpeedIndex,True,microsoft ContentfulSpeedIndex opt fission warm webrender,,77,ms,firefox,False,|f|i|s|s|i|o|n| |w|a|r|m| |w|e|b|r|e|n|d|e|r|,,3776889,13,9b3df14599f65e991e2c4a5eaba7ebe76c85b8c3,102210fe594ee9b33d82058545b1ed14f4c8206e,linux1804-64-shippable-qr,microsoft,True,,,,,,,,,,,,,,,,,,,,,,,,,,,,,,,,,,,,,,,,,,,,,,,,,,TN,,,,,,,,,,
442640637.0,1822719864,2024-01-08 15:17:36,211.2,7613e62377713778fccf1bbcf2d0d974a9d54d62,1357023,autoland,ContentfulSpeedIndex,True,microsoft ContentfulSpeedIndex opt fission warm webrender,,77,ms,firefox,False,|f|i|s|s|i|o|n| |w|a|r|m| |w|e|b|r|e|n|d|e|r|,,3776889,13,9b3df14599f65e991e2c4a5eaba7ebe76c85b8c3,102210fe594ee9b33d82058545b1ed14f4c8206e,linux1804-64-shippable-qr,microsoft,True,,,,,,,,,,,,,,,,,,,,,,,,,,,,,,,,,,,,,,,,,,,,,,,,,,TN,,,,,,,,,,
442640348.0,1822698757,2024-01-08 15:20:01,204.5,96dbd42557569de364e38f42a4d6592922dc824e,1357024,autoland,ContentfulSpeedIndex,True,microsoft ContentfulSpeedIndex opt fission warm webrender,,77,ms,firefox,False,|f|i|s|s|i|o|n| |w|a|r|m| |w|e|b|r|e|n|d|e|r|,,3776889,13,9b3df14599f65e991e2c4a5eaba7ebe76c85b8c3,102210fe594ee9b33d82058545b1ed14f4c8206e,linux1804-64-shippable-qr,microsoft,True,,,,,,,,,,,,,,,,,,,,,,,,,,,,,,,,,,,,,,,,,,,,,,,,,,TN,,,,,,,,,,
442563807.0,1822354408,2024-01-08 15:57:02,211.1,fa142c3f71b8a5f5e5781fe41471dc1528cecd75,1357053,autoland,ContentfulSpeedIndex,True,microsoft ContentfulSpeedIndex opt fission warm webrender,,77,ms,firefox,False,|f|i|s|s|i|o|n| |w|a|r|m| |w|e|b|r|e|n|d|e|r|,,3776889,13,9b3df14599f65e991e2c4a5eaba7ebe76c85b8c3,102210fe594ee9b33d82058545b1ed14f4c8206e,linux1804-64-shippable-qr,microsoft,True,,,,,,,,,,,,,,,,,,,,,,,,,,,,,,,,,,,,,,,,,,,,,,,,,,TN,,,,,,,,,,
442641899.0,1822750567,2024-01-08 16:27:18,211.8,f94198e20472275db87efe7b903db30b13a368d6,1357067,autoland,ContentfulSpeedIndex,True,microsoft ContentfulSpeedIndex opt fission warm webrender,,77,ms,firefox,False,|f|i|s|s|i|o|n| |w|a|r|m| |w|e|b|r|e|n|d|e|r|,,3776889,13,9b3df14599f65e991e2c4a5eaba7ebe76c85b8c3,102210fe594ee9b33d82058545b1ed14f4c8206e,linux1804-64-shippable-qr,microsoft,True,,,,,,,,,,,,,,,,,,,,,,,,,,,,,,,,,,,,,,,,,,,,,,,,,,TN,,,,,,,,,,
442639636.0,1822678616,2024-01-08 16:28:27,209.7,60f04fbada705752ff9cfd6d7f18f73b71d812b7,1357071,autoland,ContentfulSpeedIndex,True,microsoft ContentfulSpeedIndex opt fission warm webrender,,77,ms,firefox,False,|f|i|s|s|i|o|n| |w|a|r|m| |w|e|b|r|e|n|d|e|r|,,3776889,13,9b3df14599f65e991e2c4a5eaba7ebe76c85b8c3,102210fe594ee9b33d82058545b1ed14f4c8206e,linux1804-64-shippable-qr,microsoft,True,,,,,,,,,,,,,,,,,,,,,,,,,,,,,,,,,,,,,,,,,,,,,,,,,,TN,,,,,,,,,,
442593653.0,1822447007,2024-01-08 20:04:05,212.8,41ae953b02271ceda653046c5072bfe0329c7e96,1357175,autoland,ContentfulSpeedIndex,True,microsoft ContentfulSpeedIndex opt fission warm webrender,,77,ms,firefox,False,|f|i|s|s|i|o|n| |w|a|r|m| |w|e|b|r|e|n|d|e|r|,,3776889,13,9b3df14599f65e991e2c4a5eaba7ebe76c85b8c3,102210fe594ee9b33d82058545b1ed14f4c8206e,linux1804-64-shippable-qr,microsoft,True,,,,,,,,,,,,,,,,,,,,,,,,,,,,,,,,,,,,,,,,,,,,,,,,,,TN,,,,,,,,,,
442639423.0,1822666973,2024-01-08 21:33:29,213.3,4dc4f0070bb9c1118742b60f998c761de468ca6e,1357225,autoland,ContentfulSpeedIndex,True,microsoft ContentfulSpeedIndex opt fission warm webrender,,77,ms,firefox,False,|f|i|s|s|i|o|n| |w|a|r|m| |w|e|b|r|e|n|d|e|r|,,3776889,13,9b3df14599f65e991e2c4a5eaba7ebe76c85b8c3,102210fe594ee9b33d82058545b1ed14f4c8206e,linux1804-64-shippable-qr,microsoft,True,,,,,,,,,,,,,,,,,,,,,,,,,,,,,,,,,,,,,,,,,,,,,,,,,,TN,,,,,,,,,,
442641699.0,1822737841,2024-01-08 21:39:10,206.7,ebfdca0b0aecf8d9304a25f7913ec89b746a6ec1,1357230,autoland,ContentfulSpeedIndex,True,microsoft ContentfulSpeedIndex opt fission warm webrender,,77,ms,firefox,False,|f|i|s|s|i|o|n| |w|a|r|m| |w|e|b|r|e|n|d|e|r|,,3776889,13,9b3df14599f65e991e2c4a5eaba7ebe76c85b8c3,102210fe594ee9b33d82058545b1ed14f4c8206e,linux1804-64-shippable-qr,microsoft,True,,,,,,,,,,,,,,,,,,,,,,,,,,,,,,,,,,,,,,,,,,,,,,,,,,TN,,,,,,,,,,
442630984.0,1822624644,2024-01-09 02:28:42,207.0,ea866029ce2e23f03843038e1fd8ba7ca9ea30bb,1357330,autoland,ContentfulSpeedIndex,True,microsoft ContentfulSpeedIndex opt fission warm webrender,,77,ms,firefox,False,|f|i|s|s|i|o|n| |w|a|r|m| |w|e|b|r|e|n|d|e|r|,,3776889,13,9b3df14599f65e991e2c4a5eaba7ebe76c85b8c3,102210fe594ee9b33d82058545b1ed14f4c8206e,linux1804-64-shippable-qr,microsoft,True,,,,,,,,,,,,,,,,,,,,,,,,,,,,,,,,,,,,,,,,,,,,,,,,,,TN,,,,,,,,,,
442630985.0,1822624819,2024-01-09 02:28:42,217.1,ea866029ce2e23f03843038e1fd8ba7ca9ea30bb,1357330,autoland,ContentfulSpeedIndex,True,microsoft ContentfulSpeedIndex opt fission warm webrender,,77,ms,firefox,False,|f|i|s|s|i|o|n| |w|a|r|m| |w|e|b|r|e|n|d|e|r|,,3776889,13,9b3df14599f65e991e2c4a5eaba7ebe76c85b8c3,102210fe594ee9b33d82058545b1ed14f4c8206e,linux1804-64-shippable-qr,microsoft,True,,,,,,,,,,,,,,,,,,,,,,,,,,,,,,,,,,,,,,,,,,,,,,,,,,TN,,,,,,,,,,
442630986.0,1822624882,2024-01-09 02:28:42,220.9,ea866029ce2e23f03843038e1fd8ba7ca9ea30bb,1357330,autoland,ContentfulSpeedIndex,True,microsoft ContentfulSpeedIndex opt fission warm webrender,,77,ms,firefox,False,|f|i|s|s|i|o|n| |w|a|r|m| |w|e|b|r|e|n|d|e|r|,,3776889,13,9b3df14599f65e991e2c4a5eaba7ebe76c85b8c3,102210fe594ee9b33d82058545b1ed14f4c8206e,linux1804-64-shippable-qr,microsoft,True,,,,,,,,,,,,,,,,,,,,,,,,,,,,,,,,,,,,,,,,,,,,,,,,,,TN,,,,,,,,,,
442680812.0,1822912289,2024-01-09 11:20:33,207.9,b29d6ace45f4ca84cd58b15ab4430194755a7056,1357465,autoland,ContentfulSpeedIndex,True,microsoft ContentfulSpeedIndex opt fission warm webrender,,77,ms,firefox,False,|f|i|s|s|i|o|n| |w|a|r|m| |w|e|b|r|e|n|d|e|r|,,3776889,13,9b3df14599f65e991e2c4a5eaba7ebe76c85b8c3,102210fe594ee9b33d82058545b1ed14f4c8206e,linux1804-64-shippable-qr,microsoft,True,,,,,,,,,,,,,,,,,,,,,,,,,,,,,,,,,,,,,,,,,,,,,,,,,,TN,,,,,,,,,,
442686355.0,1822934132,2024-01-09 11:56:06,205.7,051ee8b6b5420d6e2ef877ed6ff3a70306257659,1357476,autoland,ContentfulSpeedIndex,True,microsoft ContentfulSpeedIndex opt fission warm webrender,,77,ms,firefox,False,|f|i|s|s|i|o|n| |w|a|r|m| |w|e|b|r|e|n|d|e|r|,,3776889,13,9b3df14599f65e991e2c4a5eaba7ebe76c85b8c3,102210fe594ee9b33d82058545b1ed14f4c8206e,linux1804-64-shippable-qr,microsoft,True,,,,,,,,,,,,,,,,,,,,,,,,,,,,,,,,,,,,,,,,,,,,,,,,,,TN,,,,,,,,,,
442784039.0,1823452804,2024-01-09 14:07:58,214.2,0184455feb69351f7ba6e6a9bc02f7417c5c6475,1357525,autoland,ContentfulSpeedIndex,True,microsoft ContentfulSpeedIndex opt fission warm webrender,,77,ms,firefox,False,|f|i|s|s|i|o|n| |w|a|r|m| |w|e|b|r|e|n|d|e|r|,,3776889,13,9b3df14599f65e991e2c4a5eaba7ebe76c85b8c3,102210fe594ee9b33d82058545b1ed14f4c8206e,linux1804-64-shippable-qr,microsoft,True,,,,,,,,,,,,,,,,,,,,,,,,,,,,,,,,,,,,,,,,,,,,,,,,,,TN,,,,,,,,,,
442781496.0,1823439399,2024-01-09 14:34:37,217.6,183931c45d316e57ad9529199745dd0005a44f8a,1357538,autoland,ContentfulSpeedIndex,True,microsoft ContentfulSpeedIndex opt fission warm webrender,,77,ms,firefox,False,|f|i|s|s|i|o|n| |w|a|r|m| |w|e|b|r|e|n|d|e|r|,,3776889,13,9b3df14599f65e991e2c4a5eaba7ebe76c85b8c3,102210fe594ee9b33d82058545b1ed14f4c8206e,linux1804-64-shippable-qr,microsoft,True,,,,,,,,,,,,,,,,,,,,,,,,,,,,,,,,,,,,,,,,,,,,,,,,,,TN,,,,,,,,,,
442726462.0,1823139022,2024-01-09 17:04:21,206.7,65446098ef641575f65d67f1db14e51401e565de,1357636,autoland,ContentfulSpeedIndex,True,microsoft ContentfulSpeedIndex opt fission warm webrender,,77,ms,firefox,False,|f|i|s|s|i|o|n| |w|a|r|m| |w|e|b|r|e|n|d|e|r|,,3776889,13,9b3df14599f65e991e2c4a5eaba7ebe76c85b8c3,102210fe594ee9b33d82058545b1ed14f4c8206e,linux1804-64-shippable-qr,microsoft,True,,,,,,,,,,,,,,,,,,,,,,,,,,,,,,,,,,,,,,,,,,,,,,,,,,TN,,,,,,,,,,
442779697.0,1823402181,2024-01-09 20:39:11,209.2,199101385cfb15dcb58d0abdf1204d8bd155b53f,1357761,autoland,ContentfulSpeedIndex,True,microsoft ContentfulSpeedIndex opt fission warm webrender,,77,ms,firefox,False,|f|i|s|s|i|o|n| |w|a|r|m| |w|e|b|r|e|n|d|e|r|,,3776889,13,9b3df14599f65e991e2c4a5eaba7ebe76c85b8c3,102210fe594ee9b33d82058545b1ed14f4c8206e,linux1804-64-shippable-qr,microsoft,True,,,,,,,,,,,,,,,,,,,,,,,,,,,,,,,,,,,,,,,,,,,,,,,,,,TN,,,,,,,,,,
442780784.0,1823433623,2024-01-09 20:46:16,211.3,d4ff02b92c066b55eaedf705b0bec7eab81178b7,1357768,autoland,ContentfulSpeedIndex,True,microsoft ContentfulSpeedIndex opt fission warm webrender,,77,ms,firefox,False,|f|i|s|s|i|o|n| |w|a|r|m| |w|e|b|r|e|n|d|e|r|,,3776889,13,9b3df14599f65e991e2c4a5eaba7ebe76c85b8c3,102210fe594ee9b33d82058545b1ed14f4c8206e,linux1804-64-shippable-qr,microsoft,True,,,,,,,,,,,,,,,,,,,,,,,,,,,,,,,,,,,,,,,,,,,,,,,,,,TN,,,,,,,,,,
442751627.0,1823231999,2024-01-09 20:55:28,219.3,b089f828d54fe4d5fff32c8f142a603bc9d51325,1357773,autoland,ContentfulSpeedIndex,True,microsoft ContentfulSpeedIndex opt fission warm webrender,,77,ms,firefox,False,|f|i|s|s|i|o|n| |w|a|r|m| |w|e|b|r|e|n|d|e|r|,,3776889,13,9b3df14599f65e991e2c4a5eaba7ebe76c85b8c3,102210fe594ee9b33d82058545b1ed14f4c8206e,linux1804-64-shippable-qr,microsoft,True,,,,,,,,,,,,,,,,,,,,,,,,,,,,,,,,,,,,,,,,,,,,,,,,,,TN,,,,,,,,,,
442951373.0,1824143834,2024-01-10 01:41:22,204.1,c208c35aa08ce571b9fe86e213c1e1b443e8b7c0,1357928,autoland,ContentfulSpeedIndex,True,microsoft ContentfulSpeedIndex opt fission warm webrender,,77,ms,firefox,False,|f|i|s|s|i|o|n| |w|a|r|m| |w|e|b|r|e|n|d|e|r|,,3776889,13,9b3df14599f65e991e2c4a5eaba7ebe76c85b8c3,102210fe594ee9b33d82058545b1ed14f4c8206e,linux1804-64-shippable-qr,microsoft,True,,,,,,,,,,,,,,,,,,,,,,,,,,,,,,,,,,,,,,,,,,,,,,,,,,TN,,,,,,,,,,
442952106.0,1824144744,2024-01-10 01:41:22,237.0,c208c35aa08ce571b9fe86e213c1e1b443e8b7c0,1357928,autoland,ContentfulSpeedIndex,True,microsoft ContentfulSpeedIndex opt fission warm webrender,,77,ms,firefox,False,|f|i|s|s|i|o|n| |w|a|r|m| |w|e|b|r|e|n|d|e|r|,,3776889,13,9b3df14599f65e991e2c4a5eaba7ebe76c85b8c3,102210fe594ee9b33d82058545b1ed14f4c8206e,linux1804-64-shippable-qr,microsoft,True,,,,,,,,,,,,,,,,,,,,,,,,,,,,,,,,,,,,,,,,,,,,,,,,,,TN,,,,,,,,,,
442917436.0,1824020637,2024-01-10 02:03:50,210.2,03be6a45140bf15382b04777d0e3abf02d7af112,1357936,autoland,ContentfulSpeedIndex,True,microsoft ContentfulSpeedIndex opt fission warm webrender,,77,ms,firefox,False,|f|i|s|s|i|o|n| |w|a|r|m| |w|e|b|r|e|n|d|e|r|,,3776889,13,9b3df14599f65e991e2c4a5eaba7ebe76c85b8c3,102210fe594ee9b33d82058545b1ed14f4c8206e,linux1804-64-shippable-qr,microsoft,True,,,,,,,,,,,,,,,,,,,,,,,,,,,,,,,,,,,,,,,,,,,,,,,,,,TN,,,,,,,,,,
442790858.0,1823475595,2024-01-10 06:33:00,209.5,8d93c10892064c983f5603645b9f6db6494fac24,1357998,autoland,ContentfulSpeedIndex,True,microsoft ContentfulSpeedIndex opt fission warm webrender,,77,ms,firefox,False,|f|i|s|s|i|o|n| |w|a|r|m| |w|e|b|r|e|n|d|e|r|,,3776889,13,9b3df14599f65e991e2c4a5eaba7ebe76c85b8c3,102210fe594ee9b33d82058545b1ed14f4c8206e,linux1804-64-shippable-qr,microsoft,True,,,,,,,,,,,,,,,,,,,,,,,,,,,,,,,,,,,,,,,,,,,,,,,,,,TN,,,,,,,,,,
442820097.0,1823606273,2024-01-10 10:37:21,207.3,c892e00c62dbbeba07a14640ce9baf3a7c27383d,1358093,autoland,ContentfulSpeedIndex,True,microsoft ContentfulSpeedIndex opt fission warm webrender,,77,ms,firefox,False,|f|i|s|s|i|o|n| |w|a|r|m| |w|e|b|r|e|n|d|e|r|,,3776889,13,9b3df14599f65e991e2c4a5eaba7ebe76c85b8c3,102210fe594ee9b33d82058545b1ed14f4c8206e,linux1804-64-shippable-qr,microsoft,True,,,,,,,,,,,,,,,,,,,,,,,,,,,,,,,,,,,,,,,,,,,,,,,,,,TN,,,,,,,,,,
442830755.0,1823623838,2024-01-10 11:50:05,211.8,645f7ed438fb8172e3e4db34d3d7821251ae066c,1358132,autoland,ContentfulSpeedIndex,True,microsoft ContentfulSpeedIndex opt fission warm webrender,,77,ms,firefox,False,|f|i|s|s|i|o|n| |w|a|r|m| |w|e|b|r|e|n|d|e|r|,,3776889,13,9b3df14599f65e991e2c4a5eaba7ebe76c85b8c3,102210fe594ee9b33d82058545b1ed14f4c8206e,linux1804-64-shippable-qr,microsoft,True,,,,,,,,,,,,,,,,,,,,,,,,,,,,,,,,,,,,,,,,,,,,,,,,,,TN,,,,,,,,,,
442916908.0,1824018464,2024-01-10 17:13:27,207.2,a6a3c60d31894fa2c788c6498b98e529a6ce0202,1358311,autoland,ContentfulSpeedIndex,True,microsoft ContentfulSpeedIndex opt fission warm webrender,,77,ms,firefox,False,|f|i|s|s|i|o|n| |w|a|r|m| |w|e|b|r|e|n|d|e|r|,,3776889,13,9b3df14599f65e991e2c4a5eaba7ebe76c85b8c3,102210fe594ee9b33d82058545b1ed14f4c8206e,linux1804-64-shippable-qr,microsoft,True,,,,,,,,,,,,,,,,,,,,,,,,,,,,,,,,,,,,,,,,,,,,,,,,,,TN,,,,,,,,,,
442916617.0,1823985661,2024-01-10 17:16:57,210.0,cefca88dbb5f5ddbed3d4d2d541ce66924187b3f,1358312,autoland,ContentfulSpeedIndex,True,microsoft ContentfulSpeedIndex opt fission warm webrender,,77,ms,firefox,False,|f|i|s|s|i|o|n| |w|a|r|m| |w|e|b|r|e|n|d|e|r|,,3776889,13,9b3df14599f65e991e2c4a5eaba7ebe76c85b8c3,102210fe594ee9b33d82058545b1ed14f4c8206e,linux1804-64-shippable-qr,microsoft,True,,,,,,,,,,,,,,,,,,,,,,,,,,,,,,,,,,,,,,,,,,,,,,,,,,TN,,,,,,,,,,
442916710.0,1823991902,2024-01-10 17:17:38,232.3,8ce5b5a3f4cb435bbade6c5ce303b682c2624aca,1358313,autoland,ContentfulSpeedIndex,True,microsoft ContentfulSpeedIndex opt fission warm webrender,,77,ms,firefox,False,|f|i|s|s|i|o|n| |w|a|r|m| |w|e|b|r|e|n|d|e|r|,,3776889,13,9b3df14599f65e991e2c4a5eaba7ebe76c85b8c3,102210fe594ee9b33d82058545b1ed14f4c8206e,linux1804-64-shippable-qr,microsoft,True,,,,,,,,,,,,,,,,,,,,,,,,,,,,,,,,,,,,,,,,,,,,,,,,,,TN,,,,,,,,,,
442879752.0,1823906613,2024-01-10 20:02:55,210.1,13107fcd50cf2795a397cd8d72ce290a0b34a909,1358406,autoland,ContentfulSpeedIndex,True,microsoft ContentfulSpeedIndex opt fission warm webrender,,77,ms,firefox,False,|f|i|s|s|i|o|n| |w|a|r|m| |w|e|b|r|e|n|d|e|r|,,3776889,13,9b3df14599f65e991e2c4a5eaba7ebe76c85b8c3,102210fe594ee9b33d82058545b1ed14f4c8206e,linux1804-64-shippable-qr,microsoft,True,,,,,,,,,,,,,,,,,,,,,,,,,,,,,,,,,,,,,,,,,,,,,,,,,,TN,,,,,,,,,,
442928615.0,1824052319,2024-01-11 07:34:58,208.3,53b379d2ca1da12d341d8c9f8e59575152c88b27,1358622,autoland,ContentfulSpeedIndex,True,microsoft ContentfulSpeedIndex opt fission warm webrender,,77,ms,firefox,False,|f|i|s|s|i|o|n| |w|a|r|m| |w|e|b|r|e|n|d|e|r|,,3776889,13,9b3df14599f65e991e2c4a5eaba7ebe76c85b8c3,102210fe594ee9b33d82058545b1ed14f4c8206e,linux1804-64-shippable-qr,microsoft,True,,,,,,,,,,,,,,,,,,,,,,,,,,,,,,,,,,,,,,,,,,,,,,,,,,TN,,,,,,,,,,
442936101.0,1824085352,2024-01-11 09:13:52,211.3,0bd36479d605b1a8748ee37096ff0d54383f0402,1358650,autoland,ContentfulSpeedIndex,True,microsoft ContentfulSpeedIndex opt fission warm webrender,,77,ms,firefox,False,|f|i|s|s|i|o|n| |w|a|r|m| |w|e|b|r|e|n|d|e|r|,,3776889,13,9b3df14599f65e991e2c4a5eaba7ebe76c85b8c3,102210fe594ee9b33d82058545b1ed14f4c8206e,linux1804-64-shippable-qr,microsoft,True,,,,,,,,,,,,,,,,,,,,,,,,,,,,,,,,,,,,,,,,,,,,,,,,,,TN,,,,,,,,,,
442982488.0,1824259556,2024-01-11 15:31:24,218.5,0fbc415c1704aee17dbd065e8d41e057993f1797,1358816,autoland,ContentfulSpeedIndex,True,microsoft ContentfulSpeedIndex opt fission warm webrender,,77,ms,firefox,False,|f|i|s|s|i|o|n| |w|a|r|m| |w|e|b|r|e|n|d|e|r|,,3776889,13,9b3df14599f65e991e2c4a5eaba7ebe76c85b8c3,102210fe594ee9b33d82058545b1ed14f4c8206e,linux1804-64-shippable-qr,microsoft,True,,,,,,,,,,,,,,,,,,,,,,,,,,,,,,,,,,,,,,,,,,,,,,,,,,TN,,,,,,,,,,
443070633.0,1824730846,2024-01-11 18:18:15,209.9,c968fa42e944e86d2ef0e1790169260c72d1767b,1358919,autoland,ContentfulSpeedIndex,True,microsoft ContentfulSpeedIndex opt fission warm webrender,,77,ms,firefox,False,|f|i|s|s|i|o|n| |w|a|r|m| |w|e|b|r|e|n|d|e|r|,,3776889,13,9b3df14599f65e991e2c4a5eaba7ebe76c85b8c3,102210fe594ee9b33d82058545b1ed14f4c8206e,linux1804-64-shippable-qr,microsoft,True,,,,,,,,,,,,,,,,,,,,,,,,,,,,,,,,,,,,,,,,,,,,,,,,,,TN,,,,,,,,,,
443070313.0,1824717010,2024-01-11 18:24:24,210.1,c742a756f169303b59bc595b6ad84ce7314a1789,1358925,autoland,ContentfulSpeedIndex,True,microsoft ContentfulSpeedIndex opt fission warm webrender,,77,ms,firefox,False,|f|i|s|s|i|o|n| |w|a|r|m| |w|e|b|r|e|n|d|e|r|,,3776889,13,9b3df14599f65e991e2c4a5eaba7ebe76c85b8c3,102210fe594ee9b33d82058545b1ed14f4c8206e,linux1804-64-shippable-qr,microsoft,True,,,,,,,,,,,,,,,,,,,,,,,,,,,,,,,,,,,,,,,,,,,,,,,,,,TN,,,,,,,,,,
443019021.0,1824389838,2024-01-11 19:45:18,242.3,51d3d025e7fa3113193da45b9c1b1d792060a4c3,1358981,autoland,ContentfulSpeedIndex,True,microsoft ContentfulSpeedIndex opt fission warm webrender,,77,ms,firefox,False,|f|i|s|s|i|o|n| |w|a|r|m| |w|e|b|r|e|n|d|e|r|,,3776889,13,9b3df14599f65e991e2c4a5eaba7ebe76c85b8c3,102210fe594ee9b33d82058545b1ed14f4c8206e,linux1804-64-shippable-qr,microsoft,True,,,,,,,,,,,,,,,,,,,,,,,,,,,,,,,,,,,,,,,,,,,,,,,,,,TN,,,,,,,,,,
443069631.0,1824669827,2024-01-11 19:53:37,214.7,dfcfa98a7e21b51e5559d4bee58d465a40576f31,1358986,autoland,ContentfulSpeedIndex,True,microsoft ContentfulSpeedIndex opt fission warm webrender,,77,ms,firefox,False,|f|i|s|s|i|o|n| |w|a|r|m| |w|e|b|r|e|n|d|e|r|,,3776889,13,9b3df14599f65e991e2c4a5eaba7ebe76c85b8c3,102210fe594ee9b33d82058545b1ed14f4c8206e,linux1804-64-shippable-qr,microsoft,True,,,,,,,,,,,,,,,,,,,,,,,,,,,,,,,,,,,,,,,,,,,,,,,,,,TN,,,,,,,,,,
443020822.0,1824420818,2024-01-11 20:05:09,212.9,8f1e9e2c902a89cfb9f9ea20307fb3ee8a91a4af,1358995,autoland,ContentfulSpeedIndex,True,microsoft ContentfulSpeedIndex opt fission warm webrender,,77,ms,firefox,False,|f|i|s|s|i|o|n| |w|a|r|m| |w|e|b|r|e|n|d|e|r|,,3776889,13,9b3df14599f65e991e2c4a5eaba7ebe76c85b8c3,102210fe594ee9b33d82058545b1ed14f4c8206e,linux1804-64-shippable-qr,microsoft,True,,,,,,,,,,,,,,,,,,,,,,,,,,,,,,,,,,,,,,,,,,,,,,,,,,TN,,,,,,,,,,
443056189.0,1824599779,2024-01-12 01:35:24,216.4,1d2ccbe0bb6db4d9628b16914b33c5dc5e9406dc,1359176,autoland,ContentfulSpeedIndex,True,microsoft ContentfulSpeedIndex opt fission warm webrender,,77,ms,firefox,False,|f|i|s|s|i|o|n| |w|a|r|m| |w|e|b|r|e|n|d|e|r|,,3776889,13,9b3df14599f65e991e2c4a5eaba7ebe76c85b8c3,102210fe594ee9b33d82058545b1ed14f4c8206e,linux1804-64-shippable-qr,microsoft,True,,,,,,,,,,,,,,,,,,,,,,,,,,,,,,,,,,,,,,,,,,,,,,,,,,TN,,,,,,,,,,
443072442.0,1824750546,2024-01-12 05:09:20,205.0,1dc9f987063cf678f5c26e7534eadc8bfd186fa9,1359210,autoland,ContentfulSpeedIndex,True,microsoft ContentfulSpeedIndex opt fission warm webrender,,77,ms,firefox,False,|f|i|s|s|i|o|n| |w|a|r|m| |w|e|b|r|e|n|d|e|r|,,3776889,13,9b3df14599f65e991e2c4a5eaba7ebe76c85b8c3,102210fe594ee9b33d82058545b1ed14f4c8206e,linux1804-64-shippable-qr,microsoft,True,,,,,,,,,,,,,,,,,,,,,,,,,,,,,,,,,,,,,,,,,,,,,,,,,,TN,,,,,,,,,,
443098205.0,1824862240,2024-01-12 09:17:33,217.5,734e2e027196a9d64120ebf11a01a1b03e494d43,1359269,autoland,ContentfulSpeedIndex,True,microsoft ContentfulSpeedIndex opt fission warm webrender,,77,ms,firefox,False,|f|i|s|s|i|o|n| |w|a|r|m| |w|e|b|r|e|n|d|e|r|,,3776889,13,9b3df14599f65e991e2c4a5eaba7ebe76c85b8c3,102210fe594ee9b33d82058545b1ed14f4c8206e,linux1804-64-shippable-qr,microsoft,True,,,,,,,,,,,,,,,,,,,,,,,,,,,,,,,,,,,,,,,,,,,,,,,,,,TN,,,,,,,,,,
443099965.0,1824889146,2024-01-12 09:50:00,212.5,04e959fcffc3608cfdc8e3812cac822a94eb7f79,1359287,autoland,ContentfulSpeedIndex,True,microsoft ContentfulSpeedIndex opt fission warm webrender,,77,ms,firefox,False,|f|i|s|s|i|o|n| |w|a|r|m| |w|e|b|r|e|n|d|e|r|,,3776889,13,9b3df14599f65e991e2c4a5eaba7ebe76c85b8c3,102210fe594ee9b33d82058545b1ed14f4c8206e,linux1804-64-shippable-qr,microsoft,True,,,,,,,,,,,,,,,,,,,,,,,,,,,,,,,,,,,,,,,,,,,,,,,,,,TN,,,,,,,,,,
443194756.0,1825363369,2024-01-12 13:49:10,211.4,897e093ce0acdad2e945ff5f23e6d89f77ac22a2,1359374,autoland,ContentfulSpeedIndex,True,microsoft ContentfulSpeedIndex opt fission warm webrender,,77,ms,firefox,False,|f|i|s|s|i|o|n| |w|a|r|m| |w|e|b|r|e|n|d|e|r|,,3776889,13,9b3df14599f65e991e2c4a5eaba7ebe76c85b8c3,102210fe594ee9b33d82058545b1ed14f4c8206e,linux1804-64-shippable-qr,microsoft,True,,,,,,,,,,,,,,,,,,,,,,,,,,,,,,,,,,,,,,,,,,,,,,,,,,TN,,,,,,,,,,
443126604.0,1824999905,2024-01-12 13:58:07,232.7,ce67ec7f0570e0dbbb4af59d868791341b3ae825,1359382,autoland,ContentfulSpeedIndex,True,microsoft ContentfulSpeedIndex opt fission warm webrender,,77,ms,firefox,False,|f|i|s|s|i|o|n| |w|a|r|m| |w|e|b|r|e|n|d|e|r|,,3776889,13,9b3df14599f65e991e2c4a5eaba7ebe76c85b8c3,102210fe594ee9b33d82058545b1ed14f4c8206e,linux1804-64-shippable-qr,microsoft,True,,,,,,,,,,,,,,,,,,,,,,,,,,,,,,,,,,,,,,,,,,,,,,,,,,TN,,,,,,,,,,
443138497.0,1825091258,2024-01-12 15:59:03,206.7,ca885660ea6d70595474b1663ce6806f7a86a6ea,1359473,autoland,ContentfulSpeedIndex,True,microsoft ContentfulSpeedIndex opt fission warm webrender,,77,ms,firefox,False,|f|i|s|s|i|o|n| |w|a|r|m| |w|e|b|r|e|n|d|e|r|,,3776889,13,9b3df14599f65e991e2c4a5eaba7ebe76c85b8c3,102210fe594ee9b33d82058545b1ed14f4c8206e,linux1804-64-shippable-qr,microsoft,True,,,,,,,,,,,,,,,,,,,,,,,,,,,,,,,,,,,,,,,,,,,,,,,,,,TN,,,,,,,,,,
443165940.0,1825220790,2024-01-12 19:38:29,217.7,00f949eecc1be917553e235f582aeb7e1e1146fd,1359666,autoland,ContentfulSpeedIndex,True,microsoft ContentfulSpeedIndex opt fission warm webrender,,77,ms,firefox,False,|f|i|s|s|i|o|n| |w|a|r|m| |w|e|b|r|e|n|d|e|r|,,3776889,13,9b3df14599f65e991e2c4a5eaba7ebe76c85b8c3,102210fe594ee9b33d82058545b1ed14f4c8206e,linux1804-64-shippable-qr,microsoft,True,,,,,,,,,,,,,,,,,,,,,,,,,,,,,,,,,,,,,,,,,,,,,,,,,,TN,,,,,,,,,,
443194957.0,1825378001,2024-01-12 22:22:32,209.7,941c30d075424ce679789d63701ca84aa524da86,1359751,autoland,ContentfulSpeedIndex,True,microsoft ContentfulSpeedIndex opt fission warm webrender,,77,ms,firefox,False,|f|i|s|s|i|o|n| |w|a|r|m| |w|e|b|r|e|n|d|e|r|,,3776889,13,9b3df14599f65e991e2c4a5eaba7ebe76c85b8c3,102210fe594ee9b33d82058545b1ed14f4c8206e,linux1804-64-shippable-qr,microsoft,True,,,,,,,,,,,,,,,,,,,,,,,,,,,,,,,,,,,,,,,,,,,,,,,,,,TN,,,,,,,,,,
443184333.0,1825283582,2024-01-12 23:40:01,211.7,53d4d65c33f1a556689dd9de738b173142e52749,1359778,autoland,ContentfulSpeedIndex,True,microsoft ContentfulSpeedIndex opt fission warm webrender,,77,ms,firefox,False,|f|i|s|s|i|o|n| |w|a|r|m| |w|e|b|r|e|n|d|e|r|,,3776889,13,9b3df14599f65e991e2c4a5eaba7ebe76c85b8c3,102210fe594ee9b33d82058545b1ed14f4c8206e,linux1804-64-shippable-qr,microsoft,True,,,,,,,,,,,,,,,,,,,,,,,,,,,,,,,,,,,,,,,,,,,,,,,,,,TN,,,,,,,,,,
443204269.0,1825423675,2024-01-13 08:47:40,208.7,1c1cef3dae75411dbe9bc03547274f506cade636,1359844,autoland,ContentfulSpeedIndex,True,microsoft ContentfulSpeedIndex opt fission warm webrender,,77,ms,firefox,False,|f|i|s|s|i|o|n| |w|a|r|m| |w|e|b|r|e|n|d|e|r|,,3776889,13,9b3df14599f65e991e2c4a5eaba7ebe76c85b8c3,102210fe594ee9b33d82058545b1ed14f4c8206e,linux1804-64-shippable-qr,microsoft,True,,,,,,,,,,,,,,,,,,,,,,,,,,,,,,,,,,,,,,,,,,,,,,,,,,TN,,,,,,,,,,
443228150.0,1825515370,2024-01-13 14:38:07,211.2,9e96d1447f6c77f15bcd1c7fa432cefae4418038,1359886,autoland,ContentfulSpeedIndex,True,microsoft ContentfulSpeedIndex opt fission warm webrender,,77,ms,firefox,False,|f|i|s|s|i|o|n| |w|a|r|m| |w|e|b|r|e|n|d|e|r|,,3776889,13,9b3df14599f65e991e2c4a5eaba7ebe76c85b8c3,102210fe594ee9b33d82058545b1ed14f4c8206e,linux1804-64-shippable-qr,microsoft,True,,,,,,,,,,,,,,,,,,,,,,,,,,,,,,,,,,,,,,,,,,,,,,,,,,TN,,,,,,,,,,
443248606.0,1825609923,2024-01-13 23:22:39,206.8,05b08c9f9a5822b969513dda16d5f55e322ade4f,1359908,autoland,ContentfulSpeedIndex,True,microsoft ContentfulSpeedIndex opt fission warm webrender,,77,ms,firefox,False,|f|i|s|s|i|o|n| |w|a|r|m| |w|e|b|r|e|n|d|e|r|,,3776889,13,9b3df14599f65e991e2c4a5eaba7ebe76c85b8c3,102210fe594ee9b33d82058545b1ed14f4c8206e,linux1804-64-shippable-qr,microsoft,True,,,,,,,,,,,,,,,,,,,,,,,,,,,,,,,,,,,,,,,,,,,,,,,,,,TN,,,,,,,,,,
443275672.0,1825763849,2024-01-14 13:25:52,211.3,b24d63d72f77a64fe5d8bce6420b88e7e0c4d9da,1359942,autoland,ContentfulSpeedIndex,True,microsoft ContentfulSpeedIndex opt fission warm webrender,,77,ms,firefox,False,|f|i|s|s|i|o|n| |w|a|r|m| |w|e|b|r|e|n|d|e|r|,,3776889,13,9b3df14599f65e991e2c4a5eaba7ebe76c85b8c3,102210fe594ee9b33d82058545b1ed14f4c8206e,linux1804-64-shippable-qr,microsoft,True,,,,,,,,,,,,,,,,,,,,,,,,,,,,,,,,,,,,,,,,,,,,,,,,,,TN,,,,,,,,,,
443299215.0,1825859835,2024-01-15 05:08:04,213.0,de4567bec5231630b24dbc8a0f117c108e274afc,1360013,autoland,ContentfulSpeedIndex,True,microsoft ContentfulSpeedIndex opt fission warm webrender,,77,ms,firefox,False,|f|i|s|s|i|o|n| |w|a|r|m| |w|e|b|r|e|n|d|e|r|,,3776889,13,9b3df14599f65e991e2c4a5eaba7ebe76c85b8c3,102210fe594ee9b33d82058545b1ed14f4c8206e,linux1804-64-shippable-qr,microsoft,True,,,,,,,,,,,,,,,,,,,,,,,,,,,,,,,,,,,,,,,,,,,,,,,,,,TN,,,,,,,,,,
443303584.0,1825891364,2024-01-15 06:43:10,215.0,fed0bf16c40eba956c10bb3214420acaf75ee212,1360023,autoland,ContentfulSpeedIndex,True,microsoft ContentfulSpeedIndex opt fission warm webrender,,77,ms,firefox,False,|f|i|s|s|i|o|n| |w|a|r|m| |w|e|b|r|e|n|d|e|r|,,3776889,13,9b3df14599f65e991e2c4a5eaba7ebe76c85b8c3,102210fe594ee9b33d82058545b1ed14f4c8206e,linux1804-64-shippable-qr,microsoft,True,,,,,,,,,,,,,,,,,,,,,,,,,,,,,,,,,,,,,,,,,,,,,,,,,,TN,,,,,,,,,,
443331907.0,1826002193,2024-01-15 11:02:38,204.1,43598f45eee98e83ea2f55ce9a36e000770cf985,1360080,autoland,ContentfulSpeedIndex,True,microsoft ContentfulSpeedIndex opt fission warm webrender,,77,ms,firefox,False,|f|i|s|s|i|o|n| |w|a|r|m| |w|e|b|r|e|n|d|e|r|,,3776889,13,9b3df14599f65e991e2c4a5eaba7ebe76c85b8c3,102210fe594ee9b33d82058545b1ed14f4c8206e,linux1804-64-shippable-qr,microsoft,True,,,,,,,,,,,,,,,,,,,,,,,,,,,,,,,,,,,,,,,,,,,,,,,,,,TN,,,,,,,,,,
443343502.0,1826049409,2024-01-15 13:01:22,216.4,253b1ef032b4e35683449c7af5d9effaa417e813,1360125,autoland,ContentfulSpeedIndex,True,microsoft ContentfulSpeedIndex opt fission warm webrender,,77,ms,firefox,False,|f|i|s|s|i|o|n| |w|a|r|m| |w|e|b|r|e|n|d|e|r|,,3776889,13,9b3df14599f65e991e2c4a5eaba7ebe76c85b8c3,102210fe594ee9b33d82058545b1ed14f4c8206e,linux1804-64-shippable-qr,microsoft,True,,,,,,,,,,,,,,,,,,,,,,,,,,,,,,,,,,,,,,,,,,,,,,,,,,TN,,,,,,,,,,
443430628.0,1826477840,2024-01-15 13:14:28,210.3,96407685e7579866b7cb890b16c2d05cde908fed,1360129,autoland,ContentfulSpeedIndex,True,microsoft ContentfulSpeedIndex opt fission warm webrender,,77,ms,firefox,False,|f|i|s|s|i|o|n| |w|a|r|m| |w|e|b|r|e|n|d|e|r|,,3776889,13,9b3df14599f65e991e2c4a5eaba7ebe76c85b8c3,102210fe594ee9b33d82058545b1ed14f4c8206e,linux1804-64-shippable-qr,microsoft,True,,,,,,,,,,,,,,,,,,,,,,,,,,,,,,,,,,,,,,,,,,,,,,,,,,TN,,,,,,,,,,
443430011.0,1826411702,2024-01-15 14:24:27,216.2,8188051a080f272a706f8fb169248c4677069f6b,1360138,autoland,ContentfulSpeedIndex,True,microsoft ContentfulSpeedIndex opt fission warm webrender,,77,ms,firefox,False,|f|i|s|s|i|o|n| |w|a|r|m| |w|e|b|r|e|n|d|e|r|,,3776889,13,9b3df14599f65e991e2c4a5eaba7ebe76c85b8c3,102210fe594ee9b33d82058545b1ed14f4c8206e,linux1804-64-shippable-qr,microsoft,True,,,,,,,,,,,,,,,,,,,,,,,,,,,,,,,,,,,,,,,,,,,,,,,,,,TN,,,,,,,,,,
443430078.0,1826424020,2024-01-15 16:25:19,213.3,c99a236b215f1a49f9abf0d88cc6217ddc6d0623,1360277,autoland,ContentfulSpeedIndex,True,microsoft ContentfulSpeedIndex opt fission warm webrender,,77,ms,firefox,False,|f|i|s|s|i|o|n| |w|a|r|m| |w|e|b|r|e|n|d|e|r|,,3776889,13,9b3df14599f65e991e2c4a5eaba7ebe76c85b8c3,102210fe594ee9b33d82058545b1ed14f4c8206e,linux1804-64-shippable-qr,microsoft,True,,,,,,,,,,,,,,,,,,,,,,,,,,,,,,,,,,,,,,,,,,,,,,,,,,TN,,,,,,,,,,
443430399.0,1826462732,2024-01-15 16:26:09,209.9,dc36bc5a45acf968a84adb6249e9193a2307c43e,1360279,autoland,ContentfulSpeedIndex,True,microsoft ContentfulSpeedIndex opt fission warm webrender,,77,ms,firefox,False,|f|i|s|s|i|o|n| |w|a|r|m| |w|e|b|r|e|n|d|e|r|,,3776889,13,9b3df14599f65e991e2c4a5eaba7ebe76c85b8c3,102210fe594ee9b33d82058545b1ed14f4c8206e,linux1804-64-shippable-qr,microsoft,True,,,,,,,,,,,,,,,,,,,,,,,,,,,,,,,,,,,,,,,,,,,,,,,,,,TN,,,,,,,,,,
443369177.0,1826192008,2024-01-15 16:45:21,212.7,a9ede7f8216422a86a2b25e0696d884c8a069b78,1360291,autoland,ContentfulSpeedIndex,True,microsoft ContentfulSpeedIndex opt fission warm webrender,,77,ms,firefox,False,|f|i|s|s|i|o|n| |w|a|r|m| |w|e|b|r|e|n|d|e|r|,,3776889,13,9b3df14599f65e991e2c4a5eaba7ebe76c85b8c3,102210fe594ee9b33d82058545b1ed14f4c8206e,linux1804-64-shippable-qr,microsoft,True,,,,,,,,,,,,,,,,,,,,,,,,,,,,,,,,,,,,,,,,,,,,,,,,,,TN,,,,,,,,,,
443410327.0,1826306117,2024-01-15 21:04:35,215.7,8a68c5a8cac8300a140767d36eaed293e8f2664c,1360446,autoland,ContentfulSpeedIndex,True,microsoft ContentfulSpeedIndex opt fission warm webrender,,77,ms,firefox,False,|f|i|s|s|i|o|n| |w|a|r|m| |w|e|b|r|e|n|d|e|r|,,3776889,13,9b3df14599f65e991e2c4a5eaba7ebe76c85b8c3,102210fe594ee9b33d82058545b1ed14f4c8206e,linux1804-64-shippable-qr,microsoft,True,,,,,,,,,,,,,,,,,,,,,,,,,,,,,,,,,,,,,,,,,,,,,,,,,,TN,,,,,,,,,,
443421861.0,1826359528,2024-01-16 02:30:18,209.7,02d1a62ad90af487d859bc4971a43862dceeda6e,1360561,autoland,ContentfulSpeedIndex,True,microsoft ContentfulSpeedIndex opt fission warm webrender,,77,ms,firefox,False,|f|i|s|s|i|o|n| |w|a|r|m| |w|e|b|r|e|n|d|e|r|,,3776889,13,9b3df14599f65e991e2c4a5eaba7ebe76c85b8c3,102210fe594ee9b33d82058545b1ed14f4c8206e,linux1804-64-shippable-qr,microsoft,True,,,,,,,,,,,,,,,,,,,,,,,,,,,,,,,,,,,,,,,,,,,,,,,,,,TN,,,,,,,,,,
443427889.0,1826392046,2024-01-16 03:41:09,209.8,70cdba288eb3585a65e68748b4aecfe615cf92e8,1360576,autoland,ContentfulSpeedIndex,True,microsoft ContentfulSpeedIndex opt fission warm webrender,,77,ms,firefox,False,|f|i|s|s|i|o|n| |w|a|r|m| |w|e|b|r|e|n|d|e|r|,,3776889,13,9b3df14599f65e991e2c4a5eaba7ebe76c85b8c3,102210fe594ee9b33d82058545b1ed14f4c8206e,linux1804-64-shippable-qr,microsoft,True,,,,,,,,,,,,,,,,,,,,,,,,,,,,,,,,,,,,,,,,,,,,,,,,,,TN,,,,,,,,,,
443447324.0,1826525717,2024-01-16 08:02:14,211.4,f2c924263ffece6d0b30e6a52dfd32792c5bf5ab,1360634,autoland,ContentfulSpeedIndex,True,microsoft ContentfulSpeedIndex opt fission warm webrender,,77,ms,firefox,False,|f|i|s|s|i|o|n| |w|a|r|m| |w|e|b|r|e|n|d|e|r|,,3776889,13,9b3df14599f65e991e2c4a5eaba7ebe76c85b8c3,102210fe594ee9b33d82058545b1ed14f4c8206e,linux1804-64-shippable-qr,microsoft,True,,,,,,,,,,,,,,,,,,,,,,,,,,,,,,,,,,,,,,,,,,,,,,,,,,TN,,,,,,,,,,
443485190.0,1826642355,2024-01-16 12:14:54,215.8,b7a792b71de6beb8e167d10494fa1c387f55f9c2,1360755,autoland,ContentfulSpeedIndex,True,microsoft ContentfulSpeedIndex opt fission warm webrender,,77,ms,firefox,False,|f|i|s|s|i|o|n| |w|a|r|m| |w|e|b|r|e|n|d|e|r|,,3776889,13,9b3df14599f65e991e2c4a5eaba7ebe76c85b8c3,102210fe594ee9b33d82058545b1ed14f4c8206e,linux1804-64-shippable-qr,microsoft,True,,,,,,,,,,,,,,,,,,,,,,,,,,,,,,,,,,,,,,,,,,,,,,,,,,TN,,,,,,,,,,
443570744.0,1827057855,2024-01-16 16:07:16,215.7,07af0d2b5ced38fc72f57fb9619e9e8430edc630,1360917,autoland,ContentfulSpeedIndex,True,microsoft ContentfulSpeedIndex opt fission warm webrender,,77,ms,firefox,False,|f|i|s|s|i|o|n| |w|a|r|m| |w|e|b|r|e|n|d|e|r|,,3776889,13,9b3df14599f65e991e2c4a5eaba7ebe76c85b8c3,102210fe594ee9b33d82058545b1ed14f4c8206e,linux1804-64-shippable-qr,microsoft,True,,,,,,,,,,,,,,,,,,,,,,,,,,,,,,,,,,,,,,,,,,,,,,,,,,TN,,,,,,,,,,
443570858.0,1827097949,2024-01-16 16:09:52,214.8,63082f3bb107e1a4f6692ea836f8812a9af8f74c,1360920,autoland,ContentfulSpeedIndex,True,microsoft ContentfulSpeedIndex opt fission warm webrender,,77,ms,firefox,False,|f|i|s|s|i|o|n| |w|a|r|m| |w|e|b|r|e|n|d|e|r|,,3776889,13,9b3df14599f65e991e2c4a5eaba7ebe76c85b8c3,102210fe594ee9b33d82058545b1ed14f4c8206e,linux1804-64-shippable-qr,microsoft,True,,,,,,,,,,,,,,,,,,,,,,,,,,,,,,,,,,,,,,,,,,,,,,,,,,TN,,,,,,,,,,
443504498.0,1826738106,2024-01-16 16:10:42,204.0,c57d859580d036c47f9c0140e247b012211f6475,1360921,autoland,ContentfulSpeedIndex,True,microsoft ContentfulSpeedIndex opt fission warm webrender,,77,ms,firefox,False,|f|i|s|s|i|o|n| |w|a|r|m| |w|e|b|r|e|n|d|e|r|,,3776889,13,9b3df14599f65e991e2c4a5eaba7ebe76c85b8c3,102210fe594ee9b33d82058545b1ed14f4c8206e,linux1804-64-shippable-qr,microsoft,True,,,,,,,,,,,,,,,,,,,,,,,,,,,,,,,,,,,,,,,,,,,,,,,,,,TN,,,,,,,,,,
443521378.0,1826836536,2024-01-16 18:47:57,211.9,70d83d705e48aa6e7e7f765142176e775044db26,1361053,autoland,ContentfulSpeedIndex,True,microsoft ContentfulSpeedIndex opt fission warm webrender,,77,ms,firefox,False,|f|i|s|s|i|o|n| |w|a|r|m| |w|e|b|r|e|n|d|e|r|,,3776889,13,9b3df14599f65e991e2c4a5eaba7ebe76c85b8c3,102210fe594ee9b33d82058545b1ed14f4c8206e,linux1804-64-shippable-qr,microsoft,True,,,,,,,,,,,,,,,,,,,,,,,,,,,,,,,,,,,,,,,,,,,,,,,,,,TN,,,,,,,,,,
443539188.0,1826891949,2024-01-16 21:05:47,212.9,be11cd2890f611f1552236eed7ffe53fba913a46,1361171,autoland,ContentfulSpeedIndex,True,microsoft ContentfulSpeedIndex opt fission warm webrender,,77,ms,firefox,False,|f|i|s|s|i|o|n| |w|a|r|m| |w|e|b|r|e|n|d|e|r|,,3776889,13,9b3df14599f65e991e2c4a5eaba7ebe76c85b8c3,102210fe594ee9b33d82058545b1ed14f4c8206e,linux1804-64-shippable-qr,microsoft,True,,,,,,,,,,,,,,,,,,,,,,,,,,,,,,,,,,,,,,,,,,,,,,,,,,TN,,,,,,,,,,
443575216.0,1827122332,2024-01-16 21:13:17,218.7,e14244196def7be57366bd3c3b31e7218266e883,1361177,autoland,ContentfulSpeedIndex,True,microsoft ContentfulSpeedIndex opt fission warm webrender,,77,ms,firefox,False,|f|i|s|s|i|o|n| |w|a|r|m| |w|e|b|r|e|n|d|e|r|,,3776889,13,9b3df14599f65e991e2c4a5eaba7ebe76c85b8c3,102210fe594ee9b33d82058545b1ed14f4c8206e,linux1804-64-shippable-qr,microsoft,True,,,,,,,,,,,,,,,,,,,,,,,,,,,,,,,,,,,,,,,,,,,,,,,,,,TN,,,,,,,,,,
443561815.0,1827009550,2024-01-16 21:16:43,207.2,7a65679aabcf9e5a522b9fbd3463109e4b2946c2,1361180,autoland,ContentfulSpeedIndex,True,microsoft ContentfulSpeedIndex opt fission warm webrender,,77,ms,firefox,False,|f|i|s|s|i|o|n| |w|a|r|m| |w|e|b|r|e|n|d|e|r|,,3776889,13,9b3df14599f65e991e2c4a5eaba7ebe76c85b8c3,102210fe594ee9b33d82058545b1ed14f4c8206e,linux1804-64-shippable-qr,microsoft,True,,,,,,,,,,,,,,,,,,,,,,,,,,,,,,,,,,,,,,,,,,,,,,,,,,TN,,,,,,,,,,
443555350.0,1826958347,2024-01-17 00:27:37,219.0,2425c93f20f61b806df955141332d7cb553c6efb,1361277,autoland,ContentfulSpeedIndex,True,microsoft ContentfulSpeedIndex opt fission warm webrender,,77,ms,firefox,False,|f|i|s|s|i|o|n| |w|a|r|m| |w|e|b|r|e|n|d|e|r|,,3776889,13,9b3df14599f65e991e2c4a5eaba7ebe76c85b8c3,102210fe594ee9b33d82058545b1ed14f4c8206e,linux1804-64-shippable-qr,microsoft,True,,,,,,,,,,,,,,,,,,,,,,,,,,,,,,,,,,,,,,,,,,,,,,,,,,TN,,,,,,,,,,
443572939.0,1827108921,2024-01-17 05:04:36,208.7,71000174812fc0992b6793e53ac5f11f1b87bdc0,1361364,autoland,ContentfulSpeedIndex,True,microsoft ContentfulSpeedIndex opt fission warm webrender,,77,ms,firefox,False,|f|i|s|s|i|o|n| |w|a|r|m| |w|e|b|r|e|n|d|e|r|,,3776889,13,9b3df14599f65e991e2c4a5eaba7ebe76c85b8c3,102210fe594ee9b33d82058545b1ed14f4c8206e,linux1804-64-shippable-qr,microsoft,True,,,,,,,,,,,,,,,,,,,,,,,,,,,,,,,,,,,,,,,,,,,,,,,,,,TN,,,,,,,,,,
443604810.0,1827227530,2024-01-17 09:39:35,211.3,504ffc20d2ebb35be48357830d614ec96765c802,1361428,autoland,ContentfulSpeedIndex,True,microsoft ContentfulSpeedIndex opt fission warm webrender,,77,ms,firefox,False,|f|i|s|s|i|o|n| |w|a|r|m| |w|e|b|r|e|n|d|e|r|,,3776889,13,9b3df14599f65e991e2c4a5eaba7ebe76c85b8c3,102210fe594ee9b33d82058545b1ed14f4c8206e,linux1804-64-shippable-qr,microsoft,True,,,,,,,,,,,,,,,,,,,,,,,,,,,,,,,,,,,,,,,,,,,,,,,,,,TN,,,,,,,,,,
443624866.0,1827242102,2024-01-17 11:04:44,209.3,362d9aca9e101b9ee8f7efe2a7c456e245e6313c,1361499,autoland,ContentfulSpeedIndex,True,microsoft ContentfulSpeedIndex opt fission warm webrender,,77,ms,firefox,False,|f|i|s|s|i|o|n| |w|a|r|m| |w|e|b|r|e|n|d|e|r|,,3776889,13,9b3df14599f65e991e2c4a5eaba7ebe76c85b8c3,102210fe594ee9b33d82058545b1ed14f4c8206e,linux1804-64-shippable-qr,microsoft,True,,,,,,,,,,,,,,,,,,,,,,,,,,,,,,,,,,,,,,,,,,,,,,,,,,TN,,,,,,,,,,
443737657.0,1827828674,2024-01-17 14:10:14,214.9,a4394526f54b75a6396802e446f5c6741b17bfdd,1361593,autoland,ContentfulSpeedIndex,True,microsoft ContentfulSpeedIndex opt fission warm webrender,,77,ms,firefox,False,|f|i|s|s|i|o|n| |w|a|r|m| |w|e|b|r|e|n|d|e|r|,,3776889,13,9b3df14599f65e991e2c4a5eaba7ebe76c85b8c3,102210fe594ee9b33d82058545b1ed14f4c8206e,linux1804-64-shippable-qr,microsoft,True,,,,,,,,,,,,,,,,,,,,,,,,,,,,,,,,,,,,,,,,,,,,,,,,,,TN,,,,,,,,,,
443729549.0,1827781598,2024-01-17 14:11:04,211.5,51ded5545163f1a0a3ff3790e9a25c0351e5d7b6,1361596,autoland,ContentfulSpeedIndex,True,microsoft ContentfulSpeedIndex opt fission warm webrender,,77,ms,firefox,False,|f|i|s|s|i|o|n| |w|a|r|m| |w|e|b|r|e|n|d|e|r|,,3776889,13,9b3df14599f65e991e2c4a5eaba7ebe76c85b8c3,102210fe594ee9b33d82058545b1ed14f4c8206e,linux1804-64-shippable-qr,microsoft,True,,,,,,,,,,,,,,,,,,,,,,,,,,,,,,,,,,,,,,,,,,,,,,,,,,TN,,,,,,,,,,
443664971.0,1827432032,2024-01-17 15:07:48,205.7,848e3e2acdf34af9e6862b8a77a8d1ea39c48098,1361632,autoland,ContentfulSpeedIndex,True,microsoft ContentfulSpeedIndex opt fission warm webrender,,77,ms,firefox,False,|f|i|s|s|i|o|n| |w|a|r|m| |w|e|b|r|e|n|d|e|r|,,3776889,13,9b3df14599f65e991e2c4a5eaba7ebe76c85b8c3,102210fe594ee9b33d82058545b1ed14f4c8206e,linux1804-64-shippable-qr,microsoft,True,,,,,,,,,,,,,,,,,,,,,,,,,,,,,,,,,,,,,,,,,,,,,,,,,,TN,,,,,,,,,,
443666641.0,1827449142,2024-01-17 15:18:54,209.4,a11dab561c63102a4ed97f42068f448ec332c652,1361644,autoland,ContentfulSpeedIndex,True,microsoft ContentfulSpeedIndex opt fission warm webrender,,77,ms,firefox,False,|f|i|s|s|i|o|n| |w|a|r|m| |w|e|b|r|e|n|d|e|r|,,3776889,13,9b3df14599f65e991e2c4a5eaba7ebe76c85b8c3,102210fe594ee9b33d82058545b1ed14f4c8206e,linux1804-64-shippable-qr,microsoft,True,,,,,,,,,,,,,,,,,,,,,,,,,,,,,,,,,,,,,,,,,,,,,,,,,,TN,,,,,,,,,,
443714551.0,1827659727,2024-01-17 23:49:06,213.9,fe239ad8a8aea4198d356ae3ab92415c5237b530,1361957,autoland,ContentfulSpeedIndex,True,microsoft ContentfulSpeedIndex opt fission warm webrender,,77,ms,firefox,False,|f|i|s|s|i|o|n| |w|a|r|m| |w|e|b|r|e|n|d|e|r|,,3776889,13,9b3df14599f65e991e2c4a5eaba7ebe76c85b8c3,102210fe594ee9b33d82058545b1ed14f4c8206e,linux1804-64-shippable-qr,microsoft,True,,,,,,,,,,,,,,,,,,,,,,,,,,,,,,,,,,,,,,,,,,,,,,,,,,TN,,,,,,,,,,
443715159.0,1827675937,2024-01-17 23:52:50,214.6,79a6322a49b2f811fe674c1802ab75b99d9c95a3,1361961,autoland,ContentfulSpeedIndex,True,microsoft ContentfulSpeedIndex opt fission warm webrender,,77,ms,firefox,False,|f|i|s|s|i|o|n| |w|a|r|m| |w|e|b|r|e|n|d|e|r|,,3776889,13,9b3df14599f65e991e2c4a5eaba7ebe76c85b8c3,102210fe594ee9b33d82058545b1ed14f4c8206e,linux1804-64-shippable-qr,microsoft,True,,,,,,,,,,,,,,,,,,,,,,,,,,,,,,,,,,,,,,,,,,,,,,,,,,TN,,,,,,,,,,
443726550.0,1827765476,2024-01-18 01:49:32,209.9,c38d482445a0c034ac7b8fc0219092fccdbc58b2,1362034,autoland,ContentfulSpeedIndex,True,microsoft ContentfulSpeedIndex opt fission warm webrender,,77,ms,firefox,False,|f|i|s|s|i|o|n| |w|a|r|m| |w|e|b|r|e|n|d|e|r|,,3776889,13,9b3df14599f65e991e2c4a5eaba7ebe76c85b8c3,102210fe594ee9b33d82058545b1ed14f4c8206e,linux1804-64-shippable-qr,microsoft,True,,,,,,,,,,,,,,,,,,,,,,,,,,,,,,,,,,,,,,,,,,,,,,,,,,TN,,,,,,,,,,
443757070.0,1827924102,2024-01-18 06:50:06,217.9,a505d6315623943fb581b7f21beece40fc6faf17,1362092,autoland,ContentfulSpeedIndex,True,microsoft ContentfulSpeedIndex opt fission warm webrender,,77,ms,firefox,False,|f|i|s|s|i|o|n| |w|a|r|m| |w|e|b|r|e|n|d|e|r|,,3776889,13,9b3df14599f65e991e2c4a5eaba7ebe76c85b8c3,102210fe594ee9b33d82058545b1ed14f4c8206e,linux1804-64-shippable-qr,microsoft,True,,,,,,,,,,,,,,,,,,,,,,,,,,,,,,,,,,,,,,,,,,,,,,,,,,TN,,,,,,,,,,
443781631.0,1828054380,2024-01-18 10:52:50,220.0,0688ca401470034e41e10f2480620e88cac2700f,1362184,autoland,ContentfulSpeedIndex,True,microsoft ContentfulSpeedIndex opt fission warm webrender,,77,ms,firefox,False,|f|i|s|s|i|o|n| |w|a|r|m| |w|e|b|r|e|n|d|e|r|,,3776889,13,9b3df14599f65e991e2c4a5eaba7ebe76c85b8c3,102210fe594ee9b33d82058545b1ed14f4c8206e,linux1804-64-shippable-qr,microsoft,True,,,,,,,,,,,,,,,,,,,,,,,,,,,,,,,,,,,,,,,,,,,,,,,,,,TN,,,,,,,,,,
443894411.0,1828641984,2024-01-18 11:51:21,215.6,b0cfcec88155f8d78471d5ec65ef775e7f6b2eb5,1362206,autoland,ContentfulSpeedIndex,True,microsoft ContentfulSpeedIndex opt fission warm webrender,,77,ms,firefox,False,|f|i|s|s|i|o|n| |w|a|r|m| |w|e|b|r|e|n|d|e|r|,,3776889,13,9b3df14599f65e991e2c4a5eaba7ebe76c85b8c3,102210fe594ee9b33d82058545b1ed14f4c8206e,linux1804-64-shippable-qr,microsoft,True,,,,,,,,,,,,,,,,,,,,,,,,,,,,,,,,,,,,,,,,,,,,,,,,,,TN,,,,,,,,,,
443891008.0,1828614470,2024-01-18 11:53:45,214.4,be072303feafdac9f5574eb97613a65b9784d9b7,1362207,autoland,ContentfulSpeedIndex,True,microsoft ContentfulSpeedIndex opt fission warm webrender,,77,ms,firefox,False,|f|i|s|s|i|o|n| |w|a|r|m| |w|e|b|r|e|n|d|e|r|,,3776889,13,9b3df14599f65e991e2c4a5eaba7ebe76c85b8c3,102210fe594ee9b33d82058545b1ed14f4c8206e,linux1804-64-shippable-qr,microsoft,True,,,,,,,,,,,,,,,,,,,,,,,,,,,,,,,,,,,,,,,,,,,,,,,,,,TN,,,,,,,,,,
443799867.0,1828178224,2024-01-18 13:21:23,210.2,68ff26df33468fe750b39f175b43b8507718ece4,1362232,autoland,ContentfulSpeedIndex,True,microsoft ContentfulSpeedIndex opt fission warm webrender,,77,ms,firefox,False,|f|i|s|s|i|o|n| |w|a|r|m| |w|e|b|r|e|n|d|e|r|,,3776889,13,9b3df14599f65e991e2c4a5eaba7ebe76c85b8c3,102210fe594ee9b33d82058545b1ed14f4c8206e,linux1804-64-shippable-qr,microsoft,True,,,,,,,,,,,,,,,,,,,,,,,,,,,,,,,,,,,,,,,,,,,,,,,,,,TN,,,,,,,,,,
443890951.0,1828605422,2024-01-18 16:01:44,208.8,b3320921a0a66b56eb50ebd3bd8baf0ebd8d44d2,1362331,autoland,ContentfulSpeedIndex,True,microsoft ContentfulSpeedIndex opt fission warm webrender,,77,ms,firefox,False,|f|i|s|s|i|o|n| |w|a|r|m| |w|e|b|r|e|n|d|e|r|,,3776889,13,9b3df14599f65e991e2c4a5eaba7ebe76c85b8c3,102210fe594ee9b33d82058545b1ed14f4c8206e,linux1804-64-shippable-qr,microsoft,True,,,,,,,,,,,,,,,,,,,,,,,,,,,,,,,,,,,,,,,,,,,,,,,,,,TN,,,,,,,,,,
443890820.0,1828592967,2024-01-18 16:29:27,209.7,da092d881d44f60e7c5ae33f596dcdf706117ced,1362347,autoland,ContentfulSpeedIndex,True,microsoft ContentfulSpeedIndex opt fission warm webrender,,77,ms,firefox,False,|f|i|s|s|i|o|n| |w|a|r|m| |w|e|b|r|e|n|d|e|r|,,3776889,13,9b3df14599f65e991e2c4a5eaba7ebe76c85b8c3,102210fe594ee9b33d82058545b1ed14f4c8206e,linux1804-64-shippable-qr,microsoft,True,,,,,,,,,,,,,,,,,,,,,,,,,,,,,,,,,,,,,,,,,,,,,,,,,,TN,,,,,,,,,,
443828717.0,1828317965,2024-01-18 17:52:02,212.5,2b70f662a79773d519e78f0b8b64723a20b1e788,1362427,autoland,ContentfulSpeedIndex,True,microsoft ContentfulSpeedIndex opt fission warm webrender,,77,ms,firefox,False,|f|i|s|s|i|o|n| |w|a|r|m| |w|e|b|r|e|n|d|e|r|,,3776889,13,9b3df14599f65e991e2c4a5eaba7ebe76c85b8c3,102210fe594ee9b33d82058545b1ed14f4c8206e,linux1804-64-shippable-qr,microsoft,True,,,,,,,,,,,,,,,,,,,,,,,,,,,,,,,,,,,,,,,,,,,,,,,,,,TN,,,,,,,,,,
443871556.0,1828481835,2024-01-18 23:10:50,204.0,ef9ad6a28dae5d4efbe723dde5068cfdde493918,1362632,autoland,ContentfulSpeedIndex,True,microsoft ContentfulSpeedIndex opt fission warm webrender,,77,ms,firefox,False,|f|i|s|s|i|o|n| |w|a|r|m| |w|e|b|r|e|n|d|e|r|,,3776889,13,9b3df14599f65e991e2c4a5eaba7ebe76c85b8c3,102210fe594ee9b33d82058545b1ed14f4c8206e,linux1804-64-shippable-qr,microsoft,True,,,,,,,,,,,,,,,,,,,,,,,,,,,,,,,,,,,,,,,,,,,,,,,,,,TN,,,,,,,,,,
443873017.0,1828509914,2024-01-18 23:17:45,220.3,5624cd2e1525fd15b148c44ce2106fce74d6f297,1362637,autoland,ContentfulSpeedIndex,True,microsoft ContentfulSpeedIndex opt fission warm webrender,,77,ms,firefox,False,|f|i|s|s|i|o|n| |w|a|r|m| |w|e|b|r|e|n|d|e|r|,,3776889,13,9b3df14599f65e991e2c4a5eaba7ebe76c85b8c3,102210fe594ee9b33d82058545b1ed14f4c8206e,linux1804-64-shippable-qr,microsoft,True,,,,,,,,,,,,,,,,,,,,,,,,,,,,,,,,,,,,,,,,,,,,,,,,,,TN,,,,,,,,,,
443893640.0,1828631437,2024-01-19 04:17:47,211.5,b6393478fdf670fcce10fd4334c2601561eaea5d,1362724,autoland,ContentfulSpeedIndex,True,microsoft ContentfulSpeedIndex opt fission warm webrender,,77,ms,firefox,False,|f|i|s|s|i|o|n| |w|a|r|m| |w|e|b|r|e|n|d|e|r|,,3776889,13,9b3df14599f65e991e2c4a5eaba7ebe76c85b8c3,102210fe594ee9b33d82058545b1ed14f4c8206e,linux1804-64-shippable-qr,microsoft,True,,,,,,,,,,,,,,,,,,,,,,,,,,,,,,,,,,,,,,,,,,,,,,,,,,TN,,,,,,,,,,
443925171.0,1828767023,2024-01-19 10:07:40,212.8,99bf71eaca444aa371e7c84536a1b8aa434ef205,1362807,autoland,ContentfulSpeedIndex,True,microsoft ContentfulSpeedIndex opt fission warm webrender,,77,ms,firefox,False,|f|i|s|s|i|o|n| |w|a|r|m| |w|e|b|r|e|n|d|e|r|,,3776889,13,9b3df14599f65e991e2c4a5eaba7ebe76c85b8c3,102210fe594ee9b33d82058545b1ed14f4c8206e,linux1804-64-shippable-qr,microsoft,True,,,,,,,,,,,,,,,,,,,,,,,,,,,,,,,,,,,,,,,,,,,,,,,,,,TN,,,,,,,,,,
443928765.0,1828777871,2024-01-19 10:28:03,212.7,7459e9088955262e4430e24661d856acc7ca8929,1362814,autoland,ContentfulSpeedIndex,True,microsoft ContentfulSpeedIndex opt fission warm webrender,,77,ms,firefox,False,|f|i|s|s|i|o|n| |w|a|r|m| |w|e|b|r|e|n|d|e|r|,,3776889,13,9b3df14599f65e991e2c4a5eaba7ebe76c85b8c3,102210fe594ee9b33d82058545b1ed14f4c8206e,linux1804-64-shippable-qr,microsoft,True,,,,,,,,,,,,,,,,,,,,,,,,,,,,,,,,,,,,,,,,,,,,,,,,,,TN,,,,,,,,,,
444013188.0,1829308963,2024-01-19 13:26:37,214.4,4ec2b9afc62ae7c623f8c0ab5ced5f9ce44bcc0c,1362882,autoland,ContentfulSpeedIndex,True,microsoft ContentfulSpeedIndex opt fission warm webrender,,77,ms,firefox,False,|f|i|s|s|i|o|n| |w|a|r|m| |w|e|b|r|e|n|d|e|r|,,3776889,13,9b3df14599f65e991e2c4a5eaba7ebe76c85b8c3,102210fe594ee9b33d82058545b1ed14f4c8206e,linux1804-64-shippable-qr,microsoft,True,,,,,,,,,,,,,,,,,,,,,,,,,,,,,,,,,,,,,,,,,,,,,,,,,,TN,,,,,,,,,,
443957803.0,1828896469,2024-01-19 14:55:23,210.2,3aabb457a4630b878d121ef2eb9d2f0448847a6b,1362913,autoland,ContentfulSpeedIndex,True,microsoft ContentfulSpeedIndex opt fission warm webrender,,77,ms,firefox,False,|f|i|s|s|i|o|n| |w|a|r|m| |w|e|b|r|e|n|d|e|r|,,3776889,13,9b3df14599f65e991e2c4a5eaba7ebe76c85b8c3,102210fe594ee9b33d82058545b1ed14f4c8206e,linux1804-64-shippable-qr,microsoft,True,,,,,,,,,,,,,,,,,,,,,,,,,,,,,,,,,,,,,,,,,,,,,,,,,,TN,,,,,,,,,,
443979878.0,1828998256,2024-01-19 19:17:59,208.3,1ccd394332683308e570afe9039275d8e79be900,1363113,autoland,ContentfulSpeedIndex,True,microsoft ContentfulSpeedIndex opt fission warm webrender,,77,ms,firefox,False,|f|i|s|s|i|o|n| |w|a|r|m| |w|e|b|r|e|n|d|e|r|,,3776889,13,9b3df14599f65e991e2c4a5eaba7ebe76c85b8c3,102210fe594ee9b33d82058545b1ed14f4c8206e,linux1804-64-shippable-qr,microsoft,True,,,,,,,,,,,,,,,,,,,,,,,,,,,,,,,,,,,,,,,,,,,,,,,,,,TN,,,,,,,,,,
444004264.0,1829205350,2024-01-20 00:04:44,208.1,6d2ef7f226a0360135c1955b8805bd41d9af41e4,1363285,autoland,ContentfulSpeedIndex,True,microsoft ContentfulSpeedIndex opt fission warm webrender,,77,ms,firefox,False,|f|i|s|s|i|o|n| |w|a|r|m| |w|e|b|r|e|n|d|e|r|,,3776889,13,9b3df14599f65e991e2c4a5eaba7ebe76c85b8c3,102210fe594ee9b33d82058545b1ed14f4c8206e,linux1804-64-shippable-qr,microsoft,True,,,,,,,,,,,,,,,,,,,,,,,,,,,,,,,,,,,,,,,,,,,,,,,,,,TN,,,,,,,,,,
444012145.0,1829288780,2024-01-20 04:18:19,220.0,5471899cc9d0a7dfda174e9d7cfc986c2820eff8,1363367,autoland,ContentfulSpeedIndex,True,microsoft ContentfulSpeedIndex opt fission warm webrender,,77,ms,firefox,False,|f|i|s|s|i|o|n| |w|a|r|m| |w|e|b|r|e|n|d|e|r|,,3776889,13,9b3df14599f65e991e2c4a5eaba7ebe76c85b8c3,102210fe594ee9b33d82058545b1ed14f4c8206e,linux1804-64-shippable-qr,microsoft,True,,,,,,,,,,,,,,,,,,,,,,,,,,,,,,,,,,,,,,,,,,,,,,,,,,TN,,,,,,,,,,
444040710.0,1829497630,2024-01-21 00:59:25,225.5,4f4fa003a90f9d818ecfa36474300a11af18be25,1363463,autoland,ContentfulSpeedIndex,True,microsoft ContentfulSpeedIndex opt fission warm webrender,,77,ms,firefox,False,|f|i|s|s|i|o|n| |w|a|r|m| |w|e|b|r|e|n|d|e|r|,,3776889,13,9b3df14599f65e991e2c4a5eaba7ebe76c85b8c3,102210fe594ee9b33d82058545b1ed14f4c8206e,linux1804-64-shippable-qr,microsoft,True,,,,,,,,,,,,,,,,,,,,,,,,,,,,,,,,,,,,,,,,,,,,,,,,,,TN,,,,,,,,,,
444068061.0,1829580953,2024-01-21 14:36:57,208.4,0361c1f29babcfb2f10e1646dffe72cd452a3df4,1363517,autoland,ContentfulSpeedIndex,True,microsoft ContentfulSpeedIndex opt fission warm webrender,,77,ms,firefox,False,|f|i|s|s|i|o|n| |w|a|r|m| |w|e|b|r|e|n|d|e|r|,,3776889,13,9b3df14599f65e991e2c4a5eaba7ebe76c85b8c3,102210fe594ee9b33d82058545b1ed14f4c8206e,linux1804-64-shippable-qr,microsoft,True,,,,,,,,,,,,,,,,,,,,,,,,,,,,,,,,,,,,,,,,,,,,,,,,,,TN,,,,,,,,,,
444097512.0,1829700650,2024-01-22 07:43:27,210.2,6b4a069fe37d2413229dda3b61ccaf7b8f3a5f5d,1363663,autoland,ContentfulSpeedIndex,True,microsoft ContentfulSpeedIndex opt fission warm webrender,,77,ms,firefox,False,|f|i|s|s|i|o|n| |w|a|r|m| |w|e|b|r|e|n|d|e|r|,,3776889,13,9b3df14599f65e991e2c4a5eaba7ebe76c85b8c3,102210fe594ee9b33d82058545b1ed14f4c8206e,linux1804-64-shippable-qr,microsoft,True,,,,,,,,,,,,,,,,,,,,,,,,,,,,,,,,,,,,,,,,,,,,,,,,,,TN,,,,,,,,,,
444246416.0,1830345332,2024-01-22 09:55:26,209.9,4de25e9a950057c7f2f7ca5b4730c41df1d2bfe1,1363706,autoland,ContentfulSpeedIndex,True,microsoft ContentfulSpeedIndex opt fission warm webrender,,77,ms,firefox,False,|f|i|s|s|i|o|n| |w|a|r|m| |w|e|b|r|e|n|d|e|r|,,3776889,13,9b3df14599f65e991e2c4a5eaba7ebe76c85b8c3,102210fe594ee9b33d82058545b1ed14f4c8206e,linux1804-64-shippable-qr,microsoft,True,,,,,,,,,,,,,,,,,,,,,,,,,,,,,,,,,,,,,,,,,,,,,,,,,,TN,,,,,,,,,,
444122138.0,1829792051,2024-01-22 10:58:56,208.6,095c9da9e10fc012c2e6a7d929fdcc7c03d09373,1363731,autoland,ContentfulSpeedIndex,True,microsoft ContentfulSpeedIndex opt fission warm webrender,,77,ms,firefox,False,|f|i|s|s|i|o|n| |w|a|r|m| |w|e|b|r|e|n|d|e|r|,,3776889,13,9b3df14599f65e991e2c4a5eaba7ebe76c85b8c3,102210fe594ee9b33d82058545b1ed14f4c8206e,linux1804-64-shippable-qr,microsoft,True,,,,,,,,,,,,,,,,,,,,,,,,,,,,,,,,,,,,,,,,,,,,,,,,,,TN,,,,,,,,,,
444162569.0,1829946479,2024-01-22 15:24:53,214.4,58cedc1e4ff28881f9ebd1749feaa24edbded9ce,1363894,autoland,ContentfulSpeedIndex,True,microsoft ContentfulSpeedIndex opt fission warm webrender,,77,ms,firefox,False,|f|i|s|s|i|o|n| |w|a|r|m| |w|e|b|r|e|n|d|e|r|,,3776889,13,9b3df14599f65e991e2c4a5eaba7ebe76c85b8c3,102210fe594ee9b33d82058545b1ed14f4c8206e,linux1804-64-shippable-qr,microsoft,True,,,,,,,,,,,,,,,,,,,,,,,,,,,,,,,,,,,,,,,,,,,,,,,,,,TN,,,,,,,,,,
444167602.0,1830024844,2024-01-22 15:55:20,213.7,82dfbdd770bc54674f82bae256dae683772884af,1363920,autoland,ContentfulSpeedIndex,True,microsoft ContentfulSpeedIndex opt fission warm webrender,,77,ms,firefox,False,|f|i|s|s|i|o|n| |w|a|r|m| |w|e|b|r|e|n|d|e|r|,,3776889,13,9b3df14599f65e991e2c4a5eaba7ebe76c85b8c3,102210fe594ee9b33d82058545b1ed14f4c8206e,linux1804-64-shippable-qr,microsoft,True,,,,,,,,,,,,,,,,,,,,,,,,,,,,,,,,,,,,,,,,,,,,,,,,,,TN,,,,,,,,,,
444197858.0,1830091251,2024-01-22 18:55:34,211.4,ef71d190cd57de7a178f312b29fc104e6e3e98d4,1364078,autoland,ContentfulSpeedIndex,True,microsoft ContentfulSpeedIndex opt fission warm webrender,,77,ms,firefox,False,|f|i|s|s|i|o|n| |w|a|r|m| |w|e|b|r|e|n|d|e|r|,,3776889,13,9b3df14599f65e991e2c4a5eaba7ebe76c85b8c3,102210fe594ee9b33d82058545b1ed14f4c8206e,linux1804-64-shippable-qr,microsoft,True,,,,,,,,,,,,,,,,,,,,,,,,,,,,,,,,,,,,,,,,,,,,,,,,,,TN,,,,,,,,,,
444240898.0,1830286309,2024-01-22 22:04:08,216.1,06bafd5cf7f34e757edddf2def6a98003c6b1643,1364244,autoland,ContentfulSpeedIndex,True,microsoft ContentfulSpeedIndex opt fission warm webrender,,77,ms,firefox,False,|f|i|s|s|i|o|n| |w|a|r|m| |w|e|b|r|e|n|d|e|r|,,3776889,13,9b3df14599f65e991e2c4a5eaba7ebe76c85b8c3,102210fe594ee9b33d82058545b1ed14f4c8206e,linux1804-64-shippable-qr,microsoft,True,,,,,,,,,,,,,,,,,,,,,,,,,,,,,,,,,,,,,,,,,,,,,,,,,,TN,,,,,,,,,,
444244655.0,1830337159,2024-01-23 00:22:14,209.6,43fa5aa71c8c00288a4fe686f0e4bf72e2f5f28d,1364332,autoland,ContentfulSpeedIndex,True,microsoft ContentfulSpeedIndex opt fission warm webrender,,77,ms,firefox,False,|f|i|s|s|i|o|n| |w|a|r|m| |w|e|b|r|e|n|d|e|r|,,3776889,13,9b3df14599f65e991e2c4a5eaba7ebe76c85b8c3,102210fe594ee9b33d82058545b1ed14f4c8206e,linux1804-64-shippable-qr,microsoft,True,,,,,,,,,,,,,,,,,,,,,,,,,,,,,,,,,,,,,,,,,,,,,,,,,,TN,,,,,,,,,,
444329273.0,1830761238,2024-01-23 14:50:16,217.8,f3efca74da0f43269bd8ac07e2a5d27e89c4d7c3,1364607,autoland,ContentfulSpeedIndex,True,microsoft ContentfulSpeedIndex opt fission warm webrender,,77,ms,firefox,False,|f|i|s|s|i|o|n| |w|a|r|m| |w|e|b|r|e|n|d|e|r|,,3776889,13,9b3df14599f65e991e2c4a5eaba7ebe76c85b8c3,102210fe594ee9b33d82058545b1ed14f4c8206e,linux1804-64-shippable-qr,microsoft,True,,,,,,,,,,,,,,,,,,,,,,,,,,,,,,,,,,,,,,,,,,,,,,,,,,TN,,,,,,,,,,
444393293.0,1831092638,2024-01-23 15:33:06,226.4,cd7ab7cab97da5debfab77a966f3a8522c3dd916,1364661,autoland,ContentfulSpeedIndex,True,microsoft ContentfulSpeedIndex opt fission warm webrender,,77,ms,firefox,False,|f|i|s|s|i|o|n| |w|a|r|m| |w|e|b|r|e|n|d|e|r|,,3776889,13,9b3df14599f65e991e2c4a5eaba7ebe76c85b8c3,102210fe594ee9b33d82058545b1ed14f4c8206e,linux1804-64-shippable-qr,microsoft,True,,,,,,,,,,,,,,,,,,,,,,,,,,,,,,,,,,,,,,,,,,,,,,,,,,TN,,,,,,,,,,
444391619.0,1831080510,2024-01-23 15:33:54,216.7,c46a7cea75e6f516fea201de317fd0ebc3c20de2,1364664,autoland,ContentfulSpeedIndex,True,microsoft ContentfulSpeedIndex opt fission warm webrender,,77,ms,firefox,False,|f|i|s|s|i|o|n| |w|a|r|m| |w|e|b|r|e|n|d|e|r|,,3776889,13,9b3df14599f65e991e2c4a5eaba7ebe76c85b8c3,102210fe594ee9b33d82058545b1ed14f4c8206e,linux1804-64-shippable-qr,microsoft,True,,,,,,,,,,,,,,,,,,,,,,,,,,,,,,,,,,,,,,,,,,,,,,,,,,TN,,,,,,,,,,
444341788.0,1830838237,2024-01-23 19:03:54,215.8,ec71bc6778c4bdb9b4a93283fc0a3d3f302eb89e,1364834,autoland,ContentfulSpeedIndex,True,microsoft ContentfulSpeedIndex opt fission warm webrender,,77,ms,firefox,False,|f|i|s|s|i|o|n| |w|a|r|m| |w|e|b|r|e|n|d|e|r|,,3776889,13,9b3df14599f65e991e2c4a5eaba7ebe76c85b8c3,102210fe594ee9b33d82058545b1ed14f4c8206e,linux1804-64-shippable-qr,microsoft,True,,,,,,,,,,,,,,,,,,,,,,,,,,,,,,,,,,,,,,,,,,,,,,,,,,TN,,,,,,,,,,
444372112.0,1830964471,2024-01-23 22:21:15,222.1,25e5c4ea04b149ffa31cda5c4d75559df5369612,1365024,autoland,ContentfulSpeedIndex,True,microsoft ContentfulSpeedIndex opt fission warm webrender,,77,ms,firefox,False,|f|i|s|s|i|o|n| |w|a|r|m| |w|e|b|r|e|n|d|e|r|,,3776889,13,9b3df14599f65e991e2c4a5eaba7ebe76c85b8c3,102210fe594ee9b33d82058545b1ed14f4c8206e,linux1804-64-shippable-qr,microsoft,True,,,,,,,,,,,,,,,,,,,,,,,,,,,,,,,,,,,,,,,,,,,,,,,,,,TN,,,,,,,,,,
444620404.0,1832177622,2024-01-24 01:36:46,177.5,9d584197c87fdcf2d80ad4dd2989ead88349b0c8,1365186,autoland,ContentfulSpeedIndex,True,microsoft ContentfulSpeedIndex opt fission warm webrender,,77,ms,firefox,False,|f|i|s|s|i|o|n| |w|a|r|m| |w|e|b|r|e|n|d|e|r|,,3776889,13,9b3df14599f65e991e2c4a5eaba7ebe76c85b8c3,102210fe594ee9b33d82058545b1ed14f4c8206e,linux1804-64-shippable-qr,microsoft,True,,,,,,,,,,,,,,,,,,,,,,,,,,,,,,,,,,,,,,,,,,,,,,,,,,TN,,,,,,,,,,
444405186.0,1831148781,2024-01-24 06:43:12,215.7,eed6f8e8fe3af01f49be74cc1be72d51e5a0933f,1365260,autoland,ContentfulSpeedIndex,True,microsoft ContentfulSpeedIndex opt fission warm webrender,,77,ms,firefox,False,|f|i|s|s|i|o|n| |w|a|r|m| |w|e|b|r|e|n|d|e|r|,,3776889,13,9b3df14599f65e991e2c4a5eaba7ebe76c85b8c3,102210fe594ee9b33d82058545b1ed14f4c8206e,linux1804-64-shippable-qr,microsoft,True,,,,,,,,,,,,,,,,,,,,,,,,,,,,,,,,,,,,,,,,,,,,,,,,,,TN,,,,,,,,,,
444405545.0,1831150207,2024-01-24 06:57:11,212.9,7079db6b8da9081aee6b0ce96b68f368efec3277,1365262,autoland,ContentfulSpeedIndex,True,microsoft ContentfulSpeedIndex opt fission warm webrender,,77,ms,firefox,False,|f|i|s|s|i|o|n| |w|a|r|m| |w|e|b|r|e|n|d|e|r|,,3776889,13,9b3df14599f65e991e2c4a5eaba7ebe76c85b8c3,102210fe594ee9b33d82058545b1ed14f4c8206e,linux1804-64-shippable-qr,microsoft,True,,,,,,,,,,,,,,,,,,,,,,,,,,,,,,,,,,,,,,,,,,,,,,,,,,TN,,,,,,,,,,
444548361.0,1831838016,2024-01-24 13:36:01,209.6,be8632f7e7d18102bb10385103f6cef2a0615b03,1365437,autoland,ContentfulSpeedIndex,True,microsoft ContentfulSpeedIndex opt fission warm webrender,,77,ms,firefox,False,|f|i|s|s|i|o|n| |w|a|r|m| |w|e|b|r|e|n|d|e|r|,,3776889,13,9b3df14599f65e991e2c4a5eaba7ebe76c85b8c3,102210fe594ee9b33d82058545b1ed14f4c8206e,linux1804-64-shippable-qr,microsoft,True,,,,,,,,,,,,,,,,,,,,,,,,,,,,,,,,,,,,,,,,,,,,,,,,,,TN,,,,,,,,,,
444620207.0,1832178128,2024-01-24 14:06:56,208.5,848327e627b55c5a1265d68591ecf4c756ce58e5,1365454,autoland,ContentfulSpeedIndex,True,microsoft ContentfulSpeedIndex opt fission warm webrender,,77,ms,firefox,False,|f|i|s|s|i|o|n| |w|a|r|m| |w|e|b|r|e|n|d|e|r|,,3776889,13,9b3df14599f65e991e2c4a5eaba7ebe76c85b8c3,102210fe594ee9b33d82058545b1ed14f4c8206e,linux1804-64-shippable-qr,microsoft,True,,,,,,,,,,,,,,,,,,,,,,,,,,,,,,,,,,,,,,,,,,,,,,,,,,TN,,,,,,,,,,
444486487.0,1831504238,2024-01-24 16:03:05,219.5,150dd33322ea6d34c4829f8e67efe7e37be8c48e,1365533,autoland,ContentfulSpeedIndex,True,microsoft ContentfulSpeedIndex opt fission warm webrender,,77,ms,firefox,False,|f|i|s|s|i|o|n| |w|a|r|m| |w|e|b|r|e|n|d|e|r|,,3776889,13,9b3df14599f65e991e2c4a5eaba7ebe76c85b8c3,102210fe594ee9b33d82058545b1ed14f4c8206e,linux1804-64-shippable-qr,microsoft,True,,,,,,,,,,,,,,,,,,,,,,,,,,,,,,,,,,,,,,,,,,,,,,,,,,TN,,,,,,,,,,
444503903.0,1831597643,2024-01-24 18:01:21,211.4,e22428605dbb49942204564b03db80f474ea35ba,1365677,autoland,ContentfulSpeedIndex,True,microsoft ContentfulSpeedIndex opt fission warm webrender,,77,ms,firefox,False,|f|i|s|s|i|o|n| |w|a|r|m| |w|e|b|r|e|n|d|e|r|,,3776889,13,9b3df14599f65e991e2c4a5eaba7ebe76c85b8c3,102210fe594ee9b33d82058545b1ed14f4c8206e,linux1804-64-shippable-qr,microsoft,True,,,,,,,,,,,,,,,,,,,,,,,,,,,,,,,,,,,,,,,,,,,,,,,,,,TN,,,,,,,,,,
444529088.0,1831725369,2024-01-24 22:08:16,207.1,b8b82bd9546fe4e63cd5e9d29248d87665c548b8,1365907,autoland,ContentfulSpeedIndex,True,microsoft ContentfulSpeedIndex opt fission warm webrender,,77,ms,firefox,False,|f|i|s|s|i|o|n| |w|a|r|m| |w|e|b|r|e|n|d|e|r|,,3776889,13,9b3df14599f65e991e2c4a5eaba7ebe76c85b8c3,102210fe594ee9b33d82058545b1ed14f4c8206e,linux1804-64-shippable-qr,microsoft,True,,,,,,,,,,,,,,,,,,,,,,,,,,,,,,,,,,,,,,,,,,,,,,,,,,TN,,,,,,,,,,
444547367.0,1831827053,2024-01-25 05:05:51,216.7,ce5606473bf95f0899f69034525766ca9d0ed749,1366048,autoland,ContentfulSpeedIndex,True,microsoft ContentfulSpeedIndex opt fission warm webrender,,77,ms,firefox,False,|f|i|s|s|i|o|n| |w|a|r|m| |w|e|b|r|e|n|d|e|r|,,3776889,13,9b3df14599f65e991e2c4a5eaba7ebe76c85b8c3,102210fe594ee9b33d82058545b1ed14f4c8206e,linux1804-64-shippable-qr,microsoft,True,,,,,,,,,,,,,,,,,,,,,,,,,,,,,,,,,,,,,,,,,,,,,,,,,,TN,,,,,,,,,,
444568379.0,1831905289,2024-01-25 07:56:38,215.0,c0289f78466cf0bf8a6871ef3417c180aab77e07,1366087,autoland,ContentfulSpeedIndex,True,microsoft ContentfulSpeedIndex opt fission warm webrender,,77,ms,firefox,False,|f|i|s|s|i|o|n| |w|a|r|m| |w|e|b|r|e|n|d|e|r|,,3776889,13,9b3df14599f65e991e2c4a5eaba7ebe76c85b8c3,102210fe594ee9b33d82058545b1ed14f4c8206e,linux1804-64-shippable-qr,microsoft,True,,,,,,,,,,,,,,,,,,,,,,,,,,,,,,,,,,,,,,,,,,,,,,,,,,TN,,,,,,,,,,
444596691.0,1832042645,2024-01-25 12:05:33,212.7,c746000752516a4b8ede1f6a5c7b2f4be12a33d7,1366202,autoland,ContentfulSpeedIndex,True,microsoft ContentfulSpeedIndex opt fission warm webrender,,77,ms,firefox,False,|f|i|s|s|i|o|n| |w|a|r|m| |w|e|b|r|e|n|d|e|r|,,3776889,13,9b3df14599f65e991e2c4a5eaba7ebe76c85b8c3,102210fe594ee9b33d82058545b1ed14f4c8206e,linux1804-64-shippable-qr,microsoft,True,,,,,,,,,,,,,,,,,,,,,,,,,,,,,,,,,,,,,,,,,,,,,,,,,,TN,,,,,,,,,,
444618986.0,1832158248,2024-01-25 15:26:29,218.8,34f197ce93a24d93523617eba67ecee2e990c37c,1366326,autoland,ContentfulSpeedIndex,True,microsoft ContentfulSpeedIndex opt fission warm webrender,,77,ms,firefox,False,|f|i|s|s|i|o|n| |w|a|r|m| |w|e|b|r|e|n|d|e|r|,,3776889,13,9b3df14599f65e991e2c4a5eaba7ebe76c85b8c3,102210fe594ee9b33d82058545b1ed14f4c8206e,linux1804-64-shippable-qr,microsoft,True,,,,,,,,,,,,,,,,,,,,,,,,,,,,,,,,,,,,,,,,,,,,,,,,,,TN,,,,,,,,,,
444650126.0,1832326742,2024-01-25 20:51:29,212.9,5da1e842ef70c74d8ed72128e460f75b633fae95,1366564,autoland,ContentfulSpeedIndex,True,microsoft ContentfulSpeedIndex opt fission warm webrender,,77,ms,firefox,False,|f|i|s|s|i|o|n| |w|a|r|m| |w|e|b|r|e|n|d|e|r|,,3776889,13,9b3df14599f65e991e2c4a5eaba7ebe76c85b8c3,102210fe594ee9b33d82058545b1ed14f4c8206e,linux1804-64-shippable-qr,microsoft,True,,,,,,,,,,,,,,,,,,,,,,,,,,,,,,,,,,,,,,,,,,,,,,,,,,TN,,,,,,,,,,
444740129.0,1832700593,2024-01-26 11:04:34,217.1,18f5823716e4c35d7c899d2ce4be7fcd66cab9d0,1366921,autoland,ContentfulSpeedIndex,True,microsoft ContentfulSpeedIndex opt fission warm webrender,,77,ms,firefox,False,|f|i|s|s|i|o|n| |w|a|r|m| |w|e|b|r|e|n|d|e|r|,,3776889,13,9b3df14599f65e991e2c4a5eaba7ebe76c85b8c3,102210fe594ee9b33d82058545b1ed14f4c8206e,linux1804-64-shippable-qr,microsoft,True,,,,,,,,,,,,,,,,,,,,,,,,,,,,,,,,,,,,,,,,,,,,,,,,,,TN,,,,,,,,,,
444785412.0,1832955016,2024-01-26 15:49:43,220.6,19005661ad786853d186a7d3434e6c290bccaa95,1367044,autoland,ContentfulSpeedIndex,True,microsoft ContentfulSpeedIndex opt fission warm webrender,,77,ms,firefox,False,|f|i|s|s|i|o|n| |w|a|r|m| |w|e|b|r|e|n|d|e|r|,,3776889,13,9b3df14599f65e991e2c4a5eaba7ebe76c85b8c3,102210fe594ee9b33d82058545b1ed14f4c8206e,linux1804-64-shippable-qr,microsoft,True,,,,,,,,,,,,,,,,,,,,,,,,,,,,,,,,,,,,,,,,,,,,,,,,,,TN,,,,,,,,,,
444784976.0,1832938509,2024-01-26 15:52:38,208.2,4641c3dcf0c3cfbdc8976f2fcc6898107149e19e,1367050,autoland,ContentfulSpeedIndex,True,microsoft ContentfulSpeedIndex opt fission warm webrender,,77,ms,firefox,False,|f|i|s|s|i|o|n| |w|a|r|m| |w|e|b|r|e|n|d|e|r|,,3776889,13,9b3df14599f65e991e2c4a5eaba7ebe76c85b8c3,102210fe594ee9b33d82058545b1ed14f4c8206e,linux1804-64-shippable-qr,microsoft,True,,,,,,,,,,,,,,,,,,,,,,,,,,,,,,,,,,,,,,,,,,,,,,,,,,TN,,,,,,,,,,
444810715.0,1833090648,2024-01-26 20:02:47,217.4,38fb47dac16804e3d5c8211277f084198e43de88,1367207,autoland,ContentfulSpeedIndex,True,microsoft ContentfulSpeedIndex opt fission warm webrender,,77,ms,firefox,False,|f|i|s|s|i|o|n| |w|a|r|m| |w|e|b|r|e|n|d|e|r|,,3776889,13,9b3df14599f65e991e2c4a5eaba7ebe76c85b8c3,102210fe594ee9b33d82058545b1ed14f4c8206e,linux1804-64-shippable-qr,microsoft,True,,,,,,,,,,,,,,,,,,,,,,,,,,,,,,,,,,,,,,,,,,,,,,,,,,TN,,,,,,,,,,
444816426.0,1833135369,2024-01-26 20:05:08,206.1,ac4906fa040ce76ad5ea8f73caf83045f291b613,1367213,autoland,ContentfulSpeedIndex,True,microsoft ContentfulSpeedIndex opt fission warm webrender,,77,ms,firefox,False,|f|i|s|s|i|o|n| |w|a|r|m| |w|e|b|r|e|n|d|e|r|,,3776889,13,9b3df14599f65e991e2c4a5eaba7ebe76c85b8c3,102210fe594ee9b33d82058545b1ed14f4c8206e,linux1804-64-shippable-qr,microsoft,True,,,,,,,,,,,,,,,,,,,,,,,,,,,,,,,,,,,,,,,,,,,,,,,,,,TN,,,,,,,,,,
444835916.0,1833238316,2024-01-27 00:32:58,221.5,99babcb9f349f4d91fe26290269d9d25fc1bbd04,1367362,autoland,ContentfulSpeedIndex,True,microsoft ContentfulSpeedIndex opt fission warm webrender,,77,ms,firefox,False,|f|i|s|s|i|o|n| |w|a|r|m| |w|e|b|r|e|n|d|e|r|,,3776889,13,9b3df14599f65e991e2c4a5eaba7ebe76c85b8c3,102210fe594ee9b33d82058545b1ed14f4c8206e,linux1804-64-shippable-qr,microsoft,True,,,,,,,,,,,,,,,,,,,,,,,,,,,,,,,,,,,,,,,,,,,,,,,,,,TN,,,,,,,,,,
444846600.0,1833401507,2024-01-27 06:05:38,222.4,1e79d9e65ec0577bb7d698c86edc6f35b4f92ce8,1367422,autoland,ContentfulSpeedIndex,True,microsoft ContentfulSpeedIndex opt fission warm webrender,,77,ms,firefox,False,|f|i|s|s|i|o|n| |w|a|r|m| |w|e|b|r|e|n|d|e|r|,,3776889,13,9b3df14599f65e991e2c4a5eaba7ebe76c85b8c3,102210fe594ee9b33d82058545b1ed14f4c8206e,linux1804-64-shippable-qr,microsoft,True,,,,,,,,,,,,,,,,,,,,,,,,,,,,,,,,,,,,,,,,,,,,,,,,,,TN,,,,,,,,,,
444879388.0,1833593327,2024-01-27 14:01:44,217.2,09a1abcfcfb73aa1ae9781d2816102729c0f82a6,1367473,autoland,ContentfulSpeedIndex,True,microsoft ContentfulSpeedIndex opt fission warm webrender,,77,ms,firefox,False,|f|i|s|s|i|o|n| |w|a|r|m| |w|e|b|r|e|n|d|e|r|,,3776889,13,9b3df14599f65e991e2c4a5eaba7ebe76c85b8c3,102210fe594ee9b33d82058545b1ed14f4c8206e,linux1804-64-shippable-qr,microsoft,True,,,,,,,,,,,,,,,,,,,,,,,,,,,,,,,,,,,,,,,,,,,,,,,,,,TN,,,,,,,,,,
444900212.0,1833727237,2024-01-28 01:17:56,211.2,2e376c0d1662606cf6811ab3ff138b784d465291,1367530,autoland,ContentfulSpeedIndex,True,microsoft ContentfulSpeedIndex opt fission warm webrender,,77,ms,firefox,False,|f|i|s|s|i|o|n| |w|a|r|m| |w|e|b|r|e|n|d|e|r|,,3776889,13,9b3df14599f65e991e2c4a5eaba7ebe76c85b8c3,102210fe594ee9b33d82058545b1ed14f4c8206e,linux1804-64-shippable-qr,microsoft,True,,,,,,,,,,,,,,,,,,,,,,,,,,,,,,,,,,,,,,,,,,,,,,,,,,TN,,,,,,,,,,
444948277.0,1833997834,2024-01-28 06:00:30,217.9,0f372a16b1e1e959f46701e4210f6a6eaf4e40ec,1367545,autoland,ContentfulSpeedIndex,True,microsoft ContentfulSpeedIndex opt fission warm webrender,,77,ms,firefox,False,|f|i|s|s|i|o|n| |w|a|r|m| |w|e|b|r|e|n|d|e|r|,,3776889,13,9b3df14599f65e991e2c4a5eaba7ebe76c85b8c3,102210fe594ee9b33d82058545b1ed14f4c8206e,linux1804-64-shippable-qr,microsoft,True,,,,,,,,,,,,,,,,,,,,,,,,,,,,,,,,,,,,,,,,,,,,,,,,,,TN,,,,,,,,,,
444928188.0,1833896266,2024-01-28 10:01:02,216.4,9b32d8116833ab08f4e3f0b18c12587ac1f9360b,1367556,autoland,ContentfulSpeedIndex,True,microsoft ContentfulSpeedIndex opt fission warm webrender,,77,ms,firefox,False,|f|i|s|s|i|o|n| |w|a|r|m| |w|e|b|r|e|n|d|e|r|,,3776889,13,9b3df14599f65e991e2c4a5eaba7ebe76c85b8c3,102210fe594ee9b33d82058545b1ed14f4c8206e,linux1804-64-shippable-qr,microsoft,True,,,,,,,,,,,,,,,,,,,,,,,,,,,,,,,,,,,,,,,,,,,,,,,,,,TN,,,,,,,,,,
444950155.0,1834005311,2024-01-28 14:31:15,213.4,13780f5cb2f5d698f35a23f2fafa1593ef7affe9,1367584,autoland,ContentfulSpeedIndex,True,microsoft ContentfulSpeedIndex opt fission warm webrender,,77,ms,firefox,False,|f|i|s|s|i|o|n| |w|a|r|m| |w|e|b|r|e|n|d|e|r|,,3776889,13,9b3df14599f65e991e2c4a5eaba7ebe76c85b8c3,102210fe594ee9b33d82058545b1ed14f4c8206e,linux1804-64-shippable-qr,microsoft,True,,,,,,,,,,,,,,,,,,,,,,,,,,,,,,,,,,,,,,,,,,,,,,,,,,TN,,,,,,,,,,
444970163.0,1834103931,2024-01-29 01:40:26,217.9,852acff05fb8be21502af8fc12cceeb2baa70dd7,1367631,autoland,ContentfulSpeedIndex,True,microsoft ContentfulSpeedIndex opt fission warm webrender,,77,ms,firefox,False,|f|i|s|s|i|o|n| |w|a|r|m| |w|e|b|r|e|n|d|e|r|,,3776889,13,9b3df14599f65e991e2c4a5eaba7ebe76c85b8c3,102210fe594ee9b33d82058545b1ed14f4c8206e,linux1804-64-shippable-qr,microsoft,True,,,,,,,,,,,,,,,,,,,,,,,,,,,,,,,,,,,,,,,,,,,,,,,,,,TN,,,,,,,,,,
445020428.0,1834327372,2024-01-29 10:50:01,214.4,fce9e73861891da48d1a0b85240491fa3e042f8b,1367743,autoland,ContentfulSpeedIndex,True,microsoft ContentfulSpeedIndex opt fission warm webrender,,77,ms,firefox,False,|f|i|s|s|i|o|n| |w|a|r|m| |w|e|b|r|e|n|d|e|r|,,3776889,13,9b3df14599f65e991e2c4a5eaba7ebe76c85b8c3,102210fe594ee9b33d82058545b1ed14f4c8206e,linux1804-64-shippable-qr,microsoft,True,,,,,,,,,,,,,,,,,,,,,,,,,,,,,,,,,,,,,,,,,,,,,,,,,,TN,,,,,,,,,,
445062078.0,1834487123,2024-01-29 14:53:09,213.1,97de3c8a7931e01c1a1c1cf6ac90a580607b77c9,1367876,autoland,ContentfulSpeedIndex,True,microsoft ContentfulSpeedIndex opt fission warm webrender,,77,ms,firefox,False,|f|i|s|s|i|o|n| |w|a|r|m| |w|e|b|r|e|n|d|e|r|,,3776889,13,9b3df14599f65e991e2c4a5eaba7ebe76c85b8c3,102210fe594ee9b33d82058545b1ed14f4c8206e,linux1804-64-shippable-qr,microsoft,True,,,,,,,,,,,,,,,,,,,,,,,,,,,,,,,,,,,,,,,,,,,,,,,,,,TN,,,,,,,,,,
445044179.0,1834423627,2024-01-29 14:59:33,214.2,8e91f5176c0f6e1689a893ed34d5046dbbd1122e,1367883,autoland,ContentfulSpeedIndex,True,microsoft ContentfulSpeedIndex opt fission warm webrender,,77,ms,firefox,False,|f|i|s|s|i|o|n| |w|a|r|m| |w|e|b|r|e|n|d|e|r|,,3776889,13,9b3df14599f65e991e2c4a5eaba7ebe76c85b8c3,102210fe594ee9b33d82058545b1ed14f4c8206e,linux1804-64-shippable-qr,microsoft,True,,,,,,,,,,,,,,,,,,,,,,,,,,,,,,,,,,,,,,,,,,,,,,,,,,TN,,,,,,,,,,
445073863.0,1834550853,2024-01-29 17:46:45,211.9,8913eab3409d19e1cf1a2c19f256256c293b3154,1368035,autoland,ContentfulSpeedIndex,True,microsoft ContentfulSpeedIndex opt fission warm webrender,,77,ms,firefox,False,|f|i|s|s|i|o|n| |w|a|r|m| |w|e|b|r|e|n|d|e|r|,,3776889,13,9b3df14599f65e991e2c4a5eaba7ebe76c85b8c3,102210fe594ee9b33d82058545b1ed14f4c8206e,linux1804-64-shippable-qr,microsoft,True,,,,,,,,,,,,,,,,,,,,,,,,,,,,,,,,,,,,,,,,,,,,,,,,,,TN,,,,,,,,,,
445099381.0,1834678950,2024-01-29 21:21:15,215.8,57a27d8b6d2a7f1f5c1ec710e4a09422fb9c05e1,1368229,autoland,ContentfulSpeedIndex,True,microsoft ContentfulSpeedIndex opt fission warm webrender,,77,ms,firefox,False,|f|i|s|s|i|o|n| |w|a|r|m| |w|e|b|r|e|n|d|e|r|,,3776889,13,9b3df14599f65e991e2c4a5eaba7ebe76c85b8c3,102210fe594ee9b33d82058545b1ed14f4c8206e,linux1804-64-shippable-qr,microsoft,True,,,,,,,,,,,,,,,,,,,,,,,,,,,,,,,,,,,,,,,,,,,,,,,,,,TN,,,,,,,,,,
445124115.0,1834782675,2024-01-29 23:10:28,213.0,b762b1918611946f2efce40512efc3b9e5dffeb4,1368268,autoland,ContentfulSpeedIndex,True,microsoft ContentfulSpeedIndex opt fission warm webrender,,77,ms,firefox,False,|f|i|s|s|i|o|n| |w|a|r|m| |w|e|b|r|e|n|d|e|r|,,3776889,13,9b3df14599f65e991e2c4a5eaba7ebe76c85b8c3,102210fe594ee9b33d82058545b1ed14f4c8206e,linux1804-64-shippable-qr,microsoft,True,,,,,,,,,,,,,,,,,,,,,,,,,,,,,,,,,,,,,,,,,,,,,,,,,,TN,,,,,,,,,,
445127109.0,1834820036,2024-01-29 23:11:10,214.2,cf44126862404cba2f62cb4052b457b4a17052c2,1368269,autoland,ContentfulSpeedIndex,True,microsoft ContentfulSpeedIndex opt fission warm webrender,,77,ms,firefox,False,|f|i|s|s|i|o|n| |w|a|r|m| |w|e|b|r|e|n|d|e|r|,,3776889,13,9b3df14599f65e991e2c4a5eaba7ebe76c85b8c3,102210fe594ee9b33d82058545b1ed14f4c8206e,linux1804-64-shippable-qr,microsoft,True,,,,,,,,,,,,,,,,,,,,,,,,,,,,,,,,,,,,,,,,,,,,,,,,,,TN,,,,,,,,,,
445115181.0,1834739347,2024-01-30 01:21:53,211.4,265910d5bfe79cc856e1c18d9e403fed38ee5a79,1368286,autoland,ContentfulSpeedIndex,True,microsoft ContentfulSpeedIndex opt fission warm webrender,,77,ms,firefox,False,|f|i|s|s|i|o|n| |w|a|r|m| |w|e|b|r|e|n|d|e|r|,,3776889,13,9b3df14599f65e991e2c4a5eaba7ebe76c85b8c3,102210fe594ee9b33d82058545b1ed14f4c8206e,linux1804-64-shippable-qr,microsoft,True,,,,,,,,,,,,,,,,,,,,,,,,,,,,,,,,,,,,,,,,,,,,,,,,,,TN,,,,,,,,,,
445291336.0,1835808353,2024-01-30 02:38:36,208.4,ab57d25172caf6ccb530b4064f03630a54325d5d,1368358,autoland,ContentfulSpeedIndex,True,microsoft ContentfulSpeedIndex opt fission warm webrender,,77,ms,firefox,False,|f|i|s|s|i|o|n| |w|a|r|m| |w|e|b|r|e|n|d|e|r|,,3776889,13,9b3df14599f65e991e2c4a5eaba7ebe76c85b8c3,102210fe594ee9b33d82058545b1ed14f4c8206e,linux1804-64-shippable-qr,microsoft,True,,,,,,,,,,,,,,,,,,,,,,,,,,,,,,,,,,,,,,,,,,,,,,,,,,TN,,,,,,,,,,
445291409.0,1835824835,2024-01-30 02:48:40,217.8,5d6eda16e0084bfea54586bd3a7cecf7c6a2c86b,1368362,autoland,ContentfulSpeedIndex,True,microsoft ContentfulSpeedIndex opt fission warm webrender,,77,ms,firefox,False,|f|i|s|s|i|o|n| |w|a|r|m| |w|e|b|r|e|n|d|e|r|,,3776889,13,9b3df14599f65e991e2c4a5eaba7ebe76c85b8c3,102210fe594ee9b33d82058545b1ed14f4c8206e,linux1804-64-shippable-qr,microsoft,True,,,,,,,,,,,,,,,,,,,,,,,,,,,,,,,,,,,,,,,,,,,,,,,,,,TN,,,,,,,,,,
445188616.0,1835388928,2024-01-30 13:09:07,220.3,a9528d76a91bc50db12b4a18830536bb25a6e378,1368599,autoland,ContentfulSpeedIndex,True,microsoft ContentfulSpeedIndex opt fission warm webrender,,77,ms,firefox,False,|f|i|s|s|i|o|n| |w|a|r|m| |w|e|b|r|e|n|d|e|r|,,3776889,13,9b3df14599f65e991e2c4a5eaba7ebe76c85b8c3,102210fe594ee9b33d82058545b1ed14f4c8206e,linux1804-64-shippable-qr,microsoft,True,,,,,,,,,,,,,,,,,,,,,,,,,,,,,,,,,,,,,,,,,,,,,,,,,,TN,,,,,,,,,,
445186156.0,1835266856,2024-01-30 13:14:31,211.3,91338712d82fcf42896cfc451e6341a5b95963b8,1368603,autoland,ContentfulSpeedIndex,True,microsoft ContentfulSpeedIndex opt fission warm webrender,,77,ms,firefox,False,|f|i|s|s|i|o|n| |w|a|r|m| |w|e|b|r|e|n|d|e|r|,,3776889,13,9b3df14599f65e991e2c4a5eaba7ebe76c85b8c3,102210fe594ee9b33d82058545b1ed14f4c8206e,linux1804-64-shippable-qr,microsoft,True,,,,,,,,,,,,,,,,,,,,,,,,,,,,,,,,,,,,,,,,,,,,,,,,,,TN,,,,,,,,,,
445283147.0,1835720700,2024-01-30 13:22:04,219.5,5eb08718b0d730bce22d08716392a14c090bbc8c,1368619,autoland,ContentfulSpeedIndex,True,microsoft ContentfulSpeedIndex opt fission warm webrender,,77,ms,firefox,False,|f|i|s|s|i|o|n| |w|a|r|m| |w|e|b|r|e|n|d|e|r|,,3776889,13,9b3df14599f65e991e2c4a5eaba7ebe76c85b8c3,102210fe594ee9b33d82058545b1ed14f4c8206e,linux1804-64-shippable-qr,microsoft,True,,,,,,,,,,,,,,,,,,,,,,,,,,,,,,,,,,,,,,,,,,,,,,,,,,TN,,,,,,,,,,
445291036.0,1835768929,2024-01-30 13:22:56,205.2,303334fc1459c8674765c0b5561251b283be50b9,1368620,autoland,ContentfulSpeedIndex,True,microsoft ContentfulSpeedIndex opt fission warm webrender,,77,ms,firefox,False,|f|i|s|s|i|o|n| |w|a|r|m| |w|e|b|r|e|n|d|e|r|,,3776889,13,9b3df14599f65e991e2c4a5eaba7ebe76c85b8c3,102210fe594ee9b33d82058545b1ed14f4c8206e,linux1804-64-shippable-qr,microsoft,True,,,,,,,,,,,,,,,,,,,,,,,,,,,,,,,,,,,,,,,,,,,,,,,,,,TN,,,,,,,,,,
445200945.0,1835412837,2024-01-30 14:29:15,212.0,1ac69623ae79a621c0035377f0841b1ba83070c1,1368655,autoland,ContentfulSpeedIndex,True,microsoft ContentfulSpeedIndex opt fission warm webrender,,77,ms,firefox,False,|f|i|s|s|i|o|n| |w|a|r|m| |w|e|b|r|e|n|d|e|r|,,3776889,13,9b3df14599f65e991e2c4a5eaba7ebe76c85b8c3,102210fe594ee9b33d82058545b1ed14f4c8206e,linux1804-64-shippable-qr,microsoft,True,,,,,,,,,,,,,,,,,,,,,,,,,,,,,,,,,,,,,,,,,,,,,,,,,,TN,,,,,,,,,,
445237395.0,1835507235,2024-01-30 18:56:21,215.9,a3dd43748dcdec6a27a5c140bfd611d463cd9acf,1368858,autoland,ContentfulSpeedIndex,True,microsoft ContentfulSpeedIndex opt fission warm webrender,,77,ms,firefox,False,|f|i|s|s|i|o|n| |w|a|r|m| |w|e|b|r|e|n|d|e|r|,,3776889,13,9b3df14599f65e991e2c4a5eaba7ebe76c85b8c3,102210fe594ee9b33d82058545b1ed14f4c8206e,linux1804-64-shippable-qr,microsoft,True,,,,,,,,,,,,,,,,,,,,,,,,,,,,,,,,,,,,,,,,,,,,,,,,,,TN,,,,,,,,,,
445248634.0,1835536502,2024-01-30 20:08:25,207.0,06b0ce1a9748e18deb48466efed01c1f5a8ff984,1368918,autoland,ContentfulSpeedIndex,True,microsoft ContentfulSpeedIndex opt fission warm webrender,,77,ms,firefox,False,|f|i|s|s|i|o|n| |w|a|r|m| |w|e|b|r|e|n|d|e|r|,,3776889,13,9b3df14599f65e991e2c4a5eaba7ebe76c85b8c3,102210fe594ee9b33d82058545b1ed14f4c8206e,linux1804-64-shippable-qr,microsoft,True,,,,,,,,,,,,,,,,,,,,,,,,,,,,,,,,,,,,,,,,,,,,,,,,,,TN,,,,,,,,,,
445291170.0,1835788633,2024-01-30 20:13:45,214.1,63688f915f53e04177a572d08a5064a8a019c0ba,1368925,autoland,ContentfulSpeedIndex,True,microsoft ContentfulSpeedIndex opt fission warm webrender,,77,ms,firefox,False,|f|i|s|s|i|o|n| |w|a|r|m| |w|e|b|r|e|n|d|e|r|,,3776889,13,9b3df14599f65e991e2c4a5eaba7ebe76c85b8c3,102210fe594ee9b33d82058545b1ed14f4c8206e,linux1804-64-shippable-qr,microsoft,True,,,,,,,,,,,,,,,,,,,,,,,,,,,,,,,,,,,,,,,,,,,,,,,,,,TN,,,,,,,,,,
445290872.0,1835761773,2024-01-30 20:14:27,217.0,e2dede5cbdb79929f778f477a6c8b412f31ea798,1368926,autoland,ContentfulSpeedIndex,True,microsoft ContentfulSpeedIndex opt fission warm webrender,,77,ms,firefox,False,|f|i|s|s|i|o|n| |w|a|r|m| |w|e|b|r|e|n|d|e|r|,,3776889,13,9b3df14599f65e991e2c4a5eaba7ebe76c85b8c3,102210fe594ee9b33d82058545b1ed14f4c8206e,linux1804-64-shippable-qr,microsoft,True,,,,,,,,,,,,,,,,,,,,,,,,,,,,,,,,,,,,,,,,,,,,,,,,,,TN,,,,,,,,,,
445280153.0,1835686445,2024-01-31 00:31:01,219.1,e35109546c3cb0f5957a604c27f5f1dd2b7f81c0,1369086,autoland,ContentfulSpeedIndex,True,microsoft ContentfulSpeedIndex opt fission warm webrender,,77,ms,firefox,False,|f|i|s|s|i|o|n| |w|a|r|m| |w|e|b|r|e|n|d|e|r|,,3776889,13,9b3df14599f65e991e2c4a5eaba7ebe76c85b8c3,102210fe594ee9b33d82058545b1ed14f4c8206e,linux1804-64-shippable-qr,microsoft,True,,,,,,,,,,,,,,,,,,,,,,,,,,,,,,,,,,,,,,,,,,,,,,,,,,TN,,,,,,,,,,
445276984.0,1835675896,2024-01-31 00:32:30,219.0,2cac2f68bfdcfc9012c537044bc475f076bda7b0,1369088,autoland,ContentfulSpeedIndex,True,microsoft ContentfulSpeedIndex opt fission warm webrender,,77,ms,firefox,False,|f|i|s|s|i|o|n| |w|a|r|m| |w|e|b|r|e|n|d|e|r|,,3776889,13,9b3df14599f65e991e2c4a5eaba7ebe76c85b8c3,102210fe594ee9b33d82058545b1ed14f4c8206e,linux1804-64-shippable-qr,microsoft,True,,,,,,,,,,,,,,,,,,,,,,,,,,,,,,,,,,,,,,,,,,,,,,,,,,TN,,,,,,,,,,
445447068.0,1836490134,2024-01-31 02:25:46,209.7,4bad0524f4b8414b9df64413ea27b7af4ec48644,1369133,autoland,ContentfulSpeedIndex,True,microsoft ContentfulSpeedIndex opt fission warm webrender,,77,ms,firefox,False,|f|i|s|s|i|o|n| |w|a|r|m| |w|e|b|r|e|n|d|e|r|,,3776889,13,9b3df14599f65e991e2c4a5eaba7ebe76c85b8c3,102210fe594ee9b33d82058545b1ed14f4c8206e,linux1804-64-shippable-qr,microsoft,True,,,,,,,,,,,,,,,,,,,,,,,,,,,,,,,,,,,,,,,,,,,,,,,,,,TN,,,,,,,,,,
445454318.0,1836585148,2024-01-31 02:44:42,223.6,6c256fa0d22a5793a40b8ab6aafb34d0dd55cffb,1369143,autoland,ContentfulSpeedIndex,True,microsoft ContentfulSpeedIndex opt fission warm webrender,,77,ms,firefox,False,|f|i|s|s|i|o|n| |w|a|r|m| |w|e|b|r|e|n|d|e|r|,,3776889,13,9b3df14599f65e991e2c4a5eaba7ebe76c85b8c3,102210fe594ee9b33d82058545b1ed14f4c8206e,linux1804-64-shippable-qr,microsoft,True,,,,,,,,,,,,,,,,,,,,,,,,,,,,,,,,,,,,,,,,,,,,,,,,,,TN,,,,,,,,,,
445293697.0,1835864056,2024-01-31 05:59:52,213.0,5f6f60ae2125dc46d98b4b9276bce2d562d1f1bf,1369182,autoland,ContentfulSpeedIndex,True,microsoft ContentfulSpeedIndex opt fission warm webrender,,77,ms,firefox,False,|f|i|s|s|i|o|n| |w|a|r|m| |w|e|b|r|e|n|d|e|r|,,3776889,13,9b3df14599f65e991e2c4a5eaba7ebe76c85b8c3,102210fe594ee9b33d82058545b1ed14f4c8206e,linux1804-64-shippable-qr,microsoft,True,,,,,,,,,,,,,,,,,,,,,,,,,,,,,,,,,,,,,,,,,,,,,,,,,,TN,,,,,,,,,,
445320475.0,1835968537,2024-01-31 10:01:40,214.4,201f8fe705d53181047778d1c0722017bab79e95,1369265,autoland,ContentfulSpeedIndex,True,microsoft ContentfulSpeedIndex opt fission warm webrender,,77,ms,firefox,False,|f|i|s|s|i|o|n| |w|a|r|m| |w|e|b|r|e|n|d|e|r|,,3776889,13,9b3df14599f65e991e2c4a5eaba7ebe76c85b8c3,102210fe594ee9b33d82058545b1ed14f4c8206e,linux1804-64-shippable-qr,microsoft,True,,,,,,,,,,,,,,,,,,,,,,,,,,,,,,,,,,,,,,,,,,,,,,,,,,TN,,,,,,,,,,
445346779.0,1836027609,2024-01-31 13:01:30,207.1,5e52e144df4112277cfdda903747f83f1f147385,1369309,autoland,ContentfulSpeedIndex,True,microsoft ContentfulSpeedIndex opt fission warm webrender,,77,ms,firefox,False,|f|i|s|s|i|o|n| |w|a|r|m| |w|e|b|r|e|n|d|e|r|,,3776889,13,9b3df14599f65e991e2c4a5eaba7ebe76c85b8c3,102210fe594ee9b33d82058545b1ed14f4c8206e,linux1804-64-shippable-qr,microsoft,True,,,,,,,,,,,,,,,,,,,,,,,,,,,,,,,,,,,,,,,,,,,,,,,,,,TN,,,,,,,,,,
445453422.0,1836564599,2024-01-31 15:58:13,211.3,b7dab3b0d3f470193a71c5bea19ee5fbaa6530f1,1369399,autoland,ContentfulSpeedIndex,True,microsoft ContentfulSpeedIndex opt fission warm webrender,,77,ms,firefox,False,|f|i|s|s|i|o|n| |w|a|r|m| |w|e|b|r|e|n|d|e|r|,,3776889,13,9b3df14599f65e991e2c4a5eaba7ebe76c85b8c3,102210fe594ee9b33d82058545b1ed14f4c8206e,linux1804-64-shippable-qr,microsoft,True,,,,,,,,,,,,,,,,,,,,,,,,,,,,,,,,,,,,,,,,,,,,,,,,,,TN,,,,,,,,,,
445446814.0,1836459533,2024-01-31 16:10:27,215.7,e5ffa1d00efcd98c1b4b7d4587f0ba8ea89a0db2,1369414,autoland,ContentfulSpeedIndex,True,microsoft ContentfulSpeedIndex opt fission warm webrender,,77,ms,firefox,False,|f|i|s|s|i|o|n| |w|a|r|m| |w|e|b|r|e|n|d|e|r|,,3776889,13,9b3df14599f65e991e2c4a5eaba7ebe76c85b8c3,102210fe594ee9b33d82058545b1ed14f4c8206e,linux1804-64-shippable-qr,microsoft,True,,,,,,,,,,,,,,,,,,,,,,,,,,,,,,,,,,,,,,,,,,,,,,,,,,TN,,,,,,,,,,
445387020.0,1836180070,2024-01-31 17:27:18,222.4,a0bd6c4162065e8caa2b60ce8082f77d53221fb7,1369495,autoland,ContentfulSpeedIndex,True,microsoft ContentfulSpeedIndex opt fission warm webrender,,77,ms,firefox,False,|f|i|s|s|i|o|n| |w|a|r|m| |w|e|b|r|e|n|d|e|r|,,3776889,13,9b3df14599f65e991e2c4a5eaba7ebe76c85b8c3,102210fe594ee9b33d82058545b1ed14f4c8206e,linux1804-64-shippable-qr,microsoft,True,,,,,,,,,,,,,,,,,,,,,,,,,,,,,,,,,,,,,,,,,,,,,,,,,,TN,,,,,,,,,,
445457357.0,1836600616,2024-01-31 18:16:51,219.2,51cfd5dc22d96a1bf9482904157e76f085fa7da7,1369525,autoland,ContentfulSpeedIndex,True,microsoft ContentfulSpeedIndex opt fission warm webrender,,77,ms,firefox,False,|f|i|s|s|i|o|n| |w|a|r|m| |w|e|b|r|e|n|d|e|r|,,3776889,13,9b3df14599f65e991e2c4a5eaba7ebe76c85b8c3,102210fe594ee9b33d82058545b1ed14f4c8206e,linux1804-64-shippable-qr,microsoft,True,,,,,,,,,,,,,,,,,,,,,,,,,,,,,,,,,,,,,,,,,,,,,,,,,,TN,,,,,,,,,,
445446917.0,1836475354,2024-01-31 18:17:34,221.9,e0dd05f7816f3194d0a0a1d44ea0ebc55454b442,1369526,autoland,ContentfulSpeedIndex,True,microsoft ContentfulSpeedIndex opt fission warm webrender,,77,ms,firefox,False,|f|i|s|s|i|o|n| |w|a|r|m| |w|e|b|r|e|n|d|e|r|,,3776889,13,9b3df14599f65e991e2c4a5eaba7ebe76c85b8c3,102210fe594ee9b33d82058545b1ed14f4c8206e,linux1804-64-shippable-qr,microsoft,True,,,,,,,,,,,,,,,,,,,,,,,,,,,,,,,,,,,,,,,,,,,,,,,,,,TN,,,,,,,,,,
445446976.0,1836482191,2024-01-31 18:17:34,215.7,e0dd05f7816f3194d0a0a1d44ea0ebc55454b442,1369526,autoland,ContentfulSpeedIndex,True,microsoft ContentfulSpeedIndex opt fission warm webrender,,77,ms,firefox,False,|f|i|s|s|i|o|n| |w|a|r|m| |w|e|b|r|e|n|d|e|r|,,3776889,13,9b3df14599f65e991e2c4a5eaba7ebe76c85b8c3,102210fe594ee9b33d82058545b1ed14f4c8206e,linux1804-64-shippable-qr,microsoft,True,,,,,,,,,,,,,,,,,,,,,,,,,,,,,,,,,,,,,,,,,,,,,,,,,,TN,,,,,,,,,,
445454023.0,1836578559,2024-01-31 18:24:40,206.9,79a0d8770b55cb81f688dd50a56f2c84295b70f2,1369535,autoland,ContentfulSpeedIndex,True,microsoft ContentfulSpeedIndex opt fission warm webrender,,77,ms,firefox,False,|f|i|s|s|i|o|n| |w|a|r|m| |w|e|b|r|e|n|d|e|r|,,3776889,13,9b3df14599f65e991e2c4a5eaba7ebe76c85b8c3,102210fe594ee9b33d82058545b1ed14f4c8206e,linux1804-64-shippable-qr,microsoft,True,,,,,,,,,,,,,,,,,,,,,,,,,,,,,,,,,,,,,,,,,,,,,,,,,,TN,,,,,,,,,,
445398189.0,1836218705,2024-01-31 18:39:44,226.8,6bfab7427c326136417b187f0df7a7c63528daa3,1369546,autoland,ContentfulSpeedIndex,True,microsoft ContentfulSpeedIndex opt fission warm webrender,,77,ms,firefox,False,|f|i|s|s|i|o|n| |w|a|r|m| |w|e|b|r|e|n|d|e|r|,,3776889,13,9b3df14599f65e991e2c4a5eaba7ebe76c85b8c3,102210fe594ee9b33d82058545b1ed14f4c8206e,linux1804-64-shippable-qr,microsoft,True,,,,,,,,,,,,,,,,,,,,,,,,,,,,,,,,,,,,,,,,,,,,,,,,,,TN,,,,,,,,,,
445429559.0,1836364572,2024-01-31 21:40:54,214.3,2ee5ce9b3c67b7e972b0dff7348ea32cb570880e,1369676,autoland,ContentfulSpeedIndex,True,microsoft ContentfulSpeedIndex opt fission warm webrender,,77,ms,firefox,False,|f|i|s|s|i|o|n| |w|a|r|m| |w|e|b|r|e|n|d|e|r|,,3776889,13,9b3df14599f65e991e2c4a5eaba7ebe76c85b8c3,102210fe594ee9b33d82058545b1ed14f4c8206e,linux1804-64-shippable-qr,microsoft,True,,,,,,,,,,,,,,,,,,,,,,,,,,,,,,,,,,,,,,,,,,,,,,,,,,TN,,,,,,,,,,
445446001.0,1836447411,2024-02-01 02:14:37,212.6,6db2a1e04f4120175d3aad9831795823a4269aab,1369822,autoland,ContentfulSpeedIndex,True,microsoft ContentfulSpeedIndex opt fission warm webrender,,77,ms,firefox,False,|f|i|s|s|i|o|n| |w|a|r|m| |w|e|b|r|e|n|d|e|r|,,3776889,13,9b3df14599f65e991e2c4a5eaba7ebe76c85b8c3,102210fe594ee9b33d82058545b1ed14f4c8206e,linux1804-64-shippable-qr,microsoft,True,,,,,,,,,,,,,,,,,,,,,,,,,,,,,,,,,,,,,,,,,,,,,,,,,,TN,,,,,,,,,,
445463316.0,1836613740,2024-02-01 06:47:17,209.9,959c3318d5c3f3881746455c2c584be49bb179b6,1369862,autoland,ContentfulSpeedIndex,True,microsoft ContentfulSpeedIndex opt fission warm webrender,,77,ms,firefox,False,|f|i|s|s|i|o|n| |w|a|r|m| |w|e|b|r|e|n|d|e|r|,,3776889,13,9b3df14599f65e991e2c4a5eaba7ebe76c85b8c3,102210fe594ee9b33d82058545b1ed14f4c8206e,linux1804-64-shippable-qr,microsoft,True,,,,,,,,,,,,,,,,,,,,,,,,,,,,,,,,,,,,,,,,,,,,,,,,,,TN,,,,,,,,,,
445496686.0,1836776082,2024-02-01 11:14:36,212.9,a6957fa936149dccf133bd99e165c5879c2cb4d5,1370007,autoland,ContentfulSpeedIndex,True,microsoft ContentfulSpeedIndex opt fission warm webrender,,77,ms,firefox,False,|f|i|s|s|i|o|n| |w|a|r|m| |w|e|b|r|e|n|d|e|r|,,3776889,13,9b3df14599f65e991e2c4a5eaba7ebe76c85b8c3,102210fe594ee9b33d82058545b1ed14f4c8206e,linux1804-64-shippable-qr,microsoft,True,,,,,,,,,,,,,,,,,,,,,,,,,,,,,,,,,,,,,,,,,,,,,,,,,,TN,,,,,,,,,,
445520694.0,1837148229,2024-02-01 13:09:51,211.3,93a67689b8581caaa6d429ea7105abf0dc55e98f,1370065,autoland,ContentfulSpeedIndex,True,microsoft ContentfulSpeedIndex opt fission warm webrender,,77,ms,firefox,False,|f|i|s|s|i|o|n| |w|a|r|m| |w|e|b|r|e|n|d|e|r|,,3776889,13,9b3df14599f65e991e2c4a5eaba7ebe76c85b8c3,102210fe594ee9b33d82058545b1ed14f4c8206e,linux1804-64-shippable-qr,microsoft,True,,,,,,,,,,,,,,,,,,,,,,,,,,,,,,,,,,,,,,,,,,,,,,,,,,TN,,,,,,,,,,
445575843.0,1837169695,2024-02-01 17:13:14,214.7,f84c76f9460d8a2a4048954be483e24638c0f39c,1370273,autoland,ContentfulSpeedIndex,True,microsoft ContentfulSpeedIndex opt fission warm webrender,,77,ms,firefox,False,|f|i|s|s|i|o|n| |w|a|r|m| |w|e|b|r|e|n|d|e|r|,,3776889,13,9b3df14599f65e991e2c4a5eaba7ebe76c85b8c3,102210fe594ee9b33d82058545b1ed14f4c8206e,linux1804-64-shippable-qr,microsoft,True,,,,,,,,,,,,,,,,,,,,,,,,,,,,,,,,,,,,,,,,,,,,,,,,,,TN,,,,,,,,,,
445599104.0,1837198122,2024-02-01 18:09:58,222.3,854c462a083b4271435625134f95ce342e243ccb,1370333,autoland,ContentfulSpeedIndex,True,microsoft ContentfulSpeedIndex opt fission warm webrender,,77,ms,firefox,False,|f|i|s|s|i|o|n| |w|a|r|m| |w|e|b|r|e|n|d|e|r|,,3776889,13,9b3df14599f65e991e2c4a5eaba7ebe76c85b8c3,102210fe594ee9b33d82058545b1ed14f4c8206e,linux1804-64-shippable-qr,microsoft,True,,,,,,,,,,,,,,,,,,,,,,,,,,,,,,,,,,,,,,,,,,,,,,,,,,TN,,,,,,,,,,
445614366.0,1837209538,2024-02-01 22:12:05,228.6,144c524a091e2ed65d62b4911026d3400cea02fa,1370552,autoland,ContentfulSpeedIndex,True,microsoft ContentfulSpeedIndex opt fission warm webrender,,77,ms,firefox,False,|f|i|s|s|i|o|n| |w|a|r|m| |w|e|b|r|e|n|d|e|r|,,3776889,13,9b3df14599f65e991e2c4a5eaba7ebe76c85b8c3,102210fe594ee9b33d82058545b1ed14f4c8206e,linux1804-64-shippable-qr,microsoft,True,,,,,,,,,,,,,,,,,,,,,,,,,,,,,,,,,,,,,,,,,,,,,,,,,,TN,,,,,,,,,,
445620303.0,1837218360,2024-02-01 22:19:46,210.1,085a323ab16cb288d40fca29f6bb35d5d7e85753,1370561,autoland,ContentfulSpeedIndex,True,microsoft ContentfulSpeedIndex opt fission warm webrender,,77,ms,firefox,False,|f|i|s|s|i|o|n| |w|a|r|m| |w|e|b|r|e|n|d|e|r|,,3776889,13,9b3df14599f65e991e2c4a5eaba7ebe76c85b8c3,102210fe594ee9b33d82058545b1ed14f4c8206e,linux1804-64-shippable-qr,microsoft,True,,,,,,,,,,,,,,,,,,,,,,,,,,,,,,,,,,,,,,,,,,,,,,,,,,TN,,,,,,,,,,
445626656.0,1837252882,2024-02-02 02:49:20,213.2,dd4c0135beb5076b1a073f8d52507b724781d423,1370659,autoland,ContentfulSpeedIndex,True,microsoft ContentfulSpeedIndex opt fission warm webrender,,77,ms,firefox,False,|f|i|s|s|i|o|n| |w|a|r|m| |w|e|b|r|e|n|d|e|r|,,3776889,13,9b3df14599f65e991e2c4a5eaba7ebe76c85b8c3,102210fe594ee9b33d82058545b1ed14f4c8206e,linux1804-64-shippable-qr,microsoft,True,,,,,,,,,,,,,,,,,,,,,,,,,,,,,,,,,,,,,,,,,,,,,,,,,,TN,,,,,,,,,,
445719684.0,1837698535,2024-02-02 13:54:17,211.4,90d84a362f057a96158ef63f7aa96d639916e390,1370837,autoland,ContentfulSpeedIndex,True,microsoft ContentfulSpeedIndex opt fission warm webrender,,77,ms,firefox,False,|f|i|s|s|i|o|n| |w|a|r|m| |w|e|b|r|e|n|d|e|r|,,3776889,13,9b3df14599f65e991e2c4a5eaba7ebe76c85b8c3,102210fe594ee9b33d82058545b1ed14f4c8206e,linux1804-64-shippable-qr,microsoft,True,,,,,,,,,,,,,,,,,,,,,,,,,,,,,,,,,,,,,,,,,,,,,,,,,,TN,,,,,,,,,,
445790762.0,1837982350,2024-02-02 13:58:28,220.3,85d4a93d2fce8e976fce8c0e6ae573731793a21d,1370841,autoland,ContentfulSpeedIndex,True,microsoft ContentfulSpeedIndex opt fission warm webrender,,77,ms,firefox,False,|f|i|s|s|i|o|n| |w|a|r|m| |w|e|b|r|e|n|d|e|r|,,3776889,13,9b3df14599f65e991e2c4a5eaba7ebe76c85b8c3,102210fe594ee9b33d82058545b1ed14f4c8206e,linux1804-64-shippable-qr,microsoft,True,,,,,,,,,,,,,,,,,,,,,,,,,,,,,,,,,,,,,,,,,,,,,,,,,,TN,,,,,,,,,,
445708716.0,1837584946,2024-02-02 14:44:09,170.0,2d3365b1475ea6b0234b76a4ccfefc8c11e491a0,1370872,autoland,ContentfulSpeedIndex,True,microsoft ContentfulSpeedIndex opt fission warm webrender,,77,ms,firefox,False,|f|i|s|s|i|o|n| |w|a|r|m| |w|e|b|r|e|n|d|e|r|,,3776889,13,9b3df14599f65e991e2c4a5eaba7ebe76c85b8c3,102210fe594ee9b33d82058545b1ed14f4c8206e,linux1804-64-shippable-qr,microsoft,True,,,,,,,,,,,,,,,,,,,,,,,,,,,,,,,,,,,,,,,,,,,,,,,,,,TN,,,,,,,,,,
445750493.0,1837829420,2024-02-02 19:53:24,208.0,67f13af428e383eb2f3472448564da31a6cd3eae,1371106,autoland,ContentfulSpeedIndex,True,microsoft ContentfulSpeedIndex opt fission warm webrender,,77,ms,firefox,False,|f|i|s|s|i|o|n| |w|a|r|m| |w|e|b|r|e|n|d|e|r|,,3776889,13,9b3df14599f65e991e2c4a5eaba7ebe76c85b8c3,102210fe594ee9b33d82058545b1ed14f4c8206e,linux1804-64-shippable-qr,microsoft,True,,,,,,,,,,,,,,,,,,,,,,,,,,,,,,,,,,,,,,,,,,,,,,,,,,TN,,,,,,,,,,
445773531.0,1837894496,2024-02-02 21:53:09,208.7,0a89948ba0c00bf10f2fb02375bb347cffbdc1e1,1371183,autoland,ContentfulSpeedIndex,True,microsoft ContentfulSpeedIndex opt fission warm webrender,,77,ms,firefox,False,|f|i|s|s|i|o|n| |w|a|r|m| |w|e|b|r|e|n|d|e|r|,,3776889,13,9b3df14599f65e991e2c4a5eaba7ebe76c85b8c3,102210fe594ee9b33d82058545b1ed14f4c8206e,linux1804-64-shippable-qr,microsoft,True,,,,,,,,,,,,,,,,,,,,,,,,,,,,,,,,,,,,,,,,,,,,,,,,,,TN,,,,,,,,,,
445785529.0,1837957541,2024-02-03 02:32:07,213.2,b9172a6f32d47b58f805d7cdc242ba32e55cb4a6,1371314,autoland,ContentfulSpeedIndex,True,microsoft ContentfulSpeedIndex opt fission warm webrender,,77,ms,firefox,False,|f|i|s|s|i|o|n| |w|a|r|m| |w|e|b|r|e|n|d|e|r|,,3776889,13,9b3df14599f65e991e2c4a5eaba7ebe76c85b8c3,102210fe594ee9b33d82058545b1ed14f4c8206e,linux1804-64-shippable-qr,microsoft,True,,,,,,,,,,,,,,,,,,,,,,,,,,,,,,,,,,,,,,,,,,,,,,,,,,TN,,,,,,,,,,
445796809.0,1838004808,2024-02-03 06:48:17,214.4,f8d442e9495d595bd8d4c6cbd272480f9d0dbfb5,1371333,autoland,ContentfulSpeedIndex,True,microsoft ContentfulSpeedIndex opt fission warm webrender,,77,ms,firefox,False,|f|i|s|s|i|o|n| |w|a|r|m| |w|e|b|r|e|n|d|e|r|,,3776889,13,9b3df14599f65e991e2c4a5eaba7ebe76c85b8c3,102210fe594ee9b33d82058545b1ed14f4c8206e,linux1804-64-shippable-qr,microsoft,True,,,,,,,,,,,,,,,,,,,,,,,,,,,,,,,,,,,,,,,,,,,,,,,,,,TN,,,,,,,,,,
445808725.0,1838050217,2024-02-03 09:08:28,214.4,6c316fd08b2f2ac6443dd8193a52f819df23ce2e,1371368,autoland,ContentfulSpeedIndex,True,microsoft ContentfulSpeedIndex opt fission warm webrender,,77,ms,firefox,False,|f|i|s|s|i|o|n| |w|a|r|m| |w|e|b|r|e|n|d|e|r|,,3776889,13,9b3df14599f65e991e2c4a5eaba7ebe76c85b8c3,102210fe594ee9b33d82058545b1ed14f4c8206e,linux1804-64-shippable-qr,microsoft,True,,,,,,,,,,,,,,,,,,,,,,,,,,,,,,,,,,,,,,,,,,,,,,,,,,TN,,,,,,,,,,
445831545.0,1838125189,2024-02-03 16:51:05,210.3,234a8e0fb95fc4c3f978bc6c198667481d3115da,1371417,autoland,ContentfulSpeedIndex,True,microsoft ContentfulSpeedIndex opt fission warm webrender,,77,ms,firefox,False,|f|i|s|s|i|o|n| |w|a|r|m| |w|e|b|r|e|n|d|e|r|,,3776889,13,9b3df14599f65e991e2c4a5eaba7ebe76c85b8c3,102210fe594ee9b33d82058545b1ed14f4c8206e,linux1804-64-shippable-qr,microsoft,True,,,,,,,,,,,,,,,,,,,,,,,,,,,,,,,,,,,,,,,,,,,,,,,,,,TN,,,,,,,,,,
445850035.0,1838247803,2024-02-04 01:32:05,212.6,7a5ad9c8b72b8e9fbc0f63d91a955bff54216958,1371481,autoland,ContentfulSpeedIndex,True,microsoft ContentfulSpeedIndex opt fission warm webrender,,77,ms,firefox,False,|f|i|s|s|i|o|n| |w|a|r|m| |w|e|b|r|e|n|d|e|r|,,3776889,13,9b3df14599f65e991e2c4a5eaba7ebe76c85b8c3,102210fe594ee9b33d82058545b1ed14f4c8206e,linux1804-64-shippable-qr,microsoft,True,,,,,,,,,,,,,,,,,,,,,,,,,,,,,,,,,,,,,,,,,,,,,,,,,,TN,,,,,,,,,,
445877661.0,1838416117,2024-02-04 11:04:08,211.4,eb281b3fd4660b5e7e7d1e77f7ebe3182c28569d,1371513,autoland,ContentfulSpeedIndex,True,microsoft ContentfulSpeedIndex opt fission warm webrender,,77,ms,firefox,False,|f|i|s|s|i|o|n| |w|a|r|m| |w|e|b|r|e|n|d|e|r|,,3776889,13,9b3df14599f65e991e2c4a5eaba7ebe76c85b8c3,102210fe594ee9b33d82058545b1ed14f4c8206e,linux1804-64-shippable-qr,microsoft,True,,,,,,,,,,,,,,,,,,,,,,,,,,,,,,,,,,,,,,,,,,,,,,,,,,TN,,,,,,,,,,
445889803.0,1838577754,2024-02-04 18:26:12,214.6,6cb794603d85d30882e94931d5c7cba2c609e8dd,1371541,autoland,ContentfulSpeedIndex,True,microsoft ContentfulSpeedIndex opt fission warm webrender,,77,ms,firefox,False,|f|i|s|s|i|o|n| |w|a|r|m| |w|e|b|r|e|n|d|e|r|,,3776889,13,9b3df14599f65e991e2c4a5eaba7ebe76c85b8c3,102210fe594ee9b33d82058545b1ed14f4c8206e,linux1804-64-shippable-qr,microsoft,True,,,,,,,,,,,,,,,,,,,,,,,,,,,,,,,,,,,,,,,,,,,,,,,,,,TN,,,,,,,,,,
445907944.0,1838660781,2024-02-05 01:14:58,212.7,778e884de4e5ecb46e2d212a6f5f4a13e465a3a4,1371575,autoland,ContentfulSpeedIndex,True,microsoft ContentfulSpeedIndex opt fission warm webrender,,77,ms,firefox,False,|f|i|s|s|i|o|n| |w|a|r|m| |w|e|b|r|e|n|d|e|r|,,3776889,13,9b3df14599f65e991e2c4a5eaba7ebe76c85b8c3,102210fe594ee9b33d82058545b1ed14f4c8206e,linux1804-64-shippable-qr,microsoft,True,,,,,,,,,,,,,,,,,,,,,,,,,,,,,,,,,,,,,,,,,,,,,,,,,,TN,,,,,,,,,,
445914065.0,1838690712,2024-02-05 06:38:18,209.9,9ca12d444230411e2168420a584a7f95e90c1f97,1371605,autoland,ContentfulSpeedIndex,True,microsoft ContentfulSpeedIndex opt fission warm webrender,,77,ms,firefox,False,|f|i|s|s|i|o|n| |w|a|r|m| |w|e|b|r|e|n|d|e|r|,,3776889,13,9b3df14599f65e991e2c4a5eaba7ebe76c85b8c3,102210fe594ee9b33d82058545b1ed14f4c8206e,linux1804-64-shippable-qr,microsoft,True,,,,,,,,,,,,,,,,,,,,,,,,,,,,,,,,,,,,,,,,,,,,,,,,,,TN,,,,,,,,,,
445953381.0,1838837392,2024-02-05 11:13:48,219.6,e026ce62cd3a8700c3c5fb7495521391420d3ef6,1371747,autoland,ContentfulSpeedIndex,True,microsoft ContentfulSpeedIndex opt fission warm webrender,,77,ms,firefox,False,|f|i|s|s|i|o|n| |w|a|r|m| |w|e|b|r|e|n|d|e|r|,,3776889,13,9b3df14599f65e991e2c4a5eaba7ebe76c85b8c3,102210fe594ee9b33d82058545b1ed14f4c8206e,linux1804-64-shippable-qr,microsoft,True,,,,,,,,,,,,,,,,,,,,,,,,,,,,,,,,,,,,,,,,,,,,,,,,,,TN,,,,,,,,,,
445988063.0,1838932746,2024-02-05 15:06:21,212.7,d67e058935bae8bfad9fb5868b225926a25cb64a,1371897,autoland,ContentfulSpeedIndex,True,microsoft ContentfulSpeedIndex opt fission warm webrender,,77,ms,firefox,False,|f|i|s|s|i|o|n| |w|a|r|m| |w|e|b|r|e|n|d|e|r|,,3776889,13,9b3df14599f65e991e2c4a5eaba7ebe76c85b8c3,102210fe594ee9b33d82058545b1ed14f4c8206e,linux1804-64-shippable-qr,microsoft,True,,,,,,,,,,,,,,,,,,,,,,,,,,,,,,,,,,,,,,,,,,,,,,,,,,TN,,,,,,,,,,
446078808.0,1839386216,2024-02-05 17:21:25,210.0,a3f956419067fa1803aa9210eb8252a3fc3daefa,1372043,autoland,ContentfulSpeedIndex,True,microsoft ContentfulSpeedIndex opt fission warm webrender,,77,ms,firefox,False,|f|i|s|s|i|o|n| |w|a|r|m| |w|e|b|r|e|n|d|e|r|,,3776889,13,9b3df14599f65e991e2c4a5eaba7ebe76c85b8c3,102210fe594ee9b33d82058545b1ed14f4c8206e,linux1804-64-shippable-qr,microsoft,True,,,,,,,,,,,,,,,,,,,,,,,,,,,,,,,,,,,,,,,,,,,,,,,,,,TN,,,,,,,,,,
446080389.0,1839420369,2024-02-05 17:33:45,215.7,ae1411029bf854cc5f5d7da7a72697df01667583,1372057,autoland,ContentfulSpeedIndex,True,microsoft ContentfulSpeedIndex opt fission warm webrender,,77,ms,firefox,False,|f|i|s|s|i|o|n| |w|a|r|m| |w|e|b|r|e|n|d|e|r|,,3776889,13,9b3df14599f65e991e2c4a5eaba7ebe76c85b8c3,102210fe594ee9b33d82058545b1ed14f4c8206e,linux1804-64-shippable-qr,microsoft,True,,,,,,,,,,,,,,,,,,,,,,,,,,,,,,,,,,,,,,,,,,,,,,,,,,TN,,,,,,,,,,
446032988.0,1839098533,2024-02-05 18:46:19,211.5,9559ddacce7e802c8bda80f0f58d6cfd6cdd2948,1372136,autoland,ContentfulSpeedIndex,True,microsoft ContentfulSpeedIndex opt fission warm webrender,,77,ms,firefox,False,|f|i|s|s|i|o|n| |w|a|r|m| |w|e|b|r|e|n|d|e|r|,,3776889,13,9b3df14599f65e991e2c4a5eaba7ebe76c85b8c3,102210fe594ee9b33d82058545b1ed14f4c8206e,linux1804-64-shippable-qr,microsoft,True,,,,,,,,,,,,,,,,,,,,,,,,,,,,,,,,,,,,,,,,,,,,,,,,,,TN,,,,,,,,,,
446060883.0,1839189086,2024-02-05 23:26:30,214.0,9f16b642b137c1390a012556c58e9f957a816ef6,1372325,autoland,ContentfulSpeedIndex,True,microsoft ContentfulSpeedIndex opt fission warm webrender,,77,ms,firefox,False,|f|i|s|s|i|o|n| |w|a|r|m| |w|e|b|r|e|n|d|e|r|,,3776889,13,9b3df14599f65e991e2c4a5eaba7ebe76c85b8c3,102210fe594ee9b33d82058545b1ed14f4c8206e,linux1804-64-shippable-qr,microsoft,True,,,,,,,,,,,,,,,,,,,,,,,,,,,,,,,,,,,,,,,,,,,,,,,,,,TN,,,,,,,,,,
446073701.0,1839268675,2024-02-06 03:53:00,209.9,1995789cfffa08b612d3571d2e8596837f772a49,1372390,autoland,ContentfulSpeedIndex,True,microsoft ContentfulSpeedIndex opt fission warm webrender,,77,ms,firefox,False,|f|i|s|s|i|o|n| |w|a|r|m| |w|e|b|r|e|n|d|e|r|,,3776889,13,9b3df14599f65e991e2c4a5eaba7ebe76c85b8c3,102210fe594ee9b33d82058545b1ed14f4c8206e,linux1804-64-shippable-qr,microsoft,True,,,,,,,,,,,,,,,,,,,,,,,,,,,,,,,,,,,,,,,,,,,,,,,,,,TN,,,,,,,,,,
446092890.0,1839467281,2024-02-06 07:31:17,211.5,df0b9539f5604a9aefc6916ce6ecf2e52670b78b,1372455,autoland,ContentfulSpeedIndex,True,microsoft ContentfulSpeedIndex opt fission warm webrender,,77,ms,firefox,False,|f|i|s|s|i|o|n| |w|a|r|m| |w|e|b|r|e|n|d|e|r|,,3776889,13,9b3df14599f65e991e2c4a5eaba7ebe76c85b8c3,102210fe594ee9b33d82058545b1ed14f4c8206e,linux1804-64-shippable-qr,microsoft,True,,,,,,,,,,,,,,,,,,,,,,,,,,,,,,,,,,,,,,,,,,,,,,,,,,TN,,,,,,,,,,
446143712.0,1839651117,2024-02-06 11:44:40,211.6,c48ca61bc9255db0107d377c103a752265b60eb8,1372588,autoland,ContentfulSpeedIndex,True,microsoft ContentfulSpeedIndex opt fission warm webrender,,77,ms,firefox,False,|f|i|s|s|i|o|n| |w|a|r|m| |w|e|b|r|e|n|d|e|r|,,3776889,13,9b3df14599f65e991e2c4a5eaba7ebe76c85b8c3,102210fe594ee9b33d82058545b1ed14f4c8206e,linux1804-64-shippable-qr,microsoft,True,,,,,,,,,,,,,,,,,,,,,,,,,,,,,,,,,,,,,,,,,,,,,,,,,,TN,,,,,,,,,,
446226744.0,1839959584,2024-02-06 17:15:13,220.3,79b38383448166074627506218757a9881ca5679,1372809,autoland,ContentfulSpeedIndex,True,microsoft ContentfulSpeedIndex opt fission warm webrender,,77,ms,firefox,False,|f|i|s|s|i|o|n| |w|a|r|m| |w|e|b|r|e|n|d|e|r|,,3776889,13,9b3df14599f65e991e2c4a5eaba7ebe76c85b8c3,102210fe594ee9b33d82058545b1ed14f4c8206e,linux1804-64-shippable-qr,microsoft,True,,,,,,,,,,,,,,,,,,,,,,,,,,,,,,,,,,,,,,,,,,,,,,,,,,TN,,,,,,,,,,
446213725.0,1839905538,2024-02-06 17:24:04,212.8,1f93ea2744765ca11b90874574cc12168d3828a5,1372818,autoland,ContentfulSpeedIndex,True,microsoft ContentfulSpeedIndex opt fission warm webrender,,77,ms,firefox,False,|f|i|s|s|i|o|n| |w|a|r|m| |w|e|b|r|e|n|d|e|r|,,3776889,13,9b3df14599f65e991e2c4a5eaba7ebe76c85b8c3,102210fe594ee9b33d82058545b1ed14f4c8206e,linux1804-64-shippable-qr,microsoft,True,,,,,,,,,,,,,,,,,,,,,,,,,,,,,,,,,,,,,,,,,,,,,,,,,,TN,,,,,,,,,,
446280195.0,1840299084,2024-02-06 18:54:58,214.5,7b42121a4f48dfc82d82b04a831204e7b9fa7cdb,1372905,autoland,ContentfulSpeedIndex,True,microsoft ContentfulSpeedIndex opt fission warm webrender,,77,ms,firefox,False,|f|i|s|s|i|o|n| |w|a|r|m| |w|e|b|r|e|n|d|e|r|,,3776889,13,9b3df14599f65e991e2c4a5eaba7ebe76c85b8c3,102210fe594ee9b33d82058545b1ed14f4c8206e,linux1804-64-shippable-qr,microsoft,True,,,,,,,,,,,,,,,,,,,,,,,,,,,,,,,,,,,,,,,,,,,,,,,,,,TN,,,,,,,,,,
446279747.0,1840279359,2024-02-06 18:55:39,213.0,e3c76a18de2b4456900f94551dae44407d64eaa3,1372906,autoland,ContentfulSpeedIndex,True,microsoft ContentfulSpeedIndex opt fission warm webrender,,77,ms,firefox,False,|f|i|s|s|i|o|n| |w|a|r|m| |w|e|b|r|e|n|d|e|r|,,3776889,13,9b3df14599f65e991e2c4a5eaba7ebe76c85b8c3,102210fe594ee9b33d82058545b1ed14f4c8206e,linux1804-64-shippable-qr,microsoft,True,,,,,,,,,,,,,,,,,,,,,,,,,,,,,,,,,,,,,,,,,,,,,,,,,,TN,,,,,,,,,,
446278056.0,1840264128,2024-02-07 04:17:01,212.6,1d87eb92ed10d04dccab53b631b14010ca09beb6,1373159,autoland,ContentfulSpeedIndex,True,microsoft ContentfulSpeedIndex opt fission warm webrender,,77,ms,firefox,False,|f|i|s|s|i|o|n| |w|a|r|m| |w|e|b|r|e|n|d|e|r|,,3776889,13,9b3df14599f65e991e2c4a5eaba7ebe76c85b8c3,102210fe594ee9b33d82058545b1ed14f4c8206e,linux1804-64-shippable-qr,microsoft,True,,,,,,,,,,,,,,,,,,,,,,,,,,,,,,,,,,,,,,,,,,,,,,,,,,TN,,,,,,,,,,
446281239.0,1840310451,2024-02-07 04:22:59,213.1,fce00cd55ffb9127f24e7e1d2186178f72429fce,1373168,autoland,ContentfulSpeedIndex,True,microsoft ContentfulSpeedIndex opt fission warm webrender,,77,ms,firefox,False,|f|i|s|s|i|o|n| |w|a|r|m| |w|e|b|r|e|n|d|e|r|,,3776889,13,9b3df14599f65e991e2c4a5eaba7ebe76c85b8c3,102210fe594ee9b33d82058545b1ed14f4c8206e,linux1804-64-shippable-qr,microsoft,True,,,,,,,,,,,,,,,,,,,,,,,,,,,,,,,,,,,,,,,,,,,,,,,,,,TN,,,,,,,,,,
446304418.0,1840427237,2024-02-07 08:54:39,213.1,df59ba0b3152fb8f6812b413bd2a6869bff469c1,1373246,autoland,ContentfulSpeedIndex,True,microsoft ContentfulSpeedIndex opt fission warm webrender,,77,ms,firefox,False,|f|i|s|s|i|o|n| |w|a|r|m| |w|e|b|r|e|n|d|e|r|,,3776889,13,9b3df14599f65e991e2c4a5eaba7ebe76c85b8c3,102210fe594ee9b33d82058545b1ed14f4c8206e,linux1804-64-shippable-qr,microsoft,True,,,,,,,,,,,,,,,,,,,,,,,,,,,,,,,,,,,,,,,,,,,,,,,,,,TN,,,,,,,,,,
446304191.0,1840390546,2024-02-07 09:01:16,208.1,ab5b008e36a4742d737a89c8cbfc1a69e2b76456,1373249,autoland,ContentfulSpeedIndex,True,microsoft ContentfulSpeedIndex opt fission warm webrender,,77,ms,firefox,False,|f|i|s|s|i|o|n| |w|a|r|m| |w|e|b|r|e|n|d|e|r|,,3776889,13,9b3df14599f65e991e2c4a5eaba7ebe76c85b8c3,102210fe594ee9b33d82058545b1ed14f4c8206e,linux1804-64-shippable-qr,microsoft,True,,,,,,,,,,,,,,,,,,,,,,,,,,,,,,,,,,,,,,,,,,,,,,,,,,TN,,,,,,,,,,
446359679.0,1840574692,2024-02-07 13:03:40,216.3,ec34bf3905e43d945effa45ba094092c7355d4b2,1373380,autoland,ContentfulSpeedIndex,True,microsoft ContentfulSpeedIndex opt fission warm webrender,,77,ms,firefox,False,|f|i|s|s|i|o|n| |w|a|r|m| |w|e|b|r|e|n|d|e|r|,,3776889,13,9b3df14599f65e991e2c4a5eaba7ebe76c85b8c3,102210fe594ee9b33d82058545b1ed14f4c8206e,linux1804-64-shippable-qr,microsoft,True,,,,,,,,,,,,,,,,,,,,,,,,,,,,,,,,,,,,,,,,,,,,,,,,,,TN,,,,,,,,,,
446365092.0,1840578321,2024-02-07 14:05:10,217.4,fdda8b6b095615f06fbef5c21ff9ad0a90927c83,1373437,autoland,ContentfulSpeedIndex,True,microsoft ContentfulSpeedIndex opt fission warm webrender,,77,ms,firefox,False,|f|i|s|s|i|o|n| |w|a|r|m| |w|e|b|r|e|n|d|e|r|,,3776889,13,9b3df14599f65e991e2c4a5eaba7ebe76c85b8c3,102210fe594ee9b33d82058545b1ed14f4c8206e,linux1804-64-shippable-qr,microsoft,True,,,,,,,,,,,,,,,,,,,,,,,,,,,,,,,,,,,,,,,,,,,,,,,,,,TN,,,,,,,,,,
446463141.0,1841030354,2024-02-07 16:25:30,214.1,1e73637ac83a296d733bc304b12c2e2f1ba09fe1,1373562,autoland,ContentfulSpeedIndex,True,microsoft ContentfulSpeedIndex opt fission warm webrender,,77,ms,firefox,False,|f|i|s|s|i|o|n| |w|a|r|m| |w|e|b|r|e|n|d|e|r|,,3776889,13,9b3df14599f65e991e2c4a5eaba7ebe76c85b8c3,102210fe594ee9b33d82058545b1ed14f4c8206e,linux1804-64-shippable-qr,microsoft,True,,,,,,,,,,,,,,,,,,,,,,,,,,,,,,,,,,,,,,,,,,,,,,,,,,TN,,,,,,,,,,
446464309.0,1841035753,2024-02-07 16:59:51,211.4,b2e92a2d742f43ad92c80b206b3db15a6256fdd8,1373603,autoland,ContentfulSpeedIndex,True,microsoft ContentfulSpeedIndex opt fission warm webrender,,77,ms,firefox,False,|f|i|s|s|i|o|n| |w|a|r|m| |w|e|b|r|e|n|d|e|r|,,3776889,13,9b3df14599f65e991e2c4a5eaba7ebe76c85b8c3,102210fe594ee9b33d82058545b1ed14f4c8206e,linux1804-64-shippable-qr,microsoft,True,,,,,,,,,,,,,,,,,,,,,,,,,,,,,,,,,,,,,,,,,,,,,,,,,,TN,,,,,,,,,,
446409661.0,1840751458,2024-02-07 17:25:01,218.0,fcafc196f2cef3d5c607edaa0f66c96cdf1708d6,1373622,autoland,ContentfulSpeedIndex,True,microsoft ContentfulSpeedIndex opt fission warm webrender,,77,ms,firefox,False,|f|i|s|s|i|o|n| |w|a|r|m| |w|e|b|r|e|n|d|e|r|,,3776889,13,9b3df14599f65e991e2c4a5eaba7ebe76c85b8c3,102210fe594ee9b33d82058545b1ed14f4c8206e,linux1804-64-shippable-qr,microsoft,True,,,,,,,,,,,,,,,,,,,,,,,,,,,,,,,,,,,,,,,,,,,,,,,,,,TN,,,,,,,,,,
446430684.0,1840843022,2024-02-07 21:31:39,211.5,0eee0e78f83c43165f612c4e7f3f7ff52d665b9c,1373826,autoland,ContentfulSpeedIndex,True,microsoft ContentfulSpeedIndex opt fission warm webrender,,77,ms,firefox,False,|f|i|s|s|i|o|n| |w|a|r|m| |w|e|b|r|e|n|d|e|r|,,3776889,13,9b3df14599f65e991e2c4a5eaba7ebe76c85b8c3,102210fe594ee9b33d82058545b1ed14f4c8206e,linux1804-64-shippable-qr,microsoft,True,,,,,,,,,,,,,,,,,,,,,,,,,,,,,,,,,,,,,,,,,,,,,,,,,,TN,,,,,,,,,,
446431225.0,1840887499,2024-02-07 21:36:53,215.6,1cb745ef034e9cd65d98c15632e13f5862e7390b,1373829,autoland,ContentfulSpeedIndex,True,microsoft ContentfulSpeedIndex opt fission warm webrender,,77,ms,firefox,False,|f|i|s|s|i|o|n| |w|a|r|m| |w|e|b|r|e|n|d|e|r|,,3776889,13,9b3df14599f65e991e2c4a5eaba7ebe76c85b8c3,102210fe594ee9b33d82058545b1ed14f4c8206e,linux1804-64-shippable-qr,microsoft,True,,,,,,,,,,,,,,,,,,,,,,,,,,,,,,,,,,,,,,,,,,,,,,,,,,TN,,,,,,,,,,
446455738.0,1840958842,2024-02-08 01:47:30,213.8,0cb1cb869761baae745081466c878e32a7d83888,1373927,autoland,ContentfulSpeedIndex,True,microsoft ContentfulSpeedIndex opt fission warm webrender,,77,ms,firefox,False,|f|i|s|s|i|o|n| |w|a|r|m| |w|e|b|r|e|n|d|e|r|,,3776889,13,9b3df14599f65e991e2c4a5eaba7ebe76c85b8c3,102210fe594ee9b33d82058545b1ed14f4c8206e,linux1804-64-shippable-qr,microsoft,True,,,,,,,,,,,,,,,,,,,,,,,,,,,,,,,,,,,,,,,,,,,,,,,,,,TN,,,,,,,,,,
446457263.0,1840973827,2024-02-08 02:38:53,219.5,bbcb9c75a4919aa67c2fc1ec689eb69d653990dd,1373953,autoland,ContentfulSpeedIndex,True,microsoft ContentfulSpeedIndex opt fission warm webrender,,77,ms,firefox,False,|f|i|s|s|i|o|n| |w|a|r|m| |w|e|b|r|e|n|d|e|r|,,3776889,13,9b3df14599f65e991e2c4a5eaba7ebe76c85b8c3,102210fe594ee9b33d82058545b1ed14f4c8206e,linux1804-64-shippable-qr,microsoft,True,,,,,,,,,,,,,,,,,,,,,,,,,,,,,,,,,,,,,,,,,,,,,,,,,,TN,,,,,,,,,,
446471459.0,1841069396,2024-02-08 07:03:19,212.9,344524bd7c755d7d7fcfca1d69503577b07db2b7,1374007,autoland,ContentfulSpeedIndex,True,microsoft ContentfulSpeedIndex opt fission warm webrender,,77,ms,firefox,False,|f|i|s|s|i|o|n| |w|a|r|m| |w|e|b|r|e|n|d|e|r|,,3776889,13,9b3df14599f65e991e2c4a5eaba7ebe76c85b8c3,102210fe594ee9b33d82058545b1ed14f4c8206e,linux1804-64-shippable-qr,microsoft,True,,,,,,,,,,,,,,,,,,,,,,,,,,,,,,,,,,,,,,,,,,,,,,,,,,TN,,,,,,,,,,
446530525.0,1841285742,2024-02-08 14:56:42,216.7,286029e09b16d8910d7110864541cdb9d4b84681,1374192,autoland,ContentfulSpeedIndex,True,microsoft ContentfulSpeedIndex opt fission warm webrender,,77,ms,firefox,False,|f|i|s|s|i|o|n| |w|a|r|m| |w|e|b|r|e|n|d|e|r|,,3776889,13,9b3df14599f65e991e2c4a5eaba7ebe76c85b8c3,102210fe594ee9b33d82058545b1ed14f4c8206e,linux1804-64-shippable-qr,microsoft,True,,,,,,,,,,,,,,,,,,,,,,,,,,,,,,,,,,,,,,,,,,,,,,,,,,TN,,,,,,,,,,
446534678.0,1841307564,2024-02-08 16:03:43,211.1,590071462358f92ff5d36dc8f99a472a45101fdb,1374244,autoland,ContentfulSpeedIndex,True,microsoft ContentfulSpeedIndex opt fission warm webrender,,77,ms,firefox,False,|f|i|s|s|i|o|n| |w|a|r|m| |w|e|b|r|e|n|d|e|r|,,3776889,13,9b3df14599f65e991e2c4a5eaba7ebe76c85b8c3,102210fe594ee9b33d82058545b1ed14f4c8206e,linux1804-64-shippable-qr,microsoft,True,,,,,,,,,,,,,,,,,,,,,,,,,,,,,,,,,,,,,,,,,,,,,,,,,,TN,,,,,,,,,,
446618638.0,1841657016,2024-02-08 16:06:07,215.8,d1407828e12f283b72201d60546963da4142ff63,1374249,autoland,ContentfulSpeedIndex,True,microsoft ContentfulSpeedIndex opt fission warm webrender,,77,ms,firefox,False,|f|i|s|s|i|o|n| |w|a|r|m| |w|e|b|r|e|n|d|e|r|,,3776889,13,9b3df14599f65e991e2c4a5eaba7ebe76c85b8c3,102210fe594ee9b33d82058545b1ed14f4c8206e,linux1804-64-shippable-qr,microsoft,True,,,,,,,,,,,,,,,,,,,,,,,,,,,,,,,,,,,,,,,,,,,,,,,,,,TN,,,,,,,,,,
446618597.0,1841655318,2024-02-08 16:06:52,211.5,242972a790a380b96902a401bcdf1e8ad8152951,1374250,autoland,ContentfulSpeedIndex,True,microsoft ContentfulSpeedIndex opt fission warm webrender,,77,ms,firefox,False,|f|i|s|s|i|o|n| |w|a|r|m| |w|e|b|r|e|n|d|e|r|,,3776889,13,9b3df14599f65e991e2c4a5eaba7ebe76c85b8c3,102210fe594ee9b33d82058545b1ed14f4c8206e,linux1804-64-shippable-qr,microsoft,True,,,,,,,,,,,,,,,,,,,,,,,,,,,,,,,,,,,,,,,,,,,,,,,,,,TN,,,,,,,,,,
446588427.0,1841520262,2024-02-08 22:41:03,209.9,8b424277a5065ea04bc1818e9ba12a8b24c12008,1374550,autoland,ContentfulSpeedIndex,True,microsoft ContentfulSpeedIndex opt fission warm webrender,,77,ms,firefox,False,|f|i|s|s|i|o|n| |w|a|r|m| |w|e|b|r|e|n|d|e|r|,,3776889,13,9b3df14599f65e991e2c4a5eaba7ebe76c85b8c3,102210fe594ee9b33d82058545b1ed14f4c8206e,linux1804-64-shippable-qr,microsoft,True,,,,,,,,,,,,,,,,,,,,,,,,,,,,,,,,,,,,,,,,,,,,,,,,,,TN,,,,,,,,,,
446590667.0,1841540848,2024-02-08 23:27:55,212.3,ba6c8f006d21287c25440f5141e3eead45bd9f96,1374577,autoland,ContentfulSpeedIndex,True,microsoft ContentfulSpeedIndex opt fission warm webrender,,77,ms,firefox,False,|f|i|s|s|i|o|n| |w|a|r|m| |w|e|b|r|e|n|d|e|r|,,3776889,13,9b3df14599f65e991e2c4a5eaba7ebe76c85b8c3,102210fe594ee9b33d82058545b1ed14f4c8206e,linux1804-64-shippable-qr,microsoft,True,,,,,,,,,,,,,,,,,,,,,,,,,,,,,,,,,,,,,,,,,,,,,,,,,,TN,,,,,,,,,,
446616191.0,1841639723,2024-02-09 04:08:21,213.1,b17a56f7d0a828b62b52f572c8237345bf64786f,1374660,autoland,ContentfulSpeedIndex,True,microsoft ContentfulSpeedIndex opt fission warm webrender,,77,ms,firefox,False,|f|i|s|s|i|o|n| |w|a|r|m| |w|e|b|r|e|n|d|e|r|,,3776889,13,9b3df14599f65e991e2c4a5eaba7ebe76c85b8c3,102210fe594ee9b33d82058545b1ed14f4c8206e,linux1804-64-shippable-qr,microsoft,True,,,,,,,,,,,,,,,,,,,,,,,,,,,,,,,,,,,,,,,,,,,,,,,,,,TN,,,,,,,,,,
446638645.0,1841734469,2024-02-09 08:27:03,217.3,7b81e807e547afd0cca0453e9697e58369ae5e92,1374718,autoland,ContentfulSpeedIndex,True,microsoft ContentfulSpeedIndex opt fission warm webrender,,77,ms,firefox,False,|f|i|s|s|i|o|n| |w|a|r|m| |w|e|b|r|e|n|d|e|r|,,3776889,13,9b3df14599f65e991e2c4a5eaba7ebe76c85b8c3,102210fe594ee9b33d82058545b1ed14f4c8206e,linux1804-64-shippable-qr,microsoft,True,,,,,,,,,,,,,,,,,,,,,,,,,,,,,,,,,,,,,,,,,,,,,,,,,,TN,,,,,,,,,,
446671989.0,1841870168,2024-02-09 11:56:29,213.9,045e453bba33077fb8d5641ca3706f3785ce14f5,1374806,autoland,ContentfulSpeedIndex,True,microsoft ContentfulSpeedIndex opt fission warm webrender,,77,ms,firefox,False,|f|i|s|s|i|o|n| |w|a|r|m| |w|e|b|r|e|n|d|e|r|,,3776889,13,9b3df14599f65e991e2c4a5eaba7ebe76c85b8c3,102210fe594ee9b33d82058545b1ed14f4c8206e,linux1804-64-shippable-qr,microsoft,True,,,,,,,,,,,,,,,,,,,,,,,,,,,,,,,,,,,,,,,,,,,,,,,,,,TN,,,,,,,,,,
446723138.0,1842024944,2024-02-09 16:09:01,210.2,193e6982f5a17f0fa7cced978df3079f87e4ad99,1374959,autoland,ContentfulSpeedIndex,True,microsoft ContentfulSpeedIndex opt fission warm webrender,,77,ms,firefox,False,|f|i|s|s|i|o|n| |w|a|r|m| |w|e|b|r|e|n|d|e|r|,,3776889,13,9b3df14599f65e991e2c4a5eaba7ebe76c85b8c3,102210fe594ee9b33d82058545b1ed14f4c8206e,linux1804-64-shippable-qr,microsoft,True,,,,,,,,,,,,,,,,,,,,,,,,,,,,,,,,,,,,,,,,,,,,,,,,,,TN,,,,,,,,,,
446732435.0,1842066240,2024-02-09 17:06:42,213.9,39d76f98160905dab2a294ece0e03ee8ba5ba4cc,1375009,autoland,ContentfulSpeedIndex,True,microsoft ContentfulSpeedIndex opt fission warm webrender,,77,ms,firefox,False,|f|i|s|s|i|o|n| |w|a|r|m| |w|e|b|r|e|n|d|e|r|,,3776889,13,9b3df14599f65e991e2c4a5eaba7ebe76c85b8c3,102210fe594ee9b33d82058545b1ed14f4c8206e,linux1804-64-shippable-qr,microsoft,True,,,,,,,,,,,,,,,,,,,,,,,,,,,,,,,,,,,,,,,,,,,,,,,,,,TN,,,,,,,,,,
446760543.0,1842189470,2024-02-09 21:47:15,220.4,0fb5f3212fd93e901bed6bb19bd8b63339869991,1375247,autoland,ContentfulSpeedIndex,True,microsoft ContentfulSpeedIndex opt fission warm webrender,,77,ms,firefox,False,|f|i|s|s|i|o|n| |w|a|r|m| |w|e|b|r|e|n|d|e|r|,,3776889,13,9b3df14599f65e991e2c4a5eaba7ebe76c85b8c3,102210fe594ee9b33d82058545b1ed14f4c8206e,linux1804-64-shippable-qr,microsoft,True,,,,,,,,,,,,,,,,,,,,,,,,,,,,,,,,,,,,,,,,,,,,,,,,,,TN,,,,,,,,,,
446786648.0,1842280633,2024-02-10 07:03:30,216.6,20876ae07c4b760464125773aa45200a98f34159,1375365,autoland,ContentfulSpeedIndex,True,microsoft ContentfulSpeedIndex opt fission warm webrender,,77,ms,firefox,False,|f|i|s|s|i|o|n| |w|a|r|m| |w|e|b|r|e|n|d|e|r|,,3776889,13,9b3df14599f65e991e2c4a5eaba7ebe76c85b8c3,102210fe594ee9b33d82058545b1ed14f4c8206e,linux1804-64-shippable-qr,microsoft,True,,,,,,,,,,,,,,,,,,,,,,,,,,,,,,,,,,,,,,,,,,,,,,,,,,TN,,,,,,,,,,
446814374.0,1842377926,2024-02-10 13:47:16,214.3,b09350ff8440d3ef5d3ac2b811bfe9a5d243196a,1375389,autoland,ContentfulSpeedIndex,True,microsoft ContentfulSpeedIndex opt fission warm webrender,,77,ms,firefox,False,|f|i|s|s|i|o|n| |w|a|r|m| |w|e|b|r|e|n|d|e|r|,,3776889,13,9b3df14599f65e991e2c4a5eaba7ebe76c85b8c3,102210fe594ee9b33d82058545b1ed14f4c8206e,linux1804-64-shippable-qr,microsoft,True,,,,,,,,,,,,,,,,,,,,,,,,,,,,,,,,,,,,,,,,,,,,,,,,,,TN,,,,,,,,,,
446820148.0,1842401341,2024-02-10 17:58:32,216.9,f6690a5e6ceef6b384dc31d4485e790a4935508a,1375417,autoland,ContentfulSpeedIndex,True,microsoft ContentfulSpeedIndex opt fission warm webrender,,77,ms,firefox,False,|f|i|s|s|i|o|n| |w|a|r|m| |w|e|b|r|e|n|d|e|r|,,3776889,13,9b3df14599f65e991e2c4a5eaba7ebe76c85b8c3,102210fe594ee9b33d82058545b1ed14f4c8206e,linux1804-64-shippable-qr,microsoft,True,,,,,,,,,,,,,,,,,,,,,,,,,,,,,,,,,,,,,,,,,,,,,,,,,,TN,,,,,,,,,,
446839970.0,1842467698,2024-02-11 02:31:23,206.4,f92c77fccb76549171ecc809818a26b1eb883b43,1375439,autoland,ContentfulSpeedIndex,True,microsoft ContentfulSpeedIndex opt fission warm webrender,,77,ms,firefox,False,|f|i|s|s|i|o|n| |w|a|r|m| |w|e|b|r|e|n|d|e|r|,,3776889,13,9b3df14599f65e991e2c4a5eaba7ebe76c85b8c3,102210fe594ee9b33d82058545b1ed14f4c8206e,linux1804-64-shippable-qr,microsoft,True,,,,,,,,,,,,,,,,,,,,,,,,,,,,,,,,,,,,,,,,,,,,,,,,,,TN,,,,,,,,,,
446872968.0,1842608919,2024-02-11 15:25:51,209.4,13676fc9b0cd8461cb9863d3a2d1b9a696a9c0f5,1375518,autoland,ContentfulSpeedIndex,True,microsoft ContentfulSpeedIndex opt fission warm webrender,,77,ms,firefox,False,|f|i|s|s|i|o|n| |w|a|r|m| |w|e|b|r|e|n|d|e|r|,,3776889,13,9b3df14599f65e991e2c4a5eaba7ebe76c85b8c3,102210fe594ee9b33d82058545b1ed14f4c8206e,linux1804-64-shippable-qr,microsoft,True,,,,,,,,,,,,,,,,,,,,,,,,,,,,,,,,,,,,,,,,,,,,,,,,,,TN,,,,,,,,,,
447044274.0,1843198772,2024-02-12 15:03:24,211.7,1d7c6ca36b30093e9822c8c2e74db03474e093cd,1375832,autoland,ContentfulSpeedIndex,True,microsoft ContentfulSpeedIndex opt fission warm webrender,,77,ms,firefox,False,|f|i|s|s|i|o|n| |w|a|r|m| |w|e|b|r|e|n|d|e|r|,,3776889,13,9b3df14599f65e991e2c4a5eaba7ebe76c85b8c3,102210fe594ee9b33d82058545b1ed14f4c8206e,linux1804-64-shippable-qr,microsoft,True,,,,,,,,,,,,,,,,,,,,,,,,,,,,,,,,,,,,,,,,,,,,,,,,,,TN,,,,,,,,,,
447044413.0,1843213305,2024-02-12 15:04:07,220.7,39631cf9791b027f8480e62183e72f6daf8ae046,1375833,autoland,ContentfulSpeedIndex,True,microsoft ContentfulSpeedIndex opt fission warm webrender,,77,ms,firefox,False,|f|i|s|s|i|o|n| |w|a|r|m| |w|e|b|r|e|n|d|e|r|,,3776889,13,9b3df14599f65e991e2c4a5eaba7ebe76c85b8c3,102210fe594ee9b33d82058545b1ed14f4c8206e,linux1804-64-shippable-qr,microsoft,True,,,,,,,,,,,,,,,,,,,,,,,,,,,,,,,,,,,,,,,,,,,,,,,,,,TN,,,,,,,,,,
446944480.0,1842918981,2024-02-12 15:53:07,219.3,cab51450b6bd71ade4db0f49831f7e402b375b45,1375888,autoland,ContentfulSpeedIndex,True,microsoft ContentfulSpeedIndex opt fission warm webrender,,77,ms,firefox,False,|f|i|s|s|i|o|n| |w|a|r|m| |w|e|b|r|e|n|d|e|r|,,3776889,13,9b3df14599f65e991e2c4a5eaba7ebe76c85b8c3,102210fe594ee9b33d82058545b1ed14f4c8206e,linux1804-64-shippable-qr,microsoft,True,,,,,,,,,,,,,,,,,,,,,,,,,,,,,,,,,,,,,,,,,,,,,,,,,,TN,,,,,,,,,,
447046159.0,1843220973,2024-02-12 18:30:03,214.4,753f8762281c81c9add69b918aa492348b16768f,1376028,autoland,ContentfulSpeedIndex,True,microsoft ContentfulSpeedIndex opt fission warm webrender,,77,ms,firefox,False,|f|i|s|s|i|o|n| |w|a|r|m| |w|e|b|r|e|n|d|e|r|,,3776889,13,9b3df14599f65e991e2c4a5eaba7ebe76c85b8c3,102210fe594ee9b33d82058545b1ed14f4c8206e,linux1804-64-shippable-qr,microsoft,True,,,,,,,,,,,,,,,,,,,,,,,,,,,,,,,,,,,,,,,,,,,,,,,,,,TN,,,,,,,,,,
447050173.0,1843237905,2024-02-12 18:31:48,214.4,86ac645e866184f4a0cbb7bcbebf05d1fd15b3b7,1376029,autoland,ContentfulSpeedIndex,True,microsoft ContentfulSpeedIndex opt fission warm webrender,,77,ms,firefox,False,|f|i|s|s|i|o|n| |w|a|r|m| |w|e|b|r|e|n|d|e|r|,,3776889,13,9b3df14599f65e991e2c4a5eaba7ebe76c85b8c3,102210fe594ee9b33d82058545b1ed14f4c8206e,linux1804-64-shippable-qr,microsoft,True,,,,,,,,,,,,,,,,,,,,,,,,,,,,,,,,,,,,,,,,,,,,,,,,,,TN,,,,,,,,,,
446973739.0,1842996708,2024-02-12 20:04:04,210.1,37ec3180a6cbce3bb2544f9a16b4ded4657c6eb6,1376093,autoland,ContentfulSpeedIndex,True,microsoft ContentfulSpeedIndex opt fission warm webrender,,77,ms,firefox,False,|f|i|s|s|i|o|n| |w|a|r|m| |w|e|b|r|e|n|d|e|r|,,3776889,13,9b3df14599f65e991e2c4a5eaba7ebe76c85b8c3,102210fe594ee9b33d82058545b1ed14f4c8206e,linux1804-64-shippable-qr,microsoft,True,,,,,,,,,,,,,,,,,,,,,,,,,,,,,,,,,,,,,,,,,,,,,,,,,,TN,,,,,,,,,,
446977692.0,1843039098,2024-02-12 20:15:07,215.7,995a3050d70cb954214be8710caa54a1794745ec,1376103,autoland,ContentfulSpeedIndex,True,microsoft ContentfulSpeedIndex opt fission warm webrender,,77,ms,firefox,False,|f|i|s|s|i|o|n| |w|a|r|m| |w|e|b|r|e|n|d|e|r|,,3776889,13,9b3df14599f65e991e2c4a5eaba7ebe76c85b8c3,102210fe594ee9b33d82058545b1ed14f4c8206e,linux1804-64-shippable-qr,microsoft,True,,,,,,,,,,,,,,,,,,,,,,,,,,,,,,,,,,,,,,,,,,,,,,,,,,TN,,,,,,,,,,
447033120.0,1843171515,2024-02-12 23:09:02,205.5,e7724c952412d5b322b1352d9665d9c956af76e8,1376230,autoland,ContentfulSpeedIndex,True,microsoft ContentfulSpeedIndex opt fission warm webrender,,77,ms,firefox,False,|f|i|s|s|i|o|n| |w|a|r|m| |w|e|b|r|e|n|d|e|r|,,3776889,13,9b3df14599f65e991e2c4a5eaba7ebe76c85b8c3,102210fe594ee9b33d82058545b1ed14f4c8206e,linux1804-64-shippable-qr,microsoft,True,,,,,,,,,,,,,,,,,,,,,,,,,,,,,,,,,,,,,,,,,,,,,,,,,,TN,,,,,,,,,,
447035122.0,1843174750,2024-02-12 23:09:49,210.2,81c51e73deee4f4acc645831425d6a915b7977e4,1376231,autoland,ContentfulSpeedIndex,True,microsoft ContentfulSpeedIndex opt fission warm webrender,,77,ms,firefox,False,|f|i|s|s|i|o|n| |w|a|r|m| |w|e|b|r|e|n|d|e|r|,,3776889,13,9b3df14599f65e991e2c4a5eaba7ebe76c85b8c3,102210fe594ee9b33d82058545b1ed14f4c8206e,linux1804-64-shippable-qr,microsoft,True,,,,,,,,,,,,,,,,,,,,,,,,,,,,,,,,,,,,,,,,,,,,,,,,,,TN,,,,,,,,,,
447022883.0,1843122907,2024-02-13 00:22:17,213.2,b316bafe790ef37c5585cadd21f6a2c8ebd749b9,1376256,autoland,ContentfulSpeedIndex,True,microsoft ContentfulSpeedIndex opt fission warm webrender,,77,ms,firefox,False,|f|i|s|s|i|o|n| |w|a|r|m| |w|e|b|r|e|n|d|e|r|,,3776889,13,9b3df14599f65e991e2c4a5eaba7ebe76c85b8c3,102210fe594ee9b33d82058545b1ed14f4c8206e,linux1804-64-shippable-qr,microsoft,True,,,,,,,,,,,,,,,,,,,,,,,,,,,,,,,,,,,,,,,,,,,,,,,,,,TN,,,,,,,,,,
447032855.0,1843158258,2024-02-13 02:51:29,211.9,52fc8e3041c5f42dfa50438336b110a9a5e77f2b,1376298,autoland,ContentfulSpeedIndex,True,microsoft ContentfulSpeedIndex opt fission warm webrender,,77,ms,firefox,False,|f|i|s|s|i|o|n| |w|a|r|m| |w|e|b|r|e|n|d|e|r|,,3776889,13,9b3df14599f65e991e2c4a5eaba7ebe76c85b8c3,102210fe594ee9b33d82058545b1ed14f4c8206e,linux1804-64-shippable-qr,microsoft,True,,,,,,,,,,,,,,,,,,,,,,,,,,,,,,,,,,,,,,,,,,,,,,,,,,TN,,,,,,,,,,
447058251.0,1843287575,2024-02-13 06:57:28,214.9,5f6ad5b21119b4bbef2bc6c9153e0f7329c20ebe,1376370,autoland,ContentfulSpeedIndex,True,microsoft ContentfulSpeedIndex opt fission warm webrender,,77,ms,firefox,False,|f|i|s|s|i|o|n| |w|a|r|m| |w|e|b|r|e|n|d|e|r|,,3776889,13,9b3df14599f65e991e2c4a5eaba7ebe76c85b8c3,102210fe594ee9b33d82058545b1ed14f4c8206e,linux1804-64-shippable-qr,microsoft,True,,,,,,,,,,,,,,,,,,,,,,,,,,,,,,,,,,,,,,,,,,,,,,,,,,TN,,,,,,,,,,
447082987.0,1843362609,2024-02-13 09:49:45,214.6,c5320acccd4a760b0ae41149fcdd8fe44b658ee7,1376447,autoland,ContentfulSpeedIndex,True,microsoft ContentfulSpeedIndex opt fission warm webrender,,77,ms,firefox,False,|f|i|s|s|i|o|n| |w|a|r|m| |w|e|b|r|e|n|d|e|r|,,3776889,13,9b3df14599f65e991e2c4a5eaba7ebe76c85b8c3,102210fe594ee9b33d82058545b1ed14f4c8206e,linux1804-64-shippable-qr,microsoft,True,,,,,,,,,,,,,,,,,,,,,,,,,,,,,,,,,,,,,,,,,,,,,,,,,,TN,,,,,,,,,,
447112020.0,1843478233,2024-02-13 13:45:34,217.8,0d474eb34652f4c47a16b6d83012c0f2e026dc00,1376559,autoland,ContentfulSpeedIndex,True,microsoft ContentfulSpeedIndex opt fission warm webrender,,77,ms,firefox,False,|f|i|s|s|i|o|n| |w|a|r|m| |w|e|b|r|e|n|d|e|r|,,3776889,13,9b3df14599f65e991e2c4a5eaba7ebe76c85b8c3,102210fe594ee9b33d82058545b1ed14f4c8206e,linux1804-64-shippable-qr,microsoft,True,,,,,,,,,,,,,,,,,,,,,,,,,,,,,,,,,,,,,,,,,,,,,,,,,,TN,,,,,,,,,,
447131186.0,1843551259,2024-02-13 16:46:39,219.6,17329a53b9f9a20247103958883a0ce7c42af78d,1376703,autoland,ContentfulSpeedIndex,True,microsoft ContentfulSpeedIndex opt fission warm webrender,,77,ms,firefox,False,|f|i|s|s|i|o|n| |w|a|r|m| |w|e|b|r|e|n|d|e|r|,,3776889,13,9b3df14599f65e991e2c4a5eaba7ebe76c85b8c3,102210fe594ee9b33d82058545b1ed14f4c8206e,linux1804-64-shippable-qr,microsoft,True,,,,,,,,,,,,,,,,,,,,,,,,,,,,,,,,,,,,,,,,,,,,,,,,,,TN,,,,,,,,,,
447196255.0,1843745859,2024-02-14 00:47:09,215.3,4a18caac75720f24abc9063ce8df5fa6b7948aa4,1376921,autoland,ContentfulSpeedIndex,True,microsoft ContentfulSpeedIndex opt fission warm webrender,,77,ms,firefox,False,|f|i|s|s|i|o|n| |w|a|r|m| |w|e|b|r|e|n|d|e|r|,,3776889,13,9b3df14599f65e991e2c4a5eaba7ebe76c85b8c3,102210fe594ee9b33d82058545b1ed14f4c8206e,linux1804-64-shippable-qr,microsoft,True,,,,,,,,,,,,,,,,,,,,,,,,,,,,,,,,,,,,,,,,,,,,,,,,,,TN,,,,,,,,,,
447199222.0,1843763364,2024-02-14 01:35:59,208.1,aaaa3f2b8fed9e159a8b08e4263034e9a051be71,1376937,autoland,ContentfulSpeedIndex,True,microsoft ContentfulSpeedIndex opt fission warm webrender,,77,ms,firefox,False,|f|i|s|s|i|o|n| |w|a|r|m| |w|e|b|r|e|n|d|e|r|,,3776889,13,9b3df14599f65e991e2c4a5eaba7ebe76c85b8c3,102210fe594ee9b33d82058545b1ed14f4c8206e,linux1804-64-shippable-qr,microsoft,True,,,,,,,,,,,,,,,,,,,,,,,,,,,,,,,,,,,,,,,,,,,,,,,,,,TN,,,,,,,,,,
447215274.0,1843822468,2024-02-14 05:55:05,213.2,1b24ea8c2e7e02f00bd61e8cd672da76b16c42a6,1376972,autoland,ContentfulSpeedIndex,True,microsoft ContentfulSpeedIndex opt fission warm webrender,,77,ms,firefox,False,|f|i|s|s|i|o|n| |w|a|r|m| |w|e|b|r|e|n|d|e|r|,,3776889,13,9b3df14599f65e991e2c4a5eaba7ebe76c85b8c3,102210fe594ee9b33d82058545b1ed14f4c8206e,linux1804-64-shippable-qr,microsoft,True,,,,,,,,,,,,,,,,,,,,,,,,,,,,,,,,,,,,,,,,,,,,,,,,,,TN,,,,,,,,,,
447273710.0,1843978936,2024-02-14 15:32:04,208.9,dca10aca1871edfdba5107bc7766982b186d7f2c,1377071,autoland,ContentfulSpeedIndex,True,microsoft ContentfulSpeedIndex opt fission warm webrender,,77,ms,firefox,False,|f|i|s|s|i|o|n| |w|a|r|m| |w|e|b|r|e|n|d|e|r|,,3776889,13,9b3df14599f65e991e2c4a5eaba7ebe76c85b8c3,102210fe594ee9b33d82058545b1ed14f4c8206e,linux1804-64-shippable-qr,microsoft,True,,,,,,,,,,,,,,,,,,,,,,,,,,,,,,,,,,,,,,,,,,,,,,,,,,TN,,,,,,,,,,
447284880.0,1844037794,2024-02-14 15:37:30,208.8,2ea0fda6ec6ed02a530a3a4bb67fabb0d14d403f,1377078,autoland,ContentfulSpeedIndex,True,microsoft ContentfulSpeedIndex opt fission warm webrender,,77,ms,firefox,False,|f|i|s|s|i|o|n| |w|a|r|m| |w|e|b|r|e|n|d|e|r|,,3776889,13,9b3df14599f65e991e2c4a5eaba7ebe76c85b8c3,102210fe594ee9b33d82058545b1ed14f4c8206e,linux1804-64-shippable-qr,microsoft,True,,,,,,,,,,,,,,,,,,,,,,,,,,,,,,,,,,,,,,,,,,,,,,,,,,TN,,,,,,,,,,
447348483.0,1844255852,2024-02-14 17:52:22,209.6,466985b4c0ca5b200d4dac6fe17e528f81b1c8a7,1377119,autoland,ContentfulSpeedIndex,True,microsoft ContentfulSpeedIndex opt fission warm webrender,,77,ms,firefox,False,|f|i|s|s|i|o|n| |w|a|r|m| |w|e|b|r|e|n|d|e|r|,,3776889,13,9b3df14599f65e991e2c4a5eaba7ebe76c85b8c3,102210fe594ee9b33d82058545b1ed14f4c8206e,linux1804-64-shippable-qr,microsoft,True,,,,,,,,,,,,,,,,,,,,,,,,,,,,,,,,,,,,,,,,,,,,,,,,,,TN,,,,,,,,,,
447350728.0,1844268404,2024-02-14 17:53:01,214.4,223dbcb9e4a51eb75c8c9ed3cd201826a8600b3b,1377120,autoland,ContentfulSpeedIndex,True,microsoft ContentfulSpeedIndex opt fission warm webrender,,77,ms,firefox,False,|f|i|s|s|i|o|n| |w|a|r|m| |w|e|b|r|e|n|d|e|r|,,3776889,13,9b3df14599f65e991e2c4a5eaba7ebe76c85b8c3,102210fe594ee9b33d82058545b1ed14f4c8206e,linux1804-64-shippable-qr,microsoft,True,,,,,,,,,,,,,,,,,,,,,,,,,,,,,,,,,,,,,,,,,,,,,,,,,,TN,,,,,,,,,,
447311060.0,1844092266,2024-02-14 20:39:05,219.3,b0b34dab81d56b5e5ee526c9f44e926db4b27dce,1377195,autoland,ContentfulSpeedIndex,True,microsoft ContentfulSpeedIndex opt fission warm webrender,,77,ms,firefox,False,|f|i|s|s|i|o|n| |w|a|r|m| |w|e|b|r|e|n|d|e|r|,,3776889,13,9b3df14599f65e991e2c4a5eaba7ebe76c85b8c3,102210fe594ee9b33d82058545b1ed14f4c8206e,linux1804-64-shippable-qr,microsoft,True,,,,,,,,,,,,,,,,,,,,,,,,,,,,,,,,,,,,,,,,,,,,,,,,,,TN,,,,,,,,,,
447332003.0,1844159490,2024-02-15 00:51:05,212.9,981afc9a696a12b7e873eae165925138a2726efe,1377256,autoland,ContentfulSpeedIndex,True,microsoft ContentfulSpeedIndex opt fission warm webrender,,77,ms,firefox,False,|f|i|s|s|i|o|n| |w|a|r|m| |w|e|b|r|e|n|d|e|r|,,3776889,13,9b3df14599f65e991e2c4a5eaba7ebe76c85b8c3,102210fe594ee9b33d82058545b1ed14f4c8206e,linux1804-64-shippable-qr,microsoft,True,,,,,,,,,,,,,,,,,,,,,,,,,,,,,,,,,,,,,,,,,,,,,,,,,,TN,,,,,,,,,,
447347992.0,1844236239,2024-02-15 04:52:31,208.4,aa5fc411278d3beae081682cb31a2167257d3aed,1377304,autoland,ContentfulSpeedIndex,True,microsoft ContentfulSpeedIndex opt fission warm webrender,,77,ms,firefox,False,|f|i|s|s|i|o|n| |w|a|r|m| |w|e|b|r|e|n|d|e|r|,,3776889,13,9b3df14599f65e991e2c4a5eaba7ebe76c85b8c3,102210fe594ee9b33d82058545b1ed14f4c8206e,linux1804-64-shippable-qr,microsoft,True,,,,,,,,,,,,,,,,,,,,,,,,,,,,,,,,,,,,,,,,,,,,,,,,,,TN,,,,,,,,,,
447389443.0,1844387251,2024-02-15 12:49:34,205.4,2b4e9ee6225f1183da45d24404e72f48e3803f08,1377375,autoland,ContentfulSpeedIndex,True,microsoft ContentfulSpeedIndex opt fission warm webrender,,77,ms,firefox,False,|f|i|s|s|i|o|n| |w|a|r|m| |w|e|b|r|e|n|d|e|r|,,3776889,13,9b3df14599f65e991e2c4a5eaba7ebe76c85b8c3,102210fe594ee9b33d82058545b1ed14f4c8206e,linux1804-64-shippable-qr,microsoft,True,,,,,,,,,,,,,,,,,,,,,,,,,,,,,,,,,,,,,,,,,,,,,,,,,,TN,,,,,,,,,,
447407216.0,1844451783,2024-02-15 16:23:45,215.0,dbe553dd13b79a3c4821f203f3adca31fe71cc56,1377427,autoland,ContentfulSpeedIndex,True,microsoft ContentfulSpeedIndex opt fission warm webrender,,77,ms,firefox,False,|f|i|s|s|i|o|n| |w|a|r|m| |w|e|b|r|e|n|d|e|r|,,3776889,13,9b3df14599f65e991e2c4a5eaba7ebe76c85b8c3,102210fe594ee9b33d82058545b1ed14f4c8206e,linux1804-64-shippable-qr,microsoft,True,,,,,,,,,,,,,,,,,,,,,,,,,,,,,,,,,,,,,,,,,,,,,,,,,,TN,,,,,,,,,,
447479998.0,1844713000,2024-02-15 16:24:25,211.5,960b4f0570e98c1d761e11649d09838eb8123a33,1377428,autoland,ContentfulSpeedIndex,True,microsoft ContentfulSpeedIndex opt fission warm webrender,,77,ms,firefox,False,|f|i|s|s|i|o|n| |w|a|r|m| |w|e|b|r|e|n|d|e|r|,,3776889,13,9b3df14599f65e991e2c4a5eaba7ebe76c85b8c3,102210fe594ee9b33d82058545b1ed14f4c8206e,linux1804-64-shippable-qr,microsoft,True,,,,,,,,,,,,,,,,,,,,,,,,,,,,,,,,,,,,,,,,,,,,,,,,,,TN,,,,,,,,,,
447430640.0,1844559842,2024-02-15 20:44:46,210.4,02d5bc9805676f9a22f3cef50c86ddc38e7534d9,1377493,autoland,ContentfulSpeedIndex,True,microsoft ContentfulSpeedIndex opt fission warm webrender,,77,ms,firefox,False,|f|i|s|s|i|o|n| |w|a|r|m| |w|e|b|r|e|n|d|e|r|,,3776889,13,9b3df14599f65e991e2c4a5eaba7ebe76c85b8c3,102210fe594ee9b33d82058545b1ed14f4c8206e,linux1804-64-shippable-qr,microsoft,True,,,,,,,,,,,,,,,,,,,,,,,,,,,,,,,,,,,,,,,,,,,,,,,,,,TN,,,,,,,,,,
447437618.0,1844599721,2024-02-15 22:19:13,203.2,798af36e79586239c3954fe06796d9a27a353b92,1377518,autoland,ContentfulSpeedIndex,True,microsoft ContentfulSpeedIndex opt fission warm webrender,,77,ms,firefox,False,|f|i|s|s|i|o|n| |w|a|r|m| |w|e|b|r|e|n|d|e|r|,,3776889,13,9b3df14599f65e991e2c4a5eaba7ebe76c85b8c3,102210fe594ee9b33d82058545b1ed14f4c8206e,linux1804-64-shippable-qr,microsoft,True,,,,,,,,,,,,,,,,,,,,,,,,,,,,,,,,,,,,,,,,,,,,,,,,,,TN,,,,,,,,,,
447484568.0,1844726872,2024-02-16 06:24:45,208.4,861d200fe3e761e23bbb6ce556446725fb01cd43,1378006,autoland,ContentfulSpeedIndex,True,microsoft ContentfulSpeedIndex opt fission warm webrender,,77,ms,firefox,False,|f|i|s|s|i|o|n| |w|a|r|m| |w|e|b|r|e|n|d|e|r|,,3776889,13,9b3df14599f65e991e2c4a5eaba7ebe76c85b8c3,102210fe594ee9b33d82058545b1ed14f4c8206e,linux1804-64-shippable-qr,microsoft,True,,,,,,,,,,,,,,,,,,,,,,,,,,,,,,,,,,,,,,,,,,,,,,,,,,TN,,,,,,,,,,
447521546.0,1844830148,2024-02-16 14:55:53,216.1,313b43f262a908e7e012c7d19f326345a0863bae,1378386,autoland,ContentfulSpeedIndex,True,microsoft ContentfulSpeedIndex opt fission warm webrender,,77,ms,firefox,False,|f|i|s|s|i|o|n| |w|a|r|m| |w|e|b|r|e|n|d|e|r|,,3776889,13,9b3df14599f65e991e2c4a5eaba7ebe76c85b8c3,102210fe594ee9b33d82058545b1ed14f4c8206e,linux1804-64-shippable-qr,microsoft,True,,,,,,,,,,,,,,,,,,,,,,,,,,,,,,,,,,,,,,,,,,,,,,,,,,TN,,,,,,,,,,
447564745.0,1845039604,2024-02-17 16:55:38,213.3,2af34b4c9adf8c8defd3251b569af9c38cc0a429,1378583,autoland,ContentfulSpeedIndex,True,microsoft ContentfulSpeedIndex opt fission warm webrender,,77,ms,firefox,False,|f|i|s|s|i|o|n| |w|a|r|m| |w|e|b|r|e|n|d|e|r|,,3776889,13,9b3df14599f65e991e2c4a5eaba7ebe76c85b8c3,102210fe594ee9b33d82058545b1ed14f4c8206e,linux1804-64-shippable-qr,microsoft,True,,,,,,,,,,,,,,,,,,,,,,,,,,,,,,,,,,,,,,,,,,,,,,,,,,TN,,,,,,,,,,
447595444.0,1845202811,2024-02-19 03:31:58,212.7,fcdb3e9046c67688b2a5b8aeb6451b081b3b52ea,1378717,autoland,ContentfulSpeedIndex,True,microsoft ContentfulSpeedIndex opt fission warm webrender,,77,ms,firefox,False,|f|i|s|s|i|o|n| |w|a|r|m| |w|e|b|r|e|n|d|e|r|,,3776889,13,9b3df14599f65e991e2c4a5eaba7ebe76c85b8c3,102210fe594ee9b33d82058545b1ed14f4c8206e,linux1804-64-shippable-qr,microsoft,True,,,,,,,,,,,,,,,,,,,,,,,,,,,,,,,,,,,,,,,,,,,,,,,,,,TN,,,,,,,,,,
447614877.0,1845314097,2024-02-19 10:14:02,209.8,1dcfa194ad7d005175d431adf6ee3b93c00fb453,1378796,autoland,ContentfulSpeedIndex,True,microsoft ContentfulSpeedIndex opt fission warm webrender,,77,ms,firefox,False,|f|i|s|s|i|o|n| |w|a|r|m| |w|e|b|r|e|n|d|e|r|,,3776889,13,9b3df14599f65e991e2c4a5eaba7ebe76c85b8c3,102210fe594ee9b33d82058545b1ed14f4c8206e,linux1804-64-shippable-qr,microsoft,True,,,,,,,,,,,,,,,,,,,,,,,,,,,,,,,,,,,,,,,,,,,,,,,,,,TN,,,,,,,,,,
447638906.0,1845380582,2024-02-19 12:40:02,213.0,ac4ab326e785a5ad42ce51b54749c2bcce394916,1378838,autoland,ContentfulSpeedIndex,True,microsoft ContentfulSpeedIndex opt fission warm webrender,,77,ms,firefox,False,|f|i|s|s|i|o|n| |w|a|r|m| |w|e|b|r|e|n|d|e|r|,,3776889,13,9b3df14599f65e991e2c4a5eaba7ebe76c85b8c3,102210fe594ee9b33d82058545b1ed14f4c8206e,linux1804-64-shippable-qr,microsoft,True,,,,,,,,,,,,,,,,,,,,,,,,,,,,,,,,,,,,,,,,,,,,,,,,,,TN,,,,,,,,,,
447667898.0,1845448112,2024-02-19 16:50:13,208.9,bef8b1b461b8524917fc01cd866e903290b1d7f6,1378949,autoland,ContentfulSpeedIndex,True,microsoft ContentfulSpeedIndex opt fission warm webrender,,77,ms,firefox,False,|f|i|s|s|i|o|n| |w|a|r|m| |w|e|b|r|e|n|d|e|r|,,3776889,13,9b3df14599f65e991e2c4a5eaba7ebe76c85b8c3,102210fe594ee9b33d82058545b1ed14f4c8206e,linux1804-64-shippable-qr,microsoft,True,,,,,,,,,,,,,,,,,,,,,,,,,,,,,,,,,,,,,,,,,,,,,,,,,,TN,,,,,,,,,,
447688195.0,1845507366,2024-02-19 20:56:27,213.4,2f43b0ae1352efb25f67ffe4f86884c0eb959adb,1379008,autoland,ContentfulSpeedIndex,True,microsoft ContentfulSpeedIndex opt fission warm webrender,,77,ms,firefox,False,|f|i|s|s|i|o|n| |w|a|r|m| |w|e|b|r|e|n|d|e|r|,,3776889,13,9b3df14599f65e991e2c4a5eaba7ebe76c85b8c3,102210fe594ee9b33d82058545b1ed14f4c8206e,linux1804-64-shippable-qr,microsoft,True,,,,,,,,,,,,,,,,,,,,,,,,,,,,,,,,,,,,,,,,,,,,,,,,,,TN,,,,,,,,,,
447698077.0,1845550944,2024-02-19 22:19:49,210.4,e9309553f817fa164bde4c229fe12ae51207bed9,1379038,autoland,ContentfulSpeedIndex,True,microsoft ContentfulSpeedIndex opt fission warm webrender,,77,ms,firefox,False,|f|i|s|s|i|o|n| |w|a|r|m| |w|e|b|r|e|n|d|e|r|,,3776889,13,9b3df14599f65e991e2c4a5eaba7ebe76c85b8c3,102210fe594ee9b33d82058545b1ed14f4c8206e,linux1804-64-shippable-qr,microsoft,True,,,,,,,,,,,,,,,,,,,,,,,,,,,,,,,,,,,,,,,,,,,,,,,,,,TN,,,,,,,,,,
447716013.0,1845646706,2024-02-19 22:21:54,217.9,da0966c2c2d5b4f7c7f1b4d5702cd8c1f77e8633,1379039,autoland,ContentfulSpeedIndex,True,microsoft ContentfulSpeedIndex opt fission warm webrender,,77,ms,firefox,False,|f|i|s|s|i|o|n| |w|a|r|m| |w|e|b|r|e|n|d|e|r|,,3776889,13,9b3df14599f65e991e2c4a5eaba7ebe76c85b8c3,102210fe594ee9b33d82058545b1ed14f4c8206e,linux1804-64-shippable-qr,microsoft,True,,,,,,,,,,,,,,,,,,,,,,,,,,,,,,,,,,,,,,,,,,,,,,,,,,TN,,,,,,,,,,
447711887.0,1845606699,2024-02-20 03:01:00,209.8,ad2add2f3c608b924436c34684c1a775130e74ce,1379095,autoland,ContentfulSpeedIndex,True,microsoft ContentfulSpeedIndex opt fission warm webrender,,77,ms,firefox,False,|f|i|s|s|i|o|n| |w|a|r|m| |w|e|b|r|e|n|d|e|r|,,3776889,13,9b3df14599f65e991e2c4a5eaba7ebe76c85b8c3,102210fe594ee9b33d82058545b1ed14f4c8206e,linux1804-64-shippable-qr,microsoft,True,,,,,,,,,,,,,,,,,,,,,,,,,,,,,,,,,,,,,,,,,,,,,,,,,,TN,,,,,,,,,,
447728507.0,1845705561,2024-02-20 09:01:06,216.2,cc3c4937fb69e80b552b61a4f2dfd1405b518d89,1379152,autoland,ContentfulSpeedIndex,True,microsoft ContentfulSpeedIndex opt fission warm webrender,,77,ms,firefox,False,|f|i|s|s|i|o|n| |w|a|r|m| |w|e|b|r|e|n|d|e|r|,,3776889,13,9b3df14599f65e991e2c4a5eaba7ebe76c85b8c3,102210fe594ee9b33d82058545b1ed14f4c8206e,linux1804-64-shippable-qr,microsoft,True,,,,,,,,,,,,,,,,,,,,,,,,,,,,,,,,,,,,,,,,,,,,,,,,,,TN,,,,,,,,,,
447775292.0,1845887303,2024-02-20 16:46:59,221.2,0465723cfb4ca46ccf93d696eb564093a1d9f2e6,1379390,autoland,ContentfulSpeedIndex,True,microsoft ContentfulSpeedIndex opt fission warm webrender,,77,ms,firefox,False,|f|i|s|s|i|o|n| |w|a|r|m| |w|e|b|r|e|n|d|e|r|,,3776889,13,9b3df14599f65e991e2c4a5eaba7ebe76c85b8c3,102210fe594ee9b33d82058545b1ed14f4c8206e,linux1804-64-shippable-qr,microsoft,True,,,,,,,,,,,,,,,,,,,,,,,,,,,,,,,,,,,,,,,,,,,,,,,,,,TN,,,,,,,,,,
447802373.0,1845973057,2024-02-20 20:06:07,210.3,53f7baad39fc2408bc5c1ab6df97372a395730a4,1379528,autoland,ContentfulSpeedIndex,True,microsoft ContentfulSpeedIndex opt fission warm webrender,,77,ms,firefox,False,|f|i|s|s|i|o|n| |w|a|r|m| |w|e|b|r|e|n|d|e|r|,,3776889,13,9b3df14599f65e991e2c4a5eaba7ebe76c85b8c3,102210fe594ee9b33d82058545b1ed14f4c8206e,linux1804-64-shippable-qr,microsoft,True,,,,,,,,,,,,,,,,,,,,,,,,,,,,,,,,,,,,,,,,,,,,,,,,,,TN,,,,,,,,,,
447830318.0,1846053107,2024-02-21 00:08:41,210.0,05e1180d2aa04a8882ff66dfaeeb0705694f7a61,1379609,autoland,ContentfulSpeedIndex,True,microsoft ContentfulSpeedIndex opt fission warm webrender,,77,ms,firefox,False,|f|i|s|s|i|o|n| |w|a|r|m| |w|e|b|r|e|n|d|e|r|,,3776889,13,9b3df14599f65e991e2c4a5eaba7ebe76c85b8c3,102210fe594ee9b33d82058545b1ed14f4c8206e,linux1804-64-shippable-qr,microsoft,True,,,,,,,,,,,,,,,,,,,,,,,,,,,,,,,,,,,,,,,,,,,,,,,,,,TN,,,,,,,,,,
447832378.0,1846070920,2024-02-21 00:41:01,216.9,119078d182dd2557cd70eb6933abc1ecfb499edd,1379618,autoland,ContentfulSpeedIndex,True,microsoft ContentfulSpeedIndex opt fission warm webrender,,77,ms,firefox,False,|f|i|s|s|i|o|n| |w|a|r|m| |w|e|b|r|e|n|d|e|r|,,3776889,13,9b3df14599f65e991e2c4a5eaba7ebe76c85b8c3,102210fe594ee9b33d82058545b1ed14f4c8206e,linux1804-64-shippable-qr,microsoft,True,,,,,,,,,,,,,,,,,,,,,,,,,,,,,,,,,,,,,,,,,,,,,,,,,,TN,,,,,,,,,,
447845950.0,1846141310,2024-02-21 05:21:04,219.2,714d9f89093457451e3881a56b2477e958b70fe0,1379764,autoland,ContentfulSpeedIndex,True,microsoft ContentfulSpeedIndex opt fission warm webrender,,77,ms,firefox,False,|f|i|s|s|i|o|n| |w|a|r|m| |w|e|b|r|e|n|d|e|r|,,3776889,13,9b3df14599f65e991e2c4a5eaba7ebe76c85b8c3,102210fe594ee9b33d82058545b1ed14f4c8206e,linux1804-64-shippable-qr,microsoft,True,,,,,,,,,,,,,,,,,,,,,,,,,,,,,,,,,,,,,,,,,,,,,,,,,,TN,,,,,,,,,,
447877031.0,1846266308,2024-02-21 10:11:10,214.4,764b93d1a22891bddaaec4e5f73836957d938bac,1379832,autoland,ContentfulSpeedIndex,True,microsoft ContentfulSpeedIndex opt fission warm webrender,,77,ms,firefox,False,|f|i|s|s|i|o|n| |w|a|r|m| |w|e|b|r|e|n|d|e|r|,,3776889,13,9b3df14599f65e991e2c4a5eaba7ebe76c85b8c3,102210fe594ee9b33d82058545b1ed14f4c8206e,linux1804-64-shippable-qr,microsoft,True,,,,,,,,,,,,,,,,,,,,,,,,,,,,,,,,,,,,,,,,,,,,,,,,,,TN,,,,,,,,,,
447877898.0,1846276827,2024-02-21 10:22:21,217.6,24ffc625c71e9cb6e20c48936ac06da6ec066694,1379838,autoland,ContentfulSpeedIndex,True,microsoft ContentfulSpeedIndex opt fission warm webrender,,77,ms,firefox,False,|f|i|s|s|i|o|n| |w|a|r|m| |w|e|b|r|e|n|d|e|r|,,3776889,13,9b3df14599f65e991e2c4a5eaba7ebe76c85b8c3,102210fe594ee9b33d82058545b1ed14f4c8206e,linux1804-64-shippable-qr,microsoft,True,,,,,,,,,,,,,,,,,,,,,,,,,,,,,,,,,,,,,,,,,,,,,,,,,,TN,,,,,,,,,,
447923766.0,1846439663,2024-02-21 14:24:58,221.3,799f79fdcedba2bbccee86179c8b547894a16162,1379926,autoland,ContentfulSpeedIndex,True,microsoft ContentfulSpeedIndex opt fission warm webrender,,77,ms,firefox,False,|f|i|s|s|i|o|n| |w|a|r|m| |w|e|b|r|e|n|d|e|r|,,3776889,13,9b3df14599f65e991e2c4a5eaba7ebe76c85b8c3,102210fe594ee9b33d82058545b1ed14f4c8206e,linux1804-64-shippable-qr,microsoft,True,,,,,,,,,,,,,,,,,,,,,,,,,,,,,,,,,,,,,,,,,,,,,,,,,,TN,,,,,,,,,,
447919847.0,1846416648,2024-02-21 15:14:56,205.3,f8dd4015fa59fee3a1a74c00cd2393a9578e49f0,1379958,autoland,ContentfulSpeedIndex,True,microsoft ContentfulSpeedIndex opt fission warm webrender,,77,ms,firefox,False,|f|i|s|s|i|o|n| |w|a|r|m| |w|e|b|r|e|n|d|e|r|,,3776889,13,9b3df14599f65e991e2c4a5eaba7ebe76c85b8c3,102210fe594ee9b33d82058545b1ed14f4c8206e,linux1804-64-shippable-qr,microsoft,True,,,,,,,,,,,,,,,,,,,,,,,,,,,,,,,,,,,,,,,,,,,,,,,,,,TN,,,,,,,,,,
447959075.0,1846685039,2024-02-21 20:37:48,207.0,bec4dc4bd9ce0a51dab009936bc838963e3f16b3,1380197,autoland,ContentfulSpeedIndex,True,microsoft ContentfulSpeedIndex opt fission warm webrender,,77,ms,firefox,False,|f|i|s|s|i|o|n| |w|a|r|m| |w|e|b|r|e|n|d|e|r|,,3776889,13,9b3df14599f65e991e2c4a5eaba7ebe76c85b8c3,102210fe594ee9b33d82058545b1ed14f4c8206e,linux1804-64-shippable-qr,microsoft,True,,,,,,,,,,,,,,,,,,,,,,,,,,,,,,,,,,,,,,,,,,,,,,,,,,TN,,,,,,,,,,
447962143.0,1846703319,2024-02-21 20:47:55,222.5,31b9ef95a482db91c24a809eb6a64f2c0d7f8f9d,1380210,autoland,ContentfulSpeedIndex,True,microsoft ContentfulSpeedIndex opt fission warm webrender,,77,ms,firefox,False,|f|i|s|s|i|o|n| |w|a|r|m| |w|e|b|r|e|n|d|e|r|,,3776889,13,9b3df14599f65e991e2c4a5eaba7ebe76c85b8c3,102210fe594ee9b33d82058545b1ed14f4c8206e,linux1804-64-shippable-qr,microsoft,True,,,,,,,,,,,,,,,,,,,,,,,,,,,,,,,,,,,,,,,,,,,,,,,,,,TN,,,,,,,,,,
447994903.0,1846816424,2024-02-22 00:49:41,215.8,445c60e096fe3cdc8b7169881875c476febfe082,1380338,autoland,ContentfulSpeedIndex,True,microsoft ContentfulSpeedIndex opt fission warm webrender,,77,ms,firefox,False,|f|i|s|s|i|o|n| |w|a|r|m| |w|e|b|r|e|n|d|e|r|,,3776889,13,9b3df14599f65e991e2c4a5eaba7ebe76c85b8c3,102210fe594ee9b33d82058545b1ed14f4c8206e,linux1804-64-shippable-qr,microsoft,True,,,,,,,,,,,,,,,,,,,,,,,,,,,,,,,,,,,,,,,,,,,,,,,,,,TN,,,,,,,,,,
448166025.0,1847569974,2024-02-22 00:56:42,219.3,c5e3b3132f32b45a2d65870d86690f854c5531fb,1380343,autoland,ContentfulSpeedIndex,True,microsoft ContentfulSpeedIndex opt fission warm webrender,,77,ms,firefox,False,|f|i|s|s|i|o|n| |w|a|r|m| |w|e|b|r|e|n|d|e|r|,,3776889,13,9b3df14599f65e991e2c4a5eaba7ebe76c85b8c3,102210fe594ee9b33d82058545b1ed14f4c8206e,linux1804-64-shippable-qr,microsoft,True,,,,,,,,,,,,,,,,,,,,,,,,,,,,,,,,,,,,,,,,,,,,,,,,,,TN,,,,,,,,,,
448166590.0,1847586709,2024-02-22 02:02:43,203.9,c5bcba5528449aa68d66ae69932dfb3ae2d19030,1380372,autoland,ContentfulSpeedIndex,True,microsoft ContentfulSpeedIndex opt fission warm webrender,,77,ms,firefox,False,|f|i|s|s|i|o|n| |w|a|r|m| |w|e|b|r|e|n|d|e|r|,,3776889,13,9b3df14599f65e991e2c4a5eaba7ebe76c85b8c3,102210fe594ee9b33d82058545b1ed14f4c8206e,linux1804-64-shippable-qr,microsoft,True,,,,,,,,,,,,,,,,,,,,,,,,,,,,,,,,,,,,,,,,,,,,,,,,,,TN,,,,,,,,,,
447999300.0,1846862443,2024-02-22 02:03:24,216.1,093d37f32ef033aa168508e96b9ec2e753850ccc,1380373,autoland,ContentfulSpeedIndex,True,microsoft ContentfulSpeedIndex opt fission warm webrender,,77,ms,firefox,False,|f|i|s|s|i|o|n| |w|a|r|m| |w|e|b|r|e|n|d|e|r|,,3776889,13,9b3df14599f65e991e2c4a5eaba7ebe76c85b8c3,102210fe594ee9b33d82058545b1ed14f4c8206e,linux1804-64-shippable-qr,microsoft,True,,,,,,,,,,,,,,,,,,,,,,,,,,,,,,,,,,,,,,,,,,,,,,,,,,TN,,,,,,,,,,
448015235.0,1846931404,2024-02-22 06:55:22,206.7,e32e8effe8493ec71ad7a3b2b043f7742905b2be,1380445,autoland,ContentfulSpeedIndex,True,microsoft ContentfulSpeedIndex opt fission warm webrender,,77,ms,firefox,False,|f|i|s|s|i|o|n| |w|a|r|m| |w|e|b|r|e|n|d|e|r|,,3776889,13,9b3df14599f65e991e2c4a5eaba7ebe76c85b8c3,102210fe594ee9b33d82058545b1ed14f4c8206e,linux1804-64-shippable-qr,microsoft,True,,,,,,,,,,,,,,,,,,,,,,,,,,,,,,,,,,,,,,,,,,,,,,,,,,TN,,,,,,,,,,
448047267.0,1847109370,2024-02-22 08:58:43,217.5,836800665817ebbf328952caef8477f135630733,1380488,autoland,ContentfulSpeedIndex,True,microsoft ContentfulSpeedIndex opt fission warm webrender,,77,ms,firefox,False,|f|i|s|s|i|o|n| |w|a|r|m| |w|e|b|r|e|n|d|e|r|,,3776889,13,9b3df14599f65e991e2c4a5eaba7ebe76c85b8c3,102210fe594ee9b33d82058545b1ed14f4c8206e,linux1804-64-shippable-qr,microsoft,True,,,,,,,,,,,,,,,,,,,,,,,,,,,,,,,,,,,,,,,,,,,,,,,,,,TN,,,,,,,,,,
448071972.0,1847146462,2024-02-22 12:54:00,208.8,583b3985eb0c0410cf6ebaf8e2f5c576185726c5,1380594,autoland,ContentfulSpeedIndex,True,microsoft ContentfulSpeedIndex opt fission warm webrender,,77,ms,firefox,False,|f|i|s|s|i|o|n| |w|a|r|m| |w|e|b|r|e|n|d|e|r|,,3776889,13,9b3df14599f65e991e2c4a5eaba7ebe76c85b8c3,102210fe594ee9b33d82058545b1ed14f4c8206e,linux1804-64-shippable-qr,microsoft,True,,,,,,,,,,,,,,,,,,,,,,,,,,,,,,,,,,,,,,,,,,,,,,,,,,TN,,,,,,,,,,
448166100.0,1847578821,2024-02-22 13:02:14,206.8,97926aad2648cc77b8f5753c0c31e56cb3ca5f7d,1380599,autoland,ContentfulSpeedIndex,True,microsoft ContentfulSpeedIndex opt fission warm webrender,,77,ms,firefox,False,|f|i|s|s|i|o|n| |w|a|r|m| |w|e|b|r|e|n|d|e|r|,,3776889,13,9b3df14599f65e991e2c4a5eaba7ebe76c85b8c3,102210fe594ee9b33d82058545b1ed14f4c8206e,linux1804-64-shippable-qr,microsoft,True,,,,,,,,,,,,,,,,,,,,,,,,,,,,,,,,,,,,,,,,,,,,,,,,,,TN,,,,,,,,,,
448165954.0,1847558369,2024-02-22 13:09:22,210.5,7bc8ecb228993ee2c97c23dca54d66d6419999dc,1380603,autoland,ContentfulSpeedIndex,True,microsoft ContentfulSpeedIndex opt fission warm webrender,,77,ms,firefox,False,|f|i|s|s|i|o|n| |w|a|r|m| |w|e|b|r|e|n|d|e|r|,,3776889,13,9b3df14599f65e991e2c4a5eaba7ebe76c85b8c3,102210fe594ee9b33d82058545b1ed14f4c8206e,linux1804-64-shippable-qr,microsoft,True,,,,,,,,,,,,,,,,,,,,,,,,,,,,,,,,,,,,,,,,,,,,,,,,,,TN,,,,,,,,,,
448167405.0,1847599720,2024-02-22 14:58:00,214.4,2d093d7624aece78778af6f1acee484f469f26d5,1380678,autoland,ContentfulSpeedIndex,True,microsoft ContentfulSpeedIndex opt fission warm webrender,,77,ms,firefox,False,|f|i|s|s|i|o|n| |w|a|r|m| |w|e|b|r|e|n|d|e|r|,,3776889,13,9b3df14599f65e991e2c4a5eaba7ebe76c85b8c3,102210fe594ee9b33d82058545b1ed14f4c8206e,linux1804-64-shippable-qr,microsoft,True,,,,,,,,,,,,,,,,,,,,,,,,,,,,,,,,,,,,,,,,,,,,,,,,,,TN,,,,,,,,,,
448165739.0,1847542406,2024-02-22 15:08:55,210.1,eaba203b7e9f80d2f6f8c1e80a832c1401ae2b9f,1380688,autoland,ContentfulSpeedIndex,True,microsoft ContentfulSpeedIndex opt fission warm webrender,,77,ms,firefox,False,|f|i|s|s|i|o|n| |w|a|r|m| |w|e|b|r|e|n|d|e|r|,,3776889,13,9b3df14599f65e991e2c4a5eaba7ebe76c85b8c3,102210fe594ee9b33d82058545b1ed14f4c8206e,linux1804-64-shippable-qr,microsoft,True,,,,,,,,,,,,,,,,,,,,,,,,,,,,,,,,,,,,,,,,,,,,,,,,,,TN,,,,,,,,,,
448097330.0,1847252120,2024-02-22 16:54:14,219.3,51ea0932b27ba455533226277e6c6deeb38a8fd4,1380794,autoland,ContentfulSpeedIndex,True,microsoft ContentfulSpeedIndex opt fission warm webrender,,77,ms,firefox,False,|f|i|s|s|i|o|n| |w|a|r|m| |w|e|b|r|e|n|d|e|r|,,3776889,13,9b3df14599f65e991e2c4a5eaba7ebe76c85b8c3,102210fe594ee9b33d82058545b1ed14f4c8206e,linux1804-64-shippable-qr,microsoft,True,,,,,,,,,,,,,,,,,,,,,,,,,,,,,,,,,,,,,,,,,,,,,,,,,,TN,,,,,,,,,,
448101644.0,1847270969,2024-02-22 17:17:40,216.1,aac0a57bd987ca0633e2f48ca37f8564344749b9,1380806,autoland,ContentfulSpeedIndex,True,microsoft ContentfulSpeedIndex opt fission warm webrender,,77,ms,firefox,False,|f|i|s|s|i|o|n| |w|a|r|m| |w|e|b|r|e|n|d|e|r|,,3776889,13,9b3df14599f65e991e2c4a5eaba7ebe76c85b8c3,102210fe594ee9b33d82058545b1ed14f4c8206e,linux1804-64-shippable-qr,microsoft,True,,,,,,,,,,,,,,,,,,,,,,,,,,,,,,,,,,,,,,,,,,,,,,,,,,TN,,,,,,,,,,
448137741.0,1847386825,2024-02-22 21:59:43,217.3,1b60bca1b546c120891a0263bcdf7757d75178bc,1380998,autoland,ContentfulSpeedIndex,True,microsoft ContentfulSpeedIndex opt fission warm webrender,,77,ms,firefox,False,|f|i|s|s|i|o|n| |w|a|r|m| |w|e|b|r|e|n|d|e|r|,,3776889,13,9b3df14599f65e991e2c4a5eaba7ebe76c85b8c3,102210fe594ee9b33d82058545b1ed14f4c8206e,linux1804-64-shippable-qr,microsoft,True,,,,,,,,,,,,,,,,,,,,,,,,,,,,,,,,,,,,,,,,,,,,,,,,,,TN,,,,,,,,,,
448138355.0,1847408260,2024-02-22 22:05:44,213.1,3157eece201c15988ff693f9746bc767ad633fa8,1381007,autoland,ContentfulSpeedIndex,True,microsoft ContentfulSpeedIndex opt fission warm webrender,,77,ms,firefox,False,|f|i|s|s|i|o|n| |w|a|r|m| |w|e|b|r|e|n|d|e|r|,,3776889,13,9b3df14599f65e991e2c4a5eaba7ebe76c85b8c3,102210fe594ee9b33d82058545b1ed14f4c8206e,linux1804-64-shippable-qr,microsoft,True,,,,,,,,,,,,,,,,,,,,,,,,,,,,,,,,,,,,,,,,,,,,,,,,,,TN,,,,,,,,,,
448162213.0,1847502162,2024-02-23 03:42:44,208.6,90d2dd7d6b48918404ecc4906e62fa106b4238a9,1381156,autoland,ContentfulSpeedIndex,True,microsoft ContentfulSpeedIndex opt fission warm webrender,,77,ms,firefox,False,|f|i|s|s|i|o|n| |w|a|r|m| |w|e|b|r|e|n|d|e|r|,,3776889,13,9b3df14599f65e991e2c4a5eaba7ebe76c85b8c3,102210fe594ee9b33d82058545b1ed14f4c8206e,linux1804-64-shippable-qr,microsoft,True,,,,,,,,,,,,,,,,,,,,,,,,,,,,,,,,,,,,,,,,,,,,,,,,,,TN,,,,,,,,,,
448174339.0,1847614371,2024-02-23 07:23:44,210.1,21d2a36f8f072b9b57adbeb73eca449f62093ca3,1381206,autoland,ContentfulSpeedIndex,True,microsoft ContentfulSpeedIndex opt fission warm webrender,,77,ms,firefox,False,|f|i|s|s|i|o|n| |w|a|r|m| |w|e|b|r|e|n|d|e|r|,,3776889,13,9b3df14599f65e991e2c4a5eaba7ebe76c85b8c3,102210fe594ee9b33d82058545b1ed14f4c8206e,linux1804-64-shippable-qr,microsoft,True,,,,,,,,,,,,,,,,,,,,,,,,,,,,,,,,,,,,,,,,,,,,,,,,,,TN,,,,,,,,,,
448216634.0,1847750447,2024-02-23 12:03:57,223.8,75e12d12d89c2d79200c0057830f9e0c37f973f5,1381319,autoland,ContentfulSpeedIndex,True,microsoft ContentfulSpeedIndex opt fission warm webrender,,77,ms,firefox,False,|f|i|s|s|i|o|n| |w|a|r|m| |w|e|b|r|e|n|d|e|r|,,3776889,13,9b3df14599f65e991e2c4a5eaba7ebe76c85b8c3,102210fe594ee9b33d82058545b1ed14f4c8206e,linux1804-64-shippable-qr,microsoft,True,,,,,,,,,,,,,,,,,,,,,,,,,,,,,,,,,,,,,,,,,,,,,,,,,,TN,,,,,,,,,,
448316862.0,1848188817,2024-02-23 14:24:56,213.0,80e08d441c6cb001610ee0f198a3dcf424bafd4f,1381381,autoland,ContentfulSpeedIndex,True,microsoft ContentfulSpeedIndex opt fission warm webrender,,77,ms,firefox,False,|f|i|s|s|i|o|n| |w|a|r|m| |w|e|b|r|e|n|d|e|r|,,3776889,13,9b3df14599f65e991e2c4a5eaba7ebe76c85b8c3,102210fe594ee9b33d82058545b1ed14f4c8206e,linux1804-64-shippable-qr,microsoft,True,,,,,,,,,,,,,,,,,,,,,,,,,,,,,,,,,,,,,,,,,,,,,,,,,,TN,,,,,,,,,,
448317087.0,1848192899,2024-02-23 14:54:44,220.0,a700ab961a223f6d614abe258766bed35dab027b,1381402,autoland,ContentfulSpeedIndex,True,microsoft ContentfulSpeedIndex opt fission warm webrender,,77,ms,firefox,False,|f|i|s|s|i|o|n| |w|a|r|m| |w|e|b|r|e|n|d|e|r|,,3776889,13,9b3df14599f65e991e2c4a5eaba7ebe76c85b8c3,102210fe594ee9b33d82058545b1ed14f4c8206e,linux1804-64-shippable-qr,microsoft,True,,,,,,,,,,,,,,,,,,,,,,,,,,,,,,,,,,,,,,,,,,,,,,,,,,TN,,,,,,,,,,
448240140.0,1847863132,2024-02-23 15:17:21,211.4,e2c67ce1b79f08538c8f70b2089d860802aa289e,1381416,autoland,ContentfulSpeedIndex,True,microsoft ContentfulSpeedIndex opt fission warm webrender,,77,ms,firefox,False,|f|i|s|s|i|o|n| |w|a|r|m| |w|e|b|r|e|n|d|e|r|,,3776889,13,9b3df14599f65e991e2c4a5eaba7ebe76c85b8c3,102210fe594ee9b33d82058545b1ed14f4c8206e,linux1804-64-shippable-qr,microsoft,True,,,,,,,,,,,,,,,,,,,,,,,,,,,,,,,,,,,,,,,,,,,,,,,,,,TN,,,,,,,,,,
448262485.0,1847955597,2024-02-23 18:14:32,217.9,dccf526bcc0afbf9f7abd33abff453ced5a76335,1381598,autoland,ContentfulSpeedIndex,True,microsoft ContentfulSpeedIndex opt fission warm webrender,,77,ms,firefox,False,|f|i|s|s|i|o|n| |w|a|r|m| |w|e|b|r|e|n|d|e|r|,,3776889,13,9b3df14599f65e991e2c4a5eaba7ebe76c85b8c3,102210fe594ee9b33d82058545b1ed14f4c8206e,linux1804-64-shippable-qr,microsoft,True,,,,,,,,,,,,,,,,,,,,,,,,,,,,,,,,,,,,,,,,,,,,,,,,,,TN,,,,,,,,,,
448316821.0,1848186226,2024-02-23 18:28:43,212.6,85863a9ea2f0fb7ef6aeecaafc6836e9ae4a8178,1381603,autoland,ContentfulSpeedIndex,True,microsoft ContentfulSpeedIndex opt fission warm webrender,,77,ms,firefox,False,|f|i|s|s|i|o|n| |w|a|r|m| |w|e|b|r|e|n|d|e|r|,,3776889,13,9b3df14599f65e991e2c4a5eaba7ebe76c85b8c3,102210fe594ee9b33d82058545b1ed14f4c8206e,linux1804-64-shippable-qr,microsoft,True,,,,,,,,,,,,,,,,,,,,,,,,,,,,,,,,,,,,,,,,,,,,,,,,,,TN,,,,,,,,,,
448316701.0,1848171224,2024-02-23 18:35:41,210.1,d2eef8673a91da595254a8300b7af61b8e569b63,1381609,autoland,ContentfulSpeedIndex,True,microsoft ContentfulSpeedIndex opt fission warm webrender,,77,ms,firefox,False,|f|i|s|s|i|o|n| |w|a|r|m| |w|e|b|r|e|n|d|e|r|,,3776889,13,9b3df14599f65e991e2c4a5eaba7ebe76c85b8c3,102210fe594ee9b33d82058545b1ed14f4c8206e,linux1804-64-shippable-qr,microsoft,True,,,,,,,,,,,,,,,,,,,,,,,,,,,,,,,,,,,,,,,,,,,,,,,,,,TN,,,,,,,,,,
448298811.0,1848064182,2024-02-23 22:24:23,206.3,8c239bb8c3fa84633497932b3d3a1d566f9e7581,1381790,autoland,ContentfulSpeedIndex,True,microsoft ContentfulSpeedIndex opt fission warm webrender,,77,ms,firefox,False,|f|i|s|s|i|o|n| |w|a|r|m| |w|e|b|r|e|n|d|e|r|,,3776889,13,9b3df14599f65e991e2c4a5eaba7ebe76c85b8c3,102210fe594ee9b33d82058545b1ed14f4c8206e,linux1804-64-shippable-qr,microsoft,True,,,,,,,,,,,,,,,,,,,,,,,,,,,,,,,,,,,,,,,,,,,,,,,,,,TN,,,,,,,,,,
448301149.0,1848078239,2024-02-23 22:37:13,209.9,fc1f91bbfd85565b6b9a06155b3d750dc17812f0,1381800,autoland,ContentfulSpeedIndex,True,microsoft ContentfulSpeedIndex opt fission warm webrender,,77,ms,firefox,False,|f|i|s|s|i|o|n| |w|a|r|m| |w|e|b|r|e|n|d|e|r|,,3776889,13,9b3df14599f65e991e2c4a5eaba7ebe76c85b8c3,102210fe594ee9b33d82058545b1ed14f4c8206e,linux1804-64-shippable-qr,microsoft,True,,,,,,,,,,,,,,,,,,,,,,,,,,,,,,,,,,,,,,,,,,,,,,,,,,TN,,,,,,,,,,
448315404.0,1848146328,2024-02-24 03:17:09,207.2,504cbf2189790d36f74d4fc454949d0c55a40c37,1381876,autoland,ContentfulSpeedIndex,True,microsoft ContentfulSpeedIndex opt fission warm webrender,,77,ms,firefox,False,|f|i|s|s|i|o|n| |w|a|r|m| |w|e|b|r|e|n|d|e|r|,,3776889,13,9b3df14599f65e991e2c4a5eaba7ebe76c85b8c3,102210fe594ee9b33d82058545b1ed14f4c8206e,linux1804-64-shippable-qr,microsoft,True,,,,,,,,,,,,,,,,,,,,,,,,,,,,,,,,,,,,,,,,,,,,,,,,,,TN,,,,,,,,,,
448326394.0,1848223535,2024-02-24 08:59:15,214.5,f571738470f98e8161bf79b269e333053dca32c4,1381906,autoland,ContentfulSpeedIndex,True,microsoft ContentfulSpeedIndex opt fission warm webrender,,77,ms,firefox,False,|f|i|s|s|i|o|n| |w|a|r|m| |w|e|b|r|e|n|d|e|r|,,3776889,13,9b3df14599f65e991e2c4a5eaba7ebe76c85b8c3,102210fe594ee9b33d82058545b1ed14f4c8206e,linux1804-64-shippable-qr,microsoft,True,,,,,,,,,,,,,,,,,,,,,,,,,,,,,,,,,,,,,,,,,,,,,,,,,,TN,,,,,,,,,,
448353734.0,1848316487,2024-02-24 18:15:08,211.5,fb873ef9e164e2ac423d266870ce82445945de97,1381948,autoland,ContentfulSpeedIndex,True,microsoft ContentfulSpeedIndex opt fission warm webrender,,77,ms,firefox,False,|f|i|s|s|i|o|n| |w|a|r|m| |w|e|b|r|e|n|d|e|r|,,3776889,13,9b3df14599f65e991e2c4a5eaba7ebe76c85b8c3,102210fe594ee9b33d82058545b1ed14f4c8206e,linux1804-64-shippable-qr,microsoft,True,,,,,,,,,,,,,,,,,,,,,,,,,,,,,,,,,,,,,,,,,,,,,,,,,,TN,,,,,,,,,,
448375177.0,1848382947,2024-02-25 01:06:55,212.9,fedd91b7af1e6b3c4a7d6f58b8bce94d55eb9d74,1381999,autoland,ContentfulSpeedIndex,True,microsoft ContentfulSpeedIndex opt fission warm webrender,,77,ms,firefox,False,|f|i|s|s|i|o|n| |w|a|r|m| |w|e|b|r|e|n|d|e|r|,,3776889,13,9b3df14599f65e991e2c4a5eaba7ebe76c85b8c3,102210fe594ee9b33d82058545b1ed14f4c8206e,linux1804-64-shippable-qr,microsoft,True,,,,,,,,,,,,,,,,,,,,,,,,,,,,,,,,,,,,,,,,,,,,,,,,,,TN,,,,,,,,,,
448412428.0,1848522613,2024-02-26 01:39:06,205.9,689cf8cf7e6b9b9ee5e599a77325de05487a5eed,1382090,autoland,ContentfulSpeedIndex,True,microsoft ContentfulSpeedIndex opt fission warm webrender,,77,ms,firefox,False,|f|i|s|s|i|o|n| |w|a|r|m| |w|e|b|r|e|n|d|e|r|,,3776889,13,9b3df14599f65e991e2c4a5eaba7ebe76c85b8c3,102210fe594ee9b33d82058545b1ed14f4c8206e,linux1804-64-shippable-qr,microsoft,True,,,,,,,,,,,,,,,,,,,,,,,,,,,,,,,,,,,,,,,,,,,,,,,,,,TN,,,,,,,,,,
448578325.0,1849161411,2024-02-26 08:26:30,209.8,3af6901e77d5b3f960f24207e6d8a296508c685c,1382148,autoland,ContentfulSpeedIndex,True,microsoft ContentfulSpeedIndex opt fission warm webrender,,77,ms,firefox,False,|f|i|s|s|i|o|n| |w|a|r|m| |w|e|b|r|e|n|d|e|r|,,3776889,13,9b3df14599f65e991e2c4a5eaba7ebe76c85b8c3,102210fe594ee9b33d82058545b1ed14f4c8206e,linux1804-64-shippable-qr,microsoft,True,,,,,,,,,,,,,,,,,,,,,,,,,,,,,,,,,,,,,,,,,,,,,,,,,,TN,,,,,,,,,,
448572618.0,1849097978,2024-02-26 08:29:13,213.7,9efb6f33056715dde89a576fe22714c2e6f3e7a9,1382149,autoland,ContentfulSpeedIndex,True,microsoft ContentfulSpeedIndex opt fission warm webrender,,77,ms,firefox,False,|f|i|s|s|i|o|n| |w|a|r|m| |w|e|b|r|e|n|d|e|r|,,3776889,13,9b3df14599f65e991e2c4a5eaba7ebe76c85b8c3,102210fe594ee9b33d82058545b1ed14f4c8206e,linux1804-64-shippable-qr,microsoft,True,,,,,,,,,,,,,,,,,,,,,,,,,,,,,,,,,,,,,,,,,,,,,,,,,,TN,,,,,,,,,,
448447467.0,1848646025,2024-02-26 10:31:50,214.8,8268ce246a04145ed6598e99b5d061a4e1ee3ca6,1382207,autoland,ContentfulSpeedIndex,True,microsoft ContentfulSpeedIndex opt fission warm webrender,,77,ms,firefox,False,|f|i|s|s|i|o|n| |w|a|r|m| |w|e|b|r|e|n|d|e|r|,,3776889,13,9b3df14599f65e991e2c4a5eaba7ebe76c85b8c3,102210fe594ee9b33d82058545b1ed14f4c8206e,linux1804-64-shippable-qr,microsoft,True,,,,,,,,,,,,,,,,,,,,,,,,,,,,,,,,,,,,,,,,,,,,,,,,,,TN,,,,,,,,,,
448577916.0,1849154178,2024-02-26 13:55:05,219.3,20ea3f74f4fe9153bbc8d976f6e5df94c464dc30,1382274,autoland,ContentfulSpeedIndex,True,microsoft ContentfulSpeedIndex opt fission warm webrender,,77,ms,firefox,False,|f|i|s|s|i|o|n| |w|a|r|m| |w|e|b|r|e|n|d|e|r|,,3776889,13,9b3df14599f65e991e2c4a5eaba7ebe76c85b8c3,102210fe594ee9b33d82058545b1ed14f4c8206e,linux1804-64-shippable-qr,microsoft,True,,,,,,,,,,,,,,,,,,,,,,,,,,,,,,,,,,,,,,,,,,,,,,,,,,TN,,,,,,,,,,
448577154.0,1849146795,2024-02-26 14:13:27,213.2,4dc477669dc382edf409e1b691b033c7243b97cd,1382289,autoland,ContentfulSpeedIndex,True,microsoft ContentfulSpeedIndex opt fission warm webrender,,77,ms,firefox,False,|f|i|s|s|i|o|n| |w|a|r|m| |w|e|b|r|e|n|d|e|r|,,3776889,13,9b3df14599f65e991e2c4a5eaba7ebe76c85b8c3,102210fe594ee9b33d82058545b1ed14f4c8206e,linux1804-64-shippable-qr,microsoft,True,,,,,,,,,,,,,,,,,,,,,,,,,,,,,,,,,,,,,,,,,,,,,,,,,,TN,,,,,,,,,,
448485291.0,1848726994,2024-02-26 14:40:18,211.6,a5c1fbe78e431fe4a1db712f75edb33f6fd668e4,1382307,autoland,ContentfulSpeedIndex,True,microsoft ContentfulSpeedIndex opt fission warm webrender,,77,ms,firefox,False,|f|i|s|s|i|o|n| |w|a|r|m| |w|e|b|r|e|n|d|e|r|,,3776889,13,9b3df14599f65e991e2c4a5eaba7ebe76c85b8c3,102210fe594ee9b33d82058545b1ed14f4c8206e,linux1804-64-shippable-qr,microsoft,True,,,,,,,,,,,,,,,,,,,,,,,,,,,,,,,,,,,,,,,,,,,,,,,,,,TN,,,,,,,,,,
448488738.0,1848757599,2024-02-26 15:06:28,207.2,621c8480cd3562f3f61966b4219a0335ce72f698,1382323,autoland,ContentfulSpeedIndex,True,microsoft ContentfulSpeedIndex opt fission warm webrender,,77,ms,firefox,False,|f|i|s|s|i|o|n| |w|a|r|m| |w|e|b|r|e|n|d|e|r|,,3776889,13,9b3df14599f65e991e2c4a5eaba7ebe76c85b8c3,102210fe594ee9b33d82058545b1ed14f4c8206e,linux1804-64-shippable-qr,microsoft,True,,,,,,,,,,,,,,,,,,,,,,,,,,,,,,,,,,,,,,,,,,,,,,,,,,TN,,,,,,,,,,
448510481.0,1848871573,2024-02-26 18:24:43,210.1,b26d4c8d5e44cc544e259f32a62382902af6f7ff,1382496,autoland,ContentfulSpeedIndex,True,microsoft ContentfulSpeedIndex opt fission warm webrender,,77,ms,firefox,False,|f|i|s|s|i|o|n| |w|a|r|m| |w|e|b|r|e|n|d|e|r|,,3776889,13,9b3df14599f65e991e2c4a5eaba7ebe76c85b8c3,102210fe594ee9b33d82058545b1ed14f4c8206e,linux1804-64-shippable-qr,microsoft,True,,,,,,,,,,,,,,,,,,,,,,,,,,,,,,,,,,,,,,,,,,,,,,,,,,TN,,,,,,,,,,
448543426.0,1848960516,2024-02-26 22:27:48,208.5,2bd01d77bc4d2a1ad705bb1ecb8e793864a737ee,1382641,autoland,ContentfulSpeedIndex,True,microsoft ContentfulSpeedIndex opt fission warm webrender,,77,ms,firefox,False,|f|i|s|s|i|o|n| |w|a|r|m| |w|e|b|r|e|n|d|e|r|,,3776889,13,9b3df14599f65e991e2c4a5eaba7ebe76c85b8c3,102210fe594ee9b33d82058545b1ed14f4c8206e,linux1804-64-shippable-qr,microsoft,True,,,,,,,,,,,,,,,,,,,,,,,,,,,,,,,,,,,,,,,,,,,,,,,,,,TN,,,,,,,,,,
448545142.0,1848968954,2024-02-26 22:53:03,211.7,9fbcc8f23c0b7543b9146f0d90dd58ce36d32898,1382666,autoland,ContentfulSpeedIndex,True,microsoft ContentfulSpeedIndex opt fission warm webrender,,77,ms,firefox,False,|f|i|s|s|i|o|n| |w|a|r|m| |w|e|b|r|e|n|d|e|r|,,3776889,13,9b3df14599f65e991e2c4a5eaba7ebe76c85b8c3,102210fe594ee9b33d82058545b1ed14f4c8206e,linux1804-64-shippable-qr,microsoft,True,,,,,,,,,,,,,,,,,,,,,,,,,,,,,,,,,,,,,,,,,,,,,,,,,,TN,,,,,,,,,,
448569854.0,1849084449,2024-02-27 03:06:58,205.8,74094dc4022c8437eb87a7e25bf6433fb07a7fbb,1382765,autoland,ContentfulSpeedIndex,True,microsoft ContentfulSpeedIndex opt fission warm webrender,,77,ms,firefox,False,|f|i|s|s|i|o|n| |w|a|r|m| |w|e|b|r|e|n|d|e|r|,,3776889,13,9b3df14599f65e991e2c4a5eaba7ebe76c85b8c3,102210fe594ee9b33d82058545b1ed14f4c8206e,linux1804-64-shippable-qr,microsoft,True,,,,,,,,,,,,,,,,,,,,,,,,,,,,,,,,,,,,,,,,,,,,,,,,,,TN,,,,,,,,,,
448607020.0,1849327683,2024-02-27 10:31:28,208.0,f0fd4d27a58991220e91d1c086442a03b0a52117,1382887,autoland,ContentfulSpeedIndex,True,microsoft ContentfulSpeedIndex opt fission warm webrender,,77,ms,firefox,False,|f|i|s|s|i|o|n| |w|a|r|m| |w|e|b|r|e|n|d|e|r|,,3776889,13,9b3df14599f65e991e2c4a5eaba7ebe76c85b8c3,102210fe594ee9b33d82058545b1ed14f4c8206e,linux1804-64-shippable-qr,microsoft,True,,,,,,,,,,,,,,,,,,,,,,,,,,,,,,,,,,,,,,,,,,,,,,,,,,TN,,,,,,,,,,
448640149.0,1849394404,2024-02-27 13:59:53,209.5,32acc4e2db50b53733cfcf554a308ccc986925b5,1383025,autoland,ContentfulSpeedIndex,True,microsoft ContentfulSpeedIndex opt fission warm webrender,,77,ms,firefox,False,|f|i|s|s|i|o|n| |w|a|r|m| |w|e|b|r|e|n|d|e|r|,,3776889,13,9b3df14599f65e991e2c4a5eaba7ebe76c85b8c3,102210fe594ee9b33d82058545b1ed14f4c8206e,linux1804-64-shippable-qr,microsoft,True,,,,,,,,,,,,,,,,,,,,,,,,,,,,,,,,,,,,,,,,,,,,,,,,,,TN,,,,,,,,,,
448673235.0,1849533255,2024-02-27 19:00:03,210.4,149f61eecb69d6cf570be79260785c5b4a42e516,1383277,autoland,ContentfulSpeedIndex,True,microsoft ContentfulSpeedIndex opt fission warm webrender,,77,ms,firefox,False,|f|i|s|s|i|o|n| |w|a|r|m| |w|e|b|r|e|n|d|e|r|,,3776889,13,9b3df14599f65e991e2c4a5eaba7ebe76c85b8c3,102210fe594ee9b33d82058545b1ed14f4c8206e,linux1804-64-shippable-qr,microsoft,True,,,,,,,,,,,,,,,,,,,,,,,,,,,,,,,,,,,,,,,,,,,,,,,,,,TN,,,,,,,,,,
448702589.0,1849632845,2024-02-27 23:02:29,201.5,06645f775e47ea71f6dfa2daff5411ab31c5a629,1383416,autoland,ContentfulSpeedIndex,True,microsoft ContentfulSpeedIndex opt fission warm webrender,,77,ms,firefox,False,|f|i|s|s|i|o|n| |w|a|r|m| |w|e|b|r|e|n|d|e|r|,,3776889,13,9b3df14599f65e991e2c4a5eaba7ebe76c85b8c3,102210fe594ee9b33d82058545b1ed14f4c8206e,linux1804-64-shippable-qr,microsoft,True,,,,,,,,,,,,,,,,,,,,,,,,,,,,,,,,,,,,,,,,,,,,,,,,,,TN,,,,,,,,,,
448705107.0,1849654637,2024-02-27 23:18:10,224.9,c2895c7db175458e315a65fd8d5e9385e60a76d3,1383436,autoland,ContentfulSpeedIndex,True,microsoft ContentfulSpeedIndex opt fission warm webrender,,77,ms,firefox,False,|f|i|s|s|i|o|n| |w|a|r|m| |w|e|b|r|e|n|d|e|r|,,3776889,13,9b3df14599f65e991e2c4a5eaba7ebe76c85b8c3,102210fe594ee9b33d82058545b1ed14f4c8206e,linux1804-64-shippable-qr,microsoft,True,,,,,,,,,,,,,,,,,,,,,,,,,,,,,,,,,,,,,,,,,,,,,,,,,,TN,,,,,,,,,,
448720560.0,1849726838,2024-02-28 03:31:31,216.2,41ceb034dc709c821d837a321d2c5fb944bd4231,1383545,autoland,ContentfulSpeedIndex,True,microsoft ContentfulSpeedIndex opt fission warm webrender,,77,ms,firefox,False,|f|i|s|s|i|o|n| |w|a|r|m| |w|e|b|r|e|n|d|e|r|,,3776889,13,9b3df14599f65e991e2c4a5eaba7ebe76c85b8c3,102210fe594ee9b33d82058545b1ed14f4c8206e,linux1804-64-shippable-qr,microsoft,True,,,,,,,,,,,,,,,,,,,,,,,,,,,,,,,,,,,,,,,,,,,,,,,,,,TN,,,,,,,,,,
448740343.0,1849810369,2024-02-28 07:34:11,207.4,710f48d1638d076913089bfa3978b6a1efc1d842,1383600,autoland,ContentfulSpeedIndex,True,microsoft ContentfulSpeedIndex opt fission warm webrender,,77,ms,firefox,False,|f|i|s|s|i|o|n| |w|a|r|m| |w|e|b|r|e|n|d|e|r|,,3776889,13,9b3df14599f65e991e2c4a5eaba7ebe76c85b8c3,102210fe594ee9b33d82058545b1ed14f4c8206e,linux1804-64-shippable-qr,microsoft,True,,,,,,,,,,,,,,,,,,,,,,,,,,,,,,,,,,,,,,,,,,,,,,,,,,TN,,,,,,,,,,
448745019.0,1849833789,2024-02-28 08:18:18,201.2,85f3a9a2a4155f207064d78c57f79611f7332287,1383612,autoland,ContentfulSpeedIndex,True,microsoft ContentfulSpeedIndex opt fission warm webrender,,77,ms,firefox,False,|f|i|s|s|i|o|n| |w|a|r|m| |w|e|b|r|e|n|d|e|r|,,3776889,13,9b3df14599f65e991e2c4a5eaba7ebe76c85b8c3,102210fe594ee9b33d82058545b1ed14f4c8206e,linux1804-64-shippable-qr,microsoft,True,,,,,,,,,,,,,,,,,,,,,,,,,,,,,,,,,,,,,,,,,,,,,,,,,,TN,,,,,,,,,,
448794238.0,1849987669,2024-02-28 12:53:19,202.7,2356949f5c6d9a4f229d012051bac51b3eb83aec,1383715,autoland,ContentfulSpeedIndex,True,microsoft ContentfulSpeedIndex opt fission warm webrender,,77,ms,firefox,False,|f|i|s|s|i|o|n| |w|a|r|m| |w|e|b|r|e|n|d|e|r|,,3776889,13,9b3df14599f65e991e2c4a5eaba7ebe76c85b8c3,102210fe594ee9b33d82058545b1ed14f4c8206e,linux1804-64-shippable-qr,microsoft,True,,,,,,,,,,,,,,,,,,,,,,,,,,,,,,,,,,,,,,,,,,,,,,,,,,TN,,,,,,,,,,
448800922.0,1850018660,2024-02-28 14:06:22,211.0,6583cb878dec05576053eaa9368a4eb5bbbbbedc,1383751,autoland,ContentfulSpeedIndex,True,microsoft ContentfulSpeedIndex opt fission warm webrender,,77,ms,firefox,False,|f|i|s|s|i|o|n| |w|a|r|m| |w|e|b|r|e|n|d|e|r|,,3776889,13,9b3df14599f65e991e2c4a5eaba7ebe76c85b8c3,102210fe594ee9b33d82058545b1ed14f4c8206e,linux1804-64-shippable-qr,microsoft,True,,,,,,,,,,,,,,,,,,,,,,,,,,,,,,,,,,,,,,,,,,,,,,,,,,TN,,,,,,,,,,
448918891.0,1850475298,2024-02-28 16:55:42,213.0,3f69b2549451d64ce2da31b3073267541ae38398,1383877,autoland,ContentfulSpeedIndex,True,microsoft ContentfulSpeedIndex opt fission warm webrender,,77,ms,firefox,False,|f|i|s|s|i|o|n| |w|a|r|m| |w|e|b|r|e|n|d|e|r|,,3776889,13,9b3df14599f65e991e2c4a5eaba7ebe76c85b8c3,102210fe594ee9b33d82058545b1ed14f4c8206e,linux1804-64-shippable-qr,microsoft,True,,,,,,,,,,,,,,,,,,,,,,,,,,,,,,,,,,,,,,,,,,,,,,,,,,TN,,,,,,,,,,
448913274.0,1850462744,2024-02-28 17:06:06,206.3,b281b2ba71defd226d3230f9c164786827f3de70,1383880,autoland,ContentfulSpeedIndex,True,microsoft ContentfulSpeedIndex opt fission warm webrender,,77,ms,firefox,False,|f|i|s|s|i|o|n| |w|a|r|m| |w|e|b|r|e|n|d|e|r|,,3776889,13,9b3df14599f65e991e2c4a5eaba7ebe76c85b8c3,102210fe594ee9b33d82058545b1ed14f4c8206e,linux1804-64-shippable-qr,microsoft,True,,,,,,,,,,,,,,,,,,,,,,,,,,,,,,,,,,,,,,,,,,,,,,,,,,TN,,,,,,,,,,
448823749.0,1850120544,2024-02-28 17:56:27,215.1,32ca524f7abf0664a2f0d882868c3e913297f446,1383890,autoland,ContentfulSpeedIndex,True,microsoft ContentfulSpeedIndex opt fission warm webrender,,77,ms,firefox,False,|f|i|s|s|i|o|n| |w|a|r|m| |w|e|b|r|e|n|d|e|r|,,3776889,13,9b3df14599f65e991e2c4a5eaba7ebe76c85b8c3,102210fe594ee9b33d82058545b1ed14f4c8206e,linux1804-64-shippable-qr,microsoft,True,,,,,,,,,,,,,,,,,,,,,,,,,,,,,,,,,,,,,,,,,,,,,,,,,,TN,,,,,,,,,,
448862132.0,1850271495,2024-02-28 20:42:42,204.6,da466faa7aee60bdeeca32b0767a1f0b9b964272,1384009,autoland,ContentfulSpeedIndex,True,microsoft ContentfulSpeedIndex opt fission warm webrender,,77,ms,firefox,False,|f|i|s|s|i|o|n| |w|a|r|m| |w|e|b|r|e|n|d|e|r|,,3776889,13,9b3df14599f65e991e2c4a5eaba7ebe76c85b8c3,102210fe594ee9b33d82058545b1ed14f4c8206e,linux1804-64-shippable-qr,microsoft,True,,,,,,,,,,,,,,,,,,,,,,,,,,,,,,,,,,,,,,,,,,,,,,,,,,TN,,,,,,,,,,
448896127.0,1850352191,2024-02-29 00:51:41,214.0,cbef4527f79aadfe5c4dd940effe9b01df8734b1,1384174,autoland,ContentfulSpeedIndex,True,microsoft ContentfulSpeedIndex opt fission warm webrender,,77,ms,firefox,False,|f|i|s|s|i|o|n| |w|a|r|m| |w|e|b|r|e|n|d|e|r|,,3776889,13,9b3df14599f65e991e2c4a5eaba7ebe76c85b8c3,102210fe594ee9b33d82058545b1ed14f4c8206e,linux1804-64-shippable-qr,microsoft,True,,,,,,,,,,,,,,,,,,,,,,,,,,,,,,,,,,,,,,,,,,,,,,,,,,TN,,,,,,,,,,
448900160.0,1850377946,2024-02-29 01:20:40,203.0,f21a5f54b6ecffa5b49d4944c32c752ea622e3c6,1384182,autoland,ContentfulSpeedIndex,True,microsoft ContentfulSpeedIndex opt fission warm webrender,,77,ms,firefox,False,|f|i|s|s|i|o|n| |w|a|r|m| |w|e|b|r|e|n|d|e|r|,,3776889,13,9b3df14599f65e991e2c4a5eaba7ebe76c85b8c3,102210fe594ee9b33d82058545b1ed14f4c8206e,linux1804-64-shippable-qr,microsoft,True,,,,,,,,,,,,,,,,,,,,,,,,,,,,,,,,,,,,,,,,,,,,,,,,,,TN,,,,,,,,,,
449058181.0,1851148401,2024-02-29 02:29:01,205.7,64915858a170d28a53a5fecf27f85f9c633ec87f,1384204,autoland,ContentfulSpeedIndex,True,microsoft ContentfulSpeedIndex opt fission warm webrender,,77,ms,firefox,False,|f|i|s|s|i|o|n| |w|a|r|m| |w|e|b|r|e|n|d|e|r|,,3776889,13,9b3df14599f65e991e2c4a5eaba7ebe76c85b8c3,102210fe594ee9b33d82058545b1ed14f4c8206e,linux1804-64-shippable-qr,microsoft,True,,,,,,,,,,,,,,,,,,,,,,,,,,,,,,,,,,,,,,,,,,,,,,,,,,TN,,,,,,,,,,
449058306.0,1851151057,2024-02-29 02:49:12,216.4,5640911065b0971e369a205bd76962548ee3cab6,1384218,autoland,ContentfulSpeedIndex,True,microsoft ContentfulSpeedIndex opt fission warm webrender,,77,ms,firefox,False,|f|i|s|s|i|o|n| |w|a|r|m| |w|e|b|r|e|n|d|e|r|,,3776889,13,9b3df14599f65e991e2c4a5eaba7ebe76c85b8c3,102210fe594ee9b33d82058545b1ed14f4c8206e,linux1804-64-shippable-qr,microsoft,True,,,,,,,,,,,,,,,,,,,,,,,,,,,,,,,,,,,,,,,,,,,,,,,,,,TN,,,,,,,,,,
448920950.0,1850484162,2024-02-29 06:49:17,221.7,bb7b045d24f7773df5e27742496f2c0bb95d780f,1384273,autoland,ContentfulSpeedIndex,True,microsoft ContentfulSpeedIndex opt fission warm webrender,,77,ms,firefox,False,|f|i|s|s|i|o|n| |w|a|r|m| |w|e|b|r|e|n|d|e|r|,,3776889,13,9b3df14599f65e991e2c4a5eaba7ebe76c85b8c3,102210fe594ee9b33d82058545b1ed14f4c8206e,linux1804-64-shippable-qr,microsoft,True,,,,,,,,,,,,,,,,,,,,,,,,,,,,,,,,,,,,,,,,,,,,,,,,,,TN,,,,,,,,,,
448944704.0,1850617682,2024-02-29 10:50:05,202.7,fbb087d5e5b8af76523b084cba81dc1be84c7fb4,1384399,autoland,ContentfulSpeedIndex,True,microsoft ContentfulSpeedIndex opt fission warm webrender,,77,ms,firefox,False,|f|i|s|s|i|o|n| |w|a|r|m| |w|e|b|r|e|n|d|e|r|,,3776889,13,9b3df14599f65e991e2c4a5eaba7ebe76c85b8c3,102210fe594ee9b33d82058545b1ed14f4c8206e,linux1804-64-shippable-qr,microsoft,True,,,,,,,,,,,,,,,,,,,,,,,,,,,,,,,,,,,,,,,,,,,,,,,,,,TN,,,,,,,,,,
448958183.0,1850679573,2024-02-29 13:22:41,211.0,42781edfbf79030ca8e6f7c1584ebfc2bd31935c,1384414,autoland,ContentfulSpeedIndex,True,microsoft ContentfulSpeedIndex opt fission warm webrender,,77,ms,firefox,False,|f|i|s|s|i|o|n| |w|a|r|m| |w|e|b|r|e|n|d|e|r|,,3776889,13,9b3df14599f65e991e2c4a5eaba7ebe76c85b8c3,102210fe594ee9b33d82058545b1ed14f4c8206e,linux1804-64-shippable-qr,microsoft,True,,,,,,,,,,,,,,,,,,,,,,,,,,,,,,,,,,,,,,,,,,,,,,,,,,TN,,,,,,,,,,
448990692.0,1850830682,2024-02-29 17:24:54,212.2,4b82553ad6abc0079d2d7a0642c099ca93d1d156,1384673,autoland,ContentfulSpeedIndex,True,microsoft ContentfulSpeedIndex opt fission warm webrender,,77,ms,firefox,False,|f|i|s|s|i|o|n| |w|a|r|m| |w|e|b|r|e|n|d|e|r|,,3776889,13,9b3df14599f65e991e2c4a5eaba7ebe76c85b8c3,102210fe594ee9b33d82058545b1ed14f4c8206e,linux1804-64-shippable-qr,microsoft,True,,,,,,,,,,,,,,,,,,,,,,,,,,,,,,,,,,,,,,,,,,,,,,,,,,TN,,,,,,,,,,
448994777.0,1850874340,2024-02-29 17:36:34,205.6,636cf8095a0f42555363480bc387b9a5aad03efe,1384681,autoland,ContentfulSpeedIndex,True,microsoft ContentfulSpeedIndex opt fission warm webrender,,77,ms,firefox,False,|f|i|s|s|i|o|n| |w|a|r|m| |w|e|b|r|e|n|d|e|r|,,3776889,13,9b3df14599f65e991e2c4a5eaba7ebe76c85b8c3,102210fe594ee9b33d82058545b1ed14f4c8206e,linux1804-64-shippable-qr,microsoft,True,,,,,,,,,,,,,,,,,,,,,,,,,,,,,,,,,,,,,,,,,,,,,,,,,,TN,,,,,,,,,,
449023437.0,1850967290,2024-02-29 21:50:05,213.4,1a461feeeb4e7725855a242023e45625b9bddae4,1384804,autoland,ContentfulSpeedIndex,True,microsoft ContentfulSpeedIndex opt fission warm webrender,,77,ms,firefox,False,|f|i|s|s|i|o|n| |w|a|r|m| |w|e|b|r|e|n|d|e|r|,,3776889,13,9b3df14599f65e991e2c4a5eaba7ebe76c85b8c3,102210fe594ee9b33d82058545b1ed14f4c8206e,linux1804-64-shippable-qr,microsoft,True,,,,,,,,,,,,,,,,,,,,,,,,,,,,,,,,,,,,,,,,,,,,,,,,,,TN,,,,,,,,,,
449028886.0,1850981017,2024-02-29 21:57:41,201.4,415f94176c1508d1acb91186346a42009b378ca7,1384812,autoland,ContentfulSpeedIndex,True,microsoft ContentfulSpeedIndex opt fission warm webrender,,77,ms,firefox,False,|f|i|s|s|i|o|n| |w|a|r|m| |w|e|b|r|e|n|d|e|r|,,3776889,13,9b3df14599f65e991e2c4a5eaba7ebe76c85b8c3,102210fe594ee9b33d82058545b1ed14f4c8206e,linux1804-64-shippable-qr,microsoft,True,,,,,,,,,,,,,,,,,,,,,,,,,,,,,,,,,,,,,,,,,,,,,,,,,,TN,,,,,,,,,,
449053528.0,1851099718,2024-03-01 02:06:20,213.7,3ed1cc3830b2bb116e2875dedadc6ea20235768a,1385033,autoland,ContentfulSpeedIndex,True,microsoft ContentfulSpeedIndex opt fission warm webrender,,77,ms,firefox,False,|f|i|s|s|i|o|n| |w|a|r|m| |w|e|b|r|e|n|d|e|r|,,3776889,13,9b3df14599f65e991e2c4a5eaba7ebe76c85b8c3,102210fe594ee9b33d82058545b1ed14f4c8206e,linux1804-64-shippable-qr,microsoft,True,,,,,,,,,,,,,,,,,,,,,,,,,,,,,,,,,,,,,,,,,,,,,,,,,,TN,,,,,,,,,,
449053993.0,1851110429,2024-03-01 02:09:48,204.7,c726403b9a5aaed84563fd210952c3858369c756,1385038,autoland,ContentfulSpeedIndex,True,microsoft ContentfulSpeedIndex opt fission warm webrender,,77,ms,firefox,False,|f|i|s|s|i|o|n| |w|a|r|m| |w|e|b|r|e|n|d|e|r|,,3776889,13,9b3df14599f65e991e2c4a5eaba7ebe76c85b8c3,102210fe594ee9b33d82058545b1ed14f4c8206e,linux1804-64-shippable-qr,microsoft,True,,,,,,,,,,,,,,,,,,,,,,,,,,,,,,,,,,,,,,,,,,,,,,,,,,TN,,,,,,,,,,
449098903.0,1851312168,2024-03-01 11:09:10,209.3,b921bb1aee11c101ece321f78bcc56942889bac9,1385336,autoland,ContentfulSpeedIndex,True,microsoft ContentfulSpeedIndex opt fission warm webrender,,77,ms,firefox,False,|f|i|s|s|i|o|n| |w|a|r|m| |w|e|b|r|e|n|d|e|r|,,3776889,13,9b3df14599f65e991e2c4a5eaba7ebe76c85b8c3,102210fe594ee9b33d82058545b1ed14f4c8206e,linux1804-64-shippable-qr,microsoft,True,,,,,,,,,,,,,,,,,,,,,,,,,,,,,,,,,,,,,,,,,,,,,,,,,,TN,,,,,,,,,,
449139369.0,1851407057,2024-03-01 15:15:21,206.0,ab2f491c1f6a1907e3cd7de371a27940c1b7ae66,1385464,autoland,ContentfulSpeedIndex,True,microsoft ContentfulSpeedIndex opt fission warm webrender,,77,ms,firefox,False,|f|i|s|s|i|o|n| |w|a|r|m| |w|e|b|r|e|n|d|e|r|,,3776889,13,9b3df14599f65e991e2c4a5eaba7ebe76c85b8c3,102210fe594ee9b33d82058545b1ed14f4c8206e,linux1804-64-shippable-qr,microsoft,True,,,,,,,,,,,,,,,,,,,,,,,,,,,,,,,,,,,,,,,,,,,,,,,,,,TN,,,,,,,,,,
449138311.0,1851388519,2024-03-01 15:18:33,197.3,179ceb82c9e5e6619e0a43e7c9a8682bff1f55ac,1385469,autoland,ContentfulSpeedIndex,True,microsoft ContentfulSpeedIndex opt fission warm webrender,,77,ms,firefox,False,|f|i|s|s|i|o|n| |w|a|r|m| |w|e|b|r|e|n|d|e|r|,,3776889,13,9b3df14599f65e991e2c4a5eaba7ebe76c85b8c3,102210fe594ee9b33d82058545b1ed14f4c8206e,linux1804-64-shippable-qr,microsoft,True,,,,,,,,,,,,,,,,,,,,,,,,,,,,,,,,,,,,,,,,,,,,,,,,,,TN,,,,,,,,,,
449160062.0,1851507348,2024-03-01 19:33:22,220.1,c12ee5058abff427e2fd65f86c453b2c0ef5c315,1385653,autoland,ContentfulSpeedIndex,True,microsoft ContentfulSpeedIndex opt fission warm webrender,,77,ms,firefox,False,|f|i|s|s|i|o|n| |w|a|r|m| |w|e|b|r|e|n|d|e|r|,,3776889,13,9b3df14599f65e991e2c4a5eaba7ebe76c85b8c3,102210fe594ee9b33d82058545b1ed14f4c8206e,linux1804-64-shippable-qr,microsoft,True,,,,,,,,,,,,,,,,,,,,,,,,,,,,,,,,,,,,,,,,,,,,,,,,,,TN,,,,,,,,,,
449196989.0,1851652340,2024-03-02 08:44:09,220.6,ac7b674e512d88788161e657fbc3371b8d955c65,1385889,autoland,ContentfulSpeedIndex,True,microsoft ContentfulSpeedIndex opt fission warm webrender,,77,ms,firefox,False,|f|i|s|s|i|o|n| |w|a|r|m| |w|e|b|r|e|n|d|e|r|,,3776889,13,9b3df14599f65e991e2c4a5eaba7ebe76c85b8c3,102210fe594ee9b33d82058545b1ed14f4c8206e,linux1804-64-shippable-qr,microsoft,True,,,,,,,,,,,,,,,,,,,,,,,,,,,,,,,,,,,,,,,,,,,,,,,,,,TN,,,,,,,,,,
449248241.0,1851892415,2024-03-02 18:47:19,206.0,a2ddc20095d176734a72080712b366c74a36c934,1385949,autoland,ContentfulSpeedIndex,True,microsoft ContentfulSpeedIndex opt fission warm webrender,,77,ms,firefox,False,|f|i|s|s|i|o|n| |w|a|r|m| |w|e|b|r|e|n|d|e|r|,,3776889,13,9b3df14599f65e991e2c4a5eaba7ebe76c85b8c3,102210fe594ee9b33d82058545b1ed14f4c8206e,linux1804-64-shippable-qr,microsoft,True,,,,,,,,,,,,,,,,,,,,,,,,,,,,,,,,,,,,,,,,,,,,,,,,,,TN,,,,,,,,,,
449251803.0,1851915806,2024-03-02 19:45:31,213.4,8042d9f9b7b6eb6e6a6fbefba554c035ef6bbda1,1385954,autoland,ContentfulSpeedIndex,True,microsoft ContentfulSpeedIndex opt fission warm webrender,,77,ms,firefox,False,|f|i|s|s|i|o|n| |w|a|r|m| |w|e|b|r|e|n|d|e|r|,,3776889,13,9b3df14599f65e991e2c4a5eaba7ebe76c85b8c3,102210fe594ee9b33d82058545b1ed14f4c8206e,linux1804-64-shippable-qr,microsoft,True,,,,,,,,,,,,,,,,,,,,,,,,,,,,,,,,,,,,,,,,,,,,,,,,,,TN,,,,,,,,,,
449277179.0,1851989488,2024-03-03 01:04:11,201.5,c5ddc3b211e53221a5b12ce6c8a5a523bba3641f,1385990,autoland,ContentfulSpeedIndex,True,microsoft ContentfulSpeedIndex opt fission warm webrender,,77,ms,firefox,False,|f|i|s|s|i|o|n| |w|a|r|m| |w|e|b|r|e|n|d|e|r|,,3776889,13,9b3df14599f65e991e2c4a5eaba7ebe76c85b8c3,102210fe594ee9b33d82058545b1ed14f4c8206e,linux1804-64-shippable-qr,microsoft,True,,,,,,,,,,,,,,,,,,,,,,,,,,,,,,,,,,,,,,,,,,,,,,,,,,TN,,,,,,,,,,
449314064.0,1852128483,2024-03-03 12:29:51,200.1,62056fe89aac9d2f369746854f0e3a55ad7153d0,1386069,autoland,ContentfulSpeedIndex,True,microsoft ContentfulSpeedIndex opt fission warm webrender,,77,ms,firefox,False,|f|i|s|s|i|o|n| |w|a|r|m| |w|e|b|r|e|n|d|e|r|,,3776889,13,9b3df14599f65e991e2c4a5eaba7ebe76c85b8c3,102210fe594ee9b33d82058545b1ed14f4c8206e,linux1804-64-shippable-qr,microsoft,True,,,,,,,,,,,,,,,,,,,,,,,,,,,,,,,,,,,,,,,,,,,,,,,,,,TN,,,,,,,,,,
449342858.0,1852227089,2024-03-04 01:21:19,213.6,499cae53f42dfc8f376fd97d0a83c1f8e85e274c,1386148,autoland,ContentfulSpeedIndex,True,microsoft ContentfulSpeedIndex opt fission warm webrender,,77,ms,firefox,False,|f|i|s|s|i|o|n| |w|a|r|m| |w|e|b|r|e|n|d|e|r|,,3776889,13,9b3df14599f65e991e2c4a5eaba7ebe76c85b8c3,102210fe594ee9b33d82058545b1ed14f4c8206e,linux1804-64-shippable-qr,microsoft,True,,,,,,,,,,,,,,,,,,,,,,,,,,,,,,,,,,,,,,,,,,,,,,,,,,TN,,,,,,,,,,
449354467.0,1852282721,2024-03-04 06:32:50,216.0,79823348e9cf740dbe5ae11eb654b1a85ea0ecbc,1386182,autoland,ContentfulSpeedIndex,True,microsoft ContentfulSpeedIndex opt fission warm webrender,,77,ms,firefox,False,|f|i|s|s|i|o|n| |w|a|r|m| |w|e|b|r|e|n|d|e|r|,,3776889,13,9b3df14599f65e991e2c4a5eaba7ebe76c85b8c3,102210fe594ee9b33d82058545b1ed14f4c8206e,linux1804-64-shippable-qr,microsoft,True,,,,,,,,,,,,,,,,,,,,,,,,,,,,,,,,,,,,,,,,,,,,,,,,,,TN,,,,,,,,,,
449368985.0,1852366135,2024-03-04 08:48:22,217.8,54c13c0498731427f23aff4c7e87900a715761b0,1386226,autoland,ContentfulSpeedIndex,True,microsoft ContentfulSpeedIndex opt fission warm webrender,,77,ms,firefox,False,|f|i|s|s|i|o|n| |w|a|r|m| |w|e|b|r|e|n|d|e|r|,,3776889,13,9b3df14599f65e991e2c4a5eaba7ebe76c85b8c3,102210fe594ee9b33d82058545b1ed14f4c8206e,linux1804-64-shippable-qr,microsoft,True,,,,,,,,,,,,,,,,,,,,,,,,,,,,,,,,,,,,,,,,,,,,,,,,,,TN,,,,,,,,,,
449418473.0,1852490556,2024-03-04 12:51:58,207.7,938c019ec0d1f3f1c0932e575d8f9e9f4c387320,1386363,autoland,ContentfulSpeedIndex,True,microsoft ContentfulSpeedIndex opt fission warm webrender,,77,ms,firefox,False,|f|i|s|s|i|o|n| |w|a|r|m| |w|e|b|r|e|n|d|e|r|,,3776889,13,9b3df14599f65e991e2c4a5eaba7ebe76c85b8c3,102210fe594ee9b33d82058545b1ed14f4c8206e,linux1804-64-shippable-qr,microsoft,True,,,,,,,,,,,,,,,,,,,,,,,,,,,,,,,,,,,,,,,,,,,,,,,,,,TN,,,,,,,,,,
449544102.0,1852997671,2024-03-04 13:05:50,219.7,ebe362ea0bcdad9ff347eb250a8e26d408e47215,1386367,autoland,ContentfulSpeedIndex,True,microsoft ContentfulSpeedIndex opt fission warm webrender,,77,ms,firefox,False,|f|i|s|s|i|o|n| |w|a|r|m| |w|e|b|r|e|n|d|e|r|,,3776889,13,9b3df14599f65e991e2c4a5eaba7ebe76c85b8c3,102210fe594ee9b33d82058545b1ed14f4c8206e,linux1804-64-shippable-qr,microsoft,True,,,,,,,,,,,,,,,,,,,,,,,,,,,,,,,,,,,,,,,,,,,,,,,,,,TN,,,,,,,,,,
449544006.0,1852982750,2024-03-04 13:19:08,174.3,b277bde0552da0099eed99380ad5b8eaa6402a30,1386372,autoland,ContentfulSpeedIndex,True,microsoft ContentfulSpeedIndex opt fission warm webrender,,77,ms,firefox,False,|f|i|s|s|i|o|n| |w|a|r|m| |w|e|b|r|e|n|d|e|r|,,3776889,13,9b3df14599f65e991e2c4a5eaba7ebe76c85b8c3,102210fe594ee9b33d82058545b1ed14f4c8206e,linux1804-64-shippable-qr,microsoft,True,,,,,,,,,,,,,,,,,,,,,,,,,,,,,,,,,,,,,,,,,,,,,,,,,,TN,,,,,,,,,,
449433188.0,1852538150,2024-03-04 14:27:11,215.8,c90923a84670e17105b275c5be4a3c2842cb248e,1386418,autoland,ContentfulSpeedIndex,True,microsoft ContentfulSpeedIndex opt fission warm webrender,,77,ms,firefox,False,|f|i|s|s|i|o|n| |w|a|r|m| |w|e|b|r|e|n|d|e|r|,,3776889,13,9b3df14599f65e991e2c4a5eaba7ebe76c85b8c3,102210fe594ee9b33d82058545b1ed14f4c8206e,linux1804-64-shippable-qr,microsoft,True,,,,,,,,,,,,,,,,,,,,,,,,,,,,,,,,,,,,,,,,,,,,,,,,,,TN,,,,,,,,,,
449452351.0,1852621277,2024-03-04 16:31:41,202.2,6c8dfd2a5bcafec953d7303c1fc35ec76d05f6ac,1386528,autoland,ContentfulSpeedIndex,True,microsoft ContentfulSpeedIndex opt fission warm webrender,,77,ms,firefox,False,|f|i|s|s|i|o|n| |w|a|r|m| |w|e|b|r|e|n|d|e|r|,,3776889,13,9b3df14599f65e991e2c4a5eaba7ebe76c85b8c3,102210fe594ee9b33d82058545b1ed14f4c8206e,linux1804-64-shippable-qr,microsoft,True,,,,,,,,,,,,,,,,,,,,,,,,,,,,,,,,,,,,,,,,,,,,,,,,,,TN,,,,,,,,,,
449490751.0,1852771372,2024-03-04 20:31:42,223.5,430bda8b01b3b00b083a0034de19b12b032caf6b,1386698,autoland,ContentfulSpeedIndex,True,microsoft ContentfulSpeedIndex opt fission warm webrender,,77,ms,firefox,False,|f|i|s|s|i|o|n| |w|a|r|m| |w|e|b|r|e|n|d|e|r|,,3776889,13,9b3df14599f65e991e2c4a5eaba7ebe76c85b8c3,102210fe594ee9b33d82058545b1ed14f4c8206e,linux1804-64-shippable-qr,microsoft,True,,,,,,,,,,,,,,,,,,,,,,,,,,,,,,,,,,,,,,,,,,,,,,,,,,TN,,,,,,,,,,
449495892.0,1852826996,2024-03-04 21:16:05,212.1,5b706eb2187070200b3eecb6d99a95e750c3266e,1386717,autoland,ContentfulSpeedIndex,True,microsoft ContentfulSpeedIndex opt fission warm webrender,,77,ms,firefox,False,|f|i|s|s|i|o|n| |w|a|r|m| |w|e|b|r|e|n|d|e|r|,,3776889,13,9b3df14599f65e991e2c4a5eaba7ebe76c85b8c3,102210fe594ee9b33d82058545b1ed14f4c8206e,linux1804-64-shippable-qr,microsoft,True,,,,,,,,,,,,,,,,,,,,,,,,,,,,,,,,,,,,,,,,,,,,,,,,,,TN,,,,,,,,,,
449535677.0,1852916628,2024-03-05 01:28:34,202.8,2b54764bcf2909b800951938d1f6fd47752c91b6,1386871,autoland,ContentfulSpeedIndex,True,microsoft ContentfulSpeedIndex opt fission warm webrender,,77,ms,firefox,False,|f|i|s|s|i|o|n| |w|a|r|m| |w|e|b|r|e|n|d|e|r|,,3776889,13,9b3df14599f65e991e2c4a5eaba7ebe76c85b8c3,102210fe594ee9b33d82058545b1ed14f4c8206e,linux1804-64-shippable-qr,microsoft,True,,,,,,,,,,,,,,,,,,,,,,,,,,,,,,,,,,,,,,,,,,,,,,,,,,TN,,,,,,,,,,
449549746.0,1853018321,2024-03-05 05:25:14,226.6,61bb37d1ba16985ef9e5cd99cd02912849f743a3,1386945,autoland,ContentfulSpeedIndex,True,microsoft ContentfulSpeedIndex opt fission warm webrender,,77,ms,firefox,False,|f|i|s|s|i|o|n| |w|a|r|m| |w|e|b|r|e|n|d|e|r|,,3776889,13,9b3df14599f65e991e2c4a5eaba7ebe76c85b8c3,102210fe594ee9b33d82058545b1ed14f4c8206e,linux1804-64-shippable-qr,microsoft,True,,,,,,,,,,,,,,,,,,,,,,,,,,,,,,,,,,,,,,,,,,,,,,,,,,TN,,,,,,,,,,
449575904.0,1853095182,2024-03-05 09:36:09,220.0,20859a1f25eb48ec31fdd24c0552b9fa83c5dcf2,1387072,autoland,ContentfulSpeedIndex,True,microsoft ContentfulSpeedIndex opt fission warm webrender,,77,ms,firefox,False,|f|i|s|s|i|o|n| |w|a|r|m| |w|e|b|r|e|n|d|e|r|,,3776889,13,9b3df14599f65e991e2c4a5eaba7ebe76c85b8c3,102210fe594ee9b33d82058545b1ed14f4c8206e,linux1804-64-shippable-qr,microsoft,True,,,,,,,,,,,,,,,,,,,,,,,,,,,,,,,,,,,,,,,,,,,,,,,,,,TN,,,,,,,,,,
449602462.0,1853175127,2024-03-05 11:43:18,215.5,300643546ea85a42a1f88a11595ebbb0b7157128,1387157,autoland,ContentfulSpeedIndex,True,microsoft ContentfulSpeedIndex opt fission warm webrender,,77,ms,firefox,False,|f|i|s|s|i|o|n| |w|a|r|m| |w|e|b|r|e|n|d|e|r|,,3776889,13,9b3df14599f65e991e2c4a5eaba7ebe76c85b8c3,102210fe594ee9b33d82058545b1ed14f4c8206e,linux1804-64-shippable-qr,microsoft,True,,,,,,,,,,,,,,,,,,,,,,,,,,,,,,,,,,,,,,,,,,,,,,,,,,TN,,,,,,,,,,
449723671.0,1853639903,2024-03-05 13:23:13,225.8,ce04bfaf8a42c978750bbc90600639374bf1293a,1387210,autoland,ContentfulSpeedIndex,True,microsoft ContentfulSpeedIndex opt fission warm webrender,,77,ms,firefox,False,|f|i|s|s|i|o|n| |w|a|r|m| |w|e|b|r|e|n|d|e|r|,,3776889,13,9b3df14599f65e991e2c4a5eaba7ebe76c85b8c3,102210fe594ee9b33d82058545b1ed14f4c8206e,linux1804-64-shippable-qr,microsoft,True,,,,,,,,,,,,,,,,,,,,,,,,,,,,,,,,,,,,,,,,,,,,,,,,,,TN,,,,,,,,,,
449720749.0,1853576325,2024-03-05 13:27:30,207.5,33e78b58e39fe602a8fcc6ab12a2f2bc513b66e3,1387213,autoland,ContentfulSpeedIndex,True,microsoft ContentfulSpeedIndex opt fission warm webrender,,77,ms,firefox,False,|f|i|s|s|i|o|n| |w|a|r|m| |w|e|b|r|e|n|d|e|r|,,3776889,13,9b3df14599f65e991e2c4a5eaba7ebe76c85b8c3,102210fe594ee9b33d82058545b1ed14f4c8206e,linux1804-64-shippable-qr,microsoft,True,,,,,,,,,,,,,,,,,,,,,,,,,,,,,,,,,,,,,,,,,,,,,,,,,,TN,,,,,,,,,,
449723548.0,1853621971,2024-03-05 14:21:00,211.2,4132892d754dddce6198ca04a7119f25a8ebfa9e,1387261,autoland,ContentfulSpeedIndex,True,microsoft ContentfulSpeedIndex opt fission warm webrender,,77,ms,firefox,False,|f|i|s|s|i|o|n| |w|a|r|m| |w|e|b|r|e|n|d|e|r|,,3776889,13,9b3df14599f65e991e2c4a5eaba7ebe76c85b8c3,102210fe594ee9b33d82058545b1ed14f4c8206e,linux1804-64-shippable-qr,microsoft,True,,,,,,,,,,,,,,,,,,,,,,,,,,,,,,,,,,,,,,,,,,,,,,,,,,TN,,,,,,,,,,
449711803.0,1853525393,2024-03-05 14:25:39,210.5,a01a55c90524c2dd692e9c4343b58f8cf797775f,1387264,autoland,ContentfulSpeedIndex,True,microsoft ContentfulSpeedIndex opt fission warm webrender,,77,ms,firefox,False,|f|i|s|s|i|o|n| |w|a|r|m| |w|e|b|r|e|n|d|e|r|,,3776889,13,9b3df14599f65e991e2c4a5eaba7ebe76c85b8c3,102210fe594ee9b33d82058545b1ed14f4c8206e,linux1804-64-shippable-qr,microsoft,True,,,,,,,,,,,,,,,,,,,,,,,,,,,,,,,,,,,,,,,,,,,,,,,,,,TN,,,,,,,,,,
449629367.0,1853256092,2024-03-05 15:52:09,222.8,adf17fc47c84c0fa237aecff550ba42344a5c629,1387348,autoland,ContentfulSpeedIndex,True,microsoft ContentfulSpeedIndex opt fission warm webrender,,77,ms,firefox,False,|f|i|s|s|i|o|n| |w|a|r|m| |w|e|b|r|e|n|d|e|r|,,3776889,13,9b3df14599f65e991e2c4a5eaba7ebe76c85b8c3,102210fe594ee9b33d82058545b1ed14f4c8206e,linux1804-64-shippable-qr,microsoft,True,,,,,,,,,,,,,,,,,,,,,,,,,,,,,,,,,,,,,,,,,,,,,,,,,,TN,,,,,,,,,,
449718993.0,1853563139,2024-03-05 18:29:32,221.8,592e22279f895d585e8f156ec76d4ad64c779ad0,1387494,autoland,ContentfulSpeedIndex,True,microsoft ContentfulSpeedIndex opt fission warm webrender,,77,ms,firefox,False,|f|i|s|s|i|o|n| |w|a|r|m| |w|e|b|r|e|n|d|e|r|,,3776889,13,9b3df14599f65e991e2c4a5eaba7ebe76c85b8c3,102210fe594ee9b33d82058545b1ed14f4c8206e,linux1804-64-shippable-qr,microsoft,True,,,,,,,,,,,,,,,,,,,,,,,,,,,,,,,,,,,,,,,,,,,,,,,,,,TN,,,,,,,,,,
449724517.0,1853650077,2024-03-05 18:30:41,197.2,867bf0a906009a7dd84967547a5fbb8e9bf6bb5f,1387498,autoland,ContentfulSpeedIndex,True,microsoft ContentfulSpeedIndex opt fission warm webrender,,77,ms,firefox,False,|f|i|s|s|i|o|n| |w|a|r|m| |w|e|b|r|e|n|d|e|r|,,3776889,13,9b3df14599f65e991e2c4a5eaba7ebe76c85b8c3,102210fe594ee9b33d82058545b1ed14f4c8206e,linux1804-64-shippable-qr,microsoft,True,,,,,,,,,,,,,,,,,,,,,,,,,,,,,,,,,,,,,,,,,,,,,,,,,,TN,,,,,,,,,,
449724638.0,1853675505,2024-03-05 18:33:24,227.2,b1dedc536b88c9f5c0e91eeb84892e9328eb67cb,1387501,autoland,ContentfulSpeedIndex,True,microsoft ContentfulSpeedIndex opt fission warm webrender,,77,ms,firefox,False,|f|i|s|s|i|o|n| |w|a|r|m| |w|e|b|r|e|n|d|e|r|,,3776889,13,9b3df14599f65e991e2c4a5eaba7ebe76c85b8c3,102210fe594ee9b33d82058545b1ed14f4c8206e,linux1804-64-shippable-qr,microsoft,True,,,,,,,,,,,,,,,,,,,,,,,,,,,,,,,,,,,,,,,,,,,,,,,,,,TN,,,,,,,,,,
449721435.0,1853609651,2024-03-05 18:34:14,211.7,8632754daac15f378926a4efb6bd274adfe643b3,1387502,autoland,ContentfulSpeedIndex,True,microsoft ContentfulSpeedIndex opt fission warm webrender,,77,ms,firefox,False,|f|i|s|s|i|o|n| |w|a|r|m| |w|e|b|r|e|n|d|e|r|,,3776889,13,9b3df14599f65e991e2c4a5eaba7ebe76c85b8c3,102210fe594ee9b33d82058545b1ed14f4c8206e,linux1804-64-shippable-qr,microsoft,True,,,,,,,,,,,,,,,,,,,,,,,,,,,,,,,,,,,,,,,,,,,,,,,,,,TN,,,,,,,,,,
449664875.0,1853358005,2024-03-05 19:23:59,220.8,c13ff57ddd8d6b9f971a631b45c6da97b3c14fb9,1387560,autoland,ContentfulSpeedIndex,True,microsoft ContentfulSpeedIndex opt fission warm webrender,,77,ms,firefox,False,|f|i|s|s|i|o|n| |w|a|r|m| |w|e|b|r|e|n|d|e|r|,,3776889,13,9b3df14599f65e991e2c4a5eaba7ebe76c85b8c3,102210fe594ee9b33d82058545b1ed14f4c8206e,linux1804-64-shippable-qr,microsoft,True,,,,,,,,,,,,,,,,,,,,,,,,,,,,,,,,,,,,,,,,,,,,,,,,,,TN,,,,,,,,,,
449684548.0,1853429822,2024-03-05 22:16:54,207.7,099f52f30c39008328dfbc02ff824310e082a8da,1387647,autoland,ContentfulSpeedIndex,True,microsoft ContentfulSpeedIndex opt fission warm webrender,,77,ms,firefox,False,|f|i|s|s|i|o|n| |w|a|r|m| |w|e|b|r|e|n|d|e|r|,,3776889,13,9b3df14599f65e991e2c4a5eaba7ebe76c85b8c3,102210fe594ee9b33d82058545b1ed14f4c8206e,linux1804-64-shippable-qr,microsoft,True,,,,,,,,,,,,,,,,,,,,,,,,,,,,,,,,,,,,,,,,,,,,,,,,,,TN,,,,,,,,,,
449712939.0,1853531618,2024-03-06 02:53:23,224.5,488c772c72746cdfbf99e927acee696c4d6a5aef,1387831,autoland,ContentfulSpeedIndex,True,microsoft ContentfulSpeedIndex opt fission warm webrender,,77,ms,firefox,False,|f|i|s|s|i|o|n| |w|a|r|m| |w|e|b|r|e|n|d|e|r|,,3776889,13,9b3df14599f65e991e2c4a5eaba7ebe76c85b8c3,102210fe594ee9b33d82058545b1ed14f4c8206e,linux1804-64-shippable-qr,microsoft,True,,,,,,,,,,,,,,,,,,,,,,,,,,,,,,,,,,,,,,,,,,,,,,,,,,TN,,,,,,,,,,
449794139.0,1853838340,2024-03-06 14:00:28,198.1,143c3925806ed35200c2a71e650e7e74f58520a7,1388157,autoland,ContentfulSpeedIndex,True,microsoft ContentfulSpeedIndex opt fission warm webrender,,77,ms,firefox,False,|f|i|s|s|i|o|n| |w|a|r|m| |w|e|b|r|e|n|d|e|r|,,3776889,13,9b3df14599f65e991e2c4a5eaba7ebe76c85b8c3,102210fe594ee9b33d82058545b1ed14f4c8206e,linux1804-64-shippable-qr,microsoft,True,,,,,,,,,,,,,,,,,,,,,,,,,,,,,,,,,,,,,,,,,,,,,,,,,,TN,,,,,,,,,,
449828581.0,1853950322,2024-03-06 18:03:03,209.0,03e6d6ff8bde56b645cfbc34dee452ff375ff3ca,1388329,autoland,ContentfulSpeedIndex,True,microsoft ContentfulSpeedIndex opt fission warm webrender,,77,ms,firefox,False,|f|i|s|s|i|o|n| |w|a|r|m| |w|e|b|r|e|n|d|e|r|,,3776889,13,9b3df14599f65e991e2c4a5eaba7ebe76c85b8c3,102210fe594ee9b33d82058545b1ed14f4c8206e,linux1804-64-shippable-qr,microsoft,True,,,,,,,,,,,,,,,,,,,,,,,,,,,,,,,,,,,,,,,,,,,,,,,,,,TN,,,,,,,,,,
449900610.0,1854336332,2024-03-06 18:04:52,213.2,2a33c6ffb867576c11fa7edb2e13b7bf5b39d650,1388332,autoland,ContentfulSpeedIndex,True,microsoft ContentfulSpeedIndex opt fission warm webrender,,77,ms,firefox,False,|f|i|s|s|i|o|n| |w|a|r|m| |w|e|b|r|e|n|d|e|r|,,3776889,13,9b3df14599f65e991e2c4a5eaba7ebe76c85b8c3,102210fe594ee9b33d82058545b1ed14f4c8206e,linux1804-64-shippable-qr,microsoft,True,,,,,,,,,,,,,,,,,,,,,,,,,,,,,,,,,,,,,,,,,,,,,,,,,,TN,,,,,,,,,,
449829685.0,1853989567,2024-03-06 18:05:41,207.9,f408182c4687f0490084c35cc766e637d0bdfd0f,1388333,autoland,ContentfulSpeedIndex,True,microsoft ContentfulSpeedIndex opt fission warm webrender,,77,ms,firefox,False,|f|i|s|s|i|o|n| |w|a|r|m| |w|e|b|r|e|n|d|e|r|,,3776889,13,9b3df14599f65e991e2c4a5eaba7ebe76c85b8c3,102210fe594ee9b33d82058545b1ed14f4c8206e,linux1804-64-shippable-qr,microsoft,True,,,,,,,,,,,,,,,,,,,,,,,,,,,,,,,,,,,,,,,,,,,,,,,,,,TN,,,,,,,,,,
449849361.0,1854062746,2024-03-06 20:32:27,210.3,cbcc69d30489c534df28a444097bd87fcf8d8352,1388530,autoland,ContentfulSpeedIndex,True,microsoft ContentfulSpeedIndex opt fission warm webrender,,77,ms,firefox,False,|f|i|s|s|i|o|n| |w|a|r|m| |w|e|b|r|e|n|d|e|r|,,3776889,13,9b3df14599f65e991e2c4a5eaba7ebe76c85b8c3,102210fe594ee9b33d82058545b1ed14f4c8206e,linux1804-64-shippable-qr,microsoft,True,,,,,,,,,,,,,,,,,,,,,,,,,,,,,,,,,,,,,,,,,,,,,,,,,,TN,,,,,,,,,,
449897239.0,1854321303,2024-03-06 22:04:29,212.3,fff42f9943259b806c262822a11bb3c2108a64a3,1388615,autoland,ContentfulSpeedIndex,True,microsoft ContentfulSpeedIndex opt fission warm webrender,,77,ms,firefox,False,|f|i|s|s|i|o|n| |w|a|r|m| |w|e|b|r|e|n|d|e|r|,,3776889,13,9b3df14599f65e991e2c4a5eaba7ebe76c85b8c3,102210fe594ee9b33d82058545b1ed14f4c8206e,linux1804-64-shippable-qr,microsoft,True,,,,,,,,,,,,,,,,,,,,,,,,,,,,,,,,,,,,,,,,,,,,,,,,,,TN,,,,,,,,,,
449899787.0,1854331710,2024-03-06 22:29:06,209.6,e7c0504a7b8d395173d0b7b8caf998da6d799fa0,1388634,autoland,ContentfulSpeedIndex,True,microsoft ContentfulSpeedIndex opt fission warm webrender,,77,ms,firefox,False,|f|i|s|s|i|o|n| |w|a|r|m| |w|e|b|r|e|n|d|e|r|,,3776889,13,9b3df14599f65e991e2c4a5eaba7ebe76c85b8c3,102210fe594ee9b33d82058545b1ed14f4c8206e,linux1804-64-shippable-qr,microsoft,True,,,,,,,,,,,,,,,,,,,,,,,,,,,,,,,,,,,,,,,,,,,,,,,,,,TN,,,,,,,,,,
449875212.0,1854163051,2024-03-06 22:58:04,210.1,98eadcb9210580189dd1cb9eb2cad1362b0c2835,1388664,autoland,ContentfulSpeedIndex,True,microsoft ContentfulSpeedIndex opt fission warm webrender,,77,ms,firefox,False,|f|i|s|s|i|o|n| |w|a|r|m| |w|e|b|r|e|n|d|e|r|,,3776889,13,9b3df14599f65e991e2c4a5eaba7ebe76c85b8c3,102210fe594ee9b33d82058545b1ed14f4c8206e,linux1804-64-shippable-qr,microsoft,True,,,,,,,,,,,,,,,,,,,,,,,,,,,,,,,,,,,,,,,,,,,,,,,,,,TN,,,,,,,,,,
449893571.0,1854267911,2024-03-07 03:21:51,209.1,62ed755b7c5e2b357e66b4f19a5419c685e87a47,1388820,autoland,ContentfulSpeedIndex,True,microsoft ContentfulSpeedIndex opt fission warm webrender,,77,ms,firefox,False,|f|i|s|s|i|o|n| |w|a|r|m| |w|e|b|r|e|n|d|e|r|,,3776889,13,9b3df14599f65e991e2c4a5eaba7ebe76c85b8c3,102210fe594ee9b33d82058545b1ed14f4c8206e,linux1804-64-shippable-qr,microsoft,True,,,,,,,,,,,,,,,,,,,,,,,,,,,,,,,,,,,,,,,,,,,,,,,,,,TN,,,,,,,,,,
449901392.0,1854348340,2024-03-07 06:37:03,214.1,d48a42b340b69771d9dc99ddf1303d3f88ae9165,1388849,autoland,ContentfulSpeedIndex,True,microsoft ContentfulSpeedIndex opt fission warm webrender,,77,ms,firefox,False,|f|i|s|s|i|o|n| |w|a|r|m| |w|e|b|r|e|n|d|e|r|,,3776889,13,9b3df14599f65e991e2c4a5eaba7ebe76c85b8c3,102210fe594ee9b33d82058545b1ed14f4c8206e,linux1804-64-shippable-qr,microsoft,True,,,,,,,,,,,,,,,,,,,,,,,,,,,,,,,,,,,,,,,,,,,,,,,,,,TN,,,,,,,,,,
449922651.0,1854442258,2024-03-07 10:49:51,206.8,cfe658475285f9b5c867bcbd191d2e1332df885e,1388876,autoland,ContentfulSpeedIndex,True,microsoft ContentfulSpeedIndex opt fission warm webrender,,77,ms,firefox,False,|f|i|s|s|i|o|n| |w|a|r|m| |w|e|b|r|e|n|d|e|r|,,3776889,13,9b3df14599f65e991e2c4a5eaba7ebe76c85b8c3,102210fe594ee9b33d82058545b1ed14f4c8206e,linux1804-64-shippable-qr,microsoft,True,,,,,,,,,,,,,,,,,,,,,,,,,,,,,,,,,,,,,,,,,,,,,,,,,,TN,,,,,,,,,,
449935969.0,1854489399,2024-03-07 13:27:03,205.2,0027da61966ddaf727a4c543b4541d0e175cb354,1388885,autoland,ContentfulSpeedIndex,True,microsoft ContentfulSpeedIndex opt fission warm webrender,,77,ms,firefox,False,|f|i|s|s|i|o|n| |w|a|r|m| |w|e|b|r|e|n|d|e|r|,,3776889,13,9b3df14599f65e991e2c4a5eaba7ebe76c85b8c3,102210fe594ee9b33d82058545b1ed14f4c8206e,linux1804-64-shippable-qr,microsoft,True,,,,,,,,,,,,,,,,,,,,,,,,,,,,,,,,,,,,,,,,,,,,,,,,,,TN,,,,,,,,,,
449988439.0,1854712522,2024-03-07 20:11:01,203.0,c9b3f598aa024ffbe096094ee8845222b7483c50,1389147,autoland,ContentfulSpeedIndex,True,microsoft ContentfulSpeedIndex opt fission warm webrender,,77,ms,firefox,False,|f|i|s|s|i|o|n| |w|a|r|m| |w|e|b|r|e|n|d|e|r|,,3776889,13,9b3df14599f65e991e2c4a5eaba7ebe76c85b8c3,102210fe594ee9b33d82058545b1ed14f4c8206e,linux1804-64-shippable-qr,microsoft,True,,,,,,,,,,,,,,,,,,,,,,,,,,,,,,,,,,,,,,,,,,,,,,,,,,TN,,,,,,,,,,
450011217.0,1854813793,2024-03-08 00:14:27,217.9,f9c5e71ad2de0632a1d833b02eb16cd13e4eabc1,1389377,autoland,ContentfulSpeedIndex,True,microsoft ContentfulSpeedIndex opt fission warm webrender,,77,ms,firefox,False,|f|i|s|s|i|o|n| |w|a|r|m| |w|e|b|r|e|n|d|e|r|,,3776889,13,9b3df14599f65e991e2c4a5eaba7ebe76c85b8c3,102210fe594ee9b33d82058545b1ed14f4c8206e,linux1804-64-shippable-qr,microsoft,True,,,,,,,,,,,,,,,,,,,,,,,,,,,,,,,,,,,,,,,,,,,,,,,,,,TN,,,,,,,,,,
450021067.0,1854873086,2024-03-08 01:03:56,208.1,ac5529a784bdd0522e58c4bcdb3293674601ac52,1389404,autoland,ContentfulSpeedIndex,True,microsoft ContentfulSpeedIndex opt fission warm webrender,,77,ms,firefox,False,|f|i|s|s|i|o|n| |w|a|r|m| |w|e|b|r|e|n|d|e|r|,,3776889,13,9b3df14599f65e991e2c4a5eaba7ebe76c85b8c3,102210fe594ee9b33d82058545b1ed14f4c8206e,linux1804-64-shippable-qr,microsoft,True,,,,,,,,,,,,,,,,,,,,,,,,,,,,,,,,,,,,,,,,,,,,,,,,,,TN,,,,,,,,,,
450052436.0,1855060374,2024-03-08 09:44:20,216.8,fe38c21e5d5ba7ab071d13411995b46f31d7862c,1389593,autoland,ContentfulSpeedIndex,True,microsoft ContentfulSpeedIndex opt fission warm webrender,,77,ms,firefox,False,|f|i|s|s|i|o|n| |w|a|r|m| |w|e|b|r|e|n|d|e|r|,,3776889,13,9b3df14599f65e991e2c4a5eaba7ebe76c85b8c3,102210fe594ee9b33d82058545b1ed14f4c8206e,linux1804-64-shippable-qr,microsoft,True,,,,,,,,,,,,,,,,,,,,,,,,,,,,,,,,,,,,,,,,,,,,,,,,,,TN,,,,,,,,,,
450076965.0,1855122593,2024-03-08 13:47:55,212.3,e38d79679348570701c9c0b244b0d905b241b83b,1389613,autoland,ContentfulSpeedIndex,True,microsoft ContentfulSpeedIndex opt fission warm webrender,,77,ms,firefox,False,|f|i|s|s|i|o|n| |w|a|r|m| |w|e|b|r|e|n|d|e|r|,,3776889,13,9b3df14599f65e991e2c4a5eaba7ebe76c85b8c3,102210fe594ee9b33d82058545b1ed14f4c8206e,linux1804-64-shippable-qr,microsoft,True,,,,,,,,,,,,,,,,,,,,,,,,,,,,,,,,,,,,,,,,,,,,,,,,,,TN,,,,,,,,,,
450093821.0,1855175909,2024-03-08 15:54:44,207.3,c306d54c8963e4dda4426d48bf41774947f5138d,1389685,autoland,ContentfulSpeedIndex,True,microsoft ContentfulSpeedIndex opt fission warm webrender,,77,ms,firefox,False,|f|i|s|s|i|o|n| |w|a|r|m| |w|e|b|r|e|n|d|e|r|,,3776889,13,9b3df14599f65e991e2c4a5eaba7ebe76c85b8c3,102210fe594ee9b33d82058545b1ed14f4c8206e,linux1804-64-shippable-qr,microsoft,True,,,,,,,,,,,,,,,,,,,,,,,,,,,,,,,,,,,,,,,,,,,,,,,,,,TN,,,,,,,,,,
450146007.0,1855427866,2024-03-09 00:01:41,206.7,e40628b4cd80f3469e6fb5836c1e513e3e058225,1390115,autoland,ContentfulSpeedIndex,True,microsoft ContentfulSpeedIndex opt fission warm webrender,,77,ms,firefox,False,|f|i|s|s|i|o|n| |w|a|r|m| |w|e|b|r|e|n|d|e|r|,,3776889,13,9b3df14599f65e991e2c4a5eaba7ebe76c85b8c3,102210fe594ee9b33d82058545b1ed14f4c8206e,linux1804-64-shippable-qr,microsoft,True,,,,,,,,,,,,,,,,,,,,,,,,,,,,,,,,,,,,,,,,,,,,,,,,,,TN,,,,,,,,,,
450146381.0,1855439737,2024-03-09 00:02:45,220.9,4d67ec80ce46b924295e599b81d0db0071664eca,1390116,autoland,ContentfulSpeedIndex,True,microsoft ContentfulSpeedIndex opt fission warm webrender,,77,ms,firefox,False,|f|i|s|s|i|o|n| |w|a|r|m| |w|e|b|r|e|n|d|e|r|,,3776889,13,9b3df14599f65e991e2c4a5eaba7ebe76c85b8c3,102210fe594ee9b33d82058545b1ed14f4c8206e,linux1804-64-shippable-qr,microsoft,True,,,,,,,,,,,,,,,,,,,,,,,,,,,,,,,,,,,,,,,,,,,,,,,,,,TN,,,,,,,,,,
450146608.0,1855450293,2024-03-09 00:03:40,216.7,fb2eeb44f22026d0a1c7b18f8cb0786169300c1b,1390117,autoland,ContentfulSpeedIndex,True,microsoft ContentfulSpeedIndex opt fission warm webrender,,77,ms,firefox,False,|f|i|s|s|i|o|n| |w|a|r|m| |w|e|b|r|e|n|d|e|r|,,3776889,13,9b3df14599f65e991e2c4a5eaba7ebe76c85b8c3,102210fe594ee9b33d82058545b1ed14f4c8206e,linux1804-64-shippable-qr,microsoft,True,,,,,,,,,,,,,,,,,,,,,,,,,,,,,,,,,,,,,,,,,,,,,,,,,,TN,,,,,,,,,,
450165274.0,1855516996,2024-03-09 05:38:15,212.5,efb6c465b7de5cb34b029bb51e5b445952bdd9b2,1390162,autoland,ContentfulSpeedIndex,True,microsoft ContentfulSpeedIndex opt fission warm webrender,,77,ms,firefox,False,|f|i|s|s|i|o|n| |w|a|r|m| |w|e|b|r|e|n|d|e|r|,,3776889,13,9b3df14599f65e991e2c4a5eaba7ebe76c85b8c3,102210fe594ee9b33d82058545b1ed14f4c8206e,linux1804-64-shippable-qr,microsoft,True,,,,,,,,,,,,,,,,,,,,,,,,,,,,,,,,,,,,,,,,,,,,,,,,,,TN,,,,,,,,,,
450205826.0,1855643237,2024-03-09 15:33:05,211.0,10af6b2ff03bd7512d53f3ed02f7e83dba7c57ba,1390221,autoland,ContentfulSpeedIndex,True,microsoft ContentfulSpeedIndex opt fission warm webrender,,77,ms,firefox,False,|f|i|s|s|i|o|n| |w|a|r|m| |w|e|b|r|e|n|d|e|r|,,3776889,13,9b3df14599f65e991e2c4a5eaba7ebe76c85b8c3,102210fe594ee9b33d82058545b1ed14f4c8206e,linux1804-64-shippable-qr,microsoft,True,,,,,,,,,,,,,,,,,,,,,,,,,,,,,,,,,,,,,,,,,,,,,,,,,,TN,,,,,,,,,,
450217273.0,1855681247,2024-03-09 20:59:44,203.2,9768cd53e66eef4a715150196cfa1138f7edf7ba,1390244,autoland,ContentfulSpeedIndex,True,microsoft ContentfulSpeedIndex opt fission warm webrender,,77,ms,firefox,False,|f|i|s|s|i|o|n| |w|a|r|m| |w|e|b|r|e|n|d|e|r|,,3776889,13,9b3df14599f65e991e2c4a5eaba7ebe76c85b8c3,102210fe594ee9b33d82058545b1ed14f4c8206e,linux1804-64-shippable-qr,microsoft,True,,,,,,,,,,,,,,,,,,,,,,,,,,,,,,,,,,,,,,,,,,,,,,,,,,TN,,,,,,,,,,
450254359.0,1855805555,2024-03-10 13:59:13,215.8,f8edec6de8b50f0f6809208600e5c8ab87dd12d4,1390283,autoland,ContentfulSpeedIndex,True,microsoft ContentfulSpeedIndex opt fission warm webrender,,77,ms,firefox,False,|f|i|s|s|i|o|n| |w|a|r|m| |w|e|b|r|e|n|d|e|r|,,3776889,13,9b3df14599f65e991e2c4a5eaba7ebe76c85b8c3,102210fe594ee9b33d82058545b1ed14f4c8206e,linux1804-64-shippable-qr,microsoft,True,,,,,,,,,,,,,,,,,,,,,,,,,,,,,,,,,,,,,,,,,,,,,,,,,,TN,,,,,,,,,,
450259330.0,1855829534,2024-03-10 18:05:45,210.1,059c20bed3da7a717ee144e4c2339499009d7c44,1390298,autoland,ContentfulSpeedIndex,True,microsoft ContentfulSpeedIndex opt fission warm webrender,,77,ms,firefox,False,|f|i|s|s|i|o|n| |w|a|r|m| |w|e|b|r|e|n|d|e|r|,,3776889,13,9b3df14599f65e991e2c4a5eaba7ebe76c85b8c3,102210fe594ee9b33d82058545b1ed14f4c8206e,linux1804-64-shippable-qr,microsoft,True,,,,,,,,,,,,,,,,,,,,,,,,,,,,,,,,,,,,,,,,,,,,,,,,,,TN,,,,,,,,,,
450280404.0,1855933941,2024-03-11 02:48:56,209.4,0f63ab5624960b1aa464bb2e3bd76c6cd196f186,1390365,autoland,ContentfulSpeedIndex,True,microsoft ContentfulSpeedIndex opt fission warm webrender,,77,ms,firefox,False,|f|i|s|s|i|o|n| |w|a|r|m| |w|e|b|r|e|n|d|e|r|,,3776889,13,9b3df14599f65e991e2c4a5eaba7ebe76c85b8c3,102210fe594ee9b33d82058545b1ed14f4c8206e,linux1804-64-shippable-qr,microsoft,True,,,,,,,,,,,,,,,,,,,,,,,,,,,,,,,,,,,,,,,,,,,,,,,,,,TN,,,,,,,,,,
450298992.0,1856014505,2024-03-11 09:18:44,212.2,343e945a502ea35f40687ffca3eab7543522fe79,1390442,autoland,ContentfulSpeedIndex,True,microsoft ContentfulSpeedIndex opt fission warm webrender,,77,ms,firefox,False,|f|i|s|s|i|o|n| |w|a|r|m| |w|e|b|r|e|n|d|e|r|,,3776889,13,9b3df14599f65e991e2c4a5eaba7ebe76c85b8c3,102210fe594ee9b33d82058545b1ed14f4c8206e,linux1804-64-shippable-qr,microsoft,True,,,,,,,,,,,,,,,,,,,,,,,,,,,,,,,,,,,,,,,,,,,,,,,,,,TN,,,,,,,,,,
450428412.0,1856519997,2024-03-11 09:24:54,222.2,2a132ae2427f76ce68c19e08ce3960465c65dc3a,1390444,autoland,ContentfulSpeedIndex,True,microsoft ContentfulSpeedIndex opt fission warm webrender,,77,ms,firefox,False,|f|i|s|s|i|o|n| |w|a|r|m| |w|e|b|r|e|n|d|e|r|,,3776889,13,9b3df14599f65e991e2c4a5eaba7ebe76c85b8c3,102210fe594ee9b33d82058545b1ed14f4c8206e,linux1804-64-shippable-qr,microsoft,True,,,,,,,,,,,,,,,,,,,,,,,,,,,,,,,,,,,,,,,,,,,,,,,,,,TN,,,,,,,,,,
450428031.0,1856491509,2024-03-11 09:48:07,212.2,2692de58a79eac06924d27eda115f3f14c8c206c,1390457,autoland,ContentfulSpeedIndex,True,microsoft ContentfulSpeedIndex opt fission warm webrender,,77,ms,firefox,False,|f|i|s|s|i|o|n| |w|a|r|m| |w|e|b|r|e|n|d|e|r|,,3776889,13,9b3df14599f65e991e2c4a5eaba7ebe76c85b8c3,102210fe594ee9b33d82058545b1ed14f4c8206e,linux1804-64-shippable-qr,microsoft,True,,,,,,,,,,,,,,,,,,,,,,,,,,,,,,,,,,,,,,,,,,,,,,,,,,TN,,,,,,,,,,
450424634.0,1856441499,2024-03-11 12:32:27,222.2,856a612ce3d555ad6ec378bc99e74accba55c54a,1390498,autoland,ContentfulSpeedIndex,True,microsoft ContentfulSpeedIndex opt fission warm webrender,,77,ms,firefox,False,|f|i|s|s|i|o|n| |w|a|r|m| |w|e|b|r|e|n|d|e|r|,,3776889,13,9b3df14599f65e991e2c4a5eaba7ebe76c85b8c3,102210fe594ee9b33d82058545b1ed14f4c8206e,linux1804-64-shippable-qr,microsoft,True,,,,,,,,,,,,,,,,,,,,,,,,,,,,,,,,,,,,,,,,,,,,,,,,,,TN,,,,,,,,,,
450427934.0,1856471767,2024-03-11 12:39:30,213.5,715d05429686085f90ae695d4bec02a707e3e4cc,1390500,autoland,ContentfulSpeedIndex,True,microsoft ContentfulSpeedIndex opt fission warm webrender,,77,ms,firefox,False,|f|i|s|s|i|o|n| |w|a|r|m| |w|e|b|r|e|n|d|e|r|,,3776889,13,9b3df14599f65e991e2c4a5eaba7ebe76c85b8c3,102210fe594ee9b33d82058545b1ed14f4c8206e,linux1804-64-shippable-qr,microsoft,True,,,,,,,,,,,,,,,,,,,,,,,,,,,,,,,,,,,,,,,,,,,,,,,,,,TN,,,,,,,,,,
450332170.0,1856123286,2024-03-11 13:24:20,201.1,23b4081496822ae44a0f120f8429c0c57a864325,1390505,autoland,ContentfulSpeedIndex,True,microsoft ContentfulSpeedIndex opt fission warm webrender,,77,ms,firefox,False,|f|i|s|s|i|o|n| |w|a|r|m| |w|e|b|r|e|n|d|e|r|,,3776889,13,9b3df14599f65e991e2c4a5eaba7ebe76c85b8c3,102210fe594ee9b33d82058545b1ed14f4c8206e,linux1804-64-shippable-qr,microsoft,True,,,,,,,,,,,,,,,,,,,,,,,,,,,,,,,,,,,,,,,,,,,,,,,,,,TN,,,,,,,,,,
450339423.0,1856160878,2024-03-11 14:23:46,209.6,ec25d27f83b73ab4fbd93c737d29b732042c2139,1390552,autoland,ContentfulSpeedIndex,True,microsoft ContentfulSpeedIndex opt fission warm webrender,,77,ms,firefox,False,|f|i|s|s|i|o|n| |w|a|r|m| |w|e|b|r|e|n|d|e|r|,,3776889,13,9b3df14599f65e991e2c4a5eaba7ebe76c85b8c3,102210fe594ee9b33d82058545b1ed14f4c8206e,linux1804-64-shippable-qr,microsoft,True,,,,,,,,,,,,,,,,,,,,,,,,,,,,,,,,,,,,,,,,,,,,,,,,,,TN,,,,,,,,,,
450370263.0,1856277811,2024-03-11 18:03:14,217.1,b5f646ecf7f3ca586020974d36c3f4c4fca4a3a3,1390747,autoland,ContentfulSpeedIndex,True,microsoft ContentfulSpeedIndex opt fission warm webrender,,77,ms,firefox,False,|f|i|s|s|i|o|n| |w|a|r|m| |w|e|b|r|e|n|d|e|r|,,3776889,13,9b3df14599f65e991e2c4a5eaba7ebe76c85b8c3,102210fe594ee9b33d82058545b1ed14f4c8206e,linux1804-64-shippable-qr,microsoft,True,,,,,,,,,,,,,,,,,,,,,,,,,,,,,,,,,,,,,,,,,,,,,,,,,,TN,,,,,,,,,,
450391506.0,1856322108,2024-03-11 19:41:42,220.4,4984afdb79c55a76ef741d1667378c296f74240f,1390851,autoland,ContentfulSpeedIndex,True,microsoft ContentfulSpeedIndex opt fission warm webrender,,77,ms,firefox,False,|f|i|s|s|i|o|n| |w|a|r|m| |w|e|b|r|e|n|d|e|r|,,3776889,13,9b3df14599f65e991e2c4a5eaba7ebe76c85b8c3,102210fe594ee9b33d82058545b1ed14f4c8206e,linux1804-64-shippable-qr,microsoft,True,,,,,,,,,,,,,,,,,,,,,,,,,,,,,,,,,,,,,,,,,,,,,,,,,,TN,,,,,,,,,,
450428659.0,1856541324,2024-03-11 22:07:57,218.8,b09474764fb5539e6a0804ccf511ccf5a4dab743,1391017,autoland,ContentfulSpeedIndex,True,microsoft ContentfulSpeedIndex opt fission warm webrender,,77,ms,firefox,False,|f|i|s|s|i|o|n| |w|a|r|m| |w|e|b|r|e|n|d|e|r|,,3776889,13,9b3df14599f65e991e2c4a5eaba7ebe76c85b8c3,102210fe594ee9b33d82058545b1ed14f4c8206e,linux1804-64-shippable-qr,microsoft,True,,,,,,,,,,,,,,,,,,,,,,,,,,,,,,,,,,,,,,,,,,,,,,,,,,TN,,,,,,,,,,
450428219.0,1856492958,2024-03-11 22:09:50,213.4,cc3717eca9f6e97d26aa079dfb5a0d95afffbbde,1391018,autoland,ContentfulSpeedIndex,True,microsoft ContentfulSpeedIndex opt fission warm webrender,,77,ms,firefox,False,|f|i|s|s|i|o|n| |w|a|r|m| |w|e|b|r|e|n|d|e|r|,,3776889,13,9b3df14599f65e991e2c4a5eaba7ebe76c85b8c3,102210fe594ee9b33d82058545b1ed14f4c8206e,linux1804-64-shippable-qr,microsoft,True,,,,,,,,,,,,,,,,,,,,,,,,,,,,,,,,,,,,,,,,,,,,,,,,,,TN,,,,,,,,,,
450428347.0,1856514158,2024-03-11 22:11:33,214.0,e7bb5a728361f4b05cdc970a020bbe0b89e1a10b,1391020,autoland,ContentfulSpeedIndex,True,microsoft ContentfulSpeedIndex opt fission warm webrender,,77,ms,firefox,False,|f|i|s|s|i|o|n| |w|a|r|m| |w|e|b|r|e|n|d|e|r|,,3776889,13,9b3df14599f65e991e2c4a5eaba7ebe76c85b8c3,102210fe594ee9b33d82058545b1ed14f4c8206e,linux1804-64-shippable-qr,microsoft,True,,,,,,,,,,,,,,,,,,,,,,,,,,,,,,,,,,,,,,,,,,,,,,,,,,TN,,,,,,,,,,
450428462.0,1856527709,2024-03-11 22:12:28,214.4,1aef65c426c611042b513e7e8af814f1191c7692,1391028,autoland,ContentfulSpeedIndex,True,microsoft ContentfulSpeedIndex opt fission warm webrender,,77,ms,firefox,False,|f|i|s|s|i|o|n| |w|a|r|m| |w|e|b|r|e|n|d|e|r|,,3776889,13,9b3df14599f65e991e2c4a5eaba7ebe76c85b8c3,102210fe594ee9b33d82058545b1ed14f4c8206e,linux1804-64-shippable-qr,microsoft,True,,,,,,,,,,,,,,,,,,,,,,,,,,,,,,,,,,,,,,,,,,,,,,,,,,TN,,,,,,,,,,
450425180.0,1856449305,2024-03-12 03:06:47,212.5,5dbe89396d7f52d57c4a21457fcf95d4e1ae24c3,1391174,autoland,ContentfulSpeedIndex,True,microsoft ContentfulSpeedIndex opt fission warm webrender,,77,ms,firefox,False,|f|i|s|s|i|o|n| |w|a|r|m| |w|e|b|r|e|n|d|e|r|,,3776889,13,9b3df14599f65e991e2c4a5eaba7ebe76c85b8c3,102210fe594ee9b33d82058545b1ed14f4c8206e,linux1804-64-shippable-qr,microsoft,True,,,,,,,,,,,,,,,,,,,,,,,,,,,,,,,,,,,,,,,,,,,,,,,,,,TN,,,,,,,,,,
450433535.0,1856552032,2024-03-12 07:06:36,212.6,45bdb06ed9f6ae6b675b169c0b4dbd488363098d,1391218,autoland,ContentfulSpeedIndex,True,microsoft ContentfulSpeedIndex opt fission warm webrender,,77,ms,firefox,False,|f|i|s|s|i|o|n| |w|a|r|m| |w|e|b|r|e|n|d|e|r|,,3776889,13,9b3df14599f65e991e2c4a5eaba7ebe76c85b8c3,102210fe594ee9b33d82058545b1ed14f4c8206e,linux1804-64-shippable-qr,microsoft,True,,,,,,,,,,,,,,,,,,,,,,,,,,,,,,,,,,,,,,,,,,,,,,,,,,TN,,,,,,,,,,
450571941.0,1857035485,2024-03-12 08:58:41,202.8,74baace7eeb366eee357e89b04dac7178961a2a9,1391222,autoland,ContentfulSpeedIndex,True,microsoft ContentfulSpeedIndex opt fission warm webrender,,77,ms,firefox,False,|f|i|s|s|i|o|n| |w|a|r|m| |w|e|b|r|e|n|d|e|r|,,3776889,13,9b3df14599f65e991e2c4a5eaba7ebe76c85b8c3,102210fe594ee9b33d82058545b1ed14f4c8206e,linux1804-64-shippable-qr,microsoft,True,,,,,,,,,,,,,,,,,,,,,,,,,,,,,,,,,,,,,,,,,,,,,,,,,,TN,,,,,,,,,,
450571710.0,1857007187,2024-03-12 09:05:05,215.7,3e91ddebfb8efe05daac1d48ac4a3d30e0ec1885,1391223,autoland,ContentfulSpeedIndex,True,microsoft ContentfulSpeedIndex opt fission warm webrender,,77,ms,firefox,False,|f|i|s|s|i|o|n| |w|a|r|m| |w|e|b|r|e|n|d|e|r|,,3776889,13,9b3df14599f65e991e2c4a5eaba7ebe76c85b8c3,102210fe594ee9b33d82058545b1ed14f4c8206e,linux1804-64-shippable-qr,microsoft,True,,,,,,,,,,,,,,,,,,,,,,,,,,,,,,,,,,,,,,,,,,,,,,,,,,TN,,,,,,,,,,
450458587.0,1856618010,2024-03-12 11:26:19,214.8,8c1e5f6bca5a8f2ab2297cff5c736e61d3a3bd27,1391230,autoland,ContentfulSpeedIndex,True,microsoft ContentfulSpeedIndex opt fission warm webrender,,77,ms,firefox,False,|f|i|s|s|i|o|n| |w|a|r|m| |w|e|b|r|e|n|d|e|r|,,3776889,13,9b3df14599f65e991e2c4a5eaba7ebe76c85b8c3,102210fe594ee9b33d82058545b1ed14f4c8206e,linux1804-64-shippable-qr,microsoft,True,,,,,,,,,,,,,,,,,,,,,,,,,,,,,,,,,,,,,,,,,,,,,,,,,,TN,,,,,,,,,,
450495964.0,1856718772,2024-03-12 14:58:20,209.2,c93ce7649d8d7d874130caed9005d92be916b10e,1391396,autoland,ContentfulSpeedIndex,True,microsoft ContentfulSpeedIndex opt fission warm webrender,,77,ms,firefox,False,|f|i|s|s|i|o|n| |w|a|r|m| |w|e|b|r|e|n|d|e|r|,,3776889,13,9b3df14599f65e991e2c4a5eaba7ebe76c85b8c3,102210fe594ee9b33d82058545b1ed14f4c8206e,linux1804-64-shippable-qr,microsoft,True,,,,,,,,,,,,,,,,,,,,,,,,,,,,,,,,,,,,,,,,,,,,,,,,,,TN,,,,,,,,,,
450571546.0,1857003513,2024-03-12 15:04:24,201.3,48a907540cf263a7246d86efb7d4159c0b4597f5,1391401,autoland,ContentfulSpeedIndex,True,microsoft ContentfulSpeedIndex opt fission warm webrender,,77,ms,firefox,False,|f|i|s|s|i|o|n| |w|a|r|m| |w|e|b|r|e|n|d|e|r|,,3776889,13,9b3df14599f65e991e2c4a5eaba7ebe76c85b8c3,102210fe594ee9b33d82058545b1ed14f4c8206e,linux1804-64-shippable-qr,microsoft,True,,,,,,,,,,,,,,,,,,,,,,,,,,,,,,,,,,,,,,,,,,,,,,,,,,TN,,,,,,,,,,
450571803.0,1857023071,2024-03-12 15:07:58,205.6,06a229e6d63a6d3497e21a0c1fce3ed4d13e9733,1391404,autoland,ContentfulSpeedIndex,True,microsoft ContentfulSpeedIndex opt fission warm webrender,,77,ms,firefox,False,|f|i|s|s|i|o|n| |w|a|r|m| |w|e|b|r|e|n|d|e|r|,,3776889,13,9b3df14599f65e991e2c4a5eaba7ebe76c85b8c3,102210fe594ee9b33d82058545b1ed14f4c8206e,linux1804-64-shippable-qr,microsoft,True,,,,,,,,,,,,,,,,,,,,,,,,,,,,,,,,,,,,,,,,,,,,,,,,,,TN,,,,,,,,,,
450515007.0,1856796752,2024-03-12 19:37:06,205.3,d91b0606279d7c22a0119cdc8061cdeffe233787,1391673,autoland,ContentfulSpeedIndex,True,microsoft ContentfulSpeedIndex opt fission warm webrender,,77,ms,firefox,False,|f|i|s|s|i|o|n| |w|a|r|m| |w|e|b|r|e|n|d|e|r|,,3776889,13,9b3df14599f65e991e2c4a5eaba7ebe76c85b8c3,102210fe594ee9b33d82058545b1ed14f4c8206e,linux1804-64-shippable-qr,microsoft,True,,,,,,,,,,,,,,,,,,,,,,,,,,,,,,,,,,,,,,,,,,,,,,,,,,TN,,,,,,,,,,
450551580.0,1856927453,2024-03-12 23:13:34,211.5,bb96cef2989d78eaa9d2485bb379b29449a815b2,1391824,autoland,ContentfulSpeedIndex,True,microsoft ContentfulSpeedIndex opt fission warm webrender,,77,ms,firefox,False,|f|i|s|s|i|o|n| |w|a|r|m| |w|e|b|r|e|n|d|e|r|,,3776889,13,9b3df14599f65e991e2c4a5eaba7ebe76c85b8c3,102210fe594ee9b33d82058545b1ed14f4c8206e,linux1804-64-shippable-qr,microsoft,True,,,,,,,,,,,,,,,,,,,,,,,,,,,,,,,,,,,,,,,,,,,,,,,,,,TN,,,,,,,,,,
450582474.0,1857053301,2024-03-13 07:01:16,217.6,2dfb9f01e06f190da79fb195ea51dac2be58dde7,1392060,autoland,ContentfulSpeedIndex,True,microsoft ContentfulSpeedIndex opt fission warm webrender,,77,ms,firefox,False,|f|i|s|s|i|o|n| |w|a|r|m| |w|e|b|r|e|n|d|e|r|,,3776889,13,9b3df14599f65e991e2c4a5eaba7ebe76c85b8c3,102210fe594ee9b33d82058545b1ed14f4c8206e,linux1804-64-shippable-qr,microsoft,True,,,,,,,,,,,,,,,,,,,,,,,,,,,,,,,,,,,,,,,,,,,,,,,,,,TN,,,,,,,,,,
450612970.0,1857222491,2024-03-13 11:15:45,207.0,ae0da9180abdc1990832791041b323e05082f6f8,1392165,autoland,ContentfulSpeedIndex,True,microsoft ContentfulSpeedIndex opt fission warm webrender,,77,ms,firefox,False,|f|i|s|s|i|o|n| |w|a|r|m| |w|e|b|r|e|n|d|e|r|,,3776889,13,9b3df14599f65e991e2c4a5eaba7ebe76c85b8c3,102210fe594ee9b33d82058545b1ed14f4c8206e,linux1804-64-shippable-qr,microsoft,True,,,,,,,,,,,,,,,,,,,,,,,,,,,,,,,,,,,,,,,,,,,,,,,,,,TN,,,,,,,,,,
450641942.0,1857338382,2024-03-13 15:23:46,211.5,49e9b26b528b94a9db43d4b65112add1268f64fc,1392302,autoland,ContentfulSpeedIndex,True,microsoft ContentfulSpeedIndex opt fission warm webrender,,77,ms,firefox,False,|f|i|s|s|i|o|n| |w|a|r|m| |w|e|b|r|e|n|d|e|r|,,3776889,13,9b3df14599f65e991e2c4a5eaba7ebe76c85b8c3,102210fe594ee9b33d82058545b1ed14f4c8206e,linux1804-64-shippable-qr,microsoft,True,,,,,,,,,,,,,,,,,,,,,,,,,,,,,,,,,,,,,,,,,,,,,,,,,,TN,,,,,,,,,,
450646273.0,1857365526,2024-03-13 15:33:19,215.1,35c5c892ca1e96f731d20bc6edd310a5d4e13bad,1392307,autoland,ContentfulSpeedIndex,True,microsoft ContentfulSpeedIndex opt fission warm webrender,,77,ms,firefox,False,|f|i|s|s|i|o|n| |w|a|r|m| |w|e|b|r|e|n|d|e|r|,,3776889,13,9b3df14599f65e991e2c4a5eaba7ebe76c85b8c3,102210fe594ee9b33d82058545b1ed14f4c8206e,linux1804-64-shippable-qr,microsoft,True,,,,,,,,,,,,,,,,,,,,,,,,,,,,,,,,,,,,,,,,,,,,,,,,,,TN,,,,,,,,,,
450658428.0,1857438617,2024-03-13 18:41:03,211.6,ebcab57cf7cd8a64a561c831dc4d1bf6694f82b8,1392487,autoland,ContentfulSpeedIndex,True,microsoft ContentfulSpeedIndex opt fission warm webrender,,77,ms,firefox,False,|f|i|s|s|i|o|n| |w|a|r|m| |w|e|b|r|e|n|d|e|r|,,3776889,13,9b3df14599f65e991e2c4a5eaba7ebe76c85b8c3,102210fe594ee9b33d82058545b1ed14f4c8206e,linux1804-64-shippable-qr,microsoft,True,,,,,,,,,,,,,,,,,,,,,,,,,,,,,,,,,,,,,,,,,,,,,,,,,,TN,,,,,,,,,,
450677973.0,1857557941,2024-03-13 21:49:05,207.2,1f3b4df016ac965dd3a2c97cb547c495364fdeef,1392594,autoland,ContentfulSpeedIndex,True,microsoft ContentfulSpeedIndex opt fission warm webrender,,77,ms,firefox,False,|f|i|s|s|i|o|n| |w|a|r|m| |w|e|b|r|e|n|d|e|r|,,3776889,13,9b3df14599f65e991e2c4a5eaba7ebe76c85b8c3,102210fe594ee9b33d82058545b1ed14f4c8206e,linux1804-64-shippable-qr,microsoft,True,,,,,,,,,,,,,,,,,,,,,,,,,,,,,,,,,,,,,,,,,,,,,,,,,,TN,,,,,,,,,,
450710633.0,1857664855,2024-03-14 04:20:25,208.7,2333872b0f5028fa1f0e9236440fe58df07a0235,1392734,autoland,ContentfulSpeedIndex,True,microsoft ContentfulSpeedIndex opt fission warm webrender,,77,ms,firefox,False,|f|i|s|s|i|o|n| |w|a|r|m| |w|e|b|r|e|n|d|e|r|,,3776889,13,9b3df14599f65e991e2c4a5eaba7ebe76c85b8c3,102210fe594ee9b33d82058545b1ed14f4c8206e,linux1804-64-shippable-qr,microsoft,True,,,,,,,,,,,,,,,,,,,,,,,,,,,,,,,,,,,,,,,,,,,,,,,,,,TN,,,,,,,,,,
450724323.0,1857724678,2024-03-14 06:52:21,214.8,0c82ff77321a85c36f1c5b27c99d25bad8603028,1392758,autoland,ContentfulSpeedIndex,True,microsoft ContentfulSpeedIndex opt fission warm webrender,,77,ms,firefox,False,|f|i|s|s|i|o|n| |w|a|r|m| |w|e|b|r|e|n|d|e|r|,,3776889,13,9b3df14599f65e991e2c4a5eaba7ebe76c85b8c3,102210fe594ee9b33d82058545b1ed14f4c8206e,linux1804-64-shippable-qr,microsoft,True,,,,,,,,,,,,,,,,,,,,,,,,,,,,,,,,,,,,,,,,,,,,,,,,,,TN,,,,,,,,,,
450761242.0,1857841880,2024-03-14 10:59:46,213.6,1f30bd08be619a6ea06444a2a6e36123f7baad65,1392883,autoland,ContentfulSpeedIndex,True,microsoft ContentfulSpeedIndex opt fission warm webrender,,77,ms,firefox,False,|f|i|s|s|i|o|n| |w|a|r|m| |w|e|b|r|e|n|d|e|r|,,3776889,13,9b3df14599f65e991e2c4a5eaba7ebe76c85b8c3,102210fe594ee9b33d82058545b1ed14f4c8206e,linux1804-64-shippable-qr,microsoft,True,,,,,,,,,,,,,,,,,,,,,,,,,,,,,,,,,,,,,,,,,,,,,,,,,,TN,,,,,,,,,,
450859311.0,1858327001,2024-03-14 14:03:42,210.1,bbf56ec305f01be8420bbfe6d13e34ec85bf45d6,1392963,autoland,ContentfulSpeedIndex,True,microsoft ContentfulSpeedIndex opt fission warm webrender,,77,ms,firefox,False,|f|i|s|s|i|o|n| |w|a|r|m| |w|e|b|r|e|n|d|e|r|,,3776889,13,9b3df14599f65e991e2c4a5eaba7ebe76c85b8c3,102210fe594ee9b33d82058545b1ed14f4c8206e,linux1804-64-shippable-qr,microsoft,True,,,,,,,,,,,,,,,,,,,,,,,,,,,,,,,,,,,,,,,,,,,,,,,,,,TN,,,,,,,,,,
450859690.0,1858349463,2024-03-14 14:08:54,210.0,284c6596726d5dc4300413356fa75acde7f6dedd,1392971,autoland,ContentfulSpeedIndex,True,microsoft ContentfulSpeedIndex opt fission warm webrender,,77,ms,firefox,False,|f|i|s|s|i|o|n| |w|a|r|m| |w|e|b|r|e|n|d|e|r|,,3776889,13,9b3df14599f65e991e2c4a5eaba7ebe76c85b8c3,102210fe594ee9b33d82058545b1ed14f4c8206e,linux1804-64-shippable-qr,microsoft,True,,,,,,,,,,,,,,,,,,,,,,,,,,,,,,,,,,,,,,,,,,,,,,,,,,TN,,,,,,,,,,
450859424.0,1858339695,2024-03-14 14:09:44,214.5,e172f064ce25ea0f25f8bd0f418f3370ee51e17f,1392974,autoland,ContentfulSpeedIndex,True,microsoft ContentfulSpeedIndex opt fission warm webrender,,77,ms,firefox,False,|f|i|s|s|i|o|n| |w|a|r|m| |w|e|b|r|e|n|d|e|r|,,3776889,13,9b3df14599f65e991e2c4a5eaba7ebe76c85b8c3,102210fe594ee9b33d82058545b1ed14f4c8206e,linux1804-64-shippable-qr,microsoft,True,,,,,,,,,,,,,,,,,,,,,,,,,,,,,,,,,,,,,,,,,,,,,,,,,,TN,,,,,,,,,,
450804486.0,1858004525,2024-03-14 17:45:33,213.3,e0d1a1dbfd5c36a2527b566ff831a989ca5ae5f5,1393195,autoland,ContentfulSpeedIndex,True,microsoft ContentfulSpeedIndex opt fission warm webrender,,77,ms,firefox,False,|f|i|s|s|i|o|n| |w|a|r|m| |w|e|b|r|e|n|d|e|r|,,3776889,13,9b3df14599f65e991e2c4a5eaba7ebe76c85b8c3,102210fe594ee9b33d82058545b1ed14f4c8206e,linux1804-64-shippable-qr,microsoft,True,,,,,,,,,,,,,,,,,,,,,,,,,,,,,,,,,,,,,,,,,,,,,,,,,,TN,,,,,,,,,,
450859981.0,1858358649,2024-03-14 20:45:39,209.2,02dd9b09a010712f21eedc050648369c27e2a8ef,1393290,autoland,ContentfulSpeedIndex,True,microsoft ContentfulSpeedIndex opt fission warm webrender,,77,ms,firefox,False,|f|i|s|s|i|o|n| |w|a|r|m| |w|e|b|r|e|n|d|e|r|,,3776889,13,9b3df14599f65e991e2c4a5eaba7ebe76c85b8c3,102210fe594ee9b33d82058545b1ed14f4c8206e,linux1804-64-shippable-qr,microsoft,True,,,,,,,,,,,,,,,,,,,,,,,,,,,,,,,,,,,,,,,,,,,,,,,,,,TN,,,,,,,,,,
450853209.0,1858291997,2024-03-14 20:46:30,219.1,65df374506551b71fd3759cdb913ccc38d3900ea,1393291,autoland,ContentfulSpeedIndex,True,microsoft ContentfulSpeedIndex opt fission warm webrender,,77,ms,firefox,False,|f|i|s|s|i|o|n| |w|a|r|m| |w|e|b|r|e|n|d|e|r|,,3776889,13,9b3df14599f65e991e2c4a5eaba7ebe76c85b8c3,102210fe594ee9b33d82058545b1ed14f4c8206e,linux1804-64-shippable-qr,microsoft,True,,,,,,,,,,,,,,,,,,,,,,,,,,,,,,,,,,,,,,,,,,,,,,,,,,TN,,,,,,,,,,
450827018.0,1858091942,2024-03-14 21:51:03,208.6,278273f1c1fdca23ad419f0bd277a616aa240d1e,1393332,autoland,ContentfulSpeedIndex,True,microsoft ContentfulSpeedIndex opt fission warm webrender,,77,ms,firefox,False,|f|i|s|s|i|o|n| |w|a|r|m| |w|e|b|r|e|n|d|e|r|,,3776889,13,9b3df14599f65e991e2c4a5eaba7ebe76c85b8c3,102210fe594ee9b33d82058545b1ed14f4c8206e,linux1804-64-shippable-qr,microsoft,True,,,,,,,,,,,,,,,,,,,,,,,,,,,,,,,,,,,,,,,,,,,,,,,,,,TN,,,,,,,,,,
450846146.0,1858158939,2024-03-15 00:00:33,214.3,e18af9ec05f36a6f63a2e3889d5bc27f11be4267,1393414,autoland,ContentfulSpeedIndex,True,microsoft ContentfulSpeedIndex opt fission warm webrender,,77,ms,firefox,False,|f|i|s|s|i|o|n| |w|a|r|m| |w|e|b|r|e|n|d|e|r|,,3776889,13,9b3df14599f65e991e2c4a5eaba7ebe76c85b8c3,102210fe594ee9b33d82058545b1ed14f4c8206e,linux1804-64-shippable-qr,microsoft,True,,,,,,,,,,,,,,,,,,,,,,,,,,,,,,,,,,,,,,,,,,,,,,,,,,TN,,,,,,,,,,
450979989.0,1858860025,2024-03-15 00:02:35,213.2,be3fca116905314a5c3ce1953ed6d67269b2ea13,1393418,autoland,ContentfulSpeedIndex,True,microsoft ContentfulSpeedIndex opt fission warm webrender,,77,ms,firefox,False,|f|i|s|s|i|o|n| |w|a|r|m| |w|e|b|r|e|n|d|e|r|,,3776889,13,9b3df14599f65e991e2c4a5eaba7ebe76c85b8c3,102210fe594ee9b33d82058545b1ed14f4c8206e,linux1804-64-shippable-qr,microsoft,True,,,,,,,,,,,,,,,,,,,,,,,,,,,,,,,,,,,,,,,,,,,,,,,,,,TN,,,,,,,,,,
450980410.0,1858864701,2024-03-15 00:03:24,216.3,a4b18fc0529b53bf1ce429dbb5bc790ea118db90,1393419,autoland,ContentfulSpeedIndex,True,microsoft ContentfulSpeedIndex opt fission warm webrender,,77,ms,firefox,False,|f|i|s|s|i|o|n| |w|a|r|m| |w|e|b|r|e|n|d|e|r|,,3776889,13,9b3df14599f65e991e2c4a5eaba7ebe76c85b8c3,102210fe594ee9b33d82058545b1ed14f4c8206e,linux1804-64-shippable-qr,microsoft,True,,,,,,,,,,,,,,,,,,,,,,,,,,,,,,,,,,,,,,,,,,,,,,,,,,TN,,,,,,,,,,
450867719.0,1858380731,2024-03-15 06:02:39,211.5,0eb2b661743e4b5d2ed6cf61116bc5ade9da405b,1393511,autoland,ContentfulSpeedIndex,True,microsoft ContentfulSpeedIndex opt fission warm webrender,,77,ms,firefox,False,|f|i|s|s|i|o|n| |w|a|r|m| |w|e|b|r|e|n|d|e|r|,,3776889,13,9b3df14599f65e991e2c4a5eaba7ebe76c85b8c3,102210fe594ee9b33d82058545b1ed14f4c8206e,linux1804-64-shippable-qr,microsoft,True,,,,,,,,,,,,,,,,,,,,,,,,,,,,,,,,,,,,,,,,,,,,,,,,,,TN,,,,,,,,,,
450882068.0,1858446879,2024-03-15 09:39:32,224.9,02d8b0bd788352c236ca20d0163498e5ee3faa07,1393552,autoland,ContentfulSpeedIndex,True,microsoft ContentfulSpeedIndex opt fission warm webrender,,77,ms,firefox,False,|f|i|s|s|i|o|n| |w|a|r|m| |w|e|b|r|e|n|d|e|r|,,3776889,13,9b3df14599f65e991e2c4a5eaba7ebe76c85b8c3,102210fe594ee9b33d82058545b1ed14f4c8206e,linux1804-64-shippable-qr,microsoft,True,,,,,,,,,,,,,,,,,,,,,,,,,,,,,,,,,,,,,,,,,,,,,,,,,,TN,,,,,,,,,,
450908780.0,1858556837,2024-03-15 14:14:34,210.0,4b69d32113781e4489234ce2c9cf8f5b5dcbce5a,1393636,autoland,ContentfulSpeedIndex,True,microsoft ContentfulSpeedIndex opt fission warm webrender,,77,ms,firefox,False,|f|i|s|s|i|o|n| |w|a|r|m| |w|e|b|r|e|n|d|e|r|,,3776889,13,9b3df14599f65e991e2c4a5eaba7ebe76c85b8c3,102210fe594ee9b33d82058545b1ed14f4c8206e,linux1804-64-shippable-qr,microsoft,True,,,,,,,,,,,,,,,,,,,,,,,,,,,,,,,,,,,,,,,,,,,,,,,,,,TN,,,,,,,,,,
450926608.0,1858618649,2024-03-15 16:14:11,212.9,eff5ebeb21a902d6ed24f356b4a4b41e89ff1172,1393715,autoland,ContentfulSpeedIndex,True,microsoft ContentfulSpeedIndex opt fission warm webrender,,77,ms,firefox,False,|f|i|s|s|i|o|n| |w|a|r|m| |w|e|b|r|e|n|d|e|r|,,3776889,13,9b3df14599f65e991e2c4a5eaba7ebe76c85b8c3,102210fe594ee9b33d82058545b1ed14f4c8206e,linux1804-64-shippable-qr,microsoft,True,,,,,,,,,,,,,,,,,,,,,,,,,,,,,,,,,,,,,,,,,,,,,,,,,,TN,,,,,,,,,,
450952820.0,1858726686,2024-03-15 20:55:49,209.6,f4367b1826eb51a4bbcde0cd6ae1a5b1644115d0,1393941,autoland,ContentfulSpeedIndex,True,microsoft ContentfulSpeedIndex opt fission warm webrender,,77,ms,firefox,False,|f|i|s|s|i|o|n| |w|a|r|m| |w|e|b|r|e|n|d|e|r|,,3776889,13,9b3df14599f65e991e2c4a5eaba7ebe76c85b8c3,102210fe594ee9b33d82058545b1ed14f4c8206e,linux1804-64-shippable-qr,microsoft,True,,,,,,,,,,,,,,,,,,,,,,,,,,,,,,,,,,,,,,,,,,,,,,,,,,TN,,,,,,,,,,
450974983.0,1858825459,2024-03-16 01:29:19,208.2,bbe046e25d1447071e399f377b669bbe9cbf3bf3,1394036,autoland,ContentfulSpeedIndex,True,microsoft ContentfulSpeedIndex opt fission warm webrender,,77,ms,firefox,False,|f|i|s|s|i|o|n| |w|a|r|m| |w|e|b|r|e|n|d|e|r|,,3776889,13,9b3df14599f65e991e2c4a5eaba7ebe76c85b8c3,102210fe594ee9b33d82058545b1ed14f4c8206e,linux1804-64-shippable-qr,microsoft,True,,,,,,,,,,,,,,,,,,,,,,,,,,,,,,,,,,,,,,,,,,,,,,,,,,TN,,,,,,,,,,
450981127.0,1858880155,2024-03-16 06:01:10,206.0,a7134d792577d5d0529bf81b769c32138f7bb0c0,1394058,autoland,ContentfulSpeedIndex,True,microsoft ContentfulSpeedIndex opt fission warm webrender,,77,ms,firefox,False,|f|i|s|s|i|o|n| |w|a|r|m| |w|e|b|r|e|n|d|e|r|,,3776889,13,9b3df14599f65e991e2c4a5eaba7ebe76c85b8c3,102210fe594ee9b33d82058545b1ed14f4c8206e,linux1804-64-shippable-qr,microsoft,True,,,,,,,,,,,,,,,,,,,,,,,,,,,,,,,,,,,,,,,,,,,,,,,,,,TN,,,,,,,,,,
451016244.0,1859003162,2024-03-16 15:16:53,209.8,a65344e02551e44aca46a84016a3a07cce9d23e6,1394103,autoland,ContentfulSpeedIndex,True,microsoft ContentfulSpeedIndex opt fission warm webrender,,77,ms,firefox,False,|f|i|s|s|i|o|n| |w|a|r|m| |w|e|b|r|e|n|d|e|r|,,3776889,13,9b3df14599f65e991e2c4a5eaba7ebe76c85b8c3,102210fe594ee9b33d82058545b1ed14f4c8206e,linux1804-64-shippable-qr,microsoft,True,,,,,,,,,,,,,,,,,,,,,,,,,,,,,,,,,,,,,,,,,,,,,,,,,,TN,,,,,,,,,,
451021535.0,1859043683,2024-03-16 21:40:10,214.8,bc06944d050ccff5aed2248b83d51d946814e90d,1394130,autoland,ContentfulSpeedIndex,True,microsoft ContentfulSpeedIndex opt fission warm webrender,,77,ms,firefox,False,|f|i|s|s|i|o|n| |w|a|r|m| |w|e|b|r|e|n|d|e|r|,,3776889,13,9b3df14599f65e991e2c4a5eaba7ebe76c85b8c3,102210fe594ee9b33d82058545b1ed14f4c8206e,linux1804-64-shippable-qr,microsoft,True,,,,,,,,,,,,,,,,,,,,,,,,,,,,,,,,,,,,,,,,,,,,,,,,,,TN,,,,,,,,,,
451041657.0,1859128834,2024-03-17 07:03:06,207.3,7ef716435af3dee46482a893f4a3b29a4d3faafe,1394146,autoland,ContentfulSpeedIndex,True,microsoft ContentfulSpeedIndex opt fission warm webrender,,77,ms,firefox,False,|f|i|s|s|i|o|n| |w|a|r|m| |w|e|b|r|e|n|d|e|r|,,3776889,13,9b3df14599f65e991e2c4a5eaba7ebe76c85b8c3,102210fe594ee9b33d82058545b1ed14f4c8206e,linux1804-64-shippable-qr,microsoft,True,,,,,,,,,,,,,,,,,,,,,,,,,,,,,,,,,,,,,,,,,,,,,,,,,,TN,,,,,,,,,,
451050894.0,1859155499,2024-03-17 13:56:17,211.5,47d63b18299914bf2eecdeb64fe8df0a52605aec,1394162,autoland,ContentfulSpeedIndex,True,microsoft ContentfulSpeedIndex opt fission warm webrender,,77,ms,firefox,False,|f|i|s|s|i|o|n| |w|a|r|m| |w|e|b|r|e|n|d|e|r|,,3776889,13,9b3df14599f65e991e2c4a5eaba7ebe76c85b8c3,102210fe594ee9b33d82058545b1ed14f4c8206e,linux1804-64-shippable-qr,microsoft,True,,,,,,,,,,,,,,,,,,,,,,,,,,,,,,,,,,,,,,,,,,,,,,,,,,TN,,,,,,,,,,
451055573.0,1859180590,2024-03-17 19:02:19,210.5,164fcac77feead59372521b0072049f25a4c9692,1394171,autoland,ContentfulSpeedIndex,True,microsoft ContentfulSpeedIndex opt fission warm webrender,,77,ms,firefox,False,|f|i|s|s|i|o|n| |w|a|r|m| |w|e|b|r|e|n|d|e|r|,,3776889,13,9b3df14599f65e991e2c4a5eaba7ebe76c85b8c3,102210fe594ee9b33d82058545b1ed14f4c8206e,linux1804-64-shippable-qr,microsoft,True,,,,,,,,,,,,,,,,,,,,,,,,,,,,,,,,,,,,,,,,,,,,,,,,,,TN,,,,,,,,,,
451076189.0,1859304149,2024-03-18 01:14:25,210.8,469d4a744966c133ae480dc66643d47b77aa3209,1394186,autoland,ContentfulSpeedIndex,True,microsoft ContentfulSpeedIndex opt fission warm webrender,,77,ms,firefox,False,|f|i|s|s|i|o|n| |w|a|r|m| |w|e|b|r|e|n|d|e|r|,,3776889,13,9b3df14599f65e991e2c4a5eaba7ebe76c85b8c3,102210fe594ee9b33d82058545b1ed14f4c8206e,linux1804-64-shippable-qr,microsoft,True,,,,,,,,,,,,,,,,,,,,,,,,,,,,,,,,,,,,,,,,,,,,,,,,,,TN,,,,,,,,,,
451086485.0,1859392104,2024-03-18 07:02:14,210.1,9ae71156ef3c731f44e2af8d1d9c34b7eb7c6c9b,1394207,autoland,ContentfulSpeedIndex,True,microsoft ContentfulSpeedIndex opt fission warm webrender,,77,ms,firefox,False,|f|i|s|s|i|o|n| |w|a|r|m| |w|e|b|r|e|n|d|e|r|,,3776889,13,9b3df14599f65e991e2c4a5eaba7ebe76c85b8c3,102210fe594ee9b33d82058545b1ed14f4c8206e,linux1804-64-shippable-qr,microsoft,True,,,,,,,,,,,,,,,,,,,,,,,,,,,,,,,,,,,,,,,,,,,,,,,,,,TN,,,,,,,,,,
451100754.0,1859452934,2024-03-18 09:15:45,207.9,d3946837037d31a7b6f83b1977e57c4ea384c904,1394248,autoland,ContentfulSpeedIndex,True,microsoft ContentfulSpeedIndex opt fission warm webrender,,77,ms,firefox,False,|f|i|s|s|i|o|n| |w|a|r|m| |w|e|b|r|e|n|d|e|r|,,3776889,13,9b3df14599f65e991e2c4a5eaba7ebe76c85b8c3,102210fe594ee9b33d82058545b1ed14f4c8206e,linux1804-64-shippable-qr,microsoft,True,,,,,,,,,,,,,,,,,,,,,,,,,,,,,,,,,,,,,,,,,,,,,,,,,,TN,,,,,,,,,,
451155885.0,1859658207,2024-03-18 16:13:31,216.1,9a84c7a992c26cd844507c8b4a7215e1aa1dd56e,1394426,autoland,ContentfulSpeedIndex,True,microsoft ContentfulSpeedIndex opt fission warm webrender,,77,ms,firefox,False,|f|i|s|s|i|o|n| |w|a|r|m| |w|e|b|r|e|n|d|e|r|,,3776889,13,9b3df14599f65e991e2c4a5eaba7ebe76c85b8c3,102210fe594ee9b33d82058545b1ed14f4c8206e,linux1804-64-shippable-qr,microsoft,True,,,,,,,,,,,,,,,,,,,,,,,,,,,,,,,,,,,,,,,,,,,,,,,,,,TN,,,,,,,,,,
451166215.0,1859725262,2024-03-18 17:45:54,213.4,ab4a4d632bcfcdcb0f37c6791a75467e73c47795,1394460,autoland,ContentfulSpeedIndex,True,microsoft ContentfulSpeedIndex opt fission warm webrender,,77,ms,firefox,False,|f|i|s|s|i|o|n| |w|a|r|m| |w|e|b|r|e|n|d|e|r|,,3776889,13,9b3df14599f65e991e2c4a5eaba7ebe76c85b8c3,102210fe594ee9b33d82058545b1ed14f4c8206e,linux1804-64-shippable-qr,microsoft,True,,,,,,,,,,,,,,,,,,,,,,,,,,,,,,,,,,,,,,,,,,,,,,,,,,TN,,,,,,,,,,
451196153.0,1859829407,2024-03-18 20:20:59,216.3,3d0c771e9c28d7bad460e8683406e4a832de5d93,1394525,autoland,ContentfulSpeedIndex,True,microsoft ContentfulSpeedIndex opt fission warm webrender,,77,ms,firefox,False,|f|i|s|s|i|o|n| |w|a|r|m| |w|e|b|r|e|n|d|e|r|,,3776889,13,9b3df14599f65e991e2c4a5eaba7ebe76c85b8c3,102210fe594ee9b33d82058545b1ed14f4c8206e,linux1804-64-shippable-qr,microsoft,True,,,,,,,,,,,,,,,,,,,,,,,,,,,,,,,,,,,,,,,,,,,,,,,,,,TN,,,,,,,,,,
451221697.0,1859939329,2024-03-19 01:00:45,208.5,0febedb51783638cc944e4b495547ccfedb4c43f,1394573,autoland,ContentfulSpeedIndex,True,microsoft ContentfulSpeedIndex opt fission warm webrender,,77,ms,firefox,False,|f|i|s|s|i|o|n| |w|a|r|m| |w|e|b|r|e|n|d|e|r|,,3776889,13,9b3df14599f65e991e2c4a5eaba7ebe76c85b8c3,102210fe594ee9b33d82058545b1ed14f4c8206e,linux1804-64-shippable-qr,microsoft,True,,,,,,,,,,,,,,,,,,,,,,,,,,,,,,,,,,,,,,,,,,,,,,,,,,TN,,,,,,,,,,
451248356.0,1860057737,2024-03-19 06:03:35,217.3,0fbe242e1d975dcdea4df1bc8187bd9ecfe80291,1394632,autoland,ContentfulSpeedIndex,True,microsoft ContentfulSpeedIndex opt fission warm webrender,,77,ms,firefox,False,|f|i|s|s|i|o|n| |w|a|r|m| |w|e|b|r|e|n|d|e|r|,,3776889,13,9b3df14599f65e991e2c4a5eaba7ebe76c85b8c3,102210fe594ee9b33d82058545b1ed14f4c8206e,linux1804-64-shippable-qr,microsoft,True,,,,,,,,,,,,,,,,,,,,,,,,,,,,,,,,,,,,,,,,,,,,,,,,,,TN,,,,,,,,,,
451256804.0,1860083377,2024-03-19 08:17:39,205.7,bd45b4ccb1292ec35d0fb6c623cb70b62fecd87b,1394665,autoland,ContentfulSpeedIndex,True,microsoft ContentfulSpeedIndex opt fission warm webrender,,77,ms,firefox,False,|f|i|s|s|i|o|n| |w|a|r|m| |w|e|b|r|e|n|d|e|r|,,3776889,13,9b3df14599f65e991e2c4a5eaba7ebe76c85b8c3,102210fe594ee9b33d82058545b1ed14f4c8206e,linux1804-64-shippable-qr,microsoft,True,,,,,,,,,,,,,,,,,,,,,,,,,,,,,,,,,,,,,,,,,,,,,,,,,,TN,,,,,,,,,,
451288439.0,1860175892,2024-03-19 11:15:16,210.1,a4280d9d04d7841f3a7286d7cb6d9667ed276e03,1394711,autoland,ContentfulSpeedIndex,True,microsoft ContentfulSpeedIndex opt fission warm webrender,,77,ms,firefox,False,|f|i|s|s|i|o|n| |w|a|r|m| |w|e|b|r|e|n|d|e|r|,,3776889,13,9b3df14599f65e991e2c4a5eaba7ebe76c85b8c3,102210fe594ee9b33d82058545b1ed14f4c8206e,linux1804-64-shippable-qr,microsoft,True,,,,,,,,,,,,,,,,,,,,,,,,,,,,,,,,,,,,,,,,,,,,,,,,,,TN,,,,,,,,,,
451320719.0,1860260608,2024-03-19 13:28:22,211.2,43d89580ba9c295f67bc3df94ba1aac23b435b63,1394763,autoland,ContentfulSpeedIndex,True,microsoft ContentfulSpeedIndex opt fission warm webrender,,77,ms,firefox,False,|f|i|s|s|i|o|n| |w|a|r|m| |w|e|b|r|e|n|d|e|r|,,3776889,13,9b3df14599f65e991e2c4a5eaba7ebe76c85b8c3,102210fe594ee9b33d82058545b1ed14f4c8206e,linux1804-64-shippable-qr,microsoft,True,,,,,,,,,,,,,,,,,,,,,,,,,,,,,,,,,,,,,,,,,,,,,,,,,,TN,,,,,,,,,,
451423601.0,1860745886,2024-03-19 17:01:41,210.1,f1fbe41260ccd8c334edcef9a356b9484bd15710,1394871,autoland,ContentfulSpeedIndex,True,microsoft ContentfulSpeedIndex opt fission warm webrender,,77,ms,firefox,False,|f|i|s|s|i|o|n| |w|a|r|m| |w|e|b|r|e|n|d|e|r|,,3776889,13,9b3df14599f65e991e2c4a5eaba7ebe76c85b8c3,102210fe594ee9b33d82058545b1ed14f4c8206e,linux1804-64-shippable-qr,microsoft,True,,,,,,,,,,,,,,,,,,,,,,,,,,,,,,,,,,,,,,,,,,,,,,,,,,TN,,,,,,,,,,
451425032.0,1860778372,2024-03-19 17:02:34,208.5,90c7bb425e9215f104b1646f0cb78f064eee85b8,1394872,autoland,ContentfulSpeedIndex,True,microsoft ContentfulSpeedIndex opt fission warm webrender,,77,ms,firefox,False,|f|i|s|s|i|o|n| |w|a|r|m| |w|e|b|r|e|n|d|e|r|,,3776889,13,9b3df14599f65e991e2c4a5eaba7ebe76c85b8c3,102210fe594ee9b33d82058545b1ed14f4c8206e,linux1804-64-shippable-qr,microsoft,True,,,,,,,,,,,,,,,,,,,,,,,,,,,,,,,,,,,,,,,,,,,,,,,,,,TN,,,,,,,,,,
451361086.0,1860431883,2024-03-19 17:03:22,205.9,3d4f500d317cd4c54e93299c01efed1c4354deb7,1394873,autoland,ContentfulSpeedIndex,True,microsoft ContentfulSpeedIndex opt fission warm webrender,,77,ms,firefox,False,|f|i|s|s|i|o|n| |w|a|r|m| |w|e|b|r|e|n|d|e|r|,,3776889,13,9b3df14599f65e991e2c4a5eaba7ebe76c85b8c3,102210fe594ee9b33d82058545b1ed14f4c8206e,linux1804-64-shippable-qr,microsoft,True,,,,,,,,,,,,,,,,,,,,,,,,,,,,,,,,,,,,,,,,,,,,,,,,,,TN,,,,,,,,,,
451423880.0,1860763341,2024-03-19 17:10:24,206.9,075d02b3d330cb754d21972246fd20adb3ec0b41,1394878,autoland,ContentfulSpeedIndex,True,microsoft ContentfulSpeedIndex opt fission warm webrender,,77,ms,firefox,False,|f|i|s|s|i|o|n| |w|a|r|m| |w|e|b|r|e|n|d|e|r|,,3776889,13,9b3df14599f65e991e2c4a5eaba7ebe76c85b8c3,102210fe594ee9b33d82058545b1ed14f4c8206e,linux1804-64-shippable-qr,microsoft,True,,,,,,,,,,,,,,,,,,,,,,,,,,,,,,,,,,,,,,,,,,,,,,,,,,TN,,,,,,,,,,
451423530.0,1860743497,2024-03-19 17:11:12,218.1,b2f4fc8e6b027e886b2e54c0810b8338eae1f9a0,1394879,autoland,ContentfulSpeedIndex,True,microsoft ContentfulSpeedIndex opt fission warm webrender,,77,ms,firefox,False,|f|i|s|s|i|o|n| |w|a|r|m| |w|e|b|r|e|n|d|e|r|,,3776889,13,9b3df14599f65e991e2c4a5eaba7ebe76c85b8c3,102210fe594ee9b33d82058545b1ed14f4c8206e,linux1804-64-shippable-qr,microsoft,True,,,,,,,,,,,,,,,,,,,,,,,,,,,,,,,,,,,,,,,,,,,,,,,,,,TN,,,,,,,,,,
451591300.0,1861397883,2024-03-19 19:46:44,210.0,a87db3b698e19b65bc001936fc7a8b80239a25dd,1394942,autoland,ContentfulSpeedIndex,True,microsoft ContentfulSpeedIndex opt fission warm webrender,,77,ms,firefox,False,|f|i|s|s|i|o|n| |w|a|r|m| |w|e|b|r|e|n|d|e|r|,,3776889,13,9b3df14599f65e991e2c4a5eaba7ebe76c85b8c3,102210fe594ee9b33d82058545b1ed14f4c8206e,linux1804-64-shippable-qr,microsoft,True,,,,,,,,,,,,,,,,,,,,,,,,,,,,,,,,,,,,,,,,,,,,,,,,,,TN,,,,,,,,,,
451584571.0,1861377678,2024-03-19 19:47:51,214.6,f5ac2d368c7d44f585bea0397dedcd879e2b8ab4,1394944,autoland,ContentfulSpeedIndex,True,microsoft ContentfulSpeedIndex opt fission warm webrender,,77,ms,firefox,False,|f|i|s|s|i|o|n| |w|a|r|m| |w|e|b|r|e|n|d|e|r|,,3776889,13,9b3df14599f65e991e2c4a5eaba7ebe76c85b8c3,102210fe594ee9b33d82058545b1ed14f4c8206e,linux1804-64-shippable-qr,microsoft,True,,,,,,,,,,,,,,,,,,,,,,,,,,,,,,,,,,,,,,,,,,,,,,,,,,TN,,,,,,,,,,
451377601.0,1860512885,2024-03-19 19:48:40,204.1,7c0de707e2a448dd3846c81f12ee9bae3ebca9d3,1394945,autoland,ContentfulSpeedIndex,True,microsoft ContentfulSpeedIndex opt fission warm webrender,,77,ms,firefox,False,|f|i|s|s|i|o|n| |w|a|r|m| |w|e|b|r|e|n|d|e|r|,,3776889,13,9b3df14599f65e991e2c4a5eaba7ebe76c85b8c3,102210fe594ee9b33d82058545b1ed14f4c8206e,linux1804-64-shippable-qr,microsoft,True,,,,,,,,,,,,,,,,,,,,,,,,,,,,,,,,,,,,,,,,,,,,,,,,,,TN,,,,,,,,,,
451426474.0,1860790633,2024-03-19 19:50:51,215.0,acccc0eb50c9a1111b4f152c608de7a230877385,1394948,autoland,ContentfulSpeedIndex,True,microsoft ContentfulSpeedIndex opt fission warm webrender,,77,ms,firefox,False,|f|i|s|s|i|o|n| |w|a|r|m| |w|e|b|r|e|n|d|e|r|,,3776889,13,9b3df14599f65e991e2c4a5eaba7ebe76c85b8c3,102210fe594ee9b33d82058545b1ed14f4c8206e,linux1804-64-shippable-qr,microsoft,True,,,,,,,,,,,,,,,,,,,,,,,,,,,,,,,,,,,,,,,,,,,,,,,,,,TN,,,,,,,,,,
451423455.0,1860705541,2024-03-19 19:55:18,217.6,8cd1f5a5caf1d710563af9a6e3a77a1371d35d0f,1394950,autoland,ContentfulSpeedIndex,True,microsoft ContentfulSpeedIndex opt fission warm webrender,,77,ms,firefox,False,|f|i|s|s|i|o|n| |w|a|r|m| |w|e|b|r|e|n|d|e|r|,,3776889,13,9b3df14599f65e991e2c4a5eaba7ebe76c85b8c3,102210fe594ee9b33d82058545b1ed14f4c8206e,linux1804-64-shippable-qr,microsoft,True,,,,,,,,,,,,,,,,,,,,,,,,,,,,,,,,,,,,,,,,,,,,,,,,,,TN,,,,,,,,,,
451409664.0,1860643400,2024-03-20 00:04:56,206.7,25a7b6dcdd27704494317e01334be69707ff521f,1395012,autoland,ContentfulSpeedIndex,True,microsoft ContentfulSpeedIndex opt fission warm webrender,,77,ms,firefox,False,|f|i|s|s|i|o|n| |w|a|r|m| |w|e|b|r|e|n|d|e|r|,,3776889,13,9b3df14599f65e991e2c4a5eaba7ebe76c85b8c3,102210fe594ee9b33d82058545b1ed14f4c8206e,linux1804-64-shippable-qr,microsoft,True,,,,,,,,,,,,,,,,,,,,,,,,,,,,,,,,,,,,,,,,,,,,,,,,,,TN,,,,,,,,,,
451431374.0,1860806609,2024-03-20 06:31:28,205.5,dbb1856b4f3345f0353d4ea33ed0f83a90420827,1395067,autoland,ContentfulSpeedIndex,True,microsoft ContentfulSpeedIndex opt fission warm webrender,,77,ms,firefox,False,|f|i|s|s|i|o|n| |w|a|r|m| |w|e|b|r|e|n|d|e|r|,,3776889,13,9b3df14599f65e991e2c4a5eaba7ebe76c85b8c3,102210fe594ee9b33d82058545b1ed14f4c8206e,linux1804-64-shippable-qr,microsoft,True,,,,,,,,,,,,,,,,,,,,,,,,,,,,,,,,,,,,,,,,,,,,,,,,,,TN,,,,,,,,,,
451458425.0,1860895893,2024-03-20 10:14:04,205.9,89f62e190e69ddb95685488010b5807b31491168,1395103,autoland,ContentfulSpeedIndex,True,microsoft ContentfulSpeedIndex opt fission warm webrender,,77,ms,firefox,False,|f|i|s|s|i|o|n| |w|a|r|m| |w|e|b|r|e|n|d|e|r|,,3776889,13,9b3df14599f65e991e2c4a5eaba7ebe76c85b8c3,102210fe594ee9b33d82058545b1ed14f4c8206e,linux1804-64-shippable-qr,microsoft,True,,,,,,,,,,,,,,,,,,,,,,,,,,,,,,,,,,,,,,,,,,,,,,,,,,TN,,,,,,,,,,
451619354.0,1861503866,2024-03-20 12:31:36,207.4,c831c4fb57a5247bedd50033fe2b46e3bfecea5b,1395145,autoland,ContentfulSpeedIndex,True,microsoft ContentfulSpeedIndex opt fission warm webrender,,77,ms,firefox,False,|f|i|s|s|i|o|n| |w|a|r|m| |w|e|b|r|e|n|d|e|r|,,3776889,13,9b3df14599f65e991e2c4a5eaba7ebe76c85b8c3,102210fe594ee9b33d82058545b1ed14f4c8206e,linux1804-64-shippable-qr,microsoft,True,,,,,,,,,,,,,,,,,,,,,,,,,,,,,,,,,,,,,,,,,,,,,,,,,,TN,,,,,,,,,,
451616773.0,1861485961,2024-03-20 13:25:25,208.6,ba48b824fb4060555083e0d2dc4cb00a486d41ee,1395170,autoland,ContentfulSpeedIndex,True,microsoft ContentfulSpeedIndex opt fission warm webrender,,77,ms,firefox,False,|f|i|s|s|i|o|n| |w|a|r|m| |w|e|b|r|e|n|d|e|r|,,3776889,13,9b3df14599f65e991e2c4a5eaba7ebe76c85b8c3,102210fe594ee9b33d82058545b1ed14f4c8206e,linux1804-64-shippable-qr,microsoft,True,,,,,,,,,,,,,,,,,,,,,,,,,,,,,,,,,,,,,,,,,,,,,,,,,,TN,,,,,,,,,,
451628393.0,1861553958,2024-03-20 13:28:41,213.0,8eb7b62278abdd1879878cc07955c579617203e5,1395172,autoland,ContentfulSpeedIndex,True,microsoft ContentfulSpeedIndex opt fission warm webrender,,77,ms,firefox,False,|f|i|s|s|i|o|n| |w|a|r|m| |w|e|b|r|e|n|d|e|r|,,3776889,13,9b3df14599f65e991e2c4a5eaba7ebe76c85b8c3,102210fe594ee9b33d82058545b1ed14f4c8206e,linux1804-64-shippable-qr,microsoft,True,,,,,,,,,,,,,,,,,,,,,,,,,,,,,,,,,,,,,,,,,,,,,,,,,,TN,,,,,,,,,,
451513173.0,1861048245,2024-03-20 14:37:05,211.1,533a3c2e587f7ea99fde847c499dbb77d1d7c623,1395197,autoland,ContentfulSpeedIndex,True,microsoft ContentfulSpeedIndex opt fission warm webrender,,77,ms,firefox,False,|f|i|s|s|i|o|n| |w|a|r|m| |w|e|b|r|e|n|d|e|r|,,3776889,13,9b3df14599f65e991e2c4a5eaba7ebe76c85b8c3,102210fe594ee9b33d82058545b1ed14f4c8206e,linux1804-64-shippable-qr,microsoft,True,,,,,,,,,,,,,,,,,,,,,,,,,,,,,,,,,,,,,,,,,,,,,,,,,,TN,,,,,,,,,,
451617051.0,1861498561,2024-03-20 14:58:00,215.9,abc6d755ba19ab107510d746a7774bdd92ee42a3,1395213,autoland,ContentfulSpeedIndex,True,microsoft ContentfulSpeedIndex opt fission warm webrender,,77,ms,firefox,False,|f|i|s|s|i|o|n| |w|a|r|m| |w|e|b|r|e|n|d|e|r|,,3776889,13,9b3df14599f65e991e2c4a5eaba7ebe76c85b8c3,102210fe594ee9b33d82058545b1ed14f4c8206e,linux1804-64-shippable-qr,microsoft,True,,,,,,,,,,,,,,,,,,,,,,,,,,,,,,,,,,,,,,,,,,,,,,,,,,TN,,,,,,,,,,
451537106.0,1861125497,2024-03-20 16:49:51,206.8,44ee710d3a49501b5b000c7e0f6d2167c47ac041,1395254,autoland,ContentfulSpeedIndex,True,microsoft ContentfulSpeedIndex opt fission warm webrender,,77,ms,firefox,False,|f|i|s|s|i|o|n| |w|a|r|m| |w|e|b|r|e|n|d|e|r|,,3776889,13,9b3df14599f65e991e2c4a5eaba7ebe76c85b8c3,102210fe594ee9b33d82058545b1ed14f4c8206e,linux1804-64-shippable-qr,microsoft,True,,,,,,,,,,,,,,,,,,,,,,,,,,,,,,,,,,,,,,,,,,,,,,,,,,TN,,,,,,,,,,
451614896.0,1861480930,2024-03-20 18:56:27,213.0,25852a1e2059b931608f1b67733e991b749a2b26,1395304,autoland,ContentfulSpeedIndex,True,microsoft ContentfulSpeedIndex opt fission warm webrender,,77,ms,firefox,False,|f|i|s|s|i|o|n| |w|a|r|m| |w|e|b|r|e|n|d|e|r|,,3776889,13,9b3df14599f65e991e2c4a5eaba7ebe76c85b8c3,102210fe594ee9b33d82058545b1ed14f4c8206e,linux1804-64-shippable-qr,microsoft,True,,,,,,,,,,,,,,,,,,,,,,,,,,,,,,,,,,,,,,,,,,,,,,,,,,TN,,,,,,,,,,
451552944.0,1861201973,2024-03-20 19:06:24,216.0,a54ceb09cf6c6289a4353feb9c3cb771a7651bd0,1395310,autoland,ContentfulSpeedIndex,True,microsoft ContentfulSpeedIndex opt fission warm webrender,,77,ms,firefox,False,|f|i|s|s|i|o|n| |w|a|r|m| |w|e|b|r|e|n|d|e|r|,,3776889,13,9b3df14599f65e991e2c4a5eaba7ebe76c85b8c3,102210fe594ee9b33d82058545b1ed14f4c8206e,linux1804-64-shippable-qr,microsoft,True,,,,,,,,,,,,,,,,,,,,,,,,,,,,,,,,,,,,,,,,,,,,,,,,,,TN,,,,,,,,,,
451593283.0,1861409425,2024-03-20 21:30:57,207.4,7e65c2e3fa5893e80c6f6f8ef4deef5861f82edc,1395367,autoland,ContentfulSpeedIndex,True,microsoft ContentfulSpeedIndex opt fission warm webrender,,77,ms,firefox,False,|f|i|s|s|i|o|n| |w|a|r|m| |w|e|b|r|e|n|d|e|r|,,3776889,13,9b3df14599f65e991e2c4a5eaba7ebe76c85b8c3,102210fe594ee9b33d82058545b1ed14f4c8206e,linux1804-64-shippable-qr,microsoft,True,,,,,,,,,,,,,,,,,,,,,,,,,,,,,,,,,,,,,,,,,,,,,,,,,,TN,,,,,,,,,,
451607995.0,1861446961,2024-03-21 02:02:41,211.6,cd39ad6d1934b2a8d659607d5fc0c1f88df011ba,1395495,autoland,ContentfulSpeedIndex,True,microsoft ContentfulSpeedIndex opt fission warm webrender,,77,ms,firefox,False,|f|i|s|s|i|o|n| |w|a|r|m| |w|e|b|r|e|n|d|e|r|,,3776889,13,9b3df14599f65e991e2c4a5eaba7ebe76c85b8c3,102210fe594ee9b33d82058545b1ed14f4c8206e,linux1804-64-shippable-qr,microsoft,True,,,,,,,,,,,,,,,,,,,,,,,,,,,,,,,,,,,,,,,,,,,,,,,,,,TN,,,,,,,,,,
451622253.0,1861522625,2024-03-21 06:23:30,213.3,ed7ada93d4ad18f5c9f613bf5ce8d5f89bdaa140,1395640,autoland,ContentfulSpeedIndex,True,microsoft ContentfulSpeedIndex opt fission warm webrender,,77,ms,firefox,False,|f|i|s|s|i|o|n| |w|a|r|m| |w|e|b|r|e|n|d|e|r|,,3776889,13,9b3df14599f65e991e2c4a5eaba7ebe76c85b8c3,102210fe594ee9b33d82058545b1ed14f4c8206e,linux1804-64-shippable-qr,microsoft,True,,,,,,,,,,,,,,,,,,,,,,,,,,,,,,,,,,,,,,,,,,,,,,,,,,TN,,,,,,,,,,
451640714.0,1861601660,2024-03-21 08:38:48,210.1,335ba8ea2f56243d2cb6a5bc7aa4d0d0f3c415c7,1395685,autoland,ContentfulSpeedIndex,True,microsoft ContentfulSpeedIndex opt fission warm webrender,,77,ms,firefox,False,|f|i|s|s|i|o|n| |w|a|r|m| |w|e|b|r|e|n|d|e|r|,,3776889,13,9b3df14599f65e991e2c4a5eaba7ebe76c85b8c3,102210fe594ee9b33d82058545b1ed14f4c8206e,linux1804-64-shippable-qr,microsoft,True,,,,,,,,,,,,,,,,,,,,,,,,,,,,,,,,,,,,,,,,,,,,,,,,,,TN,,,,,,,,,,
451844059.0,1862248193,2024-03-21 08:42:18,211.8,42e0c42e5e1c3fc7c0ad70a25fb2ef3cc909e5d1,1395691,autoland,ContentfulSpeedIndex,True,microsoft ContentfulSpeedIndex opt fission warm webrender,,77,ms,firefox,False,|f|i|s|s|i|o|n| |w|a|r|m| |w|e|b|r|e|n|d|e|r|,,3776889,13,9b3df14599f65e991e2c4a5eaba7ebe76c85b8c3,102210fe594ee9b33d82058545b1ed14f4c8206e,linux1804-64-shippable-qr,microsoft,True,,,,,,,,,,,,,,,,,,,,,,,,,,,,,,,,,,,,,,,,,,,,,,,,,,TN,,,,,,,,,,
451846955.0,1862304576,2024-03-21 09:02:11,211.5,79b454f01f93f009791c6d78b151b86734acae05,1395725,autoland,ContentfulSpeedIndex,True,microsoft ContentfulSpeedIndex opt fission warm webrender,,77,ms,firefox,False,|f|i|s|s|i|o|n| |w|a|r|m| |w|e|b|r|e|n|d|e|r|,,3776889,13,9b3df14599f65e991e2c4a5eaba7ebe76c85b8c3,102210fe594ee9b33d82058545b1ed14f4c8206e,linux1804-64-shippable-qr,microsoft,True,,,,,,,,,,,,,,,,,,,,,,,,,,,,,,,,,,,,,,,,,,,,,,,,,,TN,,,,,,,,,,
451690163.0,1861793613,2024-03-21 12:46:07,205.8,d90b4451e543266ae9d98982a92dafa311c75db6,1395897,autoland,ContentfulSpeedIndex,True,microsoft ContentfulSpeedIndex opt fission warm webrender,,77,ms,firefox,False,|f|i|s|s|i|o|n| |w|a|r|m| |w|e|b|r|e|n|d|e|r|,,3776889,13,9b3df14599f65e991e2c4a5eaba7ebe76c85b8c3,102210fe594ee9b33d82058545b1ed14f4c8206e,linux1804-64-shippable-qr,microsoft,True,,,,,,,,,,,,,,,,,,,,,,,,,,,,,,,,,,,,,,,,,,,,,,,,,,TN,,,,,,,,,,
451692056.0,1861801704,2024-03-21 13:53:06,168.3,dbfd6042b4d2b3a3b509b22f41276fdfdd6a17b0,1395978,autoland,ContentfulSpeedIndex,True,microsoft ContentfulSpeedIndex opt fission warm webrender,,77,ms,firefox,False,|f|i|s|s|i|o|n| |w|a|r|m| |w|e|b|r|e|n|d|e|r|,,3776889,13,9b3df14599f65e991e2c4a5eaba7ebe76c85b8c3,102210fe594ee9b33d82058545b1ed14f4c8206e,linux1804-64-shippable-qr,microsoft,True,,,,,,,,,,,,,,,,,,,,,,,,,,,,,,,,,,,,,,,,,,,,,,,,,,TN,,,,,,,,,,
451743515.0,1861964011,2024-03-21 17:29:27,214.3,6a09c380e669a377e8254dd93ff3485ae0ec96c4,1396220,autoland,ContentfulSpeedIndex,True,microsoft ContentfulSpeedIndex opt fission warm webrender,,77,ms,firefox,False,|f|i|s|s|i|o|n| |w|a|r|m| |w|e|b|r|e|n|d|e|r|,,3776889,13,9b3df14599f65e991e2c4a5eaba7ebe76c85b8c3,102210fe594ee9b33d82058545b1ed14f4c8206e,linux1804-64-shippable-qr,microsoft,True,,,,,,,,,,,,,,,,,,,,,,,,,,,,,,,,,,,,,,,,,,,,,,,,,,TN,,,,,,,,,,
451844452.0,1862262235,2024-03-21 18:45:37,210.0,761aa95394f28659c52a30a4cf4bbb9de1bf1fcd,1396356,autoland,ContentfulSpeedIndex,True,microsoft ContentfulSpeedIndex opt fission warm webrender,,77,ms,firefox,False,|f|i|s|s|i|o|n| |w|a|r|m| |w|e|b|r|e|n|d|e|r|,,3776889,13,9b3df14599f65e991e2c4a5eaba7ebe76c85b8c3,102210fe594ee9b33d82058545b1ed14f4c8206e,linux1804-64-shippable-qr,microsoft,True,,,,,,,,,,,,,,,,,,,,,,,,,,,,,,,,,,,,,,,,,,,,,,,,,,TN,,,,,,,,,,
451845863.0,1862296064,2024-03-21 18:46:28,217.9,bb41b62cad53dc168eae7ef8e5dd62439925c999,1396358,autoland,ContentfulSpeedIndex,True,microsoft ContentfulSpeedIndex opt fission warm webrender,,77,ms,firefox,False,|f|i|s|s|i|o|n| |w|a|r|m| |w|e|b|r|e|n|d|e|r|,,3776889,13,9b3df14599f65e991e2c4a5eaba7ebe76c85b8c3,102210fe594ee9b33d82058545b1ed14f4c8206e,linux1804-64-shippable-qr,microsoft,True,,,,,,,,,,,,,,,,,,,,,,,,,,,,,,,,,,,,,,,,,,,,,,,,,,TN,,,,,,,,,,
451747600.0,1861996143,2024-03-21 18:47:13,213.2,c83258a2f5a9fd7b7107508c07827d9aa1a83035,1396360,autoland,ContentfulSpeedIndex,True,microsoft ContentfulSpeedIndex opt fission warm webrender,,77,ms,firefox,False,|f|i|s|s|i|o|n| |w|a|r|m| |w|e|b|r|e|n|d|e|r|,,3776889,13,9b3df14599f65e991e2c4a5eaba7ebe76c85b8c3,102210fe594ee9b33d82058545b1ed14f4c8206e,linux1804-64-shippable-qr,microsoft,True,,,,,,,,,,,,,,,,,,,,,,,,,,,,,,,,,,,,,,,,,,,,,,,,,,TN,,,,,,,,,,
451769573.0,1862066689,2024-03-21 21:19:12,208.8,3e3e5631944ec7d9d81a7c8ca0c3b5998ad044b3,1396573,autoland,ContentfulSpeedIndex,True,microsoft ContentfulSpeedIndex opt fission warm webrender,,77,ms,firefox,False,|f|i|s|s|i|o|n| |w|a|r|m| |w|e|b|r|e|n|d|e|r|,,3776889,13,9b3df14599f65e991e2c4a5eaba7ebe76c85b8c3,102210fe594ee9b33d82058545b1ed14f4c8206e,linux1804-64-shippable-qr,microsoft,True,,,,,,,,,,,,,,,,,,,,,,,,,,,,,,,,,,,,,,,,,,,,,,,,,,TN,,,,,,,,,,
451951946.0,1862731826,2024-03-22 17:28:16,210.0,d12a19660d53686074475ffbbed160cc788ebe05,1397524,autoland,ContentfulSpeedIndex,True,microsoft ContentfulSpeedIndex opt fission warm webrender,,77,ms,firefox,False,|f|i|s|s|i|o|n| |w|a|r|m| |w|e|b|r|e|n|d|e|r|,,3776889,13,9b3df14599f65e991e2c4a5eaba7ebe76c85b8c3,102210fe594ee9b33d82058545b1ed14f4c8206e,linux1804-64-shippable-qr,microsoft,True,,,,,,,,,,,,,,,,,,,,,,,,,,,,,,,,,,,,,,,,,,,,,,,,,,TN,,,,,,,,,,
451973377.0,1862834716,2024-03-22 22:43:04,210.1,a008405a9171acdb92d2997564e16713185f054f,1397682,autoland,ContentfulSpeedIndex,True,microsoft ContentfulSpeedIndex opt fission warm webrender,,77,ms,firefox,False,|f|i|s|s|i|o|n| |w|a|r|m| |w|e|b|r|e|n|d|e|r|,,3776889,13,9b3df14599f65e991e2c4a5eaba7ebe76c85b8c3,102210fe594ee9b33d82058545b1ed14f4c8206e,linux1804-64-shippable-qr,microsoft,True,,,,,,,,,,,,,,,,,,,,,,,,,,,,,,,,,,,,,,,,,,,,,,,,,,TN,,,,,,,,,,
451984483.0,1862910226,2024-03-23 04:11:22,207.1,341c752f9f931ed8ca1220eb7006bdfcd026038e,1397768,autoland,ContentfulSpeedIndex,True,microsoft ContentfulSpeedIndex opt fission warm webrender,,77,ms,firefox,False,|f|i|s|s|i|o|n| |w|a|r|m| |w|e|b|r|e|n|d|e|r|,,3776889,13,9b3df14599f65e991e2c4a5eaba7ebe76c85b8c3,102210fe594ee9b33d82058545b1ed14f4c8206e,linux1804-64-shippable-qr,microsoft,True,,,,,,,,,,,,,,,,,,,,,,,,,,,,,,,,,,,,,,,,,,,,,,,,,,TN,,,,,,,,,,
451995819.0,1862963541,2024-03-23 08:45:37,202.7,7575296d6781e483bc76a289f68623eb548baac4,1397819,autoland,ContentfulSpeedIndex,True,microsoft ContentfulSpeedIndex opt fission warm webrender,,77,ms,firefox,False,|f|i|s|s|i|o|n| |w|a|r|m| |w|e|b|r|e|n|d|e|r|,,3776889,13,9b3df14599f65e991e2c4a5eaba7ebe76c85b8c3,102210fe594ee9b33d82058545b1ed14f4c8206e,linux1804-64-shippable-qr,microsoft,True,,,,,,,,,,,,,,,,,,,,,,,,,,,,,,,,,,,,,,,,,,,,,,,,,,TN,,,,,,,,,,
452017695.0,1863039509,2024-03-23 13:51:59,207.2,47e43ed2bb6cad873900cd00ccf834a51f3dfe83,1397843,autoland,ContentfulSpeedIndex,True,microsoft ContentfulSpeedIndex opt fission warm webrender,,77,ms,firefox,False,|f|i|s|s|i|o|n| |w|a|r|m| |w|e|b|r|e|n|d|e|r|,,3776889,13,9b3df14599f65e991e2c4a5eaba7ebe76c85b8c3,102210fe594ee9b33d82058545b1ed14f4c8206e,linux1804-64-shippable-qr,microsoft,True,,,,,,,,,,,,,,,,,,,,,,,,,,,,,,,,,,,,,,,,,,,,,,,,,,TN,,,,,,,,,,
452028268.0,1863086720,2024-03-23 18:44:13,220.5,69c342123c6fdb9190169823dd12a42a77559b9f,1397871,autoland,ContentfulSpeedIndex,True,microsoft ContentfulSpeedIndex opt fission warm webrender,,77,ms,firefox,False,|f|i|s|s|i|o|n| |w|a|r|m| |w|e|b|r|e|n|d|e|r|,,3776889,13,9b3df14599f65e991e2c4a5eaba7ebe76c85b8c3,102210fe594ee9b33d82058545b1ed14f4c8206e,linux1804-64-shippable-qr,microsoft,True,,,,,,,,,,,,,,,,,,,,,,,,,,,,,,,,,,,,,,,,,,,,,,,,,,TN,,,,,,,,,,
452047016.0,1863156681,2024-03-24 00:54:50,211.4,c43bc8bba8a808b2f5005002f96936afa3697b34,1397899,autoland,ContentfulSpeedIndex,True,microsoft ContentfulSpeedIndex opt fission warm webrender,,77,ms,firefox,False,|f|i|s|s|i|o|n| |w|a|r|m| |w|e|b|r|e|n|d|e|r|,,3776889,13,9b3df14599f65e991e2c4a5eaba7ebe76c85b8c3,102210fe594ee9b33d82058545b1ed14f4c8206e,linux1804-64-shippable-qr,microsoft,True,,,,,,,,,,,,,,,,,,,,,,,,,,,,,,,,,,,,,,,,,,,,,,,,,,TN,,,,,,,,,,
452055470.0,1863223413,2024-03-24 07:02:41,205.2,fa1b327e74e89e08f7fff24dbb35f11e48736aab,1397916,autoland,ContentfulSpeedIndex,True,microsoft ContentfulSpeedIndex opt fission warm webrender,,77,ms,firefox,False,|f|i|s|s|i|o|n| |w|a|r|m| |w|e|b|r|e|n|d|e|r|,,3776889,13,9b3df14599f65e991e2c4a5eaba7ebe76c85b8c3,102210fe594ee9b33d82058545b1ed14f4c8206e,linux1804-64-shippable-qr,microsoft,True,,,,,,,,,,,,,,,,,,,,,,,,,,,,,,,,,,,,,,,,,,,,,,,,,,TN,,,,,,,,,,
452075079.0,1863291298,2024-03-24 11:13:54,208.5,f0597fea22797603c0e45ec1c43433afa5ed6dcd,1397937,autoland,ContentfulSpeedIndex,True,microsoft ContentfulSpeedIndex opt fission warm webrender,,77,ms,firefox,False,|f|i|s|s|i|o|n| |w|a|r|m| |w|e|b|r|e|n|d|e|r|,,3776889,13,9b3df14599f65e991e2c4a5eaba7ebe76c85b8c3,102210fe594ee9b33d82058545b1ed14f4c8206e,linux1804-64-shippable-qr,microsoft,True,,,,,,,,,,,,,,,,,,,,,,,,,,,,,,,,,,,,,,,,,,,,,,,,,,TN,,,,,,,,,,
452091990.0,1863348302,2024-03-24 18:59:17,215.0,6ec4249c788c48dc30dfb8737228af711e49fde2,1397954,autoland,ContentfulSpeedIndex,True,microsoft ContentfulSpeedIndex opt fission warm webrender,,77,ms,firefox,False,|f|i|s|s|i|o|n| |w|a|r|m| |w|e|b|r|e|n|d|e|r|,,3776889,13,9b3df14599f65e991e2c4a5eaba7ebe76c85b8c3,102210fe594ee9b33d82058545b1ed14f4c8206e,linux1804-64-shippable-qr,microsoft,True,,,,,,,,,,,,,,,,,,,,,,,,,,,,,,,,,,,,,,,,,,,,,,,,,,TN,,,,,,,,,,
452103628.0,1863393370,2024-03-24 23:02:44,214.2,f16b84d2aab6142f8b4fd6de574e96c2f551ebc7,1397973,autoland,ContentfulSpeedIndex,True,microsoft ContentfulSpeedIndex opt fission warm webrender,,77,ms,firefox,False,|f|i|s|s|i|o|n| |w|a|r|m| |w|e|b|r|e|n|d|e|r|,,3776889,13,9b3df14599f65e991e2c4a5eaba7ebe76c85b8c3,102210fe594ee9b33d82058545b1ed14f4c8206e,linux1804-64-shippable-qr,microsoft,True,,,,,,,,,,,,,,,,,,,,,,,,,,,,,,,,,,,,,,,,,,,,,,,,,,TN,,,,,,,,,,
452115783.0,1863452646,2024-03-25 03:31:22,215.7,19d905446a32ebc5b281e61c8ee49718ee784a25,1397989,autoland,ContentfulSpeedIndex,True,microsoft ContentfulSpeedIndex opt fission warm webrender,,77,ms,firefox,False,|f|i|s|s|i|o|n| |w|a|r|m| |w|e|b|r|e|n|d|e|r|,,3776889,13,9b3df14599f65e991e2c4a5eaba7ebe76c85b8c3,102210fe594ee9b33d82058545b1ed14f4c8206e,linux1804-64-shippable-qr,microsoft,True,,,,,,,,,,,,,,,,,,,,,,,,,,,,,,,,,,,,,,,,,,,,,,,,,,TN,,,,,,,,,,
452134474.0,1863531955,2024-03-25 08:43:58,213.1,db7773c959d542b2327b7158f769c657e46e2992,1398035,autoland,ContentfulSpeedIndex,True,microsoft ContentfulSpeedIndex opt fission warm webrender,,77,ms,firefox,False,|f|i|s|s|i|o|n| |w|a|r|m| |w|e|b|r|e|n|d|e|r|,,3776889,13,9b3df14599f65e991e2c4a5eaba7ebe76c85b8c3,102210fe594ee9b33d82058545b1ed14f4c8206e,linux1804-64-shippable-qr,microsoft,True,,,,,,,,,,,,,,,,,,,,,,,,,,,,,,,,,,,,,,,,,,,,,,,,,,TN,,,,,,,,,,
452143862.0,1863646878,2024-03-25 09:25:18,206.5,71c813e27dff32e4664eb9116e60097837485bfb,1398057,autoland,ContentfulSpeedIndex,True,microsoft ContentfulSpeedIndex opt fission warm webrender,,77,ms,firefox,False,|f|i|s|s|i|o|n| |w|a|r|m| |w|e|b|r|e|n|d|e|r|,,3776889,13,9b3df14599f65e991e2c4a5eaba7ebe76c85b8c3,102210fe594ee9b33d82058545b1ed14f4c8206e,linux1804-64-shippable-qr,microsoft,True,,,,,,,,,,,,,,,,,,,,,,,,,,,,,,,,,,,,,,,,,,,,,,,,,,TN,,,,,,,,,,
452187789.0,1863716339,2024-03-25 13:40:37,211.6,5969005dae85cc8ac486b2f0bdbb7454b660f252,1398214,autoland,ContentfulSpeedIndex,True,microsoft ContentfulSpeedIndex opt fission warm webrender,,77,ms,firefox,False,|f|i|s|s|i|o|n| |w|a|r|m| |w|e|b|r|e|n|d|e|r|,,3776889,13,9b3df14599f65e991e2c4a5eaba7ebe76c85b8c3,102210fe594ee9b33d82058545b1ed14f4c8206e,linux1804-64-shippable-qr,microsoft,True,,,,,,,,,,,,,,,,,,,,,,,,,,,,,,,,,,,,,,,,,,,,,,,,,,TN,,,,,,,,,,
452192035.0,1863738740,2024-03-25 14:05:55,211.5,19dcff1ee3fcbb431110e0639c80a3ba51ee0a34,1398235,autoland,ContentfulSpeedIndex,True,microsoft ContentfulSpeedIndex opt fission warm webrender,,77,ms,firefox,False,|f|i|s|s|i|o|n| |w|a|r|m| |w|e|b|r|e|n|d|e|r|,,3776889,13,9b3df14599f65e991e2c4a5eaba7ebe76c85b8c3,102210fe594ee9b33d82058545b1ed14f4c8206e,linux1804-64-shippable-qr,microsoft,True,,,,,,,,,,,,,,,,,,,,,,,,,,,,,,,,,,,,,,,,,,,,,,,,,,TN,,,,,,,,,,
452298477.0,1864233681,2024-03-25 14:40:25,205.7,1ccfb1fee9008dff43ef927076a3c5188eb2e683,1398263,autoland,ContentfulSpeedIndex,True,microsoft ContentfulSpeedIndex opt fission warm webrender,,77,ms,firefox,False,|f|i|s|s|i|o|n| |w|a|r|m| |w|e|b|r|e|n|d|e|r|,,3776889,13,9b3df14599f65e991e2c4a5eaba7ebe76c85b8c3,102210fe594ee9b33d82058545b1ed14f4c8206e,linux1804-64-shippable-qr,microsoft,True,,,,,,,,,,,,,,,,,,,,,,,,,,,,,,,,,,,,,,,,,,,,,,,,,,TN,,,,,,,,,,
452297730.0,1864225147,2024-03-25 14:55:12,211.3,4c62ed2fd27692e962d9d0568404bbc956674765,1398275,autoland,ContentfulSpeedIndex,True,microsoft ContentfulSpeedIndex opt fission warm webrender,,77,ms,firefox,False,|f|i|s|s|i|o|n| |w|a|r|m| |w|e|b|r|e|n|d|e|r|,,3776889,13,9b3df14599f65e991e2c4a5eaba7ebe76c85b8c3,102210fe594ee9b33d82058545b1ed14f4c8206e,linux1804-64-shippable-qr,microsoft,True,,,,,,,,,,,,,,,,,,,,,,,,,,,,,,,,,,,,,,,,,,,,,,,,,,TN,,,,,,,,,,
452296981.0,1864205674,2024-03-25 16:24:33,207.0,83e8fe031f9498f26b15b45bed88798d2ec510d6,1398337,autoland,ContentfulSpeedIndex,True,microsoft ContentfulSpeedIndex opt fission warm webrender,,77,ms,firefox,False,|f|i|s|s|i|o|n| |w|a|r|m| |w|e|b|r|e|n|d|e|r|,,3776889,13,9b3df14599f65e991e2c4a5eaba7ebe76c85b8c3,102210fe594ee9b33d82058545b1ed14f4c8206e,linux1804-64-shippable-qr,microsoft,True,,,,,,,,,,,,,,,,,,,,,,,,,,,,,,,,,,,,,,,,,,,,,,,,,,TN,,,,,,,,,,
452298279.0,1864231797,2024-03-25 16:26:02,208.3,2bd9a68e0e0eed71138c8a8cd57f238938d37bad,1398338,autoland,ContentfulSpeedIndex,True,microsoft ContentfulSpeedIndex opt fission warm webrender,,77,ms,firefox,False,|f|i|s|s|i|o|n| |w|a|r|m| |w|e|b|r|e|n|d|e|r|,,3776889,13,9b3df14599f65e991e2c4a5eaba7ebe76c85b8c3,102210fe594ee9b33d82058545b1ed14f4c8206e,linux1804-64-shippable-qr,microsoft,True,,,,,,,,,,,,,,,,,,,,,,,,,,,,,,,,,,,,,,,,,,,,,,,,,,TN,,,,,,,,,,
452210212.0,1863863038,2024-03-25 17:00:38,214.5,9b5934ed0d6138133e3cab84d859a8e38bd43683,1398374,autoland,ContentfulSpeedIndex,True,microsoft ContentfulSpeedIndex opt fission warm webrender,,77,ms,firefox,False,|f|i|s|s|i|o|n| |w|a|r|m| |w|e|b|r|e|n|d|e|r|,,3776889,13,9b3df14599f65e991e2c4a5eaba7ebe76c85b8c3,102210fe594ee9b33d82058545b1ed14f4c8206e,linux1804-64-shippable-qr,microsoft,True,,,,,,,,,,,,,,,,,,,,,,,,,,,,,,,,,,,,,,,,,,,,,,,,,,TN,,,,,,,,,,
452237835.0,1863986754,2024-03-25 20:16:40,222.0,05ef22f3485b9acca72235e56c8e11abea982310,1398545,autoland,ContentfulSpeedIndex,True,microsoft ContentfulSpeedIndex opt fission warm webrender,,77,ms,firefox,False,|f|i|s|s|i|o|n| |w|a|r|m| |w|e|b|r|e|n|d|e|r|,,3776889,13,9b3df14599f65e991e2c4a5eaba7ebe76c85b8c3,102210fe594ee9b33d82058545b1ed14f4c8206e,linux1804-64-shippable-qr,microsoft,True,,,,,,,,,,,,,,,,,,,,,,,,,,,,,,,,,,,,,,,,,,,,,,,,,,TN,,,,,,,,,,
452272663.0,1864096280,2024-03-26 00:18:31,216.1,af6fe1ffacb6272ced1d27e874f376c671a19461,1398725,autoland,ContentfulSpeedIndex,True,microsoft ContentfulSpeedIndex opt fission warm webrender,,77,ms,firefox,False,|f|i|s|s|i|o|n| |w|a|r|m| |w|e|b|r|e|n|d|e|r|,,3776889,13,9b3df14599f65e991e2c4a5eaba7ebe76c85b8c3,102210fe594ee9b33d82058545b1ed14f4c8206e,linux1804-64-shippable-qr,microsoft,True,,,,,,,,,,,,,,,,,,,,,,,,,,,,,,,,,,,,,,,,,,,,,,,,,,TN,,,,,,,,,,
452287247.0,1864139055,2024-03-26 01:24:19,212.8,f0c093accca57074b185d7b3a5a76937ae8c57ed,1398741,autoland,ContentfulSpeedIndex,True,microsoft ContentfulSpeedIndex opt fission warm webrender,,77,ms,firefox,False,|f|i|s|s|i|o|n| |w|a|r|m| |w|e|b|r|e|n|d|e|r|,,3776889,13,9b3df14599f65e991e2c4a5eaba7ebe76c85b8c3,102210fe594ee9b33d82058545b1ed14f4c8206e,linux1804-64-shippable-qr,microsoft,True,,,,,,,,,,,,,,,,,,,,,,,,,,,,,,,,,,,,,,,,,,,,,,,,,,TN,,,,,,,,,,
452454122.0,1864861772,2024-03-26 04:41:36,210.3,1ae61dcda070d554cd7c9925dce2611bc43f0c02,1398794,autoland,ContentfulSpeedIndex,True,microsoft ContentfulSpeedIndex opt fission warm webrender,,77,ms,firefox,False,|f|i|s|s|i|o|n| |w|a|r|m| |w|e|b|r|e|n|d|e|r|,,3776889,13,9b3df14599f65e991e2c4a5eaba7ebe76c85b8c3,102210fe594ee9b33d82058545b1ed14f4c8206e,linux1804-64-shippable-qr,microsoft,True,,,,,,,,,,,,,,,,,,,,,,,,,,,,,,,,,,,,,,,,,,,,,,,,,,TN,,,,,,,,,,
452454483.0,1864874448,2024-03-26 04:44:39,207.3,c1b5b1e89360513f3c4b81679bb7a25e0482a533,1398796,autoland,ContentfulSpeedIndex,True,microsoft ContentfulSpeedIndex opt fission warm webrender,,77,ms,firefox,False,|f|i|s|s|i|o|n| |w|a|r|m| |w|e|b|r|e|n|d|e|r|,,3776889,13,9b3df14599f65e991e2c4a5eaba7ebe76c85b8c3,102210fe594ee9b33d82058545b1ed14f4c8206e,linux1804-64-shippable-qr,microsoft,True,,,,,,,,,,,,,,,,,,,,,,,,,,,,,,,,,,,,,,,,,,,,,,,,,,TN,,,,,,,,,,
452301867.0,1864256737,2024-03-26 06:19:49,220.8,f76227b1c05f51b70e7d261e993b5cfa5fd8ee70,1398803,autoland,ContentfulSpeedIndex,True,microsoft ContentfulSpeedIndex opt fission warm webrender,,77,ms,firefox,False,|f|i|s|s|i|o|n| |w|a|r|m| |w|e|b|r|e|n|d|e|r|,,3776889,13,9b3df14599f65e991e2c4a5eaba7ebe76c85b8c3,102210fe594ee9b33d82058545b1ed14f4c8206e,linux1804-64-shippable-qr,microsoft,True,,,,,,,,,,,,,,,,,,,,,,,,,,,,,,,,,,,,,,,,,,,,,,,,,,TN,,,,,,,,,,
452319586.0,1864301445,2024-03-26 09:05:54,214.8,e02aed8fb19856047df1d2cb7de887404e2b6956,1398850,autoland,ContentfulSpeedIndex,True,microsoft ContentfulSpeedIndex opt fission warm webrender,,77,ms,firefox,False,|f|i|s|s|i|o|n| |w|a|r|m| |w|e|b|r|e|n|d|e|r|,,3776889,13,9b3df14599f65e991e2c4a5eaba7ebe76c85b8c3,102210fe594ee9b33d82058545b1ed14f4c8206e,linux1804-64-shippable-qr,microsoft,True,,,,,,,,,,,,,,,,,,,,,,,,,,,,,,,,,,,,,,,,,,,,,,,,,,TN,,,,,,,,,,
452457453.0,1864914415,2024-03-26 12:41:45,208.3,1710585070f00b71f9dc85559d71f4504cb8ffbf,1398957,autoland,ContentfulSpeedIndex,True,microsoft ContentfulSpeedIndex opt fission warm webrender,,77,ms,firefox,False,|f|i|s|s|i|o|n| |w|a|r|m| |w|e|b|r|e|n|d|e|r|,,3776889,13,9b3df14599f65e991e2c4a5eaba7ebe76c85b8c3,102210fe594ee9b33d82058545b1ed14f4c8206e,linux1804-64-shippable-qr,microsoft,True,,,,,,,,,,,,,,,,,,,,,,,,,,,,,,,,,,,,,,,,,,,,,,,,,,TN,,,,,,,,,,
452456331.0,1864905185,2024-03-26 12:54:29,214.6,2e46f8032c78c727d5e4202817d08e677b5804b2,1398963,autoland,ContentfulSpeedIndex,True,microsoft ContentfulSpeedIndex opt fission warm webrender,,77,ms,firefox,False,|f|i|s|s|i|o|n| |w|a|r|m| |w|e|b|r|e|n|d|e|r|,,3776889,13,9b3df14599f65e991e2c4a5eaba7ebe76c85b8c3,102210fe594ee9b33d82058545b1ed14f4c8206e,linux1804-64-shippable-qr,microsoft,True,,,,,,,,,,,,,,,,,,,,,,,,,,,,,,,,,,,,,,,,,,,,,,,,,,TN,,,,,,,,,,
452350972.0,1864422739,2024-03-26 12:57:56,224.0,8bfc3595e66f8c45af3a35d0489015d7522799d3,1398965,autoland,ContentfulSpeedIndex,True,microsoft ContentfulSpeedIndex opt fission warm webrender,,77,ms,firefox,False,|f|i|s|s|i|o|n| |w|a|r|m| |w|e|b|r|e|n|d|e|r|,,3776889,13,9b3df14599f65e991e2c4a5eaba7ebe76c85b8c3,102210fe594ee9b33d82058545b1ed14f4c8206e,linux1804-64-shippable-qr,microsoft,True,,,,,,,,,,,,,,,,,,,,,,,,,,,,,,,,,,,,,,,,,,,,,,,,,,TN,,,,,,,,,,
452384578.0,1864556449,2024-03-26 16:59:38,220.7,a95909edf99f57b3e1ff98f748fd9e2ff57447da,1399161,autoland,ContentfulSpeedIndex,True,microsoft ContentfulSpeedIndex opt fission warm webrender,,77,ms,firefox,False,|f|i|s|s|i|o|n| |w|a|r|m| |w|e|b|r|e|n|d|e|r|,,3776889,13,9b3df14599f65e991e2c4a5eaba7ebe76c85b8c3,102210fe594ee9b33d82058545b1ed14f4c8206e,linux1804-64-shippable-qr,microsoft,True,,,,,,,,,,,,,,,,,,,,,,,,,,,,,,,,,,,,,,,,,,,,,,,,,,TN,,,,,,,,,,
452392080.0,1864579836,2024-03-26 17:44:32,211.3,a93eeb987e4a1e533ac94ec0d1703c6f9b52b9ef,1399196,autoland,ContentfulSpeedIndex,True,microsoft ContentfulSpeedIndex opt fission warm webrender,,77,ms,firefox,False,|f|i|s|s|i|o|n| |w|a|r|m| |w|e|b|r|e|n|d|e|r|,,3776889,13,9b3df14599f65e991e2c4a5eaba7ebe76c85b8c3,102210fe594ee9b33d82058545b1ed14f4c8206e,linux1804-64-shippable-qr,microsoft,True,,,,,,,,,,,,,,,,,,,,,,,,,,,,,,,,,,,,,,,,,,,,,,,,,,TN,,,,,,,,,,
452446064.0,1864795410,2024-03-26 18:41:01,211.4,883e713c301355d165c64ba2ea14c7656f777c11,1399241,autoland,ContentfulSpeedIndex,True,microsoft ContentfulSpeedIndex opt fission warm webrender,,77,ms,firefox,False,|f|i|s|s|i|o|n| |w|a|r|m| |w|e|b|r|e|n|d|e|r|,,3776889,13,9b3df14599f65e991e2c4a5eaba7ebe76c85b8c3,102210fe594ee9b33d82058545b1ed14f4c8206e,linux1804-64-shippable-qr,microsoft,True,,,,,,,,,,,,,,,,,,,,,,,,,,,,,,,,,,,,,,,,,,,,,,,,,,TN,,,,,,,,,,
452454743.0,1864887964,2024-03-26 18:41:57,212.0,4e4e3eb212c5618c3d27c5729b6dad691c4d3ca7,1399243,autoland,ContentfulSpeedIndex,True,microsoft ContentfulSpeedIndex opt fission warm webrender,,77,ms,firefox,False,|f|i|s|s|i|o|n| |w|a|r|m| |w|e|b|r|e|n|d|e|r|,,3776889,13,9b3df14599f65e991e2c4a5eaba7ebe76c85b8c3,102210fe594ee9b33d82058545b1ed14f4c8206e,linux1804-64-shippable-qr,microsoft,True,,,,,,,,,,,,,,,,,,,,,,,,,,,,,,,,,,,,,,,,,,,,,,,,,,TN,,,,,,,,,,
452410120.0,1864641736,2024-03-26 19:19:03,213.0,dfd96ba0e09153e6f98c22d8adcaf944059434ac,1399261,autoland,ContentfulSpeedIndex,True,microsoft ContentfulSpeedIndex opt fission warm webrender,,77,ms,firefox,False,|f|i|s|s|i|o|n| |w|a|r|m| |w|e|b|r|e|n|d|e|r|,,3776889,13,9b3df14599f65e991e2c4a5eaba7ebe76c85b8c3,102210fe594ee9b33d82058545b1ed14f4c8206e,linux1804-64-shippable-qr,microsoft,True,,,,,,,,,,,,,,,,,,,,,,,,,,,,,,,,,,,,,,,,,,,,,,,,,,TN,,,,,,,,,,
452460020.0,1864928376,2024-03-26 19:19:54,213.0,aa1041e84618525b4fff77ccce55ab917a531b1c,1399262,autoland,ContentfulSpeedIndex,True,microsoft ContentfulSpeedIndex opt fission warm webrender,,77,ms,firefox,False,|f|i|s|s|i|o|n| |w|a|r|m| |w|e|b|r|e|n|d|e|r|,,3776889,13,9b3df14599f65e991e2c4a5eaba7ebe76c85b8c3,102210fe594ee9b33d82058545b1ed14f4c8206e,linux1804-64-shippable-qr,microsoft,True,,,,,,,,,,,,,,,,,,,,,,,,,,,,,,,,,,,,,,,,,,,,,,,,,,TN,,,,,,,,,,
452453721.0,1864820343,2024-03-26 19:20:40,205.7,e59265cb671fad14d00aea4eb38d55c300d7c3ef,1399263,autoland,ContentfulSpeedIndex,True,microsoft ContentfulSpeedIndex opt fission warm webrender,,77,ms,firefox,False,|f|i|s|s|i|o|n| |w|a|r|m| |w|e|b|r|e|n|d|e|r|,,3776889,13,9b3df14599f65e991e2c4a5eaba7ebe76c85b8c3,102210fe594ee9b33d82058545b1ed14f4c8206e,linux1804-64-shippable-qr,microsoft,True,,,,,,,,,,,,,,,,,,,,,,,,,,,,,,,,,,,,,,,,,,,,,,,,,,TN,,,,,,,,,,
452432076.0,1864751999,2024-03-26 22:59:31,208.4,babb5943701ffb0ddb6991106d28f73ad2061bb6,1399480,autoland,ContentfulSpeedIndex,True,microsoft ContentfulSpeedIndex opt fission warm webrender,,77,ms,firefox,False,|f|i|s|s|i|o|n| |w|a|r|m| |w|e|b|r|e|n|d|e|r|,,3776889,13,9b3df14599f65e991e2c4a5eaba7ebe76c85b8c3,102210fe594ee9b33d82058545b1ed14f4c8206e,linux1804-64-shippable-qr,microsoft,True,,,,,,,,,,,,,,,,,,,,,,,,,,,,,,,,,,,,,,,,,,,,,,,,,,TN,,,,,,,,,,
452462658.0,1864945774,2024-03-27 06:25:00,217.9,1e79b6199559c2d8acfccdb5e9d5bc62033e6c15,1399622,autoland,ContentfulSpeedIndex,True,microsoft ContentfulSpeedIndex opt fission warm webrender,,77,ms,firefox,False,|f|i|s|s|i|o|n| |w|a|r|m| |w|e|b|r|e|n|d|e|r|,,3776889,13,9b3df14599f65e991e2c4a5eaba7ebe76c85b8c3,102210fe594ee9b33d82058545b1ed14f4c8206e,linux1804-64-shippable-qr,microsoft,True,,,,,,,,,,,,,,,,,,,,,,,,,,,,,,,,,,,,,,,,,,,,,,,,,,TN,,,,,,,,,,
452625393.0,1865560818,2024-03-27 06:38:16,215.7,622bd952017025edfe3b7763206ce176b1fd01a7,1399627,autoland,ContentfulSpeedIndex,True,microsoft ContentfulSpeedIndex opt fission warm webrender,,77,ms,firefox,False,|f|i|s|s|i|o|n| |w|a|r|m| |w|e|b|r|e|n|d|e|r|,,3776889,13,9b3df14599f65e991e2c4a5eaba7ebe76c85b8c3,102210fe594ee9b33d82058545b1ed14f4c8206e,linux1804-64-shippable-qr,microsoft,True,,,,,,,,,,,,,,,,,,,,,,,,,,,,,,,,,,,,,,,,,,,,,,,,,,TN,,,,,,,,,,
452628956.0,1865579803,2024-03-27 06:40:48,208.3,b3b57606103afb4c7c6eb41d87b2ccb21add6030,1399631,autoland,ContentfulSpeedIndex,True,microsoft ContentfulSpeedIndex opt fission warm webrender,,77,ms,firefox,False,|f|i|s|s|i|o|n| |w|a|r|m| |w|e|b|r|e|n|d|e|r|,,3776889,13,9b3df14599f65e991e2c4a5eaba7ebe76c85b8c3,102210fe594ee9b33d82058545b1ed14f4c8206e,linux1804-64-shippable-qr,microsoft,True,,,,,,,,,,,,,,,,,,,,,,,,,,,,,,,,,,,,,,,,,,,,,,,,,,TN,,,,,,,,,,
452497860.0,1865065353,2024-03-27 09:31:11,207.3,7f2993771f48536c575137e4b51984ab6d3de136,1399694,autoland,ContentfulSpeedIndex,True,microsoft ContentfulSpeedIndex opt fission warm webrender,,77,ms,firefox,False,|f|i|s|s|i|o|n| |w|a|r|m| |w|e|b|r|e|n|d|e|r|,,3776889,13,9b3df14599f65e991e2c4a5eaba7ebe76c85b8c3,102210fe594ee9b33d82058545b1ed14f4c8206e,linux1804-64-shippable-qr,microsoft,True,,,,,,,,,,,,,,,,,,,,,,,,,,,,,,,,,,,,,,,,,,,,,,,,,,TN,,,,,,,,,,
452528043.0,1865181170,2024-03-27 13:38:48,209.9,bc7ca80e302a788b0c3cc63cb148c628351b4946,1399827,autoland,ContentfulSpeedIndex,True,microsoft ContentfulSpeedIndex opt fission warm webrender,,77,ms,firefox,False,|f|i|s|s|i|o|n| |w|a|r|m| |w|e|b|r|e|n|d|e|r|,,3776889,13,9b3df14599f65e991e2c4a5eaba7ebe76c85b8c3,102210fe594ee9b33d82058545b1ed14f4c8206e,linux1804-64-shippable-qr,microsoft,True,,,,,,,,,,,,,,,,,,,,,,,,,,,,,,,,,,,,,,,,,,,,,,,,,,TN,,,,,,,,,,
452547292.0,1865269993,2024-03-27 15:45:41,212.9,f8ac03b3c764017d5704deed413c8d35c99978fd,1399897,autoland,ContentfulSpeedIndex,True,microsoft ContentfulSpeedIndex opt fission warm webrender,,77,ms,firefox,False,|f|i|s|s|i|o|n| |w|a|r|m| |w|e|b|r|e|n|d|e|r|,,3776889,13,9b3df14599f65e991e2c4a5eaba7ebe76c85b8c3,102210fe594ee9b33d82058545b1ed14f4c8206e,linux1804-64-shippable-qr,microsoft,True,,,,,,,,,,,,,,,,,,,,,,,,,,,,,,,,,,,,,,,,,,,,,,,,,,TN,,,,,,,,,,
452563446.0,1865370994,2024-03-27 17:44:07,209.8,5937312af5ae37b411939c2dcddbf6072d8d9cfc,1400012,autoland,ContentfulSpeedIndex,True,microsoft ContentfulSpeedIndex opt fission warm webrender,,77,ms,firefox,False,|f|i|s|s|i|o|n| |w|a|r|m| |w|e|b|r|e|n|d|e|r|,,3776889,13,9b3df14599f65e991e2c4a5eaba7ebe76c85b8c3,102210fe594ee9b33d82058545b1ed14f4c8206e,linux1804-64-shippable-qr,microsoft,True,,,,,,,,,,,,,,,,,,,,,,,,,,,,,,,,,,,,,,,,,,,,,,,,,,TN,,,,,,,,,,
452621850.0,1865549487,2024-03-28 01:10:01,209.9,b1cc62489fae8d475f67dec2d9abdf69e2d47614,1400291,autoland,ContentfulSpeedIndex,True,microsoft ContentfulSpeedIndex opt fission warm webrender,,77,ms,firefox,False,|f|i|s|s|i|o|n| |w|a|r|m| |w|e|b|r|e|n|d|e|r|,,3776889,13,9b3df14599f65e991e2c4a5eaba7ebe76c85b8c3,102210fe594ee9b33d82058545b1ed14f4c8206e,linux1804-64-shippable-qr,microsoft,True,,,,,,,,,,,,,,,,,,,,,,,,,,,,,,,,,,,,,,,,,,,,,,,,,,TN,,,,,,,,,,
452658514.0,1865673429,2024-03-28 09:47:39,208.6,1e7411c6b6399b5f5595f99e8d08576e473af625,1400442,autoland,ContentfulSpeedIndex,True,microsoft ContentfulSpeedIndex opt fission warm webrender,,77,ms,firefox,False,|f|i|s|s|i|o|n| |w|a|r|m| |w|e|b|r|e|n|d|e|r|,,3776889,13,9b3df14599f65e991e2c4a5eaba7ebe76c85b8c3,102210fe594ee9b33d82058545b1ed14f4c8206e,linux1804-64-shippable-qr,microsoft,True,,,,,,,,,,,,,,,,,,,,,,,,,,,,,,,,,,,,,,,,,,,,,,,,,,TN,,,,,,,,,,
452665040.0,1865703684,2024-03-28 10:32:02,208.7,55aaac6352fb1fbc44f600408b2bd5a63b4ae440,1400466,autoland,ContentfulSpeedIndex,True,microsoft ContentfulSpeedIndex opt fission warm webrender,,77,ms,firefox,False,|f|i|s|s|i|o|n| |w|a|r|m| |w|e|b|r|e|n|d|e|r|,,3776889,13,9b3df14599f65e991e2c4a5eaba7ebe76c85b8c3,102210fe594ee9b33d82058545b1ed14f4c8206e,linux1804-64-shippable-qr,microsoft,True,,,,,,,,,,,,,,,,,,,,,,,,,,,,,,,,,,,,,,,,,,,,,,,,,,TN,,,,,,,,,,
452782228.0,1866221201,2024-03-28 12:44:44,220.5,bbd8d31961c44a5970a51986b7c9a59266dce635,1400526,autoland,ContentfulSpeedIndex,True,microsoft ContentfulSpeedIndex opt fission warm webrender,,77,ms,firefox,False,|f|i|s|s|i|o|n| |w|a|r|m| |w|e|b|r|e|n|d|e|r|,,3776889,13,9b3df14599f65e991e2c4a5eaba7ebe76c85b8c3,102210fe594ee9b33d82058545b1ed14f4c8206e,linux1804-64-shippable-qr,microsoft,True,,,,,,,,,,,,,,,,,,,,,,,,,,,,,,,,,,,,,,,,,,,,,,,,,,TN,,,,,,,,,,
452778979.0,1866202189,2024-03-28 12:45:30,208.9,ace4b125b6e06909b7a5d35847873198b28f2d27,1400527,autoland,ContentfulSpeedIndex,True,microsoft ContentfulSpeedIndex opt fission warm webrender,,77,ms,firefox,False,|f|i|s|s|i|o|n| |w|a|r|m| |w|e|b|r|e|n|d|e|r|,,3776889,13,9b3df14599f65e991e2c4a5eaba7ebe76c85b8c3,102210fe594ee9b33d82058545b1ed14f4c8206e,linux1804-64-shippable-qr,microsoft,True,,,,,,,,,,,,,,,,,,,,,,,,,,,,,,,,,,,,,,,,,,,,,,,,,,TN,,,,,,,,,,
452703327.0,1865853047,2024-03-28 14:53:03,202.4,1c98db62bb1a20d26f812d28d86672158450e71c,1400606,autoland,ContentfulSpeedIndex,True,microsoft ContentfulSpeedIndex opt fission warm webrender,,77,ms,firefox,False,|f|i|s|s|i|o|n| |w|a|r|m| |w|e|b|r|e|n|d|e|r|,,3776889,13,9b3df14599f65e991e2c4a5eaba7ebe76c85b8c3,102210fe594ee9b33d82058545b1ed14f4c8206e,linux1804-64-shippable-qr,microsoft,True,,,,,,,,,,,,,,,,,,,,,,,,,,,,,,,,,,,,,,,,,,,,,,,,,,TN,,,,,,,,,,
452700980.0,1865830618,2024-03-28 15:08:02,211.6,2b1a58a2fa54e47a357b20bda28512cebd79f732,1400620,autoland,ContentfulSpeedIndex,True,microsoft ContentfulSpeedIndex opt fission warm webrender,,77,ms,firefox,False,|f|i|s|s|i|o|n| |w|a|r|m| |w|e|b|r|e|n|d|e|r|,,3776889,13,9b3df14599f65e991e2c4a5eaba7ebe76c85b8c3,102210fe594ee9b33d82058545b1ed14f4c8206e,linux1804-64-shippable-qr,microsoft,True,,,,,,,,,,,,,,,,,,,,,,,,,,,,,,,,,,,,,,,,,,,,,,,,,,TN,,,,,,,,,,
452778773.0,1866169609,2024-03-28 17:32:47,169.8,bae88db81951e0561249da8a92815ef5d459c933,1400723,autoland,ContentfulSpeedIndex,True,microsoft ContentfulSpeedIndex opt fission warm webrender,,77,ms,firefox,False,|f|i|s|s|i|o|n| |w|a|r|m| |w|e|b|r|e|n|d|e|r|,,3776889,13,9b3df14599f65e991e2c4a5eaba7ebe76c85b8c3,102210fe594ee9b33d82058545b1ed14f4c8206e,linux1804-64-shippable-qr,microsoft,True,,,,,,,,,,,,,,,,,,,,,,,,,,,,,,,,,,,,,,,,,,,,,,,,,,TN,,,,,,,,,,
452780008.0,1866211274,2024-03-28 17:34:56,211.5,94a8891bfbbf0ff89e380ac3f28e4f9782aca0ac,1400727,autoland,ContentfulSpeedIndex,True,microsoft ContentfulSpeedIndex opt fission warm webrender,,77,ms,firefox,False,|f|i|s|s|i|o|n| |w|a|r|m| |w|e|b|r|e|n|d|e|r|,,3776889,13,9b3df14599f65e991e2c4a5eaba7ebe76c85b8c3,102210fe594ee9b33d82058545b1ed14f4c8206e,linux1804-64-shippable-qr,microsoft,True,,,,,,,,,,,,,,,,,,,,,,,,,,,,,,,,,,,,,,,,,,,,,,,,,,TN,,,,,,,,,,
452727381.0,1865941903,2024-03-28 19:06:21,217.6,b9f38a3edd45f19c8f1f0e6f96e11dea269f3399,1400789,autoland,ContentfulSpeedIndex,True,microsoft ContentfulSpeedIndex opt fission warm webrender,,77,ms,firefox,False,|f|i|s|s|i|o|n| |w|a|r|m| |w|e|b|r|e|n|d|e|r|,,3776889,13,9b3df14599f65e991e2c4a5eaba7ebe76c85b8c3,102210fe594ee9b33d82058545b1ed14f4c8206e,linux1804-64-shippable-qr,microsoft,True,,,,,,,,,,,,,,,,,,,,,,,,,,,,,,,,,,,,,,,,,,,,,,,,,,TN,,,,,,,,,,
452758174.0,1866051885,2024-03-28 23:11:00,214.8,8b46ddebfb7e99c2dd8d13182e11398381eda976,1400928,autoland,ContentfulSpeedIndex,True,microsoft ContentfulSpeedIndex opt fission warm webrender,,77,ms,firefox,False,|f|i|s|s|i|o|n| |w|a|r|m| |w|e|b|r|e|n|d|e|r|,,3776889,13,9b3df14599f65e991e2c4a5eaba7ebe76c85b8c3,102210fe594ee9b33d82058545b1ed14f4c8206e,linux1804-64-shippable-qr,microsoft,True,,,,,,,,,,,,,,,,,,,,,,,,,,,,,,,,,,,,,,,,,,,,,,,,,,TN,,,,,,,,,,
452760885.0,1866071167,2024-03-29 00:03:22,219.9,28b4eaeb70285be21ee6612c4e891e41c7949b68,1400956,autoland,ContentfulSpeedIndex,True,microsoft ContentfulSpeedIndex opt fission warm webrender,,77,ms,firefox,False,|f|i|s|s|i|o|n| |w|a|r|m| |w|e|b|r|e|n|d|e|r|,,3776889,13,9b3df14599f65e991e2c4a5eaba7ebe76c85b8c3,102210fe594ee9b33d82058545b1ed14f4c8206e,linux1804-64-shippable-qr,microsoft,True,,,,,,,,,,,,,,,,,,,,,,,,,,,,,,,,,,,,,,,,,,,,,,,,,,TN,,,,,,,,,,
452776282.0,1866155952,2024-03-29 04:27:46,217.5,4120fb3d12f57159ca2e6809f555312e00adda5d,1401028,autoland,ContentfulSpeedIndex,True,microsoft ContentfulSpeedIndex opt fission warm webrender,,77,ms,firefox,False,|f|i|s|s|i|o|n| |w|a|r|m| |w|e|b|r|e|n|d|e|r|,,3776889,13,9b3df14599f65e991e2c4a5eaba7ebe76c85b8c3,102210fe594ee9b33d82058545b1ed14f4c8206e,linux1804-64-shippable-qr,microsoft,True,,,,,,,,,,,,,,,,,,,,,,,,,,,,,,,,,,,,,,,,,,,,,,,,,,TN,,,,,,,,,,
452829598.0,1866363136,2024-03-29 12:22:16,217.3,39124d8575b2fb025ca7fd37b91e052f28e88e67,1401116,autoland,ContentfulSpeedIndex,True,microsoft ContentfulSpeedIndex opt fission warm webrender,,77,ms,firefox,False,|f|i|s|s|i|o|n| |w|a|r|m| |w|e|b|r|e|n|d|e|r|,,3776889,13,9b3df14599f65e991e2c4a5eaba7ebe76c85b8c3,102210fe594ee9b33d82058545b1ed14f4c8206e,linux1804-64-shippable-qr,microsoft,True,,,,,,,,,,,,,,,,,,,,,,,,,,,,,,,,,,,,,,,,,,,,,,,,,,TN,,,,,,,,,,
452852535.0,1866431422,2024-03-29 16:11:04,212.9,33becba24b3c497daf0c1180e5c659ed3cc9028c,1401211,autoland,ContentfulSpeedIndex,True,microsoft ContentfulSpeedIndex opt fission warm webrender,,77,ms,firefox,False,|f|i|s|s|i|o|n| |w|a|r|m| |w|e|b|r|e|n|d|e|r|,,3776889,13,9b3df14599f65e991e2c4a5eaba7ebe76c85b8c3,102210fe594ee9b33d82058545b1ed14f4c8206e,linux1804-64-shippable-qr,microsoft,True,,,,,,,,,,,,,,,,,,,,,,,,,,,,,,,,,,,,,,,,,,,,,,,,,,TN,,,,,,,,,,
452881059.0,1866565085,2024-03-29 20:24:43,217.9,dd4f0b5931701d3aa7f7ed94fd3ba8c45816316c,1401326,autoland,ContentfulSpeedIndex,True,microsoft ContentfulSpeedIndex opt fission warm webrender,,77,ms,firefox,False,|f|i|s|s|i|o|n| |w|a|r|m| |w|e|b|r|e|n|d|e|r|,,3776889,13,9b3df14599f65e991e2c4a5eaba7ebe76c85b8c3,102210fe594ee9b33d82058545b1ed14f4c8206e,linux1804-64-shippable-qr,microsoft,True,,,,,,,,,,,,,,,,,,,,,,,,,,,,,,,,,,,,,,,,,,,,,,,,,,TN,,,,,,,,,,
452901070.0,1866680914,2024-03-30 04:38:25,207.4,2fe1ab05c8fa00d73df88b20df9bc87301a46d46,1401437,autoland,ContentfulSpeedIndex,True,microsoft ContentfulSpeedIndex opt fission warm webrender,,77,ms,firefox,False,|f|i|s|s|i|o|n| |w|a|r|m| |w|e|b|r|e|n|d|e|r|,,3776889,13,9b3df14599f65e991e2c4a5eaba7ebe76c85b8c3,102210fe594ee9b33d82058545b1ed14f4c8206e,linux1804-64-shippable-qr,microsoft,True,,,,,,,,,,,,,,,,,,,,,,,,,,,,,,,,,,,,,,,,,,,,,,,,,,TN,,,,,,,,,,
452908917.0,1866715584,2024-03-30 08:43:08,217.7,3e1a0031f44e72f557f0ec79cf8423168b952d80,1401445,autoland,ContentfulSpeedIndex,True,microsoft ContentfulSpeedIndex opt fission warm webrender,,77,ms,firefox,False,|f|i|s|s|i|o|n| |w|a|r|m| |w|e|b|r|e|n|d|e|r|,,3776889,13,9b3df14599f65e991e2c4a5eaba7ebe76c85b8c3,102210fe594ee9b33d82058545b1ed14f4c8206e,linux1804-64-shippable-qr,microsoft,True,,,,,,,,,,,,,,,,,,,,,,,,,,,,,,,,,,,,,,,,,,,,,,,,,,TN,,,,,,,,,,
452933674.0,1866810040,2024-03-30 16:23:17,207.2,dea770591ed30035f88966bbf45cbbcc6557cdcc,1401476,autoland,ContentfulSpeedIndex,True,microsoft ContentfulSpeedIndex opt fission warm webrender,,77,ms,firefox,False,|f|i|s|s|i|o|n| |w|a|r|m| |w|e|b|r|e|n|d|e|r|,,3776889,13,9b3df14599f65e991e2c4a5eaba7ebe76c85b8c3,102210fe594ee9b33d82058545b1ed14f4c8206e,linux1804-64-shippable-qr,microsoft,True,,,,,,,,,,,,,,,,,,,,,,,,,,,,,,,,,,,,,,,,,,,,,,,,,,TN,,,,,,,,,,
452939264.0,1866836633,2024-03-30 17:37:54,207.1,d7916bbe3cb4118dd9464ef3af064b13b3b0d0c4,1401479,autoland,ContentfulSpeedIndex,True,microsoft ContentfulSpeedIndex opt fission warm webrender,,77,ms,firefox,False,|f|i|s|s|i|o|n| |w|a|r|m| |w|e|b|r|e|n|d|e|r|,,3776889,13,9b3df14599f65e991e2c4a5eaba7ebe76c85b8c3,102210fe594ee9b33d82058545b1ed14f4c8206e,linux1804-64-shippable-qr,microsoft,True,,,,,,,,,,,,,,,,,,,,,,,,,,,,,,,,,,,,,,,,,,,,,,,,,,TN,,,,,,,,,,
452966669.0,1866930822,2024-03-31 07:04:36,214.2,579426b2f39c365731042d79d87533ac3f616461,1401509,autoland,ContentfulSpeedIndex,True,microsoft ContentfulSpeedIndex opt fission warm webrender,,77,ms,firefox,False,|f|i|s|s|i|o|n| |w|a|r|m| |w|e|b|r|e|n|d|e|r|,,3776889,13,9b3df14599f65e991e2c4a5eaba7ebe76c85b8c3,102210fe594ee9b33d82058545b1ed14f4c8206e,linux1804-64-shippable-qr,microsoft,True,,,,,,,,,,,,,,,,,,,,,,,,,,,,,,,,,,,,,,,,,,,,,,,,,,TN,,,,,,,,,,
452990222.0,1867023233,2024-03-31 14:47:20,212.8,dfc3fd176c4fcd62b5a28dcfedea3c509f24ebf5,1401533,autoland,ContentfulSpeedIndex,True,microsoft ContentfulSpeedIndex opt fission warm webrender,,77,ms,firefox,False,|f|i|s|s|i|o|n| |w|a|r|m| |w|e|b|r|e|n|d|e|r|,,3776889,13,9b3df14599f65e991e2c4a5eaba7ebe76c85b8c3,102210fe594ee9b33d82058545b1ed14f4c8206e,linux1804-64-shippable-qr,microsoft,True,,,,,,,,,,,,,,,,,,,,,,,,,,,,,,,,,,,,,,,,,,,,,,,,,,TN,,,,,,,,,,
452993920.0,1867042130,2024-03-31 19:03:22,209.5,334eacacff83840ceed0bb2077c0a2a527e491a5,1401545,autoland,ContentfulSpeedIndex,True,microsoft ContentfulSpeedIndex opt fission warm webrender,,77,ms,firefox,False,|f|i|s|s|i|o|n| |w|a|r|m| |w|e|b|r|e|n|d|e|r|,,3776889,13,9b3df14599f65e991e2c4a5eaba7ebe76c85b8c3,102210fe594ee9b33d82058545b1ed14f4c8206e,linux1804-64-shippable-qr,microsoft,True,,,,,,,,,,,,,,,,,,,,,,,,,,,,,,,,,,,,,,,,,,,,,,,,,,TN,,,,,,,,,,
453014631.0,1867121378,2024-04-01 07:03:36,205.5,5d97e037b69610f99c35f4bbd65d27bafc5605fc,1401600,autoland,ContentfulSpeedIndex,True,microsoft ContentfulSpeedIndex opt fission warm webrender,,77,ms,firefox,False,|f|i|s|s|i|o|n| |w|a|r|m| |w|e|b|r|e|n|d|e|r|,,3776889,13,9b3df14599f65e991e2c4a5eaba7ebe76c85b8c3,102210fe594ee9b33d82058545b1ed14f4c8206e,linux1804-64-shippable-qr,microsoft,True,,,,,,,,,,,,,,,,,,,,,,,,,,,,,,,,,,,,,,,,,,,,,,,,,,TN,,,,,,,,,,
453039279.0,1867196934,2024-04-01 11:30:18,219.1,9546c05d8f57091e5d3e12129a49f11b8b027da7,1401661,autoland,ContentfulSpeedIndex,True,microsoft ContentfulSpeedIndex opt fission warm webrender,,77,ms,firefox,False,|f|i|s|s|i|o|n| |w|a|r|m| |w|e|b|r|e|n|d|e|r|,,3776889,13,9b3df14599f65e991e2c4a5eaba7ebe76c85b8c3,102210fe594ee9b33d82058545b1ed14f4c8206e,linux1804-64-shippable-qr,microsoft,True,,,,,,,,,,,,,,,,,,,,,,,,,,,,,,,,,,,,,,,,,,,,,,,,,,TN,,,,,,,,,,
453062381.0,1867243974,2024-04-01 13:16:41,215.8,26157b52a8c30d72d8e065cc4a8286633ee85b63,1401687,autoland,ContentfulSpeedIndex,True,microsoft ContentfulSpeedIndex opt fission warm webrender,,77,ms,firefox,False,|f|i|s|s|i|o|n| |w|a|r|m| |w|e|b|r|e|n|d|e|r|,,3776889,13,9b3df14599f65e991e2c4a5eaba7ebe76c85b8c3,102210fe594ee9b33d82058545b1ed14f4c8206e,linux1804-64-shippable-qr,microsoft,True,,,,,,,,,,,,,,,,,,,,,,,,,,,,,,,,,,,,,,,,,,,,,,,,,,TN,,,,,,,,,,
453086389.0,1867324596,2024-04-01 17:19:53,208.4,cdd16ab5df10333f1a1eb637ecf2692e15271d17,1401785,autoland,ContentfulSpeedIndex,True,microsoft ContentfulSpeedIndex opt fission warm webrender,,77,ms,firefox,False,|f|i|s|s|i|o|n| |w|a|r|m| |w|e|b|r|e|n|d|e|r|,,3776889,13,9b3df14599f65e991e2c4a5eaba7ebe76c85b8c3,102210fe594ee9b33d82058545b1ed14f4c8206e,linux1804-64-shippable-qr,microsoft,True,,,,,,,,,,,,,,,,,,,,,,,,,,,,,,,,,,,,,,,,,,,,,,,,,,TN,,,,,,,,,,
453092391.0,1867367309,2024-04-01 18:19:29,218.3,57354c5689ef8a5f598978d912570706445e1034,1401826,autoland,ContentfulSpeedIndex,True,microsoft ContentfulSpeedIndex opt fission warm webrender,,77,ms,firefox,False,|f|i|s|s|i|o|n| |w|a|r|m| |w|e|b|r|e|n|d|e|r|,,3776889,13,9b3df14599f65e991e2c4a5eaba7ebe76c85b8c3,102210fe594ee9b33d82058545b1ed14f4c8206e,linux1804-64-shippable-qr,microsoft,True,,,,,,,,,,,,,,,,,,,,,,,,,,,,,,,,,,,,,,,,,,,,,,,,,,TN,,,,,,,,,,
453133043.0,1867520786,2024-04-01 22:35:55,216.1,13111643fbf4557d26174a12b2cde1954182b0ab,1402004,autoland,ContentfulSpeedIndex,True,microsoft ContentfulSpeedIndex opt fission warm webrender,,77,ms,firefox,False,|f|i|s|s|i|o|n| |w|a|r|m| |w|e|b|r|e|n|d|e|r|,,3776889,13,9b3df14599f65e991e2c4a5eaba7ebe76c85b8c3,102210fe594ee9b33d82058545b1ed14f4c8206e,linux1804-64-shippable-qr,microsoft,True,,,,,,,,,,,,,,,,,,,,,,,,,,,,,,,,,,,,,,,,,,,,,,,,,,TN,,,,,,,,,,
453133427.0,1867529110,2024-04-01 22:39:43,211.2,e7ec5d35ae0d80f4a77b6705e1a393c637da672e,1402007,autoland,ContentfulSpeedIndex,True,microsoft ContentfulSpeedIndex opt fission warm webrender,,77,ms,firefox,False,|f|i|s|s|i|o|n| |w|a|r|m| |w|e|b|r|e|n|d|e|r|,,3776889,13,9b3df14599f65e991e2c4a5eaba7ebe76c85b8c3,102210fe594ee9b33d82058545b1ed14f4c8206e,linux1804-64-shippable-qr,microsoft,True,,,,,,,,,,,,,,,,,,,,,,,,,,,,,,,,,,,,,,,,,,,,,,,,,,TN,,,,,,,,,,
453147973.0,1867594391,2024-04-02 04:32:43,209.6,de086751acb845c252c37aab95a7e6b265df39a6,1402085,autoland,ContentfulSpeedIndex,True,microsoft ContentfulSpeedIndex opt fission warm webrender,,77,ms,firefox,False,|f|i|s|s|i|o|n| |w|a|r|m| |w|e|b|r|e|n|d|e|r|,,3776889,13,9b3df14599f65e991e2c4a5eaba7ebe76c85b8c3,102210fe594ee9b33d82058545b1ed14f4c8206e,linux1804-64-shippable-qr,microsoft,True,,,,,,,,,,,,,,,,,,,,,,,,,,,,,,,,,,,,,,,,,,,,,,,,,,TN,,,,,,,,,,
453170804.0,1867668088,2024-04-02 08:47:33,202.5,4df6842cb470c27ca949eaaa6d3a9b6b37d9c8fe,1402179,autoland,ContentfulSpeedIndex,True,microsoft ContentfulSpeedIndex opt fission warm webrender,,77,ms,firefox,False,|f|i|s|s|i|o|n| |w|a|r|m| |w|e|b|r|e|n|d|e|r|,,3776889,13,9b3df14599f65e991e2c4a5eaba7ebe76c85b8c3,102210fe594ee9b33d82058545b1ed14f4c8206e,linux1804-64-shippable-qr,microsoft,True,,,,,,,,,,,,,,,,,,,,,,,,,,,,,,,,,,,,,,,,,,,,,,,,,,TN,,,,,,,,,,
453171785.0,1867689323,2024-04-02 08:57:49,210.1,52bb75377d06cfb305446ca966c7526c9c9729c7,1402180,autoland,ContentfulSpeedIndex,True,microsoft ContentfulSpeedIndex opt fission warm webrender,,77,ms,firefox,False,|f|i|s|s|i|o|n| |w|a|r|m| |w|e|b|r|e|n|d|e|r|,,3776889,13,9b3df14599f65e991e2c4a5eaba7ebe76c85b8c3,102210fe594ee9b33d82058545b1ed14f4c8206e,linux1804-64-shippable-qr,microsoft,True,,,,,,,,,,,,,,,,,,,,,,,,,,,,,,,,,,,,,,,,,,,,,,,,,,TN,,,,,,,,,,
