repository_name,signature_id,framework_id,signature_hash,machine_platform,should_alert,has_subtests,extra_options,tags,option_collection_hash,test,suite,lower_is_better,name,parent_signature,repository_id,measurement_unit,application,job_id,entry_id,push_timestamp,value,revision,push_id,alert_id,alert_push_id,alert_prev_push_id,alert_creation_timestamp,alert_first_triaged,alert_triage_due_date,alert_repository,alert_framework,test_id,test_status,test_series_signature_framework_id,test_series_signature_signature_hash,test_series_signature_machine_platform,test_series_signature_test,test_series_signature_suite,test_series_signature_lower_is_better,test_series_signature_has_subtests,test_series_signature_option_collection_hash,test_series_signature_tags,test_series_signature_extra_options,test_series_signature_measurement_unit,test_series_signature_suite_public_name,test_series_signature_test_public_name,test_prev_taskcluster_metadata_task_id,test_prev_taskcluster_metadata_retry_id,test_taskcluster_metadata_task_id,test_taskcluster_metadata_retry_id,test_profile_url,test_prev_profile_url,test_is_regression,test_prev_value,test_new_value,test_t_value,test_amount_abs,test_amount_pct,test_summary_id,test_related_summary_id,test_manually_created,test_classifier,test_starred,test_classifier_email,test_backfill_record_context,test_backfill_record_status,test_backfill_record_total_actions_triggered,test_backfill_record_total_backfills_failed,test_backfill_record_total_backfills_successful,test_backfill_record_total_backfills_in_progress,test_noise_profile,alert_related_alerts,alert_status,alert_bug_number,alert_bug_due_date,alert_bug_updated,alert_issue_tracker,alert_notes,alert_push_timestamp,alert_prev_push_revision,alert_assignee_username,alert_assignee_email,alert_performance_tags
autoland,3646670,2,6311658df04f8b9dab1d842cf1ddc69e83bd8127,linux64-qr,,False,,,102210fe594ee9b33d82058545b1ed14f4c8206e,num_static_constructors,compiler_metrics,True,compiler_metrics num_static_constructors opt valgrind,,77,,,,1699271977,2023-05-23 10:32:51,156.0,3a1c227015b07a18e7f2bacf94d96f8fbd26a7e2,1244979,,,,,,,,,,,,,,,,,,,,,,,,,,,,,,,,,,,,,,,,,,,,,,,,,,TN,,,,,,,,,,
autoland,3646670,2,6311658df04f8b9dab1d842cf1ddc69e83bd8127,linux64-qr,,False,,,102210fe594ee9b33d82058545b1ed14f4c8206e,num_static_constructors,compiler_metrics,True,compiler_metrics num_static_constructors opt valgrind,,77,,,,1699307832,2023-05-23 10:32:51,156.0,3a1c227015b07a18e7f2bacf94d96f8fbd26a7e2,1244979,,,,,,,,,,,,,,,,,,,,,,,,,,,,,,,,,,,,,,,,,,,,,,,,,,TN,,,,,,,,,,
autoland,3646670,2,6311658df04f8b9dab1d842cf1ddc69e83bd8127,linux64-qr,,False,,,102210fe594ee9b33d82058545b1ed14f4c8206e,num_static_constructors,compiler_metrics,True,compiler_metrics num_static_constructors opt valgrind,,77,,,,1699300726,2023-05-23 11:26:54,156.0,8b22b4ff9e35f14a5f156b829a4dd2ee67f728c5,1245001,,,,,,,,,,,,,,,,,,,,,,,,,,,,,,,,,,,,,,,,,,,,,,,,,,TN,,,,,,,,,,
autoland,3646670,2,6311658df04f8b9dab1d842cf1ddc69e83bd8127,linux64-qr,,False,,,102210fe594ee9b33d82058545b1ed14f4c8206e,num_static_constructors,compiler_metrics,True,compiler_metrics num_static_constructors opt valgrind,,77,,,,1699421345,2023-05-23 14:46:19,156.0,757be353a1d457630ac741322594b86ca8d5670e,1245154,,,,,,,,,,,,,,,,,,,,,,,,,,,,,,,,,,,,,,,,,,,,,,,,,,TN,,,,,,,,,,
autoland,3646670,2,6311658df04f8b9dab1d842cf1ddc69e83bd8127,linux64-qr,,False,,,102210fe594ee9b33d82058545b1ed14f4c8206e,num_static_constructors,compiler_metrics,True,compiler_metrics num_static_constructors opt valgrind,,77,,,,1699436835,2023-05-23 14:46:19,156.0,757be353a1d457630ac741322594b86ca8d5670e,1245154,,,,,,,,,,,,,,,,,,,,,,,,,,,,,,,,,,,,,,,,,,,,,,,,,,TN,,,,,,,,,,
autoland,3646670,2,6311658df04f8b9dab1d842cf1ddc69e83bd8127,linux64-qr,,False,,,102210fe594ee9b33d82058545b1ed14f4c8206e,num_static_constructors,compiler_metrics,True,compiler_metrics num_static_constructors opt valgrind,,77,,,,1699546743,2023-05-23 18:53:49,156.0,302b367e400f427749fa1ef94956b6a67e09a76a,1245366,,,,,,,,,,,,,,,,,,,,,,,,,,,,,,,,,,,,,,,,,,,,,,,,,,TN,,,,,,,,,,
autoland,3646670,2,6311658df04f8b9dab1d842cf1ddc69e83bd8127,linux64-qr,,False,,,102210fe594ee9b33d82058545b1ed14f4c8206e,num_static_constructors,compiler_metrics,True,compiler_metrics num_static_constructors opt valgrind,,77,,,,1699577141,2023-05-23 18:53:49,156.0,302b367e400f427749fa1ef94956b6a67e09a76a,1245366,,,,,,,,,,,,,,,,,,,,,,,,,,,,,,,,,,,,,,,,,,,,,,,,,,TN,,,,,,,,,,
autoland,3646670,2,6311658df04f8b9dab1d842cf1ddc69e83bd8127,linux64-qr,,False,,,102210fe594ee9b33d82058545b1ed14f4c8206e,num_static_constructors,compiler_metrics,True,compiler_metrics num_static_constructors opt valgrind,,77,,,,1699577885,2023-05-23 18:53:49,156.0,302b367e400f427749fa1ef94956b6a67e09a76a,1245366,,,,,,,,,,,,,,,,,,,,,,,,,,,,,,,,,,,,,,,,,,,,,,,,,,TN,,,,,,,,,,
autoland,3646670,2,6311658df04f8b9dab1d842cf1ddc69e83bd8127,linux64-qr,,False,,,102210fe594ee9b33d82058545b1ed14f4c8206e,num_static_constructors,compiler_metrics,True,compiler_metrics num_static_constructors opt valgrind,,77,,,,1699582183,2023-05-23 18:53:49,156.0,302b367e400f427749fa1ef94956b6a67e09a76a,1245366,,,,,,,,,,,,,,,,,,,,,,,,,,,,,,,,,,,,,,,,,,,,,,,,,,TN,,,,,,,,,,
autoland,3646670,2,6311658df04f8b9dab1d842cf1ddc69e83bd8127,linux64-qr,,False,,,102210fe594ee9b33d82058545b1ed14f4c8206e,num_static_constructors,compiler_metrics,True,compiler_metrics num_static_constructors opt valgrind,,77,,,,1699627781,2023-05-23 20:52:53,156.0,99a32758cd79b97f5c4f9444f4b860d1870b3446,1245450,,,,,,,,,,,,,,,,,,,,,,,,,,,,,,,,,,,,,,,,,,,,,,,,,,TN,,,,,,,,,,
autoland,3646670,2,6311658df04f8b9dab1d842cf1ddc69e83bd8127,linux64-qr,,False,,,102210fe594ee9b33d82058545b1ed14f4c8206e,num_static_constructors,compiler_metrics,True,compiler_metrics num_static_constructors opt valgrind,,77,,,,1699697662,2023-05-23 23:22:27,156.0,972a9ce4321f218ed2a4a25e9130a7efd9e09862,1245518,,,,,,,,,,,,,,,,,,,,,,,,,,,,,,,,,,,,,,,,,,,,,,,,,,TN,,,,,,,,,,
autoland,3646670,2,6311658df04f8b9dab1d842cf1ddc69e83bd8127,linux64-qr,,False,,,102210fe594ee9b33d82058545b1ed14f4c8206e,num_static_constructors,compiler_metrics,True,compiler_metrics num_static_constructors opt valgrind,,77,,,,1699719344,2023-05-23 23:22:27,156.0,972a9ce4321f218ed2a4a25e9130a7efd9e09862,1245518,,,,,,,,,,,,,,,,,,,,,,,,,,,,,,,,,,,,,,,,,,,,,,,,,,TN,,,,,,,,,,
autoland,3646670,2,6311658df04f8b9dab1d842cf1ddc69e83bd8127,linux64-qr,,False,,,102210fe594ee9b33d82058545b1ed14f4c8206e,num_static_constructors,compiler_metrics,True,compiler_metrics num_static_constructors opt valgrind,,77,,,,1699738023,2023-05-23 23:22:27,156.0,972a9ce4321f218ed2a4a25e9130a7efd9e09862,1245518,,,,,,,,,,,,,,,,,,,,,,,,,,,,,,,,,,,,,,,,,,,,,,,,,,TN,,,,,,,,,,
autoland,3646670,2,6311658df04f8b9dab1d842cf1ddc69e83bd8127,linux64-qr,,False,,,102210fe594ee9b33d82058545b1ed14f4c8206e,num_static_constructors,compiler_metrics,True,compiler_metrics num_static_constructors opt valgrind,,77,,,,1699699818,2023-05-23 23:25:24,156.0,2a672ab008ec353f3af98a48f5f53057e40321b1,1245521,,,,,,,,,,,,,,,,,,,,,,,,,,,,,,,,,,,,,,,,,,,,,,,,,,TN,,,,,,,,,,
autoland,3646670,2,6311658df04f8b9dab1d842cf1ddc69e83bd8127,linux64-qr,,False,,,102210fe594ee9b33d82058545b1ed14f4c8206e,num_static_constructors,compiler_metrics,True,compiler_metrics num_static_constructors opt valgrind,,77,,,,1699762766,2023-05-24 02:41:29,156.0,4ac8119ba9cbdb2c8f58f18ccc40e0fd90746657,1245579,,,,,,,,,,,,,,,,,,,,,,,,,,,,,,,,,,,,,,,,,,,,,,,,,,TN,,,,,,,,,,
autoland,3646670,2,6311658df04f8b9dab1d842cf1ddc69e83bd8127,linux64-qr,,False,,,102210fe594ee9b33d82058545b1ed14f4c8206e,num_static_constructors,compiler_metrics,True,compiler_metrics num_static_constructors opt valgrind,,77,,,,1699775657,2023-05-24 02:41:29,156.0,4ac8119ba9cbdb2c8f58f18ccc40e0fd90746657,1245579,,,,,,,,,,,,,,,,,,,,,,,,,,,,,,,,,,,,,,,,,,,,,,,,,,TN,,,,,,,,,,
autoland,3646670,2,6311658df04f8b9dab1d842cf1ddc69e83bd8127,linux64-qr,,False,,,102210fe594ee9b33d82058545b1ed14f4c8206e,num_static_constructors,compiler_metrics,True,compiler_metrics num_static_constructors opt valgrind,,77,,,,1699775627,2023-05-24 02:41:29,156.0,4ac8119ba9cbdb2c8f58f18ccc40e0fd90746657,1245579,,,,,,,,,,,,,,,,,,,,,,,,,,,,,,,,,,,,,,,,,,,,,,,,,,TN,,,,,,,,,,
autoland,3646670,2,6311658df04f8b9dab1d842cf1ddc69e83bd8127,linux64-qr,,False,,,102210fe594ee9b33d82058545b1ed14f4c8206e,num_static_constructors,compiler_metrics,True,compiler_metrics num_static_constructors opt valgrind,,77,,,,1699777729,2023-05-24 02:41:29,156.0,4ac8119ba9cbdb2c8f58f18ccc40e0fd90746657,1245579,,,,,,,,,,,,,,,,,,,,,,,,,,,,,,,,,,,,,,,,,,,,,,,,,,TN,,,,,,,,,,
autoland,3646670,2,6311658df04f8b9dab1d842cf1ddc69e83bd8127,linux64-qr,,False,,,102210fe594ee9b33d82058545b1ed14f4c8206e,num_static_constructors,compiler_metrics,True,compiler_metrics num_static_constructors opt valgrind,,77,,,,1699765503,2023-05-24 02:50:12,156.0,cb6db65172c660f1d6cee7fab5c5c37323b34242,1245592,,,,,,,,,,,,,,,,,,,,,,,,,,,,,,,,,,,,,,,,,,,,,,,,,,TN,,,,,,,,,,
autoland,3646670,2,6311658df04f8b9dab1d842cf1ddc69e83bd8127,linux64-qr,,False,,,102210fe594ee9b33d82058545b1ed14f4c8206e,num_static_constructors,compiler_metrics,True,compiler_metrics num_static_constructors opt valgrind,,77,,,,1699781304,2023-05-24 02:50:12,156.0,cb6db65172c660f1d6cee7fab5c5c37323b34242,1245592,,,,,,,,,,,,,,,,,,,,,,,,,,,,,,,,,,,,,,,,,,,,,,,,,,TN,,,,,,,,,,
autoland,3646670,2,6311658df04f8b9dab1d842cf1ddc69e83bd8127,linux64-qr,,False,,,102210fe594ee9b33d82058545b1ed14f4c8206e,num_static_constructors,compiler_metrics,True,compiler_metrics num_static_constructors opt valgrind,,77,,,,1699807247,2023-05-24 02:50:12,156.0,cb6db65172c660f1d6cee7fab5c5c37323b34242,1245592,,,,,,,,,,,,,,,,,,,,,,,,,,,,,,,,,,,,,,,,,,,,,,,,,,TN,,,,,,,,,,
autoland,3646670,2,6311658df04f8b9dab1d842cf1ddc69e83bd8127,linux64-qr,,False,,,102210fe594ee9b33d82058545b1ed14f4c8206e,num_static_constructors,compiler_metrics,True,compiler_metrics num_static_constructors opt valgrind,,77,,,,1699819177,2023-05-24 02:50:12,156.0,cb6db65172c660f1d6cee7fab5c5c37323b34242,1245592,,,,,,,,,,,,,,,,,,,,,,,,,,,,,,,,,,,,,,,,,,,,,,,,,,TN,,,,,,,,,,
autoland,3646670,2,6311658df04f8b9dab1d842cf1ddc69e83bd8127,linux64-qr,,False,,,102210fe594ee9b33d82058545b1ed14f4c8206e,num_static_constructors,compiler_metrics,True,compiler_metrics num_static_constructors opt valgrind,,77,,,,1699900995,2023-05-24 08:09:39,156.0,d85426d65815808dcdedb3e34d8d9c5fe5a4203c,1245683,,,,,,,,,,,,,,,,,,,,,,,,,,,,,,,,,,,,,,,,,,,,,,,,,,TN,,,,,,,,,,
autoland,3646670,2,6311658df04f8b9dab1d842cf1ddc69e83bd8127,linux64-qr,,False,,,102210fe594ee9b33d82058545b1ed14f4c8206e,num_static_constructors,compiler_metrics,True,compiler_metrics num_static_constructors opt valgrind,,77,,,,1699905099,2023-05-24 08:21:42,156.0,56d084bfc8b83e149e698b8aa893563fc54a691b,1245696,,,,,,,,,,,,,,,,,,,,,,,,,,,,,,,,,,,,,,,,,,,,,,,,,,TN,,,,,,,,,,
autoland,3646670,2,6311658df04f8b9dab1d842cf1ddc69e83bd8127,linux64-qr,,False,,,102210fe594ee9b33d82058545b1ed14f4c8206e,num_static_constructors,compiler_metrics,True,compiler_metrics num_static_constructors opt valgrind,,77,,,,1699973006,2023-05-24 10:49:25,155.0,1db51625512e546534a6a7352ff4ff3b9c48d713,1245770,,,,,,,,,,,,,,,,,,,,,,,,,,,,,,,,,,,,,,,,,,,,,,,,,,TN,,,,,,,,,,
autoland,3646670,2,6311658df04f8b9dab1d842cf1ddc69e83bd8127,linux64-qr,,False,,,102210fe594ee9b33d82058545b1ed14f4c8206e,num_static_constructors,compiler_metrics,True,compiler_metrics num_static_constructors opt valgrind,,77,,,,1700025009,2023-05-24 12:07:13,155.0,2986566b85e12ccf269ca903ccb698de50faf59b,1245803,,,,,,,,,,,,,,,,,,,,,,,,,,,,,,,,,,,,,,,,,,,,,,,,,,TN,,,,,,,,,,
autoland,3646670,2,6311658df04f8b9dab1d842cf1ddc69e83bd8127,linux64-qr,,False,,,102210fe594ee9b33d82058545b1ed14f4c8206e,num_static_constructors,compiler_metrics,True,compiler_metrics num_static_constructors opt valgrind,,77,,,,1700067534,2023-05-24 13:34:40,155.0,6a96bb1f430f92b83cc31f74db4e4c1f71e155e5,1245871,,,,,,,,,,,,,,,,,,,,,,,,,,,,,,,,,,,,,,,,,,,,,,,,,,TN,,,,,,,,,,
autoland,3646670,2,6311658df04f8b9dab1d842cf1ddc69e83bd8127,linux64-qr,,False,,,102210fe594ee9b33d82058545b1ed14f4c8206e,num_static_constructors,compiler_metrics,True,compiler_metrics num_static_constructors opt valgrind,,77,,,,1700112491,2023-05-24 15:27:35,155.0,75dfc7c6f2a4df985f482f2a3300e59bd881f9b5,1245957,,,,,,,,,,,,,,,,,,,,,,,,,,,,,,,,,,,,,,,,,,,,,,,,,,TN,,,,,,,,,,
autoland,3646670,2,6311658df04f8b9dab1d842cf1ddc69e83bd8127,linux64-qr,,False,,,102210fe594ee9b33d82058545b1ed14f4c8206e,num_static_constructors,compiler_metrics,True,compiler_metrics num_static_constructors opt valgrind,,77,,,,1700187603,2023-05-24 17:26:23,155.0,b9da43bde2c92655235855f4bb966f7a2537eafa,1246058,,,,,,,,,,,,,,,,,,,,,,,,,,,,,,,,,,,,,,,,,,,,,,,,,,TN,,,,,,,,,,
autoland,3646670,2,6311658df04f8b9dab1d842cf1ddc69e83bd8127,linux64-qr,,False,,,102210fe594ee9b33d82058545b1ed14f4c8206e,num_static_constructors,compiler_metrics,True,compiler_metrics num_static_constructors opt valgrind,,77,,,,1700271515,2023-05-24 21:05:29,155.0,93d1b1ef74ee305d8ba91db42b16a500e248e34a,1246181,,,,,,,,,,,,,,,,,,,,,,,,,,,,,,,,,,,,,,,,,,,,,,,,,,TN,,,,,,,,,,
autoland,3646670,2,6311658df04f8b9dab1d842cf1ddc69e83bd8127,linux64-qr,,False,,,102210fe594ee9b33d82058545b1ed14f4c8206e,num_static_constructors,compiler_metrics,True,compiler_metrics num_static_constructors opt valgrind,,77,,,,1700285163,2023-05-24 21:30:03,155.0,468123d0735b96f7486f1e1a4de373e3dd7520bd,1246204,,,,,,,,,,,,,,,,,,,,,,,,,,,,,,,,,,,,,,,,,,,,,,,,,,TN,,,,,,,,,,
autoland,3646670,2,6311658df04f8b9dab1d842cf1ddc69e83bd8127,linux64-qr,,False,,,102210fe594ee9b33d82058545b1ed14f4c8206e,num_static_constructors,compiler_metrics,True,compiler_metrics num_static_constructors opt valgrind,,77,,,,1700345460,2023-05-24 21:30:03,155.0,468123d0735b96f7486f1e1a4de373e3dd7520bd,1246204,,,,,,,,,,,,,,,,,,,,,,,,,,,,,,,,,,,,,,,,,,,,,,,,,,TN,,,,,,,,,,
autoland,3646670,2,6311658df04f8b9dab1d842cf1ddc69e83bd8127,linux64-qr,,False,,,102210fe594ee9b33d82058545b1ed14f4c8206e,num_static_constructors,compiler_metrics,True,compiler_metrics num_static_constructors opt valgrind,,77,,,,1700391361,2023-05-25 01:52:13,155.0,c1577427eba79d954813d300bfe6d4f09e0249f0,1246339,,,,,,,,,,,,,,,,,,,,,,,,,,,,,,,,,,,,,,,,,,,,,,,,,,TN,,,,,,,,,,
autoland,3646670,2,6311658df04f8b9dab1d842cf1ddc69e83bd8127,linux64-qr,,False,,,102210fe594ee9b33d82058545b1ed14f4c8206e,num_static_constructors,compiler_metrics,True,compiler_metrics num_static_constructors opt valgrind,,77,,,,1700450171,2023-05-25 06:53:28,155.0,ee3230b1fe26e5521d07465dcab71e75d586e422,1246434,,,,,,,,,,,,,,,,,,,,,,,,,,,,,,,,,,,,,,,,,,,,,,,,,,TN,,,,,,,,,,
autoland,3646670,2,6311658df04f8b9dab1d842cf1ddc69e83bd8127,linux64-qr,,False,,,102210fe594ee9b33d82058545b1ed14f4c8206e,num_static_constructors,compiler_metrics,True,compiler_metrics num_static_constructors opt valgrind,,77,,,,1700465557,2023-05-25 06:53:28,155.0,ee3230b1fe26e5521d07465dcab71e75d586e422,1246434,,,,,,,,,,,,,,,,,,,,,,,,,,,,,,,,,,,,,,,,,,,,,,,,,,TN,,,,,,,,,,
autoland,3646670,2,6311658df04f8b9dab1d842cf1ddc69e83bd8127,linux64-qr,,False,,,102210fe594ee9b33d82058545b1ed14f4c8206e,num_static_constructors,compiler_metrics,True,compiler_metrics num_static_constructors opt valgrind,,77,,,,1700482711,2023-05-25 06:53:28,155.0,ee3230b1fe26e5521d07465dcab71e75d586e422,1246434,,,,,,,,,,,,,,,,,,,,,,,,,,,,,,,,,,,,,,,,,,,,,,,,,,TN,,,,,,,,,,
autoland,3646670,2,6311658df04f8b9dab1d842cf1ddc69e83bd8127,linux64-qr,,False,,,102210fe594ee9b33d82058545b1ed14f4c8206e,num_static_constructors,compiler_metrics,True,compiler_metrics num_static_constructors opt valgrind,,77,,,,1700493896,2023-05-25 06:53:28,155.0,ee3230b1fe26e5521d07465dcab71e75d586e422,1246434,,,,,,,,,,,,,,,,,,,,,,,,,,,,,,,,,,,,,,,,,,,,,,,,,,TN,,,,,,,,,,
autoland,3646670,2,6311658df04f8b9dab1d842cf1ddc69e83bd8127,linux64-qr,,False,,,102210fe594ee9b33d82058545b1ed14f4c8206e,num_static_constructors,compiler_metrics,True,compiler_metrics num_static_constructors opt valgrind,,77,,,,1700461232,2023-05-25 07:22:13,155.0,0fa1a00d99cad6800f243b00178be93e7d33eb57,1246451,,,,,,,,,,,,,,,,,,,,,,,,,,,,,,,,,,,,,,,,,,,,,,,,,,TN,,,,,,,,,,
autoland,3646670,2,6311658df04f8b9dab1d842cf1ddc69e83bd8127,linux64-qr,,False,,,102210fe594ee9b33d82058545b1ed14f4c8206e,num_static_constructors,compiler_metrics,True,compiler_metrics num_static_constructors opt valgrind,,77,,,,1700489021,2023-05-25 09:03:58,155.0,0cd7e9f3c07773af459b1d5676b4f14a1a4c2844,1246517,,,,,,,,,,,,,,,,,,,,,,,,,,,,,,,,,,,,,,,,,,,,,,,,,,TN,,,,,,,,,,
autoland,3646670,2,6311658df04f8b9dab1d842cf1ddc69e83bd8127,linux64-qr,,False,,,102210fe594ee9b33d82058545b1ed14f4c8206e,num_static_constructors,compiler_metrics,True,compiler_metrics num_static_constructors opt valgrind,,77,,,,1700513382,2023-05-25 09:03:58,155.0,0cd7e9f3c07773af459b1d5676b4f14a1a4c2844,1246517,,,,,,,,,,,,,,,,,,,,,,,,,,,,,,,,,,,,,,,,,,,,,,,,,,TN,,,,,,,,,,
autoland,3646670,2,6311658df04f8b9dab1d842cf1ddc69e83bd8127,linux64-qr,,False,,,102210fe594ee9b33d82058545b1ed14f4c8206e,num_static_constructors,compiler_metrics,True,compiler_metrics num_static_constructors opt valgrind,,77,,,,1700545427,2023-05-25 09:03:58,155.0,0cd7e9f3c07773af459b1d5676b4f14a1a4c2844,1246517,,,,,,,,,,,,,,,,,,,,,,,,,,,,,,,,,,,,,,,,,,,,,,,,,,TN,,,,,,,,,,
autoland,3646670,2,6311658df04f8b9dab1d842cf1ddc69e83bd8127,linux64-qr,,False,,,102210fe594ee9b33d82058545b1ed14f4c8206e,num_static_constructors,compiler_metrics,True,compiler_metrics num_static_constructors opt valgrind,,77,,,,1700564195,2023-05-25 11:28:17,155.0,d90c1f37644ab2ae5d4a7c52831daef450c897e0,1246604,,,,,,,,,,,,,,,,,,,,,,,,,,,,,,,,,,,,,,,,,,,,,,,,,,TN,,,,,,,,,,
autoland,3646670,2,6311658df04f8b9dab1d842cf1ddc69e83bd8127,linux64-qr,,False,,,102210fe594ee9b33d82058545b1ed14f4c8206e,num_static_constructors,compiler_metrics,True,compiler_metrics num_static_constructors opt valgrind,,77,,,,1700612339,2023-05-25 13:17:19,155.0,09f3ed0c8776aaa707aab014022efa3a16e01a6e,1246661,,,,,,,,,,,,,,,,,,,,,,,,,,,,,,,,,,,,,,,,,,,,,,,,,,TN,,,,,,,,,,
autoland,3646670,2,6311658df04f8b9dab1d842cf1ddc69e83bd8127,linux64-qr,,False,,,102210fe594ee9b33d82058545b1ed14f4c8206e,num_static_constructors,compiler_metrics,True,compiler_metrics num_static_constructors opt valgrind,,77,,,,1700634472,2023-05-25 13:17:19,155.0,09f3ed0c8776aaa707aab014022efa3a16e01a6e,1246661,,,,,,,,,,,,,,,,,,,,,,,,,,,,,,,,,,,,,,,,,,,,,,,,,,TN,,,,,,,,,,
autoland,3646670,2,6311658df04f8b9dab1d842cf1ddc69e83bd8127,linux64-qr,,False,,,102210fe594ee9b33d82058545b1ed14f4c8206e,num_static_constructors,compiler_metrics,True,compiler_metrics num_static_constructors opt valgrind,,77,,,,1700666894,2023-05-25 13:17:19,155.0,09f3ed0c8776aaa707aab014022efa3a16e01a6e,1246661,,,,,,,,,,,,,,,,,,,,,,,,,,,,,,,,,,,,,,,,,,,,,,,,,,TN,,,,,,,,,,
autoland,3646670,2,6311658df04f8b9dab1d842cf1ddc69e83bd8127,linux64-qr,,False,,,102210fe594ee9b33d82058545b1ed14f4c8206e,num_static_constructors,compiler_metrics,True,compiler_metrics num_static_constructors opt valgrind,,77,,,,1700679277,2023-05-25 13:17:19,155.0,09f3ed0c8776aaa707aab014022efa3a16e01a6e,1246661,,,,,,,,,,,,,,,,,,,,,,,,,,,,,,,,,,,,,,,,,,,,,,,,,,TN,,,,,,,,,,
autoland,3646670,2,6311658df04f8b9dab1d842cf1ddc69e83bd8127,linux64-qr,,False,,,102210fe594ee9b33d82058545b1ed14f4c8206e,num_static_constructors,compiler_metrics,True,compiler_metrics num_static_constructors opt valgrind,,77,,,,1700694714,2023-05-25 13:17:19,155.0,09f3ed0c8776aaa707aab014022efa3a16e01a6e,1246661,,,,,,,,,,,,,,,,,,,,,,,,,,,,,,,,,,,,,,,,,,,,,,,,,,TN,,,,,,,,,,
autoland,3646670,2,6311658df04f8b9dab1d842cf1ddc69e83bd8127,linux64-qr,,False,,,102210fe594ee9b33d82058545b1ed14f4c8206e,num_static_constructors,compiler_metrics,True,compiler_metrics num_static_constructors opt valgrind,,77,,,,1700615004,2023-05-25 13:25:13,155.0,6e07dad252683bcc1ed82d6a973adda9b490af1f,1246670,,,,,,,,,,,,,,,,,,,,,,,,,,,,,,,,,,,,,,,,,,,,,,,,,,TN,,,,,,,,,,
autoland,3646670,2,6311658df04f8b9dab1d842cf1ddc69e83bd8127,linux64-qr,,False,,,102210fe594ee9b33d82058545b1ed14f4c8206e,num_static_constructors,compiler_metrics,True,compiler_metrics num_static_constructors opt valgrind,,77,,,,1700671698,2023-05-25 15:19:24,155.0,895d9ffe6269bcd7fcd19a447d765d35055fb554,1246768,,,,,,,,,,,,,,,,,,,,,,,,,,,,,,,,,,,,,,,,,,,,,,,,,,TN,,,,,,,,,,
autoland,3646670,2,6311658df04f8b9dab1d842cf1ddc69e83bd8127,linux64-qr,,False,,,102210fe594ee9b33d82058545b1ed14f4c8206e,num_static_constructors,compiler_metrics,True,compiler_metrics num_static_constructors opt valgrind,,77,,,,1700683188,2023-05-25 15:19:24,155.0,895d9ffe6269bcd7fcd19a447d765d35055fb554,1246768,,,,,,,,,,,,,,,,,,,,,,,,,,,,,,,,,,,,,,,,,,,,,,,,,,TN,,,,,,,,,,
autoland,3646670,2,6311658df04f8b9dab1d842cf1ddc69e83bd8127,linux64-qr,,False,,,102210fe594ee9b33d82058545b1ed14f4c8206e,num_static_constructors,compiler_metrics,True,compiler_metrics num_static_constructors opt valgrind,,77,,,,1700709348,2023-05-25 15:19:24,155.0,895d9ffe6269bcd7fcd19a447d765d35055fb554,1246768,,,,,,,,,,,,,,,,,,,,,,,,,,,,,,,,,,,,,,,,,,,,,,,,,,TN,,,,,,,,,,
autoland,3646670,2,6311658df04f8b9dab1d842cf1ddc69e83bd8127,linux64-qr,,False,,,102210fe594ee9b33d82058545b1ed14f4c8206e,num_static_constructors,compiler_metrics,True,compiler_metrics num_static_constructors opt valgrind,,77,,,,1700749568,2023-05-25 15:19:24,155.0,895d9ffe6269bcd7fcd19a447d765d35055fb554,1246768,,,,,,,,,,,,,,,,,,,,,,,,,,,,,,,,,,,,,,,,,,,,,,,,,,TN,,,,,,,,,,
autoland,3646670,2,6311658df04f8b9dab1d842cf1ddc69e83bd8127,linux64-qr,,False,,,102210fe594ee9b33d82058545b1ed14f4c8206e,num_static_constructors,compiler_metrics,True,compiler_metrics num_static_constructors opt valgrind,,77,,,,1700750453,2023-05-25 15:19:24,155.0,895d9ffe6269bcd7fcd19a447d765d35055fb554,1246768,,,,,,,,,,,,,,,,,,,,,,,,,,,,,,,,,,,,,,,,,,,,,,,,,,TN,,,,,,,,,,
autoland,3646670,2,6311658df04f8b9dab1d842cf1ddc69e83bd8127,linux64-qr,,False,,,102210fe594ee9b33d82058545b1ed14f4c8206e,num_static_constructors,compiler_metrics,True,compiler_metrics num_static_constructors opt valgrind,,77,,,,1700702654,2023-05-25 17:00:24,155.0,4971297a8917c4ce5f9136ebb0c82cde74eb50c4,1246837,,,,,,,,,,,,,,,,,,,,,,,,,,,,,,,,,,,,,,,,,,,,,,,,,,TN,,,,,,,,,,
autoland,3646670,2,6311658df04f8b9dab1d842cf1ddc69e83bd8127,linux64-qr,,False,,,102210fe594ee9b33d82058545b1ed14f4c8206e,num_static_constructors,compiler_metrics,True,compiler_metrics num_static_constructors opt valgrind,,77,,,,1700761715,2023-05-25 18:25:02,155.0,40ab75e2a8b4cc21529dbfa2ad7d0ff5be4f8120,1246915,,,,,,,,,,,,,,,,,,,,,,,,,,,,,,,,,,,,,,,,,,,,,,,,,,TN,,,,,,,,,,
autoland,3646670,2,6311658df04f8b9dab1d842cf1ddc69e83bd8127,linux64-qr,,False,,,102210fe594ee9b33d82058545b1ed14f4c8206e,num_static_constructors,compiler_metrics,True,compiler_metrics num_static_constructors opt valgrind,,77,,,,1700790705,2023-05-25 18:25:02,155.0,40ab75e2a8b4cc21529dbfa2ad7d0ff5be4f8120,1246915,,,,,,,,,,,,,,,,,,,,,,,,,,,,,,,,,,,,,,,,,,,,,,,,,,TN,,,,,,,,,,
autoland,3646670,2,6311658df04f8b9dab1d842cf1ddc69e83bd8127,linux64-qr,,False,,,102210fe594ee9b33d82058545b1ed14f4c8206e,num_static_constructors,compiler_metrics,True,compiler_metrics num_static_constructors opt valgrind,,77,,,,1700878322,2023-05-25 20:49:35,155.0,6d91b4ed2bb8fbe97d7f5fcf7cad0e6f2bb6ad2f,1247021,,,,,,,,,,,,,,,,,,,,,,,,,,,,,,,,,,,,,,,,,,,,,,,,,,TN,,,,,,,,,,
autoland,3646670,2,6311658df04f8b9dab1d842cf1ddc69e83bd8127,linux64-qr,,False,,,102210fe594ee9b33d82058545b1ed14f4c8206e,num_static_constructors,compiler_metrics,True,compiler_metrics num_static_constructors opt valgrind,,77,,,,1702242210,2023-05-25 22:28:16,155.0,2a4a5c3dd88ce756d0e7e98aeac2d277aa0a001e,1247107,,,,,,,,,,,,,,,,,,,,,,,,,,,,,,,,,,,,,,,,,,,,,,,,,,TN,,,,,,,,,,
autoland,3646670,2,6311658df04f8b9dab1d842cf1ddc69e83bd8127,linux64-qr,,False,,,102210fe594ee9b33d82058545b1ed14f4c8206e,num_static_constructors,compiler_metrics,True,compiler_metrics num_static_constructors opt valgrind,,77,,,,1702242330,2023-05-25 22:28:16,155.0,2a4a5c3dd88ce756d0e7e98aeac2d277aa0a001e,1247107,,,,,,,,,,,,,,,,,,,,,,,,,,,,,,,,,,,,,,,,,,,,,,,,,,TN,,,,,,,,,,
autoland,3646670,2,6311658df04f8b9dab1d842cf1ddc69e83bd8127,linux64-qr,,False,,,102210fe594ee9b33d82058545b1ed14f4c8206e,num_static_constructors,compiler_metrics,True,compiler_metrics num_static_constructors opt valgrind,,77,,,,1702242466,2023-05-25 22:28:16,155.0,2a4a5c3dd88ce756d0e7e98aeac2d277aa0a001e,1247107,,,,,,,,,,,,,,,,,,,,,,,,,,,,,,,,,,,,,,,,,,,,,,,,,,TN,,,,,,,,,,
autoland,3646670,2,6311658df04f8b9dab1d842cf1ddc69e83bd8127,linux64-qr,,False,,,102210fe594ee9b33d82058545b1ed14f4c8206e,num_static_constructors,compiler_metrics,True,compiler_metrics num_static_constructors opt valgrind,,77,,,,1702242495,2023-05-25 22:28:16,155.0,2a4a5c3dd88ce756d0e7e98aeac2d277aa0a001e,1247107,,,,,,,,,,,,,,,,,,,,,,,,,,,,,,,,,,,,,,,,,,,,,,,,,,TN,,,,,,,,,,
autoland,3646670,2,6311658df04f8b9dab1d842cf1ddc69e83bd8127,linux64-qr,,False,,,102210fe594ee9b33d82058545b1ed14f4c8206e,num_static_constructors,compiler_metrics,True,compiler_metrics num_static_constructors opt valgrind,,77,,,,1702242611,2023-05-25 22:28:16,155.0,2a4a5c3dd88ce756d0e7e98aeac2d277aa0a001e,1247107,,,,,,,,,,,,,,,,,,,,,,,,,,,,,,,,,,,,,,,,,,,,,,,,,,TN,,,,,,,,,,
autoland,3646670,2,6311658df04f8b9dab1d842cf1ddc69e83bd8127,linux64-qr,,False,,,102210fe594ee9b33d82058545b1ed14f4c8206e,num_static_constructors,compiler_metrics,True,compiler_metrics num_static_constructors opt valgrind,,77,,,,1702244393,2023-05-25 22:33:12,155.0,acf9b0ad85cc2a85c718ec45e49dd57527f60f4f,1247112,,,,,,,,,,,,,,,,,,,,,,,,,,,,,,,,,,,,,,,,,,,,,,,,,,TN,,,,,,,,,,
autoland,3646670,2,6311658df04f8b9dab1d842cf1ddc69e83bd8127,linux64-qr,,False,,,102210fe594ee9b33d82058545b1ed14f4c8206e,num_static_constructors,compiler_metrics,True,compiler_metrics num_static_constructors opt valgrind,,77,,,,1702245203,2023-05-25 22:33:12,155.0,acf9b0ad85cc2a85c718ec45e49dd57527f60f4f,1247112,,,,,,,,,,,,,,,,,,,,,,,,,,,,,,,,,,,,,,,,,,,,,,,,,,TN,,,,,,,,,,
autoland,3646670,2,6311658df04f8b9dab1d842cf1ddc69e83bd8127,linux64-qr,,False,,,102210fe594ee9b33d82058545b1ed14f4c8206e,num_static_constructors,compiler_metrics,True,compiler_metrics num_static_constructors opt valgrind,,77,,,,1702244173,2023-05-25 22:33:12,155.0,acf9b0ad85cc2a85c718ec45e49dd57527f60f4f,1247112,,,,,,,,,,,,,,,,,,,,,,,,,,,,,,,,,,,,,,,,,,,,,,,,,,TN,,,,,,,,,,
autoland,3646670,2,6311658df04f8b9dab1d842cf1ddc69e83bd8127,linux64-qr,,False,,,102210fe594ee9b33d82058545b1ed14f4c8206e,num_static_constructors,compiler_metrics,True,compiler_metrics num_static_constructors opt valgrind,,77,,,,1702246625,2023-05-25 22:33:12,155.0,acf9b0ad85cc2a85c718ec45e49dd57527f60f4f,1247112,,,,,,,,,,,,,,,,,,,,,,,,,,,,,,,,,,,,,,,,,,,,,,,,,,TN,,,,,,,,,,
autoland,3646670,2,6311658df04f8b9dab1d842cf1ddc69e83bd8127,linux64-qr,,False,,,102210fe594ee9b33d82058545b1ed14f4c8206e,num_static_constructors,compiler_metrics,True,compiler_metrics num_static_constructors opt valgrind,,77,,,,1702244437,2023-05-25 22:33:12,155.0,acf9b0ad85cc2a85c718ec45e49dd57527f60f4f,1247112,,,,,,,,,,,,,,,,,,,,,,,,,,,,,,,,,,,,,,,,,,,,,,,,,,TN,,,,,,,,,,
autoland,3646670,2,6311658df04f8b9dab1d842cf1ddc69e83bd8127,linux64-qr,,False,,,102210fe594ee9b33d82058545b1ed14f4c8206e,num_static_constructors,compiler_metrics,True,compiler_metrics num_static_constructors opt valgrind,,77,,,,1700935668,2023-05-25 22:34:16,155.0,c49edd998af9a5b4552a4468db2eaef267147bbd,1247113,,,,,,,,,,,,,,,,,,,,,,,,,,,,,,,,,,,,,,,,,,,,,,,,,,TN,,,,,,,,,,
autoland,3646670,2,6311658df04f8b9dab1d842cf1ddc69e83bd8127,linux64-qr,,False,,,102210fe594ee9b33d82058545b1ed14f4c8206e,num_static_constructors,compiler_metrics,True,compiler_metrics num_static_constructors opt valgrind,,77,,,,1702241966,2023-05-25 22:34:16,155.0,c49edd998af9a5b4552a4468db2eaef267147bbd,1247113,,,,,,,,,,,,,,,,,,,,,,,,,,,,,,,,,,,,,,,,,,,,,,,,,,TN,,,,,,,,,,
autoland,3646670,2,6311658df04f8b9dab1d842cf1ddc69e83bd8127,linux64-qr,,False,,,102210fe594ee9b33d82058545b1ed14f4c8206e,num_static_constructors,compiler_metrics,True,compiler_metrics num_static_constructors opt valgrind,,77,,,,1702241996,2023-05-25 22:34:16,155.0,c49edd998af9a5b4552a4468db2eaef267147bbd,1247113,,,,,,,,,,,,,,,,,,,,,,,,,,,,,,,,,,,,,,,,,,,,,,,,,,TN,,,,,,,,,,
autoland,3646670,2,6311658df04f8b9dab1d842cf1ddc69e83bd8127,linux64-qr,,False,,,102210fe594ee9b33d82058545b1ed14f4c8206e,num_static_constructors,compiler_metrics,True,compiler_metrics num_static_constructors opt valgrind,,77,,,,1702244340,2023-05-25 22:34:16,155.0,c49edd998af9a5b4552a4468db2eaef267147bbd,1247113,,,,,,,,,,,,,,,,,,,,,,,,,,,,,,,,,,,,,,,,,,,,,,,,,,TN,,,,,,,,,,
autoland,3646670,2,6311658df04f8b9dab1d842cf1ddc69e83bd8127,linux64-qr,,False,,,102210fe594ee9b33d82058545b1ed14f4c8206e,num_static_constructors,compiler_metrics,True,compiler_metrics num_static_constructors opt valgrind,,77,,,,1702241717,2023-05-25 22:34:16,155.0,c49edd998af9a5b4552a4468db2eaef267147bbd,1247113,,,,,,,,,,,,,,,,,,,,,,,,,,,,,,,,,,,,,,,,,,,,,,,,,,TN,,,,,,,,,,
autoland,3646670,2,6311658df04f8b9dab1d842cf1ddc69e83bd8127,linux64-qr,,False,,,102210fe594ee9b33d82058545b1ed14f4c8206e,num_static_constructors,compiler_metrics,True,compiler_metrics num_static_constructors opt valgrind,,77,,,,1702241878,2023-05-25 22:34:16,155.0,c49edd998af9a5b4552a4468db2eaef267147bbd,1247113,,,,,,,,,,,,,,,,,,,,,,,,,,,,,,,,,,,,,,,,,,,,,,,,,,TN,,,,,,,,,,
autoland,3646670,2,6311658df04f8b9dab1d842cf1ddc69e83bd8127,linux64-qr,,False,,,102210fe594ee9b33d82058545b1ed14f4c8206e,num_static_constructors,compiler_metrics,True,compiler_metrics num_static_constructors opt valgrind,,77,,,,1701594400,2023-05-25 22:35:05,155.0,aacd89e0e6d225990c6e1cf431a38a50992f2b33,1247114,,,,,,,,,,,,,,,,,,,,,,,,,,,,,,,,,,,,,,,,,,,,,,,,,,TN,,,,,,,,,,
autoland,3646670,2,6311658df04f8b9dab1d842cf1ddc69e83bd8127,linux64-qr,,False,,,102210fe594ee9b33d82058545b1ed14f4c8206e,num_static_constructors,compiler_metrics,True,compiler_metrics num_static_constructors opt valgrind,,77,,,,1702241748,2023-05-25 22:35:05,155.0,aacd89e0e6d225990c6e1cf431a38a50992f2b33,1247114,,,,,,,,,,,,,,,,,,,,,,,,,,,,,,,,,,,,,,,,,,,,,,,,,,TN,,,,,,,,,,
autoland,3646670,2,6311658df04f8b9dab1d842cf1ddc69e83bd8127,linux64-qr,,False,,,102210fe594ee9b33d82058545b1ed14f4c8206e,num_static_constructors,compiler_metrics,True,compiler_metrics num_static_constructors opt valgrind,,77,,,,1702241494,2023-05-25 22:35:05,155.0,aacd89e0e6d225990c6e1cf431a38a50992f2b33,1247114,,,,,,,,,,,,,,,,,,,,,,,,,,,,,,,,,,,,,,,,,,,,,,,,,,TN,,,,,,,,,,
autoland,3646670,2,6311658df04f8b9dab1d842cf1ddc69e83bd8127,linux64-qr,,False,,,102210fe594ee9b33d82058545b1ed14f4c8206e,num_static_constructors,compiler_metrics,True,compiler_metrics num_static_constructors opt valgrind,,77,,,,1702241573,2023-05-25 22:35:05,155.0,aacd89e0e6d225990c6e1cf431a38a50992f2b33,1247114,,,,,,,,,,,,,,,,,,,,,,,,,,,,,,,,,,,,,,,,,,,,,,,,,,TN,,,,,,,,,,
autoland,3646670,2,6311658df04f8b9dab1d842cf1ddc69e83bd8127,linux64-qr,,False,,,102210fe594ee9b33d82058545b1ed14f4c8206e,num_static_constructors,compiler_metrics,True,compiler_metrics num_static_constructors opt valgrind,,77,,,,1702241628,2023-05-25 22:35:05,155.0,aacd89e0e6d225990c6e1cf431a38a50992f2b33,1247114,,,,,,,,,,,,,,,,,,,,,,,,,,,,,,,,,,,,,,,,,,,,,,,,,,TN,,,,,,,,,,
autoland,3646670,2,6311658df04f8b9dab1d842cf1ddc69e83bd8127,linux64-qr,,False,,,102210fe594ee9b33d82058545b1ed14f4c8206e,num_static_constructors,compiler_metrics,True,compiler_metrics num_static_constructors opt valgrind,,77,,,,1702243545,2023-05-25 22:35:05,155.0,aacd89e0e6d225990c6e1cf431a38a50992f2b33,1247114,,,,,,,,,,,,,,,,,,,,,,,,,,,,,,,,,,,,,,,,,,,,,,,,,,TN,,,,,,,,,,
autoland,3646670,2,6311658df04f8b9dab1d842cf1ddc69e83bd8127,linux64-qr,,False,,,102210fe594ee9b33d82058545b1ed14f4c8206e,num_static_constructors,compiler_metrics,True,compiler_metrics num_static_constructors opt valgrind,,77,,,,1701595013,2023-05-25 23:51:01,155.0,aa71b370170e8e1e97424092248ad3032166bdba,1247148,,,,,,,,,,,,,,,,,,,,,,,,,,,,,,,,,,,,,,,,,,,,,,,,,,TN,,,,,,,,,,
autoland,3646670,2,6311658df04f8b9dab1d842cf1ddc69e83bd8127,linux64-qr,,False,,,102210fe594ee9b33d82058545b1ed14f4c8206e,num_static_constructors,compiler_metrics,True,compiler_metrics num_static_constructors opt valgrind,,77,,,,1702242240,2023-05-25 23:51:01,155.0,aa71b370170e8e1e97424092248ad3032166bdba,1247148,,,,,,,,,,,,,,,,,,,,,,,,,,,,,,,,,,,,,,,,,,,,,,,,,,TN,,,,,,,,,,
autoland,3646670,2,6311658df04f8b9dab1d842cf1ddc69e83bd8127,linux64-qr,,False,,,102210fe594ee9b33d82058545b1ed14f4c8206e,num_static_constructors,compiler_metrics,True,compiler_metrics num_static_constructors opt valgrind,,77,,,,1702240811,2023-05-25 23:51:01,155.0,aa71b370170e8e1e97424092248ad3032166bdba,1247148,,,,,,,,,,,,,,,,,,,,,,,,,,,,,,,,,,,,,,,,,,,,,,,,,,TN,,,,,,,,,,
autoland,3646670,2,6311658df04f8b9dab1d842cf1ddc69e83bd8127,linux64-qr,,False,,,102210fe594ee9b33d82058545b1ed14f4c8206e,num_static_constructors,compiler_metrics,True,compiler_metrics num_static_constructors opt valgrind,,77,,,,1702240552,2023-05-25 23:51:01,155.0,aa71b370170e8e1e97424092248ad3032166bdba,1247148,,,,,,,,,,,,,,,,,,,,,,,,,,,,,,,,,,,,,,,,,,,,,,,,,,TN,,,,,,,,,,
autoland,3646670,2,6311658df04f8b9dab1d842cf1ddc69e83bd8127,linux64-qr,,False,,,102210fe594ee9b33d82058545b1ed14f4c8206e,num_static_constructors,compiler_metrics,True,compiler_metrics num_static_constructors opt valgrind,,77,,,,1702240782,2023-05-25 23:51:01,155.0,aa71b370170e8e1e97424092248ad3032166bdba,1247148,,,,,,,,,,,,,,,,,,,,,,,,,,,,,,,,,,,,,,,,,,,,,,,,,,TN,,,,,,,,,,
autoland,3646670,2,6311658df04f8b9dab1d842cf1ddc69e83bd8127,linux64-qr,,False,,,102210fe594ee9b33d82058545b1ed14f4c8206e,num_static_constructors,compiler_metrics,True,compiler_metrics num_static_constructors opt valgrind,,77,,,,1702240487,2023-05-25 23:51:01,155.0,aa71b370170e8e1e97424092248ad3032166bdba,1247148,,,,,,,,,,,,,,,,,,,,,,,,,,,,,,,,,,,,,,,,,,,,,,,,,,TN,,,,,,,,,,
autoland,3646670,2,6311658df04f8b9dab1d842cf1ddc69e83bd8127,linux64-qr,,False,,,102210fe594ee9b33d82058545b1ed14f4c8206e,num_static_constructors,compiler_metrics,True,compiler_metrics num_static_constructors opt valgrind,,77,,,,1701594701,2023-05-26 00:15:32,155.0,4cfea48018be8790cfe9ff7dffd92771b1c57459,1247163,,,,,,,,,,,,,,,,,,,,,,,,,,,,,,,,,,,,,,,,,,,,,,,,,,TN,,,,,,,,,,
autoland,3646670,2,6311658df04f8b9dab1d842cf1ddc69e83bd8127,linux64-qr,,False,,,102210fe594ee9b33d82058545b1ed14f4c8206e,num_static_constructors,compiler_metrics,True,compiler_metrics num_static_constructors opt valgrind,,77,,,,1701595261,2023-05-26 00:15:32,155.0,4cfea48018be8790cfe9ff7dffd92771b1c57459,1247163,,,,,,,,,,,,,,,,,,,,,,,,,,,,,,,,,,,,,,,,,,,,,,,,,,TN,,,,,,,,,,
autoland,3646670,2,6311658df04f8b9dab1d842cf1ddc69e83bd8127,linux64-qr,,False,,,102210fe594ee9b33d82058545b1ed14f4c8206e,num_static_constructors,compiler_metrics,True,compiler_metrics num_static_constructors opt valgrind,,77,,,,1702240696,2023-05-26 00:15:32,155.0,4cfea48018be8790cfe9ff7dffd92771b1c57459,1247163,,,,,,,,,,,,,,,,,,,,,,,,,,,,,,,,,,,,,,,,,,,,,,,,,,TN,,,,,,,,,,
autoland,3646670,2,6311658df04f8b9dab1d842cf1ddc69e83bd8127,linux64-qr,,False,,,102210fe594ee9b33d82058545b1ed14f4c8206e,num_static_constructors,compiler_metrics,True,compiler_metrics num_static_constructors opt valgrind,,77,,,,1702243075,2023-05-26 00:15:32,155.0,4cfea48018be8790cfe9ff7dffd92771b1c57459,1247163,,,,,,,,,,,,,,,,,,,,,,,,,,,,,,,,,,,,,,,,,,,,,,,,,,TN,,,,,,,,,,
autoland,3646670,2,6311658df04f8b9dab1d842cf1ddc69e83bd8127,linux64-qr,,False,,,102210fe594ee9b33d82058545b1ed14f4c8206e,num_static_constructors,compiler_metrics,True,compiler_metrics num_static_constructors opt valgrind,,77,,,,1702242437,2023-05-26 00:15:32,155.0,4cfea48018be8790cfe9ff7dffd92771b1c57459,1247163,,,,,,,,,,,,,,,,,,,,,,,,,,,,,,,,,,,,,,,,,,,,,,,,,,TN,,,,,,,,,,
autoland,3646670,2,6311658df04f8b9dab1d842cf1ddc69e83bd8127,linux64-qr,,False,,,102210fe594ee9b33d82058545b1ed14f4c8206e,num_static_constructors,compiler_metrics,True,compiler_metrics num_static_constructors opt valgrind,,77,,,,1702242560,2023-05-26 00:15:32,155.0,4cfea48018be8790cfe9ff7dffd92771b1c57459,1247163,,,,,,,,,,,,,,,,,,,,,,,,,,,,,,,,,,,,,,,,,,,,,,,,,,TN,,,,,,,,,,
autoland,3646670,2,6311658df04f8b9dab1d842cf1ddc69e83bd8127,linux64-qr,,False,,,102210fe594ee9b33d82058545b1ed14f4c8206e,num_static_constructors,compiler_metrics,True,compiler_metrics num_static_constructors opt valgrind,,77,,,,1702245884,2023-05-26 00:15:32,155.0,4cfea48018be8790cfe9ff7dffd92771b1c57459,1247163,,,,,,,,,,,,,,,,,,,,,,,,,,,,,,,,,,,,,,,,,,,,,,,,,,TN,,,,,,,,,,
autoland,3646670,2,6311658df04f8b9dab1d842cf1ddc69e83bd8127,linux64-qr,,False,,,102210fe594ee9b33d82058545b1ed14f4c8206e,num_static_constructors,compiler_metrics,True,compiler_metrics num_static_constructors opt valgrind,,77,,,,1701596182,2023-05-26 00:16:21,155.0,c4e6e3b4492898d738ece58f23393763d7b513e5,1247164,,,,,,,,,,,,,,,,,,,,,,,,,,,,,,,,,,,,,,,,,,,,,,,,,,TN,,,,,,,,,,
autoland,3646670,2,6311658df04f8b9dab1d842cf1ddc69e83bd8127,linux64-qr,,False,,,102210fe594ee9b33d82058545b1ed14f4c8206e,num_static_constructors,compiler_metrics,True,compiler_metrics num_static_constructors opt valgrind,,77,,,,1701597956,2023-05-26 00:16:21,155.0,c4e6e3b4492898d738ece58f23393763d7b513e5,1247164,,,,,,,,,,,,,,,,,,,,,,,,,,,,,,,,,,,,,,,,,,,,,,,,,,TN,,,,,,,,,,
autoland,3646670,2,6311658df04f8b9dab1d842cf1ddc69e83bd8127,linux64-qr,,False,,,102210fe594ee9b33d82058545b1ed14f4c8206e,num_static_constructors,compiler_metrics,True,compiler_metrics num_static_constructors opt valgrind,,77,,,,1702241001,2023-05-26 00:16:21,155.0,c4e6e3b4492898d738ece58f23393763d7b513e5,1247164,,,,,,,,,,,,,,,,,,,,,,,,,,,,,,,,,,,,,,,,,,,,,,,,,,TN,,,,,,,,,,
autoland,3646670,2,6311658df04f8b9dab1d842cf1ddc69e83bd8127,linux64-qr,,False,,,102210fe594ee9b33d82058545b1ed14f4c8206e,num_static_constructors,compiler_metrics,True,compiler_metrics num_static_constructors opt valgrind,,77,,,,1702240742,2023-05-26 00:16:21,155.0,c4e6e3b4492898d738ece58f23393763d7b513e5,1247164,,,,,,,,,,,,,,,,,,,,,,,,,,,,,,,,,,,,,,,,,,,,,,,,,,TN,,,,,,,,,,
autoland,3646670,2,6311658df04f8b9dab1d842cf1ddc69e83bd8127,linux64-qr,,False,,,102210fe594ee9b33d82058545b1ed14f4c8206e,num_static_constructors,compiler_metrics,True,compiler_metrics num_static_constructors opt valgrind,,77,,,,1702240882,2023-05-26 00:16:21,155.0,c4e6e3b4492898d738ece58f23393763d7b513e5,1247164,,,,,,,,,,,,,,,,,,,,,,,,,,,,,,,,,,,,,,,,,,,,,,,,,,TN,,,,,,,,,,
autoland,3646670,2,6311658df04f8b9dab1d842cf1ddc69e83bd8127,linux64-qr,,False,,,102210fe594ee9b33d82058545b1ed14f4c8206e,num_static_constructors,compiler_metrics,True,compiler_metrics num_static_constructors opt valgrind,,77,,,,1702240521,2023-05-26 00:16:21,155.0,c4e6e3b4492898d738ece58f23393763d7b513e5,1247164,,,,,,,,,,,,,,,,,,,,,,,,,,,,,,,,,,,,,,,,,,,,,,,,,,TN,,,,,,,,,,
autoland,3646670,2,6311658df04f8b9dab1d842cf1ddc69e83bd8127,linux64-qr,,False,,,102210fe594ee9b33d82058545b1ed14f4c8206e,num_static_constructors,compiler_metrics,True,compiler_metrics num_static_constructors opt valgrind,,77,,,,1702240656,2023-05-26 00:16:21,155.0,c4e6e3b4492898d738ece58f23393763d7b513e5,1247164,,,,,,,,,,,,,,,,,,,,,,,,,,,,,,,,,,,,,,,,,,,,,,,,,,TN,,,,,,,,,,
autoland,3646670,2,6311658df04f8b9dab1d842cf1ddc69e83bd8127,linux64-qr,,False,,,102210fe594ee9b33d82058545b1ed14f4c8206e,num_static_constructors,compiler_metrics,True,compiler_metrics num_static_constructors opt valgrind,,77,,,,1701598066,2023-05-26 00:17:17,158.0,419be14a6b2616f347b660caaa4e6d1cc341e940,1247165,,,,,,,,,,,,,,,,,,,,,,,,,,,,,,,,,,,,,,,,,,,,,,,,,,TN,,,,,,,,,,
autoland,3646670,2,6311658df04f8b9dab1d842cf1ddc69e83bd8127,linux64-qr,,False,,,102210fe594ee9b33d82058545b1ed14f4c8206e,num_static_constructors,compiler_metrics,True,compiler_metrics num_static_constructors opt valgrind,,77,,,,1702244471,2023-05-26 00:17:17,158.0,419be14a6b2616f347b660caaa4e6d1cc341e940,1247165,,,,,,,,,,,,,,,,,,,,,,,,,,,,,,,,,,,,,,,,,,,,,,,,,,TN,,,,,,,,,,
autoland,3646670,2,6311658df04f8b9dab1d842cf1ddc69e83bd8127,linux64-qr,,False,,,102210fe594ee9b33d82058545b1ed14f4c8206e,num_static_constructors,compiler_metrics,True,compiler_metrics num_static_constructors opt valgrind,,77,,,,1702242325,2023-05-26 00:17:17,158.0,419be14a6b2616f347b660caaa4e6d1cc341e940,1247165,,,,,,,,,,,,,,,,,,,,,,,,,,,,,,,,,,,,,,,,,,,,,,,,,,TN,,,,,,,,,,
autoland,3646670,2,6311658df04f8b9dab1d842cf1ddc69e83bd8127,linux64-qr,,False,,,102210fe594ee9b33d82058545b1ed14f4c8206e,num_static_constructors,compiler_metrics,True,compiler_metrics num_static_constructors opt valgrind,,77,,,,1702242526,2023-05-26 00:17:17,158.0,419be14a6b2616f347b660caaa4e6d1cc341e940,1247165,,,,,,,,,,,,,,,,,,,,,,,,,,,,,,,,,,,,,,,,,,,,,,,,,,TN,,,,,,,,,,
autoland,3646670,2,6311658df04f8b9dab1d842cf1ddc69e83bd8127,linux64-qr,,False,,,102210fe594ee9b33d82058545b1ed14f4c8206e,num_static_constructors,compiler_metrics,True,compiler_metrics num_static_constructors opt valgrind,,77,,,,1702245980,2023-05-26 00:17:17,158.0,419be14a6b2616f347b660caaa4e6d1cc341e940,1247165,,,,,,,,,,,,,,,,,,,,,,,,,,,,,,,,,,,,,,,,,,,,,,,,,,TN,,,,,,,,,,
autoland,3646670,2,6311658df04f8b9dab1d842cf1ddc69e83bd8127,linux64-qr,,False,,,102210fe594ee9b33d82058545b1ed14f4c8206e,num_static_constructors,compiler_metrics,True,compiler_metrics num_static_constructors opt valgrind,,77,,,,1702246107,2023-05-26 00:17:17,158.0,419be14a6b2616f347b660caaa4e6d1cc341e940,1247165,,,,,,,,,,,,,,,,,,,,,,,,,,,,,,,,,,,,,,,,,,,,,,,,,,TN,,,,,,,,,,
autoland,3646670,2,6311658df04f8b9dab1d842cf1ddc69e83bd8127,linux64-qr,,False,,,102210fe594ee9b33d82058545b1ed14f4c8206e,num_static_constructors,compiler_metrics,True,compiler_metrics num_static_constructors opt valgrind,,77,,,,1701380541,2023-05-26 00:18:19,158.0,aff9f0762b468b3a199e72ca7a7b6eeb833c4980,1247166,,,,,,,,,,,,,,,,,,,,,,,,,,,,,,,,,,,,,,,,,,,,,,,,,,TN,,,,,,,,,,
autoland,3646670,2,6311658df04f8b9dab1d842cf1ddc69e83bd8127,linux64-qr,,False,,,102210fe594ee9b33d82058545b1ed14f4c8206e,num_static_constructors,compiler_metrics,True,compiler_metrics num_static_constructors opt valgrind,,77,,,,1701381368,2023-05-26 00:18:19,158.0,aff9f0762b468b3a199e72ca7a7b6eeb833c4980,1247166,,,,,,,,,,,,,,,,,,,,,,,,,,,,,,,,,,,,,,,,,,,,,,,,,,TN,,,,,,,,,,
autoland,3646670,2,6311658df04f8b9dab1d842cf1ddc69e83bd8127,linux64-qr,,False,,,102210fe594ee9b33d82058545b1ed14f4c8206e,num_static_constructors,compiler_metrics,True,compiler_metrics num_static_constructors opt valgrind,,77,,,,1701380109,2023-05-26 00:18:19,158.0,aff9f0762b468b3a199e72ca7a7b6eeb833c4980,1247166,,,,,,,,,,,,,,,,,,,,,,,,,,,,,,,,,,,,,,,,,,,,,,,,,,TN,,,,,,,,,,
autoland,3646670,2,6311658df04f8b9dab1d842cf1ddc69e83bd8127,linux64-qr,,False,,,102210fe594ee9b33d82058545b1ed14f4c8206e,num_static_constructors,compiler_metrics,True,compiler_metrics num_static_constructors opt valgrind,,77,,,,1701380401,2023-05-26 00:18:19,158.0,aff9f0762b468b3a199e72ca7a7b6eeb833c4980,1247166,,,,,,,,,,,,,,,,,,,,,,,,,,,,,,,,,,,,,,,,,,,,,,,,,,TN,,,,,,,,,,
autoland,3646670,2,6311658df04f8b9dab1d842cf1ddc69e83bd8127,linux64-qr,,False,,,102210fe594ee9b33d82058545b1ed14f4c8206e,num_static_constructors,compiler_metrics,True,compiler_metrics num_static_constructors opt valgrind,,77,,,,1701387912,2023-05-26 00:18:19,158.0,aff9f0762b468b3a199e72ca7a7b6eeb833c4980,1247166,,,,,,,,,,,,,,,,,,,,,,,,,,,,,,,,,,,,,,,,,,,,,,,,,,TN,,,,,,,,,,
autoland,3646670,2,6311658df04f8b9dab1d842cf1ddc69e83bd8127,linux64-qr,,False,,,102210fe594ee9b33d82058545b1ed14f4c8206e,num_static_constructors,compiler_metrics,True,compiler_metrics num_static_constructors opt valgrind,,77,,,,1701349221,2023-05-26 00:19:12,158.0,e6d63c2a651d697b4c42866c552b92b1719f5b9e,1247167,,,,,,,,,,,,,,,,,,,,,,,,,,,,,,,,,,,,,,,,,,,,,,,,,,TN,,,,,,,,,,
autoland,3646670,2,6311658df04f8b9dab1d842cf1ddc69e83bd8127,linux64-qr,,False,,,102210fe594ee9b33d82058545b1ed14f4c8206e,num_static_constructors,compiler_metrics,True,compiler_metrics num_static_constructors opt valgrind,,77,,,,1701379244,2023-05-26 00:19:12,158.0,e6d63c2a651d697b4c42866c552b92b1719f5b9e,1247167,,,,,,,,,,,,,,,,,,,,,,,,,,,,,,,,,,,,,,,,,,,,,,,,,,TN,,,,,,,,,,
autoland,3646670,2,6311658df04f8b9dab1d842cf1ddc69e83bd8127,linux64-qr,,False,,,102210fe594ee9b33d82058545b1ed14f4c8206e,num_static_constructors,compiler_metrics,True,compiler_metrics num_static_constructors opt valgrind,,77,,,,1701379425,2023-05-26 00:19:12,158.0,e6d63c2a651d697b4c42866c552b92b1719f5b9e,1247167,,,,,,,,,,,,,,,,,,,,,,,,,,,,,,,,,,,,,,,,,,,,,,,,,,TN,,,,,,,,,,
autoland,3646670,2,6311658df04f8b9dab1d842cf1ddc69e83bd8127,linux64-qr,,False,,,102210fe594ee9b33d82058545b1ed14f4c8206e,num_static_constructors,compiler_metrics,True,compiler_metrics num_static_constructors opt valgrind,,77,,,,1701387000,2023-05-26 00:19:12,158.0,e6d63c2a651d697b4c42866c552b92b1719f5b9e,1247167,,,,,,,,,,,,,,,,,,,,,,,,,,,,,,,,,,,,,,,,,,,,,,,,,,TN,,,,,,,,,,
autoland,3646670,2,6311658df04f8b9dab1d842cf1ddc69e83bd8127,linux64-qr,,False,,,102210fe594ee9b33d82058545b1ed14f4c8206e,num_static_constructors,compiler_metrics,True,compiler_metrics num_static_constructors opt valgrind,,77,,,,1701387942,2023-05-26 00:19:12,158.0,e6d63c2a651d697b4c42866c552b92b1719f5b9e,1247167,,,,,,,,,,,,,,,,,,,,,,,,,,,,,,,,,,,,,,,,,,,,,,,,,,TN,,,,,,,,,,
autoland,3646670,2,6311658df04f8b9dab1d842cf1ddc69e83bd8127,linux64-qr,,False,,,102210fe594ee9b33d82058545b1ed14f4c8206e,num_static_constructors,compiler_metrics,True,compiler_metrics num_static_constructors opt valgrind,,77,,,,1701379156,2023-05-26 00:20:01,158.0,29fa69db2655e35810d121a98dabb0a6e3af6d8d,1247169,,,,,,,,,,,,,,,,,,,,,,,,,,,,,,,,,,,,,,,,,,,,,,,,,,TN,,,,,,,,,,
autoland,3646670,2,6311658df04f8b9dab1d842cf1ddc69e83bd8127,linux64-qr,,False,,,102210fe594ee9b33d82058545b1ed14f4c8206e,num_static_constructors,compiler_metrics,True,compiler_metrics num_static_constructors opt valgrind,,77,,,,1701379280,2023-05-26 00:20:01,158.0,29fa69db2655e35810d121a98dabb0a6e3af6d8d,1247169,,,,,,,,,,,,,,,,,,,,,,,,,,,,,,,,,,,,,,,,,,,,,,,,,,TN,,,,,,,,,,
autoland,3646670,2,6311658df04f8b9dab1d842cf1ddc69e83bd8127,linux64-qr,,False,,,102210fe594ee9b33d82058545b1ed14f4c8206e,num_static_constructors,compiler_metrics,True,compiler_metrics num_static_constructors opt valgrind,,77,,,,1701380789,2023-05-26 00:20:01,158.0,29fa69db2655e35810d121a98dabb0a6e3af6d8d,1247169,,,,,,,,,,,,,,,,,,,,,,,,,,,,,,,,,,,,,,,,,,,,,,,,,,TN,,,,,,,,,,
autoland,3646670,2,6311658df04f8b9dab1d842cf1ddc69e83bd8127,linux64-qr,,False,,,102210fe594ee9b33d82058545b1ed14f4c8206e,num_static_constructors,compiler_metrics,True,compiler_metrics num_static_constructors opt valgrind,,77,,,,1701387683,2023-05-26 00:20:01,158.0,29fa69db2655e35810d121a98dabb0a6e3af6d8d,1247169,,,,,,,,,,,,,,,,,,,,,,,,,,,,,,,,,,,,,,,,,,,,,,,,,,TN,,,,,,,,,,
autoland,3646670,2,6311658df04f8b9dab1d842cf1ddc69e83bd8127,linux64-qr,,False,,,102210fe594ee9b33d82058545b1ed14f4c8206e,num_static_constructors,compiler_metrics,True,compiler_metrics num_static_constructors opt valgrind,,77,,,,1701379309,2023-05-26 00:37:39,158.0,4893955e0bdf8402c4e481bcbe07643fda9bfb14,1247176,,,,,,,,,,,,,,,,,,,,,,,,,,,,,,,,,,,,,,,,,,,,,,,,,,TN,,,,,,,,,,
autoland,3646670,2,6311658df04f8b9dab1d842cf1ddc69e83bd8127,linux64-qr,,False,,,102210fe594ee9b33d82058545b1ed14f4c8206e,num_static_constructors,compiler_metrics,True,compiler_metrics num_static_constructors opt valgrind,,77,,,,1701380640,2023-05-26 00:37:39,158.0,4893955e0bdf8402c4e481bcbe07643fda9bfb14,1247176,,,,,,,,,,,,,,,,,,,,,,,,,,,,,,,,,,,,,,,,,,,,,,,,,,TN,,,,,,,,,,
autoland,3646670,2,6311658df04f8b9dab1d842cf1ddc69e83bd8127,linux64-qr,,False,,,102210fe594ee9b33d82058545b1ed14f4c8206e,num_static_constructors,compiler_metrics,True,compiler_metrics num_static_constructors opt valgrind,,77,,,,1701380761,2023-05-26 00:37:39,158.0,4893955e0bdf8402c4e481bcbe07643fda9bfb14,1247176,,,,,,,,,,,,,,,,,,,,,,,,,,,,,,,,,,,,,,,,,,,,,,,,,,TN,,,,,,,,,,
autoland,3646670,2,6311658df04f8b9dab1d842cf1ddc69e83bd8127,linux64-qr,,False,,,102210fe594ee9b33d82058545b1ed14f4c8206e,num_static_constructors,compiler_metrics,True,compiler_metrics num_static_constructors opt valgrind,,77,,,,1701378834,2023-05-26 00:37:39,158.0,4893955e0bdf8402c4e481bcbe07643fda9bfb14,1247176,,,,,,,,,,,,,,,,,,,,,,,,,,,,,,,,,,,,,,,,,,,,,,,,,,TN,,,,,,,,,,
autoland,3646670,2,6311658df04f8b9dab1d842cf1ddc69e83bd8127,linux64-qr,,False,,,102210fe594ee9b33d82058545b1ed14f4c8206e,num_static_constructors,compiler_metrics,True,compiler_metrics num_static_constructors opt valgrind,,77,,,,1701378866,2023-05-26 00:37:39,158.0,4893955e0bdf8402c4e481bcbe07643fda9bfb14,1247176,,,,,,,,,,,,,,,,,,,,,,,,,,,,,,,,,,,,,,,,,,,,,,,,,,TN,,,,,,,,,,
autoland,3646670,2,6311658df04f8b9dab1d842cf1ddc69e83bd8127,linux64-qr,,False,,,102210fe594ee9b33d82058545b1ed14f4c8206e,num_static_constructors,compiler_metrics,True,compiler_metrics num_static_constructors opt valgrind,,77,,,,1701013400,2023-05-26 00:58:32,158.0,d49f009b89ad3ae1616d96cb1d2d9234ef3f6cda,1247180,38473.0,1247180.0,1247113.0,2023-05-26T10:32:34.201883,2023-05-26T14:29:15.199479,2023-05-31T10:32:34.201883,autoland,2.0,175689.0,2.0,2.0,6311658df04f8b9dab1d842cf1ddc69e83bd8127,linux64-qr,num_static_constructors,compiler_metrics,True,False,102210fe594ee9b33d82058545b1ed14f4c8206e,,valgrind,,,,,,,,,,True,155.0,158.0,517102551227169.25,3.0,1.94,38473.0,38472.0,False,mozilla-ldap/afinder@mozilla.com,True,afinder@mozilla.com,"('[{""perf_datum_id"": 1701379156, ""value"": 158.0, ""job_id"": 417198221, ""push_id"": 1247169, ""push_timestamp"": ""2023-05-26T00:20:01"", ""push__revision"": ""29fa69db2655e35810d121a98dabb0a6e3af6d8d""}, {""perf_datum_id"": 1701378834, ""value"": 158.0, ""job_id"": 417198210, ""push_id"": 1247176, ""push_timestamp"": ""2023-05-26T00:37:39"", ""push__revision"": ""4893955e0bdf8402c4e481bcbe07643fda9bfb14""}, {""perf_datum_id"": 1701013400, ""value"": 158.0, ""job_id"": 417110022, ""push_id"": 1247180, ""push_timestamp"": ""2023-05-26T00:58:32"", ""push__revision"": ""d49f009b89ad3ae1616d96cb1d2d9234ef3f6cda""}, {""perf_datum_id"": 1701110127, ""value"": 158.0, ""job_id"": 417138868, ""push_id"": 1247241, ""push_timestamp"": ""2023-05-26T04:58:44"", ""push__revision"": ""ffc18acbe9c027a3d6c960322b40a9d0576af311""}, {""perf_datum_id"": 1701163681, ""value"": 158.0, ""job_id"": 417148007, ""push_id"": 1247256, ""push_timestamp"": ""2023-05-26T06:40:17"", ""push__revision"": ""de23f881a5ae7cce3f5d07a40c50159dccd10257""}]',)","(4,)","(4,)","(6,)","(7,)","(0,)",SKEWED,,SP,,2023-06-02T10:32:34.201883,,1.0,"afinder: build appears as ""busted""",1685062712.0,c49edd998af9a5b4552a4468db2eaef267147bbd,mozilla-ldap/afinder@mozilla.com,afinder@mozilla.com,
autoland,3646670,2,6311658df04f8b9dab1d842cf1ddc69e83bd8127,linux64-qr,,False,,,102210fe594ee9b33d82058545b1ed14f4c8206e,num_static_constructors,compiler_metrics,True,compiler_metrics num_static_constructors opt valgrind,,77,,,,1701378109,2023-05-26 00:58:32,158.0,d49f009b89ad3ae1616d96cb1d2d9234ef3f6cda,1247180,38473.0,1247180.0,1247113.0,2023-05-26T10:32:34.201883,2023-05-26T14:29:15.199479,2023-05-31T10:32:34.201883,autoland,2.0,175689.0,2.0,2.0,6311658df04f8b9dab1d842cf1ddc69e83bd8127,linux64-qr,num_static_constructors,compiler_metrics,True,False,102210fe594ee9b33d82058545b1ed14f4c8206e,,valgrind,,,,,,,,,,True,155.0,158.0,517102551227169.25,3.0,1.94,38473.0,38472.0,False,mozilla-ldap/afinder@mozilla.com,True,afinder@mozilla.com,"('[{""perf_datum_id"": 1701379156, ""value"": 158.0, ""job_id"": 417198221, ""push_id"": 1247169, ""push_timestamp"": ""2023-05-26T00:20:01"", ""push__revision"": ""29fa69db2655e35810d121a98dabb0a6e3af6d8d""}, {""perf_datum_id"": 1701378834, ""value"": 158.0, ""job_id"": 417198210, ""push_id"": 1247176, ""push_timestamp"": ""2023-05-26T00:37:39"", ""push__revision"": ""4893955e0bdf8402c4e481bcbe07643fda9bfb14""}, {""perf_datum_id"": 1701013400, ""value"": 158.0, ""job_id"": 417110022, ""push_id"": 1247180, ""push_timestamp"": ""2023-05-26T00:58:32"", ""push__revision"": ""d49f009b89ad3ae1616d96cb1d2d9234ef3f6cda""}, {""perf_datum_id"": 1701110127, ""value"": 158.0, ""job_id"": 417138868, ""push_id"": 1247241, ""push_timestamp"": ""2023-05-26T04:58:44"", ""push__revision"": ""ffc18acbe9c027a3d6c960322b40a9d0576af311""}, {""perf_datum_id"": 1701163681, ""value"": 158.0, ""job_id"": 417148007, ""push_id"": 1247256, ""push_timestamp"": ""2023-05-26T06:40:17"", ""push__revision"": ""de23f881a5ae7cce3f5d07a40c50159dccd10257""}]',)","(4,)","(4,)","(6,)","(7,)","(0,)",SKEWED,,SP,,2023-06-02T10:32:34.201883,,1.0,"afinder: build appears as ""busted""",1685062712.0,c49edd998af9a5b4552a4468db2eaef267147bbd,mozilla-ldap/afinder@mozilla.com,afinder@mozilla.com,
autoland,3646670,2,6311658df04f8b9dab1d842cf1ddc69e83bd8127,linux64-qr,,False,,,102210fe594ee9b33d82058545b1ed14f4c8206e,num_static_constructors,compiler_metrics,True,compiler_metrics num_static_constructors opt valgrind,,77,,,,1701378642,2023-05-26 00:58:32,158.0,d49f009b89ad3ae1616d96cb1d2d9234ef3f6cda,1247180,38473.0,1247180.0,1247113.0,2023-05-26T10:32:34.201883,2023-05-26T14:29:15.199479,2023-05-31T10:32:34.201883,autoland,2.0,175689.0,2.0,2.0,6311658df04f8b9dab1d842cf1ddc69e83bd8127,linux64-qr,num_static_constructors,compiler_metrics,True,False,102210fe594ee9b33d82058545b1ed14f4c8206e,,valgrind,,,,,,,,,,True,155.0,158.0,517102551227169.25,3.0,1.94,38473.0,38472.0,False,mozilla-ldap/afinder@mozilla.com,True,afinder@mozilla.com,"('[{""perf_datum_id"": 1701379156, ""value"": 158.0, ""job_id"": 417198221, ""push_id"": 1247169, ""push_timestamp"": ""2023-05-26T00:20:01"", ""push__revision"": ""29fa69db2655e35810d121a98dabb0a6e3af6d8d""}, {""perf_datum_id"": 1701378834, ""value"": 158.0, ""job_id"": 417198210, ""push_id"": 1247176, ""push_timestamp"": ""2023-05-26T00:37:39"", ""push__revision"": ""4893955e0bdf8402c4e481bcbe07643fda9bfb14""}, {""perf_datum_id"": 1701013400, ""value"": 158.0, ""job_id"": 417110022, ""push_id"": 1247180, ""push_timestamp"": ""2023-05-26T00:58:32"", ""push__revision"": ""d49f009b89ad3ae1616d96cb1d2d9234ef3f6cda""}, {""perf_datum_id"": 1701110127, ""value"": 158.0, ""job_id"": 417138868, ""push_id"": 1247241, ""push_timestamp"": ""2023-05-26T04:58:44"", ""push__revision"": ""ffc18acbe9c027a3d6c960322b40a9d0576af311""}, {""perf_datum_id"": 1701163681, ""value"": 158.0, ""job_id"": 417148007, ""push_id"": 1247256, ""push_timestamp"": ""2023-05-26T06:40:17"", ""push__revision"": ""de23f881a5ae7cce3f5d07a40c50159dccd10257""}]',)","(4,)","(4,)","(6,)","(7,)","(0,)",SKEWED,,SP,,2023-06-02T10:32:34.201883,,1.0,"afinder: build appears as ""busted""",1685062712.0,c49edd998af9a5b4552a4468db2eaef267147bbd,mozilla-ldap/afinder@mozilla.com,afinder@mozilla.com,
autoland,3646670,2,6311658df04f8b9dab1d842cf1ddc69e83bd8127,linux64-qr,,False,,,102210fe594ee9b33d82058545b1ed14f4c8206e,num_static_constructors,compiler_metrics,True,compiler_metrics num_static_constructors opt valgrind,,77,,,,1701378189,2023-05-26 00:58:32,158.0,d49f009b89ad3ae1616d96cb1d2d9234ef3f6cda,1247180,38473.0,1247180.0,1247113.0,2023-05-26T10:32:34.201883,2023-05-26T14:29:15.199479,2023-05-31T10:32:34.201883,autoland,2.0,175689.0,2.0,2.0,6311658df04f8b9dab1d842cf1ddc69e83bd8127,linux64-qr,num_static_constructors,compiler_metrics,True,False,102210fe594ee9b33d82058545b1ed14f4c8206e,,valgrind,,,,,,,,,,True,155.0,158.0,517102551227169.25,3.0,1.94,38473.0,38472.0,False,mozilla-ldap/afinder@mozilla.com,True,afinder@mozilla.com,"('[{""perf_datum_id"": 1701379156, ""value"": 158.0, ""job_id"": 417198221, ""push_id"": 1247169, ""push_timestamp"": ""2023-05-26T00:20:01"", ""push__revision"": ""29fa69db2655e35810d121a98dabb0a6e3af6d8d""}, {""perf_datum_id"": 1701378834, ""value"": 158.0, ""job_id"": 417198210, ""push_id"": 1247176, ""push_timestamp"": ""2023-05-26T00:37:39"", ""push__revision"": ""4893955e0bdf8402c4e481bcbe07643fda9bfb14""}, {""perf_datum_id"": 1701013400, ""value"": 158.0, ""job_id"": 417110022, ""push_id"": 1247180, ""push_timestamp"": ""2023-05-26T00:58:32"", ""push__revision"": ""d49f009b89ad3ae1616d96cb1d2d9234ef3f6cda""}, {""perf_datum_id"": 1701110127, ""value"": 158.0, ""job_id"": 417138868, ""push_id"": 1247241, ""push_timestamp"": ""2023-05-26T04:58:44"", ""push__revision"": ""ffc18acbe9c027a3d6c960322b40a9d0576af311""}, {""perf_datum_id"": 1701163681, ""value"": 158.0, ""job_id"": 417148007, ""push_id"": 1247256, ""push_timestamp"": ""2023-05-26T06:40:17"", ""push__revision"": ""de23f881a5ae7cce3f5d07a40c50159dccd10257""}]',)","(4,)","(4,)","(6,)","(7,)","(0,)",SKEWED,,SP,,2023-06-02T10:32:34.201883,,1.0,"afinder: build appears as ""busted""",1685062712.0,c49edd998af9a5b4552a4468db2eaef267147bbd,mozilla-ldap/afinder@mozilla.com,afinder@mozilla.com,
autoland,3646670,2,6311658df04f8b9dab1d842cf1ddc69e83bd8127,linux64-qr,,False,,,102210fe594ee9b33d82058545b1ed14f4c8206e,num_static_constructors,compiler_metrics,True,compiler_metrics num_static_constructors opt valgrind,,77,,,,1701379963,2023-05-26 00:58:32,158.0,d49f009b89ad3ae1616d96cb1d2d9234ef3f6cda,1247180,38473.0,1247180.0,1247113.0,2023-05-26T10:32:34.201883,2023-05-26T14:29:15.199479,2023-05-31T10:32:34.201883,autoland,2.0,175689.0,2.0,2.0,6311658df04f8b9dab1d842cf1ddc69e83bd8127,linux64-qr,num_static_constructors,compiler_metrics,True,False,102210fe594ee9b33d82058545b1ed14f4c8206e,,valgrind,,,,,,,,,,True,155.0,158.0,517102551227169.25,3.0,1.94,38473.0,38472.0,False,mozilla-ldap/afinder@mozilla.com,True,afinder@mozilla.com,"('[{""perf_datum_id"": 1701379156, ""value"": 158.0, ""job_id"": 417198221, ""push_id"": 1247169, ""push_timestamp"": ""2023-05-26T00:20:01"", ""push__revision"": ""29fa69db2655e35810d121a98dabb0a6e3af6d8d""}, {""perf_datum_id"": 1701378834, ""value"": 158.0, ""job_id"": 417198210, ""push_id"": 1247176, ""push_timestamp"": ""2023-05-26T00:37:39"", ""push__revision"": ""4893955e0bdf8402c4e481bcbe07643fda9bfb14""}, {""perf_datum_id"": 1701013400, ""value"": 158.0, ""job_id"": 417110022, ""push_id"": 1247180, ""push_timestamp"": ""2023-05-26T00:58:32"", ""push__revision"": ""d49f009b89ad3ae1616d96cb1d2d9234ef3f6cda""}, {""perf_datum_id"": 1701110127, ""value"": 158.0, ""job_id"": 417138868, ""push_id"": 1247241, ""push_timestamp"": ""2023-05-26T04:58:44"", ""push__revision"": ""ffc18acbe9c027a3d6c960322b40a9d0576af311""}, {""perf_datum_id"": 1701163681, ""value"": 158.0, ""job_id"": 417148007, ""push_id"": 1247256, ""push_timestamp"": ""2023-05-26T06:40:17"", ""push__revision"": ""de23f881a5ae7cce3f5d07a40c50159dccd10257""}]',)","(4,)","(4,)","(6,)","(7,)","(0,)",SKEWED,,SP,,2023-06-02T10:32:34.201883,,1.0,"afinder: build appears as ""busted""",1685062712.0,c49edd998af9a5b4552a4468db2eaef267147bbd,mozilla-ldap/afinder@mozilla.com,afinder@mozilla.com,
autoland,3646670,2,6311658df04f8b9dab1d842cf1ddc69e83bd8127,linux64-qr,,False,,,102210fe594ee9b33d82058545b1ed14f4c8206e,num_static_constructors,compiler_metrics,True,compiler_metrics num_static_constructors opt valgrind,,77,,,,1701380304,2023-05-26 00:58:32,158.0,d49f009b89ad3ae1616d96cb1d2d9234ef3f6cda,1247180,38473.0,1247180.0,1247113.0,2023-05-26T10:32:34.201883,2023-05-26T14:29:15.199479,2023-05-31T10:32:34.201883,autoland,2.0,175689.0,2.0,2.0,6311658df04f8b9dab1d842cf1ddc69e83bd8127,linux64-qr,num_static_constructors,compiler_metrics,True,False,102210fe594ee9b33d82058545b1ed14f4c8206e,,valgrind,,,,,,,,,,True,155.0,158.0,517102551227169.25,3.0,1.94,38473.0,38472.0,False,mozilla-ldap/afinder@mozilla.com,True,afinder@mozilla.com,"('[{""perf_datum_id"": 1701379156, ""value"": 158.0, ""job_id"": 417198221, ""push_id"": 1247169, ""push_timestamp"": ""2023-05-26T00:20:01"", ""push__revision"": ""29fa69db2655e35810d121a98dabb0a6e3af6d8d""}, {""perf_datum_id"": 1701378834, ""value"": 158.0, ""job_id"": 417198210, ""push_id"": 1247176, ""push_timestamp"": ""2023-05-26T00:37:39"", ""push__revision"": ""4893955e0bdf8402c4e481bcbe07643fda9bfb14""}, {""perf_datum_id"": 1701013400, ""value"": 158.0, ""job_id"": 417110022, ""push_id"": 1247180, ""push_timestamp"": ""2023-05-26T00:58:32"", ""push__revision"": ""d49f009b89ad3ae1616d96cb1d2d9234ef3f6cda""}, {""perf_datum_id"": 1701110127, ""value"": 158.0, ""job_id"": 417138868, ""push_id"": 1247241, ""push_timestamp"": ""2023-05-26T04:58:44"", ""push__revision"": ""ffc18acbe9c027a3d6c960322b40a9d0576af311""}, {""perf_datum_id"": 1701163681, ""value"": 158.0, ""job_id"": 417148007, ""push_id"": 1247256, ""push_timestamp"": ""2023-05-26T06:40:17"", ""push__revision"": ""de23f881a5ae7cce3f5d07a40c50159dccd10257""}]',)","(4,)","(4,)","(6,)","(7,)","(0,)",SKEWED,,SP,,2023-06-02T10:32:34.201883,,1.0,"afinder: build appears as ""busted""",1685062712.0,c49edd998af9a5b4552a4468db2eaef267147bbd,mozilla-ldap/afinder@mozilla.com,afinder@mozilla.com,
autoland,3646670,2,6311658df04f8b9dab1d842cf1ddc69e83bd8127,linux64-qr,,False,,,102210fe594ee9b33d82058545b1ed14f4c8206e,num_static_constructors,compiler_metrics,True,compiler_metrics num_static_constructors opt valgrind,,77,,,,1701598243,2023-05-26 01:31:15,158.0,9d1123793cf49ad9289cdc171cc461ff56f1341f,1247195,,,,,,,,,,,,,,,,,,,,,,,,,,,,,,,,,,,,,,,,,,,,,,,,,,TN,,,,,,,,,,
autoland,3646670,2,6311658df04f8b9dab1d842cf1ddc69e83bd8127,linux64-qr,,False,,,102210fe594ee9b33d82058545b1ed14f4c8206e,num_static_constructors,compiler_metrics,True,compiler_metrics num_static_constructors opt valgrind,,77,,,,1701598211,2023-05-26 01:38:12,158.0,4210d649f10bffed6d5ec12a6bf190015988e554,1247200,,,,,,,,,,,,,,,,,,,,,,,,,,,,,,,,,,,,,,,,,,,,,,,,,,TN,,,,,,,,,,
autoland,3646670,2,6311658df04f8b9dab1d842cf1ddc69e83bd8127,linux64-qr,,False,,,102210fe594ee9b33d82058545b1ed14f4c8206e,num_static_constructors,compiler_metrics,True,compiler_metrics num_static_constructors opt valgrind,,77,,,,1701599003,2023-05-26 02:57:01,158.0,260ffbbe45e0d474d615675f1b7fc496611e4aa4,1247216,,,,,,,,,,,,,,,,,,,,,,,,,,,,,,,,,,,,,,,,,,,,,,,,,,TN,,,,,,,,,,
autoland,3646670,2,6311658df04f8b9dab1d842cf1ddc69e83bd8127,linux64-qr,,False,,,102210fe594ee9b33d82058545b1ed14f4c8206e,num_static_constructors,compiler_metrics,True,compiler_metrics num_static_constructors opt valgrind,,77,,,,1701598825,2023-05-26 03:18:08,158.0,d659b70ec02be8ad2ab084872ca6ac6a3d4165d3,1247219,,,,,,,,,,,,,,,,,,,,,,,,,,,,,,,,,,,,,,,,,,,,,,,,,,TN,,,,,,,,,,
autoland,3646670,2,6311658df04f8b9dab1d842cf1ddc69e83bd8127,linux64-qr,,False,,,102210fe594ee9b33d82058545b1ed14f4c8206e,num_static_constructors,compiler_metrics,True,compiler_metrics num_static_constructors opt valgrind,,77,,,,1701595709,2023-05-26 03:22:10,158.0,55bbbfb67e7f8c4094a554ff4d87be0a8a0982db,1247220,,,,,,,,,,,,,,,,,,,,,,,,,,,,,,,,,,,,,,,,,,,,,,,,,,TN,,,,,,,,,,
autoland,3646670,2,6311658df04f8b9dab1d842cf1ddc69e83bd8127,linux64-qr,,False,,,102210fe594ee9b33d82058545b1ed14f4c8206e,num_static_constructors,compiler_metrics,True,compiler_metrics num_static_constructors opt valgrind,,77,,,,1701599235,2023-05-26 03:43:51,158.0,382ba4dac7e8671150b9feeb2c87c76e92245e9f,1247225,,,,,,,,,,,,,,,,,,,,,,,,,,,,,,,,,,,,,,,,,,,,,,,,,,TN,,,,,,,,,,
autoland,3646670,2,6311658df04f8b9dab1d842cf1ddc69e83bd8127,linux64-qr,,False,,,102210fe594ee9b33d82058545b1ed14f4c8206e,num_static_constructors,compiler_metrics,True,compiler_metrics num_static_constructors opt valgrind,,77,,,,1701596264,2023-05-26 04:57:09,158.0,42b73d4571be8d893496e8c1d39d7234a6966199,1247240,,,,,,,,,,,,,,,,,,,,,,,,,,,,,,,,,,,,,,,,,,,,,,,,,,TN,,,,,,,,,,
autoland,3646670,2,6311658df04f8b9dab1d842cf1ddc69e83bd8127,linux64-qr,,False,,,102210fe594ee9b33d82058545b1ed14f4c8206e,num_static_constructors,compiler_metrics,True,compiler_metrics num_static_constructors opt valgrind,,77,,,,1701110127,2023-05-26 04:58:44,158.0,ffc18acbe9c027a3d6c960322b40a9d0576af311,1247241,,,,,,,,,,,,,,,,,,,,,,,,,,,,,,,,,,,,,,,,,,,,,,,,,,TN,,,,,,,,,,
autoland,3646670,2,6311658df04f8b9dab1d842cf1ddc69e83bd8127,linux64-qr,,False,,,102210fe594ee9b33d82058545b1ed14f4c8206e,num_static_constructors,compiler_metrics,True,compiler_metrics num_static_constructors opt valgrind,,77,,,,1701133097,2023-05-26 04:58:44,158.0,ffc18acbe9c027a3d6c960322b40a9d0576af311,1247241,,,,,,,,,,,,,,,,,,,,,,,,,,,,,,,,,,,,,,,,,,,,,,,,,,TN,,,,,,,,,,
autoland,3646670,2,6311658df04f8b9dab1d842cf1ddc69e83bd8127,linux64-qr,,False,,,102210fe594ee9b33d82058545b1ed14f4c8206e,num_static_constructors,compiler_metrics,True,compiler_metrics num_static_constructors opt valgrind,,77,,,,1701133356,2023-05-26 04:58:44,158.0,ffc18acbe9c027a3d6c960322b40a9d0576af311,1247241,,,,,,,,,,,,,,,,,,,,,,,,,,,,,,,,,,,,,,,,,,,,,,,,,,TN,,,,,,,,,,
autoland,3646670,2,6311658df04f8b9dab1d842cf1ddc69e83bd8127,linux64-qr,,False,,,102210fe594ee9b33d82058545b1ed14f4c8206e,num_static_constructors,compiler_metrics,True,compiler_metrics num_static_constructors opt valgrind,,77,,,,1701133326,2023-05-26 04:58:44,158.0,ffc18acbe9c027a3d6c960322b40a9d0576af311,1247241,,,,,,,,,,,,,,,,,,,,,,,,,,,,,,,,,,,,,,,,,,,,,,,,,,TN,,,,,,,,,,
autoland,3646670,2,6311658df04f8b9dab1d842cf1ddc69e83bd8127,linux64-qr,,False,,,102210fe594ee9b33d82058545b1ed14f4c8206e,num_static_constructors,compiler_metrics,True,compiler_metrics num_static_constructors opt valgrind,,77,,,,1701595908,2023-05-26 05:48:44,158.0,e514bad325d1980ffd4cd5a0cf5966be5486edc1,1247248,,,,,,,,,,,,,,,,,,,,,,,,,,,,,,,,,,,,,,,,,,,,,,,,,,TN,,,,,,,,,,
autoland,3646670,2,6311658df04f8b9dab1d842cf1ddc69e83bd8127,linux64-qr,,False,,,102210fe594ee9b33d82058545b1ed14f4c8206e,num_static_constructors,compiler_metrics,True,compiler_metrics num_static_constructors opt valgrind,,77,,,,1701163681,2023-05-26 06:40:17,158.0,de23f881a5ae7cce3f5d07a40c50159dccd10257,1247256,,,,,,,,,,,,,,,,,,,,,,,,,,,,,,,,,,,,,,,,,,,,,,,,,,TN,,,,,,,,,,
autoland,3646670,2,6311658df04f8b9dab1d842cf1ddc69e83bd8127,linux64-qr,,False,,,102210fe594ee9b33d82058545b1ed14f4c8206e,num_static_constructors,compiler_metrics,True,compiler_metrics num_static_constructors opt valgrind,,77,,,,1701182033,2023-05-26 06:40:17,158.0,de23f881a5ae7cce3f5d07a40c50159dccd10257,1247256,,,,,,,,,,,,,,,,,,,,,,,,,,,,,,,,,,,,,,,,,,,,,,,,,,TN,,,,,,,,,,
autoland,3646670,2,6311658df04f8b9dab1d842cf1ddc69e83bd8127,linux64-qr,,False,,,102210fe594ee9b33d82058545b1ed14f4c8206e,num_static_constructors,compiler_metrics,True,compiler_metrics num_static_constructors opt valgrind,,77,,,,1701181161,2023-05-26 06:40:17,158.0,de23f881a5ae7cce3f5d07a40c50159dccd10257,1247256,,,,,,,,,,,,,,,,,,,,,,,,,,,,,,,,,,,,,,,,,,,,,,,,,,TN,,,,,,,,,,
autoland,3646670,2,6311658df04f8b9dab1d842cf1ddc69e83bd8127,linux64-qr,,False,,,102210fe594ee9b33d82058545b1ed14f4c8206e,num_static_constructors,compiler_metrics,True,compiler_metrics num_static_constructors opt valgrind,,77,,,,1701181929,2023-05-26 06:40:17,158.0,de23f881a5ae7cce3f5d07a40c50159dccd10257,1247256,,,,,,,,,,,,,,,,,,,,,,,,,,,,,,,,,,,,,,,,,,,,,,,,,,TN,,,,,,,,,,
autoland,3646670,2,6311658df04f8b9dab1d842cf1ddc69e83bd8127,linux64-qr,,False,,,102210fe594ee9b33d82058545b1ed14f4c8206e,num_static_constructors,compiler_metrics,True,compiler_metrics num_static_constructors opt valgrind,,77,,,,1701212827,2023-05-26 06:40:17,158.0,de23f881a5ae7cce3f5d07a40c50159dccd10257,1247256,,,,,,,,,,,,,,,,,,,,,,,,,,,,,,,,,,,,,,,,,,,,,,,,,,TN,,,,,,,,,,
autoland,3646670,2,6311658df04f8b9dab1d842cf1ddc69e83bd8127,linux64-qr,,False,,,102210fe594ee9b33d82058545b1ed14f4c8206e,num_static_constructors,compiler_metrics,True,compiler_metrics num_static_constructors opt valgrind,,77,,,,1701213375,2023-05-26 06:40:17,158.0,de23f881a5ae7cce3f5d07a40c50159dccd10257,1247256,,,,,,,,,,,,,,,,,,,,,,,,,,,,,,,,,,,,,,,,,,,,,,,,,,TN,,,,,,,,,,
autoland,3646670,2,6311658df04f8b9dab1d842cf1ddc69e83bd8127,linux64-qr,,False,,,102210fe594ee9b33d82058545b1ed14f4c8206e,num_static_constructors,compiler_metrics,True,compiler_metrics num_static_constructors opt valgrind,,77,,,,1701210969,2023-05-26 06:40:17,158.0,de23f881a5ae7cce3f5d07a40c50159dccd10257,1247256,,,,,,,,,,,,,,,,,,,,,,,,,,,,,,,,,,,,,,,,,,,,,,,,,,TN,,,,,,,,,,
autoland,3646670,2,6311658df04f8b9dab1d842cf1ddc69e83bd8127,linux64-qr,,False,,,102210fe594ee9b33d82058545b1ed14f4c8206e,num_static_constructors,compiler_metrics,True,compiler_metrics num_static_constructors opt valgrind,,77,,,,1701213317,2023-05-26 06:40:17,158.0,de23f881a5ae7cce3f5d07a40c50159dccd10257,1247256,,,,,,,,,,,,,,,,,,,,,,,,,,,,,,,,,,,,,,,,,,,,,,,,,,TN,,,,,,,,,,
autoland,3646670,2,6311658df04f8b9dab1d842cf1ddc69e83bd8127,linux64-qr,,False,,,102210fe594ee9b33d82058545b1ed14f4c8206e,num_static_constructors,compiler_metrics,True,compiler_metrics num_static_constructors opt valgrind,,77,,,,1701213537,2023-05-26 06:40:17,158.0,de23f881a5ae7cce3f5d07a40c50159dccd10257,1247256,,,,,,,,,,,,,,,,,,,,,,,,,,,,,,,,,,,,,,,,,,,,,,,,,,TN,,,,,,,,,,
autoland,3646670,2,6311658df04f8b9dab1d842cf1ddc69e83bd8127,linux64-qr,,False,,,102210fe594ee9b33d82058545b1ed14f4c8206e,num_static_constructors,compiler_metrics,True,compiler_metrics num_static_constructors opt valgrind,,77,,,,1701181958,2023-05-26 08:30:04,158.0,35f77e2aafb53fdda81c118a9ea61aefdacd61b4,1247293,,,,,,,,,,,,,,,,,,,,,,,,,,,,,,,,,,,,,,,,,,,,,,,,,,TN,,,,,,,,,,
autoland,3646670,2,6311658df04f8b9dab1d842cf1ddc69e83bd8127,linux64-qr,,False,,,102210fe594ee9b33d82058545b1ed14f4c8206e,num_static_constructors,compiler_metrics,True,compiler_metrics num_static_constructors opt valgrind,,77,,,,1701218393,2023-05-26 08:30:04,158.0,35f77e2aafb53fdda81c118a9ea61aefdacd61b4,1247293,,,,,,,,,,,,,,,,,,,,,,,,,,,,,,,,,,,,,,,,,,,,,,,,,,TN,,,,,,,,,,
autoland,3646670,2,6311658df04f8b9dab1d842cf1ddc69e83bd8127,linux64-qr,,False,,,102210fe594ee9b33d82058545b1ed14f4c8206e,num_static_constructors,compiler_metrics,True,compiler_metrics num_static_constructors opt valgrind,,77,,,,1701256928,2023-05-26 10:53:06,158.0,e839129264e7391c69c9c323c3a1dab7d74e2660,1247369,,,,,,,,,,,,,,,,,,,,,,,,,,,,,,,,,,,,,,,,,,,,,,,,,,TN,,,,,,,,,,
autoland,3646670,2,6311658df04f8b9dab1d842cf1ddc69e83bd8127,linux64-qr,,False,,,102210fe594ee9b33d82058545b1ed14f4c8206e,num_static_constructors,compiler_metrics,True,compiler_metrics num_static_constructors opt valgrind,,77,,,,1701285288,2023-05-26 10:53:06,158.0,e839129264e7391c69c9c323c3a1dab7d74e2660,1247369,,,,,,,,,,,,,,,,,,,,,,,,,,,,,,,,,,,,,,,,,,,,,,,,,,TN,,,,,,,,,,
autoland,3646670,2,6311658df04f8b9dab1d842cf1ddc69e83bd8127,linux64-qr,,False,,,102210fe594ee9b33d82058545b1ed14f4c8206e,num_static_constructors,compiler_metrics,True,compiler_metrics num_static_constructors opt valgrind,,77,,,,1701285550,2023-05-26 10:53:06,158.0,e839129264e7391c69c9c323c3a1dab7d74e2660,1247369,,,,,,,,,,,,,,,,,,,,,,,,,,,,,,,,,,,,,,,,,,,,,,,,,,TN,,,,,,,,,,
autoland,3646670,2,6311658df04f8b9dab1d842cf1ddc69e83bd8127,linux64-qr,,False,,,102210fe594ee9b33d82058545b1ed14f4c8206e,num_static_constructors,compiler_metrics,True,compiler_metrics num_static_constructors opt valgrind,,77,,,,1701316325,2023-05-26 12:58:50,158.0,3999253a6a3dc448416b9a73377e8599ca6bd022,1247437,,,,,,,,,,,,,,,,,,,,,,,,,,,,,,,,,,,,,,,,,,,,,,,,,,TN,,,,,,,,,,
autoland,3646670,2,6311658df04f8b9dab1d842cf1ddc69e83bd8127,linux64-qr,,False,,,102210fe594ee9b33d82058545b1ed14f4c8206e,num_static_constructors,compiler_metrics,True,compiler_metrics num_static_constructors opt valgrind,,77,,,,1701323492,2023-05-26 13:11:40,158.0,bb19012006135abc7ddd72be3cd269be7ef114b5,1247444,,,,,,,,,,,,,,,,,,,,,,,,,,,,,,,,,,,,,,,,,,,,,,,,,,TN,,,,,,,,,,
autoland,3646670,2,6311658df04f8b9dab1d842cf1ddc69e83bd8127,linux64-qr,,False,,,102210fe594ee9b33d82058545b1ed14f4c8206e,num_static_constructors,compiler_metrics,True,compiler_metrics num_static_constructors opt valgrind,,77,,,,1701350249,2023-05-26 13:11:40,158.0,bb19012006135abc7ddd72be3cd269be7ef114b5,1247444,,,,,,,,,,,,,,,,,,,,,,,,,,,,,,,,,,,,,,,,,,,,,,,,,,TN,,,,,,,,,,
autoland,3646670,2,6311658df04f8b9dab1d842cf1ddc69e83bd8127,linux64-qr,,False,,,102210fe594ee9b33d82058545b1ed14f4c8206e,num_static_constructors,compiler_metrics,True,compiler_metrics num_static_constructors opt valgrind,,77,,,,1701350120,2023-05-26 13:11:40,158.0,bb19012006135abc7ddd72be3cd269be7ef114b5,1247444,,,,,,,,,,,,,,,,,,,,,,,,,,,,,,,,,,,,,,,,,,,,,,,,,,TN,,,,,,,,,,
autoland,3646670,2,6311658df04f8b9dab1d842cf1ddc69e83bd8127,linux64-qr,,False,,,102210fe594ee9b33d82058545b1ed14f4c8206e,num_static_constructors,compiler_metrics,True,compiler_metrics num_static_constructors opt valgrind,,77,,,,1701349474,2023-05-26 13:11:40,158.0,bb19012006135abc7ddd72be3cd269be7ef114b5,1247444,,,,,,,,,,,,,,,,,,,,,,,,,,,,,,,,,,,,,,,,,,,,,,,,,,TN,,,,,,,,,,
autoland,3646670,2,6311658df04f8b9dab1d842cf1ddc69e83bd8127,linux64-qr,,False,,,102210fe594ee9b33d82058545b1ed14f4c8206e,num_static_constructors,compiler_metrics,True,compiler_metrics num_static_constructors opt valgrind,,77,,,,1701452687,2023-05-26 17:23:29,158.0,8ca2ea7fe36515caaf70ddf90bfd2ee269f059cf,1247619,,,,,,,,,,,,,,,,,,,,,,,,,,,,,,,,,,,,,,,,,,,,,,,,,,TN,,,,,,,,,,
autoland,3646670,2,6311658df04f8b9dab1d842cf1ddc69e83bd8127,linux64-qr,,False,,,102210fe594ee9b33d82058545b1ed14f4c8206e,num_static_constructors,compiler_metrics,True,compiler_metrics num_static_constructors opt valgrind,,77,,,,1701464567,2023-05-26 17:24:26,158.0,3e4914be9f30f747091ed2a4bccbd8a56e40a0e6,1247620,,,,,,,,,,,,,,,,,,,,,,,,,,,,,,,,,,,,,,,,,,,,,,,,,,TN,,,,,,,,,,
autoland,3646670,2,6311658df04f8b9dab1d842cf1ddc69e83bd8127,linux64-qr,,False,,,102210fe594ee9b33d82058545b1ed14f4c8206e,num_static_constructors,compiler_metrics,True,compiler_metrics num_static_constructors opt valgrind,,77,,,,1701574226,2023-05-26 19:44:57,158.0,fc6056442a0fa16146259cb730d4e34a16656952,1247712,,,,,,,,,,,,,,,,,,,,,,,,,,,,,,,,,,,,,,,,,,,,,,,,,,TN,,,,,,,,,,
autoland,3646670,2,6311658df04f8b9dab1d842cf1ddc69e83bd8127,linux64-qr,,False,,,102210fe594ee9b33d82058545b1ed14f4c8206e,num_static_constructors,compiler_metrics,True,compiler_metrics num_static_constructors opt valgrind,,77,,,,1701673019,2023-05-26 23:06:02,158.0,f688d9dff0067381cfc99c49ef1257428b713713,1247827,,,,,,,,,,,,,,,,,,,,,,,,,,,,,,,,,,,,,,,,,,,,,,,,,,TN,,,,,,,,,,
autoland,3646670,2,6311658df04f8b9dab1d842cf1ddc69e83bd8127,linux64-qr,,False,,,102210fe594ee9b33d82058545b1ed14f4c8206e,num_static_constructors,compiler_metrics,True,compiler_metrics num_static_constructors opt valgrind,,77,,,,1701712398,2023-05-27 00:56:39,158.0,b45b68be3f9bae0da4d649a44e60c6cd175f2212,1247879,,,,,,,,,,,,,,,,,,,,,,,,,,,,,,,,,,,,,,,,,,,,,,,,,,TN,,,,,,,,,,
autoland,3646670,2,6311658df04f8b9dab1d842cf1ddc69e83bd8127,linux64-qr,,False,,,102210fe594ee9b33d82058545b1ed14f4c8206e,num_static_constructors,compiler_metrics,True,compiler_metrics num_static_constructors opt valgrind,,77,,,,1701865157,2023-05-27 11:39:36,158.0,6a941c8c6ff3290e530942915ee97161b670f15d,1247945,,,,,,,,,,,,,,,,,,,,,,,,,,,,,,,,,,,,,,,,,,,,,,,,,,TN,,,,,,,,,,
autoland,3646670,2,6311658df04f8b9dab1d842cf1ddc69e83bd8127,linux64-qr,,False,,,102210fe594ee9b33d82058545b1ed14f4c8206e,num_static_constructors,compiler_metrics,True,compiler_metrics num_static_constructors opt valgrind,,77,,,,1701877839,2023-05-27 11:39:36,158.0,6a941c8c6ff3290e530942915ee97161b670f15d,1247945,,,,,,,,,,,,,,,,,,,,,,,,,,,,,,,,,,,,,,,,,,,,,,,,,,TN,,,,,,,,,,
autoland,3646670,2,6311658df04f8b9dab1d842cf1ddc69e83bd8127,linux64-qr,,False,,,102210fe594ee9b33d82058545b1ed14f4c8206e,num_static_constructors,compiler_metrics,True,compiler_metrics num_static_constructors opt valgrind,,77,,,,1701904055,2023-05-27 15:52:21,158.0,531a15ae09d49e29c270830e9b873aa625a5a8c2,1247961,,,,,,,,,,,,,,,,,,,,,,,,,,,,,,,,,,,,,,,,,,,,,,,,,,TN,,,,,,,,,,
autoland,3646670,2,6311658df04f8b9dab1d842cf1ddc69e83bd8127,linux64-qr,,False,,,102210fe594ee9b33d82058545b1ed14f4c8206e,num_static_constructors,compiler_metrics,True,compiler_metrics num_static_constructors opt valgrind,,77,,,,1701912829,2023-05-27 15:52:21,158.0,531a15ae09d49e29c270830e9b873aa625a5a8c2,1247961,,,,,,,,,,,,,,,,,,,,,,,,,,,,,,,,,,,,,,,,,,,,,,,,,,TN,,,,,,,,,,
autoland,3646670,2,6311658df04f8b9dab1d842cf1ddc69e83bd8127,linux64-qr,,False,,,102210fe594ee9b33d82058545b1ed14f4c8206e,num_static_constructors,compiler_metrics,True,compiler_metrics num_static_constructors opt valgrind,,77,,,,1701926575,2023-05-27 15:52:21,158.0,531a15ae09d49e29c270830e9b873aa625a5a8c2,1247961,,,,,,,,,,,,,,,,,,,,,,,,,,,,,,,,,,,,,,,,,,,,,,,,,,TN,,,,,,,,,,
autoland,3646670,2,6311658df04f8b9dab1d842cf1ddc69e83bd8127,linux64-qr,,False,,,102210fe594ee9b33d82058545b1ed14f4c8206e,num_static_constructors,compiler_metrics,True,compiler_metrics num_static_constructors opt valgrind,,77,,,,1701930501,2023-05-27 15:52:21,158.0,531a15ae09d49e29c270830e9b873aa625a5a8c2,1247961,,,,,,,,,,,,,,,,,,,,,,,,,,,,,,,,,,,,,,,,,,,,,,,,,,TN,,,,,,,,,,
autoland,3646670,2,6311658df04f8b9dab1d842cf1ddc69e83bd8127,linux64-qr,,False,,,102210fe594ee9b33d82058545b1ed14f4c8206e,num_static_constructors,compiler_metrics,True,compiler_metrics num_static_constructors opt valgrind,,77,,,,1702030403,2023-05-28 20:46:15,158.0,47f0f49b40361f9c5bde3a5691dc5d65ec1e0061,1248031,,,,,,,,,,,,,,,,,,,,,,,,,,,,,,,,,,,,,,,,,,,,,,,,,,TN,,,,,,,,,,
autoland,3646670,2,6311658df04f8b9dab1d842cf1ddc69e83bd8127,linux64-qr,,False,,,102210fe594ee9b33d82058545b1ed14f4c8206e,num_static_constructors,compiler_metrics,True,compiler_metrics num_static_constructors opt valgrind,,77,,,,1702036390,2023-05-28 20:46:15,158.0,47f0f49b40361f9c5bde3a5691dc5d65ec1e0061,1248031,,,,,,,,,,,,,,,,,,,,,,,,,,,,,,,,,,,,,,,,,,,,,,,,,,TN,,,,,,,,,,
autoland,3646670,2,6311658df04f8b9dab1d842cf1ddc69e83bd8127,linux64-qr,,False,,,102210fe594ee9b33d82058545b1ed14f4c8206e,num_static_constructors,compiler_metrics,True,compiler_metrics num_static_constructors opt valgrind,,77,,,,1702040375,2023-05-28 20:46:15,158.0,47f0f49b40361f9c5bde3a5691dc5d65ec1e0061,1248031,,,,,,,,,,,,,,,,,,,,,,,,,,,,,,,,,,,,,,,,,,,,,,,,,,TN,,,,,,,,,,
autoland,3646670,2,6311658df04f8b9dab1d842cf1ddc69e83bd8127,linux64-qr,,False,,,102210fe594ee9b33d82058545b1ed14f4c8206e,num_static_constructors,compiler_metrics,True,compiler_metrics num_static_constructors opt valgrind,,77,,,,1702036695,2023-05-28 20:46:15,158.0,47f0f49b40361f9c5bde3a5691dc5d65ec1e0061,1248031,,,,,,,,,,,,,,,,,,,,,,,,,,,,,,,,,,,,,,,,,,,,,,,,,,TN,,,,,,,,,,
autoland,3646670,2,6311658df04f8b9dab1d842cf1ddc69e83bd8127,linux64-qr,,False,,,102210fe594ee9b33d82058545b1ed14f4c8206e,num_static_constructors,compiler_metrics,True,compiler_metrics num_static_constructors opt valgrind,,77,,,,1702053878,2023-05-28 22:47:57,158.0,21ee13c83a603f5e4e9035d5a9a9054412cbe5f7,1248043,,,,,,,,,,,,,,,,,,,,,,,,,,,,,,,,,,,,,,,,,,,,,,,,,,TN,,,,,,,,,,
autoland,3646670,2,6311658df04f8b9dab1d842cf1ddc69e83bd8127,linux64-qr,,False,,,102210fe594ee9b33d82058545b1ed14f4c8206e,num_static_constructors,compiler_metrics,True,compiler_metrics num_static_constructors opt valgrind,,77,,,,1702063238,2023-05-29 02:12:22,158.0,1f8f2142966233c5d8d437f93d361aa0cc2b36c6,1248080,,,,,,,,,,,,,,,,,,,,,,,,,,,,,,,,,,,,,,,,,,,,,,,,,,TN,,,,,,,,,,
autoland,3646670,2,6311658df04f8b9dab1d842cf1ddc69e83bd8127,linux64-qr,,False,,,102210fe594ee9b33d82058545b1ed14f4c8206e,num_static_constructors,compiler_metrics,True,compiler_metrics num_static_constructors opt valgrind,,77,,,,1702113939,2023-05-29 06:50:24,158.0,1565861edeebf64845658a3f48cb89fa4515bb68,1248115,,,,,,,,,,,,,,,,,,,,,,,,,,,,,,,,,,,,,,,,,,,,,,,,,,TN,,,,,,,,,,
autoland,3646670,2,6311658df04f8b9dab1d842cf1ddc69e83bd8127,linux64-qr,,False,,,102210fe594ee9b33d82058545b1ed14f4c8206e,num_static_constructors,compiler_metrics,True,compiler_metrics num_static_constructors opt valgrind,,77,,,,1702127418,2023-05-29 07:27:55,158.0,31915ad324761c4fe80dac65ca36f070ab2102a2,1248125,,,,,,,,,,,,,,,,,,,,,,,,,,,,,,,,,,,,,,,,,,,,,,,,,,TN,,,,,,,,,,
autoland,3646670,2,6311658df04f8b9dab1d842cf1ddc69e83bd8127,linux64-qr,,False,,,102210fe594ee9b33d82058545b1ed14f4c8206e,num_static_constructors,compiler_metrics,True,compiler_metrics num_static_constructors opt valgrind,,77,,,,1702271870,2023-05-29 13:34:49,158.0,fc5fe4c288f6b66527c3e44199ca2d8a6b8a11d8,1248241,,,,,,,,,,,,,,,,,,,,,,,,,,,,,,,,,,,,,,,,,,,,,,,,,,TN,,,,,,,,,,
autoland,3646670,2,6311658df04f8b9dab1d842cf1ddc69e83bd8127,linux64-qr,,False,,,102210fe594ee9b33d82058545b1ed14f4c8206e,num_static_constructors,compiler_metrics,True,compiler_metrics num_static_constructors opt valgrind,,77,,,,1702307338,2023-05-29 15:52:56,158.0,e1a08bab18008646938a96dfab802d2471fcadc1,1248305,,,,,,,,,,,,,,,,,,,,,,,,,,,,,,,,,,,,,,,,,,,,,,,,,,TN,,,,,,,,,,
autoland,3646670,2,6311658df04f8b9dab1d842cf1ddc69e83bd8127,linux64-qr,,False,,,102210fe594ee9b33d82058545b1ed14f4c8206e,num_static_constructors,compiler_metrics,True,compiler_metrics num_static_constructors opt valgrind,,77,,,,1702326870,2023-05-29 15:52:56,158.0,e1a08bab18008646938a96dfab802d2471fcadc1,1248305,,,,,,,,,,,,,,,,,,,,,,,,,,,,,,,,,,,,,,,,,,,,,,,,,,TN,,,,,,,,,,
autoland,3646670,2,6311658df04f8b9dab1d842cf1ddc69e83bd8127,linux64-qr,,False,,,102210fe594ee9b33d82058545b1ed14f4c8206e,num_static_constructors,compiler_metrics,True,compiler_metrics num_static_constructors opt valgrind,,77,,,,1702337804,2023-05-29 15:52:56,158.0,e1a08bab18008646938a96dfab802d2471fcadc1,1248305,,,,,,,,,,,,,,,,,,,,,,,,,,,,,,,,,,,,,,,,,,,,,,,,,,TN,,,,,,,,,,
autoland,3646670,2,6311658df04f8b9dab1d842cf1ddc69e83bd8127,linux64-qr,,False,,,102210fe594ee9b33d82058545b1ed14f4c8206e,num_static_constructors,compiler_metrics,True,compiler_metrics num_static_constructors opt valgrind,,77,,,,1702352274,2023-05-29 18:33:56,158.0,90b70a4d4a673f3057de61f893693fb6488235c8,1248388,,,,,,,,,,,,,,,,,,,,,,,,,,,,,,,,,,,,,,,,,,,,,,,,,,TN,,,,,,,,,,
autoland,3646670,2,6311658df04f8b9dab1d842cf1ddc69e83bd8127,linux64-qr,,False,,,102210fe594ee9b33d82058545b1ed14f4c8206e,num_static_constructors,compiler_metrics,True,compiler_metrics num_static_constructors opt valgrind,,77,,,,1702366696,2023-05-29 18:33:56,158.0,90b70a4d4a673f3057de61f893693fb6488235c8,1248388,,,,,,,,,,,,,,,,,,,,,,,,,,,,,,,,,,,,,,,,,,,,,,,,,,TN,,,,,,,,,,
autoland,3646670,2,6311658df04f8b9dab1d842cf1ddc69e83bd8127,linux64-qr,,False,,,102210fe594ee9b33d82058545b1ed14f4c8206e,num_static_constructors,compiler_metrics,True,compiler_metrics num_static_constructors opt valgrind,,77,,,,1702381754,2023-05-29 20:27:32,158.0,496eefc6bee2519ce93df561b640b582e869b964,1248440,,,,,,,,,,,,,,,,,,,,,,,,,,,,,,,,,,,,,,,,,,,,,,,,,,TN,,,,,,,,,,
autoland,3646670,2,6311658df04f8b9dab1d842cf1ddc69e83bd8127,linux64-qr,,False,,,102210fe594ee9b33d82058545b1ed14f4c8206e,num_static_constructors,compiler_metrics,True,compiler_metrics num_static_constructors opt valgrind,,77,,,,1702382255,2023-05-29 20:34:18,158.0,f7d3e204b0fb015cf0fb51a08403e22986a2ae52,1248445,,,,,,,,,,,,,,,,,,,,,,,,,,,,,,,,,,,,,,,,,,,,,,,,,,TN,,,,,,,,,,
autoland,3646670,2,6311658df04f8b9dab1d842cf1ddc69e83bd8127,linux64-qr,,False,,,102210fe594ee9b33d82058545b1ed14f4c8206e,num_static_constructors,compiler_metrics,True,compiler_metrics num_static_constructors opt valgrind,,77,,,,1702469665,2023-05-30 01:15:28,158.0,82442b2d56d94c600cca707dd62ab7a19d68bbd2,1248536,,,,,,,,,,,,,,,,,,,,,,,,,,,,,,,,,,,,,,,,,,,,,,,,,,TN,,,,,,,,,,
autoland,3646670,2,6311658df04f8b9dab1d842cf1ddc69e83bd8127,linux64-qr,,False,,,102210fe594ee9b33d82058545b1ed14f4c8206e,num_static_constructors,compiler_metrics,True,compiler_metrics num_static_constructors opt valgrind,,77,,,,1702561341,2023-05-30 06:58:06,158.0,23a3b1b5a2b78d86456189221e567423206bc00a,1248601,,,,,,,,,,,,,,,,,,,,,,,,,,,,,,,,,,,,,,,,,,,,,,,,,,TN,,,,,,,,,,
autoland,3646670,2,6311658df04f8b9dab1d842cf1ddc69e83bd8127,linux64-qr,,False,,,102210fe594ee9b33d82058545b1ed14f4c8206e,num_static_constructors,compiler_metrics,True,compiler_metrics num_static_constructors opt valgrind,,77,,,,1702582442,2023-05-30 07:49:46,158.0,64b2487b96b949b3c6a787dfd17210f9998fb42e,1248618,,,,,,,,,,,,,,,,,,,,,,,,,,,,,,,,,,,,,,,,,,,,,,,,,,TN,,,,,,,,,,
autoland,3646670,2,6311658df04f8b9dab1d842cf1ddc69e83bd8127,linux64-qr,,False,,,102210fe594ee9b33d82058545b1ed14f4c8206e,num_static_constructors,compiler_metrics,True,compiler_metrics num_static_constructors opt valgrind,,77,,,,1702615685,2023-05-30 07:49:46,158.0,64b2487b96b949b3c6a787dfd17210f9998fb42e,1248618,,,,,,,,,,,,,,,,,,,,,,,,,,,,,,,,,,,,,,,,,,,,,,,,,,TN,,,,,,,,,,
autoland,3646670,2,6311658df04f8b9dab1d842cf1ddc69e83bd8127,linux64-qr,,False,,,102210fe594ee9b33d82058545b1ed14f4c8206e,num_static_constructors,compiler_metrics,True,compiler_metrics num_static_constructors opt valgrind,,77,,,,1702632585,2023-05-30 07:49:46,158.0,64b2487b96b949b3c6a787dfd17210f9998fb42e,1248618,,,,,,,,,,,,,,,,,,,,,,,,,,,,,,,,,,,,,,,,,,,,,,,,,,TN,,,,,,,,,,
autoland,3646670,2,6311658df04f8b9dab1d842cf1ddc69e83bd8127,linux64-qr,,False,,,102210fe594ee9b33d82058545b1ed14f4c8206e,num_static_constructors,compiler_metrics,True,compiler_metrics num_static_constructors opt valgrind,,77,,,,1702632946,2023-05-30 09:46:57,158.0,b6b97bf68e378db6ea4a087c2da7e946aac3a084,1248680,,,,,,,,,,,,,,,,,,,,,,,,,,,,,,,,,,,,,,,,,,,,,,,,,,TN,,,,,,,,,,
autoland,3646670,2,6311658df04f8b9dab1d842cf1ddc69e83bd8127,linux64-qr,,False,,,102210fe594ee9b33d82058545b1ed14f4c8206e,num_static_constructors,compiler_metrics,True,compiler_metrics num_static_constructors opt valgrind,,77,,,,1702652326,2023-05-30 09:46:57,158.0,b6b97bf68e378db6ea4a087c2da7e946aac3a084,1248680,,,,,,,,,,,,,,,,,,,,,,,,,,,,,,,,,,,,,,,,,,,,,,,,,,TN,,,,,,,,,,
autoland,3646670,2,6311658df04f8b9dab1d842cf1ddc69e83bd8127,linux64-qr,,False,,,102210fe594ee9b33d82058545b1ed14f4c8206e,num_static_constructors,compiler_metrics,True,compiler_metrics num_static_constructors opt valgrind,,77,,,,1702722987,2023-05-30 12:05:20,158.0,121d4440186ece5c7acf444a8879a3818d54fef5,1248752,,,,,,,,,,,,,,,,,,,,,,,,,,,,,,,,,,,,,,,,,,,,,,,,,,TN,,,,,,,,,,
autoland,3646670,2,6311658df04f8b9dab1d842cf1ddc69e83bd8127,linux64-qr,,False,,,102210fe594ee9b33d82058545b1ed14f4c8206e,num_static_constructors,compiler_metrics,True,compiler_metrics num_static_constructors opt valgrind,,77,,,,1702741382,2023-05-30 12:05:20,158.0,121d4440186ece5c7acf444a8879a3818d54fef5,1248752,,,,,,,,,,,,,,,,,,,,,,,,,,,,,,,,,,,,,,,,,,,,,,,,,,TN,,,,,,,,,,
autoland,3646670,2,6311658df04f8b9dab1d842cf1ddc69e83bd8127,linux64-qr,,False,,,102210fe594ee9b33d82058545b1ed14f4c8206e,num_static_constructors,compiler_metrics,True,compiler_metrics num_static_constructors opt valgrind,,77,,,,1702787783,2023-05-30 15:20:14,158.0,8ddf44b47ed68e786f1ca69913136fe2ddd7f1d2,1248888,,,,,,,,,,,,,,,,,,,,,,,,,,,,,,,,,,,,,,,,,,,,,,,,,,TN,,,,,,,,,,
autoland,3646670,2,6311658df04f8b9dab1d842cf1ddc69e83bd8127,linux64-qr,,False,,,102210fe594ee9b33d82058545b1ed14f4c8206e,num_static_constructors,compiler_metrics,True,compiler_metrics num_static_constructors opt valgrind,,77,,,,1702839074,2023-05-30 17:39:04,158.0,d9149151cfdcc1668a2bd2d146188fd6e1889fbb,1248970,,,,,,,,,,,,,,,,,,,,,,,,,,,,,,,,,,,,,,,,,,,,,,,,,,TN,,,,,,,,,,
autoland,3646670,2,6311658df04f8b9dab1d842cf1ddc69e83bd8127,linux64-qr,,False,,,102210fe594ee9b33d82058545b1ed14f4c8206e,num_static_constructors,compiler_metrics,True,compiler_metrics num_static_constructors opt valgrind,,77,,,,1702876972,2023-05-30 19:20:55,158.0,361a866d206fd695b15823113863d449afb7c87d,1249050,,,,,,,,,,,,,,,,,,,,,,,,,,,,,,,,,,,,,,,,,,,,,,,,,,TN,,,,,,,,,,
autoland,3646670,2,6311658df04f8b9dab1d842cf1ddc69e83bd8127,linux64-qr,,False,,,102210fe594ee9b33d82058545b1ed14f4c8206e,num_static_constructors,compiler_metrics,True,compiler_metrics num_static_constructors opt valgrind,,77,,,,1702883156,2023-05-30 19:21:44,158.0,f9dad80c02c9517d8cb38311989dab88f1236015,1249051,,,,,,,,,,,,,,,,,,,,,,,,,,,,,,,,,,,,,,,,,,,,,,,,,,TN,,,,,,,,,,
autoland,3646670,2,6311658df04f8b9dab1d842cf1ddc69e83bd8127,linux64-qr,,False,,,102210fe594ee9b33d82058545b1ed14f4c8206e,num_static_constructors,compiler_metrics,True,compiler_metrics num_static_constructors opt valgrind,,77,,,,1702988951,2023-05-30 21:41:23,158.0,e590d5f01b3b9af6ce088e9bcad4e6ba455c3337,1249145,,,,,,,,,,,,,,,,,,,,,,,,,,,,,,,,,,,,,,,,,,,,,,,,,,TN,,,,,,,,,,
autoland,3646670,2,6311658df04f8b9dab1d842cf1ddc69e83bd8127,linux64-qr,,False,,,102210fe594ee9b33d82058545b1ed14f4c8206e,num_static_constructors,compiler_metrics,True,compiler_metrics num_static_constructors opt valgrind,,77,,,,1703016400,2023-05-30 22:16:30,158.0,0ea1f0bff41ab8b0e92e4f35f3d6eaf801ad3fc0,1249172,,,,,,,,,,,,,,,,,,,,,,,,,,,,,,,,,,,,,,,,,,,,,,,,,,TN,,,,,,,,,,
autoland,3646670,2,6311658df04f8b9dab1d842cf1ddc69e83bd8127,linux64-qr,,False,,,102210fe594ee9b33d82058545b1ed14f4c8206e,num_static_constructors,compiler_metrics,True,compiler_metrics num_static_constructors opt valgrind,,77,,,,1703049936,2023-05-30 22:16:30,158.0,0ea1f0bff41ab8b0e92e4f35f3d6eaf801ad3fc0,1249172,,,,,,,,,,,,,,,,,,,,,,,,,,,,,,,,,,,,,,,,,,,,,,,,,,TN,,,,,,,,,,
autoland,3646670,2,6311658df04f8b9dab1d842cf1ddc69e83bd8127,linux64-qr,,False,,,102210fe594ee9b33d82058545b1ed14f4c8206e,num_static_constructors,compiler_metrics,True,compiler_metrics num_static_constructors opt valgrind,,77,,,,1703057333,2023-05-30 22:16:30,158.0,0ea1f0bff41ab8b0e92e4f35f3d6eaf801ad3fc0,1249172,,,,,,,,,,,,,,,,,,,,,,,,,,,,,,,,,,,,,,,,,,,,,,,,,,TN,,,,,,,,,,
autoland,3646670,2,6311658df04f8b9dab1d842cf1ddc69e83bd8127,linux64-qr,,False,,,102210fe594ee9b33d82058545b1ed14f4c8206e,num_static_constructors,compiler_metrics,True,compiler_metrics num_static_constructors opt valgrind,,77,,,,1703072763,2023-05-31 00:00:26,158.0,fcef8b674ed2cbb44994df57b4420d09c979a46b,1249224,,,,,,,,,,,,,,,,,,,,,,,,,,,,,,,,,,,,,,,,,,,,,,,,,,TN,,,,,,,,,,
autoland,3646670,2,6311658df04f8b9dab1d842cf1ddc69e83bd8127,linux64-qr,,False,,,102210fe594ee9b33d82058545b1ed14f4c8206e,num_static_constructors,compiler_metrics,True,compiler_metrics num_static_constructors opt valgrind,,77,,,,1703131107,2023-05-31 02:21:54,158.0,40997d8c121ee054ffe5df2c1a10d3a392f78c3c,1249255,,,,,,,,,,,,,,,,,,,,,,,,,,,,,,,,,,,,,,,,,,,,,,,,,,TN,,,,,,,,,,
autoland,3646670,2,6311658df04f8b9dab1d842cf1ddc69e83bd8127,linux64-qr,,False,,,102210fe594ee9b33d82058545b1ed14f4c8206e,num_static_constructors,compiler_metrics,True,compiler_metrics num_static_constructors opt valgrind,,77,,,,1703339971,2023-05-31 08:52:21,158.0,0f75cd1f132cae02560f8736469b3fc801fdccc1,1249394,,,,,,,,,,,,,,,,,,,,,,,,,,,,,,,,,,,,,,,,,,,,,,,,,,TN,,,,,,,,,,
autoland,3646670,2,6311658df04f8b9dab1d842cf1ddc69e83bd8127,linux64-qr,,False,,,102210fe594ee9b33d82058545b1ed14f4c8206e,num_static_constructors,compiler_metrics,True,compiler_metrics num_static_constructors opt valgrind,,77,,,,1703371771,2023-05-31 09:56:26,158.0,2317c21d7aeb68528ec7946980e7ca68d74c451a,1249439,,,,,,,,,,,,,,,,,,,,,,,,,,,,,,,,,,,,,,,,,,,,,,,,,,TN,,,,,,,,,,
autoland,3646670,2,6311658df04f8b9dab1d842cf1ddc69e83bd8127,linux64-qr,,False,,,102210fe594ee9b33d82058545b1ed14f4c8206e,num_static_constructors,compiler_metrics,True,compiler_metrics num_static_constructors opt valgrind,,77,,,,1703410974,2023-05-31 09:56:26,158.0,2317c21d7aeb68528ec7946980e7ca68d74c451a,1249439,,,,,,,,,,,,,,,,,,,,,,,,,,,,,,,,,,,,,,,,,,,,,,,,,,TN,,,,,,,,,,
autoland,3646670,2,6311658df04f8b9dab1d842cf1ddc69e83bd8127,linux64-qr,,False,,,102210fe594ee9b33d82058545b1ed14f4c8206e,num_static_constructors,compiler_metrics,True,compiler_metrics num_static_constructors opt valgrind,,77,,,,1703410752,2023-05-31 09:56:26,158.0,2317c21d7aeb68528ec7946980e7ca68d74c451a,1249439,,,,,,,,,,,,,,,,,,,,,,,,,,,,,,,,,,,,,,,,,,,,,,,,,,TN,,,,,,,,,,
autoland,3646670,2,6311658df04f8b9dab1d842cf1ddc69e83bd8127,linux64-qr,,False,,,102210fe594ee9b33d82058545b1ed14f4c8206e,num_static_constructors,compiler_metrics,True,compiler_metrics num_static_constructors opt valgrind,,77,,,,1703410676,2023-05-31 09:56:26,158.0,2317c21d7aeb68528ec7946980e7ca68d74c451a,1249439,,,,,,,,,,,,,,,,,,,,,,,,,,,,,,,,,,,,,,,,,,,,,,,,,,TN,,,,,,,,,,
autoland,3646670,2,6311658df04f8b9dab1d842cf1ddc69e83bd8127,linux64-qr,,False,,,102210fe594ee9b33d82058545b1ed14f4c8206e,num_static_constructors,compiler_metrics,True,compiler_metrics num_static_constructors opt valgrind,,77,,,,1703511637,2023-05-31 12:40:08,158.0,be003bc24d249ccbd427d8ba21ea81c4637f1cda,1249513,,,,,,,,,,,,,,,,,,,,,,,,,,,,,,,,,,,,,,,,,,,,,,,,,,TN,,,,,,,,,,
autoland,3646670,2,6311658df04f8b9dab1d842cf1ddc69e83bd8127,linux64-qr,,False,,,102210fe594ee9b33d82058545b1ed14f4c8206e,num_static_constructors,compiler_metrics,True,compiler_metrics num_static_constructors opt valgrind,,77,,,,1703575446,2023-05-31 12:40:08,158.0,be003bc24d249ccbd427d8ba21ea81c4637f1cda,1249513,,,,,,,,,,,,,,,,,,,,,,,,,,,,,,,,,,,,,,,,,,,,,,,,,,TN,,,,,,,,,,
autoland,3646670,2,6311658df04f8b9dab1d842cf1ddc69e83bd8127,linux64-qr,,False,,,102210fe594ee9b33d82058545b1ed14f4c8206e,num_static_constructors,compiler_metrics,True,compiler_metrics num_static_constructors opt valgrind,,77,,,,1703574815,2023-05-31 12:40:08,158.0,be003bc24d249ccbd427d8ba21ea81c4637f1cda,1249513,,,,,,,,,,,,,,,,,,,,,,,,,,,,,,,,,,,,,,,,,,,,,,,,,,TN,,,,,,,,,,
autoland,3646670,2,6311658df04f8b9dab1d842cf1ddc69e83bd8127,linux64-qr,,False,,,102210fe594ee9b33d82058545b1ed14f4c8206e,num_static_constructors,compiler_metrics,True,compiler_metrics num_static_constructors opt valgrind,,77,,,,1703576267,2023-05-31 12:40:08,158.0,be003bc24d249ccbd427d8ba21ea81c4637f1cda,1249513,,,,,,,,,,,,,,,,,,,,,,,,,,,,,,,,,,,,,,,,,,,,,,,,,,TN,,,,,,,,,,
autoland,3646670,2,6311658df04f8b9dab1d842cf1ddc69e83bd8127,linux64-qr,,False,,,102210fe594ee9b33d82058545b1ed14f4c8206e,num_static_constructors,compiler_metrics,True,compiler_metrics num_static_constructors opt valgrind,,77,,,,1703594713,2023-05-31 14:02:33,158.0,7d2ea0789fc8c8538febac2643670ed4a46de087,1249550,,,,,,,,,,,,,,,,,,,,,,,,,,,,,,,,,,,,,,,,,,,,,,,,,,TN,,,,,,,,,,
autoland,3646670,2,6311658df04f8b9dab1d842cf1ddc69e83bd8127,linux64-qr,,False,,,102210fe594ee9b33d82058545b1ed14f4c8206e,num_static_constructors,compiler_metrics,True,compiler_metrics num_static_constructors opt valgrind,,77,,,,1703640668,2023-05-31 14:02:33,158.0,7d2ea0789fc8c8538febac2643670ed4a46de087,1249550,,,,,,,,,,,,,,,,,,,,,,,,,,,,,,,,,,,,,,,,,,,,,,,,,,TN,,,,,,,,,,
autoland,3646670,2,6311658df04f8b9dab1d842cf1ddc69e83bd8127,linux64-qr,,False,,,102210fe594ee9b33d82058545b1ed14f4c8206e,num_static_constructors,compiler_metrics,True,compiler_metrics num_static_constructors opt valgrind,,77,,,,1703641831,2023-05-31 14:02:33,158.0,7d2ea0789fc8c8538febac2643670ed4a46de087,1249550,,,,,,,,,,,,,,,,,,,,,,,,,,,,,,,,,,,,,,,,,,,,,,,,,,TN,,,,,,,,,,
autoland,3646670,2,6311658df04f8b9dab1d842cf1ddc69e83bd8127,linux64-qr,,False,,,102210fe594ee9b33d82058545b1ed14f4c8206e,num_static_constructors,compiler_metrics,True,compiler_metrics num_static_constructors opt valgrind,,77,,,,1703640780,2023-05-31 14:02:33,158.0,7d2ea0789fc8c8538febac2643670ed4a46de087,1249550,,,,,,,,,,,,,,,,,,,,,,,,,,,,,,,,,,,,,,,,,,,,,,,,,,TN,,,,,,,,,,
autoland,3646670,2,6311658df04f8b9dab1d842cf1ddc69e83bd8127,linux64-qr,,False,,,102210fe594ee9b33d82058545b1ed14f4c8206e,num_static_constructors,compiler_metrics,True,compiler_metrics num_static_constructors opt valgrind,,77,,,,1703671044,2023-05-31 15:08:35,158.0,513ac812d28fbd668a0b4216f4f52aef38b29501,1249582,,,,,,,,,,,,,,,,,,,,,,,,,,,,,,,,,,,,,,,,,,,,,,,,,,TN,,,,,,,,,,
autoland,3646670,2,6311658df04f8b9dab1d842cf1ddc69e83bd8127,linux64-qr,,False,,,102210fe594ee9b33d82058545b1ed14f4c8206e,num_static_constructors,compiler_metrics,True,compiler_metrics num_static_constructors opt valgrind,,77,,,,1703732871,2023-05-31 15:08:35,158.0,513ac812d28fbd668a0b4216f4f52aef38b29501,1249582,,,,,,,,,,,,,,,,,,,,,,,,,,,,,,,,,,,,,,,,,,,,,,,,,,TN,,,,,,,,,,
autoland,3646670,2,6311658df04f8b9dab1d842cf1ddc69e83bd8127,linux64-qr,,False,,,102210fe594ee9b33d82058545b1ed14f4c8206e,num_static_constructors,compiler_metrics,True,compiler_metrics num_static_constructors opt valgrind,,77,,,,1703746271,2023-05-31 15:08:35,158.0,513ac812d28fbd668a0b4216f4f52aef38b29501,1249582,,,,,,,,,,,,,,,,,,,,,,,,,,,,,,,,,,,,,,,,,,,,,,,,,,TN,,,,,,,,,,
autoland,3646670,2,6311658df04f8b9dab1d842cf1ddc69e83bd8127,linux64-qr,,False,,,102210fe594ee9b33d82058545b1ed14f4c8206e,num_static_constructors,compiler_metrics,True,compiler_metrics num_static_constructors opt valgrind,,77,,,,1703748290,2023-05-31 15:08:35,158.0,513ac812d28fbd668a0b4216f4f52aef38b29501,1249582,,,,,,,,,,,,,,,,,,,,,,,,,,,,,,,,,,,,,,,,,,,,,,,,,,TN,,,,,,,,,,
autoland,3646670,2,6311658df04f8b9dab1d842cf1ddc69e83bd8127,linux64-qr,,False,,,102210fe594ee9b33d82058545b1ed14f4c8206e,num_static_constructors,compiler_metrics,True,compiler_metrics num_static_constructors opt valgrind,,77,,,,1703768171,2023-05-31 17:12:03,155.0,81758aba6ab346d2a024fa3fbfacdbf5fbae0b62,1249695,,,,,,,,,,,,,,,,,,,,,,,,,,,,,,,,,,,,,,,,,,,,,,,,,,TN,,,,,,,,,,
autoland,3646670,2,6311658df04f8b9dab1d842cf1ddc69e83bd8127,linux64-qr,,False,,,102210fe594ee9b33d82058545b1ed14f4c8206e,num_static_constructors,compiler_metrics,True,compiler_metrics num_static_constructors opt valgrind,,77,,,,1703778346,2023-05-31 17:22:12,155.0,b1a1fe06a88b8bdb3f1c5564d12f6798261f34f8,1249712,,,,,,,,,,,,,,,,,,,,,,,,,,,,,,,,,,,,,,,,,,,,,,,,,,TN,,,,,,,,,,
autoland,3646670,2,6311658df04f8b9dab1d842cf1ddc69e83bd8127,linux64-qr,,False,,,102210fe594ee9b33d82058545b1ed14f4c8206e,num_static_constructors,compiler_metrics,True,compiler_metrics num_static_constructors opt valgrind,,77,,,,1703924682,2023-05-31 19:46:06,155.0,12b89d88d0716bb17ad6cc935f31e58c4dace191,1249838,,,,,,,,,,,,,,,,,,,,,,,,,,,,,,,,,,,,,,,,,,,,,,,,,,TN,,,,,,,,,,
autoland,3646670,2,6311658df04f8b9dab1d842cf1ddc69e83bd8127,linux64-qr,,False,,,102210fe594ee9b33d82058545b1ed14f4c8206e,num_static_constructors,compiler_metrics,True,compiler_metrics num_static_constructors opt valgrind,,77,,,,1703960535,2023-05-31 20:28:19,155.0,acd631722a01cb363c4967477af9f240d35cd218,1249881,,,,,,,,,,,,,,,,,,,,,,,,,,,,,,,,,,,,,,,,,,,,,,,,,,TN,,,,,,,,,,
autoland,3646670,2,6311658df04f8b9dab1d842cf1ddc69e83bd8127,linux64-qr,,False,,,102210fe594ee9b33d82058545b1ed14f4c8206e,num_static_constructors,compiler_metrics,True,compiler_metrics num_static_constructors opt valgrind,,77,,,,1704026562,2023-05-31 22:20:04,155.0,7789262f482a4b98d2ccaca7d3f52cdbfe68cdcb,1249995,,,,,,,,,,,,,,,,,,,,,,,,,,,,,,,,,,,,,,,,,,,,,,,,,,TN,,,,,,,,,,
autoland,3646670,2,6311658df04f8b9dab1d842cf1ddc69e83bd8127,linux64-qr,,False,,,102210fe594ee9b33d82058545b1ed14f4c8206e,num_static_constructors,compiler_metrics,True,compiler_metrics num_static_constructors opt valgrind,,77,,,,1704104309,2023-05-31 23:35:37,155.0,69cd9d943489100b8424cf1b19b0646cbc9c317c,1250055,,,,,,,,,,,,,,,,,,,,,,,,,,,,,,,,,,,,,,,,,,,,,,,,,,TN,,,,,,,,,,
autoland,3646670,2,6311658df04f8b9dab1d842cf1ddc69e83bd8127,linux64-qr,,False,,,102210fe594ee9b33d82058545b1ed14f4c8206e,num_static_constructors,compiler_metrics,True,compiler_metrics num_static_constructors opt valgrind,,77,,,,1704198933,2023-06-01 03:44:27,155.0,5d6127a9b7ed37774d6403efd4ee1ec813503592,1250134,,,,,,,,,,,,,,,,,,,,,,,,,,,,,,,,,,,,,,,,,,,,,,,,,,TN,,,,,,,,,,
autoland,3646670,2,6311658df04f8b9dab1d842cf1ddc69e83bd8127,linux64-qr,,False,,,102210fe594ee9b33d82058545b1ed14f4c8206e,num_static_constructors,compiler_metrics,True,compiler_metrics num_static_constructors opt valgrind,,77,,,,1704322776,2023-06-01 08:18:01,155.0,310a02cb1216c0fafadcbc049aac0875871eab96,1250206,,,,,,,,,,,,,,,,,,,,,,,,,,,,,,,,,,,,,,,,,,,,,,,,,,TN,,,,,,,,,,
autoland,3646670,2,6311658df04f8b9dab1d842cf1ddc69e83bd8127,linux64-qr,,False,,,102210fe594ee9b33d82058545b1ed14f4c8206e,num_static_constructors,compiler_metrics,True,compiler_metrics num_static_constructors opt valgrind,,77,,,,1704338686,2023-06-01 08:18:01,155.0,310a02cb1216c0fafadcbc049aac0875871eab96,1250206,,,,,,,,,,,,,,,,,,,,,,,,,,,,,,,,,,,,,,,,,,,,,,,,,,TN,,,,,,,,,,
autoland,3646670,2,6311658df04f8b9dab1d842cf1ddc69e83bd8127,linux64-qr,,False,,,102210fe594ee9b33d82058545b1ed14f4c8206e,num_static_constructors,compiler_metrics,True,compiler_metrics num_static_constructors opt valgrind,,77,,,,1704364789,2023-06-01 08:18:01,155.0,310a02cb1216c0fafadcbc049aac0875871eab96,1250206,,,,,,,,,,,,,,,,,,,,,,,,,,,,,,,,,,,,,,,,,,,,,,,,,,TN,,,,,,,,,,
autoland,3646670,2,6311658df04f8b9dab1d842cf1ddc69e83bd8127,linux64-qr,,False,,,102210fe594ee9b33d82058545b1ed14f4c8206e,num_static_constructors,compiler_metrics,True,compiler_metrics num_static_constructors opt valgrind,,77,,,,1704395139,2023-06-01 08:18:01,155.0,310a02cb1216c0fafadcbc049aac0875871eab96,1250206,,,,,,,,,,,,,,,,,,,,,,,,,,,,,,,,,,,,,,,,,,,,,,,,,,TN,,,,,,,,,,
autoland,3646670,2,6311658df04f8b9dab1d842cf1ddc69e83bd8127,linux64-qr,,False,,,102210fe594ee9b33d82058545b1ed14f4c8206e,num_static_constructors,compiler_metrics,True,compiler_metrics num_static_constructors opt valgrind,,77,,,,1704358012,2023-06-01 09:51:53,155.0,3ee1184f75ef01c3b8b3acb826d84a189cac75ce,1250243,,,,,,,,,,,,,,,,,,,,,,,,,,,,,,,,,,,,,,,,,,,,,,,,,,TN,,,,,,,,,,
autoland,3646670,2,6311658df04f8b9dab1d842cf1ddc69e83bd8127,linux64-qr,,False,,,102210fe594ee9b33d82058545b1ed14f4c8206e,num_static_constructors,compiler_metrics,True,compiler_metrics num_static_constructors opt valgrind,,77,,,,1704387814,2023-06-01 09:51:53,155.0,3ee1184f75ef01c3b8b3acb826d84a189cac75ce,1250243,,,,,,,,,,,,,,,,,,,,,,,,,,,,,,,,,,,,,,,,,,,,,,,,,,TN,,,,,,,,,,
autoland,3646670,2,6311658df04f8b9dab1d842cf1ddc69e83bd8127,linux64-qr,,False,,,102210fe594ee9b33d82058545b1ed14f4c8206e,num_static_constructors,compiler_metrics,True,compiler_metrics num_static_constructors opt valgrind,,77,,,,1704538926,2023-06-01 13:02:40,155.0,62dc51023b99f8e84c8a583ce7dd1fcc031ffdb1,1250358,,,,,,,,,,,,,,,,,,,,,,,,,,,,,,,,,,,,,,,,,,,,,,,,,,TN,,,,,,,,,,
autoland,3646670,2,6311658df04f8b9dab1d842cf1ddc69e83bd8127,linux64-qr,,False,,,102210fe594ee9b33d82058545b1ed14f4c8206e,num_static_constructors,compiler_metrics,True,compiler_metrics num_static_constructors opt valgrind,,77,,,,1704578622,2023-06-01 13:54:39,155.0,01e7e891e3d0793f8a185fe99b6f8cc9c6ffa74e,1250379,,,,,,,,,,,,,,,,,,,,,,,,,,,,,,,,,,,,,,,,,,,,,,,,,,TN,,,,,,,,,,
autoland,3646670,2,6311658df04f8b9dab1d842cf1ddc69e83bd8127,linux64-qr,,False,,,102210fe594ee9b33d82058545b1ed14f4c8206e,num_static_constructors,compiler_metrics,True,compiler_metrics num_static_constructors opt valgrind,,77,,,,1704600900,2023-06-01 13:54:39,155.0,01e7e891e3d0793f8a185fe99b6f8cc9c6ffa74e,1250379,,,,,,,,,,,,,,,,,,,,,,,,,,,,,,,,,,,,,,,,,,,,,,,,,,TN,,,,,,,,,,
autoland,3646670,2,6311658df04f8b9dab1d842cf1ddc69e83bd8127,linux64-qr,,False,,,102210fe594ee9b33d82058545b1ed14f4c8206e,num_static_constructors,compiler_metrics,True,compiler_metrics num_static_constructors opt valgrind,,77,,,,1704633564,2023-06-01 13:54:39,155.0,01e7e891e3d0793f8a185fe99b6f8cc9c6ffa74e,1250379,,,,,,,,,,,,,,,,,,,,,,,,,,,,,,,,,,,,,,,,,,,,,,,,,,TN,,,,,,,,,,
autoland,3646670,2,6311658df04f8b9dab1d842cf1ddc69e83bd8127,linux64-qr,,False,,,102210fe594ee9b33d82058545b1ed14f4c8206e,num_static_constructors,compiler_metrics,True,compiler_metrics num_static_constructors opt valgrind,,77,,,,1704712535,2023-06-01 19:27:13,155.0,68e2320457eb41774fbbbe5e366e7497606e31db,1250616,,,,,,,,,,,,,,,,,,,,,,,,,,,,,,,,,,,,,,,,,,,,,,,,,,TN,,,,,,,,,,
autoland,3646670,2,6311658df04f8b9dab1d842cf1ddc69e83bd8127,linux64-qr,,False,,,102210fe594ee9b33d82058545b1ed14f4c8206e,num_static_constructors,compiler_metrics,True,compiler_metrics num_static_constructors opt valgrind,,77,,,,1704750604,2023-06-01 19:27:13,155.0,68e2320457eb41774fbbbe5e366e7497606e31db,1250616,,,,,,,,,,,,,,,,,,,,,,,,,,,,,,,,,,,,,,,,,,,,,,,,,,TN,,,,,,,,,,
autoland,3646670,2,6311658df04f8b9dab1d842cf1ddc69e83bd8127,linux64-qr,,False,,,102210fe594ee9b33d82058545b1ed14f4c8206e,num_static_constructors,compiler_metrics,True,compiler_metrics num_static_constructors opt valgrind,,77,,,,1704795287,2023-06-01 19:27:13,155.0,68e2320457eb41774fbbbe5e366e7497606e31db,1250616,,,,,,,,,,,,,,,,,,,,,,,,,,,,,,,,,,,,,,,,,,,,,,,,,,TN,,,,,,,,,,
autoland,3646670,2,6311658df04f8b9dab1d842cf1ddc69e83bd8127,linux64-qr,,False,,,102210fe594ee9b33d82058545b1ed14f4c8206e,num_static_constructors,compiler_metrics,True,compiler_metrics num_static_constructors opt valgrind,,77,,,,1704719676,2023-06-01 19:53:44,155.0,ae0f513f1d25aef3f79ad009b5f2dd7407536827,1250634,,,,,,,,,,,,,,,,,,,,,,,,,,,,,,,,,,,,,,,,,,,,,,,,,,TN,,,,,,,,,,
autoland,3646670,2,6311658df04f8b9dab1d842cf1ddc69e83bd8127,linux64-qr,,False,,,102210fe594ee9b33d82058545b1ed14f4c8206e,num_static_constructors,compiler_metrics,True,compiler_metrics num_static_constructors opt valgrind,,77,,,,1704768065,2023-06-01 19:53:44,155.0,ae0f513f1d25aef3f79ad009b5f2dd7407536827,1250634,,,,,,,,,,,,,,,,,,,,,,,,,,,,,,,,,,,,,,,,,,,,,,,,,,TN,,,,,,,,,,
autoland,3646670,2,6311658df04f8b9dab1d842cf1ddc69e83bd8127,linux64-qr,,False,,,102210fe594ee9b33d82058545b1ed14f4c8206e,num_static_constructors,compiler_metrics,True,compiler_metrics num_static_constructors opt valgrind,,77,,,,1704802666,2023-06-01 19:53:44,155.0,ae0f513f1d25aef3f79ad009b5f2dd7407536827,1250634,,,,,,,,,,,,,,,,,,,,,,,,,,,,,,,,,,,,,,,,,,,,,,,,,,TN,,,,,,,,,,
autoland,3646670,2,6311658df04f8b9dab1d842cf1ddc69e83bd8127,linux64-qr,,False,,,102210fe594ee9b33d82058545b1ed14f4c8206e,num_static_constructors,compiler_metrics,True,compiler_metrics num_static_constructors opt valgrind,,77,,,,1704818342,2023-06-01 19:53:44,155.0,ae0f513f1d25aef3f79ad009b5f2dd7407536827,1250634,,,,,,,,,,,,,,,,,,,,,,,,,,,,,,,,,,,,,,,,,,,,,,,,,,TN,,,,,,,,,,
autoland,3646670,2,6311658df04f8b9dab1d842cf1ddc69e83bd8127,linux64-qr,,False,,,102210fe594ee9b33d82058545b1ed14f4c8206e,num_static_constructors,compiler_metrics,True,compiler_metrics num_static_constructors opt valgrind,,77,,,,1704810451,2023-06-01 21:35:55,155.0,9718fca142ae7765c8ca6c3616fab6e303225556,1250675,,,,,,,,,,,,,,,,,,,,,,,,,,,,,,,,,,,,,,,,,,,,,,,,,,TN,,,,,,,,,,
autoland,3646670,2,6311658df04f8b9dab1d842cf1ddc69e83bd8127,linux64-qr,,False,,,102210fe594ee9b33d82058545b1ed14f4c8206e,num_static_constructors,compiler_metrics,True,compiler_metrics num_static_constructors opt valgrind,,77,,,,1704892151,2023-06-02 02:04:00,155.0,c365694efc9c7ac4c2c010f9dc97afb7c80107ee,1250783,,,,,,,,,,,,,,,,,,,,,,,,,,,,,,,,,,,,,,,,,,,,,,,,,,TN,,,,,,,,,,
autoland,3646670,2,6311658df04f8b9dab1d842cf1ddc69e83bd8127,linux64-qr,,False,,,102210fe594ee9b33d82058545b1ed14f4c8206e,num_static_constructors,compiler_metrics,True,compiler_metrics num_static_constructors opt valgrind,,77,,,,1704919858,2023-06-02 02:04:00,155.0,c365694efc9c7ac4c2c010f9dc97afb7c80107ee,1250783,,,,,,,,,,,,,,,,,,,,,,,,,,,,,,,,,,,,,,,,,,,,,,,,,,TN,,,,,,,,,,
autoland,3646670,2,6311658df04f8b9dab1d842cf1ddc69e83bd8127,linux64-qr,,False,,,102210fe594ee9b33d82058545b1ed14f4c8206e,num_static_constructors,compiler_metrics,True,compiler_metrics num_static_constructors opt valgrind,,77,,,,1704961494,2023-06-02 02:04:00,155.0,c365694efc9c7ac4c2c010f9dc97afb7c80107ee,1250783,,,,,,,,,,,,,,,,,,,,,,,,,,,,,,,,,,,,,,,,,,,,,,,,,,TN,,,,,,,,,,
autoland,3646670,2,6311658df04f8b9dab1d842cf1ddc69e83bd8127,linux64-qr,,False,,,102210fe594ee9b33d82058545b1ed14f4c8206e,num_static_constructors,compiler_metrics,True,compiler_metrics num_static_constructors opt valgrind,,77,,,,1704971470,2023-06-02 02:04:00,155.0,c365694efc9c7ac4c2c010f9dc97afb7c80107ee,1250783,,,,,,,,,,,,,,,,,,,,,,,,,,,,,,,,,,,,,,,,,,,,,,,,,,TN,,,,,,,,,,
autoland,3646670,2,6311658df04f8b9dab1d842cf1ddc69e83bd8127,linux64-qr,,False,,,102210fe594ee9b33d82058545b1ed14f4c8206e,num_static_constructors,compiler_metrics,True,compiler_metrics num_static_constructors opt valgrind,,77,,,,1705024728,2023-06-02 09:50:39,155.0,783bd8e8246e1ac77845094cf466223e4ebc1478,1250890,,,,,,,,,,,,,,,,,,,,,,,,,,,,,,,,,,,,,,,,,,,,,,,,,,TN,,,,,,,,,,
autoland,3646670,2,6311658df04f8b9dab1d842cf1ddc69e83bd8127,linux64-qr,,False,,,102210fe594ee9b33d82058545b1ed14f4c8206e,num_static_constructors,compiler_metrics,True,compiler_metrics num_static_constructors opt valgrind,,77,,,,1705116480,2023-06-02 12:19:13,155.0,5d642eb9394b5f5e9e9f0a4b6be492055e341e31,1250979,,,,,,,,,,,,,,,,,,,,,,,,,,,,,,,,,,,,,,,,,,,,,,,,,,TN,,,,,,,,,,
autoland,3646670,2,6311658df04f8b9dab1d842cf1ddc69e83bd8127,linux64-qr,,False,,,102210fe594ee9b33d82058545b1ed14f4c8206e,num_static_constructors,compiler_metrics,True,compiler_metrics num_static_constructors opt valgrind,,77,,,,1705163206,2023-06-02 13:27:34,155.0,e2c71d0ed1e8bb2b9752f78b13c31171d5dde3a9,1251019,,,,,,,,,,,,,,,,,,,,,,,,,,,,,,,,,,,,,,,,,,,,,,,,,,TN,,,,,,,,,,
autoland,3646670,2,6311658df04f8b9dab1d842cf1ddc69e83bd8127,linux64-qr,,False,,,102210fe594ee9b33d82058545b1ed14f4c8206e,num_static_constructors,compiler_metrics,True,compiler_metrics num_static_constructors opt valgrind,,77,,,,1705212232,2023-06-02 15:21:30,155.0,37553193da6faf7b9f539d5fe6f1f08a6e6e6777,1251108,,,,,,,,,,,,,,,,,,,,,,,,,,,,,,,,,,,,,,,,,,,,,,,,,,TN,,,,,,,,,,
autoland,3646670,2,6311658df04f8b9dab1d842cf1ddc69e83bd8127,linux64-qr,,False,,,102210fe594ee9b33d82058545b1ed14f4c8206e,num_static_constructors,compiler_metrics,True,compiler_metrics num_static_constructors opt valgrind,,77,,,,1705259290,2023-06-02 17:59:13,155.0,ad7e9e56836f2bd7e0668d322719f548e825a685,1251185,,,,,,,,,,,,,,,,,,,,,,,,,,,,,,,,,,,,,,,,,,,,,,,,,,TN,,,,,,,,,,
autoland,3646670,2,6311658df04f8b9dab1d842cf1ddc69e83bd8127,linux64-qr,,False,,,102210fe594ee9b33d82058545b1ed14f4c8206e,num_static_constructors,compiler_metrics,True,compiler_metrics num_static_constructors opt valgrind,,77,,,,1705259413,2023-06-02 18:03:52,155.0,8c3b1c60fde747fcb4e3421062a37b829d6acb9f,1251187,,,,,,,,,,,,,,,,,,,,,,,,,,,,,,,,,,,,,,,,,,,,,,,,,,TN,,,,,,,,,,
autoland,3646670,2,6311658df04f8b9dab1d842cf1ddc69e83bd8127,linux64-qr,,False,,,102210fe594ee9b33d82058545b1ed14f4c8206e,num_static_constructors,compiler_metrics,True,compiler_metrics num_static_constructors opt valgrind,,77,,,,1705275605,2023-06-02 18:03:52,155.0,8c3b1c60fde747fcb4e3421062a37b829d6acb9f,1251187,,,,,,,,,,,,,,,,,,,,,,,,,,,,,,,,,,,,,,,,,,,,,,,,,,TN,,,,,,,,,,
autoland,3646670,2,6311658df04f8b9dab1d842cf1ddc69e83bd8127,linux64-qr,,False,,,102210fe594ee9b33d82058545b1ed14f4c8206e,num_static_constructors,compiler_metrics,True,compiler_metrics num_static_constructors opt valgrind,,77,,,,1705275560,2023-06-02 18:03:52,155.0,8c3b1c60fde747fcb4e3421062a37b829d6acb9f,1251187,,,,,,,,,,,,,,,,,,,,,,,,,,,,,,,,,,,,,,,,,,,,,,,,,,TN,,,,,,,,,,
autoland,3646670,2,6311658df04f8b9dab1d842cf1ddc69e83bd8127,linux64-qr,,False,,,102210fe594ee9b33d82058545b1ed14f4c8206e,num_static_constructors,compiler_metrics,True,compiler_metrics num_static_constructors opt valgrind,,77,,,,1705279374,2023-06-02 18:03:52,155.0,8c3b1c60fde747fcb4e3421062a37b829d6acb9f,1251187,,,,,,,,,,,,,,,,,,,,,,,,,,,,,,,,,,,,,,,,,,,,,,,,,,TN,,,,,,,,,,
autoland,3646670,2,6311658df04f8b9dab1d842cf1ddc69e83bd8127,linux64-qr,,False,,,102210fe594ee9b33d82058545b1ed14f4c8206e,num_static_constructors,compiler_metrics,True,compiler_metrics num_static_constructors opt valgrind,,77,,,,1705346979,2023-06-02 20:47:57,155.0,0d4f4711053f04934137d5c58d516d7bfde858c0,1251268,,,,,,,,,,,,,,,,,,,,,,,,,,,,,,,,,,,,,,,,,,,,,,,,,,TN,,,,,,,,,,
autoland,3646670,2,6311658df04f8b9dab1d842cf1ddc69e83bd8127,linux64-qr,,False,,,102210fe594ee9b33d82058545b1ed14f4c8206e,num_static_constructors,compiler_metrics,True,compiler_metrics num_static_constructors opt valgrind,,77,,,,1705356493,2023-06-02 22:18:32,155.0,b9f63a24bc677e4c6a1f9bc801c2e3bf44dbd6e8,1251308,,,,,,,,,,,,,,,,,,,,,,,,,,,,,,,,,,,,,,,,,,,,,,,,,,TN,,,,,,,,,,
autoland,3646670,2,6311658df04f8b9dab1d842cf1ddc69e83bd8127,linux64-qr,,False,,,102210fe594ee9b33d82058545b1ed14f4c8206e,num_static_constructors,compiler_metrics,True,compiler_metrics num_static_constructors opt valgrind,,77,,,,1705379878,2023-06-02 22:18:32,155.0,b9f63a24bc677e4c6a1f9bc801c2e3bf44dbd6e8,1251308,,,,,,,,,,,,,,,,,,,,,,,,,,,,,,,,,,,,,,,,,,,,,,,,,,TN,,,,,,,,,,
autoland,3646670,2,6311658df04f8b9dab1d842cf1ddc69e83bd8127,linux64-qr,,False,,,102210fe594ee9b33d82058545b1ed14f4c8206e,num_static_constructors,compiler_metrics,True,compiler_metrics num_static_constructors opt valgrind,,77,,,,1705382065,2023-06-02 22:18:32,155.0,b9f63a24bc677e4c6a1f9bc801c2e3bf44dbd6e8,1251308,,,,,,,,,,,,,,,,,,,,,,,,,,,,,,,,,,,,,,,,,,,,,,,,,,TN,,,,,,,,,,
autoland,3646670,2,6311658df04f8b9dab1d842cf1ddc69e83bd8127,linux64-qr,,False,,,102210fe594ee9b33d82058545b1ed14f4c8206e,num_static_constructors,compiler_metrics,True,compiler_metrics num_static_constructors opt valgrind,,77,,,,1705384249,2023-06-02 22:18:32,155.0,b9f63a24bc677e4c6a1f9bc801c2e3bf44dbd6e8,1251308,,,,,,,,,,,,,,,,,,,,,,,,,,,,,,,,,,,,,,,,,,,,,,,,,,TN,,,,,,,,,,
autoland,3646670,2,6311658df04f8b9dab1d842cf1ddc69e83bd8127,linux64-qr,,False,,,102210fe594ee9b33d82058545b1ed14f4c8206e,num_static_constructors,compiler_metrics,True,compiler_metrics num_static_constructors opt valgrind,,77,,,,1705431446,2023-06-03 05:40:17,155.0,64bce9d136ae9b4bd5482515721d6daf2da53dc3,1251358,,,,,,,,,,,,,,,,,,,,,,,,,,,,,,,,,,,,,,,,,,,,,,,,,,TN,,,,,,,,,,
autoland,3646670,2,6311658df04f8b9dab1d842cf1ddc69e83bd8127,linux64-qr,,False,,,102210fe594ee9b33d82058545b1ed14f4c8206e,num_static_constructors,compiler_metrics,True,compiler_metrics num_static_constructors opt valgrind,,77,,,,1705439272,2023-06-03 05:40:17,155.0,64bce9d136ae9b4bd5482515721d6daf2da53dc3,1251358,,,,,,,,,,,,,,,,,,,,,,,,,,,,,,,,,,,,,,,,,,,,,,,,,,TN,,,,,,,,,,
autoland,3646670,2,6311658df04f8b9dab1d842cf1ddc69e83bd8127,linux64-qr,,False,,,102210fe594ee9b33d82058545b1ed14f4c8206e,num_static_constructors,compiler_metrics,True,compiler_metrics num_static_constructors opt valgrind,,77,,,,1705507340,2023-06-03 14:24:38,155.0,7bc8c25b2935765c57adc63333c221bbe5067831,1251409,,,,,,,,,,,,,,,,,,,,,,,,,,,,,,,,,,,,,,,,,,,,,,,,,,TN,,,,,,,,,,
autoland,3646670,2,6311658df04f8b9dab1d842cf1ddc69e83bd8127,linux64-qr,,False,,,102210fe594ee9b33d82058545b1ed14f4c8206e,num_static_constructors,compiler_metrics,True,compiler_metrics num_static_constructors opt valgrind,,77,,,,1705578829,2023-06-03 23:39:13,155.0,b8f06acca6bf62e32647496ed613012fa4c27e9e,1251453,,,,,,,,,,,,,,,,,,,,,,,,,,,,,,,,,,,,,,,,,,,,,,,,,,TN,,,,,,,,,,
autoland,3646670,2,6311658df04f8b9dab1d842cf1ddc69e83bd8127,linux64-qr,,False,,,102210fe594ee9b33d82058545b1ed14f4c8206e,num_static_constructors,compiler_metrics,True,compiler_metrics num_static_constructors opt valgrind,,77,,,,1705661390,2023-06-04 11:53:44,155.0,00802389f336283602445d4f08e53b8bd09b43eb,1251481,,,,,,,,,,,,,,,,,,,,,,,,,,,,,,,,,,,,,,,,,,,,,,,,,,TN,,,,,,,,,,
autoland,3646670,2,6311658df04f8b9dab1d842cf1ddc69e83bd8127,linux64-qr,,False,,,102210fe594ee9b33d82058545b1ed14f4c8206e,num_static_constructors,compiler_metrics,True,compiler_metrics num_static_constructors opt valgrind,,77,,,,1705696563,2023-06-04 20:28:08,155.0,eeba3a3c20a4dc53210a44734b25d2c0870b6523,1251514,,,,,,,,,,,,,,,,,,,,,,,,,,,,,,,,,,,,,,,,,,,,,,,,,,TN,,,,,,,,,,
autoland,3646670,2,6311658df04f8b9dab1d842cf1ddc69e83bd8127,linux64-qr,,False,,,102210fe594ee9b33d82058545b1ed14f4c8206e,num_static_constructors,compiler_metrics,True,compiler_metrics num_static_constructors opt valgrind,,77,,,,1705782779,2023-06-05 08:05:57,155.0,61d4558543daf8b284b3194aba84289d6e31ad2f,1251588,,,,,,,,,,,,,,,,,,,,,,,,,,,,,,,,,,,,,,,,,,,,,,,,,,TN,,,,,,,,,,
autoland,3646670,2,6311658df04f8b9dab1d842cf1ddc69e83bd8127,linux64-qr,,False,,,102210fe594ee9b33d82058545b1ed14f4c8206e,num_static_constructors,compiler_metrics,True,compiler_metrics num_static_constructors opt valgrind,,77,,,,1705792567,2023-06-05 08:05:57,155.0,61d4558543daf8b284b3194aba84289d6e31ad2f,1251588,,,,,,,,,,,,,,,,,,,,,,,,,,,,,,,,,,,,,,,,,,,,,,,,,,TN,,,,,,,,,,
autoland,3646670,2,6311658df04f8b9dab1d842cf1ddc69e83bd8127,linux64-qr,,False,,,102210fe594ee9b33d82058545b1ed14f4c8206e,num_static_constructors,compiler_metrics,True,compiler_metrics num_static_constructors opt valgrind,,77,,,,1705792399,2023-06-05 08:05:57,155.0,61d4558543daf8b284b3194aba84289d6e31ad2f,1251588,,,,,,,,,,,,,,,,,,,,,,,,,,,,,,,,,,,,,,,,,,,,,,,,,,TN,,,,,,,,,,
autoland,3646670,2,6311658df04f8b9dab1d842cf1ddc69e83bd8127,linux64-qr,,False,,,102210fe594ee9b33d82058545b1ed14f4c8206e,num_static_constructors,compiler_metrics,True,compiler_metrics num_static_constructors opt valgrind,,77,,,,1705792526,2023-06-05 08:05:57,155.0,61d4558543daf8b284b3194aba84289d6e31ad2f,1251588,,,,,,,,,,,,,,,,,,,,,,,,,,,,,,,,,,,,,,,,,,,,,,,,,,TN,,,,,,,,,,
autoland,3646670,2,6311658df04f8b9dab1d842cf1ddc69e83bd8127,linux64-qr,,False,,,102210fe594ee9b33d82058545b1ed14f4c8206e,num_static_constructors,compiler_metrics,True,compiler_metrics num_static_constructors opt valgrind,,77,,,,1705856874,2023-06-05 10:23:29,155.0,fffad11d6497f3cb4ea9449117c03a0cc2b2e579,1251657,,,,,,,,,,,,,,,,,,,,,,,,,,,,,,,,,,,,,,,,,,,,,,,,,,TN,,,,,,,,,,
autoland,3646670,2,6311658df04f8b9dab1d842cf1ddc69e83bd8127,linux64-qr,,False,,,102210fe594ee9b33d82058545b1ed14f4c8206e,num_static_constructors,compiler_metrics,True,compiler_metrics num_static_constructors opt valgrind,,77,,,,1705826083,2023-06-05 10:23:29,155.0,fffad11d6497f3cb4ea9449117c03a0cc2b2e579,1251657,,,,,,,,,,,,,,,,,,,,,,,,,,,,,,,,,,,,,,,,,,,,,,,,,,TN,,,,,,,,,,
autoland,3646670,2,6311658df04f8b9dab1d842cf1ddc69e83bd8127,linux64-qr,,False,,,102210fe594ee9b33d82058545b1ed14f4c8206e,num_static_constructors,compiler_metrics,True,compiler_metrics num_static_constructors opt valgrind,,77,,,,1705853932,2023-06-05 10:23:29,155.0,fffad11d6497f3cb4ea9449117c03a0cc2b2e579,1251657,,,,,,,,,,,,,,,,,,,,,,,,,,,,,,,,,,,,,,,,,,,,,,,,,,TN,,,,,,,,,,
autoland,3646670,2,6311658df04f8b9dab1d842cf1ddc69e83bd8127,linux64-qr,,False,,,102210fe594ee9b33d82058545b1ed14f4c8206e,num_static_constructors,compiler_metrics,True,compiler_metrics num_static_constructors opt valgrind,,77,,,,1705857254,2023-06-05 10:23:29,155.0,fffad11d6497f3cb4ea9449117c03a0cc2b2e579,1251657,,,,,,,,,,,,,,,,,,,,,,,,,,,,,,,,,,,,,,,,,,,,,,,,,,TN,,,,,,,,,,
autoland,3646670,2,6311658df04f8b9dab1d842cf1ddc69e83bd8127,linux64-qr,,False,,,102210fe594ee9b33d82058545b1ed14f4c8206e,num_static_constructors,compiler_metrics,True,compiler_metrics num_static_constructors opt valgrind,,77,,,,1705880402,2023-06-05 12:01:26,155.0,00af548d93acc8c2c3ab652a04c882e3a80476a9,1251712,,,,,,,,,,,,,,,,,,,,,,,,,,,,,,,,,,,,,,,,,,,,,,,,,,TN,,,,,,,,,,
autoland,3646670,2,6311658df04f8b9dab1d842cf1ddc69e83bd8127,linux64-qr,,False,,,102210fe594ee9b33d82058545b1ed14f4c8206e,num_static_constructors,compiler_metrics,True,compiler_metrics num_static_constructors opt valgrind,,77,,,,1705900456,2023-06-05 12:01:26,155.0,00af548d93acc8c2c3ab652a04c882e3a80476a9,1251712,,,,,,,,,,,,,,,,,,,,,,,,,,,,,,,,,,,,,,,,,,,,,,,,,,TN,,,,,,,,,,
autoland,3646670,2,6311658df04f8b9dab1d842cf1ddc69e83bd8127,linux64-qr,,False,,,102210fe594ee9b33d82058545b1ed14f4c8206e,num_static_constructors,compiler_metrics,True,compiler_metrics num_static_constructors opt valgrind,,77,,,,1705900502,2023-06-05 12:01:26,155.0,00af548d93acc8c2c3ab652a04c882e3a80476a9,1251712,,,,,,,,,,,,,,,,,,,,,,,,,,,,,,,,,,,,,,,,,,,,,,,,,,TN,,,,,,,,,,
autoland,3646670,2,6311658df04f8b9dab1d842cf1ddc69e83bd8127,linux64-qr,,False,,,102210fe594ee9b33d82058545b1ed14f4c8206e,num_static_constructors,compiler_metrics,True,compiler_metrics num_static_constructors opt valgrind,,77,,,,1705900543,2023-06-05 12:01:26,155.0,00af548d93acc8c2c3ab652a04c882e3a80476a9,1251712,,,,,,,,,,,,,,,,,,,,,,,,,,,,,,,,,,,,,,,,,,,,,,,,,,TN,,,,,,,,,,
autoland,3646670,2,6311658df04f8b9dab1d842cf1ddc69e83bd8127,linux64-qr,,False,,,102210fe594ee9b33d82058545b1ed14f4c8206e,num_static_constructors,compiler_metrics,True,compiler_metrics num_static_constructors opt valgrind,,77,,,,1705931262,2023-06-05 14:17:47,155.0,e8a4b71ba339fc9138bf905ba2451af3c350ed82,1251788,,,,,,,,,,,,,,,,,,,,,,,,,,,,,,,,,,,,,,,,,,,,,,,,,,TN,,,,,,,,,,
autoland,3646670,2,6311658df04f8b9dab1d842cf1ddc69e83bd8127,linux64-qr,,False,,,102210fe594ee9b33d82058545b1ed14f4c8206e,num_static_constructors,compiler_metrics,True,compiler_metrics num_static_constructors opt valgrind,,77,,,,1705944328,2023-06-05 14:17:47,155.0,e8a4b71ba339fc9138bf905ba2451af3c350ed82,1251788,,,,,,,,,,,,,,,,,,,,,,,,,,,,,,,,,,,,,,,,,,,,,,,,,,TN,,,,,,,,,,
autoland,3646670,2,6311658df04f8b9dab1d842cf1ddc69e83bd8127,linux64-qr,,False,,,102210fe594ee9b33d82058545b1ed14f4c8206e,num_static_constructors,compiler_metrics,True,compiler_metrics num_static_constructors opt valgrind,,77,,,,1705944480,2023-06-05 14:17:47,155.0,e8a4b71ba339fc9138bf905ba2451af3c350ed82,1251788,,,,,,,,,,,,,,,,,,,,,,,,,,,,,,,,,,,,,,,,,,,,,,,,,,TN,,,,,,,,,,
autoland,3646670,2,6311658df04f8b9dab1d842cf1ddc69e83bd8127,linux64-qr,,False,,,102210fe594ee9b33d82058545b1ed14f4c8206e,num_static_constructors,compiler_metrics,True,compiler_metrics num_static_constructors opt valgrind,,77,,,,1705947556,2023-06-05 14:17:47,155.0,e8a4b71ba339fc9138bf905ba2451af3c350ed82,1251788,,,,,,,,,,,,,,,,,,,,,,,,,,,,,,,,,,,,,,,,,,,,,,,,,,TN,,,,,,,,,,
autoland,3646670,2,6311658df04f8b9dab1d842cf1ddc69e83bd8127,linux64-qr,,False,,,102210fe594ee9b33d82058545b1ed14f4c8206e,num_static_constructors,compiler_metrics,True,compiler_metrics num_static_constructors opt valgrind,,77,,,,1705994914,2023-06-05 16:13:31,155.0,c8df8c0bde6047b8fe23c9716940cbc1c07c2a65,1251888,,,,,,,,,,,,,,,,,,,,,,,,,,,,,,,,,,,,,,,,,,,,,,,,,,TN,,,,,,,,,,
autoland,3646670,2,6311658df04f8b9dab1d842cf1ddc69e83bd8127,linux64-qr,,False,,,102210fe594ee9b33d82058545b1ed14f4c8206e,num_static_constructors,compiler_metrics,True,compiler_metrics num_static_constructors opt valgrind,,77,,,,1706026694,2023-06-05 16:43:43,155.0,03d635b2bdb2041550924e64dc0dd20abf4499f9,1251915,,,,,,,,,,,,,,,,,,,,,,,,,,,,,,,,,,,,,,,,,,,,,,,,,,TN,,,,,,,,,,
autoland,3646670,2,6311658df04f8b9dab1d842cf1ddc69e83bd8127,linux64-qr,,False,,,102210fe594ee9b33d82058545b1ed14f4c8206e,num_static_constructors,compiler_metrics,True,compiler_metrics num_static_constructors opt valgrind,,77,,,,1706090321,2023-06-05 18:30:02,155.0,d448de86c0d709ebe1d6bd79c93c3615b5850960,1251983,,,,,,,,,,,,,,,,,,,,,,,,,,,,,,,,,,,,,,,,,,,,,,,,,,TN,,,,,,,,,,
autoland,3646670,2,6311658df04f8b9dab1d842cf1ddc69e83bd8127,linux64-qr,,False,,,102210fe594ee9b33d82058545b1ed14f4c8206e,num_static_constructors,compiler_metrics,True,compiler_metrics num_static_constructors opt valgrind,,77,,,,1706145174,2023-06-05 20:14:05,155.0,d73c2643092115d9b5859c16e121e421656264bc,1252060,,,,,,,,,,,,,,,,,,,,,,,,,,,,,,,,,,,,,,,,,,,,,,,,,,TN,,,,,,,,,,
autoland,3646670,2,6311658df04f8b9dab1d842cf1ddc69e83bd8127,linux64-qr,,False,,,102210fe594ee9b33d82058545b1ed14f4c8206e,num_static_constructors,compiler_metrics,True,compiler_metrics num_static_constructors opt valgrind,,77,,,,1706212231,2023-06-05 22:10:45,155.0,f89991d1b2cdd13120304730efba7878d4cfac5b,1252152,,,,,,,,,,,,,,,,,,,,,,,,,,,,,,,,,,,,,,,,,,,,,,,,,,TN,,,,,,,,,,
autoland,3646670,2,6311658df04f8b9dab1d842cf1ddc69e83bd8127,linux64-qr,,False,,,102210fe594ee9b33d82058545b1ed14f4c8206e,num_static_constructors,compiler_metrics,True,compiler_metrics num_static_constructors opt valgrind,,77,,,,1706216972,2023-06-05 22:25:10,155.0,3a79e9a1c11da81af50cfb6e535537b5e8e7ce9f,1252165,,,,,,,,,,,,,,,,,,,,,,,,,,,,,,,,,,,,,,,,,,,,,,,,,,TN,,,,,,,,,,
autoland,3646670,2,6311658df04f8b9dab1d842cf1ddc69e83bd8127,linux64-qr,,False,,,102210fe594ee9b33d82058545b1ed14f4c8206e,num_static_constructors,compiler_metrics,True,compiler_metrics num_static_constructors opt valgrind,,77,,,,1706288685,2023-06-06 01:57:52,155.0,8ca41fa1fe7f665f3fb17e1ee1ecb9dc533e3970,1252248,,,,,,,,,,,,,,,,,,,,,,,,,,,,,,,,,,,,,,,,,,,,,,,,,,TN,,,,,,,,,,
autoland,3646670,2,6311658df04f8b9dab1d842cf1ddc69e83bd8127,linux64-qr,,False,,,102210fe594ee9b33d82058545b1ed14f4c8206e,num_static_constructors,compiler_metrics,True,compiler_metrics num_static_constructors opt valgrind,,77,,,,1706417547,2023-06-06 07:45:19,155.0,7974ac7e053aa00b02c6b9405b4fe87e6729456d,1252336,,,,,,,,,,,,,,,,,,,,,,,,,,,,,,,,,,,,,,,,,,,,,,,,,,TN,,,,,,,,,,
autoland,3646670,2,6311658df04f8b9dab1d842cf1ddc69e83bd8127,linux64-qr,,False,,,102210fe594ee9b33d82058545b1ed14f4c8206e,num_static_constructors,compiler_metrics,True,compiler_metrics num_static_constructors opt valgrind,,77,,,,1706479868,2023-06-06 09:53:26,155.0,1318d220baede25f0d44623659bed44e6d238674,1252396,,,,,,,,,,,,,,,,,,,,,,,,,,,,,,,,,,,,,,,,,,,,,,,,,,TN,,,,,,,,,,
autoland,3646670,2,6311658df04f8b9dab1d842cf1ddc69e83bd8127,linux64-qr,,False,,,102210fe594ee9b33d82058545b1ed14f4c8206e,num_static_constructors,compiler_metrics,True,compiler_metrics num_static_constructors opt valgrind,,77,,,,1706557967,2023-06-06 12:19:14,155.0,847d7aa42cbef71e48427dda557da27be7b8a938,1252475,,,,,,,,,,,,,,,,,,,,,,,,,,,,,,,,,,,,,,,,,,,,,,,,,,TN,,,,,,,,,,
autoland,3646670,2,6311658df04f8b9dab1d842cf1ddc69e83bd8127,linux64-qr,,False,,,102210fe594ee9b33d82058545b1ed14f4c8206e,num_static_constructors,compiler_metrics,True,compiler_metrics num_static_constructors opt valgrind,,77,,,,1706622433,2023-06-06 13:15:30,154.0,3d553b8ece8c1e6d47fc404d387f6283d8192387,1252512,,,,,,,,,,,,,,,,,,,,,,,,,,,,,,,,,,,,,,,,,,,,,,,,,,TN,,,,,,,,,,
autoland,3646670,2,6311658df04f8b9dab1d842cf1ddc69e83bd8127,linux64-qr,,False,,,102210fe594ee9b33d82058545b1ed14f4c8206e,num_static_constructors,compiler_metrics,True,compiler_metrics num_static_constructors opt valgrind,,77,,,,1706675485,2023-06-06 15:07:26,154.0,51ecbed77cf45640a921f61934b70efadfb58982,1252589,,,,,,,,,,,,,,,,,,,,,,,,,,,,,,,,,,,,,,,,,,,,,,,,,,TN,,,,,,,,,,
autoland,3646670,2,6311658df04f8b9dab1d842cf1ddc69e83bd8127,linux64-qr,,False,,,102210fe594ee9b33d82058545b1ed14f4c8206e,num_static_constructors,compiler_metrics,True,compiler_metrics num_static_constructors opt valgrind,,77,,,,1706809764,2023-06-06 18:38:30,154.0,fa55914f4b75f48d57ab43d8802ea56412b703a0,1252705,,,,,,,,,,,,,,,,,,,,,,,,,,,,,,,,,,,,,,,,,,,,,,,,,,TN,,,,,,,,,,
autoland,3646670,2,6311658df04f8b9dab1d842cf1ddc69e83bd8127,linux64-qr,,False,,,102210fe594ee9b33d82058545b1ed14f4c8206e,num_static_constructors,compiler_metrics,True,compiler_metrics num_static_constructors opt valgrind,,77,,,,1706839718,2023-06-06 18:38:30,154.0,fa55914f4b75f48d57ab43d8802ea56412b703a0,1252705,,,,,,,,,,,,,,,,,,,,,,,,,,,,,,,,,,,,,,,,,,,,,,,,,,TN,,,,,,,,,,
autoland,3646670,2,6311658df04f8b9dab1d842cf1ddc69e83bd8127,linux64-qr,,False,,,102210fe594ee9b33d82058545b1ed14f4c8206e,num_static_constructors,compiler_metrics,True,compiler_metrics num_static_constructors opt valgrind,,77,,,,1706870757,2023-06-06 18:38:30,154.0,fa55914f4b75f48d57ab43d8802ea56412b703a0,1252705,,,,,,,,,,,,,,,,,,,,,,,,,,,,,,,,,,,,,,,,,,,,,,,,,,TN,,,,,,,,,,
autoland,3646670,2,6311658df04f8b9dab1d842cf1ddc69e83bd8127,linux64-qr,,False,,,102210fe594ee9b33d82058545b1ed14f4c8206e,num_static_constructors,compiler_metrics,True,compiler_metrics num_static_constructors opt valgrind,,77,,,,1706830743,2023-06-06 19:22:50,154.0,3e7d709ab2a3a86ff58f4406faa05e738ca49ec9,1252721,,,,,,,,,,,,,,,,,,,,,,,,,,,,,,,,,,,,,,,,,,,,,,,,,,TN,,,,,,,,,,
autoland,3646670,2,6311658df04f8b9dab1d842cf1ddc69e83bd8127,linux64-qr,,False,,,102210fe594ee9b33d82058545b1ed14f4c8206e,num_static_constructors,compiler_metrics,True,compiler_metrics num_static_constructors opt valgrind,,77,,,,1706870366,2023-06-06 19:22:50,154.0,3e7d709ab2a3a86ff58f4406faa05e738ca49ec9,1252721,,,,,,,,,,,,,,,,,,,,,,,,,,,,,,,,,,,,,,,,,,,,,,,,,,TN,,,,,,,,,,
autoland,3646670,2,6311658df04f8b9dab1d842cf1ddc69e83bd8127,linux64-qr,,False,,,102210fe594ee9b33d82058545b1ed14f4c8206e,num_static_constructors,compiler_metrics,True,compiler_metrics num_static_constructors opt valgrind,,77,,,,1706851990,2023-06-06 19:49:29,154.0,9a56830b39f8d6802cef3772f81535d5f7bd475c,1252741,,,,,,,,,,,,,,,,,,,,,,,,,,,,,,,,,,,,,,,,,,,,,,,,,,TN,,,,,,,,,,
autoland,3646670,2,6311658df04f8b9dab1d842cf1ddc69e83bd8127,linux64-qr,,False,,,102210fe594ee9b33d82058545b1ed14f4c8206e,num_static_constructors,compiler_metrics,True,compiler_metrics num_static_constructors opt valgrind,,77,,,,1706856207,2023-06-06 20:14:06,154.0,c4cbe98d2837f0a0212af8c3b45bb1495edd42c6,1252756,,,,,,,,,,,,,,,,,,,,,,,,,,,,,,,,,,,,,,,,,,,,,,,,,,TN,,,,,,,,,,
autoland,3646670,2,6311658df04f8b9dab1d842cf1ddc69e83bd8127,linux64-qr,,False,,,102210fe594ee9b33d82058545b1ed14f4c8206e,num_static_constructors,compiler_metrics,True,compiler_metrics num_static_constructors opt valgrind,,77,,,,1706891847,2023-06-06 20:14:06,154.0,c4cbe98d2837f0a0212af8c3b45bb1495edd42c6,1252756,,,,,,,,,,,,,,,,,,,,,,,,,,,,,,,,,,,,,,,,,,,,,,,,,,TN,,,,,,,,,,
autoland,3646670,2,6311658df04f8b9dab1d842cf1ddc69e83bd8127,linux64-qr,,False,,,102210fe594ee9b33d82058545b1ed14f4c8206e,num_static_constructors,compiler_metrics,True,compiler_metrics num_static_constructors opt valgrind,,77,,,,1706914957,2023-06-06 20:14:06,154.0,c4cbe98d2837f0a0212af8c3b45bb1495edd42c6,1252756,,,,,,,,,,,,,,,,,,,,,,,,,,,,,,,,,,,,,,,,,,,,,,,,,,TN,,,,,,,,,,
autoland,3646670,2,6311658df04f8b9dab1d842cf1ddc69e83bd8127,linux64-qr,,False,,,102210fe594ee9b33d82058545b1ed14f4c8206e,num_static_constructors,compiler_metrics,True,compiler_metrics num_static_constructors opt valgrind,,77,,,,1706934665,2023-06-06 22:47:19,154.0,3a8e0dd854b5d9349d96a17de81427442d412db9,1252831,,,,,,,,,,,,,,,,,,,,,,,,,,,,,,,,,,,,,,,,,,,,,,,,,,TN,,,,,,,,,,
autoland,3646670,2,6311658df04f8b9dab1d842cf1ddc69e83bd8127,linux64-qr,,False,,,102210fe594ee9b33d82058545b1ed14f4c8206e,num_static_constructors,compiler_metrics,True,compiler_metrics num_static_constructors opt valgrind,,77,,,,1706964442,2023-06-06 22:47:19,154.0,3a8e0dd854b5d9349d96a17de81427442d412db9,1252831,,,,,,,,,,,,,,,,,,,,,,,,,,,,,,,,,,,,,,,,,,,,,,,,,,TN,,,,,,,,,,
autoland,3646670,2,6311658df04f8b9dab1d842cf1ddc69e83bd8127,linux64-qr,,False,,,102210fe594ee9b33d82058545b1ed14f4c8206e,num_static_constructors,compiler_metrics,True,compiler_metrics num_static_constructors opt valgrind,,77,,,,1706984679,2023-06-06 22:47:19,154.0,3a8e0dd854b5d9349d96a17de81427442d412db9,1252831,,,,,,,,,,,,,,,,,,,,,,,,,,,,,,,,,,,,,,,,,,,,,,,,,,TN,,,,,,,,,,
autoland,3646670,2,6311658df04f8b9dab1d842cf1ddc69e83bd8127,linux64-qr,,False,,,102210fe594ee9b33d82058545b1ed14f4c8206e,num_static_constructors,compiler_metrics,True,compiler_metrics num_static_constructors opt valgrind,,77,,,,1707041476,2023-06-07 02:52:45,154.0,714383968fdbbcb6ef5ff4fc599e11ae386d09ce,1252906,,,,,,,,,,,,,,,,,,,,,,,,,,,,,,,,,,,,,,,,,,,,,,,,,,TN,,,,,,,,,,
autoland,3646670,2,6311658df04f8b9dab1d842cf1ddc69e83bd8127,linux64-qr,,False,,,102210fe594ee9b33d82058545b1ed14f4c8206e,num_static_constructors,compiler_metrics,True,compiler_metrics num_static_constructors opt valgrind,,77,,,,1707072748,2023-06-07 02:52:45,154.0,714383968fdbbcb6ef5ff4fc599e11ae386d09ce,1252906,,,,,,,,,,,,,,,,,,,,,,,,,,,,,,,,,,,,,,,,,,,,,,,,,,TN,,,,,,,,,,
autoland,3646670,2,6311658df04f8b9dab1d842cf1ddc69e83bd8127,linux64-qr,,False,,,102210fe594ee9b33d82058545b1ed14f4c8206e,num_static_constructors,compiler_metrics,True,compiler_metrics num_static_constructors opt valgrind,,77,,,,1707069591,2023-06-07 03:45:23,154.0,535c66924d7524bce5edb4586910a1b4536aed29,1252921,,,,,,,,,,,,,,,,,,,,,,,,,,,,,,,,,,,,,,,,,,,,,,,,,,TN,,,,,,,,,,
autoland,3646670,2,6311658df04f8b9dab1d842cf1ddc69e83bd8127,linux64-qr,,False,,,102210fe594ee9b33d82058545b1ed14f4c8206e,num_static_constructors,compiler_metrics,True,compiler_metrics num_static_constructors opt valgrind,,77,,,,1707100294,2023-06-07 03:45:23,154.0,535c66924d7524bce5edb4586910a1b4536aed29,1252921,,,,,,,,,,,,,,,,,,,,,,,,,,,,,,,,,,,,,,,,,,,,,,,,,,TN,,,,,,,,,,
autoland,3646670,2,6311658df04f8b9dab1d842cf1ddc69e83bd8127,linux64-qr,,False,,,102210fe594ee9b33d82058545b1ed14f4c8206e,num_static_constructors,compiler_metrics,True,compiler_metrics num_static_constructors opt valgrind,,77,,,,1707159006,2023-06-07 06:55:53,154.0,29928f29c7a08d81bf5a480f4678c4c90b0abc68,1252967,,,,,,,,,,,,,,,,,,,,,,,,,,,,,,,,,,,,,,,,,,,,,,,,,,TN,,,,,,,,,,
autoland,3646670,2,6311658df04f8b9dab1d842cf1ddc69e83bd8127,linux64-qr,,False,,,102210fe594ee9b33d82058545b1ed14f4c8206e,num_static_constructors,compiler_metrics,True,compiler_metrics num_static_constructors opt valgrind,,77,,,,1707246983,2023-06-07 10:42:41,154.0,306023a33e3d38baeb727aea7d8c924469a2ca87,1253056,,,,,,,,,,,,,,,,,,,,,,,,,,,,,,,,,,,,,,,,,,,,,,,,,,TN,,,,,,,,,,
autoland,3646670,2,6311658df04f8b9dab1d842cf1ddc69e83bd8127,linux64-qr,,False,,,102210fe594ee9b33d82058545b1ed14f4c8206e,num_static_constructors,compiler_metrics,True,compiler_metrics num_static_constructors opt valgrind,,77,,,,1707265725,2023-06-07 10:42:41,154.0,306023a33e3d38baeb727aea7d8c924469a2ca87,1253056,,,,,,,,,,,,,,,,,,,,,,,,,,,,,,,,,,,,,,,,,,,,,,,,,,TN,,,,,,,,,,
autoland,3646670,2,6311658df04f8b9dab1d842cf1ddc69e83bd8127,linux64-qr,,False,,,102210fe594ee9b33d82058545b1ed14f4c8206e,num_static_constructors,compiler_metrics,True,compiler_metrics num_static_constructors opt valgrind,,77,,,,1707273173,2023-06-07 11:44:03,154.0,5c2039dcc9e34d981b3343ed3819d1f65ef07909,1253076,,,,,,,,,,,,,,,,,,,,,,,,,,,,,,,,,,,,,,,,,,,,,,,,,,TN,,,,,,,,,,
autoland,3646670,2,6311658df04f8b9dab1d842cf1ddc69e83bd8127,linux64-qr,,False,,,102210fe594ee9b33d82058545b1ed14f4c8206e,num_static_constructors,compiler_metrics,True,compiler_metrics num_static_constructors opt valgrind,,77,,,,1707333411,2023-06-07 13:36:12,154.0,ed7804ffc016687db27f68ab46e27c0ffefda3af,1253119,,,,,,,,,,,,,,,,,,,,,,,,,,,,,,,,,,,,,,,,,,,,,,,,,,TN,,,,,,,,,,
autoland,3646670,2,6311658df04f8b9dab1d842cf1ddc69e83bd8127,linux64-qr,,False,,,102210fe594ee9b33d82058545b1ed14f4c8206e,num_static_constructors,compiler_metrics,True,compiler_metrics num_static_constructors opt valgrind,,77,,,,1707353610,2023-06-07 13:36:12,154.0,ed7804ffc016687db27f68ab46e27c0ffefda3af,1253119,,,,,,,,,,,,,,,,,,,,,,,,,,,,,,,,,,,,,,,,,,,,,,,,,,TN,,,,,,,,,,
autoland,3646670,2,6311658df04f8b9dab1d842cf1ddc69e83bd8127,linux64-qr,,False,,,102210fe594ee9b33d82058545b1ed14f4c8206e,num_static_constructors,compiler_metrics,True,compiler_metrics num_static_constructors opt valgrind,,77,,,,1707373515,2023-06-07 15:16:18,154.0,e44f4d43b823c920e7b74842d2aab66cb7c9ae9a,1253188,,,,,,,,,,,,,,,,,,,,,,,,,,,,,,,,,,,,,,,,,,,,,,,,,,TN,,,,,,,,,,
autoland,3646670,2,6311658df04f8b9dab1d842cf1ddc69e83bd8127,linux64-qr,,False,,,102210fe594ee9b33d82058545b1ed14f4c8206e,num_static_constructors,compiler_metrics,True,compiler_metrics num_static_constructors opt valgrind,,77,,,,1707410569,2023-06-07 15:16:18,154.0,e44f4d43b823c920e7b74842d2aab66cb7c9ae9a,1253188,,,,,,,,,,,,,,,,,,,,,,,,,,,,,,,,,,,,,,,,,,,,,,,,,,TN,,,,,,,,,,
autoland,3646670,2,6311658df04f8b9dab1d842cf1ddc69e83bd8127,linux64-qr,,False,,,102210fe594ee9b33d82058545b1ed14f4c8206e,num_static_constructors,compiler_metrics,True,compiler_metrics num_static_constructors opt valgrind,,77,,,,1707419446,2023-06-07 16:40:09,154.0,1e9ddd307894fd2055ca49dcaa461478d0acea9e,1253256,,,,,,,,,,,,,,,,,,,,,,,,,,,,,,,,,,,,,,,,,,,,,,,,,,TN,,,,,,,,,,
autoland,3646670,2,6311658df04f8b9dab1d842cf1ddc69e83bd8127,linux64-qr,,False,,,102210fe594ee9b33d82058545b1ed14f4c8206e,num_static_constructors,compiler_metrics,True,compiler_metrics num_static_constructors opt valgrind,,77,,,,1707532609,2023-06-07 20:19:25,154.0,5f22b69d2d2bc9720acef26cafa4306a3a912d00,1253380,,,,,,,,,,,,,,,,,,,,,,,,,,,,,,,,,,,,,,,,,,,,,,,,,,TN,,,,,,,,,,
autoland,3646670,2,6311658df04f8b9dab1d842cf1ddc69e83bd8127,linux64-qr,,False,,,102210fe594ee9b33d82058545b1ed14f4c8206e,num_static_constructors,compiler_metrics,True,compiler_metrics num_static_constructors opt valgrind,,77,,,,1707549822,2023-06-07 20:19:25,154.0,5f22b69d2d2bc9720acef26cafa4306a3a912d00,1253380,,,,,,,,,,,,,,,,,,,,,,,,,,,,,,,,,,,,,,,,,,,,,,,,,,TN,,,,,,,,,,
autoland,3646670,2,6311658df04f8b9dab1d842cf1ddc69e83bd8127,linux64-qr,,False,,,102210fe594ee9b33d82058545b1ed14f4c8206e,num_static_constructors,compiler_metrics,True,compiler_metrics num_static_constructors opt valgrind,,77,,,,1707549404,2023-06-07 20:19:25,154.0,5f22b69d2d2bc9720acef26cafa4306a3a912d00,1253380,,,,,,,,,,,,,,,,,,,,,,,,,,,,,,,,,,,,,,,,,,,,,,,,,,TN,,,,,,,,,,
autoland,3646670,2,6311658df04f8b9dab1d842cf1ddc69e83bd8127,linux64-qr,,False,,,102210fe594ee9b33d82058545b1ed14f4c8206e,num_static_constructors,compiler_metrics,True,compiler_metrics num_static_constructors opt valgrind,,77,,,,1707550780,2023-06-07 20:19:25,154.0,5f22b69d2d2bc9720acef26cafa4306a3a912d00,1253380,,,,,,,,,,,,,,,,,,,,,,,,,,,,,,,,,,,,,,,,,,,,,,,,,,TN,,,,,,,,,,
autoland,3646670,2,6311658df04f8b9dab1d842cf1ddc69e83bd8127,linux64-qr,,False,,,102210fe594ee9b33d82058545b1ed14f4c8206e,num_static_constructors,compiler_metrics,True,compiler_metrics num_static_constructors opt valgrind,,77,,,,1707540455,2023-06-07 20:51:47,154.0,d777b008615418be897668f8099b9e68f6666a3c,1253401,,,,,,,,,,,,,,,,,,,,,,,,,,,,,,,,,,,,,,,,,,,,,,,,,,TN,,,,,,,,,,
autoland,3646670,2,6311658df04f8b9dab1d842cf1ddc69e83bd8127,linux64-qr,,False,,,102210fe594ee9b33d82058545b1ed14f4c8206e,num_static_constructors,compiler_metrics,True,compiler_metrics num_static_constructors opt valgrind,,77,,,,1707563645,2023-06-07 20:51:47,154.0,d777b008615418be897668f8099b9e68f6666a3c,1253401,,,,,,,,,,,,,,,,,,,,,,,,,,,,,,,,,,,,,,,,,,,,,,,,,,TN,,,,,,,,,,
autoland,3646670,2,6311658df04f8b9dab1d842cf1ddc69e83bd8127,linux64-qr,,False,,,102210fe594ee9b33d82058545b1ed14f4c8206e,num_static_constructors,compiler_metrics,True,compiler_metrics num_static_constructors opt valgrind,,77,,,,1707569674,2023-06-07 20:51:47,154.0,d777b008615418be897668f8099b9e68f6666a3c,1253401,,,,,,,,,,,,,,,,,,,,,,,,,,,,,,,,,,,,,,,,,,,,,,,,,,TN,,,,,,,,,,
autoland,3646670,2,6311658df04f8b9dab1d842cf1ddc69e83bd8127,linux64-qr,,False,,,102210fe594ee9b33d82058545b1ed14f4c8206e,num_static_constructors,compiler_metrics,True,compiler_metrics num_static_constructors opt valgrind,,77,,,,1707569856,2023-06-07 20:51:47,154.0,d777b008615418be897668f8099b9e68f6666a3c,1253401,,,,,,,,,,,,,,,,,,,,,,,,,,,,,,,,,,,,,,,,,,,,,,,,,,TN,,,,,,,,,,
autoland,3646670,2,6311658df04f8b9dab1d842cf1ddc69e83bd8127,linux64-qr,,False,,,102210fe594ee9b33d82058545b1ed14f4c8206e,num_static_constructors,compiler_metrics,True,compiler_metrics num_static_constructors opt valgrind,,77,,,,1707595223,2023-06-07 22:54:42,154.0,c18688c9011d0dc50b79d2f830dbf323c8c75604,1253472,,,,,,,,,,,,,,,,,,,,,,,,,,,,,,,,,,,,,,,,,,,,,,,,,,TN,,,,,,,,,,
autoland,3646670,2,6311658df04f8b9dab1d842cf1ddc69e83bd8127,linux64-qr,,False,,,102210fe594ee9b33d82058545b1ed14f4c8206e,num_static_constructors,compiler_metrics,True,compiler_metrics num_static_constructors opt valgrind,,77,,,,1707618250,2023-06-07 23:16:29,154.0,9c1c9cd3e88b470b047d66dad6bd654077d2aceb,1253490,,,,,,,,,,,,,,,,,,,,,,,,,,,,,,,,,,,,,,,,,,,,,,,,,,TN,,,,,,,,,,
autoland,3646670,2,6311658df04f8b9dab1d842cf1ddc69e83bd8127,linux64-qr,,False,,,102210fe594ee9b33d82058545b1ed14f4c8206e,num_static_constructors,compiler_metrics,True,compiler_metrics num_static_constructors opt valgrind,,77,,,,1707740990,2023-06-08 03:47:09,154.0,2b2fb0c1bd13f27bbd5094192791600a5e261c4b,1253596,,,,,,,,,,,,,,,,,,,,,,,,,,,,,,,,,,,,,,,,,,,,,,,,,,TN,,,,,,,,,,
autoland,3646670,2,6311658df04f8b9dab1d842cf1ddc69e83bd8127,linux64-qr,,False,,,102210fe594ee9b33d82058545b1ed14f4c8206e,num_static_constructors,compiler_metrics,True,compiler_metrics num_static_constructors opt valgrind,,77,,,,1707813031,2023-06-08 06:27:32,154.0,d588d40904f7880592d27c083cb64d31864340cb,1253626,,,,,,,,,,,,,,,,,,,,,,,,,,,,,,,,,,,,,,,,,,,,,,,,,,TN,,,,,,,,,,
autoland,3646670,2,6311658df04f8b9dab1d842cf1ddc69e83bd8127,linux64-qr,,False,,,102210fe594ee9b33d82058545b1ed14f4c8206e,num_static_constructors,compiler_metrics,True,compiler_metrics num_static_constructors opt valgrind,,77,,,,1707902046,2023-06-08 09:15:06,154.0,c7b58ffeb92bc7c684aebb8f162b5816c8bc013b,1253724,,,,,,,,,,,,,,,,,,,,,,,,,,,,,,,,,,,,,,,,,,,,,,,,,,TN,,,,,,,,,,
autoland,3646670,2,6311658df04f8b9dab1d842cf1ddc69e83bd8127,linux64-qr,,False,,,102210fe594ee9b33d82058545b1ed14f4c8206e,num_static_constructors,compiler_metrics,True,compiler_metrics num_static_constructors opt valgrind,,77,,,,1707954447,2023-06-08 10:57:22,154.0,a86d5a3f177d480362c07a9ed34166ae41840ab6,1253788,,,,,,,,,,,,,,,,,,,,,,,,,,,,,,,,,,,,,,,,,,,,,,,,,,TN,,,,,,,,,,
autoland,3646670,2,6311658df04f8b9dab1d842cf1ddc69e83bd8127,linux64-qr,,False,,,102210fe594ee9b33d82058545b1ed14f4c8206e,num_static_constructors,compiler_metrics,True,compiler_metrics num_static_constructors opt valgrind,,77,,,,1708026284,2023-06-08 13:05:09,154.0,ef632cc478598421debbd79e8c395b6fcd1213d9,1253864,,,,,,,,,,,,,,,,,,,,,,,,,,,,,,,,,,,,,,,,,,,,,,,,,,TN,,,,,,,,,,
autoland,3646670,2,6311658df04f8b9dab1d842cf1ddc69e83bd8127,linux64-qr,,False,,,102210fe594ee9b33d82058545b1ed14f4c8206e,num_static_constructors,compiler_metrics,True,compiler_metrics num_static_constructors opt valgrind,,77,,,,1708094688,2023-06-08 15:05:55,154.0,581d6b2a5146b01bfc5a4a599127e2e794918f78,1253951,,,,,,,,,,,,,,,,,,,,,,,,,,,,,,,,,,,,,,,,,,,,,,,,,,TN,,,,,,,,,,
autoland,3646670,2,6311658df04f8b9dab1d842cf1ddc69e83bd8127,linux64-qr,,False,,,102210fe594ee9b33d82058545b1ed14f4c8206e,num_static_constructors,compiler_metrics,True,compiler_metrics num_static_constructors opt valgrind,,77,,,,1708095064,2023-06-08 15:14:50,154.0,954d7d588e595404fbe8f79a002de1a32f4175fc,1253958,,,,,,,,,,,,,,,,,,,,,,,,,,,,,,,,,,,,,,,,,,,,,,,,,,TN,,,,,,,,,,
autoland,3646670,2,6311658df04f8b9dab1d842cf1ddc69e83bd8127,linux64-qr,,False,,,102210fe594ee9b33d82058545b1ed14f4c8206e,num_static_constructors,compiler_metrics,True,compiler_metrics num_static_constructors opt valgrind,,77,,,,1708251886,2023-06-08 20:41:53,154.0,34c52f424910b2e49cc607a3b151b13e4a6c6ce8,1254217,,,,,,,,,,,,,,,,,,,,,,,,,,,,,,,,,,,,,,,,,,,,,,,,,,TN,,,,,,,,,,
autoland,3646670,2,6311658df04f8b9dab1d842cf1ddc69e83bd8127,linux64-qr,,False,,,102210fe594ee9b33d82058545b1ed14f4c8206e,num_static_constructors,compiler_metrics,True,compiler_metrics num_static_constructors opt valgrind,,77,,,,1708294570,2023-06-08 21:44:04,154.0,c7b3905a77fb83c75344dddb5646c5c7f5d16714,1254265,,,,,,,,,,,,,,,,,,,,,,,,,,,,,,,,,,,,,,,,,,,,,,,,,,TN,,,,,,,,,,
autoland,3646670,2,6311658df04f8b9dab1d842cf1ddc69e83bd8127,linux64-qr,,False,,,102210fe594ee9b33d82058545b1ed14f4c8206e,num_static_constructors,compiler_metrics,True,compiler_metrics num_static_constructors opt valgrind,,77,,,,1708402637,2023-06-09 02:20:20,154.0,d18ffb52540958c2b12d76b4a392e12df3bc4280,1254350,,,,,,,,,,,,,,,,,,,,,,,,,,,,,,,,,,,,,,,,,,,,,,,,,,TN,,,,,,,,,,
autoland,3646670,2,6311658df04f8b9dab1d842cf1ddc69e83bd8127,linux64-qr,,False,,,102210fe594ee9b33d82058545b1ed14f4c8206e,num_static_constructors,compiler_metrics,True,compiler_metrics num_static_constructors opt valgrind,,77,,,,1708445579,2023-06-09 04:43:33,154.0,2d06f6a33a6a4227df475c1eecff0cbf0ec243b1,1254381,,,,,,,,,,,,,,,,,,,,,,,,,,,,,,,,,,,,,,,,,,,,,,,,,,TN,,,,,,,,,,
autoland,3646670,2,6311658df04f8b9dab1d842cf1ddc69e83bd8127,linux64-qr,,False,,,102210fe594ee9b33d82058545b1ed14f4c8206e,num_static_constructors,compiler_metrics,True,compiler_metrics num_static_constructors opt valgrind,,77,,,,1708479048,2023-06-09 06:38:52,154.0,e76a7e9393add417bcf6a33d7e0c71909cc3c6d9,1254404,,,,,,,,,,,,,,,,,,,,,,,,,,,,,,,,,,,,,,,,,,,,,,,,,,TN,,,,,,,,,,
autoland,3646670,2,6311658df04f8b9dab1d842cf1ddc69e83bd8127,linux64-qr,,False,,,102210fe594ee9b33d82058545b1ed14f4c8206e,num_static_constructors,compiler_metrics,True,compiler_metrics num_static_constructors opt valgrind,,77,,,,1708487872,2023-06-09 06:38:52,154.0,e76a7e9393add417bcf6a33d7e0c71909cc3c6d9,1254404,,,,,,,,,,,,,,,,,,,,,,,,,,,,,,,,,,,,,,,,,,,,,,,,,,TN,,,,,,,,,,
autoland,3646670,2,6311658df04f8b9dab1d842cf1ddc69e83bd8127,linux64-qr,,False,,,102210fe594ee9b33d82058545b1ed14f4c8206e,num_static_constructors,compiler_metrics,True,compiler_metrics num_static_constructors opt valgrind,,77,,,,1708511029,2023-06-09 08:40:41,154.0,6453bd709950f540a9b961069fe05277eec38c4e,1254469,,,,,,,,,,,,,,,,,,,,,,,,,,,,,,,,,,,,,,,,,,,,,,,,,,TN,,,,,,,,,,
autoland,3646670,2,6311658df04f8b9dab1d842cf1ddc69e83bd8127,linux64-qr,,False,,,102210fe594ee9b33d82058545b1ed14f4c8206e,num_static_constructors,compiler_metrics,True,compiler_metrics num_static_constructors opt valgrind,,77,,,,1708534321,2023-06-09 08:40:41,154.0,6453bd709950f540a9b961069fe05277eec38c4e,1254469,,,,,,,,,,,,,,,,,,,,,,,,,,,,,,,,,,,,,,,,,,,,,,,,,,TN,,,,,,,,,,
autoland,3646670,2,6311658df04f8b9dab1d842cf1ddc69e83bd8127,linux64-qr,,False,,,102210fe594ee9b33d82058545b1ed14f4c8206e,num_static_constructors,compiler_metrics,True,compiler_metrics num_static_constructors opt valgrind,,77,,,,1708644082,2023-06-09 13:23:42,154.0,7467d3da5f29eddf7cf135a00cef8cf87b5c6911,1254611,,,,,,,,,,,,,,,,,,,,,,,,,,,,,,,,,,,,,,,,,,,,,,,,,,TN,,,,,,,,,,
autoland,3646670,2,6311658df04f8b9dab1d842cf1ddc69e83bd8127,linux64-qr,,False,,,102210fe594ee9b33d82058545b1ed14f4c8206e,num_static_constructors,compiler_metrics,True,compiler_metrics num_static_constructors opt valgrind,,77,,,,1708804354,2023-06-09 18:12:56,154.0,439e88bdf46b8545bcf3fbf4d1cac9bf084df91d,1254830,,,,,,,,,,,,,,,,,,,,,,,,,,,,,,,,,,,,,,,,,,,,,,,,,,TN,,,,,,,,,,
autoland,3646670,2,6311658df04f8b9dab1d842cf1ddc69e83bd8127,linux64-qr,,False,,,102210fe594ee9b33d82058545b1ed14f4c8206e,num_static_constructors,compiler_metrics,True,compiler_metrics num_static_constructors opt valgrind,,77,,,,1708834494,2023-06-09 18:12:56,154.0,439e88bdf46b8545bcf3fbf4d1cac9bf084df91d,1254830,,,,,,,,,,,,,,,,,,,,,,,,,,,,,,,,,,,,,,,,,,,,,,,,,,TN,,,,,,,,,,
autoland,3646670,2,6311658df04f8b9dab1d842cf1ddc69e83bd8127,linux64-qr,,False,,,102210fe594ee9b33d82058545b1ed14f4c8206e,num_static_constructors,compiler_metrics,True,compiler_metrics num_static_constructors opt valgrind,,77,,,,1708836020,2023-06-09 18:12:56,154.0,439e88bdf46b8545bcf3fbf4d1cac9bf084df91d,1254830,,,,,,,,,,,,,,,,,,,,,,,,,,,,,,,,,,,,,,,,,,,,,,,,,,TN,,,,,,,,,,
autoland,3646670,2,6311658df04f8b9dab1d842cf1ddc69e83bd8127,linux64-qr,,False,,,102210fe594ee9b33d82058545b1ed14f4c8206e,num_static_constructors,compiler_metrics,True,compiler_metrics num_static_constructors opt valgrind,,77,,,,1708865382,2023-06-09 18:12:56,154.0,439e88bdf46b8545bcf3fbf4d1cac9bf084df91d,1254830,,,,,,,,,,,,,,,,,,,,,,,,,,,,,,,,,,,,,,,,,,,,,,,,,,TN,,,,,,,,,,
autoland,3646670,2,6311658df04f8b9dab1d842cf1ddc69e83bd8127,linux64-qr,,False,,,102210fe594ee9b33d82058545b1ed14f4c8206e,num_static_constructors,compiler_metrics,True,compiler_metrics num_static_constructors opt valgrind,,77,,,,1708887475,2023-06-09 18:12:56,154.0,439e88bdf46b8545bcf3fbf4d1cac9bf084df91d,1254830,,,,,,,,,,,,,,,,,,,,,,,,,,,,,,,,,,,,,,,,,,,,,,,,,,TN,,,,,,,,,,
autoland,3646670,2,6311658df04f8b9dab1d842cf1ddc69e83bd8127,linux64-qr,,False,,,102210fe594ee9b33d82058545b1ed14f4c8206e,num_static_constructors,compiler_metrics,True,compiler_metrics num_static_constructors opt valgrind,,77,,,,1708825978,2023-06-09 18:43:14,154.0,c9c8a56a83f53c76f7bfcf14dedf294c4ac660c7,1254862,,,,,,,,,,,,,,,,,,,,,,,,,,,,,,,,,,,,,,,,,,,,,,,,,,TN,,,,,,,,,,
autoland,3646670,2,6311658df04f8b9dab1d842cf1ddc69e83bd8127,linux64-qr,,False,,,102210fe594ee9b33d82058545b1ed14f4c8206e,num_static_constructors,compiler_metrics,True,compiler_metrics num_static_constructors opt valgrind,,77,,,,1708863437,2023-06-09 19:52:31,154.0,14c10deaa83992232930103150b2cb2351a623a5,1254912,,,,,,,,,,,,,,,,,,,,,,,,,,,,,,,,,,,,,,,,,,,,,,,,,,TN,,,,,,,,,,
autoland,3646670,2,6311658df04f8b9dab1d842cf1ddc69e83bd8127,linux64-qr,,False,,,102210fe594ee9b33d82058545b1ed14f4c8206e,num_static_constructors,compiler_metrics,True,compiler_metrics num_static_constructors opt valgrind,,77,,,,1708888354,2023-06-09 19:52:31,154.0,14c10deaa83992232930103150b2cb2351a623a5,1254912,,,,,,,,,,,,,,,,,,,,,,,,,,,,,,,,,,,,,,,,,,,,,,,,,,TN,,,,,,,,,,
autoland,3646670,2,6311658df04f8b9dab1d842cf1ddc69e83bd8127,linux64-qr,,False,,,102210fe594ee9b33d82058545b1ed14f4c8206e,num_static_constructors,compiler_metrics,True,compiler_metrics num_static_constructors opt valgrind,,77,,,,1708925304,2023-06-09 19:52:31,154.0,14c10deaa83992232930103150b2cb2351a623a5,1254912,,,,,,,,,,,,,,,,,,,,,,,,,,,,,,,,,,,,,,,,,,,,,,,,,,TN,,,,,,,,,,
autoland,3646670,2,6311658df04f8b9dab1d842cf1ddc69e83bd8127,linux64-qr,,False,,,102210fe594ee9b33d82058545b1ed14f4c8206e,num_static_constructors,compiler_metrics,True,compiler_metrics num_static_constructors opt valgrind,,77,,,,1708925019,2023-06-09 19:52:31,154.0,14c10deaa83992232930103150b2cb2351a623a5,1254912,,,,,,,,,,,,,,,,,,,,,,,,,,,,,,,,,,,,,,,,,,,,,,,,,,TN,,,,,,,,,,
autoland,3646670,2,6311658df04f8b9dab1d842cf1ddc69e83bd8127,linux64-qr,,False,,,102210fe594ee9b33d82058545b1ed14f4c8206e,num_static_constructors,compiler_metrics,True,compiler_metrics num_static_constructors opt valgrind,,77,,,,1708942127,2023-06-09 19:52:31,154.0,14c10deaa83992232930103150b2cb2351a623a5,1254912,,,,,,,,,,,,,,,,,,,,,,,,,,,,,,,,,,,,,,,,,,,,,,,,,,TN,,,,,,,,,,
autoland,3646670,2,6311658df04f8b9dab1d842cf1ddc69e83bd8127,linux64-qr,,False,,,102210fe594ee9b33d82058545b1ed14f4c8206e,num_static_constructors,compiler_metrics,True,compiler_metrics num_static_constructors opt valgrind,,77,,,,1708942041,2023-06-09 19:52:31,154.0,14c10deaa83992232930103150b2cb2351a623a5,1254912,,,,,,,,,,,,,,,,,,,,,,,,,,,,,,,,,,,,,,,,,,,,,,,,,,TN,,,,,,,,,,
autoland,3646670,2,6311658df04f8b9dab1d842cf1ddc69e83bd8127,linux64-qr,,False,,,102210fe594ee9b33d82058545b1ed14f4c8206e,num_static_constructors,compiler_metrics,True,compiler_metrics num_static_constructors opt valgrind,,77,,,,1708889648,2023-06-09 20:47:47,154.0,9fd129b529853dac7058a9adb1b27b0ae6a1c181,1254953,,,,,,,,,,,,,,,,,,,,,,,,,,,,,,,,,,,,,,,,,,,,,,,,,,TN,,,,,,,,,,
autoland,3646670,2,6311658df04f8b9dab1d842cf1ddc69e83bd8127,linux64-qr,,False,,,102210fe594ee9b33d82058545b1ed14f4c8206e,num_static_constructors,compiler_metrics,True,compiler_metrics num_static_constructors opt valgrind,,77,,,,1709000022,2023-06-10 01:55:58,154.0,463e881a627c52313496a136abc6c038a4b92af6,1255101,,,,,,,,,,,,,,,,,,,,,,,,,,,,,,,,,,,,,,,,,,,,,,,,,,TN,,,,,,,,,,
autoland,3646670,2,6311658df04f8b9dab1d842cf1ddc69e83bd8127,linux64-qr,,False,,,102210fe594ee9b33d82058545b1ed14f4c8206e,num_static_constructors,compiler_metrics,True,compiler_metrics num_static_constructors opt valgrind,,77,,,,1709095806,2023-06-10 13:36:02,154.0,9c9d29101b3d0533b84b4e75dc06e89fcad3d31a,1255207,,,,,,,,,,,,,,,,,,,,,,,,,,,,,,,,,,,,,,,,,,,,,,,,,,TN,,,,,,,,,,
autoland,3646670,2,6311658df04f8b9dab1d842cf1ddc69e83bd8127,linux64-qr,,False,,,102210fe594ee9b33d82058545b1ed14f4c8206e,num_static_constructors,compiler_metrics,True,compiler_metrics num_static_constructors opt valgrind,,77,,,,1709109752,2023-06-10 13:36:02,154.0,9c9d29101b3d0533b84b4e75dc06e89fcad3d31a,1255207,,,,,,,,,,,,,,,,,,,,,,,,,,,,,,,,,,,,,,,,,,,,,,,,,,TN,,,,,,,,,,
autoland,3646670,2,6311658df04f8b9dab1d842cf1ddc69e83bd8127,linux64-qr,,False,,,102210fe594ee9b33d82058545b1ed14f4c8206e,num_static_constructors,compiler_metrics,True,compiler_metrics num_static_constructors opt valgrind,,77,,,,1709111280,2023-06-10 13:36:02,154.0,9c9d29101b3d0533b84b4e75dc06e89fcad3d31a,1255207,,,,,,,,,,,,,,,,,,,,,,,,,,,,,,,,,,,,,,,,,,,,,,,,,,TN,,,,,,,,,,
autoland,3646670,2,6311658df04f8b9dab1d842cf1ddc69e83bd8127,linux64-qr,,False,,,102210fe594ee9b33d82058545b1ed14f4c8206e,num_static_constructors,compiler_metrics,True,compiler_metrics num_static_constructors opt valgrind,,77,,,,1709111330,2023-06-10 13:36:02,154.0,9c9d29101b3d0533b84b4e75dc06e89fcad3d31a,1255207,,,,,,,,,,,,,,,,,,,,,,,,,,,,,,,,,,,,,,,,,,,,,,,,,,TN,,,,,,,,,,
autoland,3646670,2,6311658df04f8b9dab1d842cf1ddc69e83bd8127,linux64-qr,,False,,,102210fe594ee9b33d82058545b1ed14f4c8206e,num_static_constructors,compiler_metrics,True,compiler_metrics num_static_constructors opt valgrind,,77,,,,1709184152,2023-06-10 18:37:05,154.0,879c6932bb49782e5edfdbe48e93d997a2646d84,1255264,,,,,,,,,,,,,,,,,,,,,,,,,,,,,,,,,,,,,,,,,,,,,,,,,,TN,,,,,,,,,,
autoland,3646670,2,6311658df04f8b9dab1d842cf1ddc69e83bd8127,linux64-qr,,False,,,102210fe594ee9b33d82058545b1ed14f4c8206e,num_static_constructors,compiler_metrics,True,compiler_metrics num_static_constructors opt valgrind,,77,,,,1709237042,2023-06-10 20:39:30,154.0,711b87deb431206775bf67c5b0d04ace33eb3660,1255276,,,,,,,,,,,,,,,,,,,,,,,,,,,,,,,,,,,,,,,,,,,,,,,,,,TN,,,,,,,,,,
autoland,3646670,2,6311658df04f8b9dab1d842cf1ddc69e83bd8127,linux64-qr,,False,,,102210fe594ee9b33d82058545b1ed14f4c8206e,num_static_constructors,compiler_metrics,True,compiler_metrics num_static_constructors opt valgrind,,77,,,,1709306504,2023-06-10 23:30:00,154.0,1e3f9ee392c94b56d9807d9dedece70da8e8bf57,1255309,,,,,,,,,,,,,,,,,,,,,,,,,,,,,,,,,,,,,,,,,,,,,,,,,,TN,,,,,,,,,,
autoland,3646670,2,6311658df04f8b9dab1d842cf1ddc69e83bd8127,linux64-qr,,False,,,102210fe594ee9b33d82058545b1ed14f4c8206e,num_static_constructors,compiler_metrics,True,compiler_metrics num_static_constructors opt valgrind,,77,,,,1709450509,2023-06-11 14:35:35,154.0,3904ff924b73ed2df5a530453ab025bb1c2fdf90,1255360,,,,,,,,,,,,,,,,,,,,,,,,,,,,,,,,,,,,,,,,,,,,,,,,,,TN,,,,,,,,,,
autoland,3646670,2,6311658df04f8b9dab1d842cf1ddc69e83bd8127,linux64-qr,,False,,,102210fe594ee9b33d82058545b1ed14f4c8206e,num_static_constructors,compiler_metrics,True,compiler_metrics num_static_constructors opt valgrind,,77,,,,1709502228,2023-06-11 19:10:58,154.0,af0665af954105365927736b6a65c4d28533bc4d,1255387,,,,,,,,,,,,,,,,,,,,,,,,,,,,,,,,,,,,,,,,,,,,,,,,,,TN,,,,,,,,,,
autoland,3646670,2,6311658df04f8b9dab1d842cf1ddc69e83bd8127,linux64-qr,,False,,,102210fe594ee9b33d82058545b1ed14f4c8206e,num_static_constructors,compiler_metrics,True,compiler_metrics num_static_constructors opt valgrind,,77,,,,1709517917,2023-06-11 19:10:58,154.0,af0665af954105365927736b6a65c4d28533bc4d,1255387,,,,,,,,,,,,,,,,,,,,,,,,,,,,,,,,,,,,,,,,,,,,,,,,,,TN,,,,,,,,,,
autoland,3646670,2,6311658df04f8b9dab1d842cf1ddc69e83bd8127,linux64-qr,,False,,,102210fe594ee9b33d82058545b1ed14f4c8206e,num_static_constructors,compiler_metrics,True,compiler_metrics num_static_constructors opt valgrind,,77,,,,1709537552,2023-06-11 19:10:58,154.0,af0665af954105365927736b6a65c4d28533bc4d,1255387,,,,,,,,,,,,,,,,,,,,,,,,,,,,,,,,,,,,,,,,,,,,,,,,,,TN,,,,,,,,,,
autoland,3646670,2,6311658df04f8b9dab1d842cf1ddc69e83bd8127,linux64-qr,,False,,,102210fe594ee9b33d82058545b1ed14f4c8206e,num_static_constructors,compiler_metrics,True,compiler_metrics num_static_constructors opt valgrind,,77,,,,1709585312,2023-06-12 00:14:44,154.0,c73c9ac3fe19822fcf08c5bd0bc112056008b4da,1255422,,,,,,,,,,,,,,,,,,,,,,,,,,,,,,,,,,,,,,,,,,,,,,,,,,TN,,,,,,,,,,
autoland,3646670,2,6311658df04f8b9dab1d842cf1ddc69e83bd8127,linux64-qr,,False,,,102210fe594ee9b33d82058545b1ed14f4c8206e,num_static_constructors,compiler_metrics,True,compiler_metrics num_static_constructors opt valgrind,,77,,,,1709592532,2023-06-12 00:14:44,154.0,c73c9ac3fe19822fcf08c5bd0bc112056008b4da,1255422,,,,,,,,,,,,,,,,,,,,,,,,,,,,,,,,,,,,,,,,,,,,,,,,,,TN,,,,,,,,,,
autoland,3646670,2,6311658df04f8b9dab1d842cf1ddc69e83bd8127,linux64-qr,,False,,,102210fe594ee9b33d82058545b1ed14f4c8206e,num_static_constructors,compiler_metrics,True,compiler_metrics num_static_constructors opt valgrind,,77,,,,1709631016,2023-06-12 04:46:29,154.0,25564434f810ceea8a17b730bd5498b0ca9856c4,1255461,,,,,,,,,,,,,,,,,,,,,,,,,,,,,,,,,,,,,,,,,,,,,,,,,,TN,,,,,,,,,,
autoland,3646670,2,6311658df04f8b9dab1d842cf1ddc69e83bd8127,linux64-qr,,False,,,102210fe594ee9b33d82058545b1ed14f4c8206e,num_static_constructors,compiler_metrics,True,compiler_metrics num_static_constructors opt valgrind,,77,,,,1709646436,2023-06-12 05:49:03,154.0,7e1a8a0e64316aab38ea6caa7077dede813047e7,1255470,,,,,,,,,,,,,,,,,,,,,,,,,,,,,,,,,,,,,,,,,,,,,,,,,,TN,,,,,,,,,,
autoland,3646670,2,6311658df04f8b9dab1d842cf1ddc69e83bd8127,linux64-qr,,False,,,102210fe594ee9b33d82058545b1ed14f4c8206e,num_static_constructors,compiler_metrics,True,compiler_metrics num_static_constructors opt valgrind,,77,,,,1709709527,2023-06-12 09:00:15,154.0,6c51face7335165a532e8f6b035a975ced1be55c,1255535,,,,,,,,,,,,,,,,,,,,,,,,,,,,,,,,,,,,,,,,,,,,,,,,,,TN,,,,,,,,,,
autoland,3646670,2,6311658df04f8b9dab1d842cf1ddc69e83bd8127,linux64-qr,,False,,,102210fe594ee9b33d82058545b1ed14f4c8206e,num_static_constructors,compiler_metrics,True,compiler_metrics num_static_constructors opt valgrind,,77,,,,1709749318,2023-06-12 09:00:15,154.0,6c51face7335165a532e8f6b035a975ced1be55c,1255535,,,,,,,,,,,,,,,,,,,,,,,,,,,,,,,,,,,,,,,,,,,,,,,,,,TN,,,,,,,,,,
autoland,3646670,2,6311658df04f8b9dab1d842cf1ddc69e83bd8127,linux64-qr,,False,,,102210fe594ee9b33d82058545b1ed14f4c8206e,num_static_constructors,compiler_metrics,True,compiler_metrics num_static_constructors opt valgrind,,77,,,,1709749673,2023-06-12 09:00:15,154.0,6c51face7335165a532e8f6b035a975ced1be55c,1255535,,,,,,,,,,,,,,,,,,,,,,,,,,,,,,,,,,,,,,,,,,,,,,,,,,TN,,,,,,,,,,
autoland,3646670,2,6311658df04f8b9dab1d842cf1ddc69e83bd8127,linux64-qr,,False,,,102210fe594ee9b33d82058545b1ed14f4c8206e,num_static_constructors,compiler_metrics,True,compiler_metrics num_static_constructors opt valgrind,,77,,,,1709724799,2023-06-12 09:27:15,154.0,1dc3aecfed3a924c48ee323c36ee1e783f836dd7,1255558,,,,,,,,,,,,,,,,,,,,,,,,,,,,,,,,,,,,,,,,,,,,,,,,,,TN,,,,,,,,,,
autoland,3646670,2,6311658df04f8b9dab1d842cf1ddc69e83bd8127,linux64-qr,,False,,,102210fe594ee9b33d82058545b1ed14f4c8206e,num_static_constructors,compiler_metrics,True,compiler_metrics num_static_constructors opt valgrind,,77,,,,1709757483,2023-06-12 09:27:15,154.0,1dc3aecfed3a924c48ee323c36ee1e783f836dd7,1255558,,,,,,,,,,,,,,,,,,,,,,,,,,,,,,,,,,,,,,,,,,,,,,,,,,TN,,,,,,,,,,
autoland,3646670,2,6311658df04f8b9dab1d842cf1ddc69e83bd8127,linux64-qr,,False,,,102210fe594ee9b33d82058545b1ed14f4c8206e,num_static_constructors,compiler_metrics,True,compiler_metrics num_static_constructors opt valgrind,,77,,,,1709789304,2023-06-12 09:27:15,154.0,1dc3aecfed3a924c48ee323c36ee1e783f836dd7,1255558,,,,,,,,,,,,,,,,,,,,,,,,,,,,,,,,,,,,,,,,,,,,,,,,,,TN,,,,,,,,,,
autoland,3646670,2,6311658df04f8b9dab1d842cf1ddc69e83bd8127,linux64-qr,,False,,,102210fe594ee9b33d82058545b1ed14f4c8206e,num_static_constructors,compiler_metrics,True,compiler_metrics num_static_constructors opt valgrind,,77,,,,1709758740,2023-06-12 09:55:16,154.0,d8c42e0b32b5e3cb0004372220bb614a003ba179,1255591,,,,,,,,,,,,,,,,,,,,,,,,,,,,,,,,,,,,,,,,,,,,,,,,,,TN,,,,,,,,,,
autoland,3646670,2,6311658df04f8b9dab1d842cf1ddc69e83bd8127,linux64-qr,,False,,,102210fe594ee9b33d82058545b1ed14f4c8206e,num_static_constructors,compiler_metrics,True,compiler_metrics num_static_constructors opt valgrind,,77,,,,1709871632,2023-06-12 13:37:38,154.0,14b1a630b5a0d46be7cc823014b5b9fadbb9df76,1255716,,,,,,,,,,,,,,,,,,,,,,,,,,,,,,,,,,,,,,,,,,,,,,,,,,TN,,,,,,,,,,
autoland,3646670,2,6311658df04f8b9dab1d842cf1ddc69e83bd8127,linux64-qr,,False,,,102210fe594ee9b33d82058545b1ed14f4c8206e,num_static_constructors,compiler_metrics,True,compiler_metrics num_static_constructors opt valgrind,,77,,,,1709920097,2023-06-12 14:14:19,154.0,ee618a493ff9c25c0ecb9dc6087a6179874541da,1255741,,,,,,,,,,,,,,,,,,,,,,,,,,,,,,,,,,,,,,,,,,,,,,,,,,TN,,,,,,,,,,
autoland,3646670,2,6311658df04f8b9dab1d842cf1ddc69e83bd8127,linux64-qr,,False,,,102210fe594ee9b33d82058545b1ed14f4c8206e,num_static_constructors,compiler_metrics,True,compiler_metrics num_static_constructors opt valgrind,,77,,,,1710029042,2023-06-12 17:28:50,154.0,53b4b785ae2a7f70257069e77b138fe36b53698a,1255840,,,,,,,,,,,,,,,,,,,,,,,,,,,,,,,,,,,,,,,,,,,,,,,,,,TN,,,,,,,,,,
autoland,3646670,2,6311658df04f8b9dab1d842cf1ddc69e83bd8127,linux64-qr,,False,,,102210fe594ee9b33d82058545b1ed14f4c8206e,num_static_constructors,compiler_metrics,True,compiler_metrics num_static_constructors opt valgrind,,77,,,,1710056116,2023-06-12 17:28:50,154.0,53b4b785ae2a7f70257069e77b138fe36b53698a,1255840,,,,,,,,,,,,,,,,,,,,,,,,,,,,,,,,,,,,,,,,,,,,,,,,,,TN,,,,,,,,,,
autoland,3646670,2,6311658df04f8b9dab1d842cf1ddc69e83bd8127,linux64-qr,,False,,,102210fe594ee9b33d82058545b1ed14f4c8206e,num_static_constructors,compiler_metrics,True,compiler_metrics num_static_constructors opt valgrind,,77,,,,1710056168,2023-06-12 17:28:50,154.0,53b4b785ae2a7f70257069e77b138fe36b53698a,1255840,,,,,,,,,,,,,,,,,,,,,,,,,,,,,,,,,,,,,,,,,,,,,,,,,,TN,,,,,,,,,,
autoland,3646670,2,6311658df04f8b9dab1d842cf1ddc69e83bd8127,linux64-qr,,False,,,102210fe594ee9b33d82058545b1ed14f4c8206e,num_static_constructors,compiler_metrics,True,compiler_metrics num_static_constructors opt valgrind,,77,,,,1710064054,2023-06-12 17:28:50,154.0,53b4b785ae2a7f70257069e77b138fe36b53698a,1255840,,,,,,,,,,,,,,,,,,,,,,,,,,,,,,,,,,,,,,,,,,,,,,,,,,TN,,,,,,,,,,
autoland,3646670,2,6311658df04f8b9dab1d842cf1ddc69e83bd8127,linux64-qr,,False,,,102210fe594ee9b33d82058545b1ed14f4c8206e,num_static_constructors,compiler_metrics,True,compiler_metrics num_static_constructors opt valgrind,,77,,,,1710094230,2023-06-12 19:22:38,154.0,eb926a42fef72714535ed99bfa3586454449f898,1255917,,,,,,,,,,,,,,,,,,,,,,,,,,,,,,,,,,,,,,,,,,,,,,,,,,TN,,,,,,,,,,
autoland,3646670,2,6311658df04f8b9dab1d842cf1ddc69e83bd8127,linux64-qr,,False,,,102210fe594ee9b33d82058545b1ed14f4c8206e,num_static_constructors,compiler_metrics,True,compiler_metrics num_static_constructors opt valgrind,,77,,,,1710113022,2023-06-12 19:22:38,154.0,eb926a42fef72714535ed99bfa3586454449f898,1255917,,,,,,,,,,,,,,,,,,,,,,,,,,,,,,,,,,,,,,,,,,,,,,,,,,TN,,,,,,,,,,
autoland,3646670,2,6311658df04f8b9dab1d842cf1ddc69e83bd8127,linux64-qr,,False,,,102210fe594ee9b33d82058545b1ed14f4c8206e,num_static_constructors,compiler_metrics,True,compiler_metrics num_static_constructors opt valgrind,,77,,,,1710112728,2023-06-12 19:22:38,154.0,eb926a42fef72714535ed99bfa3586454449f898,1255917,,,,,,,,,,,,,,,,,,,,,,,,,,,,,,,,,,,,,,,,,,,,,,,,,,TN,,,,,,,,,,
autoland,3646670,2,6311658df04f8b9dab1d842cf1ddc69e83bd8127,linux64-qr,,False,,,102210fe594ee9b33d82058545b1ed14f4c8206e,num_static_constructors,compiler_metrics,True,compiler_metrics num_static_constructors opt valgrind,,77,,,,1710113809,2023-06-12 19:22:38,154.0,eb926a42fef72714535ed99bfa3586454449f898,1255917,,,,,,,,,,,,,,,,,,,,,,,,,,,,,,,,,,,,,,,,,,,,,,,,,,TN,,,,,,,,,,
autoland,3646670,2,6311658df04f8b9dab1d842cf1ddc69e83bd8127,linux64-qr,,False,,,102210fe594ee9b33d82058545b1ed14f4c8206e,num_static_constructors,compiler_metrics,True,compiler_metrics num_static_constructors opt valgrind,,77,,,,1710137357,2023-06-12 21:22:21,154.0,eff1078e2398a9021cd61a20eff8062a582128e2,1256012,,,,,,,,,,,,,,,,,,,,,,,,,,,,,,,,,,,,,,,,,,,,,,,,,,TN,,,,,,,,,,
autoland,3646670,2,6311658df04f8b9dab1d842cf1ddc69e83bd8127,linux64-qr,,False,,,102210fe594ee9b33d82058545b1ed14f4c8206e,num_static_constructors,compiler_metrics,True,compiler_metrics num_static_constructors opt valgrind,,77,,,,1710156009,2023-06-12 21:22:21,154.0,eff1078e2398a9021cd61a20eff8062a582128e2,1256012,,,,,,,,,,,,,,,,,,,,,,,,,,,,,,,,,,,,,,,,,,,,,,,,,,TN,,,,,,,,,,
autoland,3646670,2,6311658df04f8b9dab1d842cf1ddc69e83bd8127,linux64-qr,,False,,,102210fe594ee9b33d82058545b1ed14f4c8206e,num_static_constructors,compiler_metrics,True,compiler_metrics num_static_constructors opt valgrind,,77,,,,1710158651,2023-06-12 21:22:21,154.0,eff1078e2398a9021cd61a20eff8062a582128e2,1256012,,,,,,,,,,,,,,,,,,,,,,,,,,,,,,,,,,,,,,,,,,,,,,,,,,TN,,,,,,,,,,
autoland,3646670,2,6311658df04f8b9dab1d842cf1ddc69e83bd8127,linux64-qr,,False,,,102210fe594ee9b33d82058545b1ed14f4c8206e,num_static_constructors,compiler_metrics,True,compiler_metrics num_static_constructors opt valgrind,,77,,,,1710161643,2023-06-12 21:22:21,154.0,eff1078e2398a9021cd61a20eff8062a582128e2,1256012,,,,,,,,,,,,,,,,,,,,,,,,,,,,,,,,,,,,,,,,,,,,,,,,,,TN,,,,,,,,,,
autoland,3646670,2,6311658df04f8b9dab1d842cf1ddc69e83bd8127,linux64-qr,,False,,,102210fe594ee9b33d82058545b1ed14f4c8206e,num_static_constructors,compiler_metrics,True,compiler_metrics num_static_constructors opt valgrind,,77,,,,1710231961,2023-06-13 00:34:11,154.0,f2b4a1f9f940c8b638678d57049d4d9589bbf619,1256126,,,,,,,,,,,,,,,,,,,,,,,,,,,,,,,,,,,,,,,,,,,,,,,,,,TN,,,,,,,,,,
autoland,3646670,2,6311658df04f8b9dab1d842cf1ddc69e83bd8127,linux64-qr,,False,,,102210fe594ee9b33d82058545b1ed14f4c8206e,num_static_constructors,compiler_metrics,True,compiler_metrics num_static_constructors opt valgrind,,77,,,,1710239006,2023-06-13 00:34:11,154.0,f2b4a1f9f940c8b638678d57049d4d9589bbf619,1256126,,,,,,,,,,,,,,,,,,,,,,,,,,,,,,,,,,,,,,,,,,,,,,,,,,TN,,,,,,,,,,
autoland,3646670,2,6311658df04f8b9dab1d842cf1ddc69e83bd8127,linux64-qr,,False,,,102210fe594ee9b33d82058545b1ed14f4c8206e,num_static_constructors,compiler_metrics,True,compiler_metrics num_static_constructors opt valgrind,,77,,,,1710240206,2023-06-13 00:34:11,154.0,f2b4a1f9f940c8b638678d57049d4d9589bbf619,1256126,,,,,,,,,,,,,,,,,,,,,,,,,,,,,,,,,,,,,,,,,,,,,,,,,,TN,,,,,,,,,,
autoland,3646670,2,6311658df04f8b9dab1d842cf1ddc69e83bd8127,linux64-qr,,False,,,102210fe594ee9b33d82058545b1ed14f4c8206e,num_static_constructors,compiler_metrics,True,compiler_metrics num_static_constructors opt valgrind,,77,,,,1710240495,2023-06-13 00:34:11,154.0,f2b4a1f9f940c8b638678d57049d4d9589bbf619,1256126,,,,,,,,,,,,,,,,,,,,,,,,,,,,,,,,,,,,,,,,,,,,,,,,,,TN,,,,,,,,,,
autoland,3646670,2,6311658df04f8b9dab1d842cf1ddc69e83bd8127,linux64-qr,,False,,,102210fe594ee9b33d82058545b1ed14f4c8206e,num_static_constructors,compiler_metrics,True,compiler_metrics num_static_constructors opt valgrind,,77,,,,1710247043,2023-06-13 02:32:41,154.0,2bdaa9d6ac390362734ba199115ca10186243e87,1256169,,,,,,,,,,,,,,,,,,,,,,,,,,,,,,,,,,,,,,,,,,,,,,,,,,TN,,,,,,,,,,
autoland,3646670,2,6311658df04f8b9dab1d842cf1ddc69e83bd8127,linux64-qr,,False,,,102210fe594ee9b33d82058545b1ed14f4c8206e,num_static_constructors,compiler_metrics,True,compiler_metrics num_static_constructors opt valgrind,,77,,,,1710311979,2023-06-13 05:20:45,154.0,1a37acad51201ba77a18b0951d3a93bc8c9eebf7,1256212,,,,,,,,,,,,,,,,,,,,,,,,,,,,,,,,,,,,,,,,,,,,,,,,,,TN,,,,,,,,,,
autoland,3646670,2,6311658df04f8b9dab1d842cf1ddc69e83bd8127,linux64-qr,,False,,,102210fe594ee9b33d82058545b1ed14f4c8206e,num_static_constructors,compiler_metrics,True,compiler_metrics num_static_constructors opt valgrind,,77,,,,1710364491,2023-06-13 08:07:23,154.0,48bedd7ad73f194f4b7544587d4889eb45db570c,1256279,,,,,,,,,,,,,,,,,,,,,,,,,,,,,,,,,,,,,,,,,,,,,,,,,,TN,,,,,,,,,,
autoland,3646670,2,6311658df04f8b9dab1d842cf1ddc69e83bd8127,linux64-qr,,False,,,102210fe594ee9b33d82058545b1ed14f4c8206e,num_static_constructors,compiler_metrics,True,compiler_metrics num_static_constructors opt valgrind,,77,,,,1710387803,2023-06-13 09:27:30,154.0,c7b5ae0c3e2d58a11af3dbe818dd67837d0ff44a,1256328,,,,,,,,,,,,,,,,,,,,,,,,,,,,,,,,,,,,,,,,,,,,,,,,,,TN,,,,,,,,,,
autoland,3646670,2,6311658df04f8b9dab1d842cf1ddc69e83bd8127,linux64-qr,,False,,,102210fe594ee9b33d82058545b1ed14f4c8206e,num_static_constructors,compiler_metrics,True,compiler_metrics num_static_constructors opt valgrind,,77,,,,1710398870,2023-06-13 10:02:00,154.0,2b9574ef0cc196618dae379b79b53958470216b3,1256346,,,,,,,,,,,,,,,,,,,,,,,,,,,,,,,,,,,,,,,,,,,,,,,,,,TN,,,,,,,,,,
autoland,3646670,2,6311658df04f8b9dab1d842cf1ddc69e83bd8127,linux64-qr,,False,,,102210fe594ee9b33d82058545b1ed14f4c8206e,num_static_constructors,compiler_metrics,True,compiler_metrics num_static_constructors opt valgrind,,77,,,,1710468299,2023-06-13 11:36:41,154.0,487a29bd817e095a738365045f74b84e5efaf72c,1256397,,,,,,,,,,,,,,,,,,,,,,,,,,,,,,,,,,,,,,,,,,,,,,,,,,TN,,,,,,,,,,
autoland,3646670,2,6311658df04f8b9dab1d842cf1ddc69e83bd8127,linux64-qr,,False,,,102210fe594ee9b33d82058545b1ed14f4c8206e,num_static_constructors,compiler_metrics,True,compiler_metrics num_static_constructors opt valgrind,,77,,,,1710506244,2023-06-13 13:01:33,154.0,8cd7aee6cae85ce9804794d4a45bc2f34aa04b66,1256450,,,,,,,,,,,,,,,,,,,,,,,,,,,,,,,,,,,,,,,,,,,,,,,,,,TN,,,,,,,,,,
autoland,3646670,2,6311658df04f8b9dab1d842cf1ddc69e83bd8127,linux64-qr,,False,,,102210fe594ee9b33d82058545b1ed14f4c8206e,num_static_constructors,compiler_metrics,True,compiler_metrics num_static_constructors opt valgrind,,77,,,,1710583628,2023-06-13 14:56:07,154.0,7c7141d4f48984ebeea6e1b427ae891125459173,1256529,,,,,,,,,,,,,,,,,,,,,,,,,,,,,,,,,,,,,,,,,,,,,,,,,,TN,,,,,,,,,,
autoland,3646670,2,6311658df04f8b9dab1d842cf1ddc69e83bd8127,linux64-qr,,False,,,102210fe594ee9b33d82058545b1ed14f4c8206e,num_static_constructors,compiler_metrics,True,compiler_metrics num_static_constructors opt valgrind,,77,,,,1710615718,2023-06-13 16:01:20,154.0,93520e8ffd9617b46d026ea530fde0169def3a80,1256570,,,,,,,,,,,,,,,,,,,,,,,,,,,,,,,,,,,,,,,,,,,,,,,,,,TN,,,,,,,,,,
autoland,3646670,2,6311658df04f8b9dab1d842cf1ddc69e83bd8127,linux64-qr,,False,,,102210fe594ee9b33d82058545b1ed14f4c8206e,num_static_constructors,compiler_metrics,True,compiler_metrics num_static_constructors opt valgrind,,77,,,,1710657708,2023-06-13 16:01:20,154.0,93520e8ffd9617b46d026ea530fde0169def3a80,1256570,,,,,,,,,,,,,,,,,,,,,,,,,,,,,,,,,,,,,,,,,,,,,,,,,,TN,,,,,,,,,,
autoland,3646670,2,6311658df04f8b9dab1d842cf1ddc69e83bd8127,linux64-qr,,False,,,102210fe594ee9b33d82058545b1ed14f4c8206e,num_static_constructors,compiler_metrics,True,compiler_metrics num_static_constructors opt valgrind,,77,,,,1710666569,2023-06-13 17:34:29,154.0,fb06c191e854acb93f60af29dbb7301b6c72ea1b,1256636,,,,,,,,,,,,,,,,,,,,,,,,,,,,,,,,,,,,,,,,,,,,,,,,,,TN,,,,,,,,,,
autoland,3646670,2,6311658df04f8b9dab1d842cf1ddc69e83bd8127,linux64-qr,,False,,,102210fe594ee9b33d82058545b1ed14f4c8206e,num_static_constructors,compiler_metrics,True,compiler_metrics num_static_constructors opt valgrind,,77,,,,1710688739,2023-06-13 17:34:29,154.0,fb06c191e854acb93f60af29dbb7301b6c72ea1b,1256636,,,,,,,,,,,,,,,,,,,,,,,,,,,,,,,,,,,,,,,,,,,,,,,,,,TN,,,,,,,,,,
autoland,3646670,2,6311658df04f8b9dab1d842cf1ddc69e83bd8127,linux64-qr,,False,,,102210fe594ee9b33d82058545b1ed14f4c8206e,num_static_constructors,compiler_metrics,True,compiler_metrics num_static_constructors opt valgrind,,77,,,,1710720187,2023-06-13 17:34:29,154.0,fb06c191e854acb93f60af29dbb7301b6c72ea1b,1256636,,,,,,,,,,,,,,,,,,,,,,,,,,,,,,,,,,,,,,,,,,,,,,,,,,TN,,,,,,,,,,
autoland,3646670,2,6311658df04f8b9dab1d842cf1ddc69e83bd8127,linux64-qr,,False,,,102210fe594ee9b33d82058545b1ed14f4c8206e,num_static_constructors,compiler_metrics,True,compiler_metrics num_static_constructors opt valgrind,,77,,,,1710692516,2023-06-13 18:36:15,154.0,2d8fa86b279358b19ca794787248a9600c86ef5a,1256676,,,,,,,,,,,,,,,,,,,,,,,,,,,,,,,,,,,,,,,,,,,,,,,,,,TN,,,,,,,,,,
autoland,3646670,2,6311658df04f8b9dab1d842cf1ddc69e83bd8127,linux64-qr,,False,,,102210fe594ee9b33d82058545b1ed14f4c8206e,num_static_constructors,compiler_metrics,True,compiler_metrics num_static_constructors opt valgrind,,77,,,,1710765905,2023-06-13 20:34:30,154.0,d47b81108b7c3e4ae6bc278abd15ccd4a17962a3,1256753,,,,,,,,,,,,,,,,,,,,,,,,,,,,,,,,,,,,,,,,,,,,,,,,,,TN,,,,,,,,,,
autoland,3646670,2,6311658df04f8b9dab1d842cf1ddc69e83bd8127,linux64-qr,,False,,,102210fe594ee9b33d82058545b1ed14f4c8206e,num_static_constructors,compiler_metrics,True,compiler_metrics num_static_constructors opt valgrind,,77,,,,1710825426,2023-06-13 22:49:33,154.0,0e2078b102ffd940ea83c3a5a8b1a176bdd3a8fb,1256827,,,,,,,,,,,,,,,,,,,,,,,,,,,,,,,,,,,,,,,,,,,,,,,,,,TN,,,,,,,,,,
autoland,3646670,2,6311658df04f8b9dab1d842cf1ddc69e83bd8127,linux64-qr,,False,,,102210fe594ee9b33d82058545b1ed14f4c8206e,num_static_constructors,compiler_metrics,True,compiler_metrics num_static_constructors opt valgrind,,77,,,,1710856009,2023-06-14 00:25:00,154.0,4c6c30b03e25cbd9d4dfc96f082e8cf241f51109,1256858,,,,,,,,,,,,,,,,,,,,,,,,,,,,,,,,,,,,,,,,,,,,,,,,,,TN,,,,,,,,,,
autoland,3646670,2,6311658df04f8b9dab1d842cf1ddc69e83bd8127,linux64-qr,,False,,,102210fe594ee9b33d82058545b1ed14f4c8206e,num_static_constructors,compiler_metrics,True,compiler_metrics num_static_constructors opt valgrind,,77,,,,1710872666,2023-06-14 00:25:00,154.0,4c6c30b03e25cbd9d4dfc96f082e8cf241f51109,1256858,,,,,,,,,,,,,,,,,,,,,,,,,,,,,,,,,,,,,,,,,,,,,,,,,,TN,,,,,,,,,,
autoland,3646670,2,6311658df04f8b9dab1d842cf1ddc69e83bd8127,linux64-qr,,False,,,102210fe594ee9b33d82058545b1ed14f4c8206e,num_static_constructors,compiler_metrics,True,compiler_metrics num_static_constructors opt valgrind,,77,,,,1710892089,2023-06-14 03:33:20,154.0,a5f61c0fd4419744d50f6dc88792d96fce081805,1256930,,,,,,,,,,,,,,,,,,,,,,,,,,,,,,,,,,,,,,,,,,,,,,,,,,TN,,,,,,,,,,
autoland,3646670,2,6311658df04f8b9dab1d842cf1ddc69e83bd8127,linux64-qr,,False,,,102210fe594ee9b33d82058545b1ed14f4c8206e,num_static_constructors,compiler_metrics,True,compiler_metrics num_static_constructors opt valgrind,,77,,,,1710926192,2023-06-14 05:14:15,154.0,b9e3497b939c3bdfee632c7297184b79cfeec9cc,1256948,,,,,,,,,,,,,,,,,,,,,,,,,,,,,,,,,,,,,,,,,,,,,,,,,,TN,,,,,,,,,,
autoland,3646670,2,6311658df04f8b9dab1d842cf1ddc69e83bd8127,linux64-qr,,False,,,102210fe594ee9b33d82058545b1ed14f4c8206e,num_static_constructors,compiler_metrics,True,compiler_metrics num_static_constructors opt valgrind,,77,,,,1710957335,2023-06-14 05:14:15,154.0,b9e3497b939c3bdfee632c7297184b79cfeec9cc,1256948,,,,,,,,,,,,,,,,,,,,,,,,,,,,,,,,,,,,,,,,,,,,,,,,,,TN,,,,,,,,,,
autoland,3646670,2,6311658df04f8b9dab1d842cf1ddc69e83bd8127,linux64-qr,,False,,,102210fe594ee9b33d82058545b1ed14f4c8206e,num_static_constructors,compiler_metrics,True,compiler_metrics num_static_constructors opt valgrind,,77,,,,1710981442,2023-06-14 05:14:15,154.0,b9e3497b939c3bdfee632c7297184b79cfeec9cc,1256948,,,,,,,,,,,,,,,,,,,,,,,,,,,,,,,,,,,,,,,,,,,,,,,,,,TN,,,,,,,,,,
autoland,3646670,2,6311658df04f8b9dab1d842cf1ddc69e83bd8127,linux64-qr,,False,,,102210fe594ee9b33d82058545b1ed14f4c8206e,num_static_constructors,compiler_metrics,True,compiler_metrics num_static_constructors opt valgrind,,77,,,,1710984354,2023-06-14 05:14:15,154.0,b9e3497b939c3bdfee632c7297184b79cfeec9cc,1256948,,,,,,,,,,,,,,,,,,,,,,,,,,,,,,,,,,,,,,,,,,,,,,,,,,TN,,,,,,,,,,
autoland,3646670,2,6311658df04f8b9dab1d842cf1ddc69e83bd8127,linux64-qr,,False,,,102210fe594ee9b33d82058545b1ed14f4c8206e,num_static_constructors,compiler_metrics,True,compiler_metrics num_static_constructors opt valgrind,,77,,,,1710987971,2023-06-14 05:14:15,154.0,b9e3497b939c3bdfee632c7297184b79cfeec9cc,1256948,,,,,,,,,,,,,,,,,,,,,,,,,,,,,,,,,,,,,,,,,,,,,,,,,,TN,,,,,,,,,,
autoland,3646670,2,6311658df04f8b9dab1d842cf1ddc69e83bd8127,linux64-qr,,False,,,102210fe594ee9b33d82058545b1ed14f4c8206e,num_static_constructors,compiler_metrics,True,compiler_metrics num_static_constructors opt valgrind,,77,,,,1710995127,2023-06-14 09:47:07,154.0,9891d17d6abe2c190871d5ca239c67797208a6e1,1257053,,,,,,,,,,,,,,,,,,,,,,,,,,,,,,,,,,,,,,,,,,,,,,,,,,TN,,,,,,,,,,
autoland,3646670,2,6311658df04f8b9dab1d842cf1ddc69e83bd8127,linux64-qr,,False,,,102210fe594ee9b33d82058545b1ed14f4c8206e,num_static_constructors,compiler_metrics,True,compiler_metrics num_static_constructors opt valgrind,,77,,,,1711037719,2023-06-14 11:48:24,154.0,c6fa16c28b26a19d81b8853153057f32cec6f2fd,1257091,,,,,,,,,,,,,,,,,,,,,,,,,,,,,,,,,,,,,,,,,,,,,,,,,,TN,,,,,,,,,,
autoland,3646670,2,6311658df04f8b9dab1d842cf1ddc69e83bd8127,linux64-qr,,False,,,102210fe594ee9b33d82058545b1ed14f4c8206e,num_static_constructors,compiler_metrics,True,compiler_metrics num_static_constructors opt valgrind,,77,,,,1711095997,2023-06-14 13:20:02,154.0,928a5d849e038bf4277f06519f8f7ab3c94cc7ff,1257127,,,,,,,,,,,,,,,,,,,,,,,,,,,,,,,,,,,,,,,,,,,,,,,,,,TN,,,,,,,,,,
autoland,3646670,2,6311658df04f8b9dab1d842cf1ddc69e83bd8127,linux64-qr,,False,,,102210fe594ee9b33d82058545b1ed14f4c8206e,num_static_constructors,compiler_metrics,True,compiler_metrics num_static_constructors opt valgrind,,77,,,,1711144370,2023-06-14 13:20:02,154.0,928a5d849e038bf4277f06519f8f7ab3c94cc7ff,1257127,,,,,,,,,,,,,,,,,,,,,,,,,,,,,,,,,,,,,,,,,,,,,,,,,,TN,,,,,,,,,,
autoland,3646670,2,6311658df04f8b9dab1d842cf1ddc69e83bd8127,linux64-qr,,False,,,102210fe594ee9b33d82058545b1ed14f4c8206e,num_static_constructors,compiler_metrics,True,compiler_metrics num_static_constructors opt valgrind,,77,,,,1711196152,2023-06-14 13:20:02,154.0,928a5d849e038bf4277f06519f8f7ab3c94cc7ff,1257127,,,,,,,,,,,,,,,,,,,,,,,,,,,,,,,,,,,,,,,,,,,,,,,,,,TN,,,,,,,,,,
autoland,3646670,2,6311658df04f8b9dab1d842cf1ddc69e83bd8127,linux64-qr,,False,,,102210fe594ee9b33d82058545b1ed14f4c8206e,num_static_constructors,compiler_metrics,True,compiler_metrics num_static_constructors opt valgrind,,77,,,,1711229657,2023-06-14 13:20:02,154.0,928a5d849e038bf4277f06519f8f7ab3c94cc7ff,1257127,,,,,,,,,,,,,,,,,,,,,,,,,,,,,,,,,,,,,,,,,,,,,,,,,,TN,,,,,,,,,,
autoland,3646670,2,6311658df04f8b9dab1d842cf1ddc69e83bd8127,linux64-qr,,False,,,102210fe594ee9b33d82058545b1ed14f4c8206e,num_static_constructors,compiler_metrics,True,compiler_metrics num_static_constructors opt valgrind,,77,,,,1711255269,2023-06-14 13:20:02,154.0,928a5d849e038bf4277f06519f8f7ab3c94cc7ff,1257127,,,,,,,,,,,,,,,,,,,,,,,,,,,,,,,,,,,,,,,,,,,,,,,,,,TN,,,,,,,,,,
autoland,3646670,2,6311658df04f8b9dab1d842cf1ddc69e83bd8127,linux64-qr,,False,,,102210fe594ee9b33d82058545b1ed14f4c8206e,num_static_constructors,compiler_metrics,True,compiler_metrics num_static_constructors opt valgrind,,77,,,,1711255997,2023-06-14 13:20:02,154.0,928a5d849e038bf4277f06519f8f7ab3c94cc7ff,1257127,,,,,,,,,,,,,,,,,,,,,,,,,,,,,,,,,,,,,,,,,,,,,,,,,,TN,,,,,,,,,,
autoland,3646670,2,6311658df04f8b9dab1d842cf1ddc69e83bd8127,linux64-qr,,False,,,102210fe594ee9b33d82058545b1ed14f4c8206e,num_static_constructors,compiler_metrics,True,compiler_metrics num_static_constructors opt valgrind,,77,,,,1711293306,2023-06-14 17:41:50,154.0,933dd3c3e1c8beb677df8e4d51b1e99b41599f65,1257281,,,,,,,,,,,,,,,,,,,,,,,,,,,,,,,,,,,,,,,,,,,,,,,,,,TN,,,,,,,,,,
autoland,3646670,2,6311658df04f8b9dab1d842cf1ddc69e83bd8127,linux64-qr,,False,,,102210fe594ee9b33d82058545b1ed14f4c8206e,num_static_constructors,compiler_metrics,True,compiler_metrics num_static_constructors opt valgrind,,77,,,,1711355930,2023-06-14 17:41:50,154.0,933dd3c3e1c8beb677df8e4d51b1e99b41599f65,1257281,,,,,,,,,,,,,,,,,,,,,,,,,,,,,,,,,,,,,,,,,,,,,,,,,,TN,,,,,,,,,,
autoland,3646670,2,6311658df04f8b9dab1d842cf1ddc69e83bd8127,linux64-qr,,False,,,102210fe594ee9b33d82058545b1ed14f4c8206e,num_static_constructors,compiler_metrics,True,compiler_metrics num_static_constructors opt valgrind,,77,,,,1711294505,2023-06-14 17:48:52,154.0,c8544c4b8df1d4ef262c0b2527a4b8ed327bdc9e,1257289,,,,,,,,,,,,,,,,,,,,,,,,,,,,,,,,,,,,,,,,,,,,,,,,,,TN,,,,,,,,,,
autoland,3646670,2,6311658df04f8b9dab1d842cf1ddc69e83bd8127,linux64-qr,,False,,,102210fe594ee9b33d82058545b1ed14f4c8206e,num_static_constructors,compiler_metrics,True,compiler_metrics num_static_constructors opt valgrind,,77,,,,1711359857,2023-06-14 18:25:51,154.0,d730841eed9459e5541190a9525313fb1ff98e75,1257330,,,,,,,,,,,,,,,,,,,,,,,,,,,,,,,,,,,,,,,,,,,,,,,,,,TN,,,,,,,,,,
autoland,3646670,2,6311658df04f8b9dab1d842cf1ddc69e83bd8127,linux64-qr,,False,,,102210fe594ee9b33d82058545b1ed14f4c8206e,num_static_constructors,compiler_metrics,True,compiler_metrics num_static_constructors opt valgrind,,77,,,,1711360014,2023-06-14 18:37:02,154.0,9d6b12a756cbe33157704576e141c57a2d6e2bf5,1257344,,,,,,,,,,,,,,,,,,,,,,,,,,,,,,,,,,,,,,,,,,,,,,,,,,TN,,,,,,,,,,
autoland,3646670,2,6311658df04f8b9dab1d842cf1ddc69e83bd8127,linux64-qr,,False,,,102210fe594ee9b33d82058545b1ed14f4c8206e,num_static_constructors,compiler_metrics,True,compiler_metrics num_static_constructors opt valgrind,,77,,,,1711393836,2023-06-14 20:09:05,154.0,ff79aa6f7ba8605e7ea59acddd521284f75136e4,1257422,,,,,,,,,,,,,,,,,,,,,,,,,,,,,,,,,,,,,,,,,,,,,,,,,,TN,,,,,,,,,,
autoland,3646670,2,6311658df04f8b9dab1d842cf1ddc69e83bd8127,linux64-qr,,False,,,102210fe594ee9b33d82058545b1ed14f4c8206e,num_static_constructors,compiler_metrics,True,compiler_metrics num_static_constructors opt valgrind,,77,,,,1711452734,2023-06-14 21:10:53,154.0,ebe58b0d7ffc212a93981259605c60c9b54a5b18,1257475,,,,,,,,,,,,,,,,,,,,,,,,,,,,,,,,,,,,,,,,,,,,,,,,,,TN,,,,,,,,,,
autoland,3646670,2,6311658df04f8b9dab1d842cf1ddc69e83bd8127,linux64-qr,,False,,,102210fe594ee9b33d82058545b1ed14f4c8206e,num_static_constructors,compiler_metrics,True,compiler_metrics num_static_constructors opt valgrind,,77,,,,1711467624,2023-06-14 21:46:45,154.0,4b1c6fc1fc0f3e664d546c4bf5c24f0c157bc2c5,1257512,,,,,,,,,,,,,,,,,,,,,,,,,,,,,,,,,,,,,,,,,,,,,,,,,,TN,,,,,,,,,,
autoland,3646670,2,6311658df04f8b9dab1d842cf1ddc69e83bd8127,linux64-qr,,False,,,102210fe594ee9b33d82058545b1ed14f4c8206e,num_static_constructors,compiler_metrics,True,compiler_metrics num_static_constructors opt valgrind,,77,,,,1711562856,2023-06-14 23:33:14,154.0,f3ec770d7511f21a227ace0a843acb622f686a1c,1257604,,,,,,,,,,,,,,,,,,,,,,,,,,,,,,,,,,,,,,,,,,,,,,,,,,TN,,,,,,,,,,
autoland,3646670,2,6311658df04f8b9dab1d842cf1ddc69e83bd8127,linux64-qr,,False,,,102210fe594ee9b33d82058545b1ed14f4c8206e,num_static_constructors,compiler_metrics,True,compiler_metrics num_static_constructors opt valgrind,,77,,,,1711573818,2023-06-14 23:33:14,154.0,f3ec770d7511f21a227ace0a843acb622f686a1c,1257604,,,,,,,,,,,,,,,,,,,,,,,,,,,,,,,,,,,,,,,,,,,,,,,,,,TN,,,,,,,,,,
autoland,3646670,2,6311658df04f8b9dab1d842cf1ddc69e83bd8127,linux64-qr,,False,,,102210fe594ee9b33d82058545b1ed14f4c8206e,num_static_constructors,compiler_metrics,True,compiler_metrics num_static_constructors opt valgrind,,77,,,,1711601940,2023-06-15 01:50:09,154.0,53e8e97bbe4e0c8fc4deff56e5b8d03391c0c023,1257663,,,,,,,,,,,,,,,,,,,,,,,,,,,,,,,,,,,,,,,,,,,,,,,,,,TN,,,,,,,,,,
autoland,3646670,2,6311658df04f8b9dab1d842cf1ddc69e83bd8127,linux64-qr,,False,,,102210fe594ee9b33d82058545b1ed14f4c8206e,num_static_constructors,compiler_metrics,True,compiler_metrics num_static_constructors opt valgrind,,77,,,,1711738874,2023-06-15 02:05:40,154.0,28b5b95614645f144616ac0634a5d72ffb2c4752,1257677,,,,,,,,,,,,,,,,,,,,,,,,,,,,,,,,,,,,,,,,,,,,,,,,,,TN,,,,,,,,,,
autoland,3646670,2,6311658df04f8b9dab1d842cf1ddc69e83bd8127,linux64-qr,,False,,,102210fe594ee9b33d82058545b1ed14f4c8206e,num_static_constructors,compiler_metrics,True,compiler_metrics num_static_constructors opt valgrind,,77,,,,1711629248,2023-06-15 02:43:47,154.0,abf8f424d2d09f957d7ecd02af086a9b7adde3f8,1257688,,,,,,,,,,,,,,,,,,,,,,,,,,,,,,,,,,,,,,,,,,,,,,,,,,TN,,,,,,,,,,
autoland,3646670,2,6311658df04f8b9dab1d842cf1ddc69e83bd8127,linux64-qr,,False,,,102210fe594ee9b33d82058545b1ed14f4c8206e,num_static_constructors,compiler_metrics,True,compiler_metrics num_static_constructors opt valgrind,,77,,,,1711738011,2023-06-15 02:51:31,154.0,d41e6546b563143a58b3ba9a25aa7a2a4f97c58d,1257689,,,,,,,,,,,,,,,,,,,,,,,,,,,,,,,,,,,,,,,,,,,,,,,,,,TN,,,,,,,,,,
autoland,3646670,2,6311658df04f8b9dab1d842cf1ddc69e83bd8127,linux64-qr,,False,,,102210fe594ee9b33d82058545b1ed14f4c8206e,num_static_constructors,compiler_metrics,True,compiler_metrics num_static_constructors opt valgrind,,77,,,,1711737963,2023-06-15 03:17:11,154.0,7daa1ff59d4269cc4cc91edb1aa3ef9862800901,1257696,,,,,,,,,,,,,,,,,,,,,,,,,,,,,,,,,,,,,,,,,,,,,,,,,,TN,,,,,,,,,,
autoland,3646670,2,6311658df04f8b9dab1d842cf1ddc69e83bd8127,linux64-qr,,False,,,102210fe594ee9b33d82058545b1ed14f4c8206e,num_static_constructors,compiler_metrics,True,compiler_metrics num_static_constructors opt valgrind,,77,,,,1711738319,2023-06-15 03:38:39,154.0,74cc38ff4acbbc7fc7d2f0e8326f6c8a1671d5cc,1257702,,,,,,,,,,,,,,,,,,,,,,,,,,,,,,,,,,,,,,,,,,,,,,,,,,TN,,,,,,,,,,
autoland,3646670,2,6311658df04f8b9dab1d842cf1ddc69e83bd8127,linux64-qr,,False,,,102210fe594ee9b33d82058545b1ed14f4c8206e,num_static_constructors,compiler_metrics,True,compiler_metrics num_static_constructors opt valgrind,,77,,,,1711738118,2023-06-15 05:24:03,154.0,5b330af8c00732a8b8c2ce575575e1faccdde0ac,1257736,,,,,,,,,,,,,,,,,,,,,,,,,,,,,,,,,,,,,,,,,,,,,,,,,,TN,,,,,,,,,,
autoland,3646670,2,6311658df04f8b9dab1d842cf1ddc69e83bd8127,linux64-qr,,False,,,102210fe594ee9b33d82058545b1ed14f4c8206e,num_static_constructors,compiler_metrics,True,compiler_metrics num_static_constructors opt valgrind,,77,,,,1711738055,2023-06-15 05:36:26,154.0,d8a17104536c8c4f7f4a0894a50312f59d1d783d,1257741,,,,,,,,,,,,,,,,,,,,,,,,,,,,,,,,,,,,,,,,,,,,,,,,,,TN,,,,,,,,,,
autoland,3646670,2,6311658df04f8b9dab1d842cf1ddc69e83bd8127,linux64-qr,,False,,,102210fe594ee9b33d82058545b1ed14f4c8206e,num_static_constructors,compiler_metrics,True,compiler_metrics num_static_constructors opt valgrind,,77,,,,1711728952,2023-06-15 06:06:43,154.0,fe77912afbd360dad3c4d2fb551d0519c74d45ec,1257756,,,,,,,,,,,,,,,,,,,,,,,,,,,,,,,,,,,,,,,,,,,,,,,,,,TN,,,,,,,,,,
autoland,3646670,2,6311658df04f8b9dab1d842cf1ddc69e83bd8127,linux64-qr,,False,,,102210fe594ee9b33d82058545b1ed14f4c8206e,num_static_constructors,compiler_metrics,True,compiler_metrics num_static_constructors opt valgrind,,77,,,,1711714681,2023-06-15 06:54:30,154.0,900ba46a6df5d5b6dde0d5de391246157de49c8a,1257783,,,,,,,,,,,,,,,,,,,,,,,,,,,,,,,,,,,,,,,,,,,,,,,,,,TN,,,,,,,,,,
autoland,3646670,2,6311658df04f8b9dab1d842cf1ddc69e83bd8127,linux64-qr,,False,,,102210fe594ee9b33d82058545b1ed14f4c8206e,num_static_constructors,compiler_metrics,True,compiler_metrics num_static_constructors opt valgrind,,77,,,,1711723748,2023-06-15 06:54:30,154.0,900ba46a6df5d5b6dde0d5de391246157de49c8a,1257783,,,,,,,,,,,,,,,,,,,,,,,,,,,,,,,,,,,,,,,,,,,,,,,,,,TN,,,,,,,,,,
autoland,3646670,2,6311658df04f8b9dab1d842cf1ddc69e83bd8127,linux64-qr,,False,,,102210fe594ee9b33d82058545b1ed14f4c8206e,num_static_constructors,compiler_metrics,True,compiler_metrics num_static_constructors opt valgrind,,77,,,,1711723607,2023-06-15 06:54:30,154.0,900ba46a6df5d5b6dde0d5de391246157de49c8a,1257783,,,,,,,,,,,,,,,,,,,,,,,,,,,,,,,,,,,,,,,,,,,,,,,,,,TN,,,,,,,,,,
autoland,3646670,2,6311658df04f8b9dab1d842cf1ddc69e83bd8127,linux64-qr,,False,,,102210fe594ee9b33d82058545b1ed14f4c8206e,num_static_constructors,compiler_metrics,True,compiler_metrics num_static_constructors opt valgrind,,77,,,,1711727090,2023-06-15 06:54:30,154.0,900ba46a6df5d5b6dde0d5de391246157de49c8a,1257783,,,,,,,,,,,,,,,,,,,,,,,,,,,,,,,,,,,,,,,,,,,,,,,,,,TN,,,,,,,,,,
autoland,3646670,2,6311658df04f8b9dab1d842cf1ddc69e83bd8127,linux64-qr,,False,,,102210fe594ee9b33d82058545b1ed14f4c8206e,num_static_constructors,compiler_metrics,True,compiler_metrics num_static_constructors opt valgrind,,77,,,,1711727097,2023-06-15 06:54:30,154.0,900ba46a6df5d5b6dde0d5de391246157de49c8a,1257783,,,,,,,,,,,,,,,,,,,,,,,,,,,,,,,,,,,,,,,,,,,,,,,,,,TN,,,,,,,,,,
autoland,3646670,2,6311658df04f8b9dab1d842cf1ddc69e83bd8127,linux64-qr,,False,,,102210fe594ee9b33d82058545b1ed14f4c8206e,num_static_constructors,compiler_metrics,True,compiler_metrics num_static_constructors opt valgrind,,77,,,,1711728848,2023-06-15 06:54:30,154.0,900ba46a6df5d5b6dde0d5de391246157de49c8a,1257783,,,,,,,,,,,,,,,,,,,,,,,,,,,,,,,,,,,,,,,,,,,,,,,,,,TN,,,,,,,,,,
autoland,3646670,2,6311658df04f8b9dab1d842cf1ddc69e83bd8127,linux64-qr,,False,,,102210fe594ee9b33d82058545b1ed14f4c8206e,num_static_constructors,compiler_metrics,True,compiler_metrics num_static_constructors opt valgrind,,77,,,,1711764831,2023-06-15 08:25:48,154.0,6a3e558888107e82ba443f0ce749cd51f6e1b385,1257830,,,,,,,,,,,,,,,,,,,,,,,,,,,,,,,,,,,,,,,,,,,,,,,,,,TN,,,,,,,,,,
autoland,3646670,2,6311658df04f8b9dab1d842cf1ddc69e83bd8127,linux64-qr,,False,,,102210fe594ee9b33d82058545b1ed14f4c8206e,num_static_constructors,compiler_metrics,True,compiler_metrics num_static_constructors opt valgrind,,77,,,,1711801890,2023-06-15 10:33:37,154.0,86864bda9b5f7077819eb76b661bcefb89fd19fa,1257909,,,,,,,,,,,,,,,,,,,,,,,,,,,,,,,,,,,,,,,,,,,,,,,,,,TN,,,,,,,,,,
autoland,3646670,2,6311658df04f8b9dab1d842cf1ddc69e83bd8127,linux64-qr,,False,,,102210fe594ee9b33d82058545b1ed14f4c8206e,num_static_constructors,compiler_metrics,True,compiler_metrics num_static_constructors opt valgrind,,77,,,,1711868956,2023-06-15 13:10:27,154.0,f1fb26526a2e8e7d9539b3f975817b0578e1bc0c,1257987,,,,,,,,,,,,,,,,,,,,,,,,,,,,,,,,,,,,,,,,,,,,,,,,,,TN,,,,,,,,,,
autoland,3646670,2,6311658df04f8b9dab1d842cf1ddc69e83bd8127,linux64-qr,,False,,,102210fe594ee9b33d82058545b1ed14f4c8206e,num_static_constructors,compiler_metrics,True,compiler_metrics num_static_constructors opt valgrind,,77,,,,1711895371,2023-06-15 13:10:27,154.0,f1fb26526a2e8e7d9539b3f975817b0578e1bc0c,1257987,,,,,,,,,,,,,,,,,,,,,,,,,,,,,,,,,,,,,,,,,,,,,,,,,,TN,,,,,,,,,,
autoland,3646670,2,6311658df04f8b9dab1d842cf1ddc69e83bd8127,linux64-qr,,False,,,102210fe594ee9b33d82058545b1ed14f4c8206e,num_static_constructors,compiler_metrics,True,compiler_metrics num_static_constructors opt valgrind,,77,,,,1711896905,2023-06-15 13:10:27,154.0,f1fb26526a2e8e7d9539b3f975817b0578e1bc0c,1257987,,,,,,,,,,,,,,,,,,,,,,,,,,,,,,,,,,,,,,,,,,,,,,,,,,TN,,,,,,,,,,
autoland,3646670,2,6311658df04f8b9dab1d842cf1ddc69e83bd8127,linux64-qr,,False,,,102210fe594ee9b33d82058545b1ed14f4c8206e,num_static_constructors,compiler_metrics,True,compiler_metrics num_static_constructors opt valgrind,,77,,,,1711893099,2023-06-15 13:10:27,154.0,f1fb26526a2e8e7d9539b3f975817b0578e1bc0c,1257987,,,,,,,,,,,,,,,,,,,,,,,,,,,,,,,,,,,,,,,,,,,,,,,,,,TN,,,,,,,,,,
autoland,3646670,2,6311658df04f8b9dab1d842cf1ddc69e83bd8127,linux64-qr,,False,,,102210fe594ee9b33d82058545b1ed14f4c8206e,num_static_constructors,compiler_metrics,True,compiler_metrics num_static_constructors opt valgrind,,77,,,,1711921578,2023-06-15 14:40:40,154.0,02d601db620c1b64867202e025ce19938938a04f,1258053,,,,,,,,,,,,,,,,,,,,,,,,,,,,,,,,,,,,,,,,,,,,,,,,,,TN,,,,,,,,,,
autoland,3646670,2,6311658df04f8b9dab1d842cf1ddc69e83bd8127,linux64-qr,,False,,,102210fe594ee9b33d82058545b1ed14f4c8206e,num_static_constructors,compiler_metrics,True,compiler_metrics num_static_constructors opt valgrind,,77,,,,1711976940,2023-06-15 14:40:40,154.0,02d601db620c1b64867202e025ce19938938a04f,1258053,,,,,,,,,,,,,,,,,,,,,,,,,,,,,,,,,,,,,,,,,,,,,,,,,,TN,,,,,,,,,,
autoland,3646670,2,6311658df04f8b9dab1d842cf1ddc69e83bd8127,linux64-qr,,False,,,102210fe594ee9b33d82058545b1ed14f4c8206e,num_static_constructors,compiler_metrics,True,compiler_metrics num_static_constructors opt valgrind,,77,,,,1711975204,2023-06-15 14:40:40,154.0,02d601db620c1b64867202e025ce19938938a04f,1258053,,,,,,,,,,,,,,,,,,,,,,,,,,,,,,,,,,,,,,,,,,,,,,,,,,TN,,,,,,,,,,
autoland,3646670,2,6311658df04f8b9dab1d842cf1ddc69e83bd8127,linux64-qr,,False,,,102210fe594ee9b33d82058545b1ed14f4c8206e,num_static_constructors,compiler_metrics,True,compiler_metrics num_static_constructors opt valgrind,,77,,,,1711977647,2023-06-15 14:40:40,154.0,02d601db620c1b64867202e025ce19938938a04f,1258053,,,,,,,,,,,,,,,,,,,,,,,,,,,,,,,,,,,,,,,,,,,,,,,,,,TN,,,,,,,,,,
autoland,3646670,2,6311658df04f8b9dab1d842cf1ddc69e83bd8127,linux64-qr,,False,,,102210fe594ee9b33d82058545b1ed14f4c8206e,num_static_constructors,compiler_metrics,True,compiler_metrics num_static_constructors opt valgrind,,77,,,,1711934226,2023-06-15 14:52:05,154.0,c71789b596556b921a7d6ce12b4102f252631c4b,1258066,,,,,,,,,,,,,,,,,,,,,,,,,,,,,,,,,,,,,,,,,,,,,,,,,,TN,,,,,,,,,,
autoland,3646670,2,6311658df04f8b9dab1d842cf1ddc69e83bd8127,linux64-qr,,False,,,102210fe594ee9b33d82058545b1ed14f4c8206e,num_static_constructors,compiler_metrics,True,compiler_metrics num_static_constructors opt valgrind,,77,,,,1711975518,2023-06-15 14:52:05,154.0,c71789b596556b921a7d6ce12b4102f252631c4b,1258066,,,,,,,,,,,,,,,,,,,,,,,,,,,,,,,,,,,,,,,,,,,,,,,,,,TN,,,,,,,,,,
autoland,3646670,2,6311658df04f8b9dab1d842cf1ddc69e83bd8127,linux64-qr,,False,,,102210fe594ee9b33d82058545b1ed14f4c8206e,num_static_constructors,compiler_metrics,True,compiler_metrics num_static_constructors opt valgrind,,77,,,,1711979916,2023-06-15 14:52:05,154.0,c71789b596556b921a7d6ce12b4102f252631c4b,1258066,,,,,,,,,,,,,,,,,,,,,,,,,,,,,,,,,,,,,,,,,,,,,,,,,,TN,,,,,,,,,,
autoland,3646670,2,6311658df04f8b9dab1d842cf1ddc69e83bd8127,linux64-qr,,False,,,102210fe594ee9b33d82058545b1ed14f4c8206e,num_static_constructors,compiler_metrics,True,compiler_metrics num_static_constructors opt valgrind,,77,,,,1712021528,2023-06-15 14:52:05,154.0,c71789b596556b921a7d6ce12b4102f252631c4b,1258066,,,,,,,,,,,,,,,,,,,,,,,,,,,,,,,,,,,,,,,,,,,,,,,,,,TN,,,,,,,,,,
autoland,3646670,2,6311658df04f8b9dab1d842cf1ddc69e83bd8127,linux64-qr,,False,,,102210fe594ee9b33d82058545b1ed14f4c8206e,num_static_constructors,compiler_metrics,True,compiler_metrics num_static_constructors opt valgrind,,77,,,,1712021018,2023-06-15 14:52:05,154.0,c71789b596556b921a7d6ce12b4102f252631c4b,1258066,,,,,,,,,,,,,,,,,,,,,,,,,,,,,,,,,,,,,,,,,,,,,,,,,,TN,,,,,,,,,,
autoland,3646670,2,6311658df04f8b9dab1d842cf1ddc69e83bd8127,linux64-qr,,False,,,102210fe594ee9b33d82058545b1ed14f4c8206e,num_static_constructors,compiler_metrics,True,compiler_metrics num_static_constructors opt valgrind,,77,,,,1712021046,2023-06-15 14:52:05,154.0,c71789b596556b921a7d6ce12b4102f252631c4b,1258066,,,,,,,,,,,,,,,,,,,,,,,,,,,,,,,,,,,,,,,,,,,,,,,,,,TN,,,,,,,,,,
autoland,3646670,2,6311658df04f8b9dab1d842cf1ddc69e83bd8127,linux64-qr,,False,,,102210fe594ee9b33d82058545b1ed14f4c8206e,num_static_constructors,compiler_metrics,True,compiler_metrics num_static_constructors opt valgrind,,77,,,,1711979356,2023-06-15 15:42:21,154.0,e2c1388d63e7b6d9e905c46e05f1037995911d7c,1258116,,,,,,,,,,,,,,,,,,,,,,,,,,,,,,,,,,,,,,,,,,,,,,,,,,TN,,,,,,,,,,
autoland,3646670,2,6311658df04f8b9dab1d842cf1ddc69e83bd8127,linux64-qr,,False,,,102210fe594ee9b33d82058545b1ed14f4c8206e,num_static_constructors,compiler_metrics,True,compiler_metrics num_static_constructors opt valgrind,,77,,,,1712076912,2023-06-15 17:49:05,154.0,91738dd5bb441001f7837d0cae71c0be46925602,1258216,,,,,,,,,,,,,,,,,,,,,,,,,,,,,,,,,,,,,,,,,,,,,,,,,,TN,,,,,,,,,,
autoland,3646670,2,6311658df04f8b9dab1d842cf1ddc69e83bd8127,linux64-qr,,False,,,102210fe594ee9b33d82058545b1ed14f4c8206e,num_static_constructors,compiler_metrics,True,compiler_metrics num_static_constructors opt valgrind,,77,,,,1712144337,2023-06-15 19:59:28,154.0,7183c524620f567af6e8518132738a0ce1a605b8,1258329,,,,,,,,,,,,,,,,,,,,,,,,,,,,,,,,,,,,,,,,,,,,,,,,,,TN,,,,,,,,,,
autoland,3646670,2,6311658df04f8b9dab1d842cf1ddc69e83bd8127,linux64-qr,,False,,,102210fe594ee9b33d82058545b1ed14f4c8206e,num_static_constructors,compiler_metrics,True,compiler_metrics num_static_constructors opt valgrind,,77,,,,1712169953,2023-06-15 20:51:19,154.0,ba00fe639072b671be556332e4628092d64d31df,1258374,,,,,,,,,,,,,,,,,,,,,,,,,,,,,,,,,,,,,,,,,,,,,,,,,,TN,,,,,,,,,,
autoland,3646670,2,6311658df04f8b9dab1d842cf1ddc69e83bd8127,linux64-qr,,False,,,102210fe594ee9b33d82058545b1ed14f4c8206e,num_static_constructors,compiler_metrics,True,compiler_metrics num_static_constructors opt valgrind,,77,,,,1712279031,2023-06-16 01:17:42,154.0,6bc2d3f9b1aaecde92c9388f00f3d564d136d00a,1258594,,,,,,,,,,,,,,,,,,,,,,,,,,,,,,,,,,,,,,,,,,,,,,,,,,TN,,,,,,,,,,
autoland,3646670,2,6311658df04f8b9dab1d842cf1ddc69e83bd8127,linux64-qr,,False,,,102210fe594ee9b33d82058545b1ed14f4c8206e,num_static_constructors,compiler_metrics,True,compiler_metrics num_static_constructors opt valgrind,,77,,,,1712371266,2023-06-16 06:01:05,154.0,6a640a4dd3245b82ce97d863bf842b0cd4089ce5,1258674,,,,,,,,,,,,,,,,,,,,,,,,,,,,,,,,,,,,,,,,,,,,,,,,,,TN,,,,,,,,,,
autoland,3646670,2,6311658df04f8b9dab1d842cf1ddc69e83bd8127,linux64-qr,,False,,,102210fe594ee9b33d82058545b1ed14f4c8206e,num_static_constructors,compiler_metrics,True,compiler_metrics num_static_constructors opt valgrind,,77,,,,1712438144,2023-06-16 08:20:05,154.0,34ee66e105968b161583947185cad1fcebdc6641,1258718,,,,,,,,,,,,,,,,,,,,,,,,,,,,,,,,,,,,,,,,,,,,,,,,,,TN,,,,,,,,,,
autoland,3646670,2,6311658df04f8b9dab1d842cf1ddc69e83bd8127,linux64-qr,,False,,,102210fe594ee9b33d82058545b1ed14f4c8206e,num_static_constructors,compiler_metrics,True,compiler_metrics num_static_constructors opt valgrind,,77,,,,1712463637,2023-06-16 08:20:05,154.0,34ee66e105968b161583947185cad1fcebdc6641,1258718,,,,,,,,,,,,,,,,,,,,,,,,,,,,,,,,,,,,,,,,,,,,,,,,,,TN,,,,,,,,,,
autoland,3646670,2,6311658df04f8b9dab1d842cf1ddc69e83bd8127,linux64-qr,,False,,,102210fe594ee9b33d82058545b1ed14f4c8206e,num_static_constructors,compiler_metrics,True,compiler_metrics num_static_constructors opt valgrind,,77,,,,1712492987,2023-06-16 08:20:05,154.0,34ee66e105968b161583947185cad1fcebdc6641,1258718,,,,,,,,,,,,,,,,,,,,,,,,,,,,,,,,,,,,,,,,,,,,,,,,,,TN,,,,,,,,,,
autoland,3646670,2,6311658df04f8b9dab1d842cf1ddc69e83bd8127,linux64-qr,,False,,,102210fe594ee9b33d82058545b1ed14f4c8206e,num_static_constructors,compiler_metrics,True,compiler_metrics num_static_constructors opt valgrind,,77,,,,1712490065,2023-06-16 09:40:24,154.0,473081713f8bcc6fc57adb3bf2116c1265c96e8c,1258765,,,,,,,,,,,,,,,,,,,,,,,,,,,,,,,,,,,,,,,,,,,,,,,,,,TN,,,,,,,,,,
autoland,3646670,2,6311658df04f8b9dab1d842cf1ddc69e83bd8127,linux64-qr,,False,,,102210fe594ee9b33d82058545b1ed14f4c8206e,num_static_constructors,compiler_metrics,True,compiler_metrics num_static_constructors opt valgrind,,77,,,,1712567937,2023-06-16 12:30:26,154.0,439d02859a2ebe8406cb74f8d6c7b148011d1658,1258826,,,,,,,,,,,,,,,,,,,,,,,,,,,,,,,,,,,,,,,,,,,,,,,,,,TN,,,,,,,,,,
autoland,3646670,2,6311658df04f8b9dab1d842cf1ddc69e83bd8127,linux64-qr,,False,,,102210fe594ee9b33d82058545b1ed14f4c8206e,num_static_constructors,compiler_metrics,True,compiler_metrics num_static_constructors opt valgrind,,77,,,,1712610882,2023-06-16 12:30:26,154.0,439d02859a2ebe8406cb74f8d6c7b148011d1658,1258826,,,,,,,,,,,,,,,,,,,,,,,,,,,,,,,,,,,,,,,,,,,,,,,,,,TN,,,,,,,,,,
autoland,3646670,2,6311658df04f8b9dab1d842cf1ddc69e83bd8127,linux64-qr,,False,,,102210fe594ee9b33d82058545b1ed14f4c8206e,num_static_constructors,compiler_metrics,True,compiler_metrics num_static_constructors opt valgrind,,77,,,,1712662425,2023-06-16 12:30:26,154.0,439d02859a2ebe8406cb74f8d6c7b148011d1658,1258826,,,,,,,,,,,,,,,,,,,,,,,,,,,,,,,,,,,,,,,,,,,,,,,,,,TN,,,,,,,,,,
autoland,3646670,2,6311658df04f8b9dab1d842cf1ddc69e83bd8127,linux64-qr,,False,,,102210fe594ee9b33d82058545b1ed14f4c8206e,num_static_constructors,compiler_metrics,True,compiler_metrics num_static_constructors opt valgrind,,77,,,,1712704927,2023-06-16 12:30:26,154.0,439d02859a2ebe8406cb74f8d6c7b148011d1658,1258826,,,,,,,,,,,,,,,,,,,,,,,,,,,,,,,,,,,,,,,,,,,,,,,,,,TN,,,,,,,,,,
autoland,3646670,2,6311658df04f8b9dab1d842cf1ddc69e83bd8127,linux64-qr,,False,,,102210fe594ee9b33d82058545b1ed14f4c8206e,num_static_constructors,compiler_metrics,True,compiler_metrics num_static_constructors opt valgrind,,77,,,,1712642302,2023-06-16 14:03:27,154.0,1d8c3788eb6fa2e81d627829a32004244d0271df,1258891,,,,,,,,,,,,,,,,,,,,,,,,,,,,,,,,,,,,,,,,,,,,,,,,,,TN,,,,,,,,,,
autoland,3646670,2,6311658df04f8b9dab1d842cf1ddc69e83bd8127,linux64-qr,,False,,,102210fe594ee9b33d82058545b1ed14f4c8206e,num_static_constructors,compiler_metrics,True,compiler_metrics num_static_constructors opt valgrind,,77,,,,1712674910,2023-06-16 14:03:27,154.0,1d8c3788eb6fa2e81d627829a32004244d0271df,1258891,,,,,,,,,,,,,,,,,,,,,,,,,,,,,,,,,,,,,,,,,,,,,,,,,,TN,,,,,,,,,,
autoland,3646670,2,6311658df04f8b9dab1d842cf1ddc69e83bd8127,linux64-qr,,False,,,102210fe594ee9b33d82058545b1ed14f4c8206e,num_static_constructors,compiler_metrics,True,compiler_metrics num_static_constructors opt valgrind,,77,,,,1712716649,2023-06-16 14:03:27,154.0,1d8c3788eb6fa2e81d627829a32004244d0271df,1258891,,,,,,,,,,,,,,,,,,,,,,,,,,,,,,,,,,,,,,,,,,,,,,,,,,TN,,,,,,,,,,
autoland,3646670,2,6311658df04f8b9dab1d842cf1ddc69e83bd8127,linux64-qr,,False,,,102210fe594ee9b33d82058545b1ed14f4c8206e,num_static_constructors,compiler_metrics,True,compiler_metrics num_static_constructors opt valgrind,,77,,,,1712723500,2023-06-16 15:45:43,154.0,f7e94ea8225209c7179c28b79b9b4387488e1c5d,1258970,,,,,,,,,,,,,,,,,,,,,,,,,,,,,,,,,,,,,,,,,,,,,,,,,,TN,,,,,,,,,,
autoland,3646670,2,6311658df04f8b9dab1d842cf1ddc69e83bd8127,linux64-qr,,False,,,102210fe594ee9b33d82058545b1ed14f4c8206e,num_static_constructors,compiler_metrics,True,compiler_metrics num_static_constructors opt valgrind,,77,,,,1712776385,2023-06-16 16:55:49,154.0,e59de52b8ebea2db606a46a888a941400375fe0f,1259018,,,,,,,,,,,,,,,,,,,,,,,,,,,,,,,,,,,,,,,,,,,,,,,,,,TN,,,,,,,,,,
autoland,3646670,2,6311658df04f8b9dab1d842cf1ddc69e83bd8127,linux64-qr,,False,,,102210fe594ee9b33d82058545b1ed14f4c8206e,num_static_constructors,compiler_metrics,True,compiler_metrics num_static_constructors opt valgrind,,77,,,,1712846782,2023-06-16 16:55:49,154.0,e59de52b8ebea2db606a46a888a941400375fe0f,1259018,,,,,,,,,,,,,,,,,,,,,,,,,,,,,,,,,,,,,,,,,,,,,,,,,,TN,,,,,,,,,,
autoland,3646670,2,6311658df04f8b9dab1d842cf1ddc69e83bd8127,linux64-qr,,False,,,102210fe594ee9b33d82058545b1ed14f4c8206e,num_static_constructors,compiler_metrics,True,compiler_metrics num_static_constructors opt valgrind,,77,,,,1712877940,2023-06-16 16:55:49,154.0,e59de52b8ebea2db606a46a888a941400375fe0f,1259018,,,,,,,,,,,,,,,,,,,,,,,,,,,,,,,,,,,,,,,,,,,,,,,,,,TN,,,,,,,,,,
autoland,3646670,2,6311658df04f8b9dab1d842cf1ddc69e83bd8127,linux64-qr,,False,,,102210fe594ee9b33d82058545b1ed14f4c8206e,num_static_constructors,compiler_metrics,True,compiler_metrics num_static_constructors opt valgrind,,77,,,,1712909039,2023-06-16 16:55:49,154.0,e59de52b8ebea2db606a46a888a941400375fe0f,1259018,,,,,,,,,,,,,,,,,,,,,,,,,,,,,,,,,,,,,,,,,,,,,,,,,,TN,,,,,,,,,,
autoland,3646670,2,6311658df04f8b9dab1d842cf1ddc69e83bd8127,linux64-qr,,False,,,102210fe594ee9b33d82058545b1ed14f4c8206e,num_static_constructors,compiler_metrics,True,compiler_metrics num_static_constructors opt valgrind,,77,,,,1712923678,2023-06-16 16:55:49,154.0,e59de52b8ebea2db606a46a888a941400375fe0f,1259018,,,,,,,,,,,,,,,,,,,,,,,,,,,,,,,,,,,,,,,,,,,,,,,,,,TN,,,,,,,,,,
autoland,3646670,2,6311658df04f8b9dab1d842cf1ddc69e83bd8127,linux64-qr,,False,,,102210fe594ee9b33d82058545b1ed14f4c8206e,num_static_constructors,compiler_metrics,True,compiler_metrics num_static_constructors opt valgrind,,77,,,,1712838905,2023-06-16 18:16:22,154.0,2c6db4cd2a87fc69fcc81289e6a99469489b6a98,1259086,,,,,,,,,,,,,,,,,,,,,,,,,,,,,,,,,,,,,,,,,,,,,,,,,,TN,,,,,,,,,,
autoland,3646670,2,6311658df04f8b9dab1d842cf1ddc69e83bd8127,linux64-qr,,False,,,102210fe594ee9b33d82058545b1ed14f4c8206e,num_static_constructors,compiler_metrics,True,compiler_metrics num_static_constructors opt valgrind,,77,,,,1712901649,2023-06-16 19:50:08,154.0,789349491e2fe15a39f350fe470db7d696989434,1259157,,,,,,,,,,,,,,,,,,,,,,,,,,,,,,,,,,,,,,,,,,,,,,,,,,TN,,,,,,,,,,
autoland,3646670,2,6311658df04f8b9dab1d842cf1ddc69e83bd8127,linux64-qr,,False,,,102210fe594ee9b33d82058545b1ed14f4c8206e,num_static_constructors,compiler_metrics,True,compiler_metrics num_static_constructors opt valgrind,,77,,,,1712967695,2023-06-16 22:50:05,154.0,a3c49585335cd1c0b2c30a9aa1a1ab25826e4dd9,1259280,,,,,,,,,,,,,,,,,,,,,,,,,,,,,,,,,,,,,,,,,,,,,,,,,,TN,,,,,,,,,,
autoland,3646670,2,6311658df04f8b9dab1d842cf1ddc69e83bd8127,linux64-qr,,False,,,102210fe594ee9b33d82058545b1ed14f4c8206e,num_static_constructors,compiler_metrics,True,compiler_metrics num_static_constructors opt valgrind,,77,,,,1712996505,2023-06-16 22:50:05,154.0,a3c49585335cd1c0b2c30a9aa1a1ab25826e4dd9,1259280,,,,,,,,,,,,,,,,,,,,,,,,,,,,,,,,,,,,,,,,,,,,,,,,,,TN,,,,,,,,,,
autoland,3646670,2,6311658df04f8b9dab1d842cf1ddc69e83bd8127,linux64-qr,,False,,,102210fe594ee9b33d82058545b1ed14f4c8206e,num_static_constructors,compiler_metrics,True,compiler_metrics num_static_constructors opt valgrind,,77,,,,1713017529,2023-06-16 22:50:05,154.0,a3c49585335cd1c0b2c30a9aa1a1ab25826e4dd9,1259280,,,,,,,,,,,,,,,,,,,,,,,,,,,,,,,,,,,,,,,,,,,,,,,,,,TN,,,,,,,,,,
autoland,3646670,2,6311658df04f8b9dab1d842cf1ddc69e83bd8127,linux64-qr,,False,,,102210fe594ee9b33d82058545b1ed14f4c8206e,num_static_constructors,compiler_metrics,True,compiler_metrics num_static_constructors opt valgrind,,77,,,,1713042804,2023-06-16 22:50:05,154.0,a3c49585335cd1c0b2c30a9aa1a1ab25826e4dd9,1259280,,,,,,,,,,,,,,,,,,,,,,,,,,,,,,,,,,,,,,,,,,,,,,,,,,TN,,,,,,,,,,
autoland,3646670,2,6311658df04f8b9dab1d842cf1ddc69e83bd8127,linux64-qr,,False,,,102210fe594ee9b33d82058545b1ed14f4c8206e,num_static_constructors,compiler_metrics,True,compiler_metrics num_static_constructors opt valgrind,,77,,,,1713012768,2023-06-17 00:30:00,154.0,901b7ccc8be5e49a1b9736555af9653d46de349e,1259314,,,,,,,,,,,,,,,,,,,,,,,,,,,,,,,,,,,,,,,,,,,,,,,,,,TN,,,,,,,,,,
autoland,3646670,2,6311658df04f8b9dab1d842cf1ddc69e83bd8127,linux64-qr,,False,,,102210fe594ee9b33d82058545b1ed14f4c8206e,num_static_constructors,compiler_metrics,True,compiler_metrics num_static_constructors opt valgrind,,77,,,,1713037816,2023-06-17 00:30:00,154.0,901b7ccc8be5e49a1b9736555af9653d46de349e,1259314,,,,,,,,,,,,,,,,,,,,,,,,,,,,,,,,,,,,,,,,,,,,,,,,,,TN,,,,,,,,,,
autoland,3646670,2,6311658df04f8b9dab1d842cf1ddc69e83bd8127,linux64-qr,,False,,,102210fe594ee9b33d82058545b1ed14f4c8206e,num_static_constructors,compiler_metrics,True,compiler_metrics num_static_constructors opt valgrind,,77,,,,1713056408,2023-06-17 00:30:00,154.0,901b7ccc8be5e49a1b9736555af9653d46de349e,1259314,,,,,,,,,,,,,,,,,,,,,,,,,,,,,,,,,,,,,,,,,,,,,,,,,,TN,,,,,,,,,,
autoland,3646670,2,6311658df04f8b9dab1d842cf1ddc69e83bd8127,linux64-qr,,False,,,102210fe594ee9b33d82058545b1ed14f4c8206e,num_static_constructors,compiler_metrics,True,compiler_metrics num_static_constructors opt valgrind,,77,,,,1713062435,2023-06-17 00:30:00,154.0,901b7ccc8be5e49a1b9736555af9653d46de349e,1259314,,,,,,,,,,,,,,,,,,,,,,,,,,,,,,,,,,,,,,,,,,,,,,,,,,TN,,,,,,,,,,
autoland,3646670,2,6311658df04f8b9dab1d842cf1ddc69e83bd8127,linux64-qr,,False,,,102210fe594ee9b33d82058545b1ed14f4c8206e,num_static_constructors,compiler_metrics,True,compiler_metrics num_static_constructors opt valgrind,,77,,,,1713194432,2023-06-17 15:38:59,154.0,e0262ee6a9a7a642c11266a1e9cfa4bc3fbd4b3b,1259384,,,,,,,,,,,,,,,,,,,,,,,,,,,,,,,,,,,,,,,,,,,,,,,,,,TN,,,,,,,,,,
autoland,3646670,2,6311658df04f8b9dab1d842cf1ddc69e83bd8127,linux64-qr,,False,,,102210fe594ee9b33d82058545b1ed14f4c8206e,num_static_constructors,compiler_metrics,True,compiler_metrics num_static_constructors opt valgrind,,77,,,,1713210110,2023-06-17 15:38:59,154.0,e0262ee6a9a7a642c11266a1e9cfa4bc3fbd4b3b,1259384,,,,,,,,,,,,,,,,,,,,,,,,,,,,,,,,,,,,,,,,,,,,,,,,,,TN,,,,,,,,,,
autoland,3646670,2,6311658df04f8b9dab1d842cf1ddc69e83bd8127,linux64-qr,,False,,,102210fe594ee9b33d82058545b1ed14f4c8206e,num_static_constructors,compiler_metrics,True,compiler_metrics num_static_constructors opt valgrind,,77,,,,1713220711,2023-06-17 15:38:59,154.0,e0262ee6a9a7a642c11266a1e9cfa4bc3fbd4b3b,1259384,,,,,,,,,,,,,,,,,,,,,,,,,,,,,,,,,,,,,,,,,,,,,,,,,,TN,,,,,,,,,,
autoland,3646670,2,6311658df04f8b9dab1d842cf1ddc69e83bd8127,linux64-qr,,False,,,102210fe594ee9b33d82058545b1ed14f4c8206e,num_static_constructors,compiler_metrics,True,compiler_metrics num_static_constructors opt valgrind,,77,,,,1713222658,2023-06-17 15:38:59,154.0,e0262ee6a9a7a642c11266a1e9cfa4bc3fbd4b3b,1259384,,,,,,,,,,,,,,,,,,,,,,,,,,,,,,,,,,,,,,,,,,,,,,,,,,TN,,,,,,,,,,
autoland,3646670,2,6311658df04f8b9dab1d842cf1ddc69e83bd8127,linux64-qr,,False,,,102210fe594ee9b33d82058545b1ed14f4c8206e,num_static_constructors,compiler_metrics,True,compiler_metrics num_static_constructors opt valgrind,,77,,,,1713222108,2023-06-17 15:38:59,154.0,e0262ee6a9a7a642c11266a1e9cfa4bc3fbd4b3b,1259384,,,,,,,,,,,,,,,,,,,,,,,,,,,,,,,,,,,,,,,,,,,,,,,,,,TN,,,,,,,,,,
autoland,3646670,2,6311658df04f8b9dab1d842cf1ddc69e83bd8127,linux64-qr,,False,,,102210fe594ee9b33d82058545b1ed14f4c8206e,num_static_constructors,compiler_metrics,True,compiler_metrics num_static_constructors opt valgrind,,77,,,,1713319786,2023-06-17 23:38:11,154.0,72d2cda2651d8fe01c8649f60e0620bc794a87fe,1259423,,,,,,,,,,,,,,,,,,,,,,,,,,,,,,,,,,,,,,,,,,,,,,,,,,TN,,,,,,,,,,
autoland,3646670,2,6311658df04f8b9dab1d842cf1ddc69e83bd8127,linux64-qr,,False,,,102210fe594ee9b33d82058545b1ed14f4c8206e,num_static_constructors,compiler_metrics,True,compiler_metrics num_static_constructors opt valgrind,,77,,,,1713446254,2023-06-18 11:39:33,154.0,1634cff61cb0e270b9660ebdc234cfcf3fed2c68,1259465,,,,,,,,,,,,,,,,,,,,,,,,,,,,,,,,,,,,,,,,,,,,,,,,,,TN,,,,,,,,,,
autoland,3646670,2,6311658df04f8b9dab1d842cf1ddc69e83bd8127,linux64-qr,,False,,,102210fe594ee9b33d82058545b1ed14f4c8206e,num_static_constructors,compiler_metrics,True,compiler_metrics num_static_constructors opt valgrind,,77,,,,1713665012,2023-06-19 00:32:35,154.0,1c059369d43547f90439b0a44cc76b54a0a3af97,1259516,,,,,,,,,,,,,,,,,,,,,,,,,,,,,,,,,,,,,,,,,,,,,,,,,,TN,,,,,,,,,,
autoland,3646670,2,6311658df04f8b9dab1d842cf1ddc69e83bd8127,linux64-qr,,False,,,102210fe594ee9b33d82058545b1ed14f4c8206e,num_static_constructors,compiler_metrics,True,compiler_metrics num_static_constructors opt valgrind,,77,,,,1713709387,2023-06-19 02:37:45,154.0,45c64956278d14799ff8a8713c37b38aaa4cd58f,1259525,,,,,,,,,,,,,,,,,,,,,,,,,,,,,,,,,,,,,,,,,,,,,,,,,,TN,,,,,,,,,,
autoland,3646670,2,6311658df04f8b9dab1d842cf1ddc69e83bd8127,linux64-qr,,False,,,102210fe594ee9b33d82058545b1ed14f4c8206e,num_static_constructors,compiler_metrics,True,compiler_metrics num_static_constructors opt valgrind,,77,,,,1713739004,2023-06-19 02:37:45,154.0,45c64956278d14799ff8a8713c37b38aaa4cd58f,1259525,,,,,,,,,,,,,,,,,,,,,,,,,,,,,,,,,,,,,,,,,,,,,,,,,,TN,,,,,,,,,,
autoland,3646670,2,6311658df04f8b9dab1d842cf1ddc69e83bd8127,linux64-qr,,False,,,102210fe594ee9b33d82058545b1ed14f4c8206e,num_static_constructors,compiler_metrics,True,compiler_metrics num_static_constructors opt valgrind,,77,,,,1713750125,2023-06-19 05:49:35,154.0,a9e342522ebdb9602671208a06e988a285d3af18,1259544,,,,,,,,,,,,,,,,,,,,,,,,,,,,,,,,,,,,,,,,,,,,,,,,,,TN,,,,,,,,,,
autoland,3646670,2,6311658df04f8b9dab1d842cf1ddc69e83bd8127,linux64-qr,,False,,,102210fe594ee9b33d82058545b1ed14f4c8206e,num_static_constructors,compiler_metrics,True,compiler_metrics num_static_constructors opt valgrind,,77,,,,1713757886,2023-06-19 05:49:35,154.0,a9e342522ebdb9602671208a06e988a285d3af18,1259544,,,,,,,,,,,,,,,,,,,,,,,,,,,,,,,,,,,,,,,,,,,,,,,,,,TN,,,,,,,,,,
autoland,3646670,2,6311658df04f8b9dab1d842cf1ddc69e83bd8127,linux64-qr,,False,,,102210fe594ee9b33d82058545b1ed14f4c8206e,num_static_constructors,compiler_metrics,True,compiler_metrics num_static_constructors opt valgrind,,77,,,,1713808612,2023-06-19 09:32:15,154.0,0274a8c06c67e5ee1dccdb4e151ccf0ec70af43f,1259616,,,,,,,,,,,,,,,,,,,,,,,,,,,,,,,,,,,,,,,,,,,,,,,,,,TN,,,,,,,,,,
autoland,3646670,2,6311658df04f8b9dab1d842cf1ddc69e83bd8127,linux64-qr,,False,,,102210fe594ee9b33d82058545b1ed14f4c8206e,num_static_constructors,compiler_metrics,True,compiler_metrics num_static_constructors opt valgrind,,77,,,,1713876850,2023-06-19 11:44:20,154.0,99ac9d9076781caac5820ebf1f1f3cbf53dc5321,1259696,,,,,,,,,,,,,,,,,,,,,,,,,,,,,,,,,,,,,,,,,,,,,,,,,,TN,,,,,,,,,,
autoland,3646670,2,6311658df04f8b9dab1d842cf1ddc69e83bd8127,linux64-qr,,False,,,102210fe594ee9b33d82058545b1ed14f4c8206e,num_static_constructors,compiler_metrics,True,compiler_metrics num_static_constructors opt valgrind,,77,,,,1713906156,2023-06-19 11:44:20,154.0,99ac9d9076781caac5820ebf1f1f3cbf53dc5321,1259696,,,,,,,,,,,,,,,,,,,,,,,,,,,,,,,,,,,,,,,,,,,,,,,,,,TN,,,,,,,,,,
autoland,3646670,2,6311658df04f8b9dab1d842cf1ddc69e83bd8127,linux64-qr,,False,,,102210fe594ee9b33d82058545b1ed14f4c8206e,num_static_constructors,compiler_metrics,True,compiler_metrics num_static_constructors opt valgrind,,77,,,,1713932916,2023-06-19 11:44:20,154.0,99ac9d9076781caac5820ebf1f1f3cbf53dc5321,1259696,,,,,,,,,,,,,,,,,,,,,,,,,,,,,,,,,,,,,,,,,,,,,,,,,,TN,,,,,,,,,,
autoland,3646670,2,6311658df04f8b9dab1d842cf1ddc69e83bd8127,linux64-qr,,False,,,102210fe594ee9b33d82058545b1ed14f4c8206e,num_static_constructors,compiler_metrics,True,compiler_metrics num_static_constructors opt valgrind,,77,,,,1713924094,2023-06-19 13:01:53,154.0,89c8bf4e9209c0c4b1eb87efab68e96d6dbf8145,1259739,,,,,,,,,,,,,,,,,,,,,,,,,,,,,,,,,,,,,,,,,,,,,,,,,,TN,,,,,,,,,,
autoland,3646670,2,6311658df04f8b9dab1d842cf1ddc69e83bd8127,linux64-qr,,False,,,102210fe594ee9b33d82058545b1ed14f4c8206e,num_static_constructors,compiler_metrics,True,compiler_metrics num_static_constructors opt valgrind,,77,,,,1713986089,2023-06-19 13:01:53,154.0,89c8bf4e9209c0c4b1eb87efab68e96d6dbf8145,1259739,,,,,,,,,,,,,,,,,,,,,,,,,,,,,,,,,,,,,,,,,,,,,,,,,,TN,,,,,,,,,,
autoland,3646670,2,6311658df04f8b9dab1d842cf1ddc69e83bd8127,linux64-qr,,False,,,102210fe594ee9b33d82058545b1ed14f4c8206e,num_static_constructors,compiler_metrics,True,compiler_metrics num_static_constructors opt valgrind,,77,,,,1714009359,2023-06-19 14:46:14,154.0,8248fb8984b2c7c4ba8bfe0151f6858a50978cfd,1259804,,,,,,,,,,,,,,,,,,,,,,,,,,,,,,,,,,,,,,,,,,,,,,,,,,TN,,,,,,,,,,
autoland,3646670,2,6311658df04f8b9dab1d842cf1ddc69e83bd8127,linux64-qr,,False,,,102210fe594ee9b33d82058545b1ed14f4c8206e,num_static_constructors,compiler_metrics,True,compiler_metrics num_static_constructors opt valgrind,,77,,,,1714033476,2023-06-19 14:46:14,154.0,8248fb8984b2c7c4ba8bfe0151f6858a50978cfd,1259804,,,,,,,,,,,,,,,,,,,,,,,,,,,,,,,,,,,,,,,,,,,,,,,,,,TN,,,,,,,,,,
autoland,3646670,2,6311658df04f8b9dab1d842cf1ddc69e83bd8127,linux64-qr,,False,,,102210fe594ee9b33d82058545b1ed14f4c8206e,num_static_constructors,compiler_metrics,True,compiler_metrics num_static_constructors opt valgrind,,77,,,,1714044776,2023-06-19 16:21:16,154.0,9ecde3181716f5d8ad265d976575224cc04b2887,1259851,,,,,,,,,,,,,,,,,,,,,,,,,,,,,,,,,,,,,,,,,,,,,,,,,,TN,,,,,,,,,,
autoland,3646670,2,6311658df04f8b9dab1d842cf1ddc69e83bd8127,linux64-qr,,False,,,102210fe594ee9b33d82058545b1ed14f4c8206e,num_static_constructors,compiler_metrics,True,compiler_metrics num_static_constructors opt valgrind,,77,,,,1714072773,2023-06-19 17:29:47,154.0,08f12e7fa5f04d9acf47a841046c192b3b6b9b71,1259885,,,,,,,,,,,,,,,,,,,,,,,,,,,,,,,,,,,,,,,,,,,,,,,,,,TN,,,,,,,,,,
autoland,3646670,2,6311658df04f8b9dab1d842cf1ddc69e83bd8127,linux64-qr,,False,,,102210fe594ee9b33d82058545b1ed14f4c8206e,num_static_constructors,compiler_metrics,True,compiler_metrics num_static_constructors opt valgrind,,77,,,,1714102734,2023-06-19 19:03:14,154.0,e06365982ef6b00590cb160ebe9f4978558d1052,1259928,,,,,,,,,,,,,,,,,,,,,,,,,,,,,,,,,,,,,,,,,,,,,,,,,,TN,,,,,,,,,,
autoland,3646670,2,6311658df04f8b9dab1d842cf1ddc69e83bd8127,linux64-qr,,False,,,102210fe594ee9b33d82058545b1ed14f4c8206e,num_static_constructors,compiler_metrics,True,compiler_metrics num_static_constructors opt valgrind,,77,,,,1714143072,2023-06-19 20:57:02,154.0,c59c33e5030cfdcee4136b22af8344e90af67367,1259984,,,,,,,,,,,,,,,,,,,,,,,,,,,,,,,,,,,,,,,,,,,,,,,,,,TN,,,,,,,,,,
autoland,3646670,2,6311658df04f8b9dab1d842cf1ddc69e83bd8127,linux64-qr,,False,,,102210fe594ee9b33d82058545b1ed14f4c8206e,num_static_constructors,compiler_metrics,True,compiler_metrics num_static_constructors opt valgrind,,77,,,,1714189758,2023-06-19 23:03:46,154.0,edef1940a6bd4d95b235e43b1cada493f561f78a,1260042,,,,,,,,,,,,,,,,,,,,,,,,,,,,,,,,,,,,,,,,,,,,,,,,,,TN,,,,,,,,,,
autoland,3646670,2,6311658df04f8b9dab1d842cf1ddc69e83bd8127,linux64-qr,,False,,,102210fe594ee9b33d82058545b1ed14f4c8206e,num_static_constructors,compiler_metrics,True,compiler_metrics num_static_constructors opt valgrind,,77,,,,1714207602,2023-06-19 23:03:46,154.0,edef1940a6bd4d95b235e43b1cada493f561f78a,1260042,,,,,,,,,,,,,,,,,,,,,,,,,,,,,,,,,,,,,,,,,,,,,,,,,,TN,,,,,,,,,,
autoland,3646670,2,6311658df04f8b9dab1d842cf1ddc69e83bd8127,linux64-qr,,False,,,102210fe594ee9b33d82058545b1ed14f4c8206e,num_static_constructors,compiler_metrics,True,compiler_metrics num_static_constructors opt valgrind,,77,,,,1714293453,2023-06-20 04:00:20,154.0,a4b679a79f2fa00877013dfcc1a886078d728328,1260102,,,,,,,,,,,,,,,,,,,,,,,,,,,,,,,,,,,,,,,,,,,,,,,,,,TN,,,,,,,,,,
autoland,3646670,2,6311658df04f8b9dab1d842cf1ddc69e83bd8127,linux64-qr,,False,,,102210fe594ee9b33d82058545b1ed14f4c8206e,num_static_constructors,compiler_metrics,True,compiler_metrics num_static_constructors opt valgrind,,77,,,,1714330425,2023-06-20 05:17:25,154.0,ce5a84713c8b968709940f18f143d251da4fcb83,1260124,,,,,,,,,,,,,,,,,,,,,,,,,,,,,,,,,,,,,,,,,,,,,,,,,,TN,,,,,,,,,,
autoland,3646670,2,6311658df04f8b9dab1d842cf1ddc69e83bd8127,linux64-qr,,False,,,102210fe594ee9b33d82058545b1ed14f4c8206e,num_static_constructors,compiler_metrics,True,compiler_metrics num_static_constructors opt valgrind,,77,,,,1714368019,2023-06-20 05:17:25,154.0,ce5a84713c8b968709940f18f143d251da4fcb83,1260124,,,,,,,,,,,,,,,,,,,,,,,,,,,,,,,,,,,,,,,,,,,,,,,,,,TN,,,,,,,,,,
autoland,3646670,2,6311658df04f8b9dab1d842cf1ddc69e83bd8127,linux64-qr,,False,,,102210fe594ee9b33d82058545b1ed14f4c8206e,num_static_constructors,compiler_metrics,True,compiler_metrics num_static_constructors opt valgrind,,77,,,,1714399017,2023-06-20 05:17:25,154.0,ce5a84713c8b968709940f18f143d251da4fcb83,1260124,,,,,,,,,,,,,,,,,,,,,,,,,,,,,,,,,,,,,,,,,,,,,,,,,,TN,,,,,,,,,,
autoland,3646670,2,6311658df04f8b9dab1d842cf1ddc69e83bd8127,linux64-qr,,False,,,102210fe594ee9b33d82058545b1ed14f4c8206e,num_static_constructors,compiler_metrics,True,compiler_metrics num_static_constructors opt valgrind,,77,,,,1714398800,2023-06-20 05:17:25,154.0,ce5a84713c8b968709940f18f143d251da4fcb83,1260124,,,,,,,,,,,,,,,,,,,,,,,,,,,,,,,,,,,,,,,,,,,,,,,,,,TN,,,,,,,,,,
autoland,3646670,2,6311658df04f8b9dab1d842cf1ddc69e83bd8127,linux64-qr,,False,,,102210fe594ee9b33d82058545b1ed14f4c8206e,num_static_constructors,compiler_metrics,True,compiler_metrics num_static_constructors opt valgrind,,77,,,,1714399900,2023-06-20 05:17:25,154.0,ce5a84713c8b968709940f18f143d251da4fcb83,1260124,,,,,,,,,,,,,,,,,,,,,,,,,,,,,,,,,,,,,,,,,,,,,,,,,,TN,,,,,,,,,,
autoland,3646670,2,6311658df04f8b9dab1d842cf1ddc69e83bd8127,linux64-qr,,False,,,102210fe594ee9b33d82058545b1ed14f4c8206e,num_static_constructors,compiler_metrics,True,compiler_metrics num_static_constructors opt valgrind,,77,,,,1714472874,2023-06-20 09:18:46,154.0,caf02cdd31992e89c9bd81c5ec4d391070651f3a,1260213,,,,,,,,,,,,,,,,,,,,,,,,,,,,,,,,,,,,,,,,,,,,,,,,,,TN,,,,,,,,,,
autoland,3646670,2,6311658df04f8b9dab1d842cf1ddc69e83bd8127,linux64-qr,,False,,,102210fe594ee9b33d82058545b1ed14f4c8206e,num_static_constructors,compiler_metrics,True,compiler_metrics num_static_constructors opt valgrind,,77,,,,1714651809,2023-06-20 12:29:52,154.0,5ade2b37847325019878bde832493c342759d7eb,1260284,,,,,,,,,,,,,,,,,,,,,,,,,,,,,,,,,,,,,,,,,,,,,,,,,,TN,,,,,,,,,,
autoland,3646670,2,6311658df04f8b9dab1d842cf1ddc69e83bd8127,linux64-qr,,False,,,102210fe594ee9b33d82058545b1ed14f4c8206e,num_static_constructors,compiler_metrics,True,compiler_metrics num_static_constructors opt valgrind,,77,,,,1714702773,2023-06-20 12:29:52,154.0,5ade2b37847325019878bde832493c342759d7eb,1260284,,,,,,,,,,,,,,,,,,,,,,,,,,,,,,,,,,,,,,,,,,,,,,,,,,TN,,,,,,,,,,
autoland,3646670,2,6311658df04f8b9dab1d842cf1ddc69e83bd8127,linux64-qr,,False,,,102210fe594ee9b33d82058545b1ed14f4c8206e,num_static_constructors,compiler_metrics,True,compiler_metrics num_static_constructors opt valgrind,,77,,,,1714715310,2023-06-20 12:29:52,154.0,5ade2b37847325019878bde832493c342759d7eb,1260284,,,,,,,,,,,,,,,,,,,,,,,,,,,,,,,,,,,,,,,,,,,,,,,,,,TN,,,,,,,,,,
autoland,3646670,2,6311658df04f8b9dab1d842cf1ddc69e83bd8127,linux64-qr,,False,,,102210fe594ee9b33d82058545b1ed14f4c8206e,num_static_constructors,compiler_metrics,True,compiler_metrics num_static_constructors opt valgrind,,77,,,,1714716508,2023-06-20 12:29:52,154.0,5ade2b37847325019878bde832493c342759d7eb,1260284,,,,,,,,,,,,,,,,,,,,,,,,,,,,,,,,,,,,,,,,,,,,,,,,,,TN,,,,,,,,,,
autoland,3646670,2,6311658df04f8b9dab1d842cf1ddc69e83bd8127,linux64-qr,,False,,,102210fe594ee9b33d82058545b1ed14f4c8206e,num_static_constructors,compiler_metrics,True,compiler_metrics num_static_constructors opt valgrind,,77,,,,1714751653,2023-06-20 14:26:20,154.0,3406ed84fd90de91de258d6ad4ac590df5bd0672,1260372,,,,,,,,,,,,,,,,,,,,,,,,,,,,,,,,,,,,,,,,,,,,,,,,,,TN,,,,,,,,,,
autoland,3646670,2,6311658df04f8b9dab1d842cf1ddc69e83bd8127,linux64-qr,,False,,,102210fe594ee9b33d82058545b1ed14f4c8206e,num_static_constructors,compiler_metrics,True,compiler_metrics num_static_constructors opt valgrind,,77,,,,1714848007,2023-06-20 16:34:00,154.0,1877c1e6db6f8a23c52ab9238c7f62d0b696f0ce,1260512,,,,,,,,,,,,,,,,,,,,,,,,,,,,,,,,,,,,,,,,,,,,,,,,,,TN,,,,,,,,,,
autoland,3646670,2,6311658df04f8b9dab1d842cf1ddc69e83bd8127,linux64-qr,,False,,,102210fe594ee9b33d82058545b1ed14f4c8206e,num_static_constructors,compiler_metrics,True,compiler_metrics num_static_constructors opt valgrind,,77,,,,1714846330,2023-06-20 16:35:53,154.0,2ad5c2418b372960126440af5aa568104de3bfb8,1260515,,,,,,,,,,,,,,,,,,,,,,,,,,,,,,,,,,,,,,,,,,,,,,,,,,TN,,,,,,,,,,
autoland,3646670,2,6311658df04f8b9dab1d842cf1ddc69e83bd8127,linux64-qr,,False,,,102210fe594ee9b33d82058545b1ed14f4c8206e,num_static_constructors,compiler_metrics,True,compiler_metrics num_static_constructors opt valgrind,,77,,,,1715149918,2023-06-20 22:34:25,154.0,6fd11756c64136cb821f73e3a15eed93149f1914,1260790,,,,,,,,,,,,,,,,,,,,,,,,,,,,,,,,,,,,,,,,,,,,,,,,,,TN,,,,,,,,,,
autoland,3646670,2,6311658df04f8b9dab1d842cf1ddc69e83bd8127,linux64-qr,,False,,,102210fe594ee9b33d82058545b1ed14f4c8206e,num_static_constructors,compiler_metrics,True,compiler_metrics num_static_constructors opt valgrind,,77,,,,1715205719,2023-06-21 00:51:29,154.0,143aa1574b8d50e4d2ddd1a2826b25a8418f13c1,1260862,,,,,,,,,,,,,,,,,,,,,,,,,,,,,,,,,,,,,,,,,,,,,,,,,,TN,,,,,,,,,,
autoland,3646670,2,6311658df04f8b9dab1d842cf1ddc69e83bd8127,linux64-qr,,False,,,102210fe594ee9b33d82058545b1ed14f4c8206e,num_static_constructors,compiler_metrics,True,compiler_metrics num_static_constructors opt valgrind,,77,,,,1715273718,2023-06-21 02:28:11,154.0,7bdf45ed2f6b565e69fdbc44285af78de3271a4e,1260905,,,,,,,,,,,,,,,,,,,,,,,,,,,,,,,,,,,,,,,,,,,,,,,,,,TN,,,,,,,,,,
autoland,3646670,2,6311658df04f8b9dab1d842cf1ddc69e83bd8127,linux64-qr,,False,,,102210fe594ee9b33d82058545b1ed14f4c8206e,num_static_constructors,compiler_metrics,True,compiler_metrics num_static_constructors opt valgrind,,77,,,,1715370330,2023-06-21 06:04:22,154.0,0394e1ebde86f8289a5cc190c49543b75eff4272,1260953,,,,,,,,,,,,,,,,,,,,,,,,,,,,,,,,,,,,,,,,,,,,,,,,,,TN,,,,,,,,,,
autoland,3646670,2,6311658df04f8b9dab1d842cf1ddc69e83bd8127,linux64-qr,,False,,,102210fe594ee9b33d82058545b1ed14f4c8206e,num_static_constructors,compiler_metrics,True,compiler_metrics num_static_constructors opt valgrind,,77,,,,1715397446,2023-06-21 06:55:17,154.0,8a382f0bd3211346516d54c647d157320335a806,1260969,,,,,,,,,,,,,,,,,,,,,,,,,,,,,,,,,,,,,,,,,,,,,,,,,,TN,,,,,,,,,,
autoland,3646670,2,6311658df04f8b9dab1d842cf1ddc69e83bd8127,linux64-qr,,False,,,102210fe594ee9b33d82058545b1ed14f4c8206e,num_static_constructors,compiler_metrics,True,compiler_metrics num_static_constructors opt valgrind,,77,,,,1715409919,2023-06-21 07:34:24,154.0,4c90403735bebf09d72af91e99745cfcbbae2a35,1260998,,,,,,,,,,,,,,,,,,,,,,,,,,,,,,,,,,,,,,,,,,,,,,,,,,TN,,,,,,,,,,
autoland,3646670,2,6311658df04f8b9dab1d842cf1ddc69e83bd8127,linux64-qr,,False,,,102210fe594ee9b33d82058545b1ed14f4c8206e,num_static_constructors,compiler_metrics,True,compiler_metrics num_static_constructors opt valgrind,,77,,,,1715460445,2023-06-21 09:24:41,154.0,7c7ee96c215d7188e3293eaf0ac43f01fd491d5d,1261075,,,,,,,,,,,,,,,,,,,,,,,,,,,,,,,,,,,,,,,,,,,,,,,,,,TN,,,,,,,,,,
autoland,3646670,2,6311658df04f8b9dab1d842cf1ddc69e83bd8127,linux64-qr,,False,,,102210fe594ee9b33d82058545b1ed14f4c8206e,num_static_constructors,compiler_metrics,True,compiler_metrics num_static_constructors opt valgrind,,77,,,,1715555555,2023-06-21 12:20:35,154.0,14edc9bcbe5615f748cdb086881c6b983aedf04d,1261182,,,,,,,,,,,,,,,,,,,,,,,,,,,,,,,,,,,,,,,,,,,,,,,,,,TN,,,,,,,,,,
autoland,3646670,2,6311658df04f8b9dab1d842cf1ddc69e83bd8127,linux64-qr,,False,,,102210fe594ee9b33d82058545b1ed14f4c8206e,num_static_constructors,compiler_metrics,True,compiler_metrics num_static_constructors opt valgrind,,77,,,,1715607694,2023-06-21 12:59:17,154.0,b94f3d418f54f964368486a65cd5d15e828867db,1261207,,,,,,,,,,,,,,,,,,,,,,,,,,,,,,,,,,,,,,,,,,,,,,,,,,TN,,,,,,,,,,
autoland,3646670,2,6311658df04f8b9dab1d842cf1ddc69e83bd8127,linux64-qr,,False,,,102210fe594ee9b33d82058545b1ed14f4c8206e,num_static_constructors,compiler_metrics,True,compiler_metrics num_static_constructors opt valgrind,,77,,,,1715678269,2023-06-21 15:01:10,154.0,0385fd58acfe9d498e275f5665e9dc898737624d,1261263,,,,,,,,,,,,,,,,,,,,,,,,,,,,,,,,,,,,,,,,,,,,,,,,,,TN,,,,,,,,,,
autoland,3646670,2,6311658df04f8b9dab1d842cf1ddc69e83bd8127,linux64-qr,,False,,,102210fe594ee9b33d82058545b1ed14f4c8206e,num_static_constructors,compiler_metrics,True,compiler_metrics num_static_constructors opt valgrind,,77,,,,1715709575,2023-06-21 16:33:07,154.0,702dc0aa87a8c3e4929277c1dc8220a7dd72418f,1261278,,,,,,,,,,,,,,,,,,,,,,,,,,,,,,,,,,,,,,,,,,,,,,,,,,TN,,,,,,,,,,
autoland,3646670,2,6311658df04f8b9dab1d842cf1ddc69e83bd8127,linux64-qr,,False,,,102210fe594ee9b33d82058545b1ed14f4c8206e,num_static_constructors,compiler_metrics,True,compiler_metrics num_static_constructors opt valgrind,,77,,,,1715816130,2023-06-21 18:51:30,154.0,e3eb3f52401709ec2fd3adf6f5199cf853608492,1261429,,,,,,,,,,,,,,,,,,,,,,,,,,,,,,,,,,,,,,,,,,,,,,,,,,TN,,,,,,,,,,
autoland,3646670,2,6311658df04f8b9dab1d842cf1ddc69e83bd8127,linux64-qr,,False,,,102210fe594ee9b33d82058545b1ed14f4c8206e,num_static_constructors,compiler_metrics,True,compiler_metrics num_static_constructors opt valgrind,,77,,,,1715870452,2023-06-21 18:51:30,154.0,e3eb3f52401709ec2fd3adf6f5199cf853608492,1261429,,,,,,,,,,,,,,,,,,,,,,,,,,,,,,,,,,,,,,,,,,,,,,,,,,TN,,,,,,,,,,
autoland,3646670,2,6311658df04f8b9dab1d842cf1ddc69e83bd8127,linux64-qr,,False,,,102210fe594ee9b33d82058545b1ed14f4c8206e,num_static_constructors,compiler_metrics,True,compiler_metrics num_static_constructors opt valgrind,,77,,,,1715891169,2023-06-21 18:51:30,154.0,e3eb3f52401709ec2fd3adf6f5199cf853608492,1261429,,,,,,,,,,,,,,,,,,,,,,,,,,,,,,,,,,,,,,,,,,,,,,,,,,TN,,,,,,,,,,
autoland,3646670,2,6311658df04f8b9dab1d842cf1ddc69e83bd8127,linux64-qr,,False,,,102210fe594ee9b33d82058545b1ed14f4c8206e,num_static_constructors,compiler_metrics,True,compiler_metrics num_static_constructors opt valgrind,,77,,,,1715895009,2023-06-21 20:43:57,154.0,78880280c2765ec0520ece3184fc8fdbac5b5356,1261541,,,,,,,,,,,,,,,,,,,,,,,,,,,,,,,,,,,,,,,,,,,,,,,,,,TN,,,,,,,,,,
autoland,3646670,2,6311658df04f8b9dab1d842cf1ddc69e83bd8127,linux64-qr,,False,,,102210fe594ee9b33d82058545b1ed14f4c8206e,num_static_constructors,compiler_metrics,True,compiler_metrics num_static_constructors opt valgrind,,77,,,,1715926920,2023-06-21 20:43:57,154.0,78880280c2765ec0520ece3184fc8fdbac5b5356,1261541,,,,,,,,,,,,,,,,,,,,,,,,,,,,,,,,,,,,,,,,,,,,,,,,,,TN,,,,,,,,,,
autoland,3646670,2,6311658df04f8b9dab1d842cf1ddc69e83bd8127,linux64-qr,,False,,,102210fe594ee9b33d82058545b1ed14f4c8206e,num_static_constructors,compiler_metrics,True,compiler_metrics num_static_constructors opt valgrind,,77,,,,1715957410,2023-06-21 20:43:57,154.0,78880280c2765ec0520ece3184fc8fdbac5b5356,1261541,,,,,,,,,,,,,,,,,,,,,,,,,,,,,,,,,,,,,,,,,,,,,,,,,,TN,,,,,,,,,,
autoland,3646670,2,6311658df04f8b9dab1d842cf1ddc69e83bd8127,linux64-qr,,False,,,102210fe594ee9b33d82058545b1ed14f4c8206e,num_static_constructors,compiler_metrics,True,compiler_metrics num_static_constructors opt valgrind,,77,,,,1715968489,2023-06-21 20:43:57,154.0,78880280c2765ec0520ece3184fc8fdbac5b5356,1261541,,,,,,,,,,,,,,,,,,,,,,,,,,,,,,,,,,,,,,,,,,,,,,,,,,TN,,,,,,,,,,
autoland,3646670,2,6311658df04f8b9dab1d842cf1ddc69e83bd8127,linux64-qr,,False,,,102210fe594ee9b33d82058545b1ed14f4c8206e,num_static_constructors,compiler_metrics,True,compiler_metrics num_static_constructors opt valgrind,,77,,,,1715961619,2023-06-21 22:43:20,154.0,c910266f6c4210b44227d0e27cc333693d298cbb,1261674,,,,,,,,,,,,,,,,,,,,,,,,,,,,,,,,,,,,,,,,,,,,,,,,,,TN,,,,,,,,,,
autoland,3646670,2,6311658df04f8b9dab1d842cf1ddc69e83bd8127,linux64-qr,,False,,,102210fe594ee9b33d82058545b1ed14f4c8206e,num_static_constructors,compiler_metrics,True,compiler_metrics num_static_constructors opt valgrind,,77,,,,1716000483,2023-06-22 00:43:42,154.0,109834499ca10a69681c6868a23ec828dcf160cf,1261782,,,,,,,,,,,,,,,,,,,,,,,,,,,,,,,,,,,,,,,,,,,,,,,,,,TN,,,,,,,,,,
autoland,3646670,2,6311658df04f8b9dab1d842cf1ddc69e83bd8127,linux64-qr,,False,,,102210fe594ee9b33d82058545b1ed14f4c8206e,num_static_constructors,compiler_metrics,True,compiler_metrics num_static_constructors opt valgrind,,77,,,,1716023490,2023-06-22 00:43:42,154.0,109834499ca10a69681c6868a23ec828dcf160cf,1261782,,,,,,,,,,,,,,,,,,,,,,,,,,,,,,,,,,,,,,,,,,,,,,,,,,TN,,,,,,,,,,
autoland,3646670,2,6311658df04f8b9dab1d842cf1ddc69e83bd8127,linux64-qr,,False,,,102210fe594ee9b33d82058545b1ed14f4c8206e,num_static_constructors,compiler_metrics,True,compiler_metrics num_static_constructors opt valgrind,,77,,,,1716037756,2023-06-22 03:09:21,154.0,5fb45c52d01e74c17ca45d498d9eb9167daf1fa8,1261835,,,,,,,,,,,,,,,,,,,,,,,,,,,,,,,,,,,,,,,,,,,,,,,,,,TN,,,,,,,,,,
autoland,3646670,2,6311658df04f8b9dab1d842cf1ddc69e83bd8127,linux64-qr,,False,,,102210fe594ee9b33d82058545b1ed14f4c8206e,num_static_constructors,compiler_metrics,True,compiler_metrics num_static_constructors opt valgrind,,77,,,,1716069039,2023-06-22 05:48:27,154.0,57884604206ce9bb39718006eac660e6e32e5044,1261863,,,,,,,,,,,,,,,,,,,,,,,,,,,,,,,,,,,,,,,,,,,,,,,,,,TN,,,,,,,,,,
autoland,3646670,2,6311658df04f8b9dab1d842cf1ddc69e83bd8127,linux64-qr,,False,,,102210fe594ee9b33d82058545b1ed14f4c8206e,num_static_constructors,compiler_metrics,True,compiler_metrics num_static_constructors opt valgrind,,77,,,,1716092205,2023-06-22 07:29:35,154.0,45769d7ff3c64d7abfcfedd8f05bb7dcb442270c,1261886,,,,,,,,,,,,,,,,,,,,,,,,,,,,,,,,,,,,,,,,,,,,,,,,,,TN,,,,,,,,,,
autoland,3646670,2,6311658df04f8b9dab1d842cf1ddc69e83bd8127,linux64-qr,,False,,,102210fe594ee9b33d82058545b1ed14f4c8206e,num_static_constructors,compiler_metrics,True,compiler_metrics num_static_constructors opt valgrind,,77,,,,1716133248,2023-06-22 09:20:58,154.0,096fdcd3868552d94f9918381ec8b49735d231c3,1261961,,,,,,,,,,,,,,,,,,,,,,,,,,,,,,,,,,,,,,,,,,,,,,,,,,TN,,,,,,,,,,
autoland,3646670,2,6311658df04f8b9dab1d842cf1ddc69e83bd8127,linux64-qr,,False,,,102210fe594ee9b33d82058545b1ed14f4c8206e,num_static_constructors,compiler_metrics,True,compiler_metrics num_static_constructors opt valgrind,,77,,,,1716191620,2023-06-22 11:39:08,154.0,3d85ee9f4f736ebc38b26fed33c8681bb512aa92,1262053,,,,,,,,,,,,,,,,,,,,,,,,,,,,,,,,,,,,,,,,,,,,,,,,,,TN,,,,,,,,,,
autoland,3646670,2,6311658df04f8b9dab1d842cf1ddc69e83bd8127,linux64-qr,,False,,,102210fe594ee9b33d82058545b1ed14f4c8206e,num_static_constructors,compiler_metrics,True,compiler_metrics num_static_constructors opt valgrind,,77,,,,1716216119,2023-06-22 11:39:08,154.0,3d85ee9f4f736ebc38b26fed33c8681bb512aa92,1262053,,,,,,,,,,,,,,,,,,,,,,,,,,,,,,,,,,,,,,,,,,,,,,,,,,TN,,,,,,,,,,
autoland,3646670,2,6311658df04f8b9dab1d842cf1ddc69e83bd8127,linux64-qr,,False,,,102210fe594ee9b33d82058545b1ed14f4c8206e,num_static_constructors,compiler_metrics,True,compiler_metrics num_static_constructors opt valgrind,,77,,,,1716217490,2023-06-22 11:39:08,154.0,3d85ee9f4f736ebc38b26fed33c8681bb512aa92,1262053,,,,,,,,,,,,,,,,,,,,,,,,,,,,,,,,,,,,,,,,,,,,,,,,,,TN,,,,,,,,,,
autoland,3646670,2,6311658df04f8b9dab1d842cf1ddc69e83bd8127,linux64-qr,,False,,,102210fe594ee9b33d82058545b1ed14f4c8206e,num_static_constructors,compiler_metrics,True,compiler_metrics num_static_constructors opt valgrind,,77,,,,1716246993,2023-06-22 11:39:08,154.0,3d85ee9f4f736ebc38b26fed33c8681bb512aa92,1262053,,,,,,,,,,,,,,,,,,,,,,,,,,,,,,,,,,,,,,,,,,,,,,,,,,TN,,,,,,,,,,
autoland,3646670,2,6311658df04f8b9dab1d842cf1ddc69e83bd8127,linux64-qr,,False,,,102210fe594ee9b33d82058545b1ed14f4c8206e,num_static_constructors,compiler_metrics,True,compiler_metrics num_static_constructors opt valgrind,,77,,,,1716247028,2023-06-22 11:39:08,154.0,3d85ee9f4f736ebc38b26fed33c8681bb512aa92,1262053,,,,,,,,,,,,,,,,,,,,,,,,,,,,,,,,,,,,,,,,,,,,,,,,,,TN,,,,,,,,,,
autoland,3646670,2,6311658df04f8b9dab1d842cf1ddc69e83bd8127,linux64-qr,,False,,,102210fe594ee9b33d82058545b1ed14f4c8206e,num_static_constructors,compiler_metrics,True,compiler_metrics num_static_constructors opt valgrind,,77,,,,1716248778,2023-06-22 11:39:08,154.0,3d85ee9f4f736ebc38b26fed33c8681bb512aa92,1262053,,,,,,,,,,,,,,,,,,,,,,,,,,,,,,,,,,,,,,,,,,,,,,,,,,TN,,,,,,,,,,
autoland,3646670,2,6311658df04f8b9dab1d842cf1ddc69e83bd8127,linux64-qr,,False,,,102210fe594ee9b33d82058545b1ed14f4c8206e,num_static_constructors,compiler_metrics,True,compiler_metrics num_static_constructors opt valgrind,,77,,,,1716251746,2023-06-22 13:49:15,154.0,19c777f3b143ca86c79eb065fef63b104200fe97,1262131,,,,,,,,,,,,,,,,,,,,,,,,,,,,,,,,,,,,,,,,,,,,,,,,,,TN,,,,,,,,,,
autoland,3646670,2,6311658df04f8b9dab1d842cf1ddc69e83bd8127,linux64-qr,,False,,,102210fe594ee9b33d82058545b1ed14f4c8206e,num_static_constructors,compiler_metrics,True,compiler_metrics num_static_constructors opt valgrind,,77,,,,1716310592,2023-06-22 14:41:02,154.0,b9e51e69d0451a93822b61cc15d72666124f02dd,1262179,,,,,,,,,,,,,,,,,,,,,,,,,,,,,,,,,,,,,,,,,,,,,,,,,,TN,,,,,,,,,,
autoland,3646670,2,6311658df04f8b9dab1d842cf1ddc69e83bd8127,linux64-qr,,False,,,102210fe594ee9b33d82058545b1ed14f4c8206e,num_static_constructors,compiler_metrics,True,compiler_metrics num_static_constructors opt valgrind,,77,,,,1716367983,2023-06-22 16:16:24,154.0,e21f097b781c6b7a4b8c1702865e011cdd78e13a,1262280,,,,,,,,,,,,,,,,,,,,,,,,,,,,,,,,,,,,,,,,,,,,,,,,,,TN,,,,,,,,,,
autoland,3646670,2,6311658df04f8b9dab1d842cf1ddc69e83bd8127,linux64-qr,,False,,,102210fe594ee9b33d82058545b1ed14f4c8206e,num_static_constructors,compiler_metrics,True,compiler_metrics num_static_constructors opt valgrind,,77,,,,1716383014,2023-06-22 16:16:24,154.0,e21f097b781c6b7a4b8c1702865e011cdd78e13a,1262280,,,,,,,,,,,,,,,,,,,,,,,,,,,,,,,,,,,,,,,,,,,,,,,,,,TN,,,,,,,,,,
autoland,3646670,2,6311658df04f8b9dab1d842cf1ddc69e83bd8127,linux64-qr,,False,,,102210fe594ee9b33d82058545b1ed14f4c8206e,num_static_constructors,compiler_metrics,True,compiler_metrics num_static_constructors opt valgrind,,77,,,,1716383712,2023-06-22 16:16:24,154.0,e21f097b781c6b7a4b8c1702865e011cdd78e13a,1262280,,,,,,,,,,,,,,,,,,,,,,,,,,,,,,,,,,,,,,,,,,,,,,,,,,TN,,,,,,,,,,
autoland,3646670,2,6311658df04f8b9dab1d842cf1ddc69e83bd8127,linux64-qr,,False,,,102210fe594ee9b33d82058545b1ed14f4c8206e,num_static_constructors,compiler_metrics,True,compiler_metrics num_static_constructors opt valgrind,,77,,,,1716385027,2023-06-22 16:16:24,154.0,e21f097b781c6b7a4b8c1702865e011cdd78e13a,1262280,,,,,,,,,,,,,,,,,,,,,,,,,,,,,,,,,,,,,,,,,,,,,,,,,,TN,,,,,,,,,,
autoland,3646670,2,6311658df04f8b9dab1d842cf1ddc69e83bd8127,linux64-qr,,False,,,102210fe594ee9b33d82058545b1ed14f4c8206e,num_static_constructors,compiler_metrics,True,compiler_metrics num_static_constructors opt valgrind,,77,,,,1716399921,2023-06-22 16:16:24,154.0,e21f097b781c6b7a4b8c1702865e011cdd78e13a,1262280,,,,,,,,,,,,,,,,,,,,,,,,,,,,,,,,,,,,,,,,,,,,,,,,,,TN,,,,,,,,,,
autoland,3646670,2,6311658df04f8b9dab1d842cf1ddc69e83bd8127,linux64-qr,,False,,,102210fe594ee9b33d82058545b1ed14f4c8206e,num_static_constructors,compiler_metrics,True,compiler_metrics num_static_constructors opt valgrind,,77,,,,1716401157,2023-06-22 16:16:24,154.0,e21f097b781c6b7a4b8c1702865e011cdd78e13a,1262280,,,,,,,,,,,,,,,,,,,,,,,,,,,,,,,,,,,,,,,,,,,,,,,,,,TN,,,,,,,,,,
autoland,3646670,2,6311658df04f8b9dab1d842cf1ddc69e83bd8127,linux64-qr,,False,,,102210fe594ee9b33d82058545b1ed14f4c8206e,num_static_constructors,compiler_metrics,True,compiler_metrics num_static_constructors opt valgrind,,77,,,,1716401237,2023-06-22 16:16:24,154.0,e21f097b781c6b7a4b8c1702865e011cdd78e13a,1262280,,,,,,,,,,,,,,,,,,,,,,,,,,,,,,,,,,,,,,,,,,,,,,,,,,TN,,,,,,,,,,
autoland,3646670,2,6311658df04f8b9dab1d842cf1ddc69e83bd8127,linux64-qr,,False,,,102210fe594ee9b33d82058545b1ed14f4c8206e,num_static_constructors,compiler_metrics,True,compiler_metrics num_static_constructors opt valgrind,,77,,,,1716433156,2023-06-22 16:16:24,154.0,e21f097b781c6b7a4b8c1702865e011cdd78e13a,1262280,,,,,,,,,,,,,,,,,,,,,,,,,,,,,,,,,,,,,,,,,,,,,,,,,,TN,,,,,,,,,,
autoland,3646670,2,6311658df04f8b9dab1d842cf1ddc69e83bd8127,linux64-qr,,False,,,102210fe594ee9b33d82058545b1ed14f4c8206e,num_static_constructors,compiler_metrics,True,compiler_metrics num_static_constructors opt valgrind,,77,,,,1716433215,2023-06-22 16:16:24,154.0,e21f097b781c6b7a4b8c1702865e011cdd78e13a,1262280,,,,,,,,,,,,,,,,,,,,,,,,,,,,,,,,,,,,,,,,,,,,,,,,,,TN,,,,,,,,,,
autoland,3646670,2,6311658df04f8b9dab1d842cf1ddc69e83bd8127,linux64-qr,,False,,,102210fe594ee9b33d82058545b1ed14f4c8206e,num_static_constructors,compiler_metrics,True,compiler_metrics num_static_constructors opt valgrind,,77,,,,1716434301,2023-06-22 16:16:24,154.0,e21f097b781c6b7a4b8c1702865e011cdd78e13a,1262280,,,,,,,,,,,,,,,,,,,,,,,,,,,,,,,,,,,,,,,,,,,,,,,,,,TN,,,,,,,,,,
autoland,3646670,2,6311658df04f8b9dab1d842cf1ddc69e83bd8127,linux64-qr,,False,,,102210fe594ee9b33d82058545b1ed14f4c8206e,num_static_constructors,compiler_metrics,True,compiler_metrics num_static_constructors opt valgrind,,77,,,,1716436040,2023-06-22 16:16:24,154.0,e21f097b781c6b7a4b8c1702865e011cdd78e13a,1262280,,,,,,,,,,,,,,,,,,,,,,,,,,,,,,,,,,,,,,,,,,,,,,,,,,TN,,,,,,,,,,
autoland,3646670,2,6311658df04f8b9dab1d842cf1ddc69e83bd8127,linux64-qr,,False,,,102210fe594ee9b33d82058545b1ed14f4c8206e,num_static_constructors,compiler_metrics,True,compiler_metrics num_static_constructors opt valgrind,,77,,,,1716415239,2023-06-22 18:48:21,154.0,9a98c67180c5914db4ca78d4fc36d6d0721d24a9,1262325,,,,,,,,,,,,,,,,,,,,,,,,,,,,,,,,,,,,,,,,,,,,,,,,,,TN,,,,,,,,,,
autoland,3646670,2,6311658df04f8b9dab1d842cf1ddc69e83bd8127,linux64-qr,,False,,,102210fe594ee9b33d82058545b1ed14f4c8206e,num_static_constructors,compiler_metrics,True,compiler_metrics num_static_constructors opt valgrind,,77,,,,1716417566,2023-06-22 19:02:55,154.0,4b261191412d4972eaab59ddb358f2eef865280d,1262337,,,,,,,,,,,,,,,,,,,,,,,,,,,,,,,,,,,,,,,,,,,,,,,,,,TN,,,,,,,,,,
autoland,3646670,2,6311658df04f8b9dab1d842cf1ddc69e83bd8127,linux64-qr,,False,,,102210fe594ee9b33d82058545b1ed14f4c8206e,num_static_constructors,compiler_metrics,True,compiler_metrics num_static_constructors opt valgrind,,77,,,,1716443530,2023-06-22 19:02:55,154.0,4b261191412d4972eaab59ddb358f2eef865280d,1262337,,,,,,,,,,,,,,,,,,,,,,,,,,,,,,,,,,,,,,,,,,,,,,,,,,TN,,,,,,,,,,
autoland,3646670,2,6311658df04f8b9dab1d842cf1ddc69e83bd8127,linux64-qr,,False,,,102210fe594ee9b33d82058545b1ed14f4c8206e,num_static_constructors,compiler_metrics,True,compiler_metrics num_static_constructors opt valgrind,,77,,,,1716446176,2023-06-22 19:02:55,154.0,4b261191412d4972eaab59ddb358f2eef865280d,1262337,,,,,,,,,,,,,,,,,,,,,,,,,,,,,,,,,,,,,,,,,,,,,,,,,,TN,,,,,,,,,,
autoland,3646670,2,6311658df04f8b9dab1d842cf1ddc69e83bd8127,linux64-qr,,False,,,102210fe594ee9b33d82058545b1ed14f4c8206e,num_static_constructors,compiler_metrics,True,compiler_metrics num_static_constructors opt valgrind,,77,,,,1716453747,2023-06-22 19:02:55,154.0,4b261191412d4972eaab59ddb358f2eef865280d,1262337,,,,,,,,,,,,,,,,,,,,,,,,,,,,,,,,,,,,,,,,,,,,,,,,,,TN,,,,,,,,,,
autoland,3646670,2,6311658df04f8b9dab1d842cf1ddc69e83bd8127,linux64-qr,,False,,,102210fe594ee9b33d82058545b1ed14f4c8206e,num_static_constructors,compiler_metrics,True,compiler_metrics num_static_constructors opt valgrind,,77,,,,1716482108,2023-06-22 19:02:55,154.0,4b261191412d4972eaab59ddb358f2eef865280d,1262337,,,,,,,,,,,,,,,,,,,,,,,,,,,,,,,,,,,,,,,,,,,,,,,,,,TN,,,,,,,,,,
autoland,3646670,2,6311658df04f8b9dab1d842cf1ddc69e83bd8127,linux64-qr,,False,,,102210fe594ee9b33d82058545b1ed14f4c8206e,num_static_constructors,compiler_metrics,True,compiler_metrics num_static_constructors opt valgrind,,77,,,,1716482641,2023-06-22 19:02:55,154.0,4b261191412d4972eaab59ddb358f2eef865280d,1262337,,,,,,,,,,,,,,,,,,,,,,,,,,,,,,,,,,,,,,,,,,,,,,,,,,TN,,,,,,,,,,
autoland,3646670,2,6311658df04f8b9dab1d842cf1ddc69e83bd8127,linux64-qr,,False,,,102210fe594ee9b33d82058545b1ed14f4c8206e,num_static_constructors,compiler_metrics,True,compiler_metrics num_static_constructors opt valgrind,,77,,,,1716483531,2023-06-22 19:02:55,154.0,4b261191412d4972eaab59ddb358f2eef865280d,1262337,,,,,,,,,,,,,,,,,,,,,,,,,,,,,,,,,,,,,,,,,,,,,,,,,,TN,,,,,,,,,,
autoland,3646670,2,6311658df04f8b9dab1d842cf1ddc69e83bd8127,linux64-qr,,False,,,102210fe594ee9b33d82058545b1ed14f4c8206e,num_static_constructors,compiler_metrics,True,compiler_metrics num_static_constructors opt valgrind,,77,,,,1716490881,2023-06-22 20:56:37,154.0,af459eb5d80fb399f9000c09baf10314105b4cdb,1262439,,,,,,,,,,,,,,,,,,,,,,,,,,,,,,,,,,,,,,,,,,,,,,,,,,TN,,,,,,,,,,
autoland,3646670,2,6311658df04f8b9dab1d842cf1ddc69e83bd8127,linux64-qr,,False,,,102210fe594ee9b33d82058545b1ed14f4c8206e,num_static_constructors,compiler_metrics,True,compiler_metrics num_static_constructors opt valgrind,,77,,,,1716512040,2023-06-22 20:56:37,154.0,af459eb5d80fb399f9000c09baf10314105b4cdb,1262439,,,,,,,,,,,,,,,,,,,,,,,,,,,,,,,,,,,,,,,,,,,,,,,,,,TN,,,,,,,,,,
autoland,3646670,2,6311658df04f8b9dab1d842cf1ddc69e83bd8127,linux64-qr,,False,,,102210fe594ee9b33d82058545b1ed14f4c8206e,num_static_constructors,compiler_metrics,True,compiler_metrics num_static_constructors opt valgrind,,77,,,,1716512236,2023-06-22 20:56:37,154.0,af459eb5d80fb399f9000c09baf10314105b4cdb,1262439,,,,,,,,,,,,,,,,,,,,,,,,,,,,,,,,,,,,,,,,,,,,,,,,,,TN,,,,,,,,,,
autoland,3646670,2,6311658df04f8b9dab1d842cf1ddc69e83bd8127,linux64-qr,,False,,,102210fe594ee9b33d82058545b1ed14f4c8206e,num_static_constructors,compiler_metrics,True,compiler_metrics num_static_constructors opt valgrind,,77,,,,1716517255,2023-06-22 20:56:37,154.0,af459eb5d80fb399f9000c09baf10314105b4cdb,1262439,,,,,,,,,,,,,,,,,,,,,,,,,,,,,,,,,,,,,,,,,,,,,,,,,,TN,,,,,,,,,,
autoland,3646670,2,6311658df04f8b9dab1d842cf1ddc69e83bd8127,linux64-qr,,False,,,102210fe594ee9b33d82058545b1ed14f4c8206e,num_static_constructors,compiler_metrics,True,compiler_metrics num_static_constructors opt valgrind,,77,,,,1716543614,2023-06-22 20:56:37,154.0,af459eb5d80fb399f9000c09baf10314105b4cdb,1262439,,,,,,,,,,,,,,,,,,,,,,,,,,,,,,,,,,,,,,,,,,,,,,,,,,TN,,,,,,,,,,
autoland,3646670,2,6311658df04f8b9dab1d842cf1ddc69e83bd8127,linux64-qr,,False,,,102210fe594ee9b33d82058545b1ed14f4c8206e,num_static_constructors,compiler_metrics,True,compiler_metrics num_static_constructors opt valgrind,,77,,,,1716544005,2023-06-22 20:56:37,154.0,af459eb5d80fb399f9000c09baf10314105b4cdb,1262439,,,,,,,,,,,,,,,,,,,,,,,,,,,,,,,,,,,,,,,,,,,,,,,,,,TN,,,,,,,,,,
autoland,3646670,2,6311658df04f8b9dab1d842cf1ddc69e83bd8127,linux64-qr,,False,,,102210fe594ee9b33d82058545b1ed14f4c8206e,num_static_constructors,compiler_metrics,True,compiler_metrics num_static_constructors opt valgrind,,77,,,,1716542064,2023-06-22 20:56:37,154.0,af459eb5d80fb399f9000c09baf10314105b4cdb,1262439,,,,,,,,,,,,,,,,,,,,,,,,,,,,,,,,,,,,,,,,,,,,,,,,,,TN,,,,,,,,,,
autoland,3646670,2,6311658df04f8b9dab1d842cf1ddc69e83bd8127,linux64-qr,,False,,,102210fe594ee9b33d82058545b1ed14f4c8206e,num_static_constructors,compiler_metrics,True,compiler_metrics num_static_constructors opt valgrind,,77,,,,1716548912,2023-06-22 22:58:49,154.0,ec702239c313d37f8ee8d6b4d9b78aba8d4b6580,1262495,,,,,,,,,,,,,,,,,,,,,,,,,,,,,,,,,,,,,,,,,,,,,,,,,,TN,,,,,,,,,,
autoland,3646670,2,6311658df04f8b9dab1d842cf1ddc69e83bd8127,linux64-qr,,False,,,102210fe594ee9b33d82058545b1ed14f4c8206e,num_static_constructors,compiler_metrics,True,compiler_metrics num_static_constructors opt valgrind,,77,,,,1716575946,2023-06-22 22:58:49,154.0,ec702239c313d37f8ee8d6b4d9b78aba8d4b6580,1262495,,,,,,,,,,,,,,,,,,,,,,,,,,,,,,,,,,,,,,,,,,,,,,,,,,TN,,,,,,,,,,
autoland,3646670,2,6311658df04f8b9dab1d842cf1ddc69e83bd8127,linux64-qr,,False,,,102210fe594ee9b33d82058545b1ed14f4c8206e,num_static_constructors,compiler_metrics,True,compiler_metrics num_static_constructors opt valgrind,,77,,,,1716581378,2023-06-22 22:58:49,154.0,ec702239c313d37f8ee8d6b4d9b78aba8d4b6580,1262495,,,,,,,,,,,,,,,,,,,,,,,,,,,,,,,,,,,,,,,,,,,,,,,,,,TN,,,,,,,,,,
autoland,3646670,2,6311658df04f8b9dab1d842cf1ddc69e83bd8127,linux64-qr,,False,,,102210fe594ee9b33d82058545b1ed14f4c8206e,num_static_constructors,compiler_metrics,True,compiler_metrics num_static_constructors opt valgrind,,77,,,,1716579994,2023-06-22 22:58:49,154.0,ec702239c313d37f8ee8d6b4d9b78aba8d4b6580,1262495,,,,,,,,,,,,,,,,,,,,,,,,,,,,,,,,,,,,,,,,,,,,,,,,,,TN,,,,,,,,,,
autoland,3646670,2,6311658df04f8b9dab1d842cf1ddc69e83bd8127,linux64-qr,,False,,,102210fe594ee9b33d82058545b1ed14f4c8206e,num_static_constructors,compiler_metrics,True,compiler_metrics num_static_constructors opt valgrind,,77,,,,1716617951,2023-06-23 00:42:27,154.0,c736e40dd209b67b9100564d3626850d74f47769,1262565,,,,,,,,,,,,,,,,,,,,,,,,,,,,,,,,,,,,,,,,,,,,,,,,,,TN,,,,,,,,,,
autoland,3646670,2,6311658df04f8b9dab1d842cf1ddc69e83bd8127,linux64-qr,,False,,,102210fe594ee9b33d82058545b1ed14f4c8206e,num_static_constructors,compiler_metrics,True,compiler_metrics num_static_constructors opt valgrind,,77,,,,1716663909,2023-06-23 03:22:10,154.0,a9c0bee966a1e0b10528a9b41b3dcea34ee95b83,1262648,,,,,,,,,,,,,,,,,,,,,,,,,,,,,,,,,,,,,,,,,,,,,,,,,,TN,,,,,,,,,,
autoland,3646670,2,6311658df04f8b9dab1d842cf1ddc69e83bd8127,linux64-qr,,False,,,102210fe594ee9b33d82058545b1ed14f4c8206e,num_static_constructors,compiler_metrics,True,compiler_metrics num_static_constructors opt valgrind,,77,,,,1716745818,2023-06-23 06:38:21,154.0,e6ebe768e49bf43fc6465b297a817d1e4994af82,1262712,,,,,,,,,,,,,,,,,,,,,,,,,,,,,,,,,,,,,,,,,,,,,,,,,,TN,,,,,,,,,,
autoland,3646670,2,6311658df04f8b9dab1d842cf1ddc69e83bd8127,linux64-qr,,False,,,102210fe594ee9b33d82058545b1ed14f4c8206e,num_static_constructors,compiler_metrics,True,compiler_metrics num_static_constructors opt valgrind,,77,,,,1716832430,2023-06-23 08:25:11,154.0,636272515c00d724a52319f9ae55ed09a4fcb9ca,1262756,,,,,,,,,,,,,,,,,,,,,,,,,,,,,,,,,,,,,,,,,,,,,,,,,,TN,,,,,,,,,,
autoland,3646670,2,6311658df04f8b9dab1d842cf1ddc69e83bd8127,linux64-qr,,False,,,102210fe594ee9b33d82058545b1ed14f4c8206e,num_static_constructors,compiler_metrics,True,compiler_metrics num_static_constructors opt valgrind,,77,,,,1716891774,2023-06-23 10:04:46,154.0,bd328e6b49f984c8a1b8e2e0e0b2194267d023ac,1262825,,,,,,,,,,,,,,,,,,,,,,,,,,,,,,,,,,,,,,,,,,,,,,,,,,TN,,,,,,,,,,
autoland,3646670,2,6311658df04f8b9dab1d842cf1ddc69e83bd8127,linux64-qr,,False,,,102210fe594ee9b33d82058545b1ed14f4c8206e,num_static_constructors,compiler_metrics,True,compiler_metrics num_static_constructors opt valgrind,,77,,,,1716984451,2023-06-23 13:24:00,154.0,d1508e7e9c58aecf5c14298ad10fe78d46ba8cb7,1262927,,,,,,,,,,,,,,,,,,,,,,,,,,,,,,,,,,,,,,,,,,,,,,,,,,TN,,,,,,,,,,
autoland,3646670,2,6311658df04f8b9dab1d842cf1ddc69e83bd8127,linux64-qr,,False,,,102210fe594ee9b33d82058545b1ed14f4c8206e,num_static_constructors,compiler_metrics,True,compiler_metrics num_static_constructors opt valgrind,,77,,,,1717012428,2023-06-23 14:10:04,154.0,21d4902198ae482d7fd52735881f90fb09ffaa07,1262960,,,,,,,,,,,,,,,,,,,,,,,,,,,,,,,,,,,,,,,,,,,,,,,,,,TN,,,,,,,,,,
autoland,3646670,2,6311658df04f8b9dab1d842cf1ddc69e83bd8127,linux64-qr,,False,,,102210fe594ee9b33d82058545b1ed14f4c8206e,num_static_constructors,compiler_metrics,True,compiler_metrics num_static_constructors opt valgrind,,77,,,,1717028819,2023-06-23 14:24:51,154.0,801ba619d741b520231e6a0791457e7b44bef641,1262973,,,,,,,,,,,,,,,,,,,,,,,,,,,,,,,,,,,,,,,,,,,,,,,,,,TN,,,,,,,,,,
autoland,3646670,2,6311658df04f8b9dab1d842cf1ddc69e83bd8127,linux64-qr,,False,,,102210fe594ee9b33d82058545b1ed14f4c8206e,num_static_constructors,compiler_metrics,True,compiler_metrics num_static_constructors opt valgrind,,77,,,,1717094611,2023-06-23 16:30:57,154.0,60db60f0de3da4aea6b80de3e71465b633eb4027,1263001,,,,,,,,,,,,,,,,,,,,,,,,,,,,,,,,,,,,,,,,,,,,,,,,,,TN,,,,,,,,,,
autoland,3646670,2,6311658df04f8b9dab1d842cf1ddc69e83bd8127,linux64-qr,,False,,,102210fe594ee9b33d82058545b1ed14f4c8206e,num_static_constructors,compiler_metrics,True,compiler_metrics num_static_constructors opt valgrind,,77,,,,1717154741,2023-06-23 18:49:22,154.0,efb1631077da0ef473b1fe37d64cd6f652c34f37,1263094,,,,,,,,,,,,,,,,,,,,,,,,,,,,,,,,,,,,,,,,,,,,,,,,,,TN,,,,,,,,,,
autoland,3646670,2,6311658df04f8b9dab1d842cf1ddc69e83bd8127,linux64-qr,,False,,,102210fe594ee9b33d82058545b1ed14f4c8206e,num_static_constructors,compiler_metrics,True,compiler_metrics num_static_constructors opt valgrind,,77,,,,1717179281,2023-06-23 18:49:22,154.0,efb1631077da0ef473b1fe37d64cd6f652c34f37,1263094,,,,,,,,,,,,,,,,,,,,,,,,,,,,,,,,,,,,,,,,,,,,,,,,,,TN,,,,,,,,,,
autoland,3646670,2,6311658df04f8b9dab1d842cf1ddc69e83bd8127,linux64-qr,,False,,,102210fe594ee9b33d82058545b1ed14f4c8206e,num_static_constructors,compiler_metrics,True,compiler_metrics num_static_constructors opt valgrind,,77,,,,1717171806,2023-06-23 19:29:51,154.0,3cfaf216653a2de7529a3bc74907ea4fecc21912,1263108,,,,,,,,,,,,,,,,,,,,,,,,,,,,,,,,,,,,,,,,,,,,,,,,,,TN,,,,,,,,,,
autoland,3646670,2,6311658df04f8b9dab1d842cf1ddc69e83bd8127,linux64-qr,,False,,,102210fe594ee9b33d82058545b1ed14f4c8206e,num_static_constructors,compiler_metrics,True,compiler_metrics num_static_constructors opt valgrind,,77,,,,1717244660,2023-06-23 23:33:35,154.0,45c221c4d7560f0ab2b6f7c4d113e2f96d73e994,1263150,,,,,,,,,,,,,,,,,,,,,,,,,,,,,,,,,,,,,,,,,,,,,,,,,,TN,,,,,,,,,,
autoland,3646670,2,6311658df04f8b9dab1d842cf1ddc69e83bd8127,linux64-qr,,False,,,102210fe594ee9b33d82058545b1ed14f4c8206e,num_static_constructors,compiler_metrics,True,compiler_metrics num_static_constructors opt valgrind,,77,,,,1717258852,2023-06-23 23:33:35,154.0,45c221c4d7560f0ab2b6f7c4d113e2f96d73e994,1263150,,,,,,,,,,,,,,,,,,,,,,,,,,,,,,,,,,,,,,,,,,,,,,,,,,TN,,,,,,,,,,
autoland,3646670,2,6311658df04f8b9dab1d842cf1ddc69e83bd8127,linux64-qr,,False,,,102210fe594ee9b33d82058545b1ed14f4c8206e,num_static_constructors,compiler_metrics,True,compiler_metrics num_static_constructors opt valgrind,,77,,,,1717347234,2023-06-24 17:55:21,154.0,31d5ffaf0b16a722c89e3bc6043d1a6dd2df4f59,1263267,,,,,,,,,,,,,,,,,,,,,,,,,,,,,,,,,,,,,,,,,,,,,,,,,,TN,,,,,,,,,,
autoland,3646670,2,6311658df04f8b9dab1d842cf1ddc69e83bd8127,linux64-qr,,False,,,102210fe594ee9b33d82058545b1ed14f4c8206e,num_static_constructors,compiler_metrics,True,compiler_metrics num_static_constructors opt valgrind,,77,,,,1717485715,2023-06-25 11:25:42,154.0,a529a3830f684519fc2c2ffb6fbe1b1e77930e71,1263317,,,,,,,,,,,,,,,,,,,,,,,,,,,,,,,,,,,,,,,,,,,,,,,,,,TN,,,,,,,,,,
autoland,3646670,2,6311658df04f8b9dab1d842cf1ddc69e83bd8127,linux64-qr,,False,,,102210fe594ee9b33d82058545b1ed14f4c8206e,num_static_constructors,compiler_metrics,True,compiler_metrics num_static_constructors opt valgrind,,77,,,,1717491615,2023-06-25 11:25:42,154.0,a529a3830f684519fc2c2ffb6fbe1b1e77930e71,1263317,,,,,,,,,,,,,,,,,,,,,,,,,,,,,,,,,,,,,,,,,,,,,,,,,,TN,,,,,,,,,,
autoland,3646670,2,6311658df04f8b9dab1d842cf1ddc69e83bd8127,linux64-qr,,False,,,102210fe594ee9b33d82058545b1ed14f4c8206e,num_static_constructors,compiler_metrics,True,compiler_metrics num_static_constructors opt valgrind,,77,,,,1717491791,2023-06-25 11:25:42,154.0,a529a3830f684519fc2c2ffb6fbe1b1e77930e71,1263317,,,,,,,,,,,,,,,,,,,,,,,,,,,,,,,,,,,,,,,,,,,,,,,,,,TN,,,,,,,,,,
autoland,3646670,2,6311658df04f8b9dab1d842cf1ddc69e83bd8127,linux64-qr,,False,,,102210fe594ee9b33d82058545b1ed14f4c8206e,num_static_constructors,compiler_metrics,True,compiler_metrics num_static_constructors opt valgrind,,77,,,,1717491853,2023-06-25 11:25:42,154.0,a529a3830f684519fc2c2ffb6fbe1b1e77930e71,1263317,,,,,,,,,,,,,,,,,,,,,,,,,,,,,,,,,,,,,,,,,,,,,,,,,,TN,,,,,,,,,,
autoland,3646670,2,6311658df04f8b9dab1d842cf1ddc69e83bd8127,linux64-qr,,False,,,102210fe594ee9b33d82058545b1ed14f4c8206e,num_static_constructors,compiler_metrics,True,compiler_metrics num_static_constructors opt valgrind,,77,,,,1717614870,2023-06-26 01:53:17,154.0,391b29854d65124c758af8d7a7765b53ec46b9bf,1263401,,,,,,,,,,,,,,,,,,,,,,,,,,,,,,,,,,,,,,,,,,,,,,,,,,TN,,,,,,,,,,
autoland,3646670,2,6311658df04f8b9dab1d842cf1ddc69e83bd8127,linux64-qr,,False,,,102210fe594ee9b33d82058545b1ed14f4c8206e,num_static_constructors,compiler_metrics,True,compiler_metrics num_static_constructors opt valgrind,,77,,,,1717689794,2023-06-26 08:39:50,154.0,b8784b3350a10d9ba119e133ba1afe2fa2862b64,1263470,,,,,,,,,,,,,,,,,,,,,,,,,,,,,,,,,,,,,,,,,,,,,,,,,,TN,,,,,,,,,,
autoland,3646670,2,6311658df04f8b9dab1d842cf1ddc69e83bd8127,linux64-qr,,False,,,102210fe594ee9b33d82058545b1ed14f4c8206e,num_static_constructors,compiler_metrics,True,compiler_metrics num_static_constructors opt valgrind,,77,,,,1717752828,2023-06-26 10:57:03,154.0,65c72b2974d2fcfc523f428dd86cb18782c77124,1263552,,,,,,,,,,,,,,,,,,,,,,,,,,,,,,,,,,,,,,,,,,,,,,,,,,TN,,,,,,,,,,
autoland,3646670,2,6311658df04f8b9dab1d842cf1ddc69e83bd8127,linux64-qr,,False,,,102210fe594ee9b33d82058545b1ed14f4c8206e,num_static_constructors,compiler_metrics,True,compiler_metrics num_static_constructors opt valgrind,,77,,,,1717797253,2023-06-26 12:15:47,154.0,147bbf0910da38bd103a6cac5b77bca042225107,1263599,,,,,,,,,,,,,,,,,,,,,,,,,,,,,,,,,,,,,,,,,,,,,,,,,,TN,,,,,,,,,,
autoland,3646670,2,6311658df04f8b9dab1d842cf1ddc69e83bd8127,linux64-qr,,False,,,102210fe594ee9b33d82058545b1ed14f4c8206e,num_static_constructors,compiler_metrics,True,compiler_metrics num_static_constructors opt valgrind,,77,,,,1717827755,2023-06-26 12:15:47,154.0,147bbf0910da38bd103a6cac5b77bca042225107,1263599,,,,,,,,,,,,,,,,,,,,,,,,,,,,,,,,,,,,,,,,,,,,,,,,,,TN,,,,,,,,,,
autoland,3646670,2,6311658df04f8b9dab1d842cf1ddc69e83bd8127,linux64-qr,,False,,,102210fe594ee9b33d82058545b1ed14f4c8206e,num_static_constructors,compiler_metrics,True,compiler_metrics num_static_constructors opt valgrind,,77,,,,1717853189,2023-06-26 12:15:47,154.0,147bbf0910da38bd103a6cac5b77bca042225107,1263599,,,,,,,,,,,,,,,,,,,,,,,,,,,,,,,,,,,,,,,,,,,,,,,,,,TN,,,,,,,,,,
autoland,3646670,2,6311658df04f8b9dab1d842cf1ddc69e83bd8127,linux64-qr,,False,,,102210fe594ee9b33d82058545b1ed14f4c8206e,num_static_constructors,compiler_metrics,True,compiler_metrics num_static_constructors opt valgrind,,77,,,,1717827419,2023-06-26 13:37:36,154.0,7d6d051e0abde1fbf8a2dfcacb630cedfc7d4a0a,1263680,,,,,,,,,,,,,,,,,,,,,,,,,,,,,,,,,,,,,,,,,,,,,,,,,,TN,,,,,,,,,,
autoland,3646670,2,6311658df04f8b9dab1d842cf1ddc69e83bd8127,linux64-qr,,False,,,102210fe594ee9b33d82058545b1ed14f4c8206e,num_static_constructors,compiler_metrics,True,compiler_metrics num_static_constructors opt valgrind,,77,,,,1717852123,2023-06-26 13:37:36,154.0,7d6d051e0abde1fbf8a2dfcacb630cedfc7d4a0a,1263680,,,,,,,,,,,,,,,,,,,,,,,,,,,,,,,,,,,,,,,,,,,,,,,,,,TN,,,,,,,,,,
autoland,3646670,2,6311658df04f8b9dab1d842cf1ddc69e83bd8127,linux64-qr,,False,,,102210fe594ee9b33d82058545b1ed14f4c8206e,num_static_constructors,compiler_metrics,True,compiler_metrics num_static_constructors opt valgrind,,77,,,,1717886934,2023-06-26 13:37:36,154.0,7d6d051e0abde1fbf8a2dfcacb630cedfc7d4a0a,1263680,,,,,,,,,,,,,,,,,,,,,,,,,,,,,,,,,,,,,,,,,,,,,,,,,,TN,,,,,,,,,,
autoland,3646670,2,6311658df04f8b9dab1d842cf1ddc69e83bd8127,linux64-qr,,False,,,102210fe594ee9b33d82058545b1ed14f4c8206e,num_static_constructors,compiler_metrics,True,compiler_metrics num_static_constructors opt valgrind,,77,,,,1717918343,2023-06-26 13:37:36,154.0,7d6d051e0abde1fbf8a2dfcacb630cedfc7d4a0a,1263680,,,,,,,,,,,,,,,,,,,,,,,,,,,,,,,,,,,,,,,,,,,,,,,,,,TN,,,,,,,,,,
autoland,3646670,2,6311658df04f8b9dab1d842cf1ddc69e83bd8127,linux64-qr,,False,,,102210fe594ee9b33d82058545b1ed14f4c8206e,num_static_constructors,compiler_metrics,True,compiler_metrics num_static_constructors opt valgrind,,77,,,,1717957464,2023-06-26 13:37:36,154.0,7d6d051e0abde1fbf8a2dfcacb630cedfc7d4a0a,1263680,,,,,,,,,,,,,,,,,,,,,,,,,,,,,,,,,,,,,,,,,,,,,,,,,,TN,,,,,,,,,,
autoland,3646670,2,6311658df04f8b9dab1d842cf1ddc69e83bd8127,linux64-qr,,False,,,102210fe594ee9b33d82058545b1ed14f4c8206e,num_static_constructors,compiler_metrics,True,compiler_metrics num_static_constructors opt valgrind,,77,,,,1717895532,2023-06-26 15:17:27,154.0,a9a1430953c45602083b397b0d0bb8e55a69fa46,1263769,,,,,,,,,,,,,,,,,,,,,,,,,,,,,,,,,,,,,,,,,,,,,,,,,,TN,,,,,,,,,,
autoland,3646670,2,6311658df04f8b9dab1d842cf1ddc69e83bd8127,linux64-qr,,False,,,102210fe594ee9b33d82058545b1ed14f4c8206e,num_static_constructors,compiler_metrics,True,compiler_metrics num_static_constructors opt valgrind,,77,,,,1717980384,2023-06-26 17:27:04,154.0,e3ee21f0887e5fe746d0fb00febce85c659621cf,1263897,,,,,,,,,,,,,,,,,,,,,,,,,,,,,,,,,,,,,,,,,,,,,,,,,,TN,,,,,,,,,,
autoland,3646670,2,6311658df04f8b9dab1d842cf1ddc69e83bd8127,linux64-qr,,False,,,102210fe594ee9b33d82058545b1ed14f4c8206e,num_static_constructors,compiler_metrics,True,compiler_metrics num_static_constructors opt valgrind,,77,,,,1718024948,2023-06-26 17:27:04,154.0,e3ee21f0887e5fe746d0fb00febce85c659621cf,1263897,,,,,,,,,,,,,,,,,,,,,,,,,,,,,,,,,,,,,,,,,,,,,,,,,,TN,,,,,,,,,,
autoland,3646670,2,6311658df04f8b9dab1d842cf1ddc69e83bd8127,linux64-qr,,False,,,102210fe594ee9b33d82058545b1ed14f4c8206e,num_static_constructors,compiler_metrics,True,compiler_metrics num_static_constructors opt valgrind,,77,,,,1718050523,2023-06-26 17:27:04,154.0,e3ee21f0887e5fe746d0fb00febce85c659621cf,1263897,,,,,,,,,,,,,,,,,,,,,,,,,,,,,,,,,,,,,,,,,,,,,,,,,,TN,,,,,,,,,,
autoland,3646670,2,6311658df04f8b9dab1d842cf1ddc69e83bd8127,linux64-qr,,False,,,102210fe594ee9b33d82058545b1ed14f4c8206e,num_static_constructors,compiler_metrics,True,compiler_metrics num_static_constructors opt valgrind,,77,,,,1718072585,2023-06-26 17:27:04,154.0,e3ee21f0887e5fe746d0fb00febce85c659621cf,1263897,,,,,,,,,,,,,,,,,,,,,,,,,,,,,,,,,,,,,,,,,,,,,,,,,,TN,,,,,,,,,,
autoland,3646670,2,6311658df04f8b9dab1d842cf1ddc69e83bd8127,linux64-qr,,False,,,102210fe594ee9b33d82058545b1ed14f4c8206e,num_static_constructors,compiler_metrics,True,compiler_metrics num_static_constructors opt valgrind,,77,,,,1718059445,2023-06-26 19:17:54,154.0,43533d1489bc82330991d4cbac2d5b8e704b7558,1263990,,,,,,,,,,,,,,,,,,,,,,,,,,,,,,,,,,,,,,,,,,,,,,,,,,TN,,,,,,,,,,
autoland,3646670,2,6311658df04f8b9dab1d842cf1ddc69e83bd8127,linux64-qr,,False,,,102210fe594ee9b33d82058545b1ed14f4c8206e,num_static_constructors,compiler_metrics,True,compiler_metrics num_static_constructors opt valgrind,,77,,,,1718081744,2023-06-26 19:17:54,154.0,43533d1489bc82330991d4cbac2d5b8e704b7558,1263990,,,,,,,,,,,,,,,,,,,,,,,,,,,,,,,,,,,,,,,,,,,,,,,,,,TN,,,,,,,,,,
autoland,3646670,2,6311658df04f8b9dab1d842cf1ddc69e83bd8127,linux64-qr,,False,,,102210fe594ee9b33d82058545b1ed14f4c8206e,num_static_constructors,compiler_metrics,True,compiler_metrics num_static_constructors opt valgrind,,77,,,,1718132598,2023-06-26 21:56:52,154.0,e53bf8e2b62acdbacb51d47f7ee3e4541eeffb39,1264095,,,,,,,,,,,,,,,,,,,,,,,,,,,,,,,,,,,,,,,,,,,,,,,,,,TN,,,,,,,,,,
autoland,3646670,2,6311658df04f8b9dab1d842cf1ddc69e83bd8127,linux64-qr,,False,,,102210fe594ee9b33d82058545b1ed14f4c8206e,num_static_constructors,compiler_metrics,True,compiler_metrics num_static_constructors opt valgrind,,77,,,,1718184236,2023-06-26 21:56:52,154.0,e53bf8e2b62acdbacb51d47f7ee3e4541eeffb39,1264095,,,,,,,,,,,,,,,,,,,,,,,,,,,,,,,,,,,,,,,,,,,,,,,,,,TN,,,,,,,,,,
autoland,3646670,2,6311658df04f8b9dab1d842cf1ddc69e83bd8127,linux64-qr,,False,,,102210fe594ee9b33d82058545b1ed14f4c8206e,num_static_constructors,compiler_metrics,True,compiler_metrics num_static_constructors opt valgrind,,77,,,,1718228804,2023-06-26 21:56:52,154.0,e53bf8e2b62acdbacb51d47f7ee3e4541eeffb39,1264095,,,,,,,,,,,,,,,,,,,,,,,,,,,,,,,,,,,,,,,,,,,,,,,,,,TN,,,,,,,,,,
autoland,3646670,2,6311658df04f8b9dab1d842cf1ddc69e83bd8127,linux64-qr,,False,,,102210fe594ee9b33d82058545b1ed14f4c8206e,num_static_constructors,compiler_metrics,True,compiler_metrics num_static_constructors opt valgrind,,77,,,,1718191181,2023-06-26 23:32:18,154.0,4bdb9438b18b4b7ad15d5f4f62fd67cad4308d62,1264157,,,,,,,,,,,,,,,,,,,,,,,,,,,,,,,,,,,,,,,,,,,,,,,,,,TN,,,,,,,,,,
autoland,3646670,2,6311658df04f8b9dab1d842cf1ddc69e83bd8127,linux64-qr,,False,,,102210fe594ee9b33d82058545b1ed14f4c8206e,num_static_constructors,compiler_metrics,True,compiler_metrics num_static_constructors opt valgrind,,77,,,,1718225326,2023-06-26 23:58:56,154.0,b34d04613ffa3abda9bcdd07fc5185a34cdc407b,1264185,,,,,,,,,,,,,,,,,,,,,,,,,,,,,,,,,,,,,,,,,,,,,,,,,,TN,,,,,,,,,,
autoland,3646670,2,6311658df04f8b9dab1d842cf1ddc69e83bd8127,linux64-qr,,False,,,102210fe594ee9b33d82058545b1ed14f4c8206e,num_static_constructors,compiler_metrics,True,compiler_metrics num_static_constructors opt valgrind,,77,,,,1718253957,2023-06-26 23:58:56,154.0,b34d04613ffa3abda9bcdd07fc5185a34cdc407b,1264185,,,,,,,,,,,,,,,,,,,,,,,,,,,,,,,,,,,,,,,,,,,,,,,,,,TN,,,,,,,,,,
autoland,3646670,2,6311658df04f8b9dab1d842cf1ddc69e83bd8127,linux64-qr,,False,,,102210fe594ee9b33d82058545b1ed14f4c8206e,num_static_constructors,compiler_metrics,True,compiler_metrics num_static_constructors opt valgrind,,77,,,,1718311012,2023-06-27 04:20:21,154.0,e0d8554167a0aad02af68198462e91dd05958593,1264240,,,,,,,,,,,,,,,,,,,,,,,,,,,,,,,,,,,,,,,,,,,,,,,,,,TN,,,,,,,,,,
autoland,3646670,2,6311658df04f8b9dab1d842cf1ddc69e83bd8127,linux64-qr,,False,,,102210fe594ee9b33d82058545b1ed14f4c8206e,num_static_constructors,compiler_metrics,True,compiler_metrics num_static_constructors opt valgrind,,77,,,,1718396845,2023-06-27 07:09:08,154.0,e963fffcb3a0375f0c08e6c62d4300cbf79fba0b,1264287,,,,,,,,,,,,,,,,,,,,,,,,,,,,,,,,,,,,,,,,,,,,,,,,,,TN,,,,,,,,,,
autoland,3646670,2,6311658df04f8b9dab1d842cf1ddc69e83bd8127,linux64-qr,,False,,,102210fe594ee9b33d82058545b1ed14f4c8206e,num_static_constructors,compiler_metrics,True,compiler_metrics num_static_constructors opt valgrind,,77,,,,1718435674,2023-06-27 08:50:00,154.0,89ce23cd05ef6d46a16c1f2424168a4ed8a3c839,1264347,,,,,,,,,,,,,,,,,,,,,,,,,,,,,,,,,,,,,,,,,,,,,,,,,,TN,,,,,,,,,,
autoland,3646670,2,6311658df04f8b9dab1d842cf1ddc69e83bd8127,linux64-qr,,False,,,102210fe594ee9b33d82058545b1ed14f4c8206e,num_static_constructors,compiler_metrics,True,compiler_metrics num_static_constructors opt valgrind,,77,,,,1718436033,2023-06-27 08:54:38,154.0,8b9072ecdd0a931103c4f0f3afb024406abc3e5c,1264350,,,,,,,,,,,,,,,,,,,,,,,,,,,,,,,,,,,,,,,,,,,,,,,,,,TN,,,,,,,,,,
autoland,3646670,2,6311658df04f8b9dab1d842cf1ddc69e83bd8127,linux64-qr,,False,,,102210fe594ee9b33d82058545b1ed14f4c8206e,num_static_constructors,compiler_metrics,True,compiler_metrics num_static_constructors opt valgrind,,77,,,,1718499679,2023-06-27 11:13:52,154.0,96efb14c1b2e225253f22aae7b217fdd48b4cb9f,1264423,,,,,,,,,,,,,,,,,,,,,,,,,,,,,,,,,,,,,,,,,,,,,,,,,,TN,,,,,,,,,,
autoland,3646670,2,6311658df04f8b9dab1d842cf1ddc69e83bd8127,linux64-qr,,False,,,102210fe594ee9b33d82058545b1ed14f4c8206e,num_static_constructors,compiler_metrics,True,compiler_metrics num_static_constructors opt valgrind,,77,,,,1718542724,2023-06-27 13:18:07,154.0,4fdf608cf77385d7d80224207ec462afa3db674a,1264484,,,,,,,,,,,,,,,,,,,,,,,,,,,,,,,,,,,,,,,,,,,,,,,,,,TN,,,,,,,,,,
autoland,3646670,2,6311658df04f8b9dab1d842cf1ddc69e83bd8127,linux64-qr,,False,,,102210fe594ee9b33d82058545b1ed14f4c8206e,num_static_constructors,compiler_metrics,True,compiler_metrics num_static_constructors opt valgrind,,77,,,,1718589309,2023-06-27 15:57:28,154.0,c041b113d5acbf06ba2e6161d9a1ef4fa5b3636b,1264575,,,,,,,,,,,,,,,,,,,,,,,,,,,,,,,,,,,,,,,,,,,,,,,,,,TN,,,,,,,,,,
autoland,3646670,2,6311658df04f8b9dab1d842cf1ddc69e83bd8127,linux64-qr,,False,,,102210fe594ee9b33d82058545b1ed14f4c8206e,num_static_constructors,compiler_metrics,True,compiler_metrics num_static_constructors opt valgrind,,77,,,,1718605188,2023-06-27 16:17:01,154.0,da38525a017e6dd411f2c2ccd84d286d86bdad8d,1264584,,,,,,,,,,,,,,,,,,,,,,,,,,,,,,,,,,,,,,,,,,,,,,,,,,TN,,,,,,,,,,
autoland,3646670,2,6311658df04f8b9dab1d842cf1ddc69e83bd8127,linux64-qr,,False,,,102210fe594ee9b33d82058545b1ed14f4c8206e,num_static_constructors,compiler_metrics,True,compiler_metrics num_static_constructors opt valgrind,,77,,,,1718723841,2023-06-27 20:57:27,154.0,80adb872a3d1e32f459e5cf3bc77e47008da925f,1264834,,,,,,,,,,,,,,,,,,,,,,,,,,,,,,,,,,,,,,,,,,,,,,,,,,TN,,,,,,,,,,
autoland,3646670,2,6311658df04f8b9dab1d842cf1ddc69e83bd8127,linux64-qr,,False,,,102210fe594ee9b33d82058545b1ed14f4c8206e,num_static_constructors,compiler_metrics,True,compiler_metrics num_static_constructors opt valgrind,,77,,,,1718775078,2023-06-27 23:06:24,154.0,9c04051e4bf19ee2b7b22920c601d0acdc165149,1264913,,,,,,,,,,,,,,,,,,,,,,,,,,,,,,,,,,,,,,,,,,,,,,,,,,TN,,,,,,,,,,
autoland,3646670,2,6311658df04f8b9dab1d842cf1ddc69e83bd8127,linux64-qr,,False,,,102210fe594ee9b33d82058545b1ed14f4c8206e,num_static_constructors,compiler_metrics,True,compiler_metrics num_static_constructors opt valgrind,,77,,,,1718812242,2023-06-28 00:04:05,154.0,591e3233df273509a8c0d0ccd1cc32795ae584dc,1264952,,,,,,,,,,,,,,,,,,,,,,,,,,,,,,,,,,,,,,,,,,,,,,,,,,TN,,,,,,,,,,
autoland,3646670,2,6311658df04f8b9dab1d842cf1ddc69e83bd8127,linux64-qr,,False,,,102210fe594ee9b33d82058545b1ed14f4c8206e,num_static_constructors,compiler_metrics,True,compiler_metrics num_static_constructors opt valgrind,,77,,,,1718856910,2023-06-28 01:19:04,154.0,440bb2a35ccff9648395ef6b767a2478f6061ea3,1264989,,,,,,,,,,,,,,,,,,,,,,,,,,,,,,,,,,,,,,,,,,,,,,,,,,TN,,,,,,,,,,
autoland,3646670,2,6311658df04f8b9dab1d842cf1ddc69e83bd8127,linux64-qr,,False,,,102210fe594ee9b33d82058545b1ed14f4c8206e,num_static_constructors,compiler_metrics,True,compiler_metrics num_static_constructors opt valgrind,,77,,,,1718911669,2023-06-28 03:09:49,154.0,ecb2997338f1c9a2059192ce04d01243537176b9,1265035,,,,,,,,,,,,,,,,,,,,,,,,,,,,,,,,,,,,,,,,,,,,,,,,,,TN,,,,,,,,,,
autoland,3646670,2,6311658df04f8b9dab1d842cf1ddc69e83bd8127,linux64-qr,,False,,,102210fe594ee9b33d82058545b1ed14f4c8206e,num_static_constructors,compiler_metrics,True,compiler_metrics num_static_constructors opt valgrind,,77,,,,1718938876,2023-06-28 04:34:06,154.0,3561a683c068d23852f75386165e9a727a563da6,1265061,,,,,,,,,,,,,,,,,,,,,,,,,,,,,,,,,,,,,,,,,,,,,,,,,,TN,,,,,,,,,,
autoland,3646670,2,6311658df04f8b9dab1d842cf1ddc69e83bd8127,linux64-qr,,False,,,102210fe594ee9b33d82058545b1ed14f4c8206e,num_static_constructors,compiler_metrics,True,compiler_metrics num_static_constructors opt valgrind,,77,,,,1718995647,2023-06-28 07:19:30,154.0,51b6f36ff37d4b6906ec5cab830b1e283c6f7395,1265110,,,,,,,,,,,,,,,,,,,,,,,,,,,,,,,,,,,,,,,,,,,,,,,,,,TN,,,,,,,,,,
autoland,3646670,2,6311658df04f8b9dab1d842cf1ddc69e83bd8127,linux64-qr,,False,,,102210fe594ee9b33d82058545b1ed14f4c8206e,num_static_constructors,compiler_metrics,True,compiler_metrics num_static_constructors opt valgrind,,77,,,,1719033561,2023-06-28 09:08:59,154.0,7bce553aae89a68d0e3e403a1ee365b0f88da427,1265159,,,,,,,,,,,,,,,,,,,,,,,,,,,,,,,,,,,,,,,,,,,,,,,,,,TN,,,,,,,,,,
autoland,3646670,2,6311658df04f8b9dab1d842cf1ddc69e83bd8127,linux64-qr,,False,,,102210fe594ee9b33d82058545b1ed14f4c8206e,num_static_constructors,compiler_metrics,True,compiler_metrics num_static_constructors opt valgrind,,77,,,,1719088660,2023-06-28 11:29:09,154.0,3b7b3970a88459c11033effb61df89644e963bda,1265214,,,,,,,,,,,,,,,,,,,,,,,,,,,,,,,,,,,,,,,,,,,,,,,,,,TN,,,,,,,,,,
autoland,3646670,2,6311658df04f8b9dab1d842cf1ddc69e83bd8127,linux64-qr,,False,,,102210fe594ee9b33d82058545b1ed14f4c8206e,num_static_constructors,compiler_metrics,True,compiler_metrics num_static_constructors opt valgrind,,77,,,,1719151950,2023-06-28 11:29:09,154.0,3b7b3970a88459c11033effb61df89644e963bda,1265214,,,,,,,,,,,,,,,,,,,,,,,,,,,,,,,,,,,,,,,,,,,,,,,,,,TN,,,,,,,,,,
autoland,3646670,2,6311658df04f8b9dab1d842cf1ddc69e83bd8127,linux64-qr,,False,,,102210fe594ee9b33d82058545b1ed14f4c8206e,num_static_constructors,compiler_metrics,True,compiler_metrics num_static_constructors opt valgrind,,77,,,,1719184991,2023-06-28 11:29:09,154.0,3b7b3970a88459c11033effb61df89644e963bda,1265214,,,,,,,,,,,,,,,,,,,,,,,,,,,,,,,,,,,,,,,,,,,,,,,,,,TN,,,,,,,,,,
autoland,3646670,2,6311658df04f8b9dab1d842cf1ddc69e83bd8127,linux64-qr,,False,,,102210fe594ee9b33d82058545b1ed14f4c8206e,num_static_constructors,compiler_metrics,True,compiler_metrics num_static_constructors opt valgrind,,77,,,,1719182952,2023-06-28 14:16:43,154.0,c20ba5651ee046629ef49efd2e49f6214c3ae520,1265309,,,,,,,,,,,,,,,,,,,,,,,,,,,,,,,,,,,,,,,,,,,,,,,,,,TN,,,,,,,,,,
autoland,3646670,2,6311658df04f8b9dab1d842cf1ddc69e83bd8127,linux64-qr,,False,,,102210fe594ee9b33d82058545b1ed14f4c8206e,num_static_constructors,compiler_metrics,True,compiler_metrics num_static_constructors opt valgrind,,77,,,,1719220862,2023-06-28 15:47:48,154.0,be6843e3475a7f536156aba03a849fe701932b0c,1265398,,,,,,,,,,,,,,,,,,,,,,,,,,,,,,,,,,,,,,,,,,,,,,,,,,TN,,,,,,,,,,
autoland,3646670,2,6311658df04f8b9dab1d842cf1ddc69e83bd8127,linux64-qr,,False,,,102210fe594ee9b33d82058545b1ed14f4c8206e,num_static_constructors,compiler_metrics,True,compiler_metrics num_static_constructors opt valgrind,,77,,,,1719249075,2023-06-28 15:47:48,154.0,be6843e3475a7f536156aba03a849fe701932b0c,1265398,,,,,,,,,,,,,,,,,,,,,,,,,,,,,,,,,,,,,,,,,,,,,,,,,,TN,,,,,,,,,,
autoland,3646670,2,6311658df04f8b9dab1d842cf1ddc69e83bd8127,linux64-qr,,False,,,102210fe594ee9b33d82058545b1ed14f4c8206e,num_static_constructors,compiler_metrics,True,compiler_metrics num_static_constructors opt valgrind,,77,,,,1719277242,2023-06-28 15:47:48,154.0,be6843e3475a7f536156aba03a849fe701932b0c,1265398,,,,,,,,,,,,,,,,,,,,,,,,,,,,,,,,,,,,,,,,,,,,,,,,,,TN,,,,,,,,,,
autoland,3646670,2,6311658df04f8b9dab1d842cf1ddc69e83bd8127,linux64-qr,,False,,,102210fe594ee9b33d82058545b1ed14f4c8206e,num_static_constructors,compiler_metrics,True,compiler_metrics num_static_constructors opt valgrind,,77,,,,1719270475,2023-06-28 17:34:48,154.0,0df511b69760b69959818e34e07aa74a0ad7061a,1265473,,,,,,,,,,,,,,,,,,,,,,,,,,,,,,,,,,,,,,,,,,,,,,,,,,TN,,,,,,,,,,
autoland,3646670,2,6311658df04f8b9dab1d842cf1ddc69e83bd8127,linux64-qr,,False,,,102210fe594ee9b33d82058545b1ed14f4c8206e,num_static_constructors,compiler_metrics,True,compiler_metrics num_static_constructors opt valgrind,,77,,,,1719309498,2023-06-28 20:04:29,154.0,86eb86ffff49d5ba54250d31318591774604e292,1265598,,,,,,,,,,,,,,,,,,,,,,,,,,,,,,,,,,,,,,,,,,,,,,,,,,TN,,,,,,,,,,
autoland,3646670,2,6311658df04f8b9dab1d842cf1ddc69e83bd8127,linux64-qr,,False,,,102210fe594ee9b33d82058545b1ed14f4c8206e,num_static_constructors,compiler_metrics,True,compiler_metrics num_static_constructors opt valgrind,,77,,,,1719369920,2023-06-28 21:47:35,154.0,d18ee9401610559d6724af1cf6a4ba7ca620f195,1265682,,,,,,,,,,,,,,,,,,,,,,,,,,,,,,,,,,,,,,,,,,,,,,,,,,TN,,,,,,,,,,
autoland,3646670,2,6311658df04f8b9dab1d842cf1ddc69e83bd8127,linux64-qr,,False,,,102210fe594ee9b33d82058545b1ed14f4c8206e,num_static_constructors,compiler_metrics,True,compiler_metrics num_static_constructors opt valgrind,,77,,,,1719494615,2023-06-29 01:39:49,154.0,7152959dacc3e9cff0e47d40ee1b42d2fe7af2ad,1265812,,,,,,,,,,,,,,,,,,,,,,,,,,,,,,,,,,,,,,,,,,,,,,,,,,TN,,,,,,,,,,
autoland,3646670,2,6311658df04f8b9dab1d842cf1ddc69e83bd8127,linux64-qr,,False,,,102210fe594ee9b33d82058545b1ed14f4c8206e,num_static_constructors,compiler_metrics,True,compiler_metrics num_static_constructors opt valgrind,,77,,,,1719503432,2023-06-29 02:28:53,154.0,bab00f4f94d567cf8ccf12e64f4e5cccc2ab6783,1265821,,,,,,,,,,,,,,,,,,,,,,,,,,,,,,,,,,,,,,,,,,,,,,,,,,TN,,,,,,,,,,
autoland,3646670,2,6311658df04f8b9dab1d842cf1ddc69e83bd8127,linux64-qr,,False,,,102210fe594ee9b33d82058545b1ed14f4c8206e,num_static_constructors,compiler_metrics,True,compiler_metrics num_static_constructors opt valgrind,,77,,,,1719643549,2023-06-29 08:54:52,154.0,046c4b8aaa8932f15825dc4decd3911bb048e7f5,1265934,,,,,,,,,,,,,,,,,,,,,,,,,,,,,,,,,,,,,,,,,,,,,,,,,,TN,,,,,,,,,,
autoland,3646670,2,6311658df04f8b9dab1d842cf1ddc69e83bd8127,linux64-qr,,False,,,102210fe594ee9b33d82058545b1ed14f4c8206e,num_static_constructors,compiler_metrics,True,compiler_metrics num_static_constructors opt valgrind,,77,,,,1719750806,2023-06-29 12:39:01,154.0,7549a113c2c9af0277463fbbfdcfc91365349a33,1266028,,,,,,,,,,,,,,,,,,,,,,,,,,,,,,,,,,,,,,,,,,,,,,,,,,TN,,,,,,,,,,
autoland,3646670,2,6311658df04f8b9dab1d842cf1ddc69e83bd8127,linux64-qr,,False,,,102210fe594ee9b33d82058545b1ed14f4c8206e,num_static_constructors,compiler_metrics,True,compiler_metrics num_static_constructors opt valgrind,,77,,,,1719754444,2023-06-29 12:57:39,154.0,e784085dfb507c237319c40245ef0b32ddcf82b0,1266033,,,,,,,,,,,,,,,,,,,,,,,,,,,,,,,,,,,,,,,,,,,,,,,,,,TN,,,,,,,,,,
autoland,3646670,2,6311658df04f8b9dab1d842cf1ddc69e83bd8127,linux64-qr,,False,,,102210fe594ee9b33d82058545b1ed14f4c8206e,num_static_constructors,compiler_metrics,True,compiler_metrics num_static_constructors opt valgrind,,77,,,,1719828700,2023-06-29 15:22:27,154.0,573b87117fd3efdb12ffb05692f97323c07a9900,1266105,,,,,,,,,,,,,,,,,,,,,,,,,,,,,,,,,,,,,,,,,,,,,,,,,,TN,,,,,,,,,,
autoland,3646670,2,6311658df04f8b9dab1d842cf1ddc69e83bd8127,linux64-qr,,False,,,102210fe594ee9b33d82058545b1ed14f4c8206e,num_static_constructors,compiler_metrics,True,compiler_metrics num_static_constructors opt valgrind,,77,,,,1719887560,2023-06-29 17:18:00,154.0,3cbe33dc292d7266e2998f811f67ae6b13c94e04,1266201,,,,,,,,,,,,,,,,,,,,,,,,,,,,,,,,,,,,,,,,,,,,,,,,,,TN,,,,,,,,,,
autoland,3646670,2,6311658df04f8b9dab1d842cf1ddc69e83bd8127,linux64-qr,,False,,,102210fe594ee9b33d82058545b1ed14f4c8206e,num_static_constructors,compiler_metrics,True,compiler_metrics num_static_constructors opt valgrind,,77,,,,1719930949,2023-06-29 19:36:56,154.0,c5ac7e957828eeda97a3af6fc706f41aa567e48e,1266292,,,,,,,,,,,,,,,,,,,,,,,,,,,,,,,,,,,,,,,,,,,,,,,,,,TN,,,,,,,,,,
autoland,3646670,2,6311658df04f8b9dab1d842cf1ddc69e83bd8127,linux64-qr,,False,,,102210fe594ee9b33d82058545b1ed14f4c8206e,num_static_constructors,compiler_metrics,True,compiler_metrics num_static_constructors opt valgrind,,77,,,,1719945814,2023-06-29 19:36:56,154.0,c5ac7e957828eeda97a3af6fc706f41aa567e48e,1266292,,,,,,,,,,,,,,,,,,,,,,,,,,,,,,,,,,,,,,,,,,,,,,,,,,TN,,,,,,,,,,
autoland,3646670,2,6311658df04f8b9dab1d842cf1ddc69e83bd8127,linux64-qr,,False,,,102210fe594ee9b33d82058545b1ed14f4c8206e,num_static_constructors,compiler_metrics,True,compiler_metrics num_static_constructors opt valgrind,,77,,,,1719947051,2023-06-29 19:36:56,154.0,c5ac7e957828eeda97a3af6fc706f41aa567e48e,1266292,,,,,,,,,,,,,,,,,,,,,,,,,,,,,,,,,,,,,,,,,,,,,,,,,,TN,,,,,,,,,,
autoland,3646670,2,6311658df04f8b9dab1d842cf1ddc69e83bd8127,linux64-qr,,False,,,102210fe594ee9b33d82058545b1ed14f4c8206e,num_static_constructors,compiler_metrics,True,compiler_metrics num_static_constructors opt valgrind,,77,,,,1719952757,2023-06-29 20:41:17,154.0,e37ddb3aa508e953837fbd08afec4a2aa6f7f5ed,1266342,,,,,,,,,,,,,,,,,,,,,,,,,,,,,,,,,,,,,,,,,,,,,,,,,,TN,,,,,,,,,,
autoland,3646670,2,6311658df04f8b9dab1d842cf1ddc69e83bd8127,linux64-qr,,False,,,102210fe594ee9b33d82058545b1ed14f4c8206e,num_static_constructors,compiler_metrics,True,compiler_metrics num_static_constructors opt valgrind,,77,,,,1720032000,2023-06-30 00:19:54,154.0,0d5974279bf66995b18cf1d8ec9269f523e85312,1266439,,,,,,,,,,,,,,,,,,,,,,,,,,,,,,,,,,,,,,,,,,,,,,,,,,TN,,,,,,,,,,
autoland,3646670,2,6311658df04f8b9dab1d842cf1ddc69e83bd8127,linux64-qr,,False,,,102210fe594ee9b33d82058545b1ed14f4c8206e,num_static_constructors,compiler_metrics,True,compiler_metrics num_static_constructors opt valgrind,,77,,,,1720038302,2023-06-30 01:00:02,154.0,e547d8e238568d790c74653068edac30240a95c5,1266447,,,,,,,,,,,,,,,,,,,,,,,,,,,,,,,,,,,,,,,,,,,,,,,,,,TN,,,,,,,,,,
autoland,3646670,2,6311658df04f8b9dab1d842cf1ddc69e83bd8127,linux64-qr,,False,,,102210fe594ee9b33d82058545b1ed14f4c8206e,num_static_constructors,compiler_metrics,True,compiler_metrics num_static_constructors opt valgrind,,77,,,,1720146865,2023-06-30 08:19:33,154.0,9bc27d87fa29fd921612525cc37e24f0ec3ba76b,1266526,,,,,,,,,,,,,,,,,,,,,,,,,,,,,,,,,,,,,,,,,,,,,,,,,,TN,,,,,,,,,,
autoland,3646670,2,6311658df04f8b9dab1d842cf1ddc69e83bd8127,linux64-qr,,False,,,102210fe594ee9b33d82058545b1ed14f4c8206e,num_static_constructors,compiler_metrics,True,compiler_metrics num_static_constructors opt valgrind,,77,,,,1720155801,2023-06-30 08:19:33,154.0,9bc27d87fa29fd921612525cc37e24f0ec3ba76b,1266526,,,,,,,,,,,,,,,,,,,,,,,,,,,,,,,,,,,,,,,,,,,,,,,,,,TN,,,,,,,,,,
autoland,3646670,2,6311658df04f8b9dab1d842cf1ddc69e83bd8127,linux64-qr,,False,,,102210fe594ee9b33d82058545b1ed14f4c8206e,num_static_constructors,compiler_metrics,True,compiler_metrics num_static_constructors opt valgrind,,77,,,,1720156970,2023-06-30 08:19:33,154.0,9bc27d87fa29fd921612525cc37e24f0ec3ba76b,1266526,,,,,,,,,,,,,,,,,,,,,,,,,,,,,,,,,,,,,,,,,,,,,,,,,,TN,,,,,,,,,,
autoland,3646670,2,6311658df04f8b9dab1d842cf1ddc69e83bd8127,linux64-qr,,False,,,102210fe594ee9b33d82058545b1ed14f4c8206e,num_static_constructors,compiler_metrics,True,compiler_metrics num_static_constructors opt valgrind,,77,,,,1720157002,2023-06-30 08:19:33,154.0,9bc27d87fa29fd921612525cc37e24f0ec3ba76b,1266526,,,,,,,,,,,,,,,,,,,,,,,,,,,,,,,,,,,,,,,,,,,,,,,,,,TN,,,,,,,,,,
autoland,3646670,2,6311658df04f8b9dab1d842cf1ddc69e83bd8127,linux64-qr,,False,,,102210fe594ee9b33d82058545b1ed14f4c8206e,num_static_constructors,compiler_metrics,True,compiler_metrics num_static_constructors opt valgrind,,77,,,,1720228908,2023-06-30 13:51:38,154.0,0abcd848f8218f0e2d339bbd497ac60f4a3b752c,1266633,,,,,,,,,,,,,,,,,,,,,,,,,,,,,,,,,,,,,,,,,,,,,,,,,,TN,,,,,,,,,,
autoland,3646670,2,6311658df04f8b9dab1d842cf1ddc69e83bd8127,linux64-qr,,False,,,102210fe594ee9b33d82058545b1ed14f4c8206e,num_static_constructors,compiler_metrics,True,compiler_metrics num_static_constructors opt valgrind,,77,,,,1720262355,2023-06-30 15:49:50,154.0,d9d558f9b89bde0e1cd036eaf1675802ee8b48ff,1266680,,,,,,,,,,,,,,,,,,,,,,,,,,,,,,,,,,,,,,,,,,,,,,,,,,TN,,,,,,,,,,
autoland,3646670,2,6311658df04f8b9dab1d842cf1ddc69e83bd8127,linux64-qr,,False,,,102210fe594ee9b33d82058545b1ed14f4c8206e,num_static_constructors,compiler_metrics,True,compiler_metrics num_static_constructors opt valgrind,,77,,,,1720273097,2023-06-30 15:49:50,154.0,d9d558f9b89bde0e1cd036eaf1675802ee8b48ff,1266680,,,,,,,,,,,,,,,,,,,,,,,,,,,,,,,,,,,,,,,,,,,,,,,,,,TN,,,,,,,,,,
autoland,3646670,2,6311658df04f8b9dab1d842cf1ddc69e83bd8127,linux64-qr,,False,,,102210fe594ee9b33d82058545b1ed14f4c8206e,num_static_constructors,compiler_metrics,True,compiler_metrics num_static_constructors opt valgrind,,77,,,,1720277811,2023-06-30 15:49:50,154.0,d9d558f9b89bde0e1cd036eaf1675802ee8b48ff,1266680,,,,,,,,,,,,,,,,,,,,,,,,,,,,,,,,,,,,,,,,,,,,,,,,,,TN,,,,,,,,,,
autoland,3646670,2,6311658df04f8b9dab1d842cf1ddc69e83bd8127,linux64-qr,,False,,,102210fe594ee9b33d82058545b1ed14f4c8206e,num_static_constructors,compiler_metrics,True,compiler_metrics num_static_constructors opt valgrind,,77,,,,1720277842,2023-06-30 15:49:50,154.0,d9d558f9b89bde0e1cd036eaf1675802ee8b48ff,1266680,,,,,,,,,,,,,,,,,,,,,,,,,,,,,,,,,,,,,,,,,,,,,,,,,,TN,,,,,,,,,,
autoland,3646670,2,6311658df04f8b9dab1d842cf1ddc69e83bd8127,linux64-qr,,False,,,102210fe594ee9b33d82058545b1ed14f4c8206e,num_static_constructors,compiler_metrics,True,compiler_metrics num_static_constructors opt valgrind,,77,,,,1720289847,2023-06-30 15:49:50,154.0,d9d558f9b89bde0e1cd036eaf1675802ee8b48ff,1266680,,,,,,,,,,,,,,,,,,,,,,,,,,,,,,,,,,,,,,,,,,,,,,,,,,TN,,,,,,,,,,
autoland,3646670,2,6311658df04f8b9dab1d842cf1ddc69e83bd8127,linux64-qr,,False,,,102210fe594ee9b33d82058545b1ed14f4c8206e,num_static_constructors,compiler_metrics,True,compiler_metrics num_static_constructors opt valgrind,,77,,,,1720346595,2023-07-01 00:00:49,154.0,8ee32af33954493677c04d2dad76681d20d37c02,1266825,,,,,,,,,,,,,,,,,,,,,,,,,,,,,,,,,,,,,,,,,,,,,,,,,,TN,,,,,,,,,,
autoland,3646670,2,6311658df04f8b9dab1d842cf1ddc69e83bd8127,linux64-qr,,False,,,102210fe594ee9b33d82058545b1ed14f4c8206e,num_static_constructors,compiler_metrics,True,compiler_metrics num_static_constructors opt valgrind,,77,,,,1720372028,2023-07-01 02:26:01,154.0,81b43c5e095f0b0407b6d1a8d4a7f92bf7115e5e,1266845,,,,,,,,,,,,,,,,,,,,,,,,,,,,,,,,,,,,,,,,,,,,,,,,,,TN,,,,,,,,,,
autoland,3646670,2,6311658df04f8b9dab1d842cf1ddc69e83bd8127,linux64-qr,,False,,,102210fe594ee9b33d82058545b1ed14f4c8206e,num_static_constructors,compiler_metrics,True,compiler_metrics num_static_constructors opt valgrind,,77,,,,1720390785,2023-07-01 02:26:01,154.0,81b43c5e095f0b0407b6d1a8d4a7f92bf7115e5e,1266845,,,,,,,,,,,,,,,,,,,,,,,,,,,,,,,,,,,,,,,,,,,,,,,,,,TN,,,,,,,,,,
autoland,3646670,2,6311658df04f8b9dab1d842cf1ddc69e83bd8127,linux64-qr,,False,,,102210fe594ee9b33d82058545b1ed14f4c8206e,num_static_constructors,compiler_metrics,True,compiler_metrics num_static_constructors opt valgrind,,77,,,,1720461821,2023-07-02 04:09:27,154.0,e8ccd4d6629a5cde6dd4011e79c55630beb87376,1266929,,,,,,,,,,,,,,,,,,,,,,,,,,,,,,,,,,,,,,,,,,,,,,,,,,TN,,,,,,,,,,
autoland,3646670,2,6311658df04f8b9dab1d842cf1ddc69e83bd8127,linux64-qr,,False,,,102210fe594ee9b33d82058545b1ed14f4c8206e,num_static_constructors,compiler_metrics,True,compiler_metrics num_static_constructors opt valgrind,,77,,,,1720513209,2023-07-02 10:13:29,154.0,93c2b16409e05c7d2b654d2b5356a2b7742b0d18,1266947,,,,,,,,,,,,,,,,,,,,,,,,,,,,,,,,,,,,,,,,,,,,,,,,,,TN,,,,,,,,,,
autoland,3646670,2,6311658df04f8b9dab1d842cf1ddc69e83bd8127,linux64-qr,,False,,,102210fe594ee9b33d82058545b1ed14f4c8206e,num_static_constructors,compiler_metrics,True,compiler_metrics num_static_constructors opt valgrind,,77,,,,1720567255,2023-07-02 16:18:34,154.0,8a50b880c83f70597cd2951c74b7e9420d4b55c7,1266959,,,,,,,,,,,,,,,,,,,,,,,,,,,,,,,,,,,,,,,,,,,,,,,,,,TN,,,,,,,,,,
autoland,3646670,2,6311658df04f8b9dab1d842cf1ddc69e83bd8127,linux64-qr,,False,,,102210fe594ee9b33d82058545b1ed14f4c8206e,num_static_constructors,compiler_metrics,True,compiler_metrics num_static_constructors opt valgrind,,77,,,,1720623119,2023-07-03 04:14:26,154.0,03b04345a888d738f358fc74595aabb1dfb2685c,1267009,,,,,,,,,,,,,,,,,,,,,,,,,,,,,,,,,,,,,,,,,,,,,,,,,,TN,,,,,,,,,,
autoland,3646670,2,6311658df04f8b9dab1d842cf1ddc69e83bd8127,linux64-qr,,False,,,102210fe594ee9b33d82058545b1ed14f4c8206e,num_static_constructors,compiler_metrics,True,compiler_metrics num_static_constructors opt valgrind,,77,,,,1720666529,2023-07-03 08:58:45,154.0,3463727761e55956f8308f38f71b1654b79497ca,1267059,,,,,,,,,,,,,,,,,,,,,,,,,,,,,,,,,,,,,,,,,,,,,,,,,,TN,,,,,,,,,,
autoland,3646670,2,6311658df04f8b9dab1d842cf1ddc69e83bd8127,linux64-qr,,False,,,102210fe594ee9b33d82058545b1ed14f4c8206e,num_static_constructors,compiler_metrics,True,compiler_metrics num_static_constructors opt valgrind,,77,,,,1720664520,2023-07-03 08:59:44,154.0,90c1c72030a4d515720d44706816256c0a1e30a8,1267060,,,,,,,,,,,,,,,,,,,,,,,,,,,,,,,,,,,,,,,,,,,,,,,,,,TN,,,,,,,,,,
autoland,3646670,2,6311658df04f8b9dab1d842cf1ddc69e83bd8127,linux64-qr,,False,,,102210fe594ee9b33d82058545b1ed14f4c8206e,num_static_constructors,compiler_metrics,True,compiler_metrics num_static_constructors opt valgrind,,77,,,,1720749898,2023-07-03 14:20:46,154.0,9d50665254899d8431813bdc04178e6006ce6d59,1267108,,,,,,,,,,,,,,,,,,,,,,,,,,,,,,,,,,,,,,,,,,,,,,,,,,TN,,,,,,,,,,
autoland,3646670,2,6311658df04f8b9dab1d842cf1ddc69e83bd8127,linux64-qr,,False,,,102210fe594ee9b33d82058545b1ed14f4c8206e,num_static_constructors,compiler_metrics,True,compiler_metrics num_static_constructors opt valgrind,,77,,,,1720823277,2023-07-03 22:50:00,154.0,8794662a8a7aa35b615760223b48613980461b59,1267191,,,,,,,,,,,,,,,,,,,,,,,,,,,,,,,,,,,,,,,,,,,,,,,,,,TN,,,,,,,,,,
autoland,3646670,2,6311658df04f8b9dab1d842cf1ddc69e83bd8127,linux64-qr,,False,,,102210fe594ee9b33d82058545b1ed14f4c8206e,num_static_constructors,compiler_metrics,True,compiler_metrics num_static_constructors opt valgrind,,77,,,,1720829134,2023-07-04 00:08:48,154.0,a820608802f2194dfc19272bf19b7124a7349b79,1267203,,,,,,,,,,,,,,,,,,,,,,,,,,,,,,,,,,,,,,,,,,,,,,,,,,TN,,,,,,,,,,
autoland,3646670,2,6311658df04f8b9dab1d842cf1ddc69e83bd8127,linux64-qr,,False,,,102210fe594ee9b33d82058545b1ed14f4c8206e,num_static_constructors,compiler_metrics,True,compiler_metrics num_static_constructors opt valgrind,,77,,,,1720837368,2023-07-04 00:08:48,154.0,a820608802f2194dfc19272bf19b7124a7349b79,1267203,,,,,,,,,,,,,,,,,,,,,,,,,,,,,,,,,,,,,,,,,,,,,,,,,,TN,,,,,,,,,,
autoland,3646670,2,6311658df04f8b9dab1d842cf1ddc69e83bd8127,linux64-qr,,False,,,102210fe594ee9b33d82058545b1ed14f4c8206e,num_static_constructors,compiler_metrics,True,compiler_metrics num_static_constructors opt valgrind,,77,,,,1720866771,2023-07-04 04:57:05,154.0,b2af19e5ff82fa8850262a0693f4941570a30474,1267245,,,,,,,,,,,,,,,,,,,,,,,,,,,,,,,,,,,,,,,,,,,,,,,,,,TN,,,,,,,,,,
autoland,3646670,2,6311658df04f8b9dab1d842cf1ddc69e83bd8127,linux64-qr,,False,,,102210fe594ee9b33d82058545b1ed14f4c8206e,num_static_constructors,compiler_metrics,True,compiler_metrics num_static_constructors opt valgrind,,77,,,,1720905189,2023-07-04 07:10:31,154.0,54bec48c8d6e571fdfbc0694895c371fd3fd08f9,1267272,,,,,,,,,,,,,,,,,,,,,,,,,,,,,,,,,,,,,,,,,,,,,,,,,,TN,,,,,,,,,,
autoland,3646670,2,6311658df04f8b9dab1d842cf1ddc69e83bd8127,linux64-qr,,False,,,102210fe594ee9b33d82058545b1ed14f4c8206e,num_static_constructors,compiler_metrics,True,compiler_metrics num_static_constructors opt valgrind,,77,,,,1720938757,2023-07-04 08:46:26,154.0,ddccbe26cba69f2fc3cd640c5af0f3e23385c622,1267309,,,,,,,,,,,,,,,,,,,,,,,,,,,,,,,,,,,,,,,,,,,,,,,,,,TN,,,,,,,,,,
autoland,3646670,2,6311658df04f8b9dab1d842cf1ddc69e83bd8127,linux64-qr,,False,,,102210fe594ee9b33d82058545b1ed14f4c8206e,num_static_constructors,compiler_metrics,True,compiler_metrics num_static_constructors opt valgrind,,77,,,,1721041680,2023-07-04 11:21:51,154.0,da13368ff947a55756c871582b1b13ffb6fa001d,1267342,,,,,,,,,,,,,,,,,,,,,,,,,,,,,,,,,,,,,,,,,,,,,,,,,,TN,,,,,,,,,,
autoland,3646670,2,6311658df04f8b9dab1d842cf1ddc69e83bd8127,linux64-qr,,False,,,102210fe594ee9b33d82058545b1ed14f4c8206e,num_static_constructors,compiler_metrics,True,compiler_metrics num_static_constructors opt valgrind,,77,,,,1721040361,2023-07-04 11:29:32,154.0,3aa1825bf09a37959e97ac4b5eaa3cc4b236b283,1267347,,,,,,,,,,,,,,,,,,,,,,,,,,,,,,,,,,,,,,,,,,,,,,,,,,TN,,,,,,,,,,
autoland,3646670,2,6311658df04f8b9dab1d842cf1ddc69e83bd8127,linux64-qr,,False,,,102210fe594ee9b33d82058545b1ed14f4c8206e,num_static_constructors,compiler_metrics,True,compiler_metrics num_static_constructors opt valgrind,,77,,,,1721108659,2023-07-04 13:50:50,154.0,605c5e0cda85538fb583ef81262066dfff3b29b2,1267417,,,,,,,,,,,,,,,,,,,,,,,,,,,,,,,,,,,,,,,,,,,,,,,,,,TN,,,,,,,,,,
autoland,3646670,2,6311658df04f8b9dab1d842cf1ddc69e83bd8127,linux64-qr,,False,,,102210fe594ee9b33d82058545b1ed14f4c8206e,num_static_constructors,compiler_metrics,True,compiler_metrics num_static_constructors opt valgrind,,77,,,,1721135251,2023-07-04 13:50:50,154.0,605c5e0cda85538fb583ef81262066dfff3b29b2,1267417,,,,,,,,,,,,,,,,,,,,,,,,,,,,,,,,,,,,,,,,,,,,,,,,,,TN,,,,,,,,,,
autoland,3646670,2,6311658df04f8b9dab1d842cf1ddc69e83bd8127,linux64-qr,,False,,,102210fe594ee9b33d82058545b1ed14f4c8206e,num_static_constructors,compiler_metrics,True,compiler_metrics num_static_constructors opt valgrind,,77,,,,1721126901,2023-07-04 15:22:25,154.0,cf717d6692eb6ff08bb1d0342645c7c6c1dcf8f7,1267503,,,,,,,,,,,,,,,,,,,,,,,,,,,,,,,,,,,,,,,,,,,,,,,,,,TN,,,,,,,,,,
autoland,3646670,2,6311658df04f8b9dab1d842cf1ddc69e83bd8127,linux64-qr,,False,,,102210fe594ee9b33d82058545b1ed14f4c8206e,num_static_constructors,compiler_metrics,True,compiler_metrics num_static_constructors opt valgrind,,77,,,,1721203162,2023-07-04 17:39:07,154.0,19dc6bacf709521555d4ff9bc86536647293a33f,1267586,,,,,,,,,,,,,,,,,,,,,,,,,,,,,,,,,,,,,,,,,,,,,,,,,,TN,,,,,,,,,,
autoland,3646670,2,6311658df04f8b9dab1d842cf1ddc69e83bd8127,linux64-qr,,False,,,102210fe594ee9b33d82058545b1ed14f4c8206e,num_static_constructors,compiler_metrics,True,compiler_metrics num_static_constructors opt valgrind,,77,,,,1721222450,2023-07-04 19:21:41,154.0,a8c47414f934fc13d47ba329f04089ab17eb2407,1267627,,,,,,,,,,,,,,,,,,,,,,,,,,,,,,,,,,,,,,,,,,,,,,,,,,TN,,,,,,,,,,
autoland,3646670,2,6311658df04f8b9dab1d842cf1ddc69e83bd8127,linux64-qr,,False,,,102210fe594ee9b33d82058545b1ed14f4c8206e,num_static_constructors,compiler_metrics,True,compiler_metrics num_static_constructors opt valgrind,,77,,,,1721282191,2023-07-04 21:13:10,154.0,3d70f2411ec6b43aff5556c94bdf874681645cc4,1267665,,,,,,,,,,,,,,,,,,,,,,,,,,,,,,,,,,,,,,,,,,,,,,,,,,TN,,,,,,,,,,
autoland,3646670,2,6311658df04f8b9dab1d842cf1ddc69e83bd8127,linux64-qr,,False,,,102210fe594ee9b33d82058545b1ed14f4c8206e,num_static_constructors,compiler_metrics,True,compiler_metrics num_static_constructors opt valgrind,,77,,,,1721312055,2023-07-04 21:13:10,154.0,3d70f2411ec6b43aff5556c94bdf874681645cc4,1267665,,,,,,,,,,,,,,,,,,,,,,,,,,,,,,,,,,,,,,,,,,,,,,,,,,TN,,,,,,,,,,
autoland,3646670,2,6311658df04f8b9dab1d842cf1ddc69e83bd8127,linux64-qr,,False,,,102210fe594ee9b33d82058545b1ed14f4c8206e,num_static_constructors,compiler_metrics,True,compiler_metrics num_static_constructors opt valgrind,,77,,,,1721352418,2023-07-04 23:33:38,154.0,3639b6891b332ea6c4ffea87bb2d1139c38b781d,1267723,,,,,,,,,,,,,,,,,,,,,,,,,,,,,,,,,,,,,,,,,,,,,,,,,,TN,,,,,,,,,,
autoland,3646670,2,6311658df04f8b9dab1d842cf1ddc69e83bd8127,linux64-qr,,False,,,102210fe594ee9b33d82058545b1ed14f4c8206e,num_static_constructors,compiler_metrics,True,compiler_metrics num_static_constructors opt valgrind,,77,,,,1721408294,2023-07-05 03:49:13,154.0,243ab04b37e31315f3db16a95bf6535124d9edda,1267756,,,,,,,,,,,,,,,,,,,,,,,,,,,,,,,,,,,,,,,,,,,,,,,,,,TN,,,,,,,,,,
autoland,3646670,2,6311658df04f8b9dab1d842cf1ddc69e83bd8127,linux64-qr,,False,,,102210fe594ee9b33d82058545b1ed14f4c8206e,num_static_constructors,compiler_metrics,True,compiler_metrics num_static_constructors opt valgrind,,77,,,,1721522490,2023-07-05 07:39:56,154.0,38b13df05dd40dab0cd1eaba4f7248de589d99e8,1267790,,,,,,,,,,,,,,,,,,,,,,,,,,,,,,,,,,,,,,,,,,,,,,,,,,TN,,,,,,,,,,
autoland,3646670,2,6311658df04f8b9dab1d842cf1ddc69e83bd8127,linux64-qr,,False,,,102210fe594ee9b33d82058545b1ed14f4c8206e,num_static_constructors,compiler_metrics,True,compiler_metrics num_static_constructors opt valgrind,,77,,,,1721537258,2023-07-05 07:39:56,154.0,38b13df05dd40dab0cd1eaba4f7248de589d99e8,1267790,,,,,,,,,,,,,,,,,,,,,,,,,,,,,,,,,,,,,,,,,,,,,,,,,,TN,,,,,,,,,,
autoland,3646670,2,6311658df04f8b9dab1d842cf1ddc69e83bd8127,linux64-qr,,False,,,102210fe594ee9b33d82058545b1ed14f4c8206e,num_static_constructors,compiler_metrics,True,compiler_metrics num_static_constructors opt valgrind,,77,,,,1721538609,2023-07-05 07:39:56,154.0,38b13df05dd40dab0cd1eaba4f7248de589d99e8,1267790,,,,,,,,,,,,,,,,,,,,,,,,,,,,,,,,,,,,,,,,,,,,,,,,,,TN,,,,,,,,,,
autoland,3646670,2,6311658df04f8b9dab1d842cf1ddc69e83bd8127,linux64-qr,,False,,,102210fe594ee9b33d82058545b1ed14f4c8206e,num_static_constructors,compiler_metrics,True,compiler_metrics num_static_constructors opt valgrind,,77,,,,1721540714,2023-07-05 07:39:56,154.0,38b13df05dd40dab0cd1eaba4f7248de589d99e8,1267790,,,,,,,,,,,,,,,,,,,,,,,,,,,,,,,,,,,,,,,,,,,,,,,,,,TN,,,,,,,,,,
autoland,3646670,2,6311658df04f8b9dab1d842cf1ddc69e83bd8127,linux64-qr,,False,,,102210fe594ee9b33d82058545b1ed14f4c8206e,num_static_constructors,compiler_metrics,True,compiler_metrics num_static_constructors opt valgrind,,77,,,,1721532207,2023-07-05 07:58:23,154.0,9ab7ea679b12d7e209ada3534abf7baf704fe9d4,1267796,,,,,,,,,,,,,,,,,,,,,,,,,,,,,,,,,,,,,,,,,,,,,,,,,,TN,,,,,,,,,,
autoland,3646670,2,6311658df04f8b9dab1d842cf1ddc69e83bd8127,linux64-qr,,False,,,102210fe594ee9b33d82058545b1ed14f4c8206e,num_static_constructors,compiler_metrics,True,compiler_metrics num_static_constructors opt valgrind,,77,,,,1721565405,2023-07-05 09:46:48,154.0,e3f62ea4e59393fe53784906952e9a1417688db1,1267838,,,,,,,,,,,,,,,,,,,,,,,,,,,,,,,,,,,,,,,,,,,,,,,,,,TN,,,,,,,,,,
autoland,3646670,2,6311658df04f8b9dab1d842cf1ddc69e83bd8127,linux64-qr,,False,,,102210fe594ee9b33d82058545b1ed14f4c8206e,num_static_constructors,compiler_metrics,True,compiler_metrics num_static_constructors opt valgrind,,77,,,,1721681360,2023-07-05 14:18:53,154.0,cee4ab20ddeef57e9b72447e753e72ed2eb244cf,1267963,,,,,,,,,,,,,,,,,,,,,,,,,,,,,,,,,,,,,,,,,,,,,,,,,,TN,,,,,,,,,,
autoland,3646670,2,6311658df04f8b9dab1d842cf1ddc69e83bd8127,linux64-qr,,False,,,102210fe594ee9b33d82058545b1ed14f4c8206e,num_static_constructors,compiler_metrics,True,compiler_metrics num_static_constructors opt valgrind,,77,,,,1721693275,2023-07-05 14:38:06,154.0,4613dfbe6bc2e60b1159da46db2edee3018423e1,1267976,,,,,,,,,,,,,,,,,,,,,,,,,,,,,,,,,,,,,,,,,,,,,,,,,,TN,,,,,,,,,,
autoland,3646670,2,6311658df04f8b9dab1d842cf1ddc69e83bd8127,linux64-qr,,False,,,102210fe594ee9b33d82058545b1ed14f4c8206e,num_static_constructors,compiler_metrics,True,compiler_metrics num_static_constructors opt valgrind,,77,,,,1721764052,2023-07-05 16:51:22,154.0,0f08c46deb0e9d27840717141cc877b4a0d54e23,1268046,,,,,,,,,,,,,,,,,,,,,,,,,,,,,,,,,,,,,,,,,,,,,,,,,,TN,,,,,,,,,,
autoland,3646670,2,6311658df04f8b9dab1d842cf1ddc69e83bd8127,linux64-qr,,False,,,102210fe594ee9b33d82058545b1ed14f4c8206e,num_static_constructors,compiler_metrics,True,compiler_metrics num_static_constructors opt valgrind,,77,,,,1721810692,2023-07-05 18:29:49,154.0,674dc1b6026b9fc62707f0df292dfaf1ba6557f1,1268132,,,,,,,,,,,,,,,,,,,,,,,,,,,,,,,,,,,,,,,,,,,,,,,,,,TN,,,,,,,,,,
autoland,3646670,2,6311658df04f8b9dab1d842cf1ddc69e83bd8127,linux64-qr,,False,,,102210fe594ee9b33d82058545b1ed14f4c8206e,num_static_constructors,compiler_metrics,True,compiler_metrics num_static_constructors opt valgrind,,77,,,,1721832771,2023-07-05 18:29:49,154.0,674dc1b6026b9fc62707f0df292dfaf1ba6557f1,1268132,,,,,,,,,,,,,,,,,,,,,,,,,,,,,,,,,,,,,,,,,,,,,,,,,,TN,,,,,,,,,,
autoland,3646670,2,6311658df04f8b9dab1d842cf1ddc69e83bd8127,linux64-qr,,False,,,102210fe594ee9b33d82058545b1ed14f4c8206e,num_static_constructors,compiler_metrics,True,compiler_metrics num_static_constructors opt valgrind,,77,,,,1721873067,2023-07-05 20:35:45,154.0,650ef77d1c4db532dcdede7a7ecd5bbd0ca218e0,1268213,,,,,,,,,,,,,,,,,,,,,,,,,,,,,,,,,,,,,,,,,,,,,,,,,,TN,,,,,,,,,,
autoland,3646670,2,6311658df04f8b9dab1d842cf1ddc69e83bd8127,linux64-qr,,False,,,102210fe594ee9b33d82058545b1ed14f4c8206e,num_static_constructors,compiler_metrics,True,compiler_metrics num_static_constructors opt valgrind,,77,,,,1721901434,2023-07-05 20:35:45,154.0,650ef77d1c4db532dcdede7a7ecd5bbd0ca218e0,1268213,,,,,,,,,,,,,,,,,,,,,,,,,,,,,,,,,,,,,,,,,,,,,,,,,,TN,,,,,,,,,,
autoland,3646670,2,6311658df04f8b9dab1d842cf1ddc69e83bd8127,linux64-qr,,False,,,102210fe594ee9b33d82058545b1ed14f4c8206e,num_static_constructors,compiler_metrics,True,compiler_metrics num_static_constructors opt valgrind,,77,,,,1721882680,2023-07-05 21:03:11,154.0,712427656ebd8d82b78a42d8e45b973aa7c220d7,1268236,,,,,,,,,,,,,,,,,,,,,,,,,,,,,,,,,,,,,,,,,,,,,,,,,,TN,,,,,,,,,,
autoland,3646670,2,6311658df04f8b9dab1d842cf1ddc69e83bd8127,linux64-qr,,False,,,102210fe594ee9b33d82058545b1ed14f4c8206e,num_static_constructors,compiler_metrics,True,compiler_metrics num_static_constructors opt valgrind,,77,,,,1721978935,2023-07-06 00:11:42,154.0,67bb53c9cb10a8b606a7a853694b209aaf2f580f,1268318,,,,,,,,,,,,,,,,,,,,,,,,,,,,,,,,,,,,,,,,,,,,,,,,,,TN,,,,,,,,,,
autoland,3646670,2,6311658df04f8b9dab1d842cf1ddc69e83bd8127,linux64-qr,,False,,,102210fe594ee9b33d82058545b1ed14f4c8206e,num_static_constructors,compiler_metrics,True,compiler_metrics num_static_constructors opt valgrind,,77,,,,1722002023,2023-07-06 01:07:34,154.0,a0647e42fb1f509d753d2baacd7858b3ee9a8821,1268349,,,,,,,,,,,,,,,,,,,,,,,,,,,,,,,,,,,,,,,,,,,,,,,,,,TN,,,,,,,,,,
autoland,3646670,2,6311658df04f8b9dab1d842cf1ddc69e83bd8127,linux64-qr,,False,,,102210fe594ee9b33d82058545b1ed14f4c8206e,num_static_constructors,compiler_metrics,True,compiler_metrics num_static_constructors opt valgrind,,77,,,,1722008593,2023-07-06 01:07:34,154.0,a0647e42fb1f509d753d2baacd7858b3ee9a8821,1268349,,,,,,,,,,,,,,,,,,,,,,,,,,,,,,,,,,,,,,,,,,,,,,,,,,TN,,,,,,,,,,
autoland,3646670,2,6311658df04f8b9dab1d842cf1ddc69e83bd8127,linux64-qr,,False,,,102210fe594ee9b33d82058545b1ed14f4c8206e,num_static_constructors,compiler_metrics,True,compiler_metrics num_static_constructors opt valgrind,,77,,,,1722070147,2023-07-06 06:12:07,154.0,1ba8085e68676425907973397d26e7417c1c4a74,1268405,,,,,,,,,,,,,,,,,,,,,,,,,,,,,,,,,,,,,,,,,,,,,,,,,,TN,,,,,,,,,,
autoland,3646670,2,6311658df04f8b9dab1d842cf1ddc69e83bd8127,linux64-qr,,False,,,102210fe594ee9b33d82058545b1ed14f4c8206e,num_static_constructors,compiler_metrics,True,compiler_metrics num_static_constructors opt valgrind,,77,,,,1722128734,2023-07-06 09:40:15,154.0,42db74e5cedded42f12a6f290d82bc398eb12821,1268503,,,,,,,,,,,,,,,,,,,,,,,,,,,,,,,,,,,,,,,,,,,,,,,,,,TN,,,,,,,,,,
autoland,3646670,2,6311658df04f8b9dab1d842cf1ddc69e83bd8127,linux64-qr,,False,,,102210fe594ee9b33d82058545b1ed14f4c8206e,num_static_constructors,compiler_metrics,True,compiler_metrics num_static_constructors opt valgrind,,77,,,,1722182931,2023-07-06 11:48:20,154.0,becc2fa2c186914b1a887e40e6f0e9a6643273eb,1268565,,,,,,,,,,,,,,,,,,,,,,,,,,,,,,,,,,,,,,,,,,,,,,,,,,TN,,,,,,,,,,
autoland,3646670,2,6311658df04f8b9dab1d842cf1ddc69e83bd8127,linux64-qr,,False,,,102210fe594ee9b33d82058545b1ed14f4c8206e,num_static_constructors,compiler_metrics,True,compiler_metrics num_static_constructors opt valgrind,,77,,,,1722195630,2023-07-06 12:38:53,154.0,5b919b11b30bcc659d499c9290a54c3f91d96bd2,1268598,,,,,,,,,,,,,,,,,,,,,,,,,,,,,,,,,,,,,,,,,,,,,,,,,,TN,,,,,,,,,,
autoland,3646670,2,6311658df04f8b9dab1d842cf1ddc69e83bd8127,linux64-qr,,False,,,102210fe594ee9b33d82058545b1ed14f4c8206e,num_static_constructors,compiler_metrics,True,compiler_metrics num_static_constructors opt valgrind,,77,,,,1722261485,2023-07-06 15:30:56,154.0,0ad42d8961e77a5704876c869b2c501869810f61,1268727,,,,,,,,,,,,,,,,,,,,,,,,,,,,,,,,,,,,,,,,,,,,,,,,,,TN,,,,,,,,,,
autoland,3646670,2,6311658df04f8b9dab1d842cf1ddc69e83bd8127,linux64-qr,,False,,,102210fe594ee9b33d82058545b1ed14f4c8206e,num_static_constructors,compiler_metrics,True,compiler_metrics num_static_constructors opt valgrind,,77,,,,1722297671,2023-07-06 16:43:39,154.0,433f58fbe4180052220b584f15de1d1d6fda065a,1268777,,,,,,,,,,,,,,,,,,,,,,,,,,,,,,,,,,,,,,,,,,,,,,,,,,TN,,,,,,,,,,
autoland,3646670,2,6311658df04f8b9dab1d842cf1ddc69e83bd8127,linux64-qr,,False,,,102210fe594ee9b33d82058545b1ed14f4c8206e,num_static_constructors,compiler_metrics,True,compiler_metrics num_static_constructors opt valgrind,,77,,,,1722376569,2023-07-06 18:39:07,154.0,08f072ae172f3d48b0361ca0d34ead8a0b254e60,1268845,,,,,,,,,,,,,,,,,,,,,,,,,,,,,,,,,,,,,,,,,,,,,,,,,,TN,,,,,,,,,,
autoland,3646670,2,6311658df04f8b9dab1d842cf1ddc69e83bd8127,linux64-qr,,False,,,102210fe594ee9b33d82058545b1ed14f4c8206e,num_static_constructors,compiler_metrics,True,compiler_metrics num_static_constructors opt valgrind,,77,,,,1722425679,2023-07-06 18:39:07,154.0,08f072ae172f3d48b0361ca0d34ead8a0b254e60,1268845,,,,,,,,,,,,,,,,,,,,,,,,,,,,,,,,,,,,,,,,,,,,,,,,,,TN,,,,,,,,,,
autoland,3646670,2,6311658df04f8b9dab1d842cf1ddc69e83bd8127,linux64-qr,,False,,,102210fe594ee9b33d82058545b1ed14f4c8206e,num_static_constructors,compiler_metrics,True,compiler_metrics num_static_constructors opt valgrind,,77,,,,1722444920,2023-07-06 20:23:44,154.0,b83d2754ee2965e333c0397b4d7f2a6ce6b3f761,1268918,,,,,,,,,,,,,,,,,,,,,,,,,,,,,,,,,,,,,,,,,,,,,,,,,,TN,,,,,,,,,,
autoland,3646670,2,6311658df04f8b9dab1d842cf1ddc69e83bd8127,linux64-qr,,False,,,102210fe594ee9b33d82058545b1ed14f4c8206e,num_static_constructors,compiler_metrics,True,compiler_metrics num_static_constructors opt valgrind,,77,,,,1722460531,2023-07-06 20:44:41,154.0,2c6190b6ecb6ab8933a296c08e753c060a3c2e9b,1268939,,,,,,,,,,,,,,,,,,,,,,,,,,,,,,,,,,,,,,,,,,,,,,,,,,TN,,,,,,,,,,
autoland,3646670,2,6311658df04f8b9dab1d842cf1ddc69e83bd8127,linux64-qr,,False,,,102210fe594ee9b33d82058545b1ed14f4c8206e,num_static_constructors,compiler_metrics,True,compiler_metrics num_static_constructors opt valgrind,,77,,,,1722549420,2023-07-06 22:39:52,154.0,b9f650869218a9f8a57efd89234ab27e3bca8868,1268997,,,,,,,,,,,,,,,,,,,,,,,,,,,,,,,,,,,,,,,,,,,,,,,,,,TN,,,,,,,,,,
autoland,3646670,2,6311658df04f8b9dab1d842cf1ddc69e83bd8127,linux64-qr,,False,,,102210fe594ee9b33d82058545b1ed14f4c8206e,num_static_constructors,compiler_metrics,True,compiler_metrics num_static_constructors opt valgrind,,77,,,,1722605728,2023-07-07 00:51:02,154.0,acd3d81337398ace5cd75f251f18da388ed281fa,1269038,,,,,,,,,,,,,,,,,,,,,,,,,,,,,,,,,,,,,,,,,,,,,,,,,,TN,,,,,,,,,,
autoland,3646670,2,6311658df04f8b9dab1d842cf1ddc69e83bd8127,linux64-qr,,False,,,102210fe594ee9b33d82058545b1ed14f4c8206e,num_static_constructors,compiler_metrics,True,compiler_metrics num_static_constructors opt valgrind,,77,,,,1722641847,2023-07-07 00:51:02,154.0,acd3d81337398ace5cd75f251f18da388ed281fa,1269038,,,,,,,,,,,,,,,,,,,,,,,,,,,,,,,,,,,,,,,,,,,,,,,,,,TN,,,,,,,,,,
autoland,3646670,2,6311658df04f8b9dab1d842cf1ddc69e83bd8127,linux64-qr,,False,,,102210fe594ee9b33d82058545b1ed14f4c8206e,num_static_constructors,compiler_metrics,True,compiler_metrics num_static_constructors opt valgrind,,77,,,,1722654978,2023-07-07 00:51:02,154.0,acd3d81337398ace5cd75f251f18da388ed281fa,1269038,,,,,,,,,,,,,,,,,,,,,,,,,,,,,,,,,,,,,,,,,,,,,,,,,,TN,,,,,,,,,,
autoland,3646670,2,6311658df04f8b9dab1d842cf1ddc69e83bd8127,linux64-qr,,False,,,102210fe594ee9b33d82058545b1ed14f4c8206e,num_static_constructors,compiler_metrics,True,compiler_metrics num_static_constructors opt valgrind,,77,,,,1722641738,2023-07-07 01:49:15,154.0,013763c5f493c6232cfa8502e7bcec4b151d9161,1269055,,,,,,,,,,,,,,,,,,,,,,,,,,,,,,,,,,,,,,,,,,,,,,,,,,TN,,,,,,,,,,
autoland,3646670,2,6311658df04f8b9dab1d842cf1ddc69e83bd8127,linux64-qr,,False,,,102210fe594ee9b33d82058545b1ed14f4c8206e,num_static_constructors,compiler_metrics,True,compiler_metrics num_static_constructors opt valgrind,,77,,,,1722657693,2023-07-07 01:49:15,154.0,013763c5f493c6232cfa8502e7bcec4b151d9161,1269055,,,,,,,,,,,,,,,,,,,,,,,,,,,,,,,,,,,,,,,,,,,,,,,,,,TN,,,,,,,,,,
autoland,3646670,2,6311658df04f8b9dab1d842cf1ddc69e83bd8127,linux64-qr,,False,,,102210fe594ee9b33d82058545b1ed14f4c8206e,num_static_constructors,compiler_metrics,True,compiler_metrics num_static_constructors opt valgrind,,77,,,,1722689464,2023-07-07 06:17:26,154.0,e4d87ff75575880ea0c0fa09b316e360e4d9492f,1269097,,,,,,,,,,,,,,,,,,,,,,,,,,,,,,,,,,,,,,,,,,,,,,,,,,TN,,,,,,,,,,
autoland,3646670,2,6311658df04f8b9dab1d842cf1ddc69e83bd8127,linux64-qr,,False,,,102210fe594ee9b33d82058545b1ed14f4c8206e,num_static_constructors,compiler_metrics,True,compiler_metrics num_static_constructors opt valgrind,,77,,,,1722698390,2023-07-07 06:17:26,154.0,e4d87ff75575880ea0c0fa09b316e360e4d9492f,1269097,,,,,,,,,,,,,,,,,,,,,,,,,,,,,,,,,,,,,,,,,,,,,,,,,,TN,,,,,,,,,,
autoland,3646670,2,6311658df04f8b9dab1d842cf1ddc69e83bd8127,linux64-qr,,False,,,102210fe594ee9b33d82058545b1ed14f4c8206e,num_static_constructors,compiler_metrics,True,compiler_metrics num_static_constructors opt valgrind,,77,,,,1722700101,2023-07-07 06:17:26,154.0,e4d87ff75575880ea0c0fa09b316e360e4d9492f,1269097,,,,,,,,,,,,,,,,,,,,,,,,,,,,,,,,,,,,,,,,,,,,,,,,,,TN,,,,,,,,,,
autoland,3646670,2,6311658df04f8b9dab1d842cf1ddc69e83bd8127,linux64-qr,,False,,,102210fe594ee9b33d82058545b1ed14f4c8206e,num_static_constructors,compiler_metrics,True,compiler_metrics num_static_constructors opt valgrind,,77,,,,1722746053,2023-07-07 10:08:37,154.0,3a88b97290a0fe46c6fbfcf6dacd91c6b6900aeb,1269195,,,,,,,,,,,,,,,,,,,,,,,,,,,,,,,,,,,,,,,,,,,,,,,,,,TN,,,,,,,,,,
autoland,3646670,2,6311658df04f8b9dab1d842cf1ddc69e83bd8127,linux64-qr,,False,,,102210fe594ee9b33d82058545b1ed14f4c8206e,num_static_constructors,compiler_metrics,True,compiler_metrics num_static_constructors opt valgrind,,77,,,,1722783096,2023-07-07 11:33:19,154.0,dd6b4605ab6081806f305ce27007b9707000d07d,1269232,,,,,,,,,,,,,,,,,,,,,,,,,,,,,,,,,,,,,,,,,,,,,,,,,,TN,,,,,,,,,,
autoland,3646670,2,6311658df04f8b9dab1d842cf1ddc69e83bd8127,linux64-qr,,False,,,102210fe594ee9b33d82058545b1ed14f4c8206e,num_static_constructors,compiler_metrics,True,compiler_metrics num_static_constructors opt valgrind,,77,,,,1722861180,2023-07-07 14:06:48,154.0,fb62b8660fcaa40ecb0be50aa61ba8005dcbba27,1269286,,,,,,,,,,,,,,,,,,,,,,,,,,,,,,,,,,,,,,,,,,,,,,,,,,TN,,,,,,,,,,
autoland,3646670,2,6311658df04f8b9dab1d842cf1ddc69e83bd8127,linux64-qr,,False,,,102210fe594ee9b33d82058545b1ed14f4c8206e,num_static_constructors,compiler_metrics,True,compiler_metrics num_static_constructors opt valgrind,,77,,,,1722892110,2023-07-07 14:06:48,154.0,fb62b8660fcaa40ecb0be50aa61ba8005dcbba27,1269286,,,,,,,,,,,,,,,,,,,,,,,,,,,,,,,,,,,,,,,,,,,,,,,,,,TN,,,,,,,,,,
autoland,3646670,2,6311658df04f8b9dab1d842cf1ddc69e83bd8127,linux64-qr,,False,,,102210fe594ee9b33d82058545b1ed14f4c8206e,num_static_constructors,compiler_metrics,True,compiler_metrics num_static_constructors opt valgrind,,77,,,,1722919595,2023-07-07 14:06:48,154.0,fb62b8660fcaa40ecb0be50aa61ba8005dcbba27,1269286,,,,,,,,,,,,,,,,,,,,,,,,,,,,,,,,,,,,,,,,,,,,,,,,,,TN,,,,,,,,,,
autoland,3646670,2,6311658df04f8b9dab1d842cf1ddc69e83bd8127,linux64-qr,,False,,,102210fe594ee9b33d82058545b1ed14f4c8206e,num_static_constructors,compiler_metrics,True,compiler_metrics num_static_constructors opt valgrind,,77,,,,1722926470,2023-07-07 14:06:48,154.0,fb62b8660fcaa40ecb0be50aa61ba8005dcbba27,1269286,,,,,,,,,,,,,,,,,,,,,,,,,,,,,,,,,,,,,,,,,,,,,,,,,,TN,,,,,,,,,,
autoland,3646670,2,6311658df04f8b9dab1d842cf1ddc69e83bd8127,linux64-qr,,False,,,102210fe594ee9b33d82058545b1ed14f4c8206e,num_static_constructors,compiler_metrics,True,compiler_metrics num_static_constructors opt valgrind,,77,,,,1722944814,2023-07-07 14:06:48,154.0,fb62b8660fcaa40ecb0be50aa61ba8005dcbba27,1269286,,,,,,,,,,,,,,,,,,,,,,,,,,,,,,,,,,,,,,,,,,,,,,,,,,TN,,,,,,,,,,
autoland,3646670,2,6311658df04f8b9dab1d842cf1ddc69e83bd8127,linux64-qr,,False,,,102210fe594ee9b33d82058545b1ed14f4c8206e,num_static_constructors,compiler_metrics,True,compiler_metrics num_static_constructors opt valgrind,,77,,,,1722944844,2023-07-07 14:06:48,154.0,fb62b8660fcaa40ecb0be50aa61ba8005dcbba27,1269286,,,,,,,,,,,,,,,,,,,,,,,,,,,,,,,,,,,,,,,,,,,,,,,,,,TN,,,,,,,,,,
autoland,3646670,2,6311658df04f8b9dab1d842cf1ddc69e83bd8127,linux64-qr,,False,,,102210fe594ee9b33d82058545b1ed14f4c8206e,num_static_constructors,compiler_metrics,True,compiler_metrics num_static_constructors opt valgrind,,77,,,,1722944518,2023-07-07 14:06:48,154.0,fb62b8660fcaa40ecb0be50aa61ba8005dcbba27,1269286,,,,,,,,,,,,,,,,,,,,,,,,,,,,,,,,,,,,,,,,,,,,,,,,,,TN,,,,,,,,,,
autoland,3646670,2,6311658df04f8b9dab1d842cf1ddc69e83bd8127,linux64-qr,,False,,,102210fe594ee9b33d82058545b1ed14f4c8206e,num_static_constructors,compiler_metrics,True,compiler_metrics num_static_constructors opt valgrind,,77,,,,1722897900,2023-07-07 15:27:14,154.0,5f2146e877365f3c6d90fb153879a4808bb6e11d,1269336,,,,,,,,,,,,,,,,,,,,,,,,,,,,,,,,,,,,,,,,,,,,,,,,,,TN,,,,,,,,,,
autoland,3646670,2,6311658df04f8b9dab1d842cf1ddc69e83bd8127,linux64-qr,,False,,,102210fe594ee9b33d82058545b1ed14f4c8206e,num_static_constructors,compiler_metrics,True,compiler_metrics num_static_constructors opt valgrind,,77,,,,1722932435,2023-07-07 16:51:44,154.0,43977d30a10af8e193044a9aa578f2bc8b33edf7,1269420,,,,,,,,,,,,,,,,,,,,,,,,,,,,,,,,,,,,,,,,,,,,,,,,,,TN,,,,,,,,,,
autoland,3646670,2,6311658df04f8b9dab1d842cf1ddc69e83bd8127,linux64-qr,,False,,,102210fe594ee9b33d82058545b1ed14f4c8206e,num_static_constructors,compiler_metrics,True,compiler_metrics num_static_constructors opt valgrind,,77,,,,1722980447,2023-07-07 18:45:01,154.0,5f0f19496307cb182de36a830c92a95a885cab95,1269497,,,,,,,,,,,,,,,,,,,,,,,,,,,,,,,,,,,,,,,,,,,,,,,,,,TN,,,,,,,,,,
autoland,3646670,2,6311658df04f8b9dab1d842cf1ddc69e83bd8127,linux64-qr,,False,,,102210fe594ee9b33d82058545b1ed14f4c8206e,num_static_constructors,compiler_metrics,True,compiler_metrics num_static_constructors opt valgrind,,77,,,,1723034220,2023-07-07 18:45:01,154.0,5f0f19496307cb182de36a830c92a95a885cab95,1269497,,,,,,,,,,,,,,,,,,,,,,,,,,,,,,,,,,,,,,,,,,,,,,,,,,TN,,,,,,,,,,
autoland,3646670,2,6311658df04f8b9dab1d842cf1ddc69e83bd8127,linux64-qr,,False,,,102210fe594ee9b33d82058545b1ed14f4c8206e,num_static_constructors,compiler_metrics,True,compiler_metrics num_static_constructors opt valgrind,,77,,,,1723035846,2023-07-07 18:45:01,154.0,5f0f19496307cb182de36a830c92a95a885cab95,1269497,,,,,,,,,,,,,,,,,,,,,,,,,,,,,,,,,,,,,,,,,,,,,,,,,,TN,,,,,,,,,,
autoland,3646670,2,6311658df04f8b9dab1d842cf1ddc69e83bd8127,linux64-qr,,False,,,102210fe594ee9b33d82058545b1ed14f4c8206e,num_static_constructors,compiler_metrics,True,compiler_metrics num_static_constructors opt valgrind,,77,,,,1723037596,2023-07-07 18:45:01,154.0,5f0f19496307cb182de36a830c92a95a885cab95,1269497,,,,,,,,,,,,,,,,,,,,,,,,,,,,,,,,,,,,,,,,,,,,,,,,,,TN,,,,,,,,,,
autoland,3646670,2,6311658df04f8b9dab1d842cf1ddc69e83bd8127,linux64-qr,,False,,,102210fe594ee9b33d82058545b1ed14f4c8206e,num_static_constructors,compiler_metrics,True,compiler_metrics num_static_constructors opt valgrind,,77,,,,1723146928,2023-07-07 23:17:10,154.0,f010e32868d4154f53e499532cc8ca7731a98e40,1269636,,,,,,,,,,,,,,,,,,,,,,,,,,,,,,,,,,,,,,,,,,,,,,,,,,TN,,,,,,,,,,
autoland,3646670,2,6311658df04f8b9dab1d842cf1ddc69e83bd8127,linux64-qr,,False,,,102210fe594ee9b33d82058545b1ed14f4c8206e,num_static_constructors,compiler_metrics,True,compiler_metrics num_static_constructors opt valgrind,,77,,,,1723194584,2023-07-08 02:51:52,154.0,d2be18e8ce8cd63eaddb8f012d582a2863075164,1269678,,,,,,,,,,,,,,,,,,,,,,,,,,,,,,,,,,,,,,,,,,,,,,,,,,TN,,,,,,,,,,
autoland,3646670,2,6311658df04f8b9dab1d842cf1ddc69e83bd8127,linux64-qr,,False,,,102210fe594ee9b33d82058545b1ed14f4c8206e,num_static_constructors,compiler_metrics,True,compiler_metrics num_static_constructors opt valgrind,,77,,,,1723206751,2023-07-08 02:51:52,154.0,d2be18e8ce8cd63eaddb8f012d582a2863075164,1269678,,,,,,,,,,,,,,,,,,,,,,,,,,,,,,,,,,,,,,,,,,,,,,,,,,TN,,,,,,,,,,
autoland,3646670,2,6311658df04f8b9dab1d842cf1ddc69e83bd8127,linux64-qr,,False,,,102210fe594ee9b33d82058545b1ed14f4c8206e,num_static_constructors,compiler_metrics,True,compiler_metrics num_static_constructors opt valgrind,,77,,,,1723207220,2023-07-08 02:51:52,154.0,d2be18e8ce8cd63eaddb8f012d582a2863075164,1269678,,,,,,,,,,,,,,,,,,,,,,,,,,,,,,,,,,,,,,,,,,,,,,,,,,TN,,,,,,,,,,
autoland,3646670,2,6311658df04f8b9dab1d842cf1ddc69e83bd8127,linux64-qr,,False,,,102210fe594ee9b33d82058545b1ed14f4c8206e,num_static_constructors,compiler_metrics,True,compiler_metrics num_static_constructors opt valgrind,,77,,,,1723209972,2023-07-08 02:51:52,154.0,d2be18e8ce8cd63eaddb8f012d582a2863075164,1269678,,,,,,,,,,,,,,,,,,,,,,,,,,,,,,,,,,,,,,,,,,,,,,,,,,TN,,,,,,,,,,
autoland,3646670,2,6311658df04f8b9dab1d842cf1ddc69e83bd8127,linux64-qr,,False,,,102210fe594ee9b33d82058545b1ed14f4c8206e,num_static_constructors,compiler_metrics,True,compiler_metrics num_static_constructors opt valgrind,,77,,,,1723232261,2023-07-08 06:55:09,154.0,ef7d9ea0c3f751e7c525a136923c9c404c297b1f,1269687,,,,,,,,,,,,,,,,,,,,,,,,,,,,,,,,,,,,,,,,,,,,,,,,,,TN,,,,,,,,,,
autoland,3646670,2,6311658df04f8b9dab1d842cf1ddc69e83bd8127,linux64-qr,,False,,,102210fe594ee9b33d82058545b1ed14f4c8206e,num_static_constructors,compiler_metrics,True,compiler_metrics num_static_constructors opt valgrind,,77,,,,1723326759,2023-07-08 13:13:32,154.0,ee68eebc7bfd59157569f7de331974b06e765482,1269721,,,,,,,,,,,,,,,,,,,,,,,,,,,,,,,,,,,,,,,,,,,,,,,,,,TN,,,,,,,,,,
autoland,3646670,2,6311658df04f8b9dab1d842cf1ddc69e83bd8127,linux64-qr,,False,,,102210fe594ee9b33d82058545b1ed14f4c8206e,num_static_constructors,compiler_metrics,True,compiler_metrics num_static_constructors opt valgrind,,77,,,,1723326315,2023-07-08 13:22:34,154.0,3809d32977a2db97fd06c8fd3214256dc18af9a0,1269723,,,,,,,,,,,,,,,,,,,,,,,,,,,,,,,,,,,,,,,,,,,,,,,,,,TN,,,,,,,,,,
autoland,3646670,2,6311658df04f8b9dab1d842cf1ddc69e83bd8127,linux64-qr,,False,,,102210fe594ee9b33d82058545b1ed14f4c8206e,num_static_constructors,compiler_metrics,True,compiler_metrics num_static_constructors opt valgrind,,77,,,,1723400781,2023-07-08 18:13:28,154.0,3b3b41fc7f1dad97415448fb4652eb636903a02a,1269751,,,,,,,,,,,,,,,,,,,,,,,,,,,,,,,,,,,,,,,,,,,,,,,,,,TN,,,,,,,,,,
autoland,3646670,2,6311658df04f8b9dab1d842cf1ddc69e83bd8127,linux64-qr,,False,,,102210fe594ee9b33d82058545b1ed14f4c8206e,num_static_constructors,compiler_metrics,True,compiler_metrics num_static_constructors opt valgrind,,77,,,,1723451161,2023-07-08 22:36:06,154.0,47c72d2828f6f406fbe77758e1ae8cd7837af977,1269766,,,,,,,,,,,,,,,,,,,,,,,,,,,,,,,,,,,,,,,,,,,,,,,,,,TN,,,,,,,,,,
autoland,3646670,2,6311658df04f8b9dab1d842cf1ddc69e83bd8127,linux64-qr,,False,,,102210fe594ee9b33d82058545b1ed14f4c8206e,num_static_constructors,compiler_metrics,True,compiler_metrics num_static_constructors opt valgrind,,77,,,,1723503438,2023-07-09 03:04:33,154.0,2ac0f03815253b96c145a52b1762ed04c50f079d,1269805,,,,,,,,,,,,,,,,,,,,,,,,,,,,,,,,,,,,,,,,,,,,,,,,,,TN,,,,,,,,,,
autoland,3646670,2,6311658df04f8b9dab1d842cf1ddc69e83bd8127,linux64-qr,,False,,,102210fe594ee9b33d82058545b1ed14f4c8206e,num_static_constructors,compiler_metrics,True,compiler_metrics num_static_constructors opt valgrind,,77,,,,1723507391,2023-07-09 03:04:33,154.0,2ac0f03815253b96c145a52b1762ed04c50f079d,1269805,,,,,,,,,,,,,,,,,,,,,,,,,,,,,,,,,,,,,,,,,,,,,,,,,,TN,,,,,,,,,,
autoland,3646670,2,6311658df04f8b9dab1d842cf1ddc69e83bd8127,linux64-qr,,False,,,102210fe594ee9b33d82058545b1ed14f4c8206e,num_static_constructors,compiler_metrics,True,compiler_metrics num_static_constructors opt valgrind,,77,,,,1723503402,2023-07-09 03:05:24,154.0,87f35bfe2247c1dface09d2c1f0f9c6ec6ab2bfa,1269806,,,,,,,,,,,,,,,,,,,,,,,,,,,,,,,,,,,,,,,,,,,,,,,,,,TN,,,,,,,,,,
autoland,3646670,2,6311658df04f8b9dab1d842cf1ddc69e83bd8127,linux64-qr,,False,,,102210fe594ee9b33d82058545b1ed14f4c8206e,num_static_constructors,compiler_metrics,True,compiler_metrics num_static_constructors opt valgrind,,77,,,,1723564623,2023-07-09 11:37:17,154.0,60d4eb46c8b40ab0cd000c9ef298c63c45539be7,1269836,,,,,,,,,,,,,,,,,,,,,,,,,,,,,,,,,,,,,,,,,,,,,,,,,,TN,,,,,,,,,,
autoland,3646670,2,6311658df04f8b9dab1d842cf1ddc69e83bd8127,linux64-qr,,False,,,102210fe594ee9b33d82058545b1ed14f4c8206e,num_static_constructors,compiler_metrics,True,compiler_metrics num_static_constructors opt valgrind,,77,,,,1723603408,2023-07-09 16:14:27,154.0,38657e8c266f862cee349b298d0679f6617a8a63,1269855,,,,,,,,,,,,,,,,,,,,,,,,,,,,,,,,,,,,,,,,,,,,,,,,,,TN,,,,,,,,,,
autoland,3646670,2,6311658df04f8b9dab1d842cf1ddc69e83bd8127,linux64-qr,,False,,,102210fe594ee9b33d82058545b1ed14f4c8206e,num_static_constructors,compiler_metrics,True,compiler_metrics num_static_constructors opt valgrind,,77,,,,1723632187,2023-07-09 17:38:49,154.0,91d2d276f13316b73f0fed743d543009fcfade03,1269870,,,,,,,,,,,,,,,,,,,,,,,,,,,,,,,,,,,,,,,,,,,,,,,,,,TN,,,,,,,,,,
autoland,3646670,2,6311658df04f8b9dab1d842cf1ddc69e83bd8127,linux64-qr,,False,,,102210fe594ee9b33d82058545b1ed14f4c8206e,num_static_constructors,compiler_metrics,True,compiler_metrics num_static_constructors opt valgrind,,77,,,,1723683557,2023-07-09 22:03:27,154.0,5497748101b60ab9149d6616e70cabc4c11c6cb5,1269918,,,,,,,,,,,,,,,,,,,,,,,,,,,,,,,,,,,,,,,,,,,,,,,,,,TN,,,,,,,,,,
autoland,3646670,2,6311658df04f8b9dab1d842cf1ddc69e83bd8127,linux64-qr,,False,,,102210fe594ee9b33d82058545b1ed14f4c8206e,num_static_constructors,compiler_metrics,True,compiler_metrics num_static_constructors opt valgrind,,77,,,,1723704311,2023-07-09 23:04:01,154.0,ecb286ed2ad237f631efef6081b7e2181eeeec2a,1269926,,,,,,,,,,,,,,,,,,,,,,,,,,,,,,,,,,,,,,,,,,,,,,,,,,TN,,,,,,,,,,
autoland,3646670,2,6311658df04f8b9dab1d842cf1ddc69e83bd8127,linux64-qr,,False,,,102210fe594ee9b33d82058545b1ed14f4c8206e,num_static_constructors,compiler_metrics,True,compiler_metrics num_static_constructors opt valgrind,,77,,,,1723816595,2023-07-10 02:33:11,154.0,aaa3698312c56a08a7b405178ee462fe3c2a30e7,1269963,,,,,,,,,,,,,,,,,,,,,,,,,,,,,,,,,,,,,,,,,,,,,,,,,,TN,,,,,,,,,,
autoland,3646670,2,6311658df04f8b9dab1d842cf1ddc69e83bd8127,linux64-qr,,False,,,102210fe594ee9b33d82058545b1ed14f4c8206e,num_static_constructors,compiler_metrics,True,compiler_metrics num_static_constructors opt valgrind,,77,,,,1723889479,2023-07-10 08:51:48,154.0,7313b6429e48b58bd38ab3be47999be475f2ba6b,1270053,,,,,,,,,,,,,,,,,,,,,,,,,,,,,,,,,,,,,,,,,,,,,,,,,,TN,,,,,,,,,,
autoland,3646670,2,6311658df04f8b9dab1d842cf1ddc69e83bd8127,linux64-qr,,False,,,102210fe594ee9b33d82058545b1ed14f4c8206e,num_static_constructors,compiler_metrics,True,compiler_metrics num_static_constructors opt valgrind,,77,,,,1723961260,2023-07-10 12:24:48,154.0,117114b8eb321259fe5b9160d2501623b6848b7a,1270151,,,,,,,,,,,,,,,,,,,,,,,,,,,,,,,,,,,,,,,,,,,,,,,,,,TN,,,,,,,,,,
autoland,3646670,2,6311658df04f8b9dab1d842cf1ddc69e83bd8127,linux64-qr,,False,,,102210fe594ee9b33d82058545b1ed14f4c8206e,num_static_constructors,compiler_metrics,True,compiler_metrics num_static_constructors opt valgrind,,77,,,,1723976946,2023-07-10 13:07:04,154.0,70fb59178ff21c468afeb592869c28371401db6a,1270176,,,,,,,,,,,,,,,,,,,,,,,,,,,,,,,,,,,,,,,,,,,,,,,,,,TN,,,,,,,,,,
autoland,3646670,2,6311658df04f8b9dab1d842cf1ddc69e83bd8127,linux64-qr,,False,,,102210fe594ee9b33d82058545b1ed14f4c8206e,num_static_constructors,compiler_metrics,True,compiler_metrics num_static_constructors opt valgrind,,77,,,,1723998793,2023-07-10 14:01:57,154.0,e31033710cfe590d9e7deda75757f71ddef34207,1270199,,,,,,,,,,,,,,,,,,,,,,,,,,,,,,,,,,,,,,,,,,,,,,,,,,TN,,,,,,,,,,
autoland,3646670,2,6311658df04f8b9dab1d842cf1ddc69e83bd8127,linux64-qr,,False,,,102210fe594ee9b33d82058545b1ed14f4c8206e,num_static_constructors,compiler_metrics,True,compiler_metrics num_static_constructors opt valgrind,,77,,,,1724103928,2023-07-10 16:37:45,154.0,c7d57f6f297d3bada27bea7212a0fbd57f2a2978,1270289,,,,,,,,,,,,,,,,,,,,,,,,,,,,,,,,,,,,,,,,,,,,,,,,,,TN,,,,,,,,,,
autoland,3646670,2,6311658df04f8b9dab1d842cf1ddc69e83bd8127,linux64-qr,,False,,,102210fe594ee9b33d82058545b1ed14f4c8206e,num_static_constructors,compiler_metrics,True,compiler_metrics num_static_constructors opt valgrind,,77,,,,1724154121,2023-07-10 18:14:55,154.0,1c909f267af625b4c370b6735113e1cafc94bbad,1270330,,,,,,,,,,,,,,,,,,,,,,,,,,,,,,,,,,,,,,,,,,,,,,,,,,TN,,,,,,,,,,
autoland,3646670,2,6311658df04f8b9dab1d842cf1ddc69e83bd8127,linux64-qr,,False,,,102210fe594ee9b33d82058545b1ed14f4c8206e,num_static_constructors,compiler_metrics,True,compiler_metrics num_static_constructors opt valgrind,,77,,,,1724207096,2023-07-10 19:48:56,154.0,923b28f88778b9de2f2a694c75dcb313148c0fc5,1270385,,,,,,,,,,,,,,,,,,,,,,,,,,,,,,,,,,,,,,,,,,,,,,,,,,TN,,,,,,,,,,
autoland,3646670,2,6311658df04f8b9dab1d842cf1ddc69e83bd8127,linux64-qr,,False,,,102210fe594ee9b33d82058545b1ed14f4c8206e,num_static_constructors,compiler_metrics,True,compiler_metrics num_static_constructors opt valgrind,,77,,,,1724312920,2023-07-11 01:42:54,154.0,b6a3e16c65e1298418f1aaf966dd3071d644075b,1270560,,,,,,,,,,,,,,,,,,,,,,,,,,,,,,,,,,,,,,,,,,,,,,,,,,TN,,,,,,,,,,
autoland,3646670,2,6311658df04f8b9dab1d842cf1ddc69e83bd8127,linux64-qr,,False,,,102210fe594ee9b33d82058545b1ed14f4c8206e,num_static_constructors,compiler_metrics,True,compiler_metrics num_static_constructors opt valgrind,,77,,,,1724351952,2023-07-11 02:58:54,154.0,590df3705e5ec5b95a2ec1c384a3fec63a0bee3b,1270586,,,,,,,,,,,,,,,,,,,,,,,,,,,,,,,,,,,,,,,,,,,,,,,,,,TN,,,,,,,,,,
autoland,3646670,2,6311658df04f8b9dab1d842cf1ddc69e83bd8127,linux64-qr,,False,,,102210fe594ee9b33d82058545b1ed14f4c8206e,num_static_constructors,compiler_metrics,True,compiler_metrics num_static_constructors opt valgrind,,77,,,,1724414253,2023-07-11 06:35:00,154.0,bd6b3707b0b4eb7dd36fd65f81325cd71a20ab43,1270619,,,,,,,,,,,,,,,,,,,,,,,,,,,,,,,,,,,,,,,,,,,,,,,,,,TN,,,,,,,,,,
autoland,3646670,2,6311658df04f8b9dab1d842cf1ddc69e83bd8127,linux64-qr,,False,,,102210fe594ee9b33d82058545b1ed14f4c8206e,num_static_constructors,compiler_metrics,True,compiler_metrics num_static_constructors opt valgrind,,77,,,,1724456079,2023-07-11 08:55:46,154.0,6f3d3f416c953a7c5f64b907c4afb5906a1868a3,1270644,,,,,,,,,,,,,,,,,,,,,,,,,,,,,,,,,,,,,,,,,,,,,,,,,,TN,,,,,,,,,,
autoland,3646670,2,6311658df04f8b9dab1d842cf1ddc69e83bd8127,linux64-qr,,False,,,102210fe594ee9b33d82058545b1ed14f4c8206e,num_static_constructors,compiler_metrics,True,compiler_metrics num_static_constructors opt valgrind,,77,,,,1724531070,2023-07-11 11:52:28,154.0,29a59c4a2f6ab17b86054f5d8c0d18893b0da18a,1270730,,,,,,,,,,,,,,,,,,,,,,,,,,,,,,,,,,,,,,,,,,,,,,,,,,TN,,,,,,,,,,
autoland,3646670,2,6311658df04f8b9dab1d842cf1ddc69e83bd8127,linux64-qr,,False,,,102210fe594ee9b33d82058545b1ed14f4c8206e,num_static_constructors,compiler_metrics,True,compiler_metrics num_static_constructors opt valgrind,,77,,,,1724566145,2023-07-11 13:33:02,154.0,0c47c1159e0a060ee709f9f8f854bfad27f86c85,1270792,,,,,,,,,,,,,,,,,,,,,,,,,,,,,,,,,,,,,,,,,,,,,,,,,,TN,,,,,,,,,,
autoland,3646670,2,6311658df04f8b9dab1d842cf1ddc69e83bd8127,linux64-qr,,False,,,102210fe594ee9b33d82058545b1ed14f4c8206e,num_static_constructors,compiler_metrics,True,compiler_metrics num_static_constructors opt valgrind,,77,,,,1724588128,2023-07-11 13:33:02,154.0,0c47c1159e0a060ee709f9f8f854bfad27f86c85,1270792,,,,,,,,,,,,,,,,,,,,,,,,,,,,,,,,,,,,,,,,,,,,,,,,,,TN,,,,,,,,,,
autoland,3646670,2,6311658df04f8b9dab1d842cf1ddc69e83bd8127,linux64-qr,,False,,,102210fe594ee9b33d82058545b1ed14f4c8206e,num_static_constructors,compiler_metrics,True,compiler_metrics num_static_constructors opt valgrind,,77,,,,1724588977,2023-07-11 13:33:02,154.0,0c47c1159e0a060ee709f9f8f854bfad27f86c85,1270792,,,,,,,,,,,,,,,,,,,,,,,,,,,,,,,,,,,,,,,,,,,,,,,,,,TN,,,,,,,,,,
autoland,3646670,2,6311658df04f8b9dab1d842cf1ddc69e83bd8127,linux64-qr,,False,,,102210fe594ee9b33d82058545b1ed14f4c8206e,num_static_constructors,compiler_metrics,True,compiler_metrics num_static_constructors opt valgrind,,77,,,,1724578058,2023-07-11 14:06:52,154.0,3100a08eeee126bc592700ba015d42a4eeabd552,1270802,,,,,,,,,,,,,,,,,,,,,,,,,,,,,,,,,,,,,,,,,,,,,,,,,,TN,,,,,,,,,,
autoland,3646670,2,6311658df04f8b9dab1d842cf1ddc69e83bd8127,linux64-qr,,False,,,102210fe594ee9b33d82058545b1ed14f4c8206e,num_static_constructors,compiler_metrics,True,compiler_metrics num_static_constructors opt valgrind,,77,,,,1724648492,2023-07-11 16:17:53,154.0,71c6a10fe733e70437d71c03dcb30ad14f11e89e,1270874,,,,,,,,,,,,,,,,,,,,,,,,,,,,,,,,,,,,,,,,,,,,,,,,,,TN,,,,,,,,,,
autoland,3646670,2,6311658df04f8b9dab1d842cf1ddc69e83bd8127,linux64-qr,,False,,,102210fe594ee9b33d82058545b1ed14f4c8206e,num_static_constructors,compiler_metrics,True,compiler_metrics num_static_constructors opt valgrind,,77,,,,1724678925,2023-07-11 16:17:53,154.0,71c6a10fe733e70437d71c03dcb30ad14f11e89e,1270874,,,,,,,,,,,,,,,,,,,,,,,,,,,,,,,,,,,,,,,,,,,,,,,,,,TN,,,,,,,,,,
autoland,3646670,2,6311658df04f8b9dab1d842cf1ddc69e83bd8127,linux64-qr,,False,,,102210fe594ee9b33d82058545b1ed14f4c8206e,num_static_constructors,compiler_metrics,True,compiler_metrics num_static_constructors opt valgrind,,77,,,,1724719616,2023-07-11 16:17:53,154.0,71c6a10fe733e70437d71c03dcb30ad14f11e89e,1270874,,,,,,,,,,,,,,,,,,,,,,,,,,,,,,,,,,,,,,,,,,,,,,,,,,TN,,,,,,,,,,
autoland,3646670,2,6311658df04f8b9dab1d842cf1ddc69e83bd8127,linux64-qr,,False,,,102210fe594ee9b33d82058545b1ed14f4c8206e,num_static_constructors,compiler_metrics,True,compiler_metrics num_static_constructors opt valgrind,,77,,,,1724724766,2023-07-11 18:36:01,154.0,87db7bb709335405232188624e8b3fa9990fd678,1270977,,,,,,,,,,,,,,,,,,,,,,,,,,,,,,,,,,,,,,,,,,,,,,,,,,TN,,,,,,,,,,
autoland,3646670,2,6311658df04f8b9dab1d842cf1ddc69e83bd8127,linux64-qr,,False,,,102210fe594ee9b33d82058545b1ed14f4c8206e,num_static_constructors,compiler_metrics,True,compiler_metrics num_static_constructors opt valgrind,,77,,,,1724770822,2023-07-11 19:39:06,154.0,8d4a56937e90e1bc7f783ed37954b1068b93d285,1271022,,,,,,,,,,,,,,,,,,,,,,,,,,,,,,,,,,,,,,,,,,,,,,,,,,TN,,,,,,,,,,
autoland,3646670,2,6311658df04f8b9dab1d842cf1ddc69e83bd8127,linux64-qr,,False,,,102210fe594ee9b33d82058545b1ed14f4c8206e,num_static_constructors,compiler_metrics,True,compiler_metrics num_static_constructors opt valgrind,,77,,,,1724841452,2023-07-11 22:00:07,154.0,799309422d5f66cd280bc2aa8f49a203faaf670f,1271127,,,,,,,,,,,,,,,,,,,,,,,,,,,,,,,,,,,,,,,,,,,,,,,,,,TN,,,,,,,,,,
autoland,3646670,2,6311658df04f8b9dab1d842cf1ddc69e83bd8127,linux64-qr,,False,,,102210fe594ee9b33d82058545b1ed14f4c8206e,num_static_constructors,compiler_metrics,True,compiler_metrics num_static_constructors opt valgrind,,77,,,,1724925106,2023-07-12 01:39:39,154.0,f877f5be86e7a67f8e65ac30a40a1b93bec0019d,1271206,,,,,,,,,,,,,,,,,,,,,,,,,,,,,,,,,,,,,,,,,,,,,,,,,,TN,,,,,,,,,,
autoland,3646670,2,6311658df04f8b9dab1d842cf1ddc69e83bd8127,linux64-qr,,False,,,102210fe594ee9b33d82058545b1ed14f4c8206e,num_static_constructors,compiler_metrics,True,compiler_metrics num_static_constructors opt valgrind,,77,,,,1724917546,2023-07-12 01:39:39,154.0,f877f5be86e7a67f8e65ac30a40a1b93bec0019d,1271206,,,,,,,,,,,,,,,,,,,,,,,,,,,,,,,,,,,,,,,,,,,,,,,,,,TN,,,,,,,,,,
autoland,3646670,2,6311658df04f8b9dab1d842cf1ddc69e83bd8127,linux64-qr,,False,,,102210fe594ee9b33d82058545b1ed14f4c8206e,num_static_constructors,compiler_metrics,True,compiler_metrics num_static_constructors opt valgrind,,77,,,,1724929675,2023-07-12 01:39:39,154.0,f877f5be86e7a67f8e65ac30a40a1b93bec0019d,1271206,,,,,,,,,,,,,,,,,,,,,,,,,,,,,,,,,,,,,,,,,,,,,,,,,,TN,,,,,,,,,,
autoland,3646670,2,6311658df04f8b9dab1d842cf1ddc69e83bd8127,linux64-qr,,False,,,102210fe594ee9b33d82058545b1ed14f4c8206e,num_static_constructors,compiler_metrics,True,compiler_metrics num_static_constructors opt valgrind,,77,,,,1724930623,2023-07-12 03:43:13,154.0,409794f954d9150f8da58e49d75898a655aca25d,1271221,,,,,,,,,,,,,,,,,,,,,,,,,,,,,,,,,,,,,,,,,,,,,,,,,,TN,,,,,,,,,,
autoland,3646670,2,6311658df04f8b9dab1d842cf1ddc69e83bd8127,linux64-qr,,False,,,102210fe594ee9b33d82058545b1ed14f4c8206e,num_static_constructors,compiler_metrics,True,compiler_metrics num_static_constructors opt valgrind,,77,,,,1724934287,2023-07-12 03:43:13,154.0,409794f954d9150f8da58e49d75898a655aca25d,1271221,,,,,,,,,,,,,,,,,,,,,,,,,,,,,,,,,,,,,,,,,,,,,,,,,,TN,,,,,,,,,,
autoland,3646670,2,6311658df04f8b9dab1d842cf1ddc69e83bd8127,linux64-qr,,False,,,102210fe594ee9b33d82058545b1ed14f4c8206e,num_static_constructors,compiler_metrics,True,compiler_metrics num_static_constructors opt valgrind,,77,,,,1724985586,2023-07-12 07:41:52,154.0,3df39b644daab1c941ea8f68e6f1e1018058b95e,1271289,,,,,,,,,,,,,,,,,,,,,,,,,,,,,,,,,,,,,,,,,,,,,,,,,,TN,,,,,,,,,,
autoland,3646670,2,6311658df04f8b9dab1d842cf1ddc69e83bd8127,linux64-qr,,False,,,102210fe594ee9b33d82058545b1ed14f4c8206e,num_static_constructors,compiler_metrics,True,compiler_metrics num_static_constructors opt valgrind,,77,,,,1725012492,2023-07-12 09:42:01,154.0,89543f90a077b9cfa75d6b586ae6b6b8354a8ebb,1271334,,,,,,,,,,,,,,,,,,,,,,,,,,,,,,,,,,,,,,,,,,,,,,,,,,TN,,,,,,,,,,
autoland,3646670,2,6311658df04f8b9dab1d842cf1ddc69e83bd8127,linux64-qr,,False,,,102210fe594ee9b33d82058545b1ed14f4c8206e,num_static_constructors,compiler_metrics,True,compiler_metrics num_static_constructors opt valgrind,,77,,,,1725081719,2023-07-12 11:57:10,154.0,323cd57deb4d5a322c892f49b9141687d7561c0b,1271397,,,,,,,,,,,,,,,,,,,,,,,,,,,,,,,,,,,,,,,,,,,,,,,,,,TN,,,,,,,,,,
autoland,3646670,2,6311658df04f8b9dab1d842cf1ddc69e83bd8127,linux64-qr,,False,,,102210fe594ee9b33d82058545b1ed14f4c8206e,num_static_constructors,compiler_metrics,True,compiler_metrics num_static_constructors opt valgrind,,77,,,,1725150706,2023-07-12 14:40:04,154.0,09a138b12b3b18e85b4234788a6f92fa756908af,1271467,,,,,,,,,,,,,,,,,,,,,,,,,,,,,,,,,,,,,,,,,,,,,,,,,,TN,,,,,,,,,,
autoland,3646670,2,6311658df04f8b9dab1d842cf1ddc69e83bd8127,linux64-qr,,False,,,102210fe594ee9b33d82058545b1ed14f4c8206e,num_static_constructors,compiler_metrics,True,compiler_metrics num_static_constructors opt valgrind,,77,,,,1725145669,2023-07-12 14:51:07,154.0,3ca1d907382e8818731ad06ce85c2a33861fba2e,1271484,,,,,,,,,,,,,,,,,,,,,,,,,,,,,,,,,,,,,,,,,,,,,,,,,,TN,,,,,,,,,,
autoland,3646670,2,6311658df04f8b9dab1d842cf1ddc69e83bd8127,linux64-qr,,False,,,102210fe594ee9b33d82058545b1ed14f4c8206e,num_static_constructors,compiler_metrics,True,compiler_metrics num_static_constructors opt valgrind,,77,,,,1725241190,2023-07-12 19:44:39,154.0,5af60a4168846b5be7576faecbb5050fa6d965cf,1271665,,,,,,,,,,,,,,,,,,,,,,,,,,,,,,,,,,,,,,,,,,,,,,,,,,TN,,,,,,,,,,
autoland,3646670,2,6311658df04f8b9dab1d842cf1ddc69e83bd8127,linux64-qr,,False,,,102210fe594ee9b33d82058545b1ed14f4c8206e,num_static_constructors,compiler_metrics,True,compiler_metrics num_static_constructors opt valgrind,,77,,,,1725289627,2023-07-12 22:23:13,154.0,b16b51143c517a478601c19e91d39604f2c0fb16,1271769,,,,,,,,,,,,,,,,,,,,,,,,,,,,,,,,,,,,,,,,,,,,,,,,,,TN,,,,,,,,,,
autoland,3646670,2,6311658df04f8b9dab1d842cf1ddc69e83bd8127,linux64-qr,,False,,,102210fe594ee9b33d82058545b1ed14f4c8206e,num_static_constructors,compiler_metrics,True,compiler_metrics num_static_constructors opt valgrind,,77,,,,1725360379,2023-07-13 04:00:14,154.0,0724fde82b2fe250010f13a500b6c525eaf3abb5,1271916,,,,,,,,,,,,,,,,,,,,,,,,,,,,,,,,,,,,,,,,,,,,,,,,,,TN,,,,,,,,,,
autoland,3646670,2,6311658df04f8b9dab1d842cf1ddc69e83bd8127,linux64-qr,,False,,,102210fe594ee9b33d82058545b1ed14f4c8206e,num_static_constructors,compiler_metrics,True,compiler_metrics num_static_constructors opt valgrind,,77,,,,1725426200,2023-07-13 07:44:55,154.0,9b2477ef176814f8f2980b67b0692d7458299441,1271965,,,,,,,,,,,,,,,,,,,,,,,,,,,,,,,,,,,,,,,,,,,,,,,,,,TN,,,,,,,,,,
autoland,3646670,2,6311658df04f8b9dab1d842cf1ddc69e83bd8127,linux64-qr,,False,,,102210fe594ee9b33d82058545b1ed14f4c8206e,num_static_constructors,compiler_metrics,True,compiler_metrics num_static_constructors opt valgrind,,77,,,,1725440035,2023-07-13 08:20:37,154.0,3170f4f57d01091d2a74fe40ee6f4ab8efa7351a,1271978,,,,,,,,,,,,,,,,,,,,,,,,,,,,,,,,,,,,,,,,,,,,,,,,,,TN,,,,,,,,,,
autoland,3646670,2,6311658df04f8b9dab1d842cf1ddc69e83bd8127,linux64-qr,,False,,,102210fe594ee9b33d82058545b1ed14f4c8206e,num_static_constructors,compiler_metrics,True,compiler_metrics num_static_constructors opt valgrind,,77,,,,1725528164,2023-07-13 11:47:10,154.0,1bfb25414a090700f286cd06319e91cb9ac6e336,1272070,,,,,,,,,,,,,,,,,,,,,,,,,,,,,,,,,,,,,,,,,,,,,,,,,,TN,,,,,,,,,,
autoland,3646670,2,6311658df04f8b9dab1d842cf1ddc69e83bd8127,linux64-qr,,False,,,102210fe594ee9b33d82058545b1ed14f4c8206e,num_static_constructors,compiler_metrics,True,compiler_metrics num_static_constructors opt valgrind,,77,,,,1725565994,2023-07-13 13:16:22,154.0,b1d2fc1363420fa8da0efcfaa87cc63d88085004,1272123,,,,,,,,,,,,,,,,,,,,,,,,,,,,,,,,,,,,,,,,,,,,,,,,,,TN,,,,,,,,,,
autoland,3646670,2,6311658df04f8b9dab1d842cf1ddc69e83bd8127,linux64-qr,,False,,,102210fe594ee9b33d82058545b1ed14f4c8206e,num_static_constructors,compiler_metrics,True,compiler_metrics num_static_constructors opt valgrind,,77,,,,1725638779,2023-07-13 14:50:19,154.0,411654dc3bffdf2358079fc20c662dc3c58a2363,1272192,,,,,,,,,,,,,,,,,,,,,,,,,,,,,,,,,,,,,,,,,,,,,,,,,,TN,,,,,,,,,,
autoland,3646670,2,6311658df04f8b9dab1d842cf1ddc69e83bd8127,linux64-qr,,False,,,102210fe594ee9b33d82058545b1ed14f4c8206e,num_static_constructors,compiler_metrics,True,compiler_metrics num_static_constructors opt valgrind,,77,,,,1725702063,2023-07-13 16:30:03,154.0,a8fe09549077a4e5a1925c256e307622130d5fcd,1272267,,,,,,,,,,,,,,,,,,,,,,,,,,,,,,,,,,,,,,,,,,,,,,,,,,TN,,,,,,,,,,
autoland,3646670,2,6311658df04f8b9dab1d842cf1ddc69e83bd8127,linux64-qr,,False,,,102210fe594ee9b33d82058545b1ed14f4c8206e,num_static_constructors,compiler_metrics,True,compiler_metrics num_static_constructors opt valgrind,,77,,,,1725793927,2023-07-13 19:23:25,154.0,93efae7712c8170b189d6e2d626af9bc74ee9f33,1272383,,,,,,,,,,,,,,,,,,,,,,,,,,,,,,,,,,,,,,,,,,,,,,,,,,TN,,,,,,,,,,
autoland,3646670,2,6311658df04f8b9dab1d842cf1ddc69e83bd8127,linux64-qr,,False,,,102210fe594ee9b33d82058545b1ed14f4c8206e,num_static_constructors,compiler_metrics,True,compiler_metrics num_static_constructors opt valgrind,,77,,,,1725836523,2023-07-13 21:05:14,154.0,8b7ba97660932e493bfdb52a5630f5e22912f6d2,1272436,,,,,,,,,,,,,,,,,,,,,,,,,,,,,,,,,,,,,,,,,,,,,,,,,,TN,,,,,,,,,,
autoland,3646670,2,6311658df04f8b9dab1d842cf1ddc69e83bd8127,linux64-qr,,False,,,102210fe594ee9b33d82058545b1ed14f4c8206e,num_static_constructors,compiler_metrics,True,compiler_metrics num_static_constructors opt valgrind,,77,,,,1725889590,2023-07-13 23:46:26,154.0,d7363bddf2b82c4f02c60bf1f3236c1853a1d788,1272530,,,,,,,,,,,,,,,,,,,,,,,,,,,,,,,,,,,,,,,,,,,,,,,,,,TN,,,,,,,,,,
autoland,3646670,2,6311658df04f8b9dab1d842cf1ddc69e83bd8127,linux64-qr,,False,,,102210fe594ee9b33d82058545b1ed14f4c8206e,num_static_constructors,compiler_metrics,True,compiler_metrics num_static_constructors opt valgrind,,77,,,,1725910511,2023-07-14 00:33:08,154.0,ce811b4b8e62538cba1620fbe1f66b6963a00103,1272546,,,,,,,,,,,,,,,,,,,,,,,,,,,,,,,,,,,,,,,,,,,,,,,,,,TN,,,,,,,,,,
autoland,3646670,2,6311658df04f8b9dab1d842cf1ddc69e83bd8127,linux64-qr,,False,,,102210fe594ee9b33d82058545b1ed14f4c8206e,num_static_constructors,compiler_metrics,True,compiler_metrics num_static_constructors opt valgrind,,77,,,,1725922146,2023-07-14 00:33:08,154.0,ce811b4b8e62538cba1620fbe1f66b6963a00103,1272546,,,,,,,,,,,,,,,,,,,,,,,,,,,,,,,,,,,,,,,,,,,,,,,,,,TN,,,,,,,,,,
autoland,3646670,2,6311658df04f8b9dab1d842cf1ddc69e83bd8127,linux64-qr,,False,,,102210fe594ee9b33d82058545b1ed14f4c8206e,num_static_constructors,compiler_metrics,True,compiler_metrics num_static_constructors opt valgrind,,77,,,,1725970471,2023-07-14 05:34:55,154.0,196cda3a105202c8969a926a0637db0e0014c07d,1272621,,,,,,,,,,,,,,,,,,,,,,,,,,,,,,,,,,,,,,,,,,,,,,,,,,TN,,,,,,,,,,
autoland,3646670,2,6311658df04f8b9dab1d842cf1ddc69e83bd8127,linux64-qr,,False,,,102210fe594ee9b33d82058545b1ed14f4c8206e,num_static_constructors,compiler_metrics,True,compiler_metrics num_static_constructors opt valgrind,,77,,,,1725980509,2023-07-14 05:34:55,154.0,196cda3a105202c8969a926a0637db0e0014c07d,1272621,,,,,,,,,,,,,,,,,,,,,,,,,,,,,,,,,,,,,,,,,,,,,,,,,,TN,,,,,,,,,,
autoland,3646670,2,6311658df04f8b9dab1d842cf1ddc69e83bd8127,linux64-qr,,False,,,102210fe594ee9b33d82058545b1ed14f4c8206e,num_static_constructors,compiler_metrics,True,compiler_metrics num_static_constructors opt valgrind,,77,,,,1725980150,2023-07-14 05:34:55,154.0,196cda3a105202c8969a926a0637db0e0014c07d,1272621,,,,,,,,,,,,,,,,,,,,,,,,,,,,,,,,,,,,,,,,,,,,,,,,,,TN,,,,,,,,,,
autoland,3646670,2,6311658df04f8b9dab1d842cf1ddc69e83bd8127,linux64-qr,,False,,,102210fe594ee9b33d82058545b1ed14f4c8206e,num_static_constructors,compiler_metrics,True,compiler_metrics num_static_constructors opt valgrind,,77,,,,1725970562,2023-07-14 05:47:43,154.0,e9d62217845725c9f1ebde54a3a0376692f70632,1272622,,,,,,,,,,,,,,,,,,,,,,,,,,,,,,,,,,,,,,,,,,,,,,,,,,TN,,,,,,,,,,
autoland,3646670,2,6311658df04f8b9dab1d842cf1ddc69e83bd8127,linux64-qr,,False,,,102210fe594ee9b33d82058545b1ed14f4c8206e,num_static_constructors,compiler_metrics,True,compiler_metrics num_static_constructors opt valgrind,,77,,,,1726258992,2023-07-14 06:38:00,154.0,842622032a267a077068b2268337721c59b08925,1272635,,,,,,,,,,,,,,,,,,,,,,,,,,,,,,,,,,,,,,,,,,,,,,,,,,TN,,,,,,,,,,
autoland,3646670,2,6311658df04f8b9dab1d842cf1ddc69e83bd8127,linux64-qr,,False,,,102210fe594ee9b33d82058545b1ed14f4c8206e,num_static_constructors,compiler_metrics,True,compiler_metrics num_static_constructors opt valgrind,,77,,,,1726298352,2023-07-14 06:38:00,154.0,842622032a267a077068b2268337721c59b08925,1272635,,,,,,,,,,,,,,,,,,,,,,,,,,,,,,,,,,,,,,,,,,,,,,,,,,TN,,,,,,,,,,
autoland,3646670,2,6311658df04f8b9dab1d842cf1ddc69e83bd8127,linux64-qr,,False,,,102210fe594ee9b33d82058545b1ed14f4c8206e,num_static_constructors,compiler_metrics,True,compiler_metrics num_static_constructors opt valgrind,,77,,,,1726271135,2023-07-14 06:45:45,154.0,6c00250ffff46a34878604d3fa956f9e3379ba34,1272641,,,,,,,,,,,,,,,,,,,,,,,,,,,,,,,,,,,,,,,,,,,,,,,,,,TN,,,,,,,,,,
autoland,3646670,2,6311658df04f8b9dab1d842cf1ddc69e83bd8127,linux64-qr,,False,,,102210fe594ee9b33d82058545b1ed14f4c8206e,num_static_constructors,compiler_metrics,True,compiler_metrics num_static_constructors opt valgrind,,77,,,,1726272182,2023-07-14 06:54:20,154.0,68bc85e673030b498ffc2481d42f2643e86dbca4,1272643,,,,,,,,,,,,,,,,,,,,,,,,,,,,,,,,,,,,,,,,,,,,,,,,,,TN,,,,,,,,,,
autoland,3646670,2,6311658df04f8b9dab1d842cf1ddc69e83bd8127,linux64-qr,,False,,,102210fe594ee9b33d82058545b1ed14f4c8206e,num_static_constructors,compiler_metrics,True,compiler_metrics num_static_constructors opt valgrind,,77,,,,1726271430,2023-07-14 07:00:00,154.0,ddf0f10919759992543593aab79c2d809668b4c2,1272645,,,,,,,,,,,,,,,,,,,,,,,,,,,,,,,,,,,,,,,,,,,,,,,,,,TN,,,,,,,,,,
autoland,3646670,2,6311658df04f8b9dab1d842cf1ddc69e83bd8127,linux64-qr,,False,,,102210fe594ee9b33d82058545b1ed14f4c8206e,num_static_constructors,compiler_metrics,True,compiler_metrics num_static_constructors opt valgrind,,77,,,,1726277913,2023-07-14 07:11:29,154.0,22e827b2b2ce6545aa89a9f03b65edc605a2aca3,1272647,,,,,,,,,,,,,,,,,,,,,,,,,,,,,,,,,,,,,,,,,,,,,,,,,,TN,,,,,,,,,,
autoland,3646670,2,6311658df04f8b9dab1d842cf1ddc69e83bd8127,linux64-qr,,False,,,102210fe594ee9b33d82058545b1ed14f4c8206e,num_static_constructors,compiler_metrics,True,compiler_metrics num_static_constructors opt valgrind,,77,,,,1726275152,2023-07-14 07:39:04,154.0,62a52c4b011046affa456d5a2f9da76c72253692,1272653,,,,,,,,,,,,,,,,,,,,,,,,,,,,,,,,,,,,,,,,,,,,,,,,,,TN,,,,,,,,,,
autoland,3646670,2,6311658df04f8b9dab1d842cf1ddc69e83bd8127,linux64-qr,,False,,,102210fe594ee9b33d82058545b1ed14f4c8206e,num_static_constructors,compiler_metrics,True,compiler_metrics num_static_constructors opt valgrind,,77,,,,1726276292,2023-07-14 08:14:12,154.0,71c85aaa5ff76034827b4a582372aedce34f8f43,1272665,,,,,,,,,,,,,,,,,,,,,,,,,,,,,,,,,,,,,,,,,,,,,,,,,,TN,,,,,,,,,,
autoland,3646670,2,6311658df04f8b9dab1d842cf1ddc69e83bd8127,linux64-qr,,False,,,102210fe594ee9b33d82058545b1ed14f4c8206e,num_static_constructors,compiler_metrics,True,compiler_metrics num_static_constructors opt valgrind,,77,,,,1726277493,2023-07-14 08:30:59,154.0,65de67ceb4f8f8551175cf981eceeb13bdbcbb29,1272672,,,,,,,,,,,,,,,,,,,,,,,,,,,,,,,,,,,,,,,,,,,,,,,,,,TN,,,,,,,,,,
autoland,3646670,2,6311658df04f8b9dab1d842cf1ddc69e83bd8127,linux64-qr,,False,,,102210fe594ee9b33d82058545b1ed14f4c8206e,num_static_constructors,compiler_metrics,True,compiler_metrics num_static_constructors opt valgrind,,77,,,,1726273082,2023-07-14 08:37:32,154.0,e978ba270cf08576ca3f3155590465e102c31f2c,1272673,,,,,,,,,,,,,,,,,,,,,,,,,,,,,,,,,,,,,,,,,,,,,,,,,,TN,,,,,,,,,,
autoland,3646670,2,6311658df04f8b9dab1d842cf1ddc69e83bd8127,linux64-qr,,False,,,102210fe594ee9b33d82058545b1ed14f4c8206e,num_static_constructors,compiler_metrics,True,compiler_metrics num_static_constructors opt valgrind,,77,,,,1726274437,2023-07-14 08:37:32,154.0,e978ba270cf08576ca3f3155590465e102c31f2c,1272673,,,,,,,,,,,,,,,,,,,,,,,,,,,,,,,,,,,,,,,,,,,,,,,,,,TN,,,,,,,,,,
autoland,3646670,2,6311658df04f8b9dab1d842cf1ddc69e83bd8127,linux64-qr,,False,,,102210fe594ee9b33d82058545b1ed14f4c8206e,num_static_constructors,compiler_metrics,True,compiler_metrics num_static_constructors opt valgrind,,77,,,,1726274596,2023-07-14 08:37:32,154.0,e978ba270cf08576ca3f3155590465e102c31f2c,1272673,,,,,,,,,,,,,,,,,,,,,,,,,,,,,,,,,,,,,,,,,,,,,,,,,,TN,,,,,,,,,,
autoland,3646670,2,6311658df04f8b9dab1d842cf1ddc69e83bd8127,linux64-qr,,False,,,102210fe594ee9b33d82058545b1ed14f4c8206e,num_static_constructors,compiler_metrics,True,compiler_metrics num_static_constructors opt valgrind,,77,,,,1726275533,2023-07-14 08:37:32,154.0,e978ba270cf08576ca3f3155590465e102c31f2c,1272673,,,,,,,,,,,,,,,,,,,,,,,,,,,,,,,,,,,,,,,,,,,,,,,,,,TN,,,,,,,,,,
autoland,3646670,2,6311658df04f8b9dab1d842cf1ddc69e83bd8127,linux64-qr,,False,,,102210fe594ee9b33d82058545b1ed14f4c8206e,num_static_constructors,compiler_metrics,True,compiler_metrics num_static_constructors opt valgrind,,77,,,,1726276518,2023-07-14 08:37:32,154.0,e978ba270cf08576ca3f3155590465e102c31f2c,1272673,,,,,,,,,,,,,,,,,,,,,,,,,,,,,,,,,,,,,,,,,,,,,,,,,,TN,,,,,,,,,,
autoland,3646670,2,6311658df04f8b9dab1d842cf1ddc69e83bd8127,linux64-qr,,False,,,102210fe594ee9b33d82058545b1ed14f4c8206e,num_static_constructors,compiler_metrics,True,compiler_metrics num_static_constructors opt valgrind,,77,,,,1726023073,2023-07-14 08:41:57,154.0,2c2b2040f7a3a963eaf19ecd574a96682fb4e6c3,1272676,,,,,,,,,,,,,,,,,,,,,,,,,,,,,,,,,,,,,,,,,,,,,,,,,,TN,,,,,,,,,,
autoland,3646670,2,6311658df04f8b9dab1d842cf1ddc69e83bd8127,linux64-qr,,False,,,102210fe594ee9b33d82058545b1ed14f4c8206e,num_static_constructors,compiler_metrics,True,compiler_metrics num_static_constructors opt valgrind,,77,,,,1726150901,2023-07-14 12:49:37,154.0,f04d14e8c457c340e7bb0c8955b7a42e3ed32c84,1272721,,,,,,,,,,,,,,,,,,,,,,,,,,,,,,,,,,,,,,,,,,,,,,,,,,TN,,,,,,,,,,
autoland,3646670,2,6311658df04f8b9dab1d842cf1ddc69e83bd8127,linux64-qr,,False,,,102210fe594ee9b33d82058545b1ed14f4c8206e,num_static_constructors,compiler_metrics,True,compiler_metrics num_static_constructors opt valgrind,,77,,,,1726176719,2023-07-14 12:49:37,154.0,f04d14e8c457c340e7bb0c8955b7a42e3ed32c84,1272721,,,,,,,,,,,,,,,,,,,,,,,,,,,,,,,,,,,,,,,,,,,,,,,,,,TN,,,,,,,,,,
autoland,3646670,2,6311658df04f8b9dab1d842cf1ddc69e83bd8127,linux64-qr,,False,,,102210fe594ee9b33d82058545b1ed14f4c8206e,num_static_constructors,compiler_metrics,True,compiler_metrics num_static_constructors opt valgrind,,77,,,,1726176823,2023-07-14 12:49:37,154.0,f04d14e8c457c340e7bb0c8955b7a42e3ed32c84,1272721,,,,,,,,,,,,,,,,,,,,,,,,,,,,,,,,,,,,,,,,,,,,,,,,,,TN,,,,,,,,,,
autoland,3646670,2,6311658df04f8b9dab1d842cf1ddc69e83bd8127,linux64-qr,,False,,,102210fe594ee9b33d82058545b1ed14f4c8206e,num_static_constructors,compiler_metrics,True,compiler_metrics num_static_constructors opt valgrind,,77,,,,1726177570,2023-07-14 12:49:37,154.0,f04d14e8c457c340e7bb0c8955b7a42e3ed32c84,1272721,,,,,,,,,,,,,,,,,,,,,,,,,,,,,,,,,,,,,,,,,,,,,,,,,,TN,,,,,,,,,,
autoland,3646670,2,6311658df04f8b9dab1d842cf1ddc69e83bd8127,linux64-qr,,False,,,102210fe594ee9b33d82058545b1ed14f4c8206e,num_static_constructors,compiler_metrics,True,compiler_metrics num_static_constructors opt valgrind,,77,,,,1726209995,2023-07-14 12:49:37,154.0,f04d14e8c457c340e7bb0c8955b7a42e3ed32c84,1272721,,,,,,,,,,,,,,,,,,,,,,,,,,,,,,,,,,,,,,,,,,,,,,,,,,TN,,,,,,,,,,
autoland,3646670,2,6311658df04f8b9dab1d842cf1ddc69e83bd8127,linux64-qr,,False,,,102210fe594ee9b33d82058545b1ed14f4c8206e,num_static_constructors,compiler_metrics,True,compiler_metrics num_static_constructors opt valgrind,,77,,,,1726256172,2023-07-14 12:49:37,154.0,f04d14e8c457c340e7bb0c8955b7a42e3ed32c84,1272721,,,,,,,,,,,,,,,,,,,,,,,,,,,,,,,,,,,,,,,,,,,,,,,,,,TN,,,,,,,,,,
autoland,3646670,2,6311658df04f8b9dab1d842cf1ddc69e83bd8127,linux64-qr,,False,,,102210fe594ee9b33d82058545b1ed14f4c8206e,num_static_constructors,compiler_metrics,True,compiler_metrics num_static_constructors opt valgrind,,77,,,,1726256263,2023-07-14 12:49:37,154.0,f04d14e8c457c340e7bb0c8955b7a42e3ed32c84,1272721,,,,,,,,,,,,,,,,,,,,,,,,,,,,,,,,,,,,,,,,,,,,,,,,,,TN,,,,,,,,,,
autoland,3646670,2,6311658df04f8b9dab1d842cf1ddc69e83bd8127,linux64-qr,,False,,,102210fe594ee9b33d82058545b1ed14f4c8206e,num_static_constructors,compiler_metrics,True,compiler_metrics num_static_constructors opt valgrind,,77,,,,1726262701,2023-07-14 12:49:37,154.0,f04d14e8c457c340e7bb0c8955b7a42e3ed32c84,1272721,,,,,,,,,,,,,,,,,,,,,,,,,,,,,,,,,,,,,,,,,,,,,,,,,,TN,,,,,,,,,,
autoland,3646670,2,6311658df04f8b9dab1d842cf1ddc69e83bd8127,linux64-qr,,False,,,102210fe594ee9b33d82058545b1ed14f4c8206e,num_static_constructors,compiler_metrics,True,compiler_metrics num_static_constructors opt valgrind,,77,,,,1726263358,2023-07-14 12:49:37,154.0,f04d14e8c457c340e7bb0c8955b7a42e3ed32c84,1272721,,,,,,,,,,,,,,,,,,,,,,,,,,,,,,,,,,,,,,,,,,,,,,,,,,TN,,,,,,,,,,
autoland,3646670,2,6311658df04f8b9dab1d842cf1ddc69e83bd8127,linux64-qr,,False,,,102210fe594ee9b33d82058545b1ed14f4c8206e,num_static_constructors,compiler_metrics,True,compiler_metrics num_static_constructors opt valgrind,,77,,,,1726156133,2023-07-14 13:09:26,154.0,044dfc94e976d9a5c57ddfc5e7f51c28d583c79d,1272730,,,,,,,,,,,,,,,,,,,,,,,,,,,,,,,,,,,,,,,,,,,,,,,,,,TN,,,,,,,,,,
autoland,3646670,2,6311658df04f8b9dab1d842cf1ddc69e83bd8127,linux64-qr,,False,,,102210fe594ee9b33d82058545b1ed14f4c8206e,num_static_constructors,compiler_metrics,True,compiler_metrics num_static_constructors opt valgrind,,77,,,,1726180636,2023-07-14 13:09:26,154.0,044dfc94e976d9a5c57ddfc5e7f51c28d583c79d,1272730,,,,,,,,,,,,,,,,,,,,,,,,,,,,,,,,,,,,,,,,,,,,,,,,,,TN,,,,,,,,,,
autoland,3646670,2,6311658df04f8b9dab1d842cf1ddc69e83bd8127,linux64-qr,,False,,,102210fe594ee9b33d82058545b1ed14f4c8206e,num_static_constructors,compiler_metrics,True,compiler_metrics num_static_constructors opt valgrind,,77,,,,1726182374,2023-07-14 13:09:26,154.0,044dfc94e976d9a5c57ddfc5e7f51c28d583c79d,1272730,,,,,,,,,,,,,,,,,,,,,,,,,,,,,,,,,,,,,,,,,,,,,,,,,,TN,,,,,,,,,,
autoland,3646670,2,6311658df04f8b9dab1d842cf1ddc69e83bd8127,linux64-qr,,False,,,102210fe594ee9b33d82058545b1ed14f4c8206e,num_static_constructors,compiler_metrics,True,compiler_metrics num_static_constructors opt valgrind,,77,,,,1726186068,2023-07-14 13:09:26,154.0,044dfc94e976d9a5c57ddfc5e7f51c28d583c79d,1272730,,,,,,,,,,,,,,,,,,,,,,,,,,,,,,,,,,,,,,,,,,,,,,,,,,TN,,,,,,,,,,
autoland,3646670,2,6311658df04f8b9dab1d842cf1ddc69e83bd8127,linux64-qr,,False,,,102210fe594ee9b33d82058545b1ed14f4c8206e,num_static_constructors,compiler_metrics,True,compiler_metrics num_static_constructors opt valgrind,,77,,,,1726238303,2023-07-14 13:09:26,154.0,044dfc94e976d9a5c57ddfc5e7f51c28d583c79d,1272730,,,,,,,,,,,,,,,,,,,,,,,,,,,,,,,,,,,,,,,,,,,,,,,,,,TN,,,,,,,,,,
autoland,3646670,2,6311658df04f8b9dab1d842cf1ddc69e83bd8127,linux64-qr,,False,,,102210fe594ee9b33d82058545b1ed14f4c8206e,num_static_constructors,compiler_metrics,True,compiler_metrics num_static_constructors opt valgrind,,77,,,,1726238814,2023-07-14 13:09:26,154.0,044dfc94e976d9a5c57ddfc5e7f51c28d583c79d,1272730,,,,,,,,,,,,,,,,,,,,,,,,,,,,,,,,,,,,,,,,,,,,,,,,,,TN,,,,,,,,,,
autoland,3646670,2,6311658df04f8b9dab1d842cf1ddc69e83bd8127,linux64-qr,,False,,,102210fe594ee9b33d82058545b1ed14f4c8206e,num_static_constructors,compiler_metrics,True,compiler_metrics num_static_constructors opt valgrind,,77,,,,1726240519,2023-07-14 13:09:26,154.0,044dfc94e976d9a5c57ddfc5e7f51c28d583c79d,1272730,,,,,,,,,,,,,,,,,,,,,,,,,,,,,,,,,,,,,,,,,,,,,,,,,,TN,,,,,,,,,,
autoland,3646670,2,6311658df04f8b9dab1d842cf1ddc69e83bd8127,linux64-qr,,False,,,102210fe594ee9b33d82058545b1ed14f4c8206e,num_static_constructors,compiler_metrics,True,compiler_metrics num_static_constructors opt valgrind,,77,,,,1726239311,2023-07-14 13:09:26,154.0,044dfc94e976d9a5c57ddfc5e7f51c28d583c79d,1272730,,,,,,,,,,,,,,,,,,,,,,,,,,,,,,,,,,,,,,,,,,,,,,,,,,TN,,,,,,,,,,
autoland,3646670,2,6311658df04f8b9dab1d842cf1ddc69e83bd8127,linux64-qr,,False,,,102210fe594ee9b33d82058545b1ed14f4c8206e,num_static_constructors,compiler_metrics,True,compiler_metrics num_static_constructors opt valgrind,,77,,,,1726240014,2023-07-14 13:09:26,154.0,044dfc94e976d9a5c57ddfc5e7f51c28d583c79d,1272730,,,,,,,,,,,,,,,,,,,,,,,,,,,,,,,,,,,,,,,,,,,,,,,,,,TN,,,,,,,,,,
autoland,3646670,2,6311658df04f8b9dab1d842cf1ddc69e83bd8127,linux64-qr,,False,,,102210fe594ee9b33d82058545b1ed14f4c8206e,num_static_constructors,compiler_metrics,True,compiler_metrics num_static_constructors opt valgrind,,77,,,,1726287809,2023-07-14 16:10:08,154.0,379fa15b7cfddd1f92027d8c39b32706dc0f59a8,1272833,,,,,,,,,,,,,,,,,,,,,,,,,,,,,,,,,,,,,,,,,,,,,,,,,,TN,,,,,,,,,,
autoland,3646670,2,6311658df04f8b9dab1d842cf1ddc69e83bd8127,linux64-qr,,False,,,102210fe594ee9b33d82058545b1ed14f4c8206e,num_static_constructors,compiler_metrics,True,compiler_metrics num_static_constructors opt valgrind,,77,,,,1726352339,2023-07-14 18:13:13,154.0,c7a65caa82deca3c2b78c8a92692d6e0bef32d73,1272905,,,,,,,,,,,,,,,,,,,,,,,,,,,,,,,,,,,,,,,,,,,,,,,,,,TN,,,,,,,,,,
autoland,3646670,2,6311658df04f8b9dab1d842cf1ddc69e83bd8127,linux64-qr,,False,,,102210fe594ee9b33d82058545b1ed14f4c8206e,num_static_constructors,compiler_metrics,True,compiler_metrics num_static_constructors opt valgrind,,77,,,,1726416397,2023-07-14 19:40:50,154.0,62c2c524d4420cd78abf41eb26c30ccfc4b8964a,1272944,,,,,,,,,,,,,,,,,,,,,,,,,,,,,,,,,,,,,,,,,,,,,,,,,,TN,,,,,,,,,,
autoland,3646670,2,6311658df04f8b9dab1d842cf1ddc69e83bd8127,linux64-qr,,False,,,102210fe594ee9b33d82058545b1ed14f4c8206e,num_static_constructors,compiler_metrics,True,compiler_metrics num_static_constructors opt valgrind,,77,,,,1726437137,2023-07-14 19:40:50,154.0,62c2c524d4420cd78abf41eb26c30ccfc4b8964a,1272944,,,,,,,,,,,,,,,,,,,,,,,,,,,,,,,,,,,,,,,,,,,,,,,,,,TN,,,,,,,,,,
autoland,3646670,2,6311658df04f8b9dab1d842cf1ddc69e83bd8127,linux64-qr,,False,,,102210fe594ee9b33d82058545b1ed14f4c8206e,num_static_constructors,compiler_metrics,True,compiler_metrics num_static_constructors opt valgrind,,77,,,,1726437198,2023-07-14 19:40:50,154.0,62c2c524d4420cd78abf41eb26c30ccfc4b8964a,1272944,,,,,,,,,,,,,,,,,,,,,,,,,,,,,,,,,,,,,,,,,,,,,,,,,,TN,,,,,,,,,,
autoland,3646670,2,6311658df04f8b9dab1d842cf1ddc69e83bd8127,linux64-qr,,False,,,102210fe594ee9b33d82058545b1ed14f4c8206e,num_static_constructors,compiler_metrics,True,compiler_metrics num_static_constructors opt valgrind,,77,,,,1726438107,2023-07-14 19:40:50,154.0,62c2c524d4420cd78abf41eb26c30ccfc4b8964a,1272944,,,,,,,,,,,,,,,,,,,,,,,,,,,,,,,,,,,,,,,,,,,,,,,,,,TN,,,,,,,,,,
autoland,3646670,2,6311658df04f8b9dab1d842cf1ddc69e83bd8127,linux64-qr,,False,,,102210fe594ee9b33d82058545b1ed14f4c8206e,num_static_constructors,compiler_metrics,True,compiler_metrics num_static_constructors opt valgrind,,77,,,,1726438144,2023-07-14 19:40:50,154.0,62c2c524d4420cd78abf41eb26c30ccfc4b8964a,1272944,,,,,,,,,,,,,,,,,,,,,,,,,,,,,,,,,,,,,,,,,,,,,,,,,,TN,,,,,,,,,,
autoland,3646670,2,6311658df04f8b9dab1d842cf1ddc69e83bd8127,linux64-qr,,False,,,102210fe594ee9b33d82058545b1ed14f4c8206e,num_static_constructors,compiler_metrics,True,compiler_metrics num_static_constructors opt valgrind,,77,,,,1726437485,2023-07-14 19:40:50,154.0,62c2c524d4420cd78abf41eb26c30ccfc4b8964a,1272944,,,,,,,,,,,,,,,,,,,,,,,,,,,,,,,,,,,,,,,,,,,,,,,,,,TN,,,,,,,,,,
autoland,3646670,2,6311658df04f8b9dab1d842cf1ddc69e83bd8127,linux64-qr,,False,,,102210fe594ee9b33d82058545b1ed14f4c8206e,num_static_constructors,compiler_metrics,True,compiler_metrics num_static_constructors opt valgrind,,77,,,,1726438185,2023-07-14 19:40:50,154.0,62c2c524d4420cd78abf41eb26c30ccfc4b8964a,1272944,,,,,,,,,,,,,,,,,,,,,,,,,,,,,,,,,,,,,,,,,,,,,,,,,,TN,,,,,,,,,,
autoland,3646670,2,6311658df04f8b9dab1d842cf1ddc69e83bd8127,linux64-qr,,False,,,102210fe594ee9b33d82058545b1ed14f4c8206e,num_static_constructors,compiler_metrics,True,compiler_metrics num_static_constructors opt valgrind,,77,,,,1726439032,2023-07-14 19:40:50,154.0,62c2c524d4420cd78abf41eb26c30ccfc4b8964a,1272944,,,,,,,,,,,,,,,,,,,,,,,,,,,,,,,,,,,,,,,,,,,,,,,,,,TN,,,,,,,,,,
autoland,3646670,2,6311658df04f8b9dab1d842cf1ddc69e83bd8127,linux64-qr,,False,,,102210fe594ee9b33d82058545b1ed14f4c8206e,num_static_constructors,compiler_metrics,True,compiler_metrics num_static_constructors opt valgrind,,77,,,,1726448268,2023-07-14 21:22:48,154.0,f65db437bbbe4d54d073843c79519c0a373ada5c,1272987,,,,,,,,,,,,,,,,,,,,,,,,,,,,,,,,,,,,,,,,,,,,,,,,,,TN,,,,,,,,,,
autoland,3646670,2,6311658df04f8b9dab1d842cf1ddc69e83bd8127,linux64-qr,,False,,,102210fe594ee9b33d82058545b1ed14f4c8206e,num_static_constructors,compiler_metrics,True,compiler_metrics num_static_constructors opt valgrind,,77,,,,1726463873,2023-07-14 22:30:09,154.0,2fa0f2941257f51a55bcabee0f1913fe395266b0,1273018,,,,,,,,,,,,,,,,,,,,,,,,,,,,,,,,,,,,,,,,,,,,,,,,,,TN,,,,,,,,,,
autoland,3646670,2,6311658df04f8b9dab1d842cf1ddc69e83bd8127,linux64-qr,,False,,,102210fe594ee9b33d82058545b1ed14f4c8206e,num_static_constructors,compiler_metrics,True,compiler_metrics num_static_constructors opt valgrind,,77,,,,1726513654,2023-07-15 02:41:28,154.0,1e09c6aabfcd1088a923373e95d74f457e863755,1273070,,,,,,,,,,,,,,,,,,,,,,,,,,,,,,,,,,,,,,,,,,,,,,,,,,TN,,,,,,,,,,
autoland,3646670,2,6311658df04f8b9dab1d842cf1ddc69e83bd8127,linux64-qr,,False,,,102210fe594ee9b33d82058545b1ed14f4c8206e,num_static_constructors,compiler_metrics,True,compiler_metrics num_static_constructors opt valgrind,,77,,,,1726575451,2023-07-15 12:36:57,154.0,3a71e5ba50017ceb558d246e6ea58f8d5a57a3af,1273110,,,,,,,,,,,,,,,,,,,,,,,,,,,,,,,,,,,,,,,,,,,,,,,,,,TN,,,,,,,,,,
autoland,3646670,2,6311658df04f8b9dab1d842cf1ddc69e83bd8127,linux64-qr,,False,,,102210fe594ee9b33d82058545b1ed14f4c8206e,num_static_constructors,compiler_metrics,True,compiler_metrics num_static_constructors opt valgrind,,77,,,,1726609323,2023-07-15 18:59:02,154.0,23e9067195200f00248b6c027bfae113965bf3ea,1273125,,,,,,,,,,,,,,,,,,,,,,,,,,,,,,,,,,,,,,,,,,,,,,,,,,TN,,,,,,,,,,
autoland,3646670,2,6311658df04f8b9dab1d842cf1ddc69e83bd8127,linux64-qr,,False,,,102210fe594ee9b33d82058545b1ed14f4c8206e,num_static_constructors,compiler_metrics,True,compiler_metrics num_static_constructors opt valgrind,,77,,,,1726664764,2023-07-16 02:22:04,154.0,29be5ceedcdd2e835a383389153d9264d9b81217,1273151,,,,,,,,,,,,,,,,,,,,,,,,,,,,,,,,,,,,,,,,,,,,,,,,,,TN,,,,,,,,,,
autoland,3646670,2,6311658df04f8b9dab1d842cf1ddc69e83bd8127,linux64-qr,,False,,,102210fe594ee9b33d82058545b1ed14f4c8206e,num_static_constructors,compiler_metrics,True,compiler_metrics num_static_constructors opt valgrind,,77,,,,1726751607,2023-07-16 17:40:24,154.0,2d64faa1590722f6ec14781ee5e175a2c875171c,1273186,,,,,,,,,,,,,,,,,,,,,,,,,,,,,,,,,,,,,,,,,,,,,,,,,,TN,,,,,,,,,,
autoland,3646670,2,6311658df04f8b9dab1d842cf1ddc69e83bd8127,linux64-qr,,False,,,102210fe594ee9b33d82058545b1ed14f4c8206e,num_static_constructors,compiler_metrics,True,compiler_metrics num_static_constructors opt valgrind,,77,,,,1726798594,2023-07-16 21:37:44,154.0,10016ed0b26b1daa32867e51f366065615e66f85,1273245,,,,,,,,,,,,,,,,,,,,,,,,,,,,,,,,,,,,,,,,,,,,,,,,,,TN,,,,,,,,,,
autoland,3646670,2,6311658df04f8b9dab1d842cf1ddc69e83bd8127,linux64-qr,,False,,,102210fe594ee9b33d82058545b1ed14f4c8206e,num_static_constructors,compiler_metrics,True,compiler_metrics num_static_constructors opt valgrind,,77,,,,1726875794,2023-07-17 10:08:58,154.0,ef60c7cdcb76172f1caf579529cf9fb756de4dbd,1273362,,,,,,,,,,,,,,,,,,,,,,,,,,,,,,,,,,,,,,,,,,,,,,,,,,TN,,,,,,,,,,
autoland,3646670,2,6311658df04f8b9dab1d842cf1ddc69e83bd8127,linux64-qr,,False,,,102210fe594ee9b33d82058545b1ed14f4c8206e,num_static_constructors,compiler_metrics,True,compiler_metrics num_static_constructors opt valgrind,,77,,,,1726931268,2023-07-17 13:42:26,154.0,b80c658a6c19f373d458a6ca866c32d87a5f579b,1273443,,,,,,,,,,,,,,,,,,,,,,,,,,,,,,,,,,,,,,,,,,,,,,,,,,TN,,,,,,,,,,
autoland,3646670,2,6311658df04f8b9dab1d842cf1ddc69e83bd8127,linux64-qr,,False,,,102210fe594ee9b33d82058545b1ed14f4c8206e,num_static_constructors,compiler_metrics,True,compiler_metrics num_static_constructors opt valgrind,,77,,,,1726940347,2023-07-17 14:30:30,154.0,e90e64d1c5a944feafdb48fe3527c9aeeac00ec9,1273474,,,,,,,,,,,,,,,,,,,,,,,,,,,,,,,,,,,,,,,,,,,,,,,,,,TN,,,,,,,,,,
autoland,3646670,2,6311658df04f8b9dab1d842cf1ddc69e83bd8127,linux64-qr,,False,,,102210fe594ee9b33d82058545b1ed14f4c8206e,num_static_constructors,compiler_metrics,True,compiler_metrics num_static_constructors opt valgrind,,77,,,,1726982348,2023-07-17 16:07:24,154.0,01dc0385e5b93df37aef43d60cd1105523eae328,1273529,,,,,,,,,,,,,,,,,,,,,,,,,,,,,,,,,,,,,,,,,,,,,,,,,,TN,,,,,,,,,,
autoland,3646670,2,6311658df04f8b9dab1d842cf1ddc69e83bd8127,linux64-qr,,False,,,102210fe594ee9b33d82058545b1ed14f4c8206e,num_static_constructors,compiler_metrics,True,compiler_metrics num_static_constructors opt valgrind,,77,,,,1727059356,2023-07-17 18:32:57,154.0,39e6f7a75cd44084e7e049497a423945004d7c70,1273636,,,,,,,,,,,,,,,,,,,,,,,,,,,,,,,,,,,,,,,,,,,,,,,,,,TN,,,,,,,,,,
autoland,3646670,2,6311658df04f8b9dab1d842cf1ddc69e83bd8127,linux64-qr,,False,,,102210fe594ee9b33d82058545b1ed14f4c8206e,num_static_constructors,compiler_metrics,True,compiler_metrics num_static_constructors opt valgrind,,77,,,,1727101902,2023-07-17 20:04:09,154.0,f2c1249026167b30c81eff3368093a442a915826,1273673,,,,,,,,,,,,,,,,,,,,,,,,,,,,,,,,,,,,,,,,,,,,,,,,,,TN,,,,,,,,,,
autoland,3646670,2,6311658df04f8b9dab1d842cf1ddc69e83bd8127,linux64-qr,,False,,,102210fe594ee9b33d82058545b1ed14f4c8206e,num_static_constructors,compiler_metrics,True,compiler_metrics num_static_constructors opt valgrind,,77,,,,1727146473,2023-07-17 21:35:56,154.0,01e6140780d64b8fa96afd2ca183c5787751fb83,1273735,,,,,,,,,,,,,,,,,,,,,,,,,,,,,,,,,,,,,,,,,,,,,,,,,,TN,,,,,,,,,,
autoland,3646670,2,6311658df04f8b9dab1d842cf1ddc69e83bd8127,linux64-qr,,False,,,102210fe594ee9b33d82058545b1ed14f4c8206e,num_static_constructors,compiler_metrics,True,compiler_metrics num_static_constructors opt valgrind,,77,,,,1727197849,2023-07-17 23:40:15,154.0,bbea40f618ed9435d7c989dcb18dc1ba34d55d4c,1273797,,,,,,,,,,,,,,,,,,,,,,,,,,,,,,,,,,,,,,,,,,,,,,,,,,TN,,,,,,,,,,
autoland,3646670,2,6311658df04f8b9dab1d842cf1ddc69e83bd8127,linux64-qr,,False,,,102210fe594ee9b33d82058545b1ed14f4c8206e,num_static_constructors,compiler_metrics,True,compiler_metrics num_static_constructors opt valgrind,,77,,,,1727197338,2023-07-17 23:40:15,154.0,bbea40f618ed9435d7c989dcb18dc1ba34d55d4c,1273797,,,,,,,,,,,,,,,,,,,,,,,,,,,,,,,,,,,,,,,,,,,,,,,,,,TN,,,,,,,,,,
autoland,3646670,2,6311658df04f8b9dab1d842cf1ddc69e83bd8127,linux64-qr,,False,,,102210fe594ee9b33d82058545b1ed14f4c8206e,num_static_constructors,compiler_metrics,True,compiler_metrics num_static_constructors opt valgrind,,77,,,,1727197407,2023-07-17 23:40:15,154.0,bbea40f618ed9435d7c989dcb18dc1ba34d55d4c,1273797,,,,,,,,,,,,,,,,,,,,,,,,,,,,,,,,,,,,,,,,,,,,,,,,,,TN,,,,,,,,,,
autoland,3646670,2,6311658df04f8b9dab1d842cf1ddc69e83bd8127,linux64-qr,,False,,,102210fe594ee9b33d82058545b1ed14f4c8206e,num_static_constructors,compiler_metrics,True,compiler_metrics num_static_constructors opt valgrind,,77,,,,1727739618,2023-07-17 23:47:21,154.0,e16e553c6878dd267236919ad98c600e42b6b2ab,1273798,,,,,,,,,,,,,,,,,,,,,,,,,,,,,,,,,,,,,,,,,,,,,,,,,,TN,,,,,,,,,,
autoland,3646670,2,6311658df04f8b9dab1d842cf1ddc69e83bd8127,linux64-qr,,False,,,102210fe594ee9b33d82058545b1ed14f4c8206e,num_static_constructors,compiler_metrics,True,compiler_metrics num_static_constructors opt valgrind,,77,,,,1727737291,2023-07-17 23:54:50,154.0,1513e7f47215adb5aeb1182e0856355b991280a5,1273801,,,,,,,,,,,,,,,,,,,,,,,,,,,,,,,,,,,,,,,,,,,,,,,,,,TN,,,,,,,,,,
autoland,3646670,2,6311658df04f8b9dab1d842cf1ddc69e83bd8127,linux64-qr,,False,,,102210fe594ee9b33d82058545b1ed14f4c8206e,num_static_constructors,compiler_metrics,True,compiler_metrics num_static_constructors opt valgrind,,77,,,,1727739070,2023-07-18 00:31:37,154.0,47ed1674e7f50581de5c8a2f83fc5ff1a823d545,1273812,,,,,,,,,,,,,,,,,,,,,,,,,,,,,,,,,,,,,,,,,,,,,,,,,,TN,,,,,,,,,,
autoland,3646670,2,6311658df04f8b9dab1d842cf1ddc69e83bd8127,linux64-qr,,False,,,102210fe594ee9b33d82058545b1ed14f4c8206e,num_static_constructors,compiler_metrics,True,compiler_metrics num_static_constructors opt valgrind,,77,,,,1727765857,2023-07-18 00:31:37,154.0,47ed1674e7f50581de5c8a2f83fc5ff1a823d545,1273812,,,,,,,,,,,,,,,,,,,,,,,,,,,,,,,,,,,,,,,,,,,,,,,,,,TN,,,,,,,,,,
autoland,3646670,2,6311658df04f8b9dab1d842cf1ddc69e83bd8127,linux64-qr,,False,,,102210fe594ee9b33d82058545b1ed14f4c8206e,num_static_constructors,compiler_metrics,True,compiler_metrics num_static_constructors opt valgrind,,77,,,,1727738629,2023-07-18 00:39:33,154.0,fe1d24f3b9dd125c346c6e9e0e9cf5cbe6a5721e,1273815,,,,,,,,,,,,,,,,,,,,,,,,,,,,,,,,,,,,,,,,,,,,,,,,,,TN,,,,,,,,,,
autoland,3646670,2,6311658df04f8b9dab1d842cf1ddc69e83bd8127,linux64-qr,,False,,,102210fe594ee9b33d82058545b1ed14f4c8206e,num_static_constructors,compiler_metrics,True,compiler_metrics num_static_constructors opt valgrind,,77,,,,1727739417,2023-07-18 00:59:36,154.0,336474fcd87b5b6521a4ecf91114203c2f9dcc4a,1273821,,,,,,,,,,,,,,,,,,,,,,,,,,,,,,,,,,,,,,,,,,,,,,,,,,TN,,,,,,,,,,
autoland,3646670,2,6311658df04f8b9dab1d842cf1ddc69e83bd8127,linux64-qr,,False,,,102210fe594ee9b33d82058545b1ed14f4c8206e,num_static_constructors,compiler_metrics,True,compiler_metrics num_static_constructors opt valgrind,,77,,,,1727738790,2023-07-18 02:17:18,154.0,aea9ae00d8c70e67580b674a3914949f729ab3c7,1273838,,,,,,,,,,,,,,,,,,,,,,,,,,,,,,,,,,,,,,,,,,,,,,,,,,TN,,,,,,,,,,
autoland,3646670,2,6311658df04f8b9dab1d842cf1ddc69e83bd8127,linux64-qr,,False,,,102210fe594ee9b33d82058545b1ed14f4c8206e,num_static_constructors,compiler_metrics,True,compiler_metrics num_static_constructors opt valgrind,,77,,,,1727742032,2023-07-18 03:03:29,154.0,0fee5c0cff815bf87611613b1db563ce153c7247,1273853,,,,,,,,,,,,,,,,,,,,,,,,,,,,,,,,,,,,,,,,,,,,,,,,,,TN,,,,,,,,,,
autoland,3646670,2,6311658df04f8b9dab1d842cf1ddc69e83bd8127,linux64-qr,,False,,,102210fe594ee9b33d82058545b1ed14f4c8206e,num_static_constructors,compiler_metrics,True,compiler_metrics num_static_constructors opt valgrind,,77,,,,1727243859,2023-07-18 04:33:35,154.0,35e42e5979dac0b99828194869d5dc00365b37fb,1273869,,,,,,,,,,,,,,,,,,,,,,,,,,,,,,,,,,,,,,,,,,,,,,,,,,TN,,,,,,,,,,
autoland,3646670,2,6311658df04f8b9dab1d842cf1ddc69e83bd8127,linux64-qr,,False,,,102210fe594ee9b33d82058545b1ed14f4c8206e,num_static_constructors,compiler_metrics,True,compiler_metrics num_static_constructors opt valgrind,,77,,,,1727733366,2023-07-18 04:33:35,154.0,35e42e5979dac0b99828194869d5dc00365b37fb,1273869,,,,,,,,,,,,,,,,,,,,,,,,,,,,,,,,,,,,,,,,,,,,,,,,,,TN,,,,,,,,,,
autoland,3646670,2,6311658df04f8b9dab1d842cf1ddc69e83bd8127,linux64-qr,,False,,,102210fe594ee9b33d82058545b1ed14f4c8206e,num_static_constructors,compiler_metrics,True,compiler_metrics num_static_constructors opt valgrind,,77,,,,1727350663,2023-07-18 08:33:44,154.0,ff623ceacdca87e37ceaa8e2d7f2072d5a7ae7fb,1273935,,,,,,,,,,,,,,,,,,,,,,,,,,,,,,,,,,,,,,,,,,,,,,,,,,TN,,,,,,,,,,
autoland,3646670,2,6311658df04f8b9dab1d842cf1ddc69e83bd8127,linux64-qr,,False,,,102210fe594ee9b33d82058545b1ed14f4c8206e,num_static_constructors,compiler_metrics,True,compiler_metrics num_static_constructors opt valgrind,,77,,,,1727350878,2023-07-18 08:34:31,154.0,ed8bcaa0195e582a53b92eeac99b65a9c1f06da2,1273936,,,,,,,,,,,,,,,,,,,,,,,,,,,,,,,,,,,,,,,,,,,,,,,,,,TN,,,,,,,,,,
autoland,3646670,2,6311658df04f8b9dab1d842cf1ddc69e83bd8127,linux64-qr,,False,,,102210fe594ee9b33d82058545b1ed14f4c8206e,num_static_constructors,compiler_metrics,True,compiler_metrics num_static_constructors opt valgrind,,77,,,,1727419621,2023-07-18 10:42:52,154.0,8737a1c1bc55e77b43e7c6daab1f7882a0b38ce7,1274009,,,,,,,,,,,,,,,,,,,,,,,,,,,,,,,,,,,,,,,,,,,,,,,,,,TN,,,,,,,,,,
autoland,3646670,2,6311658df04f8b9dab1d842cf1ddc69e83bd8127,linux64-qr,,False,,,102210fe594ee9b33d82058545b1ed14f4c8206e,num_static_constructors,compiler_metrics,True,compiler_metrics num_static_constructors opt valgrind,,77,,,,1727496021,2023-07-18 13:03:29,154.0,bcffaa369c722f4ebfa7cb8af6a3fc605e2efa10,1274068,,,,,,,,,,,,,,,,,,,,,,,,,,,,,,,,,,,,,,,,,,,,,,,,,,TN,,,,,,,,,,
autoland,3646670,2,6311658df04f8b9dab1d842cf1ddc69e83bd8127,linux64-qr,,False,,,102210fe594ee9b33d82058545b1ed14f4c8206e,num_static_constructors,compiler_metrics,True,compiler_metrics num_static_constructors opt valgrind,,77,,,,1727514695,2023-07-18 13:45:23,154.0,0de8fdd9abfcc9f9019857d255157b5eb799f98b,1274096,,,,,,,,,,,,,,,,,,,,,,,,,,,,,,,,,,,,,,,,,,,,,,,,,,TN,,,,,,,,,,
autoland,3646670,2,6311658df04f8b9dab1d842cf1ddc69e83bd8127,linux64-qr,,False,,,102210fe594ee9b33d82058545b1ed14f4c8206e,num_static_constructors,compiler_metrics,True,compiler_metrics num_static_constructors opt valgrind,,77,,,,1727554408,2023-07-18 14:55:01,154.0,08c2e34359799b864ac04fa8ad2336b8d009a02e,1274147,,,,,,,,,,,,,,,,,,,,,,,,,,,,,,,,,,,,,,,,,,,,,,,,,,TN,,,,,,,,,,
autoland,3646670,2,6311658df04f8b9dab1d842cf1ddc69e83bd8127,linux64-qr,,False,,,102210fe594ee9b33d82058545b1ed14f4c8206e,num_static_constructors,compiler_metrics,True,compiler_metrics num_static_constructors opt valgrind,,77,,,,1727602060,2023-07-18 17:24:29,154.0,9330f8cb5765b67a89ac1427300f344a63d42cdc,1274230,,,,,,,,,,,,,,,,,,,,,,,,,,,,,,,,,,,,,,,,,,,,,,,,,,TN,,,,,,,,,,
autoland,3646670,2,6311658df04f8b9dab1d842cf1ddc69e83bd8127,linux64-qr,,False,,,102210fe594ee9b33d82058545b1ed14f4c8206e,num_static_constructors,compiler_metrics,True,compiler_metrics num_static_constructors opt valgrind,,77,,,,1727630316,2023-07-18 17:24:29,154.0,9330f8cb5765b67a89ac1427300f344a63d42cdc,1274230,,,,,,,,,,,,,,,,,,,,,,,,,,,,,,,,,,,,,,,,,,,,,,,,,,TN,,,,,,,,,,
autoland,3646670,2,6311658df04f8b9dab1d842cf1ddc69e83bd8127,linux64-qr,,False,,,102210fe594ee9b33d82058545b1ed14f4c8206e,num_static_constructors,compiler_metrics,True,compiler_metrics num_static_constructors opt valgrind,,77,,,,1727654003,2023-07-18 17:24:29,154.0,9330f8cb5765b67a89ac1427300f344a63d42cdc,1274230,,,,,,,,,,,,,,,,,,,,,,,,,,,,,,,,,,,,,,,,,,,,,,,,,,TN,,,,,,,,,,
autoland,3646670,2,6311658df04f8b9dab1d842cf1ddc69e83bd8127,linux64-qr,,False,,,102210fe594ee9b33d82058545b1ed14f4c8206e,num_static_constructors,compiler_metrics,True,compiler_metrics num_static_constructors opt valgrind,,77,,,,1727681647,2023-07-18 17:24:29,154.0,9330f8cb5765b67a89ac1427300f344a63d42cdc,1274230,,,,,,,,,,,,,,,,,,,,,,,,,,,,,,,,,,,,,,,,,,,,,,,,,,TN,,,,,,,,,,
autoland,3646670,2,6311658df04f8b9dab1d842cf1ddc69e83bd8127,linux64-qr,,False,,,102210fe594ee9b33d82058545b1ed14f4c8206e,num_static_constructors,compiler_metrics,True,compiler_metrics num_static_constructors opt valgrind,,77,,,,1727707521,2023-07-18 17:24:29,154.0,9330f8cb5765b67a89ac1427300f344a63d42cdc,1274230,,,,,,,,,,,,,,,,,,,,,,,,,,,,,,,,,,,,,,,,,,,,,,,,,,TN,,,,,,,,,,
autoland,3646670,2,6311658df04f8b9dab1d842cf1ddc69e83bd8127,linux64-qr,,False,,,102210fe594ee9b33d82058545b1ed14f4c8206e,num_static_constructors,compiler_metrics,True,compiler_metrics num_static_constructors opt valgrind,,77,,,,1727755709,2023-07-18 22:22:09,154.0,b39dcefbe15f24fbf00da64782588b71ef8277a6,1274408,,,,,,,,,,,,,,,,,,,,,,,,,,,,,,,,,,,,,,,,,,,,,,,,,,TN,,,,,,,,,,
autoland,3646670,2,6311658df04f8b9dab1d842cf1ddc69e83bd8127,linux64-qr,,False,,,102210fe594ee9b33d82058545b1ed14f4c8206e,num_static_constructors,compiler_metrics,True,compiler_metrics num_static_constructors opt valgrind,,77,,,,1727841686,2023-07-18 23:34:55,154.0,a8acb9b8880c2f1c2cf5891e5a20997a21d9d909,1274454,,,,,,,,,,,,,,,,,,,,,,,,,,,,,,,,,,,,,,,,,,,,,,,,,,TN,,,,,,,,,,
autoland,3646670,2,6311658df04f8b9dab1d842cf1ddc69e83bd8127,linux64-qr,,False,,,102210fe594ee9b33d82058545b1ed14f4c8206e,num_static_constructors,compiler_metrics,True,compiler_metrics num_static_constructors opt valgrind,,77,,,,1727917324,2023-07-19 05:12:28,155.0,49a85b3b07e07c1158f9cb0c1f58b67fc2d659f7,1274587,,,,,,,,,,,,,,,,,,,,,,,,,,,,,,,,,,,,,,,,,,,,,,,,,,TN,,,,,,,,,,
autoland,3646670,2,6311658df04f8b9dab1d842cf1ddc69e83bd8127,linux64-qr,,False,,,102210fe594ee9b33d82058545b1ed14f4c8206e,num_static_constructors,compiler_metrics,True,compiler_metrics num_static_constructors opt valgrind,,77,,,,1727953846,2023-07-19 05:58:28,155.0,c40a4681a5e1524f4523c217084a15d95db0d542,1274601,,,,,,,,,,,,,,,,,,,,,,,,,,,,,,,,,,,,,,,,,,,,,,,,,,TN,,,,,,,,,,
autoland,3646670,2,6311658df04f8b9dab1d842cf1ddc69e83bd8127,linux64-qr,,False,,,102210fe594ee9b33d82058545b1ed14f4c8206e,num_static_constructors,compiler_metrics,True,compiler_metrics num_static_constructors opt valgrind,,77,,,,1727951150,2023-07-19 06:21:58,155.0,144c26caf658d56a61dc0091fe77e093f4d03371,1274609,,,,,,,,,,,,,,,,,,,,,,,,,,,,,,,,,,,,,,,,,,,,,,,,,,TN,,,,,,,,,,
autoland,3646670,2,6311658df04f8b9dab1d842cf1ddc69e83bd8127,linux64-qr,,False,,,102210fe594ee9b33d82058545b1ed14f4c8206e,num_static_constructors,compiler_metrics,True,compiler_metrics num_static_constructors opt valgrind,,77,,,,1727987081,2023-07-19 08:12:16,155.0,140d21dede36ec0333dbfd36cf0d1320eee6cba4,1274646,,,,,,,,,,,,,,,,,,,,,,,,,,,,,,,,,,,,,,,,,,,,,,,,,,TN,,,,,,,,,,
autoland,3646670,2,6311658df04f8b9dab1d842cf1ddc69e83bd8127,linux64-qr,,False,,,102210fe594ee9b33d82058545b1ed14f4c8206e,num_static_constructors,compiler_metrics,True,compiler_metrics num_static_constructors opt valgrind,,77,,,,1728204706,2023-07-19 12:13:12,155.0,b8d9ace4647851e162743362d884084c81a969ab,1274744,,,,,,,,,,,,,,,,,,,,,,,,,,,,,,,,,,,,,,,,,,,,,,,,,,TN,,,,,,,,,,
autoland,3646670,2,6311658df04f8b9dab1d842cf1ddc69e83bd8127,linux64-qr,,False,,,102210fe594ee9b33d82058545b1ed14f4c8206e,num_static_constructors,compiler_metrics,True,compiler_metrics num_static_constructors opt valgrind,,77,,,,1728231781,2023-07-19 12:48:32,155.0,5d5aa2b4379ba95333ccf756cc40b4adc71fb68b,1274764,,,,,,,,,,,,,,,,,,,,,,,,,,,,,,,,,,,,,,,,,,,,,,,,,,TN,,,,,,,,,,
autoland,3646670,2,6311658df04f8b9dab1d842cf1ddc69e83bd8127,linux64-qr,,False,,,102210fe594ee9b33d82058545b1ed14f4c8206e,num_static_constructors,compiler_metrics,True,compiler_metrics num_static_constructors opt valgrind,,77,,,,1728292613,2023-07-19 14:37:00,155.0,c1d9936545b5ba143392d27280eb1d56af5ac580,1274851,,,,,,,,,,,,,,,,,,,,,,,,,,,,,,,,,,,,,,,,,,,,,,,,,,TN,,,,,,,,,,
autoland,3646670,2,6311658df04f8b9dab1d842cf1ddc69e83bd8127,linux64-qr,,False,,,102210fe594ee9b33d82058545b1ed14f4c8206e,num_static_constructors,compiler_metrics,True,compiler_metrics num_static_constructors opt valgrind,,77,,,,1728503819,2023-07-19 18:46:51,156.0,a4cb1e2b9e3d0583fb35c77b1b5a61823240d23a,1275034,,,,,,,,,,,,,,,,,,,,,,,,,,,,,,,,,,,,,,,,,,,,,,,,,,TN,,,,,,,,,,
autoland,3646670,2,6311658df04f8b9dab1d842cf1ddc69e83bd8127,linux64-qr,,False,,,102210fe594ee9b33d82058545b1ed14f4c8206e,num_static_constructors,compiler_metrics,True,compiler_metrics num_static_constructors opt valgrind,,77,,,,1728617098,2023-07-19 21:13:22,155.0,815c09621b5182253716bead5419a2362645da8a,1275134,,,,,,,,,,,,,,,,,,,,,,,,,,,,,,,,,,,,,,,,,,,,,,,,,,TN,,,,,,,,,,
autoland,3646670,2,6311658df04f8b9dab1d842cf1ddc69e83bd8127,linux64-qr,,False,,,102210fe594ee9b33d82058545b1ed14f4c8206e,num_static_constructors,compiler_metrics,True,compiler_metrics num_static_constructors opt valgrind,,77,,,,1728641551,2023-07-19 22:17:04,155.0,7d1e4a896dd81d294b7bccc7c20345d7c0432b47,1275176,,,,,,,,,,,,,,,,,,,,,,,,,,,,,,,,,,,,,,,,,,,,,,,,,,TN,,,,,,,,,,
autoland,3646670,2,6311658df04f8b9dab1d842cf1ddc69e83bd8127,linux64-qr,,False,,,102210fe594ee9b33d82058545b1ed14f4c8206e,num_static_constructors,compiler_metrics,True,compiler_metrics num_static_constructors opt valgrind,,77,,,,1728713307,2023-07-20 03:34:20,155.0,e73cc92e62dbaf2e2cdb70a1d9890da611a2b772,1275291,,,,,,,,,,,,,,,,,,,,,,,,,,,,,,,,,,,,,,,,,,,,,,,,,,TN,,,,,,,,,,
autoland,3646670,2,6311658df04f8b9dab1d842cf1ddc69e83bd8127,linux64-qr,,False,,,102210fe594ee9b33d82058545b1ed14f4c8206e,num_static_constructors,compiler_metrics,True,compiler_metrics num_static_constructors opt valgrind,,77,,,,1728721373,2023-07-20 03:55:49,155.0,2bd2112ff7c0e3f209442921d56865875ddccb6a,1275295,,,,,,,,,,,,,,,,,,,,,,,,,,,,,,,,,,,,,,,,,,,,,,,,,,TN,,,,,,,,,,
autoland,3646670,2,6311658df04f8b9dab1d842cf1ddc69e83bd8127,linux64-qr,,False,,,102210fe594ee9b33d82058545b1ed14f4c8206e,num_static_constructors,compiler_metrics,True,compiler_metrics num_static_constructors opt valgrind,,77,,,,1728885688,2023-07-20 07:42:09,155.0,9a6d93f12d75deb2d5f6662ca35347a774d7cd6f,1275344,,,,,,,,,,,,,,,,,,,,,,,,,,,,,,,,,,,,,,,,,,,,,,,,,,TN,,,,,,,,,,
autoland,3646670,2,6311658df04f8b9dab1d842cf1ddc69e83bd8127,linux64-qr,,False,,,102210fe594ee9b33d82058545b1ed14f4c8206e,num_static_constructors,compiler_metrics,True,compiler_metrics num_static_constructors opt valgrind,,77,,,,1728921944,2023-07-20 07:42:09,155.0,9a6d93f12d75deb2d5f6662ca35347a774d7cd6f,1275344,,,,,,,,,,,,,,,,,,,,,,,,,,,,,,,,,,,,,,,,,,,,,,,,,,TN,,,,,,,,,,
autoland,3646670,2,6311658df04f8b9dab1d842cf1ddc69e83bd8127,linux64-qr,,False,,,102210fe594ee9b33d82058545b1ed14f4c8206e,num_static_constructors,compiler_metrics,True,compiler_metrics num_static_constructors opt valgrind,,77,,,,1728922186,2023-07-20 07:42:09,155.0,9a6d93f12d75deb2d5f6662ca35347a774d7cd6f,1275344,,,,,,,,,,,,,,,,,,,,,,,,,,,,,,,,,,,,,,,,,,,,,,,,,,TN,,,,,,,,,,
autoland,3646670,2,6311658df04f8b9dab1d842cf1ddc69e83bd8127,linux64-qr,,False,,,102210fe594ee9b33d82058545b1ed14f4c8206e,num_static_constructors,compiler_metrics,True,compiler_metrics num_static_constructors opt valgrind,,77,,,,1728927818,2023-07-20 07:42:09,155.0,9a6d93f12d75deb2d5f6662ca35347a774d7cd6f,1275344,,,,,,,,,,,,,,,,,,,,,,,,,,,,,,,,,,,,,,,,,,,,,,,,,,TN,,,,,,,,,,
autoland,3646670,2,6311658df04f8b9dab1d842cf1ddc69e83bd8127,linux64-qr,,False,,,102210fe594ee9b33d82058545b1ed14f4c8206e,num_static_constructors,compiler_metrics,True,compiler_metrics num_static_constructors opt valgrind,,77,,,,1728997476,2023-07-20 12:22:04,155.0,0278b86272728b17ade153f25ef5ec4442158066,1275437,,,,,,,,,,,,,,,,,,,,,,,,,,,,,,,,,,,,,,,,,,,,,,,,,,TN,,,,,,,,,,
autoland,3646670,2,6311658df04f8b9dab1d842cf1ddc69e83bd8127,linux64-qr,,False,,,102210fe594ee9b33d82058545b1ed14f4c8206e,num_static_constructors,compiler_metrics,True,compiler_metrics num_static_constructors opt valgrind,,77,,,,1728998370,2023-07-20 12:22:04,155.0,0278b86272728b17ade153f25ef5ec4442158066,1275437,,,,,,,,,,,,,,,,,,,,,,,,,,,,,,,,,,,,,,,,,,,,,,,,,,TN,,,,,,,,,,
autoland,3646670,2,6311658df04f8b9dab1d842cf1ddc69e83bd8127,linux64-qr,,False,,,102210fe594ee9b33d82058545b1ed14f4c8206e,num_static_constructors,compiler_metrics,True,compiler_metrics num_static_constructors opt valgrind,,77,,,,1728997350,2023-07-20 12:23:58,155.0,df651cb43d5e0009673e00ee30f927f271c30ef2,1275438,,,,,,,,,,,,,,,,,,,,,,,,,,,,,,,,,,,,,,,,,,,,,,,,,,TN,,,,,,,,,,
autoland,3646670,2,6311658df04f8b9dab1d842cf1ddc69e83bd8127,linux64-qr,,False,,,102210fe594ee9b33d82058545b1ed14f4c8206e,num_static_constructors,compiler_metrics,True,compiler_metrics num_static_constructors opt valgrind,,77,,,,1729060528,2023-07-20 15:24:57,156.0,0bc898fe076442e9a552e9918f1b50ece1c87859,1275543,,,,,,,,,,,,,,,,,,,,,,,,,,,,,,,,,,,,,,,,,,,,,,,,,,TN,,,,,,,,,,
autoland,3646670,2,6311658df04f8b9dab1d842cf1ddc69e83bd8127,linux64-qr,,False,,,102210fe594ee9b33d82058545b1ed14f4c8206e,num_static_constructors,compiler_metrics,True,compiler_metrics num_static_constructors opt valgrind,,77,,,,1729152433,2023-07-20 17:28:09,156.0,3f812987146c7765b98d91bdfef7393a0871dc11,1275631,,,,,,,,,,,,,,,,,,,,,,,,,,,,,,,,,,,,,,,,,,,,,,,,,,TN,,,,,,,,,,
autoland,3646670,2,6311658df04f8b9dab1d842cf1ddc69e83bd8127,linux64-qr,,False,,,102210fe594ee9b33d82058545b1ed14f4c8206e,num_static_constructors,compiler_metrics,True,compiler_metrics num_static_constructors opt valgrind,,77,,,,1729250990,2023-07-20 19:57:27,156.0,1474bffb9d2bc609c90f59cdbd875d90f152f78b,1275751,,,,,,,,,,,,,,,,,,,,,,,,,,,,,,,,,,,,,,,,,,,,,,,,,,TN,,,,,,,,,,
autoland,3646670,2,6311658df04f8b9dab1d842cf1ddc69e83bd8127,linux64-qr,,False,,,102210fe594ee9b33d82058545b1ed14f4c8206e,num_static_constructors,compiler_metrics,True,compiler_metrics num_static_constructors opt valgrind,,77,,,,1729323410,2023-07-20 22:14:08,156.0,6cbe2549217c7cc45f19dce0e064e8ad94601969,1275840,,,,,,,,,,,,,,,,,,,,,,,,,,,,,,,,,,,,,,,,,,,,,,,,,,TN,,,,,,,,,,
autoland,3646670,2,6311658df04f8b9dab1d842cf1ddc69e83bd8127,linux64-qr,,False,,,102210fe594ee9b33d82058545b1ed14f4c8206e,num_static_constructors,compiler_metrics,True,compiler_metrics num_static_constructors opt valgrind,,77,,,,1729376116,2023-07-20 23:58:39,156.0,a81b4cfa355314c5644c5a1924408dd57a6451ba,1275867,,,,,,,,,,,,,,,,,,,,,,,,,,,,,,,,,,,,,,,,,,,,,,,,,,TN,,,,,,,,,,
autoland,3646670,2,6311658df04f8b9dab1d842cf1ddc69e83bd8127,linux64-qr,,False,,,102210fe594ee9b33d82058545b1ed14f4c8206e,num_static_constructors,compiler_metrics,True,compiler_metrics num_static_constructors opt valgrind,,77,,,,1729410468,2023-07-21 02:12:29,156.0,561b7f418a4da2b68cf411804f9a6dcc542bf5d4,1275913,,,,,,,,,,,,,,,,,,,,,,,,,,,,,,,,,,,,,,,,,,,,,,,,,,TN,,,,,,,,,,
autoland,3646670,2,6311658df04f8b9dab1d842cf1ddc69e83bd8127,linux64-qr,,False,,,102210fe594ee9b33d82058545b1ed14f4c8206e,num_static_constructors,compiler_metrics,True,compiler_metrics num_static_constructors opt valgrind,,77,,,,1729520650,2023-07-21 07:40:40,156.0,590a3ceaf7cf93efb6505dc2df88bf736e2e3cc8,1275960,,,,,,,,,,,,,,,,,,,,,,,,,,,,,,,,,,,,,,,,,,,,,,,,,,TN,,,,,,,,,,
autoland,3646670,2,6311658df04f8b9dab1d842cf1ddc69e83bd8127,linux64-qr,,False,,,102210fe594ee9b33d82058545b1ed14f4c8206e,num_static_constructors,compiler_metrics,True,compiler_metrics num_static_constructors opt valgrind,,77,,,,1729546886,2023-07-21 09:50:03,156.0,a2fe9197bad582dee22ed11cd3cec32073abcbb1,1276015,,,,,,,,,,,,,,,,,,,,,,,,,,,,,,,,,,,,,,,,,,,,,,,,,,TN,,,,,,,,,,
autoland,3646670,2,6311658df04f8b9dab1d842cf1ddc69e83bd8127,linux64-qr,,False,,,102210fe594ee9b33d82058545b1ed14f4c8206e,num_static_constructors,compiler_metrics,True,compiler_metrics num_static_constructors opt valgrind,,77,,,,1729568998,2023-07-21 09:50:03,156.0,a2fe9197bad582dee22ed11cd3cec32073abcbb1,1276015,,,,,,,,,,,,,,,,,,,,,,,,,,,,,,,,,,,,,,,,,,,,,,,,,,TN,,,,,,,,,,
autoland,3646670,2,6311658df04f8b9dab1d842cf1ddc69e83bd8127,linux64-qr,,False,,,102210fe594ee9b33d82058545b1ed14f4c8206e,num_static_constructors,compiler_metrics,True,compiler_metrics num_static_constructors opt valgrind,,77,,,,1729658192,2023-07-21 13:55:08,156.0,9df47ce85e0472ca3ad7784cdf4c5640950ed7d9,1276152,,,,,,,,,,,,,,,,,,,,,,,,,,,,,,,,,,,,,,,,,,,,,,,,,,TN,,,,,,,,,,
autoland,3646670,2,6311658df04f8b9dab1d842cf1ddc69e83bd8127,linux64-qr,,False,,,102210fe594ee9b33d82058545b1ed14f4c8206e,num_static_constructors,compiler_metrics,True,compiler_metrics num_static_constructors opt valgrind,,77,,,,1729670531,2023-07-21 13:55:08,156.0,9df47ce85e0472ca3ad7784cdf4c5640950ed7d9,1276152,,,,,,,,,,,,,,,,,,,,,,,,,,,,,,,,,,,,,,,,,,,,,,,,,,TN,,,,,,,,,,
autoland,3646670,2,6311658df04f8b9dab1d842cf1ddc69e83bd8127,linux64-qr,,False,,,102210fe594ee9b33d82058545b1ed14f4c8206e,num_static_constructors,compiler_metrics,True,compiler_metrics num_static_constructors opt valgrind,,77,,,,1729692926,2023-07-21 13:55:08,156.0,9df47ce85e0472ca3ad7784cdf4c5640950ed7d9,1276152,,,,,,,,,,,,,,,,,,,,,,,,,,,,,,,,,,,,,,,,,,,,,,,,,,TN,,,,,,,,,,
autoland,3646670,2,6311658df04f8b9dab1d842cf1ddc69e83bd8127,linux64-qr,,False,,,102210fe594ee9b33d82058545b1ed14f4c8206e,num_static_constructors,compiler_metrics,True,compiler_metrics num_static_constructors opt valgrind,,77,,,,1729661999,2023-07-21 14:45:54,156.0,d7abb2ee50b5acb9c85b7419bd7680384ef88747,1276182,,,,,,,,,,,,,,,,,,,,,,,,,,,,,,,,,,,,,,,,,,,,,,,,,,TN,,,,,,,,,,
autoland,3646670,2,6311658df04f8b9dab1d842cf1ddc69e83bd8127,linux64-qr,,False,,,102210fe594ee9b33d82058545b1ed14f4c8206e,num_static_constructors,compiler_metrics,True,compiler_metrics num_static_constructors opt valgrind,,77,,,,1729716209,2023-07-21 17:11:12,156.0,e289c1fd943bfc8c2973687da74a008f86d9e60f,1276290,,,,,,,,,,,,,,,,,,,,,,,,,,,,,,,,,,,,,,,,,,,,,,,,,,TN,,,,,,,,,,
autoland,3646670,2,6311658df04f8b9dab1d842cf1ddc69e83bd8127,linux64-qr,,False,,,102210fe594ee9b33d82058545b1ed14f4c8206e,num_static_constructors,compiler_metrics,True,compiler_metrics num_static_constructors opt valgrind,,77,,,,1729833212,2023-07-21 21:17:12,156.0,f13e959d38c7e8d9590bbc8d44f95149bbe180d1,1276495,,,,,,,,,,,,,,,,,,,,,,,,,,,,,,,,,,,,,,,,,,,,,,,,,,TN,,,,,,,,,,
autoland,3646670,2,6311658df04f8b9dab1d842cf1ddc69e83bd8127,linux64-qr,,False,,,102210fe594ee9b33d82058545b1ed14f4c8206e,num_static_constructors,compiler_metrics,True,compiler_metrics num_static_constructors opt valgrind,,77,,,,1729865857,2023-07-21 22:20:56,156.0,50344759578b6b2e1851c6a6133121c4d89b4f0d,1276531,,,,,,,,,,,,,,,,,,,,,,,,,,,,,,,,,,,,,,,,,,,,,,,,,,TN,,,,,,,,,,
autoland,3646670,2,6311658df04f8b9dab1d842cf1ddc69e83bd8127,linux64-qr,,False,,,102210fe594ee9b33d82058545b1ed14f4c8206e,num_static_constructors,compiler_metrics,True,compiler_metrics num_static_constructors opt valgrind,,77,,,,1729919810,2023-07-22 01:47:52,156.0,af3aef94925ae3b1b5dcaaf1cdccf4f8b90557b7,1276578,,,,,,,,,,,,,,,,,,,,,,,,,,,,,,,,,,,,,,,,,,,,,,,,,,TN,,,,,,,,,,
autoland,3646670,2,6311658df04f8b9dab1d842cf1ddc69e83bd8127,linux64-qr,,False,,,102210fe594ee9b33d82058545b1ed14f4c8206e,num_static_constructors,compiler_metrics,True,compiler_metrics num_static_constructors opt valgrind,,77,,,,1729934253,2023-07-22 03:42:46,156.0,e4939251f81ca8c6a2fb9db3bbd4416e04dff97d,1276588,,,,,,,,,,,,,,,,,,,,,,,,,,,,,,,,,,,,,,,,,,,,,,,,,,TN,,,,,,,,,,
autoland,3646670,2,6311658df04f8b9dab1d842cf1ddc69e83bd8127,linux64-qr,,False,,,102210fe594ee9b33d82058545b1ed14f4c8206e,num_static_constructors,compiler_metrics,True,compiler_metrics num_static_constructors opt valgrind,,77,,,,1729992206,2023-07-22 08:58:42,156.0,c95ec2e13d66e06547002bd008e87bea4f94c022,1276620,,,,,,,,,,,,,,,,,,,,,,,,,,,,,,,,,,,,,,,,,,,,,,,,,,TN,,,,,,,,,,
autoland,3646670,2,6311658df04f8b9dab1d842cf1ddc69e83bd8127,linux64-qr,,False,,,102210fe594ee9b33d82058545b1ed14f4c8206e,num_static_constructors,compiler_metrics,True,compiler_metrics num_static_constructors opt valgrind,,77,,,,1730088601,2023-07-22 14:13:52,156.0,b16351df250c572a14efa126f7702fe104ac9fd7,1276645,,,,,,,,,,,,,,,,,,,,,,,,,,,,,,,,,,,,,,,,,,,,,,,,,,TN,,,,,,,,,,
autoland,3646670,2,6311658df04f8b9dab1d842cf1ddc69e83bd8127,linux64-qr,,False,,,102210fe594ee9b33d82058545b1ed14f4c8206e,num_static_constructors,compiler_metrics,True,compiler_metrics num_static_constructors opt valgrind,,77,,,,1730098183,2023-07-22 14:13:52,156.0,b16351df250c572a14efa126f7702fe104ac9fd7,1276645,,,,,,,,,,,,,,,,,,,,,,,,,,,,,,,,,,,,,,,,,,,,,,,,,,TN,,,,,,,,,,
autoland,3646670,2,6311658df04f8b9dab1d842cf1ddc69e83bd8127,linux64-qr,,False,,,102210fe594ee9b33d82058545b1ed14f4c8206e,num_static_constructors,compiler_metrics,True,compiler_metrics num_static_constructors opt valgrind,,77,,,,1730118990,2023-07-22 14:13:52,156.0,b16351df250c572a14efa126f7702fe104ac9fd7,1276645,,,,,,,,,,,,,,,,,,,,,,,,,,,,,,,,,,,,,,,,,,,,,,,,,,TN,,,,,,,,,,
autoland,3646670,2,6311658df04f8b9dab1d842cf1ddc69e83bd8127,linux64-qr,,False,,,102210fe594ee9b33d82058545b1ed14f4c8206e,num_static_constructors,compiler_metrics,True,compiler_metrics num_static_constructors opt valgrind,,77,,,,1730199787,2023-07-23 02:59:53,156.0,829bb0f62051beedfe5ba05f679d3b6c8e0d1a3b,1276677,,,,,,,,,,,,,,,,,,,,,,,,,,,,,,,,,,,,,,,,,,,,,,,,,,TN,,,,,,,,,,
autoland,3646670,2,6311658df04f8b9dab1d842cf1ddc69e83bd8127,linux64-qr,,False,,,102210fe594ee9b33d82058545b1ed14f4c8206e,num_static_constructors,compiler_metrics,True,compiler_metrics num_static_constructors opt valgrind,,77,,,,1730260433,2023-07-23 12:16:45,156.0,bd6c5007212e7ee9ecc312d4ef096252a9702033,1276689,,,,,,,,,,,,,,,,,,,,,,,,,,,,,,,,,,,,,,,,,,,,,,,,,,TN,,,,,,,,,,
autoland,3646670,2,6311658df04f8b9dab1d842cf1ddc69e83bd8127,linux64-qr,,False,,,102210fe594ee9b33d82058545b1ed14f4c8206e,num_static_constructors,compiler_metrics,True,compiler_metrics num_static_constructors opt valgrind,,77,,,,1730277077,2023-07-23 14:00:10,156.0,94f83ed2c1c988bad1ce6f634c8e1c543b0f7fbb,1276698,,,,,,,,,,,,,,,,,,,,,,,,,,,,,,,,,,,,,,,,,,,,,,,,,,TN,,,,,,,,,,
autoland,3646670,2,6311658df04f8b9dab1d842cf1ddc69e83bd8127,linux64-qr,,False,,,102210fe594ee9b33d82058545b1ed14f4c8206e,num_static_constructors,compiler_metrics,True,compiler_metrics num_static_constructors opt valgrind,,77,,,,1730314080,2023-07-23 17:37:04,156.0,2fd3284df4616a8723f5b749c4652a682c7b5372,1276726,,,,,,,,,,,,,,,,,,,,,,,,,,,,,,,,,,,,,,,,,,,,,,,,,,TN,,,,,,,,,,
autoland,3646670,2,6311658df04f8b9dab1d842cf1ddc69e83bd8127,linux64-qr,,False,,,102210fe594ee9b33d82058545b1ed14f4c8206e,num_static_constructors,compiler_metrics,True,compiler_metrics num_static_constructors opt valgrind,,77,,,,1730319049,2023-07-23 17:37:04,156.0,2fd3284df4616a8723f5b749c4652a682c7b5372,1276726,,,,,,,,,,,,,,,,,,,,,,,,,,,,,,,,,,,,,,,,,,,,,,,,,,TN,,,,,,,,,,
autoland,3646670,2,6311658df04f8b9dab1d842cf1ddc69e83bd8127,linux64-qr,,False,,,102210fe594ee9b33d82058545b1ed14f4c8206e,num_static_constructors,compiler_metrics,True,compiler_metrics num_static_constructors opt valgrind,,77,,,,1730319119,2023-07-23 17:37:04,156.0,2fd3284df4616a8723f5b749c4652a682c7b5372,1276726,,,,,,,,,,,,,,,,,,,,,,,,,,,,,,,,,,,,,,,,,,,,,,,,,,TN,,,,,,,,,,
autoland,3646670,2,6311658df04f8b9dab1d842cf1ddc69e83bd8127,linux64-qr,,False,,,102210fe594ee9b33d82058545b1ed14f4c8206e,num_static_constructors,compiler_metrics,True,compiler_metrics num_static_constructors opt valgrind,,77,,,,1730383512,2023-07-24 00:19:00,156.0,7e5acc812edd3bcb93cfaf76eaab2c3fd6c4d274,1276767,,,,,,,,,,,,,,,,,,,,,,,,,,,,,,,,,,,,,,,,,,,,,,,,,,TN,,,,,,,,,,
autoland,3646670,2,6311658df04f8b9dab1d842cf1ddc69e83bd8127,linux64-qr,,False,,,102210fe594ee9b33d82058545b1ed14f4c8206e,num_static_constructors,compiler_metrics,True,compiler_metrics num_static_constructors opt valgrind,,77,,,,1730421113,2023-07-24 03:08:06,156.0,7b6332c9bce4487c1db3384523b5991fef31e28c,1276802,,,,,,,,,,,,,,,,,,,,,,,,,,,,,,,,,,,,,,,,,,,,,,,,,,TN,,,,,,,,,,
autoland,3646670,2,6311658df04f8b9dab1d842cf1ddc69e83bd8127,linux64-qr,,False,,,102210fe594ee9b33d82058545b1ed14f4c8206e,num_static_constructors,compiler_metrics,True,compiler_metrics num_static_constructors opt valgrind,,77,,,,1730457697,2023-07-24 07:35:58,156.0,91b590f6e608c6c3787304fa0010ce58519bde50,1276834,,,,,,,,,,,,,,,,,,,,,,,,,,,,,,,,,,,,,,,,,,,,,,,,,,TN,,,,,,,,,,
autoland,3646670,2,6311658df04f8b9dab1d842cf1ddc69e83bd8127,linux64-qr,,False,,,102210fe594ee9b33d82058545b1ed14f4c8206e,num_static_constructors,compiler_metrics,True,compiler_metrics num_static_constructors opt valgrind,,77,,,,1730467595,2023-07-24 07:35:58,156.0,91b590f6e608c6c3787304fa0010ce58519bde50,1276834,,,,,,,,,,,,,,,,,,,,,,,,,,,,,,,,,,,,,,,,,,,,,,,,,,TN,,,,,,,,,,
autoland,3646670,2,6311658df04f8b9dab1d842cf1ddc69e83bd8127,linux64-qr,,False,,,102210fe594ee9b33d82058545b1ed14f4c8206e,num_static_constructors,compiler_metrics,True,compiler_metrics num_static_constructors opt valgrind,,77,,,,1730500978,2023-07-24 09:09:56,156.0,706c58ef2b89c0cb491d0c85f794f3e1a59ab1f1,1276864,,,,,,,,,,,,,,,,,,,,,,,,,,,,,,,,,,,,,,,,,,,,,,,,,,TN,,,,,,,,,,
autoland,3646670,2,6311658df04f8b9dab1d842cf1ddc69e83bd8127,linux64-qr,,False,,,102210fe594ee9b33d82058545b1ed14f4c8206e,num_static_constructors,compiler_metrics,True,compiler_metrics num_static_constructors opt valgrind,,77,,,,1730607302,2023-07-24 11:14:54,156.0,b1a1263e67ce531d13e0a5e2e77c737b114e38b0,1276910,,,,,,,,,,,,,,,,,,,,,,,,,,,,,,,,,,,,,,,,,,,,,,,,,,TN,,,,,,,,,,
autoland,3646670,2,6311658df04f8b9dab1d842cf1ddc69e83bd8127,linux64-qr,,False,,,102210fe594ee9b33d82058545b1ed14f4c8206e,num_static_constructors,compiler_metrics,True,compiler_metrics num_static_constructors opt valgrind,,77,,,,1730639754,2023-07-24 11:14:54,156.0,b1a1263e67ce531d13e0a5e2e77c737b114e38b0,1276910,,,,,,,,,,,,,,,,,,,,,,,,,,,,,,,,,,,,,,,,,,,,,,,,,,TN,,,,,,,,,,
autoland,3646670,2,6311658df04f8b9dab1d842cf1ddc69e83bd8127,linux64-qr,,False,,,102210fe594ee9b33d82058545b1ed14f4c8206e,num_static_constructors,compiler_metrics,True,compiler_metrics num_static_constructors opt valgrind,,77,,,,1730660039,2023-07-24 12:58:30,156.0,5a58ca98f84db6783414b5ef8b8aed3558feecc0,1276963,,,,,,,,,,,,,,,,,,,,,,,,,,,,,,,,,,,,,,,,,,,,,,,,,,TN,,,,,,,,,,
autoland,3646670,2,6311658df04f8b9dab1d842cf1ddc69e83bd8127,linux64-qr,,False,,,102210fe594ee9b33d82058545b1ed14f4c8206e,num_static_constructors,compiler_metrics,True,compiler_metrics num_static_constructors opt valgrind,,77,,,,1730742316,2023-07-24 16:02:50,156.0,2483fdffbe5e3c051a32bcf141fb33e9803c0afc,1277068,,,,,,,,,,,,,,,,,,,,,,,,,,,,,,,,,,,,,,,,,,,,,,,,,,TN,,,,,,,,,,
autoland,3646670,2,6311658df04f8b9dab1d842cf1ddc69e83bd8127,linux64-qr,,False,,,102210fe594ee9b33d82058545b1ed14f4c8206e,num_static_constructors,compiler_metrics,True,compiler_metrics num_static_constructors opt valgrind,,77,,,,1730757204,2023-07-24 16:02:50,156.0,2483fdffbe5e3c051a32bcf141fb33e9803c0afc,1277068,,,,,,,,,,,,,,,,,,,,,,,,,,,,,,,,,,,,,,,,,,,,,,,,,,TN,,,,,,,,,,
autoland,3646670,2,6311658df04f8b9dab1d842cf1ddc69e83bd8127,linux64-qr,,False,,,102210fe594ee9b33d82058545b1ed14f4c8206e,num_static_constructors,compiler_metrics,True,compiler_metrics num_static_constructors opt valgrind,,77,,,,1730785974,2023-07-24 16:02:50,156.0,2483fdffbe5e3c051a32bcf141fb33e9803c0afc,1277068,,,,,,,,,,,,,,,,,,,,,,,,,,,,,,,,,,,,,,,,,,,,,,,,,,TN,,,,,,,,,,
autoland,3646670,2,6311658df04f8b9dab1d842cf1ddc69e83bd8127,linux64-qr,,False,,,102210fe594ee9b33d82058545b1ed14f4c8206e,num_static_constructors,compiler_metrics,True,compiler_metrics num_static_constructors opt valgrind,,77,,,,1730783853,2023-07-24 17:28:55,156.0,1614dc76a51c7b99cfc4aeac30a7899d74748eda,1277142,,,,,,,,,,,,,,,,,,,,,,,,,,,,,,,,,,,,,,,,,,,,,,,,,,TN,,,,,,,,,,
autoland,3646670,2,6311658df04f8b9dab1d842cf1ddc69e83bd8127,linux64-qr,,False,,,102210fe594ee9b33d82058545b1ed14f4c8206e,num_static_constructors,compiler_metrics,True,compiler_metrics num_static_constructors opt valgrind,,77,,,,1730817081,2023-07-24 17:28:55,156.0,1614dc76a51c7b99cfc4aeac30a7899d74748eda,1277142,,,,,,,,,,,,,,,,,,,,,,,,,,,,,,,,,,,,,,,,,,,,,,,,,,TN,,,,,,,,,,
autoland,3646670,2,6311658df04f8b9dab1d842cf1ddc69e83bd8127,linux64-qr,,False,,,102210fe594ee9b33d82058545b1ed14f4c8206e,num_static_constructors,compiler_metrics,True,compiler_metrics num_static_constructors opt valgrind,,77,,,,1730843204,2023-07-24 17:28:55,156.0,1614dc76a51c7b99cfc4aeac30a7899d74748eda,1277142,,,,,,,,,,,,,,,,,,,,,,,,,,,,,,,,,,,,,,,,,,,,,,,,,,TN,,,,,,,,,,
autoland,3646670,2,6311658df04f8b9dab1d842cf1ddc69e83bd8127,linux64-qr,,False,,,102210fe594ee9b33d82058545b1ed14f4c8206e,num_static_constructors,compiler_metrics,True,compiler_metrics num_static_constructors opt valgrind,,77,,,,1730863305,2023-07-24 17:28:55,156.0,1614dc76a51c7b99cfc4aeac30a7899d74748eda,1277142,,,,,,,,,,,,,,,,,,,,,,,,,,,,,,,,,,,,,,,,,,,,,,,,,,TN,,,,,,,,,,
autoland,3646670,2,6311658df04f8b9dab1d842cf1ddc69e83bd8127,linux64-qr,,False,,,102210fe594ee9b33d82058545b1ed14f4c8206e,num_static_constructors,compiler_metrics,True,compiler_metrics num_static_constructors opt valgrind,,77,,,,1730879999,2023-07-24 17:28:55,156.0,1614dc76a51c7b99cfc4aeac30a7899d74748eda,1277142,,,,,,,,,,,,,,,,,,,,,,,,,,,,,,,,,,,,,,,,,,,,,,,,,,TN,,,,,,,,,,
autoland,3646670,2,6311658df04f8b9dab1d842cf1ddc69e83bd8127,linux64-qr,,False,,,102210fe594ee9b33d82058545b1ed14f4c8206e,num_static_constructors,compiler_metrics,True,compiler_metrics num_static_constructors opt valgrind,,77,,,,1730890755,2023-07-24 17:28:55,156.0,1614dc76a51c7b99cfc4aeac30a7899d74748eda,1277142,,,,,,,,,,,,,,,,,,,,,,,,,,,,,,,,,,,,,,,,,,,,,,,,,,TN,,,,,,,,,,
autoland,3646670,2,6311658df04f8b9dab1d842cf1ddc69e83bd8127,linux64-qr,,False,,,102210fe594ee9b33d82058545b1ed14f4c8206e,num_static_constructors,compiler_metrics,True,compiler_metrics num_static_constructors opt valgrind,,77,,,,1730910058,2023-07-24 17:28:55,156.0,1614dc76a51c7b99cfc4aeac30a7899d74748eda,1277142,,,,,,,,,,,,,,,,,,,,,,,,,,,,,,,,,,,,,,,,,,,,,,,,,,TN,,,,,,,,,,
autoland,3646670,2,6311658df04f8b9dab1d842cf1ddc69e83bd8127,linux64-qr,,False,,,102210fe594ee9b33d82058545b1ed14f4c8206e,num_static_constructors,compiler_metrics,True,compiler_metrics num_static_constructors opt valgrind,,77,,,,1730841788,2023-07-24 19:16:11,156.0,f9c12557d7a4e074be3fc45027ae8ffbb8f27aaf,1277230,,,,,,,,,,,,,,,,,,,,,,,,,,,,,,,,,,,,,,,,,,,,,,,,,,TN,,,,,,,,,,
autoland,3646670,2,6311658df04f8b9dab1d842cf1ddc69e83bd8127,linux64-qr,,False,,,102210fe594ee9b33d82058545b1ed14f4c8206e,num_static_constructors,compiler_metrics,True,compiler_metrics num_static_constructors opt valgrind,,77,,,,1730864974,2023-07-24 20:30:12,156.0,7d1fa0f48767503b87459a54f098bf0799dd5e66,1277272,,,,,,,,,,,,,,,,,,,,,,,,,,,,,,,,,,,,,,,,,,,,,,,,,,TN,,,,,,,,,,
autoland,3646670,2,6311658df04f8b9dab1d842cf1ddc69e83bd8127,linux64-qr,,False,,,102210fe594ee9b33d82058545b1ed14f4c8206e,num_static_constructors,compiler_metrics,True,compiler_metrics num_static_constructors opt valgrind,,77,,,,1730882702,2023-07-24 20:30:12,156.0,7d1fa0f48767503b87459a54f098bf0799dd5e66,1277272,,,,,,,,,,,,,,,,,,,,,,,,,,,,,,,,,,,,,,,,,,,,,,,,,,TN,,,,,,,,,,
autoland,3646670,2,6311658df04f8b9dab1d842cf1ddc69e83bd8127,linux64-qr,,False,,,102210fe594ee9b33d82058545b1ed14f4c8206e,num_static_constructors,compiler_metrics,True,compiler_metrics num_static_constructors opt valgrind,,77,,,,1730898554,2023-07-24 20:30:12,156.0,7d1fa0f48767503b87459a54f098bf0799dd5e66,1277272,,,,,,,,,,,,,,,,,,,,,,,,,,,,,,,,,,,,,,,,,,,,,,,,,,TN,,,,,,,,,,
autoland,3646670,2,6311658df04f8b9dab1d842cf1ddc69e83bd8127,linux64-qr,,False,,,102210fe594ee9b33d82058545b1ed14f4c8206e,num_static_constructors,compiler_metrics,True,compiler_metrics num_static_constructors opt valgrind,,77,,,,1730929233,2023-07-24 23:43:54,156.0,bd745245ac70d82630be9e971b5a9077b5f514e8,1277393,,,,,,,,,,,,,,,,,,,,,,,,,,,,,,,,,,,,,,,,,,,,,,,,,,TN,,,,,,,,,,
autoland,3646670,2,6311658df04f8b9dab1d842cf1ddc69e83bd8127,linux64-qr,,False,,,102210fe594ee9b33d82058545b1ed14f4c8206e,num_static_constructors,compiler_metrics,True,compiler_metrics num_static_constructors opt valgrind,,77,,,,1730947953,2023-07-25 00:28:34,156.0,1084bcb2a2550fee8fad1f0be69e603b6c8d67bd,1277414,,,,,,,,,,,,,,,,,,,,,,,,,,,,,,,,,,,,,,,,,,,,,,,,,,TN,,,,,,,,,,
autoland,3646670,2,6311658df04f8b9dab1d842cf1ddc69e83bd8127,linux64-qr,,False,,,102210fe594ee9b33d82058545b1ed14f4c8206e,num_static_constructors,compiler_metrics,True,compiler_metrics num_static_constructors opt valgrind,,77,,,,1731009235,2023-07-25 04:47:38,156.0,862d1cf3d7a17e3dde9bda49c5561ec902bb8136,1277485,,,,,,,,,,,,,,,,,,,,,,,,,,,,,,,,,,,,,,,,,,,,,,,,,,TN,,,,,,,,,,
autoland,3646670,2,6311658df04f8b9dab1d842cf1ddc69e83bd8127,linux64-qr,,False,,,102210fe594ee9b33d82058545b1ed14f4c8206e,num_static_constructors,compiler_metrics,True,compiler_metrics num_static_constructors opt valgrind,,77,,,,1731026422,2023-07-25 05:30:01,156.0,09826d4eb13b2ec8871c63c7cd9902c40ec19d39,1277489,,,,,,,,,,,,,,,,,,,,,,,,,,,,,,,,,,,,,,,,,,,,,,,,,,TN,,,,,,,,,,
autoland,3646670,2,6311658df04f8b9dab1d842cf1ddc69e83bd8127,linux64-qr,,False,,,102210fe594ee9b33d82058545b1ed14f4c8206e,num_static_constructors,compiler_metrics,True,compiler_metrics num_static_constructors opt valgrind,,77,,,,1731107143,2023-07-25 10:29:47,156.0,45a52966f9649f4dc9b8bbb6a8e68cdcc63ee287,1277576,,,,,,,,,,,,,,,,,,,,,,,,,,,,,,,,,,,,,,,,,,,,,,,,,,TN,,,,,,,,,,
autoland,3646670,2,6311658df04f8b9dab1d842cf1ddc69e83bd8127,linux64-qr,,False,,,102210fe594ee9b33d82058545b1ed14f4c8206e,num_static_constructors,compiler_metrics,True,compiler_metrics num_static_constructors opt valgrind,,77,,,,1731178077,2023-07-25 13:43:53,156.0,4a7e5d260b938800009f20a68312dcb8b84ec311,1277649,,,,,,,,,,,,,,,,,,,,,,,,,,,,,,,,,,,,,,,,,,,,,,,,,,TN,,,,,,,,,,
autoland,3646670,2,6311658df04f8b9dab1d842cf1ddc69e83bd8127,linux64-qr,,False,,,102210fe594ee9b33d82058545b1ed14f4c8206e,num_static_constructors,compiler_metrics,True,compiler_metrics num_static_constructors opt valgrind,,77,,,,1731197198,2023-07-25 14:49:04,156.0,1ae7562fa2353aa63871f769d4e0a1cdd9becf78,1277682,,,,,,,,,,,,,,,,,,,,,,,,,,,,,,,,,,,,,,,,,,,,,,,,,,TN,,,,,,,,,,
autoland,3646670,2,6311658df04f8b9dab1d842cf1ddc69e83bd8127,linux64-qr,,False,,,102210fe594ee9b33d82058545b1ed14f4c8206e,num_static_constructors,compiler_metrics,True,compiler_metrics num_static_constructors opt valgrind,,77,,,,1731252861,2023-07-25 17:01:26,156.0,7d24086e0045ef5a366a0f71119946fc6a6ec687,1277782,,,,,,,,,,,,,,,,,,,,,,,,,,,,,,,,,,,,,,,,,,,,,,,,,,TN,,,,,,,,,,
autoland,3646670,2,6311658df04f8b9dab1d842cf1ddc69e83bd8127,linux64-qr,,False,,,102210fe594ee9b33d82058545b1ed14f4c8206e,num_static_constructors,compiler_metrics,True,compiler_metrics num_static_constructors opt valgrind,,77,,,,1731269030,2023-07-25 17:01:26,156.0,7d24086e0045ef5a366a0f71119946fc6a6ec687,1277782,,,,,,,,,,,,,,,,,,,,,,,,,,,,,,,,,,,,,,,,,,,,,,,,,,TN,,,,,,,,,,
autoland,3646670,2,6311658df04f8b9dab1d842cf1ddc69e83bd8127,linux64-qr,,False,,,102210fe594ee9b33d82058545b1ed14f4c8206e,num_static_constructors,compiler_metrics,True,compiler_metrics num_static_constructors opt valgrind,,77,,,,1731273007,2023-07-25 17:01:26,156.0,7d24086e0045ef5a366a0f71119946fc6a6ec687,1277782,,,,,,,,,,,,,,,,,,,,,,,,,,,,,,,,,,,,,,,,,,,,,,,,,,TN,,,,,,,,,,
autoland,3646670,2,6311658df04f8b9dab1d842cf1ddc69e83bd8127,linux64-qr,,False,,,102210fe594ee9b33d82058545b1ed14f4c8206e,num_static_constructors,compiler_metrics,True,compiler_metrics num_static_constructors opt valgrind,,77,,,,1731285698,2023-07-25 17:01:26,156.0,7d24086e0045ef5a366a0f71119946fc6a6ec687,1277782,,,,,,,,,,,,,,,,,,,,,,,,,,,,,,,,,,,,,,,,,,,,,,,,,,TN,,,,,,,,,,
autoland,3646670,2,6311658df04f8b9dab1d842cf1ddc69e83bd8127,linux64-qr,,False,,,102210fe594ee9b33d82058545b1ed14f4c8206e,num_static_constructors,compiler_metrics,True,compiler_metrics num_static_constructors opt valgrind,,77,,,,1731316972,2023-07-25 19:01:26,156.0,077d52341afc5d779af2511e2cb272105d29df23,1277859,,,,,,,,,,,,,,,,,,,,,,,,,,,,,,,,,,,,,,,,,,,,,,,,,,TN,,,,,,,,,,
autoland,3646670,2,6311658df04f8b9dab1d842cf1ddc69e83bd8127,linux64-qr,,False,,,102210fe594ee9b33d82058545b1ed14f4c8206e,num_static_constructors,compiler_metrics,True,compiler_metrics num_static_constructors opt valgrind,,77,,,,1731378977,2023-07-25 22:23:11,156.0,2157132d0eb549ea402a565dc385cf4b7d45e801,1277980,,,,,,,,,,,,,,,,,,,,,,,,,,,,,,,,,,,,,,,,,,,,,,,,,,TN,,,,,,,,,,
autoland,3646670,2,6311658df04f8b9dab1d842cf1ddc69e83bd8127,linux64-qr,,False,,,102210fe594ee9b33d82058545b1ed14f4c8206e,num_static_constructors,compiler_metrics,True,compiler_metrics num_static_constructors opt valgrind,,77,,,,1731408463,2023-07-25 22:23:11,156.0,2157132d0eb549ea402a565dc385cf4b7d45e801,1277980,,,,,,,,,,,,,,,,,,,,,,,,,,,,,,,,,,,,,,,,,,,,,,,,,,TN,,,,,,,,,,
autoland,3646670,2,6311658df04f8b9dab1d842cf1ddc69e83bd8127,linux64-qr,,False,,,102210fe594ee9b33d82058545b1ed14f4c8206e,num_static_constructors,compiler_metrics,True,compiler_metrics num_static_constructors opt valgrind,,77,,,,1731412710,2023-07-25 22:23:11,156.0,2157132d0eb549ea402a565dc385cf4b7d45e801,1277980,,,,,,,,,,,,,,,,,,,,,,,,,,,,,,,,,,,,,,,,,,,,,,,,,,TN,,,,,,,,,,
autoland,3646670,2,6311658df04f8b9dab1d842cf1ddc69e83bd8127,linux64-qr,,False,,,102210fe594ee9b33d82058545b1ed14f4c8206e,num_static_constructors,compiler_metrics,True,compiler_metrics num_static_constructors opt valgrind,,77,,,,1731412888,2023-07-25 22:23:11,156.0,2157132d0eb549ea402a565dc385cf4b7d45e801,1277980,,,,,,,,,,,,,,,,,,,,,,,,,,,,,,,,,,,,,,,,,,,,,,,,,,TN,,,,,,,,,,
autoland,3646670,2,6311658df04f8b9dab1d842cf1ddc69e83bd8127,linux64-qr,,False,,,102210fe594ee9b33d82058545b1ed14f4c8206e,num_static_constructors,compiler_metrics,True,compiler_metrics num_static_constructors opt valgrind,,77,,,,1731408983,2023-07-25 23:05:26,156.0,9a2f59dbe5917068801919377341eb7c1ea2030d,1278011,,,,,,,,,,,,,,,,,,,,,,,,,,,,,,,,,,,,,,,,,,,,,,,,,,TN,,,,,,,,,,
autoland,3646670,2,6311658df04f8b9dab1d842cf1ddc69e83bd8127,linux64-qr,,False,,,102210fe594ee9b33d82058545b1ed14f4c8206e,num_static_constructors,compiler_metrics,True,compiler_metrics num_static_constructors opt valgrind,,77,,,,1731424240,2023-07-25 23:05:26,156.0,9a2f59dbe5917068801919377341eb7c1ea2030d,1278011,,,,,,,,,,,,,,,,,,,,,,,,,,,,,,,,,,,,,,,,,,,,,,,,,,TN,,,,,,,,,,
autoland,3646670,2,6311658df04f8b9dab1d842cf1ddc69e83bd8127,linux64-qr,,False,,,102210fe594ee9b33d82058545b1ed14f4c8206e,num_static_constructors,compiler_metrics,True,compiler_metrics num_static_constructors opt valgrind,,77,,,,1731424481,2023-07-25 23:05:26,156.0,9a2f59dbe5917068801919377341eb7c1ea2030d,1278011,,,,,,,,,,,,,,,,,,,,,,,,,,,,,,,,,,,,,,,,,,,,,,,,,,TN,,,,,,,,,,
autoland,3646670,2,6311658df04f8b9dab1d842cf1ddc69e83bd8127,linux64-qr,,False,,,102210fe594ee9b33d82058545b1ed14f4c8206e,num_static_constructors,compiler_metrics,True,compiler_metrics num_static_constructors opt valgrind,,77,,,,1731424673,2023-07-25 23:05:26,156.0,9a2f59dbe5917068801919377341eb7c1ea2030d,1278011,,,,,,,,,,,,,,,,,,,,,,,,,,,,,,,,,,,,,,,,,,,,,,,,,,TN,,,,,,,,,,
autoland,3646670,2,6311658df04f8b9dab1d842cf1ddc69e83bd8127,linux64-qr,,False,,,102210fe594ee9b33d82058545b1ed14f4c8206e,num_static_constructors,compiler_metrics,True,compiler_metrics num_static_constructors opt valgrind,,77,,,,1731466134,2023-07-26 02:26:30,156.0,6a9aca2a1b89781175cdec2df700998fa9209282,1278087,,,,,,,,,,,,,,,,,,,,,,,,,,,,,,,,,,,,,,,,,,,,,,,,,,TN,,,,,,,,,,
autoland,3646670,2,6311658df04f8b9dab1d842cf1ddc69e83bd8127,linux64-qr,,False,,,102210fe594ee9b33d82058545b1ed14f4c8206e,num_static_constructors,compiler_metrics,True,compiler_metrics num_static_constructors opt valgrind,,77,,,,1731523822,2023-07-26 06:49:07,156.0,8470bc21f160f3c1fecb034308c203412e1fcb3c,1278154,,,,,,,,,,,,,,,,,,,,,,,,,,,,,,,,,,,,,,,,,,,,,,,,,,TN,,,,,,,,,,
autoland,3646670,2,6311658df04f8b9dab1d842cf1ddc69e83bd8127,linux64-qr,,False,,,102210fe594ee9b33d82058545b1ed14f4c8206e,num_static_constructors,compiler_metrics,True,compiler_metrics num_static_constructors opt valgrind,,77,,,,1731576917,2023-07-26 06:49:07,156.0,8470bc21f160f3c1fecb034308c203412e1fcb3c,1278154,,,,,,,,,,,,,,,,,,,,,,,,,,,,,,,,,,,,,,,,,,,,,,,,,,TN,,,,,,,,,,
autoland,3646670,2,6311658df04f8b9dab1d842cf1ddc69e83bd8127,linux64-qr,,False,,,102210fe594ee9b33d82058545b1ed14f4c8206e,num_static_constructors,compiler_metrics,True,compiler_metrics num_static_constructors opt valgrind,,77,,,,1731612752,2023-07-26 06:49:07,156.0,8470bc21f160f3c1fecb034308c203412e1fcb3c,1278154,,,,,,,,,,,,,,,,,,,,,,,,,,,,,,,,,,,,,,,,,,,,,,,,,,TN,,,,,,,,,,
autoland,3646670,2,6311658df04f8b9dab1d842cf1ddc69e83bd8127,linux64-qr,,False,,,102210fe594ee9b33d82058545b1ed14f4c8206e,num_static_constructors,compiler_metrics,True,compiler_metrics num_static_constructors opt valgrind,,77,,,,1731633395,2023-07-26 06:49:07,156.0,8470bc21f160f3c1fecb034308c203412e1fcb3c,1278154,,,,,,,,,,,,,,,,,,,,,,,,,,,,,,,,,,,,,,,,,,,,,,,,,,TN,,,,,,,,,,
autoland,3646670,2,6311658df04f8b9dab1d842cf1ddc69e83bd8127,linux64-qr,,False,,,102210fe594ee9b33d82058545b1ed14f4c8206e,num_static_constructors,compiler_metrics,True,compiler_metrics num_static_constructors opt valgrind,,77,,,,1731655933,2023-07-26 06:49:07,156.0,8470bc21f160f3c1fecb034308c203412e1fcb3c,1278154,,,,,,,,,,,,,,,,,,,,,,,,,,,,,,,,,,,,,,,,,,,,,,,,,,TN,,,,,,,,,,
autoland,3646670,2,6311658df04f8b9dab1d842cf1ddc69e83bd8127,linux64-qr,,False,,,102210fe594ee9b33d82058545b1ed14f4c8206e,num_static_constructors,compiler_metrics,True,compiler_metrics num_static_constructors opt valgrind,,77,,,,1731675154,2023-07-26 06:49:07,156.0,8470bc21f160f3c1fecb034308c203412e1fcb3c,1278154,,,,,,,,,,,,,,,,,,,,,,,,,,,,,,,,,,,,,,,,,,,,,,,,,,TN,,,,,,,,,,
autoland,3646670,2,6311658df04f8b9dab1d842cf1ddc69e83bd8127,linux64-qr,,False,,,102210fe594ee9b33d82058545b1ed14f4c8206e,num_static_constructors,compiler_metrics,True,compiler_metrics num_static_constructors opt valgrind,,77,,,,1731565772,2023-07-26 09:35:06,156.0,87846ae3f12d74bcc97619bea65453ce0aca0e54,1278218,,,,,,,,,,,,,,,,,,,,,,,,,,,,,,,,,,,,,,,,,,,,,,,,,,TN,,,,,,,,,,
autoland,3646670,2,6311658df04f8b9dab1d842cf1ddc69e83bd8127,linux64-qr,,False,,,102210fe594ee9b33d82058545b1ed14f4c8206e,num_static_constructors,compiler_metrics,True,compiler_metrics num_static_constructors opt valgrind,,77,,,,1731671843,2023-07-26 14:12:43,156.0,efe20a122d804c882638e427df715dd59ddd1a21,1278345,,,,,,,,,,,,,,,,,,,,,,,,,,,,,,,,,,,,,,,,,,,,,,,,,,TN,,,,,,,,,,
autoland,3646670,2,6311658df04f8b9dab1d842cf1ddc69e83bd8127,linux64-qr,,False,,,102210fe594ee9b33d82058545b1ed14f4c8206e,num_static_constructors,compiler_metrics,True,compiler_metrics num_static_constructors opt valgrind,,77,,,,1731712588,2023-07-26 15:38:17,156.0,b65b154c05c37b796b5c0ef7cc01fd37ecfdea1c,1278401,,,,,,,,,,,,,,,,,,,,,,,,,,,,,,,,,,,,,,,,,,,,,,,,,,TN,,,,,,,,,,
autoland,3646670,2,6311658df04f8b9dab1d842cf1ddc69e83bd8127,linux64-qr,,False,,,102210fe594ee9b33d82058545b1ed14f4c8206e,num_static_constructors,compiler_metrics,True,compiler_metrics num_static_constructors opt valgrind,,77,,,,1731729720,2023-07-26 15:38:17,156.0,b65b154c05c37b796b5c0ef7cc01fd37ecfdea1c,1278401,,,,,,,,,,,,,,,,,,,,,,,,,,,,,,,,,,,,,,,,,,,,,,,,,,TN,,,,,,,,,,
autoland,3646670,2,6311658df04f8b9dab1d842cf1ddc69e83bd8127,linux64-qr,,False,,,102210fe594ee9b33d82058545b1ed14f4c8206e,num_static_constructors,compiler_metrics,True,compiler_metrics num_static_constructors opt valgrind,,77,,,,1731751273,2023-07-26 15:38:17,156.0,b65b154c05c37b796b5c0ef7cc01fd37ecfdea1c,1278401,,,,,,,,,,,,,,,,,,,,,,,,,,,,,,,,,,,,,,,,,,,,,,,,,,TN,,,,,,,,,,
autoland,3646670,2,6311658df04f8b9dab1d842cf1ddc69e83bd8127,linux64-qr,,False,,,102210fe594ee9b33d82058545b1ed14f4c8206e,num_static_constructors,compiler_metrics,True,compiler_metrics num_static_constructors opt valgrind,,77,,,,1731730590,2023-07-26 16:23:51,156.0,5e47300c17df4b438fd098e3e6cc37d4397b6e5d,1278432,,,,,,,,,,,,,,,,,,,,,,,,,,,,,,,,,,,,,,,,,,,,,,,,,,TN,,,,,,,,,,
autoland,3646670,2,6311658df04f8b9dab1d842cf1ddc69e83bd8127,linux64-qr,,False,,,102210fe594ee9b33d82058545b1ed14f4c8206e,num_static_constructors,compiler_metrics,True,compiler_metrics num_static_constructors opt valgrind,,77,,,,1731753416,2023-07-26 16:23:51,156.0,5e47300c17df4b438fd098e3e6cc37d4397b6e5d,1278432,,,,,,,,,,,,,,,,,,,,,,,,,,,,,,,,,,,,,,,,,,,,,,,,,,TN,,,,,,,,,,
autoland,3646670,2,6311658df04f8b9dab1d842cf1ddc69e83bd8127,linux64-qr,,False,,,102210fe594ee9b33d82058545b1ed14f4c8206e,num_static_constructors,compiler_metrics,True,compiler_metrics num_static_constructors opt valgrind,,77,,,,1731784494,2023-07-26 19:06:03,156.0,03e38eb3c09f9a7de47640e671486aa51216c461,1278523,,,,,,,,,,,,,,,,,,,,,,,,,,,,,,,,,,,,,,,,,,,,,,,,,,TN,,,,,,,,,,
autoland,3646670,2,6311658df04f8b9dab1d842cf1ddc69e83bd8127,linux64-qr,,False,,,102210fe594ee9b33d82058545b1ed14f4c8206e,num_static_constructors,compiler_metrics,True,compiler_metrics num_static_constructors opt valgrind,,77,,,,1731824335,2023-07-26 20:21:55,156.0,9772b22c254b750c1b1583ae28fe002310afd2c2,1278573,,,,,,,,,,,,,,,,,,,,,,,,,,,,,,,,,,,,,,,,,,,,,,,,,,TN,,,,,,,,,,
autoland,3646670,2,6311658df04f8b9dab1d842cf1ddc69e83bd8127,linux64-qr,,False,,,102210fe594ee9b33d82058545b1ed14f4c8206e,num_static_constructors,compiler_metrics,True,compiler_metrics num_static_constructors opt valgrind,,77,,,,1731834967,2023-07-26 20:21:55,156.0,9772b22c254b750c1b1583ae28fe002310afd2c2,1278573,,,,,,,,,,,,,,,,,,,,,,,,,,,,,,,,,,,,,,,,,,,,,,,,,,TN,,,,,,,,,,
autoland,3646670,2,6311658df04f8b9dab1d842cf1ddc69e83bd8127,linux64-qr,,False,,,102210fe594ee9b33d82058545b1ed14f4c8206e,num_static_constructors,compiler_metrics,True,compiler_metrics num_static_constructors opt valgrind,,77,,,,1731867615,2023-07-26 23:24:58,156.0,84a5d1af6f7ff3689a022412a1fbc2c6632a5f96,1278695,,,,,,,,,,,,,,,,,,,,,,,,,,,,,,,,,,,,,,,,,,,,,,,,,,TN,,,,,,,,,,
autoland,3646670,2,6311658df04f8b9dab1d842cf1ddc69e83bd8127,linux64-qr,,False,,,102210fe594ee9b33d82058545b1ed14f4c8206e,num_static_constructors,compiler_metrics,True,compiler_metrics num_static_constructors opt valgrind,,77,,,,1731926771,2023-07-27 01:40:00,156.0,3e5ffa17cbfe0cff1585c411714ca008dc6ae15e,1278764,,,,,,,,,,,,,,,,,,,,,,,,,,,,,,,,,,,,,,,,,,,,,,,,,,TN,,,,,,,,,,
autoland,3646670,2,6311658df04f8b9dab1d842cf1ddc69e83bd8127,linux64-qr,,False,,,102210fe594ee9b33d82058545b1ed14f4c8206e,num_static_constructors,compiler_metrics,True,compiler_metrics num_static_constructors opt valgrind,,77,,,,1731956873,2023-07-27 01:40:00,156.0,3e5ffa17cbfe0cff1585c411714ca008dc6ae15e,1278764,,,,,,,,,,,,,,,,,,,,,,,,,,,,,,,,,,,,,,,,,,,,,,,,,,TN,,,,,,,,,,
autoland,3646670,2,6311658df04f8b9dab1d842cf1ddc69e83bd8127,linux64-qr,,False,,,102210fe594ee9b33d82058545b1ed14f4c8206e,num_static_constructors,compiler_metrics,True,compiler_metrics num_static_constructors opt valgrind,,77,,,,1732047570,2023-07-27 08:27:27,156.0,06780b0e2840ea35b0596177f9fb1f421bff487a,1278857,,,,,,,,,,,,,,,,,,,,,,,,,,,,,,,,,,,,,,,,,,,,,,,,,,TN,,,,,,,,,,
autoland,3646670,2,6311658df04f8b9dab1d842cf1ddc69e83bd8127,linux64-qr,,False,,,102210fe594ee9b33d82058545b1ed14f4c8206e,num_static_constructors,compiler_metrics,True,compiler_metrics num_static_constructors opt valgrind,,77,,,,1732111960,2023-07-27 11:30:20,156.0,84800a0d7e6ed9c82449cedd7ba57c2061572292,1278928,,,,,,,,,,,,,,,,,,,,,,,,,,,,,,,,,,,,,,,,,,,,,,,,,,TN,,,,,,,,,,
autoland,3646670,2,6311658df04f8b9dab1d842cf1ddc69e83bd8127,linux64-qr,,False,,,102210fe594ee9b33d82058545b1ed14f4c8206e,num_static_constructors,compiler_metrics,True,compiler_metrics num_static_constructors opt valgrind,,77,,,,1732166040,2023-07-27 14:00:00,154.0,c6981d9b3b12732164d6ba7e5b0ca63abf70021b,1279017,,,,,,,,,,,,,,,,,,,,,,,,,,,,,,,,,,,,,,,,,,,,,,,,,,TN,,,,,,,,,,
autoland,3646670,2,6311658df04f8b9dab1d842cf1ddc69e83bd8127,linux64-qr,,False,,,102210fe594ee9b33d82058545b1ed14f4c8206e,num_static_constructors,compiler_metrics,True,compiler_metrics num_static_constructors opt valgrind,,77,,,,1732223640,2023-07-27 15:18:37,156.0,481bfcb7b2201e1eb04cebbeee74480be11095cc,1279069,,,,,,,,,,,,,,,,,,,,,,,,,,,,,,,,,,,,,,,,,,,,,,,,,,TN,,,,,,,,,,
autoland,3646670,2,6311658df04f8b9dab1d842cf1ddc69e83bd8127,linux64-qr,,False,,,102210fe594ee9b33d82058545b1ed14f4c8206e,num_static_constructors,compiler_metrics,True,compiler_metrics num_static_constructors opt valgrind,,77,,,,1732261898,2023-07-27 16:46:59,156.0,9682d7c6107b7cabace96ea74ba7ef262785efb5,1279141,,,,,,,,,,,,,,,,,,,,,,,,,,,,,,,,,,,,,,,,,,,,,,,,,,TN,,,,,,,,,,
autoland,3646670,2,6311658df04f8b9dab1d842cf1ddc69e83bd8127,linux64-qr,,False,,,102210fe594ee9b33d82058545b1ed14f4c8206e,num_static_constructors,compiler_metrics,True,compiler_metrics num_static_constructors opt valgrind,,77,,,,1732382036,2023-07-27 19:34:25,156.0,f50f1984cd54c49748c94ebf3f3709aa4c582ead,1279276,,,,,,,,,,,,,,,,,,,,,,,,,,,,,,,,,,,,,,,,,,,,,,,,,,TN,,,,,,,,,,
autoland,3646670,2,6311658df04f8b9dab1d842cf1ddc69e83bd8127,linux64-qr,,False,,,102210fe594ee9b33d82058545b1ed14f4c8206e,num_static_constructors,compiler_metrics,True,compiler_metrics num_static_constructors opt valgrind,,77,,,,1732403121,2023-07-27 19:34:25,156.0,f50f1984cd54c49748c94ebf3f3709aa4c582ead,1279276,,,,,,,,,,,,,,,,,,,,,,,,,,,,,,,,,,,,,,,,,,,,,,,,,,TN,,,,,,,,,,
autoland,3646670,2,6311658df04f8b9dab1d842cf1ddc69e83bd8127,linux64-qr,,False,,,102210fe594ee9b33d82058545b1ed14f4c8206e,num_static_constructors,compiler_metrics,True,compiler_metrics num_static_constructors opt valgrind,,77,,,,1732403279,2023-07-27 19:34:25,156.0,f50f1984cd54c49748c94ebf3f3709aa4c582ead,1279276,,,,,,,,,,,,,,,,,,,,,,,,,,,,,,,,,,,,,,,,,,,,,,,,,,TN,,,,,,,,,,
autoland,3646670,2,6311658df04f8b9dab1d842cf1ddc69e83bd8127,linux64-qr,,False,,,102210fe594ee9b33d82058545b1ed14f4c8206e,num_static_constructors,compiler_metrics,True,compiler_metrics num_static_constructors opt valgrind,,77,,,,1732417494,2023-07-27 19:34:25,156.0,f50f1984cd54c49748c94ebf3f3709aa4c582ead,1279276,,,,,,,,,,,,,,,,,,,,,,,,,,,,,,,,,,,,,,,,,,,,,,,,,,TN,,,,,,,,,,
autoland,3646670,2,6311658df04f8b9dab1d842cf1ddc69e83bd8127,linux64-qr,,False,,,102210fe594ee9b33d82058545b1ed14f4c8206e,num_static_constructors,compiler_metrics,True,compiler_metrics num_static_constructors opt valgrind,,77,,,,1732437921,2023-07-27 21:16:30,156.0,c3c3a8d398dc320deb869fc03410268d48443b3c,1279349,,,,,,,,,,,,,,,,,,,,,,,,,,,,,,,,,,,,,,,,,,,,,,,,,,TN,,,,,,,,,,
autoland,3646670,2,6311658df04f8b9dab1d842cf1ddc69e83bd8127,linux64-qr,,False,,,102210fe594ee9b33d82058545b1ed14f4c8206e,num_static_constructors,compiler_metrics,True,compiler_metrics num_static_constructors opt valgrind,,77,,,,1732456737,2023-07-27 23:35:22,156.0,0b367e70ac913aeec6308d2b941cff4dc929cd22,1279407,,,,,,,,,,,,,,,,,,,,,,,,,,,,,,,,,,,,,,,,,,,,,,,,,,TN,,,,,,,,,,
autoland,3646670,2,6311658df04f8b9dab1d842cf1ddc69e83bd8127,linux64-qr,,False,,,102210fe594ee9b33d82058545b1ed14f4c8206e,num_static_constructors,compiler_metrics,True,compiler_metrics num_static_constructors opt valgrind,,77,,,,1732508514,2023-07-28 01:05:08,156.0,36ce680ea81ccb2f123f0f6831596185e6ea4e83,1279448,,,,,,,,,,,,,,,,,,,,,,,,,,,,,,,,,,,,,,,,,,,,,,,,,,TN,,,,,,,,,,
autoland,3646670,2,6311658df04f8b9dab1d842cf1ddc69e83bd8127,linux64-qr,,False,,,102210fe594ee9b33d82058545b1ed14f4c8206e,num_static_constructors,compiler_metrics,True,compiler_metrics num_static_constructors opt valgrind,,77,,,,1732517985,2023-07-28 01:05:08,156.0,36ce680ea81ccb2f123f0f6831596185e6ea4e83,1279448,,,,,,,,,,,,,,,,,,,,,,,,,,,,,,,,,,,,,,,,,,,,,,,,,,TN,,,,,,,,,,
autoland,3646670,2,6311658df04f8b9dab1d842cf1ddc69e83bd8127,linux64-qr,,False,,,102210fe594ee9b33d82058545b1ed14f4c8206e,num_static_constructors,compiler_metrics,True,compiler_metrics num_static_constructors opt valgrind,,77,,,,1732519156,2023-07-28 01:05:08,156.0,36ce680ea81ccb2f123f0f6831596185e6ea4e83,1279448,,,,,,,,,,,,,,,,,,,,,,,,,,,,,,,,,,,,,,,,,,,,,,,,,,TN,,,,,,,,,,
autoland,3646670,2,6311658df04f8b9dab1d842cf1ddc69e83bd8127,linux64-qr,,False,,,102210fe594ee9b33d82058545b1ed14f4c8206e,num_static_constructors,compiler_metrics,True,compiler_metrics num_static_constructors opt valgrind,,77,,,,1732517904,2023-07-28 01:05:08,156.0,36ce680ea81ccb2f123f0f6831596185e6ea4e83,1279448,,,,,,,,,,,,,,,,,,,,,,,,,,,,,,,,,,,,,,,,,,,,,,,,,,TN,,,,,,,,,,
autoland,3646670,2,6311658df04f8b9dab1d842cf1ddc69e83bd8127,linux64-qr,,False,,,102210fe594ee9b33d82058545b1ed14f4c8206e,num_static_constructors,compiler_metrics,True,compiler_metrics num_static_constructors opt valgrind,,77,,,,1732573285,2023-07-28 05:46:55,156.0,10692fd51184d10f78fb0eb56090f3c55827b561,1279508,,,,,,,,,,,,,,,,,,,,,,,,,,,,,,,,,,,,,,,,,,,,,,,,,,TN,,,,,,,,,,
autoland,3646670,2,6311658df04f8b9dab1d842cf1ddc69e83bd8127,linux64-qr,,False,,,102210fe594ee9b33d82058545b1ed14f4c8206e,num_static_constructors,compiler_metrics,True,compiler_metrics num_static_constructors opt valgrind,,77,,,,1732665444,2023-07-28 11:09:37,156.0,af33198f4756b96446ab9cb00f77cc6e2b27f314,1279609,,,,,,,,,,,,,,,,,,,,,,,,,,,,,,,,,,,,,,,,,,,,,,,,,,TN,,,,,,,,,,
autoland,3646670,2,6311658df04f8b9dab1d842cf1ddc69e83bd8127,linux64-qr,,False,,,102210fe594ee9b33d82058545b1ed14f4c8206e,num_static_constructors,compiler_metrics,True,compiler_metrics num_static_constructors opt valgrind,,77,,,,1732690511,2023-07-28 11:09:37,156.0,af33198f4756b96446ab9cb00f77cc6e2b27f314,1279609,,,,,,,,,,,,,,,,,,,,,,,,,,,,,,,,,,,,,,,,,,,,,,,,,,TN,,,,,,,,,,
autoland,3646670,2,6311658df04f8b9dab1d842cf1ddc69e83bd8127,linux64-qr,,False,,,102210fe594ee9b33d82058545b1ed14f4c8206e,num_static_constructors,compiler_metrics,True,compiler_metrics num_static_constructors opt valgrind,,77,,,,1732784331,2023-07-28 14:46:21,156.0,08098e30932d89da82f6e452fff88fee938088d7,1279720,,,,,,,,,,,,,,,,,,,,,,,,,,,,,,,,,,,,,,,,,,,,,,,,,,TN,,,,,,,,,,
autoland,3646670,2,6311658df04f8b9dab1d842cf1ddc69e83bd8127,linux64-qr,,False,,,102210fe594ee9b33d82058545b1ed14f4c8206e,num_static_constructors,compiler_metrics,True,compiler_metrics num_static_constructors opt valgrind,,77,,,,1732894970,2023-07-28 18:48:27,156.0,2f51f44f5da6afbdb8a587b03f47fcdc7b672475,1279862,,,,,,,,,,,,,,,,,,,,,,,,,,,,,,,,,,,,,,,,,,,,,,,,,,TN,,,,,,,,,,
autoland,3646670,2,6311658df04f8b9dab1d842cf1ddc69e83bd8127,linux64-qr,,False,,,102210fe594ee9b33d82058545b1ed14f4c8206e,num_static_constructors,compiler_metrics,True,compiler_metrics num_static_constructors opt valgrind,,77,,,,1732913798,2023-07-28 18:48:27,156.0,2f51f44f5da6afbdb8a587b03f47fcdc7b672475,1279862,,,,,,,,,,,,,,,,,,,,,,,,,,,,,,,,,,,,,,,,,,,,,,,,,,TN,,,,,,,,,,
autoland,3646670,2,6311658df04f8b9dab1d842cf1ddc69e83bd8127,linux64-qr,,False,,,102210fe594ee9b33d82058545b1ed14f4c8206e,num_static_constructors,compiler_metrics,True,compiler_metrics num_static_constructors opt valgrind,,77,,,,1732978761,2023-07-28 22:56:39,156.0,95255b6bb2d51d6c10d6a3471da82aeaf7512c0f,1279985,,,,,,,,,,,,,,,,,,,,,,,,,,,,,,,,,,,,,,,,,,,,,,,,,,TN,,,,,,,,,,
autoland,3646670,2,6311658df04f8b9dab1d842cf1ddc69e83bd8127,linux64-qr,,False,,,102210fe594ee9b33d82058545b1ed14f4c8206e,num_static_constructors,compiler_metrics,True,compiler_metrics num_static_constructors opt valgrind,,77,,,,1733027507,2023-07-29 03:44:49,156.0,1c410aed156878dc739ffdb4343c315fb0bb0a00,1280031,,,,,,,,,,,,,,,,,,,,,,,,,,,,,,,,,,,,,,,,,,,,,,,,,,TN,,,,,,,,,,
autoland,3646670,2,6311658df04f8b9dab1d842cf1ddc69e83bd8127,linux64-qr,,False,,,102210fe594ee9b33d82058545b1ed14f4c8206e,num_static_constructors,compiler_metrics,True,compiler_metrics num_static_constructors opt valgrind,,77,,,,1733076314,2023-07-29 09:43:33,156.0,5f1e1cd609f68ff20fbea6b02e5a3444f7dd303d,1280059,,,,,,,,,,,,,,,,,,,,,,,,,,,,,,,,,,,,,,,,,,,,,,,,,,TN,,,,,,,,,,
autoland,3646670,2,6311658df04f8b9dab1d842cf1ddc69e83bd8127,linux64-qr,,False,,,102210fe594ee9b33d82058545b1ed14f4c8206e,num_static_constructors,compiler_metrics,True,compiler_metrics num_static_constructors opt valgrind,,77,,,,1733177342,2023-07-30 01:23:54,156.0,9a9597eb50561ea739c8a26da45dcbad6557a326,1280105,,,,,,,,,,,,,,,,,,,,,,,,,,,,,,,,,,,,,,,,,,,,,,,,,,TN,,,,,,,,,,
autoland,3646670,2,6311658df04f8b9dab1d842cf1ddc69e83bd8127,linux64-qr,,False,,,102210fe594ee9b33d82058545b1ed14f4c8206e,num_static_constructors,compiler_metrics,True,compiler_metrics num_static_constructors opt valgrind,,77,,,,1733260534,2023-07-30 13:52:06,156.0,ce5b2b0d4bc01294b78eeb50a7738e0b5755b3a4,1280125,,,,,,,,,,,,,,,,,,,,,,,,,,,,,,,,,,,,,,,,,,,,,,,,,,TN,,,,,,,,,,
autoland,3646670,2,6311658df04f8b9dab1d842cf1ddc69e83bd8127,linux64-qr,,False,,,102210fe594ee9b33d82058545b1ed14f4c8206e,num_static_constructors,compiler_metrics,True,compiler_metrics num_static_constructors opt valgrind,,77,,,,1733326677,2023-07-31 04:52:45,156.0,91dd0dbb8e738b29e6f14bdbaaf28f2b1f531b2b,1280185,,,,,,,,,,,,,,,,,,,,,,,,,,,,,,,,,,,,,,,,,,,,,,,,,,TN,,,,,,,,,,
autoland,3646670,2,6311658df04f8b9dab1d842cf1ddc69e83bd8127,linux64-qr,,False,,,102210fe594ee9b33d82058545b1ed14f4c8206e,num_static_constructors,compiler_metrics,True,compiler_metrics num_static_constructors opt valgrind,,77,,,,1733375035,2023-07-31 09:26:34,156.0,2b4f8ad0cecd1e9ce287bf572fd28b8b94d91717,1280244,,,,,,,,,,,,,,,,,,,,,,,,,,,,,,,,,,,,,,,,,,,,,,,,,,TN,,,,,,,,,,
autoland,3646670,2,6311658df04f8b9dab1d842cf1ddc69e83bd8127,linux64-qr,,False,,,102210fe594ee9b33d82058545b1ed14f4c8206e,num_static_constructors,compiler_metrics,True,compiler_metrics num_static_constructors opt valgrind,,77,,,,1733395730,2023-07-31 10:39:42,156.0,805b1cd5321098059e548eed4aa9db6f43cd833e,1280276,,,,,,,,,,,,,,,,,,,,,,,,,,,,,,,,,,,,,,,,,,,,,,,,,,TN,,,,,,,,,,
autoland,3646670,2,6311658df04f8b9dab1d842cf1ddc69e83bd8127,linux64-qr,,False,,,102210fe594ee9b33d82058545b1ed14f4c8206e,num_static_constructors,compiler_metrics,True,compiler_metrics num_static_constructors opt valgrind,,77,,,,1733482427,2023-07-31 13:51:51,156.0,7b994721e8fb3d4c561aa35ab5023267ed0c45f4,1280346,,,,,,,,,,,,,,,,,,,,,,,,,,,,,,,,,,,,,,,,,,,,,,,,,,TN,,,,,,,,,,
autoland,3646670,2,6311658df04f8b9dab1d842cf1ddc69e83bd8127,linux64-qr,,False,,,102210fe594ee9b33d82058545b1ed14f4c8206e,num_static_constructors,compiler_metrics,True,compiler_metrics num_static_constructors opt valgrind,,77,,,,1733497347,2023-07-31 14:45:15,156.0,7cad7000bc1c51f14ca241ac2aa08ac299612b8c,1280380,,,,,,,,,,,,,,,,,,,,,,,,,,,,,,,,,,,,,,,,,,,,,,,,,,TN,,,,,,,,,,
autoland,3646670,2,6311658df04f8b9dab1d842cf1ddc69e83bd8127,linux64-qr,,False,,,102210fe594ee9b33d82058545b1ed14f4c8206e,num_static_constructors,compiler_metrics,True,compiler_metrics num_static_constructors opt valgrind,,77,,,,1733535764,2023-07-31 16:08:26,156.0,0a238650aa096b0da883226d02d11fc5178541f3,1280438,,,,,,,,,,,,,,,,,,,,,,,,,,,,,,,,,,,,,,,,,,,,,,,,,,TN,,,,,,,,,,
autoland,3646670,2,6311658df04f8b9dab1d842cf1ddc69e83bd8127,linux64-qr,,False,,,102210fe594ee9b33d82058545b1ed14f4c8206e,num_static_constructors,compiler_metrics,True,compiler_metrics num_static_constructors opt valgrind,,77,,,,1733583778,2023-07-31 16:08:26,156.0,0a238650aa096b0da883226d02d11fc5178541f3,1280438,,,,,,,,,,,,,,,,,,,,,,,,,,,,,,,,,,,,,,,,,,,,,,,,,,TN,,,,,,,,,,
autoland,3646670,2,6311658df04f8b9dab1d842cf1ddc69e83bd8127,linux64-qr,,False,,,102210fe594ee9b33d82058545b1ed14f4c8206e,num_static_constructors,compiler_metrics,True,compiler_metrics num_static_constructors opt valgrind,,77,,,,1733629316,2023-07-31 18:25:43,156.0,2c6e9abd5c8696bf3044117d681d3197bb75fdd8,1280504,,,,,,,,,,,,,,,,,,,,,,,,,,,,,,,,,,,,,,,,,,,,,,,,,,TN,,,,,,,,,,
autoland,3646670,2,6311658df04f8b9dab1d842cf1ddc69e83bd8127,linux64-qr,,False,,,102210fe594ee9b33d82058545b1ed14f4c8206e,num_static_constructors,compiler_metrics,True,compiler_metrics num_static_constructors opt valgrind,,77,,,,1733712744,2023-07-31 21:31:29,156.0,2d698aca1dece26df297dd085dbde9216e3b2e66,1280612,,,,,,,,,,,,,,,,,,,,,,,,,,,,,,,,,,,,,,,,,,,,,,,,,,TN,,,,,,,,,,
autoland,3646670,2,6311658df04f8b9dab1d842cf1ddc69e83bd8127,linux64-qr,,False,,,102210fe594ee9b33d82058545b1ed14f4c8206e,num_static_constructors,compiler_metrics,True,compiler_metrics num_static_constructors opt valgrind,,77,,,,1733698302,2023-07-31 21:31:29,156.0,2d698aca1dece26df297dd085dbde9216e3b2e66,1280612,,,,,,,,,,,,,,,,,,,,,,,,,,,,,,,,,,,,,,,,,,,,,,,,,,TN,,,,,,,,,,
autoland,3646670,2,6311658df04f8b9dab1d842cf1ddc69e83bd8127,linux64-qr,,False,,,102210fe594ee9b33d82058545b1ed14f4c8206e,num_static_constructors,compiler_metrics,True,compiler_metrics num_static_constructors opt valgrind,,77,,,,1733711912,2023-07-31 21:31:29,156.0,2d698aca1dece26df297dd085dbde9216e3b2e66,1280612,,,,,,,,,,,,,,,,,,,,,,,,,,,,,,,,,,,,,,,,,,,,,,,,,,TN,,,,,,,,,,
autoland,3646670,2,6311658df04f8b9dab1d842cf1ddc69e83bd8127,linux64-qr,,False,,,102210fe594ee9b33d82058545b1ed14f4c8206e,num_static_constructors,compiler_metrics,True,compiler_metrics num_static_constructors opt valgrind,,77,,,,1733697775,2023-07-31 21:34:42,156.0,28250de453513da3369c412cbce0f35b97146bec,1280618,,,,,,,,,,,,,,,,,,,,,,,,,,,,,,,,,,,,,,,,,,,,,,,,,,TN,,,,,,,,,,
autoland,3646670,2,6311658df04f8b9dab1d842cf1ddc69e83bd8127,linux64-qr,,False,,,102210fe594ee9b33d82058545b1ed14f4c8206e,num_static_constructors,compiler_metrics,True,compiler_metrics num_static_constructors opt valgrind,,77,,,,1733712213,2023-07-31 22:18:28,156.0,a60ef684e015fedcec66cdcc1720212089063879,1280643,,,,,,,,,,,,,,,,,,,,,,,,,,,,,,,,,,,,,,,,,,,,,,,,,,TN,,,,,,,,,,
autoland,3646670,2,6311658df04f8b9dab1d842cf1ddc69e83bd8127,linux64-qr,,False,,,102210fe594ee9b33d82058545b1ed14f4c8206e,num_static_constructors,compiler_metrics,True,compiler_metrics num_static_constructors opt valgrind,,77,,,,1733768976,2023-07-31 23:41:21,156.0,195161a06a7a71dbce0ee5e8ddb8c84f3cb03df7,1280694,,,,,,,,,,,,,,,,,,,,,,,,,,,,,,,,,,,,,,,,,,,,,,,,,,TN,,,,,,,,,,
autoland,3646670,2,6311658df04f8b9dab1d842cf1ddc69e83bd8127,linux64-qr,,False,,,102210fe594ee9b33d82058545b1ed14f4c8206e,num_static_constructors,compiler_metrics,True,compiler_metrics num_static_constructors opt valgrind,,77,,,,1733786907,2023-07-31 23:41:21,156.0,195161a06a7a71dbce0ee5e8ddb8c84f3cb03df7,1280694,,,,,,,,,,,,,,,,,,,,,,,,,,,,,,,,,,,,,,,,,,,,,,,,,,TN,,,,,,,,,,
autoland,3646670,2,6311658df04f8b9dab1d842cf1ddc69e83bd8127,linux64-qr,,False,,,102210fe594ee9b33d82058545b1ed14f4c8206e,num_static_constructors,compiler_metrics,True,compiler_metrics num_static_constructors opt valgrind,,77,,,,1733785689,2023-07-31 23:41:21,156.0,195161a06a7a71dbce0ee5e8ddb8c84f3cb03df7,1280694,,,,,,,,,,,,,,,,,,,,,,,,,,,,,,,,,,,,,,,,,,,,,,,,,,TN,,,,,,,,,,
autoland,3646670,2,6311658df04f8b9dab1d842cf1ddc69e83bd8127,linux64-qr,,False,,,102210fe594ee9b33d82058545b1ed14f4c8206e,num_static_constructors,compiler_metrics,True,compiler_metrics num_static_constructors opt valgrind,,77,,,,1733792225,2023-07-31 23:41:21,156.0,195161a06a7a71dbce0ee5e8ddb8c84f3cb03df7,1280694,,,,,,,,,,,,,,,,,,,,,,,,,,,,,,,,,,,,,,,,,,,,,,,,,,TN,,,,,,,,,,
autoland,3646670,2,6311658df04f8b9dab1d842cf1ddc69e83bd8127,linux64-qr,,False,,,102210fe594ee9b33d82058545b1ed14f4c8206e,num_static_constructors,compiler_metrics,True,compiler_metrics num_static_constructors opt valgrind,,77,,,,1733821621,2023-08-01 02:33:29,155.0,331879c52f189b25568dadb7d93320a331eb02fb,1280740,,,,,,,,,,,,,,,,,,,,,,,,,,,,,,,,,,,,,,,,,,,,,,,,,,TN,,,,,,,,,,
autoland,3646670,2,6311658df04f8b9dab1d842cf1ddc69e83bd8127,linux64-qr,,False,,,102210fe594ee9b33d82058545b1ed14f4c8206e,num_static_constructors,compiler_metrics,True,compiler_metrics num_static_constructors opt valgrind,,77,,,,1733863346,2023-08-01 03:53:20,155.0,ca66ac527c958bd3f26f8c86f291fa85de21ec56,1280753,,,,,,,,,,,,,,,,,,,,,,,,,,,,,,,,,,,,,,,,,,,,,,,,,,TN,,,,,,,,,,
autoland,3646670,2,6311658df04f8b9dab1d842cf1ddc69e83bd8127,linux64-qr,,False,,,102210fe594ee9b33d82058545b1ed14f4c8206e,num_static_constructors,compiler_metrics,True,compiler_metrics num_static_constructors opt valgrind,,77,,,,1733842821,2023-08-01 03:53:20,155.0,ca66ac527c958bd3f26f8c86f291fa85de21ec56,1280753,,,,,,,,,,,,,,,,,,,,,,,,,,,,,,,,,,,,,,,,,,,,,,,,,,TN,,,,,,,,,,
autoland,3646670,2,6311658df04f8b9dab1d842cf1ddc69e83bd8127,linux64-qr,,False,,,102210fe594ee9b33d82058545b1ed14f4c8206e,num_static_constructors,compiler_metrics,True,compiler_metrics num_static_constructors opt valgrind,,77,,,,1733861707,2023-08-01 03:53:20,155.0,ca66ac527c958bd3f26f8c86f291fa85de21ec56,1280753,,,,,,,,,,,,,,,,,,,,,,,,,,,,,,,,,,,,,,,,,,,,,,,,,,TN,,,,,,,,,,
autoland,3646670,2,6311658df04f8b9dab1d842cf1ddc69e83bd8127,linux64-qr,,False,,,102210fe594ee9b33d82058545b1ed14f4c8206e,num_static_constructors,compiler_metrics,True,compiler_metrics num_static_constructors opt valgrind,,77,,,,1733863114,2023-08-01 03:53:20,155.0,ca66ac527c958bd3f26f8c86f291fa85de21ec56,1280753,,,,,,,,,,,,,,,,,,,,,,,,,,,,,,,,,,,,,,,,,,,,,,,,,,TN,,,,,,,,,,
autoland,3646670,2,6311658df04f8b9dab1d842cf1ddc69e83bd8127,linux64-qr,,False,,,102210fe594ee9b33d82058545b1ed14f4c8206e,num_static_constructors,compiler_metrics,True,compiler_metrics num_static_constructors opt valgrind,,77,,,,1733848884,2023-08-01 04:02:13,155.0,d5ecff066adaf3a4029a970db93a9f23f1ed2587,1280758,,,,,,,,,,,,,,,,,,,,,,,,,,,,,,,,,,,,,,,,,,,,,,,,,,TN,,,,,,,,,,
autoland,3646670,2,6311658df04f8b9dab1d842cf1ddc69e83bd8127,linux64-qr,,False,,,102210fe594ee9b33d82058545b1ed14f4c8206e,num_static_constructors,compiler_metrics,True,compiler_metrics num_static_constructors opt valgrind,,77,,,,1733935665,2023-08-01 07:01:57,155.0,126361dcaade3460f12fc6fbaaf3166e649fa995,1280796,,,,,,,,,,,,,,,,,,,,,,,,,,,,,,,,,,,,,,,,,,,,,,,,,,TN,,,,,,,,,,
autoland,3646670,2,6311658df04f8b9dab1d842cf1ddc69e83bd8127,linux64-qr,,False,,,102210fe594ee9b33d82058545b1ed14f4c8206e,num_static_constructors,compiler_metrics,True,compiler_metrics num_static_constructors opt valgrind,,77,,,,1733967370,2023-08-01 08:15:56,155.0,5201d6f4a7e8740bd42f08295800c15e0e18cd7e,1280812,,,,,,,,,,,,,,,,,,,,,,,,,,,,,,,,,,,,,,,,,,,,,,,,,,TN,,,,,,,,,,
autoland,3646670,2,6311658df04f8b9dab1d842cf1ddc69e83bd8127,linux64-qr,,False,,,102210fe594ee9b33d82058545b1ed14f4c8206e,num_static_constructors,compiler_metrics,True,compiler_metrics num_static_constructors opt valgrind,,77,,,,1734016216,2023-08-01 10:43:48,155.0,580e042b86309e64afc85321c4af7926c13b02fd,1280895,,,,,,,,,,,,,,,,,,,,,,,,,,,,,,,,,,,,,,,,,,,,,,,,,,TN,,,,,,,,,,
autoland,3646670,2,6311658df04f8b9dab1d842cf1ddc69e83bd8127,linux64-qr,,False,,,102210fe594ee9b33d82058545b1ed14f4c8206e,num_static_constructors,compiler_metrics,True,compiler_metrics num_static_constructors opt valgrind,,77,,,,1734061440,2023-08-01 12:32:45,155.0,90b19e0d07e5d2cd137f135b860f0357df90e338,1280938,,,,,,,,,,,,,,,,,,,,,,,,,,,,,,,,,,,,,,,,,,,,,,,,,,TN,,,,,,,,,,
autoland,3646670,2,6311658df04f8b9dab1d842cf1ddc69e83bd8127,linux64-qr,,False,,,102210fe594ee9b33d82058545b1ed14f4c8206e,num_static_constructors,compiler_metrics,True,compiler_metrics num_static_constructors opt valgrind,,77,,,,1734066882,2023-08-01 12:49:44,155.0,61356e1447e3bb09709883f8b5806a201d39c5a4,1280953,,,,,,,,,,,,,,,,,,,,,,,,,,,,,,,,,,,,,,,,,,,,,,,,,,TN,,,,,,,,,,
autoland,3646670,2,6311658df04f8b9dab1d842cf1ddc69e83bd8127,linux64-qr,,False,,,102210fe594ee9b33d82058545b1ed14f4c8206e,num_static_constructors,compiler_metrics,True,compiler_metrics num_static_constructors opt valgrind,,77,,,,1734121277,2023-08-01 15:00:15,155.0,b3987cdfccbc9b3914ae7e90edd57e0e1e9c23b4,1281022,,,,,,,,,,,,,,,,,,,,,,,,,,,,,,,,,,,,,,,,,,,,,,,,,,TN,,,,,,,,,,
autoland,3646670,2,6311658df04f8b9dab1d842cf1ddc69e83bd8127,linux64-qr,,False,,,102210fe594ee9b33d82058545b1ed14f4c8206e,num_static_constructors,compiler_metrics,True,compiler_metrics num_static_constructors opt valgrind,,77,,,,1734134887,2023-08-01 15:48:38,155.0,ea7df1f8976b5cdf0d7ddbc918c38d7fffcee983,1281058,,,,,,,,,,,,,,,,,,,,,,,,,,,,,,,,,,,,,,,,,,,,,,,,,,TN,,,,,,,,,,
autoland,3646670,2,6311658df04f8b9dab1d842cf1ddc69e83bd8127,linux64-qr,,False,,,102210fe594ee9b33d82058545b1ed14f4c8206e,num_static_constructors,compiler_metrics,True,compiler_metrics num_static_constructors opt valgrind,,77,,,,1734286243,2023-08-01 20:02:17,155.0,fd6f3d21ce3f450906d293c067fdadc62ea991a6,1281212,,,,,,,,,,,,,,,,,,,,,,,,,,,,,,,,,,,,,,,,,,,,,,,,,,TN,,,,,,,,,,
autoland,3646670,2,6311658df04f8b9dab1d842cf1ddc69e83bd8127,linux64-qr,,False,,,102210fe594ee9b33d82058545b1ed14f4c8206e,num_static_constructors,compiler_metrics,True,compiler_metrics num_static_constructors opt valgrind,,77,,,,1734370375,2023-08-02 00:13:38,155.0,323a980eddb18489b9d7de1ffeff427026574b4c,1281337,,,,,,,,,,,,,,,,,,,,,,,,,,,,,,,,,,,,,,,,,,,,,,,,,,TN,,,,,,,,,,
autoland,3646670,2,6311658df04f8b9dab1d842cf1ddc69e83bd8127,linux64-qr,,False,,,102210fe594ee9b33d82058545b1ed14f4c8206e,num_static_constructors,compiler_metrics,True,compiler_metrics num_static_constructors opt valgrind,,77,,,,1734454622,2023-08-02 06:07:22,155.0,7ee1dad073d03db2f730fd5c2baf77f37e458feb,1281414,,,,,,,,,,,,,,,,,,,,,,,,,,,,,,,,,,,,,,,,,,,,,,,,,,TN,,,,,,,,,,
autoland,3646670,2,6311658df04f8b9dab1d842cf1ddc69e83bd8127,linux64-qr,,False,,,102210fe594ee9b33d82058545b1ed14f4c8206e,num_static_constructors,compiler_metrics,True,compiler_metrics num_static_constructors opt valgrind,,77,,,,1734458562,2023-08-02 06:35:09,155.0,a8968f9e8cf0bba14f132004f11b34a8abb93165,1281421,,,,,,,,,,,,,,,,,,,,,,,,,,,,,,,,,,,,,,,,,,,,,,,,,,TN,,,,,,,,,,
autoland,3646670,2,6311658df04f8b9dab1d842cf1ddc69e83bd8127,linux64-qr,,False,,,102210fe594ee9b33d82058545b1ed14f4c8206e,num_static_constructors,compiler_metrics,True,compiler_metrics num_static_constructors opt valgrind,,77,,,,1734541020,2023-08-02 10:39:12,155.0,338c2c8d91af0f92fa1a7a3b5fb1830adb54b373,1281520,,,,,,,,,,,,,,,,,,,,,,,,,,,,,,,,,,,,,,,,,,,,,,,,,,TN,,,,,,,,,,
autoland,3646670,2,6311658df04f8b9dab1d842cf1ddc69e83bd8127,linux64-qr,,False,,,102210fe594ee9b33d82058545b1ed14f4c8206e,num_static_constructors,compiler_metrics,True,compiler_metrics num_static_constructors opt valgrind,,77,,,,1734602178,2023-08-02 12:59:29,155.0,b21c8906db6d0a7e0fbae7e609d90da9cf977fbb,1281568,,,,,,,,,,,,,,,,,,,,,,,,,,,,,,,,,,,,,,,,,,,,,,,,,,TN,,,,,,,,,,
autoland,3646670,2,6311658df04f8b9dab1d842cf1ddc69e83bd8127,linux64-qr,,False,,,102210fe594ee9b33d82058545b1ed14f4c8206e,num_static_constructors,compiler_metrics,True,compiler_metrics num_static_constructors opt valgrind,,77,,,,1734636107,2023-08-02 14:28:35,155.0,14f383e36438456113e18b518afba0d656fb39d6,1281615,,,,,,,,,,,,,,,,,,,,,,,,,,,,,,,,,,,,,,,,,,,,,,,,,,TN,,,,,,,,,,
autoland,3646670,2,6311658df04f8b9dab1d842cf1ddc69e83bd8127,linux64-qr,,False,,,102210fe594ee9b33d82058545b1ed14f4c8206e,num_static_constructors,compiler_metrics,True,compiler_metrics num_static_constructors opt valgrind,,77,,,,1734683525,2023-08-02 16:29:38,155.0,90ca26ab8ee142d08164d3ed9761aa023bc4e2aa,1281697,,,,,,,,,,,,,,,,,,,,,,,,,,,,,,,,,,,,,,,,,,,,,,,,,,TN,,,,,,,,,,
autoland,3646670,2,6311658df04f8b9dab1d842cf1ddc69e83bd8127,linux64-qr,,False,,,102210fe594ee9b33d82058545b1ed14f4c8206e,num_static_constructors,compiler_metrics,True,compiler_metrics num_static_constructors opt valgrind,,77,,,,1734751447,2023-08-02 18:31:29,155.0,c9dc5075dd5fe4574ec5917b89b8cbb9138c4937,1281784,,,,,,,,,,,,,,,,,,,,,,,,,,,,,,,,,,,,,,,,,,,,,,,,,,TN,,,,,,,,,,
autoland,3646670,2,6311658df04f8b9dab1d842cf1ddc69e83bd8127,linux64-qr,,False,,,102210fe594ee9b33d82058545b1ed14f4c8206e,num_static_constructors,compiler_metrics,True,compiler_metrics num_static_constructors opt valgrind,,77,,,,1734913409,2023-08-02 22:17:19,155.0,7141e8c6834d8b8ad83d93418f3d7830d4593b0a,1281945,,,,,,,,,,,,,,,,,,,,,,,,,,,,,,,,,,,,,,,,,,,,,,,,,,TN,,,,,,,,,,
autoland,3646670,2,6311658df04f8b9dab1d842cf1ddc69e83bd8127,linux64-qr,,False,,,102210fe594ee9b33d82058545b1ed14f4c8206e,num_static_constructors,compiler_metrics,True,compiler_metrics num_static_constructors opt valgrind,,77,,,,1734981220,2023-08-03 00:54:50,155.0,9836af94c959ecca4666d7f0c19125b41969ff65,1282044,,,,,,,,,,,,,,,,,,,,,,,,,,,,,,,,,,,,,,,,,,,,,,,,,,TN,,,,,,,,,,
autoland,3646670,2,6311658df04f8b9dab1d842cf1ddc69e83bd8127,linux64-qr,,False,,,102210fe594ee9b33d82058545b1ed14f4c8206e,num_static_constructors,compiler_metrics,True,compiler_metrics num_static_constructors opt valgrind,,77,,,,1734984610,2023-08-03 00:55:51,155.0,c37e853eb755f0f4110f01509516da8c93baf284,1282045,,,,,,,,,,,,,,,,,,,,,,,,,,,,,,,,,,,,,,,,,,,,,,,,,,TN,,,,,,,,,,
autoland,3646670,2,6311658df04f8b9dab1d842cf1ddc69e83bd8127,linux64-qr,,False,,,102210fe594ee9b33d82058545b1ed14f4c8206e,num_static_constructors,compiler_metrics,True,compiler_metrics num_static_constructors opt valgrind,,77,,,,1735003504,2023-08-03 00:55:51,155.0,c37e853eb755f0f4110f01509516da8c93baf284,1282045,,,,,,,,,,,,,,,,,,,,,,,,,,,,,,,,,,,,,,,,,,,,,,,,,,TN,,,,,,,,,,
autoland,3646670,2,6311658df04f8b9dab1d842cf1ddc69e83bd8127,linux64-qr,,False,,,102210fe594ee9b33d82058545b1ed14f4c8206e,num_static_constructors,compiler_metrics,True,compiler_metrics num_static_constructors opt valgrind,,77,,,,1735035303,2023-08-03 00:55:51,155.0,c37e853eb755f0f4110f01509516da8c93baf284,1282045,,,,,,,,,,,,,,,,,,,,,,,,,,,,,,,,,,,,,,,,,,,,,,,,,,TN,,,,,,,,,,
autoland,3646670,2,6311658df04f8b9dab1d842cf1ddc69e83bd8127,linux64-qr,,False,,,102210fe594ee9b33d82058545b1ed14f4c8206e,num_static_constructors,compiler_metrics,True,compiler_metrics num_static_constructors opt valgrind,,77,,,,1735103476,2023-08-03 05:32:27,155.0,1eb2f6905e74aa982d6b71bec524ccfde726bb7b,1282117,,,,,,,,,,,,,,,,,,,,,,,,,,,,,,,,,,,,,,,,,,,,,,,,,,TN,,,,,,,,,,
autoland,3646670,2,6311658df04f8b9dab1d842cf1ddc69e83bd8127,linux64-qr,,False,,,102210fe594ee9b33d82058545b1ed14f4c8206e,num_static_constructors,compiler_metrics,True,compiler_metrics num_static_constructors opt valgrind,,77,,,,1735165017,2023-08-03 08:11:21,155.0,cd52a20c3eadcb6be9d11759fbfe6fe4a1f0c67f,1282152,,,,,,,,,,,,,,,,,,,,,,,,,,,,,,,,,,,,,,,,,,,,,,,,,,TN,,,,,,,,,,
autoland,3646670,2,6311658df04f8b9dab1d842cf1ddc69e83bd8127,linux64-qr,,False,,,102210fe594ee9b33d82058545b1ed14f4c8206e,num_static_constructors,compiler_metrics,True,compiler_metrics num_static_constructors opt valgrind,,77,,,,1735183220,2023-08-03 09:35:33,155.0,6f55c55c40c70eff3b82d3129f516257598ea115,1282197,,,,,,,,,,,,,,,,,,,,,,,,,,,,,,,,,,,,,,,,,,,,,,,,,,TN,,,,,,,,,,
autoland,3646670,2,6311658df04f8b9dab1d842cf1ddc69e83bd8127,linux64-qr,,False,,,102210fe594ee9b33d82058545b1ed14f4c8206e,num_static_constructors,compiler_metrics,True,compiler_metrics num_static_constructors opt valgrind,,77,,,,1735195776,2023-08-03 09:35:33,155.0,6f55c55c40c70eff3b82d3129f516257598ea115,1282197,,,,,,,,,,,,,,,,,,,,,,,,,,,,,,,,,,,,,,,,,,,,,,,,,,TN,,,,,,,,,,
autoland,3646670,2,6311658df04f8b9dab1d842cf1ddc69e83bd8127,linux64-qr,,False,,,102210fe594ee9b33d82058545b1ed14f4c8206e,num_static_constructors,compiler_metrics,True,compiler_metrics num_static_constructors opt valgrind,,77,,,,1735195913,2023-08-03 09:35:33,155.0,6f55c55c40c70eff3b82d3129f516257598ea115,1282197,,,,,,,,,,,,,,,,,,,,,,,,,,,,,,,,,,,,,,,,,,,,,,,,,,TN,,,,,,,,,,
autoland,3646670,2,6311658df04f8b9dab1d842cf1ddc69e83bd8127,linux64-qr,,False,,,102210fe594ee9b33d82058545b1ed14f4c8206e,num_static_constructors,compiler_metrics,True,compiler_metrics num_static_constructors opt valgrind,,77,,,,1735196371,2023-08-03 09:35:33,155.0,6f55c55c40c70eff3b82d3129f516257598ea115,1282197,,,,,,,,,,,,,,,,,,,,,,,,,,,,,,,,,,,,,,,,,,,,,,,,,,TN,,,,,,,,,,
autoland,3646670,2,6311658df04f8b9dab1d842cf1ddc69e83bd8127,linux64-qr,,False,,,102210fe594ee9b33d82058545b1ed14f4c8206e,num_static_constructors,compiler_metrics,True,compiler_metrics num_static_constructors opt valgrind,,77,,,,1735234564,2023-08-03 11:38:24,155.0,9a8ae552959ec73c3546151f30d131552d64bce0,1282235,,,,,,,,,,,,,,,,,,,,,,,,,,,,,,,,,,,,,,,,,,,,,,,,,,TN,,,,,,,,,,
autoland,3646670,2,6311658df04f8b9dab1d842cf1ddc69e83bd8127,linux64-qr,,False,,,102210fe594ee9b33d82058545b1ed14f4c8206e,num_static_constructors,compiler_metrics,True,compiler_metrics num_static_constructors opt valgrind,,77,,,,1735296261,2023-08-03 14:19:08,155.0,588683fe0bb990c5d55a73ef988de35266140b53,1282308,,,,,,,,,,,,,,,,,,,,,,,,,,,,,,,,,,,,,,,,,,,,,,,,,,TN,,,,,,,,,,
autoland,3646670,2,6311658df04f8b9dab1d842cf1ddc69e83bd8127,linux64-qr,,False,,,102210fe594ee9b33d82058545b1ed14f4c8206e,num_static_constructors,compiler_metrics,True,compiler_metrics num_static_constructors opt valgrind,,77,,,,1735311725,2023-08-03 14:19:08,155.0,588683fe0bb990c5d55a73ef988de35266140b53,1282308,,,,,,,,,,,,,,,,,,,,,,,,,,,,,,,,,,,,,,,,,,,,,,,,,,TN,,,,,,,,,,
autoland,3646670,2,6311658df04f8b9dab1d842cf1ddc69e83bd8127,linux64-qr,,False,,,102210fe594ee9b33d82058545b1ed14f4c8206e,num_static_constructors,compiler_metrics,True,compiler_metrics num_static_constructors opt valgrind,,77,,,,1735312795,2023-08-03 14:19:08,155.0,588683fe0bb990c5d55a73ef988de35266140b53,1282308,,,,,,,,,,,,,,,,,,,,,,,,,,,,,,,,,,,,,,,,,,,,,,,,,,TN,,,,,,,,,,
autoland,3646670,2,6311658df04f8b9dab1d842cf1ddc69e83bd8127,linux64-qr,,False,,,102210fe594ee9b33d82058545b1ed14f4c8206e,num_static_constructors,compiler_metrics,True,compiler_metrics num_static_constructors opt valgrind,,77,,,,1735323230,2023-08-03 14:19:08,155.0,588683fe0bb990c5d55a73ef988de35266140b53,1282308,,,,,,,,,,,,,,,,,,,,,,,,,,,,,,,,,,,,,,,,,,,,,,,,,,TN,,,,,,,,,,
autoland,3646670,2,6311658df04f8b9dab1d842cf1ddc69e83bd8127,linux64-qr,,False,,,102210fe594ee9b33d82058545b1ed14f4c8206e,num_static_constructors,compiler_metrics,True,compiler_metrics num_static_constructors opt valgrind,,77,,,,1735329926,2023-08-03 15:46:38,155.0,b801323d1ecc3535a192916c7cb0575710458777,1282361,,,,,,,,,,,,,,,,,,,,,,,,,,,,,,,,,,,,,,,,,,,,,,,,,,TN,,,,,,,,,,
autoland,3646670,2,6311658df04f8b9dab1d842cf1ddc69e83bd8127,linux64-qr,,False,,,102210fe594ee9b33d82058545b1ed14f4c8206e,num_static_constructors,compiler_metrics,True,compiler_metrics num_static_constructors opt valgrind,,77,,,,1735371226,2023-08-03 15:46:38,155.0,b801323d1ecc3535a192916c7cb0575710458777,1282361,,,,,,,,,,,,,,,,,,,,,,,,,,,,,,,,,,,,,,,,,,,,,,,,,,TN,,,,,,,,,,
autoland,3646670,2,6311658df04f8b9dab1d842cf1ddc69e83bd8127,linux64-qr,,False,,,102210fe594ee9b33d82058545b1ed14f4c8206e,num_static_constructors,compiler_metrics,True,compiler_metrics num_static_constructors opt valgrind,,77,,,,1735372230,2023-08-03 15:46:38,155.0,b801323d1ecc3535a192916c7cb0575710458777,1282361,,,,,,,,,,,,,,,,,,,,,,,,,,,,,,,,,,,,,,,,,,,,,,,,,,TN,,,,,,,,,,
autoland,3646670,2,6311658df04f8b9dab1d842cf1ddc69e83bd8127,linux64-qr,,False,,,102210fe594ee9b33d82058545b1ed14f4c8206e,num_static_constructors,compiler_metrics,True,compiler_metrics num_static_constructors opt valgrind,,77,,,,1735372927,2023-08-03 15:46:38,155.0,b801323d1ecc3535a192916c7cb0575710458777,1282361,,,,,,,,,,,,,,,,,,,,,,,,,,,,,,,,,,,,,,,,,,,,,,,,,,TN,,,,,,,,,,
autoland,3646670,2,6311658df04f8b9dab1d842cf1ddc69e83bd8127,linux64-qr,,False,,,102210fe594ee9b33d82058545b1ed14f4c8206e,num_static_constructors,compiler_metrics,True,compiler_metrics num_static_constructors opt valgrind,,77,,,,1735337317,2023-08-03 16:00:50,155.0,58d067f89f59472dc1a89d573ccebb4850863efa,1282374,,,,,,,,,,,,,,,,,,,,,,,,,,,,,,,,,,,,,,,,,,,,,,,,,,TN,,,,,,,,,,
autoland,3646670,2,6311658df04f8b9dab1d842cf1ddc69e83bd8127,linux64-qr,,False,,,102210fe594ee9b33d82058545b1ed14f4c8206e,num_static_constructors,compiler_metrics,True,compiler_metrics num_static_constructors opt valgrind,,77,,,,1735427543,2023-08-03 17:55:53,155.0,61d2e733a10cda7402d3a793706f79bf2b197497,1282447,,,,,,,,,,,,,,,,,,,,,,,,,,,,,,,,,,,,,,,,,,,,,,,,,,TN,,,,,,,,,,
autoland,3646670,2,6311658df04f8b9dab1d842cf1ddc69e83bd8127,linux64-qr,,False,,,102210fe594ee9b33d82058545b1ed14f4c8206e,num_static_constructors,compiler_metrics,True,compiler_metrics num_static_constructors opt valgrind,,77,,,,1735479688,2023-08-03 19:10:36,155.0,8527a2500a35867e4319772e3be1f2756dfcfced,1282500,,,,,,,,,,,,,,,,,,,,,,,,,,,,,,,,,,,,,,,,,,,,,,,,,,TN,,,,,,,,,,
autoland,3646670,2,6311658df04f8b9dab1d842cf1ddc69e83bd8127,linux64-qr,,False,,,102210fe594ee9b33d82058545b1ed14f4c8206e,num_static_constructors,compiler_metrics,True,compiler_metrics num_static_constructors opt valgrind,,77,,,,1735542597,2023-08-03 20:47:28,155.0,39eeca96f07de6bb274c7fa2769af29aafaf256a,1282558,,,,,,,,,,,,,,,,,,,,,,,,,,,,,,,,,,,,,,,,,,,,,,,,,,TN,,,,,,,,,,
autoland,3646670,2,6311658df04f8b9dab1d842cf1ddc69e83bd8127,linux64-qr,,False,,,102210fe594ee9b33d82058545b1ed14f4c8206e,num_static_constructors,compiler_metrics,True,compiler_metrics num_static_constructors opt valgrind,,77,,,,1735610054,2023-08-03 22:02:40,155.0,3922ccc760667154aea7a174114abfacb17fe35e,1282606,,,,,,,,,,,,,,,,,,,,,,,,,,,,,,,,,,,,,,,,,,,,,,,,,,TN,,,,,,,,,,
autoland,3646670,2,6311658df04f8b9dab1d842cf1ddc69e83bd8127,linux64-qr,,False,,,102210fe594ee9b33d82058545b1ed14f4c8206e,num_static_constructors,compiler_metrics,True,compiler_metrics num_static_constructors opt valgrind,,77,,,,1735684180,2023-08-04 02:28:33,155.0,2b60f9868271a131fa342332b78f3968159fa46e,1282715,,,,,,,,,,,,,,,,,,,,,,,,,,,,,,,,,,,,,,,,,,,,,,,,,,TN,,,,,,,,,,
autoland,3646670,2,6311658df04f8b9dab1d842cf1ddc69e83bd8127,linux64-qr,,False,,,102210fe594ee9b33d82058545b1ed14f4c8206e,num_static_constructors,compiler_metrics,True,compiler_metrics num_static_constructors opt valgrind,,77,,,,1735693204,2023-08-04 02:58:49,155.0,f57c6d16e13d6dfb640ca5364fa67903b224c768,1282725,,,,,,,,,,,,,,,,,,,,,,,,,,,,,,,,,,,,,,,,,,,,,,,,,,TN,,,,,,,,,,
autoland,3646670,2,6311658df04f8b9dab1d842cf1ddc69e83bd8127,linux64-qr,,False,,,102210fe594ee9b33d82058545b1ed14f4c8206e,num_static_constructors,compiler_metrics,True,compiler_metrics num_static_constructors opt valgrind,,77,,,,1735796192,2023-08-04 06:28:57,155.0,94da8bb07baea6212776a4b3ddcebff2c08eab98,1282781,,,,,,,,,,,,,,,,,,,,,,,,,,,,,,,,,,,,,,,,,,,,,,,,,,TN,,,,,,,,,,
autoland,3646670,2,6311658df04f8b9dab1d842cf1ddc69e83bd8127,linux64-qr,,False,,,102210fe594ee9b33d82058545b1ed14f4c8206e,num_static_constructors,compiler_metrics,True,compiler_metrics num_static_constructors opt valgrind,,77,,,,1735814971,2023-08-04 06:28:57,155.0,94da8bb07baea6212776a4b3ddcebff2c08eab98,1282781,,,,,,,,,,,,,,,,,,,,,,,,,,,,,,,,,,,,,,,,,,,,,,,,,,TN,,,,,,,,,,
autoland,3646670,2,6311658df04f8b9dab1d842cf1ddc69e83bd8127,linux64-qr,,False,,,102210fe594ee9b33d82058545b1ed14f4c8206e,num_static_constructors,compiler_metrics,True,compiler_metrics num_static_constructors opt valgrind,,77,,,,1735840217,2023-08-04 09:04:37,155.0,386212864d07a46141ce5bca1ef4988cefa4bad7,1282830,,,,,,,,,,,,,,,,,,,,,,,,,,,,,,,,,,,,,,,,,,,,,,,,,,TN,,,,,,,,,,
autoland,3646670,2,6311658df04f8b9dab1d842cf1ddc69e83bd8127,linux64-qr,,False,,,102210fe594ee9b33d82058545b1ed14f4c8206e,num_static_constructors,compiler_metrics,True,compiler_metrics num_static_constructors opt valgrind,,77,,,,1735854300,2023-08-04 09:04:37,155.0,386212864d07a46141ce5bca1ef4988cefa4bad7,1282830,,,,,,,,,,,,,,,,,,,,,,,,,,,,,,,,,,,,,,,,,,,,,,,,,,TN,,,,,,,,,,
autoland,3646670,2,6311658df04f8b9dab1d842cf1ddc69e83bd8127,linux64-qr,,False,,,102210fe594ee9b33d82058545b1ed14f4c8206e,num_static_constructors,compiler_metrics,True,compiler_metrics num_static_constructors opt valgrind,,77,,,,1735920389,2023-08-04 12:20:05,155.0,6fa3fbb55911280e3ce9f1b5a23324c6610f23d3,1282905,,,,,,,,,,,,,,,,,,,,,,,,,,,,,,,,,,,,,,,,,,,,,,,,,,TN,,,,,,,,,,
autoland,3646670,2,6311658df04f8b9dab1d842cf1ddc69e83bd8127,linux64-qr,,False,,,102210fe594ee9b33d82058545b1ed14f4c8206e,num_static_constructors,compiler_metrics,True,compiler_metrics num_static_constructors opt valgrind,,77,,,,1735937949,2023-08-04 13:05:51,155.0,3a8e173a97d02ae7b0aa11e9ca6f35b1fe8fa926,1282936,,,,,,,,,,,,,,,,,,,,,,,,,,,,,,,,,,,,,,,,,,,,,,,,,,TN,,,,,,,,,,
autoland,3646670,2,6311658df04f8b9dab1d842cf1ddc69e83bd8127,linux64-qr,,False,,,102210fe594ee9b33d82058545b1ed14f4c8206e,num_static_constructors,compiler_metrics,True,compiler_metrics num_static_constructors opt valgrind,,77,,,,1735968003,2023-08-04 14:26:38,155.0,8b506ab414513f3320eb7747254e94b37808bb75,1282995,,,,,,,,,,,,,,,,,,,,,,,,,,,,,,,,,,,,,,,,,,,,,,,,,,TN,,,,,,,,,,
autoland,3646670,2,6311658df04f8b9dab1d842cf1ddc69e83bd8127,linux64-qr,,False,,,102210fe594ee9b33d82058545b1ed14f4c8206e,num_static_constructors,compiler_metrics,True,compiler_metrics num_static_constructors opt valgrind,,77,,,,1736017576,2023-08-04 15:39:17,155.0,478632b0cc4982639276a4a817165ac49ca8fb6e,1283044,,,,,,,,,,,,,,,,,,,,,,,,,,,,,,,,,,,,,,,,,,,,,,,,,,TN,,,,,,,,,,
autoland,3646670,2,6311658df04f8b9dab1d842cf1ddc69e83bd8127,linux64-qr,,False,,,102210fe594ee9b33d82058545b1ed14f4c8206e,num_static_constructors,compiler_metrics,True,compiler_metrics num_static_constructors opt valgrind,,77,,,,1736068821,2023-08-04 17:20:09,155.0,e8c6dc4a318cb8af6210801b4271ea32ee9f324a,1283108,,,,,,,,,,,,,,,,,,,,,,,,,,,,,,,,,,,,,,,,,,,,,,,,,,TN,,,,,,,,,,
autoland,3646670,2,6311658df04f8b9dab1d842cf1ddc69e83bd8127,linux64-qr,,False,,,102210fe594ee9b33d82058545b1ed14f4c8206e,num_static_constructors,compiler_metrics,True,compiler_metrics num_static_constructors opt valgrind,,77,,,,1736202373,2023-08-04 19:38:37,155.0,b1999731b58a5e89504ba1e380b932dc1ba9e477,1283179,,,,,,,,,,,,,,,,,,,,,,,,,,,,,,,,,,,,,,,,,,,,,,,,,,TN,,,,,,,,,,
autoland,3646670,2,6311658df04f8b9dab1d842cf1ddc69e83bd8127,linux64-qr,,False,,,102210fe594ee9b33d82058545b1ed14f4c8206e,num_static_constructors,compiler_metrics,True,compiler_metrics num_static_constructors opt valgrind,,77,,,,1736228661,2023-08-04 21:22:40,155.0,de6dcf5a4c0eec5ef6847cde00ec5da4fcee2e8c,1283226,,,,,,,,,,,,,,,,,,,,,,,,,,,,,,,,,,,,,,,,,,,,,,,,,,TN,,,,,,,,,,
autoland,3646670,2,6311658df04f8b9dab1d842cf1ddc69e83bd8127,linux64-qr,,False,,,102210fe594ee9b33d82058545b1ed14f4c8206e,num_static_constructors,compiler_metrics,True,compiler_metrics num_static_constructors opt valgrind,,77,,,,1736285471,2023-08-04 23:16:08,155.0,421628bd5a5c1cf8c64cb86994b1e6dc738abb49,1283269,,,,,,,,,,,,,,,,,,,,,,,,,,,,,,,,,,,,,,,,,,,,,,,,,,TN,,,,,,,,,,
autoland,3646670,2,6311658df04f8b9dab1d842cf1ddc69e83bd8127,linux64-qr,,False,,,102210fe594ee9b33d82058545b1ed14f4c8206e,num_static_constructors,compiler_metrics,True,compiler_metrics num_static_constructors opt valgrind,,77,,,,1736427822,2023-08-05 11:44:34,155.0,9e73058ab4aadee7e12b26a9be296b2bbc04cf74,1283328,,,,,,,,,,,,,,,,,,,,,,,,,,,,,,,,,,,,,,,,,,,,,,,,,,TN,,,,,,,,,,
autoland,3646670,2,6311658df04f8b9dab1d842cf1ddc69e83bd8127,linux64-qr,,False,,,102210fe594ee9b33d82058545b1ed14f4c8206e,num_static_constructors,compiler_metrics,True,compiler_metrics num_static_constructors opt valgrind,,77,,,,1736455401,2023-08-05 16:15:02,155.0,b0538d39e8c853c9e07b359df9c740d5175e7077,1283346,,,,,,,,,,,,,,,,,,,,,,,,,,,,,,,,,,,,,,,,,,,,,,,,,,TN,,,,,,,,,,
autoland,3646670,2,6311658df04f8b9dab1d842cf1ddc69e83bd8127,linux64-qr,,False,,,102210fe594ee9b33d82058545b1ed14f4c8206e,num_static_constructors,compiler_metrics,True,compiler_metrics num_static_constructors opt valgrind,,77,,,,1736599297,2023-08-06 23:55:51,155.0,a777f43c4d9cabe80f2fc3aea6bf95c7e3e9c4c1,1283445,,,,,,,,,,,,,,,,,,,,,,,,,,,,,,,,,,,,,,,,,,,,,,,,,,TN,,,,,,,,,,
autoland,3646670,2,6311658df04f8b9dab1d842cf1ddc69e83bd8127,linux64-qr,,False,,,102210fe594ee9b33d82058545b1ed14f4c8206e,num_static_constructors,compiler_metrics,True,compiler_metrics num_static_constructors opt valgrind,,77,,,,1736637875,2023-08-07 02:09:17,155.0,a86a27857ef685b0547d023a29fb8c8bb3f8fc1d,1283462,,,,,,,,,,,,,,,,,,,,,,,,,,,,,,,,,,,,,,,,,,,,,,,,,,TN,,,,,,,,,,
autoland,3646670,2,6311658df04f8b9dab1d842cf1ddc69e83bd8127,linux64-qr,,False,,,102210fe594ee9b33d82058545b1ed14f4c8206e,num_static_constructors,compiler_metrics,True,compiler_metrics num_static_constructors opt valgrind,,77,,,,1736688732,2023-08-07 06:19:47,155.0,6d877fdb9a1e892fe6528a26aab81b53cfae55c5,1283519,,,,,,,,,,,,,,,,,,,,,,,,,,,,,,,,,,,,,,,,,,,,,,,,,,TN,,,,,,,,,,
autoland,3646670,2,6311658df04f8b9dab1d842cf1ddc69e83bd8127,linux64-qr,,False,,,102210fe594ee9b33d82058545b1ed14f4c8206e,num_static_constructors,compiler_metrics,True,compiler_metrics num_static_constructors opt valgrind,,77,,,,1736738538,2023-08-07 09:17:55,155.0,2f07664dbc304adeae1029ead0f4ab014aaa02a8,1283581,,,,,,,,,,,,,,,,,,,,,,,,,,,,,,,,,,,,,,,,,,,,,,,,,,TN,,,,,,,,,,
autoland,3646670,2,6311658df04f8b9dab1d842cf1ddc69e83bd8127,linux64-qr,,False,,,102210fe594ee9b33d82058545b1ed14f4c8206e,num_static_constructors,compiler_metrics,True,compiler_metrics num_static_constructors opt valgrind,,77,,,,1736848015,2023-08-07 13:44:02,155.0,d59d0a5038b29cdbcbb2d4b003d642a2617e297f,1283713,,,,,,,,,,,,,,,,,,,,,,,,,,,,,,,,,,,,,,,,,,,,,,,,,,TN,,,,,,,,,,
autoland,3646670,2,6311658df04f8b9dab1d842cf1ddc69e83bd8127,linux64-qr,,False,,,102210fe594ee9b33d82058545b1ed14f4c8206e,num_static_constructors,compiler_metrics,True,compiler_metrics num_static_constructors opt valgrind,,77,,,,1736886380,2023-08-07 15:12:31,155.0,e3a3324b173207c243474488ece9d638e3e63957,1283768,,,,,,,,,,,,,,,,,,,,,,,,,,,,,,,,,,,,,,,,,,,,,,,,,,TN,,,,,,,,,,
autoland,3646670,2,6311658df04f8b9dab1d842cf1ddc69e83bd8127,linux64-qr,,False,,,102210fe594ee9b33d82058545b1ed14f4c8206e,num_static_constructors,compiler_metrics,True,compiler_metrics num_static_constructors opt valgrind,,77,,,,1736935868,2023-08-07 16:46:35,155.0,969534e114528550edbcaf30931bc5e255ac2475,1283815,,,,,,,,,,,,,,,,,,,,,,,,,,,,,,,,,,,,,,,,,,,,,,,,,,TN,,,,,,,,,,
autoland,3646670,2,6311658df04f8b9dab1d842cf1ddc69e83bd8127,linux64-qr,,False,,,102210fe594ee9b33d82058545b1ed14f4c8206e,num_static_constructors,compiler_metrics,True,compiler_metrics num_static_constructors opt valgrind,,77,,,,1736953470,2023-08-07 16:46:35,155.0,969534e114528550edbcaf30931bc5e255ac2475,1283815,,,,,,,,,,,,,,,,,,,,,,,,,,,,,,,,,,,,,,,,,,,,,,,,,,TN,,,,,,,,,,
autoland,3646670,2,6311658df04f8b9dab1d842cf1ddc69e83bd8127,linux64-qr,,False,,,102210fe594ee9b33d82058545b1ed14f4c8206e,num_static_constructors,compiler_metrics,True,compiler_metrics num_static_constructors opt valgrind,,77,,,,1736973471,2023-08-07 16:46:35,155.0,969534e114528550edbcaf30931bc5e255ac2475,1283815,,,,,,,,,,,,,,,,,,,,,,,,,,,,,,,,,,,,,,,,,,,,,,,,,,TN,,,,,,,,,,
autoland,3646670,2,6311658df04f8b9dab1d842cf1ddc69e83bd8127,linux64-qr,,False,,,102210fe594ee9b33d82058545b1ed14f4c8206e,num_static_constructors,compiler_metrics,True,compiler_metrics num_static_constructors opt valgrind,,77,,,,1736995949,2023-08-07 19:52:06,155.0,c745a1ae4d51e020e3ee68409051efd1cfa8d8f2,1283897,,,,,,,,,,,,,,,,,,,,,,,,,,,,,,,,,,,,,,,,,,,,,,,,,,TN,,,,,,,,,,
autoland,3646670,2,6311658df04f8b9dab1d842cf1ddc69e83bd8127,linux64-qr,,False,,,102210fe594ee9b33d82058545b1ed14f4c8206e,num_static_constructors,compiler_metrics,True,compiler_metrics num_static_constructors opt valgrind,,77,,,,1737009139,2023-08-07 20:52:42,155.0,588b596bcb73c4c9cf235c8df1dc04fc9475c321,1283921,,,,,,,,,,,,,,,,,,,,,,,,,,,,,,,,,,,,,,,,,,,,,,,,,,TN,,,,,,,,,,
autoland,3646670,2,6311658df04f8b9dab1d842cf1ddc69e83bd8127,linux64-qr,,False,,,102210fe594ee9b33d82058545b1ed14f4c8206e,num_static_constructors,compiler_metrics,True,compiler_metrics num_static_constructors opt valgrind,,77,,,,1737015592,2023-08-07 21:31:10,155.0,0d1a783351f683e500d6e8f83d3dc430b2afdcbf,1283941,,,,,,,,,,,,,,,,,,,,,,,,,,,,,,,,,,,,,,,,,,,,,,,,,,TN,,,,,,,,,,
autoland,3646670,2,6311658df04f8b9dab1d842cf1ddc69e83bd8127,linux64-qr,,False,,,102210fe594ee9b33d82058545b1ed14f4c8206e,num_static_constructors,compiler_metrics,True,compiler_metrics num_static_constructors opt valgrind,,77,,,,1737183365,2023-08-08 01:47:48,155.0,7053ad5afbc40a1a98d9e4e447c98e2fd6d70f04,1284029,,,,,,,,,,,,,,,,,,,,,,,,,,,,,,,,,,,,,,,,,,,,,,,,,,TN,,,,,,,,,,
autoland,3646670,2,6311658df04f8b9dab1d842cf1ddc69e83bd8127,linux64-qr,,False,,,102210fe594ee9b33d82058545b1ed14f4c8206e,num_static_constructors,compiler_metrics,True,compiler_metrics num_static_constructors opt valgrind,,77,,,,1737283148,2023-08-08 08:03:57,155.0,201950bdeb03d34c7ad70702b52d28c3e0f6a448,1284128,,,,,,,,,,,,,,,,,,,,,,,,,,,,,,,,,,,,,,,,,,,,,,,,,,TN,,,,,,,,,,
autoland,3646670,2,6311658df04f8b9dab1d842cf1ddc69e83bd8127,linux64-qr,,False,,,102210fe594ee9b33d82058545b1ed14f4c8206e,num_static_constructors,compiler_metrics,True,compiler_metrics num_static_constructors opt valgrind,,77,,,,1737318113,2023-08-08 10:21:00,155.0,c085100a9a96f54c8ca8ad1a8252a97e6071978e,1284182,,,,,,,,,,,,,,,,,,,,,,,,,,,,,,,,,,,,,,,,,,,,,,,,,,TN,,,,,,,,,,
autoland,3646670,2,6311658df04f8b9dab1d842cf1ddc69e83bd8127,linux64-qr,,False,,,102210fe594ee9b33d82058545b1ed14f4c8206e,num_static_constructors,compiler_metrics,True,compiler_metrics num_static_constructors opt valgrind,,77,,,,1737349067,2023-08-08 12:10:40,155.0,d1fbe6c1f87656fb4f55677904f55f6df433ea9a,1284255,,,,,,,,,,,,,,,,,,,,,,,,,,,,,,,,,,,,,,,,,,,,,,,,,,TN,,,,,,,,,,
autoland,3646670,2,6311658df04f8b9dab1d842cf1ddc69e83bd8127,linux64-qr,,False,,,102210fe594ee9b33d82058545b1ed14f4c8206e,num_static_constructors,compiler_metrics,True,compiler_metrics num_static_constructors opt valgrind,,77,,,,1737357300,2023-08-08 12:20:31,155.0,062a5e5729067f579bd6d1ab2f1a3021d7fd291a,1284261,,,,,,,,,,,,,,,,,,,,,,,,,,,,,,,,,,,,,,,,,,,,,,,,,,TN,,,,,,,,,,
autoland,3646670,2,6311658df04f8b9dab1d842cf1ddc69e83bd8127,linux64-qr,,False,,,102210fe594ee9b33d82058545b1ed14f4c8206e,num_static_constructors,compiler_metrics,True,compiler_metrics num_static_constructors opt valgrind,,77,,,,1737444055,2023-08-08 15:27:50,155.0,79945cdcc7d0101ba5bae6d6824398980efa498f,1284369,,,,,,,,,,,,,,,,,,,,,,,,,,,,,,,,,,,,,,,,,,,,,,,,,,TN,,,,,,,,,,
autoland,3646670,2,6311658df04f8b9dab1d842cf1ddc69e83bd8127,linux64-qr,,False,,,102210fe594ee9b33d82058545b1ed14f4c8206e,num_static_constructors,compiler_metrics,True,compiler_metrics num_static_constructors opt valgrind,,77,,,,1737452383,2023-08-08 16:23:23,155.0,855c69dcdcc457c3e5a54150cdd89a71a2527e2b,1284396,,,,,,,,,,,,,,,,,,,,,,,,,,,,,,,,,,,,,,,,,,,,,,,,,,TN,,,,,,,,,,
autoland,3646670,2,6311658df04f8b9dab1d842cf1ddc69e83bd8127,linux64-qr,,False,,,102210fe594ee9b33d82058545b1ed14f4c8206e,num_static_constructors,compiler_metrics,True,compiler_metrics num_static_constructors opt valgrind,,77,,,,1737497283,2023-08-08 18:03:32,155.0,b19ed5a6579d312e71c03201698107835378c612,1284479,,,,,,,,,,,,,,,,,,,,,,,,,,,,,,,,,,,,,,,,,,,,,,,,,,TN,,,,,,,,,,
autoland,3646670,2,6311658df04f8b9dab1d842cf1ddc69e83bd8127,linux64-qr,,False,,,102210fe594ee9b33d82058545b1ed14f4c8206e,num_static_constructors,compiler_metrics,True,compiler_metrics num_static_constructors opt valgrind,,77,,,,1737563681,2023-08-08 19:55:15,154.0,bba5882e477194c707591d8cd6e8ea741f9c73f4,1284543,,,,,,,,,,,,,,,,,,,,,,,,,,,,,,,,,,,,,,,,,,,,,,,,,,TN,,,,,,,,,,
autoland,3646670,2,6311658df04f8b9dab1d842cf1ddc69e83bd8127,linux64-qr,,False,,,102210fe594ee9b33d82058545b1ed14f4c8206e,num_static_constructors,compiler_metrics,True,compiler_metrics num_static_constructors opt valgrind,,77,,,,1737612552,2023-08-08 21:27:09,154.0,4abb9ce2fb8e4174171b3478d6f28b78bf3f214a,1284603,,,,,,,,,,,,,,,,,,,,,,,,,,,,,,,,,,,,,,,,,,,,,,,,,,TN,,,,,,,,,,
autoland,3646670,2,6311658df04f8b9dab1d842cf1ddc69e83bd8127,linux64-qr,,False,,,102210fe594ee9b33d82058545b1ed14f4c8206e,num_static_constructors,compiler_metrics,True,compiler_metrics num_static_constructors opt valgrind,,77,,,,1737742186,2023-08-09 01:17:28,155.0,e20332cad1b4b44d6393073713a2c61914f43029,1284735,,,,,,,,,,,,,,,,,,,,,,,,,,,,,,,,,,,,,,,,,,,,,,,,,,TN,,,,,,,,,,
autoland,3646670,2,6311658df04f8b9dab1d842cf1ddc69e83bd8127,linux64-qr,,False,,,102210fe594ee9b33d82058545b1ed14f4c8206e,num_static_constructors,compiler_metrics,True,compiler_metrics num_static_constructors opt valgrind,,77,,,,1737756099,2023-08-09 02:34:29,155.0,25a29224e55d9a839d6fddde206208a453535ec8,1284750,,,,,,,,,,,,,,,,,,,,,,,,,,,,,,,,,,,,,,,,,,,,,,,,,,TN,,,,,,,,,,
autoland,3646670,2,6311658df04f8b9dab1d842cf1ddc69e83bd8127,linux64-qr,,False,,,102210fe594ee9b33d82058545b1ed14f4c8206e,num_static_constructors,compiler_metrics,True,compiler_metrics num_static_constructors opt valgrind,,77,,,,1737915160,2023-08-09 10:32:43,155.0,a88b93419ed90c6046351bf87ce7abd219e463a1,1284929,,,,,,,,,,,,,,,,,,,,,,,,,,,,,,,,,,,,,,,,,,,,,,,,,,TN,,,,,,,,,,
autoland,3646670,2,6311658df04f8b9dab1d842cf1ddc69e83bd8127,linux64-qr,,False,,,102210fe594ee9b33d82058545b1ed14f4c8206e,num_static_constructors,compiler_metrics,True,compiler_metrics num_static_constructors opt valgrind,,77,,,,1737942848,2023-08-09 11:20:16,155.0,54b34c76db4740af9c65f043f70519a76975da83,1284945,,,,,,,,,,,,,,,,,,,,,,,,,,,,,,,,,,,,,,,,,,,,,,,,,,TN,,,,,,,,,,
autoland,3646670,2,6311658df04f8b9dab1d842cf1ddc69e83bd8127,linux64-qr,,False,,,102210fe594ee9b33d82058545b1ed14f4c8206e,num_static_constructors,compiler_metrics,True,compiler_metrics num_static_constructors opt valgrind,,77,,,,1737989151,2023-08-09 13:49:06,155.0,46b5603cd2b8de629b659ec8d44fc7b086782c46,1285020,,,,,,,,,,,,,,,,,,,,,,,,,,,,,,,,,,,,,,,,,,,,,,,,,,TN,,,,,,,,,,
autoland,3646670,2,6311658df04f8b9dab1d842cf1ddc69e83bd8127,linux64-qr,,False,,,102210fe594ee9b33d82058545b1ed14f4c8206e,num_static_constructors,compiler_metrics,True,compiler_metrics num_static_constructors opt valgrind,,77,,,,1738022438,2023-08-09 15:37:32,156.0,6ef20c4df69a1425d3b0e77ca7b0fa60402a4ea0,1285096,,,,,,,,,,,,,,,,,,,,,,,,,,,,,,,,,,,,,,,,,,,,,,,,,,TN,,,,,,,,,,
autoland,3646670,2,6311658df04f8b9dab1d842cf1ddc69e83bd8127,linux64-qr,,False,,,102210fe594ee9b33d82058545b1ed14f4c8206e,num_static_constructors,compiler_metrics,True,compiler_metrics num_static_constructors opt valgrind,,77,,,,1738110055,2023-08-09 17:29:37,155.0,299828b58af2fd55f393babed8ea8db6425040df,1285186,,,,,,,,,,,,,,,,,,,,,,,,,,,,,,,,,,,,,,,,,,,,,,,,,,TN,,,,,,,,,,
autoland,3646670,2,6311658df04f8b9dab1d842cf1ddc69e83bd8127,linux64-qr,,False,,,102210fe594ee9b33d82058545b1ed14f4c8206e,num_static_constructors,compiler_metrics,True,compiler_metrics num_static_constructors opt valgrind,,77,,,,1738152059,2023-08-09 17:29:37,155.0,299828b58af2fd55f393babed8ea8db6425040df,1285186,,,,,,,,,,,,,,,,,,,,,,,,,,,,,,,,,,,,,,,,,,,,,,,,,,TN,,,,,,,,,,
autoland,3646670,2,6311658df04f8b9dab1d842cf1ddc69e83bd8127,linux64-qr,,False,,,102210fe594ee9b33d82058545b1ed14f4c8206e,num_static_constructors,compiler_metrics,True,compiler_metrics num_static_constructors opt valgrind,,77,,,,1738178812,2023-08-09 19:14:29,155.0,ad5d672f8dd68ffe9dad4c9241d2efb686f6afae,1285272,,,,,,,,,,,,,,,,,,,,,,,,,,,,,,,,,,,,,,,,,,,,,,,,,,TN,,,,,,,,,,
autoland,3646670,2,6311658df04f8b9dab1d842cf1ddc69e83bd8127,linux64-qr,,False,,,102210fe594ee9b33d82058545b1ed14f4c8206e,num_static_constructors,compiler_metrics,True,compiler_metrics num_static_constructors opt valgrind,,77,,,,1738271269,2023-08-09 20:56:32,154.0,9766f63db97d1b85b2f2f47d2b3cb3ee3782ae85,1285337,,,,,,,,,,,,,,,,,,,,,,,,,,,,,,,,,,,,,,,,,,,,,,,,,,TN,,,,,,,,,,
autoland,3646670,2,6311658df04f8b9dab1d842cf1ddc69e83bd8127,linux64-qr,,False,,,102210fe594ee9b33d82058545b1ed14f4c8206e,num_static_constructors,compiler_metrics,True,compiler_metrics num_static_constructors opt valgrind,,77,,,,1738300758,2023-08-09 22:42:55,154.0,6aa8174d4b572810836efdfa141937b2c9a55ac5,1285396,,,,,,,,,,,,,,,,,,,,,,,,,,,,,,,,,,,,,,,,,,,,,,,,,,TN,,,,,,,,,,
autoland,3646670,2,6311658df04f8b9dab1d842cf1ddc69e83bd8127,linux64-qr,,False,,,102210fe594ee9b33d82058545b1ed14f4c8206e,num_static_constructors,compiler_metrics,True,compiler_metrics num_static_constructors opt valgrind,,77,,,,1738360424,2023-08-10 01:02:34,154.0,b2b54f91567d2de224314e03fc81ba6e815e2fa7,1285442,,,,,,,,,,,,,,,,,,,,,,,,,,,,,,,,,,,,,,,,,,,,,,,,,,TN,,,,,,,,,,
autoland,3646670,2,6311658df04f8b9dab1d842cf1ddc69e83bd8127,linux64-qr,,False,,,102210fe594ee9b33d82058545b1ed14f4c8206e,num_static_constructors,compiler_metrics,True,compiler_metrics num_static_constructors opt valgrind,,77,,,,1738394545,2023-08-10 02:22:08,154.0,7704c89f0e6bc2ca33282a228b42fb5cd7aa072c,1285454,,,,,,,,,,,,,,,,,,,,,,,,,,,,,,,,,,,,,,,,,,,,,,,,,,TN,,,,,,,,,,
autoland,3646670,2,6311658df04f8b9dab1d842cf1ddc69e83bd8127,linux64-qr,,False,,,102210fe594ee9b33d82058545b1ed14f4c8206e,num_static_constructors,compiler_metrics,True,compiler_metrics num_static_constructors opt valgrind,,77,,,,1738448145,2023-08-10 04:54:08,154.0,9c6fae7b8434eeb8669512a0a0a3dced739b5a5c,1285490,,,,,,,,,,,,,,,,,,,,,,,,,,,,,,,,,,,,,,,,,,,,,,,,,,TN,,,,,,,,,,
autoland,3646670,2,6311658df04f8b9dab1d842cf1ddc69e83bd8127,linux64-qr,,False,,,102210fe594ee9b33d82058545b1ed14f4c8206e,num_static_constructors,compiler_metrics,True,compiler_metrics num_static_constructors opt valgrind,,77,,,,1738496173,2023-08-10 06:54:21,154.0,24eb42c9b3d9f910ba5afe124232608f70532552,1285524,,,,,,,,,,,,,,,,,,,,,,,,,,,,,,,,,,,,,,,,,,,,,,,,,,TN,,,,,,,,,,
autoland,3646670,2,6311658df04f8b9dab1d842cf1ddc69e83bd8127,linux64-qr,,False,,,102210fe594ee9b33d82058545b1ed14f4c8206e,num_static_constructors,compiler_metrics,True,compiler_metrics num_static_constructors opt valgrind,,77,,,,1738519632,2023-08-10 07:38:16,154.0,f688cd32ea991c3f0e62e19b43efc48cb4cc183a,1285542,,,,,,,,,,,,,,,,,,,,,,,,,,,,,,,,,,,,,,,,,,,,,,,,,,TN,,,,,,,,,,
autoland,3646670,2,6311658df04f8b9dab1d842cf1ddc69e83bd8127,linux64-qr,,False,,,102210fe594ee9b33d82058545b1ed14f4c8206e,num_static_constructors,compiler_metrics,True,compiler_metrics num_static_constructors opt valgrind,,77,,,,1738567306,2023-08-10 10:16:22,154.0,8ecadc92a76cf2506983d62e20aa4d4a6616c436,1285619,,,,,,,,,,,,,,,,,,,,,,,,,,,,,,,,,,,,,,,,,,,,,,,,,,TN,,,,,,,,,,
autoland,3646670,2,6311658df04f8b9dab1d842cf1ddc69e83bd8127,linux64-qr,,False,,,102210fe594ee9b33d82058545b1ed14f4c8206e,num_static_constructors,compiler_metrics,True,compiler_metrics num_static_constructors opt valgrind,,77,,,,1738602244,2023-08-10 11:47:02,154.0,b544a2a999190b3345911b807fac8392e1360811,1285658,,,,,,,,,,,,,,,,,,,,,,,,,,,,,,,,,,,,,,,,,,,,,,,,,,TN,,,,,,,,,,
autoland,3646670,2,6311658df04f8b9dab1d842cf1ddc69e83bd8127,linux64-qr,,False,,,102210fe594ee9b33d82058545b1ed14f4c8206e,num_static_constructors,compiler_metrics,True,compiler_metrics num_static_constructors opt valgrind,,77,,,,1738649099,2023-08-10 13:06:38,154.0,11f47f2a1cf08c1e0b5bb6374f2a7dd1f49c8cac,1285701,,,,,,,,,,,,,,,,,,,,,,,,,,,,,,,,,,,,,,,,,,,,,,,,,,TN,,,,,,,,,,
autoland,3646670,2,6311658df04f8b9dab1d842cf1ddc69e83bd8127,linux64-qr,,False,,,102210fe594ee9b33d82058545b1ed14f4c8206e,num_static_constructors,compiler_metrics,True,compiler_metrics num_static_constructors opt valgrind,,77,,,,1738687768,2023-08-10 14:38:05,154.0,011f485e2a42645fdb3937357d29c58ab3b703af,1285748,,,,,,,,,,,,,,,,,,,,,,,,,,,,,,,,,,,,,,,,,,,,,,,,,,TN,,,,,,,,,,
autoland,3646670,2,6311658df04f8b9dab1d842cf1ddc69e83bd8127,linux64-qr,,False,,,102210fe594ee9b33d82058545b1ed14f4c8206e,num_static_constructors,compiler_metrics,True,compiler_metrics num_static_constructors opt valgrind,,77,,,,1738726309,2023-08-10 16:07:39,154.0,42a4b2af29229dbfd0675767afaf6965d292e4a7,1285800,,,,,,,,,,,,,,,,,,,,,,,,,,,,,,,,,,,,,,,,,,,,,,,,,,TN,,,,,,,,,,
autoland,3646670,2,6311658df04f8b9dab1d842cf1ddc69e83bd8127,linux64-qr,,False,,,102210fe594ee9b33d82058545b1ed14f4c8206e,num_static_constructors,compiler_metrics,True,compiler_metrics num_static_constructors opt valgrind,,77,,,,1738902187,2023-08-10 16:07:39,154.0,42a4b2af29229dbfd0675767afaf6965d292e4a7,1285800,,,,,,,,,,,,,,,,,,,,,,,,,,,,,,,,,,,,,,,,,,,,,,,,,,TN,,,,,,,,,,
autoland,3646670,2,6311658df04f8b9dab1d842cf1ddc69e83bd8127,linux64-qr,,False,,,102210fe594ee9b33d82058545b1ed14f4c8206e,num_static_constructors,compiler_metrics,True,compiler_metrics num_static_constructors opt valgrind,,77,,,,1738905147,2023-08-10 16:07:39,154.0,42a4b2af29229dbfd0675767afaf6965d292e4a7,1285800,,,,,,,,,,,,,,,,,,,,,,,,,,,,,,,,,,,,,,,,,,,,,,,,,,TN,,,,,,,,,,
autoland,3646670,2,6311658df04f8b9dab1d842cf1ddc69e83bd8127,linux64-qr,,False,,,102210fe594ee9b33d82058545b1ed14f4c8206e,num_static_constructors,compiler_metrics,True,compiler_metrics num_static_constructors opt valgrind,,77,,,,1738906586,2023-08-10 16:07:39,154.0,42a4b2af29229dbfd0675767afaf6965d292e4a7,1285800,,,,,,,,,,,,,,,,,,,,,,,,,,,,,,,,,,,,,,,,,,,,,,,,,,TN,,,,,,,,,,
autoland,3646670,2,6311658df04f8b9dab1d842cf1ddc69e83bd8127,linux64-qr,,False,,,102210fe594ee9b33d82058545b1ed14f4c8206e,num_static_constructors,compiler_metrics,True,compiler_metrics num_static_constructors opt valgrind,,77,,,,1738909243,2023-08-10 16:07:39,154.0,42a4b2af29229dbfd0675767afaf6965d292e4a7,1285800,,,,,,,,,,,,,,,,,,,,,,,,,,,,,,,,,,,,,,,,,,,,,,,,,,TN,,,,,,,,,,
autoland,3646670,2,6311658df04f8b9dab1d842cf1ddc69e83bd8127,linux64-qr,,False,,,102210fe594ee9b33d82058545b1ed14f4c8206e,num_static_constructors,compiler_metrics,True,compiler_metrics num_static_constructors opt valgrind,,77,,,,1738903409,2023-08-10 16:08:34,154.0,bd605fc6cb3ea7ad58f7d8ec43da4920ad48a9fa,1285802,,,,,,,,,,,,,,,,,,,,,,,,,,,,,,,,,,,,,,,,,,,,,,,,,,TN,,,,,,,,,,
autoland,3646670,2,6311658df04f8b9dab1d842cf1ddc69e83bd8127,linux64-qr,,False,,,102210fe594ee9b33d82058545b1ed14f4c8206e,num_static_constructors,compiler_metrics,True,compiler_metrics num_static_constructors opt valgrind,,77,,,,1738908051,2023-08-10 16:08:34,154.0,bd605fc6cb3ea7ad58f7d8ec43da4920ad48a9fa,1285802,,,,,,,,,,,,,,,,,,,,,,,,,,,,,,,,,,,,,,,,,,,,,,,,,,TN,,,,,,,,,,
autoland,3646670,2,6311658df04f8b9dab1d842cf1ddc69e83bd8127,linux64-qr,,False,,,102210fe594ee9b33d82058545b1ed14f4c8206e,num_static_constructors,compiler_metrics,True,compiler_metrics num_static_constructors opt valgrind,,77,,,,1738905750,2023-08-10 16:08:34,154.0,bd605fc6cb3ea7ad58f7d8ec43da4920ad48a9fa,1285802,,,,,,,,,,,,,,,,,,,,,,,,,,,,,,,,,,,,,,,,,,,,,,,,,,TN,,,,,,,,,,
autoland,3646670,2,6311658df04f8b9dab1d842cf1ddc69e83bd8127,linux64-qr,,False,,,102210fe594ee9b33d82058545b1ed14f4c8206e,num_static_constructors,compiler_metrics,True,compiler_metrics num_static_constructors opt valgrind,,77,,,,1738908968,2023-08-10 16:08:34,154.0,bd605fc6cb3ea7ad58f7d8ec43da4920ad48a9fa,1285802,,,,,,,,,,,,,,,,,,,,,,,,,,,,,,,,,,,,,,,,,,,,,,,,,,TN,,,,,,,,,,
autoland,3646670,2,6311658df04f8b9dab1d842cf1ddc69e83bd8127,linux64-qr,,False,,,102210fe594ee9b33d82058545b1ed14f4c8206e,num_static_constructors,compiler_metrics,True,compiler_metrics num_static_constructors opt valgrind,,77,,,,1738908673,2023-08-10 16:08:34,154.0,bd605fc6cb3ea7ad58f7d8ec43da4920ad48a9fa,1285802,,,,,,,,,,,,,,,,,,,,,,,,,,,,,,,,,,,,,,,,,,,,,,,,,,TN,,,,,,,,,,
autoland,3646670,2,6311658df04f8b9dab1d842cf1ddc69e83bd8127,linux64-qr,,False,,,102210fe594ee9b33d82058545b1ed14f4c8206e,num_static_constructors,compiler_metrics,True,compiler_metrics num_static_constructors opt valgrind,,77,,,,1738903261,2023-08-10 16:09:26,154.0,2b843588e646b7d752e3672444f36bfac6ba09ad,1285804,,,,,,,,,,,,,,,,,,,,,,,,,,,,,,,,,,,,,,,,,,,,,,,,,,TN,,,,,,,,,,
autoland,3646670,2,6311658df04f8b9dab1d842cf1ddc69e83bd8127,linux64-qr,,False,,,102210fe594ee9b33d82058545b1ed14f4c8206e,num_static_constructors,compiler_metrics,True,compiler_metrics num_static_constructors opt valgrind,,77,,,,1738907253,2023-08-10 16:09:26,154.0,2b843588e646b7d752e3672444f36bfac6ba09ad,1285804,,,,,,,,,,,,,,,,,,,,,,,,,,,,,,,,,,,,,,,,,,,,,,,,,,TN,,,,,,,,,,
autoland,3646670,2,6311658df04f8b9dab1d842cf1ddc69e83bd8127,linux64-qr,,False,,,102210fe594ee9b33d82058545b1ed14f4c8206e,num_static_constructors,compiler_metrics,True,compiler_metrics num_static_constructors opt valgrind,,77,,,,1738907684,2023-08-10 16:09:26,154.0,2b843588e646b7d752e3672444f36bfac6ba09ad,1285804,,,,,,,,,,,,,,,,,,,,,,,,,,,,,,,,,,,,,,,,,,,,,,,,,,TN,,,,,,,,,,
autoland,3646670,2,6311658df04f8b9dab1d842cf1ddc69e83bd8127,linux64-qr,,False,,,102210fe594ee9b33d82058545b1ed14f4c8206e,num_static_constructors,compiler_metrics,True,compiler_metrics num_static_constructors opt valgrind,,77,,,,1738907744,2023-08-10 16:09:26,154.0,2b843588e646b7d752e3672444f36bfac6ba09ad,1285804,,,,,,,,,,,,,,,,,,,,,,,,,,,,,,,,,,,,,,,,,,,,,,,,,,TN,,,,,,,,,,
autoland,3646670,2,6311658df04f8b9dab1d842cf1ddc69e83bd8127,linux64-qr,,False,,,102210fe594ee9b33d82058545b1ed14f4c8206e,num_static_constructors,compiler_metrics,True,compiler_metrics num_static_constructors opt valgrind,,77,,,,1738909067,2023-08-10 16:09:26,154.0,2b843588e646b7d752e3672444f36bfac6ba09ad,1285804,,,,,,,,,,,,,,,,,,,,,,,,,,,,,,,,,,,,,,,,,,,,,,,,,,TN,,,,,,,,,,
autoland,3646670,2,6311658df04f8b9dab1d842cf1ddc69e83bd8127,linux64-qr,,False,,,102210fe594ee9b33d82058545b1ed14f4c8206e,num_static_constructors,compiler_metrics,True,compiler_metrics num_static_constructors opt valgrind,,77,,,,1738902914,2023-08-10 16:14:58,154.0,d13f64165eb847728cafb3092e320e64b72ed4e5,1285806,,,,,,,,,,,,,,,,,,,,,,,,,,,,,,,,,,,,,,,,,,,,,,,,,,TN,,,,,,,,,,
autoland,3646670,2,6311658df04f8b9dab1d842cf1ddc69e83bd8127,linux64-qr,,False,,,102210fe594ee9b33d82058545b1ed14f4c8206e,num_static_constructors,compiler_metrics,True,compiler_metrics num_static_constructors opt valgrind,,77,,,,1738904002,2023-08-10 16:14:58,154.0,d13f64165eb847728cafb3092e320e64b72ed4e5,1285806,,,,,,,,,,,,,,,,,,,,,,,,,,,,,,,,,,,,,,,,,,,,,,,,,,TN,,,,,,,,,,
autoland,3646670,2,6311658df04f8b9dab1d842cf1ddc69e83bd8127,linux64-qr,,False,,,102210fe594ee9b33d82058545b1ed14f4c8206e,num_static_constructors,compiler_metrics,True,compiler_metrics num_static_constructors opt valgrind,,77,,,,1738904605,2023-08-10 16:14:58,154.0,d13f64165eb847728cafb3092e320e64b72ed4e5,1285806,,,,,,,,,,,,,,,,,,,,,,,,,,,,,,,,,,,,,,,,,,,,,,,,,,TN,,,,,,,,,,
autoland,3646670,2,6311658df04f8b9dab1d842cf1ddc69e83bd8127,linux64-qr,,False,,,102210fe594ee9b33d82058545b1ed14f4c8206e,num_static_constructors,compiler_metrics,True,compiler_metrics num_static_constructors opt valgrind,,77,,,,1738908863,2023-08-10 16:14:58,154.0,d13f64165eb847728cafb3092e320e64b72ed4e5,1285806,,,,,,,,,,,,,,,,,,,,,,,,,,,,,,,,,,,,,,,,,,,,,,,,,,TN,,,,,,,,,,
autoland,3646670,2,6311658df04f8b9dab1d842cf1ddc69e83bd8127,linux64-qr,,False,,,102210fe594ee9b33d82058545b1ed14f4c8206e,num_static_constructors,compiler_metrics,True,compiler_metrics num_static_constructors opt valgrind,,77,,,,1738909841,2023-08-10 16:14:58,154.0,d13f64165eb847728cafb3092e320e64b72ed4e5,1285806,,,,,,,,,,,,,,,,,,,,,,,,,,,,,,,,,,,,,,,,,,,,,,,,,,TN,,,,,,,,,,
autoland,3646670,2,6311658df04f8b9dab1d842cf1ddc69e83bd8127,linux64-qr,,False,,,102210fe594ee9b33d82058545b1ed14f4c8206e,num_static_constructors,compiler_metrics,True,compiler_metrics num_static_constructors opt valgrind,,77,,,,1738903962,2023-08-10 16:21:50,154.0,ea215735bd48b130fe8ec770290246fc501a2397,1285811,,,,,,,,,,,,,,,,,,,,,,,,,,,,,,,,,,,,,,,,,,,,,,,,,,TN,,,,,,,,,,
autoland,3646670,2,6311658df04f8b9dab1d842cf1ddc69e83bd8127,linux64-qr,,False,,,102210fe594ee9b33d82058545b1ed14f4c8206e,num_static_constructors,compiler_metrics,True,compiler_metrics num_static_constructors opt valgrind,,77,,,,1738904412,2023-08-10 16:21:50,154.0,ea215735bd48b130fe8ec770290246fc501a2397,1285811,,,,,,,,,,,,,,,,,,,,,,,,,,,,,,,,,,,,,,,,,,,,,,,,,,TN,,,,,,,,,,
autoland,3646670,2,6311658df04f8b9dab1d842cf1ddc69e83bd8127,linux64-qr,,False,,,102210fe594ee9b33d82058545b1ed14f4c8206e,num_static_constructors,compiler_metrics,True,compiler_metrics num_static_constructors opt valgrind,,77,,,,1738908273,2023-08-10 16:21:50,154.0,ea215735bd48b130fe8ec770290246fc501a2397,1285811,,,,,,,,,,,,,,,,,,,,,,,,,,,,,,,,,,,,,,,,,,,,,,,,,,TN,,,,,,,,,,
autoland,3646670,2,6311658df04f8b9dab1d842cf1ddc69e83bd8127,linux64-qr,,False,,,102210fe594ee9b33d82058545b1ed14f4c8206e,num_static_constructors,compiler_metrics,True,compiler_metrics num_static_constructors opt valgrind,,77,,,,1738906059,2023-08-10 16:21:50,154.0,ea215735bd48b130fe8ec770290246fc501a2397,1285811,,,,,,,,,,,,,,,,,,,,,,,,,,,,,,,,,,,,,,,,,,,,,,,,,,TN,,,,,,,,,,
autoland,3646670,2,6311658df04f8b9dab1d842cf1ddc69e83bd8127,linux64-qr,,False,,,102210fe594ee9b33d82058545b1ed14f4c8206e,num_static_constructors,compiler_metrics,True,compiler_metrics num_static_constructors opt valgrind,,77,,,,1738902043,2023-08-10 16:29:19,154.0,516ee21f6fadeeeebc38630ed354e94ada9da2f4,1285814,,,,,,,,,,,,,,,,,,,,,,,,,,,,,,,,,,,,,,,,,,,,,,,,,,TN,,,,,,,,,,
autoland,3646670,2,6311658df04f8b9dab1d842cf1ddc69e83bd8127,linux64-qr,,False,,,102210fe594ee9b33d82058545b1ed14f4c8206e,num_static_constructors,compiler_metrics,True,compiler_metrics num_static_constructors opt valgrind,,77,,,,1738904635,2023-08-10 16:29:19,154.0,516ee21f6fadeeeebc38630ed354e94ada9da2f4,1285814,,,,,,,,,,,,,,,,,,,,,,,,,,,,,,,,,,,,,,,,,,,,,,,,,,TN,,,,,,,,,,
autoland,3646670,2,6311658df04f8b9dab1d842cf1ddc69e83bd8127,linux64-qr,,False,,,102210fe594ee9b33d82058545b1ed14f4c8206e,num_static_constructors,compiler_metrics,True,compiler_metrics num_static_constructors opt valgrind,,77,,,,1738907654,2023-08-10 16:29:19,154.0,516ee21f6fadeeeebc38630ed354e94ada9da2f4,1285814,,,,,,,,,,,,,,,,,,,,,,,,,,,,,,,,,,,,,,,,,,,,,,,,,,TN,,,,,,,,,,
autoland,3646670,2,6311658df04f8b9dab1d842cf1ddc69e83bd8127,linux64-qr,,False,,,102210fe594ee9b33d82058545b1ed14f4c8206e,num_static_constructors,compiler_metrics,True,compiler_metrics num_static_constructors opt valgrind,,77,,,,1738906304,2023-08-10 16:29:19,154.0,516ee21f6fadeeeebc38630ed354e94ada9da2f4,1285814,,,,,,,,,,,,,,,,,,,,,,,,,,,,,,,,,,,,,,,,,,,,,,,,,,TN,,,,,,,,,,
autoland,3646670,2,6311658df04f8b9dab1d842cf1ddc69e83bd8127,linux64-qr,,False,,,102210fe594ee9b33d82058545b1ed14f4c8206e,num_static_constructors,compiler_metrics,True,compiler_metrics num_static_constructors opt valgrind,,77,,,,1738908544,2023-08-10 16:29:19,154.0,516ee21f6fadeeeebc38630ed354e94ada9da2f4,1285814,,,,,,,,,,,,,,,,,,,,,,,,,,,,,,,,,,,,,,,,,,,,,,,,,,TN,,,,,,,,,,
autoland,3646670,2,6311658df04f8b9dab1d842cf1ddc69e83bd8127,linux64-qr,,False,,,102210fe594ee9b33d82058545b1ed14f4c8206e,num_static_constructors,compiler_metrics,True,compiler_metrics num_static_constructors opt valgrind,,77,,,,1738904539,2023-08-10 17:22:27,154.0,20e48be9ce1fe639be1ba7205c4ef25d9a15181a,1285851,,,,,,,,,,,,,,,,,,,,,,,,,,,,,,,,,,,,,,,,,,,,,,,,,,TN,,,,,,,,,,
autoland,3646670,2,6311658df04f8b9dab1d842cf1ddc69e83bd8127,linux64-qr,,False,,,102210fe594ee9b33d82058545b1ed14f4c8206e,num_static_constructors,compiler_metrics,True,compiler_metrics num_static_constructors opt valgrind,,77,,,,1738907715,2023-08-10 17:22:27,154.0,20e48be9ce1fe639be1ba7205c4ef25d9a15181a,1285851,,,,,,,,,,,,,,,,,,,,,,,,,,,,,,,,,,,,,,,,,,,,,,,,,,TN,,,,,,,,,,
autoland,3646670,2,6311658df04f8b9dab1d842cf1ddc69e83bd8127,linux64-qr,,False,,,102210fe594ee9b33d82058545b1ed14f4c8206e,num_static_constructors,compiler_metrics,True,compiler_metrics num_static_constructors opt valgrind,,77,,,,1738907776,2023-08-10 17:22:27,154.0,20e48be9ce1fe639be1ba7205c4ef25d9a15181a,1285851,,,,,,,,,,,,,,,,,,,,,,,,,,,,,,,,,,,,,,,,,,,,,,,,,,TN,,,,,,,,,,
autoland,3646670,2,6311658df04f8b9dab1d842cf1ddc69e83bd8127,linux64-qr,,False,,,102210fe594ee9b33d82058545b1ed14f4c8206e,num_static_constructors,compiler_metrics,True,compiler_metrics num_static_constructors opt valgrind,,77,,,,1738908473,2023-08-10 17:22:27,154.0,20e48be9ce1fe639be1ba7205c4ef25d9a15181a,1285851,,,,,,,,,,,,,,,,,,,,,,,,,,,,,,,,,,,,,,,,,,,,,,,,,,TN,,,,,,,,,,
autoland,3646670,2,6311658df04f8b9dab1d842cf1ddc69e83bd8127,linux64-qr,,False,,,102210fe594ee9b33d82058545b1ed14f4c8206e,num_static_constructors,compiler_metrics,True,compiler_metrics num_static_constructors opt valgrind,,77,,,,1738910156,2023-08-10 17:22:27,154.0,20e48be9ce1fe639be1ba7205c4ef25d9a15181a,1285851,,,,,,,,,,,,,,,,,,,,,,,,,,,,,,,,,,,,,,,,,,,,,,,,,,TN,,,,,,,,,,
autoland,3646670,2,6311658df04f8b9dab1d842cf1ddc69e83bd8127,linux64-qr,,False,,,102210fe594ee9b33d82058545b1ed14f4c8206e,num_static_constructors,compiler_metrics,True,compiler_metrics num_static_constructors opt valgrind,,77,,,,1738904948,2023-08-10 17:42:15,154.0,0f07d1564dc00ef20661573299b575bc66628183,1285864,,,,,,,,,,,,,,,,,,,,,,,,,,,,,,,,,,,,,,,,,,,,,,,,,,TN,,,,,,,,,,
autoland,3646670,2,6311658df04f8b9dab1d842cf1ddc69e83bd8127,linux64-qr,,False,,,102210fe594ee9b33d82058545b1ed14f4c8206e,num_static_constructors,compiler_metrics,True,compiler_metrics num_static_constructors opt valgrind,,77,,,,1738905709,2023-08-10 17:42:15,154.0,0f07d1564dc00ef20661573299b575bc66628183,1285864,,,,,,,,,,,,,,,,,,,,,,,,,,,,,,,,,,,,,,,,,,,,,,,,,,TN,,,,,,,,,,
autoland,3646670,2,6311658df04f8b9dab1d842cf1ddc69e83bd8127,linux64-qr,,False,,,102210fe594ee9b33d82058545b1ed14f4c8206e,num_static_constructors,compiler_metrics,True,compiler_metrics num_static_constructors opt valgrind,,77,,,,1738908802,2023-08-10 17:42:15,154.0,0f07d1564dc00ef20661573299b575bc66628183,1285864,,,,,,,,,,,,,,,,,,,,,,,,,,,,,,,,,,,,,,,,,,,,,,,,,,TN,,,,,,,,,,
autoland,3646670,2,6311658df04f8b9dab1d842cf1ddc69e83bd8127,linux64-qr,,False,,,102210fe594ee9b33d82058545b1ed14f4c8206e,num_static_constructors,compiler_metrics,True,compiler_metrics num_static_constructors opt valgrind,,77,,,,1738909343,2023-08-10 17:42:15,154.0,0f07d1564dc00ef20661573299b575bc66628183,1285864,,,,,,,,,,,,,,,,,,,,,,,,,,,,,,,,,,,,,,,,,,,,,,,,,,TN,,,,,,,,,,
autoland,3646670,2,6311658df04f8b9dab1d842cf1ddc69e83bd8127,linux64-qr,,False,,,102210fe594ee9b33d82058545b1ed14f4c8206e,num_static_constructors,compiler_metrics,True,compiler_metrics num_static_constructors opt valgrind,,77,,,,1738909517,2023-08-10 17:42:15,154.0,0f07d1564dc00ef20661573299b575bc66628183,1285864,,,,,,,,,,,,,,,,,,,,,,,,,,,,,,,,,,,,,,,,,,,,,,,,,,TN,,,,,,,,,,
autoland,3646670,2,6311658df04f8b9dab1d842cf1ddc69e83bd8127,linux64-qr,,False,,,102210fe594ee9b33d82058545b1ed14f4c8206e,num_static_constructors,compiler_metrics,True,compiler_metrics num_static_constructors opt valgrind,,77,,,,1738906500,2023-08-10 17:43:04,154.0,718a1f34f399d232d33f0e6fb8d753af08cb088a,1285865,,,,,,,,,,,,,,,,,,,,,,,,,,,,,,,,,,,,,,,,,,,,,,,,,,TN,,,,,,,,,,
autoland,3646670,2,6311658df04f8b9dab1d842cf1ddc69e83bd8127,linux64-qr,,False,,,102210fe594ee9b33d82058545b1ed14f4c8206e,num_static_constructors,compiler_metrics,True,compiler_metrics num_static_constructors opt valgrind,,77,,,,1738906724,2023-08-10 17:43:04,154.0,718a1f34f399d232d33f0e6fb8d753af08cb088a,1285865,,,,,,,,,,,,,,,,,,,,,,,,,,,,,,,,,,,,,,,,,,,,,,,,,,TN,,,,,,,,,,
autoland,3646670,2,6311658df04f8b9dab1d842cf1ddc69e83bd8127,linux64-qr,,False,,,102210fe594ee9b33d82058545b1ed14f4c8206e,num_static_constructors,compiler_metrics,True,compiler_metrics num_static_constructors opt valgrind,,77,,,,1738910085,2023-08-10 17:43:04,154.0,718a1f34f399d232d33f0e6fb8d753af08cb088a,1285865,,,,,,,,,,,,,,,,,,,,,,,,,,,,,,,,,,,,,,,,,,,,,,,,,,TN,,,,,,,,,,
autoland,3646670,2,6311658df04f8b9dab1d842cf1ddc69e83bd8127,linux64-qr,,False,,,102210fe594ee9b33d82058545b1ed14f4c8206e,num_static_constructors,compiler_metrics,True,compiler_metrics num_static_constructors opt valgrind,,77,,,,1738913471,2023-08-10 17:43:04,154.0,718a1f34f399d232d33f0e6fb8d753af08cb088a,1285865,,,,,,,,,,,,,,,,,,,,,,,,,,,,,,,,,,,,,,,,,,,,,,,,,,TN,,,,,,,,,,
autoland,3646670,2,6311658df04f8b9dab1d842cf1ddc69e83bd8127,linux64-qr,,False,,,102210fe594ee9b33d82058545b1ed14f4c8206e,num_static_constructors,compiler_metrics,True,compiler_metrics num_static_constructors opt valgrind,,77,,,,1738914214,2023-08-10 17:43:04,154.0,718a1f34f399d232d33f0e6fb8d753af08cb088a,1285865,,,,,,,,,,,,,,,,,,,,,,,,,,,,,,,,,,,,,,,,,,,,,,,,,,TN,,,,,,,,,,
autoland,3646670,2,6311658df04f8b9dab1d842cf1ddc69e83bd8127,linux64-qr,,False,,,102210fe594ee9b33d82058545b1ed14f4c8206e,num_static_constructors,compiler_metrics,True,compiler_metrics num_static_constructors opt valgrind,,77,,,,1738907079,2023-08-10 18:23:53,154.0,1641ac4e231a173763bcaa92485d940346351327,1285907,,,,,,,,,,,,,,,,,,,,,,,,,,,,,,,,,,,,,,,,,,,,,,,,,,TN,,,,,,,,,,
autoland,3646670,2,6311658df04f8b9dab1d842cf1ddc69e83bd8127,linux64-qr,,False,,,102210fe594ee9b33d82058545b1ed14f4c8206e,num_static_constructors,compiler_metrics,True,compiler_metrics num_static_constructors opt valgrind,,77,,,,1738906348,2023-08-10 18:23:53,154.0,1641ac4e231a173763bcaa92485d940346351327,1285907,,,,,,,,,,,,,,,,,,,,,,,,,,,,,,,,,,,,,,,,,,,,,,,,,,TN,,,,,,,,,,
autoland,3646670,2,6311658df04f8b9dab1d842cf1ddc69e83bd8127,linux64-qr,,False,,,102210fe594ee9b33d82058545b1ed14f4c8206e,num_static_constructors,compiler_metrics,True,compiler_metrics num_static_constructors opt valgrind,,77,,,,1738906444,2023-08-10 18:23:53,154.0,1641ac4e231a173763bcaa92485d940346351327,1285907,,,,,,,,,,,,,,,,,,,,,,,,,,,,,,,,,,,,,,,,,,,,,,,,,,TN,,,,,,,,,,
autoland,3646670,2,6311658df04f8b9dab1d842cf1ddc69e83bd8127,linux64-qr,,False,,,102210fe594ee9b33d82058545b1ed14f4c8206e,num_static_constructors,compiler_metrics,True,compiler_metrics num_static_constructors opt valgrind,,77,,,,1738910635,2023-08-10 18:23:53,154.0,1641ac4e231a173763bcaa92485d940346351327,1285907,,,,,,,,,,,,,,,,,,,,,,,,,,,,,,,,,,,,,,,,,,,,,,,,,,TN,,,,,,,,,,
autoland,3646670,2,6311658df04f8b9dab1d842cf1ddc69e83bd8127,linux64-qr,,False,,,102210fe594ee9b33d82058545b1ed14f4c8206e,num_static_constructors,compiler_metrics,True,compiler_metrics num_static_constructors opt valgrind,,77,,,,1738913639,2023-08-10 18:23:53,154.0,1641ac4e231a173763bcaa92485d940346351327,1285907,,,,,,,,,,,,,,,,,,,,,,,,,,,,,,,,,,,,,,,,,,,,,,,,,,TN,,,,,,,,,,
autoland,3646670,2,6311658df04f8b9dab1d842cf1ddc69e83bd8127,linux64-qr,,False,,,102210fe594ee9b33d82058545b1ed14f4c8206e,num_static_constructors,compiler_metrics,True,compiler_metrics num_static_constructors opt valgrind,,77,,,,1738906247,2023-08-10 18:28:30,154.0,ce7b575a77cab8d928eb162ef3f4abd9f1211e64,1285910,,,,,,,,,,,,,,,,,,,,,,,,,,,,,,,,,,,,,,,,,,,,,,,,,,TN,,,,,,,,,,
autoland,3646670,2,6311658df04f8b9dab1d842cf1ddc69e83bd8127,linux64-qr,,False,,,102210fe594ee9b33d82058545b1ed14f4c8206e,num_static_constructors,compiler_metrics,True,compiler_metrics num_static_constructors opt valgrind,,77,,,,1738905778,2023-08-10 18:28:30,154.0,ce7b575a77cab8d928eb162ef3f4abd9f1211e64,1285910,,,,,,,,,,,,,,,,,,,,,,,,,,,,,,,,,,,,,,,,,,,,,,,,,,TN,,,,,,,,,,
autoland,3646670,2,6311658df04f8b9dab1d842cf1ddc69e83bd8127,linux64-qr,,False,,,102210fe594ee9b33d82058545b1ed14f4c8206e,num_static_constructors,compiler_metrics,True,compiler_metrics num_static_constructors opt valgrind,,77,,,,1738905913,2023-08-10 18:28:30,154.0,ce7b575a77cab8d928eb162ef3f4abd9f1211e64,1285910,,,,,,,,,,,,,,,,,,,,,,,,,,,,,,,,,,,,,,,,,,,,,,,,,,TN,,,,,,,,,,
autoland,3646670,2,6311658df04f8b9dab1d842cf1ddc69e83bd8127,linux64-qr,,False,,,102210fe594ee9b33d82058545b1ed14f4c8206e,num_static_constructors,compiler_metrics,True,compiler_metrics num_static_constructors opt valgrind,,77,,,,1738906614,2023-08-10 18:28:30,154.0,ce7b575a77cab8d928eb162ef3f4abd9f1211e64,1285910,,,,,,,,,,,,,,,,,,,,,,,,,,,,,,,,,,,,,,,,,,,,,,,,,,TN,,,,,,,,,,
autoland,3646670,2,6311658df04f8b9dab1d842cf1ddc69e83bd8127,linux64-qr,,False,,,102210fe594ee9b33d82058545b1ed14f4c8206e,num_static_constructors,compiler_metrics,True,compiler_metrics num_static_constructors opt valgrind,,77,,,,1738906676,2023-08-10 18:28:30,154.0,ce7b575a77cab8d928eb162ef3f4abd9f1211e64,1285910,,,,,,,,,,,,,,,,,,,,,,,,,,,,,,,,,,,,,,,,,,,,,,,,,,TN,,,,,,,,,,
autoland,3646670,2,6311658df04f8b9dab1d842cf1ddc69e83bd8127,linux64-qr,,False,,,102210fe594ee9b33d82058545b1ed14f4c8206e,num_static_constructors,compiler_metrics,True,compiler_metrics num_static_constructors opt valgrind,,77,,,,1738910443,2023-08-10 18:29:24,154.0,c0d18e46c9801c2e357bef8a98a2f114dc213922,1285913,,,,,,,,,,,,,,,,,,,,,,,,,,,,,,,,,,,,,,,,,,,,,,,,,,TN,,,,,,,,,,
autoland,3646670,2,6311658df04f8b9dab1d842cf1ddc69e83bd8127,linux64-qr,,False,,,102210fe594ee9b33d82058545b1ed14f4c8206e,num_static_constructors,compiler_metrics,True,compiler_metrics num_static_constructors opt valgrind,,77,,,,1738910775,2023-08-10 18:29:24,154.0,c0d18e46c9801c2e357bef8a98a2f114dc213922,1285913,,,,,,,,,,,,,,,,,,,,,,,,,,,,,,,,,,,,,,,,,,,,,,,,,,TN,,,,,,,,,,
autoland,3646670,2,6311658df04f8b9dab1d842cf1ddc69e83bd8127,linux64-qr,,False,,,102210fe594ee9b33d82058545b1ed14f4c8206e,num_static_constructors,compiler_metrics,True,compiler_metrics num_static_constructors opt valgrind,,77,,,,1738910868,2023-08-10 18:29:24,154.0,c0d18e46c9801c2e357bef8a98a2f114dc213922,1285913,,,,,,,,,,,,,,,,,,,,,,,,,,,,,,,,,,,,,,,,,,,,,,,,,,TN,,,,,,,,,,
autoland,3646670,2,6311658df04f8b9dab1d842cf1ddc69e83bd8127,linux64-qr,,False,,,102210fe594ee9b33d82058545b1ed14f4c8206e,num_static_constructors,compiler_metrics,True,compiler_metrics num_static_constructors opt valgrind,,77,,,,1738911369,2023-08-10 18:29:24,154.0,c0d18e46c9801c2e357bef8a98a2f114dc213922,1285913,,,,,,,,,,,,,,,,,,,,,,,,,,,,,,,,,,,,,,,,,,,,,,,,,,TN,,,,,,,,,,
autoland,3646670,2,6311658df04f8b9dab1d842cf1ddc69e83bd8127,linux64-qr,,False,,,102210fe594ee9b33d82058545b1ed14f4c8206e,num_static_constructors,compiler_metrics,True,compiler_metrics num_static_constructors opt valgrind,,77,,,,1738910358,2023-08-10 18:29:24,154.0,c0d18e46c9801c2e357bef8a98a2f114dc213922,1285913,,,,,,,,,,,,,,,,,,,,,,,,,,,,,,,,,,,,,,,,,,,,,,,,,,TN,,,,,,,,,,
autoland,3646670,2,6311658df04f8b9dab1d842cf1ddc69e83bd8127,linux64-qr,,False,,,102210fe594ee9b33d82058545b1ed14f4c8206e,num_static_constructors,compiler_metrics,True,compiler_metrics num_static_constructors opt valgrind,,77,,,,1738803226,2023-08-10 18:32:11,154.0,fae9c8496544fb4597f4094d95b81fdefec01628,1285918,,,,,,,,,,,,,,,,,,,,,,,,,,,,,,,,,,,,,,,,,,,,,,,,,,TN,,,,,,,,,,
autoland,3646670,2,6311658df04f8b9dab1d842cf1ddc69e83bd8127,linux64-qr,,False,,,102210fe594ee9b33d82058545b1ed14f4c8206e,num_static_constructors,compiler_metrics,True,compiler_metrics num_static_constructors opt valgrind,,77,,,,1738829197,2023-08-10 18:32:11,154.0,fae9c8496544fb4597f4094d95b81fdefec01628,1285918,,,,,,,,,,,,,,,,,,,,,,,,,,,,,,,,,,,,,,,,,,,,,,,,,,TN,,,,,,,,,,
autoland,3646670,2,6311658df04f8b9dab1d842cf1ddc69e83bd8127,linux64-qr,,False,,,102210fe594ee9b33d82058545b1ed14f4c8206e,num_static_constructors,compiler_metrics,True,compiler_metrics num_static_constructors opt valgrind,,77,,,,1738861420,2023-08-10 18:32:11,154.0,fae9c8496544fb4597f4094d95b81fdefec01628,1285918,,,,,,,,,,,,,,,,,,,,,,,,,,,,,,,,,,,,,,,,,,,,,,,,,,TN,,,,,,,,,,
autoland,3646670,2,6311658df04f8b9dab1d842cf1ddc69e83bd8127,linux64-qr,,False,,,102210fe594ee9b33d82058545b1ed14f4c8206e,num_static_constructors,compiler_metrics,True,compiler_metrics num_static_constructors opt valgrind,,77,,,,1738861644,2023-08-10 18:32:11,154.0,fae9c8496544fb4597f4094d95b81fdefec01628,1285918,,,,,,,,,,,,,,,,,,,,,,,,,,,,,,,,,,,,,,,,,,,,,,,,,,TN,,,,,,,,,,
autoland,3646670,2,6311658df04f8b9dab1d842cf1ddc69e83bd8127,linux64-qr,,False,,,102210fe594ee9b33d82058545b1ed14f4c8206e,num_static_constructors,compiler_metrics,True,compiler_metrics num_static_constructors opt valgrind,,77,,,,1738862159,2023-08-10 18:32:11,154.0,fae9c8496544fb4597f4094d95b81fdefec01628,1285918,,,,,,,,,,,,,,,,,,,,,,,,,,,,,,,,,,,,,,,,,,,,,,,,,,TN,,,,,,,,,,
autoland,3646670,2,6311658df04f8b9dab1d842cf1ddc69e83bd8127,linux64-qr,,False,,,102210fe594ee9b33d82058545b1ed14f4c8206e,num_static_constructors,compiler_metrics,True,compiler_metrics num_static_constructors opt valgrind,,77,,,,1738863591,2023-08-10 18:32:11,154.0,fae9c8496544fb4597f4094d95b81fdefec01628,1285918,,,,,,,,,,,,,,,,,,,,,,,,,,,,,,,,,,,,,,,,,,,,,,,,,,TN,,,,,,,,,,
autoland,3646670,2,6311658df04f8b9dab1d842cf1ddc69e83bd8127,linux64-qr,,False,,,102210fe594ee9b33d82058545b1ed14f4c8206e,num_static_constructors,compiler_metrics,True,compiler_metrics num_static_constructors opt valgrind,,77,,,,1738864156,2023-08-10 18:32:11,154.0,fae9c8496544fb4597f4094d95b81fdefec01628,1285918,,,,,,,,,,,,,,,,,,,,,,,,,,,,,,,,,,,,,,,,,,,,,,,,,,TN,,,,,,,,,,
autoland,3646670,2,6311658df04f8b9dab1d842cf1ddc69e83bd8127,linux64-qr,,False,,,102210fe594ee9b33d82058545b1ed14f4c8206e,num_static_constructors,compiler_metrics,True,compiler_metrics num_static_constructors opt valgrind,,77,,,,1738907311,2023-08-10 21:20:49,154.0,969e577218dca8273024d399b50d5fe18b9dfeff,1286039,,,,,,,,,,,,,,,,,,,,,,,,,,,,,,,,,,,,,,,,,,,,,,,,,,TN,,,,,,,,,,
autoland,3646670,2,6311658df04f8b9dab1d842cf1ddc69e83bd8127,linux64-qr,,False,,,102210fe594ee9b33d82058545b1ed14f4c8206e,num_static_constructors,compiler_metrics,True,compiler_metrics num_static_constructors opt valgrind,,77,,,,1738930193,2023-08-10 21:59:13,154.0,389f1009f2db207be63aacd4c9c54990f9d1104b,1286074,,,,,,,,,,,,,,,,,,,,,,,,,,,,,,,,,,,,,,,,,,,,,,,,,,TN,,,,,,,,,,
autoland,3646670,2,6311658df04f8b9dab1d842cf1ddc69e83bd8127,linux64-qr,,False,,,102210fe594ee9b33d82058545b1ed14f4c8206e,num_static_constructors,compiler_metrics,True,compiler_metrics num_static_constructors opt valgrind,,77,,,,1738986794,2023-08-11 03:08:44,154.0,05da0ca6db46baad5f6e45489d80d5097053bb42,1286160,,,,,,,,,,,,,,,,,,,,,,,,,,,,,,,,,,,,,,,,,,,,,,,,,,TN,,,,,,,,,,
autoland,3646670,2,6311658df04f8b9dab1d842cf1ddc69e83bd8127,linux64-qr,,False,,,102210fe594ee9b33d82058545b1ed14f4c8206e,num_static_constructors,compiler_metrics,True,compiler_metrics num_static_constructors opt valgrind,,77,,,,1739042942,2023-08-11 07:27:06,154.0,efb44db563b1abcb74959e12c6ce8e577cd213f2,1286189,,,,,,,,,,,,,,,,,,,,,,,,,,,,,,,,,,,,,,,,,,,,,,,,,,TN,,,,,,,,,,
autoland,3646670,2,6311658df04f8b9dab1d842cf1ddc69e83bd8127,linux64-qr,,False,,,102210fe594ee9b33d82058545b1ed14f4c8206e,num_static_constructors,compiler_metrics,True,compiler_metrics num_static_constructors opt valgrind,,77,,,,1739082643,2023-08-11 08:27:25,154.0,cda91469ef2a9b195d09f702816a5f7aec451d02,1286199,,,,,,,,,,,,,,,,,,,,,,,,,,,,,,,,,,,,,,,,,,,,,,,,,,TN,,,,,,,,,,
autoland,3646670,2,6311658df04f8b9dab1d842cf1ddc69e83bd8127,linux64-qr,,False,,,102210fe594ee9b33d82058545b1ed14f4c8206e,num_static_constructors,compiler_metrics,True,compiler_metrics num_static_constructors opt valgrind,,77,,,,1739110869,2023-08-11 08:27:25,154.0,cda91469ef2a9b195d09f702816a5f7aec451d02,1286199,,,,,,,,,,,,,,,,,,,,,,,,,,,,,,,,,,,,,,,,,,,,,,,,,,TN,,,,,,,,,,
autoland,3646670,2,6311658df04f8b9dab1d842cf1ddc69e83bd8127,linux64-qr,,False,,,102210fe594ee9b33d82058545b1ed14f4c8206e,num_static_constructors,compiler_metrics,True,compiler_metrics num_static_constructors opt valgrind,,77,,,,1739111308,2023-08-11 08:27:25,154.0,cda91469ef2a9b195d09f702816a5f7aec451d02,1286199,,,,,,,,,,,,,,,,,,,,,,,,,,,,,,,,,,,,,,,,,,,,,,,,,,TN,,,,,,,,,,
autoland,3646670,2,6311658df04f8b9dab1d842cf1ddc69e83bd8127,linux64-qr,,False,,,102210fe594ee9b33d82058545b1ed14f4c8206e,num_static_constructors,compiler_metrics,True,compiler_metrics num_static_constructors opt valgrind,,77,,,,1739166447,2023-08-11 12:19:45,154.0,c0f0138d554858b9eceeb46542d6523e54c89533,1286262,,,,,,,,,,,,,,,,,,,,,,,,,,,,,,,,,,,,,,,,,,,,,,,,,,TN,,,,,,,,,,
autoland,3646670,2,6311658df04f8b9dab1d842cf1ddc69e83bd8127,linux64-qr,,False,,,102210fe594ee9b33d82058545b1ed14f4c8206e,num_static_constructors,compiler_metrics,True,compiler_metrics num_static_constructors opt valgrind,,77,,,,1739226881,2023-08-11 14:16:15,154.0,21aaca8e9cca74e93bf7c9c3a6c05b78a0d46a06,1286315,,,,,,,,,,,,,,,,,,,,,,,,,,,,,,,,,,,,,,,,,,,,,,,,,,TN,,,,,,,,,,
autoland,3646670,2,6311658df04f8b9dab1d842cf1ddc69e83bd8127,linux64-qr,,False,,,102210fe594ee9b33d82058545b1ed14f4c8206e,num_static_constructors,compiler_metrics,True,compiler_metrics num_static_constructors opt valgrind,,77,,,,1739258866,2023-08-11 15:38:45,154.0,3e5e55d414503899cbaa3d664da3683ede4d8d92,1286368,,,,,,,,,,,,,,,,,,,,,,,,,,,,,,,,,,,,,,,,,,,,,,,,,,TN,,,,,,,,,,
autoland,3646670,2,6311658df04f8b9dab1d842cf1ddc69e83bd8127,linux64-qr,,False,,,102210fe594ee9b33d82058545b1ed14f4c8206e,num_static_constructors,compiler_metrics,True,compiler_metrics num_static_constructors opt valgrind,,77,,,,1739268363,2023-08-11 16:12:07,154.0,16838b515ded4549918a4ebf3e3fa8a0b427e1f4,1286403,,,,,,,,,,,,,,,,,,,,,,,,,,,,,,,,,,,,,,,,,,,,,,,,,,TN,,,,,,,,,,
autoland,3646670,2,6311658df04f8b9dab1d842cf1ddc69e83bd8127,linux64-qr,,False,,,102210fe594ee9b33d82058545b1ed14f4c8206e,num_static_constructors,compiler_metrics,True,compiler_metrics num_static_constructors opt valgrind,,77,,,,1739354908,2023-08-11 19:27:24,154.0,928b78db7b30e53ea59564c2001a411245a7d3fb,1286543,,,,,,,,,,,,,,,,,,,,,,,,,,,,,,,,,,,,,,,,,,,,,,,,,,TN,,,,,,,,,,
autoland,3646670,2,6311658df04f8b9dab1d842cf1ddc69e83bd8127,linux64-qr,,False,,,102210fe594ee9b33d82058545b1ed14f4c8206e,num_static_constructors,compiler_metrics,True,compiler_metrics num_static_constructors opt valgrind,,77,,,,1739383869,2023-08-11 20:27:04,154.0,700d98d93bde10f22824d5d41b863f4a108f832b,1286565,,,,,,,,,,,,,,,,,,,,,,,,,,,,,,,,,,,,,,,,,,,,,,,,,,TN,,,,,,,,,,
autoland,3646670,2,6311658df04f8b9dab1d842cf1ddc69e83bd8127,linux64-qr,,False,,,102210fe594ee9b33d82058545b1ed14f4c8206e,num_static_constructors,compiler_metrics,True,compiler_metrics num_static_constructors opt valgrind,,77,,,,1739527428,2023-08-12 05:14:02,154.0,8dd752fc2bce87d04b7ae3bab02bb57d59c64e8a,1286635,,,,,,,,,,,,,,,,,,,,,,,,,,,,,,,,,,,,,,,,,,,,,,,,,,TN,,,,,,,,,,
autoland,3646670,2,6311658df04f8b9dab1d842cf1ddc69e83bd8127,linux64-qr,,False,,,102210fe594ee9b33d82058545b1ed14f4c8206e,num_static_constructors,compiler_metrics,True,compiler_metrics num_static_constructors opt valgrind,,77,,,,1739524749,2023-08-12 05:14:50,154.0,f20040ae7b2f3e1499ea3b90639fd96566103125,1286636,,,,,,,,,,,,,,,,,,,,,,,,,,,,,,,,,,,,,,,,,,,,,,,,,,TN,,,,,,,,,,
autoland,3646670,2,6311658df04f8b9dab1d842cf1ddc69e83bd8127,linux64-qr,,False,,,102210fe594ee9b33d82058545b1ed14f4c8206e,num_static_constructors,compiler_metrics,True,compiler_metrics num_static_constructors opt valgrind,,77,,,,1739600026,2023-08-12 12:22:39,154.0,6386291adbedd6140dfbf10b071e5cc82f5433a1,1286663,,,,,,,,,,,,,,,,,,,,,,,,,,,,,,,,,,,,,,,,,,,,,,,,,,TN,,,,,,,,,,
autoland,3646670,2,6311658df04f8b9dab1d842cf1ddc69e83bd8127,linux64-qr,,False,,,102210fe594ee9b33d82058545b1ed14f4c8206e,num_static_constructors,compiler_metrics,True,compiler_metrics num_static_constructors opt valgrind,,77,,,,1739664970,2023-08-12 17:53:09,154.0,9a15449ff274a89d15ae4d345601385b371c2dff,1286688,,,,,,,,,,,,,,,,,,,,,,,,,,,,,,,,,,,,,,,,,,,,,,,,,,TN,,,,,,,,,,
autoland,3646670,2,6311658df04f8b9dab1d842cf1ddc69e83bd8127,linux64-qr,,False,,,102210fe594ee9b33d82058545b1ed14f4c8206e,num_static_constructors,compiler_metrics,True,compiler_metrics num_static_constructors opt valgrind,,77,,,,1739672978,2023-08-12 17:53:09,154.0,9a15449ff274a89d15ae4d345601385b371c2dff,1286688,,,,,,,,,,,,,,,,,,,,,,,,,,,,,,,,,,,,,,,,,,,,,,,,,,TN,,,,,,,,,,
autoland,3646670,2,6311658df04f8b9dab1d842cf1ddc69e83bd8127,linux64-qr,,False,,,102210fe594ee9b33d82058545b1ed14f4c8206e,num_static_constructors,compiler_metrics,True,compiler_metrics num_static_constructors opt valgrind,,77,,,,1739691394,2023-08-12 17:53:09,154.0,9a15449ff274a89d15ae4d345601385b371c2dff,1286688,,,,,,,,,,,,,,,,,,,,,,,,,,,,,,,,,,,,,,,,,,,,,,,,,,TN,,,,,,,,,,
autoland,3646670,2,6311658df04f8b9dab1d842cf1ddc69e83bd8127,linux64-qr,,False,,,102210fe594ee9b33d82058545b1ed14f4c8206e,num_static_constructors,compiler_metrics,True,compiler_metrics num_static_constructors opt valgrind,,77,,,,1739738893,2023-08-13 04:26:09,154.0,dcf2ddfaffbf9900de8ba4a674708bf996d147b6,1286737,,,,,,,,,,,,,,,,,,,,,,,,,,,,,,,,,,,,,,,,,,,,,,,,,,TN,,,,,,,,,,
autoland,3646670,2,6311658df04f8b9dab1d842cf1ddc69e83bd8127,linux64-qr,,False,,,102210fe594ee9b33d82058545b1ed14f4c8206e,num_static_constructors,compiler_metrics,True,compiler_metrics num_static_constructors opt valgrind,,77,,,,1739806665,2023-08-13 16:54:11,154.0,cbfbab86b8f2ad4e39c90caa2d8e55102609b72d,1286762,,,,,,,,,,,,,,,,,,,,,,,,,,,,,,,,,,,,,,,,,,,,,,,,,,TN,,,,,,,,,,
autoland,3646670,2,6311658df04f8b9dab1d842cf1ddc69e83bd8127,linux64-qr,,False,,,102210fe594ee9b33d82058545b1ed14f4c8206e,num_static_constructors,compiler_metrics,True,compiler_metrics num_static_constructors opt valgrind,,77,,,,1739899109,2023-08-14 00:32:30,154.0,bdeed1276a3515d597485fc241f9757ff607a9d1,1286792,,,,,,,,,,,,,,,,,,,,,,,,,,,,,,,,,,,,,,,,,,,,,,,,,,TN,,,,,,,,,,
autoland,3646670,2,6311658df04f8b9dab1d842cf1ddc69e83bd8127,linux64-qr,,False,,,102210fe594ee9b33d82058545b1ed14f4c8206e,num_static_constructors,compiler_metrics,True,compiler_metrics num_static_constructors opt valgrind,,77,,,,1739937910,2023-08-14 06:39:21,154.0,a5bcd3edffd78b69932e1ea7c5dda0894107edaa,1286822,,,,,,,,,,,,,,,,,,,,,,,,,,,,,,,,,,,,,,,,,,,,,,,,,,TN,,,,,,,,,,
autoland,3646670,2,6311658df04f8b9dab1d842cf1ddc69e83bd8127,linux64-qr,,False,,,102210fe594ee9b33d82058545b1ed14f4c8206e,num_static_constructors,compiler_metrics,True,compiler_metrics num_static_constructors opt valgrind,,77,,,,1739977860,2023-08-14 10:48:55,154.0,64a1445ac4138d208b6412914b12fd0a2e9ff945,1286891,,,,,,,,,,,,,,,,,,,,,,,,,,,,,,,,,,,,,,,,,,,,,,,,,,TN,,,,,,,,,,
autoland,3646670,2,6311658df04f8b9dab1d842cf1ddc69e83bd8127,linux64-qr,,False,,,102210fe594ee9b33d82058545b1ed14f4c8206e,num_static_constructors,compiler_metrics,True,compiler_metrics num_static_constructors opt valgrind,,77,,,,1739982744,2023-08-14 11:12:29,154.0,a00adc18281eb23bc81f9d6ab7898a719472d125,1286907,,,,,,,,,,,,,,,,,,,,,,,,,,,,,,,,,,,,,,,,,,,,,,,,,,TN,,,,,,,,,,
autoland,3646670,2,6311658df04f8b9dab1d842cf1ddc69e83bd8127,linux64-qr,,False,,,102210fe594ee9b33d82058545b1ed14f4c8206e,num_static_constructors,compiler_metrics,True,compiler_metrics num_static_constructors opt valgrind,,77,,,,1740012554,2023-08-14 11:12:29,154.0,a00adc18281eb23bc81f9d6ab7898a719472d125,1286907,,,,,,,,,,,,,,,,,,,,,,,,,,,,,,,,,,,,,,,,,,,,,,,,,,TN,,,,,,,,,,
autoland,3646670,2,6311658df04f8b9dab1d842cf1ddc69e83bd8127,linux64-qr,,False,,,102210fe594ee9b33d82058545b1ed14f4c8206e,num_static_constructors,compiler_metrics,True,compiler_metrics num_static_constructors opt valgrind,,77,,,,1740012494,2023-08-14 11:12:29,154.0,a00adc18281eb23bc81f9d6ab7898a719472d125,1286907,,,,,,,,,,,,,,,,,,,,,,,,,,,,,,,,,,,,,,,,,,,,,,,,,,TN,,,,,,,,,,
autoland,3646670,2,6311658df04f8b9dab1d842cf1ddc69e83bd8127,linux64-qr,,False,,,102210fe594ee9b33d82058545b1ed14f4c8206e,num_static_constructors,compiler_metrics,True,compiler_metrics num_static_constructors opt valgrind,,77,,,,1740012592,2023-08-14 11:12:29,154.0,a00adc18281eb23bc81f9d6ab7898a719472d125,1286907,,,,,,,,,,,,,,,,,,,,,,,,,,,,,,,,,,,,,,,,,,,,,,,,,,TN,,,,,,,,,,
autoland,3646670,2,6311658df04f8b9dab1d842cf1ddc69e83bd8127,linux64-qr,,False,,,102210fe594ee9b33d82058545b1ed14f4c8206e,num_static_constructors,compiler_metrics,True,compiler_metrics num_static_constructors opt valgrind,,77,,,,1740063578,2023-08-14 14:03:37,154.0,966f06db181d109fbc6ac97a296ac28efbb8a5f2,1286990,,,,,,,,,,,,,,,,,,,,,,,,,,,,,,,,,,,,,,,,,,,,,,,,,,TN,,,,,,,,,,
autoland,3646670,2,6311658df04f8b9dab1d842cf1ddc69e83bd8127,linux64-qr,,False,,,102210fe594ee9b33d82058545b1ed14f4c8206e,num_static_constructors,compiler_metrics,True,compiler_metrics num_static_constructors opt valgrind,,77,,,,1740081098,2023-08-14 14:03:37,154.0,966f06db181d109fbc6ac97a296ac28efbb8a5f2,1286990,,,,,,,,,,,,,,,,,,,,,,,,,,,,,,,,,,,,,,,,,,,,,,,,,,TN,,,,,,,,,,
autoland,3646670,2,6311658df04f8b9dab1d842cf1ddc69e83bd8127,linux64-qr,,False,,,102210fe594ee9b33d82058545b1ed14f4c8206e,num_static_constructors,compiler_metrics,True,compiler_metrics num_static_constructors opt valgrind,,77,,,,1740081127,2023-08-14 14:03:37,154.0,966f06db181d109fbc6ac97a296ac28efbb8a5f2,1286990,,,,,,,,,,,,,,,,,,,,,,,,,,,,,,,,,,,,,,,,,,,,,,,,,,TN,,,,,,,,,,
autoland,3646670,2,6311658df04f8b9dab1d842cf1ddc69e83bd8127,linux64-qr,,False,,,102210fe594ee9b33d82058545b1ed14f4c8206e,num_static_constructors,compiler_metrics,True,compiler_metrics num_static_constructors opt valgrind,,77,,,,1740082548,2023-08-14 14:03:37,154.0,966f06db181d109fbc6ac97a296ac28efbb8a5f2,1286990,,,,,,,,,,,,,,,,,,,,,,,,,,,,,,,,,,,,,,,,,,,,,,,,,,TN,,,,,,,,,,
autoland,3646670,2,6311658df04f8b9dab1d842cf1ddc69e83bd8127,linux64-qr,,False,,,102210fe594ee9b33d82058545b1ed14f4c8206e,num_static_constructors,compiler_metrics,True,compiler_metrics num_static_constructors opt valgrind,,77,,,,1740085138,2023-08-14 15:05:04,154.0,b5a2c9e3703b740b3dd3859a2083f66866f798ce,1287028,,,,,,,,,,,,,,,,,,,,,,,,,,,,,,,,,,,,,,,,,,,,,,,,,,TN,,,,,,,,,,
autoland,3646670,2,6311658df04f8b9dab1d842cf1ddc69e83bd8127,linux64-qr,,False,,,102210fe594ee9b33d82058545b1ed14f4c8206e,num_static_constructors,compiler_metrics,True,compiler_metrics num_static_constructors opt valgrind,,77,,,,1740121528,2023-08-14 16:54:04,154.0,5b1987d52ae19ebe1b311fec0f664563b5bf198d,1287092,,,,,,,,,,,,,,,,,,,,,,,,,,,,,,,,,,,,,,,,,,,,,,,,,,TN,,,,,,,,,,
autoland,3646670,2,6311658df04f8b9dab1d842cf1ddc69e83bd8127,linux64-qr,,False,,,102210fe594ee9b33d82058545b1ed14f4c8206e,num_static_constructors,compiler_metrics,True,compiler_metrics num_static_constructors opt valgrind,,77,,,,1740238015,2023-08-14 19:56:31,154.0,9927c185a98bb8614f6070ed30e69fa97a4d9da4,1287215,,,,,,,,,,,,,,,,,,,,,,,,,,,,,,,,,,,,,,,,,,,,,,,,,,TN,,,,,,,,,,
autoland,3646670,2,6311658df04f8b9dab1d842cf1ddc69e83bd8127,linux64-qr,,False,,,102210fe594ee9b33d82058545b1ed14f4c8206e,num_static_constructors,compiler_metrics,True,compiler_metrics num_static_constructors opt valgrind,,77,,,,1740267652,2023-08-14 21:20:15,154.0,7081c01a8f314a82bc3c055c11f0880dc2b706fb,1287268,,,,,,,,,,,,,,,,,,,,,,,,,,,,,,,,,,,,,,,,,,,,,,,,,,TN,,,,,,,,,,
autoland,3646670,2,6311658df04f8b9dab1d842cf1ddc69e83bd8127,linux64-qr,,False,,,102210fe594ee9b33d82058545b1ed14f4c8206e,num_static_constructors,compiler_metrics,True,compiler_metrics num_static_constructors opt valgrind,,77,,,,1740319149,2023-08-14 23:25:21,154.0,88ec6682eab1c5c36cb839c8db0156446559a1cb,1287331,,,,,,,,,,,,,,,,,,,,,,,,,,,,,,,,,,,,,,,,,,,,,,,,,,TN,,,,,,,,,,
autoland,3646670,2,6311658df04f8b9dab1d842cf1ddc69e83bd8127,linux64-qr,,False,,,102210fe594ee9b33d82058545b1ed14f4c8206e,num_static_constructors,compiler_metrics,True,compiler_metrics num_static_constructors opt valgrind,,77,,,,1740410386,2023-08-15 03:40:03,154.0,ef2753ba331b17b408096bfd42e83a91039b995d,1287395,,,,,,,,,,,,,,,,,,,,,,,,,,,,,,,,,,,,,,,,,,,,,,,,,,TN,,,,,,,,,,
autoland,3646670,2,6311658df04f8b9dab1d842cf1ddc69e83bd8127,linux64-qr,,False,,,102210fe594ee9b33d82058545b1ed14f4c8206e,num_static_constructors,compiler_metrics,True,compiler_metrics num_static_constructors opt valgrind,,77,,,,1740459207,2023-08-15 05:46:02,154.0,0f010e753b74a51ee002d8d5d857c18f71ba2599,1287415,,,,,,,,,,,,,,,,,,,,,,,,,,,,,,,,,,,,,,,,,,,,,,,,,,TN,,,,,,,,,,
autoland,3646670,2,6311658df04f8b9dab1d842cf1ddc69e83bd8127,linux64-qr,,False,,,102210fe594ee9b33d82058545b1ed14f4c8206e,num_static_constructors,compiler_metrics,True,compiler_metrics num_static_constructors opt valgrind,,77,,,,1740487402,2023-08-15 05:46:02,154.0,0f010e753b74a51ee002d8d5d857c18f71ba2599,1287415,,,,,,,,,,,,,,,,,,,,,,,,,,,,,,,,,,,,,,,,,,,,,,,,,,TN,,,,,,,,,,
autoland,3646670,2,6311658df04f8b9dab1d842cf1ddc69e83bd8127,linux64-qr,,False,,,102210fe594ee9b33d82058545b1ed14f4c8206e,num_static_constructors,compiler_metrics,True,compiler_metrics num_static_constructors opt valgrind,,77,,,,1740599501,2023-08-15 12:15:00,154.0,0038346134ec0c0912660c19edced48ff4c9996b,1287534,,,,,,,,,,,,,,,,,,,,,,,,,,,,,,,,,,,,,,,,,,,,,,,,,,TN,,,,,,,,,,
autoland,3646670,2,6311658df04f8b9dab1d842cf1ddc69e83bd8127,linux64-qr,,False,,,102210fe594ee9b33d82058545b1ed14f4c8206e,num_static_constructors,compiler_metrics,True,compiler_metrics num_static_constructors opt valgrind,,77,,,,1740601263,2023-08-15 12:16:05,154.0,34ea39f6bd8afd706e571c5a5c5557f8f02274c7,1287535,,,,,,,,,,,,,,,,,,,,,,,,,,,,,,,,,,,,,,,,,,,,,,,,,,TN,,,,,,,,,,
autoland,3646670,2,6311658df04f8b9dab1d842cf1ddc69e83bd8127,linux64-qr,,False,,,102210fe594ee9b33d82058545b1ed14f4c8206e,num_static_constructors,compiler_metrics,True,compiler_metrics num_static_constructors opt valgrind,,77,,,,1740616111,2023-08-15 12:16:05,154.0,34ea39f6bd8afd706e571c5a5c5557f8f02274c7,1287535,,,,,,,,,,,,,,,,,,,,,,,,,,,,,,,,,,,,,,,,,,,,,,,,,,TN,,,,,,,,,,
autoland,3646670,2,6311658df04f8b9dab1d842cf1ddc69e83bd8127,linux64-qr,,False,,,102210fe594ee9b33d82058545b1ed14f4c8206e,num_static_constructors,compiler_metrics,True,compiler_metrics num_static_constructors opt valgrind,,77,,,,1740644592,2023-08-15 13:38:15,153.0,02894ef3b6a83786a858970ffab93df460104f05,1287574,,,,,,,,,,,,,,,,,,,,,,,,,,,,,,,,,,,,,,,,,,,,,,,,,,TN,,,,,,,,,,
autoland,3646670,2,6311658df04f8b9dab1d842cf1ddc69e83bd8127,linux64-qr,,False,,,102210fe594ee9b33d82058545b1ed14f4c8206e,num_static_constructors,compiler_metrics,True,compiler_metrics num_static_constructors opt valgrind,,77,,,,1740769775,2023-08-15 17:48:00,153.0,c01a1256082294777509d59591b44cc1a9a54101,1287732,,,,,,,,,,,,,,,,,,,,,,,,,,,,,,,,,,,,,,,,,,,,,,,,,,TN,,,,,,,,,,
autoland,3646670,2,6311658df04f8b9dab1d842cf1ddc69e83bd8127,linux64-qr,,False,,,102210fe594ee9b33d82058545b1ed14f4c8206e,num_static_constructors,compiler_metrics,True,compiler_metrics num_static_constructors opt valgrind,,77,,,,1740794527,2023-08-15 18:43:57,153.0,545c91ab76298473edb882326367ba6f547674db,1287764,,,,,,,,,,,,,,,,,,,,,,,,,,,,,,,,,,,,,,,,,,,,,,,,,,TN,,,,,,,,,,
autoland,3646670,2,6311658df04f8b9dab1d842cf1ddc69e83bd8127,linux64-qr,,False,,,102210fe594ee9b33d82058545b1ed14f4c8206e,num_static_constructors,compiler_metrics,True,compiler_metrics num_static_constructors opt valgrind,,77,,,,1740859551,2023-08-15 20:18:28,153.0,b6d00af33f9f1879900a9ff148f77a03de4ca507,1287829,,,,,,,,,,,,,,,,,,,,,,,,,,,,,,,,,,,,,,,,,,,,,,,,,,TN,,,,,,,,,,
autoland,3646670,2,6311658df04f8b9dab1d842cf1ddc69e83bd8127,linux64-qr,,False,,,102210fe594ee9b33d82058545b1ed14f4c8206e,num_static_constructors,compiler_metrics,True,compiler_metrics num_static_constructors opt valgrind,,77,,,,1741026309,2023-08-16 01:44:13,153.0,af1979bb2dd22b96889d47af7852253d7f161693,1287987,,,,,,,,,,,,,,,,,,,,,,,,,,,,,,,,,,,,,,,,,,,,,,,,,,TN,,,,,,,,,,
autoland,3646670,2,6311658df04f8b9dab1d842cf1ddc69e83bd8127,linux64-qr,,False,,,102210fe594ee9b33d82058545b1ed14f4c8206e,num_static_constructors,compiler_metrics,True,compiler_metrics num_static_constructors opt valgrind,,77,,,,1741037444,2023-08-16 02:52:12,153.0,337b6977d69e3dc33996f62458713125ef186f81,1288019,,,,,,,,,,,,,,,,,,,,,,,,,,,,,,,,,,,,,,,,,,,,,,,,,,TN,,,,,,,,,,
autoland,3646670,2,6311658df04f8b9dab1d842cf1ddc69e83bd8127,linux64-qr,,False,,,102210fe594ee9b33d82058545b1ed14f4c8206e,num_static_constructors,compiler_metrics,True,compiler_metrics num_static_constructors opt valgrind,,77,,,,1741110202,2023-08-16 06:09:24,153.0,4d7123b9c5729f33db3288141ea7502fae3cbadc,1288100,,,,,,,,,,,,,,,,,,,,,,,,,,,,,,,,,,,,,,,,,,,,,,,,,,TN,,,,,,,,,,
autoland,3646670,2,6311658df04f8b9dab1d842cf1ddc69e83bd8127,linux64-qr,,False,,,102210fe594ee9b33d82058545b1ed14f4c8206e,num_static_constructors,compiler_metrics,True,compiler_metrics num_static_constructors opt valgrind,,77,,,,1741148553,2023-08-16 07:28:11,153.0,3ba3d3cb9bb7860efcbb623d34fc5d721fc7cfcb,1288129,,,,,,,,,,,,,,,,,,,,,,,,,,,,,,,,,,,,,,,,,,,,,,,,,,TN,,,,,,,,,,
autoland,3646670,2,6311658df04f8b9dab1d842cf1ddc69e83bd8127,linux64-qr,,False,,,102210fe594ee9b33d82058545b1ed14f4c8206e,num_static_constructors,compiler_metrics,True,compiler_metrics num_static_constructors opt valgrind,,77,,,,1741226491,2023-08-16 09:40:38,153.0,dc9f0909aa3974dbbbab60cea669fb1b2f2b937d,1288188,,,,,,,,,,,,,,,,,,,,,,,,,,,,,,,,,,,,,,,,,,,,,,,,,,TN,,,,,,,,,,
autoland,3646670,2,6311658df04f8b9dab1d842cf1ddc69e83bd8127,linux64-qr,,False,,,102210fe594ee9b33d82058545b1ed14f4c8206e,num_static_constructors,compiler_metrics,True,compiler_metrics num_static_constructors opt valgrind,,77,,,,1741247980,2023-08-16 10:40:28,153.0,3cbe8cb45dab35d18ef4ffb5481be55dfabf47c7,1288233,,,,,,,,,,,,,,,,,,,,,,,,,,,,,,,,,,,,,,,,,,,,,,,,,,TN,,,,,,,,,,
autoland,3646670,2,6311658df04f8b9dab1d842cf1ddc69e83bd8127,linux64-qr,,False,,,102210fe594ee9b33d82058545b1ed14f4c8206e,num_static_constructors,compiler_metrics,True,compiler_metrics num_static_constructors opt valgrind,,77,,,,1741311984,2023-08-16 12:28:12,153.0,8a73ffb04e0b980e31fed0ef3226cec7dc161d52,1288290,,,,,,,,,,,,,,,,,,,,,,,,,,,,,,,,,,,,,,,,,,,,,,,,,,TN,,,,,,,,,,
autoland,3646670,2,6311658df04f8b9dab1d842cf1ddc69e83bd8127,linux64-qr,,False,,,102210fe594ee9b33d82058545b1ed14f4c8206e,num_static_constructors,compiler_metrics,True,compiler_metrics num_static_constructors opt valgrind,,77,,,,1741368147,2023-08-16 14:37:22,153.0,1cafd355bbcf32aae501b9419edec5e7c8a59968,1288343,,,,,,,,,,,,,,,,,,,,,,,,,,,,,,,,,,,,,,,,,,,,,,,,,,TN,,,,,,,,,,
autoland,3646670,2,6311658df04f8b9dab1d842cf1ddc69e83bd8127,linux64-qr,,False,,,102210fe594ee9b33d82058545b1ed14f4c8206e,num_static_constructors,compiler_metrics,True,compiler_metrics num_static_constructors opt valgrind,,77,,,,1741507478,2023-08-16 17:18:17,153.0,76c2ef9d279ab62d4513c845d1c71e49aaf07d8c,1288437,,,,,,,,,,,,,,,,,,,,,,,,,,,,,,,,,,,,,,,,,,,,,,,,,,TN,,,,,,,,,,
autoland,3646670,2,6311658df04f8b9dab1d842cf1ddc69e83bd8127,linux64-qr,,False,,,102210fe594ee9b33d82058545b1ed14f4c8206e,num_static_constructors,compiler_metrics,True,compiler_metrics num_static_constructors opt valgrind,,77,,,,1741544794,2023-08-16 18:57:22,153.0,1c8dec8815d59d488dc44109a4361dcec573ec0a,1288496,,,,,,,,,,,,,,,,,,,,,,,,,,,,,,,,,,,,,,,,,,,,,,,,,,TN,,,,,,,,,,
autoland,3646670,2,6311658df04f8b9dab1d842cf1ddc69e83bd8127,linux64-qr,,False,,,102210fe594ee9b33d82058545b1ed14f4c8206e,num_static_constructors,compiler_metrics,True,compiler_metrics num_static_constructors opt valgrind,,77,,,,1741632633,2023-08-16 21:10:40,153.0,a6e6cc51fc009cab4ea61d59399d1e11de2adfb4,1288594,,,,,,,,,,,,,,,,,,,,,,,,,,,,,,,,,,,,,,,,,,,,,,,,,,TN,,,,,,,,,,
autoland,3646670,2,6311658df04f8b9dab1d842cf1ddc69e83bd8127,linux64-qr,,False,,,102210fe594ee9b33d82058545b1ed14f4c8206e,num_static_constructors,compiler_metrics,True,compiler_metrics num_static_constructors opt valgrind,,77,,,,1741657514,2023-08-16 23:04:52,153.0,4e21d241af64f5d1f3b4796d48ab8d58a961f081,1288666,,,,,,,,,,,,,,,,,,,,,,,,,,,,,,,,,,,,,,,,,,,,,,,,,,TN,,,,,,,,,,
autoland,3646670,2,6311658df04f8b9dab1d842cf1ddc69e83bd8127,linux64-qr,,False,,,102210fe594ee9b33d82058545b1ed14f4c8206e,num_static_constructors,compiler_metrics,True,compiler_metrics num_static_constructors opt valgrind,,77,,,,1741667104,2023-08-16 23:22:50,153.0,200aa08042f1b584401fd4aca219d4b68edf7973,1288675,,,,,,,,,,,,,,,,,,,,,,,,,,,,,,,,,,,,,,,,,,,,,,,,,,TN,,,,,,,,,,
autoland,3646670,2,6311658df04f8b9dab1d842cf1ddc69e83bd8127,linux64-qr,,False,,,102210fe594ee9b33d82058545b1ed14f4c8206e,num_static_constructors,compiler_metrics,True,compiler_metrics num_static_constructors opt valgrind,,77,,,,1741699953,2023-08-16 23:22:50,153.0,200aa08042f1b584401fd4aca219d4b68edf7973,1288675,,,,,,,,,,,,,,,,,,,,,,,,,,,,,,,,,,,,,,,,,,,,,,,,,,TN,,,,,,,,,,
autoland,3646670,2,6311658df04f8b9dab1d842cf1ddc69e83bd8127,linux64-qr,,False,,,102210fe594ee9b33d82058545b1ed14f4c8206e,num_static_constructors,compiler_metrics,True,compiler_metrics num_static_constructors opt valgrind,,77,,,,1741702097,2023-08-16 23:22:50,153.0,200aa08042f1b584401fd4aca219d4b68edf7973,1288675,,,,,,,,,,,,,,,,,,,,,,,,,,,,,,,,,,,,,,,,,,,,,,,,,,TN,,,,,,,,,,
autoland,3646670,2,6311658df04f8b9dab1d842cf1ddc69e83bd8127,linux64-qr,,False,,,102210fe594ee9b33d82058545b1ed14f4c8206e,num_static_constructors,compiler_metrics,True,compiler_metrics num_static_constructors opt valgrind,,77,,,,1741728454,2023-08-16 23:22:50,153.0,200aa08042f1b584401fd4aca219d4b68edf7973,1288675,,,,,,,,,,,,,,,,,,,,,,,,,,,,,,,,,,,,,,,,,,,,,,,,,,TN,,,,,,,,,,
autoland,3646670,2,6311658df04f8b9dab1d842cf1ddc69e83bd8127,linux64-qr,,False,,,102210fe594ee9b33d82058545b1ed14f4c8206e,num_static_constructors,compiler_metrics,True,compiler_metrics num_static_constructors opt valgrind,,77,,,,1741728761,2023-08-16 23:22:50,153.0,200aa08042f1b584401fd4aca219d4b68edf7973,1288675,,,,,,,,,,,,,,,,,,,,,,,,,,,,,,,,,,,,,,,,,,,,,,,,,,TN,,,,,,,,,,
autoland,3646670,2,6311658df04f8b9dab1d842cf1ddc69e83bd8127,linux64-qr,,False,,,102210fe594ee9b33d82058545b1ed14f4c8206e,num_static_constructors,compiler_metrics,True,compiler_metrics num_static_constructors opt valgrind,,77,,,,1741729570,2023-08-16 23:22:50,153.0,200aa08042f1b584401fd4aca219d4b68edf7973,1288675,,,,,,,,,,,,,,,,,,,,,,,,,,,,,,,,,,,,,,,,,,,,,,,,,,TN,,,,,,,,,,
autoland,3646670,2,6311658df04f8b9dab1d842cf1ddc69e83bd8127,linux64-qr,,False,,,102210fe594ee9b33d82058545b1ed14f4c8206e,num_static_constructors,compiler_metrics,True,compiler_metrics num_static_constructors opt valgrind,,77,,,,1741733942,2023-08-16 23:22:50,153.0,200aa08042f1b584401fd4aca219d4b68edf7973,1288675,,,,,,,,,,,,,,,,,,,,,,,,,,,,,,,,,,,,,,,,,,,,,,,,,,TN,,,,,,,,,,
autoland,3646670,2,6311658df04f8b9dab1d842cf1ddc69e83bd8127,linux64-qr,,False,,,102210fe594ee9b33d82058545b1ed14f4c8206e,num_static_constructors,compiler_metrics,True,compiler_metrics num_static_constructors opt valgrind,,77,,,,1741769602,2023-08-17 04:16:28,153.0,18db2934736dc8d16e5b5840ec0b170aef5c0c3b,1288753,,,,,,,,,,,,,,,,,,,,,,,,,,,,,,,,,,,,,,,,,,,,,,,,,,TN,,,,,,,,,,
autoland,3646670,2,6311658df04f8b9dab1d842cf1ddc69e83bd8127,linux64-qr,,False,,,102210fe594ee9b33d82058545b1ed14f4c8206e,num_static_constructors,compiler_metrics,True,compiler_metrics num_static_constructors opt valgrind,,77,,,,1741853090,2023-08-17 06:51:52,153.0,9b1e2f9d999edf3ac20bd828cccf22d9553018ca,1288791,,,,,,,,,,,,,,,,,,,,,,,,,,,,,,,,,,,,,,,,,,,,,,,,,,TN,,,,,,,,,,
autoland,3646670,2,6311658df04f8b9dab1d842cf1ddc69e83bd8127,linux64-qr,,False,,,102210fe594ee9b33d82058545b1ed14f4c8206e,num_static_constructors,compiler_metrics,True,compiler_metrics num_static_constructors opt valgrind,,77,,,,1741883549,2023-08-17 08:24:55,153.0,bee27401511bf375891968a9ca78d7ef74d19962,1288813,,,,,,,,,,,,,,,,,,,,,,,,,,,,,,,,,,,,,,,,,,,,,,,,,,TN,,,,,,,,,,
autoland,3646670,2,6311658df04f8b9dab1d842cf1ddc69e83bd8127,linux64-qr,,False,,,102210fe594ee9b33d82058545b1ed14f4c8206e,num_static_constructors,compiler_metrics,True,compiler_metrics num_static_constructors opt valgrind,,77,,,,1741927448,2023-08-17 10:09:55,153.0,78e7cb2837e7dec0ef55a2f5f383625335ad2520,1288847,,,,,,,,,,,,,,,,,,,,,,,,,,,,,,,,,,,,,,,,,,,,,,,,,,TN,,,,,,,,,,
autoland,3646670,2,6311658df04f8b9dab1d842cf1ddc69e83bd8127,linux64-qr,,False,,,102210fe594ee9b33d82058545b1ed14f4c8206e,num_static_constructors,compiler_metrics,True,compiler_metrics num_static_constructors opt valgrind,,77,,,,1742045765,2023-08-17 14:34:38,153.0,776fbad509150f69418e1f44fa2580c651211253,1288953,,,,,,,,,,,,,,,,,,,,,,,,,,,,,,,,,,,,,,,,,,,,,,,,,,TN,,,,,,,,,,
autoland,3646670,2,6311658df04f8b9dab1d842cf1ddc69e83bd8127,linux64-qr,,False,,,102210fe594ee9b33d82058545b1ed14f4c8206e,num_static_constructors,compiler_metrics,True,compiler_metrics num_static_constructors opt valgrind,,77,,,,1742048778,2023-08-17 14:45:45,153.0,c3eb980ed303634502f61048d3a2c98fdfe274b7,1288965,,,,,,,,,,,,,,,,,,,,,,,,,,,,,,,,,,,,,,,,,,,,,,,,,,TN,,,,,,,,,,
autoland,3646670,2,6311658df04f8b9dab1d842cf1ddc69e83bd8127,linux64-qr,,False,,,102210fe594ee9b33d82058545b1ed14f4c8206e,num_static_constructors,compiler_metrics,True,compiler_metrics num_static_constructors opt valgrind,,77,,,,1742108325,2023-08-17 16:13:13,153.0,aac1f1d71d5251ffb80e7a22087e1c473e53069d,1289025,,,,,,,,,,,,,,,,,,,,,,,,,,,,,,,,,,,,,,,,,,,,,,,,,,TN,,,,,,,,,,
autoland,3646670,2,6311658df04f8b9dab1d842cf1ddc69e83bd8127,linux64-qr,,False,,,102210fe594ee9b33d82058545b1ed14f4c8206e,num_static_constructors,compiler_metrics,True,compiler_metrics num_static_constructors opt valgrind,,77,,,,1742208885,2023-08-17 18:39:00,153.0,d6e3a985fda44edfa84fae3ecc4b52e6b732f09e,1289103,,,,,,,,,,,,,,,,,,,,,,,,,,,,,,,,,,,,,,,,,,,,,,,,,,TN,,,,,,,,,,
autoland,3646670,2,6311658df04f8b9dab1d842cf1ddc69e83bd8127,linux64-qr,,False,,,102210fe594ee9b33d82058545b1ed14f4c8206e,num_static_constructors,compiler_metrics,True,compiler_metrics num_static_constructors opt valgrind,,77,,,,1742268887,2023-08-17 19:44:04,153.0,e3a24ea4f8b0be504990cbc266d7af273804678e,1289144,,,,,,,,,,,,,,,,,,,,,,,,,,,,,,,,,,,,,,,,,,,,,,,,,,TN,,,,,,,,,,
autoland,3646670,2,6311658df04f8b9dab1d842cf1ddc69e83bd8127,linux64-qr,,False,,,102210fe594ee9b33d82058545b1ed14f4c8206e,num_static_constructors,compiler_metrics,True,compiler_metrics num_static_constructors opt valgrind,,77,,,,1742310027,2023-08-17 19:44:04,153.0,e3a24ea4f8b0be504990cbc266d7af273804678e,1289144,,,,,,,,,,,,,,,,,,,,,,,,,,,,,,,,,,,,,,,,,,,,,,,,,,TN,,,,,,,,,,
autoland,3646670,2,6311658df04f8b9dab1d842cf1ddc69e83bd8127,linux64-qr,,False,,,102210fe594ee9b33d82058545b1ed14f4c8206e,num_static_constructors,compiler_metrics,True,compiler_metrics num_static_constructors opt valgrind,,77,,,,1742330515,2023-08-17 19:44:04,153.0,e3a24ea4f8b0be504990cbc266d7af273804678e,1289144,,,,,,,,,,,,,,,,,,,,,,,,,,,,,,,,,,,,,,,,,,,,,,,,,,TN,,,,,,,,,,
autoland,3646670,2,6311658df04f8b9dab1d842cf1ddc69e83bd8127,linux64-qr,,False,,,102210fe594ee9b33d82058545b1ed14f4c8206e,num_static_constructors,compiler_metrics,True,compiler_metrics num_static_constructors opt valgrind,,77,,,,1742341636,2023-08-17 21:55:49,153.0,588e0ac59ef27c2869a3f695028cf359128ee2ac,1289239,,,,,,,,,,,,,,,,,,,,,,,,,,,,,,,,,,,,,,,,,,,,,,,,,,TN,,,,,,,,,,
autoland,3646670,2,6311658df04f8b9dab1d842cf1ddc69e83bd8127,linux64-qr,,False,,,102210fe594ee9b33d82058545b1ed14f4c8206e,num_static_constructors,compiler_metrics,True,compiler_metrics num_static_constructors opt valgrind,,77,,,,1742412458,2023-08-18 00:01:41,153.0,990790cb4b9bfd20fd7683f2815d50585f5dcba2,1289285,,,,,,,,,,,,,,,,,,,,,,,,,,,,,,,,,,,,,,,,,,,,,,,,,,TN,,,,,,,,,,
autoland,3646670,2,6311658df04f8b9dab1d842cf1ddc69e83bd8127,linux64-qr,,False,,,102210fe594ee9b33d82058545b1ed14f4c8206e,num_static_constructors,compiler_metrics,True,compiler_metrics num_static_constructors opt valgrind,,77,,,,1742579035,2023-08-18 04:25:36,153.0,deca2c956e89b8e65d2a1b0fcb79db8b991a7046,1289346,,,,,,,,,,,,,,,,,,,,,,,,,,,,,,,,,,,,,,,,,,,,,,,,,,TN,,,,,,,,,,
autoland,3646670,2,6311658df04f8b9dab1d842cf1ddc69e83bd8127,linux64-qr,,False,,,102210fe594ee9b33d82058545b1ed14f4c8206e,num_static_constructors,compiler_metrics,True,compiler_metrics num_static_constructors opt valgrind,,77,,,,1742599379,2023-08-18 04:25:36,153.0,deca2c956e89b8e65d2a1b0fcb79db8b991a7046,1289346,,,,,,,,,,,,,,,,,,,,,,,,,,,,,,,,,,,,,,,,,,,,,,,,,,TN,,,,,,,,,,
autoland,3646670,2,6311658df04f8b9dab1d842cf1ddc69e83bd8127,linux64-qr,,False,,,102210fe594ee9b33d82058545b1ed14f4c8206e,num_static_constructors,compiler_metrics,True,compiler_metrics num_static_constructors opt valgrind,,77,,,,1742592841,2023-08-18 05:21:52,153.0,87da0265a044885f5ed64cc9ce2b961721d2142e,1289351,,,,,,,,,,,,,,,,,,,,,,,,,,,,,,,,,,,,,,,,,,,,,,,,,,TN,,,,,,,,,,
autoland,3646670,2,6311658df04f8b9dab1d842cf1ddc69e83bd8127,linux64-qr,,False,,,102210fe594ee9b33d82058545b1ed14f4c8206e,num_static_constructors,compiler_metrics,True,compiler_metrics num_static_constructors opt valgrind,,77,,,,1742736123,2023-08-18 11:22:17,153.0,a645cf8f45e98343dcab4d831b19ae35282ce0fa,1289422,,,,,,,,,,,,,,,,,,,,,,,,,,,,,,,,,,,,,,,,,,,,,,,,,,TN,,,,,,,,,,
autoland,3646670,2,6311658df04f8b9dab1d842cf1ddc69e83bd8127,linux64-qr,,False,,,102210fe594ee9b33d82058545b1ed14f4c8206e,num_static_constructors,compiler_metrics,True,compiler_metrics num_static_constructors opt valgrind,,77,,,,1742769123,2023-08-18 11:22:17,153.0,a645cf8f45e98343dcab4d831b19ae35282ce0fa,1289422,,,,,,,,,,,,,,,,,,,,,,,,,,,,,,,,,,,,,,,,,,,,,,,,,,TN,,,,,,,,,,
autoland,3646670,2,6311658df04f8b9dab1d842cf1ddc69e83bd8127,linux64-qr,,False,,,102210fe594ee9b33d82058545b1ed14f4c8206e,num_static_constructors,compiler_metrics,True,compiler_metrics num_static_constructors opt valgrind,,77,,,,1742776855,2023-08-18 11:22:17,153.0,a645cf8f45e98343dcab4d831b19ae35282ce0fa,1289422,,,,,,,,,,,,,,,,,,,,,,,,,,,,,,,,,,,,,,,,,,,,,,,,,,TN,,,,,,,,,,
autoland,3646670,2,6311658df04f8b9dab1d842cf1ddc69e83bd8127,linux64-qr,,False,,,102210fe594ee9b33d82058545b1ed14f4c8206e,num_static_constructors,compiler_metrics,True,compiler_metrics num_static_constructors opt valgrind,,77,,,,1742788641,2023-08-18 14:09:35,153.0,e2305368eaae41c8b47dd15f03addc2ec4fe0504,1289469,,,,,,,,,,,,,,,,,,,,,,,,,,,,,,,,,,,,,,,,,,,,,,,,,,TN,,,,,,,,,,
autoland,3646670,2,6311658df04f8b9dab1d842cf1ddc69e83bd8127,linux64-qr,,False,,,102210fe594ee9b33d82058545b1ed14f4c8206e,num_static_constructors,compiler_metrics,True,compiler_metrics num_static_constructors opt valgrind,,77,,,,1742806665,2023-08-18 14:09:35,153.0,e2305368eaae41c8b47dd15f03addc2ec4fe0504,1289469,,,,,,,,,,,,,,,,,,,,,,,,,,,,,,,,,,,,,,,,,,,,,,,,,,TN,,,,,,,,,,
autoland,3646670,2,6311658df04f8b9dab1d842cf1ddc69e83bd8127,linux64-qr,,False,,,102210fe594ee9b33d82058545b1ed14f4c8206e,num_static_constructors,compiler_metrics,True,compiler_metrics num_static_constructors opt valgrind,,77,,,,1742850168,2023-08-18 17:23:39,153.0,651b9362eee81a0f1a6645dd84304578f879b522,1289546,,,,,,,,,,,,,,,,,,,,,,,,,,,,,,,,,,,,,,,,,,,,,,,,,,TN,,,,,,,,,,
autoland,3646670,2,6311658df04f8b9dab1d842cf1ddc69e83bd8127,linux64-qr,,False,,,102210fe594ee9b33d82058545b1ed14f4c8206e,num_static_constructors,compiler_metrics,True,compiler_metrics num_static_constructors opt valgrind,,77,,,,1742909995,2023-08-18 19:46:30,153.0,62feb2305afdcba50bd84b58cd2ab152d53c61e7,1289627,,,,,,,,,,,,,,,,,,,,,,,,,,,,,,,,,,,,,,,,,,,,,,,,,,TN,,,,,,,,,,
autoland,3646670,2,6311658df04f8b9dab1d842cf1ddc69e83bd8127,linux64-qr,,False,,,102210fe594ee9b33d82058545b1ed14f4c8206e,num_static_constructors,compiler_metrics,True,compiler_metrics num_static_constructors opt valgrind,,77,,,,1743048488,2023-08-19 05:41:08,153.0,9814020284505cbc4a6075b3b7aba216be0632f8,1289731,,,,,,,,,,,,,,,,,,,,,,,,,,,,,,,,,,,,,,,,,,,,,,,,,,TN,,,,,,,,,,
autoland,3646670,2,6311658df04f8b9dab1d842cf1ddc69e83bd8127,linux64-qr,,False,,,102210fe594ee9b33d82058545b1ed14f4c8206e,num_static_constructors,compiler_metrics,True,compiler_metrics num_static_constructors opt valgrind,,77,,,,1743053848,2023-08-19 05:41:08,153.0,9814020284505cbc4a6075b3b7aba216be0632f8,1289731,,,,,,,,,,,,,,,,,,,,,,,,,,,,,,,,,,,,,,,,,,,,,,,,,,TN,,,,,,,,,,
autoland,3646670,2,6311658df04f8b9dab1d842cf1ddc69e83bd8127,linux64-qr,,False,,,102210fe594ee9b33d82058545b1ed14f4c8206e,num_static_constructors,compiler_metrics,True,compiler_metrics num_static_constructors opt valgrind,,77,,,,1743053445,2023-08-19 05:41:08,153.0,9814020284505cbc4a6075b3b7aba216be0632f8,1289731,,,,,,,,,,,,,,,,,,,,,,,,,,,,,,,,,,,,,,,,,,,,,,,,,,TN,,,,,,,,,,
autoland,3646670,2,6311658df04f8b9dab1d842cf1ddc69e83bd8127,linux64-qr,,False,,,102210fe594ee9b33d82058545b1ed14f4c8206e,num_static_constructors,compiler_metrics,True,compiler_metrics num_static_constructors opt valgrind,,77,,,,1743064145,2023-08-19 05:41:08,153.0,9814020284505cbc4a6075b3b7aba216be0632f8,1289731,,,,,,,,,,,,,,,,,,,,,,,,,,,,,,,,,,,,,,,,,,,,,,,,,,TN,,,,,,,,,,
autoland,3646670,2,6311658df04f8b9dab1d842cf1ddc69e83bd8127,linux64-qr,,False,,,102210fe594ee9b33d82058545b1ed14f4c8206e,num_static_constructors,compiler_metrics,True,compiler_metrics num_static_constructors opt valgrind,,77,,,,1743072338,2023-08-19 07:35:44,153.0,747d3637b0b4c6ce9c2d97ae3fcc48ac50f8f0f0,1289742,,,,,,,,,,,,,,,,,,,,,,,,,,,,,,,,,,,,,,,,,,,,,,,,,,TN,,,,,,,,,,
autoland,3646670,2,6311658df04f8b9dab1d842cf1ddc69e83bd8127,linux64-qr,,False,,,102210fe594ee9b33d82058545b1ed14f4c8206e,num_static_constructors,compiler_metrics,True,compiler_metrics num_static_constructors opt valgrind,,77,,,,1743106522,2023-08-19 11:55:58,153.0,8fefefd6da577f8b3d842ea07120af9e964c09b5,1289750,,,,,,,,,,,,,,,,,,,,,,,,,,,,,,,,,,,,,,,,,,,,,,,,,,TN,,,,,,,,,,
autoland,3646670,2,6311658df04f8b9dab1d842cf1ddc69e83bd8127,linux64-qr,,False,,,102210fe594ee9b33d82058545b1ed14f4c8206e,num_static_constructors,compiler_metrics,True,compiler_metrics num_static_constructors opt valgrind,,77,,,,1743131831,2023-08-19 16:49:23,153.0,00ae001484c9ff1069878dc66b64e3cd07b706f4,1289762,,,,,,,,,,,,,,,,,,,,,,,,,,,,,,,,,,,,,,,,,,,,,,,,,,TN,,,,,,,,,,
autoland,3646670,2,6311658df04f8b9dab1d842cf1ddc69e83bd8127,linux64-qr,,False,,,102210fe594ee9b33d82058545b1ed14f4c8206e,num_static_constructors,compiler_metrics,True,compiler_metrics num_static_constructors opt valgrind,,77,,,,1743424460,2023-08-21 01:56:25,153.0,80d255ac1919800d21a7e2a610fbcd6fda43ed99,1289869,,,,,,,,,,,,,,,,,,,,,,,,,,,,,,,,,,,,,,,,,,,,,,,,,,TN,,,,,,,,,,
autoland,3646670,2,6311658df04f8b9dab1d842cf1ddc69e83bd8127,linux64-qr,,False,,,102210fe594ee9b33d82058545b1ed14f4c8206e,num_static_constructors,compiler_metrics,True,compiler_metrics num_static_constructors opt valgrind,,77,,,,1743485439,2023-08-21 07:01:47,153.0,a4b3b09ad08da2e5b588b641b24f767ff91e5912,1289886,,,,,,,,,,,,,,,,,,,,,,,,,,,,,,,,,,,,,,,,,,,,,,,,,,TN,,,,,,,,,,
autoland,3646670,2,6311658df04f8b9dab1d842cf1ddc69e83bd8127,linux64-qr,,False,,,102210fe594ee9b33d82058545b1ed14f4c8206e,num_static_constructors,compiler_metrics,True,compiler_metrics num_static_constructors opt valgrind,,77,,,,1743631097,2023-08-21 12:56:14,153.0,b91f950e305309b0e653ed709a57021b3d50cd33,1289976,,,,,,,,,,,,,,,,,,,,,,,,,,,,,,,,,,,,,,,,,,,,,,,,,,TN,,,,,,,,,,
autoland,3646670,2,6311658df04f8b9dab1d842cf1ddc69e83bd8127,linux64-qr,,False,,,102210fe594ee9b33d82058545b1ed14f4c8206e,num_static_constructors,compiler_metrics,True,compiler_metrics num_static_constructors opt valgrind,,77,,,,1743719380,2023-08-21 19:46:12,153.0,82b916987920b0a9e2071c575073cbcff078021a,1290082,,,,,,,,,,,,,,,,,,,,,,,,,,,,,,,,,,,,,,,,,,,,,,,,,,TN,,,,,,,,,,
autoland,3646670,2,6311658df04f8b9dab1d842cf1ddc69e83bd8127,linux64-qr,,False,,,102210fe594ee9b33d82058545b1ed14f4c8206e,num_static_constructors,compiler_metrics,True,compiler_metrics num_static_constructors opt valgrind,,77,,,,1743812131,2023-08-22 01:01:20,153.0,1bbf9fc4d2dc2a1ff3ccf67fb65cedc71fcc0291,1290123,,,,,,,,,,,,,,,,,,,,,,,,,,,,,,,,,,,,,,,,,,,,,,,,,,TN,,,,,,,,,,
autoland,3646670,2,6311658df04f8b9dab1d842cf1ddc69e83bd8127,linux64-qr,,False,,,102210fe594ee9b33d82058545b1ed14f4c8206e,num_static_constructors,compiler_metrics,True,compiler_metrics num_static_constructors opt valgrind,,77,,,,1744002382,2023-08-22 11:00:38,153.0,e5eaba75408ae99aad9253d54cd09efb8f5a50ec,1290200,,,,,,,,,,,,,,,,,,,,,,,,,,,,,,,,,,,,,,,,,,,,,,,,,,TN,,,,,,,,,,
autoland,3646670,2,6311658df04f8b9dab1d842cf1ddc69e83bd8127,linux64-qr,,False,,,102210fe594ee9b33d82058545b1ed14f4c8206e,num_static_constructors,compiler_metrics,True,compiler_metrics num_static_constructors opt valgrind,,77,,,,1744011285,2023-08-22 11:50:17,153.0,81c3a95411ab3d706659872a9aedef21494cac9c,1290203,,,,,,,,,,,,,,,,,,,,,,,,,,,,,,,,,,,,,,,,,,,,,,,,,,TN,,,,,,,,,,
autoland,3646670,2,6311658df04f8b9dab1d842cf1ddc69e83bd8127,linux64-qr,,False,,,102210fe594ee9b33d82058545b1ed14f4c8206e,num_static_constructors,compiler_metrics,True,compiler_metrics num_static_constructors opt valgrind,,77,,,,1744144026,2023-08-22 15:58:55,153.0,eccdb961d59ca1e4315f6b2d255d638be86d8f63,1290279,,,,,,,,,,,,,,,,,,,,,,,,,,,,,,,,,,,,,,,,,,,,,,,,,,TN,,,,,,,,,,
autoland,3646670,2,6311658df04f8b9dab1d842cf1ddc69e83bd8127,linux64-qr,,False,,,102210fe594ee9b33d82058545b1ed14f4c8206e,num_static_constructors,compiler_metrics,True,compiler_metrics num_static_constructors opt valgrind,,77,,,,1744154710,2023-08-22 15:58:55,153.0,eccdb961d59ca1e4315f6b2d255d638be86d8f63,1290279,,,,,,,,,,,,,,,,,,,,,,,,,,,,,,,,,,,,,,,,,,,,,,,,,,TN,,,,,,,,,,
autoland,3646670,2,6311658df04f8b9dab1d842cf1ddc69e83bd8127,linux64-qr,,False,,,102210fe594ee9b33d82058545b1ed14f4c8206e,num_static_constructors,compiler_metrics,True,compiler_metrics num_static_constructors opt valgrind,,77,,,,1744145688,2023-08-22 16:02:39,153.0,ece9fb8fbedfa6acc08840151034f2468832c851,1290281,,,,,,,,,,,,,,,,,,,,,,,,,,,,,,,,,,,,,,,,,,,,,,,,,,TN,,,,,,,,,,
autoland,3646670,2,6311658df04f8b9dab1d842cf1ddc69e83bd8127,linux64-qr,,False,,,102210fe594ee9b33d82058545b1ed14f4c8206e,num_static_constructors,compiler_metrics,True,compiler_metrics num_static_constructors opt valgrind,,77,,,,1744280700,2023-08-22 19:52:39,153.0,e215151d2549581c23a1d3c8b53d8899f9776114,1290376,,,,,,,,,,,,,,,,,,,,,,,,,,,,,,,,,,,,,,,,,,,,,,,,,,TN,,,,,,,,,,
autoland,3646670,2,6311658df04f8b9dab1d842cf1ddc69e83bd8127,linux64-qr,,False,,,102210fe594ee9b33d82058545b1ed14f4c8206e,num_static_constructors,compiler_metrics,True,compiler_metrics num_static_constructors opt valgrind,,77,,,,1744283893,2023-08-22 20:17:58,153.0,a1487474ef2708086b96f2b3625f244382eb9f4a,1290386,,,,,,,,,,,,,,,,,,,,,,,,,,,,,,,,,,,,,,,,,,,,,,,,,,TN,,,,,,,,,,
autoland,3646670,2,6311658df04f8b9dab1d842cf1ddc69e83bd8127,linux64-qr,,False,,,102210fe594ee9b33d82058545b1ed14f4c8206e,num_static_constructors,compiler_metrics,True,compiler_metrics num_static_constructors opt valgrind,,77,,,,1744332128,2023-08-22 22:10:32,153.0,959c2f0abc19c494aba15ae7513fff9f59631cc1,1290435,,,,,,,,,,,,,,,,,,,,,,,,,,,,,,,,,,,,,,,,,,,,,,,,,,TN,,,,,,,,,,
autoland,3646670,2,6311658df04f8b9dab1d842cf1ddc69e83bd8127,linux64-qr,,False,,,102210fe594ee9b33d82058545b1ed14f4c8206e,num_static_constructors,compiler_metrics,True,compiler_metrics num_static_constructors opt valgrind,,77,,,,1744390132,2023-08-23 02:03:04,153.0,8c77943ef9dd7363e800c8bae780d2501e640bac,1290478,,,,,,,,,,,,,,,,,,,,,,,,,,,,,,,,,,,,,,,,,,,,,,,,,,TN,,,,,,,,,,
autoland,3646670,2,6311658df04f8b9dab1d842cf1ddc69e83bd8127,linux64-qr,,False,,,102210fe594ee9b33d82058545b1ed14f4c8206e,num_static_constructors,compiler_metrics,True,compiler_metrics num_static_constructors opt valgrind,,77,,,,1744402167,2023-08-23 02:11:44,153.0,df1f27dc099011a97267a844e60b1350575fc73c,1290482,,,,,,,,,,,,,,,,,,,,,,,,,,,,,,,,,,,,,,,,,,,,,,,,,,TN,,,,,,,,,,
autoland,3646670,2,6311658df04f8b9dab1d842cf1ddc69e83bd8127,linux64-qr,,False,,,102210fe594ee9b33d82058545b1ed14f4c8206e,num_static_constructors,compiler_metrics,True,compiler_metrics num_static_constructors opt valgrind,,77,,,,1744490362,2023-08-23 06:45:25,153.0,991ab6dbc55b4783dc5a6f561a9cc22cb4408e38,1290546,,,,,,,,,,,,,,,,,,,,,,,,,,,,,,,,,,,,,,,,,,,,,,,,,,TN,,,,,,,,,,
autoland,3646670,2,6311658df04f8b9dab1d842cf1ddc69e83bd8127,linux64-qr,,False,,,102210fe594ee9b33d82058545b1ed14f4c8206e,num_static_constructors,compiler_metrics,True,compiler_metrics num_static_constructors opt valgrind,,77,,,,1744501960,2023-08-23 07:14:41,153.0,4a4d5e64aec5efa71e7c743f4c968544faee5332,1290556,,,,,,,,,,,,,,,,,,,,,,,,,,,,,,,,,,,,,,,,,,,,,,,,,,TN,,,,,,,,,,
autoland,3646670,2,6311658df04f8b9dab1d842cf1ddc69e83bd8127,linux64-qr,,False,,,102210fe594ee9b33d82058545b1ed14f4c8206e,num_static_constructors,compiler_metrics,True,compiler_metrics num_static_constructors opt valgrind,,77,,,,1744545454,2023-08-23 07:14:41,153.0,4a4d5e64aec5efa71e7c743f4c968544faee5332,1290556,,,,,,,,,,,,,,,,,,,,,,,,,,,,,,,,,,,,,,,,,,,,,,,,,,TN,,,,,,,,,,
autoland,3646670,2,6311658df04f8b9dab1d842cf1ddc69e83bd8127,linux64-qr,,False,,,102210fe594ee9b33d82058545b1ed14f4c8206e,num_static_constructors,compiler_metrics,True,compiler_metrics num_static_constructors opt valgrind,,77,,,,1744636060,2023-08-23 11:20:43,152.0,c3bfc7b73e9fc06ec28663e6501728233eb0d574,1290592,,,,,,,,,,,,,,,,,,,,,,,,,,,,,,,,,,,,,,,,,,,,,,,,,,TN,,,,,,,,,,
autoland,3646670,2,6311658df04f8b9dab1d842cf1ddc69e83bd8127,linux64-qr,,False,,,102210fe594ee9b33d82058545b1ed14f4c8206e,num_static_constructors,compiler_metrics,True,compiler_metrics num_static_constructors opt valgrind,,77,,,,1744639380,2023-08-23 11:23:23,152.0,924008b0593e6306faf40369f043a03bb4dfccf5,1290593,,,,,,,,,,,,,,,,,,,,,,,,,,,,,,,,,,,,,,,,,,,,,,,,,,TN,,,,,,,,,,
autoland,3646670,2,6311658df04f8b9dab1d842cf1ddc69e83bd8127,linux64-qr,,False,,,102210fe594ee9b33d82058545b1ed14f4c8206e,num_static_constructors,compiler_metrics,True,compiler_metrics num_static_constructors opt valgrind,,77,,,,1744656200,2023-08-23 11:23:23,152.0,924008b0593e6306faf40369f043a03bb4dfccf5,1290593,,,,,,,,,,,,,,,,,,,,,,,,,,,,,,,,,,,,,,,,,,,,,,,,,,TN,,,,,,,,,,
autoland,3646670,2,6311658df04f8b9dab1d842cf1ddc69e83bd8127,linux64-qr,,False,,,102210fe594ee9b33d82058545b1ed14f4c8206e,num_static_constructors,compiler_metrics,True,compiler_metrics num_static_constructors opt valgrind,,77,,,,1744669416,2023-08-23 11:23:23,152.0,924008b0593e6306faf40369f043a03bb4dfccf5,1290593,,,,,,,,,,,,,,,,,,,,,,,,,,,,,,,,,,,,,,,,,,,,,,,,,,TN,,,,,,,,,,
autoland,3646670,2,6311658df04f8b9dab1d842cf1ddc69e83bd8127,linux64-qr,,False,,,102210fe594ee9b33d82058545b1ed14f4c8206e,num_static_constructors,compiler_metrics,True,compiler_metrics num_static_constructors opt valgrind,,77,,,,1744679374,2023-08-23 11:23:23,152.0,924008b0593e6306faf40369f043a03bb4dfccf5,1290593,,,,,,,,,,,,,,,,,,,,,,,,,,,,,,,,,,,,,,,,,,,,,,,,,,TN,,,,,,,,,,
autoland,3646670,2,6311658df04f8b9dab1d842cf1ddc69e83bd8127,linux64-qr,,False,,,102210fe594ee9b33d82058545b1ed14f4c8206e,num_static_constructors,compiler_metrics,True,compiler_metrics num_static_constructors opt valgrind,,77,,,,1744708237,2023-08-23 11:23:23,152.0,924008b0593e6306faf40369f043a03bb4dfccf5,1290593,,,,,,,,,,,,,,,,,,,,,,,,,,,,,,,,,,,,,,,,,,,,,,,,,,TN,,,,,,,,,,
autoland,3646670,2,6311658df04f8b9dab1d842cf1ddc69e83bd8127,linux64-qr,,False,,,102210fe594ee9b33d82058545b1ed14f4c8206e,num_static_constructors,compiler_metrics,True,compiler_metrics num_static_constructors opt valgrind,,77,,,,1744730012,2023-08-23 15:20:56,152.0,a7db5ff392b1f3d18507813fbd65458438b3cbc4,1290685,,,,,,,,,,,,,,,,,,,,,,,,,,,,,,,,,,,,,,,,,,,,,,,,,,TN,,,,,,,,,,
autoland,3646670,2,6311658df04f8b9dab1d842cf1ddc69e83bd8127,linux64-qr,,False,,,102210fe594ee9b33d82058545b1ed14f4c8206e,num_static_constructors,compiler_metrics,True,compiler_metrics num_static_constructors opt valgrind,,77,,,,1744770879,2023-08-23 16:55:50,152.0,40a8041d06707a315c5f6e4b541dbe805bf34ec7,1290727,,,,,,,,,,,,,,,,,,,,,,,,,,,,,,,,,,,,,,,,,,,,,,,,,,TN,,,,,,,,,,
autoland,3646670,2,6311658df04f8b9dab1d842cf1ddc69e83bd8127,linux64-qr,,False,,,102210fe594ee9b33d82058545b1ed14f4c8206e,num_static_constructors,compiler_metrics,True,compiler_metrics num_static_constructors opt valgrind,,77,,,,1744785986,2023-08-23 16:55:50,152.0,40a8041d06707a315c5f6e4b541dbe805bf34ec7,1290727,,,,,,,,,,,,,,,,,,,,,,,,,,,,,,,,,,,,,,,,,,,,,,,,,,TN,,,,,,,,,,
autoland,3646670,2,6311658df04f8b9dab1d842cf1ddc69e83bd8127,linux64-qr,,False,,,102210fe594ee9b33d82058545b1ed14f4c8206e,num_static_constructors,compiler_metrics,True,compiler_metrics num_static_constructors opt valgrind,,77,,,,1744786433,2023-08-23 16:55:50,152.0,40a8041d06707a315c5f6e4b541dbe805bf34ec7,1290727,,,,,,,,,,,,,,,,,,,,,,,,,,,,,,,,,,,,,,,,,,,,,,,,,,TN,,,,,,,,,,
autoland,3646670,2,6311658df04f8b9dab1d842cf1ddc69e83bd8127,linux64-qr,,False,,,102210fe594ee9b33d82058545b1ed14f4c8206e,num_static_constructors,compiler_metrics,True,compiler_metrics num_static_constructors opt valgrind,,77,,,,1744796765,2023-08-23 16:55:50,152.0,40a8041d06707a315c5f6e4b541dbe805bf34ec7,1290727,,,,,,,,,,,,,,,,,,,,,,,,,,,,,,,,,,,,,,,,,,,,,,,,,,TN,,,,,,,,,,
autoland,3646670,2,6311658df04f8b9dab1d842cf1ddc69e83bd8127,linux64-qr,,False,,,102210fe594ee9b33d82058545b1ed14f4c8206e,num_static_constructors,compiler_metrics,True,compiler_metrics num_static_constructors opt valgrind,,77,,,,1744822261,2023-08-23 16:55:50,152.0,40a8041d06707a315c5f6e4b541dbe805bf34ec7,1290727,,,,,,,,,,,,,,,,,,,,,,,,,,,,,,,,,,,,,,,,,,,,,,,,,,TN,,,,,,,,,,
autoland,3646670,2,6311658df04f8b9dab1d842cf1ddc69e83bd8127,linux64-qr,,False,,,102210fe594ee9b33d82058545b1ed14f4c8206e,num_static_constructors,compiler_metrics,True,compiler_metrics num_static_constructors opt valgrind,,77,,,,1744823561,2023-08-23 16:55:50,152.0,40a8041d06707a315c5f6e4b541dbe805bf34ec7,1290727,,,,,,,,,,,,,,,,,,,,,,,,,,,,,,,,,,,,,,,,,,,,,,,,,,TN,,,,,,,,,,
autoland,3646670,2,6311658df04f8b9dab1d842cf1ddc69e83bd8127,linux64-qr,,False,,,102210fe594ee9b33d82058545b1ed14f4c8206e,num_static_constructors,compiler_metrics,True,compiler_metrics num_static_constructors opt valgrind,,77,,,,1744842469,2023-08-23 16:55:50,152.0,40a8041d06707a315c5f6e4b541dbe805bf34ec7,1290727,,,,,,,,,,,,,,,,,,,,,,,,,,,,,,,,,,,,,,,,,,,,,,,,,,TN,,,,,,,,,,
autoland,3646670,2,6311658df04f8b9dab1d842cf1ddc69e83bd8127,linux64-qr,,False,,,102210fe594ee9b33d82058545b1ed14f4c8206e,num_static_constructors,compiler_metrics,True,compiler_metrics num_static_constructors opt valgrind,,77,,,,1744842843,2023-08-23 16:55:50,152.0,40a8041d06707a315c5f6e4b541dbe805bf34ec7,1290727,,,,,,,,,,,,,,,,,,,,,,,,,,,,,,,,,,,,,,,,,,,,,,,,,,TN,,,,,,,,,,
autoland,3646670,2,6311658df04f8b9dab1d842cf1ddc69e83bd8127,linux64-qr,,False,,,102210fe594ee9b33d82058545b1ed14f4c8206e,num_static_constructors,compiler_metrics,True,compiler_metrics num_static_constructors opt valgrind,,77,,,,1744842733,2023-08-23 16:55:50,152.0,40a8041d06707a315c5f6e4b541dbe805bf34ec7,1290727,,,,,,,,,,,,,,,,,,,,,,,,,,,,,,,,,,,,,,,,,,,,,,,,,,TN,,,,,,,,,,
autoland,3646670,2,6311658df04f8b9dab1d842cf1ddc69e83bd8127,linux64-qr,,False,,,102210fe594ee9b33d82058545b1ed14f4c8206e,num_static_constructors,compiler_metrics,True,compiler_metrics num_static_constructors opt valgrind,,77,,,,1744859936,2023-08-23 16:55:50,152.0,40a8041d06707a315c5f6e4b541dbe805bf34ec7,1290727,,,,,,,,,,,,,,,,,,,,,,,,,,,,,,,,,,,,,,,,,,,,,,,,,,TN,,,,,,,,,,
autoland,3646670,2,6311658df04f8b9dab1d842cf1ddc69e83bd8127,linux64-qr,,False,,,102210fe594ee9b33d82058545b1ed14f4c8206e,num_static_constructors,compiler_metrics,True,compiler_metrics num_static_constructors opt valgrind,,77,,,,1744860084,2023-08-23 16:55:50,152.0,40a8041d06707a315c5f6e4b541dbe805bf34ec7,1290727,,,,,,,,,,,,,,,,,,,,,,,,,,,,,,,,,,,,,,,,,,,,,,,,,,TN,,,,,,,,,,
autoland,3646670,2,6311658df04f8b9dab1d842cf1ddc69e83bd8127,linux64-qr,,False,,,102210fe594ee9b33d82058545b1ed14f4c8206e,num_static_constructors,compiler_metrics,True,compiler_metrics num_static_constructors opt valgrind,,77,,,,1744860234,2023-08-23 16:55:50,152.0,40a8041d06707a315c5f6e4b541dbe805bf34ec7,1290727,,,,,,,,,,,,,,,,,,,,,,,,,,,,,,,,,,,,,,,,,,,,,,,,,,TN,,,,,,,,,,
autoland,3646670,2,6311658df04f8b9dab1d842cf1ddc69e83bd8127,linux64-qr,,False,,,102210fe594ee9b33d82058545b1ed14f4c8206e,num_static_constructors,compiler_metrics,True,compiler_metrics num_static_constructors opt valgrind,,77,,,,1744859416,2023-08-23 16:55:50,152.0,40a8041d06707a315c5f6e4b541dbe805bf34ec7,1290727,,,,,,,,,,,,,,,,,,,,,,,,,,,,,,,,,,,,,,,,,,,,,,,,,,TN,,,,,,,,,,
autoland,3646670,2,6311658df04f8b9dab1d842cf1ddc69e83bd8127,linux64-qr,,False,,,102210fe594ee9b33d82058545b1ed14f4c8206e,num_static_constructors,compiler_metrics,True,compiler_metrics num_static_constructors opt valgrind,,77,,,,1744859850,2023-08-23 16:55:50,152.0,40a8041d06707a315c5f6e4b541dbe805bf34ec7,1290727,,,,,,,,,,,,,,,,,,,,,,,,,,,,,,,,,,,,,,,,,,,,,,,,,,TN,,,,,,,,,,
autoland,3646670,2,6311658df04f8b9dab1d842cf1ddc69e83bd8127,linux64-qr,,False,,,102210fe594ee9b33d82058545b1ed14f4c8206e,num_static_constructors,compiler_metrics,True,compiler_metrics num_static_constructors opt valgrind,,77,,,,1744818259,2023-08-23 18:35:09,152.0,5372650b5f739ea2ca17b34d4992854019b992bd,1290772,,,,,,,,,,,,,,,,,,,,,,,,,,,,,,,,,,,,,,,,,,,,,,,,,,TN,,,,,,,,,,
autoland,3646670,2,6311658df04f8b9dab1d842cf1ddc69e83bd8127,linux64-qr,,False,,,102210fe594ee9b33d82058545b1ed14f4c8206e,num_static_constructors,compiler_metrics,True,compiler_metrics num_static_constructors opt valgrind,,77,,,,1744869786,2023-08-23 20:58:03,152.0,b5371614cd5a3e19ca3e500a87546023aea8eb5d,1290847,,,,,,,,,,,,,,,,,,,,,,,,,,,,,,,,,,,,,,,,,,,,,,,,,,TN,,,,,,,,,,
autoland,3646670,2,6311658df04f8b9dab1d842cf1ddc69e83bd8127,linux64-qr,,False,,,102210fe594ee9b33d82058545b1ed14f4c8206e,num_static_constructors,compiler_metrics,True,compiler_metrics num_static_constructors opt valgrind,,77,,,,1744885987,2023-08-23 20:58:03,152.0,b5371614cd5a3e19ca3e500a87546023aea8eb5d,1290847,,,,,,,,,,,,,,,,,,,,,,,,,,,,,,,,,,,,,,,,,,,,,,,,,,TN,,,,,,,,,,
autoland,3646670,2,6311658df04f8b9dab1d842cf1ddc69e83bd8127,linux64-qr,,False,,,102210fe594ee9b33d82058545b1ed14f4c8206e,num_static_constructors,compiler_metrics,True,compiler_metrics num_static_constructors opt valgrind,,77,,,,1744887003,2023-08-23 20:58:03,152.0,b5371614cd5a3e19ca3e500a87546023aea8eb5d,1290847,,,,,,,,,,,,,,,,,,,,,,,,,,,,,,,,,,,,,,,,,,,,,,,,,,TN,,,,,,,,,,
autoland,3646670,2,6311658df04f8b9dab1d842cf1ddc69e83bd8127,linux64-qr,,False,,,102210fe594ee9b33d82058545b1ed14f4c8206e,num_static_constructors,compiler_metrics,True,compiler_metrics num_static_constructors opt valgrind,,77,,,,1744886048,2023-08-23 20:58:03,152.0,b5371614cd5a3e19ca3e500a87546023aea8eb5d,1290847,,,,,,,,,,,,,,,,,,,,,,,,,,,,,,,,,,,,,,,,,,,,,,,,,,TN,,,,,,,,,,
autoland,3646670,2,6311658df04f8b9dab1d842cf1ddc69e83bd8127,linux64-qr,,False,,,102210fe594ee9b33d82058545b1ed14f4c8206e,num_static_constructors,compiler_metrics,True,compiler_metrics num_static_constructors opt valgrind,,77,,,,1744910672,2023-08-23 20:58:03,152.0,b5371614cd5a3e19ca3e500a87546023aea8eb5d,1290847,,,,,,,,,,,,,,,,,,,,,,,,,,,,,,,,,,,,,,,,,,,,,,,,,,TN,,,,,,,,,,
autoland,3646670,2,6311658df04f8b9dab1d842cf1ddc69e83bd8127,linux64-qr,,False,,,102210fe594ee9b33d82058545b1ed14f4c8206e,num_static_constructors,compiler_metrics,True,compiler_metrics num_static_constructors opt valgrind,,77,,,,1744911421,2023-08-23 20:58:03,152.0,b5371614cd5a3e19ca3e500a87546023aea8eb5d,1290847,,,,,,,,,,,,,,,,,,,,,,,,,,,,,,,,,,,,,,,,,,,,,,,,,,TN,,,,,,,,,,
autoland,3646670,2,6311658df04f8b9dab1d842cf1ddc69e83bd8127,linux64-qr,,False,,,102210fe594ee9b33d82058545b1ed14f4c8206e,num_static_constructors,compiler_metrics,True,compiler_metrics num_static_constructors opt valgrind,,77,,,,1744910817,2023-08-23 20:58:03,152.0,b5371614cd5a3e19ca3e500a87546023aea8eb5d,1290847,,,,,,,,,,,,,,,,,,,,,,,,,,,,,,,,,,,,,,,,,,,,,,,,,,TN,,,,,,,,,,
autoland,3646670,2,6311658df04f8b9dab1d842cf1ddc69e83bd8127,linux64-qr,,False,,,102210fe594ee9b33d82058545b1ed14f4c8206e,num_static_constructors,compiler_metrics,True,compiler_metrics num_static_constructors opt valgrind,,77,,,,1744910930,2023-08-23 20:58:03,152.0,b5371614cd5a3e19ca3e500a87546023aea8eb5d,1290847,,,,,,,,,,,,,,,,,,,,,,,,,,,,,,,,,,,,,,,,,,,,,,,,,,TN,,,,,,,,,,
autoland,3646670,2,6311658df04f8b9dab1d842cf1ddc69e83bd8127,linux64-qr,,False,,,102210fe594ee9b33d82058545b1ed14f4c8206e,num_static_constructors,compiler_metrics,True,compiler_metrics num_static_constructors opt valgrind,,77,,,,1744911791,2023-08-23 20:58:03,152.0,b5371614cd5a3e19ca3e500a87546023aea8eb5d,1290847,,,,,,,,,,,,,,,,,,,,,,,,,,,,,,,,,,,,,,,,,,,,,,,,,,TN,,,,,,,,,,
autoland,3646670,2,6311658df04f8b9dab1d842cf1ddc69e83bd8127,linux64-qr,,False,,,102210fe594ee9b33d82058545b1ed14f4c8206e,num_static_constructors,compiler_metrics,True,compiler_metrics num_static_constructors opt valgrind,,77,,,,1744938466,2023-08-23 22:59:05,152.0,25936c5809e05c5b5d28810efdfb0af9bb2f1792,1290874,,,,,,,,,,,,,,,,,,,,,,,,,,,,,,,,,,,,,,,,,,,,,,,,,,TN,,,,,,,,,,
autoland,3646670,2,6311658df04f8b9dab1d842cf1ddc69e83bd8127,linux64-qr,,False,,,102210fe594ee9b33d82058545b1ed14f4c8206e,num_static_constructors,compiler_metrics,True,compiler_metrics num_static_constructors opt valgrind,,77,,,,1744977451,2023-08-23 22:59:05,152.0,25936c5809e05c5b5d28810efdfb0af9bb2f1792,1290874,,,,,,,,,,,,,,,,,,,,,,,,,,,,,,,,,,,,,,,,,,,,,,,,,,TN,,,,,,,,,,
autoland,3646670,2,6311658df04f8b9dab1d842cf1ddc69e83bd8127,linux64-qr,,False,,,102210fe594ee9b33d82058545b1ed14f4c8206e,num_static_constructors,compiler_metrics,True,compiler_metrics num_static_constructors opt valgrind,,77,,,,1744978384,2023-08-23 22:59:05,152.0,25936c5809e05c5b5d28810efdfb0af9bb2f1792,1290874,,,,,,,,,,,,,,,,,,,,,,,,,,,,,,,,,,,,,,,,,,,,,,,,,,TN,,,,,,,,,,
autoland,3646670,2,6311658df04f8b9dab1d842cf1ddc69e83bd8127,linux64-qr,,False,,,102210fe594ee9b33d82058545b1ed14f4c8206e,num_static_constructors,compiler_metrics,True,compiler_metrics num_static_constructors opt valgrind,,77,,,,1744977807,2023-08-23 22:59:05,152.0,25936c5809e05c5b5d28810efdfb0af9bb2f1792,1290874,,,,,,,,,,,,,,,,,,,,,,,,,,,,,,,,,,,,,,,,,,,,,,,,,,TN,,,,,,,,,,
autoland,3646670,2,6311658df04f8b9dab1d842cf1ddc69e83bd8127,linux64-qr,,False,,,102210fe594ee9b33d82058545b1ed14f4c8206e,num_static_constructors,compiler_metrics,True,compiler_metrics num_static_constructors opt valgrind,,77,,,,1745063473,2023-08-24 03:53:22,152.0,332b088b314103bc02b008e08f1567f092cd6ca1,1290918,,,,,,,,,,,,,,,,,,,,,,,,,,,,,,,,,,,,,,,,,,,,,,,,,,TN,,,,,,,,,,
autoland,3646670,2,6311658df04f8b9dab1d842cf1ddc69e83bd8127,linux64-qr,,False,,,102210fe594ee9b33d82058545b1ed14f4c8206e,num_static_constructors,compiler_metrics,True,compiler_metrics num_static_constructors opt valgrind,,77,,,,1745094343,2023-08-24 05:40:11,152.0,cb2d1ea6bcd805298bdb820ee45f57aa2eb508c5,1290945,,,,,,,,,,,,,,,,,,,,,,,,,,,,,,,,,,,,,,,,,,,,,,,,,,TN,,,,,,,,,,
autoland,3646670,2,6311658df04f8b9dab1d842cf1ddc69e83bd8127,linux64-qr,,False,,,102210fe594ee9b33d82058545b1ed14f4c8206e,num_static_constructors,compiler_metrics,True,compiler_metrics num_static_constructors opt valgrind,,77,,,,1745176762,2023-08-24 11:04:38,152.0,fbbf71ea5127f6cc74aab13a3817349afe93580c,1291003,,,,,,,,,,,,,,,,,,,,,,,,,,,,,,,,,,,,,,,,,,,,,,,,,,TN,,,,,,,,,,
autoland,3646670,2,6311658df04f8b9dab1d842cf1ddc69e83bd8127,linux64-qr,,False,,,102210fe594ee9b33d82058545b1ed14f4c8206e,num_static_constructors,compiler_metrics,True,compiler_metrics num_static_constructors opt valgrind,,77,,,,1745251073,2023-08-24 13:41:33,152.0,9d2df5cf36fbb1712a62be68c4a309e2451e2d35,1291057,,,,,,,,,,,,,,,,,,,,,,,,,,,,,,,,,,,,,,,,,,,,,,,,,,TN,,,,,,,,,,
autoland,3646670,2,6311658df04f8b9dab1d842cf1ddc69e83bd8127,linux64-qr,,False,,,102210fe594ee9b33d82058545b1ed14f4c8206e,num_static_constructors,compiler_metrics,True,compiler_metrics num_static_constructors opt valgrind,,77,,,,1745401993,2023-08-24 16:45:06,152.0,2c92690a6ef5d7cd62195526770f553d1365aef3,1291160,,,,,,,,,,,,,,,,,,,,,,,,,,,,,,,,,,,,,,,,,,,,,,,,,,TN,,,,,,,,,,
autoland,3646670,2,6311658df04f8b9dab1d842cf1ddc69e83bd8127,linux64-qr,,False,,,102210fe594ee9b33d82058545b1ed14f4c8206e,num_static_constructors,compiler_metrics,True,compiler_metrics num_static_constructors opt valgrind,,77,,,,1745455651,2023-08-24 18:48:40,152.0,6089e7f0fa57a29c6d080f135f65e146c34457d8,1291216,,,,,,,,,,,,,,,,,,,,,,,,,,,,,,,,,,,,,,,,,,,,,,,,,,TN,,,,,,,,,,
autoland,3646670,2,6311658df04f8b9dab1d842cf1ddc69e83bd8127,linux64-qr,,False,,,102210fe594ee9b33d82058545b1ed14f4c8206e,num_static_constructors,compiler_metrics,True,compiler_metrics num_static_constructors opt valgrind,,77,,,,1745608947,2023-08-25 00:48:43,152.0,0129f728663fcc0bcc1f816e006f1eb2635780e4,1291339,,,,,,,,,,,,,,,,,,,,,,,,,,,,,,,,,,,,,,,,,,,,,,,,,,TN,,,,,,,,,,
autoland,3646670,2,6311658df04f8b9dab1d842cf1ddc69e83bd8127,linux64-qr,,False,,,102210fe594ee9b33d82058545b1ed14f4c8206e,num_static_constructors,compiler_metrics,True,compiler_metrics num_static_constructors opt valgrind,,77,,,,1745788482,2023-08-25 11:24:50,152.0,e5ba3b52ebac2d2582cecd6122443fc024cd24c9,1291437,,,,,,,,,,,,,,,,,,,,,,,,,,,,,,,,,,,,,,,,,,,,,,,,,,TN,,,,,,,,,,
autoland,3646670,2,6311658df04f8b9dab1d842cf1ddc69e83bd8127,linux64-qr,,False,,,102210fe594ee9b33d82058545b1ed14f4c8206e,num_static_constructors,compiler_metrics,True,compiler_metrics num_static_constructors opt valgrind,,77,,,,1745801361,2023-08-25 11:24:50,152.0,e5ba3b52ebac2d2582cecd6122443fc024cd24c9,1291437,,,,,,,,,,,,,,,,,,,,,,,,,,,,,,,,,,,,,,,,,,,,,,,,,,TN,,,,,,,,,,
autoland,3646670,2,6311658df04f8b9dab1d842cf1ddc69e83bd8127,linux64-qr,,False,,,102210fe594ee9b33d82058545b1ed14f4c8206e,num_static_constructors,compiler_metrics,True,compiler_metrics num_static_constructors opt valgrind,,77,,,,1745821669,2023-08-25 11:24:50,152.0,e5ba3b52ebac2d2582cecd6122443fc024cd24c9,1291437,,,,,,,,,,,,,,,,,,,,,,,,,,,,,,,,,,,,,,,,,,,,,,,,,,TN,,,,,,,,,,
autoland,3646670,2,6311658df04f8b9dab1d842cf1ddc69e83bd8127,linux64-qr,,False,,,102210fe594ee9b33d82058545b1ed14f4c8206e,num_static_constructors,compiler_metrics,True,compiler_metrics num_static_constructors opt valgrind,,77,,,,1745894394,2023-08-25 15:32:54,152.0,059b77df2394c7caf1061e1b817e004878738efa,1291507,,,,,,,,,,,,,,,,,,,,,,,,,,,,,,,,,,,,,,,,,,,,,,,,,,TN,,,,,,,,,,
autoland,3646670,2,6311658df04f8b9dab1d842cf1ddc69e83bd8127,linux64-qr,,False,,,102210fe594ee9b33d82058545b1ed14f4c8206e,num_static_constructors,compiler_metrics,True,compiler_metrics num_static_constructors opt valgrind,,77,,,,1745936799,2023-08-25 16:34:51,152.0,8efb6e42e8a3ebb032b484c23b904a8e7ee9cfb6,1291528,,,,,,,,,,,,,,,,,,,,,,,,,,,,,,,,,,,,,,,,,,,,,,,,,,TN,,,,,,,,,,
autoland,3646670,2,6311658df04f8b9dab1d842cf1ddc69e83bd8127,linux64-qr,,False,,,102210fe594ee9b33d82058545b1ed14f4c8206e,num_static_constructors,compiler_metrics,True,compiler_metrics num_static_constructors opt valgrind,,77,,,,1746040279,2023-08-25 19:36:02,152.0,47efe79717796bf6f3a70e5733e99a98b0d9fad4,1291599,,,,,,,,,,,,,,,,,,,,,,,,,,,,,,,,,,,,,,,,,,,,,,,,,,TN,,,,,,,,,,
autoland,3646670,2,6311658df04f8b9dab1d842cf1ddc69e83bd8127,linux64-qr,,False,,,102210fe594ee9b33d82058545b1ed14f4c8206e,num_static_constructors,compiler_metrics,True,compiler_metrics num_static_constructors opt valgrind,,77,,,,1746080104,2023-08-25 19:36:02,152.0,47efe79717796bf6f3a70e5733e99a98b0d9fad4,1291599,,,,,,,,,,,,,,,,,,,,,,,,,,,,,,,,,,,,,,,,,,,,,,,,,,TN,,,,,,,,,,
autoland,3646670,2,6311658df04f8b9dab1d842cf1ddc69e83bd8127,linux64-qr,,False,,,102210fe594ee9b33d82058545b1ed14f4c8206e,num_static_constructors,compiler_metrics,True,compiler_metrics num_static_constructors opt valgrind,,77,,,,1746182547,2023-08-26 03:22:14,152.0,ddc3d1e9268d9abde51f1082490491f544286b16,1291695,,,,,,,,,,,,,,,,,,,,,,,,,,,,,,,,,,,,,,,,,,,,,,,,,,TN,,,,,,,,,,
autoland,3646670,2,6311658df04f8b9dab1d842cf1ddc69e83bd8127,linux64-qr,,False,,,102210fe594ee9b33d82058545b1ed14f4c8206e,num_static_constructors,compiler_metrics,True,compiler_metrics num_static_constructors opt valgrind,,77,,,,1746206885,2023-08-26 03:22:14,152.0,ddc3d1e9268d9abde51f1082490491f544286b16,1291695,,,,,,,,,,,,,,,,,,,,,,,,,,,,,,,,,,,,,,,,,,,,,,,,,,TN,,,,,,,,,,
autoland,3646670,2,6311658df04f8b9dab1d842cf1ddc69e83bd8127,linux64-qr,,False,,,102210fe594ee9b33d82058545b1ed14f4c8206e,num_static_constructors,compiler_metrics,True,compiler_metrics num_static_constructors opt valgrind,,77,,,,1746368077,2023-08-26 13:17:30,152.0,cc8d561a9b401f3ebfda56de56c018b287d8b340,1291872,,,,,,,,,,,,,,,,,,,,,,,,,,,,,,,,,,,,,,,,,,,,,,,,,,TN,,,,,,,,,,
autoland,3646670,2,6311658df04f8b9dab1d842cf1ddc69e83bd8127,linux64-qr,,False,,,102210fe594ee9b33d82058545b1ed14f4c8206e,num_static_constructors,compiler_metrics,True,compiler_metrics num_static_constructors opt valgrind,,77,,,,1746582465,2023-08-26 23:47:49,152.0,140288e1dd6073b83aa67b725aa9a96945374a82,1292019,,,,,,,,,,,,,,,,,,,,,,,,,,,,,,,,,,,,,,,,,,,,,,,,,,TN,,,,,,,,,,
autoland,3646670,2,6311658df04f8b9dab1d842cf1ddc69e83bd8127,linux64-qr,,False,,,102210fe594ee9b33d82058545b1ed14f4c8206e,num_static_constructors,compiler_metrics,True,compiler_metrics num_static_constructors opt valgrind,,77,,,,1746718174,2023-08-27 23:31:15,152.0,6aaf2cf582814f5a76c09fa2ac7cc760a5886134,1292080,,,,,,,,,,,,,,,,,,,,,,,,,,,,,,,,,,,,,,,,,,,,,,,,,,TN,,,,,,,,,,
autoland,3646670,2,6311658df04f8b9dab1d842cf1ddc69e83bd8127,linux64-qr,,False,,,102210fe594ee9b33d82058545b1ed14f4c8206e,num_static_constructors,compiler_metrics,True,compiler_metrics num_static_constructors opt valgrind,,77,,,,1746936732,2023-08-28 14:50:25,153.0,f8e518c6ab37a0144872f6158300e1de85034002,1292276,,,,,,,,,,,,,,,,,,,,,,,,,,,,,,,,,,,,,,,,,,,,,,,,,,TN,,,,,,,,,,
autoland,3646670,2,6311658df04f8b9dab1d842cf1ddc69e83bd8127,linux64-qr,,False,,,102210fe594ee9b33d82058545b1ed14f4c8206e,num_static_constructors,compiler_metrics,True,compiler_metrics num_static_constructors opt valgrind,,77,,,,1746991133,2023-08-28 16:49:46,153.0,17314cb82928b54e49f807b31e5a1d1667b9c79a,1292323,,,,,,,,,,,,,,,,,,,,,,,,,,,,,,,,,,,,,,,,,,,,,,,,,,TN,,,,,,,,,,
autoland,3646670,2,6311658df04f8b9dab1d842cf1ddc69e83bd8127,linux64-qr,,False,,,102210fe594ee9b33d82058545b1ed14f4c8206e,num_static_constructors,compiler_metrics,True,compiler_metrics num_static_constructors opt valgrind,,77,,,,1747070010,2023-08-28 19:21:29,153.0,b6e6bf87c1153c5bf814740f514927440fe2aeba,1292408,,,,,,,,,,,,,,,,,,,,,,,,,,,,,,,,,,,,,,,,,,,,,,,,,,TN,,,,,,,,,,
autoland,3646670,2,6311658df04f8b9dab1d842cf1ddc69e83bd8127,linux64-qr,,False,,,102210fe594ee9b33d82058545b1ed14f4c8206e,num_static_constructors,compiler_metrics,True,compiler_metrics num_static_constructors opt valgrind,,77,,,,1747111367,2023-08-28 20:37:08,153.0,9451de3148827dbd587f22175b6c0453c7a605db,1292463,,,,,,,,,,,,,,,,,,,,,,,,,,,,,,,,,,,,,,,,,,,,,,,,,,TN,,,,,,,,,,
autoland,3646670,2,6311658df04f8b9dab1d842cf1ddc69e83bd8127,linux64-qr,,False,,,102210fe594ee9b33d82058545b1ed14f4c8206e,num_static_constructors,compiler_metrics,True,compiler_metrics num_static_constructors opt valgrind,,77,,,,1747182494,2023-08-28 23:18:12,155.0,abbb0b7a761be686b61628c8717e5b43639d933f,1292552,,,,,,,,,,,,,,,,,,,,,,,,,,,,,,,,,,,,,,,,,,,,,,,,,,TN,,,,,,,,,,
autoland,3646670,2,6311658df04f8b9dab1d842cf1ddc69e83bd8127,linux64-qr,,False,,,102210fe594ee9b33d82058545b1ed14f4c8206e,num_static_constructors,compiler_metrics,True,compiler_metrics num_static_constructors opt valgrind,,77,,,,1747231269,2023-08-29 02:20:20,153.0,4cca72b5cd903bbb8bdc66098aaeb1eb12d8dddd,1292618,,,,,,,,,,,,,,,,,,,,,,,,,,,,,,,,,,,,,,,,,,,,,,,,,,TN,,,,,,,,,,
autoland,3646670,2,6311658df04f8b9dab1d842cf1ddc69e83bd8127,linux64-qr,,False,,,102210fe594ee9b33d82058545b1ed14f4c8206e,num_static_constructors,compiler_metrics,True,compiler_metrics num_static_constructors opt valgrind,,77,,,,1747243064,2023-08-29 03:02:37,153.0,f79fe732a6b523e66f30e056118cdd2cff02a5ca,1292639,,,,,,,,,,,,,,,,,,,,,,,,,,,,,,,,,,,,,,,,,,,,,,,,,,TN,,,,,,,,,,
autoland,3646670,2,6311658df04f8b9dab1d842cf1ddc69e83bd8127,linux64-qr,,False,,,102210fe594ee9b33d82058545b1ed14f4c8206e,num_static_constructors,compiler_metrics,True,compiler_metrics num_static_constructors opt valgrind,,77,,,,1747313962,2023-08-29 07:11:54,155.0,801325776b1492f30ec6ac7c770000fa8c894d2a,1292691,,,,,,,,,,,,,,,,,,,,,,,,,,,,,,,,,,,,,,,,,,,,,,,,,,TN,,,,,,,,,,
autoland,3646670,2,6311658df04f8b9dab1d842cf1ddc69e83bd8127,linux64-qr,,False,,,102210fe594ee9b33d82058545b1ed14f4c8206e,num_static_constructors,compiler_metrics,True,compiler_metrics num_static_constructors opt valgrind,,77,,,,1747315919,2023-08-29 07:26:48,155.0,39ea9e3f71127a46b7e96b1f9bee7d4038565782,1292694,,,,,,,,,,,,,,,,,,,,,,,,,,,,,,,,,,,,,,,,,,,,,,,,,,TN,,,,,,,,,,
autoland,3646670,2,6311658df04f8b9dab1d842cf1ddc69e83bd8127,linux64-qr,,False,,,102210fe594ee9b33d82058545b1ed14f4c8206e,num_static_constructors,compiler_metrics,True,compiler_metrics num_static_constructors opt valgrind,,77,,,,1747426795,2023-08-29 11:18:23,155.0,843a6e4db35622bdd606d6cdd7c0f1a05828a89e,1292770,,,,,,,,,,,,,,,,,,,,,,,,,,,,,,,,,,,,,,,,,,,,,,,,,,TN,,,,,,,,,,
autoland,3646670,2,6311658df04f8b9dab1d842cf1ddc69e83bd8127,linux64-qr,,False,,,102210fe594ee9b33d82058545b1ed14f4c8206e,num_static_constructors,compiler_metrics,True,compiler_metrics num_static_constructors opt valgrind,,77,,,,1747425936,2023-08-29 11:21:44,155.0,abe9789555b5960e5b395aba02b4891c388e4839,1292771,,,,,,,,,,,,,,,,,,,,,,,,,,,,,,,,,,,,,,,,,,,,,,,,,,TN,,,,,,,,,,
autoland,3646670,2,6311658df04f8b9dab1d842cf1ddc69e83bd8127,linux64-qr,,False,,,102210fe594ee9b33d82058545b1ed14f4c8206e,num_static_constructors,compiler_metrics,True,compiler_metrics num_static_constructors opt valgrind,,77,,,,1747622477,2023-08-29 15:07:28,155.0,bd540bacea2eef0fa90fca78276afe5af11cdb5e,1292873,,,,,,,,,,,,,,,,,,,,,,,,,,,,,,,,,,,,,,,,,,,,,,,,,,TN,,,,,,,,,,
autoland,3646670,2,6311658df04f8b9dab1d842cf1ddc69e83bd8127,linux64-qr,,False,,,102210fe594ee9b33d82058545b1ed14f4c8206e,num_static_constructors,compiler_metrics,True,compiler_metrics num_static_constructors opt valgrind,,77,,,,1747656859,2023-08-29 16:25:43,155.0,0bb8944a5c2a783f353dc7595b2171844923a934,1292913,,,,,,,,,,,,,,,,,,,,,,,,,,,,,,,,,,,,,,,,,,,,,,,,,,TN,,,,,,,,,,
autoland,3646670,2,6311658df04f8b9dab1d842cf1ddc69e83bd8127,linux64-qr,,False,,,102210fe594ee9b33d82058545b1ed14f4c8206e,num_static_constructors,compiler_metrics,True,compiler_metrics num_static_constructors opt valgrind,,77,,,,1747736401,2023-08-29 18:40:33,155.0,ab673eef69bf3656d8814e2758dff9da25527e74,1292984,,,,,,,,,,,,,,,,,,,,,,,,,,,,,,,,,,,,,,,,,,,,,,,,,,TN,,,,,,,,,,
autoland,3646670,2,6311658df04f8b9dab1d842cf1ddc69e83bd8127,linux64-qr,,False,,,102210fe594ee9b33d82058545b1ed14f4c8206e,num_static_constructors,compiler_metrics,True,compiler_metrics num_static_constructors opt valgrind,,77,,,,1747778021,2023-08-29 20:54:58,155.0,16c71fac642647b97c85d086e54342a5addaaf13,1293039,,,,,,,,,,,,,,,,,,,,,,,,,,,,,,,,,,,,,,,,,,,,,,,,,,TN,,,,,,,,,,
autoland,3646670,2,6311658df04f8b9dab1d842cf1ddc69e83bd8127,linux64-qr,,False,,,102210fe594ee9b33d82058545b1ed14f4c8206e,num_static_constructors,compiler_metrics,True,compiler_metrics num_static_constructors opt valgrind,,77,,,,1747791621,2023-08-29 20:54:58,155.0,16c71fac642647b97c85d086e54342a5addaaf13,1293039,,,,,,,,,,,,,,,,,,,,,,,,,,,,,,,,,,,,,,,,,,,,,,,,,,TN,,,,,,,,,,
autoland,3646670,2,6311658df04f8b9dab1d842cf1ddc69e83bd8127,linux64-qr,,False,,,102210fe594ee9b33d82058545b1ed14f4c8206e,num_static_constructors,compiler_metrics,True,compiler_metrics num_static_constructors opt valgrind,,77,,,,1747792247,2023-08-29 20:54:58,155.0,16c71fac642647b97c85d086e54342a5addaaf13,1293039,,,,,,,,,,,,,,,,,,,,,,,,,,,,,,,,,,,,,,,,,,,,,,,,,,TN,,,,,,,,,,
autoland,3646670,2,6311658df04f8b9dab1d842cf1ddc69e83bd8127,linux64-qr,,False,,,102210fe594ee9b33d82058545b1ed14f4c8206e,num_static_constructors,compiler_metrics,True,compiler_metrics num_static_constructors opt valgrind,,77,,,,1747791912,2023-08-29 20:54:58,155.0,16c71fac642647b97c85d086e54342a5addaaf13,1293039,,,,,,,,,,,,,,,,,,,,,,,,,,,,,,,,,,,,,,,,,,,,,,,,,,TN,,,,,,,,,,
autoland,3646670,2,6311658df04f8b9dab1d842cf1ddc69e83bd8127,linux64-qr,,False,,,102210fe594ee9b33d82058545b1ed14f4c8206e,num_static_constructors,compiler_metrics,True,compiler_metrics num_static_constructors opt valgrind,,77,,,,1747846038,2023-08-30 01:49:26,155.0,34dcd8f28e9a642600425b3383df225859ea91cd,1293133,,,,,,,,,,,,,,,,,,,,,,,,,,,,,,,,,,,,,,,,,,,,,,,,,,TN,,,,,,,,,,
autoland,3646670,2,6311658df04f8b9dab1d842cf1ddc69e83bd8127,linux64-qr,,False,,,102210fe594ee9b33d82058545b1ed14f4c8206e,num_static_constructors,compiler_metrics,True,compiler_metrics num_static_constructors opt valgrind,,77,,,,1747987564,2023-08-30 13:43:19,155.0,379bb5e39311a7878ea31b7eb0dd39fdef1ab15a,1293343,,,,,,,,,,,,,,,,,,,,,,,,,,,,,,,,,,,,,,,,,,,,,,,,,,TN,,,,,,,,,,
autoland,3646670,2,6311658df04f8b9dab1d842cf1ddc69e83bd8127,linux64-qr,,False,,,102210fe594ee9b33d82058545b1ed14f4c8206e,num_static_constructors,compiler_metrics,True,compiler_metrics num_static_constructors opt valgrind,,77,,,,1748032988,2023-08-30 16:15:47,155.0,f648d27187b6f45ac21ab6bf0ca9673dcfc55cf4,1293412,,,,,,,,,,,,,,,,,,,,,,,,,,,,,,,,,,,,,,,,,,,,,,,,,,TN,,,,,,,,,,
autoland,3646670,2,6311658df04f8b9dab1d842cf1ddc69e83bd8127,linux64-qr,,False,,,102210fe594ee9b33d82058545b1ed14f4c8206e,num_static_constructors,compiler_metrics,True,compiler_metrics num_static_constructors opt valgrind,,77,,,,1748108723,2023-08-30 19:13:34,155.0,872b6e6613cdf1fdad13b84b52cd057e04cf356f,1293535,,,,,,,,,,,,,,,,,,,,,,,,,,,,,,,,,,,,,,,,,,,,,,,,,,TN,,,,,,,,,,
autoland,3646670,2,6311658df04f8b9dab1d842cf1ddc69e83bd8127,linux64-qr,,False,,,102210fe594ee9b33d82058545b1ed14f4c8206e,num_static_constructors,compiler_metrics,True,compiler_metrics num_static_constructors opt valgrind,,77,,,,1748124090,2023-08-30 20:58:03,155.0,7643e2c34ec4fce31fb741b2e7003adc7e547e36,1293585,,,,,,,,,,,,,,,,,,,,,,,,,,,,,,,,,,,,,,,,,,,,,,,,,,TN,,,,,,,,,,
autoland,3646670,2,6311658df04f8b9dab1d842cf1ddc69e83bd8127,linux64-qr,,False,,,102210fe594ee9b33d82058545b1ed14f4c8206e,num_static_constructors,compiler_metrics,True,compiler_metrics num_static_constructors opt valgrind,,77,,,,1748196955,2023-08-30 23:31:09,155.0,8db6a3b432759fd37b677c455c7d9ecedafd7e77,1293654,,,,,,,,,,,,,,,,,,,,,,,,,,,,,,,,,,,,,,,,,,,,,,,,,,TN,,,,,,,,,,
autoland,3646670,2,6311658df04f8b9dab1d842cf1ddc69e83bd8127,linux64-qr,,False,,,102210fe594ee9b33d82058545b1ed14f4c8206e,num_static_constructors,compiler_metrics,True,compiler_metrics num_static_constructors opt valgrind,,77,,,,1748228408,2023-08-31 03:36:38,155.0,bcc1470439818e29a38c29432af9fd130b8ec931,1293720,,,,,,,,,,,,,,,,,,,,,,,,,,,,,,,,,,,,,,,,,,,,,,,,,,TN,,,,,,,,,,
autoland,3646670,2,6311658df04f8b9dab1d842cf1ddc69e83bd8127,linux64-qr,,False,,,102210fe594ee9b33d82058545b1ed14f4c8206e,num_static_constructors,compiler_metrics,True,compiler_metrics num_static_constructors opt valgrind,,77,,,,1748259762,2023-08-31 06:23:30,155.0,d022a7b7801aafa0cfa1ced2b39409115f5544c4,1293743,,,,,,,,,,,,,,,,,,,,,,,,,,,,,,,,,,,,,,,,,,,,,,,,,,TN,,,,,,,,,,
autoland,3646670,2,6311658df04f8b9dab1d842cf1ddc69e83bd8127,linux64-qr,,False,,,102210fe594ee9b33d82058545b1ed14f4c8206e,num_static_constructors,compiler_metrics,True,compiler_metrics num_static_constructors opt valgrind,,77,,,,1748292654,2023-08-31 07:49:19,155.0,30526c800ca7a7e94b6bdfebdb4fb63c6f4fc1fa,1293772,,,,,,,,,,,,,,,,,,,,,,,,,,,,,,,,,,,,,,,,,,,,,,,,,,TN,,,,,,,,,,
autoland,3646670,2,6311658df04f8b9dab1d842cf1ddc69e83bd8127,linux64-qr,,False,,,102210fe594ee9b33d82058545b1ed14f4c8206e,num_static_constructors,compiler_metrics,True,compiler_metrics num_static_constructors opt valgrind,,77,,,,1748321757,2023-08-31 09:19:24,155.0,e2d1d56b4cb882f210d71f021a2f804a56d718e6,1293811,,,,,,,,,,,,,,,,,,,,,,,,,,,,,,,,,,,,,,,,,,,,,,,,,,TN,,,,,,,,,,
autoland,3646670,2,6311658df04f8b9dab1d842cf1ddc69e83bd8127,linux64-qr,,False,,,102210fe594ee9b33d82058545b1ed14f4c8206e,num_static_constructors,compiler_metrics,True,compiler_metrics num_static_constructors opt valgrind,,77,,,,1748364459,2023-08-31 10:59:54,155.0,a826fe2a1e6799629025d893d5ed689848f418b8,1293852,,,,,,,,,,,,,,,,,,,,,,,,,,,,,,,,,,,,,,,,,,,,,,,,,,TN,,,,,,,,,,
autoland,3646670,2,6311658df04f8b9dab1d842cf1ddc69e83bd8127,linux64-qr,,False,,,102210fe594ee9b33d82058545b1ed14f4c8206e,num_static_constructors,compiler_metrics,True,compiler_metrics num_static_constructors opt valgrind,,77,,,,1748439206,2023-08-31 14:04:37,155.0,79fd00522da11013e2076ceccfd842c54d2f0822,1293937,,,,,,,,,,,,,,,,,,,,,,,,,,,,,,,,,,,,,,,,,,,,,,,,,,TN,,,,,,,,,,
autoland,3646670,2,6311658df04f8b9dab1d842cf1ddc69e83bd8127,linux64-qr,,False,,,102210fe594ee9b33d82058545b1ed14f4c8206e,num_static_constructors,compiler_metrics,True,compiler_metrics num_static_constructors opt valgrind,,77,,,,1748507123,2023-08-31 17:05:48,155.0,5b9e03176fe553f5ff1549407e7eaaf30bc785fd,1294028,,,,,,,,,,,,,,,,,,,,,,,,,,,,,,,,,,,,,,,,,,,,,,,,,,TN,,,,,,,,,,
autoland,3646670,2,6311658df04f8b9dab1d842cf1ddc69e83bd8127,linux64-qr,,False,,,102210fe594ee9b33d82058545b1ed14f4c8206e,num_static_constructors,compiler_metrics,True,compiler_metrics num_static_constructors opt valgrind,,77,,,,1748552986,2023-08-31 18:09:30,155.0,bd48139a6966dfb067c7b31bdf2021bd85a1f6a9,1294069,,,,,,,,,,,,,,,,,,,,,,,,,,,,,,,,,,,,,,,,,,,,,,,,,,TN,,,,,,,,,,
autoland,3646670,2,6311658df04f8b9dab1d842cf1ddc69e83bd8127,linux64-qr,,False,,,102210fe594ee9b33d82058545b1ed14f4c8206e,num_static_constructors,compiler_metrics,True,compiler_metrics num_static_constructors opt valgrind,,77,,,,1748611324,2023-08-31 19:33:29,155.0,a0d77e120c268cc1e877891df07436c1128dde4f,1294123,,,,,,,,,,,,,,,,,,,,,,,,,,,,,,,,,,,,,,,,,,,,,,,,,,TN,,,,,,,,,,
autoland,3646670,2,6311658df04f8b9dab1d842cf1ddc69e83bd8127,linux64-qr,,False,,,102210fe594ee9b33d82058545b1ed14f4c8206e,num_static_constructors,compiler_metrics,True,compiler_metrics num_static_constructors opt valgrind,,77,,,,1748651352,2023-08-31 20:58:54,155.0,0410a9861503248a4acb44506f5ba1c538847f3c,1294191,,,,,,,,,,,,,,,,,,,,,,,,,,,,,,,,,,,,,,,,,,,,,,,,,,TN,,,,,,,,,,
autoland,3646670,2,6311658df04f8b9dab1d842cf1ddc69e83bd8127,linux64-qr,,False,,,102210fe594ee9b33d82058545b1ed14f4c8206e,num_static_constructors,compiler_metrics,True,compiler_metrics num_static_constructors opt valgrind,,77,,,,1748725558,2023-09-01 00:39:38,155.0,27ce38e0ae179241f6afc83c246df3113fc76eb5,1294315,,,,,,,,,,,,,,,,,,,,,,,,,,,,,,,,,,,,,,,,,,,,,,,,,,TN,,,,,,,,,,
autoland,3646670,2,6311658df04f8b9dab1d842cf1ddc69e83bd8127,linux64-qr,,False,,,102210fe594ee9b33d82058545b1ed14f4c8206e,num_static_constructors,compiler_metrics,True,compiler_metrics num_static_constructors opt valgrind,,77,,,,1748733667,2023-09-01 01:00:26,155.0,9034f1db1295f77ef75c8afa9ac280788649b1c4,1294322,,,,,,,,,,,,,,,,,,,,,,,,,,,,,,,,,,,,,,,,,,,,,,,,,,TN,,,,,,,,,,
autoland,3646670,2,6311658df04f8b9dab1d842cf1ddc69e83bd8127,linux64-qr,,False,,,102210fe594ee9b33d82058545b1ed14f4c8206e,num_static_constructors,compiler_metrics,True,compiler_metrics num_static_constructors opt valgrind,,77,,,,1748854378,2023-09-01 06:26:09,156.0,ae769caa17a3a27e7fed2cfd78ea439adf051dc8,1294426,,,,,,,,,,,,,,,,,,,,,,,,,,,,,,,,,,,,,,,,,,,,,,,,,,TN,,,,,,,,,,
autoland,3646670,2,6311658df04f8b9dab1d842cf1ddc69e83bd8127,linux64-qr,,False,,,102210fe594ee9b33d82058545b1ed14f4c8206e,num_static_constructors,compiler_metrics,True,compiler_metrics num_static_constructors opt valgrind,,77,,,,1748968580,2023-09-01 09:03:59,156.0,a74f80b206a7c366686acc71b52c9b92d69fd606,1294472,,,,,,,,,,,,,,,,,,,,,,,,,,,,,,,,,,,,,,,,,,,,,,,,,,TN,,,,,,,,,,
autoland,3646670,2,6311658df04f8b9dab1d842cf1ddc69e83bd8127,linux64-qr,,False,,,102210fe594ee9b33d82058545b1ed14f4c8206e,num_static_constructors,compiler_metrics,True,compiler_metrics num_static_constructors opt valgrind,,77,,,,1749021272,2023-09-01 10:42:21,156.0,2e446d8859cc4a60faa49f68ed5445c534e47850,1294509,,,,,,,,,,,,,,,,,,,,,,,,,,,,,,,,,,,,,,,,,,,,,,,,,,TN,,,,,,,,,,
autoland,3646670,2,6311658df04f8b9dab1d842cf1ddc69e83bd8127,linux64-qr,,False,,,102210fe594ee9b33d82058545b1ed14f4c8206e,num_static_constructors,compiler_metrics,True,compiler_metrics num_static_constructors opt valgrind,,77,,,,1749058722,2023-09-01 11:44:59,156.0,bf57203fdaf0f91ccecca73cc02286e5c20686be,1294532,,,,,,,,,,,,,,,,,,,,,,,,,,,,,,,,,,,,,,,,,,,,,,,,,,TN,,,,,,,,,,
autoland,3646670,2,6311658df04f8b9dab1d842cf1ddc69e83bd8127,linux64-qr,,False,,,102210fe594ee9b33d82058545b1ed14f4c8206e,num_static_constructors,compiler_metrics,True,compiler_metrics num_static_constructors opt valgrind,,77,,,,1749141025,2023-09-01 15:01:27,156.0,19366dfd84df62051f1f729741ec60553ef6eac2,1294619,,,,,,,,,,,,,,,,,,,,,,,,,,,,,,,,,,,,,,,,,,,,,,,,,,TN,,,,,,,,,,
autoland,3646670,2,6311658df04f8b9dab1d842cf1ddc69e83bd8127,linux64-qr,,False,,,102210fe594ee9b33d82058545b1ed14f4c8206e,num_static_constructors,compiler_metrics,True,compiler_metrics num_static_constructors opt valgrind,,77,,,,1749171569,2023-09-01 15:47:54,156.0,ad7684944accdb72fb27cae1118a774a95ed9c55,1294651,,,,,,,,,,,,,,,,,,,,,,,,,,,,,,,,,,,,,,,,,,,,,,,,,,TN,,,,,,,,,,
autoland,3646670,2,6311658df04f8b9dab1d842cf1ddc69e83bd8127,linux64-qr,,False,,,102210fe594ee9b33d82058545b1ed14f4c8206e,num_static_constructors,compiler_metrics,True,compiler_metrics num_static_constructors opt valgrind,,77,,,,1749186702,2023-09-01 17:12:14,156.0,fccf186ac4e88bf822ac830ba689a15017be05e1,1294691,,,,,,,,,,,,,,,,,,,,,,,,,,,,,,,,,,,,,,,,,,,,,,,,,,TN,,,,,,,,,,
autoland,3646670,2,6311658df04f8b9dab1d842cf1ddc69e83bd8127,linux64-qr,,False,,,102210fe594ee9b33d82058545b1ed14f4c8206e,num_static_constructors,compiler_metrics,True,compiler_metrics num_static_constructors opt valgrind,,77,,,,1749272332,2023-09-01 19:33:26,156.0,1e723f8387737001aadc102366192c5800b233d5,1294781,,,,,,,,,,,,,,,,,,,,,,,,,,,,,,,,,,,,,,,,,,,,,,,,,,TN,,,,,,,,,,
autoland,3646670,2,6311658df04f8b9dab1d842cf1ddc69e83bd8127,linux64-qr,,False,,,102210fe594ee9b33d82058545b1ed14f4c8206e,num_static_constructors,compiler_metrics,True,compiler_metrics num_static_constructors opt valgrind,,77,,,,1749486311,2023-09-02 01:00:47,156.0,99eed791079c7b72126fee110226a0f9c519a053,1294900,,,,,,,,,,,,,,,,,,,,,,,,,,,,,,,,,,,,,,,,,,,,,,,,,,TN,,,,,,,,,,
autoland,3646670,2,6311658df04f8b9dab1d842cf1ddc69e83bd8127,linux64-qr,,False,,,102210fe594ee9b33d82058545b1ed14f4c8206e,num_static_constructors,compiler_metrics,True,compiler_metrics num_static_constructors opt valgrind,,77,,,,1749552709,2023-09-02 06:50:37,156.0,0d100cd406fac31edd725aaa2ca36c72593b7207,1294943,,,,,,,,,,,,,,,,,,,,,,,,,,,,,,,,,,,,,,,,,,,,,,,,,,TN,,,,,,,,,,
autoland,3646670,2,6311658df04f8b9dab1d842cf1ddc69e83bd8127,linux64-qr,,False,,,102210fe594ee9b33d82058545b1ed14f4c8206e,num_static_constructors,compiler_metrics,True,compiler_metrics num_static_constructors opt valgrind,,77,,,,1749608026,2023-09-02 11:43:51,156.0,66f85436a9395093f71f506f8cdc16623cbbb38e,1294960,,,,,,,,,,,,,,,,,,,,,,,,,,,,,,,,,,,,,,,,,,,,,,,,,,TN,,,,,,,,,,
autoland,3646670,2,6311658df04f8b9dab1d842cf1ddc69e83bd8127,linux64-qr,,False,,,102210fe594ee9b33d82058545b1ed14f4c8206e,num_static_constructors,compiler_metrics,True,compiler_metrics num_static_constructors opt valgrind,,77,,,,1749630284,2023-09-02 15:31:29,156.0,cdc5302f66fdcd84d91027a27476f5bfa7c10aeb,1294980,,,,,,,,,,,,,,,,,,,,,,,,,,,,,,,,,,,,,,,,,,,,,,,,,,TN,,,,,,,,,,
autoland,3646670,2,6311658df04f8b9dab1d842cf1ddc69e83bd8127,linux64-qr,,False,,,102210fe594ee9b33d82058545b1ed14f4c8206e,num_static_constructors,compiler_metrics,True,compiler_metrics num_static_constructors opt valgrind,,77,,,,1749635241,2023-09-02 16:16:12,156.0,ee62282ee19c0c3cceebbdb2cd283127260a46d6,1294982,,,,,,,,,,,,,,,,,,,,,,,,,,,,,,,,,,,,,,,,,,,,,,,,,,TN,,,,,,,,,,
autoland,3646670,2,6311658df04f8b9dab1d842cf1ddc69e83bd8127,linux64-qr,,False,,,102210fe594ee9b33d82058545b1ed14f4c8206e,num_static_constructors,compiler_metrics,True,compiler_metrics num_static_constructors opt valgrind,,77,,,,1749816058,2023-09-03 15:28:00,156.0,e2d4c17692b7650a5aefa27823ab8cb72dc06fe6,1295071,,,,,,,,,,,,,,,,,,,,,,,,,,,,,,,,,,,,,,,,,,,,,,,,,,TN,,,,,,,,,,
autoland,3646670,2,6311658df04f8b9dab1d842cf1ddc69e83bd8127,linux64-qr,,False,,,102210fe594ee9b33d82058545b1ed14f4c8206e,num_static_constructors,compiler_metrics,True,compiler_metrics num_static_constructors opt valgrind,,77,,,,1749852839,2023-09-03 17:48:29,156.0,39747a728e31525f254d25d9fa323a491dda5b09,1295079,,,,,,,,,,,,,,,,,,,,,,,,,,,,,,,,,,,,,,,,,,,,,,,,,,TN,,,,,,,,,,
autoland,3646670,2,6311658df04f8b9dab1d842cf1ddc69e83bd8127,linux64-qr,,False,,,102210fe594ee9b33d82058545b1ed14f4c8206e,num_static_constructors,compiler_metrics,True,compiler_metrics num_static_constructors opt valgrind,,77,,,,1749962466,2023-09-04 00:54:15,156.0,9398dc74275ecd37eab02b496051302e67ce059f,1295103,,,,,,,,,,,,,,,,,,,,,,,,,,,,,,,,,,,,,,,,,,,,,,,,,,TN,,,,,,,,,,
autoland,3646670,2,6311658df04f8b9dab1d842cf1ddc69e83bd8127,linux64-qr,,False,,,102210fe594ee9b33d82058545b1ed14f4c8206e,num_static_constructors,compiler_metrics,True,compiler_metrics num_static_constructors opt valgrind,,77,,,,1750003537,2023-09-04 05:09:42,156.0,738c0a460acb30ab2ab419f4c0dc93fa9af200d6,1295121,,,,,,,,,,,,,,,,,,,,,,,,,,,,,,,,,,,,,,,,,,,,,,,,,,TN,,,,,,,,,,
autoland,3646670,2,6311658df04f8b9dab1d842cf1ddc69e83bd8127,linux64-qr,,False,,,102210fe594ee9b33d82058545b1ed14f4c8206e,num_static_constructors,compiler_metrics,True,compiler_metrics num_static_constructors opt valgrind,,77,,,,1750057440,2023-09-04 08:06:31,156.0,5378e223b13ecd8d32d6afddc956d8bdca322ef0,1295171,,,,,,,,,,,,,,,,,,,,,,,,,,,,,,,,,,,,,,,,,,,,,,,,,,TN,,,,,,,,,,
autoland,3646670,2,6311658df04f8b9dab1d842cf1ddc69e83bd8127,linux64-qr,,False,,,102210fe594ee9b33d82058545b1ed14f4c8206e,num_static_constructors,compiler_metrics,True,compiler_metrics num_static_constructors opt valgrind,,77,,,,1750157617,2023-09-04 12:17:38,156.0,16cc1aa2701e0b2cf32665cee19dc11308a4760a,1295286,,,,,,,,,,,,,,,,,,,,,,,,,,,,,,,,,,,,,,,,,,,,,,,,,,TN,,,,,,,,,,
autoland,3646670,2,6311658df04f8b9dab1d842cf1ddc69e83bd8127,linux64-qr,,False,,,102210fe594ee9b33d82058545b1ed14f4c8206e,num_static_constructors,compiler_metrics,True,compiler_metrics num_static_constructors opt valgrind,,77,,,,1750187575,2023-09-04 12:51:28,156.0,21f64c0fc94518d9422a599d7146e47c706255fe,1295300,,,,,,,,,,,,,,,,,,,,,,,,,,,,,,,,,,,,,,,,,,,,,,,,,,TN,,,,,,,,,,
autoland,3646670,2,6311658df04f8b9dab1d842cf1ddc69e83bd8127,linux64-qr,,False,,,102210fe594ee9b33d82058545b1ed14f4c8206e,num_static_constructors,compiler_metrics,True,compiler_metrics num_static_constructors opt valgrind,,77,,,,1750315752,2023-09-04 20:09:20,156.0,2c0ab3a7f1f3e1e095a0175f8a6096d10a311a5a,1295407,,,,,,,,,,,,,,,,,,,,,,,,,,,,,,,,,,,,,,,,,,,,,,,,,,TN,,,,,,,,,,
autoland,3646670,2,6311658df04f8b9dab1d842cf1ddc69e83bd8127,linux64-qr,,False,,,102210fe594ee9b33d82058545b1ed14f4c8206e,num_static_constructors,compiler_metrics,True,compiler_metrics num_static_constructors opt valgrind,,77,,,,1750318067,2023-09-04 20:46:28,156.0,b904d35c98f710566ec43890a9c14dc17a65be98,1295413,,,,,,,,,,,,,,,,,,,,,,,,,,,,,,,,,,,,,,,,,,,,,,,,,,TN,,,,,,,,,,
autoland,3646670,2,6311658df04f8b9dab1d842cf1ddc69e83bd8127,linux64-qr,,False,,,102210fe594ee9b33d82058545b1ed14f4c8206e,num_static_constructors,compiler_metrics,True,compiler_metrics num_static_constructors opt valgrind,,77,,,,1750355162,2023-09-05 01:26:26,156.0,530fe27f752d2f1fa88cd1013b419d7c1ca1a2e0,1295456,,,,,,,,,,,,,,,,,,,,,,,,,,,,,,,,,,,,,,,,,,,,,,,,,,TN,,,,,,,,,,
autoland,3646670,2,6311658df04f8b9dab1d842cf1ddc69e83bd8127,linux64-qr,,False,,,102210fe594ee9b33d82058545b1ed14f4c8206e,num_static_constructors,compiler_metrics,True,compiler_metrics num_static_constructors opt valgrind,,77,,,,1750469560,2023-09-05 06:45:05,156.0,55f5393d14f682f76c2d9f9c857c9f0890ee2a7f,1295504,,,,,,,,,,,,,,,,,,,,,,,,,,,,,,,,,,,,,,,,,,,,,,,,,,TN,,,,,,,,,,
autoland,3646670,2,6311658df04f8b9dab1d842cf1ddc69e83bd8127,linux64-qr,,False,,,102210fe594ee9b33d82058545b1ed14f4c8206e,num_static_constructors,compiler_metrics,True,compiler_metrics num_static_constructors opt valgrind,,77,,,,1750512423,2023-09-05 09:46:58,156.0,6b8a054e49e24ed788115fe653c904250af4e8e7,1295571,,,,,,,,,,,,,,,,,,,,,,,,,,,,,,,,,,,,,,,,,,,,,,,,,,TN,,,,,,,,,,
autoland,3646670,2,6311658df04f8b9dab1d842cf1ddc69e83bd8127,linux64-qr,,False,,,102210fe594ee9b33d82058545b1ed14f4c8206e,num_static_constructors,compiler_metrics,True,compiler_metrics num_static_constructors opt valgrind,,77,,,,1750549985,2023-09-05 11:29:45,156.0,27708fc6f6648945c105baa6a5c63f9d62f265b5,1295622,,,,,,,,,,,,,,,,,,,,,,,,,,,,,,,,,,,,,,,,,,,,,,,,,,TN,,,,,,,,,,
autoland,3646670,2,6311658df04f8b9dab1d842cf1ddc69e83bd8127,linux64-qr,,False,,,102210fe594ee9b33d82058545b1ed14f4c8206e,num_static_constructors,compiler_metrics,True,compiler_metrics num_static_constructors opt valgrind,,77,,,,1750562804,2023-09-05 11:45:39,156.0,42d664dd03163fb19554f6e18c4163b8622b4401,1295627,,,,,,,,,,,,,,,,,,,,,,,,,,,,,,,,,,,,,,,,,,,,,,,,,,TN,,,,,,,,,,
autoland,3646670,2,6311658df04f8b9dab1d842cf1ddc69e83bd8127,linux64-qr,,False,,,102210fe594ee9b33d82058545b1ed14f4c8206e,num_static_constructors,compiler_metrics,True,compiler_metrics num_static_constructors opt valgrind,,77,,,,1750658218,2023-09-05 15:46:18,156.0,40053facf08c6ea9bc6a6f5ae223a6faa89ebc08,1295770,,,,,,,,,,,,,,,,,,,,,,,,,,,,,,,,,,,,,,,,,,,,,,,,,,TN,,,,,,,,,,
autoland,3646670,2,6311658df04f8b9dab1d842cf1ddc69e83bd8127,linux64-qr,,False,,,102210fe594ee9b33d82058545b1ed14f4c8206e,num_static_constructors,compiler_metrics,True,compiler_metrics num_static_constructors opt valgrind,,77,,,,1750664828,2023-09-05 16:15:45,156.0,08da3ca498f61eb9acb594038c5e764cfb37d735,1295791,,,,,,,,,,,,,,,,,,,,,,,,,,,,,,,,,,,,,,,,,,,,,,,,,,TN,,,,,,,,,,
autoland,3646670,2,6311658df04f8b9dab1d842cf1ddc69e83bd8127,linux64-qr,,False,,,102210fe594ee9b33d82058545b1ed14f4c8206e,num_static_constructors,compiler_metrics,True,compiler_metrics num_static_constructors opt valgrind,,77,,,,1750712018,2023-09-05 17:54:27,156.0,60b5ffb31df729a8e2e8c0be9e3851d5c7713e21,1295853,,,,,,,,,,,,,,,,,,,,,,,,,,,,,,,,,,,,,,,,,,,,,,,,,,TN,,,,,,,,,,
autoland,3646670,2,6311658df04f8b9dab1d842cf1ddc69e83bd8127,linux64-qr,,False,,,102210fe594ee9b33d82058545b1ed14f4c8206e,num_static_constructors,compiler_metrics,True,compiler_metrics num_static_constructors opt valgrind,,77,,,,1750758520,2023-09-05 19:25:11,156.0,e6278ccb302b74ca329c17e5d00508b795c54eec,1295926,,,,,,,,,,,,,,,,,,,,,,,,,,,,,,,,,,,,,,,,,,,,,,,,,,TN,,,,,,,,,,
autoland,3646670,2,6311658df04f8b9dab1d842cf1ddc69e83bd8127,linux64-qr,,False,,,102210fe594ee9b33d82058545b1ed14f4c8206e,num_static_constructors,compiler_metrics,True,compiler_metrics num_static_constructors opt valgrind,,77,,,,1750893290,2023-09-05 21:35:16,156.0,b40930dbbce28ccac0fa9dcbafec73ad024aff55,1296020,,,,,,,,,,,,,,,,,,,,,,,,,,,,,,,,,,,,,,,,,,,,,,,,,,TN,,,,,,,,,,
autoland,3646670,2,6311658df04f8b9dab1d842cf1ddc69e83bd8127,linux64-qr,,False,,,102210fe594ee9b33d82058545b1ed14f4c8206e,num_static_constructors,compiler_metrics,True,compiler_metrics num_static_constructors opt valgrind,,77,,,,1750933625,2023-09-05 23:38:09,156.0,b34280e9a0872e3b3f0893cd3bd78bf94b421612,1296071,,,,,,,,,,,,,,,,,,,,,,,,,,,,,,,,,,,,,,,,,,,,,,,,,,TN,,,,,,,,,,
autoland,3646670,2,6311658df04f8b9dab1d842cf1ddc69e83bd8127,linux64-qr,,False,,,102210fe594ee9b33d82058545b1ed14f4c8206e,num_static_constructors,compiler_metrics,True,compiler_metrics num_static_constructors opt valgrind,,77,,,,1750963058,2023-09-06 00:54:53,156.0,ff7e2e9adbc1753b1f3e01a3f2eb8a91bb911418,1296116,,,,,,,,,,,,,,,,,,,,,,,,,,,,,,,,,,,,,,,,,,,,,,,,,,TN,,,,,,,,,,
autoland,3646670,2,6311658df04f8b9dab1d842cf1ddc69e83bd8127,linux64-qr,,False,,,102210fe594ee9b33d82058545b1ed14f4c8206e,num_static_constructors,compiler_metrics,True,compiler_metrics num_static_constructors opt valgrind,,77,,,,1751063491,2023-09-06 05:00:41,156.0,5c56b92baa65aa27df61f84718594767ef8f26f4,1296186,,,,,,,,,,,,,,,,,,,,,,,,,,,,,,,,,,,,,,,,,,,,,,,,,,TN,,,,,,,,,,
autoland,3646670,2,6311658df04f8b9dab1d842cf1ddc69e83bd8127,linux64-qr,,False,,,102210fe594ee9b33d82058545b1ed14f4c8206e,num_static_constructors,compiler_metrics,True,compiler_metrics num_static_constructors opt valgrind,,77,,,,1751143624,2023-09-06 10:31:58,156.0,6631a30338d3de03925f76afd071a29511729440,1296288,,,,,,,,,,,,,,,,,,,,,,,,,,,,,,,,,,,,,,,,,,,,,,,,,,TN,,,,,,,,,,
autoland,3646670,2,6311658df04f8b9dab1d842cf1ddc69e83bd8127,linux64-qr,,False,,,102210fe594ee9b33d82058545b1ed14f4c8206e,num_static_constructors,compiler_metrics,True,compiler_metrics num_static_constructors opt valgrind,,77,,,,1751191281,2023-09-06 11:18:29,156.0,e43370e4259f61e0c264dbcef8b45e2862b3c5e8,1296309,,,,,,,,,,,,,,,,,,,,,,,,,,,,,,,,,,,,,,,,,,,,,,,,,,TN,,,,,,,,,,
autoland,3646670,2,6311658df04f8b9dab1d842cf1ddc69e83bd8127,linux64-qr,,False,,,102210fe594ee9b33d82058545b1ed14f4c8206e,num_static_constructors,compiler_metrics,True,compiler_metrics num_static_constructors opt valgrind,,77,,,,1751258435,2023-09-06 13:48:55,156.0,f5f15b313e48b61cba51db57e9518f509130c672,1296388,,,,,,,,,,,,,,,,,,,,,,,,,,,,,,,,,,,,,,,,,,,,,,,,,,TN,,,,,,,,,,
autoland,3646670,2,6311658df04f8b9dab1d842cf1ddc69e83bd8127,linux64-qr,,False,,,102210fe594ee9b33d82058545b1ed14f4c8206e,num_static_constructors,compiler_metrics,True,compiler_metrics num_static_constructors opt valgrind,,77,,,,1751282243,2023-09-06 14:28:21,156.0,0315c2d875ca2a95bbb65ef4a1f7b75f72ed7263,1296418,,,,,,,,,,,,,,,,,,,,,,,,,,,,,,,,,,,,,,,,,,,,,,,,,,TN,,,,,,,,,,
autoland,3646670,2,6311658df04f8b9dab1d842cf1ddc69e83bd8127,linux64-qr,,False,,,102210fe594ee9b33d82058545b1ed14f4c8206e,num_static_constructors,compiler_metrics,True,compiler_metrics num_static_constructors opt valgrind,,77,,,,1751355830,2023-09-06 16:54:35,156.0,28e66324f0bee0fd22d54ef328f0d12564de01ff,1296515,,,,,,,,,,,,,,,,,,,,,,,,,,,,,,,,,,,,,,,,,,,,,,,,,,TN,,,,,,,,,,
autoland,3646670,2,6311658df04f8b9dab1d842cf1ddc69e83bd8127,linux64-qr,,False,,,102210fe594ee9b33d82058545b1ed14f4c8206e,num_static_constructors,compiler_metrics,True,compiler_metrics num_static_constructors opt valgrind,,77,,,,1751365123,2023-09-06 18:00:42,156.0,340378041fcfd986f6c0edb18a81efbc36f930c1,1296561,,,,,,,,,,,,,,,,,,,,,,,,,,,,,,,,,,,,,,,,,,,,,,,,,,TN,,,,,,,,,,
autoland,3646670,2,6311658df04f8b9dab1d842cf1ddc69e83bd8127,linux64-qr,,False,,,102210fe594ee9b33d82058545b1ed14f4c8206e,num_static_constructors,compiler_metrics,True,compiler_metrics num_static_constructors opt valgrind,,77,,,,1751413834,2023-09-06 20:21:00,156.0,ddf5a96b8817d048bc71603e8c98a3eacae50cce,1296663,,,,,,,,,,,,,,,,,,,,,,,,,,,,,,,,,,,,,,,,,,,,,,,,,,TN,,,,,,,,,,
autoland,3646670,2,6311658df04f8b9dab1d842cf1ddc69e83bd8127,linux64-qr,,False,,,102210fe594ee9b33d82058545b1ed14f4c8206e,num_static_constructors,compiler_metrics,True,compiler_metrics num_static_constructors opt valgrind,,77,,,,1751439235,2023-09-06 21:18:27,156.0,6e5768f3fc480965c2b67e5006ad8351d30a27b2,1296699,,,,,,,,,,,,,,,,,,,,,,,,,,,,,,,,,,,,,,,,,,,,,,,,,,TN,,,,,,,,,,
autoland,3646670,2,6311658df04f8b9dab1d842cf1ddc69e83bd8127,linux64-qr,,False,,,102210fe594ee9b33d82058545b1ed14f4c8206e,num_static_constructors,compiler_metrics,True,compiler_metrics num_static_constructors opt valgrind,,77,,,,1751485846,2023-09-06 22:59:27,156.0,87360c635b7c533ad4c2b1ff079e63699ff753d5,1296763,,,,,,,,,,,,,,,,,,,,,,,,,,,,,,,,,,,,,,,,,,,,,,,,,,TN,,,,,,,,,,
autoland,3646670,2,6311658df04f8b9dab1d842cf1ddc69e83bd8127,linux64-qr,,False,,,102210fe594ee9b33d82058545b1ed14f4c8206e,num_static_constructors,compiler_metrics,True,compiler_metrics num_static_constructors opt valgrind,,77,,,,1751570085,2023-09-07 02:02:33,156.0,172ac46f5fd5a20a001b2cbed27df0ffb44ef6a6,1296842,,,,,,,,,,,,,,,,,,,,,,,,,,,,,,,,,,,,,,,,,,,,,,,,,,TN,,,,,,,,,,
autoland,3646670,2,6311658df04f8b9dab1d842cf1ddc69e83bd8127,linux64-qr,,False,,,102210fe594ee9b33d82058545b1ed14f4c8206e,num_static_constructors,compiler_metrics,True,compiler_metrics num_static_constructors opt valgrind,,77,,,,1751631142,2023-09-07 05:47:53,156.0,c8b40099127c273a58ba6defbe045c55752f0f64,1296880,,,,,,,,,,,,,,,,,,,,,,,,,,,,,,,,,,,,,,,,,,,,,,,,,,TN,,,,,,,,,,
autoland,3646670,2,6311658df04f8b9dab1d842cf1ddc69e83bd8127,linux64-qr,,False,,,102210fe594ee9b33d82058545b1ed14f4c8206e,num_static_constructors,compiler_metrics,True,compiler_metrics num_static_constructors opt valgrind,,77,,,,1751720998,2023-09-07 10:02:59,156.0,72c09a220d986d7af3fa78b07b9b87cd943f9ab5,1296967,,,,,,,,,,,,,,,,,,,,,,,,,,,,,,,,,,,,,,,,,,,,,,,,,,TN,,,,,,,,,,
autoland,3646670,2,6311658df04f8b9dab1d842cf1ddc69e83bd8127,linux64-qr,,False,,,102210fe594ee9b33d82058545b1ed14f4c8206e,num_static_constructors,compiler_metrics,True,compiler_metrics num_static_constructors opt valgrind,,77,,,,1751803147,2023-09-07 12:32:17,156.0,31aee1c71573016a4a40410e1c41adad2304c430,1297037,,,,,,,,,,,,,,,,,,,,,,,,,,,,,,,,,,,,,,,,,,,,,,,,,,TN,,,,,,,,,,
autoland,3646670,2,6311658df04f8b9dab1d842cf1ddc69e83bd8127,linux64-qr,,False,,,102210fe594ee9b33d82058545b1ed14f4c8206e,num_static_constructors,compiler_metrics,True,compiler_metrics num_static_constructors opt valgrind,,77,,,,1751840216,2023-09-07 14:04:18,156.0,751ce10ffa95f4706e709666d45db519e48786c7,1297085,,,,,,,,,,,,,,,,,,,,,,,,,,,,,,,,,,,,,,,,,,,,,,,,,,TN,,,,,,,,,,
autoland,3646670,2,6311658df04f8b9dab1d842cf1ddc69e83bd8127,linux64-qr,,False,,,102210fe594ee9b33d82058545b1ed14f4c8206e,num_static_constructors,compiler_metrics,True,compiler_metrics num_static_constructors opt valgrind,,77,,,,1751895645,2023-09-07 16:05:38,156.0,be838735b3cf99411aaa287377f080810144f92d,1297179,,,,,,,,,,,,,,,,,,,,,,,,,,,,,,,,,,,,,,,,,,,,,,,,,,TN,,,,,,,,,,
autoland,3646670,2,6311658df04f8b9dab1d842cf1ddc69e83bd8127,linux64-qr,,False,,,102210fe594ee9b33d82058545b1ed14f4c8206e,num_static_constructors,compiler_metrics,True,compiler_metrics num_static_constructors opt valgrind,,77,,,,1751920493,2023-09-07 17:23:47,156.0,4de2f34908c72d9154e126c092cd0b2f2bd70806,1297227,,,,,,,,,,,,,,,,,,,,,,,,,,,,,,,,,,,,,,,,,,,,,,,,,,TN,,,,,,,,,,
autoland,3646670,2,6311658df04f8b9dab1d842cf1ddc69e83bd8127,linux64-qr,,False,,,102210fe594ee9b33d82058545b1ed14f4c8206e,num_static_constructors,compiler_metrics,True,compiler_metrics num_static_constructors opt valgrind,,77,,,,1751985676,2023-09-07 18:57:03,156.0,25b4a7559a80b3970d88de68b2ac92420ca025c8,1297304,,,,,,,,,,,,,,,,,,,,,,,,,,,,,,,,,,,,,,,,,,,,,,,,,,TN,,,,,,,,,,
autoland,3646670,2,6311658df04f8b9dab1d842cf1ddc69e83bd8127,linux64-qr,,False,,,102210fe594ee9b33d82058545b1ed14f4c8206e,num_static_constructors,compiler_metrics,True,compiler_metrics num_static_constructors opt valgrind,,77,,,,1752091510,2023-09-07 21:02:30,156.0,780b5a0c48aaa54ea9dd806c5c41296bd931e77f,1297376,,,,,,,,,,,,,,,,,,,,,,,,,,,,,,,,,,,,,,,,,,,,,,,,,,TN,,,,,,,,,,
autoland,3646670,2,6311658df04f8b9dab1d842cf1ddc69e83bd8127,linux64-qr,,False,,,102210fe594ee9b33d82058545b1ed14f4c8206e,num_static_constructors,compiler_metrics,True,compiler_metrics num_static_constructors opt valgrind,,77,,,,1752152234,2023-09-07 23:16:45,156.0,6fb5507c20420498c1ebe5f2b6df35394d980f1c,1297446,,,,,,,,,,,,,,,,,,,,,,,,,,,,,,,,,,,,,,,,,,,,,,,,,,TN,,,,,,,,,,
autoland,3646670,2,6311658df04f8b9dab1d842cf1ddc69e83bd8127,linux64-qr,,False,,,102210fe594ee9b33d82058545b1ed14f4c8206e,num_static_constructors,compiler_metrics,True,compiler_metrics num_static_constructors opt valgrind,,77,,,,1752165405,2023-09-07 23:39:19,156.0,3096b15a785accc50f5e96ad64eed31ebd5ae045,1297453,,,,,,,,,,,,,,,,,,,,,,,,,,,,,,,,,,,,,,,,,,,,,,,,,,TN,,,,,,,,,,
autoland,3646670,2,6311658df04f8b9dab1d842cf1ddc69e83bd8127,linux64-qr,,False,,,102210fe594ee9b33d82058545b1ed14f4c8206e,num_static_constructors,compiler_metrics,True,compiler_metrics num_static_constructors opt valgrind,,77,,,,1752264554,2023-09-08 04:28:36,156.0,9cf29328d69c6278a4d9e184fcf79d33542cb600,1297535,,,,,,,,,,,,,,,,,,,,,,,,,,,,,,,,,,,,,,,,,,,,,,,,,,TN,,,,,,,,,,
autoland,3646670,2,6311658df04f8b9dab1d842cf1ddc69e83bd8127,linux64-qr,,False,,,102210fe594ee9b33d82058545b1ed14f4c8206e,num_static_constructors,compiler_metrics,True,compiler_metrics num_static_constructors opt valgrind,,77,,,,1752296803,2023-09-08 05:53:54,156.0,53966eb1b9e1fb6cd5033dc3996926de2e09aa3b,1297552,,,,,,,,,,,,,,,,,,,,,,,,,,,,,,,,,,,,,,,,,,,,,,,,,,TN,,,,,,,,,,
autoland,3646670,2,6311658df04f8b9dab1d842cf1ddc69e83bd8127,linux64-qr,,False,,,102210fe594ee9b33d82058545b1ed14f4c8206e,num_static_constructors,compiler_metrics,True,compiler_metrics num_static_constructors opt valgrind,,77,,,,1752343385,2023-09-08 08:33:18,156.0,850826d930dbbaab76c864c8e0c815e741d335ec,1297602,,,,,,,,,,,,,,,,,,,,,,,,,,,,,,,,,,,,,,,,,,,,,,,,,,TN,,,,,,,,,,
autoland,3646670,2,6311658df04f8b9dab1d842cf1ddc69e83bd8127,linux64-qr,,False,,,102210fe594ee9b33d82058545b1ed14f4c8206e,num_static_constructors,compiler_metrics,True,compiler_metrics num_static_constructors opt valgrind,,77,,,,1752373035,2023-09-08 09:52:44,156.0,274b1d437629e97813d0b7fe7e8b4912cf84cf32,1297644,,,,,,,,,,,,,,,,,,,,,,,,,,,,,,,,,,,,,,,,,,,,,,,,,,TN,,,,,,,,,,
autoland,3646670,2,6311658df04f8b9dab1d842cf1ddc69e83bd8127,linux64-qr,,False,,,102210fe594ee9b33d82058545b1ed14f4c8206e,num_static_constructors,compiler_metrics,True,compiler_metrics num_static_constructors opt valgrind,,77,,,,1752509731,2023-09-08 13:37:38,156.0,9d93aa35ae7fd71c4dcb7028ff7feb4d732c8c33,1297766,,,,,,,,,,,,,,,,,,,,,,,,,,,,,,,,,,,,,,,,,,,,,,,,,,TN,,,,,,,,,,
autoland,3646670,2,6311658df04f8b9dab1d842cf1ddc69e83bd8127,linux64-qr,,False,,,102210fe594ee9b33d82058545b1ed14f4c8206e,num_static_constructors,compiler_metrics,True,compiler_metrics num_static_constructors opt valgrind,,77,,,,1752525548,2023-09-08 14:14:09,156.0,822367e291b07b889b553a6beaa660fd1d4bf101,1297788,,,,,,,,,,,,,,,,,,,,,,,,,,,,,,,,,,,,,,,,,,,,,,,,,,TN,,,,,,,,,,
autoland,3646670,2,6311658df04f8b9dab1d842cf1ddc69e83bd8127,linux64-qr,,False,,,102210fe594ee9b33d82058545b1ed14f4c8206e,num_static_constructors,compiler_metrics,True,compiler_metrics num_static_constructors opt valgrind,,77,,,,1752667296,2023-09-08 18:04:40,156.0,27b2bca6565fd4a7d724617dc2a06ad4433d5e7d,1297929,,,,,,,,,,,,,,,,,,,,,,,,,,,,,,,,,,,,,,,,,,,,,,,,,,TN,,,,,,,,,,
autoland,3646670,2,6311658df04f8b9dab1d842cf1ddc69e83bd8127,linux64-qr,,False,,,102210fe594ee9b33d82058545b1ed14f4c8206e,num_static_constructors,compiler_metrics,True,compiler_metrics num_static_constructors opt valgrind,,77,,,,1752776213,2023-09-08 21:23:33,156.0,653e4bbb493d8e3daad50e96cff6061cd14f747b,1298060,,,,,,,,,,,,,,,,,,,,,,,,,,,,,,,,,,,,,,,,,,,,,,,,,,TN,,,,,,,,,,
autoland,3646670,2,6311658df04f8b9dab1d842cf1ddc69e83bd8127,linux64-qr,,False,,,102210fe594ee9b33d82058545b1ed14f4c8206e,num_static_constructors,compiler_metrics,True,compiler_metrics num_static_constructors opt valgrind,,77,,,,1752823848,2023-09-08 22:44:42,156.0,caabab6fd2b88b34f1344af40c555fed0a039949,1298112,,,,,,,,,,,,,,,,,,,,,,,,,,,,,,,,,,,,,,,,,,,,,,,,,,TN,,,,,,,,,,
autoland,3646670,2,6311658df04f8b9dab1d842cf1ddc69e83bd8127,linux64-qr,,False,,,102210fe594ee9b33d82058545b1ed14f4c8206e,num_static_constructors,compiler_metrics,True,compiler_metrics num_static_constructors opt valgrind,,77,,,,1752899381,2023-09-09 01:11:00,156.0,266305ba8989b3072ea042b1a3130ddfb89960e1,1298167,,,,,,,,,,,,,,,,,,,,,,,,,,,,,,,,,,,,,,,,,,,,,,,,,,TN,,,,,,,,,,
autoland,3646670,2,6311658df04f8b9dab1d842cf1ddc69e83bd8127,linux64-qr,,False,,,102210fe594ee9b33d82058545b1ed14f4c8206e,num_static_constructors,compiler_metrics,True,compiler_metrics num_static_constructors opt valgrind,,77,,,,1752951600,2023-09-09 05:59:08,156.0,02f7c436b43f486a8aec92c449f2df1fedf9226a,1298196,,,,,,,,,,,,,,,,,,,,,,,,,,,,,,,,,,,,,,,,,,,,,,,,,,TN,,,,,,,,,,
autoland,3646670,2,6311658df04f8b9dab1d842cf1ddc69e83bd8127,linux64-qr,,False,,,102210fe594ee9b33d82058545b1ed14f4c8206e,num_static_constructors,compiler_metrics,True,compiler_metrics num_static_constructors opt valgrind,,77,,,,1753014614,2023-09-09 12:58:29,156.0,52b4a28cd9d7623a471a02cb994a2aebbd5d7403,1298223,,,,,,,,,,,,,,,,,,,,,,,,,,,,,,,,,,,,,,,,,,,,,,,,,,TN,,,,,,,,,,
autoland,3646670,2,6311658df04f8b9dab1d842cf1ddc69e83bd8127,linux64-qr,,False,,,102210fe594ee9b33d82058545b1ed14f4c8206e,num_static_constructors,compiler_metrics,True,compiler_metrics num_static_constructors opt valgrind,,77,,,,1753069950,2023-09-09 15:06:33,156.0,f4c21bd187efb82e5d1829b30835589777738de2,1298231,,,,,,,,,,,,,,,,,,,,,,,,,,,,,,,,,,,,,,,,,,,,,,,,,,TN,,,,,,,,,,
autoland,3646670,2,6311658df04f8b9dab1d842cf1ddc69e83bd8127,linux64-qr,,False,,,102210fe594ee9b33d82058545b1ed14f4c8206e,num_static_constructors,compiler_metrics,True,compiler_metrics num_static_constructors opt valgrind,,77,,,,1753189517,2023-09-09 23:18:35,156.0,df18c9cb1487f09a89e27eabbd0819691c70701b,1298263,,,,,,,,,,,,,,,,,,,,,,,,,,,,,,,,,,,,,,,,,,,,,,,,,,TN,,,,,,,,,,
autoland,3646670,2,6311658df04f8b9dab1d842cf1ddc69e83bd8127,linux64-qr,,False,,,102210fe594ee9b33d82058545b1ed14f4c8206e,num_static_constructors,compiler_metrics,True,compiler_metrics num_static_constructors opt valgrind,,77,,,,1753246212,2023-09-10 03:51:10,156.0,7faa89970aed2f2e16f538aba1a7465bb6a5ea20,1298271,,,,,,,,,,,,,,,,,,,,,,,,,,,,,,,,,,,,,,,,,,,,,,,,,,TN,,,,,,,,,,
autoland,3646670,2,6311658df04f8b9dab1d842cf1ddc69e83bd8127,linux64-qr,,False,,,102210fe594ee9b33d82058545b1ed14f4c8206e,num_static_constructors,compiler_metrics,True,compiler_metrics num_static_constructors opt valgrind,,77,,,,1753376264,2023-09-10 10:15:01,156.0,2e1c2dd8ef65a6914ebc4e0bc0a0a274c31e29bc,1298293,,,,,,,,,,,,,,,,,,,,,,,,,,,,,,,,,,,,,,,,,,,,,,,,,,TN,,,,,,,,,,
autoland,3646670,2,6311658df04f8b9dab1d842cf1ddc69e83bd8127,linux64-qr,,False,,,102210fe594ee9b33d82058545b1ed14f4c8206e,num_static_constructors,compiler_metrics,True,compiler_metrics num_static_constructors opt valgrind,,77,,,,1753451263,2023-09-10 12:24:34,156.0,640ad6a53cf88f878095f49f98b720a99c2762bd,1298303,,,,,,,,,,,,,,,,,,,,,,,,,,,,,,,,,,,,,,,,,,,,,,,,,,TN,,,,,,,,,,
autoland,3646670,2,6311658df04f8b9dab1d842cf1ddc69e83bd8127,linux64-qr,,False,,,102210fe594ee9b33d82058545b1ed14f4c8206e,num_static_constructors,compiler_metrics,True,compiler_metrics num_static_constructors opt valgrind,,77,,,,1753592542,2023-09-10 16:24:53,156.0,e91d172728590586e38bc431f3dc779479e365d5,1298313,,,,,,,,,,,,,,,,,,,,,,,,,,,,,,,,,,,,,,,,,,,,,,,,,,TN,,,,,,,,,,
autoland,3646670,2,6311658df04f8b9dab1d842cf1ddc69e83bd8127,linux64-qr,,False,,,102210fe594ee9b33d82058545b1ed14f4c8206e,num_static_constructors,compiler_metrics,True,compiler_metrics num_static_constructors opt valgrind,,77,,,,1753703489,2023-09-10 22:24:39,156.0,fff502a8f26bdfc51eada3cf32107848bff64a76,1298356,,,,,,,,,,,,,,,,,,,,,,,,,,,,,,,,,,,,,,,,,,,,,,,,,,TN,,,,,,,,,,
autoland,3646670,2,6311658df04f8b9dab1d842cf1ddc69e83bd8127,linux64-qr,,False,,,102210fe594ee9b33d82058545b1ed14f4c8206e,num_static_constructors,compiler_metrics,True,compiler_metrics num_static_constructors opt valgrind,,77,,,,1753802143,2023-09-11 04:00:08,156.0,5f5a3f190fdfa0947a671467171ab2b3cee62c38,1298396,,,,,,,,,,,,,,,,,,,,,,,,,,,,,,,,,,,,,,,,,,,,,,,,,,TN,,,,,,,,,,
autoland,3646670,2,6311658df04f8b9dab1d842cf1ddc69e83bd8127,linux64-qr,,False,,,102210fe594ee9b33d82058545b1ed14f4c8206e,num_static_constructors,compiler_metrics,True,compiler_metrics num_static_constructors opt valgrind,,77,,,,1753872999,2023-09-11 08:01:16,156.0,35ae39561912dad340dac47c7c1dc3af6ead952b,1298437,,,,,,,,,,,,,,,,,,,,,,,,,,,,,,,,,,,,,,,,,,,,,,,,,,TN,,,,,,,,,,
autoland,3646670,2,6311658df04f8b9dab1d842cf1ddc69e83bd8127,linux64-qr,,False,,,102210fe594ee9b33d82058545b1ed14f4c8206e,num_static_constructors,compiler_metrics,True,compiler_metrics num_static_constructors opt valgrind,,77,,,,1753914152,2023-09-11 10:09:23,156.0,16a377bb7b5f9713ac6a5fae21ce043c7de7cd67,1298486,,,,,,,,,,,,,,,,,,,,,,,,,,,,,,,,,,,,,,,,,,,,,,,,,,TN,,,,,,,,,,
autoland,3646670,2,6311658df04f8b9dab1d842cf1ddc69e83bd8127,linux64-qr,,False,,,102210fe594ee9b33d82058545b1ed14f4c8206e,num_static_constructors,compiler_metrics,True,compiler_metrics num_static_constructors opt valgrind,,77,,,,1753994194,2023-09-11 12:22:45,156.0,67f2bcf67dcc8be6515f8e48c76e602c9b707f80,1298565,,,,,,,,,,,,,,,,,,,,,,,,,,,,,,,,,,,,,,,,,,,,,,,,,,TN,,,,,,,,,,
autoland,3646670,2,6311658df04f8b9dab1d842cf1ddc69e83bd8127,linux64-qr,,False,,,102210fe594ee9b33d82058545b1ed14f4c8206e,num_static_constructors,compiler_metrics,True,compiler_metrics num_static_constructors opt valgrind,,77,,,,1754036803,2023-09-11 13:54:23,156.0,2ea4fd5d517a2b5edf081c9e2ccd8c014f6dc171,1298638,,,,,,,,,,,,,,,,,,,,,,,,,,,,,,,,,,,,,,,,,,,,,,,,,,TN,,,,,,,,,,
autoland,3646670,2,6311658df04f8b9dab1d842cf1ddc69e83bd8127,linux64-qr,,False,,,102210fe594ee9b33d82058545b1ed14f4c8206e,num_static_constructors,compiler_metrics,True,compiler_metrics num_static_constructors opt valgrind,,77,,,,1754097192,2023-09-11 15:49:08,156.0,371f21acf806f523f68c289d8ed7da5c9260756f,1298706,,,,,,,,,,,,,,,,,,,,,,,,,,,,,,,,,,,,,,,,,,,,,,,,,,TN,,,,,,,,,,
autoland,3646670,2,6311658df04f8b9dab1d842cf1ddc69e83bd8127,linux64-qr,,False,,,102210fe594ee9b33d82058545b1ed14f4c8206e,num_static_constructors,compiler_metrics,True,compiler_metrics num_static_constructors opt valgrind,,77,,,,1754160506,2023-09-11 17:41:44,156.0,f28ec98bf27ffbc0952af3f4ff0ffec4218a6554,1298761,,,,,,,,,,,,,,,,,,,,,,,,,,,,,,,,,,,,,,,,,,,,,,,,,,TN,,,,,,,,,,
autoland,3646670,2,6311658df04f8b9dab1d842cf1ddc69e83bd8127,linux64-qr,,False,,,102210fe594ee9b33d82058545b1ed14f4c8206e,num_static_constructors,compiler_metrics,True,compiler_metrics num_static_constructors opt valgrind,,77,,,,1754238221,2023-09-11 19:35:39,156.0,cacd1aee41f8fecb89855a91151319efe6107fe9,1298813,,,,,,,,,,,,,,,,,,,,,,,,,,,,,,,,,,,,,,,,,,,,,,,,,,TN,,,,,,,,,,
autoland,3646670,2,6311658df04f8b9dab1d842cf1ddc69e83bd8127,linux64-qr,,False,,,102210fe594ee9b33d82058545b1ed14f4c8206e,num_static_constructors,compiler_metrics,True,compiler_metrics num_static_constructors opt valgrind,,77,,,,1754329294,2023-09-11 21:44:17,156.0,4a10a12f6006582e936c81baefda439d8f078729,1298874,,,,,,,,,,,,,,,,,,,,,,,,,,,,,,,,,,,,,,,,,,,,,,,,,,TN,,,,,,,,,,
autoland,3646670,2,6311658df04f8b9dab1d842cf1ddc69e83bd8127,linux64-qr,,False,,,102210fe594ee9b33d82058545b1ed14f4c8206e,num_static_constructors,compiler_metrics,True,compiler_metrics num_static_constructors opt valgrind,,77,,,,1754333704,2023-09-11 22:07:56,156.0,12882fe96164b756c60fff4549300977b85af06f,1298881,,,,,,,,,,,,,,,,,,,,,,,,,,,,,,,,,,,,,,,,,,,,,,,,,,TN,,,,,,,,,,
autoland,3646670,2,6311658df04f8b9dab1d842cf1ddc69e83bd8127,linux64-qr,,False,,,102210fe594ee9b33d82058545b1ed14f4c8206e,num_static_constructors,compiler_metrics,True,compiler_metrics num_static_constructors opt valgrind,,77,,,,1754468315,2023-09-12 02:35:45,156.0,cdcc536589320caec69ec36416058cd46b8d4178,1298976,,,,,,,,,,,,,,,,,,,,,,,,,,,,,,,,,,,,,,,,,,,,,,,,,,TN,,,,,,,,,,
autoland,3646670,2,6311658df04f8b9dab1d842cf1ddc69e83bd8127,linux64-qr,,False,,,102210fe594ee9b33d82058545b1ed14f4c8206e,num_static_constructors,compiler_metrics,True,compiler_metrics num_static_constructors opt valgrind,,77,,,,1754509666,2023-09-12 03:29:35,156.0,db960ca5d4904de457b81d5c2ad8eca9ba07db8e,1298985,,,,,,,,,,,,,,,,,,,,,,,,,,,,,,,,,,,,,,,,,,,,,,,,,,TN,,,,,,,,,,
autoland,3646670,2,6311658df04f8b9dab1d842cf1ddc69e83bd8127,linux64-qr,,False,,,102210fe594ee9b33d82058545b1ed14f4c8206e,num_static_constructors,compiler_metrics,True,compiler_metrics num_static_constructors opt valgrind,,77,,,,1754624456,2023-09-12 07:31:58,156.0,2e2360c55e7b421532f4d12b7a36a0e0f943a1e9,1299027,,,,,,,,,,,,,,,,,,,,,,,,,,,,,,,,,,,,,,,,,,,,,,,,,,TN,,,,,,,,,,
autoland,3646670,2,6311658df04f8b9dab1d842cf1ddc69e83bd8127,linux64-qr,,False,,,102210fe594ee9b33d82058545b1ed14f4c8206e,num_static_constructors,compiler_metrics,True,compiler_metrics num_static_constructors opt valgrind,,77,,,,1754681852,2023-09-12 10:50:51,156.0,2bc8fe831000b063aaf499e4f322b5fbd0a814e2,1299093,,,,,,,,,,,,,,,,,,,,,,,,,,,,,,,,,,,,,,,,,,,,,,,,,,TN,,,,,,,,,,
autoland,3646670,2,6311658df04f8b9dab1d842cf1ddc69e83bd8127,linux64-qr,,False,,,102210fe594ee9b33d82058545b1ed14f4c8206e,num_static_constructors,compiler_metrics,True,compiler_metrics num_static_constructors opt valgrind,,77,,,,1754714936,2023-09-12 11:48:24,156.0,4cca882e069d67c3a9a9064ac603b0dca23a5b39,1299122,,,,,,,,,,,,,,,,,,,,,,,,,,,,,,,,,,,,,,,,,,,,,,,,,,TN,,,,,,,,,,
autoland,3646670,2,6311658df04f8b9dab1d842cf1ddc69e83bd8127,linux64-qr,,False,,,102210fe594ee9b33d82058545b1ed14f4c8206e,num_static_constructors,compiler_metrics,True,compiler_metrics num_static_constructors opt valgrind,,77,,,,1754733242,2023-09-12 12:34:27,156.0,f302f4a5371614cb2d42fbbe4ddfdd068aae146d,1299141,,,,,,,,,,,,,,,,,,,,,,,,,,,,,,,,,,,,,,,,,,,,,,,,,,TN,,,,,,,,,,
autoland,3646670,2,6311658df04f8b9dab1d842cf1ddc69e83bd8127,linux64-qr,,False,,,102210fe594ee9b33d82058545b1ed14f4c8206e,num_static_constructors,compiler_metrics,True,compiler_metrics num_static_constructors opt valgrind,,77,,,,1754881835,2023-09-12 16:26:50,156.0,54de5850bdfbf233483c525862a4c48ef767e14c,1299247,,,,,,,,,,,,,,,,,,,,,,,,,,,,,,,,,,,,,,,,,,,,,,,,,,TN,,,,,,,,,,
autoland,3646670,2,6311658df04f8b9dab1d842cf1ddc69e83bd8127,linux64-qr,,False,,,102210fe594ee9b33d82058545b1ed14f4c8206e,num_static_constructors,compiler_metrics,True,compiler_metrics num_static_constructors opt valgrind,,77,,,,1754876689,2023-09-12 16:35:29,156.0,1b3be6b61583c53c2cb899ffc91c921c022e8162,1299257,,,,,,,,,,,,,,,,,,,,,,,,,,,,,,,,,,,,,,,,,,,,,,,,,,TN,,,,,,,,,,
autoland,3646670,2,6311658df04f8b9dab1d842cf1ddc69e83bd8127,linux64-qr,,False,,,102210fe594ee9b33d82058545b1ed14f4c8206e,num_static_constructors,compiler_metrics,True,compiler_metrics num_static_constructors opt valgrind,,77,,,,1754903035,2023-09-12 17:51:01,156.0,c77f534dc9b99192eca371e3917ffc5b504bd055,1299297,,,,,,,,,,,,,,,,,,,,,,,,,,,,,,,,,,,,,,,,,,,,,,,,,,TN,,,,,,,,,,
autoland,3646670,2,6311658df04f8b9dab1d842cf1ddc69e83bd8127,linux64-qr,,False,,,102210fe594ee9b33d82058545b1ed14f4c8206e,num_static_constructors,compiler_metrics,True,compiler_metrics num_static_constructors opt valgrind,,77,,,,1755033638,2023-09-12 19:48:54,156.0,c74fb301e2f493e044f948079c843c2ecb496534,1299378,,,,,,,,,,,,,,,,,,,,,,,,,,,,,,,,,,,,,,,,,,,,,,,,,,TN,,,,,,,,,,
autoland,3646670,2,6311658df04f8b9dab1d842cf1ddc69e83bd8127,linux64-qr,,False,,,102210fe594ee9b33d82058545b1ed14f4c8206e,num_static_constructors,compiler_metrics,True,compiler_metrics num_static_constructors opt valgrind,,77,,,,1755114761,2023-09-12 22:44:58,156.0,0339e9d43c22845d7589528bc8a08eee6b2d5c7a,1299446,,,,,,,,,,,,,,,,,,,,,,,,,,,,,,,,,,,,,,,,,,,,,,,,,,TN,,,,,,,,,,
autoland,3646670,2,6311658df04f8b9dab1d842cf1ddc69e83bd8127,linux64-qr,,False,,,102210fe594ee9b33d82058545b1ed14f4c8206e,num_static_constructors,compiler_metrics,True,compiler_metrics num_static_constructors opt valgrind,,77,,,,1755124533,2023-09-12 23:09:22,156.0,d238756ba039d0430074dea8fa1db0c2b75b8184,1299456,,,,,,,,,,,,,,,,,,,,,,,,,,,,,,,,,,,,,,,,,,,,,,,,,,TN,,,,,,,,,,
autoland,3646670,2,6311658df04f8b9dab1d842cf1ddc69e83bd8127,linux64-qr,,False,,,102210fe594ee9b33d82058545b1ed14f4c8206e,num_static_constructors,compiler_metrics,True,compiler_metrics num_static_constructors opt valgrind,,77,,,,1755207468,2023-09-13 03:21:32,156.0,daceab96e9588ecb729cc3648c7980f1d9928ef1,1299496,,,,,,,,,,,,,,,,,,,,,,,,,,,,,,,,,,,,,,,,,,,,,,,,,,TN,,,,,,,,,,
autoland,3646670,2,6311658df04f8b9dab1d842cf1ddc69e83bd8127,linux64-qr,,False,,,102210fe594ee9b33d82058545b1ed14f4c8206e,num_static_constructors,compiler_metrics,True,compiler_metrics num_static_constructors opt valgrind,,77,,,,1755275256,2023-09-13 08:07:28,156.0,00a66a4ea7d34e12302bd63f68a950cbff5a9ffa,1299529,,,,,,,,,,,,,,,,,,,,,,,,,,,,,,,,,,,,,,,,,,,,,,,,,,TN,,,,,,,,,,
autoland,3646670,2,6311658df04f8b9dab1d842cf1ddc69e83bd8127,linux64-qr,,False,,,102210fe594ee9b33d82058545b1ed14f4c8206e,num_static_constructors,compiler_metrics,True,compiler_metrics num_static_constructors opt valgrind,,77,,,,1755273599,2023-09-13 08:35:12,156.0,d495f0f008a3f8e3744708840003854f68717a05,1299543,,,,,,,,,,,,,,,,,,,,,,,,,,,,,,,,,,,,,,,,,,,,,,,,,,TN,,,,,,,,,,
autoland,3646670,2,6311658df04f8b9dab1d842cf1ddc69e83bd8127,linux64-qr,,False,,,102210fe594ee9b33d82058545b1ed14f4c8206e,num_static_constructors,compiler_metrics,True,compiler_metrics num_static_constructors opt valgrind,,77,,,,1755280543,2023-09-13 08:35:12,156.0,d495f0f008a3f8e3744708840003854f68717a05,1299543,,,,,,,,,,,,,,,,,,,,,,,,,,,,,,,,,,,,,,,,,,,,,,,,,,TN,,,,,,,,,,
autoland,3646670,2,6311658df04f8b9dab1d842cf1ddc69e83bd8127,linux64-qr,,False,,,102210fe594ee9b33d82058545b1ed14f4c8206e,num_static_constructors,compiler_metrics,True,compiler_metrics num_static_constructors opt valgrind,,77,,,,1755365940,2023-09-13 11:26:03,156.0,1a4b8c41b3c3efb7f5870fb99730fc6b08a44cc1,1299625,,,,,,,,,,,,,,,,,,,,,,,,,,,,,,,,,,,,,,,,,,,,,,,,,,TN,,,,,,,,,,
autoland,3646670,2,6311658df04f8b9dab1d842cf1ddc69e83bd8127,linux64-qr,,False,,,102210fe594ee9b33d82058545b1ed14f4c8206e,num_static_constructors,compiler_metrics,True,compiler_metrics num_static_constructors opt valgrind,,77,,,,1755514058,2023-09-13 14:20:16,156.0,3020232880d7d6afcce9b96e853dd23a46af5a25,1299736,,,,,,,,,,,,,,,,,,,,,,,,,,,,,,,,,,,,,,,,,,,,,,,,,,TN,,,,,,,,,,
autoland,3646670,2,6311658df04f8b9dab1d842cf1ddc69e83bd8127,linux64-qr,,False,,,102210fe594ee9b33d82058545b1ed14f4c8206e,num_static_constructors,compiler_metrics,True,compiler_metrics num_static_constructors opt valgrind,,77,,,,1755549887,2023-09-13 15:38:40,156.0,49a7e292daad5c6727d745e6910b8bde5c3f59a6,1299802,,,,,,,,,,,,,,,,,,,,,,,,,,,,,,,,,,,,,,,,,,,,,,,,,,TN,,,,,,,,,,
autoland,3646670,2,6311658df04f8b9dab1d842cf1ddc69e83bd8127,linux64-qr,,False,,,102210fe594ee9b33d82058545b1ed14f4c8206e,num_static_constructors,compiler_metrics,True,compiler_metrics num_static_constructors opt valgrind,,77,,,,1755592754,2023-09-13 16:07:42,156.0,ce9c917d3e22a86f9e2a6fb5d5b68cd6d56fb687,1299823,,,,,,,,,,,,,,,,,,,,,,,,,,,,,,,,,,,,,,,,,,,,,,,,,,TN,,,,,,,,,,
autoland,3646670,2,6311658df04f8b9dab1d842cf1ddc69e83bd8127,linux64-qr,,False,,,102210fe594ee9b33d82058545b1ed14f4c8206e,num_static_constructors,compiler_metrics,True,compiler_metrics num_static_constructors opt valgrind,,77,,,,1755670251,2023-09-13 18:24:28,156.0,9f4d171149bb2bbce6ec1e375adbfcfb16ff8ab6,1299933,,,,,,,,,,,,,,,,,,,,,,,,,,,,,,,,,,,,,,,,,,,,,,,,,,TN,,,,,,,,,,
autoland,3646670,2,6311658df04f8b9dab1d842cf1ddc69e83bd8127,linux64-qr,,False,,,102210fe594ee9b33d82058545b1ed14f4c8206e,num_static_constructors,compiler_metrics,True,compiler_metrics num_static_constructors opt valgrind,,77,,,,1755807871,2023-09-13 20:42:18,156.0,ab101a976da356370e4d513e38e73a1fa55b1597,1300022,,,,,,,,,,,,,,,,,,,,,,,,,,,,,,,,,,,,,,,,,,,,,,,,,,TN,,,,,,,,,,
autoland,3646670,2,6311658df04f8b9dab1d842cf1ddc69e83bd8127,linux64-qr,,False,,,102210fe594ee9b33d82058545b1ed14f4c8206e,num_static_constructors,compiler_metrics,True,compiler_metrics num_static_constructors opt valgrind,,77,,,,1755840506,2023-09-13 21:08:26,156.0,a654205d84701ba611f22f0020be612e0db887c6,1300043,,,,,,,,,,,,,,,,,,,,,,,,,,,,,,,,,,,,,,,,,,,,,,,,,,TN,,,,,,,,,,
autoland,3646670,2,6311658df04f8b9dab1d842cf1ddc69e83bd8127,linux64-qr,,False,,,102210fe594ee9b33d82058545b1ed14f4c8206e,num_static_constructors,compiler_metrics,True,compiler_metrics num_static_constructors opt valgrind,,77,,,,1755896618,2023-09-13 23:14:42,156.0,8f5a11c1eb0b7598d1415f6efa9c360191a423f8,1300119,,,,,,,,,,,,,,,,,,,,,,,,,,,,,,,,,,,,,,,,,,,,,,,,,,TN,,,,,,,,,,
autoland,3646670,2,6311658df04f8b9dab1d842cf1ddc69e83bd8127,linux64-qr,,False,,,102210fe594ee9b33d82058545b1ed14f4c8206e,num_static_constructors,compiler_metrics,True,compiler_metrics num_static_constructors opt valgrind,,77,,,,1756050144,2023-09-14 04:10:41,156.0,c57de172952ed6dfa84943bd2175574e4c87e92b,1300187,,,,,,,,,,,,,,,,,,,,,,,,,,,,,,,,,,,,,,,,,,,,,,,,,,TN,,,,,,,,,,
autoland,3646670,2,6311658df04f8b9dab1d842cf1ddc69e83bd8127,linux64-qr,,False,,,102210fe594ee9b33d82058545b1ed14f4c8206e,num_static_constructors,compiler_metrics,True,compiler_metrics num_static_constructors opt valgrind,,77,,,,1756217204,2023-09-14 09:30:23,156.0,69c7e9b937f817f1bee50511a690a35aa3b49793,1300302,,,,,,,,,,,,,,,,,,,,,,,,,,,,,,,,,,,,,,,,,,,,,,,,,,TN,,,,,,,,,,
autoland,3646670,2,6311658df04f8b9dab1d842cf1ddc69e83bd8127,linux64-qr,,False,,,102210fe594ee9b33d82058545b1ed14f4c8206e,num_static_constructors,compiler_metrics,True,compiler_metrics num_static_constructors opt valgrind,,77,,,,1756310291,2023-09-14 11:38:04,156.0,76116e6c2476f694d9cd5db9c69d9065e3b2cbbd,1300382,,,,,,,,,,,,,,,,,,,,,,,,,,,,,,,,,,,,,,,,,,,,,,,,,,TN,,,,,,,,,,
autoland,3646670,2,6311658df04f8b9dab1d842cf1ddc69e83bd8127,linux64-qr,,False,,,102210fe594ee9b33d82058545b1ed14f4c8206e,num_static_constructors,compiler_metrics,True,compiler_metrics num_static_constructors opt valgrind,,77,,,,1756390234,2023-09-14 13:19:36,156.0,3c159cd917bb64b5c430ac475c8b4a6bba514e88,1300429,,,,,,,,,,,,,,,,,,,,,,,,,,,,,,,,,,,,,,,,,,,,,,,,,,TN,,,,,,,,,,
autoland,3646670,2,6311658df04f8b9dab1d842cf1ddc69e83bd8127,linux64-qr,,False,,,102210fe594ee9b33d82058545b1ed14f4c8206e,num_static_constructors,compiler_metrics,True,compiler_metrics num_static_constructors opt valgrind,,77,,,,1756448688,2023-09-14 15:44:34,156.0,3b93c8502571e31ff0926a4911fae422c3c2118c,1300523,,,,,,,,,,,,,,,,,,,,,,,,,,,,,,,,,,,,,,,,,,,,,,,,,,TN,,,,,,,,,,
autoland,3646670,2,6311658df04f8b9dab1d842cf1ddc69e83bd8127,linux64-qr,,False,,,102210fe594ee9b33d82058545b1ed14f4c8206e,num_static_constructors,compiler_metrics,True,compiler_metrics num_static_constructors opt valgrind,,77,,,,1756470300,2023-09-14 16:38:11,156.0,98de7bc404c3786a5459a205dea174bdf39d3dbf,1300546,,,,,,,,,,,,,,,,,,,,,,,,,,,,,,,,,,,,,,,,,,,,,,,,,,TN,,,,,,,,,,
autoland,3646670,2,6311658df04f8b9dab1d842cf1ddc69e83bd8127,linux64-qr,,False,,,102210fe594ee9b33d82058545b1ed14f4c8206e,num_static_constructors,compiler_metrics,True,compiler_metrics num_static_constructors opt valgrind,,77,,,,1756584492,2023-09-14 19:29:59,156.0,a91661331af41c99e0518fbb38b74e71f63351d2,1300668,,,,,,,,,,,,,,,,,,,,,,,,,,,,,,,,,,,,,,,,,,,,,,,,,,TN,,,,,,,,,,
autoland,3646670,2,6311658df04f8b9dab1d842cf1ddc69e83bd8127,linux64-qr,,False,,,102210fe594ee9b33d82058545b1ed14f4c8206e,num_static_constructors,compiler_metrics,True,compiler_metrics num_static_constructors opt valgrind,,77,,,,1756646138,2023-09-14 20:51:49,156.0,ecc245e6c1644825a53e0e4085347043a793a40f,1300732,,,,,,,,,,,,,,,,,,,,,,,,,,,,,,,,,,,,,,,,,,,,,,,,,,TN,,,,,,,,,,
autoland,3646670,2,6311658df04f8b9dab1d842cf1ddc69e83bd8127,linux64-qr,,False,,,102210fe594ee9b33d82058545b1ed14f4c8206e,num_static_constructors,compiler_metrics,True,compiler_metrics num_static_constructors opt valgrind,,77,,,,1756767918,2023-09-15 00:25:19,156.0,7bf127e6049ad217b3567e11ce2c53369aa3e9fb,1300840,,,,,,,,,,,,,,,,,,,,,,,,,,,,,,,,,,,,,,,,,,,,,,,,,,TN,,,,,,,,,,
autoland,3646670,2,6311658df04f8b9dab1d842cf1ddc69e83bd8127,linux64-qr,,False,,,102210fe594ee9b33d82058545b1ed14f4c8206e,num_static_constructors,compiler_metrics,True,compiler_metrics num_static_constructors opt valgrind,,77,,,,1756768067,2023-09-15 00:53:43,156.0,cfbd0bd9bc623276a862481e44bd71e1d57e2eac,1300850,,,,,,,,,,,,,,,,,,,,,,,,,,,,,,,,,,,,,,,,,,,,,,,,,,TN,,,,,,,,,,
autoland,3646670,2,6311658df04f8b9dab1d842cf1ddc69e83bd8127,linux64-qr,,False,,,102210fe594ee9b33d82058545b1ed14f4c8206e,num_static_constructors,compiler_metrics,True,compiler_metrics num_static_constructors opt valgrind,,77,,,,1756889462,2023-09-15 06:04:49,156.0,8f99acff4cbc8f25f158dc6ff079042f02768f05,1300927,,,,,,,,,,,,,,,,,,,,,,,,,,,,,,,,,,,,,,,,,,,,,,,,,,TN,,,,,,,,,,
autoland,3646670,2,6311658df04f8b9dab1d842cf1ddc69e83bd8127,linux64-qr,,False,,,102210fe594ee9b33d82058545b1ed14f4c8206e,num_static_constructors,compiler_metrics,True,compiler_metrics num_static_constructors opt valgrind,,77,,,,1756919411,2023-09-15 06:59:31,156.0,0a032c6f1d5da0740059f67c499e0e9f7ab88650,1300939,,,,,,,,,,,,,,,,,,,,,,,,,,,,,,,,,,,,,,,,,,,,,,,,,,TN,,,,,,,,,,
autoland,3646670,2,6311658df04f8b9dab1d842cf1ddc69e83bd8127,linux64-qr,,False,,,102210fe594ee9b33d82058545b1ed14f4c8206e,num_static_constructors,compiler_metrics,True,compiler_metrics num_static_constructors opt valgrind,,77,,,,1756995099,2023-09-15 09:32:57,156.0,6b4b7a682e7a55984313dfb1dba8515d09a00bcf,1300990,,,,,,,,,,,,,,,,,,,,,,,,,,,,,,,,,,,,,,,,,,,,,,,,,,TN,,,,,,,,,,
autoland,3646670,2,6311658df04f8b9dab1d842cf1ddc69e83bd8127,linux64-qr,,False,,,102210fe594ee9b33d82058545b1ed14f4c8206e,num_static_constructors,compiler_metrics,True,compiler_metrics num_static_constructors opt valgrind,,77,,,,1757048962,2023-09-15 11:50:44,156.0,29c4aff31f1dc95ad970b23a77b763265f1632c0,1301039,,,,,,,,,,,,,,,,,,,,,,,,,,,,,,,,,,,,,,,,,,,,,,,,,,TN,,,,,,,,,,
autoland,3646670,2,6311658df04f8b9dab1d842cf1ddc69e83bd8127,linux64-qr,,False,,,102210fe594ee9b33d82058545b1ed14f4c8206e,num_static_constructors,compiler_metrics,True,compiler_metrics num_static_constructors opt valgrind,,77,,,,1757075793,2023-09-15 12:28:36,156.0,953f367a5ef64eeb7654e6c62f3ac7fb2b4424a3,1301070,,,,,,,,,,,,,,,,,,,,,,,,,,,,,,,,,,,,,,,,,,,,,,,,,,TN,,,,,,,,,,
autoland,3646670,2,6311658df04f8b9dab1d842cf1ddc69e83bd8127,linux64-qr,,False,,,102210fe594ee9b33d82058545b1ed14f4c8206e,num_static_constructors,compiler_metrics,True,compiler_metrics num_static_constructors opt valgrind,,77,,,,1757172613,2023-09-15 14:51:55,156.0,079079610ac2a41dba72a91cbe2867519e2bc5bd,1301175,,,,,,,,,,,,,,,,,,,,,,,,,,,,,,,,,,,,,,,,,,,,,,,,,,TN,,,,,,,,,,
autoland,3646670,2,6311658df04f8b9dab1d842cf1ddc69e83bd8127,linux64-qr,,False,,,102210fe594ee9b33d82058545b1ed14f4c8206e,num_static_constructors,compiler_metrics,True,compiler_metrics num_static_constructors opt valgrind,,77,,,,1757215734,2023-09-15 16:11:08,156.0,d19722c0a0c98b39c85e5e7a8e79aa44e75cdb79,1301242,,,,,,,,,,,,,,,,,,,,,,,,,,,,,,,,,,,,,,,,,,,,,,,,,,TN,,,,,,,,,,
autoland,3646670,2,6311658df04f8b9dab1d842cf1ddc69e83bd8127,linux64-qr,,False,,,102210fe594ee9b33d82058545b1ed14f4c8206e,num_static_constructors,compiler_metrics,True,compiler_metrics num_static_constructors opt valgrind,,77,,,,1757245533,2023-09-15 17:51:06,156.0,fec6b3b46bc6439ac98e03aa73938deaf6323f5c,1301318,,,,,,,,,,,,,,,,,,,,,,,,,,,,,,,,,,,,,,,,,,,,,,,,,,TN,,,,,,,,,,
autoland,3646670,2,6311658df04f8b9dab1d842cf1ddc69e83bd8127,linux64-qr,,False,,,102210fe594ee9b33d82058545b1ed14f4c8206e,num_static_constructors,compiler_metrics,True,compiler_metrics num_static_constructors opt valgrind,,77,,,,1757286413,2023-09-15 19:06:00,156.0,4d541d8eb017a213235d540dc7118b544d410a88,1301380,,,,,,,,,,,,,,,,,,,,,,,,,,,,,,,,,,,,,,,,,,,,,,,,,,TN,,,,,,,,,,
autoland,3646670,2,6311658df04f8b9dab1d842cf1ddc69e83bd8127,linux64-qr,,False,,,102210fe594ee9b33d82058545b1ed14f4c8206e,num_static_constructors,compiler_metrics,True,compiler_metrics num_static_constructors opt valgrind,,77,,,,1757361031,2023-09-15 21:22:10,156.0,bc1da616374e7b4aecbde9ee52b0c1a86b4155b1,1301484,,,,,,,,,,,,,,,,,,,,,,,,,,,,,,,,,,,,,,,,,,,,,,,,,,TN,,,,,,,,,,
autoland,3646670,2,6311658df04f8b9dab1d842cf1ddc69e83bd8127,linux64-qr,,False,,,102210fe594ee9b33d82058545b1ed14f4c8206e,num_static_constructors,compiler_metrics,True,compiler_metrics num_static_constructors opt valgrind,,77,,,,1757430614,2023-09-16 00:25:52,156.0,aa4e3903740dfa0ed175c6ff18e57b8fbe82afd7,1301531,,,,,,,,,,,,,,,,,,,,,,,,,,,,,,,,,,,,,,,,,,,,,,,,,,TN,,,,,,,,,,
autoland,3646670,2,6311658df04f8b9dab1d842cf1ddc69e83bd8127,linux64-qr,,False,,,102210fe594ee9b33d82058545b1ed14f4c8206e,num_static_constructors,compiler_metrics,True,compiler_metrics num_static_constructors opt valgrind,,77,,,,1757432785,2023-09-16 00:35:43,156.0,69d0f600b52641dd114b02da128a162f86f09395,1301538,,,,,,,,,,,,,,,,,,,,,,,,,,,,,,,,,,,,,,,,,,,,,,,,,,TN,,,,,,,,,,
autoland,3646670,2,6311658df04f8b9dab1d842cf1ddc69e83bd8127,linux64-qr,,False,,,102210fe594ee9b33d82058545b1ed14f4c8206e,num_static_constructors,compiler_metrics,True,compiler_metrics num_static_constructors opt valgrind,,77,,,,1757550248,2023-09-16 05:54:34,156.0,7fcd45f7f407a0c756c8b8292b1df8d8162cdce6,1301559,,,,,,,,,,,,,,,,,,,,,,,,,,,,,,,,,,,,,,,,,,,,,,,,,,TN,,,,,,,,,,
autoland,3646670,2,6311658df04f8b9dab1d842cf1ddc69e83bd8127,linux64-qr,,False,,,102210fe594ee9b33d82058545b1ed14f4c8206e,num_static_constructors,compiler_metrics,True,compiler_metrics num_static_constructors opt valgrind,,77,,,,1757629764,2023-09-16 12:53:39,156.0,745d8130d1ac2d3e0ae51f2f22896853f0d34479,1301583,,,,,,,,,,,,,,,,,,,,,,,,,,,,,,,,,,,,,,,,,,,,,,,,,,TN,,,,,,,,,,
autoland,3646670,2,6311658df04f8b9dab1d842cf1ddc69e83bd8127,linux64-qr,,False,,,102210fe594ee9b33d82058545b1ed14f4c8206e,num_static_constructors,compiler_metrics,True,compiler_metrics num_static_constructors opt valgrind,,77,,,,1757635259,2023-09-16 13:33:44,156.0,30e5713cc250a5ddccd4a52c0c5bbc1086291005,1301587,,,,,,,,,,,,,,,,,,,,,,,,,,,,,,,,,,,,,,,,,,,,,,,,,,TN,,,,,,,,,,
autoland,3646670,2,6311658df04f8b9dab1d842cf1ddc69e83bd8127,linux64-qr,,False,,,102210fe594ee9b33d82058545b1ed14f4c8206e,num_static_constructors,compiler_metrics,True,compiler_metrics num_static_constructors opt valgrind,,77,,,,1757664907,2023-09-16 18:13:35,156.0,a7bddb715bd51687e4f52876beeb747f6a19cb0d,1301606,,,,,,,,,,,,,,,,,,,,,,,,,,,,,,,,,,,,,,,,,,,,,,,,,,TN,,,,,,,,,,
autoland,3646670,2,6311658df04f8b9dab1d842cf1ddc69e83bd8127,linux64-qr,,False,,,102210fe594ee9b33d82058545b1ed14f4c8206e,num_static_constructors,compiler_metrics,True,compiler_metrics num_static_constructors opt valgrind,,77,,,,1757787516,2023-09-17 06:44:56,156.0,d1558269e35b364c189cb76982dfc3fdd465224b,1301647,,,,,,,,,,,,,,,,,,,,,,,,,,,,,,,,,,,,,,,,,,,,,,,,,,TN,,,,,,,,,,
autoland,3646670,2,6311658df04f8b9dab1d842cf1ddc69e83bd8127,linux64-qr,,False,,,102210fe594ee9b33d82058545b1ed14f4c8206e,num_static_constructors,compiler_metrics,True,compiler_metrics num_static_constructors opt valgrind,,77,,,,1757812991,2023-09-17 09:36:28,156.0,16afd66ac7be7ee4ffc61599d0241c28d47c74c7,1301654,,,,,,,,,,,,,,,,,,,,,,,,,,,,,,,,,,,,,,,,,,,,,,,,,,TN,,,,,,,,,,
autoland,3646670,2,6311658df04f8b9dab1d842cf1ddc69e83bd8127,linux64-qr,,False,,,102210fe594ee9b33d82058545b1ed14f4c8206e,num_static_constructors,compiler_metrics,True,compiler_metrics num_static_constructors opt valgrind,,77,,,,1757903401,2023-09-17 14:36:55,156.0,17a576f280a8e27d78d7247f1f451ca46a64d0f4,1301663,,,,,,,,,,,,,,,,,,,,,,,,,,,,,,,,,,,,,,,,,,,,,,,,,,TN,,,,,,,,,,
autoland,3646670,2,6311658df04f8b9dab1d842cf1ddc69e83bd8127,linux64-qr,,False,,,102210fe594ee9b33d82058545b1ed14f4c8206e,num_static_constructors,compiler_metrics,True,compiler_metrics num_static_constructors opt valgrind,,77,,,,1757933126,2023-09-17 18:44:53,156.0,76aa4dfe7e88c5e43988e15fd032c3b9678cfebd,1301677,,,,,,,,,,,,,,,,,,,,,,,,,,,,,,,,,,,,,,,,,,,,,,,,,,TN,,,,,,,,,,
autoland,3646670,2,6311658df04f8b9dab1d842cf1ddc69e83bd8127,linux64-qr,,False,,,102210fe594ee9b33d82058545b1ed14f4c8206e,num_static_constructors,compiler_metrics,True,compiler_metrics num_static_constructors opt valgrind,,77,,,,1757982149,2023-09-17 22:46:46,156.0,4333e71e3754938bc5beee5baabbfd6657869bc6,1301700,,,,,,,,,,,,,,,,,,,,,,,,,,,,,,,,,,,,,,,,,,,,,,,,,,TN,,,,,,,,,,
autoland,3646670,2,6311658df04f8b9dab1d842cf1ddc69e83bd8127,linux64-qr,,False,,,102210fe594ee9b33d82058545b1ed14f4c8206e,num_static_constructors,compiler_metrics,True,compiler_metrics num_static_constructors opt valgrind,,77,,,,1758053811,2023-09-18 03:57:39,156.0,d395f485b3a2b96c9d6f47f5167308b763c1891b,1301730,,,,,,,,,,,,,,,,,,,,,,,,,,,,,,,,,,,,,,,,,,,,,,,,,,TN,,,,,,,,,,
autoland,3646670,2,6311658df04f8b9dab1d842cf1ddc69e83bd8127,linux64-qr,,False,,,102210fe594ee9b33d82058545b1ed14f4c8206e,num_static_constructors,compiler_metrics,True,compiler_metrics num_static_constructors opt valgrind,,77,,,,1758144219,2023-09-18 09:50:33,156.0,11fb2a6e434951fbef0791563a159cbbdd42f4c8,1301818,,,,,,,,,,,,,,,,,,,,,,,,,,,,,,,,,,,,,,,,,,,,,,,,,,TN,,,,,,,,,,
autoland,3646670,2,6311658df04f8b9dab1d842cf1ddc69e83bd8127,linux64-qr,,False,,,102210fe594ee9b33d82058545b1ed14f4c8206e,num_static_constructors,compiler_metrics,True,compiler_metrics num_static_constructors opt valgrind,,77,,,,1758308233,2023-09-18 14:45:06,156.0,7a51e2aa7d09aac78f5c93c25c65e83cb1272b7d,1301994,,,,,,,,,,,,,,,,,,,,,,,,,,,,,,,,,,,,,,,,,,,,,,,,,,TN,,,,,,,,,,
autoland,3646670,2,6311658df04f8b9dab1d842cf1ddc69e83bd8127,linux64-qr,,False,,,102210fe594ee9b33d82058545b1ed14f4c8206e,num_static_constructors,compiler_metrics,True,compiler_metrics num_static_constructors opt valgrind,,77,,,,1758542910,2023-09-18 21:05:31,156.0,44aa0c56427a5e659c7bec91e3b608472cb6f763,1302247,,,,,,,,,,,,,,,,,,,,,,,,,,,,,,,,,,,,,,,,,,,,,,,,,,TN,,,,,,,,,,
autoland,3646670,2,6311658df04f8b9dab1d842cf1ddc69e83bd8127,linux64-qr,,False,,,102210fe594ee9b33d82058545b1ed14f4c8206e,num_static_constructors,compiler_metrics,True,compiler_metrics num_static_constructors opt valgrind,,77,,,,1758578999,2023-09-18 22:06:18,156.0,f2fee388499797db15b7cbca1bc2abb7461570d1,1302296,,,,,,,,,,,,,,,,,,,,,,,,,,,,,,,,,,,,,,,,,,,,,,,,,,TN,,,,,,,,,,
autoland,3646670,2,6311658df04f8b9dab1d842cf1ddc69e83bd8127,linux64-qr,,False,,,102210fe594ee9b33d82058545b1ed14f4c8206e,num_static_constructors,compiler_metrics,True,compiler_metrics num_static_constructors opt valgrind,,77,,,,1758588387,2023-09-18 22:22:31,156.0,3a523925f8ff99d5984169d7fbae7e4d1fc1cd18,1302316,,,,,,,,,,,,,,,,,,,,,,,,,,,,,,,,,,,,,,,,,,,,,,,,,,TN,,,,,,,,,,
autoland,3646670,2,6311658df04f8b9dab1d842cf1ddc69e83bd8127,linux64-qr,,False,,,102210fe594ee9b33d82058545b1ed14f4c8206e,num_static_constructors,compiler_metrics,True,compiler_metrics num_static_constructors opt valgrind,,77,,,,1758607520,2023-09-18 22:57:24,156.0,b832674f40a52c0e6f84c0fab63b2babe10526e3,1302333,,,,,,,,,,,,,,,,,,,,,,,,,,,,,,,,,,,,,,,,,,,,,,,,,,TN,,,,,,,,,,
autoland,3646670,2,6311658df04f8b9dab1d842cf1ddc69e83bd8127,linux64-qr,,False,,,102210fe594ee9b33d82058545b1ed14f4c8206e,num_static_constructors,compiler_metrics,True,compiler_metrics num_static_constructors opt valgrind,,77,,,,1758648615,2023-09-19 00:36:20,156.0,b0769fdf63e5e9d7ac3ef647f895b15971a8dc99,1302387,,,,,,,,,,,,,,,,,,,,,,,,,,,,,,,,,,,,,,,,,,,,,,,,,,TN,,,,,,,,,,
autoland,3646670,2,6311658df04f8b9dab1d842cf1ddc69e83bd8127,linux64-qr,,False,,,102210fe594ee9b33d82058545b1ed14f4c8206e,num_static_constructors,compiler_metrics,True,compiler_metrics num_static_constructors opt valgrind,,77,,,,1758649729,2023-09-19 00:47:17,156.0,1a598817e7404f58d3f58842e0dae2e9e35fe3b4,1302400,,,,,,,,,,,,,,,,,,,,,,,,,,,,,,,,,,,,,,,,,,,,,,,,,,TN,,,,,,,,,,
autoland,3646670,2,6311658df04f8b9dab1d842cf1ddc69e83bd8127,linux64-qr,,False,,,102210fe594ee9b33d82058545b1ed14f4c8206e,num_static_constructors,compiler_metrics,True,compiler_metrics num_static_constructors opt valgrind,,77,,,,1758779876,2023-09-19 06:42:05,156.0,0a60f8be5517ddc928471d4a378b46228773fbc5,1302480,,,,,,,,,,,,,,,,,,,,,,,,,,,,,,,,,,,,,,,,,,,,,,,,,,TN,,,,,,,,,,
autoland,3646670,2,6311658df04f8b9dab1d842cf1ddc69e83bd8127,linux64-qr,,False,,,102210fe594ee9b33d82058545b1ed14f4c8206e,num_static_constructors,compiler_metrics,True,compiler_metrics num_static_constructors opt valgrind,,77,,,,1758845980,2023-09-19 08:32:46,156.0,36309222de51e74e059e45e1be54558f50d33410,1302525,,,,,,,,,,,,,,,,,,,,,,,,,,,,,,,,,,,,,,,,,,,,,,,,,,TN,,,,,,,,,,
autoland,3646670,2,6311658df04f8b9dab1d842cf1ddc69e83bd8127,linux64-qr,,False,,,102210fe594ee9b33d82058545b1ed14f4c8206e,num_static_constructors,compiler_metrics,True,compiler_metrics num_static_constructors opt valgrind,,77,,,,1758873042,2023-09-19 10:00:51,156.0,f257c2f8440fe82c3833f2d719a2bf3420df9120,1302573,,,,,,,,,,,,,,,,,,,,,,,,,,,,,,,,,,,,,,,,,,,,,,,,,,TN,,,,,,,,,,
autoland,3646670,2,6311658df04f8b9dab1d842cf1ddc69e83bd8127,linux64-qr,,False,,,102210fe594ee9b33d82058545b1ed14f4c8206e,num_static_constructors,compiler_metrics,True,compiler_metrics num_static_constructors opt valgrind,,77,,,,1758936311,2023-09-19 11:54:20,156.0,0fb6cc768a923be84c3a02e57eae5c26950ed62f,1302636,,,,,,,,,,,,,,,,,,,,,,,,,,,,,,,,,,,,,,,,,,,,,,,,,,TN,,,,,,,,,,
autoland,3646670,2,6311658df04f8b9dab1d842cf1ddc69e83bd8127,linux64-qr,,False,,,102210fe594ee9b33d82058545b1ed14f4c8206e,num_static_constructors,compiler_metrics,True,compiler_metrics num_static_constructors opt valgrind,,77,,,,1758977525,2023-09-19 13:32:40,156.0,dd890d993c3039c40d9a50218bd3284a9810cc85,1302692,,,,,,,,,,,,,,,,,,,,,,,,,,,,,,,,,,,,,,,,,,,,,,,,,,TN,,,,,,,,,,
autoland,3646670,2,6311658df04f8b9dab1d842cf1ddc69e83bd8127,linux64-qr,,False,,,102210fe594ee9b33d82058545b1ed14f4c8206e,num_static_constructors,compiler_metrics,True,compiler_metrics num_static_constructors opt valgrind,,77,,,,1759072172,2023-09-19 15:02:01,156.0,415bcebb271885aa17fb19eec3ebaf2e6020e6fe,1302757,,,,,,,,,,,,,,,,,,,,,,,,,,,,,,,,,,,,,,,,,,,,,,,,,,TN,,,,,,,,,,
autoland,3646670,2,6311658df04f8b9dab1d842cf1ddc69e83bd8127,linux64-qr,,False,,,102210fe594ee9b33d82058545b1ed14f4c8206e,num_static_constructors,compiler_metrics,True,compiler_metrics num_static_constructors opt valgrind,,77,,,,1759133103,2023-09-19 16:21:41,156.0,e9e7852ce74f241f2a4f0ffac475410d0ea9a8a4,1302819,,,,,,,,,,,,,,,,,,,,,,,,,,,,,,,,,,,,,,,,,,,,,,,,,,TN,,,,,,,,,,
autoland,3646670,2,6311658df04f8b9dab1d842cf1ddc69e83bd8127,linux64-qr,,False,,,102210fe594ee9b33d82058545b1ed14f4c8206e,num_static_constructors,compiler_metrics,True,compiler_metrics num_static_constructors opt valgrind,,77,,,,1759190114,2023-09-19 18:44:51,156.0,1030a0fcc81399ec3f6376ffdeaadac56c0e4d5f,1302932,,,,,,,,,,,,,,,,,,,,,,,,,,,,,,,,,,,,,,,,,,,,,,,,,,TN,,,,,,,,,,
autoland,3646670,2,6311658df04f8b9dab1d842cf1ddc69e83bd8127,linux64-qr,,False,,,102210fe594ee9b33d82058545b1ed14f4c8206e,num_static_constructors,compiler_metrics,True,compiler_metrics num_static_constructors opt valgrind,,77,,,,1759303924,2023-09-19 20:31:47,156.0,f97675e331c2e3f8e3a7649cb722085b3360163c,1303015,,,,,,,,,,,,,,,,,,,,,,,,,,,,,,,,,,,,,,,,,,,,,,,,,,TN,,,,,,,,,,
autoland,3646670,2,6311658df04f8b9dab1d842cf1ddc69e83bd8127,linux64-qr,,False,,,102210fe594ee9b33d82058545b1ed14f4c8206e,num_static_constructors,compiler_metrics,True,compiler_metrics num_static_constructors opt valgrind,,77,,,,1759283327,2023-09-19 20:45:08,156.0,abf74735208c16d3b467c2acb344f3030fc5aacb,1303026,,,,,,,,,,,,,,,,,,,,,,,,,,,,,,,,,,,,,,,,,,,,,,,,,,TN,,,,,,,,,,
autoland,3646670,2,6311658df04f8b9dab1d842cf1ddc69e83bd8127,linux64-qr,,False,,,102210fe594ee9b33d82058545b1ed14f4c8206e,num_static_constructors,compiler_metrics,True,compiler_metrics num_static_constructors opt valgrind,,77,,,,1759344928,2023-09-19 22:41:11,156.0,0c6d0f8aa20d250dcd1a3169f8926c33b95851f8,1303117,,,,,,,,,,,,,,,,,,,,,,,,,,,,,,,,,,,,,,,,,,,,,,,,,,TN,,,,,,,,,,
autoland,3646670,2,6311658df04f8b9dab1d842cf1ddc69e83bd8127,linux64-qr,,False,,,102210fe594ee9b33d82058545b1ed14f4c8206e,num_static_constructors,compiler_metrics,True,compiler_metrics num_static_constructors opt valgrind,,77,,,,1759392843,2023-09-20 00:59:14,156.0,71a9b5a8ec8503f993e8d7e8f1b2b98ff57ed283,1303207,,,,,,,,,,,,,,,,,,,,,,,,,,,,,,,,,,,,,,,,,,,,,,,,,,TN,,,,,,,,,,
autoland,3646670,2,6311658df04f8b9dab1d842cf1ddc69e83bd8127,linux64-qr,,False,,,102210fe594ee9b33d82058545b1ed14f4c8206e,num_static_constructors,compiler_metrics,True,compiler_metrics num_static_constructors opt valgrind,,77,,,,1759501788,2023-09-20 05:02:26,156.0,71c800e8074fa9f5e246acbf09097a0f15d4eb09,1303254,,,,,,,,,,,,,,,,,,,,,,,,,,,,,,,,,,,,,,,,,,,,,,,,,,TN,,,,,,,,,,
autoland,3646670,2,6311658df04f8b9dab1d842cf1ddc69e83bd8127,linux64-qr,,False,,,102210fe594ee9b33d82058545b1ed14f4c8206e,num_static_constructors,compiler_metrics,True,compiler_metrics num_static_constructors opt valgrind,,77,,,,1759592454,2023-09-20 08:51:51,156.0,062ff01416336a443dc3260d0a3594f3a1eb6a3b,1303335,,,,,,,,,,,,,,,,,,,,,,,,,,,,,,,,,,,,,,,,,,,,,,,,,,TN,,,,,,,,,,
autoland,3646670,2,6311658df04f8b9dab1d842cf1ddc69e83bd8127,linux64-qr,,False,,,102210fe594ee9b33d82058545b1ed14f4c8206e,num_static_constructors,compiler_metrics,True,compiler_metrics num_static_constructors opt valgrind,,77,,,,1759594370,2023-09-20 09:03:21,156.0,2664490a1b4aeb2b2bd98c81ac43b68b1a24ea2f,1303343,,,,,,,,,,,,,,,,,,,,,,,,,,,,,,,,,,,,,,,,,,,,,,,,,,TN,,,,,,,,,,
autoland,3646670,2,6311658df04f8b9dab1d842cf1ddc69e83bd8127,linux64-qr,,False,,,102210fe594ee9b33d82058545b1ed14f4c8206e,num_static_constructors,compiler_metrics,True,compiler_metrics num_static_constructors opt valgrind,,77,,,,1759649765,2023-09-20 10:40:44,156.0,e11a98968ec15b84dc772d997bc0789a0a078549,1303401,,,,,,,,,,,,,,,,,,,,,,,,,,,,,,,,,,,,,,,,,,,,,,,,,,TN,,,,,,,,,,
autoland,3646670,2,6311658df04f8b9dab1d842cf1ddc69e83bd8127,linux64-qr,,False,,,102210fe594ee9b33d82058545b1ed14f4c8206e,num_static_constructors,compiler_metrics,True,compiler_metrics num_static_constructors opt valgrind,,77,,,,1759759179,2023-09-20 12:25:36,156.0,2124d65b4d140244c33e81dfb0974b542b338fed,1303459,,,,,,,,,,,,,,,,,,,,,,,,,,,,,,,,,,,,,,,,,,,,,,,,,,TN,,,,,,,,,,
autoland,3646670,2,6311658df04f8b9dab1d842cf1ddc69e83bd8127,linux64-qr,,False,,,102210fe594ee9b33d82058545b1ed14f4c8206e,num_static_constructors,compiler_metrics,True,compiler_metrics num_static_constructors opt valgrind,,77,,,,1759780315,2023-09-20 14:03:46,156.0,5baf76c5d8f19d35c8e7710816a726d92cfff8bb,1303541,,,,,,,,,,,,,,,,,,,,,,,,,,,,,,,,,,,,,,,,,,,,,,,,,,TN,,,,,,,,,,
autoland,3646670,2,6311658df04f8b9dab1d842cf1ddc69e83bd8127,linux64-qr,,False,,,102210fe594ee9b33d82058545b1ed14f4c8206e,num_static_constructors,compiler_metrics,True,compiler_metrics num_static_constructors opt valgrind,,77,,,,1759873318,2023-09-20 16:21:53,156.0,f2626728e585af2375c11f357ce6cfacc91d2bb6,1303658,,,,,,,,,,,,,,,,,,,,,,,,,,,,,,,,,,,,,,,,,,,,,,,,,,TN,,,,,,,,,,
autoland,3646670,2,6311658df04f8b9dab1d842cf1ddc69e83bd8127,linux64-qr,,False,,,102210fe594ee9b33d82058545b1ed14f4c8206e,num_static_constructors,compiler_metrics,True,compiler_metrics num_static_constructors opt valgrind,,77,,,,1759921118,2023-09-20 17:47:40,156.0,07c4a658632d6c11d371f974b56a6365212bef62,1303718,,,,,,,,,,,,,,,,,,,,,,,,,,,,,,,,,,,,,,,,,,,,,,,,,,TN,,,,,,,,,,
autoland,3646670,2,6311658df04f8b9dab1d842cf1ddc69e83bd8127,linux64-qr,,False,,,102210fe594ee9b33d82058545b1ed14f4c8206e,num_static_constructors,compiler_metrics,True,compiler_metrics num_static_constructors opt valgrind,,77,,,,1759987185,2023-09-20 19:30:16,156.0,dd27bf1e961384d7279a200ea7add27fc9105be9,1303773,,,,,,,,,,,,,,,,,,,,,,,,,,,,,,,,,,,,,,,,,,,,,,,,,,TN,,,,,,,,,,
autoland,3646670,2,6311658df04f8b9dab1d842cf1ddc69e83bd8127,linux64-qr,,False,,,102210fe594ee9b33d82058545b1ed14f4c8206e,num_static_constructors,compiler_metrics,True,compiler_metrics num_static_constructors opt valgrind,,77,,,,1760048764,2023-09-20 21:06:43,156.0,137b5966e6ec0a63006a36cac0a3f1c4e3f5cefe,1303845,,,,,,,,,,,,,,,,,,,,,,,,,,,,,,,,,,,,,,,,,,,,,,,,,,TN,,,,,,,,,,
autoland,3646670,2,6311658df04f8b9dab1d842cf1ddc69e83bd8127,linux64-qr,,False,,,102210fe594ee9b33d82058545b1ed14f4c8206e,num_static_constructors,compiler_metrics,True,compiler_metrics num_static_constructors opt valgrind,,77,,,,1760078323,2023-09-20 21:52:17,156.0,efc3444da9bb7aed63fd5c75b3f7103a46e6fdd2,1303878,,,,,,,,,,,,,,,,,,,,,,,,,,,,,,,,,,,,,,,,,,,,,,,,,,TN,,,,,,,,,,
autoland,3646670,2,6311658df04f8b9dab1d842cf1ddc69e83bd8127,linux64-qr,,False,,,102210fe594ee9b33d82058545b1ed14f4c8206e,num_static_constructors,compiler_metrics,True,compiler_metrics num_static_constructors opt valgrind,,77,,,,1760102872,2023-09-20 23:02:53,156.0,a94c799a5be0d573f8c654b43966b4b772ded228,1303924,,,,,,,,,,,,,,,,,,,,,,,,,,,,,,,,,,,,,,,,,,,,,,,,,,TN,,,,,,,,,,
autoland,3646670,2,6311658df04f8b9dab1d842cf1ddc69e83bd8127,linux64-qr,,False,,,102210fe594ee9b33d82058545b1ed14f4c8206e,num_static_constructors,compiler_metrics,True,compiler_metrics num_static_constructors opt valgrind,,77,,,,1760211897,2023-09-21 04:47:54,156.0,7c6496f92bb0572d56513d645f3d6201f77a5653,1304025,,,,,,,,,,,,,,,,,,,,,,,,,,,,,,,,,,,,,,,,,,,,,,,,,,TN,,,,,,,,,,
autoland,3646670,2,6311658df04f8b9dab1d842cf1ddc69e83bd8127,linux64-qr,,False,,,102210fe594ee9b33d82058545b1ed14f4c8206e,num_static_constructors,compiler_metrics,True,compiler_metrics num_static_constructors opt valgrind,,77,,,,1760332064,2023-09-21 08:45:10,156.0,e98350675c5a294fe5c7a4138a5b16c4f6992907,1304121,,,,,,,,,,,,,,,,,,,,,,,,,,,,,,,,,,,,,,,,,,,,,,,,,,TN,,,,,,,,,,
autoland,3646670,2,6311658df04f8b9dab1d842cf1ddc69e83bd8127,linux64-qr,,False,,,102210fe594ee9b33d82058545b1ed14f4c8206e,num_static_constructors,compiler_metrics,True,compiler_metrics num_static_constructors opt valgrind,,77,,,,1760433841,2023-09-21 11:26:20,156.0,0dab31a203f307dcef92c9ce7b2412bd95b560be,1304209,,,,,,,,,,,,,,,,,,,,,,,,,,,,,,,,,,,,,,,,,,,,,,,,,,TN,,,,,,,,,,
autoland,3646670,2,6311658df04f8b9dab1d842cf1ddc69e83bd8127,linux64-qr,,False,,,102210fe594ee9b33d82058545b1ed14f4c8206e,num_static_constructors,compiler_metrics,True,compiler_metrics num_static_constructors opt valgrind,,77,,,,1760474718,2023-09-21 12:54:54,156.0,bd8d8c1ecad7cda50d42ce2dfde7fabc50a48948,1304268,,,,,,,,,,,,,,,,,,,,,,,,,,,,,,,,,,,,,,,,,,,,,,,,,,TN,,,,,,,,,,
autoland,3646670,2,6311658df04f8b9dab1d842cf1ddc69e83bd8127,linux64-qr,,False,,,102210fe594ee9b33d82058545b1ed14f4c8206e,num_static_constructors,compiler_metrics,True,compiler_metrics num_static_constructors opt valgrind,,77,,,,1760490708,2023-09-21 14:02:07,156.0,6e82382700fc8345a06dc3efd346a25826fa1bf2,1304316,,,,,,,,,,,,,,,,,,,,,,,,,,,,,,,,,,,,,,,,,,,,,,,,,,TN,,,,,,,,,,
autoland,3646670,2,6311658df04f8b9dab1d842cf1ddc69e83bd8127,linux64-qr,,False,,,102210fe594ee9b33d82058545b1ed14f4c8206e,num_static_constructors,compiler_metrics,True,compiler_metrics num_static_constructors opt valgrind,,77,,,,1760563680,2023-09-21 16:02:59,156.0,7516dab19a7ed5bda7491f14fffe53501c353cc1,1304402,,,,,,,,,,,,,,,,,,,,,,,,,,,,,,,,,,,,,,,,,,,,,,,,,,TN,,,,,,,,,,
autoland,3646670,2,6311658df04f8b9dab1d842cf1ddc69e83bd8127,linux64-qr,,False,,,102210fe594ee9b33d82058545b1ed14f4c8206e,num_static_constructors,compiler_metrics,True,compiler_metrics num_static_constructors opt valgrind,,77,,,,1760627297,2023-09-21 18:54:27,156.0,114bde678f299872db02fe1116ecfd3a7ada9381,1304515,,,,,,,,,,,,,,,,,,,,,,,,,,,,,,,,,,,,,,,,,,,,,,,,,,TN,,,,,,,,,,
autoland,3646670,2,6311658df04f8b9dab1d842cf1ddc69e83bd8127,linux64-qr,,False,,,102210fe594ee9b33d82058545b1ed14f4c8206e,num_static_constructors,compiler_metrics,True,compiler_metrics num_static_constructors opt valgrind,,77,,,,1760635336,2023-09-21 19:19:33,156.0,86fd71ad69b346f713966a8f18ec97a5b99a0aee,1304533,,,,,,,,,,,,,,,,,,,,,,,,,,,,,,,,,,,,,,,,,,,,,,,,,,TN,,,,,,,,,,
autoland,3646670,2,6311658df04f8b9dab1d842cf1ddc69e83bd8127,linux64-qr,,False,,,102210fe594ee9b33d82058545b1ed14f4c8206e,num_static_constructors,compiler_metrics,True,compiler_metrics num_static_constructors opt valgrind,,77,,,,1760752757,2023-09-21 23:03:49,156.0,3ea574f8207b7bc244bbe655bef906cfe050398a,1304660,,,,,,,,,,,,,,,,,,,,,,,,,,,,,,,,,,,,,,,,,,,,,,,,,,TN,,,,,,,,,,
autoland,3646670,2,6311658df04f8b9dab1d842cf1ddc69e83bd8127,linux64-qr,,False,,,102210fe594ee9b33d82058545b1ed14f4c8206e,num_static_constructors,compiler_metrics,True,compiler_metrics num_static_constructors opt valgrind,,77,,,,1760773791,2023-09-21 23:47:59,156.0,efa8aa7a4f5484f349595a2c97ba6a2c6f214c66,1304690,,,,,,,,,,,,,,,,,,,,,,,,,,,,,,,,,,,,,,,,,,,,,,,,,,TN,,,,,,,,,,
autoland,3646670,2,6311658df04f8b9dab1d842cf1ddc69e83bd8127,linux64-qr,,False,,,102210fe594ee9b33d82058545b1ed14f4c8206e,num_static_constructors,compiler_metrics,True,compiler_metrics num_static_constructors opt valgrind,,77,,,,1760836724,2023-09-22 04:42:00,156.0,2de4a198348cc150a0c3ce328c42beade9646190,1304767,,,,,,,,,,,,,,,,,,,,,,,,,,,,,,,,,,,,,,,,,,,,,,,,,,TN,,,,,,,,,,
autoland,3646670,2,6311658df04f8b9dab1d842cf1ddc69e83bd8127,linux64-qr,,False,,,102210fe594ee9b33d82058545b1ed14f4c8206e,num_static_constructors,compiler_metrics,True,compiler_metrics num_static_constructors opt valgrind,,77,,,,1760995507,2023-09-22 11:33:15,156.0,6da1ce80e10cc6744801930434a44df21da87140,1304916,,,,,,,,,,,,,,,,,,,,,,,,,,,,,,,,,,,,,,,,,,,,,,,,,,TN,,,,,,,,,,
autoland,3646670,2,6311658df04f8b9dab1d842cf1ddc69e83bd8127,linux64-qr,,False,,,102210fe594ee9b33d82058545b1ed14f4c8206e,num_static_constructors,compiler_metrics,True,compiler_metrics num_static_constructors opt valgrind,,77,,,,1761043985,2023-09-22 12:50:01,156.0,563d591ef2aa9e712998a1511aa6d7d69243d5ab,1304944,,,,,,,,,,,,,,,,,,,,,,,,,,,,,,,,,,,,,,,,,,,,,,,,,,TN,,,,,,,,,,
autoland,3646670,2,6311658df04f8b9dab1d842cf1ddc69e83bd8127,linux64-qr,,False,,,102210fe594ee9b33d82058545b1ed14f4c8206e,num_static_constructors,compiler_metrics,True,compiler_metrics num_static_constructors opt valgrind,,77,,,,1761098783,2023-09-22 16:10:00,156.0,aee77156969b7d1f696e8952bc590e1449a16f85,1305065,,,,,,,,,,,,,,,,,,,,,,,,,,,,,,,,,,,,,,,,,,,,,,,,,,TN,,,,,,,,,,
autoland,3646670,2,6311658df04f8b9dab1d842cf1ddc69e83bd8127,linux64-qr,,False,,,102210fe594ee9b33d82058545b1ed14f4c8206e,num_static_constructors,compiler_metrics,True,compiler_metrics num_static_constructors opt valgrind,,77,,,,1761173959,2023-09-22 20:28:01,156.0,80cfc74bb77e6c4abfd0d70c51b274e4b036a05b,1305231,,,,,,,,,,,,,,,,,,,,,,,,,,,,,,,,,,,,,,,,,,,,,,,,,,TN,,,,,,,,,,
autoland,3646670,2,6311658df04f8b9dab1d842cf1ddc69e83bd8127,linux64-qr,,False,,,102210fe594ee9b33d82058545b1ed14f4c8206e,num_static_constructors,compiler_metrics,True,compiler_metrics num_static_constructors opt valgrind,,77,,,,1761174267,2023-09-22 20:32:16,156.0,de633e9d79760172a9e79753e055d70f9a38401c,1305232,,,,,,,,,,,,,,,,,,,,,,,,,,,,,,,,,,,,,,,,,,,,,,,,,,TN,,,,,,,,,,
autoland,3646670,2,6311658df04f8b9dab1d842cf1ddc69e83bd8127,linux64-qr,,False,,,102210fe594ee9b33d82058545b1ed14f4c8206e,num_static_constructors,compiler_metrics,True,compiler_metrics num_static_constructors opt valgrind,,77,,,,1761287842,2023-09-23 00:28:09,156.0,5ce53217bf3e4d42db88aab74741654bfc634cc8,1305322,,,,,,,,,,,,,,,,,,,,,,,,,,,,,,,,,,,,,,,,,,,,,,,,,,TN,,,,,,,,,,
autoland,3646670,2,6311658df04f8b9dab1d842cf1ddc69e83bd8127,linux64-qr,,False,,,102210fe594ee9b33d82058545b1ed14f4c8206e,num_static_constructors,compiler_metrics,True,compiler_metrics num_static_constructors opt valgrind,,77,,,,1761289495,2023-09-23 00:41:33,156.0,1d9627a1274de78256ecdee1e8058e6b32392404,1305328,,,,,,,,,,,,,,,,,,,,,,,,,,,,,,,,,,,,,,,,,,,,,,,,,,TN,,,,,,,,,,
autoland,3646670,2,6311658df04f8b9dab1d842cf1ddc69e83bd8127,linux64-qr,,False,,,102210fe594ee9b33d82058545b1ed14f4c8206e,num_static_constructors,compiler_metrics,True,compiler_metrics num_static_constructors opt valgrind,,77,,,,1761407789,2023-09-23 16:39:34,156.0,e85748b0b9880ee586b2c155a4d84c1cdf3f31b4,1305402,,,,,,,,,,,,,,,,,,,,,,,,,,,,,,,,,,,,,,,,,,,,,,,,,,TN,,,,,,,,,,
autoland,3646670,2,6311658df04f8b9dab1d842cf1ddc69e83bd8127,linux64-qr,,False,,,102210fe594ee9b33d82058545b1ed14f4c8206e,num_static_constructors,compiler_metrics,True,compiler_metrics num_static_constructors opt valgrind,,77,,,,1761461219,2023-09-23 21:16:13,156.0,f4a2f296a2ea585882f2a2a627c036538eb875b0,1305420,,,,,,,,,,,,,,,,,,,,,,,,,,,,,,,,,,,,,,,,,,,,,,,,,,TN,,,,,,,,,,
autoland,3646670,2,6311658df04f8b9dab1d842cf1ddc69e83bd8127,linux64-qr,,False,,,102210fe594ee9b33d82058545b1ed14f4c8206e,num_static_constructors,compiler_metrics,True,compiler_metrics num_static_constructors opt valgrind,,77,,,,1761470555,2023-09-23 22:11:03,156.0,fada0a57f99d5b5fc87e6e746df5d5b55781f57d,1305432,,,,,,,,,,,,,,,,,,,,,,,,,,,,,,,,,,,,,,,,,,,,,,,,,,TN,,,,,,,,,,
autoland,3646670,2,6311658df04f8b9dab1d842cf1ddc69e83bd8127,linux64-qr,,False,,,102210fe594ee9b33d82058545b1ed14f4c8206e,num_static_constructors,compiler_metrics,True,compiler_metrics num_static_constructors opt valgrind,,77,,,,1761660413,2023-09-25 06:00:52,156.0,68035862c82691cc5ad039c1067c1fd24d048350,1305598,,,,,,,,,,,,,,,,,,,,,,,,,,,,,,,,,,,,,,,,,,,,,,,,,,TN,,,,,,,,,,
autoland,3646670,2,6311658df04f8b9dab1d842cf1ddc69e83bd8127,linux64-qr,,False,,,102210fe594ee9b33d82058545b1ed14f4c8206e,num_static_constructors,compiler_metrics,True,compiler_metrics num_static_constructors opt valgrind,,77,,,,1761693501,2023-09-25 08:45:06,156.0,27778dad58d148bf24097e327e55eb3b8631b902,1305656,,,,,,,,,,,,,,,,,,,,,,,,,,,,,,,,,,,,,,,,,,,,,,,,,,TN,,,,,,,,,,
autoland,3646670,2,6311658df04f8b9dab1d842cf1ddc69e83bd8127,linux64-qr,,False,,,102210fe594ee9b33d82058545b1ed14f4c8206e,num_static_constructors,compiler_metrics,True,compiler_metrics num_static_constructors opt valgrind,,77,,,,1761749579,2023-09-25 10:47:38,156.0,b6b3f678da8b88c2bf407afbb85a26f6dc22958e,1305712,,,,,,,,,,,,,,,,,,,,,,,,,,,,,,,,,,,,,,,,,,,,,,,,,,TN,,,,,,,,,,
autoland,3646670,2,6311658df04f8b9dab1d842cf1ddc69e83bd8127,linux64-qr,,False,,,102210fe594ee9b33d82058545b1ed14f4c8206e,num_static_constructors,compiler_metrics,True,compiler_metrics num_static_constructors opt valgrind,,77,,,,1761796869,2023-09-25 12:33:35,156.0,9a8976307af6049000ae1a1623fd71bd62850a10,1305791,,,,,,,,,,,,,,,,,,,,,,,,,,,,,,,,,,,,,,,,,,,,,,,,,,TN,,,,,,,,,,
autoland,3646670,2,6311658df04f8b9dab1d842cf1ddc69e83bd8127,linux64-qr,,False,,,102210fe594ee9b33d82058545b1ed14f4c8206e,num_static_constructors,compiler_metrics,True,compiler_metrics num_static_constructors opt valgrind,,77,,,,1761848527,2023-09-25 14:25:37,156.0,0ef83860e1ac8920e01df5796a40acb65f66f223,1305870,,,,,,,,,,,,,,,,,,,,,,,,,,,,,,,,,,,,,,,,,,,,,,,,,,TN,,,,,,,,,,
autoland,3646670,2,6311658df04f8b9dab1d842cf1ddc69e83bd8127,linux64-qr,,False,,,102210fe594ee9b33d82058545b1ed14f4c8206e,num_static_constructors,compiler_metrics,True,compiler_metrics num_static_constructors opt valgrind,,77,,,,1761934902,2023-09-25 17:24:59,156.0,988cc1efe8f172e121b7c022cbcb3005394dd8c4,1306012,,,,,,,,,,,,,,,,,,,,,,,,,,,,,,,,,,,,,,,,,,,,,,,,,,TN,,,,,,,,,,
autoland,3646670,2,6311658df04f8b9dab1d842cf1ddc69e83bd8127,linux64-qr,,False,,,102210fe594ee9b33d82058545b1ed14f4c8206e,num_static_constructors,compiler_metrics,True,compiler_metrics num_static_constructors opt valgrind,,77,,,,1762009747,2023-09-25 19:11:09,156.0,37eee8ccc556777a38dce31087d2de10eb5169d9,1306124,,,,,,,,,,,,,,,,,,,,,,,,,,,,,,,,,,,,,,,,,,,,,,,,,,TN,,,,,,,,,,
autoland,3646670,2,6311658df04f8b9dab1d842cf1ddc69e83bd8127,linux64-qr,,False,,,102210fe594ee9b33d82058545b1ed14f4c8206e,num_static_constructors,compiler_metrics,True,compiler_metrics num_static_constructors opt valgrind,,77,,,,1762041416,2023-09-25 20:45:54,156.0,6a7f708c3d0458c9b30efa2bdfde6e7812554d1e,1306210,,,,,,,,,,,,,,,,,,,,,,,,,,,,,,,,,,,,,,,,,,,,,,,,,,TN,,,,,,,,,,
autoland,3646670,2,6311658df04f8b9dab1d842cf1ddc69e83bd8127,linux64-qr,,False,,,102210fe594ee9b33d82058545b1ed14f4c8206e,num_static_constructors,compiler_metrics,True,compiler_metrics num_static_constructors opt valgrind,,77,,,,1762076117,2023-09-25 22:29:46,156.0,d3828ca7337d8ffb2112780580a3fc4e0c8ea6f2,1306293,,,,,,,,,,,,,,,,,,,,,,,,,,,,,,,,,,,,,,,,,,,,,,,,,,TN,,,,,,,,,,
autoland,3646670,2,6311658df04f8b9dab1d842cf1ddc69e83bd8127,linux64-qr,,False,,,102210fe594ee9b33d82058545b1ed14f4c8206e,num_static_constructors,compiler_metrics,True,compiler_metrics num_static_constructors opt valgrind,,77,,,,1762112626,2023-09-26 00:20:03,156.0,844608487349450c789be0794a915bb90d90b133,1306338,,,,,,,,,,,,,,,,,,,,,,,,,,,,,,,,,,,,,,,,,,,,,,,,,,TN,,,,,,,,,,
autoland,3646670,2,6311658df04f8b9dab1d842cf1ddc69e83bd8127,linux64-qr,,False,,,102210fe594ee9b33d82058545b1ed14f4c8206e,num_static_constructors,compiler_metrics,True,compiler_metrics num_static_constructors opt valgrind,,77,,,,1762148199,2023-09-26 04:10:55,156.0,535c375b13285473c8d29d518a21b67b6f75df68,1306385,,,,,,,,,,,,,,,,,,,,,,,,,,,,,,,,,,,,,,,,,,,,,,,,,,TN,,,,,,,,,,
autoland,3646670,2,6311658df04f8b9dab1d842cf1ddc69e83bd8127,linux64-qr,,False,,,102210fe594ee9b33d82058545b1ed14f4c8206e,num_static_constructors,compiler_metrics,True,compiler_metrics num_static_constructors opt valgrind,,77,,,,1762181389,2023-09-26 05:18:37,156.0,5c61430973af5452b01293947d0f76b758b97c28,1306392,,,,,,,,,,,,,,,,,,,,,,,,,,,,,,,,,,,,,,,,,,,,,,,,,,TN,,,,,,,,,,
autoland,3646670,2,6311658df04f8b9dab1d842cf1ddc69e83bd8127,linux64-qr,,False,,,102210fe594ee9b33d82058545b1ed14f4c8206e,num_static_constructors,compiler_metrics,True,compiler_metrics num_static_constructors opt valgrind,,77,,,,1762273846,2023-09-26 09:17:24,156.0,9f3d027017885b6e093a73be1360c46b847346b0,1306483,,,,,,,,,,,,,,,,,,,,,,,,,,,,,,,,,,,,,,,,,,,,,,,,,,TN,,,,,,,,,,
autoland,3646670,2,6311658df04f8b9dab1d842cf1ddc69e83bd8127,linux64-qr,,False,,,102210fe594ee9b33d82058545b1ed14f4c8206e,num_static_constructors,compiler_metrics,True,compiler_metrics num_static_constructors opt valgrind,,77,,,,1762369394,2023-09-26 12:02:33,156.0,e60c3407f3620f94624c0ac7484a7d1b257be989,1306598,,,,,,,,,,,,,,,,,,,,,,,,,,,,,,,,,,,,,,,,,,,,,,,,,,TN,,,,,,,,,,
autoland,3646670,2,6311658df04f8b9dab1d842cf1ddc69e83bd8127,linux64-qr,,False,,,102210fe594ee9b33d82058545b1ed14f4c8206e,num_static_constructors,compiler_metrics,True,compiler_metrics num_static_constructors opt valgrind,,77,,,,1762453426,2023-09-26 14:14:34,155.0,a0b54360ac3013271b72d8c09f0bb03a31f129c0,1306712,,,,,,,,,,,,,,,,,,,,,,,,,,,,,,,,,,,,,,,,,,,,,,,,,,TN,,,,,,,,,,
autoland,3646670,2,6311658df04f8b9dab1d842cf1ddc69e83bd8127,linux64-qr,,False,,,102210fe594ee9b33d82058545b1ed14f4c8206e,num_static_constructors,compiler_metrics,True,compiler_metrics num_static_constructors opt valgrind,,77,,,,1762472625,2023-09-26 15:03:48,155.0,f6c351ade4f28a1ce3843d0af7e5ec35b37a3576,1306757,,,,,,,,,,,,,,,,,,,,,,,,,,,,,,,,,,,,,,,,,,,,,,,,,,TN,,,,,,,,,,
autoland,3646670,2,6311658df04f8b9dab1d842cf1ddc69e83bd8127,linux64-qr,,False,,,102210fe594ee9b33d82058545b1ed14f4c8206e,num_static_constructors,compiler_metrics,True,compiler_metrics num_static_constructors opt valgrind,,77,,,,1762503519,2023-09-26 16:24:34,155.0,b414529cac6eec09f06d383f81891ec2cfafd1c8,1306810,,,,,,,,,,,,,,,,,,,,,,,,,,,,,,,,,,,,,,,,,,,,,,,,,,TN,,,,,,,,,,
autoland,3646670,2,6311658df04f8b9dab1d842cf1ddc69e83bd8127,linux64-qr,,False,,,102210fe594ee9b33d82058545b1ed14f4c8206e,num_static_constructors,compiler_metrics,True,compiler_metrics num_static_constructors opt valgrind,,77,,,,1762575793,2023-09-26 20:38:52,155.0,a9a2ef43e03023877e0c0129a141f48ad5dd21e8,1306969,,,,,,,,,,,,,,,,,,,,,,,,,,,,,,,,,,,,,,,,,,,,,,,,,,TN,,,,,,,,,,
autoland,3646670,2,6311658df04f8b9dab1d842cf1ddc69e83bd8127,linux64-qr,,False,,,102210fe594ee9b33d82058545b1ed14f4c8206e,num_static_constructors,compiler_metrics,True,compiler_metrics num_static_constructors opt valgrind,,77,,,,1762624385,2023-09-26 21:35:50,155.0,7a98d860920f5f74014454ce20ec6739e8a16878,1307018,,,,,,,,,,,,,,,,,,,,,,,,,,,,,,,,,,,,,,,,,,,,,,,,,,TN,,,,,,,,,,
autoland,3646670,2,6311658df04f8b9dab1d842cf1ddc69e83bd8127,linux64-qr,,False,,,102210fe594ee9b33d82058545b1ed14f4c8206e,num_static_constructors,compiler_metrics,True,compiler_metrics num_static_constructors opt valgrind,,77,,,,1762718773,2023-09-27 00:27:30,155.0,13d1053b2e108ebcd09027a266e7f456e3e4643f,1307094,,,,,,,,,,,,,,,,,,,,,,,,,,,,,,,,,,,,,,,,,,,,,,,,,,TN,,,,,,,,,,
autoland,3646670,2,6311658df04f8b9dab1d842cf1ddc69e83bd8127,linux64-qr,,False,,,102210fe594ee9b33d82058545b1ed14f4c8206e,num_static_constructors,compiler_metrics,True,compiler_metrics num_static_constructors opt valgrind,,77,,,,1762734874,2023-09-27 02:35:37,155.0,583cfd323dab818e35dc1f15fa3e92a503e56e11,1307110,,,,,,,,,,,,,,,,,,,,,,,,,,,,,,,,,,,,,,,,,,,,,,,,,,TN,,,,,,,,,,
autoland,3646670,2,6311658df04f8b9dab1d842cf1ddc69e83bd8127,linux64-qr,,False,,,102210fe594ee9b33d82058545b1ed14f4c8206e,num_static_constructors,compiler_metrics,True,compiler_metrics num_static_constructors opt valgrind,,77,,,,1762809550,2023-09-27 06:23:31,155.0,82ae09837aed66d319e3280febbf971a401bd8a6,1307163,,,,,,,,,,,,,,,,,,,,,,,,,,,,,,,,,,,,,,,,,,,,,,,,,,TN,,,,,,,,,,
autoland,3646670,2,6311658df04f8b9dab1d842cf1ddc69e83bd8127,linux64-qr,,False,,,102210fe594ee9b33d82058545b1ed14f4c8206e,num_static_constructors,compiler_metrics,True,compiler_metrics num_static_constructors opt valgrind,,77,,,,1762873666,2023-09-27 07:42:55,124.0,c42df8559f059e92e11bab0b65eab05f4f6dc92f,1307194,,,,,,,,,,,,,,,,,,,,,,,,,,,,,,,,,,,,,,,,,,,,,,,,,,TN,,,,,,,,,,
autoland,3646670,2,6311658df04f8b9dab1d842cf1ddc69e83bd8127,linux64-qr,,False,,,102210fe594ee9b33d82058545b1ed14f4c8206e,num_static_constructors,compiler_metrics,True,compiler_metrics num_static_constructors opt valgrind,,77,,,,1762874221,2023-09-27 07:42:55,124.0,c42df8559f059e92e11bab0b65eab05f4f6dc92f,1307194,,,,,,,,,,,,,,,,,,,,,,,,,,,,,,,,,,,,,,,,,,,,,,,,,,TN,,,,,,,,,,
autoland,3646670,2,6311658df04f8b9dab1d842cf1ddc69e83bd8127,linux64-qr,,False,,,102210fe594ee9b33d82058545b1ed14f4c8206e,num_static_constructors,compiler_metrics,True,compiler_metrics num_static_constructors opt valgrind,,77,,,,1768819535,2023-09-27 07:57:13,124.0,4325d40bf12119df5ef2400669d250f3e88a8a79,1307201,,,,,,,,,,,,,,,,,,,,,,,,,,,,,,,,,,,,,,,,,,,,,,,,,,TN,,,,,,,,,,
autoland,3646670,2,6311658df04f8b9dab1d842cf1ddc69e83bd8127,linux64-qr,,False,,,102210fe594ee9b33d82058545b1ed14f4c8206e,num_static_constructors,compiler_metrics,True,compiler_metrics num_static_constructors opt valgrind,,77,,,,1768818967,2023-09-27 08:41:47,124.0,fb0bab9dfaadfe32b81c907a26e746d023c6a2f4,1307226,,,,,,,,,,,,,,,,,,,,,,,,,,,,,,,,,,,,,,,,,,,,,,,,,,TN,,,,,,,,,,
autoland,3646670,2,6311658df04f8b9dab1d842cf1ddc69e83bd8127,linux64-qr,,False,,,102210fe594ee9b33d82058545b1ed14f4c8206e,num_static_constructors,compiler_metrics,True,compiler_metrics num_static_constructors opt valgrind,,77,,,,1768819283,2023-09-27 08:48:42,124.0,a0949ab56be3a9a3320f083e86f843aeefb11496,1307229,,,,,,,,,,,,,,,,,,,,,,,,,,,,,,,,,,,,,,,,,,,,,,,,,,TN,,,,,,,,,,
autoland,3646670,2,6311658df04f8b9dab1d842cf1ddc69e83bd8127,linux64-qr,,False,,,102210fe594ee9b33d82058545b1ed14f4c8206e,num_static_constructors,compiler_metrics,True,compiler_metrics num_static_constructors opt valgrind,,77,,,,1768819318,2023-09-27 08:48:42,124.0,a0949ab56be3a9a3320f083e86f843aeefb11496,1307229,,,,,,,,,,,,,,,,,,,,,,,,,,,,,,,,,,,,,,,,,,,,,,,,,,TN,,,,,,,,,,
autoland,3646670,2,6311658df04f8b9dab1d842cf1ddc69e83bd8127,linux64-qr,,False,,,102210fe594ee9b33d82058545b1ed14f4c8206e,num_static_constructors,compiler_metrics,True,compiler_metrics num_static_constructors opt valgrind,,77,,,,1768819862,2023-09-27 09:08:58,124.0,84e0feee4ceb4f753e7ac5883ab6601c668d7da3,1307239,,,,,,,,,,,,,,,,,,,,,,,,,,,,,,,,,,,,,,,,,,,,,,,,,,TN,,,,,,,,,,
autoland,3646670,2,6311658df04f8b9dab1d842cf1ddc69e83bd8127,linux64-qr,,False,,,102210fe594ee9b33d82058545b1ed14f4c8206e,num_static_constructors,compiler_metrics,True,compiler_metrics num_static_constructors opt valgrind,,77,,,,1768819120,2023-09-27 09:08:58,124.0,84e0feee4ceb4f753e7ac5883ab6601c668d7da3,1307239,,,,,,,,,,,,,,,,,,,,,,,,,,,,,,,,,,,,,,,,,,,,,,,,,,TN,,,,,,,,,,
autoland,3646670,2,6311658df04f8b9dab1d842cf1ddc69e83bd8127,linux64-qr,,False,,,102210fe594ee9b33d82058545b1ed14f4c8206e,num_static_constructors,compiler_metrics,True,compiler_metrics num_static_constructors opt valgrind,,77,,,,1768819591,2023-09-27 09:12:23,124.0,421e75fe59522727dcd8633ed15c483dcd5b11b6,1307244,,,,,,,,,,,,,,,,,,,,,,,,,,,,,,,,,,,,,,,,,,,,,,,,,,TN,,,,,,,,,,
autoland,3646670,2,6311658df04f8b9dab1d842cf1ddc69e83bd8127,linux64-qr,,False,,,102210fe594ee9b33d82058545b1ed14f4c8206e,num_static_constructors,compiler_metrics,True,compiler_metrics num_static_constructors opt valgrind,,77,,,,1768819154,2023-09-27 09:18:54,124.0,b45724c5223d9c43d986a775dd708afcbe2831db,1307250,,,,,,,,,,,,,,,,,,,,,,,,,,,,,,,,,,,,,,,,,,,,,,,,,,TN,,,,,,,,,,
autoland,3646670,2,6311658df04f8b9dab1d842cf1ddc69e83bd8127,linux64-qr,,False,,,102210fe594ee9b33d82058545b1ed14f4c8206e,num_static_constructors,compiler_metrics,True,compiler_metrics num_static_constructors opt valgrind,,77,,,,1768819833,2023-09-27 09:55:34,124.0,3e94aeff414202c49b9a8f26c87ac85b7385a563,1307273,,,,,,,,,,,,,,,,,,,,,,,,,,,,,,,,,,,,,,,,,,,,,,,,,,TN,,,,,,,,,,
autoland,3646670,2,6311658df04f8b9dab1d842cf1ddc69e83bd8127,linux64-qr,,False,,,102210fe594ee9b33d82058545b1ed14f4c8206e,num_static_constructors,compiler_metrics,True,compiler_metrics num_static_constructors opt valgrind,,77,,,,1762923663,2023-09-27 10:25:54,124.0,a1a8c2eeff55a4651fa01530fa3ec3ab3bec9b31,1307283,,,,,,,,,,,,,,,,,,,,,,,,,,,,,,,,,,,,,,,,,,,,,,,,,,TN,,,,,,,,,,
autoland,3646670,2,6311658df04f8b9dab1d842cf1ddc69e83bd8127,linux64-qr,,False,,,102210fe594ee9b33d82058545b1ed14f4c8206e,num_static_constructors,compiler_metrics,True,compiler_metrics num_static_constructors opt valgrind,,77,,,,1762924408,2023-09-27 10:32:06,124.0,af764baf74a1dd0e0b863a8cf26c25266bdcbc14,1307289,,,,,,,,,,,,,,,,,,,,,,,,,,,,,,,,,,,,,,,,,,,,,,,,,,TN,,,,,,,,,,
autoland,3646670,2,6311658df04f8b9dab1d842cf1ddc69e83bd8127,linux64-qr,,False,,,102210fe594ee9b33d82058545b1ed14f4c8206e,num_static_constructors,compiler_metrics,True,compiler_metrics num_static_constructors opt valgrind,,77,,,,1762981568,2023-09-27 12:10:08,124.0,25742a510944e837266efa183654c29bdf66483d,1307341,,,,,,,,,,,,,,,,,,,,,,,,,,,,,,,,,,,,,,,,,,,,,,,,,,TN,,,,,,,,,,
autoland,3646670,2,6311658df04f8b9dab1d842cf1ddc69e83bd8127,linux64-qr,,False,,,102210fe594ee9b33d82058545b1ed14f4c8206e,num_static_constructors,compiler_metrics,True,compiler_metrics num_static_constructors opt valgrind,,77,,,,1763109564,2023-09-27 14:48:02,124.0,42b4fa32b69deff886ea9bc4f4f7fb94391b751a,1307439,,,,,,,,,,,,,,,,,,,,,,,,,,,,,,,,,,,,,,,,,,,,,,,,,,TN,,,,,,,,,,
autoland,3646670,2,6311658df04f8b9dab1d842cf1ddc69e83bd8127,linux64-qr,,False,,,102210fe594ee9b33d82058545b1ed14f4c8206e,num_static_constructors,compiler_metrics,True,compiler_metrics num_static_constructors opt valgrind,,77,,,,1763202495,2023-09-27 16:15:58,124.0,0e967b12928aed75ec31526801559c0a920b0929,1307507,,,,,,,,,,,,,,,,,,,,,,,,,,,,,,,,,,,,,,,,,,,,,,,,,,TN,,,,,,,,,,
autoland,3646670,2,6311658df04f8b9dab1d842cf1ddc69e83bd8127,linux64-qr,,False,,,102210fe594ee9b33d82058545b1ed14f4c8206e,num_static_constructors,compiler_metrics,True,compiler_metrics num_static_constructors opt valgrind,,77,,,,1763247471,2023-09-27 17:53:51,124.0,7768cf51f090145a9009fb37298f3c1da7d60a2f,1307581,,,,,,,,,,,,,,,,,,,,,,,,,,,,,,,,,,,,,,,,,,,,,,,,,,TN,,,,,,,,,,
autoland,3646670,2,6311658df04f8b9dab1d842cf1ddc69e83bd8127,linux64-qr,,False,,,102210fe594ee9b33d82058545b1ed14f4c8206e,num_static_constructors,compiler_metrics,True,compiler_metrics num_static_constructors opt valgrind,,77,,,,1763290266,2023-09-27 19:03:30,124.0,6fc66d324cb8d3114020c6bfc3e66d7a8f3b5e45,1307642,,,,,,,,,,,,,,,,,,,,,,,,,,,,,,,,,,,,,,,,,,,,,,,,,,TN,,,,,,,,,,
autoland,3646670,2,6311658df04f8b9dab1d842cf1ddc69e83bd8127,linux64-qr,,False,,,102210fe594ee9b33d82058545b1ed14f4c8206e,num_static_constructors,compiler_metrics,True,compiler_metrics num_static_constructors opt valgrind,,77,,,,1763457750,2023-09-27 23:11:22,124.0,d60788c1a5064d4f45dd33001554cde650df86be,1307771,,,,,,,,,,,,,,,,,,,,,,,,,,,,,,,,,,,,,,,,,,,,,,,,,,TN,,,,,,,,,,
autoland,3646670,2,6311658df04f8b9dab1d842cf1ddc69e83bd8127,linux64-qr,,False,,,102210fe594ee9b33d82058545b1ed14f4c8206e,num_static_constructors,compiler_metrics,True,compiler_metrics num_static_constructors opt valgrind,,77,,,,1763615521,2023-09-28 04:14:46,124.0,d1fc71cc3817fe3529b10939ed53c1d395a346fa,1307836,,,,,,,,,,,,,,,,,,,,,,,,,,,,,,,,,,,,,,,,,,,,,,,,,,TN,,,,,,,,,,
autoland,3646670,2,6311658df04f8b9dab1d842cf1ddc69e83bd8127,linux64-qr,,False,,,102210fe594ee9b33d82058545b1ed14f4c8206e,num_static_constructors,compiler_metrics,True,compiler_metrics num_static_constructors opt valgrind,,77,,,,1763632592,2023-09-28 05:05:24,124.0,340ff5b040db29059fa1e5f7c6c4b6ed7fb44093,1307846,,,,,,,,,,,,,,,,,,,,,,,,,,,,,,,,,,,,,,,,,,,,,,,,,,TN,,,,,,,,,,
autoland,3646670,2,6311658df04f8b9dab1d842cf1ddc69e83bd8127,linux64-qr,,False,,,102210fe594ee9b33d82058545b1ed14f4c8206e,num_static_constructors,compiler_metrics,True,compiler_metrics num_static_constructors opt valgrind,,77,,,,1763735959,2023-09-28 08:00:04,124.0,d330b8e9f58e1065d1ca63ac5f284f7d1865e83c,1307885,,,,,,,,,,,,,,,,,,,,,,,,,,,,,,,,,,,,,,,,,,,,,,,,,,TN,,,,,,,,,,
autoland,3646670,2,6311658df04f8b9dab1d842cf1ddc69e83bd8127,linux64-qr,,False,,,102210fe594ee9b33d82058545b1ed14f4c8206e,num_static_constructors,compiler_metrics,True,compiler_metrics num_static_constructors opt valgrind,,77,,,,1763836138,2023-09-28 10:24:41,124.0,5ed78c90a6d60161e4d3428fa5eacf8b47241f9b,1307978,,,,,,,,,,,,,,,,,,,,,,,,,,,,,,,,,,,,,,,,,,,,,,,,,,TN,,,,,,,,,,
autoland,3646670,2,6311658df04f8b9dab1d842cf1ddc69e83bd8127,linux64-qr,,False,,,102210fe594ee9b33d82058545b1ed14f4c8206e,num_static_constructors,compiler_metrics,True,compiler_metrics num_static_constructors opt valgrind,,77,,,,1763866083,2023-09-28 11:44:43,124.0,a5fd40a8bf47afafdda240c7b8f1b1b911d2d937,1308037,,,,,,,,,,,,,,,,,,,,,,,,,,,,,,,,,,,,,,,,,,,,,,,,,,TN,,,,,,,,,,
autoland,3646670,2,6311658df04f8b9dab1d842cf1ddc69e83bd8127,linux64-qr,,False,,,102210fe594ee9b33d82058545b1ed14f4c8206e,num_static_constructors,compiler_metrics,True,compiler_metrics num_static_constructors opt valgrind,,77,,,,1763962660,2023-09-28 14:40:16,124.0,d17297618424c47052180c28bcfb4d6cc19af316,1308141,,,,,,,,,,,,,,,,,,,,,,,,,,,,,,,,,,,,,,,,,,,,,,,,,,TN,,,,,,,,,,
autoland,3646670,2,6311658df04f8b9dab1d842cf1ddc69e83bd8127,linux64-qr,,False,,,102210fe594ee9b33d82058545b1ed14f4c8206e,num_static_constructors,compiler_metrics,True,compiler_metrics num_static_constructors opt valgrind,,77,,,,1763990063,2023-09-28 15:45:35,124.0,0df79cc60ea0ef86258f3b33d533c75e91805d8b,1308186,,,,,,,,,,,,,,,,,,,,,,,,,,,,,,,,,,,,,,,,,,,,,,,,,,TN,,,,,,,,,,
autoland,3646670,2,6311658df04f8b9dab1d842cf1ddc69e83bd8127,linux64-qr,,False,,,102210fe594ee9b33d82058545b1ed14f4c8206e,num_static_constructors,compiler_metrics,True,compiler_metrics num_static_constructors opt valgrind,,77,,,,1764029211,2023-09-28 16:38:20,124.0,a216736126b15f69ebee5d940a5c3394f95759cb,1308227,,,,,,,,,,,,,,,,,,,,,,,,,,,,,,,,,,,,,,,,,,,,,,,,,,TN,,,,,,,,,,
autoland,3646670,2,6311658df04f8b9dab1d842cf1ddc69e83bd8127,linux64-qr,,False,,,102210fe594ee9b33d82058545b1ed14f4c8206e,num_static_constructors,compiler_metrics,True,compiler_metrics num_static_constructors opt valgrind,,77,,,,1764101977,2023-09-28 18:39:47,124.0,e6b13aff5dddcbd68875bf5734d7dc52870b47d9,1308336,,,,,,,,,,,,,,,,,,,,,,,,,,,,,,,,,,,,,,,,,,,,,,,,,,TN,,,,,,,,,,
autoland,3646670,2,6311658df04f8b9dab1d842cf1ddc69e83bd8127,linux64-qr,,False,,,102210fe594ee9b33d82058545b1ed14f4c8206e,num_static_constructors,compiler_metrics,True,compiler_metrics num_static_constructors opt valgrind,,77,,,,1764118423,2023-09-28 19:24:36,124.0,cd324cfaf45936b4670a6c0d15cbfe22d0e2f609,1308380,,,,,,,,,,,,,,,,,,,,,,,,,,,,,,,,,,,,,,,,,,,,,,,,,,TN,,,,,,,,,,
autoland,3646670,2,6311658df04f8b9dab1d842cf1ddc69e83bd8127,linux64-qr,,False,,,102210fe594ee9b33d82058545b1ed14f4c8206e,num_static_constructors,compiler_metrics,True,compiler_metrics num_static_constructors opt valgrind,,77,,,,1764209218,2023-09-28 21:28:59,124.0,dbb93ea14f589e1d789bc10eb1aa7194f8b39afb,1308445,,,,,,,,,,,,,,,,,,,,,,,,,,,,,,,,,,,,,,,,,,,,,,,,,,TN,,,,,,,,,,
autoland,3646670,2,6311658df04f8b9dab1d842cf1ddc69e83bd8127,linux64-qr,,False,,,102210fe594ee9b33d82058545b1ed14f4c8206e,num_static_constructors,compiler_metrics,True,compiler_metrics num_static_constructors opt valgrind,,77,,,,1764250569,2023-09-28 22:48:25,124.0,72bb9164219d9f54440ccfa7f55dc02f195190f9,1308491,,,,,,,,,,,,,,,,,,,,,,,,,,,,,,,,,,,,,,,,,,,,,,,,,,TN,,,,,,,,,,
autoland,3646670,2,6311658df04f8b9dab1d842cf1ddc69e83bd8127,linux64-qr,,False,,,102210fe594ee9b33d82058545b1ed14f4c8206e,num_static_constructors,compiler_metrics,True,compiler_metrics num_static_constructors opt valgrind,,77,,,,1764342111,2023-09-29 01:53:36,124.0,5e882222f60d6bc5201145b1aa77ad24b54ebaa9,1308538,,,,,,,,,,,,,,,,,,,,,,,,,,,,,,,,,,,,,,,,,,,,,,,,,,TN,,,,,,,,,,
autoland,3646670,2,6311658df04f8b9dab1d842cf1ddc69e83bd8127,linux64-qr,,False,,,102210fe594ee9b33d82058545b1ed14f4c8206e,num_static_constructors,compiler_metrics,True,compiler_metrics num_static_constructors opt valgrind,,77,,,,1764484234,2023-09-29 05:26:28,124.0,4fd1c7c2dcf2973c3285d981e74b08dee641a0fc,1308580,,,,,,,,,,,,,,,,,,,,,,,,,,,,,,,,,,,,,,,,,,,,,,,,,,TN,,,,,,,,,,
autoland,3646670,2,6311658df04f8b9dab1d842cf1ddc69e83bd8127,linux64-qr,,False,,,102210fe594ee9b33d82058545b1ed14f4c8206e,num_static_constructors,compiler_metrics,True,compiler_metrics num_static_constructors opt valgrind,,77,,,,1764560573,2023-09-29 09:03:41,124.0,6453cd78e4f187bc198e83900dd9937c3cc6d0fc,1308650,,,,,,,,,,,,,,,,,,,,,,,,,,,,,,,,,,,,,,,,,,,,,,,,,,TN,,,,,,,,,,
autoland,3646670,2,6311658df04f8b9dab1d842cf1ddc69e83bd8127,linux64-qr,,False,,,102210fe594ee9b33d82058545b1ed14f4c8206e,num_static_constructors,compiler_metrics,True,compiler_metrics num_static_constructors opt valgrind,,77,,,,1764694096,2023-09-29 13:06:51,124.0,dfea5c2f2737b0334921941ecd0f5f235432942e,1308761,,,,,,,,,,,,,,,,,,,,,,,,,,,,,,,,,,,,,,,,,,,,,,,,,,TN,,,,,,,,,,
autoland,3646670,2,6311658df04f8b9dab1d842cf1ddc69e83bd8127,linux64-qr,,False,,,102210fe594ee9b33d82058545b1ed14f4c8206e,num_static_constructors,compiler_metrics,True,compiler_metrics num_static_constructors opt valgrind,,77,,,,1764766249,2023-09-29 14:43:48,119.0,e2d3169fc579506294a164827b60ea38b9295bb1,1308803,,,,,,,,,,,,,,,,,,,,,,,,,,,,,,,,,,,,,,,,,,,,,,,,,,TN,,,,,,,,,,
autoland,3646670,2,6311658df04f8b9dab1d842cf1ddc69e83bd8127,linux64-qr,,False,,,102210fe594ee9b33d82058545b1ed14f4c8206e,num_static_constructors,compiler_metrics,True,compiler_metrics num_static_constructors opt valgrind,,77,,,,1764894921,2023-09-29 17:13:41,119.0,2544b23196f95d2acf8dc0e39440ba04fa209278,1308875,,,,,,,,,,,,,,,,,,,,,,,,,,,,,,,,,,,,,,,,,,,,,,,,,,TN,,,,,,,,,,
autoland,3646670,2,6311658df04f8b9dab1d842cf1ddc69e83bd8127,linux64-qr,,False,,,102210fe594ee9b33d82058545b1ed14f4c8206e,num_static_constructors,compiler_metrics,True,compiler_metrics num_static_constructors opt valgrind,,77,,,,1765042926,2023-09-29 22:10:32,119.0,eee85ca883b58f7e7ed94e3a2e4ed573475159d4,1309031,,,,,,,,,,,,,,,,,,,,,,,,,,,,,,,,,,,,,,,,,,,,,,,,,,TN,,,,,,,,,,
autoland,3646670,2,6311658df04f8b9dab1d842cf1ddc69e83bd8127,linux64-qr,,False,,,102210fe594ee9b33d82058545b1ed14f4c8206e,num_static_constructors,compiler_metrics,True,compiler_metrics num_static_constructors opt valgrind,,77,,,,1765179719,2023-09-30 06:24:14,119.0,c0cfc8c5836260ab8706d5b737a4f4f654da4610,1309077,,,,,,,,,,,,,,,,,,,,,,,,,,,,,,,,,,,,,,,,,,,,,,,,,,TN,,,,,,,,,,
autoland,3646670,2,6311658df04f8b9dab1d842cf1ddc69e83bd8127,linux64-qr,,False,,,102210fe594ee9b33d82058545b1ed14f4c8206e,num_static_constructors,compiler_metrics,True,compiler_metrics num_static_constructors opt valgrind,,77,,,,1765307885,2023-09-30 15:09:24,119.0,0d5209658cf41a9d6d9f6c74890ecf69602525c4,1309133,,,,,,,,,,,,,,,,,,,,,,,,,,,,,,,,,,,,,,,,,,,,,,,,,,TN,,,,,,,,,,
autoland,3646670,2,6311658df04f8b9dab1d842cf1ddc69e83bd8127,linux64-qr,,False,,,102210fe594ee9b33d82058545b1ed14f4c8206e,num_static_constructors,compiler_metrics,True,compiler_metrics num_static_constructors opt valgrind,,77,,,,1765320016,2023-09-30 15:56:32,119.0,8c9ba927121cd7f1cb5b31ffb86addc4c34b59a8,1309136,,,,,,,,,,,,,,,,,,,,,,,,,,,,,,,,,,,,,,,,,,,,,,,,,,TN,,,,,,,,,,
autoland,3646670,2,6311658df04f8b9dab1d842cf1ddc69e83bd8127,linux64-qr,,False,,,102210fe594ee9b33d82058545b1ed14f4c8206e,num_static_constructors,compiler_metrics,True,compiler_metrics num_static_constructors opt valgrind,,77,,,,1765361475,2023-09-30 20:01:07,119.0,bacf4fcba00b9d708012b5c8144292e5362ed452,1309152,,,,,,,,,,,,,,,,,,,,,,,,,,,,,,,,,,,,,,,,,,,,,,,,,,TN,,,,,,,,,,
autoland,3646670,2,6311658df04f8b9dab1d842cf1ddc69e83bd8127,linux64-qr,,False,,,102210fe594ee9b33d82058545b1ed14f4c8206e,num_static_constructors,compiler_metrics,True,compiler_metrics num_static_constructors opt valgrind,,77,,,,1765425633,2023-10-01 02:27:22,119.0,b781e655236dff9086d1be5c4b59b0263a9cee56,1309171,,,,,,,,,,,,,,,,,,,,,,,,,,,,,,,,,,,,,,,,,,,,,,,,,,TN,,,,,,,,,,
autoland,3646670,2,6311658df04f8b9dab1d842cf1ddc69e83bd8127,linux64-qr,,False,,,102210fe594ee9b33d82058545b1ed14f4c8206e,num_static_constructors,compiler_metrics,True,compiler_metrics num_static_constructors opt valgrind,,77,,,,1765442743,2023-10-01 04:14:07,119.0,f90a7a1b6c24799c3831482a37fcabf68e6ade8e,1309173,,,,,,,,,,,,,,,,,,,,,,,,,,,,,,,,,,,,,,,,,,,,,,,,,,TN,,,,,,,,,,
autoland,3646670,2,6311658df04f8b9dab1d842cf1ddc69e83bd8127,linux64-qr,,False,,,102210fe594ee9b33d82058545b1ed14f4c8206e,num_static_constructors,compiler_metrics,True,compiler_metrics num_static_constructors opt valgrind,,77,,,,1765525108,2023-10-01 15:08:35,119.0,1abb269d873e8bda2c0fa1b4f26f481c89584ca6,1309237,,,,,,,,,,,,,,,,,,,,,,,,,,,,,,,,,,,,,,,,,,,,,,,,,,TN,,,,,,,,,,
autoland,3646670,2,6311658df04f8b9dab1d842cf1ddc69e83bd8127,linux64-qr,,False,,,102210fe594ee9b33d82058545b1ed14f4c8206e,num_static_constructors,compiler_metrics,True,compiler_metrics num_static_constructors opt valgrind,,77,,,,1765570449,2023-10-01 19:57:41,119.0,72adc901a818435f7ba23e492963c7e1bf526be1,1309256,,,,,,,,,,,,,,,,,,,,,,,,,,,,,,,,,,,,,,,,,,,,,,,,,,TN,,,,,,,,,,
autoland,3646670,2,6311658df04f8b9dab1d842cf1ddc69e83bd8127,linux64-qr,,False,,,102210fe594ee9b33d82058545b1ed14f4c8206e,num_static_constructors,compiler_metrics,True,compiler_metrics num_static_constructors opt valgrind,,77,,,,1765573016,2023-10-01 20:03:17,119.0,1c52958ae6ea59e32694986c0d6332b8171aca86,1309258,,,,,,,,,,,,,,,,,,,,,,,,,,,,,,,,,,,,,,,,,,,,,,,,,,TN,,,,,,,,,,
autoland,3646670,2,6311658df04f8b9dab1d842cf1ddc69e83bd8127,linux64-qr,,False,,,102210fe594ee9b33d82058545b1ed14f4c8206e,num_static_constructors,compiler_metrics,True,compiler_metrics num_static_constructors opt valgrind,,77,,,,1765671810,2023-10-02 00:31:45,119.0,55fc90da3cff35171d66e3dcf280575bef8c17a6,1309288,,,,,,,,,,,,,,,,,,,,,,,,,,,,,,,,,,,,,,,,,,,,,,,,,,TN,,,,,,,,,,
autoland,3646670,2,6311658df04f8b9dab1d842cf1ddc69e83bd8127,linux64-qr,,False,,,102210fe594ee9b33d82058545b1ed14f4c8206e,num_static_constructors,compiler_metrics,True,compiler_metrics num_static_constructors opt valgrind,,77,,,,1765776890,2023-10-02 09:39:39,119.0,7af37893aed9a8a31f33176017eeae33cc859ec6,1309414,,,,,,,,,,,,,,,,,,,,,,,,,,,,,,,,,,,,,,,,,,,,,,,,,,TN,,,,,,,,,,
autoland,3646670,2,6311658df04f8b9dab1d842cf1ddc69e83bd8127,linux64-qr,,False,,,102210fe594ee9b33d82058545b1ed14f4c8206e,num_static_constructors,compiler_metrics,True,compiler_metrics num_static_constructors opt valgrind,,77,,,,1765809162,2023-10-02 11:08:53,119.0,318059aaa167779fcc844cbf085cb7ffacc47523,1309454,,,,,,,,,,,,,,,,,,,,,,,,,,,,,,,,,,,,,,,,,,,,,,,,,,TN,,,,,,,,,,
autoland,3646670,2,6311658df04f8b9dab1d842cf1ddc69e83bd8127,linux64-qr,,False,,,102210fe594ee9b33d82058545b1ed14f4c8206e,num_static_constructors,compiler_metrics,True,compiler_metrics num_static_constructors opt valgrind,,77,,,,1765936890,2023-10-02 14:57:18,119.0,679865f372554ab26454c9129ed0c81d3e54c62e,1309627,,,,,,,,,,,,,,,,,,,,,,,,,,,,,,,,,,,,,,,,,,,,,,,,,,TN,,,,,,,,,,
autoland,3646670,2,6311658df04f8b9dab1d842cf1ddc69e83bd8127,linux64-qr,,False,,,102210fe594ee9b33d82058545b1ed14f4c8206e,num_static_constructors,compiler_metrics,True,compiler_metrics num_static_constructors opt valgrind,,77,,,,1766072802,2023-10-02 18:43:04,119.0,2f916475570cc2795e33107c2ee9e62ee0cc3e5c,1309793,,,,,,,,,,,,,,,,,,,,,,,,,,,,,,,,,,,,,,,,,,,,,,,,,,TN,,,,,,,,,,
autoland,3646670,2,6311658df04f8b9dab1d842cf1ddc69e83bd8127,linux64-qr,,False,,,102210fe594ee9b33d82058545b1ed14f4c8206e,num_static_constructors,compiler_metrics,True,compiler_metrics num_static_constructors opt valgrind,,77,,,,1766127537,2023-10-02 20:46:43,119.0,0435b7e1340f2ced37216f0dd2fbf09a0a8f2cad,1309872,,,,,,,,,,,,,,,,,,,,,,,,,,,,,,,,,,,,,,,,,,,,,,,,,,TN,,,,,,,,,,
autoland,3646670,2,6311658df04f8b9dab1d842cf1ddc69e83bd8127,linux64-qr,,False,,,102210fe594ee9b33d82058545b1ed14f4c8206e,num_static_constructors,compiler_metrics,True,compiler_metrics num_static_constructors opt valgrind,,77,,,,1766217518,2023-10-02 23:20:35,119.0,95d8ee51f11176ead400e5b3c74b50bcbd25ca80,1309979,,,,,,,,,,,,,,,,,,,,,,,,,,,,,,,,,,,,,,,,,,,,,,,,,,TN,,,,,,,,,,
autoland,3646670,2,6311658df04f8b9dab1d842cf1ddc69e83bd8127,linux64-qr,,False,,,102210fe594ee9b33d82058545b1ed14f4c8206e,num_static_constructors,compiler_metrics,True,compiler_metrics num_static_constructors opt valgrind,,77,,,,1766371180,2023-10-03 05:01:50,119.0,53af11a26cb69e0616d9f481f988276e0a6da93e,1310080,,,,,,,,,,,,,,,,,,,,,,,,,,,,,,,,,,,,,,,,,,,,,,,,,,TN,,,,,,,,,,
autoland,3646670,2,6311658df04f8b9dab1d842cf1ddc69e83bd8127,linux64-qr,,False,,,102210fe594ee9b33d82058545b1ed14f4c8206e,num_static_constructors,compiler_metrics,True,compiler_metrics num_static_constructors opt valgrind,,77,,,,1766575978,2023-10-03 09:42:53,119.0,5502331146fe0d76f7ae66a40a7bdc15be1a6c6c,1310206,,,,,,,,,,,,,,,,,,,,,,,,,,,,,,,,,,,,,,,,,,,,,,,,,,TN,,,,,,,,,,
autoland,3646670,2,6311658df04f8b9dab1d842cf1ddc69e83bd8127,linux64-qr,,False,,,102210fe594ee9b33d82058545b1ed14f4c8206e,num_static_constructors,compiler_metrics,True,compiler_metrics num_static_constructors opt valgrind,,77,,,,1766633504,2023-10-03 11:04:59,119.0,f003c74ca9f9399bc6db342491d997d682efc357,1310236,,,,,,,,,,,,,,,,,,,,,,,,,,,,,,,,,,,,,,,,,,,,,,,,,,TN,,,,,,,,,,
autoland,3646670,2,6311658df04f8b9dab1d842cf1ddc69e83bd8127,linux64-qr,,False,,,102210fe594ee9b33d82058545b1ed14f4c8206e,num_static_constructors,compiler_metrics,True,compiler_metrics num_static_constructors opt valgrind,,77,,,,1766692733,2023-10-03 12:29:11,119.0,e17d7235b6833e36a524263990347804df15c7fb,1310274,,,,,,,,,,,,,,,,,,,,,,,,,,,,,,,,,,,,,,,,,,,,,,,,,,TN,,,,,,,,,,
autoland,3646670,2,6311658df04f8b9dab1d842cf1ddc69e83bd8127,linux64-qr,,False,,,102210fe594ee9b33d82058545b1ed14f4c8206e,num_static_constructors,compiler_metrics,True,compiler_metrics num_static_constructors opt valgrind,,77,,,,1766812649,2023-10-03 15:17:19,119.0,b3b1aa7e76bca656376581afa36895bcaf2c2bca,1310382,,,,,,,,,,,,,,,,,,,,,,,,,,,,,,,,,,,,,,,,,,,,,,,,,,TN,,,,,,,,,,
autoland,3646670,2,6311658df04f8b9dab1d842cf1ddc69e83bd8127,linux64-qr,,False,,,102210fe594ee9b33d82058545b1ed14f4c8206e,num_static_constructors,compiler_metrics,True,compiler_metrics num_static_constructors opt valgrind,,77,,,,1766820543,2023-10-03 15:17:19,119.0,b3b1aa7e76bca656376581afa36895bcaf2c2bca,1310382,,,,,,,,,,,,,,,,,,,,,,,,,,,,,,,,,,,,,,,,,,,,,,,,,,TN,,,,,,,,,,
autoland,3646670,2,6311658df04f8b9dab1d842cf1ddc69e83bd8127,linux64-qr,,False,,,102210fe594ee9b33d82058545b1ed14f4c8206e,num_static_constructors,compiler_metrics,True,compiler_metrics num_static_constructors opt valgrind,,77,,,,1766829512,2023-10-03 15:17:19,119.0,b3b1aa7e76bca656376581afa36895bcaf2c2bca,1310382,,,,,,,,,,,,,,,,,,,,,,,,,,,,,,,,,,,,,,,,,,,,,,,,,,TN,,,,,,,,,,
autoland,3646670,2,6311658df04f8b9dab1d842cf1ddc69e83bd8127,linux64-qr,,False,,,102210fe594ee9b33d82058545b1ed14f4c8206e,num_static_constructors,compiler_metrics,True,compiler_metrics num_static_constructors opt valgrind,,77,,,,1766855863,2023-10-03 15:17:19,119.0,b3b1aa7e76bca656376581afa36895bcaf2c2bca,1310382,,,,,,,,,,,,,,,,,,,,,,,,,,,,,,,,,,,,,,,,,,,,,,,,,,TN,,,,,,,,,,
autoland,3646670,2,6311658df04f8b9dab1d842cf1ddc69e83bd8127,linux64-qr,,False,,,102210fe594ee9b33d82058545b1ed14f4c8206e,num_static_constructors,compiler_metrics,True,compiler_metrics num_static_constructors opt valgrind,,77,,,,1766860601,2023-10-03 16:51:48,119.0,b93578d846b3af884d0a623f8ce43e0183c8307f,1310439,,,,,,,,,,,,,,,,,,,,,,,,,,,,,,,,,,,,,,,,,,,,,,,,,,TN,,,,,,,,,,
autoland,3646670,2,6311658df04f8b9dab1d842cf1ddc69e83bd8127,linux64-qr,,False,,,102210fe594ee9b33d82058545b1ed14f4c8206e,num_static_constructors,compiler_metrics,True,compiler_metrics num_static_constructors opt valgrind,,77,,,,1766954326,2023-10-03 19:01:13,119.0,682429034ae9abb88d78e57c4e3366c58a3367a4,1310534,,,,,,,,,,,,,,,,,,,,,,,,,,,,,,,,,,,,,,,,,,,,,,,,,,TN,,,,,,,,,,
autoland,3646670,2,6311658df04f8b9dab1d842cf1ddc69e83bd8127,linux64-qr,,False,,,102210fe594ee9b33d82058545b1ed14f4c8206e,num_static_constructors,compiler_metrics,True,compiler_metrics num_static_constructors opt valgrind,,77,,,,1767041564,2023-10-03 20:26:11,119.0,422c0919f37048afb02dc4d87dfc018baa718a5b,1310584,,,,,,,,,,,,,,,,,,,,,,,,,,,,,,,,,,,,,,,,,,,,,,,,,,TN,,,,,,,,,,
autoland,3646670,2,6311658df04f8b9dab1d842cf1ddc69e83bd8127,linux64-qr,,False,,,102210fe594ee9b33d82058545b1ed14f4c8206e,num_static_constructors,compiler_metrics,True,compiler_metrics num_static_constructors opt valgrind,,77,,,,1767079467,2023-10-03 22:54:51,119.0,c9c8d8e2def4a1ae939e7dc3e2c1585b72b736ca,1310620,,,,,,,,,,,,,,,,,,,,,,,,,,,,,,,,,,,,,,,,,,,,,,,,,,TN,,,,,,,,,,
autoland,3646670,2,6311658df04f8b9dab1d842cf1ddc69e83bd8127,linux64-qr,,False,,,102210fe594ee9b33d82058545b1ed14f4c8206e,num_static_constructors,compiler_metrics,True,compiler_metrics num_static_constructors opt valgrind,,77,,,,1767232994,2023-10-04 04:52:48,119.0,413c83e8ccdad48a5ea3e58243d8ec9bb8c317fd,1310758,,,,,,,,,,,,,,,,,,,,,,,,,,,,,,,,,,,,,,,,,,,,,,,,,,TN,,,,,,,,,,
autoland,3646670,2,6311658df04f8b9dab1d842cf1ddc69e83bd8127,linux64-qr,,False,,,102210fe594ee9b33d82058545b1ed14f4c8206e,num_static_constructors,compiler_metrics,True,compiler_metrics num_static_constructors opt valgrind,,77,,,,1767359316,2023-10-04 07:37:17,119.0,ee60a98b1285e84f8466d929dd7197b4cb9e3beb,1310806,,,,,,,,,,,,,,,,,,,,,,,,,,,,,,,,,,,,,,,,,,,,,,,,,,TN,,,,,,,,,,
autoland,3646670,2,6311658df04f8b9dab1d842cf1ddc69e83bd8127,linux64-qr,,False,,,102210fe594ee9b33d82058545b1ed14f4c8206e,num_static_constructors,compiler_metrics,True,compiler_metrics num_static_constructors opt valgrind,,77,,,,1767490631,2023-10-04 11:02:22,119.0,cd7366c6b55dcaff0f6bedd5fe2cc8ea2783be30,1310909,,,,,,,,,,,,,,,,,,,,,,,,,,,,,,,,,,,,,,,,,,,,,,,,,,TN,,,,,,,,,,
autoland,3646670,2,6311658df04f8b9dab1d842cf1ddc69e83bd8127,linux64-qr,,False,,,102210fe594ee9b33d82058545b1ed14f4c8206e,num_static_constructors,compiler_metrics,True,compiler_metrics num_static_constructors opt valgrind,,77,,,,1767516688,2023-10-04 11:43:59,119.0,c559095402a2380ba171d9c60662e36c8d5e948d,1310929,,,,,,,,,,,,,,,,,,,,,,,,,,,,,,,,,,,,,,,,,,,,,,,,,,TN,,,,,,,,,,
autoland,3646670,2,6311658df04f8b9dab1d842cf1ddc69e83bd8127,linux64-qr,,False,,,102210fe594ee9b33d82058545b1ed14f4c8206e,num_static_constructors,compiler_metrics,True,compiler_metrics num_static_constructors opt valgrind,,77,,,,1767598529,2023-10-04 13:35:26,119.0,764533656770292f05824c8125c45832ba08baa6,1311025,,,,,,,,,,,,,,,,,,,,,,,,,,,,,,,,,,,,,,,,,,,,,,,,,,TN,,,,,,,,,,
autoland,3646670,2,6311658df04f8b9dab1d842cf1ddc69e83bd8127,linux64-qr,,False,,,102210fe594ee9b33d82058545b1ed14f4c8206e,num_static_constructors,compiler_metrics,True,compiler_metrics num_static_constructors opt valgrind,,77,,,,1767661092,2023-10-04 15:22:56,119.0,7c627064647b6afab488b7811c66335dd278b7bc,1311096,,,,,,,,,,,,,,,,,,,,,,,,,,,,,,,,,,,,,,,,,,,,,,,,,,TN,,,,,,,,,,
autoland,3646670,2,6311658df04f8b9dab1d842cf1ddc69e83bd8127,linux64-qr,,False,,,102210fe594ee9b33d82058545b1ed14f4c8206e,num_static_constructors,compiler_metrics,True,compiler_metrics num_static_constructors opt valgrind,,77,,,,1767687906,2023-10-04 16:58:39,119.0,ce4c0f200f3bbd6681a6313aebf0d64f7ea8afe5,1311191,,,,,,,,,,,,,,,,,,,,,,,,,,,,,,,,,,,,,,,,,,,,,,,,,,TN,,,,,,,,,,
autoland,3646670,2,6311658df04f8b9dab1d842cf1ddc69e83bd8127,linux64-qr,,False,,,102210fe594ee9b33d82058545b1ed14f4c8206e,num_static_constructors,compiler_metrics,True,compiler_metrics num_static_constructors opt valgrind,,77,,,,1767828687,2023-10-04 20:54:48,119.0,e557eb7d97ce665fd81c680ed136877f12572c13,1311395,,,,,,,,,,,,,,,,,,,,,,,,,,,,,,,,,,,,,,,,,,,,,,,,,,TN,,,,,,,,,,
autoland,3646670,2,6311658df04f8b9dab1d842cf1ddc69e83bd8127,linux64-qr,,False,,,102210fe594ee9b33d82058545b1ed14f4c8206e,num_static_constructors,compiler_metrics,True,compiler_metrics num_static_constructors opt valgrind,,77,,,,1767858234,2023-10-04 20:54:48,119.0,e557eb7d97ce665fd81c680ed136877f12572c13,1311395,,,,,,,,,,,,,,,,,,,,,,,,,,,,,,,,,,,,,,,,,,,,,,,,,,TN,,,,,,,,,,
autoland,3646670,2,6311658df04f8b9dab1d842cf1ddc69e83bd8127,linux64-qr,,False,,,102210fe594ee9b33d82058545b1ed14f4c8206e,num_static_constructors,compiler_metrics,True,compiler_metrics num_static_constructors opt valgrind,,77,,,,1767861425,2023-10-04 20:54:48,119.0,e557eb7d97ce665fd81c680ed136877f12572c13,1311395,,,,,,,,,,,,,,,,,,,,,,,,,,,,,,,,,,,,,,,,,,,,,,,,,,TN,,,,,,,,,,
autoland,3646670,2,6311658df04f8b9dab1d842cf1ddc69e83bd8127,linux64-qr,,False,,,102210fe594ee9b33d82058545b1ed14f4c8206e,num_static_constructors,compiler_metrics,True,compiler_metrics num_static_constructors opt valgrind,,77,,,,1767863311,2023-10-04 21:36:08,119.0,d1dad83a0db5ef928894999742e0325d1dac544a,1311446,,,,,,,,,,,,,,,,,,,,,,,,,,,,,,,,,,,,,,,,,,,,,,,,,,TN,,,,,,,,,,
autoland,3646670,2,6311658df04f8b9dab1d842cf1ddc69e83bd8127,linux64-qr,,False,,,102210fe594ee9b33d82058545b1ed14f4c8206e,num_static_constructors,compiler_metrics,True,compiler_metrics num_static_constructors opt valgrind,,77,,,,1767936276,2023-10-05 00:01:56,119.0,59f4df7189285072039d3a68afd88090443edb71,1311536,,,,,,,,,,,,,,,,,,,,,,,,,,,,,,,,,,,,,,,,,,,,,,,,,,TN,,,,,,,,,,
autoland,3646670,2,6311658df04f8b9dab1d842cf1ddc69e83bd8127,linux64-qr,,False,,,102210fe594ee9b33d82058545b1ed14f4c8206e,num_static_constructors,compiler_metrics,True,compiler_metrics num_static_constructors opt valgrind,,77,,,,1768055194,2023-10-05 04:15:14,119.0,c406ccc1889d7f77e187d219bc9800009e26c02e,1311596,,,,,,,,,,,,,,,,,,,,,,,,,,,,,,,,,,,,,,,,,,,,,,,,,,TN,,,,,,,,,,
autoland,3646670,2,6311658df04f8b9dab1d842cf1ddc69e83bd8127,linux64-qr,,False,,,102210fe594ee9b33d82058545b1ed14f4c8206e,num_static_constructors,compiler_metrics,True,compiler_metrics num_static_constructors opt valgrind,,77,,,,1768060115,2023-10-05 04:39:08,119.0,0f0862666a1f43c426e4c67fe49d605a5924e118,1311604,,,,,,,,,,,,,,,,,,,,,,,,,,,,,,,,,,,,,,,,,,,,,,,,,,TN,,,,,,,,,,
autoland,3646670,2,6311658df04f8b9dab1d842cf1ddc69e83bd8127,linux64-qr,,False,,,102210fe594ee9b33d82058545b1ed14f4c8206e,num_static_constructors,compiler_metrics,True,compiler_metrics num_static_constructors opt valgrind,,77,,,,1768131692,2023-10-05 08:15:44,119.0,526604ee2cd434fcf94020c1c8b6b96d253a6e83,1311663,,,,,,,,,,,,,,,,,,,,,,,,,,,,,,,,,,,,,,,,,,,,,,,,,,TN,,,,,,,,,,
autoland,3646670,2,6311658df04f8b9dab1d842cf1ddc69e83bd8127,linux64-qr,,False,,,102210fe594ee9b33d82058545b1ed14f4c8206e,num_static_constructors,compiler_metrics,True,compiler_metrics num_static_constructors opt valgrind,,77,,,,1768144536,2023-10-05 08:43:24,119.0,352fa7471fb72db127fc25a7723d201abec7bd50,1311677,,,,,,,,,,,,,,,,,,,,,,,,,,,,,,,,,,,,,,,,,,,,,,,,,,TN,,,,,,,,,,
autoland,3646670,2,6311658df04f8b9dab1d842cf1ddc69e83bd8127,linux64-qr,,False,,,102210fe594ee9b33d82058545b1ed14f4c8206e,num_static_constructors,compiler_metrics,True,compiler_metrics num_static_constructors opt valgrind,,77,,,,1768265883,2023-10-05 12:01:33,119.0,8f256121b05df40aeb9dacfa27838c435b4e2808,1311779,,,,,,,,,,,,,,,,,,,,,,,,,,,,,,,,,,,,,,,,,,,,,,,,,,TN,,,,,,,,,,
autoland,3646670,2,6311658df04f8b9dab1d842cf1ddc69e83bd8127,linux64-qr,,False,,,102210fe594ee9b33d82058545b1ed14f4c8206e,num_static_constructors,compiler_metrics,True,compiler_metrics num_static_constructors opt valgrind,,77,,,,1768278368,2023-10-05 13:03:19,119.0,071a248f1589b12a9d492997caf012ac6a813d61,1311840,,,,,,,,,,,,,,,,,,,,,,,,,,,,,,,,,,,,,,,,,,,,,,,,,,TN,,,,,,,,,,
autoland,3646670,2,6311658df04f8b9dab1d842cf1ddc69e83bd8127,linux64-qr,,False,,,102210fe594ee9b33d82058545b1ed14f4c8206e,num_static_constructors,compiler_metrics,True,compiler_metrics num_static_constructors opt valgrind,,77,,,,1768315217,2023-10-05 14:07:33,119.0,38a59b940c35dfab50ff2deda3fe6f27bfa99213,1311899,,,,,,,,,,,,,,,,,,,,,,,,,,,,,,,,,,,,,,,,,,,,,,,,,,TN,,,,,,,,,,
autoland,3646670,2,6311658df04f8b9dab1d842cf1ddc69e83bd8127,linux64-qr,,False,,,102210fe594ee9b33d82058545b1ed14f4c8206e,num_static_constructors,compiler_metrics,True,compiler_metrics num_static_constructors opt valgrind,,77,,,,1768373901,2023-10-05 15:06:41,119.0,775a3be92f2527d4104ad3af639da8b7c253c7da,1311959,,,,,,,,,,,,,,,,,,,,,,,,,,,,,,,,,,,,,,,,,,,,,,,,,,TN,,,,,,,,,,
autoland,3646670,2,6311658df04f8b9dab1d842cf1ddc69e83bd8127,linux64-qr,,False,,,102210fe594ee9b33d82058545b1ed14f4c8206e,num_static_constructors,compiler_metrics,True,compiler_metrics num_static_constructors opt valgrind,,77,,,,1768544141,2023-10-05 17:18:24,119.0,def7651a06fb17bb344eaf48cc6daa6047be722e,1312069,,,,,,,,,,,,,,,,,,,,,,,,,,,,,,,,,,,,,,,,,,,,,,,,,,TN,,,,,,,,,,
autoland,3646670,2,6311658df04f8b9dab1d842cf1ddc69e83bd8127,linux64-qr,,False,,,102210fe594ee9b33d82058545b1ed14f4c8206e,num_static_constructors,compiler_metrics,True,compiler_metrics num_static_constructors opt valgrind,,77,,,,1768598572,2023-10-05 17:57:18,119.0,44d8f37e2755325add0d20c68dcaedebbfb2227a,1312095,,,,,,,,,,,,,,,,,,,,,,,,,,,,,,,,,,,,,,,,,,,,,,,,,,TN,,,,,,,,,,
autoland,3646670,2,6311658df04f8b9dab1d842cf1ddc69e83bd8127,linux64-qr,,False,,,102210fe594ee9b33d82058545b1ed14f4c8206e,num_static_constructors,compiler_metrics,True,compiler_metrics num_static_constructors opt valgrind,,77,,,,1768719483,2023-10-05 19:49:01,119.0,5cb270a4e6b6f0aa6cd6865b7f8daf75ad10263c,1312160,,,,,,,,,,,,,,,,,,,,,,,,,,,,,,,,,,,,,,,,,,,,,,,,,,TN,,,,,,,,,,
autoland,3646670,2,6311658df04f8b9dab1d842cf1ddc69e83bd8127,linux64-qr,,False,,,102210fe594ee9b33d82058545b1ed14f4c8206e,num_static_constructors,compiler_metrics,True,compiler_metrics num_static_constructors opt valgrind,,77,,,,1768772333,2023-10-05 19:50:51,119.0,b3cfd41c58abae895ac658247166ef8c6a555da5,1312164,,,,,,,,,,,,,,,,,,,,,,,,,,,,,,,,,,,,,,,,,,,,,,,,,,TN,,,,,,,,,,
autoland,3646670,2,6311658df04f8b9dab1d842cf1ddc69e83bd8127,linux64-qr,,False,,,102210fe594ee9b33d82058545b1ed14f4c8206e,num_static_constructors,compiler_metrics,True,compiler_metrics num_static_constructors opt valgrind,,77,,,,1768774991,2023-10-05 19:52:35,119.0,f5b27964c6131977bd3bad9a98bdb43fea55cb99,1312167,,,,,,,,,,,,,,,,,,,,,,,,,,,,,,,,,,,,,,,,,,,,,,,,,,TN,,,,,,,,,,
autoland,3646670,2,6311658df04f8b9dab1d842cf1ddc69e83bd8127,linux64-qr,,False,,,102210fe594ee9b33d82058545b1ed14f4c8206e,num_static_constructors,compiler_metrics,True,compiler_metrics num_static_constructors opt valgrind,,77,,,,1768769863,2023-10-05 19:53:30,119.0,23ab8b17aabe03a0040b246616885758ab1d0c82,1312168,,,,,,,,,,,,,,,,,,,,,,,,,,,,,,,,,,,,,,,,,,,,,,,,,,TN,,,,,,,,,,
autoland,3646670,2,6311658df04f8b9dab1d842cf1ddc69e83bd8127,linux64-qr,,False,,,102210fe594ee9b33d82058545b1ed14f4c8206e,num_static_constructors,compiler_metrics,True,compiler_metrics num_static_constructors opt valgrind,,77,,,,1768772795,2023-10-05 19:54:20,119.0,7a84bc5801e62c2e84afcbfa337f0daed4fe8de6,1312169,,,,,,,,,,,,,,,,,,,,,,,,,,,,,,,,,,,,,,,,,,,,,,,,,,TN,,,,,,,,,,
autoland,3646670,2,6311658df04f8b9dab1d842cf1ddc69e83bd8127,linux64-qr,,False,,,102210fe594ee9b33d82058545b1ed14f4c8206e,num_static_constructors,compiler_metrics,True,compiler_metrics num_static_constructors opt valgrind,,77,,,,1768772102,2023-10-05 19:55:11,119.0,c20cf1872d84c7c7f99c8078d42aafb1c4f5b3b3,1312171,,,,,,,,,,,,,,,,,,,,,,,,,,,,,,,,,,,,,,,,,,,,,,,,,,TN,,,,,,,,,,
autoland,3646670,2,6311658df04f8b9dab1d842cf1ddc69e83bd8127,linux64-qr,,False,,,102210fe594ee9b33d82058545b1ed14f4c8206e,num_static_constructors,compiler_metrics,True,compiler_metrics num_static_constructors opt valgrind,,77,,,,1768776578,2023-10-05 19:56:00,119.0,bc5aae525f206adc48e39f7916ff14e477b63895,1312172,,,,,,,,,,,,,,,,,,,,,,,,,,,,,,,,,,,,,,,,,,,,,,,,,,TN,,,,,,,,,,
autoland,3646670,2,6311658df04f8b9dab1d842cf1ddc69e83bd8127,linux64-qr,,False,,,102210fe594ee9b33d82058545b1ed14f4c8206e,num_static_constructors,compiler_metrics,True,compiler_metrics num_static_constructors opt valgrind,,77,,,,1768772138,2023-10-05 20:01:37,119.0,7536721840c37e66d3364f2c06b4191ec806817f,1312183,,,,,,,,,,,,,,,,,,,,,,,,,,,,,,,,,,,,,,,,,,,,,,,,,,TN,,,,,,,,,,
autoland,3646670,2,6311658df04f8b9dab1d842cf1ddc69e83bd8127,linux64-qr,,False,,,102210fe594ee9b33d82058545b1ed14f4c8206e,num_static_constructors,compiler_metrics,True,compiler_metrics num_static_constructors opt valgrind,,77,,,,1768771763,2023-10-05 20:05:24,119.0,62f7af8fe54991b05e5d08115640fcd1fe4569c9,1312187,,,,,,,,,,,,,,,,,,,,,,,,,,,,,,,,,,,,,,,,,,,,,,,,,,TN,,,,,,,,,,
autoland,3646670,2,6311658df04f8b9dab1d842cf1ddc69e83bd8127,linux64-qr,,False,,,102210fe594ee9b33d82058545b1ed14f4c8206e,num_static_constructors,compiler_metrics,True,compiler_metrics num_static_constructors opt valgrind,,77,,,,1768733209,2023-10-05 20:13:47,119.0,76de55bb9da659ee8b2e5ccb566c4874d074ec67,1312194,,,,,,,,,,,,,,,,,,,,,,,,,,,,,,,,,,,,,,,,,,,,,,,,,,TN,,,,,,,,,,
autoland,3646670,2,6311658df04f8b9dab1d842cf1ddc69e83bd8127,linux64-qr,,False,,,102210fe594ee9b33d82058545b1ed14f4c8206e,num_static_constructors,compiler_metrics,True,compiler_metrics num_static_constructors opt valgrind,,77,,,,1768769277,2023-10-05 20:13:47,119.0,76de55bb9da659ee8b2e5ccb566c4874d074ec67,1312194,,,,,,,,,,,,,,,,,,,,,,,,,,,,,,,,,,,,,,,,,,,,,,,,,,TN,,,,,,,,,,
autoland,3646670,2,6311658df04f8b9dab1d842cf1ddc69e83bd8127,linux64-qr,,False,,,102210fe594ee9b33d82058545b1ed14f4c8206e,num_static_constructors,compiler_metrics,True,compiler_metrics num_static_constructors opt valgrind,,77,,,,1768768949,2023-10-05 20:13:47,119.0,76de55bb9da659ee8b2e5ccb566c4874d074ec67,1312194,,,,,,,,,,,,,,,,,,,,,,,,,,,,,,,,,,,,,,,,,,,,,,,,,,TN,,,,,,,,,,
autoland,3646670,2,6311658df04f8b9dab1d842cf1ddc69e83bd8127,linux64-qr,,False,,,102210fe594ee9b33d82058545b1ed14f4c8206e,num_static_constructors,compiler_metrics,True,compiler_metrics num_static_constructors opt valgrind,,77,,,,1768769832,2023-10-05 20:13:47,119.0,76de55bb9da659ee8b2e5ccb566c4874d074ec67,1312194,,,,,,,,,,,,,,,,,,,,,,,,,,,,,,,,,,,,,,,,,,,,,,,,,,TN,,,,,,,,,,
autoland,3646670,2,6311658df04f8b9dab1d842cf1ddc69e83bd8127,linux64-qr,,False,,,102210fe594ee9b33d82058545b1ed14f4c8206e,num_static_constructors,compiler_metrics,True,compiler_metrics num_static_constructors opt valgrind,,77,,,,1768778379,2023-10-05 20:13:47,119.0,76de55bb9da659ee8b2e5ccb566c4874d074ec67,1312194,,,,,,,,,,,,,,,,,,,,,,,,,,,,,,,,,,,,,,,,,,,,,,,,,,TN,,,,,,,,,,
autoland,3646670,2,6311658df04f8b9dab1d842cf1ddc69e83bd8127,linux64-qr,,False,,,102210fe594ee9b33d82058545b1ed14f4c8206e,num_static_constructors,compiler_metrics,True,compiler_metrics num_static_constructors opt valgrind,,77,,,,1768854614,2023-10-05 23:40:54,119.0,54e0ec2f1ca453575bbc7895bba5138e054f634b,1312286,,,,,,,,,,,,,,,,,,,,,,,,,,,,,,,,,,,,,,,,,,,,,,,,,,TN,,,,,,,,,,
autoland,3646670,2,6311658df04f8b9dab1d842cf1ddc69e83bd8127,linux64-qr,,False,,,102210fe594ee9b33d82058545b1ed14f4c8206e,num_static_constructors,compiler_metrics,True,compiler_metrics num_static_constructors opt valgrind,,77,,,,1768893395,2023-10-06 01:08:36,119.0,461a9c98a535b9896e9d394bdfee72ce90cf7afd,1312319,,,,,,,,,,,,,,,,,,,,,,,,,,,,,,,,,,,,,,,,,,,,,,,,,,TN,,,,,,,,,,
autoland,3646670,2,6311658df04f8b9dab1d842cf1ddc69e83bd8127,linux64-qr,,False,,,102210fe594ee9b33d82058545b1ed14f4c8206e,num_static_constructors,compiler_metrics,True,compiler_metrics num_static_constructors opt valgrind,,77,,,,1768900416,2023-10-06 01:24:52,119.0,e1ac311727d6fd6a8e3245574bacf27272375c51,1312333,,,,,,,,,,,,,,,,,,,,,,,,,,,,,,,,,,,,,,,,,,,,,,,,,,TN,,,,,,,,,,
autoland,3646670,2,6311658df04f8b9dab1d842cf1ddc69e83bd8127,linux64-qr,,False,,,102210fe594ee9b33d82058545b1ed14f4c8206e,num_static_constructors,compiler_metrics,True,compiler_metrics num_static_constructors opt valgrind,,77,,,,1768946428,2023-10-06 04:02:35,119.0,055e1badb79853e71fe9123f8e0c60a4381a1239,1312369,,,,,,,,,,,,,,,,,,,,,,,,,,,,,,,,,,,,,,,,,,,,,,,,,,TN,,,,,,,,,,
autoland,3646670,2,6311658df04f8b9dab1d842cf1ddc69e83bd8127,linux64-qr,,False,,,102210fe594ee9b33d82058545b1ed14f4c8206e,num_static_constructors,compiler_metrics,True,compiler_metrics num_static_constructors opt valgrind,,77,,,,1769037324,2023-10-06 08:43:18,119.0,00b027478170756439b780282f9cfdf15edea985,1312452,,,,,,,,,,,,,,,,,,,,,,,,,,,,,,,,,,,,,,,,,,,,,,,,,,TN,,,,,,,,,,
autoland,3646670,2,6311658df04f8b9dab1d842cf1ddc69e83bd8127,linux64-qr,,False,,,102210fe594ee9b33d82058545b1ed14f4c8206e,num_static_constructors,compiler_metrics,True,compiler_metrics num_static_constructors opt valgrind,,77,,,,1769142822,2023-10-06 12:06:22,119.0,9b362770f30bc360df921ba24ace5de8c387e631,1312537,,,,,,,,,,,,,,,,,,,,,,,,,,,,,,,,,,,,,,,,,,,,,,,,,,TN,,,,,,,,,,
autoland,3646670,2,6311658df04f8b9dab1d842cf1ddc69e83bd8127,linux64-qr,,False,,,102210fe594ee9b33d82058545b1ed14f4c8206e,num_static_constructors,compiler_metrics,True,compiler_metrics num_static_constructors opt valgrind,,77,,,,1769225262,2023-10-06 13:20:41,118.0,35622e43aeba2042c84382c6e9e8d632f45d255a,1312591,,,,,,,,,,,,,,,,,,,,,,,,,,,,,,,,,,,,,,,,,,,,,,,,,,TN,,,,,,,,,,
autoland,3646670,2,6311658df04f8b9dab1d842cf1ddc69e83bd8127,linux64-qr,,False,,,102210fe594ee9b33d82058545b1ed14f4c8206e,num_static_constructors,compiler_metrics,True,compiler_metrics num_static_constructors opt valgrind,,77,,,,1769323037,2023-10-06 17:09:31,118.0,8a2ba5840fd6df3627d9037574620099bb4c39da,1312740,,,,,,,,,,,,,,,,,,,,,,,,,,,,,,,,,,,,,,,,,,,,,,,,,,TN,,,,,,,,,,
autoland,3646670,2,6311658df04f8b9dab1d842cf1ddc69e83bd8127,linux64-qr,,False,,,102210fe594ee9b33d82058545b1ed14f4c8206e,num_static_constructors,compiler_metrics,True,compiler_metrics num_static_constructors opt valgrind,,77,,,,1769373785,2023-10-06 19:00:40,118.0,c561ffa6099b97fd965811d77fd98de66c44d32b,1312844,,,,,,,,,,,,,,,,,,,,,,,,,,,,,,,,,,,,,,,,,,,,,,,,,,TN,,,,,,,,,,
autoland,3646670,2,6311658df04f8b9dab1d842cf1ddc69e83bd8127,linux64-qr,,False,,,102210fe594ee9b33d82058545b1ed14f4c8206e,num_static_constructors,compiler_metrics,True,compiler_metrics num_static_constructors opt valgrind,,77,,,,1769523911,2023-10-06 23:09:23,118.0,1d25ed23e85a3a9d0d9117997337757d0ff718a2,1312997,,,,,,,,,,,,,,,,,,,,,,,,,,,,,,,,,,,,,,,,,,,,,,,,,,TN,,,,,,,,,,
autoland,3646670,2,6311658df04f8b9dab1d842cf1ddc69e83bd8127,linux64-qr,,False,,,102210fe594ee9b33d82058545b1ed14f4c8206e,num_static_constructors,compiler_metrics,True,compiler_metrics num_static_constructors opt valgrind,,77,,,,1769524154,2023-10-06 23:13:51,118.0,da2728cfb0d447e462bcdacc333dc8199eef64c7,1313003,,,,,,,,,,,,,,,,,,,,,,,,,,,,,,,,,,,,,,,,,,,,,,,,,,TN,,,,,,,,,,
autoland,3646670,2,6311658df04f8b9dab1d842cf1ddc69e83bd8127,linux64-qr,,False,,,102210fe594ee9b33d82058545b1ed14f4c8206e,num_static_constructors,compiler_metrics,True,compiler_metrics num_static_constructors opt valgrind,,77,,,,1769587189,2023-10-07 03:35:30,118.0,4db29be9ee2947a3d67a996fefc3ff1cb94a6fcc,1313062,,,,,,,,,,,,,,,,,,,,,,,,,,,,,,,,,,,,,,,,,,,,,,,,,,TN,,,,,,,,,,
autoland,3646670,2,6311658df04f8b9dab1d842cf1ddc69e83bd8127,linux64-qr,,False,,,102210fe594ee9b33d82058545b1ed14f4c8206e,num_static_constructors,compiler_metrics,True,compiler_metrics num_static_constructors opt valgrind,,77,,,,1769617101,2023-10-07 06:02:53,118.0,c4c56469518a5ccc9349ed7d29a0d56eba776df6,1313071,,,,,,,,,,,,,,,,,,,,,,,,,,,,,,,,,,,,,,,,,,,,,,,,,,TN,,,,,,,,,,
autoland,3646670,2,6311658df04f8b9dab1d842cf1ddc69e83bd8127,linux64-qr,,False,,,102210fe594ee9b33d82058545b1ed14f4c8206e,num_static_constructors,compiler_metrics,True,compiler_metrics num_static_constructors opt valgrind,,77,,,,1769738562,2023-10-07 13:52:35,118.0,ef73c2e8cd831f2a46ff5704623db63232fd912d,1313122,,,,,,,,,,,,,,,,,,,,,,,,,,,,,,,,,,,,,,,,,,,,,,,,,,TN,,,,,,,,,,
autoland,3646670,2,6311658df04f8b9dab1d842cf1ddc69e83bd8127,linux64-qr,,False,,,102210fe594ee9b33d82058545b1ed14f4c8206e,num_static_constructors,compiler_metrics,True,compiler_metrics num_static_constructors opt valgrind,,77,,,,1769801684,2023-10-07 18:43:49,118.0,8db232d0f8c742a85eb803c996ef87edac9d5c81,1313149,,,,,,,,,,,,,,,,,,,,,,,,,,,,,,,,,,,,,,,,,,,,,,,,,,TN,,,,,,,,,,
autoland,3646670,2,6311658df04f8b9dab1d842cf1ddc69e83bd8127,linux64-qr,,False,,,102210fe594ee9b33d82058545b1ed14f4c8206e,num_static_constructors,compiler_metrics,True,compiler_metrics num_static_constructors opt valgrind,,77,,,,1769860954,2023-10-07 23:15:17,118.0,fba49989dde6aa32244c622fd43abe19a32128ae,1313184,,,,,,,,,,,,,,,,,,,,,,,,,,,,,,,,,,,,,,,,,,,,,,,,,,TN,,,,,,,,,,
autoland,3646670,2,6311658df04f8b9dab1d842cf1ddc69e83bd8127,linux64-qr,,False,,,102210fe594ee9b33d82058545b1ed14f4c8206e,num_static_constructors,compiler_metrics,True,compiler_metrics num_static_constructors opt valgrind,,77,,,,1769938742,2023-10-08 08:55:12,118.0,68e866f36130edd1c8de093ac6d8a0fb78006527,1313211,,,,,,,,,,,,,,,,,,,,,,,,,,,,,,,,,,,,,,,,,,,,,,,,,,TN,,,,,,,,,,
autoland,3646670,2,6311658df04f8b9dab1d842cf1ddc69e83bd8127,linux64-qr,,False,,,102210fe594ee9b33d82058545b1ed14f4c8206e,num_static_constructors,compiler_metrics,True,compiler_metrics num_static_constructors opt valgrind,,77,,,,1770193424,2023-10-08 23:28:16,118.0,38314c6dc43eed509bfa7c922dbbc4147ac2ce34,1313289,,,,,,,,,,,,,,,,,,,,,,,,,,,,,,,,,,,,,,,,,,,,,,,,,,TN,,,,,,,,,,
autoland,3646670,2,6311658df04f8b9dab1d842cf1ddc69e83bd8127,linux64-qr,,False,,,102210fe594ee9b33d82058545b1ed14f4c8206e,num_static_constructors,compiler_metrics,True,compiler_metrics num_static_constructors opt valgrind,,77,,,,1770236892,2023-10-09 04:48:12,118.0,d5fd5e481ff21f14c9771aa58f8fb378a8430cdf,1313332,,,,,,,,,,,,,,,,,,,,,,,,,,,,,,,,,,,,,,,,,,,,,,,,,,TN,,,,,,,,,,
autoland,3646670,2,6311658df04f8b9dab1d842cf1ddc69e83bd8127,linux64-qr,,False,,,102210fe594ee9b33d82058545b1ed14f4c8206e,num_static_constructors,compiler_metrics,True,compiler_metrics num_static_constructors opt valgrind,,77,,,,1770305437,2023-10-09 08:48:33,118.0,77c18c08c9ff87c6ff0e5b546ac609296d5e04db,1313413,,,,,,,,,,,,,,,,,,,,,,,,,,,,,,,,,,,,,,,,,,,,,,,,,,TN,,,,,,,,,,
autoland,3646670,2,6311658df04f8b9dab1d842cf1ddc69e83bd8127,linux64-qr,,False,,,102210fe594ee9b33d82058545b1ed14f4c8206e,num_static_constructors,compiler_metrics,True,compiler_metrics num_static_constructors opt valgrind,,77,,,,1770432891,2023-10-09 11:45:29,118.0,70c980c054e9a0693d3bee343b1235d47894163d,1313495,,,,,,,,,,,,,,,,,,,,,,,,,,,,,,,,,,,,,,,,,,,,,,,,,,TN,,,,,,,,,,
autoland,3646670,2,6311658df04f8b9dab1d842cf1ddc69e83bd8127,linux64-qr,,False,,,102210fe594ee9b33d82058545b1ed14f4c8206e,num_static_constructors,compiler_metrics,True,compiler_metrics num_static_constructors opt valgrind,,77,,,,1770454239,2023-10-09 13:09:55,118.0,c406e2e8f277904cae0b900349bbb955fc5b93d5,1313556,,,,,,,,,,,,,,,,,,,,,,,,,,,,,,,,,,,,,,,,,,,,,,,,,,TN,,,,,,,,,,
autoland,3646670,2,6311658df04f8b9dab1d842cf1ddc69e83bd8127,linux64-qr,,False,,,102210fe594ee9b33d82058545b1ed14f4c8206e,num_static_constructors,compiler_metrics,True,compiler_metrics num_static_constructors opt valgrind,,77,,,,1770547663,2023-10-09 16:17:23,118.0,86e82f01df51429edbb4cfa27823d4d71e7844ab,1313678,,,,,,,,,,,,,,,,,,,,,,,,,,,,,,,,,,,,,,,,,,,,,,,,,,TN,,,,,,,,,,
autoland,3646670,2,6311658df04f8b9dab1d842cf1ddc69e83bd8127,linux64-qr,,False,,,102210fe594ee9b33d82058545b1ed14f4c8206e,num_static_constructors,compiler_metrics,True,compiler_metrics num_static_constructors opt valgrind,,77,,,,1770560746,2023-10-09 16:47:54,118.0,9591bcc532c4599dba688d3555c6a0135139c39a,1313694,,,,,,,,,,,,,,,,,,,,,,,,,,,,,,,,,,,,,,,,,,,,,,,,,,TN,,,,,,,,,,
autoland,3646670,2,6311658df04f8b9dab1d842cf1ddc69e83bd8127,linux64-qr,,False,,,102210fe594ee9b33d82058545b1ed14f4c8206e,num_static_constructors,compiler_metrics,True,compiler_metrics num_static_constructors opt valgrind,,77,,,,1770684575,2023-10-09 21:45:38,118.0,3d1ac3fb7670dd794589cae42735270de4266f4c,1313856,,,,,,,,,,,,,,,,,,,,,,,,,,,,,,,,,,,,,,,,,,,,,,,,,,TN,,,,,,,,,,
autoland,3646670,2,6311658df04f8b9dab1d842cf1ddc69e83bd8127,linux64-qr,,False,,,102210fe594ee9b33d82058545b1ed14f4c8206e,num_static_constructors,compiler_metrics,True,compiler_metrics num_static_constructors opt valgrind,,77,,,,1770780347,2023-10-10 02:31:01,118.0,935a0ba75b642adf295d7792f8ad8129f87e4c03,1313960,,,,,,,,,,,,,,,,,,,,,,,,,,,,,,,,,,,,,,,,,,,,,,,,,,TN,,,,,,,,,,
autoland,3646670,2,6311658df04f8b9dab1d842cf1ddc69e83bd8127,linux64-qr,,False,,,102210fe594ee9b33d82058545b1ed14f4c8206e,num_static_constructors,compiler_metrics,True,compiler_metrics num_static_constructors opt valgrind,,77,,,,1770779235,2023-10-10 02:32:00,118.0,49f7ec02a11fa5e83aa8d8ab20592520590a5b0b,1313961,,,,,,,,,,,,,,,,,,,,,,,,,,,,,,,,,,,,,,,,,,,,,,,,,,TN,,,,,,,,,,
autoland,3646670,2,6311658df04f8b9dab1d842cf1ddc69e83bd8127,linux64-qr,,False,,,102210fe594ee9b33d82058545b1ed14f4c8206e,num_static_constructors,compiler_metrics,True,compiler_metrics num_static_constructors opt valgrind,,77,,,,1770826518,2023-10-10 06:35:36,118.0,de9287a68ed836a8fd2eb2ba90de0770a18c877a,1314004,,,,,,,,,,,,,,,,,,,,,,,,,,,,,,,,,,,,,,,,,,,,,,,,,,TN,,,,,,,,,,
autoland,3646670,2,6311658df04f8b9dab1d842cf1ddc69e83bd8127,linux64-qr,,False,,,102210fe594ee9b33d82058545b1ed14f4c8206e,num_static_constructors,compiler_metrics,True,compiler_metrics num_static_constructors opt valgrind,,77,,,,1770862467,2023-10-10 08:23:57,118.0,bec78f6e89cdb3b51ac879af75533217f38970cf,1314048,,,,,,,,,,,,,,,,,,,,,,,,,,,,,,,,,,,,,,,,,,,,,,,,,,TN,,,,,,,,,,
autoland,3646670,2,6311658df04f8b9dab1d842cf1ddc69e83bd8127,linux64-qr,,False,,,102210fe594ee9b33d82058545b1ed14f4c8206e,num_static_constructors,compiler_metrics,True,compiler_metrics num_static_constructors opt valgrind,,77,,,,1770909606,2023-10-10 10:01:06,118.0,17a4edd6aba3012e6a255bb94b92ed845250eece,1314101,,,,,,,,,,,,,,,,,,,,,,,,,,,,,,,,,,,,,,,,,,,,,,,,,,TN,,,,,,,,,,
autoland,3646670,2,6311658df04f8b9dab1d842cf1ddc69e83bd8127,linux64-qr,,False,,,102210fe594ee9b33d82058545b1ed14f4c8206e,num_static_constructors,compiler_metrics,True,compiler_metrics num_static_constructors opt valgrind,,77,,,,1771019960,2023-10-10 12:59:15,118.0,7a4c861a2d10a6757c8844de9bd8f71c94cb6150,1314216,,,,,,,,,,,,,,,,,,,,,,,,,,,,,,,,,,,,,,,,,,,,,,,,,,TN,,,,,,,,,,
autoland,3646670,2,6311658df04f8b9dab1d842cf1ddc69e83bd8127,linux64-qr,,False,,,102210fe594ee9b33d82058545b1ed14f4c8206e,num_static_constructors,compiler_metrics,True,compiler_metrics num_static_constructors opt valgrind,,77,,,,1771077179,2023-10-10 15:20:47,118.0,686073214e498a3ed6018f15d9cd093812f5ab6f,1314341,,,,,,,,,,,,,,,,,,,,,,,,,,,,,,,,,,,,,,,,,,,,,,,,,,TN,,,,,,,,,,
autoland,3646670,2,6311658df04f8b9dab1d842cf1ddc69e83bd8127,linux64-qr,,False,,,102210fe594ee9b33d82058545b1ed14f4c8206e,num_static_constructors,compiler_metrics,True,compiler_metrics num_static_constructors opt valgrind,,77,,,,1771105806,2023-10-10 16:26:44,118.0,8c41aa7335a5a071992fbdad6a8a8e82d4b65ffd,1314395,,,,,,,,,,,,,,,,,,,,,,,,,,,,,,,,,,,,,,,,,,,,,,,,,,TN,,,,,,,,,,
autoland,3646670,2,6311658df04f8b9dab1d842cf1ddc69e83bd8127,linux64-qr,,False,,,102210fe594ee9b33d82058545b1ed14f4c8206e,num_static_constructors,compiler_metrics,True,compiler_metrics num_static_constructors opt valgrind,,77,,,,1771175472,2023-10-10 18:56:17,117.0,e746122083e758920b17ca0fd4726093187f3715,1314490,,,,,,,,,,,,,,,,,,,,,,,,,,,,,,,,,,,,,,,,,,,,,,,,,,TN,,,,,,,,,,
autoland,3646670,2,6311658df04f8b9dab1d842cf1ddc69e83bd8127,linux64-qr,,False,,,102210fe594ee9b33d82058545b1ed14f4c8206e,num_static_constructors,compiler_metrics,True,compiler_metrics num_static_constructors opt valgrind,,77,,,,1771248282,2023-10-10 19:43:14,117.0,027bf09f41255b1657823c434189cfda7664cdcf,1314521,,,,,,,,,,,,,,,,,,,,,,,,,,,,,,,,,,,,,,,,,,,,,,,,,,TN,,,,,,,,,,
autoland,3646670,2,6311658df04f8b9dab1d842cf1ddc69e83bd8127,linux64-qr,,False,,,102210fe594ee9b33d82058545b1ed14f4c8206e,num_static_constructors,compiler_metrics,True,compiler_metrics num_static_constructors opt valgrind,,77,,,,1771289503,2023-10-10 21:46:34,117.0,32a23612bb297f386b6239e7bff0be58b62b2f73,1314585,,,,,,,,,,,,,,,,,,,,,,,,,,,,,,,,,,,,,,,,,,,,,,,,,,TN,,,,,,,,,,
autoland,3646670,2,6311658df04f8b9dab1d842cf1ddc69e83bd8127,linux64-qr,,False,,,102210fe594ee9b33d82058545b1ed14f4c8206e,num_static_constructors,compiler_metrics,True,compiler_metrics num_static_constructors opt valgrind,,77,,,,1771339852,2023-10-10 23:09:49,117.0,6b874f1506e7256d52307d7c805b73daf98a96a7,1314639,,,,,,,,,,,,,,,,,,,,,,,,,,,,,,,,,,,,,,,,,,,,,,,,,,TN,,,,,,,,,,
autoland,3646670,2,6311658df04f8b9dab1d842cf1ddc69e83bd8127,linux64-qr,,False,,,102210fe594ee9b33d82058545b1ed14f4c8206e,num_static_constructors,compiler_metrics,True,compiler_metrics num_static_constructors opt valgrind,,77,,,,1771436913,2023-10-11 04:35:52,117.0,fb1c93363030ee78f4a3ea0da9854fb688a630b8,1314760,,,,,,,,,,,,,,,,,,,,,,,,,,,,,,,,,,,,,,,,,,,,,,,,,,TN,,,,,,,,,,
autoland,3646670,2,6311658df04f8b9dab1d842cf1ddc69e83bd8127,linux64-qr,,False,,,102210fe594ee9b33d82058545b1ed14f4c8206e,num_static_constructors,compiler_metrics,True,compiler_metrics num_static_constructors opt valgrind,,77,,,,1771450796,2023-10-11 05:18:39,117.0,d677f2833f2cf056757a6a3cf8c2e8b4273fb788,1314767,,,,,,,,,,,,,,,,,,,,,,,,,,,,,,,,,,,,,,,,,,,,,,,,,,TN,,,,,,,,,,
autoland,3646670,2,6311658df04f8b9dab1d842cf1ddc69e83bd8127,linux64-qr,,False,,,102210fe594ee9b33d82058545b1ed14f4c8206e,num_static_constructors,compiler_metrics,True,compiler_metrics num_static_constructors opt valgrind,,77,,,,1771522261,2023-10-11 08:06:37,117.0,2f11dc597665dda2fa20787d1c1a48377d2fafa7,1314815,,,,,,,,,,,,,,,,,,,,,,,,,,,,,,,,,,,,,,,,,,,,,,,,,,TN,,,,,,,,,,
autoland,3646670,2,6311658df04f8b9dab1d842cf1ddc69e83bd8127,linux64-qr,,False,,,102210fe594ee9b33d82058545b1ed14f4c8206e,num_static_constructors,compiler_metrics,True,compiler_metrics num_static_constructors opt valgrind,,77,,,,1771547443,2023-10-11 09:29:42,117.0,2124c3eebcb12eb72e8ced7bfb3c8521a028af8d,1314864,,,,,,,,,,,,,,,,,,,,,,,,,,,,,,,,,,,,,,,,,,,,,,,,,,TN,,,,,,,,,,
autoland,3646670,2,6311658df04f8b9dab1d842cf1ddc69e83bd8127,linux64-qr,,False,,,102210fe594ee9b33d82058545b1ed14f4c8206e,num_static_constructors,compiler_metrics,True,compiler_metrics num_static_constructors opt valgrind,,77,,,,1771573581,2023-10-11 10:39:45,117.0,e4751df31e7494090d14b0ab8ff52bab6c1391d7,1314918,,,,,,,,,,,,,,,,,,,,,,,,,,,,,,,,,,,,,,,,,,,,,,,,,,TN,,,,,,,,,,
autoland,3646670,2,6311658df04f8b9dab1d842cf1ddc69e83bd8127,linux64-qr,,False,,,102210fe594ee9b33d82058545b1ed14f4c8206e,num_static_constructors,compiler_metrics,True,compiler_metrics num_static_constructors opt valgrind,,77,,,,1771644063,2023-10-11 12:39:53,117.0,99a43565cb3bd8efc9904d32dc7925651a36fe56,1314966,,,,,,,,,,,,,,,,,,,,,,,,,,,,,,,,,,,,,,,,,,,,,,,,,,TN,,,,,,,,,,
autoland,3646670,2,6311658df04f8b9dab1d842cf1ddc69e83bd8127,linux64-qr,,False,,,102210fe594ee9b33d82058545b1ed14f4c8206e,num_static_constructors,compiler_metrics,True,compiler_metrics num_static_constructors opt valgrind,,77,,,,1771686440,2023-10-11 14:42:40,117.0,2f6d9a971e1895c3186c6f2cdc2286c9f6e9694e,1315015,,,,,,,,,,,,,,,,,,,,,,,,,,,,,,,,,,,,,,,,,,,,,,,,,,TN,,,,,,,,,,
autoland,3646670,2,6311658df04f8b9dab1d842cf1ddc69e83bd8127,linux64-qr,,False,,,102210fe594ee9b33d82058545b1ed14f4c8206e,num_static_constructors,compiler_metrics,True,compiler_metrics num_static_constructors opt valgrind,,77,,,,1771717906,2023-10-11 15:07:05,117.0,a710f6c3ab82ca81444f0478a4882217c3628bf0,1315029,,,,,,,,,,,,,,,,,,,,,,,,,,,,,,,,,,,,,,,,,,,,,,,,,,TN,,,,,,,,,,
autoland,3646670,2,6311658df04f8b9dab1d842cf1ddc69e83bd8127,linux64-qr,,False,,,102210fe594ee9b33d82058545b1ed14f4c8206e,num_static_constructors,compiler_metrics,True,compiler_metrics num_static_constructors opt valgrind,,77,,,,1771779926,2023-10-11 17:21:18,117.0,be8d8e6ec4b7216d8dcb9b4ff8c8a413fc83da74,1315168,,,,,,,,,,,,,,,,,,,,,,,,,,,,,,,,,,,,,,,,,,,,,,,,,,TN,,,,,,,,,,
autoland,3646670,2,6311658df04f8b9dab1d842cf1ddc69e83bd8127,linux64-qr,,False,,,102210fe594ee9b33d82058545b1ed14f4c8206e,num_static_constructors,compiler_metrics,True,compiler_metrics num_static_constructors opt valgrind,,77,,,,1771840933,2023-10-11 19:19:16,117.0,43441ac12a8d436a915bf782e1b00457e9aa675d,1315261,,,,,,,,,,,,,,,,,,,,,,,,,,,,,,,,,,,,,,,,,,,,,,,,,,TN,,,,,,,,,,
autoland,3646670,2,6311658df04f8b9dab1d842cf1ddc69e83bd8127,linux64-qr,,False,,,102210fe594ee9b33d82058545b1ed14f4c8206e,num_static_constructors,compiler_metrics,True,compiler_metrics num_static_constructors opt valgrind,,77,,,,1771922220,2023-10-11 21:29:22,117.0,dfe9eba9757679d9dda934ba7dd5798a0c3360fe,1315364,,,,,,,,,,,,,,,,,,,,,,,,,,,,,,,,,,,,,,,,,,,,,,,,,,TN,,,,,,,,,,
autoland,3646670,2,6311658df04f8b9dab1d842cf1ddc69e83bd8127,linux64-qr,,False,,,102210fe594ee9b33d82058545b1ed14f4c8206e,num_static_constructors,compiler_metrics,True,compiler_metrics num_static_constructors opt valgrind,,77,,,,1771916364,2023-10-11 21:41:54,117.0,2cbc64e7dbb0cd771d39710e5c3f2ed9a7e02b50,1315372,,,,,,,,,,,,,,,,,,,,,,,,,,,,,,,,,,,,,,,,,,,,,,,,,,TN,,,,,,,,,,
autoland,3646670,2,6311658df04f8b9dab1d842cf1ddc69e83bd8127,linux64-qr,,False,,,102210fe594ee9b33d82058545b1ed14f4c8206e,num_static_constructors,compiler_metrics,True,compiler_metrics num_static_constructors opt valgrind,,77,,,,1772096031,2023-10-12 04:10:05,117.0,c77a5d731bccf47b2b9f0714e44d5943f903d95e,1315494,,,,,,,,,,,,,,,,,,,,,,,,,,,,,,,,,,,,,,,,,,,,,,,,,,TN,,,,,,,,,,
autoland,3646670,2,6311658df04f8b9dab1d842cf1ddc69e83bd8127,linux64-qr,,False,,,102210fe594ee9b33d82058545b1ed14f4c8206e,num_static_constructors,compiler_metrics,True,compiler_metrics num_static_constructors opt valgrind,,77,,,,1772163790,2023-10-12 06:13:55,117.0,1b47cd29b7c39df5f3bf62e090bef658e2d03664,1315519,,,,,,,,,,,,,,,,,,,,,,,,,,,,,,,,,,,,,,,,,,,,,,,,,,TN,,,,,,,,,,
autoland,3646670,2,6311658df04f8b9dab1d842cf1ddc69e83bd8127,linux64-qr,,False,,,102210fe594ee9b33d82058545b1ed14f4c8206e,num_static_constructors,compiler_metrics,True,compiler_metrics num_static_constructors opt valgrind,,77,,,,1772188134,2023-10-12 08:16:23,117.0,d64dc6406137711ffbc7f0bc42f6794a1c4ad236,1315559,,,,,,,,,,,,,,,,,,,,,,,,,,,,,,,,,,,,,,,,,,,,,,,,,,TN,,,,,,,,,,
autoland,3646670,2,6311658df04f8b9dab1d842cf1ddc69e83bd8127,linux64-qr,,False,,,102210fe594ee9b33d82058545b1ed14f4c8206e,num_static_constructors,compiler_metrics,True,compiler_metrics num_static_constructors opt valgrind,,77,,,,1772223372,2023-10-12 09:32:06,117.0,6eb785f75431f10faa331dabd429029e6dd1224e,1315613,,,,,,,,,,,,,,,,,,,,,,,,,,,,,,,,,,,,,,,,,,,,,,,,,,TN,,,,,,,,,,
autoland,3646670,2,6311658df04f8b9dab1d842cf1ddc69e83bd8127,linux64-qr,,False,,,102210fe594ee9b33d82058545b1ed14f4c8206e,num_static_constructors,compiler_metrics,True,compiler_metrics num_static_constructors opt valgrind,,77,,,,1772259992,2023-10-12 10:51:33,117.0,a6cbdecbf62d2eac353009fb0bce07237f27bcf8,1315656,,,,,,,,,,,,,,,,,,,,,,,,,,,,,,,,,,,,,,,,,,,,,,,,,,TN,,,,,,,,,,
autoland,3646670,2,6311658df04f8b9dab1d842cf1ddc69e83bd8127,linux64-qr,,False,,,102210fe594ee9b33d82058545b1ed14f4c8206e,num_static_constructors,compiler_metrics,True,compiler_metrics num_static_constructors opt valgrind,,77,,,,1772336033,2023-10-12 12:42:22,117.0,d3c6163a42b6002297fdb7cbb78395ee4495a357,1315709,,,,,,,,,,,,,,,,,,,,,,,,,,,,,,,,,,,,,,,,,,,,,,,,,,TN,,,,,,,,,,
autoland,3646670,2,6311658df04f8b9dab1d842cf1ddc69e83bd8127,linux64-qr,,False,,,102210fe594ee9b33d82058545b1ed14f4c8206e,num_static_constructors,compiler_metrics,True,compiler_metrics num_static_constructors opt valgrind,,77,,,,1772424024,2023-10-12 15:28:15,117.0,774b174e3a752c8d13765c40a98f891d6c2d1107,1315821,,,,,,,,,,,,,,,,,,,,,,,,,,,,,,,,,,,,,,,,,,,,,,,,,,TN,,,,,,,,,,
autoland,3646670,2,6311658df04f8b9dab1d842cf1ddc69e83bd8127,linux64-qr,,False,,,102210fe594ee9b33d82058545b1ed14f4c8206e,num_static_constructors,compiler_metrics,True,compiler_metrics num_static_constructors opt valgrind,,77,,,,1772475234,2023-10-12 15:29:09,117.0,7f6bcada76998ef6cfed6a8745b39b3a896982ce,1315822,,,,,,,,,,,,,,,,,,,,,,,,,,,,,,,,,,,,,,,,,,,,,,,,,,TN,,,,,,,,,,
autoland,3646670,2,6311658df04f8b9dab1d842cf1ddc69e83bd8127,linux64-qr,,False,,,102210fe594ee9b33d82058545b1ed14f4c8206e,num_static_constructors,compiler_metrics,True,compiler_metrics num_static_constructors opt valgrind,,77,,,,1772489547,2023-10-12 15:30:08,117.0,5ce3750946e3ac92d2272f1466bf3634cd8455bc,1315823,,,,,,,,,,,,,,,,,,,,,,,,,,,,,,,,,,,,,,,,,,,,,,,,,,TN,,,,,,,,,,
autoland,3646670,2,6311658df04f8b9dab1d842cf1ddc69e83bd8127,linux64-qr,,False,,,102210fe594ee9b33d82058545b1ed14f4c8206e,num_static_constructors,compiler_metrics,True,compiler_metrics num_static_constructors opt valgrind,,77,,,,1772474556,2023-10-12 15:31:05,117.0,4a65179af92d8770c5d7d6b2dae23af24455a6c8,1315824,,,,,,,,,,,,,,,,,,,,,,,,,,,,,,,,,,,,,,,,,,,,,,,,,,TN,,,,,,,,,,
autoland,3646670,2,6311658df04f8b9dab1d842cf1ddc69e83bd8127,linux64-qr,,False,,,102210fe594ee9b33d82058545b1ed14f4c8206e,num_static_constructors,compiler_metrics,True,compiler_metrics num_static_constructors opt valgrind,,77,,,,1772489394,2023-10-12 15:31:05,117.0,4a65179af92d8770c5d7d6b2dae23af24455a6c8,1315824,,,,,,,,,,,,,,,,,,,,,,,,,,,,,,,,,,,,,,,,,,,,,,,,,,TN,,,,,,,,,,
autoland,3646670,2,6311658df04f8b9dab1d842cf1ddc69e83bd8127,linux64-qr,,False,,,102210fe594ee9b33d82058545b1ed14f4c8206e,num_static_constructors,compiler_metrics,True,compiler_metrics num_static_constructors opt valgrind,,77,,,,1772494017,2023-10-12 15:31:05,117.0,4a65179af92d8770c5d7d6b2dae23af24455a6c8,1315824,,,,,,,,,,,,,,,,,,,,,,,,,,,,,,,,,,,,,,,,,,,,,,,,,,TN,,,,,,,,,,
autoland,3646670,2,6311658df04f8b9dab1d842cf1ddc69e83bd8127,linux64-qr,,False,,,102210fe594ee9b33d82058545b1ed14f4c8206e,num_static_constructors,compiler_metrics,True,compiler_metrics num_static_constructors opt valgrind,,77,,,,1772487803,2023-10-12 15:40:43,117.0,8d6d7eb0b103a80712e2631632131750041adc08,1315832,,,,,,,,,,,,,,,,,,,,,,,,,,,,,,,,,,,,,,,,,,,,,,,,,,TN,,,,,,,,,,
autoland,3646670,2,6311658df04f8b9dab1d842cf1ddc69e83bd8127,linux64-qr,,False,,,102210fe594ee9b33d82058545b1ed14f4c8206e,num_static_constructors,compiler_metrics,True,compiler_metrics num_static_constructors opt valgrind,,77,,,,1772483950,2023-10-12 15:53:56,117.0,be0454bfb9e0f8be18abaff4cd565f3701c6283c,1315841,,,,,,,,,,,,,,,,,,,,,,,,,,,,,,,,,,,,,,,,,,,,,,,,,,TN,,,,,,,,,,
autoland,3646670,2,6311658df04f8b9dab1d842cf1ddc69e83bd8127,linux64-qr,,False,,,102210fe594ee9b33d82058545b1ed14f4c8206e,num_static_constructors,compiler_metrics,True,compiler_metrics num_static_constructors opt valgrind,,77,,,,1772486367,2023-10-12 15:58:48,117.0,019379a3be93acada8be4c3aca9854f033e7ceb7,1315846,,,,,,,,,,,,,,,,,,,,,,,,,,,,,,,,,,,,,,,,,,,,,,,,,,TN,,,,,,,,,,
autoland,3646670,2,6311658df04f8b9dab1d842cf1ddc69e83bd8127,linux64-qr,,False,,,102210fe594ee9b33d82058545b1ed14f4c8206e,num_static_constructors,compiler_metrics,True,compiler_metrics num_static_constructors opt valgrind,,77,,,,1772480374,2023-10-12 16:02:44,117.0,7d7a940239a26d875e047531b151df98f65b5b27,1315849,,,,,,,,,,,,,,,,,,,,,,,,,,,,,,,,,,,,,,,,,,,,,,,,,,TN,,,,,,,,,,
autoland,3646670,2,6311658df04f8b9dab1d842cf1ddc69e83bd8127,linux64-qr,,False,,,102210fe594ee9b33d82058545b1ed14f4c8206e,num_static_constructors,compiler_metrics,True,compiler_metrics num_static_constructors opt valgrind,,77,,,,1772485371,2023-10-12 16:04:35,117.0,00f59ad9912e8b288c45ed93874832b4ad5e5ada,1315851,,,,,,,,,,,,,,,,,,,,,,,,,,,,,,,,,,,,,,,,,,,,,,,,,,TN,,,,,,,,,,
autoland,3646670,2,6311658df04f8b9dab1d842cf1ddc69e83bd8127,linux64-qr,,False,,,102210fe594ee9b33d82058545b1ed14f4c8206e,num_static_constructors,compiler_metrics,True,compiler_metrics num_static_constructors opt valgrind,,77,,,,1772467153,2023-10-12 17:01:35,117.0,c09a0d19d99b488a292e3583cd0bb488afc74173,1315902,,,,,,,,,,,,,,,,,,,,,,,,,,,,,,,,,,,,,,,,,,,,,,,,,,TN,,,,,,,,,,
autoland,3646670,2,6311658df04f8b9dab1d842cf1ddc69e83bd8127,linux64-qr,,False,,,102210fe594ee9b33d82058545b1ed14f4c8206e,num_static_constructors,compiler_metrics,True,compiler_metrics num_static_constructors opt valgrind,,77,,,,1772483097,2023-10-12 17:01:35,117.0,c09a0d19d99b488a292e3583cd0bb488afc74173,1315902,,,,,,,,,,,,,,,,,,,,,,,,,,,,,,,,,,,,,,,,,,,,,,,,,,TN,,,,,,,,,,
autoland,3646670,2,6311658df04f8b9dab1d842cf1ddc69e83bd8127,linux64-qr,,False,,,102210fe594ee9b33d82058545b1ed14f4c8206e,num_static_constructors,compiler_metrics,True,compiler_metrics num_static_constructors opt valgrind,,77,,,,1772465161,2023-10-12 17:02:35,117.0,a5369079cd89dd91a42689da9aad1fc607ef9146,1315903,,,,,,,,,,,,,,,,,,,,,,,,,,,,,,,,,,,,,,,,,,,,,,,,,,TN,,,,,,,,,,
autoland,3646670,2,6311658df04f8b9dab1d842cf1ddc69e83bd8127,linux64-qr,,False,,,102210fe594ee9b33d82058545b1ed14f4c8206e,num_static_constructors,compiler_metrics,True,compiler_metrics num_static_constructors opt valgrind,,77,,,,1772482039,2023-10-12 17:02:35,117.0,a5369079cd89dd91a42689da9aad1fc607ef9146,1315903,,,,,,,,,,,,,,,,,,,,,,,,,,,,,,,,,,,,,,,,,,,,,,,,,,TN,,,,,,,,,,
autoland,3646670,2,6311658df04f8b9dab1d842cf1ddc69e83bd8127,linux64-qr,,False,,,102210fe594ee9b33d82058545b1ed14f4c8206e,num_static_constructors,compiler_metrics,True,compiler_metrics num_static_constructors opt valgrind,,77,,,,1772483426,2023-10-12 17:02:35,117.0,a5369079cd89dd91a42689da9aad1fc607ef9146,1315903,,,,,,,,,,,,,,,,,,,,,,,,,,,,,,,,,,,,,,,,,,,,,,,,,,TN,,,,,,,,,,
autoland,3646670,2,6311658df04f8b9dab1d842cf1ddc69e83bd8127,linux64-qr,,False,,,102210fe594ee9b33d82058545b1ed14f4c8206e,num_static_constructors,compiler_metrics,True,compiler_metrics num_static_constructors opt valgrind,,77,,,,1772483541,2023-10-12 17:02:35,117.0,a5369079cd89dd91a42689da9aad1fc607ef9146,1315903,,,,,,,,,,,,,,,,,,,,,,,,,,,,,,,,,,,,,,,,,,,,,,,,,,TN,,,,,,,,,,
autoland,3646670,2,6311658df04f8b9dab1d842cf1ddc69e83bd8127,linux64-qr,,False,,,102210fe594ee9b33d82058545b1ed14f4c8206e,num_static_constructors,compiler_metrics,True,compiler_metrics num_static_constructors opt valgrind,,77,,,,1772483451,2023-10-12 17:02:35,117.0,a5369079cd89dd91a42689da9aad1fc607ef9146,1315903,,,,,,,,,,,,,,,,,,,,,,,,,,,,,,,,,,,,,,,,,,,,,,,,,,TN,,,,,,,,,,
autoland,3646670,2,6311658df04f8b9dab1d842cf1ddc69e83bd8127,linux64-qr,,False,,,102210fe594ee9b33d82058545b1ed14f4c8206e,num_static_constructors,compiler_metrics,True,compiler_metrics num_static_constructors opt valgrind,,77,,,,1772495453,2023-10-12 18:26:23,117.0,0bffbf41279d0d493e3be31a1eedbb869d9ae9b7,1315978,,,,,,,,,,,,,,,,,,,,,,,,,,,,,,,,,,,,,,,,,,,,,,,,,,TN,,,,,,,,,,
autoland,3646670,2,6311658df04f8b9dab1d842cf1ddc69e83bd8127,linux64-qr,,False,,,102210fe594ee9b33d82058545b1ed14f4c8206e,num_static_constructors,compiler_metrics,True,compiler_metrics num_static_constructors opt valgrind,,77,,,,1772544983,2023-10-12 19:48:41,117.0,b9478e8898d6397ccb0ca6d2f90b882083ef91d2,1316052,,,,,,,,,,,,,,,,,,,,,,,,,,,,,,,,,,,,,,,,,,,,,,,,,,TN,,,,,,,,,,
autoland,3646670,2,6311658df04f8b9dab1d842cf1ddc69e83bd8127,linux64-qr,,False,,,102210fe594ee9b33d82058545b1ed14f4c8206e,num_static_constructors,compiler_metrics,True,compiler_metrics num_static_constructors opt valgrind,,77,,,,1772666307,2023-10-12 23:21:21,117.0,2c28daffd2b8343fc64454f962988eaee8dbd320,1316192,,,,,,,,,,,,,,,,,,,,,,,,,,,,,,,,,,,,,,,,,,,,,,,,,,TN,,,,,,,,,,
autoland,3646670,2,6311658df04f8b9dab1d842cf1ddc69e83bd8127,linux64-qr,,False,,,102210fe594ee9b33d82058545b1ed14f4c8206e,num_static_constructors,compiler_metrics,True,compiler_metrics num_static_constructors opt valgrind,,77,,,,1772691335,2023-10-12 23:58:41,117.0,6769216667ff487b1442f654ee41dc5f12c23983,1316211,,,,,,,,,,,,,,,,,,,,,,,,,,,,,,,,,,,,,,,,,,,,,,,,,,TN,,,,,,,,,,
autoland,3646670,2,6311658df04f8b9dab1d842cf1ddc69e83bd8127,linux64-qr,,False,,,102210fe594ee9b33d82058545b1ed14f4c8206e,num_static_constructors,compiler_metrics,True,compiler_metrics num_static_constructors opt valgrind,,77,,,,1772785103,2023-10-13 06:04:39,117.0,810153993fc0b06ce0eabae2602fc7f74ed9be18,1316292,,,,,,,,,,,,,,,,,,,,,,,,,,,,,,,,,,,,,,,,,,,,,,,,,,TN,,,,,,,,,,
autoland,3646670,2,6311658df04f8b9dab1d842cf1ddc69e83bd8127,linux64-qr,,False,,,102210fe594ee9b33d82058545b1ed14f4c8206e,num_static_constructors,compiler_metrics,True,compiler_metrics num_static_constructors opt valgrind,,77,,,,1772799535,2023-10-13 06:28:51,117.0,930888998f68ddfb0f36d898e98305e459d7cbb2,1316299,,,,,,,,,,,,,,,,,,,,,,,,,,,,,,,,,,,,,,,,,,,,,,,,,,TN,,,,,,,,,,
autoland,3646670,2,6311658df04f8b9dab1d842cf1ddc69e83bd8127,linux64-qr,,False,,,102210fe594ee9b33d82058545b1ed14f4c8206e,num_static_constructors,compiler_metrics,True,compiler_metrics num_static_constructors opt valgrind,,77,,,,1772868917,2023-10-13 09:24:52,117.0,6c666e61ed53135936e751fb5cdf1848a6a34d4f,1316345,,,,,,,,,,,,,,,,,,,,,,,,,,,,,,,,,,,,,,,,,,,,,,,,,,TN,,,,,,,,,,
autoland,3646670,2,6311658df04f8b9dab1d842cf1ddc69e83bd8127,linux64-qr,,False,,,102210fe594ee9b33d82058545b1ed14f4c8206e,num_static_constructors,compiler_metrics,True,compiler_metrics num_static_constructors opt valgrind,,77,,,,1772899845,2023-10-13 10:45:16,117.0,0db2502d9e9503580a800e13235be8c02043bbc0,1316413,,,,,,,,,,,,,,,,,,,,,,,,,,,,,,,,,,,,,,,,,,,,,,,,,,TN,,,,,,,,,,
autoland,3646670,2,6311658df04f8b9dab1d842cf1ddc69e83bd8127,linux64-qr,,False,,,102210fe594ee9b33d82058545b1ed14f4c8206e,num_static_constructors,compiler_metrics,True,compiler_metrics num_static_constructors opt valgrind,,77,,,,1772943448,2023-10-13 11:42:22,117.0,8246d773a07ce105d3a9f92b96007867c7df3cc4,1316442,,,,,,,,,,,,,,,,,,,,,,,,,,,,,,,,,,,,,,,,,,,,,,,,,,TN,,,,,,,,,,
autoland,3646670,2,6311658df04f8b9dab1d842cf1ddc69e83bd8127,linux64-qr,,False,,,102210fe594ee9b33d82058545b1ed14f4c8206e,num_static_constructors,compiler_metrics,True,compiler_metrics num_static_constructors opt valgrind,,77,,,,1773025658,2023-10-13 14:19:54,117.0,055864c76b58044394c7ebe5bdab6d538d29e62f,1316549,,,,,,,,,,,,,,,,,,,,,,,,,,,,,,,,,,,,,,,,,,,,,,,,,,TN,,,,,,,,,,
autoland,3646670,2,6311658df04f8b9dab1d842cf1ddc69e83bd8127,linux64-qr,,False,,,102210fe594ee9b33d82058545b1ed14f4c8206e,num_static_constructors,compiler_metrics,True,compiler_metrics num_static_constructors opt valgrind,,77,,,,1773052065,2023-10-13 15:49:30,117.0,8adc92d3a6a8eeeefd63f98296c29907c3838316,1316607,,,,,,,,,,,,,,,,,,,,,,,,,,,,,,,,,,,,,,,,,,,,,,,,,,TN,,,,,,,,,,
autoland,3646670,2,6311658df04f8b9dab1d842cf1ddc69e83bd8127,linux64-qr,,False,,,102210fe594ee9b33d82058545b1ed14f4c8206e,num_static_constructors,compiler_metrics,True,compiler_metrics num_static_constructors opt valgrind,,77,,,,1773055603,2023-10-13 16:11:23,117.0,9ba44fb4eeafba4229fe28a6f3b42c79d8d05692,1316611,,,,,,,,,,,,,,,,,,,,,,,,,,,,,,,,,,,,,,,,,,,,,,,,,,TN,,,,,,,,,,
autoland,3646670,2,6311658df04f8b9dab1d842cf1ddc69e83bd8127,linux64-qr,,False,,,102210fe594ee9b33d82058545b1ed14f4c8206e,num_static_constructors,compiler_metrics,True,compiler_metrics num_static_constructors opt valgrind,,77,,,,1773144337,2023-10-13 20:17:54,117.0,35e20e70da91e5ef4caee7c732541350343fe927,1316790,,,,,,,,,,,,,,,,,,,,,,,,,,,,,,,,,,,,,,,,,,,,,,,,,,TN,,,,,,,,,,
autoland,3646670,2,6311658df04f8b9dab1d842cf1ddc69e83bd8127,linux64-qr,,False,,,102210fe594ee9b33d82058545b1ed14f4c8206e,num_static_constructors,compiler_metrics,True,compiler_metrics num_static_constructors opt valgrind,,77,,,,1773338605,2023-10-14 05:14:50,117.0,19db6b0f6713fdb1f311426a7899070e3ca19d6b,1316873,,,,,,,,,,,,,,,,,,,,,,,,,,,,,,,,,,,,,,,,,,,,,,,,,,TN,,,,,,,,,,
autoland,3646670,2,6311658df04f8b9dab1d842cf1ddc69e83bd8127,linux64-qr,,False,,,102210fe594ee9b33d82058545b1ed14f4c8206e,num_static_constructors,compiler_metrics,True,compiler_metrics num_static_constructors opt valgrind,,77,,,,1773382965,2023-10-14 09:25:57,117.0,1e870b95242b07bc4961bf7558d0703dd03814b3,1316895,,,,,,,,,,,,,,,,,,,,,,,,,,,,,,,,,,,,,,,,,,,,,,,,,,TN,,,,,,,,,,
autoland,3646670,2,6311658df04f8b9dab1d842cf1ddc69e83bd8127,linux64-qr,,False,,,102210fe594ee9b33d82058545b1ed14f4c8206e,num_static_constructors,compiler_metrics,True,compiler_metrics num_static_constructors opt valgrind,,77,,,,1773535460,2023-10-14 16:14:11,117.0,3f99c563251ec523301e9d46e6904989fc827306,1316942,,,,,,,,,,,,,,,,,,,,,,,,,,,,,,,,,,,,,,,,,,,,,,,,,,TN,,,,,,,,,,
autoland,3646670,2,6311658df04f8b9dab1d842cf1ddc69e83bd8127,linux64-qr,,False,,,102210fe594ee9b33d82058545b1ed14f4c8206e,num_static_constructors,compiler_metrics,True,compiler_metrics num_static_constructors opt valgrind,,77,,,,1773551158,2023-10-14 17:38:06,117.0,1d98b028923a6380edea696a19acc202fd5c1202,1316946,,,,,,,,,,,,,,,,,,,,,,,,,,,,,,,,,,,,,,,,,,,,,,,,,,TN,,,,,,,,,,
autoland,3646670,2,6311658df04f8b9dab1d842cf1ddc69e83bd8127,linux64-qr,,False,,,102210fe594ee9b33d82058545b1ed14f4c8206e,num_static_constructors,compiler_metrics,True,compiler_metrics num_static_constructors opt valgrind,,77,,,,1773680478,2023-10-15 06:24:19,117.0,468469f54da6070a84314dc3c4ddcdfaca74b714,1316977,,,,,,,,,,,,,,,,,,,,,,,,,,,,,,,,,,,,,,,,,,,,,,,,,,TN,,,,,,,,,,
autoland,3646670,2,6311658df04f8b9dab1d842cf1ddc69e83bd8127,linux64-qr,,False,,,102210fe594ee9b33d82058545b1ed14f4c8206e,num_static_constructors,compiler_metrics,True,compiler_metrics num_static_constructors opt valgrind,,77,,,,1773714754,2023-10-15 10:45:53,117.0,91657cb1296c904004ace38877b9ca91f502be3f,1317007,,,,,,,,,,,,,,,,,,,,,,,,,,,,,,,,,,,,,,,,,,,,,,,,,,TN,,,,,,,,,,
autoland,3646670,2,6311658df04f8b9dab1d842cf1ddc69e83bd8127,linux64-qr,,False,,,102210fe594ee9b33d82058545b1ed14f4c8206e,num_static_constructors,compiler_metrics,True,compiler_metrics num_static_constructors opt valgrind,,77,,,,1773778477,2023-10-15 15:32:44,117.0,aba20bc488e22880b8ef5a89916ecabb51cee798,1317021,,,,,,,,,,,,,,,,,,,,,,,,,,,,,,,,,,,,,,,,,,,,,,,,,,TN,,,,,,,,,,
autoland,3646670,2,6311658df04f8b9dab1d842cf1ddc69e83bd8127,linux64-qr,,False,,,102210fe594ee9b33d82058545b1ed14f4c8206e,num_static_constructors,compiler_metrics,True,compiler_metrics num_static_constructors opt valgrind,,77,,,,1773897024,2023-10-16 01:55:37,117.0,f3de6f924333ec7c359d81d9fb16a9fca07ee42e,1317071,,,,,,,,,,,,,,,,,,,,,,,,,,,,,,,,,,,,,,,,,,,,,,,,,,TN,,,,,,,,,,
autoland,3646670,2,6311658df04f8b9dab1d842cf1ddc69e83bd8127,linux64-qr,,False,,,102210fe594ee9b33d82058545b1ed14f4c8206e,num_static_constructors,compiler_metrics,True,compiler_metrics num_static_constructors opt valgrind,,77,,,,1773942343,2023-10-16 05:57:00,117.0,e891ad8158b3106dceb2199ed2c74c0c2f05fa88,1317093,,,,,,,,,,,,,,,,,,,,,,,,,,,,,,,,,,,,,,,,,,,,,,,,,,TN,,,,,,,,,,
autoland,3646670,2,6311658df04f8b9dab1d842cf1ddc69e83bd8127,linux64-qr,,False,,,102210fe594ee9b33d82058545b1ed14f4c8206e,num_static_constructors,compiler_metrics,True,compiler_metrics num_static_constructors opt valgrind,,77,,,,1773969081,2023-10-16 08:09:43,117.0,0b878f712f699285c8ff7a0c6d502ab21bc5f9e5,1317134,,,,,,,,,,,,,,,,,,,,,,,,,,,,,,,,,,,,,,,,,,,,,,,,,,TN,,,,,,,,,,
autoland,3646670,2,6311658df04f8b9dab1d842cf1ddc69e83bd8127,linux64-qr,,False,,,102210fe594ee9b33d82058545b1ed14f4c8206e,num_static_constructors,compiler_metrics,True,compiler_metrics num_static_constructors opt valgrind,,77,,,,1774007019,2023-10-16 10:06:37,117.0,e009aa26b6f79e7e5af18000b983f6decaa90eed,1317197,,,,,,,,,,,,,,,,,,,,,,,,,,,,,,,,,,,,,,,,,,,,,,,,,,TN,,,,,,,,,,
autoland,3646670,2,6311658df04f8b9dab1d842cf1ddc69e83bd8127,linux64-qr,,False,,,102210fe594ee9b33d82058545b1ed14f4c8206e,num_static_constructors,compiler_metrics,True,compiler_metrics num_static_constructors opt valgrind,,77,,,,1774047916,2023-10-16 11:25:28,117.0,8cb2f63a1e705ad6bf77a8f6dcb151aa3b67d2e6,1317241,,,,,,,,,,,,,,,,,,,,,,,,,,,,,,,,,,,,,,,,,,,,,,,,,,TN,,,,,,,,,,
autoland,3646670,2,6311658df04f8b9dab1d842cf1ddc69e83bd8127,linux64-qr,,False,,,102210fe594ee9b33d82058545b1ed14f4c8206e,num_static_constructors,compiler_metrics,True,compiler_metrics num_static_constructors opt valgrind,,77,,,,1774111919,2023-10-16 13:13:47,117.0,008bb178c28038eba9aacd5214ecadfda6256f7f,1317301,,,,,,,,,,,,,,,,,,,,,,,,,,,,,,,,,,,,,,,,,,,,,,,,,,TN,,,,,,,,,,
autoland,3646670,2,6311658df04f8b9dab1d842cf1ddc69e83bd8127,linux64-qr,,False,,,102210fe594ee9b33d82058545b1ed14f4c8206e,num_static_constructors,compiler_metrics,True,compiler_metrics num_static_constructors opt valgrind,,77,,,,1774213559,2023-10-16 15:34:18,117.0,e0dd0b10e8fd0ea751f11fb0a6548ad9b6780e16,1317419,,,,,,,,,,,,,,,,,,,,,,,,,,,,,,,,,,,,,,,,,,,,,,,,,,TN,,,,,,,,,,
autoland,3646670,2,6311658df04f8b9dab1d842cf1ddc69e83bd8127,linux64-qr,,False,,,102210fe594ee9b33d82058545b1ed14f4c8206e,num_static_constructors,compiler_metrics,True,compiler_metrics num_static_constructors opt valgrind,,77,,,,1774289349,2023-10-16 18:24:34,117.0,fa12efd7ca249d06b27ea86690ae0d0478f5dcce,1317522,,,,,,,,,,,,,,,,,,,,,,,,,,,,,,,,,,,,,,,,,,,,,,,,,,TN,,,,,,,,,,
autoland,3646670,2,6311658df04f8b9dab1d842cf1ddc69e83bd8127,linux64-qr,,False,,,102210fe594ee9b33d82058545b1ed14f4c8206e,num_static_constructors,compiler_metrics,True,compiler_metrics num_static_constructors opt valgrind,,77,,,,1774315872,2023-10-16 19:06:00,117.0,36e5163d2528daaa5669d0f9284470b070c8882e,1317546,,,,,,,,,,,,,,,,,,,,,,,,,,,,,,,,,,,,,,,,,,,,,,,,,,TN,,,,,,,,,,
autoland,3646670,2,6311658df04f8b9dab1d842cf1ddc69e83bd8127,linux64-qr,,False,,,102210fe594ee9b33d82058545b1ed14f4c8206e,num_static_constructors,compiler_metrics,True,compiler_metrics num_static_constructors opt valgrind,,77,,,,1774549870,2023-10-17 00:17:31,117.0,e4bf7b3e037323072304a1b1327df57c4a54b560,1317700,,,,,,,,,,,,,,,,,,,,,,,,,,,,,,,,,,,,,,,,,,,,,,,,,,TN,,,,,,,,,,
autoland,3646670,2,6311658df04f8b9dab1d842cf1ddc69e83bd8127,linux64-qr,,False,,,102210fe594ee9b33d82058545b1ed14f4c8206e,num_static_constructors,compiler_metrics,True,compiler_metrics num_static_constructors opt valgrind,,77,,,,1774547141,2023-10-17 00:26:08,117.0,ba1e46cec63091d42d6f5859feac24452ab045cb,1317704,,,,,,,,,,,,,,,,,,,,,,,,,,,,,,,,,,,,,,,,,,,,,,,,,,TN,,,,,,,,,,
autoland,3646670,2,6311658df04f8b9dab1d842cf1ddc69e83bd8127,linux64-qr,,False,,,102210fe594ee9b33d82058545b1ed14f4c8206e,num_static_constructors,compiler_metrics,True,compiler_metrics num_static_constructors opt valgrind,,77,,,,1774617359,2023-10-17 05:18:57,117.0,896b283a3e7185d805f59d4dcb3d6bb89e9e62d8,1317768,,,,,,,,,,,,,,,,,,,,,,,,,,,,,,,,,,,,,,,,,,,,,,,,,,TN,,,,,,,,,,
autoland,3646670,2,6311658df04f8b9dab1d842cf1ddc69e83bd8127,linux64-qr,,False,,,102210fe594ee9b33d82058545b1ed14f4c8206e,num_static_constructors,compiler_metrics,True,compiler_metrics num_static_constructors opt valgrind,,77,,,,1774647434,2023-10-17 06:01:55,117.0,ca60a5861d4a8bd5de1c8e5a9f76c9e35767c38c,1317782,,,,,,,,,,,,,,,,,,,,,,,,,,,,,,,,,,,,,,,,,,,,,,,,,,TN,,,,,,,,,,
autoland,3646670,2,6311658df04f8b9dab1d842cf1ddc69e83bd8127,linux64-qr,,False,,,102210fe594ee9b33d82058545b1ed14f4c8206e,num_static_constructors,compiler_metrics,True,compiler_metrics num_static_constructors opt valgrind,,77,,,,1774803489,2023-10-17 10:34:28,117.0,d59eb47c0fe47f9dd6886090330bcd49c47262ce,1317920,,,,,,,,,,,,,,,,,,,,,,,,,,,,,,,,,,,,,,,,,,,,,,,,,,TN,,,,,,,,,,
autoland,3646670,2,6311658df04f8b9dab1d842cf1ddc69e83bd8127,linux64-qr,,False,,,102210fe594ee9b33d82058545b1ed14f4c8206e,num_static_constructors,compiler_metrics,True,compiler_metrics num_static_constructors opt valgrind,,77,,,,1774844653,2023-10-17 10:57:25,117.0,a1b07881519bf27f1f641d395e2edcf4ee4fd3a3,1317933,,,,,,,,,,,,,,,,,,,,,,,,,,,,,,,,,,,,,,,,,,,,,,,,,,TN,,,,,,,,,,
autoland,3646670,2,6311658df04f8b9dab1d842cf1ddc69e83bd8127,linux64-qr,,False,,,102210fe594ee9b33d82058545b1ed14f4c8206e,num_static_constructors,compiler_metrics,True,compiler_metrics num_static_constructors opt valgrind,,77,,,,1774898117,2023-10-17 13:02:41,117.0,9b7c81791d7f619271724e082934a933604e20da,1318010,,,,,,,,,,,,,,,,,,,,,,,,,,,,,,,,,,,,,,,,,,,,,,,,,,TN,,,,,,,,,,
autoland,3646670,2,6311658df04f8b9dab1d842cf1ddc69e83bd8127,linux64-qr,,False,,,102210fe594ee9b33d82058545b1ed14f4c8206e,num_static_constructors,compiler_metrics,True,compiler_metrics num_static_constructors opt valgrind,,77,,,,1774991196,2023-10-17 14:10:53,117.0,5dacf9f8985f963963737b711549f4a2304e4cc4,1318069,,,,,,,,,,,,,,,,,,,,,,,,,,,,,,,,,,,,,,,,,,,,,,,,,,TN,,,,,,,,,,
autoland,3646670,2,6311658df04f8b9dab1d842cf1ddc69e83bd8127,linux64-qr,,False,,,102210fe594ee9b33d82058545b1ed14f4c8206e,num_static_constructors,compiler_metrics,True,compiler_metrics num_static_constructors opt valgrind,,77,,,,1775073852,2023-10-17 16:53:16,117.0,684641630402200d14bf5126668b97a4f280fe59,1318176,,,,,,,,,,,,,,,,,,,,,,,,,,,,,,,,,,,,,,,,,,,,,,,,,,TN,,,,,,,,,,
autoland,3646670,2,6311658df04f8b9dab1d842cf1ddc69e83bd8127,linux64-qr,,False,,,102210fe594ee9b33d82058545b1ed14f4c8206e,num_static_constructors,compiler_metrics,True,compiler_metrics num_static_constructors opt valgrind,,77,,,,1775156090,2023-10-17 18:32:00,117.0,1a40892d7d921b2bfc7ee5cca97d45bdca3e7f14,1318244,,,,,,,,,,,,,,,,,,,,,,,,,,,,,,,,,,,,,,,,,,,,,,,,,,TN,,,,,,,,,,
autoland,3646670,2,6311658df04f8b9dab1d842cf1ddc69e83bd8127,linux64-qr,,False,,,102210fe594ee9b33d82058545b1ed14f4c8206e,num_static_constructors,compiler_metrics,True,compiler_metrics num_static_constructors opt valgrind,,77,,,,1775284080,2023-10-17 21:03:18,117.0,421ffc7aa24ace087dc2a09680943f412adc38ff,1318349,,,,,,,,,,,,,,,,,,,,,,,,,,,,,,,,,,,,,,,,,,,,,,,,,,TN,,,,,,,,,,
autoland,3646670,2,6311658df04f8b9dab1d842cf1ddc69e83bd8127,linux64-qr,,False,,,102210fe594ee9b33d82058545b1ed14f4c8206e,num_static_constructors,compiler_metrics,True,compiler_metrics num_static_constructors opt valgrind,,77,,,,1775281549,2023-10-17 21:04:13,117.0,4091bed4a0aae7772537e08e6cb49bf0bc7434c9,1318350,,,,,,,,,,,,,,,,,,,,,,,,,,,,,,,,,,,,,,,,,,,,,,,,,,TN,,,,,,,,,,
autoland,3646670,2,6311658df04f8b9dab1d842cf1ddc69e83bd8127,linux64-qr,,False,,,102210fe594ee9b33d82058545b1ed14f4c8206e,num_static_constructors,compiler_metrics,True,compiler_metrics num_static_constructors opt valgrind,,77,,,,1775400764,2023-10-18 00:05:34,117.0,604dc9fa34d8f2dc2076436d207d3fc9dea1b98e,1318448,,,,,,,,,,,,,,,,,,,,,,,,,,,,,,,,,,,,,,,,,,,,,,,,,,TN,,,,,,,,,,
autoland,3646670,2,6311658df04f8b9dab1d842cf1ddc69e83bd8127,linux64-qr,,False,,,102210fe594ee9b33d82058545b1ed14f4c8206e,num_static_constructors,compiler_metrics,True,compiler_metrics num_static_constructors opt valgrind,,77,,,,1775468049,2023-10-18 01:40:11,117.0,ba691c21c968a48e1bd212426fcc20fa5f4c276d,1318466,,,,,,,,,,,,,,,,,,,,,,,,,,,,,,,,,,,,,,,,,,,,,,,,,,TN,,,,,,,,,,
autoland,3646670,2,6311658df04f8b9dab1d842cf1ddc69e83bd8127,linux64-qr,,False,,,102210fe594ee9b33d82058545b1ed14f4c8206e,num_static_constructors,compiler_metrics,True,compiler_metrics num_static_constructors opt valgrind,,77,,,,1775653147,2023-10-18 07:31:34,117.0,47d77a0e86e138652fedb38962b9709f9c0fb98d,1318540,,,,,,,,,,,,,,,,,,,,,,,,,,,,,,,,,,,,,,,,,,,,,,,,,,TN,,,,,,,,,,
autoland,3646670,2,6311658df04f8b9dab1d842cf1ddc69e83bd8127,linux64-qr,,False,,,102210fe594ee9b33d82058545b1ed14f4c8206e,num_static_constructors,compiler_metrics,True,compiler_metrics num_static_constructors opt valgrind,,77,,,,1775665515,2023-10-18 08:45:34,117.0,9cafd79c840575042b2eaef4cad670149cc98661,1318580,,,,,,,,,,,,,,,,,,,,,,,,,,,,,,,,,,,,,,,,,,,,,,,,,,TN,,,,,,,,,,
autoland,3646670,2,6311658df04f8b9dab1d842cf1ddc69e83bd8127,linux64-qr,,False,,,102210fe594ee9b33d82058545b1ed14f4c8206e,num_static_constructors,compiler_metrics,True,compiler_metrics num_static_constructors opt valgrind,,77,,,,1775751564,2023-10-18 11:51:04,117.0,639c0da2250e38bb3102b66c6105aaf808e2a817,1318689,,,,,,,,,,,,,,,,,,,,,,,,,,,,,,,,,,,,,,,,,,,,,,,,,,TN,,,,,,,,,,
autoland,3646670,2,6311658df04f8b9dab1d842cf1ddc69e83bd8127,linux64-qr,,False,,,102210fe594ee9b33d82058545b1ed14f4c8206e,num_static_constructors,compiler_metrics,True,compiler_metrics num_static_constructors opt valgrind,,77,,,,1775886224,2023-10-18 14:16:20,117.0,13cc0076698685511e3fa7c0fa91b02675ff5baa,1318804,,,,,,,,,,,,,,,,,,,,,,,,,,,,,,,,,,,,,,,,,,,,,,,,,,TN,,,,,,,,,,
autoland,3646670,2,6311658df04f8b9dab1d842cf1ddc69e83bd8127,linux64-qr,,False,,,102210fe594ee9b33d82058545b1ed14f4c8206e,num_static_constructors,compiler_metrics,True,compiler_metrics num_static_constructors opt valgrind,,77,,,,1775977279,2023-10-18 16:05:19,117.0,023ae54874d34eb300cdfa9630da4455cb406ad3,1318932,,,,,,,,,,,,,,,,,,,,,,,,,,,,,,,,,,,,,,,,,,,,,,,,,,TN,,,,,,,,,,
autoland,3646670,2,6311658df04f8b9dab1d842cf1ddc69e83bd8127,linux64-qr,,False,,,102210fe594ee9b33d82058545b1ed14f4c8206e,num_static_constructors,compiler_metrics,True,compiler_metrics num_static_constructors opt valgrind,,77,,,,1775983437,2023-10-18 16:32:33,117.0,361e571454e94ba0cfa1a86d2a7f63a24455581c,1318947,,,,,,,,,,,,,,,,,,,,,,,,,,,,,,,,,,,,,,,,,,,,,,,,,,TN,,,,,,,,,,
autoland,3646670,2,6311658df04f8b9dab1d842cf1ddc69e83bd8127,linux64-qr,,False,,,102210fe594ee9b33d82058545b1ed14f4c8206e,num_static_constructors,compiler_metrics,True,compiler_metrics num_static_constructors opt valgrind,,77,,,,1776061412,2023-10-18 18:25:27,117.0,323c0589ac7fdbb33882dc9de89a2c7bd8658bd0,1319069,,,,,,,,,,,,,,,,,,,,,,,,,,,,,,,,,,,,,,,,,,,,,,,,,,TN,,,,,,,,,,
autoland,3646670,2,6311658df04f8b9dab1d842cf1ddc69e83bd8127,linux64-qr,,False,,,102210fe594ee9b33d82058545b1ed14f4c8206e,num_static_constructors,compiler_metrics,True,compiler_metrics num_static_constructors opt valgrind,,77,,,,1776207393,2023-10-18 20:42:45,117.0,77f05957a4fc15dc053469145b93089adfec3484,1319167,,,,,,,,,,,,,,,,,,,,,,,,,,,,,,,,,,,,,,,,,,,,,,,,,,TN,,,,,,,,,,
autoland,3646670,2,6311658df04f8b9dab1d842cf1ddc69e83bd8127,linux64-qr,,False,,,102210fe594ee9b33d82058545b1ed14f4c8206e,num_static_constructors,compiler_metrics,True,compiler_metrics num_static_constructors opt valgrind,,77,,,,1776207758,2023-10-18 20:46:18,117.0,e059b0995a2a62238ca266c3ed9955434ac43517,1319169,,,,,,,,,,,,,,,,,,,,,,,,,,,,,,,,,,,,,,,,,,,,,,,,,,TN,,,,,,,,,,
autoland,3646670,2,6311658df04f8b9dab1d842cf1ddc69e83bd8127,linux64-qr,,False,,,102210fe594ee9b33d82058545b1ed14f4c8206e,num_static_constructors,compiler_metrics,True,compiler_metrics num_static_constructors opt valgrind,,77,,,,1776248458,2023-10-18 21:37:02,117.0,32470d76fcd8a024500df7594fe34bb9cffd86e8,1319214,,,,,,,,,,,,,,,,,,,,,,,,,,,,,,,,,,,,,,,,,,,,,,,,,,TN,,,,,,,,,,
autoland,3646670,2,6311658df04f8b9dab1d842cf1ddc69e83bd8127,linux64-qr,,False,,,102210fe594ee9b33d82058545b1ed14f4c8206e,num_static_constructors,compiler_metrics,True,compiler_metrics num_static_constructors opt valgrind,,77,,,,1776328783,2023-10-18 23:25:14,117.0,beb80bb8c90921077e9c1130ad5a8e925dc060b7,1319276,,,,,,,,,,,,,,,,,,,,,,,,,,,,,,,,,,,,,,,,,,,,,,,,,,TN,,,,,,,,,,
autoland,3646670,2,6311658df04f8b9dab1d842cf1ddc69e83bd8127,linux64-qr,,False,,,102210fe594ee9b33d82058545b1ed14f4c8206e,num_static_constructors,compiler_metrics,True,compiler_metrics num_static_constructors opt valgrind,,77,,,,1776545882,2023-10-19 04:23:12,117.0,53cee944c60ac3c237a9aa2dacd19aa6bde80c2a,1319373,,,,,,,,,,,,,,,,,,,,,,,,,,,,,,,,,,,,,,,,,,,,,,,,,,TN,,,,,,,,,,
autoland,3646670,2,6311658df04f8b9dab1d842cf1ddc69e83bd8127,linux64-qr,,False,,,102210fe594ee9b33d82058545b1ed14f4c8206e,num_static_constructors,compiler_metrics,True,compiler_metrics num_static_constructors opt valgrind,,77,,,,1776559504,2023-10-19 04:54:27,117.0,d940639e9c65e5d84d6938b29a20eb4bfdd67854,1319381,,,,,,,,,,,,,,,,,,,,,,,,,,,,,,,,,,,,,,,,,,,,,,,,,,TN,,,,,,,,,,
autoland,3646670,2,6311658df04f8b9dab1d842cf1ddc69e83bd8127,linux64-qr,,False,,,102210fe594ee9b33d82058545b1ed14f4c8206e,num_static_constructors,compiler_metrics,True,compiler_metrics num_static_constructors opt valgrind,,77,,,,1776694751,2023-10-19 08:39:29,117.0,a9a0ca5dc9605973d81ded607dfccd4d0a08dc68,1319455,,,,,,,,,,,,,,,,,,,,,,,,,,,,,,,,,,,,,,,,,,,,,,,,,,TN,,,,,,,,,,
autoland,3646670,2,6311658df04f8b9dab1d842cf1ddc69e83bd8127,linux64-qr,,False,,,102210fe594ee9b33d82058545b1ed14f4c8206e,num_static_constructors,compiler_metrics,True,compiler_metrics num_static_constructors opt valgrind,,77,,,,1776807127,2023-10-19 12:43:18,117.0,2981b7bbee06c518301e1542545e92b6d80a8d0b,1319613,,,,,,,,,,,,,,,,,,,,,,,,,,,,,,,,,,,,,,,,,,,,,,,,,,TN,,,,,,,,,,
autoland,3646670,2,6311658df04f8b9dab1d842cf1ddc69e83bd8127,linux64-qr,,False,,,102210fe594ee9b33d82058545b1ed14f4c8206e,num_static_constructors,compiler_metrics,True,compiler_metrics num_static_constructors opt valgrind,,77,,,,1776835111,2023-10-19 12:48:25,117.0,8be39770f68cb52d1a2b14bdf31a34f5e54212e8,1319617,,,,,,,,,,,,,,,,,,,,,,,,,,,,,,,,,,,,,,,,,,,,,,,,,,TN,,,,,,,,,,
autoland,3646670,2,6311658df04f8b9dab1d842cf1ddc69e83bd8127,linux64-qr,,False,,,102210fe594ee9b33d82058545b1ed14f4c8206e,num_static_constructors,compiler_metrics,True,compiler_metrics num_static_constructors opt valgrind,,77,,,,1776859046,2023-10-19 15:01:30,117.0,105a135472d515953f9eb98945a38e28eb164813,1319723,,,,,,,,,,,,,,,,,,,,,,,,,,,,,,,,,,,,,,,,,,,,,,,,,,TN,,,,,,,,,,
autoland,3646670,2,6311658df04f8b9dab1d842cf1ddc69e83bd8127,linux64-qr,,False,,,102210fe594ee9b33d82058545b1ed14f4c8206e,num_static_constructors,compiler_metrics,True,compiler_metrics num_static_constructors opt valgrind,,77,,,,1776893845,2023-10-19 17:06:19,117.0,fafeb43eefd13b4df24d6526d729b15fb42b7d27,1319833,,,,,,,,,,,,,,,,,,,,,,,,,,,,,,,,,,,,,,,,,,,,,,,,,,TN,,,,,,,,,,
autoland,3646670,2,6311658df04f8b9dab1d842cf1ddc69e83bd8127,linux64-qr,,False,,,102210fe594ee9b33d82058545b1ed14f4c8206e,num_static_constructors,compiler_metrics,True,compiler_metrics num_static_constructors opt valgrind,,77,,,,1776978054,2023-10-19 19:42:20,117.0,65f9adac0751890da7b75d0e4018b4345524d1f5,1319918,,,,,,,,,,,,,,,,,,,,,,,,,,,,,,,,,,,,,,,,,,,,,,,,,,TN,,,,,,,,,,
autoland,3646670,2,6311658df04f8b9dab1d842cf1ddc69e83bd8127,linux64-qr,,False,,,102210fe594ee9b33d82058545b1ed14f4c8206e,num_static_constructors,compiler_metrics,True,compiler_metrics num_static_constructors opt valgrind,,77,,,,1777031847,2023-10-19 22:45:17,117.0,b557109f1b5dd0a5c7be013c630945f886e17708,1320076,,,,,,,,,,,,,,,,,,,,,,,,,,,,,,,,,,,,,,,,,,,,,,,,,,TN,,,,,,,,,,
autoland,3646670,2,6311658df04f8b9dab1d842cf1ddc69e83bd8127,linux64-qr,,False,,,102210fe594ee9b33d82058545b1ed14f4c8206e,num_static_constructors,compiler_metrics,True,compiler_metrics num_static_constructors opt valgrind,,77,,,,1777069348,2023-10-19 22:59:16,117.0,0546c85daa8d8b6f7a8c5a842fdf1a990215e249,1320081,,,,,,,,,,,,,,,,,,,,,,,,,,,,,,,,,,,,,,,,,,,,,,,,,,TN,,,,,,,,,,
autoland,3646670,2,6311658df04f8b9dab1d842cf1ddc69e83bd8127,linux64-qr,,False,,,102210fe594ee9b33d82058545b1ed14f4c8206e,num_static_constructors,compiler_metrics,True,compiler_metrics num_static_constructors opt valgrind,,77,,,,1777167354,2023-10-20 03:32:37,117.0,dc0d913ecc2486cafc7a005d2fe6705f2c7da222,1320137,,,,,,,,,,,,,,,,,,,,,,,,,,,,,,,,,,,,,,,,,,,,,,,,,,TN,,,,,,,,,,
autoland,3646670,2,6311658df04f8b9dab1d842cf1ddc69e83bd8127,linux64-qr,,False,,,102210fe594ee9b33d82058545b1ed14f4c8206e,num_static_constructors,compiler_metrics,True,compiler_metrics num_static_constructors opt valgrind,,77,,,,1777262061,2023-10-20 09:14:56,117.0,5ebf0b67d0519897b95e84598900434fe92b7abb,1320186,,,,,,,,,,,,,,,,,,,,,,,,,,,,,,,,,,,,,,,,,,,,,,,,,,TN,,,,,,,,,,
autoland,3646670,2,6311658df04f8b9dab1d842cf1ddc69e83bd8127,linux64-qr,,False,,,102210fe594ee9b33d82058545b1ed14f4c8206e,num_static_constructors,compiler_metrics,True,compiler_metrics num_static_constructors opt valgrind,,77,,,,1777381461,2023-10-20 14:06:35,117.0,dfa7f17930eb1b48ff7435494924a0711114e40a,1320283,,,,,,,,,,,,,,,,,,,,,,,,,,,,,,,,,,,,,,,,,,,,,,,,,,TN,,,,,,,,,,
autoland,3646670,2,6311658df04f8b9dab1d842cf1ddc69e83bd8127,linux64-qr,,False,,,102210fe594ee9b33d82058545b1ed14f4c8206e,num_static_constructors,compiler_metrics,True,compiler_metrics num_static_constructors opt valgrind,,77,,,,1777406809,2023-10-20 15:24:34,117.0,8f4fc4b6cc05c16482986671d19d546faf6cb212,1320314,,,,,,,,,,,,,,,,,,,,,,,,,,,,,,,,,,,,,,,,,,,,,,,,,,TN,,,,,,,,,,
autoland,3646670,2,6311658df04f8b9dab1d842cf1ddc69e83bd8127,linux64-qr,,False,,,102210fe594ee9b33d82058545b1ed14f4c8206e,num_static_constructors,compiler_metrics,True,compiler_metrics num_static_constructors opt valgrind,,77,,,,1777525888,2023-10-20 21:24:05,117.0,f4da998c2ad5be8d29b4e2523b56d9d5e2a58984,1320380,,,,,,,,,,,,,,,,,,,,,,,,,,,,,,,,,,,,,,,,,,,,,,,,,,TN,,,,,,,,,,
autoland,3646670,2,6311658df04f8b9dab1d842cf1ddc69e83bd8127,linux64-qr,,False,,,102210fe594ee9b33d82058545b1ed14f4c8206e,num_static_constructors,compiler_metrics,True,compiler_metrics num_static_constructors opt valgrind,,77,,,,1777659038,2023-10-21 14:30:38,117.0,4124eee4f58ca46e13cb937c757a2fe1875120f0,1320453,,,,,,,,,,,,,,,,,,,,,,,,,,,,,,,,,,,,,,,,,,,,,,,,,,TN,,,,,,,,,,
autoland,3646670,2,6311658df04f8b9dab1d842cf1ddc69e83bd8127,linux64-qr,,False,,,102210fe594ee9b33d82058545b1ed14f4c8206e,num_static_constructors,compiler_metrics,True,compiler_metrics num_static_constructors opt valgrind,,77,,,,1777769796,2023-10-22 19:07:04,117.0,529ec79bcdfd6a273fe6607c2a34bcc93c009ec5,1320522,,,,,,,,,,,,,,,,,,,,,,,,,,,,,,,,,,,,,,,,,,,,,,,,,,TN,,,,,,,,,,
autoland,3646670,2,6311658df04f8b9dab1d842cf1ddc69e83bd8127,linux64-qr,,False,,,102210fe594ee9b33d82058545b1ed14f4c8206e,num_static_constructors,compiler_metrics,True,compiler_metrics num_static_constructors opt valgrind,,77,,,,1777840171,2023-10-22 21:46:31,117.0,52f2e6e80f6f7d8ab6eaaa36c4aa47c5be27a7a1,1320539,,,,,,,,,,,,,,,,,,,,,,,,,,,,,,,,,,,,,,,,,,,,,,,,,,TN,,,,,,,,,,
autoland,3646670,2,6311658df04f8b9dab1d842cf1ddc69e83bd8127,linux64-qr,,False,,,102210fe594ee9b33d82058545b1ed14f4c8206e,num_static_constructors,compiler_metrics,True,compiler_metrics num_static_constructors opt valgrind,,77,,,,1777985994,2023-10-23 09:59:46,117.0,3b1bb1524b9060ea54f96bef98b0c53eed1cb7e3,1320702,,,,,,,,,,,,,,,,,,,,,,,,,,,,,,,,,,,,,,,,,,,,,,,,,,TN,,,,,,,,,,
autoland,3646670,2,6311658df04f8b9dab1d842cf1ddc69e83bd8127,linux64-qr,,False,,,102210fe594ee9b33d82058545b1ed14f4c8206e,num_static_constructors,compiler_metrics,True,compiler_metrics num_static_constructors opt valgrind,,77,,,,1778006365,2023-10-23 11:07:29,117.0,acba8a75249bc2b26b143d4d2830575cf0d7bcc2,1320744,,,,,,,,,,,,,,,,,,,,,,,,,,,,,,,,,,,,,,,,,,,,,,,,,,TN,,,,,,,,,,
autoland,3646670,2,6311658df04f8b9dab1d842cf1ddc69e83bd8127,linux64-qr,,False,,,102210fe594ee9b33d82058545b1ed14f4c8206e,num_static_constructors,compiler_metrics,True,compiler_metrics num_static_constructors opt valgrind,,77,,,,1778041109,2023-10-23 12:26:53,117.0,818b5938920e6868a3f3b5a16b0c972bd8ec5cfc,1320781,,,,,,,,,,,,,,,,,,,,,,,,,,,,,,,,,,,,,,,,,,,,,,,,,,TN,,,,,,,,,,
autoland,3646670,2,6311658df04f8b9dab1d842cf1ddc69e83bd8127,linux64-qr,,False,,,102210fe594ee9b33d82058545b1ed14f4c8206e,num_static_constructors,compiler_metrics,True,compiler_metrics num_static_constructors opt valgrind,,77,,,,1778178107,2023-10-23 12:27:44,117.0,074ddccfc6670610642f63c0ddd1b343a5b6dec2,1320782,,,,,,,,,,,,,,,,,,,,,,,,,,,,,,,,,,,,,,,,,,,,,,,,,,TN,,,,,,,,,,
autoland,3646670,2,6311658df04f8b9dab1d842cf1ddc69e83bd8127,linux64-qr,,False,,,102210fe594ee9b33d82058545b1ed14f4c8206e,num_static_constructors,compiler_metrics,True,compiler_metrics num_static_constructors opt valgrind,,77,,,,1778178089,2023-10-23 13:07:03,117.0,636c436924a7e5772176b96580201dce74b40818,1320800,,,,,,,,,,,,,,,,,,,,,,,,,,,,,,,,,,,,,,,,,,,,,,,,,,TN,,,,,,,,,,
autoland,3646670,2,6311658df04f8b9dab1d842cf1ddc69e83bd8127,linux64-qr,,False,,,102210fe594ee9b33d82058545b1ed14f4c8206e,num_static_constructors,compiler_metrics,True,compiler_metrics num_static_constructors opt valgrind,,77,,,,1778173775,2023-10-23 13:10:05,117.0,faf426a5614e29d5b72f9909480da5fcf3682ec2,1320801,,,,,,,,,,,,,,,,,,,,,,,,,,,,,,,,,,,,,,,,,,,,,,,,,,TN,,,,,,,,,,
autoland,3646670,2,6311658df04f8b9dab1d842cf1ddc69e83bd8127,linux64-qr,,False,,,102210fe594ee9b33d82058545b1ed14f4c8206e,num_static_constructors,compiler_metrics,True,compiler_metrics num_static_constructors opt valgrind,,77,,,,1778173469,2023-10-23 13:11:13,117.0,d02d47db8d23590729c80101eac6814452bb63a5,1320803,,,,,,,,,,,,,,,,,,,,,,,,,,,,,,,,,,,,,,,,,,,,,,,,,,TN,,,,,,,,,,
autoland,3646670,2,6311658df04f8b9dab1d842cf1ddc69e83bd8127,linux64-qr,,False,,,102210fe594ee9b33d82058545b1ed14f4c8206e,num_static_constructors,compiler_metrics,True,compiler_metrics num_static_constructors opt valgrind,,77,,,,1778178241,2023-10-23 13:13:49,117.0,97c3c6c62b05b45f95ace30ae4798ae5c89af776,1320805,,,,,,,,,,,,,,,,,,,,,,,,,,,,,,,,,,,,,,,,,,,,,,,,,,TN,,,,,,,,,,
autoland,3646670,2,6311658df04f8b9dab1d842cf1ddc69e83bd8127,linux64-qr,,False,,,102210fe594ee9b33d82058545b1ed14f4c8206e,num_static_constructors,compiler_metrics,True,compiler_metrics num_static_constructors opt valgrind,,77,,,,1778177869,2023-10-23 13:41:17,117.0,82c0efe382655a52d0d24628862fa416c4f66c0a,1320840,,,,,,,,,,,,,,,,,,,,,,,,,,,,,,,,,,,,,,,,,,,,,,,,,,TN,,,,,,,,,,
autoland,3646670,2,6311658df04f8b9dab1d842cf1ddc69e83bd8127,linux64-qr,,False,,,102210fe594ee9b33d82058545b1ed14f4c8206e,num_static_constructors,compiler_metrics,True,compiler_metrics num_static_constructors opt valgrind,,77,,,,1778177849,2023-10-23 14:02:43,117.0,02eefc6ff7a472c3443d7c9dce3479eb24a2c821,1320867,,,,,,,,,,,,,,,,,,,,,,,,,,,,,,,,,,,,,,,,,,,,,,,,,,TN,,,,,,,,,,
autoland,3646670,2,6311658df04f8b9dab1d842cf1ddc69e83bd8127,linux64-qr,,False,,,102210fe594ee9b33d82058545b1ed14f4c8206e,num_static_constructors,compiler_metrics,True,compiler_metrics num_static_constructors opt valgrind,,77,,,,1778128419,2023-10-23 14:03:53,117.0,714aaf6484fb2934f16428d5df6ec0d6c32e0e73,1320869,,,,,,,,,,,,,,,,,,,,,,,,,,,,,,,,,,,,,,,,,,,,,,,,,,TN,,,,,,,,,,
autoland,3646670,2,6311658df04f8b9dab1d842cf1ddc69e83bd8127,linux64-qr,,False,,,102210fe594ee9b33d82058545b1ed14f4c8206e,num_static_constructors,compiler_metrics,True,compiler_metrics num_static_constructors opt valgrind,,77,,,,1778132294,2023-10-23 14:03:53,117.0,714aaf6484fb2934f16428d5df6ec0d6c32e0e73,1320869,,,,,,,,,,,,,,,,,,,,,,,,,,,,,,,,,,,,,,,,,,,,,,,,,,TN,,,,,,,,,,
autoland,3646670,2,6311658df04f8b9dab1d842cf1ddc69e83bd8127,linux64-qr,,False,,,102210fe594ee9b33d82058545b1ed14f4c8206e,num_static_constructors,compiler_metrics,True,compiler_metrics num_static_constructors opt valgrind,,77,,,,1778132196,2023-10-23 14:03:53,117.0,714aaf6484fb2934f16428d5df6ec0d6c32e0e73,1320869,,,,,,,,,,,,,,,,,,,,,,,,,,,,,,,,,,,,,,,,,,,,,,,,,,TN,,,,,,,,,,
autoland,3646670,2,6311658df04f8b9dab1d842cf1ddc69e83bd8127,linux64-qr,,False,,,102210fe594ee9b33d82058545b1ed14f4c8206e,num_static_constructors,compiler_metrics,True,compiler_metrics num_static_constructors opt valgrind,,77,,,,1778164261,2023-10-23 14:03:53,117.0,714aaf6484fb2934f16428d5df6ec0d6c32e0e73,1320869,,,,,,,,,,,,,,,,,,,,,,,,,,,,,,,,,,,,,,,,,,,,,,,,,,TN,,,,,,,,,,
autoland,3646670,2,6311658df04f8b9dab1d842cf1ddc69e83bd8127,linux64-qr,,False,,,102210fe594ee9b33d82058545b1ed14f4c8206e,num_static_constructors,compiler_metrics,True,compiler_metrics num_static_constructors opt valgrind,,77,,,,1778086846,2023-10-23 14:09:05,117.0,f2961f6ece1fcfc72f7072a840013b0d4e7d5a71,1320877,,,,,,,,,,,,,,,,,,,,,,,,,,,,,,,,,,,,,,,,,,,,,,,,,,TN,,,,,,,,,,
autoland,3646670,2,6311658df04f8b9dab1d842cf1ddc69e83bd8127,linux64-qr,,False,,,102210fe594ee9b33d82058545b1ed14f4c8206e,num_static_constructors,compiler_metrics,True,compiler_metrics num_static_constructors opt valgrind,,77,,,,1778117194,2023-10-23 14:09:05,117.0,f2961f6ece1fcfc72f7072a840013b0d4e7d5a71,1320877,,,,,,,,,,,,,,,,,,,,,,,,,,,,,,,,,,,,,,,,,,,,,,,,,,TN,,,,,,,,,,
autoland,3646670,2,6311658df04f8b9dab1d842cf1ddc69e83bd8127,linux64-qr,,False,,,102210fe594ee9b33d82058545b1ed14f4c8206e,num_static_constructors,compiler_metrics,True,compiler_metrics num_static_constructors opt valgrind,,77,,,,1778120688,2023-10-23 14:09:05,117.0,f2961f6ece1fcfc72f7072a840013b0d4e7d5a71,1320877,,,,,,,,,,,,,,,,,,,,,,,,,,,,,,,,,,,,,,,,,,,,,,,,,,TN,,,,,,,,,,
autoland,3646670,2,6311658df04f8b9dab1d842cf1ddc69e83bd8127,linux64-qr,,False,,,102210fe594ee9b33d82058545b1ed14f4c8206e,num_static_constructors,compiler_metrics,True,compiler_metrics num_static_constructors opt valgrind,,77,,,,1778120622,2023-10-23 14:09:05,117.0,f2961f6ece1fcfc72f7072a840013b0d4e7d5a71,1320877,,,,,,,,,,,,,,,,,,,,,,,,,,,,,,,,,,,,,,,,,,,,,,,,,,TN,,,,,,,,,,
autoland,3646670,2,6311658df04f8b9dab1d842cf1ddc69e83bd8127,linux64-qr,,False,,,102210fe594ee9b33d82058545b1ed14f4c8206e,num_static_constructors,compiler_metrics,True,compiler_metrics num_static_constructors opt valgrind,,77,,,,1778121374,2023-10-23 14:09:05,117.0,f2961f6ece1fcfc72f7072a840013b0d4e7d5a71,1320877,,,,,,,,,,,,,,,,,,,,,,,,,,,,,,,,,,,,,,,,,,,,,,,,,,TN,,,,,,,,,,
autoland,3646670,2,6311658df04f8b9dab1d842cf1ddc69e83bd8127,linux64-qr,,False,,,102210fe594ee9b33d82058545b1ed14f4c8206e,num_static_constructors,compiler_metrics,True,compiler_metrics num_static_constructors opt valgrind,,77,,,,1778128992,2023-10-23 14:09:05,117.0,f2961f6ece1fcfc72f7072a840013b0d4e7d5a71,1320877,,,,,,,,,,,,,,,,,,,,,,,,,,,,,,,,,,,,,,,,,,,,,,,,,,TN,,,,,,,,,,
autoland,3646670,2,6311658df04f8b9dab1d842cf1ddc69e83bd8127,linux64-qr,,False,,,102210fe594ee9b33d82058545b1ed14f4c8206e,num_static_constructors,compiler_metrics,True,compiler_metrics num_static_constructors opt valgrind,,77,,,,1778173798,2023-10-23 15:48:05,117.0,f222bdcd6517e233cb62a3164afd50fd17a55e62,1320978,,,,,,,,,,,,,,,,,,,,,,,,,,,,,,,,,,,,,,,,,,,,,,,,,,TN,,,,,,,,,,
autoland,3646670,2,6311658df04f8b9dab1d842cf1ddc69e83bd8127,linux64-qr,,False,,,102210fe594ee9b33d82058545b1ed14f4c8206e,num_static_constructors,compiler_metrics,True,compiler_metrics num_static_constructors opt valgrind,,77,,,,1778252121,2023-10-23 15:48:05,117.0,f222bdcd6517e233cb62a3164afd50fd17a55e62,1320978,,,,,,,,,,,,,,,,,,,,,,,,,,,,,,,,,,,,,,,,,,,,,,,,,,TN,,,,,,,,,,
autoland,3646670,2,6311658df04f8b9dab1d842cf1ddc69e83bd8127,linux64-qr,,False,,,102210fe594ee9b33d82058545b1ed14f4c8206e,num_static_constructors,compiler_metrics,True,compiler_metrics num_static_constructors opt valgrind,,77,,,,1778250091,2023-10-23 15:48:05,117.0,f222bdcd6517e233cb62a3164afd50fd17a55e62,1320978,,,,,,,,,,,,,,,,,,,,,,,,,,,,,,,,,,,,,,,,,,,,,,,,,,TN,,,,,,,,,,
autoland,3646670,2,6311658df04f8b9dab1d842cf1ddc69e83bd8127,linux64-qr,,False,,,102210fe594ee9b33d82058545b1ed14f4c8206e,num_static_constructors,compiler_metrics,True,compiler_metrics num_static_constructors opt valgrind,,77,,,,1778243411,2023-10-23 16:50:02,117.0,ae9f9bf644bbfad3ab8d49829d97d364f194cf23,1321027,,,,,,,,,,,,,,,,,,,,,,,,,,,,,,,,,,,,,,,,,,,,,,,,,,TN,,,,,,,,,,
autoland,3646670,2,6311658df04f8b9dab1d842cf1ddc69e83bd8127,linux64-qr,,False,,,102210fe594ee9b33d82058545b1ed14f4c8206e,num_static_constructors,compiler_metrics,True,compiler_metrics num_static_constructors opt valgrind,,77,,,,1778286118,2023-10-23 17:53:04,117.0,00c1813123fd4ca7ec1446ebdabe2848814e550e,1321095,,,,,,,,,,,,,,,,,,,,,,,,,,,,,,,,,,,,,,,,,,,,,,,,,,TN,,,,,,,,,,
autoland,3646670,2,6311658df04f8b9dab1d842cf1ddc69e83bd8127,linux64-qr,,False,,,102210fe594ee9b33d82058545b1ed14f4c8206e,num_static_constructors,compiler_metrics,True,compiler_metrics num_static_constructors opt valgrind,,77,,,,1778322568,2023-10-23 18:59:40,116.0,d2f2e4387777e76c458d784b59216c07e805ecf7,1321156,,,,,,,,,,,,,,,,,,,,,,,,,,,,,,,,,,,,,,,,,,,,,,,,,,TN,,,,,,,,,,
autoland,3646670,2,6311658df04f8b9dab1d842cf1ddc69e83bd8127,linux64-qr,,False,,,102210fe594ee9b33d82058545b1ed14f4c8206e,num_static_constructors,compiler_metrics,True,compiler_metrics num_static_constructors opt valgrind,,77,,,,1778428087,2023-10-23 20:36:06,116.0,0fdbf0a455f26afa0a7a0390d6a380e318fce9d4,1321210,,,,,,,,,,,,,,,,,,,,,,,,,,,,,,,,,,,,,,,,,,,,,,,,,,TN,,,,,,,,,,
autoland,3646670,2,6311658df04f8b9dab1d842cf1ddc69e83bd8127,linux64-qr,,False,,,102210fe594ee9b33d82058545b1ed14f4c8206e,num_static_constructors,compiler_metrics,True,compiler_metrics num_static_constructors opt valgrind,,77,,,,1778481885,2023-10-23 21:47:12,116.0,4b8cd756768aa9c15853f687f5e9be7d11692c3b,1321262,,,,,,,,,,,,,,,,,,,,,,,,,,,,,,,,,,,,,,,,,,,,,,,,,,TN,,,,,,,,,,
autoland,3646670,2,6311658df04f8b9dab1d842cf1ddc69e83bd8127,linux64-qr,,False,,,102210fe594ee9b33d82058545b1ed14f4c8206e,num_static_constructors,compiler_metrics,True,compiler_metrics num_static_constructors opt valgrind,,77,,,,1778667934,2023-10-23 21:57:34,116.0,75f62a89f923568bb4d1ce44bb4a135472316a21,1321270,,,,,,,,,,,,,,,,,,,,,,,,,,,,,,,,,,,,,,,,,,,,,,,,,,TN,,,,,,,,,,
autoland,3646670,2,6311658df04f8b9dab1d842cf1ddc69e83bd8127,linux64-qr,,False,,,102210fe594ee9b33d82058545b1ed14f4c8206e,num_static_constructors,compiler_metrics,True,compiler_metrics num_static_constructors opt valgrind,,77,,,,1778667200,2023-10-23 22:02:15,116.0,c56b724c90568c2dca6e563a26b5c8065107f038,1321275,,,,,,,,,,,,,,,,,,,,,,,,,,,,,,,,,,,,,,,,,,,,,,,,,,TN,,,,,,,,,,
autoland,3646670,2,6311658df04f8b9dab1d842cf1ddc69e83bd8127,linux64-qr,,False,,,102210fe594ee9b33d82058545b1ed14f4c8206e,num_static_constructors,compiler_metrics,True,compiler_metrics num_static_constructors opt valgrind,,77,,,,1778666263,2023-10-23 22:41:11,116.0,75fa2810fdcf8d49c9d1bf7c5b58180f155ec38f,1321298,,,,,,,,,,,,,,,,,,,,,,,,,,,,,,,,,,,,,,,,,,,,,,,,,,TN,,,,,,,,,,
autoland,3646670,2,6311658df04f8b9dab1d842cf1ddc69e83bd8127,linux64-qr,,False,,,102210fe594ee9b33d82058545b1ed14f4c8206e,num_static_constructors,compiler_metrics,True,compiler_metrics num_static_constructors opt valgrind,,77,,,,1778667663,2023-10-23 22:44:30,116.0,3e015d8116f7846c673df5cd426dd8b88060e2b1,1321300,,,,,,,,,,,,,,,,,,,,,,,,,,,,,,,,,,,,,,,,,,,,,,,,,,TN,,,,,,,,,,
autoland,3646670,2,6311658df04f8b9dab1d842cf1ddc69e83bd8127,linux64-qr,,False,,,102210fe594ee9b33d82058545b1ed14f4c8206e,num_static_constructors,compiler_metrics,True,compiler_metrics num_static_constructors opt valgrind,,77,,,,1778700543,2023-10-23 22:50:56,116.0,dec95bfd8d3929e710e8835971c52785d2453cbb,1321304,,,,,,,,,,,,,,,,,,,,,,,,,,,,,,,,,,,,,,,,,,,,,,,,,,TN,,,,,,,,,,
autoland,3646670,2,6311658df04f8b9dab1d842cf1ddc69e83bd8127,linux64-qr,,False,,,102210fe594ee9b33d82058545b1ed14f4c8206e,num_static_constructors,compiler_metrics,True,compiler_metrics num_static_constructors opt valgrind,,77,,,,1778639596,2023-10-23 22:56:34,116.0,261b2cf2977750574f29cc1b3af177aae7559f86,1321309,,,,,,,,,,,,,,,,,,,,,,,,,,,,,,,,,,,,,,,,,,,,,,,,,,TN,,,,,,,,,,
autoland,3646670,2,6311658df04f8b9dab1d842cf1ddc69e83bd8127,linux64-qr,,False,,,102210fe594ee9b33d82058545b1ed14f4c8206e,num_static_constructors,compiler_metrics,True,compiler_metrics num_static_constructors opt valgrind,,77,,,,1778632556,2023-10-23 23:13:41,116.0,e4557e65b6c5e8e95495d9bbd24f147e14c9d88a,1321313,,,,,,,,,,,,,,,,,,,,,,,,,,,,,,,,,,,,,,,,,,,,,,,,,,TN,,,,,,,,,,
autoland,3646670,2,6311658df04f8b9dab1d842cf1ddc69e83bd8127,linux64-qr,,False,,,102210fe594ee9b33d82058545b1ed14f4c8206e,num_static_constructors,compiler_metrics,True,compiler_metrics num_static_constructors opt valgrind,,77,,,,1778638614,2023-10-23 23:41:09,116.0,9e0814d9dc090ab767d01f2c435676c66291c835,1321324,,,,,,,,,,,,,,,,,,,,,,,,,,,,,,,,,,,,,,,,,,,,,,,,,,TN,,,,,,,,,,
autoland,3646670,2,6311658df04f8b9dab1d842cf1ddc69e83bd8127,linux64-qr,,False,,,102210fe594ee9b33d82058545b1ed14f4c8206e,num_static_constructors,compiler_metrics,True,compiler_metrics num_static_constructors opt valgrind,,77,,,,1778637903,2023-10-24 00:16:25,116.0,622e0643fff8ba632ce18ce132c977c5c2291b15,1321346,,,,,,,,,,,,,,,,,,,,,,,,,,,,,,,,,,,,,,,,,,,,,,,,,,TN,,,,,,,,,,
autoland,3646670,2,6311658df04f8b9dab1d842cf1ddc69e83bd8127,linux64-qr,,False,,,102210fe594ee9b33d82058545b1ed14f4c8206e,num_static_constructors,compiler_metrics,True,compiler_metrics num_static_constructors opt valgrind,,77,,,,1778586846,2023-10-24 00:49:55,116.0,ed9d130c38a8858740845db8ec5c8bb7e68cce65,1321359,,,,,,,,,,,,,,,,,,,,,,,,,,,,,,,,,,,,,,,,,,,,,,,,,,TN,,,,,,,,,,
autoland,3646670,2,6311658df04f8b9dab1d842cf1ddc69e83bd8127,linux64-qr,,False,,,102210fe594ee9b33d82058545b1ed14f4c8206e,num_static_constructors,compiler_metrics,True,compiler_metrics num_static_constructors opt valgrind,,77,,,,1778601576,2023-10-24 00:49:55,116.0,ed9d130c38a8858740845db8ec5c8bb7e68cce65,1321359,,,,,,,,,,,,,,,,,,,,,,,,,,,,,,,,,,,,,,,,,,,,,,,,,,TN,,,,,,,,,,
autoland,3646670,2,6311658df04f8b9dab1d842cf1ddc69e83bd8127,linux64-qr,,False,,,102210fe594ee9b33d82058545b1ed14f4c8206e,num_static_constructors,compiler_metrics,True,compiler_metrics num_static_constructors opt valgrind,,77,,,,1778614378,2023-10-24 00:49:55,116.0,ed9d130c38a8858740845db8ec5c8bb7e68cce65,1321359,,,,,,,,,,,,,,,,,,,,,,,,,,,,,,,,,,,,,,,,,,,,,,,,,,TN,,,,,,,,,,
autoland,3646670,2,6311658df04f8b9dab1d842cf1ddc69e83bd8127,linux64-qr,,False,,,102210fe594ee9b33d82058545b1ed14f4c8206e,num_static_constructors,compiler_metrics,True,compiler_metrics num_static_constructors opt valgrind,,77,,,,1778619774,2023-10-24 00:49:55,116.0,ed9d130c38a8858740845db8ec5c8bb7e68cce65,1321359,,,,,,,,,,,,,,,,,,,,,,,,,,,,,,,,,,,,,,,,,,,,,,,,,,TN,,,,,,,,,,
autoland,3646670,2,6311658df04f8b9dab1d842cf1ddc69e83bd8127,linux64-qr,,False,,,102210fe594ee9b33d82058545b1ed14f4c8206e,num_static_constructors,compiler_metrics,True,compiler_metrics num_static_constructors opt valgrind,,77,,,,1778711760,2023-10-24 02:58:30,116.0,666767cb8884c56fcf2368c5ffa32208c76ba2b5,1321392,,,,,,,,,,,,,,,,,,,,,,,,,,,,,,,,,,,,,,,,,,,,,,,,,,TN,,,,,,,,,,
autoland,3646670,2,6311658df04f8b9dab1d842cf1ddc69e83bd8127,linux64-qr,,False,,,102210fe594ee9b33d82058545b1ed14f4c8206e,num_static_constructors,compiler_metrics,True,compiler_metrics num_static_constructors opt valgrind,,77,,,,1778783996,2023-10-24 05:06:29,116.0,bcdbc81d4adffb0c3b1e04e1854e43cf49314d92,1321416,,,,,,,,,,,,,,,,,,,,,,,,,,,,,,,,,,,,,,,,,,,,,,,,,,TN,,,,,,,,,,
autoland,3646670,2,6311658df04f8b9dab1d842cf1ddc69e83bd8127,linux64-qr,,False,,,102210fe594ee9b33d82058545b1ed14f4c8206e,num_static_constructors,compiler_metrics,True,compiler_metrics num_static_constructors opt valgrind,,77,,,,1778890789,2023-10-24 08:18:26,116.0,36a87a6432703a1f3a1f2a92756c90146a19e5f2,1321456,,,,,,,,,,,,,,,,,,,,,,,,,,,,,,,,,,,,,,,,,,,,,,,,,,TN,,,,,,,,,,
autoland,3646670,2,6311658df04f8b9dab1d842cf1ddc69e83bd8127,linux64-qr,,False,,,102210fe594ee9b33d82058545b1ed14f4c8206e,num_static_constructors,compiler_metrics,True,compiler_metrics num_static_constructors opt valgrind,,77,,,,1778977702,2023-10-24 10:50:59,116.0,4464bb718d563df6d3ce1209788fffe735f4c65e,1321534,,,,,,,,,,,,,,,,,,,,,,,,,,,,,,,,,,,,,,,,,,,,,,,,,,TN,,,,,,,,,,
autoland,3646670,2,6311658df04f8b9dab1d842cf1ddc69e83bd8127,linux64-qr,,False,,,102210fe594ee9b33d82058545b1ed14f4c8206e,num_static_constructors,compiler_metrics,True,compiler_metrics num_static_constructors opt valgrind,,77,,,,1778980323,2023-10-24 10:50:59,116.0,4464bb718d563df6d3ce1209788fffe735f4c65e,1321534,,,,,,,,,,,,,,,,,,,,,,,,,,,,,,,,,,,,,,,,,,,,,,,,,,TN,,,,,,,,,,
autoland,3646670,2,6311658df04f8b9dab1d842cf1ddc69e83bd8127,linux64-qr,,False,,,102210fe594ee9b33d82058545b1ed14f4c8206e,num_static_constructors,compiler_metrics,True,compiler_metrics num_static_constructors opt valgrind,,77,,,,1779035556,2023-10-24 12:23:09,116.0,ea758c7008d76a67d75d4874bb1a1a00838f4128,1321565,,,,,,,,,,,,,,,,,,,,,,,,,,,,,,,,,,,,,,,,,,,,,,,,,,TN,,,,,,,,,,
autoland,3646670,2,6311658df04f8b9dab1d842cf1ddc69e83bd8127,linux64-qr,,False,,,102210fe594ee9b33d82058545b1ed14f4c8206e,num_static_constructors,compiler_metrics,True,compiler_metrics num_static_constructors opt valgrind,,77,,,,1779061157,2023-10-24 13:48:19,116.0,eccda51a6f68b20cfe9af1e94b9336b9856b103e,1321616,,,,,,,,,,,,,,,,,,,,,,,,,,,,,,,,,,,,,,,,,,,,,,,,,,TN,,,,,,,,,,
autoland,3646670,2,6311658df04f8b9dab1d842cf1ddc69e83bd8127,linux64-qr,,False,,,102210fe594ee9b33d82058545b1ed14f4c8206e,num_static_constructors,compiler_metrics,True,compiler_metrics num_static_constructors opt valgrind,,77,,,,1779249183,2023-10-24 17:52:45,116.0,b2dec8a51f6e781be65a730cfde18a11c9569f94,1321799,,,,,,,,,,,,,,,,,,,,,,,,,,,,,,,,,,,,,,,,,,,,,,,,,,TN,,,,,,,,,,
autoland,3646670,2,6311658df04f8b9dab1d842cf1ddc69e83bd8127,linux64-qr,,False,,,102210fe594ee9b33d82058545b1ed14f4c8206e,num_static_constructors,compiler_metrics,True,compiler_metrics num_static_constructors opt valgrind,,77,,,,1779489407,2023-10-24 21:54:59,116.0,27ee97bc90986bde66dfb122cc4c8a6a3730e4a3,1321984,,,,,,,,,,,,,,,,,,,,,,,,,,,,,,,,,,,,,,,,,,,,,,,,,,TN,,,,,,,,,,
autoland,3646670,2,6311658df04f8b9dab1d842cf1ddc69e83bd8127,linux64-qr,,False,,,102210fe594ee9b33d82058545b1ed14f4c8206e,num_static_constructors,compiler_metrics,True,compiler_metrics num_static_constructors opt valgrind,,77,,,,1779618474,2023-10-25 01:35:01,116.0,edfb4ab939a51c9dc131c959da539ef71f17cf5f,1322066,,,,,,,,,,,,,,,,,,,,,,,,,,,,,,,,,,,,,,,,,,,,,,,,,,TN,,,,,,,,,,
autoland,3646670,2,6311658df04f8b9dab1d842cf1ddc69e83bd8127,linux64-qr,,False,,,102210fe594ee9b33d82058545b1ed14f4c8206e,num_static_constructors,compiler_metrics,True,compiler_metrics num_static_constructors opt valgrind,,77,,,,1779698524,2023-10-25 05:46:17,116.0,c00936a538d944ced81780de7e2670806145f0ec,1322115,,,,,,,,,,,,,,,,,,,,,,,,,,,,,,,,,,,,,,,,,,,,,,,,,,TN,,,,,,,,,,
autoland,3646670,2,6311658df04f8b9dab1d842cf1ddc69e83bd8127,linux64-qr,,False,,,102210fe594ee9b33d82058545b1ed14f4c8206e,num_static_constructors,compiler_metrics,True,compiler_metrics num_static_constructors opt valgrind,,77,,,,1779782061,2023-10-25 09:30:39,116.0,49b36f40d55b0420698f844e3efa251d02dd6bae,1322195,,,,,,,,,,,,,,,,,,,,,,,,,,,,,,,,,,,,,,,,,,,,,,,,,,TN,,,,,,,,,,
autoland,3646670,2,6311658df04f8b9dab1d842cf1ddc69e83bd8127,linux64-qr,,False,,,102210fe594ee9b33d82058545b1ed14f4c8206e,num_static_constructors,compiler_metrics,True,compiler_metrics num_static_constructors opt valgrind,,77,,,,1779998977,2023-10-25 09:34:37,116.0,46326a19988d8c009c6cda74ce2c971f81390ee1,1322198,,,,,,,,,,,,,,,,,,,,,,,,,,,,,,,,,,,,,,,,,,,,,,,,,,TN,,,,,,,,,,
autoland,3646670,2,6311658df04f8b9dab1d842cf1ddc69e83bd8127,linux64-qr,,False,,,102210fe594ee9b33d82058545b1ed14f4c8206e,num_static_constructors,compiler_metrics,True,compiler_metrics num_static_constructors opt valgrind,,77,,,,1779998191,2023-10-25 09:40:53,116.0,0a7675c068a0532f2cf982aa882f03a8820065af,1322200,,,,,,,,,,,,,,,,,,,,,,,,,,,,,,,,,,,,,,,,,,,,,,,,,,TN,,,,,,,,,,
autoland,3646670,2,6311658df04f8b9dab1d842cf1ddc69e83bd8127,linux64-qr,,False,,,102210fe594ee9b33d82058545b1ed14f4c8206e,num_static_constructors,compiler_metrics,True,compiler_metrics num_static_constructors opt valgrind,,77,,,,1779999367,2023-10-25 09:41:48,116.0,85ec9ef6176c4134ad5846af3ed41a44ef9720f6,1322201,,,,,,,,,,,,,,,,,,,,,,,,,,,,,,,,,,,,,,,,,,,,,,,,,,TN,,,,,,,,,,
autoland,3646670,2,6311658df04f8b9dab1d842cf1ddc69e83bd8127,linux64-qr,,False,,,102210fe594ee9b33d82058545b1ed14f4c8206e,num_static_constructors,compiler_metrics,True,compiler_metrics num_static_constructors opt valgrind,,77,,,,1780001720,2023-10-25 09:44:18,116.0,dc00edd0eac661d1b7c9c4451cdc2839530112bb,1322202,,,,,,,,,,,,,,,,,,,,,,,,,,,,,,,,,,,,,,,,,,,,,,,,,,TN,,,,,,,,,,
autoland,3646670,2,6311658df04f8b9dab1d842cf1ddc69e83bd8127,linux64-qr,,False,,,102210fe594ee9b33d82058545b1ed14f4c8206e,num_static_constructors,compiler_metrics,True,compiler_metrics num_static_constructors opt valgrind,,77,,,,1779786459,2023-10-25 09:46:40,116.0,03d61eb955a9ac6e3374ca4c5504edc41cd1aa4a,1322203,,,,,,,,,,,,,,,,,,,,,,,,,,,,,,,,,,,,,,,,,,,,,,,,,,TN,,,,,,,,,,
autoland,3646670,2,6311658df04f8b9dab1d842cf1ddc69e83bd8127,linux64-qr,,False,,,102210fe594ee9b33d82058545b1ed14f4c8206e,num_static_constructors,compiler_metrics,True,compiler_metrics num_static_constructors opt valgrind,,77,,,,1779998491,2023-10-25 09:46:40,116.0,03d61eb955a9ac6e3374ca4c5504edc41cd1aa4a,1322203,,,,,,,,,,,,,,,,,,,,,,,,,,,,,,,,,,,,,,,,,,,,,,,,,,TN,,,,,,,,,,
autoland,3646670,2,6311658df04f8b9dab1d842cf1ddc69e83bd8127,linux64-qr,,False,,,102210fe594ee9b33d82058545b1ed14f4c8206e,num_static_constructors,compiler_metrics,True,compiler_metrics num_static_constructors opt valgrind,,77,,,,1779996217,2023-10-25 11:10:57,116.0,8ec6f596ae83df6958c95884773e5fd109dd83ed,1322240,,,,,,,,,,,,,,,,,,,,,,,,,,,,,,,,,,,,,,,,,,,,,,,,,,TN,,,,,,,,,,
autoland,3646670,2,6311658df04f8b9dab1d842cf1ddc69e83bd8127,linux64-qr,,False,,,102210fe594ee9b33d82058545b1ed14f4c8206e,num_static_constructors,compiler_metrics,True,compiler_metrics num_static_constructors opt valgrind,,77,,,,1779996196,2023-10-25 11:54:45,116.0,15de815b169e9973b07d60815f7e79ae6e28c86e,1322259,,,,,,,,,,,,,,,,,,,,,,,,,,,,,,,,,,,,,,,,,,,,,,,,,,TN,,,,,,,,,,
autoland,3646670,2,6311658df04f8b9dab1d842cf1ddc69e83bd8127,linux64-qr,,False,,,102210fe594ee9b33d82058545b1ed14f4c8206e,num_static_constructors,compiler_metrics,True,compiler_metrics num_static_constructors opt valgrind,,77,,,,1779998018,2023-10-25 12:13:33,116.0,cedf8dc8e1e8044063bd82d5ed6fcf81194a2ede,1322265,,,,,,,,,,,,,,,,,,,,,,,,,,,,,,,,,,,,,,,,,,,,,,,,,,TN,,,,,,,,,,
autoland,3646670,2,6311658df04f8b9dab1d842cf1ddc69e83bd8127,linux64-qr,,False,,,102210fe594ee9b33d82058545b1ed14f4c8206e,num_static_constructors,compiler_metrics,True,compiler_metrics num_static_constructors opt valgrind,,77,,,,1779998606,2023-10-25 12:24:56,116.0,3281f4f797df83a0975b31ec5e95d4fc8c832923,1322275,,,,,,,,,,,,,,,,,,,,,,,,,,,,,,,,,,,,,,,,,,,,,,,,,,TN,,,,,,,,,,
autoland,3646670,2,6311658df04f8b9dab1d842cf1ddc69e83bd8127,linux64-qr,,False,,,102210fe594ee9b33d82058545b1ed14f4c8206e,num_static_constructors,compiler_metrics,True,compiler_metrics num_static_constructors opt valgrind,,77,,,,1779926952,2023-10-25 12:40:12,116.0,44697a7ca8612ae5a4807f530347c3df1d2c191a,1322280,,,,,,,,,,,,,,,,,,,,,,,,,,,,,,,,,,,,,,,,,,,,,,,,,,TN,,,,,,,,,,
autoland,3646670,2,6311658df04f8b9dab1d842cf1ddc69e83bd8127,linux64-qr,,False,,,102210fe594ee9b33d82058545b1ed14f4c8206e,num_static_constructors,compiler_metrics,True,compiler_metrics num_static_constructors opt valgrind,,77,,,,1779966675,2023-10-25 12:40:12,116.0,44697a7ca8612ae5a4807f530347c3df1d2c191a,1322280,,,,,,,,,,,,,,,,,,,,,,,,,,,,,,,,,,,,,,,,,,,,,,,,,,TN,,,,,,,,,,
autoland,3646670,2,6311658df04f8b9dab1d842cf1ddc69e83bd8127,linux64-qr,,False,,,102210fe594ee9b33d82058545b1ed14f4c8206e,num_static_constructors,compiler_metrics,True,compiler_metrics num_static_constructors opt valgrind,,77,,,,1780055572,2023-10-25 15:42:34,116.0,c8d9b37591bf6bff9ac81e90166a9860a4e4cfeb,1322372,,,,,,,,,,,,,,,,,,,,,,,,,,,,,,,,,,,,,,,,,,,,,,,,,,TN,,,,,,,,,,
autoland,3646670,2,6311658df04f8b9dab1d842cf1ddc69e83bd8127,linux64-qr,,False,,,102210fe594ee9b33d82058545b1ed14f4c8206e,num_static_constructors,compiler_metrics,True,compiler_metrics num_static_constructors opt valgrind,,77,,,,1780083999,2023-10-25 16:42:09,116.0,b8c2a1837c16c66a12ef79eaf5545e92ae448768,1322418,,,,,,,,,,,,,,,,,,,,,,,,,,,,,,,,,,,,,,,,,,,,,,,,,,TN,,,,,,,,,,
autoland,3646670,2,6311658df04f8b9dab1d842cf1ddc69e83bd8127,linux64-qr,,False,,,102210fe594ee9b33d82058545b1ed14f4c8206e,num_static_constructors,compiler_metrics,True,compiler_metrics num_static_constructors opt valgrind,,77,,,,1780126807,2023-10-25 18:17:29,116.0,691148c77012c40658cd4a6e4ee3ca178d1c1ca8,1322468,,,,,,,,,,,,,,,,,,,,,,,,,,,,,,,,,,,,,,,,,,,,,,,,,,TN,,,,,,,,,,
autoland,3646670,2,6311658df04f8b9dab1d842cf1ddc69e83bd8127,linux64-qr,,False,,,102210fe594ee9b33d82058545b1ed14f4c8206e,num_static_constructors,compiler_metrics,True,compiler_metrics num_static_constructors opt valgrind,,77,,,,1780210853,2023-10-25 19:56:31,116.0,1559fd458647565eca70bef019c2741d3062cd98,1322508,,,,,,,,,,,,,,,,,,,,,,,,,,,,,,,,,,,,,,,,,,,,,,,,,,TN,,,,,,,,,,
autoland,3646670,2,6311658df04f8b9dab1d842cf1ddc69e83bd8127,linux64-qr,,False,,,102210fe594ee9b33d82058545b1ed14f4c8206e,num_static_constructors,compiler_metrics,True,compiler_metrics num_static_constructors opt valgrind,,77,,,,1780311120,2023-10-25 21:16:28,116.0,e6a52d2c9941178fa5113e3c7af81f561078c5f5,1322573,,,,,,,,,,,,,,,,,,,,,,,,,,,,,,,,,,,,,,,,,,,,,,,,,,TN,,,,,,,,,,
autoland,3646670,2,6311658df04f8b9dab1d842cf1ddc69e83bd8127,linux64-qr,,False,,,102210fe594ee9b33d82058545b1ed14f4c8206e,num_static_constructors,compiler_metrics,True,compiler_metrics num_static_constructors opt valgrind,,77,,,,1780444854,2023-10-25 23:56:24,116.0,1c61a469895e19d959dbe093757e3fbcc1a606f1,1322672,,,,,,,,,,,,,,,,,,,,,,,,,,,,,,,,,,,,,,,,,,,,,,,,,,TN,,,,,,,,,,
autoland,3646670,2,6311658df04f8b9dab1d842cf1ddc69e83bd8127,linux64-qr,,False,,,102210fe594ee9b33d82058545b1ed14f4c8206e,num_static_constructors,compiler_metrics,True,compiler_metrics num_static_constructors opt valgrind,,77,,,,1780502077,2023-10-26 00:52:13,116.0,68373a168c7ca93b1aa9bb3016a1ffa9ad6b7aac,1322694,,,,,,,,,,,,,,,,,,,,,,,,,,,,,,,,,,,,,,,,,,,,,,,,,,TN,,,,,,,,,,
autoland,3646670,2,6311658df04f8b9dab1d842cf1ddc69e83bd8127,linux64-qr,,False,,,102210fe594ee9b33d82058545b1ed14f4c8206e,num_static_constructors,compiler_metrics,True,compiler_metrics num_static_constructors opt valgrind,,77,,,,1780633874,2023-10-26 04:52:14,115.0,62489b97d11d4bb88f1184670849ed8c9dc61708,1322765,,,,,,,,,,,,,,,,,,,,,,,,,,,,,,,,,,,,,,,,,,,,,,,,,,TN,,,,,,,,,,
autoland,3646670,2,6311658df04f8b9dab1d842cf1ddc69e83bd8127,linux64-qr,,False,,,102210fe594ee9b33d82058545b1ed14f4c8206e,num_static_constructors,compiler_metrics,True,compiler_metrics num_static_constructors opt valgrind,,77,,,,1780759840,2023-10-26 09:06:19,115.0,8923dca93b808a23856287229fc8f1c0c1d1e20e,1322848,,,,,,,,,,,,,,,,,,,,,,,,,,,,,,,,,,,,,,,,,,,,,,,,,,TN,,,,,,,,,,
autoland,3646670,2,6311658df04f8b9dab1d842cf1ddc69e83bd8127,linux64-qr,,False,,,102210fe594ee9b33d82058545b1ed14f4c8206e,num_static_constructors,compiler_metrics,True,compiler_metrics num_static_constructors opt valgrind,,77,,,,1780761208,2023-10-26 09:07:41,115.0,4d2c1911361bbc41f63b4e807070a3d83596b70c,1322851,,,,,,,,,,,,,,,,,,,,,,,,,,,,,,,,,,,,,,,,,,,,,,,,,,TN,,,,,,,,,,
autoland,3646670,2,6311658df04f8b9dab1d842cf1ddc69e83bd8127,linux64-qr,,False,,,102210fe594ee9b33d82058545b1ed14f4c8206e,num_static_constructors,compiler_metrics,True,compiler_metrics num_static_constructors opt valgrind,,77,,,,1780878172,2023-10-26 12:26:38,115.0,9283768cde81eef577339774aeaf707869d4aa42,1322956,,,,,,,,,,,,,,,,,,,,,,,,,,,,,,,,,,,,,,,,,,,,,,,,,,TN,,,,,,,,,,
autoland,3646670,2,6311658df04f8b9dab1d842cf1ddc69e83bd8127,linux64-qr,,False,,,102210fe594ee9b33d82058545b1ed14f4c8206e,num_static_constructors,compiler_metrics,True,compiler_metrics num_static_constructors opt valgrind,,77,,,,1780935699,2023-10-26 13:14:16,115.0,db6b75385ffe5e764d60c5842add31b3a90c0587,1322985,,,,,,,,,,,,,,,,,,,,,,,,,,,,,,,,,,,,,,,,,,,,,,,,,,TN,,,,,,,,,,
autoland,3646670,2,6311658df04f8b9dab1d842cf1ddc69e83bd8127,linux64-qr,,False,,,102210fe594ee9b33d82058545b1ed14f4c8206e,num_static_constructors,compiler_metrics,True,compiler_metrics num_static_constructors opt valgrind,,77,,,,1780955715,2023-10-26 13:50:58,115.0,630864299a197bf416ac18d405063b7ec40c3644,1323009,,,,,,,,,,,,,,,,,,,,,,,,,,,,,,,,,,,,,,,,,,,,,,,,,,TN,,,,,,,,,,
autoland,3646670,2,6311658df04f8b9dab1d842cf1ddc69e83bd8127,linux64-qr,,False,,,102210fe594ee9b33d82058545b1ed14f4c8206e,num_static_constructors,compiler_metrics,True,compiler_metrics num_static_constructors opt valgrind,,77,,,,1781069965,2023-10-26 16:26:53,115.0,a9743657dcc1223ff5cf2058b2d9b19dd8da9405,1323098,,,,,,,,,,,,,,,,,,,,,,,,,,,,,,,,,,,,,,,,,,,,,,,,,,TN,,,,,,,,,,
autoland,3646670,2,6311658df04f8b9dab1d842cf1ddc69e83bd8127,linux64-qr,,False,,,102210fe594ee9b33d82058545b1ed14f4c8206e,num_static_constructors,compiler_metrics,True,compiler_metrics num_static_constructors opt valgrind,,77,,,,1781129198,2023-10-26 17:52:00,115.0,945d53ccf09fe8c263a6a24db6604162a4707ff9,1323156,,,,,,,,,,,,,,,,,,,,,,,,,,,,,,,,,,,,,,,,,,,,,,,,,,TN,,,,,,,,,,
autoland,3646670,2,6311658df04f8b9dab1d842cf1ddc69e83bd8127,linux64-qr,,False,,,102210fe594ee9b33d82058545b1ed14f4c8206e,num_static_constructors,compiler_metrics,True,compiler_metrics num_static_constructors opt valgrind,,77,,,,1781181459,2023-10-26 19:25:04,115.0,a1dbe7d2099563e23614b7c0d0b0f6923ab447f7,1323220,,,,,,,,,,,,,,,,,,,,,,,,,,,,,,,,,,,,,,,,,,,,,,,,,,TN,,,,,,,,,,
autoland,3646670,2,6311658df04f8b9dab1d842cf1ddc69e83bd8127,linux64-qr,,False,,,102210fe594ee9b33d82058545b1ed14f4c8206e,num_static_constructors,compiler_metrics,True,compiler_metrics num_static_constructors opt valgrind,,77,,,,1781308371,2023-10-26 21:54:41,115.0,a612c74c9280bc7c0cdb9ea038c9d95929ce8340,1323313,,,,,,,,,,,,,,,,,,,,,,,,,,,,,,,,,,,,,,,,,,,,,,,,,,TN,,,,,,,,,,
autoland,3646670,2,6311658df04f8b9dab1d842cf1ddc69e83bd8127,linux64-qr,,False,,,102210fe594ee9b33d82058545b1ed14f4c8206e,num_static_constructors,compiler_metrics,True,compiler_metrics num_static_constructors opt valgrind,,77,,,,1781378388,2023-10-26 23:27:25,115.0,a880804c93083962e65cea658b69a28c06528e8e,1323339,,,,,,,,,,,,,,,,,,,,,,,,,,,,,,,,,,,,,,,,,,,,,,,,,,TN,,,,,,,,,,
autoland,3646670,2,6311658df04f8b9dab1d842cf1ddc69e83bd8127,linux64-qr,,False,,,102210fe594ee9b33d82058545b1ed14f4c8206e,num_static_constructors,compiler_metrics,True,compiler_metrics num_static_constructors opt valgrind,,77,,,,1781409820,2023-10-27 00:10:25,115.0,6d47bee6d52ee11125f54db9df7336cbe69593c0,1323363,,,,,,,,,,,,,,,,,,,,,,,,,,,,,,,,,,,,,,,,,,,,,,,,,,TN,,,,,,,,,,
autoland,3646670,2,6311658df04f8b9dab1d842cf1ddc69e83bd8127,linux64-qr,,False,,,102210fe594ee9b33d82058545b1ed14f4c8206e,num_static_constructors,compiler_metrics,True,compiler_metrics num_static_constructors opt valgrind,,77,,,,1781569181,2023-10-27 05:17:25,115.0,4024630f5ffa1704a32f70c816f1003b0af9f105,1323421,,,,,,,,,,,,,,,,,,,,,,,,,,,,,,,,,,,,,,,,,,,,,,,,,,TN,,,,,,,,,,
autoland,3646670,2,6311658df04f8b9dab1d842cf1ddc69e83bd8127,linux64-qr,,False,,,102210fe594ee9b33d82058545b1ed14f4c8206e,num_static_constructors,compiler_metrics,True,compiler_metrics num_static_constructors opt valgrind,,77,,,,1781580938,2023-10-27 05:51:45,115.0,d4349b4d125e0f15795e18bd8ffa2990396b020e,1323429,,,,,,,,,,,,,,,,,,,,,,,,,,,,,,,,,,,,,,,,,,,,,,,,,,TN,,,,,,,,,,
autoland,3646670,2,6311658df04f8b9dab1d842cf1ddc69e83bd8127,linux64-qr,,False,,,102210fe594ee9b33d82058545b1ed14f4c8206e,num_static_constructors,compiler_metrics,True,compiler_metrics num_static_constructors opt valgrind,,77,,,,1781671594,2023-10-27 08:56:16,115.0,6e09ac4a4c291480d5951adca6d1659a46f571b2,1323505,,,,,,,,,,,,,,,,,,,,,,,,,,,,,,,,,,,,,,,,,,,,,,,,,,TN,,,,,,,,,,
autoland,3646670,2,6311658df04f8b9dab1d842cf1ddc69e83bd8127,linux64-qr,,False,,,102210fe594ee9b33d82058545b1ed14f4c8206e,num_static_constructors,compiler_metrics,True,compiler_metrics num_static_constructors opt valgrind,,77,,,,1781777074,2023-10-27 12:30:08,115.0,cd1c053db69c329e0714a5d80d1c8cd32049570d,1323630,,,,,,,,,,,,,,,,,,,,,,,,,,,,,,,,,,,,,,,,,,,,,,,,,,TN,,,,,,,,,,
autoland,3646670,2,6311658df04f8b9dab1d842cf1ddc69e83bd8127,linux64-qr,,False,,,102210fe594ee9b33d82058545b1ed14f4c8206e,num_static_constructors,compiler_metrics,True,compiler_metrics num_static_constructors opt valgrind,,77,,,,1781825653,2023-10-27 13:05:02,115.0,6013b7df2b9133416d4244ef4d45c492f215c3d0,1323649,,,,,,,,,,,,,,,,,,,,,,,,,,,,,,,,,,,,,,,,,,,,,,,,,,TN,,,,,,,,,,
autoland,3646670,2,6311658df04f8b9dab1d842cf1ddc69e83bd8127,linux64-qr,,False,,,102210fe594ee9b33d82058545b1ed14f4c8206e,num_static_constructors,compiler_metrics,True,compiler_metrics num_static_constructors opt valgrind,,77,,,,1781876558,2023-10-27 13:54:58,115.0,cda838e04db16590f96ddeaa7d7d54cc80e12a03,1323685,,,,,,,,,,,,,,,,,,,,,,,,,,,,,,,,,,,,,,,,,,,,,,,,,,TN,,,,,,,,,,
autoland,3646670,2,6311658df04f8b9dab1d842cf1ddc69e83bd8127,linux64-qr,,False,,,102210fe594ee9b33d82058545b1ed14f4c8206e,num_static_constructors,compiler_metrics,True,compiler_metrics num_static_constructors opt valgrind,,77,,,,1781973007,2023-10-27 17:16:47,115.0,b6d6a9c84257af5a3d659491a2ab963896e70d0d,1323813,,,,,,,,,,,,,,,,,,,,,,,,,,,,,,,,,,,,,,,,,,,,,,,,,,TN,,,,,,,,,,
autoland,3646670,2,6311658df04f8b9dab1d842cf1ddc69e83bd8127,linux64-qr,,False,,,102210fe594ee9b33d82058545b1ed14f4c8206e,num_static_constructors,compiler_metrics,True,compiler_metrics num_static_constructors opt valgrind,,77,,,,1782049906,2023-10-27 18:53:30,115.0,d3050f2e90b6c76ee08f521390b599760f95b8b5,1323860,,,,,,,,,,,,,,,,,,,,,,,,,,,,,,,,,,,,,,,,,,,,,,,,,,TN,,,,,,,,,,
autoland,3646670,2,6311658df04f8b9dab1d842cf1ddc69e83bd8127,linux64-qr,,False,,,102210fe594ee9b33d82058545b1ed14f4c8206e,num_static_constructors,compiler_metrics,True,compiler_metrics num_static_constructors opt valgrind,,77,,,,1782172293,2023-10-27 22:11:30,115.0,2744df17e06b25289ca5dd01128e6c4f237d7a7c,1323968,,,,,,,,,,,,,,,,,,,,,,,,,,,,,,,,,,,,,,,,,,,,,,,,,,TN,,,,,,,,,,
autoland,3646670,2,6311658df04f8b9dab1d842cf1ddc69e83bd8127,linux64-qr,,False,,,102210fe594ee9b33d82058545b1ed14f4c8206e,num_static_constructors,compiler_metrics,True,compiler_metrics num_static_constructors opt valgrind,,77,,,,1782272922,2023-10-27 23:12:32,115.0,5c87acee8b894f06e4b248cb602b36ccfcef1615,1323985,,,,,,,,,,,,,,,,,,,,,,,,,,,,,,,,,,,,,,,,,,,,,,,,,,TN,,,,,,,,,,
autoland,3646670,2,6311658df04f8b9dab1d842cf1ddc69e83bd8127,linux64-qr,,False,,,102210fe594ee9b33d82058545b1ed14f4c8206e,num_static_constructors,compiler_metrics,True,compiler_metrics num_static_constructors opt valgrind,,77,,,,1782428037,2023-10-28 03:14:30,115.0,0be08aa0812f81d5eb9f2235165d8478ebaf825b,1324017,,,,,,,,,,,,,,,,,,,,,,,,,,,,,,,,,,,,,,,,,,,,,,,,,,TN,,,,,,,,,,
autoland,3646670,2,6311658df04f8b9dab1d842cf1ddc69e83bd8127,linux64-qr,,False,,,102210fe594ee9b33d82058545b1ed14f4c8206e,num_static_constructors,compiler_metrics,True,compiler_metrics num_static_constructors opt valgrind,,77,,,,1783019064,2023-10-29 17:34:24,115.0,da935aab57913c853df3002f297cc6eb76175828,1324194,,,,,,,,,,,,,,,,,,,,,,,,,,,,,,,,,,,,,,,,,,,,,,,,,,TN,,,,,,,,,,
autoland,3646670,2,6311658df04f8b9dab1d842cf1ddc69e83bd8127,linux64-qr,,False,,,102210fe594ee9b33d82058545b1ed14f4c8206e,num_static_constructors,compiler_metrics,True,compiler_metrics num_static_constructors opt valgrind,,77,,,,1783087139,2023-10-29 22:37:58,115.0,61e57e6ba3b7e09a71062e7cdc44f395af832716,1324214,,,,,,,,,,,,,,,,,,,,,,,,,,,,,,,,,,,,,,,,,,,,,,,,,,TN,,,,,,,,,,
autoland,3646670,2,6311658df04f8b9dab1d842cf1ddc69e83bd8127,linux64-qr,,False,,,102210fe594ee9b33d82058545b1ed14f4c8206e,num_static_constructors,compiler_metrics,True,compiler_metrics num_static_constructors opt valgrind,,77,,,,1783149271,2023-10-30 03:06:34,115.0,cfc1bbb8edcc79491d2e1267e84338d155b2ee3c,1324224,,,,,,,,,,,,,,,,,,,,,,,,,,,,,,,,,,,,,,,,,,,,,,,,,,TN,,,,,,,,,,
autoland,3646670,2,6311658df04f8b9dab1d842cf1ddc69e83bd8127,linux64-qr,,False,,,102210fe594ee9b33d82058545b1ed14f4c8206e,num_static_constructors,compiler_metrics,True,compiler_metrics num_static_constructors opt valgrind,,77,,,,1783307476,2023-10-30 07:08:15,115.0,07ff1e2e4f656661631e6746f339e6232b59ebfd,1324243,,,,,,,,,,,,,,,,,,,,,,,,,,,,,,,,,,,,,,,,,,,,,,,,,,TN,,,,,,,,,,
autoland,3646670,2,6311658df04f8b9dab1d842cf1ddc69e83bd8127,linux64-qr,,False,,,102210fe594ee9b33d82058545b1ed14f4c8206e,num_static_constructors,compiler_metrics,True,compiler_metrics num_static_constructors opt valgrind,,77,,,,1783412540,2023-10-30 11:38:36,115.0,d069534e39df53da86ead680a247ae2454dcf9de,1324369,,,,,,,,,,,,,,,,,,,,,,,,,,,,,,,,,,,,,,,,,,,,,,,,,,TN,,,,,,,,,,
autoland,3646670,2,6311658df04f8b9dab1d842cf1ddc69e83bd8127,linux64-qr,,False,,,102210fe594ee9b33d82058545b1ed14f4c8206e,num_static_constructors,compiler_metrics,True,compiler_metrics num_static_constructors opt valgrind,,77,,,,1783437254,2023-10-30 12:36:41,115.0,9c6272da5dc92ff944d294d9a026bd42a408c784,1324389,,,,,,,,,,,,,,,,,,,,,,,,,,,,,,,,,,,,,,,,,,,,,,,,,,TN,,,,,,,,,,
autoland,3646670,2,6311658df04f8b9dab1d842cf1ddc69e83bd8127,linux64-qr,,False,,,102210fe594ee9b33d82058545b1ed14f4c8206e,num_static_constructors,compiler_metrics,True,compiler_metrics num_static_constructors opt valgrind,,77,,,,1783482925,2023-10-30 13:43:34,115.0,d2a035a8329b5914bcd659ea1ea427c251c4d138,1324429,,,,,,,,,,,,,,,,,,,,,,,,,,,,,,,,,,,,,,,,,,,,,,,,,,TN,,,,,,,,,,
autoland,3646670,2,6311658df04f8b9dab1d842cf1ddc69e83bd8127,linux64-qr,,False,,,102210fe594ee9b33d82058545b1ed14f4c8206e,num_static_constructors,compiler_metrics,True,compiler_metrics num_static_constructors opt valgrind,,77,,,,1783540326,2023-10-30 15:38:07,115.0,d6364ec2060b8b6c1ad1b9be552242c7f520816b,1324526,,,,,,,,,,,,,,,,,,,,,,,,,,,,,,,,,,,,,,,,,,,,,,,,,,TN,,,,,,,,,,
autoland,3646670,2,6311658df04f8b9dab1d842cf1ddc69e83bd8127,linux64-qr,,False,,,102210fe594ee9b33d82058545b1ed14f4c8206e,num_static_constructors,compiler_metrics,True,compiler_metrics num_static_constructors opt valgrind,,77,,,,1783607575,2023-10-30 17:20:21,115.0,277907757ae0f5c9f9a9b4b15473ec6f3eab7674,1324599,,,,,,,,,,,,,,,,,,,,,,,,,,,,,,,,,,,,,,,,,,,,,,,,,,TN,,,,,,,,,,
autoland,3646670,2,6311658df04f8b9dab1d842cf1ddc69e83bd8127,linux64-qr,,False,,,102210fe594ee9b33d82058545b1ed14f4c8206e,num_static_constructors,compiler_metrics,True,compiler_metrics num_static_constructors opt valgrind,,77,,,,1783776837,2023-10-30 20:13:44,116.0,d171871eb9d27852fb8a80b30a78ff9150c649da,1324701,,,,,,,,,,,,,,,,,,,,,,,,,,,,,,,,,,,,,,,,,,,,,,,,,,TN,,,,,,,,,,
autoland,3646670,2,6311658df04f8b9dab1d842cf1ddc69e83bd8127,linux64-qr,,False,,,102210fe594ee9b33d82058545b1ed14f4c8206e,num_static_constructors,compiler_metrics,True,compiler_metrics num_static_constructors opt valgrind,,77,,,,1783818997,2023-10-30 21:26:51,116.0,250d50a3e9aedba6c41312d2ce03b03eabac5c84,1324725,,,,,,,,,,,,,,,,,,,,,,,,,,,,,,,,,,,,,,,,,,,,,,,,,,TN,,,,,,,,,,
autoland,3646670,2,6311658df04f8b9dab1d842cf1ddc69e83bd8127,linux64-qr,,False,,,102210fe594ee9b33d82058545b1ed14f4c8206e,num_static_constructors,compiler_metrics,True,compiler_metrics num_static_constructors opt valgrind,,77,,,,1783901752,2023-10-30 22:47:24,116.0,9d87d8875f3012f1cb5e065b5861f41a29d1173c,1324763,,,,,,,,,,,,,,,,,,,,,,,,,,,,,,,,,,,,,,,,,,,,,,,,,,TN,,,,,,,,,,
autoland,3646670,2,6311658df04f8b9dab1d842cf1ddc69e83bd8127,linux64-qr,,False,,,102210fe594ee9b33d82058545b1ed14f4c8206e,num_static_constructors,compiler_metrics,True,compiler_metrics num_static_constructors opt valgrind,,77,,,,1784074082,2023-10-31 03:27:18,116.0,88295a805fb918c5a40c57d9827608c50c65da1a,1324833,,,,,,,,,,,,,,,,,,,,,,,,,,,,,,,,,,,,,,,,,,,,,,,,,,TN,,,,,,,,,,
autoland,3646670,2,6311658df04f8b9dab1d842cf1ddc69e83bd8127,linux64-qr,,False,,,102210fe594ee9b33d82058545b1ed14f4c8206e,num_static_constructors,compiler_metrics,True,compiler_metrics num_static_constructors opt valgrind,,77,,,,1784142492,2023-10-31 05:57:18,116.0,2a2dc1ad317c1107b2a5a237615d17b5b9bcf5ab,1324858,,,,,,,,,,,,,,,,,,,,,,,,,,,,,,,,,,,,,,,,,,,,,,,,,,TN,,,,,,,,,,
autoland,3646670,2,6311658df04f8b9dab1d842cf1ddc69e83bd8127,linux64-qr,,False,,,102210fe594ee9b33d82058545b1ed14f4c8206e,num_static_constructors,compiler_metrics,True,compiler_metrics num_static_constructors opt valgrind,,77,,,,1784217463,2023-10-31 08:52:16,116.0,26a58e0274b4491ce07587bf329d30954bfa36a5,1324883,,,,,,,,,,,,,,,,,,,,,,,,,,,,,,,,,,,,,,,,,,,,,,,,,,TN,,,,,,,,,,
autoland,3646670,2,6311658df04f8b9dab1d842cf1ddc69e83bd8127,linux64-qr,,False,,,102210fe594ee9b33d82058545b1ed14f4c8206e,num_static_constructors,compiler_metrics,True,compiler_metrics num_static_constructors opt valgrind,,77,,,,1784409779,2023-10-31 14:03:19,116.0,75860782728f0239105d49db49adb89a6dbb0006,1325020,,,,,,,,,,,,,,,,,,,,,,,,,,,,,,,,,,,,,,,,,,,,,,,,,,TN,,,,,,,,,,
autoland,3646670,2,6311658df04f8b9dab1d842cf1ddc69e83bd8127,linux64-qr,,False,,,102210fe594ee9b33d82058545b1ed14f4c8206e,num_static_constructors,compiler_metrics,True,compiler_metrics num_static_constructors opt valgrind,,77,,,,1784417971,2023-10-31 14:28:55,116.0,d93c1e224fa334cb0e1a4faf860be329181c1d60,1325039,,,,,,,,,,,,,,,,,,,,,,,,,,,,,,,,,,,,,,,,,,,,,,,,,,TN,,,,,,,,,,
autoland,3646670,2,6311658df04f8b9dab1d842cf1ddc69e83bd8127,linux64-qr,,False,,,102210fe594ee9b33d82058545b1ed14f4c8206e,num_static_constructors,compiler_metrics,True,compiler_metrics num_static_constructors opt valgrind,,77,,,,1784466229,2023-10-31 15:46:12,116.0,4712d595873a538c628ea09a2826c33e3f2e383d,1325101,,,,,,,,,,,,,,,,,,,,,,,,,,,,,,,,,,,,,,,,,,,,,,,,,,TN,,,,,,,,,,
autoland,3646670,2,6311658df04f8b9dab1d842cf1ddc69e83bd8127,linux64-qr,,False,,,102210fe594ee9b33d82058545b1ed14f4c8206e,num_static_constructors,compiler_metrics,True,compiler_metrics num_static_constructors opt valgrind,,77,,,,1784690705,2023-10-31 20:02:14,116.0,8a24d6cde4acd8af72316981b68fce21d3bdf57e,1325255,,,,,,,,,,,,,,,,,,,,,,,,,,,,,,,,,,,,,,,,,,,,,,,,,,TN,,,,,,,,,,
autoland,3646670,2,6311658df04f8b9dab1d842cf1ddc69e83bd8127,linux64-qr,,False,,,102210fe594ee9b33d82058545b1ed14f4c8206e,num_static_constructors,compiler_metrics,True,compiler_metrics num_static_constructors opt valgrind,,77,,,,1784690326,2023-10-31 20:04:41,116.0,5624631ba42eb404a5c5b4e50e9c4fbc826eef31,1325256,,,,,,,,,,,,,,,,,,,,,,,,,,,,,,,,,,,,,,,,,,,,,,,,,,TN,,,,,,,,,,
autoland,3646670,2,6311658df04f8b9dab1d842cf1ddc69e83bd8127,linux64-qr,,False,,,102210fe594ee9b33d82058545b1ed14f4c8206e,num_static_constructors,compiler_metrics,True,compiler_metrics num_static_constructors opt valgrind,,77,,,,1784801222,2023-10-31 22:59:03,116.0,251055c46bfcc027766c9bdaccaaa919c3e6c8f6,1325343,,,,,,,,,,,,,,,,,,,,,,,,,,,,,,,,,,,,,,,,,,,,,,,,,,TN,,,,,,,,,,
autoland,3646670,2,6311658df04f8b9dab1d842cf1ddc69e83bd8127,linux64-qr,,False,,,102210fe594ee9b33d82058545b1ed14f4c8206e,num_static_constructors,compiler_metrics,True,compiler_metrics num_static_constructors opt valgrind,,77,,,,1784890088,2023-11-01 01:29:48,116.0,cc2d7a60e797ccda49d1a49206bcded220dd6c4b,1325421,,,,,,,,,,,,,,,,,,,,,,,,,,,,,,,,,,,,,,,,,,,,,,,,,,TN,,,,,,,,,,
autoland,3646670,2,6311658df04f8b9dab1d842cf1ddc69e83bd8127,linux64-qr,,False,,,102210fe594ee9b33d82058545b1ed14f4c8206e,num_static_constructors,compiler_metrics,True,compiler_metrics num_static_constructors opt valgrind,,77,,,,1785034926,2023-11-01 04:08:21,116.0,b73ef4c8979fb0702de9f4bf2fdf986b1d0fd487,1325446,,,,,,,,,,,,,,,,,,,,,,,,,,,,,,,,,,,,,,,,,,,,,,,,,,TN,,,,,,,,,,
autoland,3646670,2,6311658df04f8b9dab1d842cf1ddc69e83bd8127,linux64-qr,,False,,,102210fe594ee9b33d82058545b1ed14f4c8206e,num_static_constructors,compiler_metrics,True,compiler_metrics num_static_constructors opt valgrind,,77,,,,1785119921,2023-11-01 08:27:37,116.0,5db6f03a7c103189ba38ef4c4687a046566f4e5b,1325492,,,,,,,,,,,,,,,,,,,,,,,,,,,,,,,,,,,,,,,,,,,,,,,,,,TN,,,,,,,,,,
autoland,3646670,2,6311658df04f8b9dab1d842cf1ddc69e83bd8127,linux64-qr,,False,,,102210fe594ee9b33d82058545b1ed14f4c8206e,num_static_constructors,compiler_metrics,True,compiler_metrics num_static_constructors opt valgrind,,77,,,,1785179721,2023-11-01 10:06:27,116.0,9921e8691f4a95260048219cdfd595656f274f5d,1325543,,,,,,,,,,,,,,,,,,,,,,,,,,,,,,,,,,,,,,,,,,,,,,,,,,TN,,,,,,,,,,
autoland,3646670,2,6311658df04f8b9dab1d842cf1ddc69e83bd8127,linux64-qr,,False,,,102210fe594ee9b33d82058545b1ed14f4c8206e,num_static_constructors,compiler_metrics,True,compiler_metrics num_static_constructors opt valgrind,,77,,,,1785319906,2023-11-01 15:00:09,116.0,dee5e3c280a214c32ea4f7a2b6446bbe456ecb54,1325661,,,,,,,,,,,,,,,,,,,,,,,,,,,,,,,,,,,,,,,,,,,,,,,,,,TN,,,,,,,,,,
autoland,3646670,2,6311658df04f8b9dab1d842cf1ddc69e83bd8127,linux64-qr,,False,,,102210fe594ee9b33d82058545b1ed14f4c8206e,num_static_constructors,compiler_metrics,True,compiler_metrics num_static_constructors opt valgrind,,77,,,,1785428535,2023-11-01 18:10:23,116.0,baf3d517ae40829ed93d95465bf874d50188e8b2,1325783,,,,,,,,,,,,,,,,,,,,,,,,,,,,,,,,,,,,,,,,,,,,,,,,,,TN,,,,,,,,,,
autoland,3646670,2,6311658df04f8b9dab1d842cf1ddc69e83bd8127,linux64-qr,,False,,,102210fe594ee9b33d82058545b1ed14f4c8206e,num_static_constructors,compiler_metrics,True,compiler_metrics num_static_constructors opt valgrind,,77,,,,1785497826,2023-11-01 21:17:16,116.0,3eea9367b17b3c112968a3f0e008b1005452bbdd,1325895,,,,,,,,,,,,,,,,,,,,,,,,,,,,,,,,,,,,,,,,,,,,,,,,,,TN,,,,,,,,,,
autoland,3646670,2,6311658df04f8b9dab1d842cf1ddc69e83bd8127,linux64-qr,,False,,,102210fe594ee9b33d82058545b1ed14f4c8206e,num_static_constructors,compiler_metrics,True,compiler_metrics num_static_constructors opt valgrind,,77,,,,1785693967,2023-11-02 01:36:12,116.0,0ea21c7c9ab7dcf411a8094c876b12784bc6343c,1325979,,,,,,,,,,,,,,,,,,,,,,,,,,,,,,,,,,,,,,,,,,,,,,,,,,TN,,,,,,,,,,
autoland,3646670,2,6311658df04f8b9dab1d842cf1ddc69e83bd8127,linux64-qr,,False,,,102210fe594ee9b33d82058545b1ed14f4c8206e,num_static_constructors,compiler_metrics,True,compiler_metrics num_static_constructors opt valgrind,,77,,,,1785773293,2023-11-02 04:24:14,116.0,5215ac06e712057fb39b34156229bad40a2e626b,1326008,,,,,,,,,,,,,,,,,,,,,,,,,,,,,,,,,,,,,,,,,,,,,,,,,,TN,,,,,,,,,,
autoland,3646670,2,6311658df04f8b9dab1d842cf1ddc69e83bd8127,linux64-qr,,False,,,102210fe594ee9b33d82058545b1ed14f4c8206e,num_static_constructors,compiler_metrics,True,compiler_metrics num_static_constructors opt valgrind,,77,,,,1785800355,2023-11-02 06:18:28,116.0,1fcf041bc427507f767a28519182263ab9925550,1326017,,,,,,,,,,,,,,,,,,,,,,,,,,,,,,,,,,,,,,,,,,,,,,,,,,TN,,,,,,,,,,
autoland,3646670,2,6311658df04f8b9dab1d842cf1ddc69e83bd8127,linux64-qr,,False,,,102210fe594ee9b33d82058545b1ed14f4c8206e,num_static_constructors,compiler_metrics,True,compiler_metrics num_static_constructors opt valgrind,,77,,,,1785899142,2023-11-02 10:56:45,116.0,86b37d608b6dff619ef21dd6df25970d2f35504f,1326103,,,,,,,,,,,,,,,,,,,,,,,,,,,,,,,,,,,,,,,,,,,,,,,,,,TN,,,,,,,,,,
autoland,3646670,2,6311658df04f8b9dab1d842cf1ddc69e83bd8127,linux64-qr,,False,,,102210fe594ee9b33d82058545b1ed14f4c8206e,num_static_constructors,compiler_metrics,True,compiler_metrics num_static_constructors opt valgrind,,77,,,,1785935288,2023-11-02 12:13:53,116.0,59754ae1b71386535d42979e577deaaad4aa522f,1326138,,,,,,,,,,,,,,,,,,,,,,,,,,,,,,,,,,,,,,,,,,,,,,,,,,TN,,,,,,,,,,
autoland,3646670,2,6311658df04f8b9dab1d842cf1ddc69e83bd8127,linux64-qr,,False,,,102210fe594ee9b33d82058545b1ed14f4c8206e,num_static_constructors,compiler_metrics,True,compiler_metrics num_static_constructors opt valgrind,,77,,,,1786095968,2023-11-02 15:35:11,116.0,b32fede7af3947e835399bab4d1d7f096517521f,1326301,,,,,,,,,,,,,,,,,,,,,,,,,,,,,,,,,,,,,,,,,,,,,,,,,,TN,,,,,,,,,,
autoland,3646670,2,6311658df04f8b9dab1d842cf1ddc69e83bd8127,linux64-qr,,False,,,102210fe594ee9b33d82058545b1ed14f4c8206e,num_static_constructors,compiler_metrics,True,compiler_metrics num_static_constructors opt valgrind,,77,,,,1786145408,2023-11-02 18:09:22,116.0,0ebd32e273b80334bf25dc808a937c620d35eee1,1326413,,,,,,,,,,,,,,,,,,,,,,,,,,,,,,,,,,,,,,,,,,,,,,,,,,TN,,,,,,,,,,
autoland,3646670,2,6311658df04f8b9dab1d842cf1ddc69e83bd8127,linux64-qr,,False,,,102210fe594ee9b33d82058545b1ed14f4c8206e,num_static_constructors,compiler_metrics,True,compiler_metrics num_static_constructors opt valgrind,,77,,,,1786205653,2023-11-02 19:35:23,116.0,94e5f553d8ee5632338645c8928e3cc1454d7b5b,1326465,,,,,,,,,,,,,,,,,,,,,,,,,,,,,,,,,,,,,,,,,,,,,,,,,,TN,,,,,,,,,,
autoland,3646670,2,6311658df04f8b9dab1d842cf1ddc69e83bd8127,linux64-qr,,False,,,102210fe594ee9b33d82058545b1ed14f4c8206e,num_static_constructors,compiler_metrics,True,compiler_metrics num_static_constructors opt valgrind,,77,,,,1786295680,2023-11-02 21:23:17,116.0,adb8eb15cf4597f444b71aba2e900f485acb045e,1326560,,,,,,,,,,,,,,,,,,,,,,,,,,,,,,,,,,,,,,,,,,,,,,,,,,TN,,,,,,,,,,
autoland,3646670,2,6311658df04f8b9dab1d842cf1ddc69e83bd8127,linux64-qr,,False,,,102210fe594ee9b33d82058545b1ed14f4c8206e,num_static_constructors,compiler_metrics,True,compiler_metrics num_static_constructors opt valgrind,,77,,,,1786336938,2023-11-02 22:16:50,116.0,e76a1dc1e2e5cfa536e6893665fb8d42d2669341,1326592,,,,,,,,,,,,,,,,,,,,,,,,,,,,,,,,,,,,,,,,,,,,,,,,,,TN,,,,,,,,,,
autoland,3646670,2,6311658df04f8b9dab1d842cf1ddc69e83bd8127,linux64-qr,,False,,,102210fe594ee9b33d82058545b1ed14f4c8206e,num_static_constructors,compiler_metrics,True,compiler_metrics num_static_constructors opt valgrind,,77,,,,1786435950,2023-11-03 02:17:21,116.0,7398cacb1ad3e7be98ad07eff3a56fd050025c48,1326661,,,,,,,,,,,,,,,,,,,,,,,,,,,,,,,,,,,,,,,,,,,,,,,,,,TN,,,,,,,,,,
autoland,3646670,2,6311658df04f8b9dab1d842cf1ddc69e83bd8127,linux64-qr,,False,,,102210fe594ee9b33d82058545b1ed14f4c8206e,num_static_constructors,compiler_metrics,True,compiler_metrics num_static_constructors opt valgrind,,77,,,,1786493171,2023-11-03 04:51:35,116.0,66a36c6e56c8b40c4bbf326973befc12d3188b98,1326712,,,,,,,,,,,,,,,,,,,,,,,,,,,,,,,,,,,,,,,,,,,,,,,,,,TN,,,,,,,,,,
autoland,3646670,2,6311658df04f8b9dab1d842cf1ddc69e83bd8127,linux64-qr,,False,,,102210fe594ee9b33d82058545b1ed14f4c8206e,num_static_constructors,compiler_metrics,True,compiler_metrics num_static_constructors opt valgrind,,77,,,,1786516543,2023-11-03 06:29:48,116.0,63221dffde4f2b6c134c16fb540dea75d856626d,1326720,,,,,,,,,,,,,,,,,,,,,,,,,,,,,,,,,,,,,,,,,,,,,,,,,,TN,,,,,,,,,,
autoland,3646670,2,6311658df04f8b9dab1d842cf1ddc69e83bd8127,linux64-qr,,False,,,102210fe594ee9b33d82058545b1ed14f4c8206e,num_static_constructors,compiler_metrics,True,compiler_metrics num_static_constructors opt valgrind,,77,,,,1786593061,2023-11-03 09:45:55,116.0,fef2ab0f10caa08593c20e7febc4cec185670a4a,1326769,,,,,,,,,,,,,,,,,,,,,,,,,,,,,,,,,,,,,,,,,,,,,,,,,,TN,,,,,,,,,,
autoland,3646670,2,6311658df04f8b9dab1d842cf1ddc69e83bd8127,linux64-qr,,False,,,102210fe594ee9b33d82058545b1ed14f4c8206e,num_static_constructors,compiler_metrics,True,compiler_metrics num_static_constructors opt valgrind,,77,,,,1786746317,2023-11-03 14:08:17,116.0,db8c28afe588aab0cd434e280a4614c075350cde,1326874,,,,,,,,,,,,,,,,,,,,,,,,,,,,,,,,,,,,,,,,,,,,,,,,,,TN,,,,,,,,,,
autoland,3646670,2,6311658df04f8b9dab1d842cf1ddc69e83bd8127,linux64-qr,,False,,,102210fe594ee9b33d82058545b1ed14f4c8206e,num_static_constructors,compiler_metrics,True,compiler_metrics num_static_constructors opt valgrind,,77,,,,1786751144,2023-11-03 14:16:53,116.0,fdbf9ce9e9c3b39ed51622e0b013261837013e7f,1326883,,,,,,,,,,,,,,,,,,,,,,,,,,,,,,,,,,,,,,,,,,,,,,,,,,TN,,,,,,,,,,
autoland,3646670,2,6311658df04f8b9dab1d842cf1ddc69e83bd8127,linux64-qr,,False,,,102210fe594ee9b33d82058545b1ed14f4c8206e,num_static_constructors,compiler_metrics,True,compiler_metrics num_static_constructors opt valgrind,,77,,,,1786774451,2023-11-03 15:30:02,116.0,c1bbed9e33815cc111047e95375c6446ad566b5b,1326932,,,,,,,,,,,,,,,,,,,,,,,,,,,,,,,,,,,,,,,,,,,,,,,,,,TN,,,,,,,,,,
autoland,3646670,2,6311658df04f8b9dab1d842cf1ddc69e83bd8127,linux64-qr,,False,,,102210fe594ee9b33d82058545b1ed14f4c8206e,num_static_constructors,compiler_metrics,True,compiler_metrics num_static_constructors opt valgrind,,77,,,,1786815773,2023-11-03 15:30:02,116.0,c1bbed9e33815cc111047e95375c6446ad566b5b,1326932,,,,,,,,,,,,,,,,,,,,,,,,,,,,,,,,,,,,,,,,,,,,,,,,,,TN,,,,,,,,,,
autoland,3646670,2,6311658df04f8b9dab1d842cf1ddc69e83bd8127,linux64-qr,,False,,,102210fe594ee9b33d82058545b1ed14f4c8206e,num_static_constructors,compiler_metrics,True,compiler_metrics num_static_constructors opt valgrind,,77,,,,1786861721,2023-11-03 16:52:52,116.0,ee0187ae5d2b3e506e343790480636f1dc0d6951,1326998,,,,,,,,,,,,,,,,,,,,,,,,,,,,,,,,,,,,,,,,,,,,,,,,,,TN,,,,,,,,,,
autoland,3646670,2,6311658df04f8b9dab1d842cf1ddc69e83bd8127,linux64-qr,,False,,,102210fe594ee9b33d82058545b1ed14f4c8206e,num_static_constructors,compiler_metrics,True,compiler_metrics num_static_constructors opt valgrind,,77,,,,1786946077,2023-11-03 19:29:08,116.0,3483c8458f12814829ccacc001ce04923ce9c601,1327119,,,,,,,,,,,,,,,,,,,,,,,,,,,,,,,,,,,,,,,,,,,,,,,,,,TN,,,,,,,,,,
autoland,3646670,2,6311658df04f8b9dab1d842cf1ddc69e83bd8127,linux64-qr,,False,,,102210fe594ee9b33d82058545b1ed14f4c8206e,num_static_constructors,compiler_metrics,True,compiler_metrics num_static_constructors opt valgrind,,77,,,,1787042019,2023-11-03 22:22:09,116.0,c28f5b83aa8521685d85ef33574d1caf6c6ea923,1327221,,,,,,,,,,,,,,,,,,,,,,,,,,,,,,,,,,,,,,,,,,,,,,,,,,TN,,,,,,,,,,
autoland,3646670,2,6311658df04f8b9dab1d842cf1ddc69e83bd8127,linux64-qr,,False,,,102210fe594ee9b33d82058545b1ed14f4c8206e,num_static_constructors,compiler_metrics,True,compiler_metrics num_static_constructors opt valgrind,,77,,,,1787088819,2023-11-04 00:04:01,116.0,71b8373e6622cf42c02a4244f2c2629c6afed2db,1327246,,,,,,,,,,,,,,,,,,,,,,,,,,,,,,,,,,,,,,,,,,,,,,,,,,TN,,,,,,,,,,
autoland,3646670,2,6311658df04f8b9dab1d842cf1ddc69e83bd8127,linux64-qr,,False,,,102210fe594ee9b33d82058545b1ed14f4c8206e,num_static_constructors,compiler_metrics,True,compiler_metrics num_static_constructors opt valgrind,,77,,,,1787112785,2023-11-04 01:35:30,116.0,fa8ebe703963d027ce9185c21a4e7bdc98f8cd68,1327271,,,,,,,,,,,,,,,,,,,,,,,,,,,,,,,,,,,,,,,,,,,,,,,,,,TN,,,,,,,,,,
autoland,3646670,2,6311658df04f8b9dab1d842cf1ddc69e83bd8127,linux64-qr,,False,,,102210fe594ee9b33d82058545b1ed14f4c8206e,num_static_constructors,compiler_metrics,True,compiler_metrics num_static_constructors opt valgrind,,77,,,,1787199917,2023-11-04 08:24:01,116.0,f65c77517e3e8d32a23f3607a039a558abd2b12c,1327306,,,,,,,,,,,,,,,,,,,,,,,,,,,,,,,,,,,,,,,,,,,,,,,,,,TN,,,,,,,,,,
autoland,3646670,2,6311658df04f8b9dab1d842cf1ddc69e83bd8127,linux64-qr,,False,,,102210fe594ee9b33d82058545b1ed14f4c8206e,num_static_constructors,compiler_metrics,True,compiler_metrics num_static_constructors opt valgrind,,77,,,,1787243845,2023-11-04 11:28:03,116.0,45e53ab546f060efa13f1705793dda7bac993f69,1327335,,,,,,,,,,,,,,,,,,,,,,,,,,,,,,,,,,,,,,,,,,,,,,,,,,TN,,,,,,,,,,
autoland,3646670,2,6311658df04f8b9dab1d842cf1ddc69e83bd8127,linux64-qr,,False,,,102210fe594ee9b33d82058545b1ed14f4c8206e,num_static_constructors,compiler_metrics,True,compiler_metrics num_static_constructors opt valgrind,,77,,,,1787264869,2023-11-04 11:28:03,116.0,45e53ab546f060efa13f1705793dda7bac993f69,1327335,,,,,,,,,,,,,,,,,,,,,,,,,,,,,,,,,,,,,,,,,,,,,,,,,,TN,,,,,,,,,,
autoland,3646670,2,6311658df04f8b9dab1d842cf1ddc69e83bd8127,linux64-qr,,False,,,102210fe594ee9b33d82058545b1ed14f4c8206e,num_static_constructors,compiler_metrics,True,compiler_metrics num_static_constructors opt valgrind,,77,,,,1787289118,2023-11-04 14:15:16,116.0,90f5a1a99e4af4267d041ebe447fe2c0d6028eec,1327379,,,,,,,,,,,,,,,,,,,,,,,,,,,,,,,,,,,,,,,,,,,,,,,,,,TN,,,,,,,,,,
autoland,3646670,2,6311658df04f8b9dab1d842cf1ddc69e83bd8127,linux64-qr,,False,,,102210fe594ee9b33d82058545b1ed14f4c8206e,num_static_constructors,compiler_metrics,True,compiler_metrics num_static_constructors opt valgrind,,77,,,,1787426428,2023-11-04 18:45:40,116.0,55a02a6f1e91945e24618f64bd61b9f3a0beeea0,1327418,,,,,,,,,,,,,,,,,,,,,,,,,,,,,,,,,,,,,,,,,,,,,,,,,,TN,,,,,,,,,,
autoland,3646670,2,6311658df04f8b9dab1d842cf1ddc69e83bd8127,linux64-qr,,False,,,102210fe594ee9b33d82058545b1ed14f4c8206e,num_static_constructors,compiler_metrics,True,compiler_metrics num_static_constructors opt valgrind,,77,,,,1787477999,2023-11-04 23:01:16,116.0,c6d6218c85ae690d272c8b978051ec7c2718b1b2,1327454,,,,,,,,,,,,,,,,,,,,,,,,,,,,,,,,,,,,,,,,,,,,,,,,,,TN,,,,,,,,,,
autoland,3646670,2,6311658df04f8b9dab1d842cf1ddc69e83bd8127,linux64-qr,,False,,,102210fe594ee9b33d82058545b1ed14f4c8206e,num_static_constructors,compiler_metrics,True,compiler_metrics num_static_constructors opt valgrind,,77,,,,1787714911,2023-11-05 12:31:02,116.0,6e473b5825d2acd52739d9cc4cdec6ea5e26c9d1,1327508,,,,,,,,,,,,,,,,,,,,,,,,,,,,,,,,,,,,,,,,,,,,,,,,,,TN,,,,,,,,,,
autoland,3646670,2,6311658df04f8b9dab1d842cf1ddc69e83bd8127,linux64-qr,,False,,,102210fe594ee9b33d82058545b1ed14f4c8206e,num_static_constructors,compiler_metrics,True,compiler_metrics num_static_constructors opt valgrind,,77,,,,1787802443,2023-11-05 17:15:11,116.0,e4d362eebc148baf8432d0b013b6233995a2f16e,1327546,,,,,,,,,,,,,,,,,,,,,,,,,,,,,,,,,,,,,,,,,,,,,,,,,,TN,,,,,,,,,,
autoland,3646670,2,6311658df04f8b9dab1d842cf1ddc69e83bd8127,linux64-qr,,False,,,102210fe594ee9b33d82058545b1ed14f4c8206e,num_static_constructors,compiler_metrics,True,compiler_metrics num_static_constructors opt valgrind,,77,,,,1787822013,2023-11-05 18:07:37,116.0,e163bc25b45849f8c73068a1634a9e5e16b94330,1327548,,,,,,,,,,,,,,,,,,,,,,,,,,,,,,,,,,,,,,,,,,,,,,,,,,TN,,,,,,,,,,
autoland,3646670,2,6311658df04f8b9dab1d842cf1ddc69e83bd8127,linux64-qr,,False,,,102210fe594ee9b33d82058545b1ed14f4c8206e,num_static_constructors,compiler_metrics,True,compiler_metrics num_static_constructors opt valgrind,,77,,,,1787930644,2023-11-05 22:35:05,116.0,1995198e0bee1b9f7d4ac3a5286fb89a8305fa28,1327567,,,,,,,,,,,,,,,,,,,,,,,,,,,,,,,,,,,,,,,,,,,,,,,,,,TN,,,,,,,,,,
autoland,3646670,2,6311658df04f8b9dab1d842cf1ddc69e83bd8127,linux64-qr,,False,,,102210fe594ee9b33d82058545b1ed14f4c8206e,num_static_constructors,compiler_metrics,True,compiler_metrics num_static_constructors opt valgrind,,77,,,,1788098565,2023-11-06 03:28:15,116.0,925231a8fb5eccf055afb3e9921596d8f990128b,1327590,,,,,,,,,,,,,,,,,,,,,,,,,,,,,,,,,,,,,,,,,,,,,,,,,,TN,,,,,,,,,,
autoland,3646670,2,6311658df04f8b9dab1d842cf1ddc69e83bd8127,linux64-qr,,False,,,102210fe594ee9b33d82058545b1ed14f4c8206e,num_static_constructors,compiler_metrics,True,compiler_metrics num_static_constructors opt valgrind,,77,,,,1788257634,2023-11-06 06:27:10,116.0,58f61f19462af6371405866cd0506983856d5433,1327613,,,,,,,,,,,,,,,,,,,,,,,,,,,,,,,,,,,,,,,,,,,,,,,,,,TN,,,,,,,,,,
autoland,3646670,2,6311658df04f8b9dab1d842cf1ddc69e83bd8127,linux64-qr,,False,,,102210fe594ee9b33d82058545b1ed14f4c8206e,num_static_constructors,compiler_metrics,True,compiler_metrics num_static_constructors opt valgrind,,77,,,,1788347033,2023-11-06 09:53:28,116.0,625098a55803e1135e8f552ac6220324de37d10b,1327692,,,,,,,,,,,,,,,,,,,,,,,,,,,,,,,,,,,,,,,,,,,,,,,,,,TN,,,,,,,,,,
autoland,3646670,2,6311658df04f8b9dab1d842cf1ddc69e83bd8127,linux64-qr,,False,,,102210fe594ee9b33d82058545b1ed14f4c8206e,num_static_constructors,compiler_metrics,True,compiler_metrics num_static_constructors opt valgrind,,77,,,,1788374788,2023-11-06 10:22:32,116.0,47130f8e8a79f36f7bea8cf4a4a19a3ef155e539,1327714,,,,,,,,,,,,,,,,,,,,,,,,,,,,,,,,,,,,,,,,,,,,,,,,,,TN,,,,,,,,,,
autoland,3646670,2,6311658df04f8b9dab1d842cf1ddc69e83bd8127,linux64-qr,,False,,,102210fe594ee9b33d82058545b1ed14f4c8206e,num_static_constructors,compiler_metrics,True,compiler_metrics num_static_constructors opt valgrind,,77,,,,1788432493,2023-11-06 12:14:41,116.0,362c853f387979866037cdbb266293a5d2d788d6,1327784,,,,,,,,,,,,,,,,,,,,,,,,,,,,,,,,,,,,,,,,,,,,,,,,,,TN,,,,,,,,,,
autoland,3646670,2,6311658df04f8b9dab1d842cf1ddc69e83bd8127,linux64-qr,,False,,,102210fe594ee9b33d82058545b1ed14f4c8206e,num_static_constructors,compiler_metrics,True,compiler_metrics num_static_constructors opt valgrind,,77,,,,1788525387,2023-11-06 14:23:08,116.0,e85ef9b0c6ee61f9f14bf8b49cd5f6e0a5fac3d7,1327890,,,,,,,,,,,,,,,,,,,,,,,,,,,,,,,,,,,,,,,,,,,,,,,,,,TN,,,,,,,,,,
autoland,3646670,2,6311658df04f8b9dab1d842cf1ddc69e83bd8127,linux64-qr,,False,,,102210fe594ee9b33d82058545b1ed14f4c8206e,num_static_constructors,compiler_metrics,True,compiler_metrics num_static_constructors opt valgrind,,77,,,,1788683945,2023-11-06 17:29:24,116.0,39e7e0a18465a6e7f17e6aa027e2fa2065084a02,1328015,,,,,,,,,,,,,,,,,,,,,,,,,,,,,,,,,,,,,,,,,,,,,,,,,,TN,,,,,,,,,,
autoland,3646670,2,6311658df04f8b9dab1d842cf1ddc69e83bd8127,linux64-qr,,False,,,102210fe594ee9b33d82058545b1ed14f4c8206e,num_static_constructors,compiler_metrics,True,compiler_metrics num_static_constructors opt valgrind,,77,,,,1788695925,2023-11-06 17:39:09,116.0,6d5e2f6a296345f3afbeecf2e34bf0f7da7c7991,1328028,,,,,,,,,,,,,,,,,,,,,,,,,,,,,,,,,,,,,,,,,,,,,,,,,,TN,,,,,,,,,,
autoland,3646670,2,6311658df04f8b9dab1d842cf1ddc69e83bd8127,linux64-qr,,False,,,102210fe594ee9b33d82058545b1ed14f4c8206e,num_static_constructors,compiler_metrics,True,compiler_metrics num_static_constructors opt valgrind,,77,,,,1788767370,2023-11-06 19:36:11,116.0,89a118c5878608de9ce47ac8182b338e6ef13c33,1328083,,,,,,,,,,,,,,,,,,,,,,,,,,,,,,,,,,,,,,,,,,,,,,,,,,TN,,,,,,,,,,
autoland,3646670,2,6311658df04f8b9dab1d842cf1ddc69e83bd8127,linux64-qr,,False,,,102210fe594ee9b33d82058545b1ed14f4c8206e,num_static_constructors,compiler_metrics,True,compiler_metrics num_static_constructors opt valgrind,,77,,,,1788814868,2023-11-06 20:45:17,116.0,cfad60e16bc9ffd1123a5eb881ba42aaa60b9b18,1328100,,,,,,,,,,,,,,,,,,,,,,,,,,,,,,,,,,,,,,,,,,,,,,,,,,TN,,,,,,,,,,
autoland,3646670,2,6311658df04f8b9dab1d842cf1ddc69e83bd8127,linux64-qr,,False,,,102210fe594ee9b33d82058545b1ed14f4c8206e,num_static_constructors,compiler_metrics,True,compiler_metrics num_static_constructors opt valgrind,,77,,,,1788861747,2023-11-06 23:21:39,116.0,b94cf8b4d458998cb3ed56160bd04d8905245391,1328121,,,,,,,,,,,,,,,,,,,,,,,,,,,,,,,,,,,,,,,,,,,,,,,,,,TN,,,,,,,,,,
autoland,3646670,2,6311658df04f8b9dab1d842cf1ddc69e83bd8127,linux64-qr,,False,,,102210fe594ee9b33d82058545b1ed14f4c8206e,num_static_constructors,compiler_metrics,True,compiler_metrics num_static_constructors opt valgrind,,77,,,,1788909443,2023-11-07 01:37:21,116.0,05f23c29b41cfcb7bfe0b081854260fa6d04388f,1328269,,,,,,,,,,,,,,,,,,,,,,,,,,,,,,,,,,,,,,,,,,,,,,,,,,TN,,,,,,,,,,
autoland,3646670,2,6311658df04f8b9dab1d842cf1ddc69e83bd8127,linux64-qr,,False,,,102210fe594ee9b33d82058545b1ed14f4c8206e,num_static_constructors,compiler_metrics,True,compiler_metrics num_static_constructors opt valgrind,,77,,,,1789059820,2023-11-07 05:57:42,116.0,5f6163941f402e507f0d384b9904f2a425a28d57,1328312,,,,,,,,,,,,,,,,,,,,,,,,,,,,,,,,,,,,,,,,,,,,,,,,,,TN,,,,,,,,,,
autoland,3646670,2,6311658df04f8b9dab1d842cf1ddc69e83bd8127,linux64-qr,,False,,,102210fe594ee9b33d82058545b1ed14f4c8206e,num_static_constructors,compiler_metrics,True,compiler_metrics num_static_constructors opt valgrind,,77,,,,1789117184,2023-11-07 07:13:43,116.0,7a3978f0626b31f7d311cbc700a8ad6eef3c38a7,1328322,,,,,,,,,,,,,,,,,,,,,,,,,,,,,,,,,,,,,,,,,,,,,,,,,,TN,,,,,,,,,,
autoland,3646670,2,6311658df04f8b9dab1d842cf1ddc69e83bd8127,linux64-qr,,False,,,102210fe594ee9b33d82058545b1ed14f4c8206e,num_static_constructors,compiler_metrics,True,compiler_metrics num_static_constructors opt valgrind,,77,,,,1789174999,2023-11-07 08:59:05,116.0,4712c7e340c1bdb63cc78d5b1b31b5652debb201,1328376,,,,,,,,,,,,,,,,,,,,,,,,,,,,,,,,,,,,,,,,,,,,,,,,,,TN,,,,,,,,,,
autoland,3646670,2,6311658df04f8b9dab1d842cf1ddc69e83bd8127,linux64-qr,,False,,,102210fe594ee9b33d82058545b1ed14f4c8206e,num_static_constructors,compiler_metrics,True,compiler_metrics num_static_constructors opt valgrind,,77,,,,1789333195,2023-11-07 15:22:28,116.0,3a6678776d36c32f58fe521d73f09bbc1478cbbb,1328534,,,,,,,,,,,,,,,,,,,,,,,,,,,,,,,,,,,,,,,,,,,,,,,,,,TN,,,,,,,,,,
autoland,3646670,2,6311658df04f8b9dab1d842cf1ddc69e83bd8127,linux64-qr,,False,,,102210fe594ee9b33d82058545b1ed14f4c8206e,num_static_constructors,compiler_metrics,True,compiler_metrics num_static_constructors opt valgrind,,77,,,,1789473348,2023-11-07 20:38:50,116.0,2f5322fade4338f844537e7e14979d023e4b7d48,1328596,,,,,,,,,,,,,,,,,,,,,,,,,,,,,,,,,,,,,,,,,,,,,,,,,,TN,,,,,,,,,,
autoland,3646670,2,6311658df04f8b9dab1d842cf1ddc69e83bd8127,linux64-qr,,False,,,102210fe594ee9b33d82058545b1ed14f4c8206e,num_static_constructors,compiler_metrics,True,compiler_metrics num_static_constructors opt valgrind,,77,,,,1789526083,2023-11-07 22:11:28,116.0,648aa2777a89089d34589c99bd93444ee15f75c1,1328693,,,,,,,,,,,,,,,,,,,,,,,,,,,,,,,,,,,,,,,,,,,,,,,,,,TN,,,,,,,,,,
autoland,3646670,2,6311658df04f8b9dab1d842cf1ddc69e83bd8127,linux64-qr,,False,,,102210fe594ee9b33d82058545b1ed14f4c8206e,num_static_constructors,compiler_metrics,True,compiler_metrics num_static_constructors opt valgrind,,77,,,,1789567269,2023-11-07 23:09:36,116.0,146ef5c46755802d7609ece035e0115301c936bd,1328770,,,,,,,,,,,,,,,,,,,,,,,,,,,,,,,,,,,,,,,,,,,,,,,,,,TN,,,,,,,,,,
autoland,3646670,2,6311658df04f8b9dab1d842cf1ddc69e83bd8127,linux64-qr,,False,,,102210fe594ee9b33d82058545b1ed14f4c8206e,num_static_constructors,compiler_metrics,True,compiler_metrics num_static_constructors opt valgrind,,77,,,,1789623936,2023-11-08 00:05:44,116.0,14791c645827fa0483c9a0c242943dcd7733492b,1328794,,,,,,,,,,,,,,,,,,,,,,,,,,,,,,,,,,,,,,,,,,,,,,,,,,TN,,,,,,,,,,
autoland,3646670,2,6311658df04f8b9dab1d842cf1ddc69e83bd8127,linux64-qr,,False,,,102210fe594ee9b33d82058545b1ed14f4c8206e,num_static_constructors,compiler_metrics,True,compiler_metrics num_static_constructors opt valgrind,,77,,,,1789678100,2023-11-08 00:06:38,116.0,4440db50fd5993db3634ed655b3ad20ca8237c0d,1328795,,,,,,,,,,,,,,,,,,,,,,,,,,,,,,,,,,,,,,,,,,,,,,,,,,TN,,,,,,,,,,
autoland,3646670,2,6311658df04f8b9dab1d842cf1ddc69e83bd8127,linux64-qr,,False,,,102210fe594ee9b33d82058545b1ed14f4c8206e,num_static_constructors,compiler_metrics,True,compiler_metrics num_static_constructors opt valgrind,,77,,,,1789679039,2023-11-08 00:07:32,116.0,112da6f5092cf8637b150aeb5201d8f65e4c0b76,1328796,,,,,,,,,,,,,,,,,,,,,,,,,,,,,,,,,,,,,,,,,,,,,,,,,,TN,,,,,,,,,,
autoland,3646670,2,6311658df04f8b9dab1d842cf1ddc69e83bd8127,linux64-qr,,False,,,102210fe594ee9b33d82058545b1ed14f4c8206e,num_static_constructors,compiler_metrics,True,compiler_metrics num_static_constructors opt valgrind,,77,,,,1789678028,2023-11-08 00:08:36,116.0,e6241b851988554a737c26cbe77c6da2db16f7d8,1328799,,,,,,,,,,,,,,,,,,,,,,,,,,,,,,,,,,,,,,,,,,,,,,,,,,TN,,,,,,,,,,
autoland,3646670,2,6311658df04f8b9dab1d842cf1ddc69e83bd8127,linux64-qr,,False,,,102210fe594ee9b33d82058545b1ed14f4c8206e,num_static_constructors,compiler_metrics,True,compiler_metrics num_static_constructors opt valgrind,,77,,,,1789678388,2023-11-08 00:09:38,116.0,aa168a721ae9a7de0629b9708b55762a53a5835a,1328802,,,,,,,,,,,,,,,,,,,,,,,,,,,,,,,,,,,,,,,,,,,,,,,,,,TN,,,,,,,,,,
autoland,3646670,2,6311658df04f8b9dab1d842cf1ddc69e83bd8127,linux64-qr,,False,,,102210fe594ee9b33d82058545b1ed14f4c8206e,num_static_constructors,compiler_metrics,True,compiler_metrics num_static_constructors opt valgrind,,77,,,,1789678975,2023-11-08 00:10:31,116.0,bf0c12a3c9849d9076678237eb16ad1452df16bd,1328803,,,,,,,,,,,,,,,,,,,,,,,,,,,,,,,,,,,,,,,,,,,,,,,,,,TN,,,,,,,,,,
autoland,3646670,2,6311658df04f8b9dab1d842cf1ddc69e83bd8127,linux64-qr,,False,,,102210fe594ee9b33d82058545b1ed14f4c8206e,num_static_constructors,compiler_metrics,True,compiler_metrics num_static_constructors opt valgrind,,77,,,,1789668383,2023-11-08 00:11:37,116.0,36cd4787833aa50ad51341da086befe9ab591119,1328804,,,,,,,,,,,,,,,,,,,,,,,,,,,,,,,,,,,,,,,,,,,,,,,,,,TN,,,,,,,,,,
autoland,3646670,2,6311658df04f8b9dab1d842cf1ddc69e83bd8127,linux64-qr,,False,,,102210fe594ee9b33d82058545b1ed14f4c8206e,num_static_constructors,compiler_metrics,True,compiler_metrics num_static_constructors opt valgrind,,77,,,,1789667429,2023-11-08 00:12:30,116.0,1890dc05cf58b0ccdde80fa349092ef1f058a269,1328805,,,,,,,,,,,,,,,,,,,,,,,,,,,,,,,,,,,,,,,,,,,,,,,,,,TN,,,,,,,,,,
autoland,3646670,2,6311658df04f8b9dab1d842cf1ddc69e83bd8127,linux64-qr,,False,,,102210fe594ee9b33d82058545b1ed14f4c8206e,num_static_constructors,compiler_metrics,True,compiler_metrics num_static_constructors opt valgrind,,77,,,,1789666518,2023-11-08 00:13:26,116.0,9b10b5dc0623bfadbc8a515f465f42d07ec6765d,1328808,,,,,,,,,,,,,,,,,,,,,,,,,,,,,,,,,,,,,,,,,,,,,,,,,,TN,,,,,,,,,,
autoland,3646670,2,6311658df04f8b9dab1d842cf1ddc69e83bd8127,linux64-qr,,False,,,102210fe594ee9b33d82058545b1ed14f4c8206e,num_static_constructors,compiler_metrics,True,compiler_metrics num_static_constructors opt valgrind,,77,,,,1789666648,2023-11-08 00:14:32,116.0,caeb0650491098f96eabb5fd900aaf06e1f63761,1328810,,,,,,,,,,,,,,,,,,,,,,,,,,,,,,,,,,,,,,,,,,,,,,,,,,TN,,,,,,,,,,
autoland,3646670,2,6311658df04f8b9dab1d842cf1ddc69e83bd8127,linux64-qr,,False,,,102210fe594ee9b33d82058545b1ed14f4c8206e,num_static_constructors,compiler_metrics,True,compiler_metrics num_static_constructors opt valgrind,,77,,,,1789615835,2023-11-08 00:15:37,116.0,54f6a0fa6c5ffe3ce0a5f981a4cdedc058256898,1328812,,,,,,,,,,,,,,,,,,,,,,,,,,,,,,,,,,,,,,,,,,,,,,,,,,TN,,,,,,,,,,
autoland,3646670,2,6311658df04f8b9dab1d842cf1ddc69e83bd8127,linux64-qr,,False,,,102210fe594ee9b33d82058545b1ed14f4c8206e,num_static_constructors,compiler_metrics,True,compiler_metrics num_static_constructors opt valgrind,,77,,,,1789648967,2023-11-08 00:15:37,116.0,54f6a0fa6c5ffe3ce0a5f981a4cdedc058256898,1328812,,,,,,,,,,,,,,,,,,,,,,,,,,,,,,,,,,,,,,,,,,,,,,,,,,TN,,,,,,,,,,
autoland,3646670,2,6311658df04f8b9dab1d842cf1ddc69e83bd8127,linux64-qr,,False,,,102210fe594ee9b33d82058545b1ed14f4c8206e,num_static_constructors,compiler_metrics,True,compiler_metrics num_static_constructors opt valgrind,,77,,,,1789730051,2023-11-08 02:54:05,116.0,bf25e4eb7faa4bae00b7ff233b0ae745a8dfde63,1328868,,,,,,,,,,,,,,,,,,,,,,,,,,,,,,,,,,,,,,,,,,,,,,,,,,TN,,,,,,,,,,
autoland,3646670,2,6311658df04f8b9dab1d842cf1ddc69e83bd8127,linux64-qr,,False,,,102210fe594ee9b33d82058545b1ed14f4c8206e,num_static_constructors,compiler_metrics,True,compiler_metrics num_static_constructors opt valgrind,,77,,,,1789790108,2023-11-08 05:24:12,116.0,68721f0d6aec0facf9c8f271ea2bb2719348014a,1328912,,,,,,,,,,,,,,,,,,,,,,,,,,,,,,,,,,,,,,,,,,,,,,,,,,TN,,,,,,,,,,
autoland,3646670,2,6311658df04f8b9dab1d842cf1ddc69e83bd8127,linux64-qr,,False,,,102210fe594ee9b33d82058545b1ed14f4c8206e,num_static_constructors,compiler_metrics,True,compiler_metrics num_static_constructors opt valgrind,,77,,,,1789899051,2023-11-08 09:44:01,116.0,578787894d0e996af4d743caf71b5501330fb2ab,1328973,,,,,,,,,,,,,,,,,,,,,,,,,,,,,,,,,,,,,,,,,,,,,,,,,,TN,,,,,,,,,,
autoland,3646670,2,6311658df04f8b9dab1d842cf1ddc69e83bd8127,linux64-qr,,False,,,102210fe594ee9b33d82058545b1ed14f4c8206e,num_static_constructors,compiler_metrics,True,compiler_metrics num_static_constructors opt valgrind,,77,,,,1789898877,2023-11-08 09:46:58,116.0,e65fca949600e3163fd1befd6423958e0bc70029,1328975,,,,,,,,,,,,,,,,,,,,,,,,,,,,,,,,,,,,,,,,,,,,,,,,,,TN,,,,,,,,,,
autoland,3646670,2,6311658df04f8b9dab1d842cf1ddc69e83bd8127,linux64-qr,,False,,,102210fe594ee9b33d82058545b1ed14f4c8206e,num_static_constructors,compiler_metrics,True,compiler_metrics num_static_constructors opt valgrind,,77,,,,1789963907,2023-11-08 11:32:07,116.0,27fd9f6f57eac66fd6d1f83504d83853f480c48a,1329047,,,,,,,,,,,,,,,,,,,,,,,,,,,,,,,,,,,,,,,,,,,,,,,,,,TN,,,,,,,,,,
autoland,3646670,2,6311658df04f8b9dab1d842cf1ddc69e83bd8127,linux64-qr,,False,,,102210fe594ee9b33d82058545b1ed14f4c8206e,num_static_constructors,compiler_metrics,True,compiler_metrics num_static_constructors opt valgrind,,77,,,,1790048249,2023-11-08 13:41:28,116.0,ae536a17c1ffbb830141240a38f81e032b6645ea,1329115,,,,,,,,,,,,,,,,,,,,,,,,,,,,,,,,,,,,,,,,,,,,,,,,,,TN,,,,,,,,,,
autoland,3646670,2,6311658df04f8b9dab1d842cf1ddc69e83bd8127,linux64-qr,,False,,,102210fe594ee9b33d82058545b1ed14f4c8206e,num_static_constructors,compiler_metrics,True,compiler_metrics num_static_constructors opt valgrind,,77,,,,1790138513,2023-11-08 16:59:31,116.0,b47bf0a3b90404ba0f1675f12d1570a8ca118d14,1329238,,,,,,,,,,,,,,,,,,,,,,,,,,,,,,,,,,,,,,,,,,,,,,,,,,TN,,,,,,,,,,
autoland,3646670,2,6311658df04f8b9dab1d842cf1ddc69e83bd8127,linux64-qr,,False,,,102210fe594ee9b33d82058545b1ed14f4c8206e,num_static_constructors,compiler_metrics,True,compiler_metrics num_static_constructors opt valgrind,,77,,,,1790152145,2023-11-08 17:45:21,116.0,f1fb5f0afb5896b5c30e6a9b1439a9c4de4a3db2,1329261,,,,,,,,,,,,,,,,,,,,,,,,,,,,,,,,,,,,,,,,,,,,,,,,,,TN,,,,,,,,,,
autoland,3646670,2,6311658df04f8b9dab1d842cf1ddc69e83bd8127,linux64-qr,,False,,,102210fe594ee9b33d82058545b1ed14f4c8206e,num_static_constructors,compiler_metrics,True,compiler_metrics num_static_constructors opt valgrind,,77,,,,1790289468,2023-11-08 21:51:09,116.0,5c2502c02aae5432231a9f8fe450dabdee56d68a,1329431,,,,,,,,,,,,,,,,,,,,,,,,,,,,,,,,,,,,,,,,,,,,,,,,,,TN,,,,,,,,,,
autoland,3646670,2,6311658df04f8b9dab1d842cf1ddc69e83bd8127,linux64-qr,,False,,,102210fe594ee9b33d82058545b1ed14f4c8206e,num_static_constructors,compiler_metrics,True,compiler_metrics num_static_constructors opt valgrind,,77,,,,1790345358,2023-11-08 23:10:55,116.0,9b044e3ed5981e128922152098934a6691bfcd97,1329500,,,,,,,,,,,,,,,,,,,,,,,,,,,,,,,,,,,,,,,,,,,,,,,,,,TN,,,,,,,,,,
autoland,3646670,2,6311658df04f8b9dab1d842cf1ddc69e83bd8127,linux64-qr,,False,,,102210fe594ee9b33d82058545b1ed14f4c8206e,num_static_constructors,compiler_metrics,True,compiler_metrics num_static_constructors opt valgrind,,77,,,,1790378113,2023-11-09 00:04:05,116.0,fd3f50f4dce00592f4da8f972037ced4a0c9f5be,1329532,,,,,,,,,,,,,,,,,,,,,,,,,,,,,,,,,,,,,,,,,,,,,,,,,,TN,,,,,,,,,,
autoland,3646670,2,6311658df04f8b9dab1d842cf1ddc69e83bd8127,linux64-qr,,False,,,102210fe594ee9b33d82058545b1ed14f4c8206e,num_static_constructors,compiler_metrics,True,compiler_metrics num_static_constructors opt valgrind,,77,,,,1790395538,2023-11-09 00:04:05,116.0,fd3f50f4dce00592f4da8f972037ced4a0c9f5be,1329532,,,,,,,,,,,,,,,,,,,,,,,,,,,,,,,,,,,,,,,,,,,,,,,,,,TN,,,,,,,,,,
autoland,3646670,2,6311658df04f8b9dab1d842cf1ddc69e83bd8127,linux64-qr,,False,,,102210fe594ee9b33d82058545b1ed14f4c8206e,num_static_constructors,compiler_metrics,True,compiler_metrics num_static_constructors opt valgrind,,77,,,,1790540360,2023-11-09 04:14:58,116.0,975206b939dc6e4f823a1a29c703dd586e4157b9,1329628,,,,,,,,,,,,,,,,,,,,,,,,,,,,,,,,,,,,,,,,,,,,,,,,,,TN,,,,,,,,,,
autoland,3646670,2,6311658df04f8b9dab1d842cf1ddc69e83bd8127,linux64-qr,,False,,,102210fe594ee9b33d82058545b1ed14f4c8206e,num_static_constructors,compiler_metrics,True,compiler_metrics num_static_constructors opt valgrind,,77,,,,1790621575,2023-11-09 06:03:07,116.0,981589bb6a8e0968125ff5cf408f81b738db926f,1329654,,,,,,,,,,,,,,,,,,,,,,,,,,,,,,,,,,,,,,,,,,,,,,,,,,TN,,,,,,,,,,
autoland,3646670,2,6311658df04f8b9dab1d842cf1ddc69e83bd8127,linux64-qr,,False,,,102210fe594ee9b33d82058545b1ed14f4c8206e,num_static_constructors,compiler_metrics,True,compiler_metrics num_static_constructors opt valgrind,,77,,,,1790704431,2023-11-09 08:18:01,116.0,d0c4fdebcd36de1f0361cb29103afbf36e498521,1329688,,,,,,,,,,,,,,,,,,,,,,,,,,,,,,,,,,,,,,,,,,,,,,,,,,TN,,,,,,,,,,
autoland,3646670,2,6311658df04f8b9dab1d842cf1ddc69e83bd8127,linux64-qr,,False,,,102210fe594ee9b33d82058545b1ed14f4c8206e,num_static_constructors,compiler_metrics,True,compiler_metrics num_static_constructors opt valgrind,,77,,,,1790709110,2023-11-09 08:32:31,116.0,5392006086fa6f66b9c2f5919b8c65d04cf44936,1329693,,,,,,,,,,,,,,,,,,,,,,,,,,,,,,,,,,,,,,,,,,,,,,,,,,TN,,,,,,,,,,
autoland,3646670,2,6311658df04f8b9dab1d842cf1ddc69e83bd8127,linux64-qr,,False,,,102210fe594ee9b33d82058545b1ed14f4c8206e,num_static_constructors,compiler_metrics,True,compiler_metrics num_static_constructors opt valgrind,,77,,,,1790811699,2023-11-09 11:18:48,116.0,c9b5f3d92c33a4da41e700ec0d16b747a9e046b1,1329771,,,,,,,,,,,,,,,,,,,,,,,,,,,,,,,,,,,,,,,,,,,,,,,,,,TN,,,,,,,,,,
autoland,3646670,2,6311658df04f8b9dab1d842cf1ddc69e83bd8127,linux64-qr,,False,,,102210fe594ee9b33d82058545b1ed14f4c8206e,num_static_constructors,compiler_metrics,True,compiler_metrics num_static_constructors opt valgrind,,77,,,,1790857476,2023-11-09 12:39:55,116.0,0d25aa82c9421a1a0e1d9bf224094a9feaa083c0,1329818,,,,,,,,,,,,,,,,,,,,,,,,,,,,,,,,,,,,,,,,,,,,,,,,,,TN,,,,,,,,,,
autoland,3646670,2,6311658df04f8b9dab1d842cf1ddc69e83bd8127,linux64-qr,,False,,,102210fe594ee9b33d82058545b1ed14f4c8206e,num_static_constructors,compiler_metrics,True,compiler_metrics num_static_constructors opt valgrind,,77,,,,1790902519,2023-11-09 13:52:13,116.0,af9d30c92582a30a1e7987079e780e59aa69ab7b,1329843,,,,,,,,,,,,,,,,,,,,,,,,,,,,,,,,,,,,,,,,,,,,,,,,,,TN,,,,,,,,,,
autoland,3646670,2,6311658df04f8b9dab1d842cf1ddc69e83bd8127,linux64-qr,,False,,,102210fe594ee9b33d82058545b1ed14f4c8206e,num_static_constructors,compiler_metrics,True,compiler_metrics num_static_constructors opt valgrind,,77,,,,1791005653,2023-11-09 16:38:55,116.0,c709d9994c7cca72d2d49a6f6f9405603e2ec444,1329938,,,,,,,,,,,,,,,,,,,,,,,,,,,,,,,,,,,,,,,,,,,,,,,,,,TN,,,,,,,,,,
autoland,3646670,2,6311658df04f8b9dab1d842cf1ddc69e83bd8127,linux64-qr,,False,,,102210fe594ee9b33d82058545b1ed14f4c8206e,num_static_constructors,compiler_metrics,True,compiler_metrics num_static_constructors opt valgrind,,77,,,,1791057751,2023-11-09 18:06:54,116.0,1eda7f37f458e81d7c275eb0a3e1959cdfdb5053,1329987,,,,,,,,,,,,,,,,,,,,,,,,,,,,,,,,,,,,,,,,,,,,,,,,,,TN,,,,,,,,,,
autoland,3646670,2,6311658df04f8b9dab1d842cf1ddc69e83bd8127,linux64-qr,,False,,,102210fe594ee9b33d82058545b1ed14f4c8206e,num_static_constructors,compiler_metrics,True,compiler_metrics num_static_constructors opt valgrind,,77,,,,1791108226,2023-11-09 18:57:17,116.0,938e6fc607623834483a5ab95019520814f10ee8,1330029,,,,,,,,,,,,,,,,,,,,,,,,,,,,,,,,,,,,,,,,,,,,,,,,,,TN,,,,,,,,,,
autoland,3646670,2,6311658df04f8b9dab1d842cf1ddc69e83bd8127,linux64-qr,,False,,,102210fe594ee9b33d82058545b1ed14f4c8206e,num_static_constructors,compiler_metrics,True,compiler_metrics num_static_constructors opt valgrind,,77,,,,1791290610,2023-11-09 23:53:27,116.0,d3aff5d6c69730c6f26eb54b7e24fdd203480069,1330185,,,,,,,,,,,,,,,,,,,,,,,,,,,,,,,,,,,,,,,,,,,,,,,,,,TN,,,,,,,,,,
autoland,3646670,2,6311658df04f8b9dab1d842cf1ddc69e83bd8127,linux64-qr,,False,,,102210fe594ee9b33d82058545b1ed14f4c8206e,num_static_constructors,compiler_metrics,True,compiler_metrics num_static_constructors opt valgrind,,77,,,,1791311893,2023-11-10 00:18:00,116.0,543c915fc8c6775cd665ad6ebe58df0f46e9198c,1330200,,,,,,,,,,,,,,,,,,,,,,,,,,,,,,,,,,,,,,,,,,,,,,,,,,TN,,,,,,,,,,
autoland,3646670,2,6311658df04f8b9dab1d842cf1ddc69e83bd8127,linux64-qr,,False,,,102210fe594ee9b33d82058545b1ed14f4c8206e,num_static_constructors,compiler_metrics,True,compiler_metrics num_static_constructors opt valgrind,,77,,,,1791532114,2023-11-10 06:00:15,116.0,5fcc529533b87c657e0dd95ea8cdd37f7cbac5c0,1330263,,,,,,,,,,,,,,,,,,,,,,,,,,,,,,,,,,,,,,,,,,,,,,,,,,TN,,,,,,,,,,
autoland,3646670,2,6311658df04f8b9dab1d842cf1ddc69e83bd8127,linux64-qr,,False,,,102210fe594ee9b33d82058545b1ed14f4c8206e,num_static_constructors,compiler_metrics,True,compiler_metrics num_static_constructors opt valgrind,,77,,,,1791662875,2023-11-10 10:16:47,116.0,2033848fe740a46b19d19b2689365e6d5122d399,1330353,,,,,,,,,,,,,,,,,,,,,,,,,,,,,,,,,,,,,,,,,,,,,,,,,,TN,,,,,,,,,,
autoland,3646670,2,6311658df04f8b9dab1d842cf1ddc69e83bd8127,linux64-qr,,False,,,102210fe594ee9b33d82058545b1ed14f4c8206e,num_static_constructors,compiler_metrics,True,compiler_metrics num_static_constructors opt valgrind,,77,,,,1791771785,2023-11-10 14:18:06,116.0,e2c6fa08aa82b40d8316fc19e08ea45be70e9292,1330451,,,,,,,,,,,,,,,,,,,,,,,,,,,,,,,,,,,,,,,,,,,,,,,,,,TN,,,,,,,,,,
autoland,3646670,2,6311658df04f8b9dab1d842cf1ddc69e83bd8127,linux64-qr,,False,,,102210fe594ee9b33d82058545b1ed14f4c8206e,num_static_constructors,compiler_metrics,True,compiler_metrics num_static_constructors opt valgrind,,77,,,,1791776863,2023-11-10 14:48:51,116.0,f90b853d9b0b112db86ff41fcce843afb13939ce,1330467,,,,,,,,,,,,,,,,,,,,,,,,,,,,,,,,,,,,,,,,,,,,,,,,,,TN,,,,,,,,,,
autoland,3646670,2,6311658df04f8b9dab1d842cf1ddc69e83bd8127,linux64-qr,,False,,,102210fe594ee9b33d82058545b1ed14f4c8206e,num_static_constructors,compiler_metrics,True,compiler_metrics num_static_constructors opt valgrind,,77,,,,1792068025,2023-11-10 23:46:31,116.0,740891aba7f0d05a95960669bd6efe7b25177226,1330635,,,,,,,,,,,,,,,,,,,,,,,,,,,,,,,,,,,,,,,,,,,,,,,,,,TN,,,,,,,,,,
autoland,3646670,2,6311658df04f8b9dab1d842cf1ddc69e83bd8127,linux64-qr,,False,,,102210fe594ee9b33d82058545b1ed14f4c8206e,num_static_constructors,compiler_metrics,True,compiler_metrics num_static_constructors opt valgrind,,77,,,,1792258915,2023-11-11 06:55:04,116.0,94bbd4bd056a20549029ecbc07c9a4b5da968789,1330673,,,,,,,,,,,,,,,,,,,,,,,,,,,,,,,,,,,,,,,,,,,,,,,,,,TN,,,,,,,,,,
autoland,3646670,2,6311658df04f8b9dab1d842cf1ddc69e83bd8127,linux64-qr,,False,,,102210fe594ee9b33d82058545b1ed14f4c8206e,num_static_constructors,compiler_metrics,True,compiler_metrics num_static_constructors opt valgrind,,77,,,,1792295038,2023-11-11 08:27:10,116.0,29fb30143955ee92cd789fd467326c47f82f7968,1330680,,,,,,,,,,,,,,,,,,,,,,,,,,,,,,,,,,,,,,,,,,,,,,,,,,TN,,,,,,,,,,
autoland,3646670,2,6311658df04f8b9dab1d842cf1ddc69e83bd8127,linux64-qr,,False,,,102210fe594ee9b33d82058545b1ed14f4c8206e,num_static_constructors,compiler_metrics,True,compiler_metrics num_static_constructors opt valgrind,,77,,,,1792414331,2023-11-11 12:34:55,116.0,81243364a707b159122b0c5ee8e682567162117c,1330712,,,,,,,,,,,,,,,,,,,,,,,,,,,,,,,,,,,,,,,,,,,,,,,,,,TN,,,,,,,,,,
autoland,3646670,2,6311658df04f8b9dab1d842cf1ddc69e83bd8127,linux64-qr,,False,,,102210fe594ee9b33d82058545b1ed14f4c8206e,num_static_constructors,compiler_metrics,True,compiler_metrics num_static_constructors opt valgrind,,77,,,,1792699839,2023-11-11 23:06:06,116.0,3c8320ef59532128e1a7589968f497f0efcabbaf,1330750,,,,,,,,,,,,,,,,,,,,,,,,,,,,,,,,,,,,,,,,,,,,,,,,,,TN,,,,,,,,,,
autoland,3646670,2,6311658df04f8b9dab1d842cf1ddc69e83bd8127,linux64-qr,,False,,,102210fe594ee9b33d82058545b1ed14f4c8206e,num_static_constructors,compiler_metrics,True,compiler_metrics num_static_constructors opt valgrind,,77,,,,1792773271,2023-11-12 05:45:19,116.0,43bee97ffb8cfcea7412fb86386ea2cb2a1b9b49,1330766,,,,,,,,,,,,,,,,,,,,,,,,,,,,,,,,,,,,,,,,,,,,,,,,,,TN,,,,,,,,,,
autoland,3646670,2,6311658df04f8b9dab1d842cf1ddc69e83bd8127,linux64-qr,,False,,,102210fe594ee9b33d82058545b1ed14f4c8206e,num_static_constructors,compiler_metrics,True,compiler_metrics num_static_constructors opt valgrind,,77,,,,1793061452,2023-11-13 00:59:12,116.0,211dc86c8f534a950af69434fa996976b566a6a0,1330865,,,,,,,,,,,,,,,,,,,,,,,,,,,,,,,,,,,,,,,,,,,,,,,,,,TN,,,,,,,,,,
autoland,3646670,2,6311658df04f8b9dab1d842cf1ddc69e83bd8127,linux64-qr,,False,,,102210fe594ee9b33d82058545b1ed14f4c8206e,num_static_constructors,compiler_metrics,True,compiler_metrics num_static_constructors opt valgrind,,77,,,,1793129958,2023-11-13 10:08:58,116.0,25308a5c7e551cda7c3cfd77836eff8610462eae,1330949,,,,,,,,,,,,,,,,,,,,,,,,,,,,,,,,,,,,,,,,,,,,,,,,,,TN,,,,,,,,,,
autoland,3646670,2,6311658df04f8b9dab1d842cf1ddc69e83bd8127,linux64-qr,,False,,,102210fe594ee9b33d82058545b1ed14f4c8206e,num_static_constructors,compiler_metrics,True,compiler_metrics num_static_constructors opt valgrind,,77,,,,1793239191,2023-11-13 13:46:12,116.0,076ac3911ce97e80547b7576a608d0faf34afa0b,1331038,,,,,,,,,,,,,,,,,,,,,,,,,,,,,,,,,,,,,,,,,,,,,,,,,,TN,,,,,,,,,,
autoland,3646670,2,6311658df04f8b9dab1d842cf1ddc69e83bd8127,linux64-qr,,False,,,102210fe594ee9b33d82058545b1ed14f4c8206e,num_static_constructors,compiler_metrics,True,compiler_metrics num_static_constructors opt valgrind,,77,,,,1793245075,2023-11-13 14:09:58,116.0,54d191b31d03235c75592d07a8c538749933a18f,1331049,,,,,,,,,,,,,,,,,,,,,,,,,,,,,,,,,,,,,,,,,,,,,,,,,,TN,,,,,,,,,,
autoland,3646670,2,6311658df04f8b9dab1d842cf1ddc69e83bd8127,linux64-qr,,False,,,102210fe594ee9b33d82058545b1ed14f4c8206e,num_static_constructors,compiler_metrics,True,compiler_metrics num_static_constructors opt valgrind,,77,,,,1793288195,2023-11-13 15:01:04,116.0,70f361f21a24a6e9fc53cb014e28172d360fa851,1331086,,,,,,,,,,,,,,,,,,,,,,,,,,,,,,,,,,,,,,,,,,,,,,,,,,TN,,,,,,,,,,
autoland,3646670,2,6311658df04f8b9dab1d842cf1ddc69e83bd8127,linux64-qr,,False,,,102210fe594ee9b33d82058545b1ed14f4c8206e,num_static_constructors,compiler_metrics,True,compiler_metrics num_static_constructors opt valgrind,,77,,,,1793367663,2023-11-13 16:30:08,116.0,22970015ff0c518a4d2f5397b0565fc4012c678b,1331149,,,,,,,,,,,,,,,,,,,,,,,,,,,,,,,,,,,,,,,,,,,,,,,,,,TN,,,,,,,,,,
autoland,3646670,2,6311658df04f8b9dab1d842cf1ddc69e83bd8127,linux64-qr,,False,,,102210fe594ee9b33d82058545b1ed14f4c8206e,num_static_constructors,compiler_metrics,True,compiler_metrics num_static_constructors opt valgrind,,77,,,,1793464262,2023-11-13 18:41:52,116.0,9850dc0fc0707517b3a304d673f219842e499cac,1331218,,,,,,,,,,,,,,,,,,,,,,,,,,,,,,,,,,,,,,,,,,,,,,,,,,TN,,,,,,,,,,
autoland,3646670,2,6311658df04f8b9dab1d842cf1ddc69e83bd8127,linux64-qr,,False,,,102210fe594ee9b33d82058545b1ed14f4c8206e,num_static_constructors,compiler_metrics,True,compiler_metrics num_static_constructors opt valgrind,,77,,,,1793536919,2023-11-13 20:29:32,116.0,d3990b3984dae68dd34dabf2f586b9140e53eaa7,1331280,,,,,,,,,,,,,,,,,,,,,,,,,,,,,,,,,,,,,,,,,,,,,,,,,,TN,,,,,,,,,,
autoland,3646670,2,6311658df04f8b9dab1d842cf1ddc69e83bd8127,linux64-qr,,False,,,102210fe594ee9b33d82058545b1ed14f4c8206e,num_static_constructors,compiler_metrics,True,compiler_metrics num_static_constructors opt valgrind,,77,,,,1793634549,2023-11-13 22:35:59,116.0,9d523f46c7d8642d6601894c5166ddcd17b6388a,1331378,,,,,,,,,,,,,,,,,,,,,,,,,,,,,,,,,,,,,,,,,,,,,,,,,,TN,,,,,,,,,,
autoland,3646670,2,6311658df04f8b9dab1d842cf1ddc69e83bd8127,linux64-qr,,False,,,102210fe594ee9b33d82058545b1ed14f4c8206e,num_static_constructors,compiler_metrics,True,compiler_metrics num_static_constructors opt valgrind,,77,,,,1793716462,2023-11-14 01:04:17,116.0,a53c4356e8d1c5e50250a47b1df87b7b4c20f593,1331447,,,,,,,,,,,,,,,,,,,,,,,,,,,,,,,,,,,,,,,,,,,,,,,,,,TN,,,,,,,,,,
autoland,3646670,2,6311658df04f8b9dab1d842cf1ddc69e83bd8127,linux64-qr,,False,,,102210fe594ee9b33d82058545b1ed14f4c8206e,num_static_constructors,compiler_metrics,True,compiler_metrics num_static_constructors opt valgrind,,77,,,,1793745800,2023-11-14 03:20:13,116.0,2628fd55e661366941f56769829687c53da4669b,1331480,,,,,,,,,,,,,,,,,,,,,,,,,,,,,,,,,,,,,,,,,,,,,,,,,,TN,,,,,,,,,,
autoland,3646670,2,6311658df04f8b9dab1d842cf1ddc69e83bd8127,linux64-qr,,False,,,102210fe594ee9b33d82058545b1ed14f4c8206e,num_static_constructors,compiler_metrics,True,compiler_metrics num_static_constructors opt valgrind,,77,,,,1793793127,2023-11-14 06:06:45,116.0,acdcddac0b907d2e59d6d0fa1f96fff98453093a,1331509,,,,,,,,,,,,,,,,,,,,,,,,,,,,,,,,,,,,,,,,,,,,,,,,,,TN,,,,,,,,,,
autoland,3646670,2,6311658df04f8b9dab1d842cf1ddc69e83bd8127,linux64-qr,,False,,,102210fe594ee9b33d82058545b1ed14f4c8206e,num_static_constructors,compiler_metrics,True,compiler_metrics num_static_constructors opt valgrind,,77,,,,1793895919,2023-11-14 09:46:55,116.0,4566fbeec9d3a3afd3856693d0c9c49c2a9cee89,1331608,,,,,,,,,,,,,,,,,,,,,,,,,,,,,,,,,,,,,,,,,,,,,,,,,,TN,,,,,,,,,,
autoland,3646670,2,6311658df04f8b9dab1d842cf1ddc69e83bd8127,linux64-qr,,False,,,102210fe594ee9b33d82058545b1ed14f4c8206e,num_static_constructors,compiler_metrics,True,compiler_metrics num_static_constructors opt valgrind,,77,,,,1793930239,2023-11-14 09:46:55,116.0,4566fbeec9d3a3afd3856693d0c9c49c2a9cee89,1331608,,,,,,,,,,,,,,,,,,,,,,,,,,,,,,,,,,,,,,,,,,,,,,,,,,TN,,,,,,,,,,
autoland,3646670,2,6311658df04f8b9dab1d842cf1ddc69e83bd8127,linux64-qr,,False,,,102210fe594ee9b33d82058545b1ed14f4c8206e,num_static_constructors,compiler_metrics,True,compiler_metrics num_static_constructors opt valgrind,,77,,,,1793923716,2023-11-14 10:20:51,116.0,30015f974939708bc9899a81bd335c0e85b51783,1331636,,,,,,,,,,,,,,,,,,,,,,,,,,,,,,,,,,,,,,,,,,,,,,,,,,TN,,,,,,,,,,
autoland,3646670,2,6311658df04f8b9dab1d842cf1ddc69e83bd8127,linux64-qr,,False,,,102210fe594ee9b33d82058545b1ed14f4c8206e,num_static_constructors,compiler_metrics,True,compiler_metrics num_static_constructors opt valgrind,,77,,,,1794048369,2023-11-14 15:09:42,116.0,cb79861638fa94cb8c4df5b5e303dc4bd22f762c,1331752,,,,,,,,,,,,,,,,,,,,,,,,,,,,,,,,,,,,,,,,,,,,,,,,,,TN,,,,,,,,,,
autoland,3646670,2,6311658df04f8b9dab1d842cf1ddc69e83bd8127,linux64-qr,,False,,,102210fe594ee9b33d82058545b1ed14f4c8206e,num_static_constructors,compiler_metrics,True,compiler_metrics num_static_constructors opt valgrind,,77,,,,1794052882,2023-11-14 15:18:46,116.0,1d700517893b09ca1438b9111ea148a71e7398ae,1331762,,,,,,,,,,,,,,,,,,,,,,,,,,,,,,,,,,,,,,,,,,,,,,,,,,TN,,,,,,,,,,
autoland,3646670,2,6311658df04f8b9dab1d842cf1ddc69e83bd8127,linux64-qr,,False,,,102210fe594ee9b33d82058545b1ed14f4c8206e,num_static_constructors,compiler_metrics,True,compiler_metrics num_static_constructors opt valgrind,,77,,,,1794100647,2023-11-14 17:21:52,116.0,f768135b85f29ef20a22825a054d1a6938475ba5,1331856,,,,,,,,,,,,,,,,,,,,,,,,,,,,,,,,,,,,,,,,,,,,,,,,,,TN,,,,,,,,,,
autoland,3646670,2,6311658df04f8b9dab1d842cf1ddc69e83bd8127,linux64-qr,,False,,,102210fe594ee9b33d82058545b1ed14f4c8206e,num_static_constructors,compiler_metrics,True,compiler_metrics num_static_constructors opt valgrind,,77,,,,1794158002,2023-11-14 18:32:45,116.0,cee24679e2a2e085bdefdbd66106fa1a805db56d,1331906,,,,,,,,,,,,,,,,,,,,,,,,,,,,,,,,,,,,,,,,,,,,,,,,,,TN,,,,,,,,,,
autoland,3646670,2,6311658df04f8b9dab1d842cf1ddc69e83bd8127,linux64-qr,,False,,,102210fe594ee9b33d82058545b1ed14f4c8206e,num_static_constructors,compiler_metrics,True,compiler_metrics num_static_constructors opt valgrind,,77,,,,1794159206,2023-11-14 18:42:36,116.0,7b45b836f6721a133d5937329d9537dbd38e58a9,1331923,,,,,,,,,,,,,,,,,,,,,,,,,,,,,,,,,,,,,,,,,,,,,,,,,,TN,,,,,,,,,,
autoland,3646670,2,6311658df04f8b9dab1d842cf1ddc69e83bd8127,linux64-qr,,False,,,102210fe594ee9b33d82058545b1ed14f4c8206e,num_static_constructors,compiler_metrics,True,compiler_metrics num_static_constructors opt valgrind,,77,,,,1794235109,2023-11-14 20:17:49,116.0,45f7ef4749636f24bbab519e5d4e3851950ccacc,1331971,,,,,,,,,,,,,,,,,,,,,,,,,,,,,,,,,,,,,,,,,,,,,,,,,,TN,,,,,,,,,,
autoland,3646670,2,6311658df04f8b9dab1d842cf1ddc69e83bd8127,linux64-qr,,False,,,102210fe594ee9b33d82058545b1ed14f4c8206e,num_static_constructors,compiler_metrics,True,compiler_metrics num_static_constructors opt valgrind,,77,,,,1794362447,2023-11-14 22:33:15,116.0,66ba60ec2937fa3f898a62529a50540af679e5fd,1332065,,,,,,,,,,,,,,,,,,,,,,,,,,,,,,,,,,,,,,,,,,,,,,,,,,TN,,,,,,,,,,
autoland,3646670,2,6311658df04f8b9dab1d842cf1ddc69e83bd8127,linux64-qr,,False,,,102210fe594ee9b33d82058545b1ed14f4c8206e,num_static_constructors,compiler_metrics,True,compiler_metrics num_static_constructors opt valgrind,,77,,,,1794474568,2023-11-15 01:57:11,116.0,0083ca2f4709e599083520545d538d1ee1b8356d,1332132,,,,,,,,,,,,,,,,,,,,,,,,,,,,,,,,,,,,,,,,,,,,,,,,,,TN,,,,,,,,,,
autoland,3646670,2,6311658df04f8b9dab1d842cf1ddc69e83bd8127,linux64-qr,,False,,,102210fe594ee9b33d82058545b1ed14f4c8206e,num_static_constructors,compiler_metrics,True,compiler_metrics num_static_constructors opt valgrind,,77,,,,1794485716,2023-11-15 03:02:01,116.0,d9f2158d4d442a658bb2029948eeebd438457667,1332148,,,,,,,,,,,,,,,,,,,,,,,,,,,,,,,,,,,,,,,,,,,,,,,,,,TN,,,,,,,,,,
autoland,3646670,2,6311658df04f8b9dab1d842cf1ddc69e83bd8127,linux64-qr,,False,,,102210fe594ee9b33d82058545b1ed14f4c8206e,num_static_constructors,compiler_metrics,True,compiler_metrics num_static_constructors opt valgrind,,77,,,,1794574595,2023-11-15 07:02:46,116.0,d12a09b7c773efc37f5d0e37cc52339e25f07b6c,1332195,,,,,,,,,,,,,,,,,,,,,,,,,,,,,,,,,,,,,,,,,,,,,,,,,,TN,,,,,,,,,,
autoland,3646670,2,6311658df04f8b9dab1d842cf1ddc69e83bd8127,linux64-qr,,False,,,102210fe594ee9b33d82058545b1ed14f4c8206e,num_static_constructors,compiler_metrics,True,compiler_metrics num_static_constructors opt valgrind,,77,,,,1794681797,2023-11-15 12:47:49,116.0,571c293cedd28db6ac86fd553e2810f40e382e80,1332324,,,,,,,,,,,,,,,,,,,,,,,,,,,,,,,,,,,,,,,,,,,,,,,,,,TN,,,,,,,,,,
autoland,3646670,2,6311658df04f8b9dab1d842cf1ddc69e83bd8127,linux64-qr,,False,,,102210fe594ee9b33d82058545b1ed14f4c8206e,num_static_constructors,compiler_metrics,True,compiler_metrics num_static_constructors opt valgrind,,77,,,,1794755031,2023-11-15 15:33:52,116.0,58fc056d56521455bb36e7bd4fcce81222093c75,1332438,,,,,,,,,,,,,,,,,,,,,,,,,,,,,,,,,,,,,,,,,,,,,,,,,,TN,,,,,,,,,,
autoland,3646670,2,6311658df04f8b9dab1d842cf1ddc69e83bd8127,linux64-qr,,False,,,102210fe594ee9b33d82058545b1ed14f4c8206e,num_static_constructors,compiler_metrics,True,compiler_metrics num_static_constructors opt valgrind,,77,,,,1794804817,2023-11-15 15:44:35,116.0,27bfc748bec217d4a88b5d0749494ba108480572,1332461,,,,,,,,,,,,,,,,,,,,,,,,,,,,,,,,,,,,,,,,,,,,,,,,,,TN,,,,,,,,,,
autoland,3646670,2,6311658df04f8b9dab1d842cf1ddc69e83bd8127,linux64-qr,,False,,,102210fe594ee9b33d82058545b1ed14f4c8206e,num_static_constructors,compiler_metrics,True,compiler_metrics num_static_constructors opt valgrind,,77,,,,1794795633,2023-11-15 16:43:35,116.0,a70ee84d8943b9a1eaaf0fb3a0df60a1595f5782,1332515,,,,,,,,,,,,,,,,,,,,,,,,,,,,,,,,,,,,,,,,,,,,,,,,,,TN,,,,,,,,,,
autoland,3646670,2,6311658df04f8b9dab1d842cf1ddc69e83bd8127,linux64-qr,,False,,,102210fe594ee9b33d82058545b1ed14f4c8206e,num_static_constructors,compiler_metrics,True,compiler_metrics num_static_constructors opt valgrind,,77,,,,1794931925,2023-11-15 20:23:32,116.0,923626e26da10f94a8982b5f14124951668b9747,1332666,,,,,,,,,,,,,,,,,,,,,,,,,,,,,,,,,,,,,,,,,,,,,,,,,,TN,,,,,,,,,,
autoland,3646670,2,6311658df04f8b9dab1d842cf1ddc69e83bd8127,linux64-qr,,False,,,102210fe594ee9b33d82058545b1ed14f4c8206e,num_static_constructors,compiler_metrics,True,compiler_metrics num_static_constructors opt valgrind,,77,,,,1794985257,2023-11-15 21:43:02,116.0,ff86054371b742a9cea65b9480bab9a352ec1113,1332725,,,,,,,,,,,,,,,,,,,,,,,,,,,,,,,,,,,,,,,,,,,,,,,,,,TN,,,,,,,,,,
autoland,3646670,2,6311658df04f8b9dab1d842cf1ddc69e83bd8127,linux64-qr,,False,,,102210fe594ee9b33d82058545b1ed14f4c8206e,num_static_constructors,compiler_metrics,True,compiler_metrics num_static_constructors opt valgrind,,77,,,,1795039462,2023-11-15 23:08:22,116.0,eb78feb610e5d895bd63b81693cde56dd08d82df,1332792,,,,,,,,,,,,,,,,,,,,,,,,,,,,,,,,,,,,,,,,,,,,,,,,,,TN,,,,,,,,,,
autoland,3646670,2,6311658df04f8b9dab1d842cf1ddc69e83bd8127,linux64-qr,,False,,,102210fe594ee9b33d82058545b1ed14f4c8206e,num_static_constructors,compiler_metrics,True,compiler_metrics num_static_constructors opt valgrind,,77,,,,1795145908,2023-11-16 02:09:33,116.0,3c40655594bf04b2c34bde9351e2f0b722fc8cfd,1332893,,,,,,,,,,,,,,,,,,,,,,,,,,,,,,,,,,,,,,,,,,,,,,,,,,TN,,,,,,,,,,
autoland,3646670,2,6311658df04f8b9dab1d842cf1ddc69e83bd8127,linux64-qr,,False,,,102210fe594ee9b33d82058545b1ed14f4c8206e,num_static_constructors,compiler_metrics,True,compiler_metrics num_static_constructors opt valgrind,,77,,,,1795228092,2023-11-16 09:33:00,116.0,ffd7ebdedeacec6717a3e8904121052ebbe61fe6,1332997,,,,,,,,,,,,,,,,,,,,,,,,,,,,,,,,,,,,,,,,,,,,,,,,,,TN,,,,,,,,,,
autoland,3646670,2,6311658df04f8b9dab1d842cf1ddc69e83bd8127,linux64-qr,,False,,,102210fe594ee9b33d82058545b1ed14f4c8206e,num_static_constructors,compiler_metrics,True,compiler_metrics num_static_constructors opt valgrind,,77,,,,1795329981,2023-11-16 13:34:03,116.0,71ef91d3bf98c6475cfe762c0152d5b31588182c,1333089,,,,,,,,,,,,,,,,,,,,,,,,,,,,,,,,,,,,,,,,,,,,,,,,,,TN,,,,,,,,,,
autoland,3646670,2,6311658df04f8b9dab1d842cf1ddc69e83bd8127,linux64-qr,,False,,,102210fe594ee9b33d82058545b1ed14f4c8206e,num_static_constructors,compiler_metrics,True,compiler_metrics num_static_constructors opt valgrind,,77,,,,1795332528,2023-11-16 13:47:41,116.0,c83ba137e470a8008728c61a40a4ff036f28bf59,1333099,,,,,,,,,,,,,,,,,,,,,,,,,,,,,,,,,,,,,,,,,,,,,,,,,,TN,,,,,,,,,,
autoland,3646670,2,6311658df04f8b9dab1d842cf1ddc69e83bd8127,linux64-qr,,False,,,102210fe594ee9b33d82058545b1ed14f4c8206e,num_static_constructors,compiler_metrics,True,compiler_metrics num_static_constructors opt valgrind,,77,,,,1795429767,2023-11-16 13:47:41,116.0,c83ba137e470a8008728c61a40a4ff036f28bf59,1333099,,,,,,,,,,,,,,,,,,,,,,,,,,,,,,,,,,,,,,,,,,,,,,,,,,TN,,,,,,,,,,
autoland,3646670,2,6311658df04f8b9dab1d842cf1ddc69e83bd8127,linux64-qr,,False,,,102210fe594ee9b33d82058545b1ed14f4c8206e,num_static_constructors,compiler_metrics,True,compiler_metrics num_static_constructors opt valgrind,,77,,,,1795434033,2023-11-16 13:52:47,116.0,782387a23b7b27b2365fd734d987b5343cd301ae,1333103,,,,,,,,,,,,,,,,,,,,,,,,,,,,,,,,,,,,,,,,,,,,,,,,,,TN,,,,,,,,,,
autoland,3646670,2,6311658df04f8b9dab1d842cf1ddc69e83bd8127,linux64-qr,,False,,,102210fe594ee9b33d82058545b1ed14f4c8206e,num_static_constructors,compiler_metrics,True,compiler_metrics num_static_constructors opt valgrind,,77,,,,1795444540,2023-11-16 13:52:47,116.0,782387a23b7b27b2365fd734d987b5343cd301ae,1333103,,,,,,,,,,,,,,,,,,,,,,,,,,,,,,,,,,,,,,,,,,,,,,,,,,TN,,,,,,,,,,
autoland,3646670,2,6311658df04f8b9dab1d842cf1ddc69e83bd8127,linux64-qr,,False,,,102210fe594ee9b33d82058545b1ed14f4c8206e,num_static_constructors,compiler_metrics,True,compiler_metrics num_static_constructors opt valgrind,,77,,,,1795432312,2023-11-16 13:53:40,116.0,82618a3f937c0c9f01e5944fe20cadff1656495e,1333104,,,,,,,,,,,,,,,,,,,,,,,,,,,,,,,,,,,,,,,,,,,,,,,,,,TN,,,,,,,,,,
autoland,3646670,2,6311658df04f8b9dab1d842cf1ddc69e83bd8127,linux64-qr,,False,,,102210fe594ee9b33d82058545b1ed14f4c8206e,num_static_constructors,compiler_metrics,True,compiler_metrics num_static_constructors opt valgrind,,77,,,,1795443399,2023-11-16 13:53:40,116.0,82618a3f937c0c9f01e5944fe20cadff1656495e,1333104,,,,,,,,,,,,,,,,,,,,,,,,,,,,,,,,,,,,,,,,,,,,,,,,,,TN,,,,,,,,,,
autoland,3646670,2,6311658df04f8b9dab1d842cf1ddc69e83bd8127,linux64-qr,,False,,,102210fe594ee9b33d82058545b1ed14f4c8206e,num_static_constructors,compiler_metrics,True,compiler_metrics num_static_constructors opt valgrind,,77,,,,1795433782,2023-11-16 13:54:59,116.0,407b4a2bd8b0662ae82c978a5cf307310b4d9b52,1333107,,,,,,,,,,,,,,,,,,,,,,,,,,,,,,,,,,,,,,,,,,,,,,,,,,TN,,,,,,,,,,
autoland,3646670,2,6311658df04f8b9dab1d842cf1ddc69e83bd8127,linux64-qr,,False,,,102210fe594ee9b33d82058545b1ed14f4c8206e,num_static_constructors,compiler_metrics,True,compiler_metrics num_static_constructors opt valgrind,,77,,,,1795443161,2023-11-16 13:54:59,116.0,407b4a2bd8b0662ae82c978a5cf307310b4d9b52,1333107,,,,,,,,,,,,,,,,,,,,,,,,,,,,,,,,,,,,,,,,,,,,,,,,,,TN,,,,,,,,,,
autoland,3646670,2,6311658df04f8b9dab1d842cf1ddc69e83bd8127,linux64-qr,,False,,,102210fe594ee9b33d82058545b1ed14f4c8206e,num_static_constructors,compiler_metrics,True,compiler_metrics num_static_constructors opt valgrind,,77,,,,1795436082,2023-11-16 13:55:57,116.0,cfe1120d1bbbc4359860befa7dc21821da37d5ac,1333109,,,,,,,,,,,,,,,,,,,,,,,,,,,,,,,,,,,,,,,,,,,,,,,,,,TN,,,,,,,,,,
autoland,3646670,2,6311658df04f8b9dab1d842cf1ddc69e83bd8127,linux64-qr,,False,,,102210fe594ee9b33d82058545b1ed14f4c8206e,num_static_constructors,compiler_metrics,True,compiler_metrics num_static_constructors opt valgrind,,77,,,,1795443437,2023-11-16 13:55:57,116.0,cfe1120d1bbbc4359860befa7dc21821da37d5ac,1333109,,,,,,,,,,,,,,,,,,,,,,,,,,,,,,,,,,,,,,,,,,,,,,,,,,TN,,,,,,,,,,
autoland,3646670,2,6311658df04f8b9dab1d842cf1ddc69e83bd8127,linux64-qr,,False,,,102210fe594ee9b33d82058545b1ed14f4c8206e,num_static_constructors,compiler_metrics,True,compiler_metrics num_static_constructors opt valgrind,,77,,,,1795433269,2023-11-16 13:57:00,116.0,d98e4d6c067d09a0a3ad9317943fdc9344e93bb8,1333111,,,,,,,,,,,,,,,,,,,,,,,,,,,,,,,,,,,,,,,,,,,,,,,,,,TN,,,,,,,,,,
autoland,3646670,2,6311658df04f8b9dab1d842cf1ddc69e83bd8127,linux64-qr,,False,,,102210fe594ee9b33d82058545b1ed14f4c8206e,num_static_constructors,compiler_metrics,True,compiler_metrics num_static_constructors opt valgrind,,77,,,,1795442555,2023-11-16 13:57:00,116.0,d98e4d6c067d09a0a3ad9317943fdc9344e93bb8,1333111,,,,,,,,,,,,,,,,,,,,,,,,,,,,,,,,,,,,,,,,,,,,,,,,,,TN,,,,,,,,,,
autoland,3646670,2,6311658df04f8b9dab1d842cf1ddc69e83bd8127,linux64-qr,,False,,,102210fe594ee9b33d82058545b1ed14f4c8206e,num_static_constructors,compiler_metrics,True,compiler_metrics num_static_constructors opt valgrind,,77,,,,1795434327,2023-11-16 13:57:54,116.0,1c1ca52a6e18d925817c4e68b73ba8e448543617,1333112,,,,,,,,,,,,,,,,,,,,,,,,,,,,,,,,,,,,,,,,,,,,,,,,,,TN,,,,,,,,,,
autoland,3646670,2,6311658df04f8b9dab1d842cf1ddc69e83bd8127,linux64-qr,,False,,,102210fe594ee9b33d82058545b1ed14f4c8206e,num_static_constructors,compiler_metrics,True,compiler_metrics num_static_constructors opt valgrind,,77,,,,1795443233,2023-11-16 13:57:54,116.0,1c1ca52a6e18d925817c4e68b73ba8e448543617,1333112,,,,,,,,,,,,,,,,,,,,,,,,,,,,,,,,,,,,,,,,,,,,,,,,,,TN,,,,,,,,,,
autoland,3646670,2,6311658df04f8b9dab1d842cf1ddc69e83bd8127,linux64-qr,,False,,,102210fe594ee9b33d82058545b1ed14f4c8206e,num_static_constructors,compiler_metrics,True,compiler_metrics num_static_constructors opt valgrind,,77,,,,1795435850,2023-11-16 13:58:51,116.0,1f3c84ba2e08fe4adc3b71926efadb2250a0a50a,1333113,,,,,,,,,,,,,,,,,,,,,,,,,,,,,,,,,,,,,,,,,,,,,,,,,,TN,,,,,,,,,,
autoland,3646670,2,6311658df04f8b9dab1d842cf1ddc69e83bd8127,linux64-qr,,False,,,102210fe594ee9b33d82058545b1ed14f4c8206e,num_static_constructors,compiler_metrics,True,compiler_metrics num_static_constructors opt valgrind,,77,,,,1795442525,2023-11-16 13:58:51,116.0,1f3c84ba2e08fe4adc3b71926efadb2250a0a50a,1333113,,,,,,,,,,,,,,,,,,,,,,,,,,,,,,,,,,,,,,,,,,,,,,,,,,TN,,,,,,,,,,
autoland,3646670,2,6311658df04f8b9dab1d842cf1ddc69e83bd8127,linux64-qr,,False,,,102210fe594ee9b33d82058545b1ed14f4c8206e,num_static_constructors,compiler_metrics,True,compiler_metrics num_static_constructors opt valgrind,,77,,,,1795437208,2023-11-16 14:39:23,116.0,815a3992f4b43668d4d171ea8aa7769be1f0df04,1333147,,,,,,,,,,,,,,,,,,,,,,,,,,,,,,,,,,,,,,,,,,,,,,,,,,TN,,,,,,,,,,
autoland,3646670,2,6311658df04f8b9dab1d842cf1ddc69e83bd8127,linux64-qr,,False,,,102210fe594ee9b33d82058545b1ed14f4c8206e,num_static_constructors,compiler_metrics,True,compiler_metrics num_static_constructors opt valgrind,,77,,,,1795443614,2023-11-16 14:39:23,116.0,815a3992f4b43668d4d171ea8aa7769be1f0df04,1333147,,,,,,,,,,,,,,,,,,,,,,,,,,,,,,,,,,,,,,,,,,,,,,,,,,TN,,,,,,,,,,
autoland,3646670,2,6311658df04f8b9dab1d842cf1ddc69e83bd8127,linux64-qr,,False,,,102210fe594ee9b33d82058545b1ed14f4c8206e,num_static_constructors,compiler_metrics,True,compiler_metrics num_static_constructors opt valgrind,,77,,,,1795437237,2023-11-16 14:47:08,116.0,e8a7251532ce2fe577500a2114fe3c2e32ab5bd1,1333155,,,,,,,,,,,,,,,,,,,,,,,,,,,,,,,,,,,,,,,,,,,,,,,,,,TN,,,,,,,,,,
autoland,3646670,2,6311658df04f8b9dab1d842cf1ddc69e83bd8127,linux64-qr,,False,,,102210fe594ee9b33d82058545b1ed14f4c8206e,num_static_constructors,compiler_metrics,True,compiler_metrics num_static_constructors opt valgrind,,77,,,,1795444139,2023-11-16 14:47:08,116.0,e8a7251532ce2fe577500a2114fe3c2e32ab5bd1,1333155,,,,,,,,,,,,,,,,,,,,,,,,,,,,,,,,,,,,,,,,,,,,,,,,,,TN,,,,,,,,,,
autoland,3646670,2,6311658df04f8b9dab1d842cf1ddc69e83bd8127,linux64-qr,,False,,,102210fe594ee9b33d82058545b1ed14f4c8206e,num_static_constructors,compiler_metrics,True,compiler_metrics num_static_constructors opt valgrind,,77,,,,1795390728,2023-11-16 15:30:11,116.0,5dba86b1842a5256c2845d69a7cebd605267d535,1333183,,,,,,,,,,,,,,,,,,,,,,,,,,,,,,,,,,,,,,,,,,,,,,,,,,TN,,,,,,,,,,
autoland,3646670,2,6311658df04f8b9dab1d842cf1ddc69e83bd8127,linux64-qr,,False,,,102210fe594ee9b33d82058545b1ed14f4c8206e,num_static_constructors,compiler_metrics,True,compiler_metrics num_static_constructors opt valgrind,,77,,,,1795415318,2023-11-16 15:30:11,116.0,5dba86b1842a5256c2845d69a7cebd605267d535,1333183,,,,,,,,,,,,,,,,,,,,,,,,,,,,,,,,,,,,,,,,,,,,,,,,,,TN,,,,,,,,,,
autoland,3646670,2,6311658df04f8b9dab1d842cf1ddc69e83bd8127,linux64-qr,,False,,,102210fe594ee9b33d82058545b1ed14f4c8206e,num_static_constructors,compiler_metrics,True,compiler_metrics num_static_constructors opt valgrind,,77,,,,1795432945,2023-11-16 15:30:11,116.0,5dba86b1842a5256c2845d69a7cebd605267d535,1333183,,,,,,,,,,,,,,,,,,,,,,,,,,,,,,,,,,,,,,,,,,,,,,,,,,TN,,,,,,,,,,
autoland,3646670,2,6311658df04f8b9dab1d842cf1ddc69e83bd8127,linux64-qr,,False,,,102210fe594ee9b33d82058545b1ed14f4c8206e,num_static_constructors,compiler_metrics,True,compiler_metrics num_static_constructors opt valgrind,,77,,,,1795432343,2023-11-16 15:30:11,116.0,5dba86b1842a5256c2845d69a7cebd605267d535,1333183,,,,,,,,,,,,,,,,,,,,,,,,,,,,,,,,,,,,,,,,,,,,,,,,,,TN,,,,,,,,,,
autoland,3646670,2,6311658df04f8b9dab1d842cf1ddc69e83bd8127,linux64-qr,,False,,,102210fe594ee9b33d82058545b1ed14f4c8206e,num_static_constructors,compiler_metrics,True,compiler_metrics num_static_constructors opt valgrind,,77,,,,1795434295,2023-11-16 15:30:11,116.0,5dba86b1842a5256c2845d69a7cebd605267d535,1333183,,,,,,,,,,,,,,,,,,,,,,,,,,,,,,,,,,,,,,,,,,,,,,,,,,TN,,,,,,,,,,
autoland,3646670,2,6311658df04f8b9dab1d842cf1ddc69e83bd8127,linux64-qr,,False,,,102210fe594ee9b33d82058545b1ed14f4c8206e,num_static_constructors,compiler_metrics,True,compiler_metrics num_static_constructors opt valgrind,,77,,,,1795442826,2023-11-16 15:30:11,116.0,5dba86b1842a5256c2845d69a7cebd605267d535,1333183,,,,,,,,,,,,,,,,,,,,,,,,,,,,,,,,,,,,,,,,,,,,,,,,,,TN,,,,,,,,,,
autoland,3646670,2,6311658df04f8b9dab1d842cf1ddc69e83bd8127,linux64-qr,,False,,,102210fe594ee9b33d82058545b1ed14f4c8206e,num_static_constructors,compiler_metrics,True,compiler_metrics num_static_constructors opt valgrind,,77,,,,1795526645,2023-11-16 20:27:49,116.0,53b2405c0e70ae3283dbbba0d568665110f0db23,1333335,,,,,,,,,,,,,,,,,,,,,,,,,,,,,,,,,,,,,,,,,,,,,,,,,,TN,,,,,,,,,,
autoland,3646670,2,6311658df04f8b9dab1d842cf1ddc69e83bd8127,linux64-qr,,False,,,102210fe594ee9b33d82058545b1ed14f4c8206e,num_static_constructors,compiler_metrics,True,compiler_metrics num_static_constructors opt valgrind,,77,,,,1795531377,2023-11-16 21:41:19,116.0,c4b55effdb4b3059fc7eadd66522aabd3faa52e5,1333344,,,,,,,,,,,,,,,,,,,,,,,,,,,,,,,,,,,,,,,,,,,,,,,,,,TN,,,,,,,,,,
autoland,3646670,2,6311658df04f8b9dab1d842cf1ddc69e83bd8127,linux64-qr,,False,,,102210fe594ee9b33d82058545b1ed14f4c8206e,num_static_constructors,compiler_metrics,True,compiler_metrics num_static_constructors opt valgrind,,77,,,,1795572512,2023-11-16 23:04:46,116.0,3b45d04f6865b297c8b2548a2c24424c5e9467e9,1333418,,,,,,,,,,,,,,,,,,,,,,,,,,,,,,,,,,,,,,,,,,,,,,,,,,TN,,,,,,,,,,
autoland,3646670,2,6311658df04f8b9dab1d842cf1ddc69e83bd8127,linux64-qr,,False,,,102210fe594ee9b33d82058545b1ed14f4c8206e,num_static_constructors,compiler_metrics,True,compiler_metrics num_static_constructors opt valgrind,,77,,,,1795742829,2023-11-17 06:40:14,116.0,8a71397fb808df79e78f3023bf95b46f7cc2d2a4,1333538,,,,,,,,,,,,,,,,,,,,,,,,,,,,,,,,,,,,,,,,,,,,,,,,,,TN,,,,,,,,,,
autoland,3646670,2,6311658df04f8b9dab1d842cf1ddc69e83bd8127,linux64-qr,,False,,,102210fe594ee9b33d82058545b1ed14f4c8206e,num_static_constructors,compiler_metrics,True,compiler_metrics num_static_constructors opt valgrind,,77,,,,1795845262,2023-11-17 10:54:07,116.0,ff5810792fa57d1b0a1076b4c90b3a83ac0242ca,1333644,,,,,,,,,,,,,,,,,,,,,,,,,,,,,,,,,,,,,,,,,,,,,,,,,,TN,,,,,,,,,,
autoland,3646670,2,6311658df04f8b9dab1d842cf1ddc69e83bd8127,linux64-qr,,False,,,102210fe594ee9b33d82058545b1ed14f4c8206e,num_static_constructors,compiler_metrics,True,compiler_metrics num_static_constructors opt valgrind,,77,,,,1796032945,2023-11-17 15:35:00,116.0,f3b46286b5bad609725e65f541d6609a1bafcbce,1333770,,,,,,,,,,,,,,,,,,,,,,,,,,,,,,,,,,,,,,,,,,,,,,,,,,TN,,,,,,,,,,
autoland,3646670,2,6311658df04f8b9dab1d842cf1ddc69e83bd8127,linux64-qr,,False,,,102210fe594ee9b33d82058545b1ed14f4c8206e,num_static_constructors,compiler_metrics,True,compiler_metrics num_static_constructors opt valgrind,,77,,,,1796165723,2023-11-17 19:25:29,116.0,ca2a301497e4e4bf0ac2831e4ff96e61642bcede,1333905,,,,,,,,,,,,,,,,,,,,,,,,,,,,,,,,,,,,,,,,,,,,,,,,,,TN,,,,,,,,,,
autoland,3646670,2,6311658df04f8b9dab1d842cf1ddc69e83bd8127,linux64-qr,,False,,,102210fe594ee9b33d82058545b1ed14f4c8206e,num_static_constructors,compiler_metrics,True,compiler_metrics num_static_constructors opt valgrind,,77,,,,1796187853,2023-11-17 21:05:40,116.0,b3bec7a68bb8ccbb4c637b64bec4dc0c806fecb3,1334007,,,,,,,,,,,,,,,,,,,,,,,,,,,,,,,,,,,,,,,,,,,,,,,,,,TN,,,,,,,,,,
autoland,3646670,2,6311658df04f8b9dab1d842cf1ddc69e83bd8127,linux64-qr,,False,,,102210fe594ee9b33d82058545b1ed14f4c8206e,num_static_constructors,compiler_metrics,True,compiler_metrics num_static_constructors opt valgrind,,77,,,,1796255652,2023-11-18 01:23:43,116.0,391181d97b6bb5b53fe8a1186c8a1a85971812de,1334085,,,,,,,,,,,,,,,,,,,,,,,,,,,,,,,,,,,,,,,,,,,,,,,,,,TN,,,,,,,,,,
autoland,3646670,2,6311658df04f8b9dab1d842cf1ddc69e83bd8127,linux64-qr,,False,,,102210fe594ee9b33d82058545b1ed14f4c8206e,num_static_constructors,compiler_metrics,True,compiler_metrics num_static_constructors opt valgrind,,77,,,,1796432236,2023-11-18 14:15:26,116.0,2cf1b902ea75e1237bbd69eaf02c889bc2924d10,1334153,,,,,,,,,,,,,,,,,,,,,,,,,,,,,,,,,,,,,,,,,,,,,,,,,,TN,,,,,,,,,,
autoland,3646670,2,6311658df04f8b9dab1d842cf1ddc69e83bd8127,linux64-qr,,False,,,102210fe594ee9b33d82058545b1ed14f4c8206e,num_static_constructors,compiler_metrics,True,compiler_metrics num_static_constructors opt valgrind,,77,,,,1796545415,2023-11-19 06:03:16,116.0,98917be406eeca58f61d8aeaf62aa4cae5be2137,1334239,,,,,,,,,,,,,,,,,,,,,,,,,,,,,,,,,,,,,,,,,,,,,,,,,,TN,,,,,,,,,,
autoland,3646670,2,6311658df04f8b9dab1d842cf1ddc69e83bd8127,linux64-qr,,False,,,102210fe594ee9b33d82058545b1ed14f4c8206e,num_static_constructors,compiler_metrics,True,compiler_metrics num_static_constructors opt valgrind,,77,,,,1796606066,2023-11-19 11:10:53,116.0,b403bb5b1c833d29961882402a090cf08f44c190,1334278,,,,,,,,,,,,,,,,,,,,,,,,,,,,,,,,,,,,,,,,,,,,,,,,,,TN,,,,,,,,,,
autoland,3646670,2,6311658df04f8b9dab1d842cf1ddc69e83bd8127,linux64-qr,,False,,,102210fe594ee9b33d82058545b1ed14f4c8206e,num_static_constructors,compiler_metrics,True,compiler_metrics num_static_constructors opt valgrind,,77,,,,1796655375,2023-11-19 15:28:11,116.0,1044018d08bd15166ae94a05bf5299b0701f4109,1334290,,,,,,,,,,,,,,,,,,,,,,,,,,,,,,,,,,,,,,,,,,,,,,,,,,TN,,,,,,,,,,
autoland,3646670,2,6311658df04f8b9dab1d842cf1ddc69e83bd8127,linux64-qr,,False,,,102210fe594ee9b33d82058545b1ed14f4c8206e,num_static_constructors,compiler_metrics,True,compiler_metrics num_static_constructors opt valgrind,,77,,,,1796657446,2023-11-19 15:37:17,116.0,61875987e62ca2e06efdc2996169b609ae618798,1334295,,,,,,,,,,,,,,,,,,,,,,,,,,,,,,,,,,,,,,,,,,,,,,,,,,TN,,,,,,,,,,
autoland,3646670,2,6311658df04f8b9dab1d842cf1ddc69e83bd8127,linux64-qr,,False,,,102210fe594ee9b33d82058545b1ed14f4c8206e,num_static_constructors,compiler_metrics,True,compiler_metrics num_static_constructors opt valgrind,,77,,,,1796774836,2023-11-20 01:53:49,116.0,73f60b8af6dadb15fb13d768baf6b4c3313d939b,1334371,,,,,,,,,,,,,,,,,,,,,,,,,,,,,,,,,,,,,,,,,,,,,,,,,,TN,,,,,,,,,,
autoland,3646670,2,6311658df04f8b9dab1d842cf1ddc69e83bd8127,linux64-qr,,False,,,102210fe594ee9b33d82058545b1ed14f4c8206e,num_static_constructors,compiler_metrics,True,compiler_metrics num_static_constructors opt valgrind,,77,,,,1796958632,2023-11-20 09:30:46,116.0,86da25fdbc81a93ed888df6b8a9f7cc128fb9b5b,1334455,,,,,,,,,,,,,,,,,,,,,,,,,,,,,,,,,,,,,,,,,,,,,,,,,,TN,,,,,,,,,,
autoland,3646670,2,6311658df04f8b9dab1d842cf1ddc69e83bd8127,linux64-qr,,False,,,102210fe594ee9b33d82058545b1ed14f4c8206e,num_static_constructors,compiler_metrics,True,compiler_metrics num_static_constructors opt valgrind,,77,,,,1797006728,2023-11-20 10:14:02,116.0,8f8ac5dea5ac39829d3036ff6790e10dcca36d14,1334509,,,,,,,,,,,,,,,,,,,,,,,,,,,,,,,,,,,,,,,,,,,,,,,,,,TN,,,,,,,,,,
autoland,3646670,2,6311658df04f8b9dab1d842cf1ddc69e83bd8127,linux64-qr,,False,,,102210fe594ee9b33d82058545b1ed14f4c8206e,num_static_constructors,compiler_metrics,True,compiler_metrics num_static_constructors opt valgrind,,77,,,,1797074655,2023-11-20 12:44:46,116.0,de35cb5de97565935b503eade2990b5c385c7293,1334619,,,,,,,,,,,,,,,,,,,,,,,,,,,,,,,,,,,,,,,,,,,,,,,,,,TN,,,,,,,,,,
autoland,3646670,2,6311658df04f8b9dab1d842cf1ddc69e83bd8127,linux64-qr,,False,,,102210fe594ee9b33d82058545b1ed14f4c8206e,num_static_constructors,compiler_metrics,True,compiler_metrics num_static_constructors opt valgrind,,77,,,,1797119563,2023-11-20 14:24:39,116.0,94c6224d9fb49a6653f2cec5d1095d72b7a477cf,1334675,,,,,,,,,,,,,,,,,,,,,,,,,,,,,,,,,,,,,,,,,,,,,,,,,,TN,,,,,,,,,,
autoland,3646670,2,6311658df04f8b9dab1d842cf1ddc69e83bd8127,linux64-qr,,False,,,102210fe594ee9b33d82058545b1ed14f4c8206e,num_static_constructors,compiler_metrics,True,compiler_metrics num_static_constructors opt valgrind,,77,,,,1797185552,2023-11-20 16:13:55,116.0,f78453d754386d0000dae39e031b91b0d0c4b07f,1334757,,,,,,,,,,,,,,,,,,,,,,,,,,,,,,,,,,,,,,,,,,,,,,,,,,TN,,,,,,,,,,
autoland,3646670,2,6311658df04f8b9dab1d842cf1ddc69e83bd8127,linux64-qr,,False,,,102210fe594ee9b33d82058545b1ed14f4c8206e,num_static_constructors,compiler_metrics,True,compiler_metrics num_static_constructors opt valgrind,,77,,,,1797233367,2023-11-20 17:17:17,116.0,1ba52966063191a2bcac743775e49ad0c7736b13,1334822,,,,,,,,,,,,,,,,,,,,,,,,,,,,,,,,,,,,,,,,,,,,,,,,,,TN,,,,,,,,,,
autoland,3646670,2,6311658df04f8b9dab1d842cf1ddc69e83bd8127,linux64-qr,,False,,,102210fe594ee9b33d82058545b1ed14f4c8206e,num_static_constructors,compiler_metrics,True,compiler_metrics num_static_constructors opt valgrind,,77,,,,1797282266,2023-11-20 18:08:54,116.0,a2089603188c4136890163ddd71b1d4e60e1c396,1334868,,,,,,,,,,,,,,,,,,,,,,,,,,,,,,,,,,,,,,,,,,,,,,,,,,TN,,,,,,,,,,
autoland,3646670,2,6311658df04f8b9dab1d842cf1ddc69e83bd8127,linux64-qr,,False,,,102210fe594ee9b33d82058545b1ed14f4c8206e,num_static_constructors,compiler_metrics,True,compiler_metrics num_static_constructors opt valgrind,,77,,,,1797342704,2023-11-20 19:48:12,116.0,36c4a38c6d225c7315445718e62d4703c40c277a,1334957,,,,,,,,,,,,,,,,,,,,,,,,,,,,,,,,,,,,,,,,,,,,,,,,,,TN,,,,,,,,,,
autoland,3646670,2,6311658df04f8b9dab1d842cf1ddc69e83bd8127,linux64-qr,,False,,,102210fe594ee9b33d82058545b1ed14f4c8206e,num_static_constructors,compiler_metrics,True,compiler_metrics num_static_constructors opt valgrind,,77,,,,1797488753,2023-11-20 23:09:27,116.0,7b567ceeead73f84de62ab77b4b6c87450b347fa,1335119,,,,,,,,,,,,,,,,,,,,,,,,,,,,,,,,,,,,,,,,,,,,,,,,,,TN,,,,,,,,,,
autoland,3646670,2,6311658df04f8b9dab1d842cf1ddc69e83bd8127,linux64-qr,,False,,,102210fe594ee9b33d82058545b1ed14f4c8206e,num_static_constructors,compiler_metrics,True,compiler_metrics num_static_constructors opt valgrind,,77,,,,1797508934,2023-11-20 23:29:25,116.0,79c2895d1a95f614a44752324211b0b1c4aac757,1335147,,,,,,,,,,,,,,,,,,,,,,,,,,,,,,,,,,,,,,,,,,,,,,,,,,TN,,,,,,,,,,
autoland,3646670,2,6311658df04f8b9dab1d842cf1ddc69e83bd8127,linux64-qr,,False,,,102210fe594ee9b33d82058545b1ed14f4c8206e,num_static_constructors,compiler_metrics,True,compiler_metrics num_static_constructors opt valgrind,,77,,,,1797621564,2023-11-21 01:49:39,116.0,b9fe9a49496aa38ca77c335f20236610ef01a582,1335206,,,,,,,,,,,,,,,,,,,,,,,,,,,,,,,,,,,,,,,,,,,,,,,,,,TN,,,,,,,,,,
autoland,3646670,2,6311658df04f8b9dab1d842cf1ddc69e83bd8127,linux64-qr,,False,,,102210fe594ee9b33d82058545b1ed14f4c8206e,num_static_constructors,compiler_metrics,True,compiler_metrics num_static_constructors opt valgrind,,77,,,,1797695908,2023-11-21 05:44:32,116.0,7a6f17636cf1b0a6bc8afd1eeffe26cfbc03c29d,1335240,,,,,,,,,,,,,,,,,,,,,,,,,,,,,,,,,,,,,,,,,,,,,,,,,,TN,,,,,,,,,,
autoland,3646670,2,6311658df04f8b9dab1d842cf1ddc69e83bd8127,linux64-qr,,False,,,102210fe594ee9b33d82058545b1ed14f4c8206e,num_static_constructors,compiler_metrics,True,compiler_metrics num_static_constructors opt valgrind,,77,,,,1797775668,2023-11-21 08:38:33,116.0,fddad0a59b2d028b2147493bf9ba8cc953d9e3eb,1335289,,,,,,,,,,,,,,,,,,,,,,,,,,,,,,,,,,,,,,,,,,,,,,,,,,TN,,,,,,,,,,
autoland,3646670,2,6311658df04f8b9dab1d842cf1ddc69e83bd8127,linux64-qr,,False,,,102210fe594ee9b33d82058545b1ed14f4c8206e,num_static_constructors,compiler_metrics,True,compiler_metrics num_static_constructors opt valgrind,,77,,,,1797815954,2023-11-21 10:34:14,116.0,d72b0702bef67ed46fbd4a681b77b892d0ae5ab4,1335396,,,,,,,,,,,,,,,,,,,,,,,,,,,,,,,,,,,,,,,,,,,,,,,,,,TN,,,,,,,,,,
autoland,3646670,2,6311658df04f8b9dab1d842cf1ddc69e83bd8127,linux64-qr,,False,,,102210fe594ee9b33d82058545b1ed14f4c8206e,num_static_constructors,compiler_metrics,True,compiler_metrics num_static_constructors opt valgrind,,77,,,,1797877377,2023-11-21 12:15:20,116.0,1ff1d467cb8d49467127613245f448026cd7df9e,1335466,,,,,,,,,,,,,,,,,,,,,,,,,,,,,,,,,,,,,,,,,,,,,,,,,,TN,,,,,,,,,,
autoland,3646670,2,6311658df04f8b9dab1d842cf1ddc69e83bd8127,linux64-qr,,False,,,102210fe594ee9b33d82058545b1ed14f4c8206e,num_static_constructors,compiler_metrics,True,compiler_metrics num_static_constructors opt valgrind,,77,,,,1797956792,2023-11-21 15:06:28,116.0,a0c492fe307073c1550956cb2c0b07e348695c1b,1335576,,,,,,,,,,,,,,,,,,,,,,,,,,,,,,,,,,,,,,,,,,,,,,,,,,TN,,,,,,,,,,
autoland,3646670,2,6311658df04f8b9dab1d842cf1ddc69e83bd8127,linux64-qr,,False,,,102210fe594ee9b33d82058545b1ed14f4c8206e,num_static_constructors,compiler_metrics,True,compiler_metrics num_static_constructors opt valgrind,,77,,,,1798049371,2023-11-21 17:01:46,117.0,cbc5eb28277f8e6d60fede93a822ede9eb7f01a5,1335682,,,,,,,,,,,,,,,,,,,,,,,,,,,,,,,,,,,,,,,,,,,,,,,,,,TN,,,,,,,,,,
autoland,3646670,2,6311658df04f8b9dab1d842cf1ddc69e83bd8127,linux64-qr,,False,,,102210fe594ee9b33d82058545b1ed14f4c8206e,num_static_constructors,compiler_metrics,True,compiler_metrics num_static_constructors opt valgrind,,77,,,,1798134615,2023-11-21 18:19:25,116.0,13f07117425fbac3a2c76964a7553f2434073b27,1335754,,,,,,,,,,,,,,,,,,,,,,,,,,,,,,,,,,,,,,,,,,,,,,,,,,TN,,,,,,,,,,
autoland,3646670,2,6311658df04f8b9dab1d842cf1ddc69e83bd8127,linux64-qr,,False,,,102210fe594ee9b33d82058545b1ed14f4c8206e,num_static_constructors,compiler_metrics,True,compiler_metrics num_static_constructors opt valgrind,,77,,,,1798218038,2023-11-21 21:47:24,116.0,62f686461927825493253d0f82a43804b3eddf71,1335911,,,,,,,,,,,,,,,,,,,,,,,,,,,,,,,,,,,,,,,,,,,,,,,,,,TN,,,,,,,,,,
autoland,3646670,2,6311658df04f8b9dab1d842cf1ddc69e83bd8127,linux64-qr,,False,,,102210fe594ee9b33d82058545b1ed14f4c8206e,num_static_constructors,compiler_metrics,True,compiler_metrics num_static_constructors opt valgrind,,77,,,,1798219682,2023-11-21 21:50:11,116.0,ef0b50d89a7f6107932087c2c1adc2f6fd9ab06a,1335914,,,,,,,,,,,,,,,,,,,,,,,,,,,,,,,,,,,,,,,,,,,,,,,,,,TN,,,,,,,,,,
autoland,3646670,2,6311658df04f8b9dab1d842cf1ddc69e83bd8127,linux64-qr,,False,,,102210fe594ee9b33d82058545b1ed14f4c8206e,num_static_constructors,compiler_metrics,True,compiler_metrics num_static_constructors opt valgrind,,77,,,,1798299838,2023-11-22 00:37:16,116.0,61157cdd12690e90036123ff426dd63441c2c3bc,1335982,,,,,,,,,,,,,,,,,,,,,,,,,,,,,,,,,,,,,,,,,,,,,,,,,,TN,,,,,,,,,,
autoland,3646670,2,6311658df04f8b9dab1d842cf1ddc69e83bd8127,linux64-qr,,False,,,102210fe594ee9b33d82058545b1ed14f4c8206e,num_static_constructors,compiler_metrics,True,compiler_metrics num_static_constructors opt valgrind,,77,,,,1798322046,2023-11-22 01:56:32,116.0,7dc6122ebd68b46a9d4320c40c86f20c2b78984a,1336017,,,,,,,,,,,,,,,,,,,,,,,,,,,,,,,,,,,,,,,,,,,,,,,,,,TN,,,,,,,,,,
autoland,3646670,2,6311658df04f8b9dab1d842cf1ddc69e83bd8127,linux64-qr,,False,,,102210fe594ee9b33d82058545b1ed14f4c8206e,num_static_constructors,compiler_metrics,True,compiler_metrics num_static_constructors opt valgrind,,77,,,,1798403977,2023-11-22 05:59:37,116.0,ed20a8b98a8f2d8593dbbbd9b5df993e3e91433f,1336060,,,,,,,,,,,,,,,,,,,,,,,,,,,,,,,,,,,,,,,,,,,,,,,,,,TN,,,,,,,,,,
autoland,3646670,2,6311658df04f8b9dab1d842cf1ddc69e83bd8127,linux64-qr,,False,,,102210fe594ee9b33d82058545b1ed14f4c8206e,num_static_constructors,compiler_metrics,True,compiler_metrics num_static_constructors opt valgrind,,77,,,,1798427568,2023-11-22 07:16:13,116.0,0222787eb3244ffb2e62210f697d039bdef46036,1336076,,,,,,,,,,,,,,,,,,,,,,,,,,,,,,,,,,,,,,,,,,,,,,,,,,TN,,,,,,,,,,
autoland,3646670,2,6311658df04f8b9dab1d842cf1ddc69e83bd8127,linux64-qr,,False,,,102210fe594ee9b33d82058545b1ed14f4c8206e,num_static_constructors,compiler_metrics,True,compiler_metrics num_static_constructors opt valgrind,,77,,,,1798565193,2023-11-22 09:57:34,116.0,40a987b76d7a14708d6f469102fa00f06dca106f,1336174,,,,,,,,,,,,,,,,,,,,,,,,,,,,,,,,,,,,,,,,,,,,,,,,,,TN,,,,,,,,,,
autoland,3646670,2,6311658df04f8b9dab1d842cf1ddc69e83bd8127,linux64-qr,,False,,,102210fe594ee9b33d82058545b1ed14f4c8206e,num_static_constructors,compiler_metrics,True,compiler_metrics num_static_constructors opt valgrind,,77,,,,1798685075,2023-11-22 13:00:34,116.0,b90083f581e182455cf23aaacb125b728b3ccb32,1336296,,,,,,,,,,,,,,,,,,,,,,,,,,,,,,,,,,,,,,,,,,,,,,,,,,TN,,,,,,,,,,
autoland,3646670,2,6311658df04f8b9dab1d842cf1ddc69e83bd8127,linux64-qr,,False,,,102210fe594ee9b33d82058545b1ed14f4c8206e,num_static_constructors,compiler_metrics,True,compiler_metrics num_static_constructors opt valgrind,,77,,,,1798764356,2023-11-22 15:07:27,116.0,cdbcfe10b70d03547cbf917782f6c139c0ead990,1336357,,,,,,,,,,,,,,,,,,,,,,,,,,,,,,,,,,,,,,,,,,,,,,,,,,TN,,,,,,,,,,
autoland,3646670,2,6311658df04f8b9dab1d842cf1ddc69e83bd8127,linux64-qr,,False,,,102210fe594ee9b33d82058545b1ed14f4c8206e,num_static_constructors,compiler_metrics,True,compiler_metrics num_static_constructors opt valgrind,,77,,,,1798811829,2023-11-22 16:22:37,116.0,f4fae08660c1f3323af7bdef3ed152a3d34bc751,1336410,,,,,,,,,,,,,,,,,,,,,,,,,,,,,,,,,,,,,,,,,,,,,,,,,,TN,,,,,,,,,,
autoland,3646670,2,6311658df04f8b9dab1d842cf1ddc69e83bd8127,linux64-qr,,False,,,102210fe594ee9b33d82058545b1ed14f4c8206e,num_static_constructors,compiler_metrics,True,compiler_metrics num_static_constructors opt valgrind,,77,,,,1798937294,2023-11-22 19:14:54,116.0,bcdbc1e5d9a7c0fea2fcdc91ab0eebe908b34ece,1336555,,,,,,,,,,,,,,,,,,,,,,,,,,,,,,,,,,,,,,,,,,,,,,,,,,TN,,,,,,,,,,
autoland,3646670,2,6311658df04f8b9dab1d842cf1ddc69e83bd8127,linux64-qr,,False,,,102210fe594ee9b33d82058545b1ed14f4c8206e,num_static_constructors,compiler_metrics,True,compiler_metrics num_static_constructors opt valgrind,,77,,,,1798998740,2023-11-22 20:10:49,116.0,052214d67a99b0f5385b5fc72c2f0583cc026cbc,1336599,,,,,,,,,,,,,,,,,,,,,,,,,,,,,,,,,,,,,,,,,,,,,,,,,,TN,,,,,,,,,,
autoland,3646670,2,6311658df04f8b9dab1d842cf1ddc69e83bd8127,linux64-qr,,False,,,102210fe594ee9b33d82058545b1ed14f4c8206e,num_static_constructors,compiler_metrics,True,compiler_metrics num_static_constructors opt valgrind,,77,,,,1799118806,2023-11-22 23:02:09,116.0,3122924cd341ff55738fd6a06d4bd708010c15e4,1336681,,,,,,,,,,,,,,,,,,,,,,,,,,,,,,,,,,,,,,,,,,,,,,,,,,TN,,,,,,,,,,
autoland,3646670,2,6311658df04f8b9dab1d842cf1ddc69e83bd8127,linux64-qr,,False,,,102210fe594ee9b33d82058545b1ed14f4c8206e,num_static_constructors,compiler_metrics,True,compiler_metrics num_static_constructors opt valgrind,,77,,,,1799319550,2023-11-23 04:10:29,116.0,8366d9b1b0ca63aa3b706dd53ce23f052221c11b,1336756,,,,,,,,,,,,,,,,,,,,,,,,,,,,,,,,,,,,,,,,,,,,,,,,,,TN,,,,,,,,,,
autoland,3646670,2,6311658df04f8b9dab1d842cf1ddc69e83bd8127,linux64-qr,,False,,,102210fe594ee9b33d82058545b1ed14f4c8206e,num_static_constructors,compiler_metrics,True,compiler_metrics num_static_constructors opt valgrind,,77,,,,1799367326,2023-11-23 05:48:06,116.0,f1f5f98290b348616c33083ee0bef41d8c2cc147,1336761,,,,,,,,,,,,,,,,,,,,,,,,,,,,,,,,,,,,,,,,,,,,,,,,,,TN,,,,,,,,,,
autoland,3646670,2,6311658df04f8b9dab1d842cf1ddc69e83bd8127,linux64-qr,,False,,,102210fe594ee9b33d82058545b1ed14f4c8206e,num_static_constructors,compiler_metrics,True,compiler_metrics num_static_constructors opt valgrind,,77,,,,1799453890,2023-11-23 08:19:48,116.0,023a5c518562ad97c805915ae5addfcad59d1223,1336795,,,,,,,,,,,,,,,,,,,,,,,,,,,,,,,,,,,,,,,,,,,,,,,,,,TN,,,,,,,,,,
autoland,3646670,2,6311658df04f8b9dab1d842cf1ddc69e83bd8127,linux64-qr,,False,,,102210fe594ee9b33d82058545b1ed14f4c8206e,num_static_constructors,compiler_metrics,True,compiler_metrics num_static_constructors opt valgrind,,77,,,,1799513110,2023-11-23 10:10:14,116.0,7392664630b156e348b2a77aef6fdd70004c9b47,1336839,,,,,,,,,,,,,,,,,,,,,,,,,,,,,,,,,,,,,,,,,,,,,,,,,,TN,,,,,,,,,,
autoland,3646670,2,6311658df04f8b9dab1d842cf1ddc69e83bd8127,linux64-qr,,False,,,102210fe594ee9b33d82058545b1ed14f4c8206e,num_static_constructors,compiler_metrics,True,compiler_metrics num_static_constructors opt valgrind,,77,,,,1799642579,2023-11-23 13:40:56,116.0,02c4dd7b226a12ca58945b31095b065ec213086f,1336975,,,,,,,,,,,,,,,,,,,,,,,,,,,,,,,,,,,,,,,,,,,,,,,,,,TN,,,,,,,,,,
autoland,3646670,2,6311658df04f8b9dab1d842cf1ddc69e83bd8127,linux64-qr,,False,,,102210fe594ee9b33d82058545b1ed14f4c8206e,num_static_constructors,compiler_metrics,True,compiler_metrics num_static_constructors opt valgrind,,77,,,,1799742521,2023-11-23 15:57:23,116.0,872aa271adfdb73a79c09de279f0001bf419850c,1337066,,,,,,,,,,,,,,,,,,,,,,,,,,,,,,,,,,,,,,,,,,,,,,,,,,TN,,,,,,,,,,
autoland,3646670,2,6311658df04f8b9dab1d842cf1ddc69e83bd8127,linux64-qr,,False,,,102210fe594ee9b33d82058545b1ed14f4c8206e,num_static_constructors,compiler_metrics,True,compiler_metrics num_static_constructors opt valgrind,,77,,,,1799896789,2023-11-23 19:58:47,116.0,180501fca2278e97c30e09ab097da1cb514f5ca1,1337231,,,,,,,,,,,,,,,,,,,,,,,,,,,,,,,,,,,,,,,,,,,,,,,,,,TN,,,,,,,,,,
autoland,3646670,2,6311658df04f8b9dab1d842cf1ddc69e83bd8127,linux64-qr,,False,,,102210fe594ee9b33d82058545b1ed14f4c8206e,num_static_constructors,compiler_metrics,True,compiler_metrics num_static_constructors opt valgrind,,77,,,,1800008293,2023-11-23 23:50:52,116.0,29d489a7e05adef3300e076dd1c46d14928ddf24,1337321,,,,,,,,,,,,,,,,,,,,,,,,,,,,,,,,,,,,,,,,,,,,,,,,,,TN,,,,,,,,,,
autoland,3646670,2,6311658df04f8b9dab1d842cf1ddc69e83bd8127,linux64-qr,,False,,,102210fe594ee9b33d82058545b1ed14f4c8206e,num_static_constructors,compiler_metrics,True,compiler_metrics num_static_constructors opt valgrind,,77,,,,1800159794,2023-11-24 05:36:58,116.0,dbd1a6aef0a74dc60875a4904d9eddb5ca9afbb7,1337356,,,,,,,,,,,,,,,,,,,,,,,,,,,,,,,,,,,,,,,,,,,,,,,,,,TN,,,,,,,,,,
autoland,3646670,2,6311658df04f8b9dab1d842cf1ddc69e83bd8127,linux64-qr,,False,,,102210fe594ee9b33d82058545b1ed14f4c8206e,num_static_constructors,compiler_metrics,True,compiler_metrics num_static_constructors opt valgrind,,77,,,,1800208630,2023-11-24 07:01:28,116.0,858766c07441caf2f8f493394e8a881042751777,1337383,,,,,,,,,,,,,,,,,,,,,,,,,,,,,,,,,,,,,,,,,,,,,,,,,,TN,,,,,,,,,,
autoland,3646670,2,6311658df04f8b9dab1d842cf1ddc69e83bd8127,linux64-qr,,False,,,102210fe594ee9b33d82058545b1ed14f4c8206e,num_static_constructors,compiler_metrics,True,compiler_metrics num_static_constructors opt valgrind,,77,,,,1800279023,2023-11-24 09:28:03,116.0,8bec1f302a76929843c944e27b75ddcbf1f21954,1337436,,,,,,,,,,,,,,,,,,,,,,,,,,,,,,,,,,,,,,,,,,,,,,,,,,TN,,,,,,,,,,
autoland,3646670,2,6311658df04f8b9dab1d842cf1ddc69e83bd8127,linux64-qr,,False,,,102210fe594ee9b33d82058545b1ed14f4c8206e,num_static_constructors,compiler_metrics,True,compiler_metrics num_static_constructors opt valgrind,,77,,,,1800368457,2023-11-24 12:23:31,116.0,65245ae5c5ae0fbf3482ddc1ba0c21fe7187c429,1337518,,,,,,,,,,,,,,,,,,,,,,,,,,,,,,,,,,,,,,,,,,,,,,,,,,TN,,,,,,,,,,
autoland,3646670,2,6311658df04f8b9dab1d842cf1ddc69e83bd8127,linux64-qr,,False,,,102210fe594ee9b33d82058545b1ed14f4c8206e,num_static_constructors,compiler_metrics,True,compiler_metrics num_static_constructors opt valgrind,,77,,,,1800405548,2023-11-24 13:31:32,116.0,1e01aa4b558aff87267a6384c318e6963b66a0d8,1337559,,,,,,,,,,,,,,,,,,,,,,,,,,,,,,,,,,,,,,,,,,,,,,,,,,TN,,,,,,,,,,
autoland,3646670,2,6311658df04f8b9dab1d842cf1ddc69e83bd8127,linux64-qr,,False,,,102210fe594ee9b33d82058545b1ed14f4c8206e,num_static_constructors,compiler_metrics,True,compiler_metrics num_static_constructors opt valgrind,,77,,,,1800421445,2023-11-24 14:07:25,116.0,6354cfb105a6c9a46216d5c8ea95ee463892366e,1337582,,,,,,,,,,,,,,,,,,,,,,,,,,,,,,,,,,,,,,,,,,,,,,,,,,TN,,,,,,,,,,
autoland,3646670,2,6311658df04f8b9dab1d842cf1ddc69e83bd8127,linux64-qr,,False,,,102210fe594ee9b33d82058545b1ed14f4c8206e,num_static_constructors,compiler_metrics,True,compiler_metrics num_static_constructors opt valgrind,,77,,,,1800525752,2023-11-24 17:35:48,116.0,0918cad237f2a0e391cca1583656881141ef18ea,1337692,,,,,,,,,,,,,,,,,,,,,,,,,,,,,,,,,,,,,,,,,,,,,,,,,,TN,,,,,,,,,,
autoland,3646670,2,6311658df04f8b9dab1d842cf1ddc69e83bd8127,linux64-qr,,False,,,102210fe594ee9b33d82058545b1ed14f4c8206e,num_static_constructors,compiler_metrics,True,compiler_metrics num_static_constructors opt valgrind,,77,,,,1800624456,2023-11-24 21:54:25,116.0,8875acba4f482b90d60501b953fb4530b361bd8f,1337760,,,,,,,,,,,,,,,,,,,,,,,,,,,,,,,,,,,,,,,,,,,,,,,,,,TN,,,,,,,,,,
autoland,3646670,2,6311658df04f8b9dab1d842cf1ddc69e83bd8127,linux64-qr,,False,,,102210fe594ee9b33d82058545b1ed14f4c8206e,num_static_constructors,compiler_metrics,True,compiler_metrics num_static_constructors opt valgrind,,77,,,,1800723360,2023-11-25 04:13:26,116.0,a137631f73ce188671f50c5225295d64d427fec2,1337799,,,,,,,,,,,,,,,,,,,,,,,,,,,,,,,,,,,,,,,,,,,,,,,,,,TN,,,,,,,,,,
autoland,3646670,2,6311658df04f8b9dab1d842cf1ddc69e83bd8127,linux64-qr,,False,,,102210fe594ee9b33d82058545b1ed14f4c8206e,num_static_constructors,compiler_metrics,True,compiler_metrics num_static_constructors opt valgrind,,77,,,,1800774260,2023-11-25 09:26:54,116.0,860c52f225fa7410ed4a4bf3bd0eb0846483e08d,1337840,,,,,,,,,,,,,,,,,,,,,,,,,,,,,,,,,,,,,,,,,,,,,,,,,,TN,,,,,,,,,,
autoland,3646670,2,6311658df04f8b9dab1d842cf1ddc69e83bd8127,linux64-qr,,False,,,102210fe594ee9b33d82058545b1ed14f4c8206e,num_static_constructors,compiler_metrics,True,compiler_metrics num_static_constructors opt valgrind,,77,,,,1800871428,2023-11-25 14:41:03,116.0,2ff68fa9f49916065f4ebb7a74c0940bf425f396,1337869,,,,,,,,,,,,,,,,,,,,,,,,,,,,,,,,,,,,,,,,,,,,,,,,,,TN,,,,,,,,,,
autoland,3646670,2,6311658df04f8b9dab1d842cf1ddc69e83bd8127,linux64-qr,,False,,,102210fe594ee9b33d82058545b1ed14f4c8206e,num_static_constructors,compiler_metrics,True,compiler_metrics num_static_constructors opt valgrind,,77,,,,1800861542,2023-11-25 15:26:24,116.0,16748f0b44f62ad43afb35e768e9194017e8ccc6,1337871,,,,,,,,,,,,,,,,,,,,,,,,,,,,,,,,,,,,,,,,,,,,,,,,,,TN,,,,,,,,,,
autoland,3646670,2,6311658df04f8b9dab1d842cf1ddc69e83bd8127,linux64-qr,,False,,,102210fe594ee9b33d82058545b1ed14f4c8206e,num_static_constructors,compiler_metrics,True,compiler_metrics num_static_constructors opt valgrind,,77,,,,1800992577,2023-11-26 15:57:31,116.0,0cd5e7d76f8ac3e26423c36c9d06f91a310dab45,1337946,,,,,,,,,,,,,,,,,,,,,,,,,,,,,,,,,,,,,,,,,,,,,,,,,,TN,,,,,,,,,,
autoland,3646670,2,6311658df04f8b9dab1d842cf1ddc69e83bd8127,linux64-qr,,False,,,102210fe594ee9b33d82058545b1ed14f4c8206e,num_static_constructors,compiler_metrics,True,compiler_metrics num_static_constructors opt valgrind,,77,,,,1801019041,2023-11-26 18:39:37,116.0,ffaaa99c517223770b014031e25b54d585f95ef2,1337950,,,,,,,,,,,,,,,,,,,,,,,,,,,,,,,,,,,,,,,,,,,,,,,,,,TN,,,,,,,,,,
autoland,3646670,2,6311658df04f8b9dab1d842cf1ddc69e83bd8127,linux64-qr,,False,,,102210fe594ee9b33d82058545b1ed14f4c8206e,num_static_constructors,compiler_metrics,True,compiler_metrics num_static_constructors opt valgrind,,77,,,,1801129255,2023-11-27 01:49:37,116.0,edf9292c0bc9c671afa4de12648c16622e9d418c,1337984,,,,,,,,,,,,,,,,,,,,,,,,,,,,,,,,,,,,,,,,,,,,,,,,,,TN,,,,,,,,,,
autoland,3646670,2,6311658df04f8b9dab1d842cf1ddc69e83bd8127,linux64-qr,,False,,,102210fe594ee9b33d82058545b1ed14f4c8206e,num_static_constructors,compiler_metrics,True,compiler_metrics num_static_constructors opt valgrind,,77,,,,1801225998,2023-11-27 08:36:34,116.0,61107c8521ee8a5f71a5bdc7a53c1f7dbba5e89f,1338044,,,,,,,,,,,,,,,,,,,,,,,,,,,,,,,,,,,,,,,,,,,,,,,,,,TN,,,,,,,,,,
autoland,3646670,2,6311658df04f8b9dab1d842cf1ddc69e83bd8127,linux64-qr,,False,,,102210fe594ee9b33d82058545b1ed14f4c8206e,num_static_constructors,compiler_metrics,True,compiler_metrics num_static_constructors opt valgrind,,77,,,,1801266899,2023-11-27 10:22:36,116.0,c1a92ff5b44e8a296b847ed428ebeec04f7f8f72,1338085,,,,,,,,,,,,,,,,,,,,,,,,,,,,,,,,,,,,,,,,,,,,,,,,,,TN,,,,,,,,,,
autoland,3646670,2,6311658df04f8b9dab1d842cf1ddc69e83bd8127,linux64-qr,,False,,,102210fe594ee9b33d82058545b1ed14f4c8206e,num_static_constructors,compiler_metrics,True,compiler_metrics num_static_constructors opt valgrind,,77,,,,1801322183,2023-11-27 11:54:00,116.0,757637299e515b6d78a0d4cd2972a5bf4609d21c,1338136,,,,,,,,,,,,,,,,,,,,,,,,,,,,,,,,,,,,,,,,,,,,,,,,,,TN,,,,,,,,,,
autoland,3646670,2,6311658df04f8b9dab1d842cf1ddc69e83bd8127,linux64-qr,,False,,,102210fe594ee9b33d82058545b1ed14f4c8206e,num_static_constructors,compiler_metrics,True,compiler_metrics num_static_constructors opt valgrind,,77,,,,1801379913,2023-11-27 14:05:43,116.0,9ca2bcf6799b1a5f71d2d58db26f6b6c16a90427,1338215,,,,,,,,,,,,,,,,,,,,,,,,,,,,,,,,,,,,,,,,,,,,,,,,,,TN,,,,,,,,,,
autoland,3646670,2,6311658df04f8b9dab1d842cf1ddc69e83bd8127,linux64-qr,,False,,,102210fe594ee9b33d82058545b1ed14f4c8206e,num_static_constructors,compiler_metrics,True,compiler_metrics num_static_constructors opt valgrind,,77,,,,1801485182,2023-11-27 17:34:20,116.0,6aa54d6d7cbf1a46e62c6765c489a940322b6bca,1338399,,,,,,,,,,,,,,,,,,,,,,,,,,,,,,,,,,,,,,,,,,,,,,,,,,TN,,,,,,,,,,
autoland,3646670,2,6311658df04f8b9dab1d842cf1ddc69e83bd8127,linux64-qr,,False,,,102210fe594ee9b33d82058545b1ed14f4c8206e,num_static_constructors,compiler_metrics,True,compiler_metrics num_static_constructors opt valgrind,,77,,,,1801535960,2023-11-27 19:04:11,116.0,e79bd3724b5b75a51209855657324d83ed19f2f0,1338450,,,,,,,,,,,,,,,,,,,,,,,,,,,,,,,,,,,,,,,,,,,,,,,,,,TN,,,,,,,,,,
autoland,3646670,2,6311658df04f8b9dab1d842cf1ddc69e83bd8127,linux64-qr,,False,,,102210fe594ee9b33d82058545b1ed14f4c8206e,num_static_constructors,compiler_metrics,True,compiler_metrics num_static_constructors opt valgrind,,77,,,,1801591418,2023-11-27 20:49:55,116.0,5be201dbf09fac369541142298547108c80b52dd,1338533,,,,,,,,,,,,,,,,,,,,,,,,,,,,,,,,,,,,,,,,,,,,,,,,,,TN,,,,,,,,,,
autoland,3646670,2,6311658df04f8b9dab1d842cf1ddc69e83bd8127,linux64-qr,,False,,,102210fe594ee9b33d82058545b1ed14f4c8206e,num_static_constructors,compiler_metrics,True,compiler_metrics num_static_constructors opt valgrind,,77,,,,1801641038,2023-11-27 22:35:56,117.0,5cabd881975f0aa75f06bda8fef53672082a59bf,1338613,,,,,,,,,,,,,,,,,,,,,,,,,,,,,,,,,,,,,,,,,,,,,,,,,,TN,,,,,,,,,,
autoland,3646670,2,6311658df04f8b9dab1d842cf1ddc69e83bd8127,linux64-qr,,False,,,102210fe594ee9b33d82058545b1ed14f4c8206e,num_static_constructors,compiler_metrics,True,compiler_metrics num_static_constructors opt valgrind,,77,,,,1801724254,2023-11-27 23:55:58,117.0,fd41e77c123e109733f30c89274855bae3b51241,1338675,,,,,,,,,,,,,,,,,,,,,,,,,,,,,,,,,,,,,,,,,,,,,,,,,,TN,,,,,,,,,,
autoland,3646670,2,6311658df04f8b9dab1d842cf1ddc69e83bd8127,linux64-qr,,False,,,102210fe594ee9b33d82058545b1ed14f4c8206e,num_static_constructors,compiler_metrics,True,compiler_metrics num_static_constructors opt valgrind,,77,,,,1801864311,2023-11-28 05:10:16,117.0,fbcb2af38cdaecde2b2da1efc0fc49b82fa9749e,1338781,,,,,,,,,,,,,,,,,,,,,,,,,,,,,,,,,,,,,,,,,,,,,,,,,,TN,,,,,,,,,,
autoland,3646670,2,6311658df04f8b9dab1d842cf1ddc69e83bd8127,linux64-qr,,False,,,102210fe594ee9b33d82058545b1ed14f4c8206e,num_static_constructors,compiler_metrics,True,compiler_metrics num_static_constructors opt valgrind,,77,,,,1801865155,2023-11-28 05:14:21,117.0,2b61aa9fc5b45ae2a3172960df53c31e7db8e30c,1338783,,,,,,,,,,,,,,,,,,,,,,,,,,,,,,,,,,,,,,,,,,,,,,,,,,TN,,,,,,,,,,
autoland,3646670,2,6311658df04f8b9dab1d842cf1ddc69e83bd8127,linux64-qr,,False,,,102210fe594ee9b33d82058545b1ed14f4c8206e,num_static_constructors,compiler_metrics,True,compiler_metrics num_static_constructors opt valgrind,,77,,,,1801936472,2023-11-28 08:42:21,117.0,785b3d438fe5a8cba4caf5f4a2ed7250d324096c,1338855,,,,,,,,,,,,,,,,,,,,,,,,,,,,,,,,,,,,,,,,,,,,,,,,,,TN,,,,,,,,,,
autoland,3646670,2,6311658df04f8b9dab1d842cf1ddc69e83bd8127,linux64-qr,,False,,,102210fe594ee9b33d82058545b1ed14f4c8206e,num_static_constructors,compiler_metrics,True,compiler_metrics num_static_constructors opt valgrind,,77,,,,1802036411,2023-11-28 11:35:14,117.0,7d5bb9ef15c70076c01a64a076f2bf5221236429,1338948,,,,,,,,,,,,,,,,,,,,,,,,,,,,,,,,,,,,,,,,,,,,,,,,,,TN,,,,,,,,,,
autoland,3646670,2,6311658df04f8b9dab1d842cf1ddc69e83bd8127,linux64-qr,,False,,,102210fe594ee9b33d82058545b1ed14f4c8206e,num_static_constructors,compiler_metrics,True,compiler_metrics num_static_constructors opt valgrind,,77,,,,1802081219,2023-11-28 13:17:34,117.0,1957c4453ab1dfba8b7820dbf2fe772220e6eedc,1339007,,,,,,,,,,,,,,,,,,,,,,,,,,,,,,,,,,,,,,,,,,,,,,,,,,TN,,,,,,,,,,
autoland,3646670,2,6311658df04f8b9dab1d842cf1ddc69e83bd8127,linux64-qr,,False,,,102210fe594ee9b33d82058545b1ed14f4c8206e,num_static_constructors,compiler_metrics,True,compiler_metrics num_static_constructors opt valgrind,,77,,,,1802100818,2023-11-28 14:12:32,117.0,0745c3e29ba3856c91cbae74bd41d2135137bfd0,1339043,,,,,,,,,,,,,,,,,,,,,,,,,,,,,,,,,,,,,,,,,,,,,,,,,,TN,,,,,,,,,,
autoland,3646670,2,6311658df04f8b9dab1d842cf1ddc69e83bd8127,linux64-qr,,False,,,102210fe594ee9b33d82058545b1ed14f4c8206e,num_static_constructors,compiler_metrics,True,compiler_metrics num_static_constructors opt valgrind,,77,,,,1802303079,2023-11-28 16:56:10,117.0,9333850e14f0a8c7090102e600705b60f98b0382,1339132,,,,,,,,,,,,,,,,,,,,,,,,,,,,,,,,,,,,,,,,,,,,,,,,,,TN,,,,,,,,,,
autoland,3646670,2,6311658df04f8b9dab1d842cf1ddc69e83bd8127,linux64-qr,,False,,,102210fe594ee9b33d82058545b1ed14f4c8206e,num_static_constructors,compiler_metrics,True,compiler_metrics num_static_constructors opt valgrind,,77,,,,1802251377,2023-11-28 17:36:07,117.0,691b7e1a899214d8685841da762bd2b2415fa569,1339183,,,,,,,,,,,,,,,,,,,,,,,,,,,,,,,,,,,,,,,,,,,,,,,,,,TN,,,,,,,,,,
autoland,3646670,2,6311658df04f8b9dab1d842cf1ddc69e83bd8127,linux64-qr,,False,,,102210fe594ee9b33d82058545b1ed14f4c8206e,num_static_constructors,compiler_metrics,True,compiler_metrics num_static_constructors opt valgrind,,77,,,,1802377756,2023-11-28 20:45:54,117.0,62bd80f46c8ef6e9453bca07647b4cc1310964a4,1339334,,,,,,,,,,,,,,,,,,,,,,,,,,,,,,,,,,,,,,,,,,,,,,,,,,TN,,,,,,,,,,
autoland,3646670,2,6311658df04f8b9dab1d842cf1ddc69e83bd8127,linux64-qr,,False,,,102210fe594ee9b33d82058545b1ed14f4c8206e,num_static_constructors,compiler_metrics,True,compiler_metrics num_static_constructors opt valgrind,,77,,,,1802423347,2023-11-28 21:29:24,117.0,000fea3a9ed37b16c009c76e8af859a50c9234dc,1339366,,,,,,,,,,,,,,,,,,,,,,,,,,,,,,,,,,,,,,,,,,,,,,,,,,TN,,,,,,,,,,
autoland,3646670,2,6311658df04f8b9dab1d842cf1ddc69e83bd8127,linux64-qr,,False,,,102210fe594ee9b33d82058545b1ed14f4c8206e,num_static_constructors,compiler_metrics,True,compiler_metrics num_static_constructors opt valgrind,,77,,,,1802486842,2023-11-28 23:45:03,117.0,786805a2cdcc4cdab632a955dace417062d0087e,1339467,,,,,,,,,,,,,,,,,,,,,,,,,,,,,,,,,,,,,,,,,,,,,,,,,,TN,,,,,,,,,,
autoland,3646670,2,6311658df04f8b9dab1d842cf1ddc69e83bd8127,linux64-qr,,False,,,102210fe594ee9b33d82058545b1ed14f4c8206e,num_static_constructors,compiler_metrics,True,compiler_metrics num_static_constructors opt valgrind,,77,,,,1802521984,2023-11-29 01:28:26,117.0,a162f6ee0eef32a68c73ddb77aa04efda3afeb7c,1339520,,,,,,,,,,,,,,,,,,,,,,,,,,,,,,,,,,,,,,,,,,,,,,,,,,TN,,,,,,,,,,
autoland,3646670,2,6311658df04f8b9dab1d842cf1ddc69e83bd8127,linux64-qr,,False,,,102210fe594ee9b33d82058545b1ed14f4c8206e,num_static_constructors,compiler_metrics,True,compiler_metrics num_static_constructors opt valgrind,,77,,,,1802586687,2023-11-29 03:52:26,117.0,70924ad2b7e37f2b089ee12d766f600a1f7465bf,1339565,,,,,,,,,,,,,,,,,,,,,,,,,,,,,,,,,,,,,,,,,,,,,,,,,,TN,,,,,,,,,,
autoland,3646670,2,6311658df04f8b9dab1d842cf1ddc69e83bd8127,linux64-qr,,False,,,102210fe594ee9b33d82058545b1ed14f4c8206e,num_static_constructors,compiler_metrics,True,compiler_metrics num_static_constructors opt valgrind,,77,,,,1802679092,2023-11-29 06:56:45,117.0,b675f0a9e569a63bedb249150a2be6b3e15197f9,1339623,,,,,,,,,,,,,,,,,,,,,,,,,,,,,,,,,,,,,,,,,,,,,,,,,,TN,,,,,,,,,,
autoland,3646670,2,6311658df04f8b9dab1d842cf1ddc69e83bd8127,linux64-qr,,False,,,102210fe594ee9b33d82058545b1ed14f4c8206e,num_static_constructors,compiler_metrics,True,compiler_metrics num_static_constructors opt valgrind,,77,,,,1802749646,2023-11-29 09:02:39,117.0,66c2fb78dfe25ce9af21d0e1dd82f62dbb5da53f,1339662,,,,,,,,,,,,,,,,,,,,,,,,,,,,,,,,,,,,,,,,,,,,,,,,,,TN,,,,,,,,,,
autoland,3646670,2,6311658df04f8b9dab1d842cf1ddc69e83bd8127,linux64-qr,,False,,,102210fe594ee9b33d82058545b1ed14f4c8206e,num_static_constructors,compiler_metrics,True,compiler_metrics num_static_constructors opt valgrind,,77,,,,1802825253,2023-11-29 11:52:30,116.0,7cab7eb61b23e5915c2907759cb7c408bca4741d,1339734,,,,,,,,,,,,,,,,,,,,,,,,,,,,,,,,,,,,,,,,,,,,,,,,,,TN,,,,,,,,,,
autoland,3646670,2,6311658df04f8b9dab1d842cf1ddc69e83bd8127,linux64-qr,,False,,,102210fe594ee9b33d82058545b1ed14f4c8206e,num_static_constructors,compiler_metrics,True,compiler_metrics num_static_constructors opt valgrind,,77,,,,1802882366,2023-11-29 13:11:23,116.0,be2b109ddbb7f38c98c25b3c79c036f6f06f81fb,1339776,,,,,,,,,,,,,,,,,,,,,,,,,,,,,,,,,,,,,,,,,,,,,,,,,,TN,,,,,,,,,,
autoland,3646670,2,6311658df04f8b9dab1d842cf1ddc69e83bd8127,linux64-qr,,False,,,102210fe594ee9b33d82058545b1ed14f4c8206e,num_static_constructors,compiler_metrics,True,compiler_metrics num_static_constructors opt valgrind,,77,,,,1802939892,2023-11-29 15:17:27,116.0,97c7d432c096223a10a3650114facd728ee96102,1339855,,,,,,,,,,,,,,,,,,,,,,,,,,,,,,,,,,,,,,,,,,,,,,,,,,TN,,,,,,,,,,
autoland,3646670,2,6311658df04f8b9dab1d842cf1ddc69e83bd8127,linux64-qr,,False,,,102210fe594ee9b33d82058545b1ed14f4c8206e,num_static_constructors,compiler_metrics,True,compiler_metrics num_static_constructors opt valgrind,,77,,,,1802987622,2023-11-29 17:15:33,116.0,0008fcc93b9b4a6aa22e3abf1888be08024320e9,1339929,,,,,,,,,,,,,,,,,,,,,,,,,,,,,,,,,,,,,,,,,,,,,,,,,,TN,,,,,,,,,,
autoland,3646670,2,6311658df04f8b9dab1d842cf1ddc69e83bd8127,linux64-qr,,False,,,102210fe594ee9b33d82058545b1ed14f4c8206e,num_static_constructors,compiler_metrics,True,compiler_metrics num_static_constructors opt valgrind,,77,,,,1803099311,2023-11-29 19:14:04,116.0,407939d190f9390df418548107ad708ab39ded6a,1340023,,,,,,,,,,,,,,,,,,,,,,,,,,,,,,,,,,,,,,,,,,,,,,,,,,TN,,,,,,,,,,
autoland,3646670,2,6311658df04f8b9dab1d842cf1ddc69e83bd8127,linux64-qr,,False,,,102210fe594ee9b33d82058545b1ed14f4c8206e,num_static_constructors,compiler_metrics,True,compiler_metrics num_static_constructors opt valgrind,,77,,,,1803205312,2023-11-29 22:52:27,116.0,65a0553b296ae1432e5d18c3d2d607cacbb0a35e,1340166,,,,,,,,,,,,,,,,,,,,,,,,,,,,,,,,,,,,,,,,,,,,,,,,,,TN,,,,,,,,,,
autoland,3646670,2,6311658df04f8b9dab1d842cf1ddc69e83bd8127,linux64-qr,,False,,,102210fe594ee9b33d82058545b1ed14f4c8206e,num_static_constructors,compiler_metrics,True,compiler_metrics num_static_constructors opt valgrind,,77,,,,1803213625,2023-11-29 22:59:56,116.0,4bbe309179a5869e893e8f9ed2b110ef00ccec95,1340178,,,,,,,,,,,,,,,,,,,,,,,,,,,,,,,,,,,,,,,,,,,,,,,,,,TN,,,,,,,,,,
autoland,3646670,2,6311658df04f8b9dab1d842cf1ddc69e83bd8127,linux64-qr,,False,,,102210fe594ee9b33d82058545b1ed14f4c8206e,num_static_constructors,compiler_metrics,True,compiler_metrics num_static_constructors opt valgrind,,77,,,,1803346863,2023-11-30 04:33:01,116.0,556c8b22cbbbcc165c42b2c52ebdfd01be3cee6b,1340302,,,,,,,,,,,,,,,,,,,,,,,,,,,,,,,,,,,,,,,,,,,,,,,,,,TN,,,,,,,,,,
autoland,3646670,2,6311658df04f8b9dab1d842cf1ddc69e83bd8127,linux64-qr,,False,,,102210fe594ee9b33d82058545b1ed14f4c8206e,num_static_constructors,compiler_metrics,True,compiler_metrics num_static_constructors opt valgrind,,77,,,,1803351323,2023-11-30 04:37:48,116.0,8dad7bd9a21e043adb8a2bac79b5c3e29495a16a,1340304,,,,,,,,,,,,,,,,,,,,,,,,,,,,,,,,,,,,,,,,,,,,,,,,,,TN,,,,,,,,,,
autoland,3646670,2,6311658df04f8b9dab1d842cf1ddc69e83bd8127,linux64-qr,,False,,,102210fe594ee9b33d82058545b1ed14f4c8206e,num_static_constructors,compiler_metrics,True,compiler_metrics num_static_constructors opt valgrind,,77,,,,1803370533,2023-11-30 04:50:42,116.0,423046d6c3a5eee3ab51f25a3ab7b836b64d0d30,1340324,,,,,,,,,,,,,,,,,,,,,,,,,,,,,,,,,,,,,,,,,,,,,,,,,,TN,,,,,,,,,,
autoland,3646670,2,6311658df04f8b9dab1d842cf1ddc69e83bd8127,linux64-qr,,False,,,102210fe594ee9b33d82058545b1ed14f4c8206e,num_static_constructors,compiler_metrics,True,compiler_metrics num_static_constructors opt valgrind,,77,,,,1803448637,2023-11-30 07:55:05,116.0,20cc1c7fc2f60de0739cc71c9d7bdc14ab12a55d,1340374,,,,,,,,,,,,,,,,,,,,,,,,,,,,,,,,,,,,,,,,,,,,,,,,,,TN,,,,,,,,,,
autoland,3646670,2,6311658df04f8b9dab1d842cf1ddc69e83bd8127,linux64-qr,,False,,,102210fe594ee9b33d82058545b1ed14f4c8206e,num_static_constructors,compiler_metrics,True,compiler_metrics num_static_constructors opt valgrind,,77,,,,1803479845,2023-11-30 08:51:25,116.0,43fc350794aaccc50748bce9b965590d842ef9ac,1340399,,,,,,,,,,,,,,,,,,,,,,,,,,,,,,,,,,,,,,,,,,,,,,,,,,TN,,,,,,,,,,
autoland,3646670,2,6311658df04f8b9dab1d842cf1ddc69e83bd8127,linux64-qr,,False,,,102210fe594ee9b33d82058545b1ed14f4c8206e,num_static_constructors,compiler_metrics,True,compiler_metrics num_static_constructors opt valgrind,,77,,,,1803480339,2023-11-30 08:52:22,116.0,b33dd40c7ea956e89c10d4e8a54f9e869a431b64,1340400,,,,,,,,,,,,,,,,,,,,,,,,,,,,,,,,,,,,,,,,,,,,,,,,,,TN,,,,,,,,,,
autoland,3646670,2,6311658df04f8b9dab1d842cf1ddc69e83bd8127,linux64-qr,,False,,,102210fe594ee9b33d82058545b1ed14f4c8206e,num_static_constructors,compiler_metrics,True,compiler_metrics num_static_constructors opt valgrind,,77,,,,1803531946,2023-11-30 10:30:28,116.0,197e4745c9cfd4063f99c34c1f0ec37f3b89b735,1340450,,,,,,,,,,,,,,,,,,,,,,,,,,,,,,,,,,,,,,,,,,,,,,,,,,TN,,,,,,,,,,
autoland,3646670,2,6311658df04f8b9dab1d842cf1ddc69e83bd8127,linux64-qr,,False,,,102210fe594ee9b33d82058545b1ed14f4c8206e,num_static_constructors,compiler_metrics,True,compiler_metrics num_static_constructors opt valgrind,,77,,,,1803628422,2023-11-30 13:07:37,116.0,120432262a8cb73f69c8d683b4ddec3a037cbd91,1340520,,,,,,,,,,,,,,,,,,,,,,,,,,,,,,,,,,,,,,,,,,,,,,,,,,TN,,,,,,,,,,
autoland,3646670,2,6311658df04f8b9dab1d842cf1ddc69e83bd8127,linux64-qr,,False,,,102210fe594ee9b33d82058545b1ed14f4c8206e,num_static_constructors,compiler_metrics,True,compiler_metrics num_static_constructors opt valgrind,,77,,,,1803643130,2023-11-30 13:51:04,116.0,1d1fb9d5a4974d94e8c317f226c962fd351eae27,1340541,,,,,,,,,,,,,,,,,,,,,,,,,,,,,,,,,,,,,,,,,,,,,,,,,,TN,,,,,,,,,,
autoland,3646670,2,6311658df04f8b9dab1d842cf1ddc69e83bd8127,linux64-qr,,False,,,102210fe594ee9b33d82058545b1ed14f4c8206e,num_static_constructors,compiler_metrics,True,compiler_metrics num_static_constructors opt valgrind,,77,,,,1803770788,2023-11-30 17:04:12,116.0,3ec1ddf45e5a6562bd1d81fe4144541880bf3a24,1340716,,,,,,,,,,,,,,,,,,,,,,,,,,,,,,,,,,,,,,,,,,,,,,,,,,TN,,,,,,,,,,
autoland,3646670,2,6311658df04f8b9dab1d842cf1ddc69e83bd8127,linux64-qr,,False,,,102210fe594ee9b33d82058545b1ed14f4c8206e,num_static_constructors,compiler_metrics,True,compiler_metrics num_static_constructors opt valgrind,,77,,,,1803843051,2023-11-30 17:04:12,116.0,3ec1ddf45e5a6562bd1d81fe4144541880bf3a24,1340716,,,,,,,,,,,,,,,,,,,,,,,,,,,,,,,,,,,,,,,,,,,,,,,,,,TN,,,,,,,,,,
autoland,3646670,2,6311658df04f8b9dab1d842cf1ddc69e83bd8127,linux64-qr,,False,,,102210fe594ee9b33d82058545b1ed14f4c8206e,num_static_constructors,compiler_metrics,True,compiler_metrics num_static_constructors opt valgrind,,77,,,,1803852596,2023-11-30 19:33:15,116.0,c3e4663577c4235bdb56c9ca5f6c4f8776745de8,1340839,,,,,,,,,,,,,,,,,,,,,,,,,,,,,,,,,,,,,,,,,,,,,,,,,,TN,,,,,,,,,,
autoland,3646670,2,6311658df04f8b9dab1d842cf1ddc69e83bd8127,linux64-qr,,False,,,102210fe594ee9b33d82058545b1ed14f4c8206e,num_static_constructors,compiler_metrics,True,compiler_metrics num_static_constructors opt valgrind,,77,,,,1803883065,2023-11-30 20:20:14,116.0,620e49ab6438e8c933133e9b4eb7a11188514a70,1340881,,,,,,,,,,,,,,,,,,,,,,,,,,,,,,,,,,,,,,,,,,,,,,,,,,TN,,,,,,,,,,
autoland,3646670,2,6311658df04f8b9dab1d842cf1ddc69e83bd8127,linux64-qr,,False,,,102210fe594ee9b33d82058545b1ed14f4c8206e,num_static_constructors,compiler_metrics,True,compiler_metrics num_static_constructors opt valgrind,,77,,,,1803929774,2023-11-30 21:47:47,116.0,605e636e0fb9356826e7cf51f9b74e18fc331e23,1340948,,,,,,,,,,,,,,,,,,,,,,,,,,,,,,,,,,,,,,,,,,,,,,,,,,TN,,,,,,,,,,
autoland,3646670,2,6311658df04f8b9dab1d842cf1ddc69e83bd8127,linux64-qr,,False,,,102210fe594ee9b33d82058545b1ed14f4c8206e,num_static_constructors,compiler_metrics,True,compiler_metrics num_static_constructors opt valgrind,,77,,,,1803962663,2023-11-30 22:54:04,116.0,68378d2409bc693ef00f3f157ecaea7067df7edc,1340995,,,,,,,,,,,,,,,,,,,,,,,,,,,,,,,,,,,,,,,,,,,,,,,,,,TN,,,,,,,,,,
autoland,3646670,2,6311658df04f8b9dab1d842cf1ddc69e83bd8127,linux64-qr,,False,,,102210fe594ee9b33d82058545b1ed14f4c8206e,num_static_constructors,compiler_metrics,True,compiler_metrics num_static_constructors opt valgrind,,77,,,,1804059767,2023-12-01 01:58:39,116.0,af4bbb340d94acde197bdadefb7b7f321f8ca322,1341080,,,,,,,,,,,,,,,,,,,,,,,,,,,,,,,,,,,,,,,,,,,,,,,,,,TN,,,,,,,,,,
autoland,3646670,2,6311658df04f8b9dab1d842cf1ddc69e83bd8127,linux64-qr,,False,,,102210fe594ee9b33d82058545b1ed14f4c8206e,num_static_constructors,compiler_metrics,True,compiler_metrics num_static_constructors opt valgrind,,77,,,,1804073515,2023-12-01 03:29:20,116.0,a1795b069cc23fbcb93366d99b3ddfb8664f054c,1341103,,,,,,,,,,,,,,,,,,,,,,,,,,,,,,,,,,,,,,,,,,,,,,,,,,TN,,,,,,,,,,
autoland,3646670,2,6311658df04f8b9dab1d842cf1ddc69e83bd8127,linux64-qr,,False,,,102210fe594ee9b33d82058545b1ed14f4c8206e,num_static_constructors,compiler_metrics,True,compiler_metrics num_static_constructors opt valgrind,,77,,,,1804185251,2023-12-01 07:13:54,116.0,81869d55a8d7b3d1d573810ab4e99f63cbe11a8a,1341156,,,,,,,,,,,,,,,,,,,,,,,,,,,,,,,,,,,,,,,,,,,,,,,,,,TN,,,,,,,,,,
autoland,3646670,2,6311658df04f8b9dab1d842cf1ddc69e83bd8127,linux64-qr,,False,,,102210fe594ee9b33d82058545b1ed14f4c8206e,num_static_constructors,compiler_metrics,True,compiler_metrics num_static_constructors opt valgrind,,77,,,,1804307127,2023-12-01 11:47:02,116.0,7440634a33a31738fc145eeac0bb47bc73fc64a0,1341285,,,,,,,,,,,,,,,,,,,,,,,,,,,,,,,,,,,,,,,,,,,,,,,,,,TN,,,,,,,,,,
autoland,3646670,2,6311658df04f8b9dab1d842cf1ddc69e83bd8127,linux64-qr,,False,,,102210fe594ee9b33d82058545b1ed14f4c8206e,num_static_constructors,compiler_metrics,True,compiler_metrics num_static_constructors opt valgrind,,77,,,,1804313291,2023-12-01 11:50:57,116.0,cd6420d802d0aac629211b7941f8e8a45cd976ff,1341290,,,,,,,,,,,,,,,,,,,,,,,,,,,,,,,,,,,,,,,,,,,,,,,,,,TN,,,,,,,,,,
autoland,3646670,2,6311658df04f8b9dab1d842cf1ddc69e83bd8127,linux64-qr,,False,,,102210fe594ee9b33d82058545b1ed14f4c8206e,num_static_constructors,compiler_metrics,True,compiler_metrics num_static_constructors opt valgrind,,77,,,,1804380556,2023-12-01 14:17:01,116.0,22b9561cfef1c56a9940f5117d7ff6a754861629,1341402,,,,,,,,,,,,,,,,,,,,,,,,,,,,,,,,,,,,,,,,,,,,,,,,,,TN,,,,,,,,,,
autoland,3646670,2,6311658df04f8b9dab1d842cf1ddc69e83bd8127,linux64-qr,,False,,,102210fe594ee9b33d82058545b1ed14f4c8206e,num_static_constructors,compiler_metrics,True,compiler_metrics num_static_constructors opt valgrind,,77,,,,1804441274,2023-12-01 16:18:08,116.0,14a6d4cb8291a434c5fe229037374ee7dbc5577b,1341494,,,,,,,,,,,,,,,,,,,,,,,,,,,,,,,,,,,,,,,,,,,,,,,,,,TN,,,,,,,,,,
autoland,3646670,2,6311658df04f8b9dab1d842cf1ddc69e83bd8127,linux64-qr,,False,,,102210fe594ee9b33d82058545b1ed14f4c8206e,num_static_constructors,compiler_metrics,True,compiler_metrics num_static_constructors opt valgrind,,77,,,,1804470771,2023-12-01 17:28:20,116.0,efe09552a4d3540f0639e50d023f74997921fa37,1341534,,,,,,,,,,,,,,,,,,,,,,,,,,,,,,,,,,,,,,,,,,,,,,,,,,TN,,,,,,,,,,
autoland,3646670,2,6311658df04f8b9dab1d842cf1ddc69e83bd8127,linux64-qr,,False,,,102210fe594ee9b33d82058545b1ed14f4c8206e,num_static_constructors,compiler_metrics,True,compiler_metrics num_static_constructors opt valgrind,,77,,,,1804517180,2023-12-01 19:11:34,116.0,ebdfa6d7258fad67bda7a07d849212f4aa257bd7,1341601,,,,,,,,,,,,,,,,,,,,,,,,,,,,,,,,,,,,,,,,,,,,,,,,,,TN,,,,,,,,,,
autoland,3646670,2,6311658df04f8b9dab1d842cf1ddc69e83bd8127,linux64-qr,,False,,,102210fe594ee9b33d82058545b1ed14f4c8206e,num_static_constructors,compiler_metrics,True,compiler_metrics num_static_constructors opt valgrind,,77,,,,1804577572,2023-12-01 20:34:55,116.0,a5a9381a759e44485d639727614ceb2b77851c90,1341661,,,,,,,,,,,,,,,,,,,,,,,,,,,,,,,,,,,,,,,,,,,,,,,,,,TN,,,,,,,,,,
autoland,3646670,2,6311658df04f8b9dab1d842cf1ddc69e83bd8127,linux64-qr,,False,,,102210fe594ee9b33d82058545b1ed14f4c8206e,num_static_constructors,compiler_metrics,True,compiler_metrics num_static_constructors opt valgrind,,77,,,,1804633018,2023-12-01 22:07:15,116.0,f5150abdafbd2d22d415f511fd58fc4e564f048e,1341734,,,,,,,,,,,,,,,,,,,,,,,,,,,,,,,,,,,,,,,,,,,,,,,,,,TN,,,,,,,,,,
autoland,3646670,2,6311658df04f8b9dab1d842cf1ddc69e83bd8127,linux64-qr,,False,,,102210fe594ee9b33d82058545b1ed14f4c8206e,num_static_constructors,compiler_metrics,True,compiler_metrics num_static_constructors opt valgrind,,77,,,,1804700782,2023-12-02 01:52:53,116.0,bf4c1083cec10076ccbf07f2cfc3e18b04d0bf72,1341816,,,,,,,,,,,,,,,,,,,,,,,,,,,,,,,,,,,,,,,,,,,,,,,,,,TN,,,,,,,,,,
autoland,3646670,2,6311658df04f8b9dab1d842cf1ddc69e83bd8127,linux64-qr,,False,,,102210fe594ee9b33d82058545b1ed14f4c8206e,num_static_constructors,compiler_metrics,True,compiler_metrics num_static_constructors opt valgrind,,77,,,,1804821090,2023-12-02 08:10:23,116.0,965cddb8421900af69da86a586e617bf7dec3b56,1341832,,,,,,,,,,,,,,,,,,,,,,,,,,,,,,,,,,,,,,,,,,,,,,,,,,TN,,,,,,,,,,
autoland,3646670,2,6311658df04f8b9dab1d842cf1ddc69e83bd8127,linux64-qr,,False,,,102210fe594ee9b33d82058545b1ed14f4c8206e,num_static_constructors,compiler_metrics,True,compiler_metrics num_static_constructors opt valgrind,,77,,,,1804926966,2023-12-02 14:39:28,116.0,2d582fee4916ee442de05970cc77f7be702c22a2,1341863,,,,,,,,,,,,,,,,,,,,,,,,,,,,,,,,,,,,,,,,,,,,,,,,,,TN,,,,,,,,,,
autoland,3646670,2,6311658df04f8b9dab1d842cf1ddc69e83bd8127,linux64-qr,,False,,,102210fe594ee9b33d82058545b1ed14f4c8206e,num_static_constructors,compiler_metrics,True,compiler_metrics num_static_constructors opt valgrind,,77,,,,1805002112,2023-12-02 18:55:31,116.0,d5a2cb7b9272b5c9cdfe4a0397c570ce5f9260bf,1341891,,,,,,,,,,,,,,,,,,,,,,,,,,,,,,,,,,,,,,,,,,,,,,,,,,TN,,,,,,,,,,
autoland,3646670,2,6311658df04f8b9dab1d842cf1ddc69e83bd8127,linux64-qr,,False,,,102210fe594ee9b33d82058545b1ed14f4c8206e,num_static_constructors,compiler_metrics,True,compiler_metrics num_static_constructors opt valgrind,,77,,,,1805020513,2023-12-02 20:19:57,116.0,b8fbc6689b5cc50e98e0868b5e935a28f3fe7b00,1341908,,,,,,,,,,,,,,,,,,,,,,,,,,,,,,,,,,,,,,,,,,,,,,,,,,TN,,,,,,,,,,
autoland,3646670,2,6311658df04f8b9dab1d842cf1ddc69e83bd8127,linux64-qr,,False,,,102210fe594ee9b33d82058545b1ed14f4c8206e,num_static_constructors,compiler_metrics,True,compiler_metrics num_static_constructors opt valgrind,,77,,,,1805064462,2023-12-03 00:49:27,116.0,fe75ab906c798b6697934b3789355dceb5748966,1341930,,,,,,,,,,,,,,,,,,,,,,,,,,,,,,,,,,,,,,,,,,,,,,,,,,TN,,,,,,,,,,
autoland,3646670,2,6311658df04f8b9dab1d842cf1ddc69e83bd8127,linux64-qr,,False,,,102210fe594ee9b33d82058545b1ed14f4c8206e,num_static_constructors,compiler_metrics,True,compiler_metrics num_static_constructors opt valgrind,,77,,,,1805091706,2023-12-03 05:05:07,116.0,8e959a7ded5f111e711c06a6728f76d3bd660699,1341942,,,,,,,,,,,,,,,,,,,,,,,,,,,,,,,,,,,,,,,,,,,,,,,,,,TN,,,,,,,,,,
autoland,3646670,2,6311658df04f8b9dab1d842cf1ddc69e83bd8127,linux64-qr,,False,,,102210fe594ee9b33d82058545b1ed14f4c8206e,num_static_constructors,compiler_metrics,True,compiler_metrics num_static_constructors opt valgrind,,77,,,,1805186967,2023-12-03 10:45:57,116.0,5d84c395021682cc2af1bf5da98c205cfbc32f76,1341997,,,,,,,,,,,,,,,,,,,,,,,,,,,,,,,,,,,,,,,,,,,,,,,,,,TN,,,,,,,,,,
autoland,3646670,2,6311658df04f8b9dab1d842cf1ddc69e83bd8127,linux64-qr,,False,,,102210fe594ee9b33d82058545b1ed14f4c8206e,num_static_constructors,compiler_metrics,True,compiler_metrics num_static_constructors opt valgrind,,77,,,,1805219892,2023-12-03 12:21:22,116.0,3445cc3f842050a3cdfc4da74ce254df933f7e7b,1342011,,,,,,,,,,,,,,,,,,,,,,,,,,,,,,,,,,,,,,,,,,,,,,,,,,TN,,,,,,,,,,
autoland,3646670,2,6311658df04f8b9dab1d842cf1ddc69e83bd8127,linux64-qr,,False,,,102210fe594ee9b33d82058545b1ed14f4c8206e,num_static_constructors,compiler_metrics,True,compiler_metrics num_static_constructors opt valgrind,,77,,,,1805273857,2023-12-03 18:05:44,116.0,8038f0b90bbd46dcb74eaaddf1fd1c6871dc4426,1342033,,,,,,,,,,,,,,,,,,,,,,,,,,,,,,,,,,,,,,,,,,,,,,,,,,TN,,,,,,,,,,
autoland,3646670,2,6311658df04f8b9dab1d842cf1ddc69e83bd8127,linux64-qr,,False,,,102210fe594ee9b33d82058545b1ed14f4c8206e,num_static_constructors,compiler_metrics,True,compiler_metrics num_static_constructors opt valgrind,,77,,,,1805360906,2023-12-03 21:22:40,116.0,4be540f7227620f499af8f2e796382428c00181e,1342065,,,,,,,,,,,,,,,,,,,,,,,,,,,,,,,,,,,,,,,,,,,,,,,,,,TN,,,,,,,,,,
autoland,3646670,2,6311658df04f8b9dab1d842cf1ddc69e83bd8127,linux64-qr,,False,,,102210fe594ee9b33d82058545b1ed14f4c8206e,num_static_constructors,compiler_metrics,True,compiler_metrics num_static_constructors opt valgrind,,77,,,,1805394004,2023-12-04 01:54:51,116.0,369922cc5c4efad6c87b13600325eb5a989cde81,1342108,,,,,,,,,,,,,,,,,,,,,,,,,,,,,,,,,,,,,,,,,,,,,,,,,,TN,,,,,,,,,,
autoland,3646670,2,6311658df04f8b9dab1d842cf1ddc69e83bd8127,linux64-qr,,False,,,102210fe594ee9b33d82058545b1ed14f4c8206e,num_static_constructors,compiler_metrics,True,compiler_metrics num_static_constructors opt valgrind,,77,,,,1805606540,2023-12-04 11:05:28,116.0,223106736a61f5cc112b0cc9d38ab1f63e034f89,1342238,,,,,,,,,,,,,,,,,,,,,,,,,,,,,,,,,,,,,,,,,,,,,,,,,,TN,,,,,,,,,,
autoland,3646670,2,6311658df04f8b9dab1d842cf1ddc69e83bd8127,linux64-qr,,False,,,102210fe594ee9b33d82058545b1ed14f4c8206e,num_static_constructors,compiler_metrics,True,compiler_metrics num_static_constructors opt valgrind,,77,,,,1805607880,2023-12-04 11:06:23,116.0,20b709d0fa5633c408dd900f830b09af96c0465d,1342240,,,,,,,,,,,,,,,,,,,,,,,,,,,,,,,,,,,,,,,,,,,,,,,,,,TN,,,,,,,,,,
autoland,3646670,2,6311658df04f8b9dab1d842cf1ddc69e83bd8127,linux64-qr,,False,,,102210fe594ee9b33d82058545b1ed14f4c8206e,num_static_constructors,compiler_metrics,True,compiler_metrics num_static_constructors opt valgrind,,77,,,,1805674022,2023-12-04 13:14:12,116.0,2579a5934476edbd55f206ec87d13582ec85a5ca,1342299,,,,,,,,,,,,,,,,,,,,,,,,,,,,,,,,,,,,,,,,,,,,,,,,,,TN,,,,,,,,,,
autoland,3646670,2,6311658df04f8b9dab1d842cf1ddc69e83bd8127,linux64-qr,,False,,,102210fe594ee9b33d82058545b1ed14f4c8206e,num_static_constructors,compiler_metrics,True,compiler_metrics num_static_constructors opt valgrind,,77,,,,1805730160,2023-12-04 14:54:31,116.0,38094e01a744c421fe469d9a01cbfe12a1ee949b,1342377,,,,,,,,,,,,,,,,,,,,,,,,,,,,,,,,,,,,,,,,,,,,,,,,,,TN,,,,,,,,,,
autoland,3646670,2,6311658df04f8b9dab1d842cf1ddc69e83bd8127,linux64-qr,,False,,,102210fe594ee9b33d82058545b1ed14f4c8206e,num_static_constructors,compiler_metrics,True,compiler_metrics num_static_constructors opt valgrind,,77,,,,1805784643,2023-12-04 17:17:14,116.0,7fe3dcb14247a0955b194e23fda4f739497ec9f1,1342497,,,,,,,,,,,,,,,,,,,,,,,,,,,,,,,,,,,,,,,,,,,,,,,,,,TN,,,,,,,,,,
autoland,3646670,2,6311658df04f8b9dab1d842cf1ddc69e83bd8127,linux64-qr,,False,,,102210fe594ee9b33d82058545b1ed14f4c8206e,num_static_constructors,compiler_metrics,True,compiler_metrics num_static_constructors opt valgrind,,77,,,,1805920247,2023-12-04 21:08:47,116.0,220283514882280000e21e814225cf48bafa64fa,1342688,,,,,,,,,,,,,,,,,,,,,,,,,,,,,,,,,,,,,,,,,,,,,,,,,,TN,,,,,,,,,,
autoland,3646670,2,6311658df04f8b9dab1d842cf1ddc69e83bd8127,linux64-qr,,False,,,102210fe594ee9b33d82058545b1ed14f4c8206e,num_static_constructors,compiler_metrics,True,compiler_metrics num_static_constructors opt valgrind,,77,,,,1805955072,2023-12-04 22:13:56,116.0,3d0a5f6fd8b4a0537cb85ae502a4be6cafec1c23,1342750,,,,,,,,,,,,,,,,,,,,,,,,,,,,,,,,,,,,,,,,,,,,,,,,,,TN,,,,,,,,,,
autoland,3646670,2,6311658df04f8b9dab1d842cf1ddc69e83bd8127,linux64-qr,,False,,,102210fe594ee9b33d82058545b1ed14f4c8206e,num_static_constructors,compiler_metrics,True,compiler_metrics num_static_constructors opt valgrind,,77,,,,1806057486,2023-12-05 00:37:53,116.0,3f7c7318c7dd5c4d8f610bf75ca3ecb97ed1e09b,1342841,,,,,,,,,,,,,,,,,,,,,,,,,,,,,,,,,,,,,,,,,,,,,,,,,,TN,,,,,,,,,,
autoland,3646670,2,6311658df04f8b9dab1d842cf1ddc69e83bd8127,linux64-qr,,False,,,102210fe594ee9b33d82058545b1ed14f4c8206e,num_static_constructors,compiler_metrics,True,compiler_metrics num_static_constructors opt valgrind,,77,,,,1806115196,2023-12-05 02:36:15,116.0,39486bb8305a2e3128c6ecd97d33378744922507,1342897,,,,,,,,,,,,,,,,,,,,,,,,,,,,,,,,,,,,,,,,,,,,,,,,,,TN,,,,,,,,,,
autoland,3646670,2,6311658df04f8b9dab1d842cf1ddc69e83bd8127,linux64-qr,,False,,,102210fe594ee9b33d82058545b1ed14f4c8206e,num_static_constructors,compiler_metrics,True,compiler_metrics num_static_constructors opt valgrind,,77,,,,1806136551,2023-12-05 03:50:36,116.0,775ade8b04da775ad41d5d135baae415863a874c,1342908,,,,,,,,,,,,,,,,,,,,,,,,,,,,,,,,,,,,,,,,,,,,,,,,,,TN,,,,,,,,,,
autoland,3646670,2,6311658df04f8b9dab1d842cf1ddc69e83bd8127,linux64-qr,,False,,,102210fe594ee9b33d82058545b1ed14f4c8206e,num_static_constructors,compiler_metrics,True,compiler_metrics num_static_constructors opt valgrind,,77,,,,1806253942,2023-12-05 08:48:01,116.0,429e8cc8473b4c76828d06e2f07abbeb9dbebd81,1342965,,,,,,,,,,,,,,,,,,,,,,,,,,,,,,,,,,,,,,,,,,,,,,,,,,TN,,,,,,,,,,
autoland,3646670,2,6311658df04f8b9dab1d842cf1ddc69e83bd8127,linux64-qr,,False,,,102210fe594ee9b33d82058545b1ed14f4c8206e,num_static_constructors,compiler_metrics,True,compiler_metrics num_static_constructors opt valgrind,,77,,,,1806277326,2023-12-05 09:40:38,115.0,790ba6aa65e4813604464fba8ab84f879deb6f73,1342993,,,,,,,,,,,,,,,,,,,,,,,,,,,,,,,,,,,,,,,,,,,,,,,,,,TN,,,,,,,,,,
autoland,3646670,2,6311658df04f8b9dab1d842cf1ddc69e83bd8127,linux64-qr,,False,,,102210fe594ee9b33d82058545b1ed14f4c8206e,num_static_constructors,compiler_metrics,True,compiler_metrics num_static_constructors opt valgrind,,77,,,,1806338535,2023-12-05 11:07:31,115.0,10602eb918edd2ccf85a22fb60b3dc62c845c42a,1343031,,,,,,,,,,,,,,,,,,,,,,,,,,,,,,,,,,,,,,,,,,,,,,,,,,TN,,,,,,,,,,
autoland,3646670,2,6311658df04f8b9dab1d842cf1ddc69e83bd8127,linux64-qr,,False,,,102210fe594ee9b33d82058545b1ed14f4c8206e,num_static_constructors,compiler_metrics,True,compiler_metrics num_static_constructors opt valgrind,,77,,,,1806451405,2023-12-05 15:11:37,116.0,e603b8b016d76de025bea02bfdc1e0590166c2c0,1343145,,,,,,,,,,,,,,,,,,,,,,,,,,,,,,,,,,,,,,,,,,,,,,,,,,TN,,,,,,,,,,
autoland,3646670,2,6311658df04f8b9dab1d842cf1ddc69e83bd8127,linux64-qr,,False,,,102210fe594ee9b33d82058545b1ed14f4c8206e,num_static_constructors,compiler_metrics,True,compiler_metrics num_static_constructors opt valgrind,,77,,,,1806451076,2023-12-05 15:26:28,116.0,774cda5d71b6d972886316da5c27c63907d90e1d,1343153,,,,,,,,,,,,,,,,,,,,,,,,,,,,,,,,,,,,,,,,,,,,,,,,,,TN,,,,,,,,,,
autoland,3646670,2,6311658df04f8b9dab1d842cf1ddc69e83bd8127,linux64-qr,,False,,,102210fe594ee9b33d82058545b1ed14f4c8206e,num_static_constructors,compiler_metrics,True,compiler_metrics num_static_constructors opt valgrind,,77,,,,1806477980,2023-12-05 16:28:46,116.0,91bda8b5915b84ed6533a6620f955f271dc5aac3,1343203,,,,,,,,,,,,,,,,,,,,,,,,,,,,,,,,,,,,,,,,,,,,,,,,,,TN,,,,,,,,,,
autoland,3646670,2,6311658df04f8b9dab1d842cf1ddc69e83bd8127,linux64-qr,,False,,,102210fe594ee9b33d82058545b1ed14f4c8206e,num_static_constructors,compiler_metrics,True,compiler_metrics num_static_constructors opt valgrind,,77,,,,1806661470,2023-12-05 20:37:35,116.0,f778448a1da5f0622c4361d37810461a035f4627,1343409,,,,,,,,,,,,,,,,,,,,,,,,,,,,,,,,,,,,,,,,,,,,,,,,,,TN,,,,,,,,,,
autoland,3646670,2,6311658df04f8b9dab1d842cf1ddc69e83bd8127,linux64-qr,,False,,,102210fe594ee9b33d82058545b1ed14f4c8206e,num_static_constructors,compiler_metrics,True,compiler_metrics num_static_constructors opt valgrind,,77,,,,1806700165,2023-12-05 21:38:52,116.0,177375e24d1352ab203de0ac3aa53003c5d0ffd2,1343440,,,,,,,,,,,,,,,,,,,,,,,,,,,,,,,,,,,,,,,,,,,,,,,,,,TN,,,,,,,,,,
autoland,3646670,2,6311658df04f8b9dab1d842cf1ddc69e83bd8127,linux64-qr,,False,,,102210fe594ee9b33d82058545b1ed14f4c8206e,num_static_constructors,compiler_metrics,True,compiler_metrics num_static_constructors opt valgrind,,77,,,,1806871397,2023-12-06 02:13:38,116.0,30004166d9f2cc3399da68e8762c35b1b886c0dc,1343563,,,,,,,,,,,,,,,,,,,,,,,,,,,,,,,,,,,,,,,,,,,,,,,,,,TN,,,,,,,,,,
autoland,3646670,2,6311658df04f8b9dab1d842cf1ddc69e83bd8127,linux64-qr,,False,,,102210fe594ee9b33d82058545b1ed14f4c8206e,num_static_constructors,compiler_metrics,True,compiler_metrics num_static_constructors opt valgrind,,77,,,,1806987618,2023-12-06 09:09:58,116.0,63afa0f8febdc8b199d998d50bb76fc8f7945c3e,1343650,,,,,,,,,,,,,,,,,,,,,,,,,,,,,,,,,,,,,,,,,,,,,,,,,,TN,,,,,,,,,,
autoland,3646670,2,6311658df04f8b9dab1d842cf1ddc69e83bd8127,linux64-qr,,False,,,102210fe594ee9b33d82058545b1ed14f4c8206e,num_static_constructors,compiler_metrics,True,compiler_metrics num_static_constructors opt valgrind,,77,,,,1807039104,2023-12-06 11:36:51,116.0,bcf2931cbb25cda90d614f9079067fefd7690e76,1343701,,,,,,,,,,,,,,,,,,,,,,,,,,,,,,,,,,,,,,,,,,,,,,,,,,TN,,,,,,,,,,
autoland,3646670,2,6311658df04f8b9dab1d842cf1ddc69e83bd8127,linux64-qr,,False,,,102210fe594ee9b33d82058545b1ed14f4c8206e,num_static_constructors,compiler_metrics,True,compiler_metrics num_static_constructors opt valgrind,,77,,,,1807089804,2023-12-06 13:42:54,116.0,52f516546de7ac66228e074000877d32ebf093af,1343745,,,,,,,,,,,,,,,,,,,,,,,,,,,,,,,,,,,,,,,,,,,,,,,,,,TN,,,,,,,,,,
autoland,3646670,2,6311658df04f8b9dab1d842cf1ddc69e83bd8127,linux64-qr,,False,,,102210fe594ee9b33d82058545b1ed14f4c8206e,num_static_constructors,compiler_metrics,True,compiler_metrics num_static_constructors opt valgrind,,77,,,,1807103165,2023-12-06 14:11:26,116.0,a035ddfc75fc597cd1df3c347d2cbbc50568f884,1343771,,,,,,,,,,,,,,,,,,,,,,,,,,,,,,,,,,,,,,,,,,,,,,,,,,TN,,,,,,,,,,
autoland,3646670,2,6311658df04f8b9dab1d842cf1ddc69e83bd8127,linux64-qr,,False,,,102210fe594ee9b33d82058545b1ed14f4c8206e,num_static_constructors,compiler_metrics,True,compiler_metrics num_static_constructors opt valgrind,,77,,,,1807172480,2023-12-06 16:58:53,116.0,d7e12200a4a07f99d85bd24fe09be8e69cb4f6e7,1343911,,,,,,,,,,,,,,,,,,,,,,,,,,,,,,,,,,,,,,,,,,,,,,,,,,TN,,,,,,,,,,
autoland,3646670,2,6311658df04f8b9dab1d842cf1ddc69e83bd8127,linux64-qr,,False,,,102210fe594ee9b33d82058545b1ed14f4c8206e,num_static_constructors,compiler_metrics,True,compiler_metrics num_static_constructors opt valgrind,,77,,,,1807205046,2023-12-06 18:17:17,116.0,ab110e2fcc6ab3c8e078fe970b109f482069386e,1343990,,,,,,,,,,,,,,,,,,,,,,,,,,,,,,,,,,,,,,,,,,,,,,,,,,TN,,,,,,,,,,
autoland,3646670,2,6311658df04f8b9dab1d842cf1ddc69e83bd8127,linux64-qr,,False,,,102210fe594ee9b33d82058545b1ed14f4c8206e,num_static_constructors,compiler_metrics,True,compiler_metrics num_static_constructors opt valgrind,,77,,,,1807325498,2023-12-06 21:14:38,116.0,daef3ff209d020c9bd5c1511714241654a2a30bc,1344122,,,,,,,,,,,,,,,,,,,,,,,,,,,,,,,,,,,,,,,,,,,,,,,,,,TN,,,,,,,,,,
autoland,3646670,2,6311658df04f8b9dab1d842cf1ddc69e83bd8127,linux64-qr,,False,,,102210fe594ee9b33d82058545b1ed14f4c8206e,num_static_constructors,compiler_metrics,True,compiler_metrics num_static_constructors opt valgrind,,77,,,,1807370218,2023-12-06 22:50:02,116.0,f3fc0213f527ba806a10092bbadec34e00dbe4f6,1344189,,,,,,,,,,,,,,,,,,,,,,,,,,,,,,,,,,,,,,,,,,,,,,,,,,TN,,,,,,,,,,
autoland,3646670,2,6311658df04f8b9dab1d842cf1ddc69e83bd8127,linux64-qr,,False,,,102210fe594ee9b33d82058545b1ed14f4c8206e,num_static_constructors,compiler_metrics,True,compiler_metrics num_static_constructors opt valgrind,,77,,,,1807507769,2023-12-07 04:18:34,116.0,93a04e8835aaaf359b24f47f54d622f7d36fd813,1344290,,,,,,,,,,,,,,,,,,,,,,,,,,,,,,,,,,,,,,,,,,,,,,,,,,TN,,,,,,,,,,
autoland,3646670,2,6311658df04f8b9dab1d842cf1ddc69e83bd8127,linux64-qr,,False,,,102210fe594ee9b33d82058545b1ed14f4c8206e,num_static_constructors,compiler_metrics,True,compiler_metrics num_static_constructors opt valgrind,,77,,,,1807592277,2023-12-07 09:07:30,116.0,f5d904bee3fe6c9e79061b56c8499b6154f7d3ff,1344349,,,,,,,,,,,,,,,,,,,,,,,,,,,,,,,,,,,,,,,,,,,,,,,,,,TN,,,,,,,,,,
autoland,3646670,2,6311658df04f8b9dab1d842cf1ddc69e83bd8127,linux64-qr,,False,,,102210fe594ee9b33d82058545b1ed14f4c8206e,num_static_constructors,compiler_metrics,True,compiler_metrics num_static_constructors opt valgrind,,77,,,,1807675885,2023-12-07 11:48:49,116.0,67203312eceaa26ae623c7e829006fb89a32d0e9,1344427,,,,,,,,,,,,,,,,,,,,,,,,,,,,,,,,,,,,,,,,,,,,,,,,,,TN,,,,,,,,,,
autoland,3646670,2,6311658df04f8b9dab1d842cf1ddc69e83bd8127,linux64-qr,,False,,,102210fe594ee9b33d82058545b1ed14f4c8206e,num_static_constructors,compiler_metrics,True,compiler_metrics num_static_constructors opt valgrind,,77,,,,1807709791,2023-12-07 12:51:56,116.0,bea12a00706c3b2951d467008996bf7e89d17e5b,1344456,,,,,,,,,,,,,,,,,,,,,,,,,,,,,,,,,,,,,,,,,,,,,,,,,,TN,,,,,,,,,,
autoland,3646670,2,6311658df04f8b9dab1d842cf1ddc69e83bd8127,linux64-qr,,False,,,102210fe594ee9b33d82058545b1ed14f4c8206e,num_static_constructors,compiler_metrics,True,compiler_metrics num_static_constructors opt valgrind,,77,,,,1807717125,2023-12-07 12:51:56,116.0,bea12a00706c3b2951d467008996bf7e89d17e5b,1344456,,,,,,,,,,,,,,,,,,,,,,,,,,,,,,,,,,,,,,,,,,,,,,,,,,TN,,,,,,,,,,
autoland,3646670,2,6311658df04f8b9dab1d842cf1ddc69e83bd8127,linux64-qr,,False,,,102210fe594ee9b33d82058545b1ed14f4c8206e,num_static_constructors,compiler_metrics,True,compiler_metrics num_static_constructors opt valgrind,,77,,,,1807735496,2023-12-07 12:51:56,116.0,bea12a00706c3b2951d467008996bf7e89d17e5b,1344456,,,,,,,,,,,,,,,,,,,,,,,,,,,,,,,,,,,,,,,,,,,,,,,,,,TN,,,,,,,,,,
autoland,3646670,2,6311658df04f8b9dab1d842cf1ddc69e83bd8127,linux64-qr,,False,,,102210fe594ee9b33d82058545b1ed14f4c8206e,num_static_constructors,compiler_metrics,True,compiler_metrics num_static_constructors opt valgrind,,77,,,,1807736858,2023-12-07 12:51:56,116.0,bea12a00706c3b2951d467008996bf7e89d17e5b,1344456,,,,,,,,,,,,,,,,,,,,,,,,,,,,,,,,,,,,,,,,,,,,,,,,,,TN,,,,,,,,,,
autoland,3646670,2,6311658df04f8b9dab1d842cf1ddc69e83bd8127,linux64-qr,,False,,,102210fe594ee9b33d82058545b1ed14f4c8206e,num_static_constructors,compiler_metrics,True,compiler_metrics num_static_constructors opt valgrind,,77,,,,1807738799,2023-12-07 14:19:42,116.0,86eea6f5893cc797c622501ea8a8d4714bf5bfe6,1344486,,,,,,,,,,,,,,,,,,,,,,,,,,,,,,,,,,,,,,,,,,,,,,,,,,TN,,,,,,,,,,
autoland,3646670,2,6311658df04f8b9dab1d842cf1ddc69e83bd8127,linux64-qr,,False,,,102210fe594ee9b33d82058545b1ed14f4c8206e,num_static_constructors,compiler_metrics,True,compiler_metrics num_static_constructors opt valgrind,,77,,,,1807996690,2023-12-07 18:15:31,116.0,37834e66c99903844595ec448467f7852ce75355,1344683,,,,,,,,,,,,,,,,,,,,,,,,,,,,,,,,,,,,,,,,,,,,,,,,,,TN,,,,,,,,,,
autoland,3646670,2,6311658df04f8b9dab1d842cf1ddc69e83bd8127,linux64-qr,,False,,,102210fe594ee9b33d82058545b1ed14f4c8206e,num_static_constructors,compiler_metrics,True,compiler_metrics num_static_constructors opt valgrind,,77,,,,1807982150,2023-12-07 21:41:48,116.0,797281d7e3b5fdd5f6a033248fec7bd885227546,1344786,,,,,,,,,,,,,,,,,,,,,,,,,,,,,,,,,,,,,,,,,,,,,,,,,,TN,,,,,,,,,,
autoland,3646670,2,6311658df04f8b9dab1d842cf1ddc69e83bd8127,linux64-qr,,False,,,102210fe594ee9b33d82058545b1ed14f4c8206e,num_static_constructors,compiler_metrics,True,compiler_metrics num_static_constructors opt valgrind,,77,,,,1808029489,2023-12-07 22:56:27,116.0,c34126c5e2a85c81e511c7c4017e7f2694ddce13,1344823,,,,,,,,,,,,,,,,,,,,,,,,,,,,,,,,,,,,,,,,,,,,,,,,,,TN,,,,,,,,,,
autoland,3646670,2,6311658df04f8b9dab1d842cf1ddc69e83bd8127,linux64-qr,,False,,,102210fe594ee9b33d82058545b1ed14f4c8206e,num_static_constructors,compiler_metrics,True,compiler_metrics num_static_constructors opt valgrind,,77,,,,1808109410,2023-12-08 01:26:14,116.0,7f2d3c71baa98717063138ffd8011f56f44bf9de,1344901,,,,,,,,,,,,,,,,,,,,,,,,,,,,,,,,,,,,,,,,,,,,,,,,,,TN,,,,,,,,,,
autoland,3646670,2,6311658df04f8b9dab1d842cf1ddc69e83bd8127,linux64-qr,,False,,,102210fe594ee9b33d82058545b1ed14f4c8206e,num_static_constructors,compiler_metrics,True,compiler_metrics num_static_constructors opt valgrind,,77,,,,1808296947,2023-12-08 04:49:01,116.0,3152110c63b5c99048b0651867ecf7723aa5ddf8,1344948,,,,,,,,,,,,,,,,,,,,,,,,,,,,,,,,,,,,,,,,,,,,,,,,,,TN,,,,,,,,,,
autoland,3646670,2,6311658df04f8b9dab1d842cf1ddc69e83bd8127,linux64-qr,,False,,,102210fe594ee9b33d82058545b1ed14f4c8206e,num_static_constructors,compiler_metrics,True,compiler_metrics num_static_constructors opt valgrind,,77,,,,1808813738,2023-12-08 09:01:47,116.0,ff785fa504232b935c33c7d8c38a1cdc2f8d2d35,1345044,,,,,,,,,,,,,,,,,,,,,,,,,,,,,,,,,,,,,,,,,,,,,,,,,,TN,,,,,,,,,,
autoland,3646670,2,6311658df04f8b9dab1d842cf1ddc69e83bd8127,linux64-qr,,False,,,102210fe594ee9b33d82058545b1ed14f4c8206e,num_static_constructors,compiler_metrics,True,compiler_metrics num_static_constructors opt valgrind,,77,,,,1808811095,2023-12-08 10:47:08,116.0,0b1e42f9043ea8a17f3863559632cad819f2adfe,1345104,,,,,,,,,,,,,,,,,,,,,,,,,,,,,,,,,,,,,,,,,,,,,,,,,,TN,,,,,,,,,,
autoland,3646670,2,6311658df04f8b9dab1d842cf1ddc69e83bd8127,linux64-qr,,False,,,102210fe594ee9b33d82058545b1ed14f4c8206e,num_static_constructors,compiler_metrics,True,compiler_metrics num_static_constructors opt valgrind,,77,,,,1808813172,2023-12-08 14:53:30,116.0,84f194823b719420c22157f7e540e660397a17f2,1345173,,,,,,,,,,,,,,,,,,,,,,,,,,,,,,,,,,,,,,,,,,,,,,,,,,TN,,,,,,,,,,
autoland,3646670,2,6311658df04f8b9dab1d842cf1ddc69e83bd8127,linux64-qr,,False,,,102210fe594ee9b33d82058545b1ed14f4c8206e,num_static_constructors,compiler_metrics,True,compiler_metrics num_static_constructors opt valgrind,,77,,,,1808814478,2023-12-08 20:09:00,116.0,6f5601bcf5ef9fa22b46e44e1d5e34893a04fc9e,1345337,,,,,,,,,,,,,,,,,,,,,,,,,,,,,,,,,,,,,,,,,,,,,,,,,,TN,,,,,,,,,,
autoland,3646670,2,6311658df04f8b9dab1d842cf1ddc69e83bd8127,linux64-qr,,False,,,102210fe594ee9b33d82058545b1ed14f4c8206e,num_static_constructors,compiler_metrics,True,compiler_metrics num_static_constructors opt valgrind,,77,,,,1808879727,2023-12-08 22:11:19,116.0,8839a3ba62436bd0ea7e5bd07e2b63a8d45b8609,1345414,,,,,,,,,,,,,,,,,,,,,,,,,,,,,,,,,,,,,,,,,,,,,,,,,,TN,,,,,,,,,,
autoland,3646670,2,6311658df04f8b9dab1d842cf1ddc69e83bd8127,linux64-qr,,False,,,102210fe594ee9b33d82058545b1ed14f4c8206e,num_static_constructors,compiler_metrics,True,compiler_metrics num_static_constructors opt valgrind,,77,,,,1808996512,2023-12-09 00:35:37,115.0,5e7ca7b9c60d764540bfc20b243ffaa67dfbfaa9,1345495,,,,,,,,,,,,,,,,,,,,,,,,,,,,,,,,,,,,,,,,,,,,,,,,,,TN,,,,,,,,,,
autoland,3646670,2,6311658df04f8b9dab1d842cf1ddc69e83bd8127,linux64-qr,,False,,,102210fe594ee9b33d82058545b1ed14f4c8206e,num_static_constructors,compiler_metrics,True,compiler_metrics num_static_constructors opt valgrind,,77,,,,1809004216,2023-12-09 00:36:34,115.0,9536c8afccb6fe6adb81c34e04ad22608a1cc454,1345496,,,,,,,,,,,,,,,,,,,,,,,,,,,,,,,,,,,,,,,,,,,,,,,,,,TN,,,,,,,,,,
autoland,3646670,2,6311658df04f8b9dab1d842cf1ddc69e83bd8127,linux64-qr,,False,,,102210fe594ee9b33d82058545b1ed14f4c8206e,num_static_constructors,compiler_metrics,True,compiler_metrics num_static_constructors opt valgrind,,77,,,,1809049006,2023-12-09 02:30:29,115.0,cb01f3faa22fd50ea9fb032e8138ba3f9acb3230,1345517,,,,,,,,,,,,,,,,,,,,,,,,,,,,,,,,,,,,,,,,,,,,,,,,,,TN,,,,,,,,,,
autoland,3646670,2,6311658df04f8b9dab1d842cf1ddc69e83bd8127,linux64-qr,,False,,,102210fe594ee9b33d82058545b1ed14f4c8206e,num_static_constructors,compiler_metrics,True,compiler_metrics num_static_constructors opt valgrind,,77,,,,1809202402,2023-12-09 11:58:04,115.0,ce53d4215ca91122e12f63ca196acefc22a8d98c,1345582,,,,,,,,,,,,,,,,,,,,,,,,,,,,,,,,,,,,,,,,,,,,,,,,,,TN,,,,,,,,,,
autoland,3646670,2,6311658df04f8b9dab1d842cf1ddc69e83bd8127,linux64-qr,,False,,,102210fe594ee9b33d82058545b1ed14f4c8206e,num_static_constructors,compiler_metrics,True,compiler_metrics num_static_constructors opt valgrind,,77,,,,1809251975,2023-12-09 16:44:21,115.0,199c3dc51f2dd8c55a3346ac587238e6376b7236,1345611,,,,,,,,,,,,,,,,,,,,,,,,,,,,,,,,,,,,,,,,,,,,,,,,,,TN,,,,,,,,,,
autoland,3646670,2,6311658df04f8b9dab1d842cf1ddc69e83bd8127,linux64-qr,,False,,,102210fe594ee9b33d82058545b1ed14f4c8206e,num_static_constructors,compiler_metrics,True,compiler_metrics num_static_constructors opt valgrind,,77,,,,1809263177,2023-12-09 17:32:11,115.0,037b4a8e4edce03936a64d9d073da41b8b1bd9fb,1345614,,,,,,,,,,,,,,,,,,,,,,,,,,,,,,,,,,,,,,,,,,,,,,,,,,TN,,,,,,,,,,
autoland,3646670,2,6311658df04f8b9dab1d842cf1ddc69e83bd8127,linux64-qr,,False,,,102210fe594ee9b33d82058545b1ed14f4c8206e,num_static_constructors,compiler_metrics,True,compiler_metrics num_static_constructors opt valgrind,,77,,,,1809357490,2023-12-10 03:19:38,115.0,815bf21f166b5019bdab6ec104bc2f4475a7b553,1345657,,,,,,,,,,,,,,,,,,,,,,,,,,,,,,,,,,,,,,,,,,,,,,,,,,TN,,,,,,,,,,
autoland,3646670,2,6311658df04f8b9dab1d842cf1ddc69e83bd8127,linux64-qr,,False,,,102210fe594ee9b33d82058545b1ed14f4c8206e,num_static_constructors,compiler_metrics,True,compiler_metrics num_static_constructors opt valgrind,,77,,,,1809456913,2023-12-10 20:03:21,115.0,e5420eb5fcfe010dd66c22386fbab6256e8c36c0,1345729,,,,,,,,,,,,,,,,,,,,,,,,,,,,,,,,,,,,,,,,,,,,,,,,,,TN,,,,,,,,,,
autoland,3646670,2,6311658df04f8b9dab1d842cf1ddc69e83bd8127,linux64-qr,,False,,,102210fe594ee9b33d82058545b1ed14f4c8206e,num_static_constructors,compiler_metrics,True,compiler_metrics num_static_constructors opt valgrind,,77,,,,1809476695,2023-12-11 00:42:11,115.0,d4ee61633ce965862e2ee27be32e8a58344a7b03,1345765,,,,,,,,,,,,,,,,,,,,,,,,,,,,,,,,,,,,,,,,,,,,,,,,,,TN,,,,,,,,,,
autoland,3646670,2,6311658df04f8b9dab1d842cf1ddc69e83bd8127,linux64-qr,,False,,,102210fe594ee9b33d82058545b1ed14f4c8206e,num_static_constructors,compiler_metrics,True,compiler_metrics num_static_constructors opt valgrind,,77,,,,1809522369,2023-12-11 06:57:03,115.0,e84648aa607a32b9e4bbd2378f5a7caf9e31264a,1345835,,,,,,,,,,,,,,,,,,,,,,,,,,,,,,,,,,,,,,,,,,,,,,,,,,TN,,,,,,,,,,
autoland,3646670,2,6311658df04f8b9dab1d842cf1ddc69e83bd8127,linux64-qr,,False,,,102210fe594ee9b33d82058545b1ed14f4c8206e,num_static_constructors,compiler_metrics,True,compiler_metrics num_static_constructors opt valgrind,,77,,,,1809556417,2023-12-11 09:13:41,115.0,25a3d6c779f3ef9a9220e2d972c18f2e5a039cb2,1345868,,,,,,,,,,,,,,,,,,,,,,,,,,,,,,,,,,,,,,,,,,,,,,,,,,TN,,,,,,,,,,
autoland,3646670,2,6311658df04f8b9dab1d842cf1ddc69e83bd8127,linux64-qr,,False,,,102210fe594ee9b33d82058545b1ed14f4c8206e,num_static_constructors,compiler_metrics,True,compiler_metrics num_static_constructors opt valgrind,,77,,,,1809693098,2023-12-11 13:39:55,115.0,46d1ac4f2e9c8c9c173c430225737701542931bb,1346049,,,,,,,,,,,,,,,,,,,,,,,,,,,,,,,,,,,,,,,,,,,,,,,,,,TN,,,,,,,,,,
autoland,3646670,2,6311658df04f8b9dab1d842cf1ddc69e83bd8127,linux64-qr,,False,,,102210fe594ee9b33d82058545b1ed14f4c8206e,num_static_constructors,compiler_metrics,True,compiler_metrics num_static_constructors opt valgrind,,77,,,,1809765656,2023-12-11 15:02:28,115.0,8214c54229f70c6c06181feaf575175a82d39289,1346113,,,,,,,,,,,,,,,,,,,,,,,,,,,,,,,,,,,,,,,,,,,,,,,,,,TN,,,,,,,,,,
autoland,3646670,2,6311658df04f8b9dab1d842cf1ddc69e83bd8127,linux64-qr,,False,,,102210fe594ee9b33d82058545b1ed14f4c8206e,num_static_constructors,compiler_metrics,True,compiler_metrics num_static_constructors opt valgrind,,77,,,,1809769681,2023-12-11 15:49:45,115.0,fbda7db8e39b50ebf5ed7092f81706bd1d8c91ab,1346158,,,,,,,,,,,,,,,,,,,,,,,,,,,,,,,,,,,,,,,,,,,,,,,,,,TN,,,,,,,,,,
autoland,3646670,2,6311658df04f8b9dab1d842cf1ddc69e83bd8127,linux64-qr,,False,,,102210fe594ee9b33d82058545b1ed14f4c8206e,num_static_constructors,compiler_metrics,True,compiler_metrics num_static_constructors opt valgrind,,77,,,,1809798534,2023-12-11 16:54:01,115.0,f5e458c049b97bf923179fc7282ed4f0ce9bb4b6,1346218,,,,,,,,,,,,,,,,,,,,,,,,,,,,,,,,,,,,,,,,,,,,,,,,,,TN,,,,,,,,,,
autoland,3646670,2,6311658df04f8b9dab1d842cf1ddc69e83bd8127,linux64-qr,,False,,,102210fe594ee9b33d82058545b1ed14f4c8206e,num_static_constructors,compiler_metrics,True,compiler_metrics num_static_constructors opt valgrind,,77,,,,1809839352,2023-12-11 18:22:43,115.0,8043d7693dbaf145c601652e0b8947d55f399fd8,1346298,,,,,,,,,,,,,,,,,,,,,,,,,,,,,,,,,,,,,,,,,,,,,,,,,,TN,,,,,,,,,,
autoland,3646670,2,6311658df04f8b9dab1d842cf1ddc69e83bd8127,linux64-qr,,False,,,102210fe594ee9b33d82058545b1ed14f4c8206e,num_static_constructors,compiler_metrics,True,compiler_metrics num_static_constructors opt valgrind,,77,,,,1809886097,2023-12-11 19:52:01,115.0,2ce74f8bcc5f1fa10bc0127e7f296bd7e583b4a3,1346384,,,,,,,,,,,,,,,,,,,,,,,,,,,,,,,,,,,,,,,,,,,,,,,,,,TN,,,,,,,,,,
autoland,3646670,2,6311658df04f8b9dab1d842cf1ddc69e83bd8127,linux64-qr,,False,,,102210fe594ee9b33d82058545b1ed14f4c8206e,num_static_constructors,compiler_metrics,True,compiler_metrics num_static_constructors opt valgrind,,77,,,,1809922561,2023-12-11 21:32:13,115.0,c2126b815d283d4d848e431071fa77e023b06eb2,1346462,,,,,,,,,,,,,,,,,,,,,,,,,,,,,,,,,,,,,,,,,,,,,,,,,,TN,,,,,,,,,,
autoland,3646670,2,6311658df04f8b9dab1d842cf1ddc69e83bd8127,linux64-qr,,False,,,102210fe594ee9b33d82058545b1ed14f4c8206e,num_static_constructors,compiler_metrics,True,compiler_metrics num_static_constructors opt valgrind,,77,,,,1810017025,2023-12-12 01:05:39,115.0,fe233790fb9b2ded19de2d3c57ed746be85dc632,1346603,,,,,,,,,,,,,,,,,,,,,,,,,,,,,,,,,,,,,,,,,,,,,,,,,,TN,,,,,,,,,,
autoland,3646670,2,6311658df04f8b9dab1d842cf1ddc69e83bd8127,linux64-qr,,False,,,102210fe594ee9b33d82058545b1ed14f4c8206e,num_static_constructors,compiler_metrics,True,compiler_metrics num_static_constructors opt valgrind,,77,,,,1810020252,2023-12-12 01:33:17,115.0,6e08bc24f0ba8814dfda465963c22d139bf6e80b,1346620,,,,,,,,,,,,,,,,,,,,,,,,,,,,,,,,,,,,,,,,,,,,,,,,,,TN,,,,,,,,,,
autoland,3646670,2,6311658df04f8b9dab1d842cf1ddc69e83bd8127,linux64-qr,,False,,,102210fe594ee9b33d82058545b1ed14f4c8206e,num_static_constructors,compiler_metrics,True,compiler_metrics num_static_constructors opt valgrind,,77,,,,1810064274,2023-12-12 04:01:22,115.0,55cd203304b8d5343dd941d772085dc25fd278c4,1346691,,,,,,,,,,,,,,,,,,,,,,,,,,,,,,,,,,,,,,,,,,,,,,,,,,TN,,,,,,,,,,
autoland,3646670,2,6311658df04f8b9dab1d842cf1ddc69e83bd8127,linux64-qr,,False,,,102210fe594ee9b33d82058545b1ed14f4c8206e,num_static_constructors,compiler_metrics,True,compiler_metrics num_static_constructors opt valgrind,,77,,,,1810193278,2023-12-12 08:08:04,114.0,64c2a5cd2e5c12acc49f695acaca7fc074be00ef,1346735,,,,,,,,,,,,,,,,,,,,,,,,,,,,,,,,,,,,,,,,,,,,,,,,,,TN,,,,,,,,,,
autoland,3646670,2,6311658df04f8b9dab1d842cf1ddc69e83bd8127,linux64-qr,,False,,,102210fe594ee9b33d82058545b1ed14f4c8206e,num_static_constructors,compiler_metrics,True,compiler_metrics num_static_constructors opt valgrind,,77,,,,1810212041,2023-12-12 09:27:12,114.0,1db31df756b7dfe1d1847f0e3a9f81394cd8e389,1346780,,,,,,,,,,,,,,,,,,,,,,,,,,,,,,,,,,,,,,,,,,,,,,,,,,TN,,,,,,,,,,
autoland,3646670,2,6311658df04f8b9dab1d842cf1ddc69e83bd8127,linux64-qr,,False,,,102210fe594ee9b33d82058545b1ed14f4c8206e,num_static_constructors,compiler_metrics,True,compiler_metrics num_static_constructors opt valgrind,,77,,,,1810316486,2023-12-12 13:15:06,114.0,378226435d1f217637869bc238a2bff9ae584e04,1346892,,,,,,,,,,,,,,,,,,,,,,,,,,,,,,,,,,,,,,,,,,,,,,,,,,TN,,,,,,,,,,
autoland,3646670,2,6311658df04f8b9dab1d842cf1ddc69e83bd8127,linux64-qr,,False,,,102210fe594ee9b33d82058545b1ed14f4c8206e,num_static_constructors,compiler_metrics,True,compiler_metrics num_static_constructors opt valgrind,,77,,,,1810317321,2023-12-12 13:20:17,114.0,661e5ee3675f09044e67f461631530ae9bc19953,1346894,,,,,,,,,,,,,,,,,,,,,,,,,,,,,,,,,,,,,,,,,,,,,,,,,,TN,,,,,,,,,,
autoland,3646670,2,6311658df04f8b9dab1d842cf1ddc69e83bd8127,linux64-qr,,False,,,102210fe594ee9b33d82058545b1ed14f4c8206e,num_static_constructors,compiler_metrics,True,compiler_metrics num_static_constructors opt valgrind,,77,,,,1810412114,2023-12-12 16:04:57,114.0,3227e410e202a44c68821f19290a3b1f2dc38726,1347030,,,,,,,,,,,,,,,,,,,,,,,,,,,,,,,,,,,,,,,,,,,,,,,,,,TN,,,,,,,,,,
autoland,3646670,2,6311658df04f8b9dab1d842cf1ddc69e83bd8127,linux64-qr,,False,,,102210fe594ee9b33d82058545b1ed14f4c8206e,num_static_constructors,compiler_metrics,True,compiler_metrics num_static_constructors opt valgrind,,77,,,,1810488099,2023-12-12 17:56:51,114.0,89856dfbbbb09660fd0b56d3d9ba6f60c823c81f,1347131,,,,,,,,,,,,,,,,,,,,,,,,,,,,,,,,,,,,,,,,,,,,,,,,,,TN,,,,,,,,,,
autoland,3646670,2,6311658df04f8b9dab1d842cf1ddc69e83bd8127,linux64-qr,,False,,,102210fe594ee9b33d82058545b1ed14f4c8206e,num_static_constructors,compiler_metrics,True,compiler_metrics num_static_constructors opt valgrind,,77,,,,1810506700,2023-12-12 18:39:48,114.0,b7336e3f433e4055ba8a7fcb5c2f756e0e9b59ef,1347165,,,,,,,,,,,,,,,,,,,,,,,,,,,,,,,,,,,,,,,,,,,,,,,,,,TN,,,,,,,,,,
autoland,3646670,2,6311658df04f8b9dab1d842cf1ddc69e83bd8127,linux64-qr,,False,,,102210fe594ee9b33d82058545b1ed14f4c8206e,num_static_constructors,compiler_metrics,True,compiler_metrics num_static_constructors opt valgrind,,77,,,,1810544173,2023-12-12 18:39:48,114.0,b7336e3f433e4055ba8a7fcb5c2f756e0e9b59ef,1347165,,,,,,,,,,,,,,,,,,,,,,,,,,,,,,,,,,,,,,,,,,,,,,,,,,TN,,,,,,,,,,
autoland,3646670,2,6311658df04f8b9dab1d842cf1ddc69e83bd8127,linux64-qr,,False,,,102210fe594ee9b33d82058545b1ed14f4c8206e,num_static_constructors,compiler_metrics,True,compiler_metrics num_static_constructors opt valgrind,,77,,,,1810545565,2023-12-12 18:39:48,114.0,b7336e3f433e4055ba8a7fcb5c2f756e0e9b59ef,1347165,,,,,,,,,,,,,,,,,,,,,,,,,,,,,,,,,,,,,,,,,,,,,,,,,,TN,,,,,,,,,,
autoland,3646670,2,6311658df04f8b9dab1d842cf1ddc69e83bd8127,linux64-qr,,False,,,102210fe594ee9b33d82058545b1ed14f4c8206e,num_static_constructors,compiler_metrics,True,compiler_metrics num_static_constructors opt valgrind,,77,,,,1810573026,2023-12-12 19:56:29,113.0,8bca5faec5073cec188adf8d971a321d6ae3671b,1347213,,,,,,,,,,,,,,,,,,,,,,,,,,,,,,,,,,,,,,,,,,,,,,,,,,TN,,,,,,,,,,
autoland,3646670,2,6311658df04f8b9dab1d842cf1ddc69e83bd8127,linux64-qr,,False,,,102210fe594ee9b33d82058545b1ed14f4c8206e,num_static_constructors,compiler_metrics,True,compiler_metrics num_static_constructors opt valgrind,,77,,,,1810577860,2023-12-12 20:06:07,113.0,7272d706196d83e16ea8366481dce5127407ba4d,1347223,,,,,,,,,,,,,,,,,,,,,,,,,,,,,,,,,,,,,,,,,,,,,,,,,,TN,,,,,,,,,,
autoland,3646670,2,6311658df04f8b9dab1d842cf1ddc69e83bd8127,linux64-qr,,False,,,102210fe594ee9b33d82058545b1ed14f4c8206e,num_static_constructors,compiler_metrics,True,compiler_metrics num_static_constructors opt valgrind,,77,,,,1810699111,2023-12-13 00:40:28,113.0,f823ab1d9a00b627089b75899e588823b584a9c4,1347426,,,,,,,,,,,,,,,,,,,,,,,,,,,,,,,,,,,,,,,,,,,,,,,,,,TN,,,,,,,,,,
autoland,3646670,2,6311658df04f8b9dab1d842cf1ddc69e83bd8127,linux64-qr,,False,,,102210fe594ee9b33d82058545b1ed14f4c8206e,num_static_constructors,compiler_metrics,True,compiler_metrics num_static_constructors opt valgrind,,77,,,,1810720034,2023-12-13 01:20:12,113.0,d70e19bf702c52c307f00994f8d96f889c2686e0,1347459,,,,,,,,,,,,,,,,,,,,,,,,,,,,,,,,,,,,,,,,,,,,,,,,,,TN,,,,,,,,,,
autoland,3646670,2,6311658df04f8b9dab1d842cf1ddc69e83bd8127,linux64-qr,,False,,,102210fe594ee9b33d82058545b1ed14f4c8206e,num_static_constructors,compiler_metrics,True,compiler_metrics num_static_constructors opt valgrind,,77,,,,1810732568,2023-12-13 01:59:28,113.0,c7169e7d15af250d7b1ffb91c072a4b2309457c1,1347482,,,,,,,,,,,,,,,,,,,,,,,,,,,,,,,,,,,,,,,,,,,,,,,,,,TN,,,,,,,,,,
autoland,3646670,2,6311658df04f8b9dab1d842cf1ddc69e83bd8127,linux64-qr,,False,,,102210fe594ee9b33d82058545b1ed14f4c8206e,num_static_constructors,compiler_metrics,True,compiler_metrics num_static_constructors opt valgrind,,77,,,,1810769969,2023-12-13 02:50:51,113.0,13548863a72404d66676b9729d9f57f196d2a062,1347507,,,,,,,,,,,,,,,,,,,,,,,,,,,,,,,,,,,,,,,,,,,,,,,,,,TN,,,,,,,,,,
autoland,3646670,2,6311658df04f8b9dab1d842cf1ddc69e83bd8127,linux64-qr,,False,,,102210fe594ee9b33d82058545b1ed14f4c8206e,num_static_constructors,compiler_metrics,True,compiler_metrics num_static_constructors opt valgrind,,77,,,,1810813062,2023-12-13 03:53:55,113.0,de73ddb24c16e91d220095612fc21b6636e51f81,1347525,,,,,,,,,,,,,,,,,,,,,,,,,,,,,,,,,,,,,,,,,,,,,,,,,,TN,,,,,,,,,,
autoland,3646670,2,6311658df04f8b9dab1d842cf1ddc69e83bd8127,linux64-qr,,False,,,102210fe594ee9b33d82058545b1ed14f4c8206e,num_static_constructors,compiler_metrics,True,compiler_metrics num_static_constructors opt valgrind,,77,,,,1810863384,2023-12-13 08:08:28,113.0,de61802013d3eabd67e8f7c4382ab95c650835ba,1347584,,,,,,,,,,,,,,,,,,,,,,,,,,,,,,,,,,,,,,,,,,,,,,,,,,TN,,,,,,,,,,
autoland,3646670,2,6311658df04f8b9dab1d842cf1ddc69e83bd8127,linux64-qr,,False,,,102210fe594ee9b33d82058545b1ed14f4c8206e,num_static_constructors,compiler_metrics,True,compiler_metrics num_static_constructors opt valgrind,,77,,,,1810910330,2023-12-13 10:08:23,113.0,12f45306a093afef1d1ed86121d9fcd9e8c69e15,1347641,,,,,,,,,,,,,,,,,,,,,,,,,,,,,,,,,,,,,,,,,,,,,,,,,,TN,,,,,,,,,,
autoland,3646670,2,6311658df04f8b9dab1d842cf1ddc69e83bd8127,linux64-qr,,False,,,102210fe594ee9b33d82058545b1ed14f4c8206e,num_static_constructors,compiler_metrics,True,compiler_metrics num_static_constructors opt valgrind,,77,,,,1810975978,2023-12-13 11:39:56,113.0,7af51753aacaeaa3f995d39f959de16afd0d8f1c,1347703,,,,,,,,,,,,,,,,,,,,,,,,,,,,,,,,,,,,,,,,,,,,,,,,,,TN,,,,,,,,,,
autoland,3646670,2,6311658df04f8b9dab1d842cf1ddc69e83bd8127,linux64-qr,,False,,,102210fe594ee9b33d82058545b1ed14f4c8206e,num_static_constructors,compiler_metrics,True,compiler_metrics num_static_constructors opt valgrind,,77,,,,1811006403,2023-12-13 13:51:07,113.0,a54a846dda9a20948451fa14e9ebbd3bb19c826c,1347765,,,,,,,,,,,,,,,,,,,,,,,,,,,,,,,,,,,,,,,,,,,,,,,,,,TN,,,,,,,,,,
autoland,3646670,2,6311658df04f8b9dab1d842cf1ddc69e83bd8127,linux64-qr,,False,,,102210fe594ee9b33d82058545b1ed14f4c8206e,num_static_constructors,compiler_metrics,True,compiler_metrics num_static_constructors opt valgrind,,77,,,,1811039982,2023-12-13 15:17:58,113.0,1e63ce6e523d55848d7ec1a19fac4d97d1bc4220,1347822,,,,,,,,,,,,,,,,,,,,,,,,,,,,,,,,,,,,,,,,,,,,,,,,,,TN,,,,,,,,,,
autoland,3646670,2,6311658df04f8b9dab1d842cf1ddc69e83bd8127,linux64-qr,,False,,,102210fe594ee9b33d82058545b1ed14f4c8206e,num_static_constructors,compiler_metrics,True,compiler_metrics num_static_constructors opt valgrind,,77,,,,1811097899,2023-12-13 17:42:49,113.0,951b244454e1790b94e5fa8474efc7fb8c990e28,1347961,,,,,,,,,,,,,,,,,,,,,,,,,,,,,,,,,,,,,,,,,,,,,,,,,,TN,,,,,,,,,,
autoland,3646670,2,6311658df04f8b9dab1d842cf1ddc69e83bd8127,linux64-qr,,False,,,102210fe594ee9b33d82058545b1ed14f4c8206e,num_static_constructors,compiler_metrics,True,compiler_metrics num_static_constructors opt valgrind,,77,,,,1811143754,2023-12-13 19:05:57,113.0,fb36e30815aa93c98894666cf88f397b5ec9d316,1348060,,,,,,,,,,,,,,,,,,,,,,,,,,,,,,,,,,,,,,,,,,,,,,,,,,TN,,,,,,,,,,
autoland,3646670,2,6311658df04f8b9dab1d842cf1ddc69e83bd8127,linux64-qr,,False,,,102210fe594ee9b33d82058545b1ed14f4c8206e,num_static_constructors,compiler_metrics,True,compiler_metrics num_static_constructors opt valgrind,,77,,,,1811217229,2023-12-13 20:42:40,113.0,b89dc85aa7e47069b80251ce43d7d66c034a5b88,1348117,,,,,,,,,,,,,,,,,,,,,,,,,,,,,,,,,,,,,,,,,,,,,,,,,,TN,,,,,,,,,,
autoland,3646670,2,6311658df04f8b9dab1d842cf1ddc69e83bd8127,linux64-qr,,False,,,102210fe594ee9b33d82058545b1ed14f4c8206e,num_static_constructors,compiler_metrics,True,compiler_metrics num_static_constructors opt valgrind,,77,,,,1811292905,2023-12-13 23:09:19,114.0,a8900492da681ff3b22682ce55daf0586cca3858,1348251,,,,,,,,,,,,,,,,,,,,,,,,,,,,,,,,,,,,,,,,,,,,,,,,,,TN,,,,,,,,,,
autoland,3646670,2,6311658df04f8b9dab1d842cf1ddc69e83bd8127,linux64-qr,,False,,,102210fe594ee9b33d82058545b1ed14f4c8206e,num_static_constructors,compiler_metrics,True,compiler_metrics num_static_constructors opt valgrind,,77,,,,1811350495,2023-12-14 01:23:55,114.0,12888ec6533c4e6ec49c2d7081e67ac660129ab6,1348332,,,,,,,,,,,,,,,,,,,,,,,,,,,,,,,,,,,,,,,,,,,,,,,,,,TN,,,,,,,,,,
autoland,3646670,2,6311658df04f8b9dab1d842cf1ddc69e83bd8127,linux64-qr,,False,,,102210fe594ee9b33d82058545b1ed14f4c8206e,num_static_constructors,compiler_metrics,True,compiler_metrics num_static_constructors opt valgrind,,77,,,,1811421864,2023-12-14 05:17:16,114.0,722156e33a1551d2a3dba5e123bb13711c347a34,1348400,,,,,,,,,,,,,,,,,,,,,,,,,,,,,,,,,,,,,,,,,,,,,,,,,,TN,,,,,,,,,,
autoland,3646670,2,6311658df04f8b9dab1d842cf1ddc69e83bd8127,linux64-qr,,False,,,102210fe594ee9b33d82058545b1ed14f4c8206e,num_static_constructors,compiler_metrics,True,compiler_metrics num_static_constructors opt valgrind,,77,,,,1811448184,2023-12-14 06:57:49,114.0,3af75f3310fc53f70cba7e6c5a7e7bec2d3381dc,1348404,,,,,,,,,,,,,,,,,,,,,,,,,,,,,,,,,,,,,,,,,,,,,,,,,,TN,,,,,,,,,,
autoland,3646670,2,6311658df04f8b9dab1d842cf1ddc69e83bd8127,linux64-qr,,False,,,102210fe594ee9b33d82058545b1ed14f4c8206e,num_static_constructors,compiler_metrics,True,compiler_metrics num_static_constructors opt valgrind,,77,,,,1811504874,2023-12-14 09:15:58,114.0,1c0fd259312d4631a0d1a7e0ea0560cff577beba,1348457,,,,,,,,,,,,,,,,,,,,,,,,,,,,,,,,,,,,,,,,,,,,,,,,,,TN,,,,,,,,,,
autoland,3646670,2,6311658df04f8b9dab1d842cf1ddc69e83bd8127,linux64-qr,,False,,,102210fe594ee9b33d82058545b1ed14f4c8206e,num_static_constructors,compiler_metrics,True,compiler_metrics num_static_constructors opt valgrind,,77,,,,1811625895,2023-12-14 11:37:55,114.0,29cbdd821419ff831f4719b4d28bf9ca450180d7,1348502,,,,,,,,,,,,,,,,,,,,,,,,,,,,,,,,,,,,,,,,,,,,,,,,,,TN,,,,,,,,,,
autoland,3646670,2,6311658df04f8b9dab1d842cf1ddc69e83bd8127,linux64-qr,,False,,,102210fe594ee9b33d82058545b1ed14f4c8206e,num_static_constructors,compiler_metrics,True,compiler_metrics num_static_constructors opt valgrind,,77,,,,1811709232,2023-12-14 13:22:59,114.0,31a1108bee2768e6f329db2b083b5066b2c83def,1348529,,,,,,,,,,,,,,,,,,,,,,,,,,,,,,,,,,,,,,,,,,,,,,,,,,TN,,,,,,,,,,
autoland,3646670,2,6311658df04f8b9dab1d842cf1ddc69e83bd8127,linux64-qr,,False,,,102210fe594ee9b33d82058545b1ed14f4c8206e,num_static_constructors,compiler_metrics,True,compiler_metrics num_static_constructors opt valgrind,,77,,,,1811795373,2023-12-14 15:25:58,114.0,44c4e62a38e1a18cd9c3cdc37be672c5b2eccb06,1348605,,,,,,,,,,,,,,,,,,,,,,,,,,,,,,,,,,,,,,,,,,,,,,,,,,TN,,,,,,,,,,
autoland,3646670,2,6311658df04f8b9dab1d842cf1ddc69e83bd8127,linux64-qr,,False,,,102210fe594ee9b33d82058545b1ed14f4c8206e,num_static_constructors,compiler_metrics,True,compiler_metrics num_static_constructors opt valgrind,,77,,,,1811935366,2023-12-14 18:50:30,114.0,7f2b328a3244d1e6f3b0d6af8f9de9832a8b8157,1348816,,,,,,,,,,,,,,,,,,,,,,,,,,,,,,,,,,,,,,,,,,,,,,,,,,TN,,,,,,,,,,
autoland,3646670,2,6311658df04f8b9dab1d842cf1ddc69e83bd8127,linux64-qr,,False,,,102210fe594ee9b33d82058545b1ed14f4c8206e,num_static_constructors,compiler_metrics,True,compiler_metrics num_static_constructors opt valgrind,,77,,,,1811969335,2023-12-14 19:45:40,114.0,5b5faa47b870a45949438e5959b9ef04204a9bac,1348855,,,,,,,,,,,,,,,,,,,,,,,,,,,,,,,,,,,,,,,,,,,,,,,,,,TN,,,,,,,,,,
autoland,3646670,2,6311658df04f8b9dab1d842cf1ddc69e83bd8127,linux64-qr,,False,,,102210fe594ee9b33d82058545b1ed14f4c8206e,num_static_constructors,compiler_metrics,True,compiler_metrics num_static_constructors opt valgrind,,77,,,,1811970767,2023-12-14 19:45:40,114.0,5b5faa47b870a45949438e5959b9ef04204a9bac,1348855,,,,,,,,,,,,,,,,,,,,,,,,,,,,,,,,,,,,,,,,,,,,,,,,,,TN,,,,,,,,,,
autoland,3646670,2,6311658df04f8b9dab1d842cf1ddc69e83bd8127,linux64-qr,,False,,,102210fe594ee9b33d82058545b1ed14f4c8206e,num_static_constructors,compiler_metrics,True,compiler_metrics num_static_constructors opt valgrind,,77,,,,1811974766,2023-12-14 19:45:40,114.0,5b5faa47b870a45949438e5959b9ef04204a9bac,1348855,,,,,,,,,,,,,,,,,,,,,,,,,,,,,,,,,,,,,,,,,,,,,,,,,,TN,,,,,,,,,,
autoland,3646670,2,6311658df04f8b9dab1d842cf1ddc69e83bd8127,linux64-qr,,False,,,102210fe594ee9b33d82058545b1ed14f4c8206e,num_static_constructors,compiler_metrics,True,compiler_metrics num_static_constructors opt valgrind,,77,,,,1812123769,2023-12-14 21:45:13,114.0,04ae3a53d7df39b7ef7380e872889038951a9e63,1348957,,,,,,,,,,,,,,,,,,,,,,,,,,,,,,,,,,,,,,,,,,,,,,,,,,TN,,,,,,,,,,
autoland,3646670,2,6311658df04f8b9dab1d842cf1ddc69e83bd8127,linux64-qr,,False,,,102210fe594ee9b33d82058545b1ed14f4c8206e,num_static_constructors,compiler_metrics,True,compiler_metrics num_static_constructors opt valgrind,,77,,,,1812274798,2023-12-15 01:58:19,114.0,efffe49c7c1c0f6b54d9f752224880e07e588f36,1349130,,,,,,,,,,,,,,,,,,,,,,,,,,,,,,,,,,,,,,,,,,,,,,,,,,TN,,,,,,,,,,
autoland,3646670,2,6311658df04f8b9dab1d842cf1ddc69e83bd8127,linux64-qr,,False,,,102210fe594ee9b33d82058545b1ed14f4c8206e,num_static_constructors,compiler_metrics,True,compiler_metrics num_static_constructors opt valgrind,,77,,,,1812454508,2023-12-15 11:00:39,114.0,d3a29d02b3dd8d8cfbfff6fcad00d94226e102e8,1349239,,,,,,,,,,,,,,,,,,,,,,,,,,,,,,,,,,,,,,,,,,,,,,,,,,TN,,,,,,,,,,
autoland,3646670,2,6311658df04f8b9dab1d842cf1ddc69e83bd8127,linux64-qr,,False,,,102210fe594ee9b33d82058545b1ed14f4c8206e,num_static_constructors,compiler_metrics,True,compiler_metrics num_static_constructors opt valgrind,,77,,,,1812518110,2023-12-15 15:09:59,114.0,8fd04cb03fbd84435d9834d1de340c2f64e013bb,1349331,,,,,,,,,,,,,,,,,,,,,,,,,,,,,,,,,,,,,,,,,,,,,,,,,,TN,,,,,,,,,,
autoland,3646670,2,6311658df04f8b9dab1d842cf1ddc69e83bd8127,linux64-qr,,False,,,102210fe594ee9b33d82058545b1ed14f4c8206e,num_static_constructors,compiler_metrics,True,compiler_metrics num_static_constructors opt valgrind,,77,,,,1812647776,2023-12-15 17:28:57,114.0,0cf7507475be8cf41412eb5670d927b598020f9d,1349414,,,,,,,,,,,,,,,,,,,,,,,,,,,,,,,,,,,,,,,,,,,,,,,,,,TN,,,,,,,,,,
autoland,3646670,2,6311658df04f8b9dab1d842cf1ddc69e83bd8127,linux64-qr,,False,,,102210fe594ee9b33d82058545b1ed14f4c8206e,num_static_constructors,compiler_metrics,True,compiler_metrics num_static_constructors opt valgrind,,77,,,,1812774858,2023-12-15 20:18:56,114.0,8f1a041ed5a88918a5fe585c89ffabd9450bc0ef,1349528,,,,,,,,,,,,,,,,,,,,,,,,,,,,,,,,,,,,,,,,,,,,,,,,,,TN,,,,,,,,,,
autoland,3646670,2,6311658df04f8b9dab1d842cf1ddc69e83bd8127,linux64-qr,,False,,,102210fe594ee9b33d82058545b1ed14f4c8206e,num_static_constructors,compiler_metrics,True,compiler_metrics num_static_constructors opt valgrind,,77,,,,1812868179,2023-12-15 22:23:20,114.0,cb0fb07166b17b6a9b02be0ce0b759a8ee337c3d,1349599,,,,,,,,,,,,,,,,,,,,,,,,,,,,,,,,,,,,,,,,,,,,,,,,,,TN,,,,,,,,,,
autoland,3646670,2,6311658df04f8b9dab1d842cf1ddc69e83bd8127,linux64-qr,,False,,,102210fe594ee9b33d82058545b1ed14f4c8206e,num_static_constructors,compiler_metrics,True,compiler_metrics num_static_constructors opt valgrind,,77,,,,1812962496,2023-12-16 02:28:17,114.0,33b0a0fecfd912ef3f540060b5e13f54db31d5cd,1349675,,,,,,,,,,,,,,,,,,,,,,,,,,,,,,,,,,,,,,,,,,,,,,,,,,TN,,,,,,,,,,
autoland,3646670,2,6311658df04f8b9dab1d842cf1ddc69e83bd8127,linux64-qr,,False,,,102210fe594ee9b33d82058545b1ed14f4c8206e,num_static_constructors,compiler_metrics,True,compiler_metrics num_static_constructors opt valgrind,,77,,,,1813152678,2023-12-16 14:03:11,114.0,6d6d4867b0f48dce26d871d94c5f74f5a8ac6aaf,1349726,,,,,,,,,,,,,,,,,,,,,,,,,,,,,,,,,,,,,,,,,,,,,,,,,,TN,,,,,,,,,,
autoland,3646670,2,6311658df04f8b9dab1d842cf1ddc69e83bd8127,linux64-qr,,False,,,102210fe594ee9b33d82058545b1ed14f4c8206e,num_static_constructors,compiler_metrics,True,compiler_metrics num_static_constructors opt valgrind,,77,,,,1813324772,2023-12-17 06:27:55,114.0,2d19e1f44e562ba1bb3be1f4b8f95b9884d9b07d,1349827,,,,,,,,,,,,,,,,,,,,,,,,,,,,,,,,,,,,,,,,,,,,,,,,,,TN,,,,,,,,,,
autoland,3646670,2,6311658df04f8b9dab1d842cf1ddc69e83bd8127,linux64-qr,,False,,,102210fe594ee9b33d82058545b1ed14f4c8206e,num_static_constructors,compiler_metrics,True,compiler_metrics num_static_constructors opt valgrind,,77,,,,1813416865,2023-12-17 14:26:46,114.0,ab5e2f241728caa5dc020e829b1045df55247758,1349862,,,,,,,,,,,,,,,,,,,,,,,,,,,,,,,,,,,,,,,,,,,,,,,,,,TN,,,,,,,,,,
autoland,3646670,2,6311658df04f8b9dab1d842cf1ddc69e83bd8127,linux64-qr,,False,,,102210fe594ee9b33d82058545b1ed14f4c8206e,num_static_constructors,compiler_metrics,True,compiler_metrics num_static_constructors opt valgrind,,77,,,,1813463880,2023-12-17 19:54:53,114.0,196748365c175513e46aa25757f5916566273639,1349912,,,,,,,,,,,,,,,,,,,,,,,,,,,,,,,,,,,,,,,,,,,,,,,,,,TN,,,,,,,,,,
autoland,3646670,2,6311658df04f8b9dab1d842cf1ddc69e83bd8127,linux64-qr,,False,,,102210fe594ee9b33d82058545b1ed14f4c8206e,num_static_constructors,compiler_metrics,True,compiler_metrics num_static_constructors opt valgrind,,77,,,,1813513218,2023-12-18 01:43:16,114.0,b46057158b0694677a8174089de1cb8929d3116b,1349993,,,,,,,,,,,,,,,,,,,,,,,,,,,,,,,,,,,,,,,,,,,,,,,,,,TN,,,,,,,,,,
autoland,3646670,2,6311658df04f8b9dab1d842cf1ddc69e83bd8127,linux64-qr,,False,,,102210fe594ee9b33d82058545b1ed14f4c8206e,num_static_constructors,compiler_metrics,True,compiler_metrics num_static_constructors opt valgrind,,77,,,,1813549581,2023-12-18 05:48:57,114.0,1d2ed0b2947385e77bd609220eb0e453b44d4cb3,1350028,,,,,,,,,,,,,,,,,,,,,,,,,,,,,,,,,,,,,,,,,,,,,,,,,,TN,,,,,,,,,,
autoland,3646670,2,6311658df04f8b9dab1d842cf1ddc69e83bd8127,linux64-qr,,False,,,102210fe594ee9b33d82058545b1ed14f4c8206e,num_static_constructors,compiler_metrics,True,compiler_metrics num_static_constructors opt valgrind,,77,,,,1813623484,2023-12-18 10:08:52,114.0,1f7904968650806af8d68bbc64a717bac22df318,1350088,,,,,,,,,,,,,,,,,,,,,,,,,,,,,,,,,,,,,,,,,,,,,,,,,,TN,,,,,,,,,,
autoland,3646670,2,6311658df04f8b9dab1d842cf1ddc69e83bd8127,linux64-qr,,False,,,102210fe594ee9b33d82058545b1ed14f4c8206e,num_static_constructors,compiler_metrics,True,compiler_metrics num_static_constructors opt valgrind,,77,,,,1813625935,2023-12-18 10:23:12,114.0,ba2e5b5e061b5024cc487a16c7e553de9e5e8a2d,1350096,,,,,,,,,,,,,,,,,,,,,,,,,,,,,,,,,,,,,,,,,,,,,,,,,,TN,,,,,,,,,,
autoland,3646670,2,6311658df04f8b9dab1d842cf1ddc69e83bd8127,linux64-qr,,False,,,102210fe594ee9b33d82058545b1ed14f4c8206e,num_static_constructors,compiler_metrics,True,compiler_metrics num_static_constructors opt valgrind,,77,,,,1813728447,2023-12-18 14:56:17,114.0,8942476b2dcd0a89abfb3183ea577d611785e77e,1350212,,,,,,,,,,,,,,,,,,,,,,,,,,,,,,,,,,,,,,,,,,,,,,,,,,TN,,,,,,,,,,
autoland,3646670,2,6311658df04f8b9dab1d842cf1ddc69e83bd8127,linux64-qr,,False,,,102210fe594ee9b33d82058545b1ed14f4c8206e,num_static_constructors,compiler_metrics,True,compiler_metrics num_static_constructors opt valgrind,,77,,,,1813762284,2023-12-18 15:53:23,114.0,e409a860d27d9dbd962eb6568c1700e2aa2716aa,1350255,,,,,,,,,,,,,,,,,,,,,,,,,,,,,,,,,,,,,,,,,,,,,,,,,,TN,,,,,,,,,,
autoland,3646670,2,6311658df04f8b9dab1d842cf1ddc69e83bd8127,linux64-qr,,False,,,102210fe594ee9b33d82058545b1ed14f4c8206e,num_static_constructors,compiler_metrics,True,compiler_metrics num_static_constructors opt valgrind,,77,,,,1813804045,2023-12-18 16:51:11,114.0,31230de0b4b190ed3755db54e3298deb7fd1d6a0,1350285,,,,,,,,,,,,,,,,,,,,,,,,,,,,,,,,,,,,,,,,,,,,,,,,,,TN,,,,,,,,,,
autoland,3646670,2,6311658df04f8b9dab1d842cf1ddc69e83bd8127,linux64-qr,,False,,,102210fe594ee9b33d82058545b1ed14f4c8206e,num_static_constructors,compiler_metrics,True,compiler_metrics num_static_constructors opt valgrind,,77,,,,1813871815,2023-12-18 18:13:05,114.0,c909d207f316bf0512f63f8262872083353a6ef5,1350369,,,,,,,,,,,,,,,,,,,,,,,,,,,,,,,,,,,,,,,,,,,,,,,,,,TN,,,,,,,,,,
autoland,3646670,2,6311658df04f8b9dab1d842cf1ddc69e83bd8127,linux64-qr,,False,,,102210fe594ee9b33d82058545b1ed14f4c8206e,num_static_constructors,compiler_metrics,True,compiler_metrics num_static_constructors opt valgrind,,77,,,,1813958145,2023-12-18 20:36:29,113.0,9ddd1ccd47877f7983d81a926be01bc8503a34bb,1350508,,,,,,,,,,,,,,,,,,,,,,,,,,,,,,,,,,,,,,,,,,,,,,,,,,TN,,,,,,,,,,
autoland,3646670,2,6311658df04f8b9dab1d842cf1ddc69e83bd8127,linux64-qr,,False,,,102210fe594ee9b33d82058545b1ed14f4c8206e,num_static_constructors,compiler_metrics,True,compiler_metrics num_static_constructors opt valgrind,,77,,,,1814574434,2023-12-18 20:37:23,113.0,7e186e1a46085a53c7e5b80e45e88cee3daecb65,1350509,,,,,,,,,,,,,,,,,,,,,,,,,,,,,,,,,,,,,,,,,,,,,,,,,,TN,,,,,,,,,,
autoland,3646670,2,6311658df04f8b9dab1d842cf1ddc69e83bd8127,linux64-qr,,False,,,102210fe594ee9b33d82058545b1ed14f4c8206e,num_static_constructors,compiler_metrics,True,compiler_metrics num_static_constructors opt valgrind,,77,,,,1814574354,2023-12-18 20:38:34,113.0,20db9fbc57185f11f4ad7426c22e3b76a44bfbe0,1350512,,,,,,,,,,,,,,,,,,,,,,,,,,,,,,,,,,,,,,,,,,,,,,,,,,TN,,,,,,,,,,
autoland,3646670,2,6311658df04f8b9dab1d842cf1ddc69e83bd8127,linux64-qr,,False,,,102210fe594ee9b33d82058545b1ed14f4c8206e,num_static_constructors,compiler_metrics,True,compiler_metrics num_static_constructors opt valgrind,,77,,,,1814573434,2023-12-18 20:39:52,113.0,b2b8600532867fb9bc5323c0e30be4b4927a1327,1350513,,,,,,,,,,,,,,,,,,,,,,,,,,,,,,,,,,,,,,,,,,,,,,,,,,TN,,,,,,,,,,
autoland,3646670,2,6311658df04f8b9dab1d842cf1ddc69e83bd8127,linux64-qr,,False,,,102210fe594ee9b33d82058545b1ed14f4c8206e,num_static_constructors,compiler_metrics,True,compiler_metrics num_static_constructors opt valgrind,,77,,,,1814571363,2023-12-18 20:41:00,113.0,f28defeeb4ece0ed49c44b31bc1f86482f6dc9a2,1350514,,,,,,,,,,,,,,,,,,,,,,,,,,,,,,,,,,,,,,,,,,,,,,,,,,TN,,,,,,,,,,
autoland,3646670,2,6311658df04f8b9dab1d842cf1ddc69e83bd8127,linux64-qr,,False,,,102210fe594ee9b33d82058545b1ed14f4c8206e,num_static_constructors,compiler_metrics,True,compiler_metrics num_static_constructors opt valgrind,,77,,,,1814573171,2023-12-18 20:41:52,113.0,98cba9e72d8c58b5e2c719c401d2e70e8d8b660c,1350515,,,,,,,,,,,,,,,,,,,,,,,,,,,,,,,,,,,,,,,,,,,,,,,,,,TN,,,,,,,,,,
autoland,3646670,2,6311658df04f8b9dab1d842cf1ddc69e83bd8127,linux64-qr,,False,,,102210fe594ee9b33d82058545b1ed14f4c8206e,num_static_constructors,compiler_metrics,True,compiler_metrics num_static_constructors opt valgrind,,77,,,,1814571548,2023-12-18 20:42:45,113.0,986bbc7b49b1f3305c5ef9ba399e2e77ab574d47,1350516,,,,,,,,,,,,,,,,,,,,,,,,,,,,,,,,,,,,,,,,,,,,,,,,,,TN,,,,,,,,,,
autoland,3646670,2,6311658df04f8b9dab1d842cf1ddc69e83bd8127,linux64-qr,,False,,,102210fe594ee9b33d82058545b1ed14f4c8206e,num_static_constructors,compiler_metrics,True,compiler_metrics num_static_constructors opt valgrind,,77,,,,1814571930,2023-12-18 20:44:27,113.0,b2886b896d0d5c4316036f27c7bc2feef8b70191,1350518,,,,,,,,,,,,,,,,,,,,,,,,,,,,,,,,,,,,,,,,,,,,,,,,,,TN,,,,,,,,,,
autoland,3646670,2,6311658df04f8b9dab1d842cf1ddc69e83bd8127,linux64-qr,,False,,,102210fe594ee9b33d82058545b1ed14f4c8206e,num_static_constructors,compiler_metrics,True,compiler_metrics num_static_constructors opt valgrind,,77,,,,1814572084,2023-12-18 20:45:21,113.0,af35f266e8904fa4bc9d6f71a4165cfdb3060a0a,1350520,,,,,,,,,,,,,,,,,,,,,,,,,,,,,,,,,,,,,,,,,,,,,,,,,,TN,,,,,,,,,,
autoland,3646670,2,6311658df04f8b9dab1d842cf1ddc69e83bd8127,linux64-qr,,False,,,102210fe594ee9b33d82058545b1ed14f4c8206e,num_static_constructors,compiler_metrics,True,compiler_metrics num_static_constructors opt valgrind,,77,,,,1814571966,2023-12-18 20:46:22,113.0,a26f052a852d03afc792c5674600c97e5788736c,1350521,,,,,,,,,,,,,,,,,,,,,,,,,,,,,,,,,,,,,,,,,,,,,,,,,,TN,,,,,,,,,,
autoland,3646670,2,6311658df04f8b9dab1d842cf1ddc69e83bd8127,linux64-qr,,False,,,102210fe594ee9b33d82058545b1ed14f4c8206e,num_static_constructors,compiler_metrics,True,compiler_metrics num_static_constructors opt valgrind,,77,,,,1813961833,2023-12-18 20:47:25,113.0,593e78a41c38b062baab03b6280366f86d0d233c,1350523,,,,,,,,,,,,,,,,,,,,,,,,,,,,,,,,,,,,,,,,,,,,,,,,,,TN,,,,,,,,,,
autoland,3646670,2,6311658df04f8b9dab1d842cf1ddc69e83bd8127,linux64-qr,,False,,,102210fe594ee9b33d82058545b1ed14f4c8206e,num_static_constructors,compiler_metrics,True,compiler_metrics num_static_constructors opt valgrind,,77,,,,1814574848,2023-12-18 20:55:38,113.0,d89d2efafd8a6f8306d79429c632f84b7a95bd41,1350538,,,,,,,,,,,,,,,,,,,,,,,,,,,,,,,,,,,,,,,,,,,,,,,,,,TN,,,,,,,,,,
autoland,3646670,2,6311658df04f8b9dab1d842cf1ddc69e83bd8127,linux64-qr,,False,,,102210fe594ee9b33d82058545b1ed14f4c8206e,num_static_constructors,compiler_metrics,True,compiler_metrics num_static_constructors opt valgrind,,77,,,,1814571604,2023-12-18 21:29:02,113.0,f7f45db393fa229b346ce726568ad3ec5b074f31,1350559,,,,,,,,,,,,,,,,,,,,,,,,,,,,,,,,,,,,,,,,,,,,,,,,,,TN,,,,,,,,,,
autoland,3646670,2,6311658df04f8b9dab1d842cf1ddc69e83bd8127,linux64-qr,,False,,,102210fe594ee9b33d82058545b1ed14f4c8206e,num_static_constructors,compiler_metrics,True,compiler_metrics num_static_constructors opt valgrind,,77,,,,1814571262,2023-12-18 21:38:14,113.0,c8d71e52235d1475d651986e33ab1517280e207b,1350564,,,,,,,,,,,,,,,,,,,,,,,,,,,,,,,,,,,,,,,,,,,,,,,,,,TN,,,,,,,,,,
autoland,3646670,2,6311658df04f8b9dab1d842cf1ddc69e83bd8127,linux64-qr,,False,,,102210fe594ee9b33d82058545b1ed14f4c8206e,num_static_constructors,compiler_metrics,True,compiler_metrics num_static_constructors opt valgrind,,77,,,,1814573859,2023-12-18 21:38:14,113.0,c8d71e52235d1475d651986e33ab1517280e207b,1350564,,,,,,,,,,,,,,,,,,,,,,,,,,,,,,,,,,,,,,,,,,,,,,,,,,TN,,,,,,,,,,
autoland,3646670,2,6311658df04f8b9dab1d842cf1ddc69e83bd8127,linux64-qr,,False,,,102210fe594ee9b33d82058545b1ed14f4c8206e,num_static_constructors,compiler_metrics,True,compiler_metrics num_static_constructors opt valgrind,,77,,,,1814558869,2023-12-18 21:42:41,113.0,3b88f6cbf7dbba62cc5943bcbe0d7f71f1dbdec5,1350569,,,,,,,,,,,,,,,,,,,,,,,,,,,,,,,,,,,,,,,,,,,,,,,,,,TN,,,,,,,,,,
autoland,3646670,2,6311658df04f8b9dab1d842cf1ddc69e83bd8127,linux64-qr,,False,,,102210fe594ee9b33d82058545b1ed14f4c8206e,num_static_constructors,compiler_metrics,True,compiler_metrics num_static_constructors opt valgrind,,77,,,,1814571293,2023-12-18 21:42:41,113.0,3b88f6cbf7dbba62cc5943bcbe0d7f71f1dbdec5,1350569,,,,,,,,,,,,,,,,,,,,,,,,,,,,,,,,,,,,,,,,,,,,,,,,,,TN,,,,,,,,,,
autoland,3646670,2,6311658df04f8b9dab1d842cf1ddc69e83bd8127,linux64-qr,,False,,,102210fe594ee9b33d82058545b1ed14f4c8206e,num_static_constructors,compiler_metrics,True,compiler_metrics num_static_constructors opt valgrind,,77,,,,1814594073,2023-12-18 21:42:41,113.0,3b88f6cbf7dbba62cc5943bcbe0d7f71f1dbdec5,1350569,,,,,,,,,,,,,,,,,,,,,,,,,,,,,,,,,,,,,,,,,,,,,,,,,,TN,,,,,,,,,,
autoland,3646670,2,6311658df04f8b9dab1d842cf1ddc69e83bd8127,linux64-qr,,False,,,102210fe594ee9b33d82058545b1ed14f4c8206e,num_static_constructors,compiler_metrics,True,compiler_metrics num_static_constructors opt valgrind,,77,,,,1814571885,2023-12-18 21:44:36,113.0,6a3bba37bd224950a13d814c016233593d2f0459,1350570,,,,,,,,,,,,,,,,,,,,,,,,,,,,,,,,,,,,,,,,,,,,,,,,,,TN,,,,,,,,,,
autoland,3646670,2,6311658df04f8b9dab1d842cf1ddc69e83bd8127,linux64-qr,,False,,,102210fe594ee9b33d82058545b1ed14f4c8206e,num_static_constructors,compiler_metrics,True,compiler_metrics num_static_constructors opt valgrind,,77,,,,1814571417,2023-12-18 21:44:36,113.0,6a3bba37bd224950a13d814c016233593d2f0459,1350570,,,,,,,,,,,,,,,,,,,,,,,,,,,,,,,,,,,,,,,,,,,,,,,,,,TN,,,,,,,,,,
autoland,3646670,2,6311658df04f8b9dab1d842cf1ddc69e83bd8127,linux64-qr,,False,,,102210fe594ee9b33d82058545b1ed14f4c8206e,num_static_constructors,compiler_metrics,True,compiler_metrics num_static_constructors opt valgrind,,77,,,,1814589341,2023-12-18 22:16:56,113.0,ccc491dd327103b60951284685582a1b64d07c20,1350597,,,,,,,,,,,,,,,,,,,,,,,,,,,,,,,,,,,,,,,,,,,,,,,,,,TN,,,,,,,,,,
autoland,3646670,2,6311658df04f8b9dab1d842cf1ddc69e83bd8127,linux64-qr,,False,,,102210fe594ee9b33d82058545b1ed14f4c8206e,num_static_constructors,compiler_metrics,True,compiler_metrics num_static_constructors opt valgrind,,77,,,,1814571453,2023-12-18 22:51:54,113.0,6e8085865f7478edf08b000b6c1b72110eb93c4c,1350620,,,,,,,,,,,,,,,,,,,,,,,,,,,,,,,,,,,,,,,,,,,,,,,,,,TN,,,,,,,,,,
autoland,3646670,2,6311658df04f8b9dab1d842cf1ddc69e83bd8127,linux64-qr,,False,,,102210fe594ee9b33d82058545b1ed14f4c8206e,num_static_constructors,compiler_metrics,True,compiler_metrics num_static_constructors opt valgrind,,77,,,,1814573302,2023-12-18 22:52:49,113.0,f7761702bcbd95084f6c24cd595ca10a60221266,1350622,,,,,,,,,,,,,,,,,,,,,,,,,,,,,,,,,,,,,,,,,,,,,,,,,,TN,,,,,,,,,,
autoland,3646670,2,6311658df04f8b9dab1d842cf1ddc69e83bd8127,linux64-qr,,False,,,102210fe594ee9b33d82058545b1ed14f4c8206e,num_static_constructors,compiler_metrics,True,compiler_metrics num_static_constructors opt valgrind,,77,,,,1814572860,2023-12-18 22:53:43,113.0,1b4285ba4f41c1342e78686040511fc989f8f040,1350624,,,,,,,,,,,,,,,,,,,,,,,,,,,,,,,,,,,,,,,,,,,,,,,,,,TN,,,,,,,,,,
autoland,3646670,2,6311658df04f8b9dab1d842cf1ddc69e83bd8127,linux64-qr,,False,,,102210fe594ee9b33d82058545b1ed14f4c8206e,num_static_constructors,compiler_metrics,True,compiler_metrics num_static_constructors opt valgrind,,77,,,,1814597731,2023-12-18 22:53:43,113.0,1b4285ba4f41c1342e78686040511fc989f8f040,1350624,,,,,,,,,,,,,,,,,,,,,,,,,,,,,,,,,,,,,,,,,,,,,,,,,,TN,,,,,,,,,,
autoland,3646670,2,6311658df04f8b9dab1d842cf1ddc69e83bd8127,linux64-qr,,False,,,102210fe594ee9b33d82058545b1ed14f4c8206e,num_static_constructors,compiler_metrics,True,compiler_metrics num_static_constructors opt valgrind,,77,,,,1814031866,2023-12-18 23:00:00,117.0,67cef656eb4954a889931ff1b67f21d65a1937da,1350631,40707.0,1350631.0,1350523.0,2023-12-19T11:44:09.988800,2023-12-19T13:58:28.383862,2023-12-22T11:44:09.988800,autoland,2.0,185546.0,2.0,2.0,6311658df04f8b9dab1d842cf1ddc69e83bd8127,linux64-qr,num_static_constructors,compiler_metrics,True,False,102210fe594ee9b33d82058545b1ed14f4c8206e,,valgrind,,,,,,,,,,True,113.83,117.0,27.73,3.17,2.78,40707.0,40705.0,False,mozilla-ldap/afinder@mozilla.com,False,afinder@mozilla.com,"('[{""perf_datum_id"": 1813958145, ""value"": 113.0, ""job_id"": 440577659, ""push_id"": 1350508, ""push_timestamp"": ""2023-12-18T20:36:29"", ""push__revision"": ""9ddd1ccd47877f7983d81a926be01bc8503a34bb""}, {""perf_datum_id"": 1813961833, ""value"": 113.0, ""job_id"": 440579516, ""push_id"": 1350523, ""push_timestamp"": ""2023-12-18T20:47:25"", ""push__revision"": ""593e78a41c38b062baab03b6280366f86d0d233c""}, {""perf_datum_id"": 1814031866, ""value"": 117.0, ""job_id"": 440606418, ""push_id"": 1350631, ""push_timestamp"": ""2023-12-18T23:00:00"", ""push__revision"": ""67cef656eb4954a889931ff1b67f21d65a1937da""}, {""perf_datum_id"": 1814078921, ""value"": 117.0, ""job_id"": 440622713, ""push_id"": 1350633, ""push_timestamp"": ""2023-12-18T23:00:56"", ""push__revision"": ""20d9f6b14ee3f609f88e6c3fad944235df374591""}, {""perf_datum_id"": 1814079494, ""value"": 117.0, ""job_id"": 440622706, ""push_id"": 1350641, ""push_timestamp"": ""2023-12-18T23:09:31"", ""push__revision"": ""c4df67524141768b0dcf0e9e9aa31ef84a3acffc""}]',)","(3,)","(4,)","(0,)","(23,)","(0,)",OK,,SP,,2023-12-26T11:44:09.988800,,1.0,,1702940400.0,593e78a41c38b062baab03b6280366f86d0d233c,mozilla-ldap/afinder@mozilla.com,afinder@mozilla.com,
autoland,3646670,2,6311658df04f8b9dab1d842cf1ddc69e83bd8127,linux64-qr,,False,,,102210fe594ee9b33d82058545b1ed14f4c8206e,num_static_constructors,compiler_metrics,True,compiler_metrics num_static_constructors opt valgrind,,77,,,,1814077005,2023-12-18 23:00:00,117.0,67cef656eb4954a889931ff1b67f21d65a1937da,1350631,40707.0,1350631.0,1350523.0,2023-12-19T11:44:09.988800,2023-12-19T13:58:28.383862,2023-12-22T11:44:09.988800,autoland,2.0,185546.0,2.0,2.0,6311658df04f8b9dab1d842cf1ddc69e83bd8127,linux64-qr,num_static_constructors,compiler_metrics,True,False,102210fe594ee9b33d82058545b1ed14f4c8206e,,valgrind,,,,,,,,,,True,113.83,117.0,27.73,3.17,2.78,40707.0,40705.0,False,mozilla-ldap/afinder@mozilla.com,False,afinder@mozilla.com,"('[{""perf_datum_id"": 1813958145, ""value"": 113.0, ""job_id"": 440577659, ""push_id"": 1350508, ""push_timestamp"": ""2023-12-18T20:36:29"", ""push__revision"": ""9ddd1ccd47877f7983d81a926be01bc8503a34bb""}, {""perf_datum_id"": 1813961833, ""value"": 113.0, ""job_id"": 440579516, ""push_id"": 1350523, ""push_timestamp"": ""2023-12-18T20:47:25"", ""push__revision"": ""593e78a41c38b062baab03b6280366f86d0d233c""}, {""perf_datum_id"": 1814031866, ""value"": 117.0, ""job_id"": 440606418, ""push_id"": 1350631, ""push_timestamp"": ""2023-12-18T23:00:00"", ""push__revision"": ""67cef656eb4954a889931ff1b67f21d65a1937da""}, {""perf_datum_id"": 1814078921, ""value"": 117.0, ""job_id"": 440622713, ""push_id"": 1350633, ""push_timestamp"": ""2023-12-18T23:00:56"", ""push__revision"": ""20d9f6b14ee3f609f88e6c3fad944235df374591""}, {""perf_datum_id"": 1814079494, ""value"": 117.0, ""job_id"": 440622706, ""push_id"": 1350641, ""push_timestamp"": ""2023-12-18T23:09:31"", ""push__revision"": ""c4df67524141768b0dcf0e9e9aa31ef84a3acffc""}]',)","(3,)","(4,)","(0,)","(23,)","(0,)",OK,,SP,,2023-12-26T11:44:09.988800,,1.0,,1702940400.0,593e78a41c38b062baab03b6280366f86d0d233c,mozilla-ldap/afinder@mozilla.com,afinder@mozilla.com,
autoland,3646670,2,6311658df04f8b9dab1d842cf1ddc69e83bd8127,linux64-qr,,False,,,102210fe594ee9b33d82058545b1ed14f4c8206e,num_static_constructors,compiler_metrics,True,compiler_metrics num_static_constructors opt valgrind,,77,,,,1814078921,2023-12-18 23:00:56,117.0,20d9f6b14ee3f609f88e6c3fad944235df374591,1350633,,,,,,,,,,,,,,,,,,,,,,,,,,,,,,,,,,,,,,,,,,,,,,,,,,TN,,,,,,,,,,
autoland,3646670,2,6311658df04f8b9dab1d842cf1ddc69e83bd8127,linux64-qr,,False,,,102210fe594ee9b33d82058545b1ed14f4c8206e,num_static_constructors,compiler_metrics,True,compiler_metrics num_static_constructors opt valgrind,,77,,,,1814079494,2023-12-18 23:09:31,117.0,c4df67524141768b0dcf0e9e9aa31ef84a3acffc,1350641,,,,,,,,,,,,,,,,,,,,,,,,,,,,,,,,,,,,,,,,,,,,,,,,,,TN,,,,,,,,,,
autoland,3646670,2,6311658df04f8b9dab1d842cf1ddc69e83bd8127,linux64-qr,,False,,,102210fe594ee9b33d82058545b1ed14f4c8206e,num_static_constructors,compiler_metrics,True,compiler_metrics num_static_constructors opt valgrind,,77,,,,1814081579,2023-12-18 23:27:19,117.0,30210e0efac13b607b202977b3a837351b4fe3e5,1350656,,,,,,,,,,,,,,,,,,,,,,,,,,,,,,,,,,,,,,,,,,,,,,,,,,TN,,,,,,,,,,
autoland,3646670,2,6311658df04f8b9dab1d842cf1ddc69e83bd8127,linux64-qr,,False,,,102210fe594ee9b33d82058545b1ed14f4c8206e,num_static_constructors,compiler_metrics,True,compiler_metrics num_static_constructors opt valgrind,,77,,,,1814061584,2023-12-19 00:56:17,117.0,4bc62630a431fca569dfb1add5eee214dcdd091c,1350695,,,,,,,,,,,,,,,,,,,,,,,,,,,,,,,,,,,,,,,,,,,,,,,,,,TN,,,,,,,,,,
autoland,3646670,2,6311658df04f8b9dab1d842cf1ddc69e83bd8127,linux64-qr,,False,,,102210fe594ee9b33d82058545b1ed14f4c8206e,num_static_constructors,compiler_metrics,True,compiler_metrics num_static_constructors opt valgrind,,77,,,,1814064782,2023-12-19 00:56:17,117.0,4bc62630a431fca569dfb1add5eee214dcdd091c,1350695,,,,,,,,,,,,,,,,,,,,,,,,,,,,,,,,,,,,,,,,,,,,,,,,,,TN,,,,,,,,,,
autoland,3646670,2,6311658df04f8b9dab1d842cf1ddc69e83bd8127,linux64-qr,,False,,,102210fe594ee9b33d82058545b1ed14f4c8206e,num_static_constructors,compiler_metrics,True,compiler_metrics num_static_constructors opt valgrind,,77,,,,1814076045,2023-12-19 00:56:17,117.0,4bc62630a431fca569dfb1add5eee214dcdd091c,1350695,,,,,,,,,,,,,,,,,,,,,,,,,,,,,,,,,,,,,,,,,,,,,,,,,,TN,,,,,,,,,,
autoland,3646670,2,6311658df04f8b9dab1d842cf1ddc69e83bd8127,linux64-qr,,False,,,102210fe594ee9b33d82058545b1ed14f4c8206e,num_static_constructors,compiler_metrics,True,compiler_metrics num_static_constructors opt valgrind,,77,,,,1814101768,2023-12-19 02:00:57,117.0,7e32f178b02fef938f803492c4bfd6d897ffcb21,1350710,,,,,,,,,,,,,,,,,,,,,,,,,,,,,,,,,,,,,,,,,,,,,,,,,,TN,,,,,,,,,,
autoland,3646670,2,6311658df04f8b9dab1d842cf1ddc69e83bd8127,linux64-qr,,False,,,102210fe594ee9b33d82058545b1ed14f4c8206e,num_static_constructors,compiler_metrics,True,compiler_metrics num_static_constructors opt valgrind,,77,,,,1814161022,2023-12-19 06:19:40,117.0,05b607c3bbe6ca02e9133ecb969e033fd3d7959e,1350758,,,,,,,,,,,,,,,,,,,,,,,,,,,,,,,,,,,,,,,,,,,,,,,,,,TN,,,,,,,,,,
autoland,3646670,2,6311658df04f8b9dab1d842cf1ddc69e83bd8127,linux64-qr,,False,,,102210fe594ee9b33d82058545b1ed14f4c8206e,num_static_constructors,compiler_metrics,True,compiler_metrics num_static_constructors opt valgrind,,77,,,,1814225336,2023-12-19 09:51:00,117.0,85377c2af68cd055903f6b271e25a5c2ec6aa012,1350804,,,,,,,,,,,,,,,,,,,,,,,,,,,,,,,,,,,,,,,,,,,,,,,,,,TN,,,,,,,,,,
autoland,3646670,2,6311658df04f8b9dab1d842cf1ddc69e83bd8127,linux64-qr,,False,,,102210fe594ee9b33d82058545b1ed14f4c8206e,num_static_constructors,compiler_metrics,True,compiler_metrics num_static_constructors opt valgrind,,77,,,,1814244181,2023-12-19 10:31:52,117.0,8efb8cc3558006677c6d18fcf41c3445498e257c,1350823,,,,,,,,,,,,,,,,,,,,,,,,,,,,,,,,,,,,,,,,,,,,,,,,,,TN,,,,,,,,,,
autoland,3646670,2,6311658df04f8b9dab1d842cf1ddc69e83bd8127,linux64-qr,,False,,,102210fe594ee9b33d82058545b1ed14f4c8206e,num_static_constructors,compiler_metrics,True,compiler_metrics num_static_constructors opt valgrind,,77,,,,1814265416,2023-12-19 10:59:27,117.0,e382d15d709c00d2fc941c2d6e9344b826246c27,1350835,,,,,,,,,,,,,,,,,,,,,,,,,,,,,,,,,,,,,,,,,,,,,,,,,,TN,,,,,,,,,,
autoland,3646670,2,6311658df04f8b9dab1d842cf1ddc69e83bd8127,linux64-qr,,False,,,102210fe594ee9b33d82058545b1ed14f4c8206e,num_static_constructors,compiler_metrics,True,compiler_metrics num_static_constructors opt valgrind,,77,,,,1814417739,2023-12-19 15:05:00,117.0,58a9c7e82a58e7e951a669f0634901963c5ed696,1350969,,,,,,,,,,,,,,,,,,,,,,,,,,,,,,,,,,,,,,,,,,,,,,,,,,TN,,,,,,,,,,
autoland,3646670,2,6311658df04f8b9dab1d842cf1ddc69e83bd8127,linux64-qr,,False,,,102210fe594ee9b33d82058545b1ed14f4c8206e,num_static_constructors,compiler_metrics,True,compiler_metrics num_static_constructors opt valgrind,,77,,,,1814450568,2023-12-19 15:55:04,117.0,ffd610f5a3bc262042d0839f354a1cf0cc9d5dff,1351025,,,,,,,,,,,,,,,,,,,,,,,,,,,,,,,,,,,,,,,,,,,,,,,,,,TN,,,,,,,,,,
autoland,3646670,2,6311658df04f8b9dab1d842cf1ddc69e83bd8127,linux64-qr,,False,,,102210fe594ee9b33d82058545b1ed14f4c8206e,num_static_constructors,compiler_metrics,True,compiler_metrics num_static_constructors opt valgrind,,77,,,,1814534622,2023-12-19 18:04:58,117.0,05a5c9023d7935d61a97e220121c3b5dd9f32f7d,1351123,,,,,,,,,,,,,,,,,,,,,,,,,,,,,,,,,,,,,,,,,,,,,,,,,,TN,,,,,,,,,,
autoland,3646670,2,6311658df04f8b9dab1d842cf1ddc69e83bd8127,linux64-qr,,False,,,102210fe594ee9b33d82058545b1ed14f4c8206e,num_static_constructors,compiler_metrics,True,compiler_metrics num_static_constructors opt valgrind,,77,,,,1814595454,2023-12-19 20:21:31,117.0,b50326daf412a23a363c8ca18b03b1dcede121ff,1351238,,,,,,,,,,,,,,,,,,,,,,,,,,,,,,,,,,,,,,,,,,,,,,,,,,TN,,,,,,,,,,
autoland,3646670,2,6311658df04f8b9dab1d842cf1ddc69e83bd8127,linux64-qr,,False,,,102210fe594ee9b33d82058545b1ed14f4c8206e,num_static_constructors,compiler_metrics,True,compiler_metrics num_static_constructors opt valgrind,,77,,,,1814628391,2023-12-19 21:18:40,117.0,31eaa2b1cf1b61e0b8868c53cf6bdbfc14805942,1351276,,,,,,,,,,,,,,,,,,,,,,,,,,,,,,,,,,,,,,,,,,,,,,,,,,TN,,,,,,,,,,
autoland,3646670,2,6311658df04f8b9dab1d842cf1ddc69e83bd8127,linux64-qr,,False,,,102210fe594ee9b33d82058545b1ed14f4c8206e,num_static_constructors,compiler_metrics,True,compiler_metrics num_static_constructors opt valgrind,,77,,,,1814713370,2023-12-19 23:30:48,117.0,a63bafb44df0811c56c57b1fadd1c10261fd8c3e,1351365,,,,,,,,,,,,,,,,,,,,,,,,,,,,,,,,,,,,,,,,,,,,,,,,,,TN,,,,,,,,,,
autoland,3646670,2,6311658df04f8b9dab1d842cf1ddc69e83bd8127,linux64-qr,,False,,,102210fe594ee9b33d82058545b1ed14f4c8206e,num_static_constructors,compiler_metrics,True,compiler_metrics num_static_constructors opt valgrind,,77,,,,1814798530,2023-12-20 02:06:01,117.0,9ac6d461916454c17cd8c7dfc7f73401ef3da12a,1351432,,,,,,,,,,,,,,,,,,,,,,,,,,,,,,,,,,,,,,,,,,,,,,,,,,TN,,,,,,,,,,
autoland,3646670,2,6311658df04f8b9dab1d842cf1ddc69e83bd8127,linux64-qr,,False,,,102210fe594ee9b33d82058545b1ed14f4c8206e,num_static_constructors,compiler_metrics,True,compiler_metrics num_static_constructors opt valgrind,,77,,,,1814863866,2023-12-20 04:26:18,117.0,e3bf6261f6fc31e78c716c97399a60f6f575ebcd,1351473,,,,,,,,,,,,,,,,,,,,,,,,,,,,,,,,,,,,,,,,,,,,,,,,,,TN,,,,,,,,,,
autoland,3646670,2,6311658df04f8b9dab1d842cf1ddc69e83bd8127,linux64-qr,,False,,,102210fe594ee9b33d82058545b1ed14f4c8206e,num_static_constructors,compiler_metrics,True,compiler_metrics num_static_constructors opt valgrind,,77,,,,1814998867,2023-12-20 09:15:46,117.0,4d6eabdc6228d414c7043c4fabdddfd95a3afb0e,1351517,,,,,,,,,,,,,,,,,,,,,,,,,,,,,,,,,,,,,,,,,,,,,,,,,,TN,,,,,,,,,,
autoland,3646670,2,6311658df04f8b9dab1d842cf1ddc69e83bd8127,linux64-qr,,False,,,102210fe594ee9b33d82058545b1ed14f4c8206e,num_static_constructors,compiler_metrics,True,compiler_metrics num_static_constructors opt valgrind,,77,,,,1815050467,2023-12-20 10:40:14,117.0,085d99111847a3467e4b2f0bddb534b29a9e6c14,1351555,,,,,,,,,,,,,,,,,,,,,,,,,,,,,,,,,,,,,,,,,,,,,,,,,,TN,,,,,,,,,,
autoland,3646670,2,6311658df04f8b9dab1d842cf1ddc69e83bd8127,linux64-qr,,False,,,102210fe594ee9b33d82058545b1ed14f4c8206e,num_static_constructors,compiler_metrics,True,compiler_metrics num_static_constructors opt valgrind,,77,,,,1815128707,2023-12-20 13:10:00,117.0,97f2e0f6b821072bc498a3bc7921831eb6d10d38,1351639,,,,,,,,,,,,,,,,,,,,,,,,,,,,,,,,,,,,,,,,,,,,,,,,,,TN,,,,,,,,,,
autoland,3646670,2,6311658df04f8b9dab1d842cf1ddc69e83bd8127,linux64-qr,,False,,,102210fe594ee9b33d82058545b1ed14f4c8206e,num_static_constructors,compiler_metrics,True,compiler_metrics num_static_constructors opt valgrind,,77,,,,1815227928,2023-12-20 16:08:53,117.0,840545607fdc7ef3d49099d07b3f5d9e78eece5d,1351741,,,,,,,,,,,,,,,,,,,,,,,,,,,,,,,,,,,,,,,,,,,,,,,,,,TN,,,,,,,,,,
autoland,3646670,2,6311658df04f8b9dab1d842cf1ddc69e83bd8127,linux64-qr,,False,,,102210fe594ee9b33d82058545b1ed14f4c8206e,num_static_constructors,compiler_metrics,True,compiler_metrics num_static_constructors opt valgrind,,77,,,,1815278239,2023-12-20 17:43:19,117.0,c12f6936509f05b3caad77d4cb4b783a38761897,1351821,,,,,,,,,,,,,,,,,,,,,,,,,,,,,,,,,,,,,,,,,,,,,,,,,,TN,,,,,,,,,,
autoland,3646670,2,6311658df04f8b9dab1d842cf1ddc69e83bd8127,linux64-qr,,False,,,102210fe594ee9b33d82058545b1ed14f4c8206e,num_static_constructors,compiler_metrics,True,compiler_metrics num_static_constructors opt valgrind,,77,,,,1815331282,2023-12-20 19:23:46,117.0,ede008f65ded6409ee06a55d2b43c6b8c42cc852,1351887,,,,,,,,,,,,,,,,,,,,,,,,,,,,,,,,,,,,,,,,,,,,,,,,,,TN,,,,,,,,,,
autoland,3646670,2,6311658df04f8b9dab1d842cf1ddc69e83bd8127,linux64-qr,,False,,,102210fe594ee9b33d82058545b1ed14f4c8206e,num_static_constructors,compiler_metrics,True,compiler_metrics num_static_constructors opt valgrind,,77,,,,1815403129,2023-12-20 21:55:32,117.0,aa4d4fecaf969d49a7ecf2568e3dda25cd2a7f1d,1352017,,,,,,,,,,,,,,,,,,,,,,,,,,,,,,,,,,,,,,,,,,,,,,,,,,TN,,,,,,,,,,
autoland,3646670,2,6311658df04f8b9dab1d842cf1ddc69e83bd8127,linux64-qr,,False,,,102210fe594ee9b33d82058545b1ed14f4c8206e,num_static_constructors,compiler_metrics,True,compiler_metrics num_static_constructors opt valgrind,,77,,,,1815402193,2023-12-20 21:58:53,117.0,dfc7e32798343d88b72708bf68fc966d1e088330,1352020,,,,,,,,,,,,,,,,,,,,,,,,,,,,,,,,,,,,,,,,,,,,,,,,,,TN,,,,,,,,,,
autoland,3646670,2,6311658df04f8b9dab1d842cf1ddc69e83bd8127,linux64-qr,,False,,,102210fe594ee9b33d82058545b1ed14f4c8206e,num_static_constructors,compiler_metrics,True,compiler_metrics num_static_constructors opt valgrind,,77,,,,1815500693,2023-12-21 00:52:36,117.0,8319ba83d9cbf2391b4adc5845b12676099796b5,1352096,,,,,,,,,,,,,,,,,,,,,,,,,,,,,,,,,,,,,,,,,,,,,,,,,,TN,,,,,,,,,,
autoland,3646670,2,6311658df04f8b9dab1d842cf1ddc69e83bd8127,linux64-qr,,False,,,102210fe594ee9b33d82058545b1ed14f4c8206e,num_static_constructors,compiler_metrics,True,compiler_metrics num_static_constructors opt valgrind,,77,,,,1815544084,2023-12-21 03:06:09,117.0,37657c7691664026e54babf7d1cf608fe58a92fb,1352135,,,,,,,,,,,,,,,,,,,,,,,,,,,,,,,,,,,,,,,,,,,,,,,,,,TN,,,,,,,,,,
autoland,3646670,2,6311658df04f8b9dab1d842cf1ddc69e83bd8127,linux64-qr,,False,,,102210fe594ee9b33d82058545b1ed14f4c8206e,num_static_constructors,compiler_metrics,True,compiler_metrics num_static_constructors opt valgrind,,77,,,,1815625595,2023-12-21 06:56:11,117.0,2339ef37f5863c45acf6280581ec0994b40f11d5,1352164,,,,,,,,,,,,,,,,,,,,,,,,,,,,,,,,,,,,,,,,,,,,,,,,,,TN,,,,,,,,,,
autoland,3646670,2,6311658df04f8b9dab1d842cf1ddc69e83bd8127,linux64-qr,,False,,,102210fe594ee9b33d82058545b1ed14f4c8206e,num_static_constructors,compiler_metrics,True,compiler_metrics num_static_constructors opt valgrind,,77,,,,1815693666,2023-12-21 10:17:14,117.0,6d0afcf31e454354a46b3500d29488d849ec5582,1352220,,,,,,,,,,,,,,,,,,,,,,,,,,,,,,,,,,,,,,,,,,,,,,,,,,TN,,,,,,,,,,
autoland,3646670,2,6311658df04f8b9dab1d842cf1ddc69e83bd8127,linux64-qr,,False,,,102210fe594ee9b33d82058545b1ed14f4c8206e,num_static_constructors,compiler_metrics,True,compiler_metrics num_static_constructors opt valgrind,,77,,,,1815728250,2023-12-21 11:39:11,117.0,5e551f2bacc3d6a8294dcb0273e8299cf7a17e2d,1352265,,,,,,,,,,,,,,,,,,,,,,,,,,,,,,,,,,,,,,,,,,,,,,,,,,TN,,,,,,,,,,
autoland,3646670,2,6311658df04f8b9dab1d842cf1ddc69e83bd8127,linux64-qr,,False,,,102210fe594ee9b33d82058545b1ed14f4c8206e,num_static_constructors,compiler_metrics,True,compiler_metrics num_static_constructors opt valgrind,,77,,,,1815775788,2023-12-21 13:05:54,117.0,8b474eeffbe09d0e5e30675fa595293863b0db34,1352315,,,,,,,,,,,,,,,,,,,,,,,,,,,,,,,,,,,,,,,,,,,,,,,,,,TN,,,,,,,,,,
autoland,3646670,2,6311658df04f8b9dab1d842cf1ddc69e83bd8127,linux64-qr,,False,,,102210fe594ee9b33d82058545b1ed14f4c8206e,num_static_constructors,compiler_metrics,True,compiler_metrics num_static_constructors opt valgrind,,77,,,,1815860537,2023-12-21 15:49:14,117.0,433e82386c67d75129933c61174453099debe3f3,1352377,,,,,,,,,,,,,,,,,,,,,,,,,,,,,,,,,,,,,,,,,,,,,,,,,,TN,,,,,,,,,,
autoland,3646670,2,6311658df04f8b9dab1d842cf1ddc69e83bd8127,linux64-qr,,False,,,102210fe594ee9b33d82058545b1ed14f4c8206e,num_static_constructors,compiler_metrics,True,compiler_metrics num_static_constructors opt valgrind,,77,,,,1815893566,2023-12-21 15:49:14,117.0,433e82386c67d75129933c61174453099debe3f3,1352377,,,,,,,,,,,,,,,,,,,,,,,,,,,,,,,,,,,,,,,,,,,,,,,,,,TN,,,,,,,,,,
autoland,3646670,2,6311658df04f8b9dab1d842cf1ddc69e83bd8127,linux64-qr,,False,,,102210fe594ee9b33d82058545b1ed14f4c8206e,num_static_constructors,compiler_metrics,True,compiler_metrics num_static_constructors opt valgrind,,77,,,,1815972334,2023-12-21 18:00:27,117.0,e685307ecb90f0e91ef9f3781b3614b7308384b9,1352454,,,,,,,,,,,,,,,,,,,,,,,,,,,,,,,,,,,,,,,,,,,,,,,,,,TN,,,,,,,,,,
autoland,3646670,2,6311658df04f8b9dab1d842cf1ddc69e83bd8127,linux64-qr,,False,,,102210fe594ee9b33d82058545b1ed14f4c8206e,num_static_constructors,compiler_metrics,True,compiler_metrics num_static_constructors opt valgrind,,77,,,,1815957832,2023-12-21 18:17:05,117.0,14c89fd054c7ac54bac01a4fcb619d5dff3cc6ef,1352468,,,,,,,,,,,,,,,,,,,,,,,,,,,,,,,,,,,,,,,,,,,,,,,,,,TN,,,,,,,,,,
autoland,3646670,2,6311658df04f8b9dab1d842cf1ddc69e83bd8127,linux64-qr,,False,,,102210fe594ee9b33d82058545b1ed14f4c8206e,num_static_constructors,compiler_metrics,True,compiler_metrics num_static_constructors opt valgrind,,77,,,,1816010381,2023-12-21 18:17:05,117.0,14c89fd054c7ac54bac01a4fcb619d5dff3cc6ef,1352468,,,,,,,,,,,,,,,,,,,,,,,,,,,,,,,,,,,,,,,,,,,,,,,,,,TN,,,,,,,,,,
autoland,3646670,2,6311658df04f8b9dab1d842cf1ddc69e83bd8127,linux64-qr,,False,,,102210fe594ee9b33d82058545b1ed14f4c8206e,num_static_constructors,compiler_metrics,True,compiler_metrics num_static_constructors opt valgrind,,77,,,,1816039965,2023-12-21 19:51:54,117.0,b2d838cca6bdf1895a0bd7c3c9a221e2a78b4018,1352566,,,,,,,,,,,,,,,,,,,,,,,,,,,,,,,,,,,,,,,,,,,,,,,,,,TN,,,,,,,,,,
autoland,3646670,2,6311658df04f8b9dab1d842cf1ddc69e83bd8127,linux64-qr,,False,,,102210fe594ee9b33d82058545b1ed14f4c8206e,num_static_constructors,compiler_metrics,True,compiler_metrics num_static_constructors opt valgrind,,77,,,,1816107638,2023-12-21 22:08:07,117.0,e20257bfa3ef6e394b6669c19aa1a165ee73fefa,1352650,,,,,,,,,,,,,,,,,,,,,,,,,,,,,,,,,,,,,,,,,,,,,,,,,,TN,,,,,,,,,,
autoland,3646670,2,6311658df04f8b9dab1d842cf1ddc69e83bd8127,linux64-qr,,False,,,102210fe594ee9b33d82058545b1ed14f4c8206e,num_static_constructors,compiler_metrics,True,compiler_metrics num_static_constructors opt valgrind,,77,,,,1816189888,2023-12-22 04:36:13,117.0,8481bdfea5c4928f6a126d23e2f54a91d5749428,1352747,,,,,,,,,,,,,,,,,,,,,,,,,,,,,,,,,,,,,,,,,,,,,,,,,,TN,,,,,,,,,,
autoland,3646670,2,6311658df04f8b9dab1d842cf1ddc69e83bd8127,linux64-qr,,False,,,102210fe594ee9b33d82058545b1ed14f4c8206e,num_static_constructors,compiler_metrics,True,compiler_metrics num_static_constructors opt valgrind,,77,,,,1816217861,2023-12-22 08:16:59,117.0,6814c9419790a8ee7c93cac282a82a11d93d16ba,1352807,,,,,,,,,,,,,,,,,,,,,,,,,,,,,,,,,,,,,,,,,,,,,,,,,,TN,,,,,,,,,,
autoland,3646670,2,6311658df04f8b9dab1d842cf1ddc69e83bd8127,linux64-qr,,False,,,102210fe594ee9b33d82058545b1ed14f4c8206e,num_static_constructors,compiler_metrics,True,compiler_metrics num_static_constructors opt valgrind,,77,,,,1816319669,2023-12-22 13:33:45,117.0,3189af86c93aef59c4fc9363b40f92eb4ef0358f,1352859,,,,,,,,,,,,,,,,,,,,,,,,,,,,,,,,,,,,,,,,,,,,,,,,,,TN,,,,,,,,,,
autoland,3646670,2,6311658df04f8b9dab1d842cf1ddc69e83bd8127,linux64-qr,,False,,,102210fe594ee9b33d82058545b1ed14f4c8206e,num_static_constructors,compiler_metrics,True,compiler_metrics num_static_constructors opt valgrind,,77,,,,1816320112,2023-12-22 13:41:08,117.0,8cd1fc9da2b45034679cc880c08d91e84d8e9516,1352862,,,,,,,,,,,,,,,,,,,,,,,,,,,,,,,,,,,,,,,,,,,,,,,,,,TN,,,,,,,,,,
autoland,3646670,2,6311658df04f8b9dab1d842cf1ddc69e83bd8127,linux64-qr,,False,,,102210fe594ee9b33d82058545b1ed14f4c8206e,num_static_constructors,compiler_metrics,True,compiler_metrics num_static_constructors opt valgrind,,77,,,,1816400354,2023-12-22 17:11:52,117.0,a64d343d6e8bf83501a4c79da8e63c9248a5ff0e,1352966,,,,,,,,,,,,,,,,,,,,,,,,,,,,,,,,,,,,,,,,,,,,,,,,,,TN,,,,,,,,,,
autoland,3646670,2,6311658df04f8b9dab1d842cf1ddc69e83bd8127,linux64-qr,,False,,,102210fe594ee9b33d82058545b1ed14f4c8206e,num_static_constructors,compiler_metrics,True,compiler_metrics num_static_constructors opt valgrind,,77,,,,1816410985,2023-12-22 18:00:29,117.0,576e61e3970b803be63455fa2dc84a5eb0642be4,1352993,,,,,,,,,,,,,,,,,,,,,,,,,,,,,,,,,,,,,,,,,,,,,,,,,,TN,,,,,,,,,,
autoland,3646670,2,6311658df04f8b9dab1d842cf1ddc69e83bd8127,linux64-qr,,False,,,102210fe594ee9b33d82058545b1ed14f4c8206e,num_static_constructors,compiler_metrics,True,compiler_metrics num_static_constructors opt valgrind,,77,,,,1816445641,2023-12-22 19:27:05,117.0,ac9f813bbc0f39b5e52be4229972795f2ca6309b,1353028,,,,,,,,,,,,,,,,,,,,,,,,,,,,,,,,,,,,,,,,,,,,,,,,,,TN,,,,,,,,,,
autoland,3646670,2,6311658df04f8b9dab1d842cf1ddc69e83bd8127,linux64-qr,,False,,,102210fe594ee9b33d82058545b1ed14f4c8206e,num_static_constructors,compiler_metrics,True,compiler_metrics num_static_constructors opt valgrind,,77,,,,1816533880,2023-12-22 22:45:46,117.0,e5bb9cc6a82a62a1e7296f15b1393f3de4a2ddf9,1353139,,,,,,,,,,,,,,,,,,,,,,,,,,,,,,,,,,,,,,,,,,,,,,,,,,TN,,,,,,,,,,
autoland,3646670,2,6311658df04f8b9dab1d842cf1ddc69e83bd8127,linux64-qr,,False,,,102210fe594ee9b33d82058545b1ed14f4c8206e,num_static_constructors,compiler_metrics,True,compiler_metrics num_static_constructors opt valgrind,,77,,,,1816572756,2023-12-23 00:08:27,117.0,58581f618255e51b846d0792b6abc3e5c2c67d51,1353154,,,,,,,,,,,,,,,,,,,,,,,,,,,,,,,,,,,,,,,,,,,,,,,,,,TN,,,,,,,,,,
autoland,3646670,2,6311658df04f8b9dab1d842cf1ddc69e83bd8127,linux64-qr,,False,,,102210fe594ee9b33d82058545b1ed14f4c8206e,num_static_constructors,compiler_metrics,True,compiler_metrics num_static_constructors opt valgrind,,77,,,,1816628062,2023-12-23 05:47:03,117.0,8b92fb4e3f41d856629818bd2ecfc25bed23a643,1353193,,,,,,,,,,,,,,,,,,,,,,,,,,,,,,,,,,,,,,,,,,,,,,,,,,TN,,,,,,,,,,
autoland,3646670,2,6311658df04f8b9dab1d842cf1ddc69e83bd8127,linux64-qr,,False,,,102210fe594ee9b33d82058545b1ed14f4c8206e,num_static_constructors,compiler_metrics,True,compiler_metrics num_static_constructors opt valgrind,,77,,,,1816656683,2023-12-23 08:44:57,117.0,6f7de1b98becd7269380a213d3eff367b81efe72,1353213,,,,,,,,,,,,,,,,,,,,,,,,,,,,,,,,,,,,,,,,,,,,,,,,,,TN,,,,,,,,,,
autoland,3646670,2,6311658df04f8b9dab1d842cf1ddc69e83bd8127,linux64-qr,,False,,,102210fe594ee9b33d82058545b1ed14f4c8206e,num_static_constructors,compiler_metrics,True,compiler_metrics num_static_constructors opt valgrind,,77,,,,1816755010,2023-12-23 15:53:06,117.0,e6f85355d2f352d6bc64a11372bc8efc1ced07b8,1353251,,,,,,,,,,,,,,,,,,,,,,,,,,,,,,,,,,,,,,,,,,,,,,,,,,TN,,,,,,,,,,
autoland,3646670,2,6311658df04f8b9dab1d842cf1ddc69e83bd8127,linux64-qr,,False,,,102210fe594ee9b33d82058545b1ed14f4c8206e,num_static_constructors,compiler_metrics,True,compiler_metrics num_static_constructors opt valgrind,,77,,,,1816826958,2023-12-24 06:04:04,117.0,0f896a4a54629904c55cc5e18aa1f6e387c9a697,1353282,,,,,,,,,,,,,,,,,,,,,,,,,,,,,,,,,,,,,,,,,,,,,,,,,,TN,,,,,,,,,,
autoland,3646670,2,6311658df04f8b9dab1d842cf1ddc69e83bd8127,linux64-qr,,False,,,102210fe594ee9b33d82058545b1ed14f4c8206e,num_static_constructors,compiler_metrics,True,compiler_metrics num_static_constructors opt valgrind,,77,,,,1816908228,2023-12-24 13:46:59,117.0,a15215077df33152e936203ec411ea07343a3f36,1353302,,,,,,,,,,,,,,,,,,,,,,,,,,,,,,,,,,,,,,,,,,,,,,,,,,TN,,,,,,,,,,
autoland,3646670,2,6311658df04f8b9dab1d842cf1ddc69e83bd8127,linux64-qr,,False,,,102210fe594ee9b33d82058545b1ed14f4c8206e,num_static_constructors,compiler_metrics,True,compiler_metrics num_static_constructors opt valgrind,,77,,,,1816912415,2023-12-24 14:11:09,117.0,c9c96626bcae95ca53503b8888875ac82e0f3308,1353306,,,,,,,,,,,,,,,,,,,,,,,,,,,,,,,,,,,,,,,,,,,,,,,,,,TN,,,,,,,,,,
autoland,3646670,2,6311658df04f8b9dab1d842cf1ddc69e83bd8127,linux64-qr,,False,,,102210fe594ee9b33d82058545b1ed14f4c8206e,num_static_constructors,compiler_metrics,True,compiler_metrics num_static_constructors opt valgrind,,77,,,,1816953990,2023-12-24 18:13:48,117.0,65471d13c8aaa5b3c5aa872ca12360b7f26ad6e0,1353317,,,,,,,,,,,,,,,,,,,,,,,,,,,,,,,,,,,,,,,,,,,,,,,,,,TN,,,,,,,,,,
autoland,3646670,2,6311658df04f8b9dab1d842cf1ddc69e83bd8127,linux64-qr,,False,,,102210fe594ee9b33d82058545b1ed14f4c8206e,num_static_constructors,compiler_metrics,True,compiler_metrics num_static_constructors opt valgrind,,77,,,,1817024536,2023-12-25 01:21:58,117.0,29784c387017c900dc842f070d5cd88464dfc494,1353335,,,,,,,,,,,,,,,,,,,,,,,,,,,,,,,,,,,,,,,,,,,,,,,,,,TN,,,,,,,,,,
autoland,3646670,2,6311658df04f8b9dab1d842cf1ddc69e83bd8127,linux64-qr,,False,,,102210fe594ee9b33d82058545b1ed14f4c8206e,num_static_constructors,compiler_metrics,True,compiler_metrics num_static_constructors opt valgrind,,77,,,,1817069961,2023-12-25 05:53:22,117.0,f69f493b2f3cde5ef4b46b9675cfd4708287666e,1353343,,,,,,,,,,,,,,,,,,,,,,,,,,,,,,,,,,,,,,,,,,,,,,,,,,TN,,,,,,,,,,
autoland,3646670,2,6311658df04f8b9dab1d842cf1ddc69e83bd8127,linux64-qr,,False,,,102210fe594ee9b33d82058545b1ed14f4c8206e,num_static_constructors,compiler_metrics,True,compiler_metrics num_static_constructors opt valgrind,,77,,,,1817159417,2023-12-25 12:57:04,117.0,b9600c5aa59e300200656691d1f1997593caafbd,1353372,,,,,,,,,,,,,,,,,,,,,,,,,,,,,,,,,,,,,,,,,,,,,,,,,,TN,,,,,,,,,,
autoland,3646670,2,6311658df04f8b9dab1d842cf1ddc69e83bd8127,linux64-qr,,False,,,102210fe594ee9b33d82058545b1ed14f4c8206e,num_static_constructors,compiler_metrics,True,compiler_metrics num_static_constructors opt valgrind,,77,,,,1817187305,2023-12-25 17:10:06,117.0,fdd85a789550f85e20e7b7128f2b3316cbc76640,1353386,,,,,,,,,,,,,,,,,,,,,,,,,,,,,,,,,,,,,,,,,,,,,,,,,,TN,,,,,,,,,,
autoland,3646670,2,6311658df04f8b9dab1d842cf1ddc69e83bd8127,linux64-qr,,False,,,102210fe594ee9b33d82058545b1ed14f4c8206e,num_static_constructors,compiler_metrics,True,compiler_metrics num_static_constructors opt valgrind,,77,,,,1817215198,2023-12-25 21:32:12,117.0,ba6abbd36b496501cea141e17b61af674a18e279,1353402,,,,,,,,,,,,,,,,,,,,,,,,,,,,,,,,,,,,,,,,,,,,,,,,,,TN,,,,,,,,,,
autoland,3646670,2,6311658df04f8b9dab1d842cf1ddc69e83bd8127,linux64-qr,,False,,,102210fe594ee9b33d82058545b1ed14f4c8206e,num_static_constructors,compiler_metrics,True,compiler_metrics num_static_constructors opt valgrind,,77,,,441387565.0,1817277454,2023-12-26 03:31:03,117.0,280c0b4dd9140984e6177c89f5858ceac6ae0107,1353431,,,,,,,,,,,,,,,,,,,,,,,,,,,,,,,,,,,,,,,,,,,,,,,,,,TN,,,,,,,,,,
autoland,3646670,2,6311658df04f8b9dab1d842cf1ddc69e83bd8127,linux64-qr,,False,,,102210fe594ee9b33d82058545b1ed14f4c8206e,num_static_constructors,compiler_metrics,True,compiler_metrics num_static_constructors opt valgrind,,77,,,441393128.0,1817330430,2023-12-26 07:50:55,117.0,7503b1d6a430d23303b6ec356b3388951a1eca83,1353461,,,,,,,,,,,,,,,,,,,,,,,,,,,,,,,,,,,,,,,,,,,,,,,,,,TN,,,,,,,,,,
autoland,3646670,2,6311658df04f8b9dab1d842cf1ddc69e83bd8127,linux64-qr,,False,,,102210fe594ee9b33d82058545b1ed14f4c8206e,num_static_constructors,compiler_metrics,True,compiler_metrics num_static_constructors opt valgrind,,77,,,441412486.0,1817433523,2023-12-26 11:52:29,117.0,807f04c86e5d02f04afa662ade3d505a80a4f660,1353488,,,,,,,,,,,,,,,,,,,,,,,,,,,,,,,,,,,,,,,,,,,,,,,,,,TN,,,,,,,,,,
autoland,3646670,2,6311658df04f8b9dab1d842cf1ddc69e83bd8127,linux64-qr,,False,,,102210fe594ee9b33d82058545b1ed14f4c8206e,num_static_constructors,compiler_metrics,True,compiler_metrics num_static_constructors opt valgrind,,77,,,441446966.0,1817536118,2023-12-27 02:56:18,117.0,6d9a0abd0a3c26f4337aff723c15795fe91fe884,1353555,,,,,,,,,,,,,,,,,,,,,,,,,,,,,,,,,,,,,,,,,,,,,,,,,,TN,,,,,,,,,,
autoland,3646670,2,6311658df04f8b9dab1d842cf1ddc69e83bd8127,linux64-qr,,False,,,102210fe594ee9b33d82058545b1ed14f4c8206e,num_static_constructors,compiler_metrics,True,compiler_metrics num_static_constructors opt valgrind,,77,,,441485852.0,1817718993,2023-12-27 14:58:54,117.0,856e86584c4c811f064f93e2b734dd374c787eaf,1353654,,,,,,,,,,,,,,,,,,,,,,,,,,,,,,,,,,,,,,,,,,,,,,,,,,TN,,,,,,,,,,
autoland,3646670,2,6311658df04f8b9dab1d842cf1ddc69e83bd8127,linux64-qr,,False,,,102210fe594ee9b33d82058545b1ed14f4c8206e,num_static_constructors,compiler_metrics,True,compiler_metrics num_static_constructors opt valgrind,,77,,,441498956.0,1817800297,2023-12-27 20:22:55,117.0,97a27d8a860d5bd8ab2962d2f0e5e376287e527c,1353722,,,,,,,,,,,,,,,,,,,,,,,,,,,,,,,,,,,,,,,,,,,,,,,,,,TN,,,,,,,,,,
autoland,3646670,2,6311658df04f8b9dab1d842cf1ddc69e83bd8127,linux64-qr,,False,,,102210fe594ee9b33d82058545b1ed14f4c8206e,num_static_constructors,compiler_metrics,True,compiler_metrics num_static_constructors opt valgrind,,77,,,441522262.0,1817886013,2023-12-28 01:36:38,117.0,00fe06571a66e6773ca7801e6747493299cf4bda,1353793,,,,,,,,,,,,,,,,,,,,,,,,,,,,,,,,,,,,,,,,,,,,,,,,,,TN,,,,,,,,,,
autoland,3646670,2,6311658df04f8b9dab1d842cf1ddc69e83bd8127,linux64-qr,,False,,,102210fe594ee9b33d82058545b1ed14f4c8206e,num_static_constructors,compiler_metrics,True,compiler_metrics num_static_constructors opt valgrind,,77,,,441531404.0,1817920898,2023-12-28 04:47:48,117.0,671efa7a42d50ce5f37e0d068a75898221ce0c75,1353810,,,,,,,,,,,,,,,,,,,,,,,,,,,,,,,,,,,,,,,,,,,,,,,,,,TN,,,,,,,,,,
autoland,3646670,2,6311658df04f8b9dab1d842cf1ddc69e83bd8127,linux64-qr,,False,,,102210fe594ee9b33d82058545b1ed14f4c8206e,num_static_constructors,compiler_metrics,True,compiler_metrics num_static_constructors opt valgrind,,77,,,441547295.0,1817990440,2023-12-28 13:32:35,117.0,10aa7423789835a7dbd24b0b44ad1ae2ad77b59b,1353834,,,,,,,,,,,,,,,,,,,,,,,,,,,,,,,,,,,,,,,,,,,,,,,,,,TN,,,,,,,,,,
autoland,3646670,2,6311658df04f8b9dab1d842cf1ddc69e83bd8127,linux64-qr,,False,,,102210fe594ee9b33d82058545b1ed14f4c8206e,num_static_constructors,compiler_metrics,True,compiler_metrics num_static_constructors opt valgrind,,77,,,441561483.0,1818130451,2023-12-28 17:48:27,117.0,659e4e8345823ce8331b67df6c3865b76063e2c2,1353939,,,,,,,,,,,,,,,,,,,,,,,,,,,,,,,,,,,,,,,,,,,,,,,,,,TN,,,,,,,,,,
autoland,3646670,2,6311658df04f8b9dab1d842cf1ddc69e83bd8127,linux64-qr,,False,,,102210fe594ee9b33d82058545b1ed14f4c8206e,num_static_constructors,compiler_metrics,True,compiler_metrics num_static_constructors opt valgrind,,77,,,441590170.0,1818240142,2023-12-28 23:04:44,117.0,0bd8678e10b6f0eb1d7e16cfe010ca8856e2bfcc,1354003,,,,,,,,,,,,,,,,,,,,,,,,,,,,,,,,,,,,,,,,,,,,,,,,,,TN,,,,,,,,,,
autoland,3646670,2,6311658df04f8b9dab1d842cf1ddc69e83bd8127,linux64-qr,,False,,,102210fe594ee9b33d82058545b1ed14f4c8206e,num_static_constructors,compiler_metrics,True,compiler_metrics num_static_constructors opt valgrind,,77,,,441608914.0,1818318046,2023-12-29 05:51:26,117.0,25b973ec90316da3daa35b031e4a4e089d70443a,1354078,,,,,,,,,,,,,,,,,,,,,,,,,,,,,,,,,,,,,,,,,,,,,,,,,,TN,,,,,,,,,,
autoland,3646670,2,6311658df04f8b9dab1d842cf1ddc69e83bd8127,linux64-qr,,False,,,102210fe594ee9b33d82058545b1ed14f4c8206e,num_static_constructors,compiler_metrics,True,compiler_metrics num_static_constructors opt valgrind,,77,,,441655274.0,1818475134,2023-12-29 14:24:04,117.0,4d00abb11b573ff386a9f02816ff81f2030e6dfe,1354164,,,,,,,,,,,,,,,,,,,,,,,,,,,,,,,,,,,,,,,,,,,,,,,,,,TN,,,,,,,,,,
autoland,3646670,2,6311658df04f8b9dab1d842cf1ddc69e83bd8127,linux64-qr,,False,,,102210fe594ee9b33d82058545b1ed14f4c8206e,num_static_constructors,compiler_metrics,True,compiler_metrics num_static_constructors opt valgrind,,77,,,441662719.0,1818504300,2023-12-29 16:09:29,117.0,52b5c5b51719976906d668db1cd59b2b49315565,1354179,,,,,,,,,,,,,,,,,,,,,,,,,,,,,,,,,,,,,,,,,,,,,,,,,,TN,,,,,,,,,,
autoland,3646670,2,6311658df04f8b9dab1d842cf1ddc69e83bd8127,linux64-qr,,False,,,102210fe594ee9b33d82058545b1ed14f4c8206e,num_static_constructors,compiler_metrics,True,compiler_metrics num_static_constructors opt valgrind,,77,,,441686663.0,1818580812,2023-12-29 20:10:09,117.0,8d822c618985176a1d4ebc4eedcd5a388e798418,1354279,,,,,,,,,,,,,,,,,,,,,,,,,,,,,,,,,,,,,,,,,,,,,,,,,,TN,,,,,,,,,,
autoland,3646670,2,6311658df04f8b9dab1d842cf1ddc69e83bd8127,linux64-qr,,False,,,102210fe594ee9b33d82058545b1ed14f4c8206e,num_static_constructors,compiler_metrics,True,compiler_metrics num_static_constructors opt valgrind,,77,,,441701628.0,1818646369,2023-12-30 03:46:41,117.0,15c3c77f07b45a04b27a42ab403aadaaed857fff,1354316,,,,,,,,,,,,,,,,,,,,,,,,,,,,,,,,,,,,,,,,,,,,,,,,,,TN,,,,,,,,,,
autoland,3646670,2,6311658df04f8b9dab1d842cf1ddc69e83bd8127,linux64-qr,,False,,,102210fe594ee9b33d82058545b1ed14f4c8206e,num_static_constructors,compiler_metrics,True,compiler_metrics num_static_constructors opt valgrind,,77,,,441708614.0,1818679126,2023-12-30 05:47:19,117.0,8ad5da3a894f4747aca3e73c86840d64001d9c9e,1354329,,,,,,,,,,,,,,,,,,,,,,,,,,,,,,,,,,,,,,,,,,,,,,,,,,TN,,,,,,,,,,
autoland,3646670,2,6311658df04f8b9dab1d842cf1ddc69e83bd8127,linux64-qr,,False,,,102210fe594ee9b33d82058545b1ed14f4c8206e,num_static_constructors,compiler_metrics,True,compiler_metrics num_static_constructors opt valgrind,,77,,,441712510.0,1818712526,2023-12-30 08:00:00,117.0,9660032084db64efbe9cbbf4c47a38d0a6c36c9f,1354351,,,,,,,,,,,,,,,,,,,,,,,,,,,,,,,,,,,,,,,,,,,,,,,,,,TN,,,,,,,,,,
autoland,3646670,2,6311658df04f8b9dab1d842cf1ddc69e83bd8127,linux64-qr,,False,,,102210fe594ee9b33d82058545b1ed14f4c8206e,num_static_constructors,compiler_metrics,True,compiler_metrics num_static_constructors opt valgrind,,77,,,441738665.0,1818803369,2023-12-30 12:53:05,117.0,94ab264a143c3086d948c401c047297f01b76527,1354380,,,,,,,,,,,,,,,,,,,,,,,,,,,,,,,,,,,,,,,,,,,,,,,,,,TN,,,,,,,,,,
autoland,3646670,2,6311658df04f8b9dab1d842cf1ddc69e83bd8127,linux64-qr,,False,,,102210fe594ee9b33d82058545b1ed14f4c8206e,num_static_constructors,compiler_metrics,True,compiler_metrics num_static_constructors opt valgrind,,77,,,441749577.0,1818845872,2023-12-30 17:18:37,117.0,3e9c9290e422e1f39255953e22e3d8bfe8234425,1354396,,,,,,,,,,,,,,,,,,,,,,,,,,,,,,,,,,,,,,,,,,,,,,,,,,TN,,,,,,,,,,
autoland,3646670,2,6311658df04f8b9dab1d842cf1ddc69e83bd8127,linux64-qr,,False,,,102210fe594ee9b33d82058545b1ed14f4c8206e,num_static_constructors,compiler_metrics,True,compiler_metrics num_static_constructors opt valgrind,,77,,,441773326.0,1818960135,2023-12-31 00:47:53,117.0,be0bfc7f906523649c68f45d4b25ca752bfc701c,1354421,,,,,,,,,,,,,,,,,,,,,,,,,,,,,,,,,,,,,,,,,,,,,,,,,,TN,,,,,,,,,,
autoland,3646670,2,6311658df04f8b9dab1d842cf1ddc69e83bd8127,linux64-qr,,False,,,102210fe594ee9b33d82058545b1ed14f4c8206e,num_static_constructors,compiler_metrics,True,compiler_metrics num_static_constructors opt valgrind,,77,,,441776459.0,1818965519,2023-12-31 00:47:53,117.0,be0bfc7f906523649c68f45d4b25ca752bfc701c,1354421,,,,,,,,,,,,,,,,,,,,,,,,,,,,,,,,,,,,,,,,,,,,,,,,,,TN,,,,,,,,,,
autoland,3646670,2,6311658df04f8b9dab1d842cf1ddc69e83bd8127,linux64-qr,,False,,,102210fe594ee9b33d82058545b1ed14f4c8206e,num_static_constructors,compiler_metrics,True,compiler_metrics num_static_constructors opt valgrind,,77,,,441806131.0,1819107516,2023-12-31 16:29:03,117.0,30b0d1ecdc26a3e4753bef7807739106282ed827,1354470,,,,,,,,,,,,,,,,,,,,,,,,,,,,,,,,,,,,,,,,,,,,,,,,,,TN,,,,,,,,,,
autoland,3646670,2,6311658df04f8b9dab1d842cf1ddc69e83bd8127,linux64-qr,,False,,,102210fe594ee9b33d82058545b1ed14f4c8206e,num_static_constructors,compiler_metrics,True,compiler_metrics num_static_constructors opt valgrind,,77,,,441814518.0,1819162104,2023-12-31 21:56:05,117.0,430d1a5b377307a1050c23ae96cab333c5a33be8,1354489,,,,,,,,,,,,,,,,,,,,,,,,,,,,,,,,,,,,,,,,,,,,,,,,,,TN,,,,,,,,,,
autoland,3646670,2,6311658df04f8b9dab1d842cf1ddc69e83bd8127,linux64-qr,,False,,,102210fe594ee9b33d82058545b1ed14f4c8206e,num_static_constructors,compiler_metrics,True,compiler_metrics num_static_constructors opt valgrind,,77,,,441832881.0,1819282190,2024-01-01 09:06:45,117.0,2be0d4b51a376b759a3d5a287403fb18d4ebb7f9,1354566,,,,,,,,,,,,,,,,,,,,,,,,,,,,,,,,,,,,,,,,,,,,,,,,,,TN,,,,,,,,,,
autoland,3646670,2,6311658df04f8b9dab1d842cf1ddc69e83bd8127,linux64-qr,,False,,,102210fe594ee9b33d82058545b1ed14f4c8206e,num_static_constructors,compiler_metrics,True,compiler_metrics num_static_constructors opt valgrind,,77,,,441832810.0,1819283508,2024-01-01 15:22:20,117.0,da3b8f5f832d95192044762406363fda8d55ef19,1354571,,,,,,,,,,,,,,,,,,,,,,,,,,,,,,,,,,,,,,,,,,,,,,,,,,TN,,,,,,,,,,
autoland,3646670,2,6311658df04f8b9dab1d842cf1ddc69e83bd8127,linux64-qr,,False,,,102210fe594ee9b33d82058545b1ed14f4c8206e,num_static_constructors,compiler_metrics,True,compiler_metrics num_static_constructors opt valgrind,,77,,,441838494.0,1819286813,2024-01-01 20:27:36,117.0,42461c8e1289d1829e0902914b12524c1fffa0a1,1354574,,,,,,,,,,,,,,,,,,,,,,,,,,,,,,,,,,,,,,,,,,,,,,,,,,TN,,,,,,,,,,
autoland,3646670,2,6311658df04f8b9dab1d842cf1ddc69e83bd8127,linux64-qr,,False,,,102210fe594ee9b33d82058545b1ed14f4c8206e,num_static_constructors,compiler_metrics,True,compiler_metrics num_static_constructors opt valgrind,,77,,,441870695.0,1819431761,2024-01-02 07:16:40,117.0,60c369c930dc96abae06a2e0ad6833a3574b803f,1354603,,,,,,,,,,,,,,,,,,,,,,,,,,,,,,,,,,,,,,,,,,,,,,,,,,TN,,,,,,,,,,
autoland,3646670,2,6311658df04f8b9dab1d842cf1ddc69e83bd8127,linux64-qr,,False,,,102210fe594ee9b33d82058545b1ed14f4c8206e,num_static_constructors,compiler_metrics,True,compiler_metrics num_static_constructors opt valgrind,,77,,,441902991.0,1819542347,2024-01-02 07:16:40,117.0,60c369c930dc96abae06a2e0ad6833a3574b803f,1354603,,,,,,,,,,,,,,,,,,,,,,,,,,,,,,,,,,,,,,,,,,,,,,,,,,TN,,,,,,,,,,
autoland,3646670,2,6311658df04f8b9dab1d842cf1ddc69e83bd8127,linux64-qr,,False,,,102210fe594ee9b33d82058545b1ed14f4c8206e,num_static_constructors,compiler_metrics,True,compiler_metrics num_static_constructors opt valgrind,,77,,,441903173.0,1819544271,2024-01-02 07:48:01,117.0,3e05dc8db1ec11547dde5a9576bfa988ec85e008,1354607,,,,,,,,,,,,,,,,,,,,,,,,,,,,,,,,,,,,,,,,,,,,,,,,,,TN,,,,,,,,,,
autoland,3646670,2,6311658df04f8b9dab1d842cf1ddc69e83bd8127,linux64-qr,,False,,,102210fe594ee9b33d82058545b1ed14f4c8206e,num_static_constructors,compiler_metrics,True,compiler_metrics num_static_constructors opt valgrind,,77,,,441902997.0,1819541759,2024-01-02 07:56:01,117.0,88de278b4ca970bf360b8c46789f60f0f7373dd6,1354609,,,,,,,,,,,,,,,,,,,,,,,,,,,,,,,,,,,,,,,,,,,,,,,,,,TN,,,,,,,,,,
autoland,3646670,2,6311658df04f8b9dab1d842cf1ddc69e83bd8127,linux64-qr,,False,,,102210fe594ee9b33d82058545b1ed14f4c8206e,num_static_constructors,compiler_metrics,True,compiler_metrics num_static_constructors opt valgrind,,77,,,441902996.0,1819542224,2024-01-02 08:39:56,117.0,89fae03510c9900abefe1653e2f0b380dbcb616e,1354619,,,,,,,,,,,,,,,,,,,,,,,,,,,,,,,,,,,,,,,,,,,,,,,,,,TN,,,,,,,,,,
autoland,3646670,2,6311658df04f8b9dab1d842cf1ddc69e83bd8127,linux64-qr,,False,,,102210fe594ee9b33d82058545b1ed14f4c8206e,num_static_constructors,compiler_metrics,True,compiler_metrics num_static_constructors opt valgrind,,77,,,441902995.0,1819541849,2024-01-02 08:57:15,117.0,b436f946f54edd595b7eb6f463ea69d67451af04,1354626,,,,,,,,,,,,,,,,,,,,,,,,,,,,,,,,,,,,,,,,,,,,,,,,,,TN,,,,,,,,,,
autoland,3646670,2,6311658df04f8b9dab1d842cf1ddc69e83bd8127,linux64-qr,,False,,,102210fe594ee9b33d82058545b1ed14f4c8206e,num_static_constructors,compiler_metrics,True,compiler_metrics num_static_constructors opt valgrind,,77,,,441902993.0,1819543965,2024-01-02 09:17:42,117.0,16a777ed1f597b5fa2d1c391b046483f1413a49b,1354630,,,,,,,,,,,,,,,,,,,,,,,,,,,,,,,,,,,,,,,,,,,,,,,,,,TN,,,,,,,,,,
autoland,3646670,2,6311658df04f8b9dab1d842cf1ddc69e83bd8127,linux64-qr,,False,,,102210fe594ee9b33d82058545b1ed14f4c8206e,num_static_constructors,compiler_metrics,True,compiler_metrics num_static_constructors opt valgrind,,77,,,441902992.0,1819543728,2024-01-02 09:56:20,117.0,e959df5e9484fc63c84d98037a5a871a94567906,1354645,,,,,,,,,,,,,,,,,,,,,,,,,,,,,,,,,,,,,,,,,,,,,,,,,,TN,,,,,,,,,,
autoland,3646670,2,6311658df04f8b9dab1d842cf1ddc69e83bd8127,linux64-qr,,False,,,102210fe594ee9b33d82058545b1ed14f4c8206e,num_static_constructors,compiler_metrics,True,compiler_metrics num_static_constructors opt valgrind,,77,,,441902994.0,1819546300,2024-01-02 10:31:22,117.0,1ca3d1972e2da3c924dd8d01116dd1bc30797306,1354659,,,,,,,,,,,,,,,,,,,,,,,,,,,,,,,,,,,,,,,,,,,,,,,,,,TN,,,,,,,,,,
autoland,3646670,2,6311658df04f8b9dab1d842cf1ddc69e83bd8127,linux64-qr,,False,,,102210fe594ee9b33d82058545b1ed14f4c8206e,num_static_constructors,compiler_metrics,True,compiler_metrics num_static_constructors opt valgrind,,77,,,441887088.0,1819496939,2024-01-02 11:19:41,117.0,399d9781e72b3a4a01e67c7f902f80c9df9da386,1354672,,,,,,,,,,,,,,,,,,,,,,,,,,,,,,,,,,,,,,,,,,,,,,,,,,TN,,,,,,,,,,
autoland,3646670,2,6311658df04f8b9dab1d842cf1ddc69e83bd8127,linux64-qr,,False,,,102210fe594ee9b33d82058545b1ed14f4c8206e,num_static_constructors,compiler_metrics,True,compiler_metrics num_static_constructors opt valgrind,,77,,,441895968.0,1819515891,2024-01-02 11:19:41,117.0,399d9781e72b3a4a01e67c7f902f80c9df9da386,1354672,,,,,,,,,,,,,,,,,,,,,,,,,,,,,,,,,,,,,,,,,,,,,,,,,,TN,,,,,,,,,,
autoland,3646670,2,6311658df04f8b9dab1d842cf1ddc69e83bd8127,linux64-qr,,False,,,102210fe594ee9b33d82058545b1ed14f4c8206e,num_static_constructors,compiler_metrics,True,compiler_metrics num_static_constructors opt valgrind,,77,,,441902880.0,1819538642,2024-01-02 11:19:41,117.0,399d9781e72b3a4a01e67c7f902f80c9df9da386,1354672,,,,,,,,,,,,,,,,,,,,,,,,,,,,,,,,,,,,,,,,,,,,,,,,,,TN,,,,,,,,,,
autoland,3646670,2,6311658df04f8b9dab1d842cf1ddc69e83bd8127,linux64-qr,,False,,,102210fe594ee9b33d82058545b1ed14f4c8206e,num_static_constructors,compiler_metrics,True,compiler_metrics num_static_constructors opt valgrind,,77,,,441901525.0,1819542382,2024-01-02 12:38:20,117.0,5661bc223a512da7f6ec45870e57e2fd746b53f9,1354712,,,,,,,,,,,,,,,,,,,,,,,,,,,,,,,,,,,,,,,,,,,,,,,,,,TN,,,,,,,,,,
autoland,3646670,2,6311658df04f8b9dab1d842cf1ddc69e83bd8127,linux64-qr,,False,,,102210fe594ee9b33d82058545b1ed14f4c8206e,num_static_constructors,compiler_metrics,True,compiler_metrics num_static_constructors opt valgrind,,77,,,441912119.0,1819584458,2024-01-02 15:21:54,117.0,9f15f6c0236cc27aa82549841609068645c13445,1354784,,,,,,,,,,,,,,,,,,,,,,,,,,,,,,,,,,,,,,,,,,,,,,,,,,TN,,,,,,,,,,
autoland,3646670,2,6311658df04f8b9dab1d842cf1ddc69e83bd8127,linux64-qr,,False,,,102210fe594ee9b33d82058545b1ed14f4c8206e,num_static_constructors,compiler_metrics,True,compiler_metrics num_static_constructors opt valgrind,,77,,,441917636.0,1819599092,2024-01-02 15:38:43,117.0,c44f0d09630a8cf36dac42c4eb31bf2a9395bf90,1354794,,,,,,,,,,,,,,,,,,,,,,,,,,,,,,,,,,,,,,,,,,,,,,,,,,TN,,,,,,,,,,
autoland,3646670,2,6311658df04f8b9dab1d842cf1ddc69e83bd8127,linux64-qr,,False,,,102210fe594ee9b33d82058545b1ed14f4c8206e,num_static_constructors,compiler_metrics,True,compiler_metrics num_static_constructors opt valgrind,,77,,,441935040.0,1819666044,2024-01-02 18:07:55,117.0,516ebd786803907a1175de5295c2450105b0c6f6,1354868,,,,,,,,,,,,,,,,,,,,,,,,,,,,,,,,,,,,,,,,,,,,,,,,,,TN,,,,,,,,,,
autoland,3646670,2,6311658df04f8b9dab1d842cf1ddc69e83bd8127,linux64-qr,,False,,,102210fe594ee9b33d82058545b1ed14f4c8206e,num_static_constructors,compiler_metrics,True,compiler_metrics num_static_constructors opt valgrind,,77,,,441945994.0,1819736438,2024-01-02 20:40:29,117.0,cc67c788cded515a24f96c72c8a12b87a2cd1b3a,1354935,,,,,,,,,,,,,,,,,,,,,,,,,,,,,,,,,,,,,,,,,,,,,,,,,,TN,,,,,,,,,,
autoland,3646670,2,6311658df04f8b9dab1d842cf1ddc69e83bd8127,linux64-qr,,False,,,102210fe594ee9b33d82058545b1ed14f4c8206e,num_static_constructors,compiler_metrics,True,compiler_metrics num_static_constructors opt valgrind,,77,,,441983813.0,1819885145,2024-01-03 08:18:49,117.0,655286516798565db497786ca92d9a8f7f7744bf,1355061,,,,,,,,,,,,,,,,,,,,,,,,,,,,,,,,,,,,,,,,,,,,,,,,,,TN,,,,,,,,,,
autoland,3646670,2,6311658df04f8b9dab1d842cf1ddc69e83bd8127,linux64-qr,,False,,,102210fe594ee9b33d82058545b1ed14f4c8206e,num_static_constructors,compiler_metrics,True,compiler_metrics num_static_constructors opt valgrind,,77,,,441987849.0,1819896722,2024-01-03 08:18:49,117.0,655286516798565db497786ca92d9a8f7f7744bf,1355061,,,,,,,,,,,,,,,,,,,,,,,,,,,,,,,,,,,,,,,,,,,,,,,,,,TN,,,,,,,,,,
autoland,3646670,2,6311658df04f8b9dab1d842cf1ddc69e83bd8127,linux64-qr,,False,,,102210fe594ee9b33d82058545b1ed14f4c8206e,num_static_constructors,compiler_metrics,True,compiler_metrics num_static_constructors opt valgrind,,77,,,442008038.0,1819969984,2024-01-03 12:27:12,117.0,9ea90dc23395fc3e2d9d2bd18598cc49434eeff1,1355126,,,,,,,,,,,,,,,,,,,,,,,,,,,,,,,,,,,,,,,,,,,,,,,,,,TN,,,,,,,,,,
autoland,3646670,2,6311658df04f8b9dab1d842cf1ddc69e83bd8127,linux64-qr,,False,,,102210fe594ee9b33d82058545b1ed14f4c8206e,num_static_constructors,compiler_metrics,True,compiler_metrics num_static_constructors opt valgrind,,77,,,442017141.0,1819990279,2024-01-03 13:31:23,117.0,57b850c11aa0eb7411f592923df6906827f96786,1355147,,,,,,,,,,,,,,,,,,,,,,,,,,,,,,,,,,,,,,,,,,,,,,,,,,TN,,,,,,,,,,
autoland,3646670,2,6311658df04f8b9dab1d842cf1ddc69e83bd8127,linux64-qr,,False,,,102210fe594ee9b33d82058545b1ed14f4c8206e,num_static_constructors,compiler_metrics,True,compiler_metrics num_static_constructors opt valgrind,,77,,,442041433.0,1820068280,2024-01-03 16:19:36,117.0,6aab4af4cab879cc95debd549578bc909a21cff7,1355230,,,,,,,,,,,,,,,,,,,,,,,,,,,,,,,,,,,,,,,,,,,,,,,,,,TN,,,,,,,,,,
autoland,3646670,2,6311658df04f8b9dab1d842cf1ddc69e83bd8127,linux64-qr,,False,,,102210fe594ee9b33d82058545b1ed14f4c8206e,num_static_constructors,compiler_metrics,True,compiler_metrics num_static_constructors opt valgrind,,77,,,442041434.0,1820068327,2024-01-03 16:19:36,117.0,6aab4af4cab879cc95debd549578bc909a21cff7,1355230,,,,,,,,,,,,,,,,,,,,,,,,,,,,,,,,,,,,,,,,,,,,,,,,,,TN,,,,,,,,,,
autoland,3646670,2,6311658df04f8b9dab1d842cf1ddc69e83bd8127,linux64-qr,,False,,,102210fe594ee9b33d82058545b1ed14f4c8206e,num_static_constructors,compiler_metrics,True,compiler_metrics num_static_constructors opt valgrind,,77,,,442050758.0,1820117267,2024-01-03 17:59:46,117.0,ea0271ef6010095f9537d0ca4dc4832451ebc882,1355301,,,,,,,,,,,,,,,,,,,,,,,,,,,,,,,,,,,,,,,,,,,,,,,,,,TN,,,,,,,,,,
autoland,3646670,2,6311658df04f8b9dab1d842cf1ddc69e83bd8127,linux64-qr,,False,,,102210fe594ee9b33d82058545b1ed14f4c8206e,num_static_constructors,compiler_metrics,True,compiler_metrics num_static_constructors opt valgrind,,77,,,442062456.0,1820192010,2024-01-03 20:41:01,117.0,c5a68fbf81d038a69c4e9be728d50030fd0d6271,1355381,,,,,,,,,,,,,,,,,,,,,,,,,,,,,,,,,,,,,,,,,,,,,,,,,,TN,,,,,,,,,,
autoland,3646670,2,6311658df04f8b9dab1d842cf1ddc69e83bd8127,linux64-qr,,False,,,102210fe594ee9b33d82058545b1ed14f4c8206e,num_static_constructors,compiler_metrics,True,compiler_metrics num_static_constructors opt valgrind,,77,,,442063819.0,1820195160,2024-01-03 20:57:48,117.0,d071b2f4ff07e1815cfa6650ffafb87c9b7e9fb1,1355389,,,,,,,,,,,,,,,,,,,,,,,,,,,,,,,,,,,,,,,,,,,,,,,,,,TN,,,,,,,,,,
autoland,3646670,2,6311658df04f8b9dab1d842cf1ddc69e83bd8127,linux64-qr,,False,,,102210fe594ee9b33d82058545b1ed14f4c8206e,num_static_constructors,compiler_metrics,True,compiler_metrics num_static_constructors opt valgrind,,77,,,442084285.0,1820264737,2024-01-04 00:16:36,117.0,2e26f327cd373035ac8a650bf445d68547e64cd0,1355448,,,,,,,,,,,,,,,,,,,,,,,,,,,,,,,,,,,,,,,,,,,,,,,,,,TN,,,,,,,,,,
autoland,3646670,2,6311658df04f8b9dab1d842cf1ddc69e83bd8127,linux64-qr,,False,,,102210fe594ee9b33d82058545b1ed14f4c8206e,num_static_constructors,compiler_metrics,True,compiler_metrics num_static_constructors opt valgrind,,77,,,442090391.0,1820283659,2024-01-04 01:41:43,117.0,99d5c9d12fe8a000d9b092346826d2101720ee5f,1355473,,,,,,,,,,,,,,,,,,,,,,,,,,,,,,,,,,,,,,,,,,,,,,,,,,TN,,,,,,,,,,
autoland,3646670,2,6311658df04f8b9dab1d842cf1ddc69e83bd8127,linux64-qr,,False,,,102210fe594ee9b33d82058545b1ed14f4c8206e,num_static_constructors,compiler_metrics,True,compiler_metrics num_static_constructors opt valgrind,,77,,,442090679.0,1820286494,2024-01-04 01:41:43,117.0,99d5c9d12fe8a000d9b092346826d2101720ee5f,1355473,,,,,,,,,,,,,,,,,,,,,,,,,,,,,,,,,,,,,,,,,,,,,,,,,,TN,,,,,,,,,,
autoland,3646670,2,6311658df04f8b9dab1d842cf1ddc69e83bd8127,linux64-qr,,False,,,102210fe594ee9b33d82058545b1ed14f4c8206e,num_static_constructors,compiler_metrics,True,compiler_metrics num_static_constructors opt valgrind,,77,,,442102252.0,1820340366,2024-01-04 05:54:21,117.0,c285a1e59436529ca8d4acd4acf55d45e4277b1b,1355496,,,,,,,,,,,,,,,,,,,,,,,,,,,,,,,,,,,,,,,,,,,,,,,,,,TN,,,,,,,,,,
autoland,3646670,2,6311658df04f8b9dab1d842cf1ddc69e83bd8127,linux64-qr,,False,,,102210fe594ee9b33d82058545b1ed14f4c8206e,num_static_constructors,compiler_metrics,True,compiler_metrics num_static_constructors opt valgrind,,77,,,442121768.0,1820451694,2024-01-04 11:10:14,118.0,740351987a4ee46ea2c571e5824e859680bda968,1355581,,,,,,,,,,,,,,,,,,,,,,,,,,,,,,,,,,,,,,,,,,,,,,,,,,TN,,,,,,,,,,
autoland,3646670,2,6311658df04f8b9dab1d842cf1ddc69e83bd8127,linux64-qr,,False,,,102210fe594ee9b33d82058545b1ed14f4c8206e,num_static_constructors,compiler_metrics,True,compiler_metrics num_static_constructors opt valgrind,,77,,,442133107.0,1820476219,2024-01-04 12:04:06,118.0,e6983fa1b8d94720d09c543bd65fd8174b45ad95,1355607,,,,,,,,,,,,,,,,,,,,,,,,,,,,,,,,,,,,,,,,,,,,,,,,,,TN,,,,,,,,,,
autoland,3646670,2,6311658df04f8b9dab1d842cf1ddc69e83bd8127,linux64-qr,,False,,,102210fe594ee9b33d82058545b1ed14f4c8206e,num_static_constructors,compiler_metrics,True,compiler_metrics num_static_constructors opt valgrind,,77,,,442150764.0,1820546010,2024-01-04 15:17:03,118.0,45533d2448ef281f6e604ca7626c0a6ecce3e188,1355683,,,,,,,,,,,,,,,,,,,,,,,,,,,,,,,,,,,,,,,,,,,,,,,,,,TN,,,,,,,,,,
autoland,3646670,2,6311658df04f8b9dab1d842cf1ddc69e83bd8127,linux64-qr,,False,,,102210fe594ee9b33d82058545b1ed14f4c8206e,num_static_constructors,compiler_metrics,True,compiler_metrics num_static_constructors opt valgrind,,77,,,442154472.0,1820554199,2024-01-04 15:42:51,118.0,0a133d5fd15504b371307e44739e8f97c80096b9,1355702,,,,,,,,,,,,,,,,,,,,,,,,,,,,,,,,,,,,,,,,,,,,,,,,,,TN,,,,,,,,,,
autoland,3646670,2,6311658df04f8b9dab1d842cf1ddc69e83bd8127,linux64-qr,,False,,,102210fe594ee9b33d82058545b1ed14f4c8206e,num_static_constructors,compiler_metrics,True,compiler_metrics num_static_constructors opt valgrind,,77,,,442171465.0,1820610516,2024-01-04 17:20:58,118.0,3a5b0e04c06e39422d89c861f67bc94153f2fa43,1355783,,,,,,,,,,,,,,,,,,,,,,,,,,,,,,,,,,,,,,,,,,,,,,,,,,TN,,,,,,,,,,
autoland,3646670,2,6311658df04f8b9dab1d842cf1ddc69e83bd8127,linux64-qr,,False,,,102210fe594ee9b33d82058545b1ed14f4c8206e,num_static_constructors,compiler_metrics,True,compiler_metrics num_static_constructors opt valgrind,,77,,,442185499.0,1820697781,2024-01-04 19:37:18,118.0,048b65210703dec3aec972f180b52548b2664f7d,1355859,,,,,,,,,,,,,,,,,,,,,,,,,,,,,,,,,,,,,,,,,,,,,,,,,,TN,,,,,,,,,,
autoland,3646670,2,6311658df04f8b9dab1d842cf1ddc69e83bd8127,linux64-qr,,False,,,102210fe594ee9b33d82058545b1ed14f4c8206e,num_static_constructors,compiler_metrics,True,compiler_metrics num_static_constructors opt valgrind,,77,,,442196521.0,1820742103,2024-01-04 21:13:39,118.0,4ad0cf510725615a5eae763427f0928f5e968b41,1355914,,,,,,,,,,,,,,,,,,,,,,,,,,,,,,,,,,,,,,,,,,,,,,,,,,TN,,,,,,,,,,
autoland,3646670,2,6311658df04f8b9dab1d842cf1ddc69e83bd8127,linux64-qr,,False,,,102210fe594ee9b33d82058545b1ed14f4c8206e,num_static_constructors,compiler_metrics,True,compiler_metrics num_static_constructors opt valgrind,,77,,,442221442.0,1820853154,2024-01-05 00:18:01,118.0,84d53ee96a81d7e514d24d1fb3160e91d9cee533,1356034,,,,,,,,,,,,,,,,,,,,,,,,,,,,,,,,,,,,,,,,,,,,,,,,,,TN,,,,,,,,,,
autoland,3646670,2,6311658df04f8b9dab1d842cf1ddc69e83bd8127,linux64-qr,,False,,,102210fe594ee9b33d82058545b1ed14f4c8206e,num_static_constructors,compiler_metrics,True,compiler_metrics num_static_constructors opt valgrind,,77,,,442221611.0,1820859975,2024-01-05 00:22:57,118.0,fab155eb519c68377a585ffdc537174653ab847b,1356036,,,,,,,,,,,,,,,,,,,,,,,,,,,,,,,,,,,,,,,,,,,,,,,,,,TN,,,,,,,,,,
autoland,3646670,2,6311658df04f8b9dab1d842cf1ddc69e83bd8127,linux64-qr,,False,,,102210fe594ee9b33d82058545b1ed14f4c8206e,num_static_constructors,compiler_metrics,True,compiler_metrics num_static_constructors opt valgrind,,77,,,442244234.0,1820981963,2024-01-05 04:43:02,118.0,376266ac23d50822ae8c18d60d1577f0b89b7c03,1356081,,,,,,,,,,,,,,,,,,,,,,,,,,,,,,,,,,,,,,,,,,,,,,,,,,TN,,,,,,,,,,
autoland,3646670,2,6311658df04f8b9dab1d842cf1ddc69e83bd8127,linux64-qr,,False,,,102210fe594ee9b33d82058545b1ed14f4c8206e,num_static_constructors,compiler_metrics,True,compiler_metrics num_static_constructors opt valgrind,,77,,,442254312.0,1821033019,2024-01-05 07:35:29,118.0,e67704387fce63280b4f58faa21820c722278f44,1356115,,,,,,,,,,,,,,,,,,,,,,,,,,,,,,,,,,,,,,,,,,,,,,,,,,TN,,,,,,,,,,
autoland,3646670,2,6311658df04f8b9dab1d842cf1ddc69e83bd8127,linux64-qr,,False,,,102210fe594ee9b33d82058545b1ed14f4c8206e,num_static_constructors,compiler_metrics,True,compiler_metrics num_static_constructors opt valgrind,,77,,,442255315.0,1821051081,2024-01-05 07:35:29,118.0,e67704387fce63280b4f58faa21820c722278f44,1356115,,,,,,,,,,,,,,,,,,,,,,,,,,,,,,,,,,,,,,,,,,,,,,,,,,TN,,,,,,,,,,
autoland,3646670,2,6311658df04f8b9dab1d842cf1ddc69e83bd8127,linux64-qr,,False,,,102210fe594ee9b33d82058545b1ed14f4c8206e,num_static_constructors,compiler_metrics,True,compiler_metrics num_static_constructors opt valgrind,,77,,,442256362.0,1821065471,2024-01-05 08:43:49,118.0,fa9bfcd5f0dbd19a8aaafddc25f6f73e4bcfd484,1356147,,,,,,,,,,,,,,,,,,,,,,,,,,,,,,,,,,,,,,,,,,,,,,,,,,TN,,,,,,,,,,
autoland,3646670,2,6311658df04f8b9dab1d842cf1ddc69e83bd8127,linux64-qr,,False,,,102210fe594ee9b33d82058545b1ed14f4c8206e,num_static_constructors,compiler_metrics,True,compiler_metrics num_static_constructors opt valgrind,,77,,,442284832.0,1821171060,2024-01-05 12:49:29,118.0,30bc5759ffcd80a2febc0a054214a3c910d31aea,1356208,,,,,,,,,,,,,,,,,,,,,,,,,,,,,,,,,,,,,,,,,,,,,,,,,,TN,,,,,,,,,,
autoland,3646670,2,6311658df04f8b9dab1d842cf1ddc69e83bd8127,linux64-qr,,False,,,102210fe594ee9b33d82058545b1ed14f4c8206e,num_static_constructors,compiler_metrics,True,compiler_metrics num_static_constructors opt valgrind,,77,,,442320813.0,1821277153,2024-01-05 17:02:32,118.0,d2e417f0f208016a0a4e369e822a12e20ef4fc5f,1356351,,,,,,,,,,,,,,,,,,,,,,,,,,,,,,,,,,,,,,,,,,,,,,,,,,TN,,,,,,,,,,
autoland,3646670,2,6311658df04f8b9dab1d842cf1ddc69e83bd8127,linux64-qr,,False,,,102210fe594ee9b33d82058545b1ed14f4c8206e,num_static_constructors,compiler_metrics,True,compiler_metrics num_static_constructors opt valgrind,,77,,,442327149.0,1821284488,2024-01-05 17:18:50,118.0,f4bf0010da76678e43a88489249579becb95552d,1356367,,,,,,,,,,,,,,,,,,,,,,,,,,,,,,,,,,,,,,,,,,,,,,,,,,TN,,,,,,,,,,
autoland,3646670,2,6311658df04f8b9dab1d842cf1ddc69e83bd8127,linux64-qr,,False,,,102210fe594ee9b33d82058545b1ed14f4c8206e,num_static_constructors,compiler_metrics,True,compiler_metrics num_static_constructors opt valgrind,,77,,,442338023.0,1821351434,2024-01-05 19:52:18,118.0,567f5a81c44108f44c4e694af42be8f209da4c0a,1356444,,,,,,,,,,,,,,,,,,,,,,,,,,,,,,,,,,,,,,,,,,,,,,,,,,TN,,,,,,,,,,
autoland,3646670,2,6311658df04f8b9dab1d842cf1ddc69e83bd8127,linux64-qr,,False,,,102210fe594ee9b33d82058545b1ed14f4c8206e,num_static_constructors,compiler_metrics,True,compiler_metrics num_static_constructors opt valgrind,,77,,,442355940.0,1821433809,2024-01-05 22:35:00,118.0,39c1f4cb2135dc97883ba694417a713f52325891,1356510,,,,,,,,,,,,,,,,,,,,,,,,,,,,,,,,,,,,,,,,,,,,,,,,,,TN,,,,,,,,,,
autoland,3646670,2,6311658df04f8b9dab1d842cf1ddc69e83bd8127,linux64-qr,,False,,,102210fe594ee9b33d82058545b1ed14f4c8206e,num_static_constructors,compiler_metrics,True,compiler_metrics num_static_constructors opt valgrind,,77,,,442369467.0,1821473131,2024-01-06 00:04:36,118.0,2a86438878465bd10e251c52285e2455425bfeb9,1356549,,,,,,,,,,,,,,,,,,,,,,,,,,,,,,,,,,,,,,,,,,,,,,,,,,TN,,,,,,,,,,
autoland,3646670,2,6311658df04f8b9dab1d842cf1ddc69e83bd8127,linux64-qr,,False,,,102210fe594ee9b33d82058545b1ed14f4c8206e,num_static_constructors,compiler_metrics,True,compiler_metrics num_static_constructors opt valgrind,,77,,,442373461.0,1821481195,2024-01-06 00:21:54,118.0,ce6cf7dcf8b16c2a478f122f8bab575231c99881,1356554,,,,,,,,,,,,,,,,,,,,,,,,,,,,,,,,,,,,,,,,,,,,,,,,,,TN,,,,,,,,,,
autoland,3646670,2,6311658df04f8b9dab1d842cf1ddc69e83bd8127,linux64-qr,,False,,,102210fe594ee9b33d82058545b1ed14f4c8206e,num_static_constructors,compiler_metrics,True,compiler_metrics num_static_constructors opt valgrind,,77,,,442411253.0,1821683524,2024-01-06 12:48:14,118.0,b54f34f26a3a753076473795a42574f426a960ee,1356631,,,,,,,,,,,,,,,,,,,,,,,,,,,,,,,,,,,,,,,,,,,,,,,,,,TN,,,,,,,,,,
autoland,3646670,2,6311658df04f8b9dab1d842cf1ddc69e83bd8127,linux64-qr,,False,,,102210fe594ee9b33d82058545b1ed14f4c8206e,num_static_constructors,compiler_metrics,True,compiler_metrics num_static_constructors opt valgrind,,77,,,442420404.0,1821724088,2024-01-06 17:09:10,118.0,d6318b034527ed62918fa4fd893f093c084a6ccb,1356650,,,,,,,,,,,,,,,,,,,,,,,,,,,,,,,,,,,,,,,,,,,,,,,,,,TN,,,,,,,,,,
autoland,3646670,2,6311658df04f8b9dab1d842cf1ddc69e83bd8127,linux64-qr,,False,,,102210fe594ee9b33d82058545b1ed14f4c8206e,num_static_constructors,compiler_metrics,True,compiler_metrics num_static_constructors opt valgrind,,77,,,442424637.0,1821750963,2024-01-06 18:40:10,118.0,05734c4a4429cc5575072c635e4b15428b45f325,1356654,,,,,,,,,,,,,,,,,,,,,,,,,,,,,,,,,,,,,,,,,,,,,,,,,,TN,,,,,,,,,,
autoland,3646670,2,6311658df04f8b9dab1d842cf1ddc69e83bd8127,linux64-qr,,False,,,102210fe594ee9b33d82058545b1ed14f4c8206e,num_static_constructors,compiler_metrics,True,compiler_metrics num_static_constructors opt valgrind,,77,,,442432731.0,1821770585,2024-01-06 21:44:09,118.0,1d9422a3e1d878f2f2c54ef4e836faabebfdfc9a,1356666,,,,,,,,,,,,,,,,,,,,,,,,,,,,,,,,,,,,,,,,,,,,,,,,,,TN,,,,,,,,,,
autoland,3646670,2,6311658df04f8b9dab1d842cf1ddc69e83bd8127,linux64-qr,,False,,,102210fe594ee9b33d82058545b1ed14f4c8206e,num_static_constructors,compiler_metrics,True,compiler_metrics num_static_constructors opt valgrind,,77,,,442478311.0,1822002631,2024-01-07 23:26:49,118.0,47fc814524de5c30dfd7711cf3eda088303ad905,1356765,,,,,,,,,,,,,,,,,,,,,,,,,,,,,,,,,,,,,,,,,,,,,,,,,,TN,,,,,,,,,,
autoland,3646670,2,6311658df04f8b9dab1d842cf1ddc69e83bd8127,linux64-qr,,False,,,102210fe594ee9b33d82058545b1ed14f4c8206e,num_static_constructors,compiler_metrics,True,compiler_metrics num_static_constructors opt valgrind,,77,,,442482523.0,1822036088,2024-01-08 02:39:55,118.0,750c44842f26873f40a2d09bc4ee94ecc4c39997,1356771,,,,,,,,,,,,,,,,,,,,,,,,,,,,,,,,,,,,,,,,,,,,,,,,,,TN,,,,,,,,,,
autoland,3646670,2,6311658df04f8b9dab1d842cf1ddc69e83bd8127,linux64-qr,,False,,,102210fe594ee9b33d82058545b1ed14f4c8206e,num_static_constructors,compiler_metrics,True,compiler_metrics num_static_constructors opt valgrind,,77,,,442510958.0,1822169523,2024-01-08 11:59:03,118.0,f0a524f0a0085554a1bfdfe1320ee1e87caf7a94,1356886,,,,,,,,,,,,,,,,,,,,,,,,,,,,,,,,,,,,,,,,,,,,,,,,,,TN,,,,,,,,,,
autoland,3646670,2,6311658df04f8b9dab1d842cf1ddc69e83bd8127,linux64-qr,,False,,,102210fe594ee9b33d82058545b1ed14f4c8206e,num_static_constructors,compiler_metrics,True,compiler_metrics num_static_constructors opt valgrind,,77,,,442522267.0,1822197386,2024-01-08 13:14:27,118.0,fea9dbbad1ab1a14313510023f859abb578c7fbf,1356928,,,,,,,,,,,,,,,,,,,,,,,,,,,,,,,,,,,,,,,,,,,,,,,,,,TN,,,,,,,,,,
autoland,3646670,2,6311658df04f8b9dab1d842cf1ddc69e83bd8127,linux64-qr,,False,,,102210fe594ee9b33d82058545b1ed14f4c8206e,num_static_constructors,compiler_metrics,True,compiler_metrics num_static_constructors opt valgrind,,77,,,442542514.0,1822286826,2024-01-08 15:57:02,118.0,fa142c3f71b8a5f5e5781fe41471dc1528cecd75,1357053,,,,,,,,,,,,,,,,,,,,,,,,,,,,,,,,,,,,,,,,,,,,,,,,,,TN,,,,,,,,,,
autoland,3646670,2,6311658df04f8b9dab1d842cf1ddc69e83bd8127,linux64-qr,,False,,,102210fe594ee9b33d82058545b1ed14f4c8206e,num_static_constructors,compiler_metrics,True,compiler_metrics num_static_constructors opt valgrind,,77,,,442560173.0,1822353305,2024-01-08 18:18:05,118.0,11bda0f9d0fc40d4d3234764b92ca63eb7ac66ad,1357124,,,,,,,,,,,,,,,,,,,,,,,,,,,,,,,,,,,,,,,,,,,,,,,,,,TN,,,,,,,,,,
autoland,3646670,2,6311658df04f8b9dab1d842cf1ddc69e83bd8127,linux64-qr,,False,,,102210fe594ee9b33d82058545b1ed14f4c8206e,num_static_constructors,compiler_metrics,True,compiler_metrics num_static_constructors opt valgrind,,77,,,442577512.0,1822401680,2024-01-08 20:04:05,118.0,41ae953b02271ceda653046c5072bfe0329c7e96,1357175,,,,,,,,,,,,,,,,,,,,,,,,,,,,,,,,,,,,,,,,,,,,,,,,,,TN,,,,,,,,,,
autoland,3646670,2,6311658df04f8b9dab1d842cf1ddc69e83bd8127,linux64-qr,,False,,,102210fe594ee9b33d82058545b1ed14f4c8206e,num_static_constructors,compiler_metrics,True,compiler_metrics num_static_constructors opt valgrind,,77,,,442583832.0,1822425357,2024-01-08 20:04:05,118.0,41ae953b02271ceda653046c5072bfe0329c7e96,1357175,,,,,,,,,,,,,,,,,,,,,,,,,,,,,,,,,,,,,,,,,,,,,,,,,,TN,,,,,,,,,,
autoland,3646670,2,6311658df04f8b9dab1d842cf1ddc69e83bd8127,linux64-qr,,False,,,102210fe594ee9b33d82058545b1ed14f4c8206e,num_static_constructors,compiler_metrics,True,compiler_metrics num_static_constructors opt valgrind,,77,,,442583833.0,1822430630,2024-01-08 20:04:05,118.0,41ae953b02271ceda653046c5072bfe0329c7e96,1357175,,,,,,,,,,,,,,,,,,,,,,,,,,,,,,,,,,,,,,,,,,,,,,,,,,TN,,,,,,,,,,
autoland,3646670,2,6311658df04f8b9dab1d842cf1ddc69e83bd8127,linux64-qr,,False,,,102210fe594ee9b33d82058545b1ed14f4c8206e,num_static_constructors,compiler_metrics,True,compiler_metrics num_static_constructors opt valgrind,,77,,,442585687.0,1822429708,2024-01-08 20:04:05,118.0,41ae953b02271ceda653046c5072bfe0329c7e96,1357175,,,,,,,,,,,,,,,,,,,,,,,,,,,,,,,,,,,,,,,,,,,,,,,,,,TN,,,,,,,,,,
autoland,3646670,2,6311658df04f8b9dab1d842cf1ddc69e83bd8127,linux64-qr,,False,,,102210fe594ee9b33d82058545b1ed14f4c8206e,num_static_constructors,compiler_metrics,True,compiler_metrics num_static_constructors opt valgrind,,77,,,442592574.0,1822461821,2024-01-08 21:46:18,118.0,0821d6bb479e497e433dd5a6c8b38859855475d3,1357242,,,,,,,,,,,,,,,,,,,,,,,,,,,,,,,,,,,,,,,,,,,,,,,,,,TN,,,,,,,,,,
autoland,3646670,2,6311658df04f8b9dab1d842cf1ddc69e83bd8127,linux64-qr,,False,,,102210fe594ee9b33d82058545b1ed14f4c8206e,num_static_constructors,compiler_metrics,True,compiler_metrics num_static_constructors opt valgrind,,77,,,442622198.0,1822580862,2024-01-09 02:28:42,118.0,ea866029ce2e23f03843038e1fd8ba7ca9ea30bb,1357330,,,,,,,,,,,,,,,,,,,,,,,,,,,,,,,,,,,,,,,,,,,,,,,,,,TN,,,,,,,,,,
autoland,3646670,2,6311658df04f8b9dab1d842cf1ddc69e83bd8127,linux64-qr,,False,,,102210fe594ee9b33d82058545b1ed14f4c8206e,num_static_constructors,compiler_metrics,True,compiler_metrics num_static_constructors opt valgrind,,77,,,442645879.0,1822762661,2024-01-09 08:28:55,118.0,16c757554d6731901c13ed26f569b3242bd1de2b,1357406,,,,,,,,,,,,,,,,,,,,,,,,,,,,,,,,,,,,,,,,,,,,,,,,,,TN,,,,,,,,,,
autoland,3646670,2,6311658df04f8b9dab1d842cf1ddc69e83bd8127,linux64-qr,,False,,,102210fe594ee9b33d82058545b1ed14f4c8206e,num_static_constructors,compiler_metrics,True,compiler_metrics num_static_constructors opt valgrind,,77,,,442659918.0,1822850773,2024-01-09 11:20:33,118.0,b29d6ace45f4ca84cd58b15ab4430194755a7056,1357465,,,,,,,,,,,,,,,,,,,,,,,,,,,,,,,,,,,,,,,,,,,,,,,,,,TN,,,,,,,,,,
autoland,3646670,2,6311658df04f8b9dab1d842cf1ddc69e83bd8127,linux64-qr,,False,,,102210fe594ee9b33d82058545b1ed14f4c8206e,num_static_constructors,compiler_metrics,True,compiler_metrics num_static_constructors opt valgrind,,77,,,442667274.0,1822883819,2024-01-09 11:56:06,118.0,051ee8b6b5420d6e2ef877ed6ff3a70306257659,1357476,,,,,,,,,,,,,,,,,,,,,,,,,,,,,,,,,,,,,,,,,,,,,,,,,,TN,,,,,,,,,,
autoland,3646670,2,6311658df04f8b9dab1d842cf1ddc69e83bd8127,linux64-qr,,False,,,102210fe594ee9b33d82058545b1ed14f4c8206e,num_static_constructors,compiler_metrics,True,compiler_metrics num_static_constructors opt valgrind,,77,,,442692273.0,1822978538,2024-01-09 14:44:52,118.0,7e8b3b72161fb4611f0b53a0e7f94842b2a7d945,1357546,,,,,,,,,,,,,,,,,,,,,,,,,,,,,,,,,,,,,,,,,,,,,,,,,,TN,,,,,,,,,,
autoland,3646670,2,6311658df04f8b9dab1d842cf1ddc69e83bd8127,linux64-qr,,False,,,102210fe594ee9b33d82058545b1ed14f4c8206e,num_static_constructors,compiler_metrics,True,compiler_metrics num_static_constructors opt valgrind,,77,,,442703701.0,1823031440,2024-01-09 16:23:43,118.0,39da72deac75c8026ae23df612934a7fc7c3693a,1357611,,,,,,,,,,,,,,,,,,,,,,,,,,,,,,,,,,,,,,,,,,,,,,,,,,TN,,,,,,,,,,
autoland,3646670,2,6311658df04f8b9dab1d842cf1ddc69e83bd8127,linux64-qr,,False,,,102210fe594ee9b33d82058545b1ed14f4c8206e,num_static_constructors,compiler_metrics,True,compiler_metrics num_static_constructors opt valgrind,,77,,,442714352.0,1823055335,2024-01-09 17:04:21,118.0,65446098ef641575f65d67f1db14e51401e565de,1357636,,,,,,,,,,,,,,,,,,,,,,,,,,,,,,,,,,,,,,,,,,,,,,,,,,TN,,,,,,,,,,
autoland,3646670,2,6311658df04f8b9dab1d842cf1ddc69e83bd8127,linux64-qr,,False,,,102210fe594ee9b33d82058545b1ed14f4c8206e,num_static_constructors,compiler_metrics,True,compiler_metrics num_static_constructors opt valgrind,,77,,,442730229.0,1823141602,2024-01-09 19:28:15,118.0,ed8c40b1e938528fc2dc355d7c2b0c21ba54e4e2,1357702,,,,,,,,,,,,,,,,,,,,,,,,,,,,,,,,,,,,,,,,,,,,,,,,,,TN,,,,,,,,,,
autoland,3646670,2,6311658df04f8b9dab1d842cf1ddc69e83bd8127,linux64-qr,,False,,,102210fe594ee9b33d82058545b1ed14f4c8206e,num_static_constructors,compiler_metrics,True,compiler_metrics num_static_constructors opt valgrind,,77,,,442735035.0,1823181694,2024-01-09 20:55:28,118.0,b089f828d54fe4d5fff32c8f142a603bc9d51325,1357773,,,,,,,,,,,,,,,,,,,,,,,,,,,,,,,,,,,,,,,,,,,,,,,,,,TN,,,,,,,,,,
autoland,3646670,2,6311658df04f8b9dab1d842cf1ddc69e83bd8127,linux64-qr,,False,,,102210fe594ee9b33d82058545b1ed14f4c8206e,num_static_constructors,compiler_metrics,True,compiler_metrics num_static_constructors opt valgrind,,77,,,442749106.0,1823241482,2024-01-09 22:32:41,118.0,027d256decc915dcb91f68efc5198be8f88fdf59,1357853,,,,,,,,,,,,,,,,,,,,,,,,,,,,,,,,,,,,,,,,,,,,,,,,,,TN,,,,,,,,,,
autoland,3646670,2,6311658df04f8b9dab1d842cf1ddc69e83bd8127,linux64-qr,,False,,,102210fe594ee9b33d82058545b1ed14f4c8206e,num_static_constructors,compiler_metrics,True,compiler_metrics num_static_constructors opt valgrind,,77,,,442758062.0,1823282290,2024-01-09 23:58:45,118.0,33d47d05c368a7b03c3843f70deb11c351eab0e7,1357896,,,,,,,,,,,,,,,,,,,,,,,,,,,,,,,,,,,,,,,,,,,,,,,,,,TN,,,,,,,,,,
autoland,3646670,2,6311658df04f8b9dab1d842cf1ddc69e83bd8127,linux64-qr,,False,,,102210fe594ee9b33d82058545b1ed14f4c8206e,num_static_constructors,compiler_metrics,True,compiler_metrics num_static_constructors opt valgrind,,77,,,442779325.0,1823416262,2024-01-10 06:33:00,118.0,8d93c10892064c983f5603645b9f6db6494fac24,1357998,,,,,,,,,,,,,,,,,,,,,,,,,,,,,,,,,,,,,,,,,,,,,,,,,,TN,,,,,,,,,,
autoland,3646670,2,6311658df04f8b9dab1d842cf1ddc69e83bd8127,linux64-qr,,False,,,102210fe594ee9b33d82058545b1ed14f4c8206e,num_static_constructors,compiler_metrics,True,compiler_metrics num_static_constructors opt valgrind,,77,,,442784701.0,1823447120,2024-01-10 07:09:51,118.0,f2107e8c2ba9f16ef4202d6a6988af066d37444b,1358004,,,,,,,,,,,,,,,,,,,,,,,,,,,,,,,,,,,,,,,,,,,,,,,,,,TN,,,,,,,,,,
autoland,3646670,2,6311658df04f8b9dab1d842cf1ddc69e83bd8127,linux64-qr,,False,,,102210fe594ee9b33d82058545b1ed14f4c8206e,num_static_constructors,compiler_metrics,True,compiler_metrics num_static_constructors opt valgrind,,77,,,442803118.0,1823558499,2024-01-10 10:37:21,118.0,c892e00c62dbbeba07a14640ce9baf3a7c27383d,1358093,,,,,,,,,,,,,,,,,,,,,,,,,,,,,,,,,,,,,,,,,,,,,,,,,,TN,,,,,,,,,,
autoland,3646670,2,6311658df04f8b9dab1d842cf1ddc69e83bd8127,linux64-qr,,False,,,102210fe594ee9b33d82058545b1ed14f4c8206e,num_static_constructors,compiler_metrics,True,compiler_metrics num_static_constructors opt valgrind,,77,,,442811118.0,1823606356,2024-01-10 11:50:05,118.0,645f7ed438fb8172e3e4db34d3d7821251ae066c,1358132,,,,,,,,,,,,,,,,,,,,,,,,,,,,,,,,,,,,,,,,,,,,,,,,,,TN,,,,,,,,,,
autoland,3646670,2,6311658df04f8b9dab1d842cf1ddc69e83bd8127,linux64-qr,,False,,,102210fe594ee9b33d82058545b1ed14f4c8206e,num_static_constructors,compiler_metrics,True,compiler_metrics num_static_constructors opt valgrind,,77,,,442843705.0,1823673313,2024-01-10 15:08:01,118.0,1c750a1732587e3087eef34602f4db18db976280,1358232,,,,,,,,,,,,,,,,,,,,,,,,,,,,,,,,,,,,,,,,,,,,,,,,,,TN,,,,,,,,,,
autoland,3646670,2,6311658df04f8b9dab1d842cf1ddc69e83bd8127,linux64-qr,,False,,,102210fe594ee9b33d82058545b1ed14f4c8206e,num_static_constructors,compiler_metrics,True,compiler_metrics num_static_constructors opt valgrind,,77,,,442846752.0,1823690872,2024-01-10 15:53:53,118.0,abbd6756776d8ea1ff22b8a5ee76e1417583f893,1358258,,,,,,,,,,,,,,,,,,,,,,,,,,,,,,,,,,,,,,,,,,,,,,,,,,TN,,,,,,,,,,
autoland,3646670,2,6311658df04f8b9dab1d842cf1ddc69e83bd8127,linux64-qr,,False,,,102210fe594ee9b33d82058545b1ed14f4c8206e,num_static_constructors,compiler_metrics,True,compiler_metrics num_static_constructors opt valgrind,,77,,,442870452.0,1823798488,2024-01-10 20:02:55,118.0,13107fcd50cf2795a397cd8d72ce290a0b34a909,1358406,,,,,,,,,,,,,,,,,,,,,,,,,,,,,,,,,,,,,,,,,,,,,,,,,,TN,,,,,,,,,,
autoland,3646670,2,6311658df04f8b9dab1d842cf1ddc69e83bd8127,linux64-qr,,False,,,102210fe594ee9b33d82058545b1ed14f4c8206e,num_static_constructors,compiler_metrics,True,compiler_metrics num_static_constructors opt valgrind,,77,,,442892903.0,1823917372,2024-01-10 23:33:37,118.0,1313a6a0c64105a9456f30667c95fbc948fc245a,1358528,,,,,,,,,,,,,,,,,,,,,,,,,,,,,,,,,,,,,,,,,,,,,,,,,,TN,,,,,,,,,,
autoland,3646670,2,6311658df04f8b9dab1d842cf1ddc69e83bd8127,linux64-qr,,False,,,102210fe594ee9b33d82058545b1ed14f4c8206e,num_static_constructors,compiler_metrics,True,compiler_metrics num_static_constructors opt valgrind,,77,,,442900012.0,1823936534,2024-01-11 01:22:24,118.0,1a93f0a64a7f897212da58c5753433922e0953cb,1358548,,,,,,,,,,,,,,,,,,,,,,,,,,,,,,,,,,,,,,,,,,,,,,,,,,TN,,,,,,,,,,
autoland,3646670,2,6311658df04f8b9dab1d842cf1ddc69e83bd8127,linux64-qr,,False,,,102210fe594ee9b33d82058545b1ed14f4c8206e,num_static_constructors,compiler_metrics,True,compiler_metrics num_static_constructors opt valgrind,,77,,,442919516.0,1824032968,2024-01-11 07:34:58,118.0,53b379d2ca1da12d341d8c9f8e59575152c88b27,1358622,,,,,,,,,,,,,,,,,,,,,,,,,,,,,,,,,,,,,,,,,,,,,,,,,,TN,,,,,,,,,,
autoland,3646670,2,6311658df04f8b9dab1d842cf1ddc69e83bd8127,linux64-qr,,False,,,102210fe594ee9b33d82058545b1ed14f4c8206e,num_static_constructors,compiler_metrics,True,compiler_metrics num_static_constructors opt valgrind,,77,,,442924154.0,1824060380,2024-01-11 09:13:52,118.0,0bd36479d605b1a8748ee37096ff0d54383f0402,1358650,,,,,,,,,,,,,,,,,,,,,,,,,,,,,,,,,,,,,,,,,,,,,,,,,,TN,,,,,,,,,,
autoland,3646670,2,6311658df04f8b9dab1d842cf1ddc69e83bd8127,linux64-qr,,False,,,102210fe594ee9b33d82058545b1ed14f4c8206e,num_static_constructors,compiler_metrics,True,compiler_metrics num_static_constructors opt valgrind,,77,,,442947602.0,1824136501,2024-01-11 12:31:51,118.0,d8f6764d0f19010e8de818d2d2f60dd10153f6b1,1358725,,,,,,,,,,,,,,,,,,,,,,,,,,,,,,,,,,,,,,,,,,,,,,,,,,TN,,,,,,,,,,
autoland,3646670,2,6311658df04f8b9dab1d842cf1ddc69e83bd8127,linux64-qr,,False,,,102210fe594ee9b33d82058545b1ed14f4c8206e,num_static_constructors,compiler_metrics,True,compiler_metrics num_static_constructors opt valgrind,,77,,,442954418.0,1824161055,2024-01-11 13:33:40,118.0,9e9da9a3335070604e4d44a2a97d897ca73a4c16,1358737,,,,,,,,,,,,,,,,,,,,,,,,,,,,,,,,,,,,,,,,,,,,,,,,,,TN,,,,,,,,,,
autoland,3646670,2,6311658df04f8b9dab1d842cf1ddc69e83bd8127,linux64-qr,,False,,,102210fe594ee9b33d82058545b1ed14f4c8206e,num_static_constructors,compiler_metrics,True,compiler_metrics num_static_constructors opt valgrind,,77,,,442970840.0,1824221556,2024-01-11 15:31:24,118.0,0fbc415c1704aee17dbd065e8d41e057993f1797,1358816,,,,,,,,,,,,,,,,,,,,,,,,,,,,,,,,,,,,,,,,,,,,,,,,,,TN,,,,,,,,,,
autoland,3646670,2,6311658df04f8b9dab1d842cf1ddc69e83bd8127,linux64-qr,,False,,,102210fe594ee9b33d82058545b1ed14f4c8206e,num_static_constructors,compiler_metrics,True,compiler_metrics num_static_constructors opt valgrind,,77,,,442989235.0,1824304412,2024-01-11 18:16:48,118.0,0c8b61d221fc9fbd78122adbdd9af93c01e5a467,1358917,,,,,,,,,,,,,,,,,,,,,,,,,,,,,,,,,,,,,,,,,,,,,,,,,,TN,,,,,,,,,,
autoland,3646670,2,6311658df04f8b9dab1d842cf1ddc69e83bd8127,linux64-qr,,False,,,102210fe594ee9b33d82058545b1ed14f4c8206e,num_static_constructors,compiler_metrics,True,compiler_metrics num_static_constructors opt valgrind,,77,,,443000756.0,1824352097,2024-01-11 19:45:18,118.0,51d3d025e7fa3113193da45b9c1b1d792060a4c3,1358981,,,,,,,,,,,,,,,,,,,,,,,,,,,,,,,,,,,,,,,,,,,,,,,,,,TN,,,,,,,,,,
autoland,3646670,2,6311658df04f8b9dab1d842cf1ddc69e83bd8127,linux64-qr,,False,,,102210fe594ee9b33d82058545b1ed14f4c8206e,num_static_constructors,compiler_metrics,True,compiler_metrics num_static_constructors opt valgrind,,77,,,443004472.0,1824360716,2024-01-11 20:05:09,118.0,8f1e9e2c902a89cfb9f9ea20307fb3ee8a91a4af,1358995,,,,,,,,,,,,,,,,,,,,,,,,,,,,,,,,,,,,,,,,,,,,,,,,,,TN,,,,,,,,,,
autoland,3646670,2,6311658df04f8b9dab1d842cf1ddc69e83bd8127,linux64-qr,,False,,,102210fe594ee9b33d82058545b1ed14f4c8206e,num_static_constructors,compiler_metrics,True,compiler_metrics num_static_constructors opt valgrind,,77,,,443022745.0,1824430983,2024-01-11 22:05:09,118.0,fa6f044663873fb56f030461231240bb33435a87,1359088,,,,,,,,,,,,,,,,,,,,,,,,,,,,,,,,,,,,,,,,,,,,,,,,,,TN,,,,,,,,,,
autoland,3646670,2,6311658df04f8b9dab1d842cf1ddc69e83bd8127,linux64-qr,,False,,,102210fe594ee9b33d82058545b1ed14f4c8206e,num_static_constructors,compiler_metrics,True,compiler_metrics num_static_constructors opt valgrind,,77,,,443050861.0,1824550380,2024-01-12 01:35:24,118.0,1d2ccbe0bb6db4d9628b16914b33c5dc5e9406dc,1359176,,,,,,,,,,,,,,,,,,,,,,,,,,,,,,,,,,,,,,,,,,,,,,,,,,TN,,,,,,,,,,
autoland,3646670,2,6311658df04f8b9dab1d842cf1ddc69e83bd8127,linux64-qr,,False,,,102210fe594ee9b33d82058545b1ed14f4c8206e,num_static_constructors,compiler_metrics,True,compiler_metrics num_static_constructors opt valgrind,,77,,,443062661.0,1824635854,2024-01-12 05:09:20,118.0,1dc9f987063cf678f5c26e7534eadc8bfd186fa9,1359210,,,,,,,,,,,,,,,,,,,,,,,,,,,,,,,,,,,,,,,,,,,,,,,,,,TN,,,,,,,,,,
autoland,3646670,2,6311658df04f8b9dab1d842cf1ddc69e83bd8127,linux64-qr,,False,,,102210fe594ee9b33d82058545b1ed14f4c8206e,num_static_constructors,compiler_metrics,True,compiler_metrics num_static_constructors opt valgrind,,77,,,443076811.0,1824753881,2024-01-12 08:25:44,118.0,73cda4c569603df9d2367f96714331416c4a56ca,1359250,,,,,,,,,,,,,,,,,,,,,,,,,,,,,,,,,,,,,,,,,,,,,,,,,,TN,,,,,,,,,,
autoland,3646670,2,6311658df04f8b9dab1d842cf1ddc69e83bd8127,linux64-qr,,False,,,102210fe594ee9b33d82058545b1ed14f4c8206e,num_static_constructors,compiler_metrics,True,compiler_metrics num_static_constructors opt valgrind,,77,,,443078424.0,1824778416,2024-01-12 09:17:33,118.0,734e2e027196a9d64120ebf11a01a1b03e494d43,1359269,,,,,,,,,,,,,,,,,,,,,,,,,,,,,,,,,,,,,,,,,,,,,,,,,,TN,,,,,,,,,,
autoland,3646670,2,6311658df04f8b9dab1d842cf1ddc69e83bd8127,linux64-qr,,False,,,102210fe594ee9b33d82058545b1ed14f4c8206e,num_static_constructors,compiler_metrics,True,compiler_metrics num_static_constructors opt valgrind,,77,,,443083019.0,1824803251,2024-01-12 09:50:00,118.0,04e959fcffc3608cfdc8e3812cac822a94eb7f79,1359287,,,,,,,,,,,,,,,,,,,,,,,,,,,,,,,,,,,,,,,,,,,,,,,,,,TN,,,,,,,,,,
autoland,3646670,2,6311658df04f8b9dab1d842cf1ddc69e83bd8127,linux64-qr,,False,,,102210fe594ee9b33d82058545b1ed14f4c8206e,num_static_constructors,compiler_metrics,True,compiler_metrics num_static_constructors opt valgrind,,77,,,443111473.0,1824951698,2024-01-12 13:39:06,118.0,7a07cd281802c9ccdc657eec95ad71f1f68bd205,1359365,,,,,,,,,,,,,,,,,,,,,,,,,,,,,,,,,,,,,,,,,,,,,,,,,,TN,,,,,,,,,,
autoland,3646670,2,6311658df04f8b9dab1d842cf1ddc69e83bd8127,linux64-qr,,False,,,102210fe594ee9b33d82058545b1ed14f4c8206e,num_static_constructors,compiler_metrics,True,compiler_metrics num_static_constructors opt valgrind,,77,,,443114314.0,1824958421,2024-01-12 13:58:07,118.0,ce67ec7f0570e0dbbb4af59d868791341b3ae825,1359382,,,,,,,,,,,,,,,,,,,,,,,,,,,,,,,,,,,,,,,,,,,,,,,,,,TN,,,,,,,,,,
autoland,3646670,2,6311658df04f8b9dab1d842cf1ddc69e83bd8127,linux64-qr,,False,,,102210fe594ee9b33d82058545b1ed14f4c8206e,num_static_constructors,compiler_metrics,True,compiler_metrics num_static_constructors opt valgrind,,77,,,443128315.0,1825039941,2024-01-12 15:59:03,118.0,ca885660ea6d70595474b1663ce6806f7a86a6ea,1359473,,,,,,,,,,,,,,,,,,,,,,,,,,,,,,,,,,,,,,,,,,,,,,,,,,TN,,,,,,,,,,
autoland,3646670,2,6311658df04f8b9dab1d842cf1ddc69e83bd8127,linux64-qr,,False,,,102210fe594ee9b33d82058545b1ed14f4c8206e,num_static_constructors,compiler_metrics,True,compiler_metrics num_static_constructors opt valgrind,,77,,,443149006.0,1825155411,2024-01-12 19:30:51,118.0,357d024bdffafd1faeeec32614d19339448d8a05,1359650,,,,,,,,,,,,,,,,,,,,,,,,,,,,,,,,,,,,,,,,,,,,,,,,,,TN,,,,,,,,,,
autoland,3646670,2,6311658df04f8b9dab1d842cf1ddc69e83bd8127,linux64-qr,,False,,,102210fe594ee9b33d82058545b1ed14f4c8206e,num_static_constructors,compiler_metrics,True,compiler_metrics num_static_constructors opt valgrind,,77,,,443160994.0,1825200034,2024-01-12 19:38:29,118.0,00f949eecc1be917553e235f582aeb7e1e1146fd,1359666,,,,,,,,,,,,,,,,,,,,,,,,,,,,,,,,,,,,,,,,,,,,,,,,,,TN,,,,,,,,,,
autoland,3646670,2,6311658df04f8b9dab1d842cf1ddc69e83bd8127,linux64-qr,,False,,,102210fe594ee9b33d82058545b1ed14f4c8206e,num_static_constructors,compiler_metrics,True,compiler_metrics num_static_constructors opt valgrind,,77,,,443169051.0,1825238167,2024-01-12 22:24:41,118.0,e9c1463b56151bf940fe442f91aeabc8a811573d,1359754,,,,,,,,,,,,,,,,,,,,,,,,,,,,,,,,,,,,,,,,,,,,,,,,,,TN,,,,,,,,,,
autoland,3646670,2,6311658df04f8b9dab1d842cf1ddc69e83bd8127,linux64-qr,,False,,,102210fe594ee9b33d82058545b1ed14f4c8206e,num_static_constructors,compiler_metrics,True,compiler_metrics num_static_constructors opt valgrind,,77,,,443177865.0,1825263501,2024-01-12 23:40:01,118.0,53d4d65c33f1a556689dd9de738b173142e52749,1359778,,,,,,,,,,,,,,,,,,,,,,,,,,,,,,,,,,,,,,,,,,,,,,,,,,TN,,,,,,,,,,
autoland,3646670,2,6311658df04f8b9dab1d842cf1ddc69e83bd8127,linux64-qr,,False,,,102210fe594ee9b33d82058545b1ed14f4c8206e,num_static_constructors,compiler_metrics,True,compiler_metrics num_static_constructors opt valgrind,,77,,,443196280.0,1825406104,2024-01-13 08:47:40,118.0,1c1cef3dae75411dbe9bc03547274f506cade636,1359844,,,,,,,,,,,,,,,,,,,,,,,,,,,,,,,,,,,,,,,,,,,,,,,,,,TN,,,,,,,,,,
autoland,3646670,2,6311658df04f8b9dab1d842cf1ddc69e83bd8127,linux64-qr,,False,,,102210fe594ee9b33d82058545b1ed14f4c8206e,num_static_constructors,compiler_metrics,True,compiler_metrics num_static_constructors opt valgrind,,77,,,443202405.0,1825422048,2024-01-13 08:47:40,118.0,1c1cef3dae75411dbe9bc03547274f506cade636,1359844,,,,,,,,,,,,,,,,,,,,,,,,,,,,,,,,,,,,,,,,,,,,,,,,,,TN,,,,,,,,,,
autoland,3646670,2,6311658df04f8b9dab1d842cf1ddc69e83bd8127,linux64-qr,,False,,,102210fe594ee9b33d82058545b1ed14f4c8206e,num_static_constructors,compiler_metrics,True,compiler_metrics num_static_constructors opt valgrind,,77,,,443223665.0,1825504777,2024-01-13 14:38:07,118.0,9e96d1447f6c77f15bcd1c7fa432cefae4418038,1359886,,,,,,,,,,,,,,,,,,,,,,,,,,,,,,,,,,,,,,,,,,,,,,,,,,TN,,,,,,,,,,
autoland,3646670,2,6311658df04f8b9dab1d842cf1ddc69e83bd8127,linux64-qr,,False,,,102210fe594ee9b33d82058545b1ed14f4c8206e,num_static_constructors,compiler_metrics,True,compiler_metrics num_static_constructors opt valgrind,,77,,,443236076.0,1825566006,2024-01-13 23:22:39,118.0,05b08c9f9a5822b969513dda16d5f55e322ade4f,1359908,,,,,,,,,,,,,,,,,,,,,,,,,,,,,,,,,,,,,,,,,,,,,,,,,,TN,,,,,,,,,,
autoland,3646670,2,6311658df04f8b9dab1d842cf1ddc69e83bd8127,linux64-qr,,False,,,102210fe594ee9b33d82058545b1ed14f4c8206e,num_static_constructors,compiler_metrics,True,compiler_metrics num_static_constructors opt valgrind,,77,,,443250954.0,1825624132,2024-01-14 03:10:57,118.0,23b1e2c5bd986b1d99873297c3cefd98f2b892b9,1359918,,,,,,,,,,,,,,,,,,,,,,,,,,,,,,,,,,,,,,,,,,,,,,,,,,TN,,,,,,,,,,
autoland,3646670,2,6311658df04f8b9dab1d842cf1ddc69e83bd8127,linux64-qr,,False,,,102210fe594ee9b33d82058545b1ed14f4c8206e,num_static_constructors,compiler_metrics,True,compiler_metrics num_static_constructors opt valgrind,,77,,,443270828.0,1825727607,2024-01-14 13:25:52,118.0,b24d63d72f77a64fe5d8bce6420b88e7e0c4d9da,1359942,,,,,,,,,,,,,,,,,,,,,,,,,,,,,,,,,,,,,,,,,,,,,,,,,,TN,,,,,,,,,,
autoland,3646670,2,6311658df04f8b9dab1d842cf1ddc69e83bd8127,linux64-qr,,False,,,102210fe594ee9b33d82058545b1ed14f4c8206e,num_static_constructors,compiler_metrics,True,compiler_metrics num_static_constructors opt valgrind,,77,,,443294397.0,1825846153,2024-01-15 05:08:04,118.0,de4567bec5231630b24dbc8a0f117c108e274afc,1360013,,,,,,,,,,,,,,,,,,,,,,,,,,,,,,,,,,,,,,,,,,,,,,,,,,TN,,,,,,,,,,
autoland,3646670,2,6311658df04f8b9dab1d842cf1ddc69e83bd8127,linux64-qr,,False,,,102210fe594ee9b33d82058545b1ed14f4c8206e,num_static_constructors,compiler_metrics,True,compiler_metrics num_static_constructors opt valgrind,,77,,,443298105.0,1825863091,2024-01-15 06:43:10,118.0,fed0bf16c40eba956c10bb3214420acaf75ee212,1360023,,,,,,,,,,,,,,,,,,,,,,,,,,,,,,,,,,,,,,,,,,,,,,,,,,TN,,,,,,,,,,
autoland,3646670,2,6311658df04f8b9dab1d842cf1ddc69e83bd8127,linux64-qr,,False,,,102210fe594ee9b33d82058545b1ed14f4c8206e,num_static_constructors,compiler_metrics,True,compiler_metrics num_static_constructors opt valgrind,,77,,,443310789.0,1825938130,2024-01-15 11:02:38,118.0,43598f45eee98e83ea2f55ce9a36e000770cf985,1360080,,,,,,,,,,,,,,,,,,,,,,,,,,,,,,,,,,,,,,,,,,,,,,,,,,TN,,,,,,,,,,
autoland,3646670,2,6311658df04f8b9dab1d842cf1ddc69e83bd8127,linux64-qr,,False,,,102210fe594ee9b33d82058545b1ed14f4c8206e,num_static_constructors,compiler_metrics,True,compiler_metrics num_static_constructors opt valgrind,,77,,,443340593.0,1826031222,2024-01-15 13:01:22,118.0,253b1ef032b4e35683449c7af5d9effaa417e813,1360125,,,,,,,,,,,,,,,,,,,,,,,,,,,,,,,,,,,,,,,,,,,,,,,,,,TN,,,,,,,,,,
autoland,3646670,2,6311658df04f8b9dab1d842cf1ddc69e83bd8127,linux64-qr,,False,,,102210fe594ee9b33d82058545b1ed14f4c8206e,num_static_constructors,compiler_metrics,True,compiler_metrics num_static_constructors opt valgrind,,77,,,443352674.0,1826095917,2024-01-15 16:18:25,118.0,f1155fa1c66e2bbbdf729041c3bbb0d49d5cde96,1360267,,,,,,,,,,,,,,,,,,,,,,,,,,,,,,,,,,,,,,,,,,,,,,,,,,TN,,,,,,,,,,
autoland,3646670,2,6311658df04f8b9dab1d842cf1ddc69e83bd8127,linux64-qr,,False,,,102210fe594ee9b33d82058545b1ed14f4c8206e,num_static_constructors,compiler_metrics,True,compiler_metrics num_static_constructors opt valgrind,,77,,,443355032.0,1826106519,2024-01-15 16:45:21,118.0,a9ede7f8216422a86a2b25e0696d884c8a069b78,1360291,,,,,,,,,,,,,,,,,,,,,,,,,,,,,,,,,,,,,,,,,,,,,,,,,,TN,,,,,,,,,,
autoland,3646670,2,6311658df04f8b9dab1d842cf1ddc69e83bd8127,linux64-qr,,False,,,102210fe594ee9b33d82058545b1ed14f4c8206e,num_static_constructors,compiler_metrics,True,compiler_metrics num_static_constructors opt valgrind,,77,,,443367968.0,1826176311,2024-01-15 18:21:58,118.0,62232a8766349abcac6f524710639f9b3da917a2,1360344,,,,,,,,,,,,,,,,,,,,,,,,,,,,,,,,,,,,,,,,,,,,,,,,,,TN,,,,,,,,,,
autoland,3646670,2,6311658df04f8b9dab1d842cf1ddc69e83bd8127,linux64-qr,,False,,,102210fe594ee9b33d82058545b1ed14f4c8206e,num_static_constructors,compiler_metrics,True,compiler_metrics num_static_constructors opt valgrind,,77,,,443387774.0,1826247794,2024-01-15 21:04:35,118.0,8a68c5a8cac8300a140767d36eaed293e8f2664c,1360446,,,,,,,,,,,,,,,,,,,,,,,,,,,,,,,,,,,,,,,,,,,,,,,,,,TN,,,,,,,,,,
autoland,3646670,2,6311658df04f8b9dab1d842cf1ddc69e83bd8127,linux64-qr,,False,,,102210fe594ee9b33d82058545b1ed14f4c8206e,num_static_constructors,compiler_metrics,True,compiler_metrics num_static_constructors opt valgrind,,77,,,443402338.0,1826295875,2024-01-15 22:29:26,118.0,661a07435d8332e5c07ec39b88b21abd46ea5372,1360487,,,,,,,,,,,,,,,,,,,,,,,,,,,,,,,,,,,,,,,,,,,,,,,,,,TN,,,,,,,,,,
autoland,3646670,2,6311658df04f8b9dab1d842cf1ddc69e83bd8127,linux64-qr,,False,,,102210fe594ee9b33d82058545b1ed14f4c8206e,num_static_constructors,compiler_metrics,True,compiler_metrics num_static_constructors opt valgrind,,77,,,443417061.0,1826349294,2024-01-16 02:30:18,118.0,02d1a62ad90af487d859bc4971a43862dceeda6e,1360561,,,,,,,,,,,,,,,,,,,,,,,,,,,,,,,,,,,,,,,,,,,,,,,,,,TN,,,,,,,,,,
autoland,3646670,2,6311658df04f8b9dab1d842cf1ddc69e83bd8127,linux64-qr,,False,,,102210fe594ee9b33d82058545b1ed14f4c8206e,num_static_constructors,compiler_metrics,True,compiler_metrics num_static_constructors opt valgrind,,77,,,443420927.0,1826368885,2024-01-16 03:41:09,118.0,70cdba288eb3585a65e68748b4aecfe615cf92e8,1360576,,,,,,,,,,,,,,,,,,,,,,,,,,,,,,,,,,,,,,,,,,,,,,,,,,TN,,,,,,,,,,
autoland,3646670,2,6311658df04f8b9dab1d842cf1ddc69e83bd8127,linux64-qr,,False,,,102210fe594ee9b33d82058545b1ed14f4c8206e,num_static_constructors,compiler_metrics,True,compiler_metrics num_static_constructors opt valgrind,,77,,,443438973.0,1826483470,2024-01-16 08:02:14,118.0,f2c924263ffece6d0b30e6a52dfd32792c5bf5ab,1360634,,,,,,,,,,,,,,,,,,,,,,,,,,,,,,,,,,,,,,,,,,,,,,,,,,TN,,,,,,,,,,
autoland,3646670,2,6311658df04f8b9dab1d842cf1ddc69e83bd8127,linux64-qr,,False,,,102210fe594ee9b33d82058545b1ed14f4c8206e,num_static_constructors,compiler_metrics,True,compiler_metrics num_static_constructors opt valgrind,,77,,,443449254.0,1826554888,2024-01-16 10:13:27,118.0,fdc4e027fbbef19b4986dac2c51581e7e4b5dd00,1360693,,,,,,,,,,,,,,,,,,,,,,,,,,,,,,,,,,,,,,,,,,,,,,,,,,TN,,,,,,,,,,
autoland,3646670,2,6311658df04f8b9dab1d842cf1ddc69e83bd8127,linux64-qr,,False,,,102210fe594ee9b33d82058545b1ed14f4c8206e,num_static_constructors,compiler_metrics,True,compiler_metrics num_static_constructors opt valgrind,,77,,,443468669.0,1826613166,2024-01-16 12:14:54,118.0,b7a792b71de6beb8e167d10494fa1c387f55f9c2,1360755,,,,,,,,,,,,,,,,,,,,,,,,,,,,,,,,,,,,,,,,,,,,,,,,,,TN,,,,,,,,,,
autoland,3646670,2,6311658df04f8b9dab1d842cf1ddc69e83bd8127,linux64-qr,,False,,,102210fe594ee9b33d82058545b1ed14f4c8206e,num_static_constructors,compiler_metrics,True,compiler_metrics num_static_constructors opt valgrind,,77,,,443489812.0,1826704704,2024-01-16 15:14:00,118.0,8860b1c6da419bb5251ac963c11225c622336b1e,1360876,,,,,,,,,,,,,,,,,,,,,,,,,,,,,,,,,,,,,,,,,,,,,,,,,,TN,,,,,,,,,,
autoland,3646670,2,6311658df04f8b9dab1d842cf1ddc69e83bd8127,linux64-qr,,False,,,102210fe594ee9b33d82058545b1ed14f4c8206e,num_static_constructors,compiler_metrics,True,compiler_metrics num_static_constructors opt valgrind,,77,,,443493496.0,1826725556,2024-01-16 16:10:42,118.0,c57d859580d036c47f9c0140e247b012211f6475,1360921,,,,,,,,,,,,,,,,,,,,,,,,,,,,,,,,,,,,,,,,,,,,,,,,,,TN,,,,,,,,,,
autoland,3646670,2,6311658df04f8b9dab1d842cf1ddc69e83bd8127,linux64-qr,,False,,,102210fe594ee9b33d82058545b1ed14f4c8206e,num_static_constructors,compiler_metrics,True,compiler_metrics num_static_constructors opt valgrind,,77,,,443505338.0,1826770038,2024-01-16 18:15:45,118.0,d6463c7ed0914e893f85644855c8aa346cb9e011,1361019,,,,,,,,,,,,,,,,,,,,,,,,,,,,,,,,,,,,,,,,,,,,,,,,,,TN,,,,,,,,,,
autoland,3646670,2,6311658df04f8b9dab1d842cf1ddc69e83bd8127,linux64-qr,,False,,,102210fe594ee9b33d82058545b1ed14f4c8206e,num_static_constructors,compiler_metrics,True,compiler_metrics num_static_constructors opt valgrind,,77,,,443508521.0,1826794850,2024-01-16 18:47:57,118.0,70d83d705e48aa6e7e7f765142176e775044db26,1361053,,,,,,,,,,,,,,,,,,,,,,,,,,,,,,,,,,,,,,,,,,,,,,,,,,TN,,,,,,,,,,
autoland,3646670,2,6311658df04f8b9dab1d842cf1ddc69e83bd8127,linux64-qr,,False,,,102210fe594ee9b33d82058545b1ed14f4c8206e,num_static_constructors,compiler_metrics,True,compiler_metrics num_static_constructors opt valgrind,,77,,,443518237.0,1826822116,2024-01-16 19:57:11,118.0,abecba5f17543e06a2a7a58a5d59ddd3bf01c6b1,1361114,,,,,,,,,,,,,,,,,,,,,,,,,,,,,,,,,,,,,,,,,,,,,,,,,,TN,,,,,,,,,,
autoland,3646670,2,6311658df04f8b9dab1d842cf1ddc69e83bd8127,linux64-qr,,False,,,102210fe594ee9b33d82058545b1ed14f4c8206e,num_static_constructors,compiler_metrics,True,compiler_metrics num_static_constructors opt valgrind,,77,,,443524658.0,1826854034,2024-01-16 21:05:47,118.0,be11cd2890f611f1552236eed7ffe53fba913a46,1361171,,,,,,,,,,,,,,,,,,,,,,,,,,,,,,,,,,,,,,,,,,,,,,,,,,TN,,,,,,,,,,
autoland,3646670,2,6311658df04f8b9dab1d842cf1ddc69e83bd8127,linux64-qr,,False,,,102210fe594ee9b33d82058545b1ed14f4c8206e,num_static_constructors,compiler_metrics,True,compiler_metrics num_static_constructors opt valgrind,,77,,,443534867.0,1826889982,2024-01-16 22:25:34,118.0,ace77950984d8b2f147779939c2ef9797ec9580a,1361213,,,,,,,,,,,,,,,,,,,,,,,,,,,,,,,,,,,,,,,,,,,,,,,,,,TN,,,,,,,,,,
autoland,3646670,2,6311658df04f8b9dab1d842cf1ddc69e83bd8127,linux64-qr,,False,,,102210fe594ee9b33d82058545b1ed14f4c8206e,num_static_constructors,compiler_metrics,True,compiler_metrics num_static_constructors opt valgrind,,77,,,443548712.0,1826927941,2024-01-17 00:27:37,118.0,2425c93f20f61b806df955141332d7cb553c6efb,1361277,,,,,,,,,,,,,,,,,,,,,,,,,,,,,,,,,,,,,,,,,,,,,,,,,,TN,,,,,,,,,,
autoland,3646670,2,6311658df04f8b9dab1d842cf1ddc69e83bd8127,linux64-qr,,False,,,102210fe594ee9b33d82058545b1ed14f4c8206e,num_static_constructors,compiler_metrics,True,compiler_metrics num_static_constructors opt valgrind,,77,,,443561659.0,1827022484,2024-01-17 05:04:36,118.0,71000174812fc0992b6793e53ac5f11f1b87bdc0,1361364,,,,,,,,,,,,,,,,,,,,,,,,,,,,,,,,,,,,,,,,,,,,,,,,,,TN,,,,,,,,,,
autoland,3646670,2,6311658df04f8b9dab1d842cf1ddc69e83bd8127,linux64-qr,,False,,,102210fe594ee9b33d82058545b1ed14f4c8206e,num_static_constructors,compiler_metrics,True,compiler_metrics num_static_constructors opt valgrind,,77,,,443583600.0,1827146719,2024-01-17 09:39:35,118.0,504ffc20d2ebb35be48357830d614ec96765c802,1361428,,,,,,,,,,,,,,,,,,,,,,,,,,,,,,,,,,,,,,,,,,,,,,,,,,TN,,,,,,,,,,
autoland,3646670,2,6311658df04f8b9dab1d842cf1ddc69e83bd8127,linux64-qr,,False,,,102210fe594ee9b33d82058545b1ed14f4c8206e,num_static_constructors,compiler_metrics,True,compiler_metrics num_static_constructors opt valgrind,,77,,,443600332.0,1827192989,2024-01-17 11:04:44,118.0,362d9aca9e101b9ee8f7efe2a7c456e245e6313c,1361499,,,,,,,,,,,,,,,,,,,,,,,,,,,,,,,,,,,,,,,,,,,,,,,,,,TN,,,,,,,,,,
autoland,3646670,2,6311658df04f8b9dab1d842cf1ddc69e83bd8127,linux64-qr,,False,,,102210fe594ee9b33d82058545b1ed14f4c8206e,num_static_constructors,compiler_metrics,True,compiler_metrics num_static_constructors opt valgrind,,77,,,443633649.0,1827319562,2024-01-17 14:11:04,118.0,51ded5545163f1a0a3ff3790e9a25c0351e5d7b6,1361596,,,,,,,,,,,,,,,,,,,,,,,,,,,,,,,,,,,,,,,,,,,,,,,,,,TN,,,,,,,,,,
autoland,3646670,2,6311658df04f8b9dab1d842cf1ddc69e83bd8127,linux64-qr,,False,,,102210fe594ee9b33d82058545b1ed14f4c8206e,num_static_constructors,compiler_metrics,True,compiler_metrics num_static_constructors opt valgrind,,77,,,443654121.0,1827371367,2024-01-17 15:07:48,118.0,848e3e2acdf34af9e6862b8a77a8d1ea39c48098,1361632,,,,,,,,,,,,,,,,,,,,,,,,,,,,,,,,,,,,,,,,,,,,,,,,,,TN,,,,,,,,,,
autoland,3646670,2,6311658df04f8b9dab1d842cf1ddc69e83bd8127,linux64-qr,,False,,,102210fe594ee9b33d82058545b1ed14f4c8206e,num_static_constructors,compiler_metrics,True,compiler_metrics num_static_constructors opt valgrind,,77,,,443657224.0,1827378544,2024-01-17 15:18:54,118.0,a11dab561c63102a4ed97f42068f448ec332c652,1361644,,,,,,,,,,,,,,,,,,,,,,,,,,,,,,,,,,,,,,,,,,,,,,,,,,TN,,,,,,,,,,
autoland,3646670,2,6311658df04f8b9dab1d842cf1ddc69e83bd8127,linux64-qr,,False,,,102210fe594ee9b33d82058545b1ed14f4c8206e,num_static_constructors,compiler_metrics,True,compiler_metrics num_static_constructors opt valgrind,,77,,,443681538.0,1827523344,2024-01-17 22:06:25,118.0,992d35d6a57c8be1609c1e94c5b791751d4daced,1361876,,,,,,,,,,,,,,,,,,,,,,,,,,,,,,,,,,,,,,,,,,,,,,,,,,TN,,,,,,,,,,
autoland,3646670,2,6311658df04f8b9dab1d842cf1ddc69e83bd8127,linux64-qr,,False,,,102210fe594ee9b33d82058545b1ed14f4c8206e,num_static_constructors,compiler_metrics,True,compiler_metrics num_static_constructors opt valgrind,,77,,,443700387.0,1827600784,2024-01-17 23:49:06,118.0,fe239ad8a8aea4198d356ae3ab92415c5237b530,1361957,,,,,,,,,,,,,,,,,,,,,,,,,,,,,,,,,,,,,,,,,,,,,,,,,,TN,,,,,,,,,,
autoland,3646670,2,6311658df04f8b9dab1d842cf1ddc69e83bd8127,linux64-qr,,False,,,102210fe594ee9b33d82058545b1ed14f4c8206e,num_static_constructors,compiler_metrics,True,compiler_metrics num_static_constructors opt valgrind,,77,,,443700678.0,1827610336,2024-01-17 23:52:50,118.0,79a6322a49b2f811fe674c1802ab75b99d9c95a3,1361961,,,,,,,,,,,,,,,,,,,,,,,,,,,,,,,,,,,,,,,,,,,,,,,,,,TN,,,,,,,,,,
autoland,3646670,2,6311658df04f8b9dab1d842cf1ddc69e83bd8127,linux64-qr,,False,,,102210fe594ee9b33d82058545b1ed14f4c8206e,num_static_constructors,compiler_metrics,True,compiler_metrics num_static_constructors opt valgrind,,77,,,443716363.0,1827692285,2024-01-18 01:49:32,118.0,c38d482445a0c034ac7b8fc0219092fccdbc58b2,1362034,,,,,,,,,,,,,,,,,,,,,,,,,,,,,,,,,,,,,,,,,,,,,,,,,,TN,,,,,,,,,,
autoland,3646670,2,6311658df04f8b9dab1d842cf1ddc69e83bd8127,linux64-qr,,False,,,102210fe594ee9b33d82058545b1ed14f4c8206e,num_static_constructors,compiler_metrics,True,compiler_metrics num_static_constructors opt valgrind,,77,,,443717050.0,1827704889,2024-01-18 01:57:56,118.0,cf3ce7d3c82dcdac5f895ba5c5edb2f64f806e0e,1362044,,,,,,,,,,,,,,,,,,,,,,,,,,,,,,,,,,,,,,,,,,,,,,,,,,TN,,,,,,,,,,
autoland,3646670,2,6311658df04f8b9dab1d842cf1ddc69e83bd8127,linux64-qr,,False,,,102210fe594ee9b33d82058545b1ed14f4c8206e,num_static_constructors,compiler_metrics,True,compiler_metrics num_static_constructors opt valgrind,,77,,,443737834.0,1827856285,2024-01-18 06:50:06,118.0,a505d6315623943fb581b7f21beece40fc6faf17,1362092,,,,,,,,,,,,,,,,,,,,,,,,,,,,,,,,,,,,,,,,,,,,,,,,,,TN,,,,,,,,,,
autoland,3646670,2,6311658df04f8b9dab1d842cf1ddc69e83bd8127,linux64-qr,,False,,,102210fe594ee9b33d82058545b1ed14f4c8206e,num_static_constructors,compiler_metrics,True,compiler_metrics num_static_constructors opt valgrind,,77,,,443782351.0,1828060685,2024-01-18 07:02:41,118.0,842adcf822fc168da5c9a2745cacfe10d05a0d8b,1362099,,,,,,,,,,,,,,,,,,,,,,,,,,,,,,,,,,,,,,,,,,,,,,,,,,TN,,,,,,,,,,
autoland,3646670,2,6311658df04f8b9dab1d842cf1ddc69e83bd8127,linux64-qr,,False,,,102210fe594ee9b33d82058545b1ed14f4c8206e,num_static_constructors,compiler_metrics,True,compiler_metrics num_static_constructors opt valgrind,,77,,,443782359.0,1828060956,2024-01-18 07:04:47,118.0,2775f61c6182e72522debd25904bb9ab2e920a39,1362101,,,,,,,,,,,,,,,,,,,,,,,,,,,,,,,,,,,,,,,,,,,,,,,,,,TN,,,,,,,,,,
autoland,3646670,2,6311658df04f8b9dab1d842cf1ddc69e83bd8127,linux64-qr,,False,,,102210fe594ee9b33d82058545b1ed14f4c8206e,num_static_constructors,compiler_metrics,True,compiler_metrics num_static_constructors opt valgrind,,77,,,443782357.0,1828060868,2024-01-18 07:08:03,118.0,b99c279d3a01dbaa4447662211a6aebc83e2cd33,1362102,,,,,,,,,,,,,,,,,,,,,,,,,,,,,,,,,,,,,,,,,,,,,,,,,,TN,,,,,,,,,,
autoland,3646670,2,6311658df04f8b9dab1d842cf1ddc69e83bd8127,linux64-qr,,False,,,102210fe594ee9b33d82058545b1ed14f4c8206e,num_static_constructors,compiler_metrics,True,compiler_metrics num_static_constructors opt valgrind,,77,,,443782354.0,1828061183,2024-01-18 07:15:13,118.0,ec2f6ca29b9e512436a034bcc95fc8a3b1f1aa45,1362103,,,,,,,,,,,,,,,,,,,,,,,,,,,,,,,,,,,,,,,,,,,,,,,,,,TN,,,,,,,,,,
autoland,3646670,2,6311658df04f8b9dab1d842cf1ddc69e83bd8127,linux64-qr,,False,,,102210fe594ee9b33d82058545b1ed14f4c8206e,num_static_constructors,compiler_metrics,True,compiler_metrics num_static_constructors opt valgrind,,77,,,443782361.0,1828061510,2024-01-18 07:44:53,118.0,8f688ebed34e24b876330dc1811d16f542552354,1362115,,,,,,,,,,,,,,,,,,,,,,,,,,,,,,,,,,,,,,,,,,,,,,,,,,TN,,,,,,,,,,
autoland,3646670,2,6311658df04f8b9dab1d842cf1ddc69e83bd8127,linux64-qr,,False,,,102210fe594ee9b33d82058545b1ed14f4c8206e,num_static_constructors,compiler_metrics,True,compiler_metrics num_static_constructors opt valgrind,,77,,,443782358.0,1828061294,2024-01-18 08:39:28,118.0,cb7f55b1b973c4a8d7462df283879d087fc23045,1362139,,,,,,,,,,,,,,,,,,,,,,,,,,,,,,,,,,,,,,,,,,,,,,,,,,TN,,,,,,,,,,
autoland,3646670,2,6311658df04f8b9dab1d842cf1ddc69e83bd8127,linux64-qr,,False,,,102210fe594ee9b33d82058545b1ed14f4c8206e,num_static_constructors,compiler_metrics,True,compiler_metrics num_static_constructors opt valgrind,,77,,,443782356.0,1828061579,2024-01-18 08:41:12,118.0,d68be4a9d83b76f67f68af04f0c4509da2c2c39b,1362143,,,,,,,,,,,,,,,,,,,,,,,,,,,,,,,,,,,,,,,,,,,,,,,,,,TN,,,,,,,,,,
autoland,3646670,2,6311658df04f8b9dab1d842cf1ddc69e83bd8127,linux64-qr,,False,,,102210fe594ee9b33d82058545b1ed14f4c8206e,num_static_constructors,compiler_metrics,True,compiler_metrics num_static_constructors opt valgrind,,77,,,443782366.0,1828052368,2024-01-18 09:13:04,118.0,2916a04fa1be98f705d99257f771050fbc179e06,1362154,,,,,,,,,,,,,,,,,,,,,,,,,,,,,,,,,,,,,,,,,,,,,,,,,,TN,,,,,,,,,,
autoland,3646670,2,6311658df04f8b9dab1d842cf1ddc69e83bd8127,linux64-qr,,False,,,102210fe594ee9b33d82058545b1ed14f4c8206e,num_static_constructors,compiler_metrics,True,compiler_metrics num_static_constructors opt valgrind,,77,,,443782365.0,1828064507,2024-01-18 10:28:42,118.0,60c297a70f0e3eb084407c8ebdea2e1ab6681b07,1362177,,,,,,,,,,,,,,,,,,,,,,,,,,,,,,,,,,,,,,,,,,,,,,,,,,TN,,,,,,,,,,
autoland,3646670,2,6311658df04f8b9dab1d842cf1ddc69e83bd8127,linux64-qr,,False,,,102210fe594ee9b33d82058545b1ed14f4c8206e,num_static_constructors,compiler_metrics,True,compiler_metrics num_static_constructors opt valgrind,,77,,,443764817.0,1827980369,2024-01-18 10:52:50,118.0,0688ca401470034e41e10f2480620e88cac2700f,1362184,,,,,,,,,,,,,,,,,,,,,,,,,,,,,,,,,,,,,,,,,,,,,,,,,,TN,,,,,,,,,,
autoland,3646670,2,6311658df04f8b9dab1d842cf1ddc69e83bd8127,linux64-qr,,False,,,102210fe594ee9b33d82058545b1ed14f4c8206e,num_static_constructors,compiler_metrics,True,compiler_metrics num_static_constructors opt valgrind,,77,,,443774049.0,1828022157,2024-01-18 10:52:50,118.0,0688ca401470034e41e10f2480620e88cac2700f,1362184,,,,,,,,,,,,,,,,,,,,,,,,,,,,,,,,,,,,,,,,,,,,,,,,,,TN,,,,,,,,,,
autoland,3646670,2,6311658df04f8b9dab1d842cf1ddc69e83bd8127,linux64-qr,,False,,,102210fe594ee9b33d82058545b1ed14f4c8206e,num_static_constructors,compiler_metrics,True,compiler_metrics num_static_constructors opt valgrind,,77,,,443774053.0,1828023422,2024-01-18 10:52:50,118.0,0688ca401470034e41e10f2480620e88cac2700f,1362184,,,,,,,,,,,,,,,,,,,,,,,,,,,,,,,,,,,,,,,,,,,,,,,,,,TN,,,,,,,,,,
autoland,3646670,2,6311658df04f8b9dab1d842cf1ddc69e83bd8127,linux64-qr,,False,,,102210fe594ee9b33d82058545b1ed14f4c8206e,num_static_constructors,compiler_metrics,True,compiler_metrics num_static_constructors opt valgrind,,77,,,443778735.0,1828050749,2024-01-18 10:52:50,118.0,0688ca401470034e41e10f2480620e88cac2700f,1362184,,,,,,,,,,,,,,,,,,,,,,,,,,,,,,,,,,,,,,,,,,,,,,,,,,TN,,,,,,,,,,
autoland,3646670,2,6311658df04f8b9dab1d842cf1ddc69e83bd8127,linux64-qr,,False,,,102210fe594ee9b33d82058545b1ed14f4c8206e,num_static_constructors,compiler_metrics,True,compiler_metrics num_static_constructors opt valgrind,,77,,,443793597.0,1828118680,2024-01-18 11:45:08,118.0,99bd3eeb6ed504f433837a067962aa5b15aeee49,1362205,,,,,,,,,,,,,,,,,,,,,,,,,,,,,,,,,,,,,,,,,,,,,,,,,,TN,,,,,,,,,,
autoland,3646670,2,6311658df04f8b9dab1d842cf1ddc69e83bd8127,linux64-qr,,False,,,102210fe594ee9b33d82058545b1ed14f4c8206e,num_static_constructors,compiler_metrics,True,compiler_metrics num_static_constructors opt valgrind,,77,,,443793602.0,1828121921,2024-01-18 11:51:21,118.0,b0cfcec88155f8d78471d5ec65ef775e7f6b2eb5,1362206,,,,,,,,,,,,,,,,,,,,,,,,,,,,,,,,,,,,,,,,,,,,,,,,,,TN,,,,,,,,,,
autoland,3646670,2,6311658df04f8b9dab1d842cf1ddc69e83bd8127,linux64-qr,,False,,,102210fe594ee9b33d82058545b1ed14f4c8206e,num_static_constructors,compiler_metrics,True,compiler_metrics num_static_constructors opt valgrind,,77,,,443793603.0,1828112457,2024-01-18 11:53:45,118.0,be072303feafdac9f5574eb97613a65b9784d9b7,1362207,,,,,,,,,,,,,,,,,,,,,,,,,,,,,,,,,,,,,,,,,,,,,,,,,,TN,,,,,,,,,,
autoland,3646670,2,6311658df04f8b9dab1d842cf1ddc69e83bd8127,linux64-qr,,False,,,102210fe594ee9b33d82058545b1ed14f4c8206e,num_static_constructors,compiler_metrics,True,compiler_metrics num_static_constructors opt valgrind,,77,,,443793598.0,1828112360,2024-01-18 12:02:21,118.0,b0bdabde28a4c79d072e0ced2d0ce6dd758b9fb7,1362208,,,,,,,,,,,,,,,,,,,,,,,,,,,,,,,,,,,,,,,,,,,,,,,,,,TN,,,,,,,,,,
autoland,3646670,2,6311658df04f8b9dab1d842cf1ddc69e83bd8127,linux64-qr,,False,,,102210fe594ee9b33d82058545b1ed14f4c8206e,num_static_constructors,compiler_metrics,True,compiler_metrics num_static_constructors opt valgrind,,77,,,443793605.0,1828113213,2024-01-18 12:08:19,118.0,add76260700983f2c88489b8f2f051ae8bbff19b,1362209,,,,,,,,,,,,,,,,,,,,,,,,,,,,,,,,,,,,,,,,,,,,,,,,,,TN,,,,,,,,,,
autoland,3646670,2,6311658df04f8b9dab1d842cf1ddc69e83bd8127,linux64-qr,,False,,,102210fe594ee9b33d82058545b1ed14f4c8206e,num_static_constructors,compiler_metrics,True,compiler_metrics num_static_constructors opt valgrind,,77,,,443793660.0,1828112572,2024-01-18 12:23:11,118.0,767ba4ef07252a07fa3559b7d1d80c888af1168e,1362213,,,,,,,,,,,,,,,,,,,,,,,,,,,,,,,,,,,,,,,,,,,,,,,,,,TN,,,,,,,,,,
autoland,3646670,2,6311658df04f8b9dab1d842cf1ddc69e83bd8127,linux64-qr,,False,,,102210fe594ee9b33d82058545b1ed14f4c8206e,num_static_constructors,compiler_metrics,True,compiler_metrics num_static_constructors opt valgrind,,77,,,443793601.0,1828117003,2024-01-18 12:28:08,118.0,e376cec975f395fceba76b52ea585efed4878f6e,1362215,,,,,,,,,,,,,,,,,,,,,,,,,,,,,,,,,,,,,,,,,,,,,,,,,,TN,,,,,,,,,,
autoland,3646670,2,6311658df04f8b9dab1d842cf1ddc69e83bd8127,linux64-qr,,False,,,102210fe594ee9b33d82058545b1ed14f4c8206e,num_static_constructors,compiler_metrics,True,compiler_metrics num_static_constructors opt valgrind,,77,,,443793610.0,1828112683,2024-01-18 13:12:18,118.0,00e0fe60fc8141abcb0a10a6965da881ba78834e,1362224,,,,,,,,,,,,,,,,,,,,,,,,,,,,,,,,,,,,,,,,,,,,,,,,,,TN,,,,,,,,,,
autoland,3646670,2,6311658df04f8b9dab1d842cf1ddc69e83bd8127,linux64-qr,,False,,,102210fe594ee9b33d82058545b1ed14f4c8206e,num_static_constructors,compiler_metrics,True,compiler_metrics num_static_constructors opt valgrind,,77,,,443793609.0,1828112778,2024-01-18 13:14:27,118.0,f61c77fafa8a786ea9fa57fdac26a50855287c1b,1362226,,,,,,,,,,,,,,,,,,,,,,,,,,,,,,,,,,,,,,,,,,,,,,,,,,TN,,,,,,,,,,
autoland,3646670,2,6311658df04f8b9dab1d842cf1ddc69e83bd8127,linux64-qr,,False,,,102210fe594ee9b33d82058545b1ed14f4c8206e,num_static_constructors,compiler_metrics,True,compiler_metrics num_static_constructors opt valgrind,,77,,,443785409.0,1828080259,2024-01-18 13:21:23,118.0,68ff26df33468fe750b39f175b43b8507718ece4,1362232,,,,,,,,,,,,,,,,,,,,,,,,,,,,,,,,,,,,,,,,,,,,,,,,,,TN,,,,,,,,,,
autoland,3646670,2,6311658df04f8b9dab1d842cf1ddc69e83bd8127,linux64-qr,,False,,,102210fe594ee9b33d82058545b1ed14f4c8206e,num_static_constructors,compiler_metrics,True,compiler_metrics num_static_constructors opt valgrind,,77,,,443793310.0,1828114728,2024-01-18 13:21:23,118.0,68ff26df33468fe750b39f175b43b8507718ece4,1362232,,,,,,,,,,,,,,,,,,,,,,,,,,,,,,,,,,,,,,,,,,,,,,,,,,TN,,,,,,,,,,
autoland,3646670,2,6311658df04f8b9dab1d842cf1ddc69e83bd8127,linux64-qr,,False,,,102210fe594ee9b33d82058545b1ed14f4c8206e,num_static_constructors,compiler_metrics,True,compiler_metrics num_static_constructors opt valgrind,,77,,,443793312.0,1828112712,2024-01-18 13:21:23,118.0,68ff26df33468fe750b39f175b43b8507718ece4,1362232,,,,,,,,,,,,,,,,,,,,,,,,,,,,,,,,,,,,,,,,,,,,,,,,,,TN,,,,,,,,,,
autoland,3646670,2,6311658df04f8b9dab1d842cf1ddc69e83bd8127,linux64-qr,,False,,,102210fe594ee9b33d82058545b1ed14f4c8206e,num_static_constructors,compiler_metrics,True,compiler_metrics num_static_constructors opt valgrind,,77,,,443793313.0,1828114136,2024-01-18 13:21:23,118.0,68ff26df33468fe750b39f175b43b8507718ece4,1362232,,,,,,,,,,,,,,,,,,,,,,,,,,,,,,,,,,,,,,,,,,,,,,,,,,TN,,,,,,,,,,
autoland,3646670,2,6311658df04f8b9dab1d842cf1ddc69e83bd8127,linux64-qr,,False,,,102210fe594ee9b33d82058545b1ed14f4c8206e,num_static_constructors,compiler_metrics,True,compiler_metrics num_static_constructors opt valgrind,,77,,,443793314.0,1828114177,2024-01-18 13:21:23,118.0,68ff26df33468fe750b39f175b43b8507718ece4,1362232,,,,,,,,,,,,,,,,,,,,,,,,,,,,,,,,,,,,,,,,,,,,,,,,,,TN,,,,,,,,,,
autoland,3646670,2,6311658df04f8b9dab1d842cf1ddc69e83bd8127,linux64-qr,,False,,,102210fe594ee9b33d82058545b1ed14f4c8206e,num_static_constructors,compiler_metrics,True,compiler_metrics num_static_constructors opt valgrind,,77,,,443793608.0,1828118248,2024-01-18 13:21:23,118.0,68ff26df33468fe750b39f175b43b8507718ece4,1362232,,,,,,,,,,,,,,,,,,,,,,,,,,,,,,,,,,,,,,,,,,,,,,,,,,TN,,,,,,,,,,
autoland,3646670,2,6311658df04f8b9dab1d842cf1ddc69e83bd8127,linux64-qr,,False,,,102210fe594ee9b33d82058545b1ed14f4c8206e,num_static_constructors,compiler_metrics,True,compiler_metrics num_static_constructors opt valgrind,,77,,,443805301.0,1828181691,2024-01-18 16:01:44,118.0,b3320921a0a66b56eb50ebd3bd8baf0ebd8d44d2,1362331,,,,,,,,,,,,,,,,,,,,,,,,,,,,,,,,,,,,,,,,,,,,,,,,,,TN,,,,,,,,,,
autoland,3646670,2,6311658df04f8b9dab1d842cf1ddc69e83bd8127,linux64-qr,,False,,,102210fe594ee9b33d82058545b1ed14f4c8206e,num_static_constructors,compiler_metrics,True,compiler_metrics num_static_constructors opt valgrind,,77,,,443828342.0,1828324344,2024-01-18 16:01:44,118.0,b3320921a0a66b56eb50ebd3bd8baf0ebd8d44d2,1362331,,,,,,,,,,,,,,,,,,,,,,,,,,,,,,,,,,,,,,,,,,,,,,,,,,TN,,,,,,,,,,
autoland,3646670,2,6311658df04f8b9dab1d842cf1ddc69e83bd8127,linux64-qr,,False,,,102210fe594ee9b33d82058545b1ed14f4c8206e,num_static_constructors,compiler_metrics,True,compiler_metrics num_static_constructors opt valgrind,,77,,,443824644.0,1828298013,2024-01-18 16:29:27,118.0,da092d881d44f60e7c5ae33f596dcdf706117ced,1362347,,,,,,,,,,,,,,,,,,,,,,,,,,,,,,,,,,,,,,,,,,,,,,,,,,TN,,,,,,,,,,
autoland,3646670,2,6311658df04f8b9dab1d842cf1ddc69e83bd8127,linux64-qr,,False,,,102210fe594ee9b33d82058545b1ed14f4c8206e,num_static_constructors,compiler_metrics,True,compiler_metrics num_static_constructors opt valgrind,,77,,,443825228.0,1828298578,2024-01-18 16:30:45,118.0,d3dbc31bd0c97dd4a1b1d91e2768d10a9afc9701,1362348,,,,,,,,,,,,,,,,,,,,,,,,,,,,,,,,,,,,,,,,,,,,,,,,,,TN,,,,,,,,,,
autoland,3646670,2,6311658df04f8b9dab1d842cf1ddc69e83bd8127,linux64-qr,,False,,,102210fe594ee9b33d82058545b1ed14f4c8206e,num_static_constructors,compiler_metrics,True,compiler_metrics num_static_constructors opt valgrind,,77,,,443825227.0,1828298276,2024-01-18 16:45:34,118.0,d2c0a33fe5052f8d2eb48a22443c62823f03e8cd,1362361,,,,,,,,,,,,,,,,,,,,,,,,,,,,,,,,,,,,,,,,,,,,,,,,,,TN,,,,,,,,,,
autoland,3646670,2,6311658df04f8b9dab1d842cf1ddc69e83bd8127,linux64-qr,,False,,,102210fe594ee9b33d82058545b1ed14f4c8206e,num_static_constructors,compiler_metrics,True,compiler_metrics num_static_constructors opt valgrind,,77,,,443824651.0,1828297578,2024-01-18 16:57:10,118.0,db48f655ab8dc5fe3f840c641eff9738602914b7,1362375,,,,,,,,,,,,,,,,,,,,,,,,,,,,,,,,,,,,,,,,,,,,,,,,,,TN,,,,,,,,,,
autoland,3646670,2,6311658df04f8b9dab1d842cf1ddc69e83bd8127,linux64-qr,,False,,,102210fe594ee9b33d82058545b1ed14f4c8206e,num_static_constructors,compiler_metrics,True,compiler_metrics num_static_constructors opt valgrind,,77,,,443824649.0,1828297451,2024-01-18 17:09:18,118.0,a8459db8e74b6beca751ca8db50b41f8d6a7f76c,1362385,,,,,,,,,,,,,,,,,,,,,,,,,,,,,,,,,,,,,,,,,,,,,,,,,,TN,,,,,,,,,,
autoland,3646670,2,6311658df04f8b9dab1d842cf1ddc69e83bd8127,linux64-qr,,False,,,102210fe594ee9b33d82058545b1ed14f4c8206e,num_static_constructors,compiler_metrics,True,compiler_metrics num_static_constructors opt valgrind,,77,,,443824648.0,1828297083,2024-01-18 17:18:32,118.0,5a43bc7dfb197a739a10a231753f8f94ca8557af,1362395,,,,,,,,,,,,,,,,,,,,,,,,,,,,,,,,,,,,,,,,,,,,,,,,,,TN,,,,,,,,,,
autoland,3646670,2,6311658df04f8b9dab1d842cf1ddc69e83bd8127,linux64-qr,,False,,,102210fe594ee9b33d82058545b1ed14f4c8206e,num_static_constructors,compiler_metrics,True,compiler_metrics num_static_constructors opt valgrind,,77,,,443824660.0,1828297935,2024-01-18 17:22:49,118.0,701a2b1b439d9eb312938b9c7741abf38204aa24,1362397,,,,,,,,,,,,,,,,,,,,,,,,,,,,,,,,,,,,,,,,,,,,,,,,,,TN,,,,,,,,,,
autoland,3646670,2,6311658df04f8b9dab1d842cf1ddc69e83bd8127,linux64-qr,,False,,,102210fe594ee9b33d82058545b1ed14f4c8206e,num_static_constructors,compiler_metrics,True,compiler_metrics num_static_constructors opt valgrind,,77,,,443816362.0,1828249109,2024-01-18 17:52:02,118.0,2b70f662a79773d519e78f0b8b64723a20b1e788,1362427,,,,,,,,,,,,,,,,,,,,,,,,,,,,,,,,,,,,,,,,,,,,,,,,,,TN,,,,,,,,,,
autoland,3646670,2,6311658df04f8b9dab1d842cf1ddc69e83bd8127,linux64-qr,,False,,,102210fe594ee9b33d82058545b1ed14f4c8206e,num_static_constructors,compiler_metrics,True,compiler_metrics num_static_constructors opt valgrind,,77,,,443824182.0,1828298853,2024-01-18 17:52:02,118.0,2b70f662a79773d519e78f0b8b64723a20b1e788,1362427,,,,,,,,,,,,,,,,,,,,,,,,,,,,,,,,,,,,,,,,,,,,,,,,,,TN,,,,,,,,,,
autoland,3646670,2,6311658df04f8b9dab1d842cf1ddc69e83bd8127,linux64-qr,,False,,,102210fe594ee9b33d82058545b1ed14f4c8206e,num_static_constructors,compiler_metrics,True,compiler_metrics num_static_constructors opt valgrind,,77,,,443824283.0,1828297844,2024-01-18 17:52:02,118.0,2b70f662a79773d519e78f0b8b64723a20b1e788,1362427,,,,,,,,,,,,,,,,,,,,,,,,,,,,,,,,,,,,,,,,,,,,,,,,,,TN,,,,,,,,,,
autoland,3646670,2,6311658df04f8b9dab1d842cf1ddc69e83bd8127,linux64-qr,,False,,,102210fe594ee9b33d82058545b1ed14f4c8206e,num_static_constructors,compiler_metrics,True,compiler_metrics num_static_constructors opt valgrind,,77,,,443824316.0,1828296832,2024-01-18 17:52:02,118.0,2b70f662a79773d519e78f0b8b64723a20b1e788,1362427,,,,,,,,,,,,,,,,,,,,,,,,,,,,,,,,,,,,,,,,,,,,,,,,,,TN,,,,,,,,,,
autoland,3646670,2,6311658df04f8b9dab1d842cf1ddc69e83bd8127,linux64-qr,,False,,,102210fe594ee9b33d82058545b1ed14f4c8206e,num_static_constructors,compiler_metrics,True,compiler_metrics num_static_constructors opt valgrind,,77,,,443824320.0,1828296351,2024-01-18 17:52:02,118.0,2b70f662a79773d519e78f0b8b64723a20b1e788,1362427,,,,,,,,,,,,,,,,,,,,,,,,,,,,,,,,,,,,,,,,,,,,,,,,,,TN,,,,,,,,,,
autoland,3646670,2,6311658df04f8b9dab1d842cf1ddc69e83bd8127,linux64-qr,,False,,,102210fe594ee9b33d82058545b1ed14f4c8206e,num_static_constructors,compiler_metrics,True,compiler_metrics num_static_constructors opt valgrind,,77,,,443824379.0,1828300733,2024-01-18 17:52:02,118.0,2b70f662a79773d519e78f0b8b64723a20b1e788,1362427,,,,,,,,,,,,,,,,,,,,,,,,,,,,,,,,,,,,,,,,,,,,,,,,,,TN,,,,,,,,,,
autoland,3646670,2,6311658df04f8b9dab1d842cf1ddc69e83bd8127,linux64-qr,,False,,,102210fe594ee9b33d82058545b1ed14f4c8206e,num_static_constructors,compiler_metrics,True,compiler_metrics num_static_constructors opt valgrind,,77,,,443838721.0,1828376850,2024-01-18 21:44:23,118.0,7969278ce39fb302c3bee8f0db090958192ce28e,1362563,,,,,,,,,,,,,,,,,,,,,,,,,,,,,,,,,,,,,,,,,,,,,,,,,,TN,,,,,,,,,,
autoland,3646670,2,6311658df04f8b9dab1d842cf1ddc69e83bd8127,linux64-qr,,False,,,102210fe594ee9b33d82058545b1ed14f4c8206e,num_static_constructors,compiler_metrics,True,compiler_metrics num_static_constructors opt valgrind,,77,,,443850775.0,1828412639,2024-01-18 23:10:50,118.0,ef9ad6a28dae5d4efbe723dde5068cfdde493918,1362632,,,,,,,,,,,,,,,,,,,,,,,,,,,,,,,,,,,,,,,,,,,,,,,,,,TN,,,,,,,,,,
autoland,3646670,2,6311658df04f8b9dab1d842cf1ddc69e83bd8127,linux64-qr,,False,,,102210fe594ee9b33d82058545b1ed14f4c8206e,num_static_constructors,compiler_metrics,True,compiler_metrics num_static_constructors opt valgrind,,77,,,443851722.0,1828424130,2024-01-18 23:17:45,118.0,5624cd2e1525fd15b148c44ce2106fce74d6f297,1362637,,,,,,,,,,,,,,,,,,,,,,,,,,,,,,,,,,,,,,,,,,,,,,,,,,TN,,,,,,,,,,
autoland,3646670,2,6311658df04f8b9dab1d842cf1ddc69e83bd8127,linux64-qr,,False,,,102210fe594ee9b33d82058545b1ed14f4c8206e,num_static_constructors,compiler_metrics,True,compiler_metrics num_static_constructors opt valgrind,,77,,,443875951.0,1828534500,2024-01-19 01:50:56,118.0,56c29b147a21b002d6137f459e7f33207cd8c088,1362684,,,,,,,,,,,,,,,,,,,,,,,,,,,,,,,,,,,,,,,,,,,,,,,,,,TN,,,,,,,,,,
autoland,3646670,2,6311658df04f8b9dab1d842cf1ddc69e83bd8127,linux64-qr,,False,,,102210fe594ee9b33d82058545b1ed14f4c8206e,num_static_constructors,compiler_metrics,True,compiler_metrics num_static_constructors opt valgrind,,77,,,443884318.0,1828583746,2024-01-19 04:17:47,118.0,b6393478fdf670fcce10fd4334c2601561eaea5d,1362724,,,,,,,,,,,,,,,,,,,,,,,,,,,,,,,,,,,,,,,,,,,,,,,,,,TN,,,,,,,,,,
autoland,3646670,2,6311658df04f8b9dab1d842cf1ddc69e83bd8127,linux64-qr,,False,,,102210fe594ee9b33d82058545b1ed14f4c8206e,num_static_constructors,compiler_metrics,True,compiler_metrics num_static_constructors opt valgrind,,77,,,443907031.0,1828693025,2024-01-19 10:07:40,118.0,99bf71eaca444aa371e7c84536a1b8aa434ef205,1362807,,,,,,,,,,,,,,,,,,,,,,,,,,,,,,,,,,,,,,,,,,,,,,,,,,TN,,,,,,,,,,
autoland,3646670,2,6311658df04f8b9dab1d842cf1ddc69e83bd8127,linux64-qr,,False,,,102210fe594ee9b33d82058545b1ed14f4c8206e,num_static_constructors,compiler_metrics,True,compiler_metrics num_static_constructors opt valgrind,,77,,,443912301.0,1828707451,2024-01-19 10:28:03,118.0,7459e9088955262e4430e24661d856acc7ca8929,1362814,,,,,,,,,,,,,,,,,,,,,,,,,,,,,,,,,,,,,,,,,,,,,,,,,,TN,,,,,,,,,,
autoland,3646670,2,6311658df04f8b9dab1d842cf1ddc69e83bd8127,linux64-qr,,False,,,102210fe594ee9b33d82058545b1ed14f4c8206e,num_static_constructors,compiler_metrics,True,compiler_metrics num_static_constructors opt valgrind,,77,,,443947975.0,1828855283,2024-01-19 14:55:23,118.0,3aabb457a4630b878d121ef2eb9d2f0448847a6b,1362913,,,,,,,,,,,,,,,,,,,,,,,,,,,,,,,,,,,,,,,,,,,,,,,,,,TN,,,,,,,,,,
autoland,3646670,2,6311658df04f8b9dab1d842cf1ddc69e83bd8127,linux64-qr,,False,,,102210fe594ee9b33d82058545b1ed14f4c8206e,num_static_constructors,compiler_metrics,True,compiler_metrics num_static_constructors opt valgrind,,77,,,443948586.0,1828856916,2024-01-19 15:12:10,118.0,360e8776654a34e10c46c81714ec9209ff0e272d,1362924,,,,,,,,,,,,,,,,,,,,,,,,,,,,,,,,,,,,,,,,,,,,,,,,,,TN,,,,,,,,,,
autoland,3646670,2,6311658df04f8b9dab1d842cf1ddc69e83bd8127,linux64-qr,,False,,,102210fe594ee9b33d82058545b1ed14f4c8206e,num_static_constructors,compiler_metrics,True,compiler_metrics num_static_constructors opt valgrind,,77,,,443968220.0,1828930191,2024-01-19 19:17:59,118.0,1ccd394332683308e570afe9039275d8e79be900,1363113,,,,,,,,,,,,,,,,,,,,,,,,,,,,,,,,,,,,,,,,,,,,,,,,,,TN,,,,,,,,,,
autoland,3646670,2,6311658df04f8b9dab1d842cf1ddc69e83bd8127,linux64-qr,,False,,,102210fe594ee9b33d82058545b1ed14f4c8206e,num_static_constructors,compiler_metrics,True,compiler_metrics num_static_constructors opt valgrind,,77,,,443984856.0,1829106902,2024-01-19 22:38:21,118.0,9d924486b422aecbcf36e84fcb41b89c92c5c66f,1363257,,,,,,,,,,,,,,,,,,,,,,,,,,,,,,,,,,,,,,,,,,,,,,,,,,TN,,,,,,,,,,
autoland,3646670,2,6311658df04f8b9dab1d842cf1ddc69e83bd8127,linux64-qr,,False,,,102210fe594ee9b33d82058545b1ed14f4c8206e,num_static_constructors,compiler_metrics,True,compiler_metrics num_static_constructors opt valgrind,,77,,,443990521.0,1829152090,2024-01-20 00:04:44,118.0,6d2ef7f226a0360135c1955b8805bd41d9af41e4,1363285,,,,,,,,,,,,,,,,,,,,,,,,,,,,,,,,,,,,,,,,,,,,,,,,,,TN,,,,,,,,,,
autoland,3646670,2,6311658df04f8b9dab1d842cf1ddc69e83bd8127,linux64-qr,,False,,,102210fe594ee9b33d82058545b1ed14f4c8206e,num_static_constructors,compiler_metrics,True,compiler_metrics num_static_constructors opt valgrind,,77,,,444007621.0,1829270625,2024-01-20 04:18:19,118.0,5471899cc9d0a7dfda174e9d7cfc986c2820eff8,1363367,,,,,,,,,,,,,,,,,,,,,,,,,,,,,,,,,,,,,,,,,,,,,,,,,,TN,,,,,,,,,,
autoland,3646670,2,6311658df04f8b9dab1d842cf1ddc69e83bd8127,linux64-qr,,False,,,102210fe594ee9b33d82058545b1ed14f4c8206e,num_static_constructors,compiler_metrics,True,compiler_metrics num_static_constructors opt valgrind,,77,,,444037569.0,1829476445,2024-01-21 00:59:25,118.0,4f4fa003a90f9d818ecfa36474300a11af18be25,1363463,,,,,,,,,,,,,,,,,,,,,,,,,,,,,,,,,,,,,,,,,,,,,,,,,,TN,,,,,,,,,,
autoland,3646670,2,6311658df04f8b9dab1d842cf1ddc69e83bd8127,linux64-qr,,False,,,102210fe594ee9b33d82058545b1ed14f4c8206e,num_static_constructors,compiler_metrics,True,compiler_metrics num_static_constructors opt valgrind,,77,,,444063959.0,1829561942,2024-01-21 14:36:57,118.0,0361c1f29babcfb2f10e1646dffe72cd452a3df4,1363517,,,,,,,,,,,,,,,,,,,,,,,,,,,,,,,,,,,,,,,,,,,,,,,,,,TN,,,,,,,,,,
autoland,3646670,2,6311658df04f8b9dab1d842cf1ddc69e83bd8127,linux64-qr,,False,,,102210fe594ee9b33d82058545b1ed14f4c8206e,num_static_constructors,compiler_metrics,True,compiler_metrics num_static_constructors opt valgrind,,77,,,444087796.0,1829677643,2024-01-22 07:43:27,118.0,6b4a069fe37d2413229dda3b61ccaf7b8f3a5f5d,1363663,,,,,,,,,,,,,,,,,,,,,,,,,,,,,,,,,,,,,,,,,,,,,,,,,,TN,,,,,,,,,,
autoland,3646670,2,6311658df04f8b9dab1d842cf1ddc69e83bd8127,linux64-qr,,False,,,102210fe594ee9b33d82058545b1ed14f4c8206e,num_static_constructors,compiler_metrics,True,compiler_metrics num_static_constructors opt valgrind,,77,,,444103780.0,1829730934,2024-01-22 10:58:56,118.0,095c9da9e10fc012c2e6a7d929fdcc7c03d09373,1363731,,,,,,,,,,,,,,,,,,,,,,,,,,,,,,,,,,,,,,,,,,,,,,,,,,TN,,,,,,,,,,
autoland,3646670,2,6311658df04f8b9dab1d842cf1ddc69e83bd8127,linux64-qr,,False,,,102210fe594ee9b33d82058545b1ed14f4c8206e,num_static_constructors,compiler_metrics,True,compiler_metrics num_static_constructors opt valgrind,,77,,,444131588.0,1829851534,2024-01-22 13:32:17,118.0,3f41e0c8e5a16857870d01e9a5371ffb273d79ce,1363826,,,,,,,,,,,,,,,,,,,,,,,,,,,,,,,,,,,,,,,,,,,,,,,,,,TN,,,,,,,,,,
autoland,3646670,2,6311658df04f8b9dab1d842cf1ddc69e83bd8127,linux64-qr,,False,,,102210fe594ee9b33d82058545b1ed14f4c8206e,num_static_constructors,compiler_metrics,True,compiler_metrics num_static_constructors opt valgrind,,77,,,444143335.0,1829906008,2024-01-22 15:24:53,118.0,58cedc1e4ff28881f9ebd1749feaa24edbded9ce,1363894,,,,,,,,,,,,,,,,,,,,,,,,,,,,,,,,,,,,,,,,,,,,,,,,,,TN,,,,,,,,,,
autoland,3646670,2,6311658df04f8b9dab1d842cf1ddc69e83bd8127,linux64-qr,,False,,,102210fe594ee9b33d82058545b1ed14f4c8206e,num_static_constructors,compiler_metrics,True,compiler_metrics num_static_constructors opt valgrind,,77,,,444154362.0,1829941574,2024-01-22 15:55:20,118.0,82dfbdd770bc54674f82bae256dae683772884af,1363920,,,,,,,,,,,,,,,,,,,,,,,,,,,,,,,,,,,,,,,,,,,,,,,,,,TN,,,,,,,,,,
autoland,3646670,2,6311658df04f8b9dab1d842cf1ddc69e83bd8127,linux64-qr,,False,,,102210fe594ee9b33d82058545b1ed14f4c8206e,num_static_constructors,compiler_metrics,True,compiler_metrics num_static_constructors opt valgrind,,77,,,444180513.0,1830038601,2024-01-22 18:30:00,118.0,75c3c3ed6fe2c33aa435e3a099c5f18be4b4d8d2,1364052,,,,,,,,,,,,,,,,,,,,,,,,,,,,,,,,,,,,,,,,,,,,,,,,,,TN,,,,,,,,,,
autoland,3646670,2,6311658df04f8b9dab1d842cf1ddc69e83bd8127,linux64-qr,,False,,,102210fe594ee9b33d82058545b1ed14f4c8206e,num_static_constructors,compiler_metrics,True,compiler_metrics num_static_constructors opt valgrind,,77,,,444187755.0,1830056172,2024-01-22 18:55:34,118.0,ef71d190cd57de7a178f312b29fc104e6e3e98d4,1364078,,,,,,,,,,,,,,,,,,,,,,,,,,,,,,,,,,,,,,,,,,,,,,,,,,TN,,,,,,,,,,
autoland,3646670,2,6311658df04f8b9dab1d842cf1ddc69e83bd8127,linux64-qr,,False,,,102210fe594ee9b33d82058545b1ed14f4c8206e,num_static_constructors,compiler_metrics,True,compiler_metrics num_static_constructors opt valgrind,,77,,,444200617.0,1830123480,2024-01-22 21:14:17,118.0,9867c50c335041a02e09cfe626f359dda31d1bae,1364186,,,,,,,,,,,,,,,,,,,,,,,,,,,,,,,,,,,,,,,,,,,,,,,,,,TN,,,,,,,,,,
autoland,3646670,2,6311658df04f8b9dab1d842cf1ddc69e83bd8127,linux64-qr,,False,,,102210fe594ee9b33d82058545b1ed14f4c8206e,num_static_constructors,compiler_metrics,True,compiler_metrics num_static_constructors opt valgrind,,77,,,444207414.0,1830175789,2024-01-22 22:04:08,118.0,06bafd5cf7f34e757edddf2def6a98003c6b1643,1364244,,,,,,,,,,,,,,,,,,,,,,,,,,,,,,,,,,,,,,,,,,,,,,,,,,TN,,,,,,,,,,
autoland,3646670,2,6311658df04f8b9dab1d842cf1ddc69e83bd8127,linux64-qr,,False,,,102210fe594ee9b33d82058545b1ed14f4c8206e,num_static_constructors,compiler_metrics,True,compiler_metrics num_static_constructors opt valgrind,,77,,,444232750.0,1830252323,2024-01-23 00:22:14,118.0,43fa5aa71c8c00288a4fe686f0e4bf72e2f5f28d,1364332,,,,,,,,,,,,,,,,,,,,,,,,,,,,,,,,,,,,,,,,,,,,,,,,,,TN,,,,,,,,,,
autoland,3646670,2,6311658df04f8b9dab1d842cf1ddc69e83bd8127,linux64-qr,,False,,,102210fe594ee9b33d82058545b1ed14f4c8206e,num_static_constructors,compiler_metrics,True,compiler_metrics num_static_constructors opt valgrind,,77,,,444250267.0,1830369594,2024-01-23 05:54:31,118.0,fcdb6404eb0234c50bf85922bacad525da6851d5,1364408,,,,,,,,,,,,,,,,,,,,,,,,,,,,,,,,,,,,,,,,,,,,,,,,,,TN,,,,,,,,,,
autoland,3646670,2,6311658df04f8b9dab1d842cf1ddc69e83bd8127,linux64-qr,,False,,,102210fe594ee9b33d82058545b1ed14f4c8206e,num_static_constructors,compiler_metrics,True,compiler_metrics num_static_constructors opt valgrind,,77,,,444290166.0,1830551248,2024-01-23 14:14:29,118.0,296f1b67a4750aa2166832b5b9d8ba0eee6fe635,1364570,,,,,,,,,,,,,,,,,,,,,,,,,,,,,,,,,,,,,,,,,,,,,,,,,,TN,,,,,,,,,,
autoland,3646670,2,6311658df04f8b9dab1d842cf1ddc69e83bd8127,linux64-qr,,False,,,102210fe594ee9b33d82058545b1ed14f4c8206e,num_static_constructors,compiler_metrics,True,compiler_metrics num_static_constructors opt valgrind,,77,,,444293078.0,1830566079,2024-01-23 14:25:42,118.0,2437c2ca5bec35fe4ab02eb938e0e02457cd079b,1364582,,,,,,,,,,,,,,,,,,,,,,,,,,,,,,,,,,,,,,,,,,,,,,,,,,TN,,,,,,,,,,
autoland,3646670,2,6311658df04f8b9dab1d842cf1ddc69e83bd8127,linux64-qr,,False,,,102210fe594ee9b33d82058545b1ed14f4c8206e,num_static_constructors,compiler_metrics,True,compiler_metrics num_static_constructors opt valgrind,,77,,,444295503.0,1830573592,2024-01-23 14:50:16,118.0,f3efca74da0f43269bd8ac07e2a5d27e89c4d7c3,1364607,,,,,,,,,,,,,,,,,,,,,,,,,,,,,,,,,,,,,,,,,,,,,,,,,,TN,,,,,,,,,,
autoland,3646670,2,6311658df04f8b9dab1d842cf1ddc69e83bd8127,linux64-qr,,False,,,102210fe594ee9b33d82058545b1ed14f4c8206e,num_static_constructors,compiler_metrics,True,compiler_metrics num_static_constructors opt valgrind,,77,,,444309026.0,1830657672,2024-01-23 16:09:55,118.0,936300bf2ee78e086143fb3718e2c0af755385b0,1364702,,,,,,,,,,,,,,,,,,,,,,,,,,,,,,,,,,,,,,,,,,,,,,,,,,TN,,,,,,,,,,
autoland,3646670,2,6311658df04f8b9dab1d842cf1ddc69e83bd8127,linux64-qr,,False,,,102210fe594ee9b33d82058545b1ed14f4c8206e,num_static_constructors,compiler_metrics,True,compiler_metrics num_static_constructors opt valgrind,,77,,,444323022.0,1830709829,2024-01-23 17:39:46,118.0,1148ac33ce00762a9320fef20373dd9f430a82d1,1364793,,,,,,,,,,,,,,,,,,,,,,,,,,,,,,,,,,,,,,,,,,,,,,,,,,TN,,,,,,,,,,
autoland,3646670,2,6311658df04f8b9dab1d842cf1ddc69e83bd8127,linux64-qr,,False,,,102210fe594ee9b33d82058545b1ed14f4c8206e,num_static_constructors,compiler_metrics,True,compiler_metrics num_static_constructors opt valgrind,,77,,,444335760.0,1830791237,2024-01-23 19:03:54,112.0,ec71bc6778c4bdb9b4a93283fc0a3d3f302eb89e,1364834,,,,,,,,,,,,,,,,,,,,,,,,,,,,,,,,,,,,,,,,,,,,,,,,,,TN,,,,,,,,,,
autoland,3646670,2,6311658df04f8b9dab1d842cf1ddc69e83bd8127,linux64-qr,,False,,,102210fe594ee9b33d82058545b1ed14f4c8206e,num_static_constructors,compiler_metrics,True,compiler_metrics num_static_constructors opt valgrind,,77,,,444335762.0,1830789447,2024-01-23 19:03:54,112.0,ec71bc6778c4bdb9b4a93283fc0a3d3f302eb89e,1364834,,,,,,,,,,,,,,,,,,,,,,,,,,,,,,,,,,,,,,,,,,,,,,,,,,TN,,,,,,,,,,
autoland,3646670,2,6311658df04f8b9dab1d842cf1ddc69e83bd8127,linux64-qr,,False,,,102210fe594ee9b33d82058545b1ed14f4c8206e,num_static_constructors,compiler_metrics,True,compiler_metrics num_static_constructors opt valgrind,,77,,,444340472.0,1830832434,2024-01-23 19:03:54,112.0,ec71bc6778c4bdb9b4a93283fc0a3d3f302eb89e,1364834,,,,,,,,,,,,,,,,,,,,,,,,,,,,,,,,,,,,,,,,,,,,,,,,,,TN,,,,,,,,,,
autoland,3646670,2,6311658df04f8b9dab1d842cf1ddc69e83bd8127,linux64-qr,,False,,,102210fe594ee9b33d82058545b1ed14f4c8206e,num_static_constructors,compiler_metrics,True,compiler_metrics num_static_constructors opt valgrind,,77,,,444344769.0,1830871517,2024-01-23 21:28:33,112.0,4a31b5feaf191cde538c7b2f0161358a777bce92,1364967,,,,,,,,,,,,,,,,,,,,,,,,,,,,,,,,,,,,,,,,,,,,,,,,,,TN,,,,,,,,,,
autoland,3646670,2,6311658df04f8b9dab1d842cf1ddc69e83bd8127,linux64-qr,,False,,,102210fe594ee9b33d82058545b1ed14f4c8206e,num_static_constructors,compiler_metrics,True,compiler_metrics num_static_constructors opt valgrind,,77,,,444351327.0,1830909884,2024-01-23 22:21:15,112.0,25e5c4ea04b149ffa31cda5c4d75559df5369612,1365024,,,,,,,,,,,,,,,,,,,,,,,,,,,,,,,,,,,,,,,,,,,,,,,,,,TN,,,,,,,,,,
autoland,3646670,2,6311658df04f8b9dab1d842cf1ddc69e83bd8127,linux64-qr,,False,,,102210fe594ee9b33d82058545b1ed14f4c8206e,num_static_constructors,compiler_metrics,True,compiler_metrics num_static_constructors opt valgrind,,77,,,444371655.0,1830981382,2024-01-24 00:00:19,112.0,67ad530d04d5ff0fee82497d5557b3f555b1e4f5,1365115,,,,,,,,,,,,,,,,,,,,,,,,,,,,,,,,,,,,,,,,,,,,,,,,,,TN,,,,,,,,,,
autoland,3646670,2,6311658df04f8b9dab1d842cf1ddc69e83bd8127,linux64-qr,,False,,,102210fe594ee9b33d82058545b1ed14f4c8206e,num_static_constructors,compiler_metrics,True,compiler_metrics num_static_constructors opt valgrind,,77,,,444383401.0,1831036856,2024-01-24 02:38:58,112.0,a0389da68b91e5a92b02ccd9e65991bffb5d5771,1365197,,,,,,,,,,,,,,,,,,,,,,,,,,,,,,,,,,,,,,,,,,,,,,,,,,TN,,,,,,,,,,
autoland,3646670,2,6311658df04f8b9dab1d842cf1ddc69e83bd8127,linux64-qr,,False,,,102210fe594ee9b33d82058545b1ed14f4c8206e,num_static_constructors,compiler_metrics,True,compiler_metrics num_static_constructors opt valgrind,,77,,,444391300.0,1831091692,2024-01-24 06:43:12,112.0,eed6f8e8fe3af01f49be74cc1be72d51e5a0933f,1365260,,,,,,,,,,,,,,,,,,,,,,,,,,,,,,,,,,,,,,,,,,,,,,,,,,TN,,,,,,,,,,
autoland,3646670,2,6311658df04f8b9dab1d842cf1ddc69e83bd8127,linux64-qr,,False,,,102210fe594ee9b33d82058545b1ed14f4c8206e,num_static_constructors,compiler_metrics,True,compiler_metrics num_static_constructors opt valgrind,,77,,,444392619.0,1831119981,2024-01-24 06:57:11,112.0,7079db6b8da9081aee6b0ce96b68f368efec3277,1365262,,,,,,,,,,,,,,,,,,,,,,,,,,,,,,,,,,,,,,,,,,,,,,,,,,TN,,,,,,,,,,
autoland,3646670,2,6311658df04f8b9dab1d842cf1ddc69e83bd8127,linux64-qr,,False,,,102210fe594ee9b33d82058545b1ed14f4c8206e,num_static_constructors,compiler_metrics,True,compiler_metrics num_static_constructors opt valgrind,,77,,,444414924.0,1831213821,2024-01-24 10:01:28,112.0,c6e11de0e24851ffd7190fd9f3d19b39bacbdd2c,1365327,,,,,,,,,,,,,,,,,,,,,,,,,,,,,,,,,,,,,,,,,,,,,,,,,,TN,,,,,,,,,,
autoland,3646670,2,6311658df04f8b9dab1d842cf1ddc69e83bd8127,linux64-qr,,False,,,102210fe594ee9b33d82058545b1ed14f4c8206e,num_static_constructors,compiler_metrics,True,compiler_metrics num_static_constructors opt valgrind,,77,,,444430359.0,1831290169,2024-01-24 11:40:35,112.0,ce20634f32a1b78384fbbc028b4f86266056e7fb,1365369,,,,,,,,,,,,,,,,,,,,,,,,,,,,,,,,,,,,,,,,,,,,,,,,,,TN,,,,,,,,,,
autoland,3646670,2,6311658df04f8b9dab1d842cf1ddc69e83bd8127,linux64-qr,,False,,,102210fe594ee9b33d82058545b1ed14f4c8206e,num_static_constructors,compiler_metrics,True,compiler_metrics num_static_constructors opt valgrind,,77,,,444473179.0,1831461092,2024-01-24 16:03:05,112.0,150dd33322ea6d34c4829f8e67efe7e37be8c48e,1365533,,,,,,,,,,,,,,,,,,,,,,,,,,,,,,,,,,,,,,,,,,,,,,,,,,TN,,,,,,,,,,
autoland,3646670,2,6311658df04f8b9dab1d842cf1ddc69e83bd8127,linux64-qr,,False,,,102210fe594ee9b33d82058545b1ed14f4c8206e,num_static_constructors,compiler_metrics,True,compiler_metrics num_static_constructors opt valgrind,,77,,,444475755.0,1831475232,2024-01-24 16:18:23,112.0,88fbb17e3c20f6446e25c04363c12246c92bf4c8,1365550,,,,,,,,,,,,,,,,,,,,,,,,,,,,,,,,,,,,,,,,,,,,,,,,,,TN,,,,,,,,,,
autoland,3646670,2,6311658df04f8b9dab1d842cf1ddc69e83bd8127,linux64-qr,,False,,,102210fe594ee9b33d82058545b1ed14f4c8206e,num_static_constructors,compiler_metrics,True,compiler_metrics num_static_constructors opt valgrind,,77,,,444488667.0,1831533196,2024-01-24 18:01:21,112.0,e22428605dbb49942204564b03db80f474ea35ba,1365677,,,,,,,,,,,,,,,,,,,,,,,,,,,,,,,,,,,,,,,,,,,,,,,,,,TN,,,,,,,,,,
autoland,3646670,2,6311658df04f8b9dab1d842cf1ddc69e83bd8127,linux64-qr,,False,,,102210fe594ee9b33d82058545b1ed14f4c8206e,num_static_constructors,compiler_metrics,True,compiler_metrics num_static_constructors opt valgrind,,77,,,444507117.0,1831625138,2024-01-24 20:36:31,112.0,82e3ff5e5a7c5c9f85c9d984a6d7e9d07b24d415,1365841,,,,,,,,,,,,,,,,,,,,,,,,,,,,,,,,,,,,,,,,,,,,,,,,,,TN,,,,,,,,,,
autoland,3646670,2,6311658df04f8b9dab1d842cf1ddc69e83bd8127,linux64-qr,,False,,,102210fe594ee9b33d82058545b1ed14f4c8206e,num_static_constructors,compiler_metrics,True,compiler_metrics num_static_constructors opt valgrind,,77,,,444515760.0,1831678496,2024-01-24 22:08:16,112.0,b8b82bd9546fe4e63cd5e9d29248d87665c548b8,1365907,,,,,,,,,,,,,,,,,,,,,,,,,,,,,,,,,,,,,,,,,,,,,,,,,,TN,,,,,,,,,,
autoland,3646670,2,6311658df04f8b9dab1d842cf1ddc69e83bd8127,linux64-qr,,False,,,102210fe594ee9b33d82058545b1ed14f4c8206e,num_static_constructors,compiler_metrics,True,compiler_metrics num_static_constructors opt valgrind,,77,,,444542346.0,1831795261,2024-01-25 05:05:51,112.0,ce5606473bf95f0899f69034525766ca9d0ed749,1366048,,,,,,,,,,,,,,,,,,,,,,,,,,,,,,,,,,,,,,,,,,,,,,,,,,TN,,,,,,,,,,
autoland,3646670,2,6311658df04f8b9dab1d842cf1ddc69e83bd8127,linux64-qr,,False,,,102210fe594ee9b33d82058545b1ed14f4c8206e,num_static_constructors,compiler_metrics,True,compiler_metrics num_static_constructors opt valgrind,,77,,,444549131.0,1831855884,2024-01-25 07:56:38,112.0,c0289f78466cf0bf8a6871ef3417c180aab77e07,1366087,,,,,,,,,,,,,,,,,,,,,,,,,,,,,,,,,,,,,,,,,,,,,,,,,,TN,,,,,,,,,,
autoland,3646670,2,6311658df04f8b9dab1d842cf1ddc69e83bd8127,linux64-qr,,False,,,102210fe594ee9b33d82058545b1ed14f4c8206e,num_static_constructors,compiler_metrics,True,compiler_metrics num_static_constructors opt valgrind,,77,,,444580232.0,1831977831,2024-01-25 12:05:33,112.0,c746000752516a4b8ede1f6a5c7b2f4be12a33d7,1366202,,,,,,,,,,,,,,,,,,,,,,,,,,,,,,,,,,,,,,,,,,,,,,,,,,TN,,,,,,,,,,
autoland,3646670,2,6311658df04f8b9dab1d842cf1ddc69e83bd8127,linux64-qr,,False,,,102210fe594ee9b33d82058545b1ed14f4c8206e,num_static_constructors,compiler_metrics,True,compiler_metrics num_static_constructors opt valgrind,,77,,,444594564.0,1832029379,2024-01-25 13:35:22,112.0,07a3a86e82ee15bab4db101a660f074ade13b4bc,1366241,,,,,,,,,,,,,,,,,,,,,,,,,,,,,,,,,,,,,,,,,,,,,,,,,,TN,,,,,,,,,,
autoland,3646670,2,6311658df04f8b9dab1d842cf1ddc69e83bd8127,linux64-qr,,False,,,102210fe594ee9b33d82058545b1ed14f4c8206e,num_static_constructors,compiler_metrics,True,compiler_metrics num_static_constructors opt valgrind,,77,,,444603197.0,1832092051,2024-01-25 15:26:29,112.0,34f197ce93a24d93523617eba67ecee2e990c37c,1366326,,,,,,,,,,,,,,,,,,,,,,,,,,,,,,,,,,,,,,,,,,,,,,,,,,TN,,,,,,,,,,
autoland,3646670,2,6311658df04f8b9dab1d842cf1ddc69e83bd8127,linux64-qr,,False,,,102210fe594ee9b33d82058545b1ed14f4c8206e,num_static_constructors,compiler_metrics,True,compiler_metrics num_static_constructors opt valgrind,,77,,,444627261.0,1832245875,2024-01-25 20:50:47,112.0,dd2a416c0c76b4cc9f6161d6be89aa7356e4eae5,1366563,,,,,,,,,,,,,,,,,,,,,,,,,,,,,,,,,,,,,,,,,,,,,,,,,,TN,,,,,,,,,,
autoland,3646670,2,6311658df04f8b9dab1d842cf1ddc69e83bd8127,linux64-qr,,False,,,102210fe594ee9b33d82058545b1ed14f4c8206e,num_static_constructors,compiler_metrics,True,compiler_metrics num_static_constructors opt valgrind,,77,,,444636058.0,1832285936,2024-01-25 20:50:47,112.0,dd2a416c0c76b4cc9f6161d6be89aa7356e4eae5,1366563,,,,,,,,,,,,,,,,,,,,,,,,,,,,,,,,,,,,,,,,,,,,,,,,,,TN,,,,,,,,,,
autoland,3646670,2,6311658df04f8b9dab1d842cf1ddc69e83bd8127,linux64-qr,,False,,,102210fe594ee9b33d82058545b1ed14f4c8206e,num_static_constructors,compiler_metrics,True,compiler_metrics num_static_constructors opt valgrind,,77,,,444627424.0,1832267389,2024-01-25 20:51:29,112.0,5da1e842ef70c74d8ed72128e460f75b633fae95,1366564,,,,,,,,,,,,,,,,,,,,,,,,,,,,,,,,,,,,,,,,,,,,,,,,,,TN,,,,,,,,,,
autoland,3646670,2,6311658df04f8b9dab1d842cf1ddc69e83bd8127,linux64-qr,,False,,,102210fe594ee9b33d82058545b1ed14f4c8206e,num_static_constructors,compiler_metrics,True,compiler_metrics num_static_constructors opt valgrind,,77,,,444628434.0,1832268964,2024-01-25 20:58:34,112.0,e0ed03857de1a530d83fbe6ff4c74e38ac8a53a3,1366576,,,,,,,,,,,,,,,,,,,,,,,,,,,,,,,,,,,,,,,,,,,,,,,,,,TN,,,,,,,,,,
autoland,3646670,2,6311658df04f8b9dab1d842cf1ddc69e83bd8127,linux64-qr,,False,,,102210fe594ee9b33d82058545b1ed14f4c8206e,num_static_constructors,compiler_metrics,True,compiler_metrics num_static_constructors opt valgrind,,77,,,444661325.0,1832408705,2024-01-26 00:44:19,112.0,2c81833f355660a43fe44b70082de0154f2bd82f,1366703,,,,,,,,,,,,,,,,,,,,,,,,,,,,,,,,,,,,,,,,,,,,,,,,,,TN,,,,,,,,,,
autoland,3646670,2,6311658df04f8b9dab1d842cf1ddc69e83bd8127,linux64-qr,,False,,,102210fe594ee9b33d82058545b1ed14f4c8206e,num_static_constructors,compiler_metrics,True,compiler_metrics num_static_constructors opt valgrind,,77,,,444676862.0,1832491701,2024-01-26 03:41:27,112.0,a412d893c38f632f34b44a9c5b3fd8cc30bb87be,1366751,,,,,,,,,,,,,,,,,,,,,,,,,,,,,,,,,,,,,,,,,,,,,,,,,,TN,,,,,,,,,,
autoland,3646670,2,6311658df04f8b9dab1d842cf1ddc69e83bd8127,linux64-qr,,False,,,102210fe594ee9b33d82058545b1ed14f4c8206e,num_static_constructors,compiler_metrics,True,compiler_metrics num_static_constructors opt valgrind,,77,,,444716929.0,1832657891,2024-01-26 11:04:34,112.0,18f5823716e4c35d7c899d2ce4be7fcd66cab9d0,1366921,,,,,,,,,,,,,,,,,,,,,,,,,,,,,,,,,,,,,,,,,,,,,,,,,,TN,,,,,,,,,,
autoland,3646670,2,6311658df04f8b9dab1d842cf1ddc69e83bd8127,linux64-qr,,False,,,102210fe594ee9b33d82058545b1ed14f4c8206e,num_static_constructors,compiler_metrics,True,compiler_metrics num_static_constructors opt valgrind,,77,,,444770722.0,1832892076,2024-01-26 15:49:43,112.0,19005661ad786853d186a7d3434e6c290bccaa95,1367044,,,,,,,,,,,,,,,,,,,,,,,,,,,,,,,,,,,,,,,,,,,,,,,,,,TN,,,,,,,,,,
autoland,3646670,2,6311658df04f8b9dab1d842cf1ddc69e83bd8127,linux64-qr,,False,,,102210fe594ee9b33d82058545b1ed14f4c8206e,num_static_constructors,compiler_metrics,True,compiler_metrics num_static_constructors opt valgrind,,77,,,444770724.0,1832892926,2024-01-26 15:49:43,112.0,19005661ad786853d186a7d3434e6c290bccaa95,1367044,,,,,,,,,,,,,,,,,,,,,,,,,,,,,,,,,,,,,,,,,,,,,,,,,,TN,,,,,,,,,,
autoland,3646670,2,6311658df04f8b9dab1d842cf1ddc69e83bd8127,linux64-qr,,False,,,102210fe594ee9b33d82058545b1ed14f4c8206e,num_static_constructors,compiler_metrics,True,compiler_metrics num_static_constructors opt valgrind,,77,,,444776520.0,1832907439,2024-01-26 15:49:43,112.0,19005661ad786853d186a7d3434e6c290bccaa95,1367044,,,,,,,,,,,,,,,,,,,,,,,,,,,,,,,,,,,,,,,,,,,,,,,,,,TN,,,,,,,,,,
autoland,3646670,2,6311658df04f8b9dab1d842cf1ddc69e83bd8127,linux64-qr,,False,,,102210fe594ee9b33d82058545b1ed14f4c8206e,num_static_constructors,compiler_metrics,True,compiler_metrics num_static_constructors opt valgrind,,77,,,444767598.0,1832884163,2024-01-26 15:52:38,112.0,4641c3dcf0c3cfbdc8976f2fcc6898107149e19e,1367050,,,,,,,,,,,,,,,,,,,,,,,,,,,,,,,,,,,,,,,,,,,,,,,,,,TN,,,,,,,,,,
autoland,3646670,2,6311658df04f8b9dab1d842cf1ddc69e83bd8127,linux64-qr,,False,,,102210fe594ee9b33d82058545b1ed14f4c8206e,num_static_constructors,compiler_metrics,True,compiler_metrics num_static_constructors opt valgrind,,77,,,444786545.0,1832991917,2024-01-26 19:16:38,112.0,233014f304aef171ed885462d999df30dce7d497,1367154,,,,,,,,,,,,,,,,,,,,,,,,,,,,,,,,,,,,,,,,,,,,,,,,,,TN,,,,,,,,,,
autoland,3646670,2,6311658df04f8b9dab1d842cf1ddc69e83bd8127,linux64-qr,,False,,,102210fe594ee9b33d82058545b1ed14f4c8206e,num_static_constructors,compiler_metrics,True,compiler_metrics num_static_constructors opt valgrind,,77,,,444792915.0,1833028706,2024-01-26 20:02:47,112.0,38fb47dac16804e3d5c8211277f084198e43de88,1367207,,,,,,,,,,,,,,,,,,,,,,,,,,,,,,,,,,,,,,,,,,,,,,,,,,TN,,,,,,,,,,
autoland,3646670,2,6311658df04f8b9dab1d842cf1ddc69e83bd8127,linux64-qr,,False,,,102210fe594ee9b33d82058545b1ed14f4c8206e,num_static_constructors,compiler_metrics,True,compiler_metrics num_static_constructors opt valgrind,,77,,,444793690.0,1833032301,2024-01-26 20:05:08,112.0,ac4906fa040ce76ad5ea8f73caf83045f291b613,1367213,,,,,,,,,,,,,,,,,,,,,,,,,,,,,,,,,,,,,,,,,,,,,,,,,,TN,,,,,,,,,,
autoland,3646670,2,6311658df04f8b9dab1d842cf1ddc69e83bd8127,linux64-qr,,False,,,102210fe594ee9b33d82058545b1ed14f4c8206e,num_static_constructors,compiler_metrics,True,compiler_metrics num_static_constructors opt valgrind,,77,,,444806397.0,1833099393,2024-01-26 21:39:44,112.0,ffdd1c2161a9731cfbb79d08fec23f9c35b8d04f,1367298,,,,,,,,,,,,,,,,,,,,,,,,,,,,,,,,,,,,,,,,,,,,,,,,,,TN,,,,,,,,,,
autoland,3646670,2,6311658df04f8b9dab1d842cf1ddc69e83bd8127,linux64-qr,,False,,,102210fe594ee9b33d82058545b1ed14f4c8206e,num_static_constructors,compiler_metrics,True,compiler_metrics num_static_constructors opt valgrind,,77,,,444825431.0,1833204881,2024-01-27 00:32:58,112.0,99babcb9f349f4d91fe26290269d9d25fc1bbd04,1367362,,,,,,,,,,,,,,,,,,,,,,,,,,,,,,,,,,,,,,,,,,,,,,,,,,TN,,,,,,,,,,
autoland,3646670,2,6311658df04f8b9dab1d842cf1ddc69e83bd8127,linux64-qr,,False,,,102210fe594ee9b33d82058545b1ed14f4c8206e,num_static_constructors,compiler_metrics,True,compiler_metrics num_static_constructors opt valgrind,,77,,,444842186.0,1833361438,2024-01-27 06:05:38,112.0,1e79d9e65ec0577bb7d698c86edc6f35b4f92ce8,1367422,,,,,,,,,,,,,,,,,,,,,,,,,,,,,,,,,,,,,,,,,,,,,,,,,,TN,,,,,,,,,,
autoland,3646670,2,6311658df04f8b9dab1d842cf1ddc69e83bd8127,linux64-qr,,False,,,102210fe594ee9b33d82058545b1ed14f4c8206e,num_static_constructors,compiler_metrics,True,compiler_metrics num_static_constructors opt valgrind,,77,,,444875300.0,1833575356,2024-01-27 14:01:44,112.0,09a1abcfcfb73aa1ae9781d2816102729c0f82a6,1367473,,,,,,,,,,,,,,,,,,,,,,,,,,,,,,,,,,,,,,,,,,,,,,,,,,TN,,,,,,,,,,
autoland,3646670,2,6311658df04f8b9dab1d842cf1ddc69e83bd8127,linux64-qr,,False,,,102210fe594ee9b33d82058545b1ed14f4c8206e,num_static_constructors,compiler_metrics,True,compiler_metrics num_static_constructors opt valgrind,,77,,,444896526.0,1833718881,2024-01-28 01:17:56,112.0,2e376c0d1662606cf6811ab3ff138b784d465291,1367530,,,,,,,,,,,,,,,,,,,,,,,,,,,,,,,,,,,,,,,,,,,,,,,,,,TN,,,,,,,,,,
autoland,3646670,2,6311658df04f8b9dab1d842cf1ddc69e83bd8127,linux64-qr,,False,,,102210fe594ee9b33d82058545b1ed14f4c8206e,num_static_constructors,compiler_metrics,True,compiler_metrics num_static_constructors opt valgrind,,77,,,444901563.0,1833750917,2024-01-28 06:00:30,112.0,0f372a16b1e1e959f46701e4210f6a6eaf4e40ec,1367545,,,,,,,,,,,,,,,,,,,,,,,,,,,,,,,,,,,,,,,,,,,,,,,,,,TN,,,,,,,,,,
autoland,3646670,2,6311658df04f8b9dab1d842cf1ddc69e83bd8127,linux64-qr,,False,,,102210fe594ee9b33d82058545b1ed14f4c8206e,num_static_constructors,compiler_metrics,True,compiler_metrics num_static_constructors opt valgrind,,77,,,444909313.0,1833795241,2024-01-28 10:01:02,112.0,9b32d8116833ab08f4e3f0b18c12587ac1f9360b,1367556,,,,,,,,,,,,,,,,,,,,,,,,,,,,,,,,,,,,,,,,,,,,,,,,,,TN,,,,,,,,,,
autoland,3646670,2,6311658df04f8b9dab1d842cf1ddc69e83bd8127,linux64-qr,,False,,,102210fe594ee9b33d82058545b1ed14f4c8206e,num_static_constructors,compiler_metrics,True,compiler_metrics num_static_constructors opt valgrind,,77,,,444941670.0,1833947215,2024-01-28 14:31:15,112.0,13780f5cb2f5d698f35a23f2fafa1593ef7affe9,1367584,,,,,,,,,,,,,,,,,,,,,,,,,,,,,,,,,,,,,,,,,,,,,,,,,,TN,,,,,,,,,,
autoland,3646670,2,6311658df04f8b9dab1d842cf1ddc69e83bd8127,linux64-qr,,False,,,102210fe594ee9b33d82058545b1ed14f4c8206e,num_static_constructors,compiler_metrics,True,compiler_metrics num_static_constructors opt valgrind,,77,,,444965372.0,1834083939,2024-01-29 01:40:26,112.0,852acff05fb8be21502af8fc12cceeb2baa70dd7,1367631,,,,,,,,,,,,,,,,,,,,,,,,,,,,,,,,,,,,,,,,,,,,,,,,,,TN,,,,,,,,,,
autoland,3646670,2,6311658df04f8b9dab1d842cf1ddc69e83bd8127,linux64-qr,,False,,,102210fe594ee9b33d82058545b1ed14f4c8206e,num_static_constructors,compiler_metrics,True,compiler_metrics num_static_constructors opt valgrind,,77,,,444987651.0,1834207134,2024-01-29 10:50:01,112.0,fce9e73861891da48d1a0b85240491fa3e042f8b,1367743,,,,,,,,,,,,,,,,,,,,,,,,,,,,,,,,,,,,,,,,,,,,,,,,,,TN,,,,,,,,,,
autoland,3646670,2,6311658df04f8b9dab1d842cf1ddc69e83bd8127,linux64-qr,,False,,,102210fe594ee9b33d82058545b1ed14f4c8206e,num_static_constructors,compiler_metrics,True,compiler_metrics num_static_constructors opt valgrind,,77,,,445013201.0,1834328850,2024-01-29 13:30:13,112.0,c1af9aff041054345e3bb05bd2f75c91f0d218cf,1367831,,,,,,,,,,,,,,,,,,,,,,,,,,,,,,,,,,,,,,,,,,,,,,,,,,TN,,,,,,,,,,
autoland,3646670,2,6311658df04f8b9dab1d842cf1ddc69e83bd8127,linux64-qr,,False,,,102210fe594ee9b33d82058545b1ed14f4c8206e,num_static_constructors,compiler_metrics,True,compiler_metrics num_static_constructors opt valgrind,,77,,,445027997.0,1834370021,2024-01-29 14:53:09,112.0,97de3c8a7931e01c1a1c1cf6ac90a580607b77c9,1367876,,,,,,,,,,,,,,,,,,,,,,,,,,,,,,,,,,,,,,,,,,,,,,,,,,TN,,,,,,,,,,
autoland,3646670,2,6311658df04f8b9dab1d842cf1ddc69e83bd8127,linux64-qr,,False,,,102210fe594ee9b33d82058545b1ed14f4c8206e,num_static_constructors,compiler_metrics,True,compiler_metrics num_static_constructors opt valgrind,,77,,,445039588.0,1834428362,2024-01-29 14:59:33,112.0,8e91f5176c0f6e1689a893ed34d5046dbbd1122e,1367883,,,,,,,,,,,,,,,,,,,,,,,,,,,,,,,,,,,,,,,,,,,,,,,,,,TN,,,,,,,,,,
autoland,3646670,2,6311658df04f8b9dab1d842cf1ddc69e83bd8127,linux64-qr,,False,,,102210fe594ee9b33d82058545b1ed14f4c8206e,num_static_constructors,compiler_metrics,True,compiler_metrics num_static_constructors opt valgrind,,77,,,445053260.0,1834479534,2024-01-29 16:40:41,113.0,a251b32cb2f64bfd286510d26538a1c6bb6b8068,1367988,,,,,,,,,,,,,,,,,,,,,,,,,,,,,,,,,,,,,,,,,,,,,,,,,,TN,,,,,,,,,,
autoland,3646670,2,6311658df04f8b9dab1d842cf1ddc69e83bd8127,linux64-qr,,False,,,102210fe594ee9b33d82058545b1ed14f4c8206e,num_static_constructors,compiler_metrics,True,compiler_metrics num_static_constructors opt valgrind,,77,,,445054046.0,1834500881,2024-01-29 17:46:45,113.0,8913eab3409d19e1cf1a2c19f256256c293b3154,1368035,,,,,,,,,,,,,,,,,,,,,,,,,,,,,,,,,,,,,,,,,,,,,,,,,,TN,,,,,,,,,,
autoland,3646670,2,6311658df04f8b9dab1d842cf1ddc69e83bd8127,linux64-qr,,False,,,102210fe594ee9b33d82058545b1ed14f4c8206e,num_static_constructors,compiler_metrics,True,compiler_metrics num_static_constructors opt valgrind,,77,,,445076606.0,1834594027,2024-01-29 20:17:38,113.0,8f145181f73b28746798c66110730052d9b37669,1368166,,,,,,,,,,,,,,,,,,,,,,,,,,,,,,,,,,,,,,,,,,,,,,,,,,TN,,,,,,,,,,
autoland,3646670,2,6311658df04f8b9dab1d842cf1ddc69e83bd8127,linux64-qr,,False,,,102210fe594ee9b33d82058545b1ed14f4c8206e,num_static_constructors,compiler_metrics,True,compiler_metrics num_static_constructors opt valgrind,,77,,,445084371.0,1834625753,2024-01-29 21:21:15,113.0,57a27d8b6d2a7f1f5c1ec710e4a09422fb9c05e1,1368229,,,,,,,,,,,,,,,,,,,,,,,,,,,,,,,,,,,,,,,,,,,,,,,,,,TN,,,,,,,,,,
autoland,3646670,2,6311658df04f8b9dab1d842cf1ddc69e83bd8127,linux64-qr,,False,,,102210fe594ee9b33d82058545b1ed14f4c8206e,num_static_constructors,compiler_metrics,True,compiler_metrics num_static_constructors opt valgrind,,77,,,445108755.0,1834722386,2024-01-30 01:21:53,113.0,265910d5bfe79cc856e1c18d9e403fed38ee5a79,1368286,,,,,,,,,,,,,,,,,,,,,,,,,,,,,,,,,,,,,,,,,,,,,,,,,,TN,,,,,,,,,,
autoland,3646670,2,6311658df04f8b9dab1d842cf1ddc69e83bd8127,linux64-qr,,False,,,102210fe594ee9b33d82058545b1ed14f4c8206e,num_static_constructors,compiler_metrics,True,compiler_metrics num_static_constructors opt valgrind,,77,,,445160310.0,1835147680,2024-01-30 13:09:07,113.0,a9528d76a91bc50db12b4a18830536bb25a6e378,1368599,,,,,,,,,,,,,,,,,,,,,,,,,,,,,,,,,,,,,,,,,,,,,,,,,,TN,,,,,,,,,,
autoland,3646670,2,6311658df04f8b9dab1d842cf1ddc69e83bd8127,linux64-qr,,False,,,102210fe594ee9b33d82058545b1ed14f4c8206e,num_static_constructors,compiler_metrics,True,compiler_metrics num_static_constructors opt valgrind,,77,,,445161011.0,1835146605,2024-01-30 13:14:31,113.0,91338712d82fcf42896cfc451e6341a5b95963b8,1368603,,,,,,,,,,,,,,,,,,,,,,,,,,,,,,,,,,,,,,,,,,,,,,,,,,TN,,,,,,,,,,
autoland,3646670,2,6311658df04f8b9dab1d842cf1ddc69e83bd8127,linux64-qr,,False,,,102210fe594ee9b33d82058545b1ed14f4c8206e,num_static_constructors,compiler_metrics,True,compiler_metrics num_static_constructors opt valgrind,,77,,,445162936.0,1835150380,2024-01-30 13:22:04,113.0,5eb08718b0d730bce22d08716392a14c090bbc8c,1368619,,,,,,,,,,,,,,,,,,,,,,,,,,,,,,,,,,,,,,,,,,,,,,,,,,TN,,,,,,,,,,
autoland,3646670,2,6311658df04f8b9dab1d842cf1ddc69e83bd8127,linux64-qr,,False,,,102210fe594ee9b33d82058545b1ed14f4c8206e,num_static_constructors,compiler_metrics,True,compiler_metrics num_static_constructors opt valgrind,,77,,,445177176.0,1835224271,2024-01-30 14:29:15,113.0,1ac69623ae79a621c0035377f0841b1ba83070c1,1368655,,,,,,,,,,,,,,,,,,,,,,,,,,,,,,,,,,,,,,,,,,,,,,,,,,TN,,,,,,,,,,
autoland,3646670,2,6311658df04f8b9dab1d842cf1ddc69e83bd8127,linux64-qr,,False,,,102210fe594ee9b33d82058545b1ed14f4c8206e,num_static_constructors,compiler_metrics,True,compiler_metrics num_static_constructors opt valgrind,,77,,,445208542.0,1835335819,2024-01-30 17:25:17,113.0,6320a95180349b51de48377aebef2ea8a7f7000f,1368766,,,,,,,,,,,,,,,,,,,,,,,,,,,,,,,,,,,,,,,,,,,,,,,,,,TN,,,,,,,,,,
autoland,3646670,2,6311658df04f8b9dab1d842cf1ddc69e83bd8127,linux64-qr,,False,,,102210fe594ee9b33d82058545b1ed14f4c8206e,num_static_constructors,compiler_metrics,True,compiler_metrics num_static_constructors opt valgrind,,77,,,445217326.0,1835387446,2024-01-30 18:56:21,113.0,a3dd43748dcdec6a27a5c140bfd611d463cd9acf,1368858,,,,,,,,,,,,,,,,,,,,,,,,,,,,,,,,,,,,,,,,,,,,,,,,,,TN,,,,,,,,,,
autoland,3646670,2,6311658df04f8b9dab1d842cf1ddc69e83bd8127,linux64-qr,,False,,,102210fe594ee9b33d82058545b1ed14f4c8206e,num_static_constructors,compiler_metrics,True,compiler_metrics num_static_constructors opt valgrind,,77,,,445231450.0,1835446592,2024-01-30 20:08:25,113.0,06b0ce1a9748e18deb48466efed01c1f5a8ff984,1368918,,,,,,,,,,,,,,,,,,,,,,,,,,,,,,,,,,,,,,,,,,,,,,,,,,TN,,,,,,,,,,
autoland,3646670,2,6311658df04f8b9dab1d842cf1ddc69e83bd8127,linux64-qr,,False,,,102210fe594ee9b33d82058545b1ed14f4c8206e,num_static_constructors,compiler_metrics,True,compiler_metrics num_static_constructors opt valgrind,,77,,,445241559.0,1835515223,2024-01-30 21:16:02,113.0,45bd6cc1bf7490f80630afce7550706e9b064f81,1368966,,,,,,,,,,,,,,,,,,,,,,,,,,,,,,,,,,,,,,,,,,,,,,,,,,TN,,,,,,,,,,
autoland,3646670,2,6311658df04f8b9dab1d842cf1ddc69e83bd8127,linux64-qr,,False,,,102210fe594ee9b33d82058545b1ed14f4c8206e,num_static_constructors,compiler_metrics,True,compiler_metrics num_static_constructors opt valgrind,,77,,,445264441.0,1835631579,2024-01-31 00:31:01,113.0,e35109546c3cb0f5957a604c27f5f1dd2b7f81c0,1369086,,,,,,,,,,,,,,,,,,,,,,,,,,,,,,,,,,,,,,,,,,,,,,,,,,TN,,,,,,,,,,
autoland,3646670,2,6311658df04f8b9dab1d842cf1ddc69e83bd8127,linux64-qr,,False,,,102210fe594ee9b33d82058545b1ed14f4c8206e,num_static_constructors,compiler_metrics,True,compiler_metrics num_static_constructors opt valgrind,,77,,,445264216.0,1835634333,2024-01-31 00:32:30,113.0,2cac2f68bfdcfc9012c537044bc475f076bda7b0,1369088,,,,,,,,,,,,,,,,,,,,,,,,,,,,,,,,,,,,,,,,,,,,,,,,,,TN,,,,,,,,,,
autoland,3646670,2,6311658df04f8b9dab1d842cf1ddc69e83bd8127,linux64-qr,,False,,,102210fe594ee9b33d82058545b1ed14f4c8206e,num_static_constructors,compiler_metrics,True,compiler_metrics num_static_constructors opt valgrind,,77,,,445287113.0,1835760163,2024-01-31 05:59:52,113.0,5f6f60ae2125dc46d98b4b9276bce2d562d1f1bf,1369182,,,,,,,,,,,,,,,,,,,,,,,,,,,,,,,,,,,,,,,,,,,,,,,,,,TN,,,,,,,,,,
autoland,3646670,2,6311658df04f8b9dab1d842cf1ddc69e83bd8127,linux64-qr,,False,,,102210fe594ee9b33d82058545b1ed14f4c8206e,num_static_constructors,compiler_metrics,True,compiler_metrics num_static_constructors opt valgrind,,77,,,445296223.0,1835847005,2024-01-31 08:28:48,113.0,7b60884b5e019643c5b68935d8cf763963097ecd,1369211,,,,,,,,,,,,,,,,,,,,,,,,,,,,,,,,,,,,,,,,,,,,,,,,,,TN,,,,,,,,,,
autoland,3646670,2,6311658df04f8b9dab1d842cf1ddc69e83bd8127,linux64-qr,,False,,,102210fe594ee9b33d82058545b1ed14f4c8206e,num_static_constructors,compiler_metrics,True,compiler_metrics num_static_constructors opt valgrind,,77,,,445303702.0,1835885877,2024-01-31 10:01:40,113.0,201f8fe705d53181047778d1c0722017bab79e95,1369265,,,,,,,,,,,,,,,,,,,,,,,,,,,,,,,,,,,,,,,,,,,,,,,,,,TN,,,,,,,,,,
autoland,3646670,2,6311658df04f8b9dab1d842cf1ddc69e83bd8127,linux64-qr,,False,,,102210fe594ee9b33d82058545b1ed14f4c8206e,num_static_constructors,compiler_metrics,True,compiler_metrics num_static_constructors opt valgrind,,77,,,445332987.0,1835996848,2024-01-31 13:01:30,113.0,5e52e144df4112277cfdda903747f83f1f147385,1369309,,,,,,,,,,,,,,,,,,,,,,,,,,,,,,,,,,,,,,,,,,,,,,,,,,TN,,,,,,,,,,
autoland,3646670,2,6311658df04f8b9dab1d842cf1ddc69e83bd8127,linux64-qr,,False,,,102210fe594ee9b33d82058545b1ed14f4c8206e,num_static_constructors,compiler_metrics,True,compiler_metrics num_static_constructors opt valgrind,,77,,,445362091.0,1836084629,2024-01-31 16:53:13,113.0,368e382154ba1fb46b60cf04d1b6b2c8c021b057,1369458,,,,,,,,,,,,,,,,,,,,,,,,,,,,,,,,,,,,,,,,,,,,,,,,,,TN,,,,,,,,,,
autoland,3646670,2,6311658df04f8b9dab1d842cf1ddc69e83bd8127,linux64-qr,,False,,,102210fe594ee9b33d82058545b1ed14f4c8206e,num_static_constructors,compiler_metrics,True,compiler_metrics num_static_constructors opt valgrind,,77,,,445366749.0,1836100111,2024-01-31 17:27:18,113.0,a0bd6c4162065e8caa2b60ce8082f77d53221fb7,1369495,,,,,,,,,,,,,,,,,,,,,,,,,,,,,,,,,,,,,,,,,,,,,,,,,,TN,,,,,,,,,,
autoland,3646670,2,6311658df04f8b9dab1d842cf1ddc69e83bd8127,linux64-qr,,False,,,102210fe594ee9b33d82058545b1ed14f4c8206e,num_static_constructors,compiler_metrics,True,compiler_metrics num_static_constructors opt valgrind,,77,,,445379035.0,1836141990,2024-01-31 18:39:44,113.0,6bfab7427c326136417b187f0df7a7c63528daa3,1369546,,,,,,,,,,,,,,,,,,,,,,,,,,,,,,,,,,,,,,,,,,,,,,,,,,TN,,,,,,,,,,
autoland,3646670,2,6311658df04f8b9dab1d842cf1ddc69e83bd8127,linux64-qr,,False,,,102210fe594ee9b33d82058545b1ed14f4c8206e,num_static_constructors,compiler_metrics,True,compiler_metrics num_static_constructors opt valgrind,,77,,,445395193.0,1836224560,2024-01-31 20:13:23,113.0,fedb6cd9dddfcfd3a7587836e5295149f382920c,1369616,,,,,,,,,,,,,,,,,,,,,,,,,,,,,,,,,,,,,,,,,,,,,,,,,,TN,,,,,,,,,,
autoland,3646670,2,6311658df04f8b9dab1d842cf1ddc69e83bd8127,linux64-qr,,False,,,102210fe594ee9b33d82058545b1ed14f4c8206e,num_static_constructors,compiler_metrics,True,compiler_metrics num_static_constructors opt valgrind,,77,,,445410449.0,1836304739,2024-01-31 21:40:54,113.0,2ee5ce9b3c67b7e972b0dff7348ea32cb570880e,1369676,,,,,,,,,,,,,,,,,,,,,,,,,,,,,,,,,,,,,,,,,,,,,,,,,,TN,,,,,,,,,,
autoland,3646670,2,6311658df04f8b9dab1d842cf1ddc69e83bd8127,linux64-qr,,False,,,102210fe594ee9b33d82058545b1ed14f4c8206e,num_static_constructors,compiler_metrics,True,compiler_metrics num_static_constructors opt valgrind,,77,,,445422123.0,1836344494,2024-01-31 22:47:15,113.0,f166c1ffb0460ce02d445ba0e2e4f10dbf43af26,1369719,,,,,,,,,,,,,,,,,,,,,,,,,,,,,,,,,,,,,,,,,,,,,,,,,,TN,,,,,,,,,,
autoland,3646670,2,6311658df04f8b9dab1d842cf1ddc69e83bd8127,linux64-qr,,False,,,102210fe594ee9b33d82058545b1ed14f4c8206e,num_static_constructors,compiler_metrics,True,compiler_metrics num_static_constructors opt valgrind,,77,,,445440153.0,1836421261,2024-02-01 02:14:37,113.0,6db2a1e04f4120175d3aad9831795823a4269aab,1369822,,,,,,,,,,,,,,,,,,,,,,,,,,,,,,,,,,,,,,,,,,,,,,,,,,TN,,,,,,,,,,
autoland,3646670,2,6311658df04f8b9dab1d842cf1ddc69e83bd8127,linux64-qr,,False,,,102210fe594ee9b33d82058545b1ed14f4c8206e,num_static_constructors,compiler_metrics,True,compiler_metrics num_static_constructors opt valgrind,,77,,,445456263.0,1836523472,2024-02-01 06:47:17,113.0,959c3318d5c3f3881746455c2c584be49bb179b6,1369862,,,,,,,,,,,,,,,,,,,,,,,,,,,,,,,,,,,,,,,,,,,,,,,,,,TN,,,,,,,,,,
autoland,3646670,2,6311658df04f8b9dab1d842cf1ddc69e83bd8127,linux64-qr,,False,,,102210fe594ee9b33d82058545b1ed14f4c8206e,num_static_constructors,compiler_metrics,True,compiler_metrics num_static_constructors opt valgrind,,77,,,445468424.0,1836608021,2024-02-01 10:07:42,113.0,0c28f96f0065f532b5000922a7bcc71f432e6f72,1369972,,,,,,,,,,,,,,,,,,,,,,,,,,,,,,,,,,,,,,,,,,,,,,,,,,TN,,,,,,,,,,
autoland,3646670,2,6311658df04f8b9dab1d842cf1ddc69e83bd8127,linux64-qr,,False,,,102210fe594ee9b33d82058545b1ed14f4c8206e,num_static_constructors,compiler_metrics,True,compiler_metrics num_static_constructors opt valgrind,,77,,,445474758.0,1836644369,2024-02-01 11:14:36,113.0,a6957fa936149dccf133bd99e165c5879c2cb4d5,1370007,,,,,,,,,,,,,,,,,,,,,,,,,,,,,,,,,,,,,,,,,,,,,,,,,,TN,,,,,,,,,,
autoland,3646670,2,6311658df04f8b9dab1d842cf1ddc69e83bd8127,linux64-qr,,False,,,102210fe594ee9b33d82058545b1ed14f4c8206e,num_static_constructors,compiler_metrics,True,compiler_metrics num_static_constructors opt valgrind,,77,,,445498621.0,1836717391,2024-02-01 13:09:51,113.0,93a67689b8581caaa6d429ea7105abf0dc55e98f,1370065,,,,,,,,,,,,,,,,,,,,,,,,,,,,,,,,,,,,,,,,,,,,,,,,,,TN,,,,,,,,,,
autoland,3646670,2,6311658df04f8b9dab1d842cf1ddc69e83bd8127,linux64-qr,,False,,,102210fe594ee9b33d82058545b1ed14f4c8206e,num_static_constructors,compiler_metrics,True,compiler_metrics num_static_constructors opt valgrind,,77,,,445525734.0,1836801531,2024-02-01 15:29:40,113.0,1ba8a1897af60a77203d763b8f254a428fcd0c34,1370176,,,,,,,,,,,,,,,,,,,,,,,,,,,,,,,,,,,,,,,,,,,,,,,,,,TN,,,,,,,,,,
autoland,3646670,2,6311658df04f8b9dab1d842cf1ddc69e83bd8127,linux64-qr,,False,,,102210fe594ee9b33d82058545b1ed14f4c8206e,num_static_constructors,compiler_metrics,True,compiler_metrics num_static_constructors opt valgrind,,77,,,445545154.0,1836876457,2024-02-01 17:13:14,113.0,f84c76f9460d8a2a4048954be483e24638c0f39c,1370273,,,,,,,,,,,,,,,,,,,,,,,,,,,,,,,,,,,,,,,,,,,,,,,,,,TN,,,,,,,,,,
autoland,3646670,2,6311658df04f8b9dab1d842cf1ddc69e83bd8127,linux64-qr,,False,,,102210fe594ee9b33d82058545b1ed14f4c8206e,num_static_constructors,compiler_metrics,True,compiler_metrics num_static_constructors opt valgrind,,77,,,445566293.0,1836946867,2024-02-01 18:09:58,113.0,854c462a083b4271435625134f95ce342e243ccb,1370333,,,,,,,,,,,,,,,,,,,,,,,,,,,,,,,,,,,,,,,,,,,,,,,,,,TN,,,,,,,,,,
autoland,3646670,2,6311658df04f8b9dab1d842cf1ddc69e83bd8127,linux64-qr,,False,,,102210fe594ee9b33d82058545b1ed14f4c8206e,num_static_constructors,compiler_metrics,True,compiler_metrics num_static_constructors opt valgrind,,77,,,445582799.0,1837035147,2024-02-01 20:58:54,113.0,3c39f2b8ee2804f89978798256ce12186e36abf9,1370474,,,,,,,,,,,,,,,,,,,,,,,,,,,,,,,,,,,,,,,,,,,,,,,,,,TN,,,,,,,,,,
autoland,3646670,2,6311658df04f8b9dab1d842cf1ddc69e83bd8127,linux64-qr,,False,,,102210fe594ee9b33d82058545b1ed14f4c8206e,num_static_constructors,compiler_metrics,True,compiler_metrics num_static_constructors opt valgrind,,77,,,445590135.0,1837082188,2024-02-01 22:12:05,113.0,144c524a091e2ed65d62b4911026d3400cea02fa,1370552,,,,,,,,,,,,,,,,,,,,,,,,,,,,,,,,,,,,,,,,,,,,,,,,,,TN,,,,,,,,,,
autoland,3646670,2,6311658df04f8b9dab1d842cf1ddc69e83bd8127,linux64-qr,,False,,,102210fe594ee9b33d82058545b1ed14f4c8206e,num_static_constructors,compiler_metrics,True,compiler_metrics num_static_constructors opt valgrind,,77,,,445591239.0,1837086431,2024-02-01 22:19:46,113.0,085a323ab16cb288d40fca29f6bb35d5d7e85753,1370561,,,,,,,,,,,,,,,,,,,,,,,,,,,,,,,,,,,,,,,,,,,,,,,,,,TN,,,,,,,,,,
autoland,3646670,2,6311658df04f8b9dab1d842cf1ddc69e83bd8127,linux64-qr,,False,,,102210fe594ee9b33d82058545b1ed14f4c8206e,num_static_constructors,compiler_metrics,True,compiler_metrics num_static_constructors opt valgrind,,77,,,445619876.0,1837204470,2024-02-02 02:17:37,113.0,c5ac0dc2aa6942a927c66363959457e6c8ba06f8,1370657,,,,,,,,,,,,,,,,,,,,,,,,,,,,,,,,,,,,,,,,,,,,,,,,,,TN,,,,,,,,,,
autoland,3646670,2,6311658df04f8b9dab1d842cf1ddc69e83bd8127,linux64-qr,,False,,,102210fe594ee9b33d82058545b1ed14f4c8206e,num_static_constructors,compiler_metrics,True,compiler_metrics num_static_constructors opt valgrind,,77,,,445621239.0,1837219111,2024-02-02 02:49:20,113.0,dd4c0135beb5076b1a073f8d52507b724781d423,1370659,,,,,,,,,,,,,,,,,,,,,,,,,,,,,,,,,,,,,,,,,,,,,,,,,,TN,,,,,,,,,,
autoland,3646670,2,6311658df04f8b9dab1d842cf1ddc69e83bd8127,linux64-qr,,False,,,102210fe594ee9b33d82058545b1ed14f4c8206e,num_static_constructors,compiler_metrics,True,compiler_metrics num_static_constructors opt valgrind,,77,,,445669169.0,1837475988,2024-02-02 12:28:08,113.0,bd93f640b8594df6f9cca75ed30c36a402b09b12,1370803,,,,,,,,,,,,,,,,,,,,,,,,,,,,,,,,,,,,,,,,,,,,,,,,,,TN,,,,,,,,,,
autoland,3646670,2,6311658df04f8b9dab1d842cf1ddc69e83bd8127,linux64-qr,,False,,,102210fe594ee9b33d82058545b1ed14f4c8206e,num_static_constructors,compiler_metrics,True,compiler_metrics num_static_constructors opt valgrind,,77,,,445685224.0,1837496173,2024-02-02 13:54:17,113.0,90d84a362f057a96158ef63f7aa96d639916e390,1370837,,,,,,,,,,,,,,,,,,,,,,,,,,,,,,,,,,,,,,,,,,,,,,,,,,TN,,,,,,,,,,
autoland,3646670,2,6311658df04f8b9dab1d842cf1ddc69e83bd8127,linux64-qr,,False,,,102210fe594ee9b33d82058545b1ed14f4c8206e,num_static_constructors,compiler_metrics,True,compiler_metrics num_static_constructors opt valgrind,,77,,,445695586.0,1837517155,2024-02-02 14:44:09,113.0,2d3365b1475ea6b0234b76a4ccfefc8c11e491a0,1370872,,,,,,,,,,,,,,,,,,,,,,,,,,,,,,,,,,,,,,,,,,,,,,,,,,TN,,,,,,,,,,
autoland,3646670,2,6311658df04f8b9dab1d842cf1ddc69e83bd8127,linux64-qr,,False,,,102210fe594ee9b33d82058545b1ed14f4c8206e,num_static_constructors,compiler_metrics,True,compiler_metrics num_static_constructors opt valgrind,,77,,,445710252.0,1837613342,2024-02-02 16:54:25,113.0,ce909fd35639f8397cd9fb1bdddf92eb9e94ea86,1370977,,,,,,,,,,,,,,,,,,,,,,,,,,,,,,,,,,,,,,,,,,,,,,,,,,TN,,,,,,,,,,
autoland,3646670,2,6311658df04f8b9dab1d842cf1ddc69e83bd8127,linux64-qr,,False,,,102210fe594ee9b33d82058545b1ed14f4c8206e,num_static_constructors,compiler_metrics,True,compiler_metrics num_static_constructors opt valgrind,,77,,,445743374.0,1837810584,2024-02-02 19:53:24,113.0,67f13af428e383eb2f3472448564da31a6cd3eae,1371106,,,,,,,,,,,,,,,,,,,,,,,,,,,,,,,,,,,,,,,,,,,,,,,,,,TN,,,,,,,,,,
autoland,3646670,2,6311658df04f8b9dab1d842cf1ddc69e83bd8127,linux64-qr,,False,,,102210fe594ee9b33d82058545b1ed14f4c8206e,num_static_constructors,compiler_metrics,True,compiler_metrics num_static_constructors opt valgrind,,77,,,445738430.0,1837787790,2024-02-02 20:01:20,113.0,7a609350fd1141b84a9e3a8b006df4d6eb94abbf,1371116,,,,,,,,,,,,,,,,,,,,,,,,,,,,,,,,,,,,,,,,,,,,,,,,,,TN,,,,,,,,,,
autoland,3646670,2,6311658df04f8b9dab1d842cf1ddc69e83bd8127,linux64-qr,,False,,,102210fe594ee9b33d82058545b1ed14f4c8206e,num_static_constructors,compiler_metrics,True,compiler_metrics num_static_constructors opt valgrind,,77,,,445747195.0,1837815120,2024-02-02 20:01:20,113.0,7a609350fd1141b84a9e3a8b006df4d6eb94abbf,1371116,,,,,,,,,,,,,,,,,,,,,,,,,,,,,,,,,,,,,,,,,,,,,,,,,,TN,,,,,,,,,,
autoland,3646670,2,6311658df04f8b9dab1d842cf1ddc69e83bd8127,linux64-qr,,False,,,102210fe594ee9b33d82058545b1ed14f4c8206e,num_static_constructors,compiler_metrics,True,compiler_metrics num_static_constructors opt valgrind,,77,,,445747196.0,1837817163,2024-02-02 20:01:20,113.0,7a609350fd1141b84a9e3a8b006df4d6eb94abbf,1371116,,,,,,,,,,,,,,,,,,,,,,,,,,,,,,,,,,,,,,,,,,,,,,,,,,TN,,,,,,,,,,
autoland,3646670,2,6311658df04f8b9dab1d842cf1ddc69e83bd8127,linux64-qr,,False,,,102210fe594ee9b33d82058545b1ed14f4c8206e,num_static_constructors,compiler_metrics,True,compiler_metrics num_static_constructors opt valgrind,,77,,,445751559.0,1837856463,2024-02-02 21:53:09,113.0,0a89948ba0c00bf10f2fb02375bb347cffbdc1e1,1371183,,,,,,,,,,,,,,,,,,,,,,,,,,,,,,,,,,,,,,,,,,,,,,,,,,TN,,,,,,,,,,
autoland,3646670,2,6311658df04f8b9dab1d842cf1ddc69e83bd8127,linux64-qr,,False,,,102210fe594ee9b33d82058545b1ed14f4c8206e,num_static_constructors,compiler_metrics,True,compiler_metrics num_static_constructors opt valgrind,,77,,,445773975.0,1837917300,2024-02-02 23:52:15,113.0,738ddafb7eeee89e1b384ae500ff1dd8614b9ba0,1371251,,,,,,,,,,,,,,,,,,,,,,,,,,,,,,,,,,,,,,,,,,,,,,,,,,TN,,,,,,,,,,
autoland,3646670,2,6311658df04f8b9dab1d842cf1ddc69e83bd8127,linux64-qr,,False,,,102210fe594ee9b33d82058545b1ed14f4c8206e,num_static_constructors,compiler_metrics,True,compiler_metrics num_static_constructors opt valgrind,,77,,,445781262.0,1837938779,2024-02-03 02:32:07,113.0,b9172a6f32d47b58f805d7cdc242ba32e55cb4a6,1371314,,,,,,,,,,,,,,,,,,,,,,,,,,,,,,,,,,,,,,,,,,,,,,,,,,TN,,,,,,,,,,
autoland,3646670,2,6311658df04f8b9dab1d842cf1ddc69e83bd8127,linux64-qr,,False,,,102210fe594ee9b33d82058545b1ed14f4c8206e,num_static_constructors,compiler_metrics,True,compiler_metrics num_static_constructors opt valgrind,,77,,,445790972.0,1837993905,2024-02-03 06:48:17,113.0,f8d442e9495d595bd8d4c6cbd272480f9d0dbfb5,1371333,,,,,,,,,,,,,,,,,,,,,,,,,,,,,,,,,,,,,,,,,,,,,,,,,,TN,,,,,,,,,,
autoland,3646670,2,6311658df04f8b9dab1d842cf1ddc69e83bd8127,linux64-qr,,False,,,102210fe594ee9b33d82058545b1ed14f4c8206e,num_static_constructors,compiler_metrics,True,compiler_metrics num_static_constructors opt valgrind,,77,,,445798175.0,1838025990,2024-02-03 09:08:28,113.0,6c316fd08b2f2ac6443dd8193a52f819df23ce2e,1371368,,,,,,,,,,,,,,,,,,,,,,,,,,,,,,,,,,,,,,,,,,,,,,,,,,TN,,,,,,,,,,
autoland,3646670,2,6311658df04f8b9dab1d842cf1ddc69e83bd8127,linux64-qr,,False,,,102210fe594ee9b33d82058545b1ed14f4c8206e,num_static_constructors,compiler_metrics,True,compiler_metrics num_static_constructors opt valgrind,,77,,,445826687.0,1838117418,2024-02-03 16:51:05,113.0,234a8e0fb95fc4c3f978bc6c198667481d3115da,1371417,,,,,,,,,,,,,,,,,,,,,,,,,,,,,,,,,,,,,,,,,,,,,,,,,,TN,,,,,,,,,,
autoland,3646670,2,6311658df04f8b9dab1d842cf1ddc69e83bd8127,linux64-qr,,False,,,102210fe594ee9b33d82058545b1ed14f4c8206e,num_static_constructors,compiler_metrics,True,compiler_metrics num_static_constructors opt valgrind,,77,,,445845780.0,1838237398,2024-02-04 01:32:05,113.0,7a5ad9c8b72b8e9fbc0f63d91a955bff54216958,1371481,,,,,,,,,,,,,,,,,,,,,,,,,,,,,,,,,,,,,,,,,,,,,,,,,,TN,,,,,,,,,,
autoland,3646670,2,6311658df04f8b9dab1d842cf1ddc69e83bd8127,linux64-qr,,False,,,102210fe594ee9b33d82058545b1ed14f4c8206e,num_static_constructors,compiler_metrics,True,compiler_metrics num_static_constructors opt valgrind,,77,,,445861822.0,1838363294,2024-02-04 11:04:08,113.0,eb281b3fd4660b5e7e7d1e77f7ebe3182c28569d,1371513,,,,,,,,,,,,,,,,,,,,,,,,,,,,,,,,,,,,,,,,,,,,,,,,,,TN,,,,,,,,,,
autoland,3646670,2,6311658df04f8b9dab1d842cf1ddc69e83bd8127,linux64-qr,,False,,,102210fe594ee9b33d82058545b1ed14f4c8206e,num_static_constructors,compiler_metrics,True,compiler_metrics num_static_constructors opt valgrind,,77,,,445886655.0,1838568729,2024-02-04 18:26:12,113.0,6cb794603d85d30882e94931d5c7cba2c609e8dd,1371541,,,,,,,,,,,,,,,,,,,,,,,,,,,,,,,,,,,,,,,,,,,,,,,,,,TN,,,,,,,,,,
autoland,3646670,2,6311658df04f8b9dab1d842cf1ddc69e83bd8127,linux64-qr,,False,,,102210fe594ee9b33d82058545b1ed14f4c8206e,num_static_constructors,compiler_metrics,True,compiler_metrics num_static_constructors opt valgrind,,77,,,445901952.0,1838647950,2024-02-05 01:14:58,113.0,778e884de4e5ecb46e2d212a6f5f4a13e465a3a4,1371575,,,,,,,,,,,,,,,,,,,,,,,,,,,,,,,,,,,,,,,,,,,,,,,,,,TN,,,,,,,,,,
autoland,3646670,2,6311658df04f8b9dab1d842cf1ddc69e83bd8127,linux64-qr,,False,,,102210fe594ee9b33d82058545b1ed14f4c8206e,num_static_constructors,compiler_metrics,True,compiler_metrics num_static_constructors opt valgrind,,77,,,445909556.0,1838681088,2024-02-05 06:38:18,113.0,9ca12d444230411e2168420a584a7f95e90c1f97,1371605,,,,,,,,,,,,,,,,,,,,,,,,,,,,,,,,,,,,,,,,,,,,,,,,,,TN,,,,,,,,,,
autoland,3646670,2,6311658df04f8b9dab1d842cf1ddc69e83bd8127,linux64-qr,,False,,,102210fe594ee9b33d82058545b1ed14f4c8206e,num_static_constructors,compiler_metrics,True,compiler_metrics num_static_constructors opt valgrind,,77,,,445917835.0,1838719664,2024-02-05 09:37:16,113.0,84c2c5156aade73e87a15e1bf1fa24fe570d51a8,1371675,,,,,,,,,,,,,,,,,,,,,,,,,,,,,,,,,,,,,,,,,,,,,,,,,,TN,,,,,,,,,,
autoland,3646670,2,6311658df04f8b9dab1d842cf1ddc69e83bd8127,linux64-qr,,False,,,102210fe594ee9b33d82058545b1ed14f4c8206e,num_static_constructors,compiler_metrics,True,compiler_metrics num_static_constructors opt valgrind,,77,,,445928954.0,1838791714,2024-02-05 11:13:48,113.0,e026ce62cd3a8700c3c5fb7495521391420d3ef6,1371747,,,,,,,,,,,,,,,,,,,,,,,,,,,,,,,,,,,,,,,,,,,,,,,,,,TN,,,,,,,,,,
autoland,3646670,2,6311658df04f8b9dab1d842cf1ddc69e83bd8127,linux64-qr,,False,,,102210fe594ee9b33d82058545b1ed14f4c8206e,num_static_constructors,compiler_metrics,True,compiler_metrics num_static_constructors opt valgrind,,77,,,445970095.0,1838892009,2024-02-05 15:06:21,113.0,d67e058935bae8bfad9fb5868b225926a25cb64a,1371897,,,,,,,,,,,,,,,,,,,,,,,,,,,,,,,,,,,,,,,,,,,,,,,,,,TN,,,,,,,,,,
autoland,3646670,2,6311658df04f8b9dab1d842cf1ddc69e83bd8127,linux64-qr,,False,,,102210fe594ee9b33d82058545b1ed14f4c8206e,num_static_constructors,compiler_metrics,True,compiler_metrics num_static_constructors opt valgrind,,77,,,445991158.0,1838961044,2024-02-05 17:03:34,113.0,6ed9c548246247217cfb2f140dbca420d2d2c912,1372021,,,,,,,,,,,,,,,,,,,,,,,,,,,,,,,,,,,,,,,,,,,,,,,,,,TN,,,,,,,,,,
autoland,3646670,2,6311658df04f8b9dab1d842cf1ddc69e83bd8127,linux64-qr,,False,,,102210fe594ee9b33d82058545b1ed14f4c8206e,num_static_constructors,compiler_metrics,True,compiler_metrics num_static_constructors opt valgrind,,77,,,446005300.0,1839012202,2024-02-05 18:46:19,113.0,9559ddacce7e802c8bda80f0f58d6cfd6cdd2948,1372136,,,,,,,,,,,,,,,,,,,,,,,,,,,,,,,,,,,,,,,,,,,,,,,,,,TN,,,,,,,,,,
autoland,3646670,2,6311658df04f8b9dab1d842cf1ddc69e83bd8127,linux64-qr,,False,,,102210fe594ee9b33d82058545b1ed14f4c8206e,num_static_constructors,compiler_metrics,True,compiler_metrics num_static_constructors opt valgrind,,77,,,446025096.0,1839070514,2024-02-05 21:13:34,113.0,ba97fc77e52606be48d1dfe61aba1c5695afd652,1372237,,,,,,,,,,,,,,,,,,,,,,,,,,,,,,,,,,,,,,,,,,,,,,,,,,TN,,,,,,,,,,
autoland,3646670,2,6311658df04f8b9dab1d842cf1ddc69e83bd8127,linux64-qr,,False,,,102210fe594ee9b33d82058545b1ed14f4c8206e,num_static_constructors,compiler_metrics,True,compiler_metrics num_static_constructors opt valgrind,,77,,,446066725.0,1839237475,2024-02-06 03:53:00,113.0,1995789cfffa08b612d3571d2e8596837f772a49,1372390,,,,,,,,,,,,,,,,,,,,,,,,,,,,,,,,,,,,,,,,,,,,,,,,,,TN,,,,,,,,,,
autoland,3646670,2,6311658df04f8b9dab1d842cf1ddc69e83bd8127,linux64-qr,,False,,,102210fe594ee9b33d82058545b1ed14f4c8206e,num_static_constructors,compiler_metrics,True,compiler_metrics num_static_constructors opt valgrind,,77,,,446066795.0,1839237682,2024-02-06 03:54:23,113.0,173bf272980ef5eb6106b22a4cb4bc1d08757fb5,1372391,,,,,,,,,,,,,,,,,,,,,,,,,,,,,,,,,,,,,,,,,,,,,,,,,,TN,,,,,,,,,,
autoland,3646670,2,6311658df04f8b9dab1d842cf1ddc69e83bd8127,linux64-qr,,False,,,102210fe594ee9b33d82058545b1ed14f4c8206e,num_static_constructors,compiler_metrics,True,compiler_metrics num_static_constructors opt valgrind,,77,,,446082899.0,1839436687,2024-02-06 07:31:17,113.0,df0b9539f5604a9aefc6916ce6ecf2e52670b78b,1372455,,,,,,,,,,,,,,,,,,,,,,,,,,,,,,,,,,,,,,,,,,,,,,,,,,TN,,,,,,,,,,
autoland,3646670,2,6311658df04f8b9dab1d842cf1ddc69e83bd8127,linux64-qr,,False,,,102210fe594ee9b33d82058545b1ed14f4c8206e,num_static_constructors,compiler_metrics,True,compiler_metrics num_static_constructors opt valgrind,,77,,,446113628.0,1839587052,2024-02-06 11:44:40,113.0,c48ca61bc9255db0107d377c103a752265b60eb8,1372588,,,,,,,,,,,,,,,,,,,,,,,,,,,,,,,,,,,,,,,,,,,,,,,,,,TN,,,,,,,,,,
autoland,3646670,2,6311658df04f8b9dab1d842cf1ddc69e83bd8127,linux64-qr,,False,,,102210fe594ee9b33d82058545b1ed14f4c8206e,num_static_constructors,compiler_metrics,True,compiler_metrics num_static_constructors opt valgrind,,77,,,446166775.0,1839742070,2024-02-06 15:25:27,113.0,9e9263ad5cf7d929f846d417860f179aa942282a,1372729,,,,,,,,,,,,,,,,,,,,,,,,,,,,,,,,,,,,,,,,,,,,,,,,,,TN,,,,,,,,,,
autoland,3646670,2,6311658df04f8b9dab1d842cf1ddc69e83bd8127,linux64-qr,,False,,,102210fe594ee9b33d82058545b1ed14f4c8206e,num_static_constructors,compiler_metrics,True,compiler_metrics num_static_constructors opt valgrind,,77,,,446185889.0,1839824454,2024-02-06 17:15:13,113.0,79b38383448166074627506218757a9881ca5679,1372809,,,,,,,,,,,,,,,,,,,,,,,,,,,,,,,,,,,,,,,,,,,,,,,,,,TN,,,,,,,,,,
autoland,3646670,2,6311658df04f8b9dab1d842cf1ddc69e83bd8127,linux64-qr,,False,,,102210fe594ee9b33d82058545b1ed14f4c8206e,num_static_constructors,compiler_metrics,True,compiler_metrics num_static_constructors opt valgrind,,77,,,446187072.0,1839830769,2024-02-06 17:24:04,113.0,1f93ea2744765ca11b90874574cc12168d3828a5,1372818,,,,,,,,,,,,,,,,,,,,,,,,,,,,,,,,,,,,,,,,,,,,,,,,,,TN,,,,,,,,,,
autoland,3646670,2,6311658df04f8b9dab1d842cf1ddc69e83bd8127,linux64-qr,,False,,,102210fe594ee9b33d82058545b1ed14f4c8206e,num_static_constructors,compiler_metrics,True,compiler_metrics num_static_constructors opt valgrind,,77,,,446263449.0,1840215767,2024-02-07 04:17:01,113.0,1d87eb92ed10d04dccab53b631b14010ca09beb6,1373159,,,,,,,,,,,,,,,,,,,,,,,,,,,,,,,,,,,,,,,,,,,,,,,,,,TN,,,,,,,,,,
autoland,3646670,2,6311658df04f8b9dab1d842cf1ddc69e83bd8127,linux64-qr,,False,,,102210fe594ee9b33d82058545b1ed14f4c8206e,num_static_constructors,compiler_metrics,True,compiler_metrics num_static_constructors opt valgrind,,77,,,446264176.0,1840222405,2024-02-07 04:22:59,113.0,fce00cd55ffb9127f24e7e1d2186178f72429fce,1373168,,,,,,,,,,,,,,,,,,,,,,,,,,,,,,,,,,,,,,,,,,,,,,,,,,TN,,,,,,,,,,
autoland,3646670,2,6311658df04f8b9dab1d842cf1ddc69e83bd8127,linux64-qr,,False,,,102210fe594ee9b33d82058545b1ed14f4c8206e,num_static_constructors,compiler_metrics,True,compiler_metrics num_static_constructors opt valgrind,,77,,,446275216.0,1840257385,2024-02-07 05:53:30,113.0,13bf4b3b547800873222ea4047f51e8ca382a132,1373187,,,,,,,,,,,,,,,,,,,,,,,,,,,,,,,,,,,,,,,,,,,,,,,,,,TN,,,,,,,,,,
autoland,3646670,2,6311658df04f8b9dab1d842cf1ddc69e83bd8127,linux64-qr,,False,,,102210fe594ee9b33d82058545b1ed14f4c8206e,num_static_constructors,compiler_metrics,True,compiler_metrics num_static_constructors opt valgrind,,77,,,446287875.0,1840346514,2024-02-07 08:54:39,113.0,df59ba0b3152fb8f6812b413bd2a6869bff469c1,1373246,,,,,,,,,,,,,,,,,,,,,,,,,,,,,,,,,,,,,,,,,,,,,,,,,,TN,,,,,,,,,,
autoland,3646670,2,6311658df04f8b9dab1d842cf1ddc69e83bd8127,linux64-qr,,False,,,102210fe594ee9b33d82058545b1ed14f4c8206e,num_static_constructors,compiler_metrics,True,compiler_metrics num_static_constructors opt valgrind,,77,,,446288234.0,1840350071,2024-02-07 09:01:16,113.0,ab5b008e36a4742d737a89c8cbfc1a69e2b76456,1373249,,,,,,,,,,,,,,,,,,,,,,,,,,,,,,,,,,,,,,,,,,,,,,,,,,TN,,,,,,,,,,
autoland,3646670,2,6311658df04f8b9dab1d842cf1ddc69e83bd8127,linux64-qr,,False,,,102210fe594ee9b33d82058545b1ed14f4c8206e,num_static_constructors,compiler_metrics,True,compiler_metrics num_static_constructors opt valgrind,,77,,,446320303.0,1840476996,2024-02-07 12:19:18,113.0,8ce615a641e340907632e2eabbc39d6ea84e08cb,1373349,,,,,,,,,,,,,,,,,,,,,,,,,,,,,,,,,,,,,,,,,,,,,,,,,,TN,,,,,,,,,,
autoland,3646670,2,6311658df04f8b9dab1d842cf1ddc69e83bd8127,linux64-qr,,False,,,102210fe594ee9b33d82058545b1ed14f4c8206e,num_static_constructors,compiler_metrics,True,compiler_metrics num_static_constructors opt valgrind,,77,,,446325500.0,1840496885,2024-02-07 13:03:40,113.0,ec34bf3905e43d945effa45ba094092c7355d4b2,1373380,,,,,,,,,,,,,,,,,,,,,,,,,,,,,,,,,,,,,,,,,,,,,,,,,,TN,,,,,,,,,,
autoland,3646670,2,6311658df04f8b9dab1d842cf1ddc69e83bd8127,linux64-qr,,False,,,102210fe594ee9b33d82058545b1ed14f4c8206e,num_static_constructors,compiler_metrics,True,compiler_metrics num_static_constructors opt valgrind,,77,,,446343032.0,1840524451,2024-02-07 14:05:10,113.0,fdda8b6b095615f06fbef5c21ff9ad0a90927c83,1373437,,,,,,,,,,,,,,,,,,,,,,,,,,,,,,,,,,,,,,,,,,,,,,,,,,TN,,,,,,,,,,
autoland,3646670,2,6311658df04f8b9dab1d842cf1ddc69e83bd8127,linux64-qr,,False,,,102210fe594ee9b33d82058545b1ed14f4c8206e,num_static_constructors,compiler_metrics,True,compiler_metrics num_static_constructors opt valgrind,,77,,,446390737.0,1840692138,2024-02-07 17:25:01,113.0,fcafc196f2cef3d5c607edaa0f66c96cdf1708d6,1373622,,,,,,,,,,,,,,,,,,,,,,,,,,,,,,,,,,,,,,,,,,,,,,,,,,TN,,,,,,,,,,
autoland,3646670,2,6311658df04f8b9dab1d842cf1ddc69e83bd8127,linux64-qr,,False,,,102210fe594ee9b33d82058545b1ed14f4c8206e,num_static_constructors,compiler_metrics,True,compiler_metrics num_static_constructors opt valgrind,,77,,,446404238.0,1840754147,2024-02-07 19:40:55,113.0,70f9764463312802271543f740b42e9f45752787,1373758,,,,,,,,,,,,,,,,,,,,,,,,,,,,,,,,,,,,,,,,,,,,,,,,,,TN,,,,,,,,,,
autoland,3646670,2,6311658df04f8b9dab1d842cf1ddc69e83bd8127,linux64-qr,,False,,,102210fe594ee9b33d82058545b1ed14f4c8206e,num_static_constructors,compiler_metrics,True,compiler_metrics num_static_constructors opt valgrind,,77,,,446415914.0,1840818732,2024-02-07 21:31:39,113.0,0eee0e78f83c43165f612c4e7f3f7ff52d665b9c,1373826,,,,,,,,,,,,,,,,,,,,,,,,,,,,,,,,,,,,,,,,,,,,,,,,,,TN,,,,,,,,,,
autoland,3646670,2,6311658df04f8b9dab1d842cf1ddc69e83bd8127,linux64-qr,,False,,,102210fe594ee9b33d82058545b1ed14f4c8206e,num_static_constructors,compiler_metrics,True,compiler_metrics num_static_constructors opt valgrind,,77,,,446416281.0,1840817337,2024-02-07 21:36:53,113.0,1cb745ef034e9cd65d98c15632e13f5862e7390b,1373829,,,,,,,,,,,,,,,,,,,,,,,,,,,,,,,,,,,,,,,,,,,,,,,,,,TN,,,,,,,,,,
autoland,3646670,2,6311658df04f8b9dab1d842cf1ddc69e83bd8127,linux64-qr,,False,,,102210fe594ee9b33d82058545b1ed14f4c8206e,num_static_constructors,compiler_metrics,True,compiler_metrics num_static_constructors opt valgrind,,77,,,446439196.0,1840900922,2024-02-08 00:13:25,113.0,9d2da655da15aaed4117703587582a81f9054382,1373897,,,,,,,,,,,,,,,,,,,,,,,,,,,,,,,,,,,,,,,,,,,,,,,,,,TN,,,,,,,,,,
autoland,3646670,2,6311658df04f8b9dab1d842cf1ddc69e83bd8127,linux64-qr,,False,,,102210fe594ee9b33d82058545b1ed14f4c8206e,num_static_constructors,compiler_metrics,True,compiler_metrics num_static_constructors opt valgrind,,77,,,446445522.0,1840928359,2024-02-08 01:47:30,113.0,0cb1cb869761baae745081466c878e32a7d83888,1373927,,,,,,,,,,,,,,,,,,,,,,,,,,,,,,,,,,,,,,,,,,,,,,,,,,TN,,,,,,,,,,
autoland,3646670,2,6311658df04f8b9dab1d842cf1ddc69e83bd8127,linux64-qr,,False,,,102210fe594ee9b33d82058545b1ed14f4c8206e,num_static_constructors,compiler_metrics,True,compiler_metrics num_static_constructors opt valgrind,,77,,,446450211.0,1840938070,2024-02-08 02:38:53,113.0,bbcb9c75a4919aa67c2fc1ec689eb69d653990dd,1373953,,,,,,,,,,,,,,,,,,,,,,,,,,,,,,,,,,,,,,,,,,,,,,,,,,TN,,,,,,,,,,
autoland,3646670,2,6311658df04f8b9dab1d842cf1ddc69e83bd8127,linux64-qr,,False,,,102210fe594ee9b33d82058545b1ed14f4c8206e,num_static_constructors,compiler_metrics,True,compiler_metrics num_static_constructors opt valgrind,,77,,,446453836.0,1840954016,2024-02-08 02:38:53,113.0,bbcb9c75a4919aa67c2fc1ec689eb69d653990dd,1373953,,,,,,,,,,,,,,,,,,,,,,,,,,,,,,,,,,,,,,,,,,,,,,,,,,TN,,,,,,,,,,
autoland,3646670,2,6311658df04f8b9dab1d842cf1ddc69e83bd8127,linux64-qr,,False,,,102210fe594ee9b33d82058545b1ed14f4c8206e,num_static_constructors,compiler_metrics,True,compiler_metrics num_static_constructors opt valgrind,,77,,,446453840.0,1840955032,2024-02-08 02:38:53,113.0,bbcb9c75a4919aa67c2fc1ec689eb69d653990dd,1373953,,,,,,,,,,,,,,,,,,,,,,,,,,,,,,,,,,,,,,,,,,,,,,,,,,TN,,,,,,,,,,
autoland,3646670,2,6311658df04f8b9dab1d842cf1ddc69e83bd8127,linux64-qr,,False,,,102210fe594ee9b33d82058545b1ed14f4c8206e,num_static_constructors,compiler_metrics,True,compiler_metrics num_static_constructors opt valgrind,,77,,,446453841.0,1840954957,2024-02-08 02:38:53,113.0,bbcb9c75a4919aa67c2fc1ec689eb69d653990dd,1373953,,,,,,,,,,,,,,,,,,,,,,,,,,,,,,,,,,,,,,,,,,,,,,,,,,TN,,,,,,,,,,
autoland,3646670,2,6311658df04f8b9dab1d842cf1ddc69e83bd8127,linux64-qr,,False,,,102210fe594ee9b33d82058545b1ed14f4c8206e,num_static_constructors,compiler_metrics,True,compiler_metrics num_static_constructors opt valgrind,,77,,,446464194.0,1841012385,2024-02-08 07:03:19,113.0,344524bd7c755d7d7fcfca1d69503577b07db2b7,1374007,,,,,,,,,,,,,,,,,,,,,,,,,,,,,,,,,,,,,,,,,,,,,,,,,,TN,,,,,,,,,,
autoland,3646670,2,6311658df04f8b9dab1d842cf1ddc69e83bd8127,linux64-qr,,False,,,102210fe594ee9b33d82058545b1ed14f4c8206e,num_static_constructors,compiler_metrics,True,compiler_metrics num_static_constructors opt valgrind,,77,,,446466130.0,1841044950,2024-02-08 07:03:19,113.0,344524bd7c755d7d7fcfca1d69503577b07db2b7,1374007,,,,,,,,,,,,,,,,,,,,,,,,,,,,,,,,,,,,,,,,,,,,,,,,,,TN,,,,,,,,,,
autoland,3646670,2,6311658df04f8b9dab1d842cf1ddc69e83bd8127,linux64-qr,,False,,,102210fe594ee9b33d82058545b1ed14f4c8206e,num_static_constructors,compiler_metrics,True,compiler_metrics num_static_constructors opt valgrind,,77,,,446509123.0,1841238978,2024-02-08 14:56:42,113.0,286029e09b16d8910d7110864541cdb9d4b84681,1374192,,,,,,,,,,,,,,,,,,,,,,,,,,,,,,,,,,,,,,,,,,,,,,,,,,TN,,,,,,,,,,
autoland,3646670,2,6311658df04f8b9dab1d842cf1ddc69e83bd8127,linux64-qr,,False,,,102210fe594ee9b33d82058545b1ed14f4c8206e,num_static_constructors,compiler_metrics,True,compiler_metrics num_static_constructors opt valgrind,,77,,,446509562.0,1841212782,2024-02-08 15:04:36,113.0,8f625645bfaf55e4dbc09dbca3ba48b2fff3188b,1374194,,,,,,,,,,,,,,,,,,,,,,,,,,,,,,,,,,,,,,,,,,,,,,,,,,TN,,,,,,,,,,
autoland,3646670,2,6311658df04f8b9dab1d842cf1ddc69e83bd8127,linux64-qr,,False,,,102210fe594ee9b33d82058545b1ed14f4c8206e,num_static_constructors,compiler_metrics,True,compiler_metrics num_static_constructors opt valgrind,,77,,,446515289.0,1841245826,2024-02-08 15:04:36,113.0,8f625645bfaf55e4dbc09dbca3ba48b2fff3188b,1374194,,,,,,,,,,,,,,,,,,,,,,,,,,,,,,,,,,,,,,,,,,,,,,,,,,TN,,,,,,,,,,
autoland,3646670,2,6311658df04f8b9dab1d842cf1ddc69e83bd8127,linux64-qr,,False,,,102210fe594ee9b33d82058545b1ed14f4c8206e,num_static_constructors,compiler_metrics,True,compiler_metrics num_static_constructors opt valgrind,,77,,,446520901.0,1841263667,2024-02-08 16:03:43,113.0,590071462358f92ff5d36dc8f99a472a45101fdb,1374244,,,,,,,,,,,,,,,,,,,,,,,,,,,,,,,,,,,,,,,,,,,,,,,,,,TN,,,,,,,,,,
autoland,3646670,2,6311658df04f8b9dab1d842cf1ddc69e83bd8127,linux64-qr,,False,,,102210fe594ee9b33d82058545b1ed14f4c8206e,num_static_constructors,compiler_metrics,True,compiler_metrics num_static_constructors opt valgrind,,77,,,446528436.0,1841294027,2024-02-08 16:54:55,113.0,762581f81b01f891ae25c62cfe43e3486b5013be,1374288,,,,,,,,,,,,,,,,,,,,,,,,,,,,,,,,,,,,,,,,,,,,,,,,,,TN,,,,,,,,,,
autoland,3646670,2,6311658df04f8b9dab1d842cf1ddc69e83bd8127,linux64-qr,,False,,,102210fe594ee9b33d82058545b1ed14f4c8206e,num_static_constructors,compiler_metrics,True,compiler_metrics num_static_constructors opt valgrind,,77,,,446545278.0,1841382627,2024-02-08 19:35:39,113.0,73533753c2b3b2e6d4279aeebfa5096f01abc7f2,1374435,,,,,,,,,,,,,,,,,,,,,,,,,,,,,,,,,,,,,,,,,,,,,,,,,,TN,,,,,,,,,,
autoland,3646670,2,6311658df04f8b9dab1d842cf1ddc69e83bd8127,linux64-qr,,False,,,102210fe594ee9b33d82058545b1ed14f4c8206e,num_static_constructors,compiler_metrics,True,compiler_metrics num_static_constructors opt valgrind,,77,,,446563604.0,1841468458,2024-02-08 22:41:03,113.0,8b424277a5065ea04bc1818e9ba12a8b24c12008,1374550,,,,,,,,,,,,,,,,,,,,,,,,,,,,,,,,,,,,,,,,,,,,,,,,,,TN,,,,,,,,,,
autoland,3646670,2,6311658df04f8b9dab1d842cf1ddc69e83bd8127,linux64-qr,,False,,,102210fe594ee9b33d82058545b1ed14f4c8206e,num_static_constructors,compiler_metrics,True,compiler_metrics num_static_constructors opt valgrind,,77,,,446570068.0,1841495608,2024-02-08 23:27:55,113.0,ba6c8f006d21287c25440f5141e3eead45bd9f96,1374577,,,,,,,,,,,,,,,,,,,,,,,,,,,,,,,,,,,,,,,,,,,,,,,,,,TN,,,,,,,,,,
autoland,3646670,2,6311658df04f8b9dab1d842cf1ddc69e83bd8127,linux64-qr,,False,,,102210fe594ee9b33d82058545b1ed14f4c8206e,num_static_constructors,compiler_metrics,True,compiler_metrics num_static_constructors opt valgrind,,77,,,446598384.0,1841588460,2024-02-09 03:19:59,113.0,07ba030e56d39f7751df9ef2d57ef5641908c5c6,1374648,,,,,,,,,,,,,,,,,,,,,,,,,,,,,,,,,,,,,,,,,,,,,,,,,,TN,,,,,,,,,,
autoland,3646670,2,6311658df04f8b9dab1d842cf1ddc69e83bd8127,linux64-qr,,False,,,102210fe594ee9b33d82058545b1ed14f4c8206e,num_static_constructors,compiler_metrics,True,compiler_metrics num_static_constructors opt valgrind,,77,,,446600684.0,1841596820,2024-02-09 04:08:21,113.0,b17a56f7d0a828b62b52f572c8237345bf64786f,1374660,,,,,,,,,,,,,,,,,,,,,,,,,,,,,,,,,,,,,,,,,,,,,,,,,,TN,,,,,,,,,,
autoland,3646670,2,6311658df04f8b9dab1d842cf1ddc69e83bd8127,linux64-qr,,False,,,102210fe594ee9b33d82058545b1ed14f4c8206e,num_static_constructors,compiler_metrics,True,compiler_metrics num_static_constructors opt valgrind,,77,,,446625863.0,1841705396,2024-02-09 08:27:03,113.0,7b81e807e547afd0cca0453e9697e58369ae5e92,1374718,,,,,,,,,,,,,,,,,,,,,,,,,,,,,,,,,,,,,,,,,,,,,,,,,,TN,,,,,,,,,,
autoland,3646670,2,6311658df04f8b9dab1d842cf1ddc69e83bd8127,linux64-qr,,False,,,102210fe594ee9b33d82058545b1ed14f4c8206e,num_static_constructors,compiler_metrics,True,compiler_metrics num_static_constructors opt valgrind,,77,,,446650668.0,1841831282,2024-02-09 11:56:29,113.0,045e453bba33077fb8d5641ca3706f3785ce14f5,1374806,,,,,,,,,,,,,,,,,,,,,,,,,,,,,,,,,,,,,,,,,,,,,,,,,,TN,,,,,,,,,,
autoland,3646670,2,6311658df04f8b9dab1d842cf1ddc69e83bd8127,linux64-qr,,False,,,102210fe594ee9b33d82058545b1ed14f4c8206e,num_static_constructors,compiler_metrics,True,compiler_metrics num_static_constructors opt valgrind,,77,,,446691036.0,1841937173,2024-02-09 14:51:10,113.0,d8c991c8d303dec6a0ce2bec5b4cef73cae79d09,1374905,,,,,,,,,,,,,,,,,,,,,,,,,,,,,,,,,,,,,,,,,,,,,,,,,,TN,,,,,,,,,,
autoland,3646670,2,6311658df04f8b9dab1d842cf1ddc69e83bd8127,linux64-qr,,False,,,102210fe594ee9b33d82058545b1ed14f4c8206e,num_static_constructors,compiler_metrics,True,compiler_metrics num_static_constructors opt valgrind,,77,,,446704541.0,1841970548,2024-02-09 16:09:01,113.0,193e6982f5a17f0fa7cced978df3079f87e4ad99,1374959,,,,,,,,,,,,,,,,,,,,,,,,,,,,,,,,,,,,,,,,,,,,,,,,,,TN,,,,,,,,,,
autoland,3646670,2,6311658df04f8b9dab1d842cf1ddc69e83bd8127,linux64-qr,,False,,,102210fe594ee9b33d82058545b1ed14f4c8206e,num_static_constructors,compiler_metrics,True,compiler_metrics num_static_constructors opt valgrind,,77,,,446714861.0,1842013113,2024-02-09 17:06:42,113.0,39d76f98160905dab2a294ece0e03ee8ba5ba4cc,1375009,,,,,,,,,,,,,,,,,,,,,,,,,,,,,,,,,,,,,,,,,,,,,,,,,,TN,,,,,,,,,,
autoland,3646670,2,6311658df04f8b9dab1d842cf1ddc69e83bd8127,linux64-qr,,False,,,102210fe594ee9b33d82058545b1ed14f4c8206e,num_static_constructors,compiler_metrics,True,compiler_metrics num_static_constructors opt valgrind,,77,,,446739934.0,1842116652,2024-02-09 19:50:20,113.0,e64222e1cbebe755f1bff620ee349c62891a40b0,1375153,,,,,,,,,,,,,,,,,,,,,,,,,,,,,,,,,,,,,,,,,,,,,,,,,,TN,,,,,,,,,,
autoland,3646670,2,6311658df04f8b9dab1d842cf1ddc69e83bd8127,linux64-qr,,False,,,102210fe594ee9b33d82058545b1ed14f4c8206e,num_static_constructors,compiler_metrics,True,compiler_metrics num_static_constructors opt valgrind,,77,,,446746646.0,1842146171,2024-02-09 21:47:15,113.0,0fb5f3212fd93e901bed6bb19bd8b63339869991,1375247,,,,,,,,,,,,,,,,,,,,,,,,,,,,,,,,,,,,,,,,,,,,,,,,,,TN,,,,,,,,,,
autoland,3646670,2,6311658df04f8b9dab1d842cf1ddc69e83bd8127,linux64-qr,,False,,,102210fe594ee9b33d82058545b1ed14f4c8206e,num_static_constructors,compiler_metrics,True,compiler_metrics num_static_constructors opt valgrind,,77,,,446766091.0,1842227075,2024-02-10 00:22:23,113.0,f0f4df04e3c55cdcc61c1743f02b3e92a8dbcf51,1375323,,,,,,,,,,,,,,,,,,,,,,,,,,,,,,,,,,,,,,,,,,,,,,,,,,TN,,,,,,,,,,
autoland,3646670,2,6311658df04f8b9dab1d842cf1ddc69e83bd8127,linux64-qr,,False,,,102210fe594ee9b33d82058545b1ed14f4c8206e,num_static_constructors,compiler_metrics,True,compiler_metrics num_static_constructors opt valgrind,,77,,,446782663.0,1842273825,2024-02-10 07:03:30,113.0,20876ae07c4b760464125773aa45200a98f34159,1375365,,,,,,,,,,,,,,,,,,,,,,,,,,,,,,,,,,,,,,,,,,,,,,,,,,TN,,,,,,,,,,
autoland,3646670,2,6311658df04f8b9dab1d842cf1ddc69e83bd8127,linux64-qr,,False,,,102210fe594ee9b33d82058545b1ed14f4c8206e,num_static_constructors,compiler_metrics,True,compiler_metrics num_static_constructors opt valgrind,,77,,,446806308.0,1842351729,2024-02-10 13:47:16,113.0,b09350ff8440d3ef5d3ac2b811bfe9a5d243196a,1375389,,,,,,,,,,,,,,,,,,,,,,,,,,,,,,,,,,,,,,,,,,,,,,,,,,TN,,,,,,,,,,
autoland,3646670,2,6311658df04f8b9dab1d842cf1ddc69e83bd8127,linux64-qr,,False,,,102210fe594ee9b33d82058545b1ed14f4c8206e,num_static_constructors,compiler_metrics,True,compiler_metrics num_static_constructors opt valgrind,,77,,,446815789.0,1842391629,2024-02-10 17:58:32,113.0,f6690a5e6ceef6b384dc31d4485e790a4935508a,1375417,,,,,,,,,,,,,,,,,,,,,,,,,,,,,,,,,,,,,,,,,,,,,,,,,,TN,,,,,,,,,,
autoland,3646670,2,6311658df04f8b9dab1d842cf1ddc69e83bd8127,linux64-qr,,False,,,102210fe594ee9b33d82058545b1ed14f4c8206e,num_static_constructors,compiler_metrics,True,compiler_metrics num_static_constructors opt valgrind,,77,,,446835884.0,1842457166,2024-02-11 02:31:23,113.0,f92c77fccb76549171ecc809818a26b1eb883b43,1375439,,,,,,,,,,,,,,,,,,,,,,,,,,,,,,,,,,,,,,,,,,,,,,,,,,TN,,,,,,,,,,
autoland,3646670,2,6311658df04f8b9dab1d842cf1ddc69e83bd8127,linux64-qr,,False,,,102210fe594ee9b33d82058545b1ed14f4c8206e,num_static_constructors,compiler_metrics,True,compiler_metrics num_static_constructors opt valgrind,,77,,,446868685.0,1842599335,2024-02-11 15:25:51,113.0,13676fc9b0cd8461cb9863d3a2d1b9a696a9c0f5,1375518,,,,,,,,,,,,,,,,,,,,,,,,,,,,,,,,,,,,,,,,,,,,,,,,,,TN,,,,,,,,,,
autoland,3646670,2,6311658df04f8b9dab1d842cf1ddc69e83bd8127,linux64-qr,,False,,,102210fe594ee9b33d82058545b1ed14f4c8206e,num_static_constructors,compiler_metrics,True,compiler_metrics num_static_constructors opt valgrind,,77,,,446917446.0,1842844765,2024-02-12 14:21:33,113.0,1acc952861899da04fe4d070552c2f9974db27ac,1375783,,,,,,,,,,,,,,,,,,,,,,,,,,,,,,,,,,,,,,,,,,,,,,,,,,TN,,,,,,,,,,
autoland,3646670,2,6311658df04f8b9dab1d842cf1ddc69e83bd8127,linux64-qr,,False,,,102210fe594ee9b33d82058545b1ed14f4c8206e,num_static_constructors,compiler_metrics,True,compiler_metrics num_static_constructors opt valgrind,,77,,,446922559.0,1842859360,2024-02-12 14:59:50,113.0,2636b20ace4dc83782c886df6263263b3b959c21,1375830,,,,,,,,,,,,,,,,,,,,,,,,,,,,,,,,,,,,,,,,,,,,,,,,,,TN,,,,,,,,,,
autoland,3646670,2,6311658df04f8b9dab1d842cf1ddc69e83bd8127,linux64-qr,,False,,,102210fe594ee9b33d82058545b1ed14f4c8206e,num_static_constructors,compiler_metrics,True,compiler_metrics num_static_constructors opt valgrind,,77,,,446928625.0,1842882583,2024-02-12 15:53:07,113.0,cab51450b6bd71ade4db0f49831f7e402b375b45,1375888,,,,,,,,,,,,,,,,,,,,,,,,,,,,,,,,,,,,,,,,,,,,,,,,,,TN,,,,,,,,,,
autoland,3646670,2,6311658df04f8b9dab1d842cf1ddc69e83bd8127,linux64-qr,,False,,,102210fe594ee9b33d82058545b1ed14f4c8206e,num_static_constructors,compiler_metrics,True,compiler_metrics num_static_constructors opt valgrind,,77,,,446967183.0,1842989118,2024-02-12 20:04:04,113.0,37ec3180a6cbce3bb2544f9a16b4ded4657c6eb6,1376093,,,,,,,,,,,,,,,,,,,,,,,,,,,,,,,,,,,,,,,,,,,,,,,,,,TN,,,,,,,,,,
autoland,3646670,2,6311658df04f8b9dab1d842cf1ddc69e83bd8127,linux64-qr,,False,,,102210fe594ee9b33d82058545b1ed14f4c8206e,num_static_constructors,compiler_metrics,True,compiler_metrics num_static_constructors opt valgrind,,77,,,446959618.0,1842968487,2024-02-12 20:15:07,113.0,995a3050d70cb954214be8710caa54a1794745ec,1376103,,,,,,,,,,,,,,,,,,,,,,,,,,,,,,,,,,,,,,,,,,,,,,,,,,TN,,,,,,,,,,
autoland,3646670,2,6311658df04f8b9dab1d842cf1ddc69e83bd8127,linux64-qr,,False,,,102210fe594ee9b33d82058545b1ed14f4c8206e,num_static_constructors,compiler_metrics,True,compiler_metrics num_static_constructors opt valgrind,,77,,,446981960.0,1843043560,2024-02-12 22:31:11,113.0,d75d8a2dd7c9a1d0879c21461b7f9be0eccae624,1376209,,,,,,,,,,,,,,,,,,,,,,,,,,,,,,,,,,,,,,,,,,,,,,,,,,TN,,,,,,,,,,
autoland,3646670,2,6311658df04f8b9dab1d842cf1ddc69e83bd8127,linux64-qr,,False,,,102210fe594ee9b33d82058545b1ed14f4c8206e,num_static_constructors,compiler_metrics,True,compiler_metrics num_static_constructors opt valgrind,,77,,,447006983.0,1843095208,2024-02-13 00:22:17,113.0,b316bafe790ef37c5585cadd21f6a2c8ebd749b9,1376256,,,,,,,,,,,,,,,,,,,,,,,,,,,,,,,,,,,,,,,,,,,,,,,,,,TN,,,,,,,,,,
autoland,3646670,2,6311658df04f8b9dab1d842cf1ddc69e83bd8127,linux64-qr,,False,,,102210fe594ee9b33d82058545b1ed14f4c8206e,num_static_constructors,compiler_metrics,True,compiler_metrics num_static_constructors opt valgrind,,77,,,447023767.0,1843135621,2024-02-13 02:51:29,113.0,52fc8e3041c5f42dfa50438336b110a9a5e77f2b,1376298,,,,,,,,,,,,,,,,,,,,,,,,,,,,,,,,,,,,,,,,,,,,,,,,,,TN,,,,,,,,,,
autoland,3646670,2,6311658df04f8b9dab1d842cf1ddc69e83bd8127,linux64-qr,,False,,,102210fe594ee9b33d82058545b1ed14f4c8206e,num_static_constructors,compiler_metrics,True,compiler_metrics num_static_constructors opt valgrind,,77,,,447045006.0,1843226822,2024-02-13 06:57:28,113.0,5f6ad5b21119b4bbef2bc6c9153e0f7329c20ebe,1376370,,,,,,,,,,,,,,,,,,,,,,,,,,,,,,,,,,,,,,,,,,,,,,,,,,TN,,,,,,,,,,
autoland,3646670,2,6311658df04f8b9dab1d842cf1ddc69e83bd8127,linux64-qr,,False,,,102210fe594ee9b33d82058545b1ed14f4c8206e,num_static_constructors,compiler_metrics,True,compiler_metrics num_static_constructors opt valgrind,,77,,,447054784.0,1843283458,2024-02-13 08:13:48,113.0,515da9894c7f96574a5e57382b42e094bf5dd2b1,1376394,,,,,,,,,,,,,,,,,,,,,,,,,,,,,,,,,,,,,,,,,,,,,,,,,,TN,,,,,,,,,,
autoland,3646670,2,6311658df04f8b9dab1d842cf1ddc69e83bd8127,linux64-qr,,False,,,102210fe594ee9b33d82058545b1ed14f4c8206e,num_static_constructors,compiler_metrics,True,compiler_metrics num_static_constructors opt valgrind,,77,,,447065040.0,1843331716,2024-02-13 09:49:45,113.0,c5320acccd4a760b0ae41149fcdd8fe44b658ee7,1376447,,,,,,,,,,,,,,,,,,,,,,,,,,,,,,,,,,,,,,,,,,,,,,,,,,TN,,,,,,,,,,
autoland,3646670,2,6311658df04f8b9dab1d842cf1ddc69e83bd8127,linux64-qr,,False,,,102210fe594ee9b33d82058545b1ed14f4c8206e,num_static_constructors,compiler_metrics,True,compiler_metrics num_static_constructors opt valgrind,,77,,,447082899.0,1843393184,2024-02-13 11:30:01,113.0,6ffedd9e79d514c244041ed67d69eae456a4e707,1376515,,,,,,,,,,,,,,,,,,,,,,,,,,,,,,,,,,,,,,,,,,,,,,,,,,TN,,,,,,,,,,
autoland,3646670,2,6311658df04f8b9dab1d842cf1ddc69e83bd8127,linux64-qr,,False,,,102210fe594ee9b33d82058545b1ed14f4c8206e,num_static_constructors,compiler_metrics,True,compiler_metrics num_static_constructors opt valgrind,,77,,,447102047.0,1843441361,2024-02-13 13:45:34,113.0,0d474eb34652f4c47a16b6d83012c0f2e026dc00,1376559,,,,,,,,,,,,,,,,,,,,,,,,,,,,,,,,,,,,,,,,,,,,,,,,,,TN,,,,,,,,,,
autoland,3646670,2,6311658df04f8b9dab1d842cf1ddc69e83bd8127,linux64-qr,,False,,,102210fe594ee9b33d82058545b1ed14f4c8206e,num_static_constructors,compiler_metrics,True,compiler_metrics num_static_constructors opt valgrind,,77,,,447108628.0,1843479982,2024-02-13 15:14:59,113.0,10faf99bbe8fef0b8ba35b87247a4aafc8fc1a52,1376625,,,,,,,,,,,,,,,,,,,,,,,,,,,,,,,,,,,,,,,,,,,,,,,,,,TN,,,,,,,,,,
autoland,3646670,2,6311658df04f8b9dab1d842cf1ddc69e83bd8127,linux64-qr,,False,,,102210fe594ee9b33d82058545b1ed14f4c8206e,num_static_constructors,compiler_metrics,True,compiler_metrics num_static_constructors opt valgrind,,77,,,447118607.0,1843522870,2024-02-13 16:46:39,113.0,17329a53b9f9a20247103958883a0ce7c42af78d,1376703,,,,,,,,,,,,,,,,,,,,,,,,,,,,,,,,,,,,,,,,,,,,,,,,,,TN,,,,,,,,,,
autoland,3646670,2,6311658df04f8b9dab1d842cf1ddc69e83bd8127,linux64-qr,,False,,,102210fe594ee9b33d82058545b1ed14f4c8206e,num_static_constructors,compiler_metrics,True,compiler_metrics num_static_constructors opt valgrind,,77,,,447132024.0,1843571930,2024-02-13 18:39:47,113.0,fd9acb39042b7d3d29b1e112df1addf18925db67,1376807,,,,,,,,,,,,,,,,,,,,,,,,,,,,,,,,,,,,,,,,,,,,,,,,,,TN,,,,,,,,,,
autoland,3646670,2,6311658df04f8b9dab1d842cf1ddc69e83bd8127,linux64-qr,,False,,,102210fe594ee9b33d82058545b1ed14f4c8206e,num_static_constructors,compiler_metrics,True,compiler_metrics num_static_constructors opt valgrind,,77,,,447161803.0,1843675035,2024-02-13 23:02:21,113.0,06f49882403c83a08133123c4da14f969e63b6e6,1376892,,,,,,,,,,,,,,,,,,,,,,,,,,,,,,,,,,,,,,,,,,,,,,,,,,TN,,,,,,,,,,
autoland,3646670,2,6311658df04f8b9dab1d842cf1ddc69e83bd8127,linux64-qr,,False,,,102210fe594ee9b33d82058545b1ed14f4c8206e,num_static_constructors,compiler_metrics,True,compiler_metrics num_static_constructors opt valgrind,,77,,,447161911.0,1843677731,2024-02-13 23:02:21,113.0,06f49882403c83a08133123c4da14f969e63b6e6,1376892,,,,,,,,,,,,,,,,,,,,,,,,,,,,,,,,,,,,,,,,,,,,,,,,,,TN,,,,,,,,,,
autoland,3646670,2,6311658df04f8b9dab1d842cf1ddc69e83bd8127,linux64-qr,,False,,,102210fe594ee9b33d82058545b1ed14f4c8206e,num_static_constructors,compiler_metrics,True,compiler_metrics num_static_constructors opt valgrind,,77,,,447161915.0,1843674187,2024-02-13 23:02:21,113.0,06f49882403c83a08133123c4da14f969e63b6e6,1376892,,,,,,,,,,,,,,,,,,,,,,,,,,,,,,,,,,,,,,,,,,,,,,,,,,TN,,,,,,,,,,
autoland,3646670,2,6311658df04f8b9dab1d842cf1ddc69e83bd8127,linux64-qr,,False,,,102210fe594ee9b33d82058545b1ed14f4c8206e,num_static_constructors,compiler_metrics,True,compiler_metrics num_static_constructors opt valgrind,,77,,,447161919.0,1843674378,2024-02-13 23:02:21,113.0,06f49882403c83a08133123c4da14f969e63b6e6,1376892,,,,,,,,,,,,,,,,,,,,,,,,,,,,,,,,,,,,,,,,,,,,,,,,,,TN,,,,,,,,,,
autoland,3646670,2,6311658df04f8b9dab1d842cf1ddc69e83bd8127,linux64-qr,,False,,,102210fe594ee9b33d82058545b1ed14f4c8206e,num_static_constructors,compiler_metrics,True,compiler_metrics num_static_constructors opt valgrind,,77,,,447162326.0,1843674913,2024-02-13 23:02:21,113.0,06f49882403c83a08133123c4da14f969e63b6e6,1376892,,,,,,,,,,,,,,,,,,,,,,,,,,,,,,,,,,,,,,,,,,,,,,,,,,TN,,,,,,,,,,
autoland,3646670,2,6311658df04f8b9dab1d842cf1ddc69e83bd8127,linux64-qr,,False,,,102210fe594ee9b33d82058545b1ed14f4c8206e,num_static_constructors,compiler_metrics,True,compiler_metrics num_static_constructors opt valgrind,,77,,,447181134.0,1843715547,2024-02-14 00:47:09,113.0,4a18caac75720f24abc9063ce8df5fa6b7948aa4,1376921,,,,,,,,,,,,,,,,,,,,,,,,,,,,,,,,,,,,,,,,,,,,,,,,,,TN,,,,,,,,,,
autoland,3646670,2,6311658df04f8b9dab1d842cf1ddc69e83bd8127,linux64-qr,,False,,,102210fe594ee9b33d82058545b1ed14f4c8206e,num_static_constructors,compiler_metrics,True,compiler_metrics num_static_constructors opt valgrind,,77,,,447187934.0,1843726256,2024-02-14 01:35:59,113.0,aaaa3f2b8fed9e159a8b08e4263034e9a051be71,1376937,,,,,,,,,,,,,,,,,,,,,,,,,,,,,,,,,,,,,,,,,,,,,,,,,,TN,,,,,,,,,,
autoland,3646670,2,6311658df04f8b9dab1d842cf1ddc69e83bd8127,linux64-qr,,False,,,102210fe594ee9b33d82058545b1ed14f4c8206e,num_static_constructors,compiler_metrics,True,compiler_metrics num_static_constructors opt valgrind,,77,,,447205048.0,1843796729,2024-02-14 05:55:05,113.0,1b24ea8c2e7e02f00bd61e8cd672da76b16c42a6,1376972,,,,,,,,,,,,,,,,,,,,,,,,,,,,,,,,,,,,,,,,,,,,,,,,,,TN,,,,,,,,,,
autoland,3646670,2,6311658df04f8b9dab1d842cf1ddc69e83bd8127,linux64-qr,,False,,,102210fe594ee9b33d82058545b1ed14f4c8206e,num_static_constructors,compiler_metrics,True,compiler_metrics num_static_constructors opt valgrind,,77,,,447217036.0,1843842194,2024-02-14 07:56:31,113.0,ef123bc6bbbf9d1a377ed171d360d9ee7d11e054,1376987,,,,,,,,,,,,,,,,,,,,,,,,,,,,,,,,,,,,,,,,,,,,,,,,,,TN,,,,,,,,,,
autoland,3646670,2,6311658df04f8b9dab1d842cf1ddc69e83bd8127,linux64-qr,,False,,,102210fe594ee9b33d82058545b1ed14f4c8206e,num_static_constructors,compiler_metrics,True,compiler_metrics num_static_constructors opt valgrind,,77,,,447257518.0,1843955049,2024-02-14 15:32:04,113.0,dca10aca1871edfdba5107bc7766982b186d7f2c,1377071,,,,,,,,,,,,,,,,,,,,,,,,,,,,,,,,,,,,,,,,,,,,,,,,,,TN,,,,,,,,,,
autoland,3646670,2,6311658df04f8b9dab1d842cf1ddc69e83bd8127,linux64-qr,,False,,,102210fe594ee9b33d82058545b1ed14f4c8206e,num_static_constructors,compiler_metrics,True,compiler_metrics num_static_constructors opt valgrind,,77,,,447271782.0,1843978075,2024-02-14 15:37:30,113.0,2ea0fda6ec6ed02a530a3a4bb67fabb0d14d403f,1377078,,,,,,,,,,,,,,,,,,,,,,,,,,,,,,,,,,,,,,,,,,,,,,,,,,TN,,,,,,,,,,
autoland,3646670,2,6311658df04f8b9dab1d842cf1ddc69e83bd8127,linux64-qr,,False,,,102210fe594ee9b33d82058545b1ed14f4c8206e,num_static_constructors,compiler_metrics,True,compiler_metrics num_static_constructors opt valgrind,,77,,,447275453.0,1844017958,2024-02-14 17:53:46,113.0,b4ad2d3fc0cde940171bb4d9bfa982a8cc9c9198,1377121,,,,,,,,,,,,,,,,,,,,,,,,,,,,,,,,,,,,,,,,,,,,,,,,,,TN,,,,,,,,,,
autoland,3646670,2,6311658df04f8b9dab1d842cf1ddc69e83bd8127,linux64-qr,,False,,,102210fe594ee9b33d82058545b1ed14f4c8206e,num_static_constructors,compiler_metrics,True,compiler_metrics num_static_constructors opt valgrind,,77,,,447291619.0,1844058099,2024-02-14 18:57:46,113.0,dcfb71aa0a202b389ab3274cf04ee724b9e281b2,1377164,,,,,,,,,,,,,,,,,,,,,,,,,,,,,,,,,,,,,,,,,,,,,,,,,,TN,,,,,,,,,,
autoland,3646670,2,6311658df04f8b9dab1d842cf1ddc69e83bd8127,linux64-qr,,False,,,102210fe594ee9b33d82058545b1ed14f4c8206e,num_static_constructors,compiler_metrics,True,compiler_metrics num_static_constructors opt valgrind,,77,,,447296077.0,1844070326,2024-02-14 20:39:05,113.0,b0b34dab81d56b5e5ee526c9f44e926db4b27dce,1377195,,,,,,,,,,,,,,,,,,,,,,,,,,,,,,,,,,,,,,,,,,,,,,,,,,TN,,,,,,,,,,
autoland,3646670,2,6311658df04f8b9dab1d842cf1ddc69e83bd8127,linux64-qr,,False,,,102210fe594ee9b33d82058545b1ed14f4c8206e,num_static_constructors,compiler_metrics,True,compiler_metrics num_static_constructors opt valgrind,,77,,,447317108.0,1844131638,2024-02-15 00:51:05,113.0,981afc9a696a12b7e873eae165925138a2726efe,1377256,,,,,,,,,,,,,,,,,,,,,,,,,,,,,,,,,,,,,,,,,,,,,,,,,,TN,,,,,,,,,,
autoland,3646670,2,6311658df04f8b9dab1d842cf1ddc69e83bd8127,linux64-qr,,False,,,102210fe594ee9b33d82058545b1ed14f4c8206e,num_static_constructors,compiler_metrics,True,compiler_metrics num_static_constructors opt valgrind,,77,,,447341766.0,1844199013,2024-02-15 04:52:31,113.0,aa5fc411278d3beae081682cb31a2167257d3aed,1377304,,,,,,,,,,,,,,,,,,,,,,,,,,,,,,,,,,,,,,,,,,,,,,,,,,TN,,,,,,,,,,
autoland,3646670,2,6311658df04f8b9dab1d842cf1ddc69e83bd8127,linux64-qr,,False,,,102210fe594ee9b33d82058545b1ed14f4c8206e,num_static_constructors,compiler_metrics,True,compiler_metrics num_static_constructors opt valgrind,,77,,,447378670.0,1844368058,2024-02-15 12:49:34,113.0,2b4e9ee6225f1183da45d24404e72f48e3803f08,1377375,,,,,,,,,,,,,,,,,,,,,,,,,,,,,,,,,,,,,,,,,,,,,,,,,,TN,,,,,,,,,,
autoland,3646670,2,6311658df04f8b9dab1d842cf1ddc69e83bd8127,linux64-qr,,False,,,102210fe594ee9b33d82058545b1ed14f4c8206e,num_static_constructors,compiler_metrics,True,compiler_metrics num_static_constructors opt valgrind,,77,,,447398134.0,1844435432,2024-02-15 16:23:45,113.0,dbe553dd13b79a3c4821f203f3adca31fe71cc56,1377427,,,,,,,,,,,,,,,,,,,,,,,,,,,,,,,,,,,,,,,,,,,,,,,,,,TN,,,,,,,,,,
autoland,3646670,2,6311658df04f8b9dab1d842cf1ddc69e83bd8127,linux64-qr,,False,,,102210fe594ee9b33d82058545b1ed14f4c8206e,num_static_constructors,compiler_metrics,True,compiler_metrics num_static_constructors opt valgrind,,77,,,447416253.0,1844512142,2024-02-15 20:44:46,113.0,02d5bc9805676f9a22f3cef50c86ddc38e7534d9,1377493,,,,,,,,,,,,,,,,,,,,,,,,,,,,,,,,,,,,,,,,,,,,,,,,,,TN,,,,,,,,,,
autoland,3646670,2,6311658df04f8b9dab1d842cf1ddc69e83bd8127,linux64-qr,,False,,,102210fe594ee9b33d82058545b1ed14f4c8206e,num_static_constructors,compiler_metrics,True,compiler_metrics num_static_constructors opt valgrind,,77,,,447425109.0,1844542597,2024-02-15 22:19:13,113.0,798af36e79586239c3954fe06796d9a27a353b92,1377518,,,,,,,,,,,,,,,,,,,,,,,,,,,,,,,,,,,,,,,,,,,,,,,,,,TN,,,,,,,,,,
autoland,3646670,2,6311658df04f8b9dab1d842cf1ddc69e83bd8127,linux64-qr,,False,,,102210fe594ee9b33d82058545b1ed14f4c8206e,num_static_constructors,compiler_metrics,True,compiler_metrics num_static_constructors opt valgrind,,77,,,447458196.0,1844639508,2024-02-16 02:13:23,113.0,60482f9cc434d5b1c80f02b3e07842d8509cbdaf,1377756,,,,,,,,,,,,,,,,,,,,,,,,,,,,,,,,,,,,,,,,,,,,,,,,,,TN,,,,,,,,,,
autoland,3646670,2,6311658df04f8b9dab1d842cf1ddc69e83bd8127,linux64-qr,,False,,,102210fe594ee9b33d82058545b1ed14f4c8206e,num_static_constructors,compiler_metrics,True,compiler_metrics num_static_constructors opt valgrind,,77,,,447471174.0,1844704573,2024-02-16 06:24:45,113.0,861d200fe3e761e23bbb6ce556446725fb01cd43,1378006,,,,,,,,,,,,,,,,,,,,,,,,,,,,,,,,,,,,,,,,,,,,,,,,,,TN,,,,,,,,,,
autoland,3646670,2,6311658df04f8b9dab1d842cf1ddc69e83bd8127,linux64-qr,,False,,,102210fe594ee9b33d82058545b1ed14f4c8206e,num_static_constructors,compiler_metrics,True,compiler_metrics num_static_constructors opt valgrind,,77,,,447514218.0,1844807426,2024-02-16 14:55:53,113.0,313b43f262a908e7e012c7d19f326345a0863bae,1378386,,,,,,,,,,,,,,,,,,,,,,,,,,,,,,,,,,,,,,,,,,,,,,,,,,TN,,,,,,,,,,
autoland,3646670,2,6311658df04f8b9dab1d842cf1ddc69e83bd8127,linux64-qr,,False,,,102210fe594ee9b33d82058545b1ed14f4c8206e,num_static_constructors,compiler_metrics,True,compiler_metrics num_static_constructors opt valgrind,,77,,,447561314.0,1845023038,2024-02-17 16:55:38,113.0,2af34b4c9adf8c8defd3251b569af9c38cc0a429,1378583,,,,,,,,,,,,,,,,,,,,,,,,,,,,,,,,,,,,,,,,,,,,,,,,,,TN,,,,,,,,,,
autoland,3646670,2,6311658df04f8b9dab1d842cf1ddc69e83bd8127,linux64-qr,,False,,,102210fe594ee9b33d82058545b1ed14f4c8206e,num_static_constructors,compiler_metrics,True,compiler_metrics num_static_constructors opt valgrind,,77,,,447591149.0,1845189110,2024-02-19 03:31:58,113.0,fcdb3e9046c67688b2a5b8aeb6451b081b3b52ea,1378717,,,,,,,,,,,,,,,,,,,,,,,,,,,,,,,,,,,,,,,,,,,,,,,,,,TN,,,,,,,,,,
autoland,3646670,2,6311658df04f8b9dab1d842cf1ddc69e83bd8127,linux64-qr,,False,,,102210fe594ee9b33d82058545b1ed14f4c8206e,num_static_constructors,compiler_metrics,True,compiler_metrics num_static_constructors opt valgrind,,77,,,447601270.0,1845256552,2024-02-19 10:14:02,113.0,1dcfa194ad7d005175d431adf6ee3b93c00fb453,1378796,,,,,,,,,,,,,,,,,,,,,,,,,,,,,,,,,,,,,,,,,,,,,,,,,,TN,,,,,,,,,,
autoland,3646670,2,6311658df04f8b9dab1d842cf1ddc69e83bd8127,linux64-qr,,False,,,102210fe594ee9b33d82058545b1ed14f4c8206e,num_static_constructors,compiler_metrics,True,compiler_metrics num_static_constructors opt valgrind,,77,,,447624454.0,1845356369,2024-02-19 12:40:02,113.0,ac4ab326e785a5ad42ce51b54749c2bcce394916,1378838,,,,,,,,,,,,,,,,,,,,,,,,,,,,,,,,,,,,,,,,,,,,,,,,,,TN,,,,,,,,,,
autoland,3646670,2,6311658df04f8b9dab1d842cf1ddc69e83bd8127,linux64-qr,,False,,,102210fe594ee9b33d82058545b1ed14f4c8206e,num_static_constructors,compiler_metrics,True,compiler_metrics num_static_constructors opt valgrind,,77,,,447651112.0,1845409573,2024-02-19 15:23:28,113.0,213e2c05e438d312ea6769afeb50877e3e5e1b21,1378911,,,,,,,,,,,,,,,,,,,,,,,,,,,,,,,,,,,,,,,,,,,,,,,,,,TN,,,,,,,,,,
autoland,3646670,2,6311658df04f8b9dab1d842cf1ddc69e83bd8127,linux64-qr,,False,,,102210fe594ee9b33d82058545b1ed14f4c8206e,num_static_constructors,compiler_metrics,True,compiler_metrics num_static_constructors opt valgrind,,77,,,447665638.0,1845437147,2024-02-19 16:50:13,113.0,bef8b1b461b8524917fc01cd866e903290b1d7f6,1378949,,,,,,,,,,,,,,,,,,,,,,,,,,,,,,,,,,,,,,,,,,,,,,,,,,TN,,,,,,,,,,
autoland,3646670,2,6311658df04f8b9dab1d842cf1ddc69e83bd8127,linux64-qr,,False,,,102210fe594ee9b33d82058545b1ed14f4c8206e,num_static_constructors,compiler_metrics,True,compiler_metrics num_static_constructors opt valgrind,,77,,,447673413.0,1845474459,2024-02-19 20:48:27,113.0,6ab582cb17167c6a6de620d8c7d2cc42ef698ed6,1379004,,,,,,,,,,,,,,,,,,,,,,,,,,,,,,,,,,,,,,,,,,,,,,,,,,TN,,,,,,,,,,
autoland,3646670,2,6311658df04f8b9dab1d842cf1ddc69e83bd8127,linux64-qr,,False,,,102210fe594ee9b33d82058545b1ed14f4c8206e,num_static_constructors,compiler_metrics,True,compiler_metrics num_static_constructors opt valgrind,,77,,,447673851.0,1845479346,2024-02-19 20:56:27,113.0,2f43b0ae1352efb25f67ffe4f86884c0eb959adb,1379008,,,,,,,,,,,,,,,,,,,,,,,,,,,,,,,,,,,,,,,,,,,,,,,,,,TN,,,,,,,,,,
autoland,3646670,2,6311658df04f8b9dab1d842cf1ddc69e83bd8127,linux64-qr,,False,,,102210fe594ee9b33d82058545b1ed14f4c8206e,num_static_constructors,compiler_metrics,True,compiler_metrics num_static_constructors opt valgrind,,77,,,447684280.0,1845514540,2024-02-19 22:19:49,113.0,e9309553f817fa164bde4c229fe12ae51207bed9,1379038,,,,,,,,,,,,,,,,,,,,,,,,,,,,,,,,,,,,,,,,,,,,,,,,,,TN,,,,,,,,,,
autoland,3646670,2,6311658df04f8b9dab1d842cf1ddc69e83bd8127,linux64-qr,,False,,,102210fe594ee9b33d82058545b1ed14f4c8206e,num_static_constructors,compiler_metrics,True,compiler_metrics num_static_constructors opt valgrind,,77,,,447705153.0,1845586505,2024-02-20 03:01:00,113.0,ad2add2f3c608b924436c34684c1a775130e74ce,1379095,,,,,,,,,,,,,,,,,,,,,,,,,,,,,,,,,,,,,,,,,,,,,,,,,,TN,,,,,,,,,,
autoland,3646670,2,6311658df04f8b9dab1d842cf1ddc69e83bd8127,linux64-qr,,False,,,102210fe594ee9b33d82058545b1ed14f4c8206e,num_static_constructors,compiler_metrics,True,compiler_metrics num_static_constructors opt valgrind,,77,,,447718604.0,1845686190,2024-02-20 09:01:06,113.0,cc3c4937fb69e80b552b61a4f2dfd1405b518d89,1379152,,,,,,,,,,,,,,,,,,,,,,,,,,,,,,,,,,,,,,,,,,,,,,,,,,TN,,,,,,,,,,
autoland,3646670,2,6311658df04f8b9dab1d842cf1ddc69e83bd8127,linux64-qr,,False,,,102210fe594ee9b33d82058545b1ed14f4c8206e,num_static_constructors,compiler_metrics,True,compiler_metrics num_static_constructors opt valgrind,,77,,,447756232.0,1845821379,2024-02-20 15:10:53,113.0,90455402d4bbf790912fa216c986d05084691a78,1379302,,,,,,,,,,,,,,,,,,,,,,,,,,,,,,,,,,,,,,,,,,,,,,,,,,TN,,,,,,,,,,
autoland,3646670,2,6311658df04f8b9dab1d842cf1ddc69e83bd8127,linux64-qr,,False,,,102210fe594ee9b33d82058545b1ed14f4c8206e,num_static_constructors,compiler_metrics,True,compiler_metrics num_static_constructors opt valgrind,,77,,,447764988.0,1845857891,2024-02-20 16:46:59,113.0,0465723cfb4ca46ccf93d696eb564093a1d9f2e6,1379390,,,,,,,,,,,,,,,,,,,,,,,,,,,,,,,,,,,,,,,,,,,,,,,,,,TN,,,,,,,,,,
autoland,3646670,2,6311658df04f8b9dab1d842cf1ddc69e83bd8127,linux64-qr,,False,,,102210fe594ee9b33d82058545b1ed14f4c8206e,num_static_constructors,compiler_metrics,True,compiler_metrics num_static_constructors opt valgrind,,77,,,447776939.0,1845910234,2024-02-20 18:42:38,113.0,19ca51da640d044825840a7a91861e4f36b4a8ae,1379476,,,,,,,,,,,,,,,,,,,,,,,,,,,,,,,,,,,,,,,,,,,,,,,,,,TN,,,,,,,,,,
autoland,3646670,2,6311658df04f8b9dab1d842cf1ddc69e83bd8127,linux64-qr,,False,,,102210fe594ee9b33d82058545b1ed14f4c8206e,num_static_constructors,compiler_metrics,True,compiler_metrics num_static_constructors opt valgrind,,77,,,447787198.0,1845936938,2024-02-20 20:06:07,113.0,53f7baad39fc2408bc5c1ab6df97372a395730a4,1379528,,,,,,,,,,,,,,,,,,,,,,,,,,,,,,,,,,,,,,,,,,,,,,,,,,TN,,,,,,,,,,
autoland,3646670,2,6311658df04f8b9dab1d842cf1ddc69e83bd8127,linux64-qr,,False,,,102210fe594ee9b33d82058545b1ed14f4c8206e,num_static_constructors,compiler_metrics,True,compiler_metrics num_static_constructors opt valgrind,,77,,,447803296.0,1845991783,2024-02-20 22:20:36,113.0,452f945b3774b034a8dbd56a78746308afd859ab,1379580,,,,,,,,,,,,,,,,,,,,,,,,,,,,,,,,,,,,,,,,,,,,,,,,,,TN,,,,,,,,,,
autoland,3646670,2,6311658df04f8b9dab1d842cf1ddc69e83bd8127,linux64-qr,,False,,,102210fe594ee9b33d82058545b1ed14f4c8206e,num_static_constructors,compiler_metrics,True,compiler_metrics num_static_constructors opt valgrind,,77,,,447817198.0,1846039234,2024-02-21 00:08:41,113.0,05e1180d2aa04a8882ff66dfaeeb0705694f7a61,1379609,,,,,,,,,,,,,,,,,,,,,,,,,,,,,,,,,,,,,,,,,,,,,,,,,,TN,,,,,,,,,,
autoland,3646670,2,6311658df04f8b9dab1d842cf1ddc69e83bd8127,linux64-qr,,False,,,102210fe594ee9b33d82058545b1ed14f4c8206e,num_static_constructors,compiler_metrics,True,compiler_metrics num_static_constructors opt valgrind,,77,,,447823474.0,1846047364,2024-02-21 00:41:01,113.0,119078d182dd2557cd70eb6933abc1ecfb499edd,1379618,,,,,,,,,,,,,,,,,,,,,,,,,,,,,,,,,,,,,,,,,,,,,,,,,,TN,,,,,,,,,,
autoland,3646670,2,6311658df04f8b9dab1d842cf1ddc69e83bd8127,linux64-qr,,False,,,102210fe594ee9b33d82058545b1ed14f4c8206e,num_static_constructors,compiler_metrics,True,compiler_metrics num_static_constructors opt valgrind,,77,,,447840414.0,1846116192,2024-02-21 05:21:04,113.0,714d9f89093457451e3881a56b2477e958b70fe0,1379764,,,,,,,,,,,,,,,,,,,,,,,,,,,,,,,,,,,,,,,,,,,,,,,,,,TN,,,,,,,,,,
autoland,3646670,2,6311658df04f8b9dab1d842cf1ddc69e83bd8127,linux64-qr,,False,,,102210fe594ee9b33d82058545b1ed14f4c8206e,num_static_constructors,compiler_metrics,True,compiler_metrics num_static_constructors opt valgrind,,77,,,447857752.0,1846199993,2024-02-21 10:11:10,113.0,764b93d1a22891bddaaec4e5f73836957d938bac,1379832,,,,,,,,,,,,,,,,,,,,,,,,,,,,,,,,,,,,,,,,,,,,,,,,,,TN,,,,,,,,,,
autoland,3646670,2,6311658df04f8b9dab1d842cf1ddc69e83bd8127,linux64-qr,,False,,,102210fe594ee9b33d82058545b1ed14f4c8206e,num_static_constructors,compiler_metrics,True,compiler_metrics num_static_constructors opt valgrind,,77,,,447858323.0,1846202725,2024-02-21 10:22:21,113.0,24ffc625c71e9cb6e20c48936ac06da6ec066694,1379838,,,,,,,,,,,,,,,,,,,,,,,,,,,,,,,,,,,,,,,,,,,,,,,,,,TN,,,,,,,,,,
autoland,3646670,2,6311658df04f8b9dab1d842cf1ddc69e83bd8127,linux64-qr,,False,,,102210fe594ee9b33d82058545b1ed14f4c8206e,num_static_constructors,compiler_metrics,True,compiler_metrics num_static_constructors opt valgrind,,77,,,447899024.0,1846335867,2024-02-21 14:24:58,113.0,799f79fdcedba2bbccee86179c8b547894a16162,1379926,,,,,,,,,,,,,,,,,,,,,,,,,,,,,,,,,,,,,,,,,,,,,,,,,,TN,,,,,,,,,,
autoland,3646670,2,6311658df04f8b9dab1d842cf1ddc69e83bd8127,linux64-qr,,False,,,102210fe594ee9b33d82058545b1ed14f4c8206e,num_static_constructors,compiler_metrics,True,compiler_metrics num_static_constructors opt valgrind,,77,,,447906226.0,1846358538,2024-02-21 15:14:56,113.0,f8dd4015fa59fee3a1a74c00cd2393a9578e49f0,1379958,,,,,,,,,,,,,,,,,,,,,,,,,,,,,,,,,,,,,,,,,,,,,,,,,,TN,,,,,,,,,,
autoland,3646670,2,6311658df04f8b9dab1d842cf1ddc69e83bd8127,linux64-qr,,False,,,102210fe594ee9b33d82058545b1ed14f4c8206e,num_static_constructors,compiler_metrics,True,compiler_metrics num_static_constructors opt valgrind,,77,,,447925637.0,1846497150,2024-02-21 18:21:47,113.0,52ce40afd4f83c3c10c26e78ac08c49242c6579c,1380083,,,,,,,,,,,,,,,,,,,,,,,,,,,,,,,,,,,,,,,,,,,,,,,,,,TN,,,,,,,,,,
autoland,3646670,2,6311658df04f8b9dab1d842cf1ddc69e83bd8127,linux64-qr,,False,,,102210fe594ee9b33d82058545b1ed14f4c8206e,num_static_constructors,compiler_metrics,True,compiler_metrics num_static_constructors opt valgrind,,77,,,447936953.0,1846532494,2024-02-21 20:37:48,113.0,bec4dc4bd9ce0a51dab009936bc838963e3f16b3,1380197,,,,,,,,,,,,,,,,,,,,,,,,,,,,,,,,,,,,,,,,,,,,,,,,,,TN,,,,,,,,,,
autoland,3646670,2,6311658df04f8b9dab1d842cf1ddc69e83bd8127,linux64-qr,,False,,,102210fe594ee9b33d82058545b1ed14f4c8206e,num_static_constructors,compiler_metrics,True,compiler_metrics num_static_constructors opt valgrind,,77,,,447938198.0,1846537853,2024-02-21 20:47:55,113.0,31b9ef95a482db91c24a809eb6a64f2c0d7f8f9d,1380210,,,,,,,,,,,,,,,,,,,,,,,,,,,,,,,,,,,,,,,,,,,,,,,,,,TN,,,,,,,,,,
autoland,3646670,2,6311658df04f8b9dab1d842cf1ddc69e83bd8127,linux64-qr,,False,,,102210fe594ee9b33d82058545b1ed14f4c8206e,num_static_constructors,compiler_metrics,True,compiler_metrics num_static_constructors opt valgrind,,77,,,447952240.0,1846671173,2024-02-21 22:20:56,113.0,0ce47869e10c95780b9403c01ef600efd29bc637,1380274,,,,,,,,,,,,,,,,,,,,,,,,,,,,,,,,,,,,,,,,,,,,,,,,,,TN,,,,,,,,,,
autoland,3646670,2,6311658df04f8b9dab1d842cf1ddc69e83bd8127,linux64-qr,,False,,,102210fe594ee9b33d82058545b1ed14f4c8206e,num_static_constructors,compiler_metrics,True,compiler_metrics num_static_constructors opt valgrind,,77,,,447969291.0,1846770481,2024-02-22 00:49:41,113.0,445c60e096fe3cdc8b7169881875c476febfe082,1380338,,,,,,,,,,,,,,,,,,,,,,,,,,,,,,,,,,,,,,,,,,,,,,,,,,TN,,,,,,,,,,
autoland,3646670,2,6311658df04f8b9dab1d842cf1ddc69e83bd8127,linux64-qr,,False,,,102210fe594ee9b33d82058545b1ed14f4c8206e,num_static_constructors,compiler_metrics,True,compiler_metrics num_static_constructors opt valgrind,,77,,,447985624.0,1846800527,2024-02-22 02:03:24,113.0,093d37f32ef033aa168508e96b9ec2e753850ccc,1380373,,,,,,,,,,,,,,,,,,,,,,,,,,,,,,,,,,,,,,,,,,,,,,,,,,TN,,,,,,,,,,
autoland,3646670,2,6311658df04f8b9dab1d842cf1ddc69e83bd8127,linux64-qr,,False,,,102210fe594ee9b33d82058545b1ed14f4c8206e,num_static_constructors,compiler_metrics,True,compiler_metrics num_static_constructors opt valgrind,,77,,,448004583.0,1846882065,2024-02-22 05:49:43,113.0,ed817c8c33cdadf429a187a0547f154c7f09bb22,1380429,,,,,,,,,,,,,,,,,,,,,,,,,,,,,,,,,,,,,,,,,,,,,,,,,,TN,,,,,,,,,,
autoland,3646670,2,6311658df04f8b9dab1d842cf1ddc69e83bd8127,linux64-qr,,False,,,102210fe594ee9b33d82058545b1ed14f4c8206e,num_static_constructors,compiler_metrics,True,compiler_metrics num_static_constructors opt valgrind,,77,,,448007761.0,1846912277,2024-02-22 06:55:22,113.0,e32e8effe8493ec71ad7a3b2b043f7742905b2be,1380445,,,,,,,,,,,,,,,,,,,,,,,,,,,,,,,,,,,,,,,,,,,,,,,,,,TN,,,,,,,,,,
autoland,3646670,2,6311658df04f8b9dab1d842cf1ddc69e83bd8127,linux64-qr,,False,,,102210fe594ee9b33d82058545b1ed14f4c8206e,num_static_constructors,compiler_metrics,True,compiler_metrics num_static_constructors opt valgrind,,77,,,448017362.0,1846964648,2024-02-22 08:58:43,113.0,836800665817ebbf328952caef8477f135630733,1380488,,,,,,,,,,,,,,,,,,,,,,,,,,,,,,,,,,,,,,,,,,,,,,,,,,TN,,,,,,,,,,
autoland,3646670,2,6311658df04f8b9dab1d842cf1ddc69e83bd8127,linux64-qr,,False,,,102210fe594ee9b33d82058545b1ed14f4c8206e,num_static_constructors,compiler_metrics,True,compiler_metrics num_static_constructors opt valgrind,,77,,,448039482.0,1847024245,2024-02-22 11:01:08,113.0,8223ddd4840cd29e99e1ef6f3884331d5f9b00a1,1380536,,,,,,,,,,,,,,,,,,,,,,,,,,,,,,,,,,,,,,,,,,,,,,,,,,TN,,,,,,,,,,
autoland,3646670,2,6311658df04f8b9dab1d842cf1ddc69e83bd8127,linux64-qr,,False,,,102210fe594ee9b33d82058545b1ed14f4c8206e,num_static_constructors,compiler_metrics,True,compiler_metrics num_static_constructors opt valgrind,,77,,,448058669.0,1847116055,2024-02-22 12:54:00,113.0,583b3985eb0c0410cf6ebaf8e2f5c576185726c5,1380594,,,,,,,,,,,,,,,,,,,,,,,,,,,,,,,,,,,,,,,,,,,,,,,,,,TN,,,,,,,,,,
autoland,3646670,2,6311658df04f8b9dab1d842cf1ddc69e83bd8127,linux64-qr,,False,,,102210fe594ee9b33d82058545b1ed14f4c8206e,num_static_constructors,compiler_metrics,True,compiler_metrics num_static_constructors opt valgrind,,77,,,448074826.0,1847182211,2024-02-22 15:13:30,113.0,6184a0f427bad6f368b6d3c769905e44e263106e,1380694,,,,,,,,,,,,,,,,,,,,,,,,,,,,,,,,,,,,,,,,,,,,,,,,,,TN,,,,,,,,,,
autoland,3646670,2,6311658df04f8b9dab1d842cf1ddc69e83bd8127,linux64-qr,,False,,,102210fe594ee9b33d82058545b1ed14f4c8206e,num_static_constructors,compiler_metrics,True,compiler_metrics num_static_constructors opt valgrind,,77,,,448083698.0,1847228251,2024-02-22 16:54:14,113.0,51ea0932b27ba455533226277e6c6deeb38a8fd4,1380794,,,,,,,,,,,,,,,,,,,,,,,,,,,,,,,,,,,,,,,,,,,,,,,,,,TN,,,,,,,,,,
autoland,3646670,2,6311658df04f8b9dab1d842cf1ddc69e83bd8127,linux64-qr,,False,,,102210fe594ee9b33d82058545b1ed14f4c8206e,num_static_constructors,compiler_metrics,True,compiler_metrics num_static_constructors opt valgrind,,77,,,448088554.0,1847232282,2024-02-22 17:17:40,113.0,aac0a57bd987ca0633e2f48ca37f8564344749b9,1380806,,,,,,,,,,,,,,,,,,,,,,,,,,,,,,,,,,,,,,,,,,,,,,,,,,TN,,,,,,,,,,
autoland,3646670,2,6311658df04f8b9dab1d842cf1ddc69e83bd8127,linux64-qr,,False,,,102210fe594ee9b33d82058545b1ed14f4c8206e,num_static_constructors,compiler_metrics,True,compiler_metrics num_static_constructors opt valgrind,,77,,,448111224.0,1847321345,2024-02-22 21:01:30,113.0,533127adaec7ce66a2b105b7f89259d578469fb5,1380951,,,,,,,,,,,,,,,,,,,,,,,,,,,,,,,,,,,,,,,,,,,,,,,,,,TN,,,,,,,,,,
autoland,3646670,2,6311658df04f8b9dab1d842cf1ddc69e83bd8127,linux64-qr,,False,,,102210fe594ee9b33d82058545b1ed14f4c8206e,num_static_constructors,compiler_metrics,True,compiler_metrics num_static_constructors opt valgrind,,77,,,448119111.0,1847343772,2024-02-22 21:59:43,113.0,1b60bca1b546c120891a0263bcdf7757d75178bc,1380998,,,,,,,,,,,,,,,,,,,,,,,,,,,,,,,,,,,,,,,,,,,,,,,,,,TN,,,,,,,,,,
autoland,3646670,2,6311658df04f8b9dab1d842cf1ddc69e83bd8127,linux64-qr,,False,,,102210fe594ee9b33d82058545b1ed14f4c8206e,num_static_constructors,compiler_metrics,True,compiler_metrics num_static_constructors opt valgrind,,77,,,448134149.0,1847379269,2024-02-22 22:05:44,113.0,3157eece201c15988ff693f9746bc767ad633fa8,1381007,,,,,,,,,,,,,,,,,,,,,,,,,,,,,,,,,,,,,,,,,,,,,,,,,,TN,,,,,,,,,,
autoland,3646670,2,6311658df04f8b9dab1d842cf1ddc69e83bd8127,linux64-qr,,False,,,102210fe594ee9b33d82058545b1ed14f4c8206e,num_static_constructors,compiler_metrics,True,compiler_metrics num_static_constructors opt valgrind,,77,,,448147899.0,1847444333,2024-02-23 01:33:48,113.0,ac4d7c08648c29a9867f81776e74bd1ca2d27f2f,1381096,,,,,,,,,,,,,,,,,,,,,,,,,,,,,,,,,,,,,,,,,,,,,,,,,,TN,,,,,,,,,,
autoland,3646670,2,6311658df04f8b9dab1d842cf1ddc69e83bd8127,linux64-qr,,False,,,102210fe594ee9b33d82058545b1ed14f4c8206e,num_static_constructors,compiler_metrics,True,compiler_metrics num_static_constructors opt valgrind,,77,,,448152469.0,1847474250,2024-02-23 03:42:44,113.0,90d2dd7d6b48918404ecc4906e62fa106b4238a9,1381156,,,,,,,,,,,,,,,,,,,,,,,,,,,,,,,,,,,,,,,,,,,,,,,,,,TN,,,,,,,,,,
autoland,3646670,2,6311658df04f8b9dab1d842cf1ddc69e83bd8127,linux64-qr,,False,,,102210fe594ee9b33d82058545b1ed14f4c8206e,num_static_constructors,compiler_metrics,True,compiler_metrics num_static_constructors opt valgrind,,77,,,448167505.0,1847591365,2024-02-23 07:23:44,113.0,21d2a36f8f072b9b57adbeb73eca449f62093ca3,1381206,,,,,,,,,,,,,,,,,,,,,,,,,,,,,,,,,,,,,,,,,,,,,,,,,,TN,,,,,,,,,,
autoland,3646670,2,6311658df04f8b9dab1d842cf1ddc69e83bd8127,linux64-qr,,False,,,102210fe594ee9b33d82058545b1ed14f4c8206e,num_static_constructors,compiler_metrics,True,compiler_metrics num_static_constructors opt valgrind,,77,,,448193040.0,1847723290,2024-02-23 12:03:57,113.0,75e12d12d89c2d79200c0057830f9e0c37f973f5,1381319,,,,,,,,,,,,,,,,,,,,,,,,,,,,,,,,,,,,,,,,,,,,,,,,,,TN,,,,,,,,,,
autoland,3646670,2,6311658df04f8b9dab1d842cf1ddc69e83bd8127,linux64-qr,,False,,,102210fe594ee9b33d82058545b1ed14f4c8206e,num_static_constructors,compiler_metrics,True,compiler_metrics num_static_constructors opt valgrind,,77,,,448228064.0,1847812563,2024-02-23 15:17:21,113.0,e2c67ce1b79f08538c8f70b2089d860802aa289e,1381416,,,,,,,,,,,,,,,,,,,,,,,,,,,,,,,,,,,,,,,,,,,,,,,,,,TN,,,,,,,,,,
autoland,3646670,2,6311658df04f8b9dab1d842cf1ddc69e83bd8127,linux64-qr,,False,,,102210fe594ee9b33d82058545b1ed14f4c8206e,num_static_constructors,compiler_metrics,True,compiler_metrics num_static_constructors opt valgrind,,77,,,448239459.0,1847870769,2024-02-23 16:55:14,113.0,48ac42d415d3e0a736f64fe38783e455f072917b,1381510,,,,,,,,,,,,,,,,,,,,,,,,,,,,,,,,,,,,,,,,,,,,,,,,,,TN,,,,,,,,,,
autoland,3646670,2,6311658df04f8b9dab1d842cf1ddc69e83bd8127,linux64-qr,,False,,,102210fe594ee9b33d82058545b1ed14f4c8206e,num_static_constructors,compiler_metrics,True,compiler_metrics num_static_constructors opt valgrind,,77,,,448247348.0,1847923705,2024-02-23 18:14:32,113.0,dccf526bcc0afbf9f7abd33abff453ced5a76335,1381598,,,,,,,,,,,,,,,,,,,,,,,,,,,,,,,,,,,,,,,,,,,,,,,,,,TN,,,,,,,,,,
autoland,3646670,2,6311658df04f8b9dab1d842cf1ddc69e83bd8127,linux64-qr,,False,,,102210fe594ee9b33d82058545b1ed14f4c8206e,num_static_constructors,compiler_metrics,True,compiler_metrics num_static_constructors opt valgrind,,77,,,448265468.0,1847981656,2024-02-23 20:30:49,113.0,c3ec3cb9cbcb8b05dcbc7e63983ef58accfb57e6,1381683,,,,,,,,,,,,,,,,,,,,,,,,,,,,,,,,,,,,,,,,,,,,,,,,,,TN,,,,,,,,,,
autoland,3646670,2,6311658df04f8b9dab1d842cf1ddc69e83bd8127,linux64-qr,,False,,,102210fe594ee9b33d82058545b1ed14f4c8206e,num_static_constructors,compiler_metrics,True,compiler_metrics num_static_constructors opt valgrind,,77,,,448277033.0,1848039313,2024-02-23 22:24:23,113.0,8c239bb8c3fa84633497932b3d3a1d566f9e7581,1381790,,,,,,,,,,,,,,,,,,,,,,,,,,,,,,,,,,,,,,,,,,,,,,,,,,TN,,,,,,,,,,
autoland,3646670,2,6311658df04f8b9dab1d842cf1ddc69e83bd8127,linux64-qr,,False,,,102210fe594ee9b33d82058545b1ed14f4c8206e,num_static_constructors,compiler_metrics,True,compiler_metrics num_static_constructors opt valgrind,,77,,,448277530.0,1848012120,2024-02-23 22:37:13,113.0,fc1f91bbfd85565b6b9a06155b3d750dc17812f0,1381800,,,,,,,,,,,,,,,,,,,,,,,,,,,,,,,,,,,,,,,,,,,,,,,,,,TN,,,,,,,,,,
autoland,3646670,2,6311658df04f8b9dab1d842cf1ddc69e83bd8127,linux64-qr,,False,,,102210fe594ee9b33d82058545b1ed14f4c8206e,num_static_constructors,compiler_metrics,True,compiler_metrics num_static_constructors opt valgrind,,77,,,448285816.0,1848060110,2024-02-23 22:37:13,113.0,fc1f91bbfd85565b6b9a06155b3d750dc17812f0,1381800,,,,,,,,,,,,,,,,,,,,,,,,,,,,,,,,,,,,,,,,,,,,,,,,,,TN,,,,,,,,,,
autoland,3646670,2,6311658df04f8b9dab1d842cf1ddc69e83bd8127,linux64-qr,,False,,,102210fe594ee9b33d82058545b1ed14f4c8206e,num_static_constructors,compiler_metrics,True,compiler_metrics num_static_constructors opt valgrind,,77,,,448307240.0,1848132268,2024-02-24 03:17:09,113.0,504cbf2189790d36f74d4fc454949d0c55a40c37,1381876,,,,,,,,,,,,,,,,,,,,,,,,,,,,,,,,,,,,,,,,,,,,,,,,,,TN,,,,,,,,,,
autoland,3646670,2,6311658df04f8b9dab1d842cf1ddc69e83bd8127,linux64-qr,,False,,,102210fe594ee9b33d82058545b1ed14f4c8206e,num_static_constructors,compiler_metrics,True,compiler_metrics num_static_constructors opt valgrind,,77,,,448316403.0,1848172967,2024-02-24 06:06:58,113.0,743f9b5bd8e02ae8474f39ffd0d90939d90a37b1,1381893,,,,,,,,,,,,,,,,,,,,,,,,,,,,,,,,,,,,,,,,,,,,,,,,,,TN,,,,,,,,,,
autoland,3646670,2,6311658df04f8b9dab1d842cf1ddc69e83bd8127,linux64-qr,,False,,,102210fe594ee9b33d82058545b1ed14f4c8206e,num_static_constructors,compiler_metrics,True,compiler_metrics num_static_constructors opt valgrind,,77,,,448318259.0,1848205077,2024-02-24 08:59:15,113.0,f571738470f98e8161bf79b269e333053dca32c4,1381906,,,,,,,,,,,,,,,,,,,,,,,,,,,,,,,,,,,,,,,,,,,,,,,,,,TN,,,,,,,,,,
autoland,3646670,2,6311658df04f8b9dab1d842cf1ddc69e83bd8127,linux64-qr,,False,,,102210fe594ee9b33d82058545b1ed14f4c8206e,num_static_constructors,compiler_metrics,True,compiler_metrics num_static_constructors opt valgrind,,77,,,448347392.0,1848300394,2024-02-24 18:15:08,113.0,fb873ef9e164e2ac423d266870ce82445945de97,1381948,,,,,,,,,,,,,,,,,,,,,,,,,,,,,,,,,,,,,,,,,,,,,,,,,,TN,,,,,,,,,,
autoland,3646670,2,6311658df04f8b9dab1d842cf1ddc69e83bd8127,linux64-qr,,False,,,102210fe594ee9b33d82058545b1ed14f4c8206e,num_static_constructors,compiler_metrics,True,compiler_metrics num_static_constructors opt valgrind,,77,,,448369320.0,1848365160,2024-02-25 01:06:55,113.0,fedd91b7af1e6b3c4a7d6f58b8bce94d55eb9d74,1381999,,,,,,,,,,,,,,,,,,,,,,,,,,,,,,,,,,,,,,,,,,,,,,,,,,TN,,,,,,,,,,
autoland,3646670,2,6311658df04f8b9dab1d842cf1ddc69e83bd8127,linux64-qr,,False,,,102210fe594ee9b33d82058545b1ed14f4c8206e,num_static_constructors,compiler_metrics,True,compiler_metrics num_static_constructors opt valgrind,,77,,,448407415.0,1848494247,2024-02-26 01:39:06,113.0,689cf8cf7e6b9b9ee5e599a77325de05487a5eed,1382090,,,,,,,,,,,,,,,,,,,,,,,,,,,,,,,,,,,,,,,,,,,,,,,,,,TN,,,,,,,,,,
autoland,3646670,2,6311658df04f8b9dab1d842cf1ddc69e83bd8127,linux64-qr,,False,,,102210fe594ee9b33d82058545b1ed14f4c8206e,num_static_constructors,compiler_metrics,True,compiler_metrics num_static_constructors opt valgrind,,77,,,448427738.0,1848587605,2024-02-26 10:31:50,113.0,8268ce246a04145ed6598e99b5d061a4e1ee3ca6,1382207,,,,,,,,,,,,,,,,,,,,,,,,,,,,,,,,,,,,,,,,,,,,,,,,,,TN,,,,,,,,,,
autoland,3646670,2,6311658df04f8b9dab1d842cf1ddc69e83bd8127,linux64-qr,,False,,,102210fe594ee9b33d82058545b1ed14f4c8206e,num_static_constructors,compiler_metrics,True,compiler_metrics num_static_constructors opt valgrind,,77,,,448452283.0,1848672854,2024-02-26 13:16:04,113.0,0703c17b3d7ec8150ad6fcd8d95a0125581b0d5b,1382261,,,,,,,,,,,,,,,,,,,,,,,,,,,,,,,,,,,,,,,,,,,,,,,,,,TN,,,,,,,,,,
autoland,3646670,2,6311658df04f8b9dab1d842cf1ddc69e83bd8127,linux64-qr,,False,,,102210fe594ee9b33d82058545b1ed14f4c8206e,num_static_constructors,compiler_metrics,True,compiler_metrics num_static_constructors opt valgrind,,77,,,448475220.0,1848722157,2024-02-26 14:40:18,113.0,a5c1fbe78e431fe4a1db712f75edb33f6fd668e4,1382307,,,,,,,,,,,,,,,,,,,,,,,,,,,,,,,,,,,,,,,,,,,,,,,,,,TN,,,,,,,,,,
autoland,3646670,2,6311658df04f8b9dab1d842cf1ddc69e83bd8127,linux64-qr,,False,,,102210fe594ee9b33d82058545b1ed14f4c8206e,num_static_constructors,compiler_metrics,True,compiler_metrics num_static_constructors opt valgrind,,77,,,448472566.0,1848719005,2024-02-26 15:06:28,113.0,621c8480cd3562f3f61966b4219a0335ce72f698,1382323,,,,,,,,,,,,,,,,,,,,,,,,,,,,,,,,,,,,,,,,,,,,,,,,,,TN,,,,,,,,,,
autoland,3646670,2,6311658df04f8b9dab1d842cf1ddc69e83bd8127,linux64-qr,,False,,,102210fe594ee9b33d82058545b1ed14f4c8206e,num_static_constructors,compiler_metrics,True,compiler_metrics num_static_constructors opt valgrind,,77,,,448496232.0,1848796043,2024-02-26 16:33:33,113.0,84ca0bbcbf17ad8ca81d51b54f11a306ee6514a4,1382395,,,,,,,,,,,,,,,,,,,,,,,,,,,,,,,,,,,,,,,,,,,,,,,,,,TN,,,,,,,,,,
autoland,3646670,2,6311658df04f8b9dab1d842cf1ddc69e83bd8127,linux64-qr,,False,,,102210fe594ee9b33d82058545b1ed14f4c8206e,num_static_constructors,compiler_metrics,True,compiler_metrics num_static_constructors opt valgrind,,77,,,448499651.0,1848831497,2024-02-26 18:24:43,113.0,b26d4c8d5e44cc544e259f32a62382902af6f7ff,1382496,,,,,,,,,,,,,,,,,,,,,,,,,,,,,,,,,,,,,,,,,,,,,,,,,,TN,,,,,,,,,,
autoland,3646670,2,6311658df04f8b9dab1d842cf1ddc69e83bd8127,linux64-qr,,False,,,102210fe594ee9b33d82058545b1ed14f4c8206e,num_static_constructors,compiler_metrics,True,compiler_metrics num_static_constructors opt valgrind,,77,,,448513207.0,1848895542,2024-02-26 20:36:06,113.0,4752ecef06b064b1593d70525bfffec5ed48854d,1382574,,,,,,,,,,,,,,,,,,,,,,,,,,,,,,,,,,,,,,,,,,,,,,,,,,TN,,,,,,,,,,
autoland,3646670,2,6311658df04f8b9dab1d842cf1ddc69e83bd8127,linux64-qr,,False,,,102210fe594ee9b33d82058545b1ed14f4c8206e,num_static_constructors,compiler_metrics,True,compiler_metrics num_static_constructors opt valgrind,,77,,,448524362.0,1848940559,2024-02-26 22:27:48,113.0,2bd01d77bc4d2a1ad705bb1ecb8e793864a737ee,1382641,,,,,,,,,,,,,,,,,,,,,,,,,,,,,,,,,,,,,,,,,,,,,,,,,,TN,,,,,,,,,,
autoland,3646670,2,6311658df04f8b9dab1d842cf1ddc69e83bd8127,linux64-qr,,False,,,102210fe594ee9b33d82058545b1ed14f4c8206e,num_static_constructors,compiler_metrics,True,compiler_metrics num_static_constructors opt valgrind,,77,,,448531169.0,1848946879,2024-02-26 22:53:03,113.0,9fbcc8f23c0b7543b9146f0d90dd58ce36d32898,1382666,,,,,,,,,,,,,,,,,,,,,,,,,,,,,,,,,,,,,,,,,,,,,,,,,,TN,,,,,,,,,,
autoland,3646670,2,6311658df04f8b9dab1d842cf1ddc69e83bd8127,linux64-qr,,False,,,102210fe594ee9b33d82058545b1ed14f4c8206e,num_static_constructors,compiler_metrics,True,compiler_metrics num_static_constructors opt valgrind,,77,,,448553048.0,1849030749,2024-02-27 01:56:37,113.0,0f5f286595620b9cf961c17054b2c077f6f5c971,1382748,,,,,,,,,,,,,,,,,,,,,,,,,,,,,,,,,,,,,,,,,,,,,,,,,,TN,,,,,,,,,,
autoland,3646670,2,6311658df04f8b9dab1d842cf1ddc69e83bd8127,linux64-qr,,False,,,102210fe594ee9b33d82058545b1ed14f4c8206e,num_static_constructors,compiler_metrics,True,compiler_metrics num_static_constructors opt valgrind,,77,,,448558008.0,1849057026,2024-02-27 03:06:58,113.0,74094dc4022c8437eb87a7e25bf6433fb07a7fbb,1382765,,,,,,,,,,,,,,,,,,,,,,,,,,,,,,,,,,,,,,,,,,,,,,,,,,TN,,,,,,,,,,
autoland,3646670,2,6311658df04f8b9dab1d842cf1ddc69e83bd8127,linux64-qr,,False,,,102210fe594ee9b33d82058545b1ed14f4c8206e,num_static_constructors,compiler_metrics,True,compiler_metrics num_static_constructors opt valgrind,,77,,,448589646.0,1849232054,2024-02-27 10:31:28,113.0,f0fd4d27a58991220e91d1c086442a03b0a52117,1382887,,,,,,,,,,,,,,,,,,,,,,,,,,,,,,,,,,,,,,,,,,,,,,,,,,TN,,,,,,,,,,
autoland,3646670,2,6311658df04f8b9dab1d842cf1ddc69e83bd8127,linux64-qr,,False,,,102210fe594ee9b33d82058545b1ed14f4c8206e,num_static_constructors,compiler_metrics,True,compiler_metrics num_static_constructors opt valgrind,,77,,,448621541.0,1849361375,2024-02-27 13:59:53,113.0,32acc4e2db50b53733cfcf554a308ccc986925b5,1383025,,,,,,,,,,,,,,,,,,,,,,,,,,,,,,,,,,,,,,,,,,,,,,,,,,TN,,,,,,,,,,
autoland,3646670,2,6311658df04f8b9dab1d842cf1ddc69e83bd8127,linux64-qr,,False,,,102210fe594ee9b33d82058545b1ed14f4c8206e,num_static_constructors,compiler_metrics,True,compiler_metrics num_static_constructors opt valgrind,,77,,,448629444.0,1849388839,2024-02-27 15:09:58,113.0,edfd64d3c6a087312979ee83fa95b7f56709dc79,1383077,,,,,,,,,,,,,,,,,,,,,,,,,,,,,,,,,,,,,,,,,,,,,,,,,,TN,,,,,,,,,,
autoland,3646670,2,6311658df04f8b9dab1d842cf1ddc69e83bd8127,linux64-qr,,False,,,102210fe594ee9b33d82058545b1ed14f4c8206e,num_static_constructors,compiler_metrics,True,compiler_metrics num_static_constructors opt valgrind,,77,,,448651424.0,1849446040,2024-02-27 17:23:11,113.0,b73f06a9fdb113887db825ebab5b40fcb4ffe1f9,1383199,,,,,,,,,,,,,,,,,,,,,,,,,,,,,,,,,,,,,,,,,,,,,,,,,,TN,,,,,,,,,,
autoland,3646670,2,6311658df04f8b9dab1d842cf1ddc69e83bd8127,linux64-qr,,False,,,102210fe594ee9b33d82058545b1ed14f4c8206e,num_static_constructors,compiler_metrics,True,compiler_metrics num_static_constructors opt valgrind,,77,,,448660268.0,1849481385,2024-02-27 19:00:03,113.0,149f61eecb69d6cf570be79260785c5b4a42e516,1383277,,,,,,,,,,,,,,,,,,,,,,,,,,,,,,,,,,,,,,,,,,,,,,,,,,TN,,,,,,,,,,
autoland,3646670,2,6311658df04f8b9dab1d842cf1ddc69e83bd8127,linux64-qr,,False,,,102210fe594ee9b33d82058545b1ed14f4c8206e,num_static_constructors,compiler_metrics,True,compiler_metrics num_static_constructors opt valgrind,,77,,,448675650.0,1849563879,2024-02-27 20:25:30,114.0,612e5052e6e1b87c661886c015e3888c21730558,1383348,,,,,,,,,,,,,,,,,,,,,,,,,,,,,,,,,,,,,,,,,,,,,,,,,,TN,,,,,,,,,,
autoland,3646670,2,6311658df04f8b9dab1d842cf1ddc69e83bd8127,linux64-qr,,False,,,102210fe594ee9b33d82058545b1ed14f4c8206e,num_static_constructors,compiler_metrics,True,compiler_metrics num_static_constructors opt valgrind,,77,,,448675670.0,1849563998,2024-02-27 20:25:30,114.0,612e5052e6e1b87c661886c015e3888c21730558,1383348,,,,,,,,,,,,,,,,,,,,,,,,,,,,,,,,,,,,,,,,,,,,,,,,,,TN,,,,,,,,,,
autoland,3646670,2,6311658df04f8b9dab1d842cf1ddc69e83bd8127,linux64-qr,,False,,,102210fe594ee9b33d82058545b1ed14f4c8206e,num_static_constructors,compiler_metrics,True,compiler_metrics num_static_constructors opt valgrind,,77,,,448685585.0,1849605556,2024-02-27 23:02:29,114.0,06645f775e47ea71f6dfa2daff5411ab31c5a629,1383416,,,,,,,,,,,,,,,,,,,,,,,,,,,,,,,,,,,,,,,,,,,,,,,,,,TN,,,,,,,,,,
autoland,3646670,2,6311658df04f8b9dab1d842cf1ddc69e83bd8127,linux64-qr,,False,,,102210fe594ee9b33d82058545b1ed14f4c8206e,num_static_constructors,compiler_metrics,True,compiler_metrics num_static_constructors opt valgrind,,77,,,448686832.0,1849609215,2024-02-27 23:18:10,115.0,c2895c7db175458e315a65fd8d5e9385e60a76d3,1383436,,,,,,,,,,,,,,,,,,,,,,,,,,,,,,,,,,,,,,,,,,,,,,,,,,TN,,,,,,,,,,
autoland,3646670,2,6311658df04f8b9dab1d842cf1ddc69e83bd8127,linux64-qr,,False,,,102210fe594ee9b33d82058545b1ed14f4c8206e,num_static_constructors,compiler_metrics,True,compiler_metrics num_static_constructors opt valgrind,,77,,,448709951.0,1849697222,2024-02-28 03:31:31,115.0,41ceb034dc709c821d837a321d2c5fb944bd4231,1383545,,,,,,,,,,,,,,,,,,,,,,,,,,,,,,,,,,,,,,,,,,,,,,,,,,TN,,,,,,,,,,
autoland,3646670,2,6311658df04f8b9dab1d842cf1ddc69e83bd8127,linux64-qr,,False,,,102210fe594ee9b33d82058545b1ed14f4c8206e,num_static_constructors,compiler_metrics,True,compiler_metrics num_static_constructors opt valgrind,,77,,,448712647.0,1849703342,2024-02-28 03:52:40,115.0,141af9fa6e979414e45838447c10c40128674815,1383549,,,,,,,,,,,,,,,,,,,,,,,,,,,,,,,,,,,,,,,,,,,,,,,,,,TN,,,,,,,,,,
autoland,3646670,2,6311658df04f8b9dab1d842cf1ddc69e83bd8127,linux64-qr,,False,,,102210fe594ee9b33d82058545b1ed14f4c8206e,num_static_constructors,compiler_metrics,True,compiler_metrics num_static_constructors opt valgrind,,77,,,448712648.0,1849702113,2024-02-28 03:52:40,115.0,141af9fa6e979414e45838447c10c40128674815,1383549,,,,,,,,,,,,,,,,,,,,,,,,,,,,,,,,,,,,,,,,,,,,,,,,,,TN,,,,,,,,,,
autoland,3646670,2,6311658df04f8b9dab1d842cf1ddc69e83bd8127,linux64-qr,,False,,,102210fe594ee9b33d82058545b1ed14f4c8206e,num_static_constructors,compiler_metrics,True,compiler_metrics num_static_constructors opt valgrind,,77,,,448726503.0,1849783685,2024-02-28 07:34:11,115.0,710f48d1638d076913089bfa3978b6a1efc1d842,1383600,,,,,,,,,,,,,,,,,,,,,,,,,,,,,,,,,,,,,,,,,,,,,,,,,,TN,,,,,,,,,,
autoland,3646670,2,6311658df04f8b9dab1d842cf1ddc69e83bd8127,linux64-qr,,False,,,102210fe594ee9b33d82058545b1ed14f4c8206e,num_static_constructors,compiler_metrics,True,compiler_metrics num_static_constructors opt valgrind,,77,,,448730833.0,1849791082,2024-02-28 08:18:18,115.0,85f3a9a2a4155f207064d78c57f79611f7332287,1383612,,,,,,,,,,,,,,,,,,,,,,,,,,,,,,,,,,,,,,,,,,,,,,,,,,TN,,,,,,,,,,
autoland,3646670,2,6311658df04f8b9dab1d842cf1ddc69e83bd8127,linux64-qr,,False,,,102210fe594ee9b33d82058545b1ed14f4c8206e,num_static_constructors,compiler_metrics,True,compiler_metrics num_static_constructors opt valgrind,,77,,,448744211.0,1849846042,2024-02-28 10:11:44,115.0,7d6e31f4595724bff0c5a86d768209917f8e826d,1383666,,,,,,,,,,,,,,,,,,,,,,,,,,,,,,,,,,,,,,,,,,,,,,,,,,TN,,,,,,,,,,
autoland,3646670,2,6311658df04f8b9dab1d842cf1ddc69e83bd8127,linux64-qr,,False,,,102210fe594ee9b33d82058545b1ed14f4c8206e,num_static_constructors,compiler_metrics,True,compiler_metrics num_static_constructors opt valgrind,,77,,,448764089.0,1849950838,2024-02-28 12:53:19,115.0,2356949f5c6d9a4f229d012051bac51b3eb83aec,1383715,,,,,,,,,,,,,,,,,,,,,,,,,,,,,,,,,,,,,,,,,,,,,,,,,,TN,,,,,,,,,,
autoland,3646670,2,6311658df04f8b9dab1d842cf1ddc69e83bd8127,linux64-qr,,False,,,102210fe594ee9b33d82058545b1ed14f4c8206e,num_static_constructors,compiler_metrics,True,compiler_metrics num_static_constructors opt valgrind,,77,,,448781699.0,1849972784,2024-02-28 14:06:22,115.0,6583cb878dec05576053eaa9368a4eb5bbbbbedc,1383751,,,,,,,,,,,,,,,,,,,,,,,,,,,,,,,,,,,,,,,,,,,,,,,,,,TN,,,,,,,,,,
autoland,3646670,2,6311658df04f8b9dab1d842cf1ddc69e83bd8127,linux64-qr,,False,,,102210fe594ee9b33d82058545b1ed14f4c8206e,num_static_constructors,compiler_metrics,True,compiler_metrics num_static_constructors opt valgrind,,77,,,448807237.0,1850045641,2024-02-28 16:44:28,115.0,45e7664976394cd541a72b2ea43873d1ca46efda,1383874,,,,,,,,,,,,,,,,,,,,,,,,,,,,,,,,,,,,,,,,,,,,,,,,,,TN,,,,,,,,,,
autoland,3646670,2,6311658df04f8b9dab1d842cf1ddc69e83bd8127,linux64-qr,,False,,,102210fe594ee9b33d82058545b1ed14f4c8206e,num_static_constructors,compiler_metrics,True,compiler_metrics num_static_constructors opt valgrind,,77,,,448810341.0,1850068519,2024-02-28 17:56:27,115.0,32ca524f7abf0664a2f0d882868c3e913297f446,1383890,,,,,,,,,,,,,,,,,,,,,,,,,,,,,,,,,,,,,,,,,,,,,,,,,,TN,,,,,,,,,,
autoland,3646670,2,6311658df04f8b9dab1d842cf1ddc69e83bd8127,linux64-qr,,False,,,102210fe594ee9b33d82058545b1ed14f4c8206e,num_static_constructors,compiler_metrics,True,compiler_metrics num_static_constructors opt valgrind,,77,,,448817757.0,1850103034,2024-02-28 19:13:46,115.0,3a4dd7f0ebef2c0eddf491178cd0ca5d07a4ddab,1383966,,,,,,,,,,,,,,,,,,,,,,,,,,,,,,,,,,,,,,,,,,,,,,,,,,TN,,,,,,,,,,
autoland,3646670,2,6311658df04f8b9dab1d842cf1ddc69e83bd8127,linux64-qr,,False,,,102210fe594ee9b33d82058545b1ed14f4c8206e,num_static_constructors,compiler_metrics,True,compiler_metrics num_static_constructors opt valgrind,,77,,,448832446.0,1850166266,2024-02-28 20:42:42,115.0,da466faa7aee60bdeeca32b0767a1f0b9b964272,1384009,,,,,,,,,,,,,,,,,,,,,,,,,,,,,,,,,,,,,,,,,,,,,,,,,,TN,,,,,,,,,,
autoland,3646670,2,6311658df04f8b9dab1d842cf1ddc69e83bd8127,linux64-qr,,False,,,102210fe594ee9b33d82058545b1ed14f4c8206e,num_static_constructors,compiler_metrics,True,compiler_metrics num_static_constructors opt valgrind,,77,,,448870528.0,1850284602,2024-02-29 00:02:13,115.0,8d3b66ecefb02aceda2ccf85dd2bc8c2700aafb7,1384138,,,,,,,,,,,,,,,,,,,,,,,,,,,,,,,,,,,,,,,,,,,,,,,,,,TN,,,,,,,,,,
autoland,3646670,2,6311658df04f8b9dab1d842cf1ddc69e83bd8127,linux64-qr,,False,,,102210fe594ee9b33d82058545b1ed14f4c8206e,num_static_constructors,compiler_metrics,True,compiler_metrics num_static_constructors opt valgrind,,77,,,448880159.0,1850303190,2024-02-29 00:51:41,115.0,cbef4527f79aadfe5c4dd940effe9b01df8734b1,1384174,,,,,,,,,,,,,,,,,,,,,,,,,,,,,,,,,,,,,,,,,,,,,,,,,,TN,,,,,,,,,,
autoland,3646670,2,6311658df04f8b9dab1d842cf1ddc69e83bd8127,linux64-qr,,False,,,102210fe594ee9b33d82058545b1ed14f4c8206e,num_static_constructors,compiler_metrics,True,compiler_metrics num_static_constructors opt valgrind,,77,,,448886378.0,1850327352,2024-02-29 01:20:40,115.0,f21a5f54b6ecffa5b49d4944c32c752ea622e3c6,1384182,,,,,,,,,,,,,,,,,,,,,,,,,,,,,,,,,,,,,,,,,,,,,,,,,,TN,,,,,,,,,,
autoland,3646670,2,6311658df04f8b9dab1d842cf1ddc69e83bd8127,linux64-qr,,False,,,102210fe594ee9b33d82058545b1ed14f4c8206e,num_static_constructors,compiler_metrics,True,compiler_metrics num_static_constructors opt valgrind,,77,,,448913476.0,1850446435,2024-02-29 06:49:17,115.0,bb7b045d24f7773df5e27742496f2c0bb95d780f,1384273,,,,,,,,,,,,,,,,,,,,,,,,,,,,,,,,,,,,,,,,,,,,,,,,,,TN,,,,,,,,,,
autoland,3646670,2,6311658df04f8b9dab1d842cf1ddc69e83bd8127,linux64-qr,,False,,,102210fe594ee9b33d82058545b1ed14f4c8206e,num_static_constructors,compiler_metrics,True,compiler_metrics num_static_constructors opt valgrind,,77,,,448923100.0,1850520068,2024-02-29 09:17:56,115.0,dfad870b0c8e6359a184e1cab8209ff081917c87,1384384,,,,,,,,,,,,,,,,,,,,,,,,,,,,,,,,,,,,,,,,,,,,,,,,,,TN,,,,,,,,,,
autoland,3646670,2,6311658df04f8b9dab1d842cf1ddc69e83bd8127,linux64-qr,,False,,,102210fe594ee9b33d82058545b1ed14f4c8206e,num_static_constructors,compiler_metrics,True,compiler_metrics num_static_constructors opt valgrind,,77,,,448928447.0,1850538473,2024-02-29 09:17:56,115.0,dfad870b0c8e6359a184e1cab8209ff081917c87,1384384,,,,,,,,,,,,,,,,,,,,,,,,,,,,,,,,,,,,,,,,,,,,,,,,,,TN,,,,,,,,,,
autoland,3646670,2,6311658df04f8b9dab1d842cf1ddc69e83bd8127,linux64-qr,,False,,,102210fe594ee9b33d82058545b1ed14f4c8206e,num_static_constructors,compiler_metrics,True,compiler_metrics num_static_constructors opt valgrind,,77,,,448930034.0,1850566946,2024-02-29 10:50:05,115.0,fbb087d5e5b8af76523b084cba81dc1be84c7fb4,1384399,,,,,,,,,,,,,,,,,,,,,,,,,,,,,,,,,,,,,,,,,,,,,,,,,,TN,,,,,,,,,,
autoland,3646670,2,6311658df04f8b9dab1d842cf1ddc69e83bd8127,linux64-qr,,False,,,102210fe594ee9b33d82058545b1ed14f4c8206e,num_static_constructors,compiler_metrics,True,compiler_metrics num_static_constructors opt valgrind,,77,,,448948110.0,1850638947,2024-02-29 13:22:41,115.0,42781edfbf79030ca8e6f7c1584ebfc2bd31935c,1384414,,,,,,,,,,,,,,,,,,,,,,,,,,,,,,,,,,,,,,,,,,,,,,,,,,TN,,,,,,,,,,
autoland,3646670,2,6311658df04f8b9dab1d842cf1ddc69e83bd8127,linux64-qr,,False,,,102210fe594ee9b33d82058545b1ed14f4c8206e,num_static_constructors,compiler_metrics,True,compiler_metrics num_static_constructors opt valgrind,,77,,,448971172.0,1850784345,2024-02-29 17:19:39,115.0,e594b8a45404bb3c1e37221eeea1b166cd5cde47,1384669,,,,,,,,,,,,,,,,,,,,,,,,,,,,,,,,,,,,,,,,,,,,,,,,,,TN,,,,,,,,,,
autoland,3646670,2,6311658df04f8b9dab1d842cf1ddc69e83bd8127,linux64-qr,,False,,,102210fe594ee9b33d82058545b1ed14f4c8206e,num_static_constructors,compiler_metrics,True,compiler_metrics num_static_constructors opt valgrind,,77,,,448971390.0,1850786691,2024-02-29 17:24:54,115.0,4b82553ad6abc0079d2d7a0642c099ca93d1d156,1384673,,,,,,,,,,,,,,,,,,,,,,,,,,,,,,,,,,,,,,,,,,,,,,,,,,TN,,,,,,,,,,
autoland,3646670,2,6311658df04f8b9dab1d842cf1ddc69e83bd8127,linux64-qr,,False,,,102210fe594ee9b33d82058545b1ed14f4c8206e,num_static_constructors,compiler_metrics,True,compiler_metrics num_static_constructors opt valgrind,,77,,,448973483.0,1850797523,2024-02-29 17:36:34,115.0,636cf8095a0f42555363480bc387b9a5aad03efe,1384681,,,,,,,,,,,,,,,,,,,,,,,,,,,,,,,,,,,,,,,,,,,,,,,,,,TN,,,,,,,,,,
autoland,3646670,2,6311658df04f8b9dab1d842cf1ddc69e83bd8127,linux64-qr,,False,,,102210fe594ee9b33d82058545b1ed14f4c8206e,num_static_constructors,compiler_metrics,True,compiler_metrics num_static_constructors opt valgrind,,77,,,448997535.0,1850881524,2024-02-29 19:52:04,115.0,e31b2f51bdd2bc06dc45bde72f6e555cd7b0ba0e,1384753,,,,,,,,,,,,,,,,,,,,,,,,,,,,,,,,,,,,,,,,,,,,,,,,,,TN,,,,,,,,,,
autoland,3646670,2,6311658df04f8b9dab1d842cf1ddc69e83bd8127,linux64-qr,,False,,,102210fe594ee9b33d82058545b1ed14f4c8206e,num_static_constructors,compiler_metrics,True,compiler_metrics num_static_constructors opt valgrind,,77,,,449005618.0,1850929195,2024-02-29 21:50:05,115.0,1a461feeeb4e7725855a242023e45625b9bddae4,1384804,,,,,,,,,,,,,,,,,,,,,,,,,,,,,,,,,,,,,,,,,,,,,,,,,,TN,,,,,,,,,,
autoland,3646670,2,6311658df04f8b9dab1d842cf1ddc69e83bd8127,linux64-qr,,False,,,102210fe594ee9b33d82058545b1ed14f4c8206e,num_static_constructors,compiler_metrics,True,compiler_metrics num_static_constructors opt valgrind,,77,,,449007365.0,1850926413,2024-02-29 21:57:41,115.0,415f94176c1508d1acb91186346a42009b378ca7,1384812,,,,,,,,,,,,,,,,,,,,,,,,,,,,,,,,,,,,,,,,,,,,,,,,,,TN,,,,,,,,,,
autoland,3646670,2,6311658df04f8b9dab1d842cf1ddc69e83bd8127,linux64-qr,,False,,,102210fe594ee9b33d82058545b1ed14f4c8206e,num_static_constructors,compiler_metrics,True,compiler_metrics num_static_constructors opt valgrind,,77,,,449030880.0,1851005801,2024-03-01 00:06:46,115.0,a800389f9f84587969d8df8f8ad60d1caad2b54d,1384895,,,,,,,,,,,,,,,,,,,,,,,,,,,,,,,,,,,,,,,,,,,,,,,,,,TN,,,,,,,,,,
autoland,3646670,2,6311658df04f8b9dab1d842cf1ddc69e83bd8127,linux64-qr,,False,,,102210fe594ee9b33d82058545b1ed14f4c8206e,num_static_constructors,compiler_metrics,True,compiler_metrics num_static_constructors opt valgrind,,77,,,449044597.0,1851067990,2024-03-01 02:06:20,115.0,3ed1cc3830b2bb116e2875dedadc6ea20235768a,1385033,,,,,,,,,,,,,,,,,,,,,,,,,,,,,,,,,,,,,,,,,,,,,,,,,,TN,,,,,,,,,,
autoland,3646670,2,6311658df04f8b9dab1d842cf1ddc69e83bd8127,linux64-qr,,False,,,102210fe594ee9b33d82058545b1ed14f4c8206e,num_static_constructors,compiler_metrics,True,compiler_metrics num_static_constructors opt valgrind,,77,,,449045166.0,1851070884,2024-03-01 02:09:48,115.0,c726403b9a5aaed84563fd210952c3858369c756,1385038,,,,,,,,,,,,,,,,,,,,,,,,,,,,,,,,,,,,,,,,,,,,,,,,,,TN,,,,,,,,,,
autoland,3646670,2,6311658df04f8b9dab1d842cf1ddc69e83bd8127,linux64-qr,,False,,,102210fe594ee9b33d82058545b1ed14f4c8206e,num_static_constructors,compiler_metrics,True,compiler_metrics num_static_constructors opt valgrind,,77,,,449052473.0,1851091222,2024-03-01 02:09:48,115.0,c726403b9a5aaed84563fd210952c3858369c756,1385038,,,,,,,,,,,,,,,,,,,,,,,,,,,,,,,,,,,,,,,,,,,,,,,,,,TN,,,,,,,,,,
autoland,3646670,2,6311658df04f8b9dab1d842cf1ddc69e83bd8127,linux64-qr,,False,,,102210fe594ee9b33d82058545b1ed14f4c8206e,num_static_constructors,compiler_metrics,True,compiler_metrics num_static_constructors opt valgrind,,77,,,449052474.0,1851089282,2024-03-01 02:09:48,115.0,c726403b9a5aaed84563fd210952c3858369c756,1385038,,,,,,,,,,,,,,,,,,,,,,,,,,,,,,,,,,,,,,,,,,,,,,,,,,TN,,,,,,,,,,
autoland,3646670,2,6311658df04f8b9dab1d842cf1ddc69e83bd8127,linux64-qr,,False,,,102210fe594ee9b33d82058545b1ed14f4c8206e,num_static_constructors,compiler_metrics,True,compiler_metrics num_static_constructors opt valgrind,,77,,,449065669.0,1851187726,2024-03-01 09:37:52,115.0,f70554f10dc308a8544df7111d110ab3ec285306,1385275,,,,,,,,,,,,,,,,,,,,,,,,,,,,,,,,,,,,,,,,,,,,,,,,,,TN,,,,,,,,,,
autoland,3646670,2,6311658df04f8b9dab1d842cf1ddc69e83bd8127,linux64-qr,,False,,,102210fe594ee9b33d82058545b1ed14f4c8206e,num_static_constructors,compiler_metrics,True,compiler_metrics num_static_constructors opt valgrind,,77,,,449070734.0,1851207910,2024-03-01 09:37:52,115.0,f70554f10dc308a8544df7111d110ab3ec285306,1385275,,,,,,,,,,,,,,,,,,,,,,,,,,,,,,,,,,,,,,,,,,,,,,,,,,TN,,,,,,,,,,
autoland,3646670,2,6311658df04f8b9dab1d842cf1ddc69e83bd8127,linux64-qr,,False,,,102210fe594ee9b33d82058545b1ed14f4c8206e,num_static_constructors,compiler_metrics,True,compiler_metrics num_static_constructors opt valgrind,,77,,,449070881.0,1851200438,2024-03-01 09:37:52,115.0,f70554f10dc308a8544df7111d110ab3ec285306,1385275,,,,,,,,,,,,,,,,,,,,,,,,,,,,,,,,,,,,,,,,,,,,,,,,,,TN,,,,,,,,,,
autoland,3646670,2,6311658df04f8b9dab1d842cf1ddc69e83bd8127,linux64-qr,,False,,,102210fe594ee9b33d82058545b1ed14f4c8206e,num_static_constructors,compiler_metrics,True,compiler_metrics num_static_constructors opt valgrind,,77,,,449075506.0,1851227541,2024-03-01 11:09:10,115.0,b921bb1aee11c101ece321f78bcc56942889bac9,1385336,,,,,,,,,,,,,,,,,,,,,,,,,,,,,,,,,,,,,,,,,,,,,,,,,,TN,,,,,,,,,,
autoland,3646670,2,6311658df04f8b9dab1d842cf1ddc69e83bd8127,linux64-qr,,False,,,102210fe594ee9b33d82058545b1ed14f4c8206e,num_static_constructors,compiler_metrics,True,compiler_metrics num_static_constructors opt valgrind,,77,,,449096288.0,1851303394,2024-03-01 12:53:06,115.0,250c3d44f58095dfd822975cee4ebaae8ebb8a9a,1385389,,,,,,,,,,,,,,,,,,,,,,,,,,,,,,,,,,,,,,,,,,,,,,,,,,TN,,,,,,,,,,
autoland,3646670,2,6311658df04f8b9dab1d842cf1ddc69e83bd8127,linux64-qr,,False,,,102210fe594ee9b33d82058545b1ed14f4c8206e,num_static_constructors,compiler_metrics,True,compiler_metrics num_static_constructors opt valgrind,,77,,,449117457.0,1851347515,2024-03-01 15:15:21,115.0,ab2f491c1f6a1907e3cd7de371a27940c1b7ae66,1385464,,,,,,,,,,,,,,,,,,,,,,,,,,,,,,,,,,,,,,,,,,,,,,,,,,TN,,,,,,,,,,
autoland,3646670,2,6311658df04f8b9dab1d842cf1ddc69e83bd8127,linux64-qr,,False,,,102210fe594ee9b33d82058545b1ed14f4c8206e,num_static_constructors,compiler_metrics,True,compiler_metrics num_static_constructors opt valgrind,,77,,,449117717.0,1851350564,2024-03-01 15:18:33,115.0,179ceb82c9e5e6619e0a43e7c9a8682bff1f55ac,1385469,,,,,,,,,,,,,,,,,,,,,,,,,,,,,,,,,,,,,,,,,,,,,,,,,,TN,,,,,,,,,,
autoland,3646670,2,6311658df04f8b9dab1d842cf1ddc69e83bd8127,linux64-qr,,False,,,102210fe594ee9b33d82058545b1ed14f4c8206e,num_static_constructors,compiler_metrics,True,compiler_metrics num_static_constructors opt valgrind,,77,,,449141495.0,1851414451,2024-03-01 17:01:11,115.0,901f008190e4009b7339b5680a49a0127d301c03,1385537,,,,,,,,,,,,,,,,,,,,,,,,,,,,,,,,,,,,,,,,,,,,,,,,,,TN,,,,,,,,,,
autoland,3646670,2,6311658df04f8b9dab1d842cf1ddc69e83bd8127,linux64-qr,,False,,,102210fe594ee9b33d82058545b1ed14f4c8206e,num_static_constructors,compiler_metrics,True,compiler_metrics num_static_constructors opt valgrind,,77,,,449153245.0,1851474239,2024-03-01 19:33:22,115.0,c12ee5058abff427e2fd65f86c453b2c0ef5c315,1385653,,,,,,,,,,,,,,,,,,,,,,,,,,,,,,,,,,,,,,,,,,,,,,,,,,TN,,,,,,,,,,
autoland,3646670,2,6311658df04f8b9dab1d842cf1ddc69e83bd8127,linux64-qr,,False,,,102210fe594ee9b33d82058545b1ed14f4c8206e,num_static_constructors,compiler_metrics,True,compiler_metrics num_static_constructors opt valgrind,,77,,,449158739.0,1851505765,2024-03-01 20:56:05,115.0,cff0ad593c6fce68a219b6e7fcf3e1ed95b30150,1385672,,,,,,,,,,,,,,,,,,,,,,,,,,,,,,,,,,,,,,,,,,,,,,,,,,TN,,,,,,,,,,
autoland,3646670,2,6311658df04f8b9dab1d842cf1ddc69e83bd8127,linux64-qr,,False,,,102210fe594ee9b33d82058545b1ed14f4c8206e,num_static_constructors,compiler_metrics,True,compiler_metrics num_static_constructors opt valgrind,,77,,,449187574.0,1851615794,2024-03-02 08:44:09,115.0,ac7b674e512d88788161e657fbc3371b8d955c65,1385889,,,,,,,,,,,,,,,,,,,,,,,,,,,,,,,,,,,,,,,,,,,,,,,,,,TN,,,,,,,,,,
autoland,3646670,2,6311658df04f8b9dab1d842cf1ddc69e83bd8127,linux64-qr,,False,,,102210fe594ee9b33d82058545b1ed14f4c8206e,num_static_constructors,compiler_metrics,True,compiler_metrics num_static_constructors opt valgrind,,77,,,449208748.0,1851712083,2024-03-02 12:37:45,115.0,5b0f82178f636ffde1d06fdf400f547fb3deb06c,1385915,,,,,,,,,,,,,,,,,,,,,,,,,,,,,,,,,,,,,,,,,,,,,,,,,,TN,,,,,,,,,,
autoland,3646670,2,6311658df04f8b9dab1d842cf1ddc69e83bd8127,linux64-qr,,False,,,102210fe594ee9b33d82058545b1ed14f4c8206e,num_static_constructors,compiler_metrics,True,compiler_metrics num_static_constructors opt valgrind,,77,,,449240955.0,1851855832,2024-03-02 18:47:19,116.0,a2ddc20095d176734a72080712b366c74a36c934,1385949,,,,,,,,,,,,,,,,,,,,,,,,,,,,,,,,,,,,,,,,,,,,,,,,,,TN,,,,,,,,,,
autoland,3646670,2,6311658df04f8b9dab1d842cf1ddc69e83bd8127,linux64-qr,,False,,,102210fe594ee9b33d82058545b1ed14f4c8206e,num_static_constructors,compiler_metrics,True,compiler_metrics num_static_constructors opt valgrind,,77,,,449244959.0,1851879252,2024-03-02 19:45:31,116.0,8042d9f9b7b6eb6e6a6fbefba554c035ef6bbda1,1385954,,,,,,,,,,,,,,,,,,,,,,,,,,,,,,,,,,,,,,,,,,,,,,,,,,TN,,,,,,,,,,
autoland,3646670,2,6311658df04f8b9dab1d842cf1ddc69e83bd8127,linux64-qr,,False,,,102210fe594ee9b33d82058545b1ed14f4c8206e,num_static_constructors,compiler_metrics,True,compiler_metrics num_static_constructors opt valgrind,,77,,,449266710.0,1851971921,2024-03-03 01:04:11,116.0,c5ddc3b211e53221a5b12ce6c8a5a523bba3641f,1385990,,,,,,,,,,,,,,,,,,,,,,,,,,,,,,,,,,,,,,,,,,,,,,,,,,TN,,,,,,,,,,
autoland,3646670,2,6311658df04f8b9dab1d842cf1ddc69e83bd8127,linux64-qr,,False,,,102210fe594ee9b33d82058545b1ed14f4c8206e,num_static_constructors,compiler_metrics,True,compiler_metrics num_static_constructors opt valgrind,,77,,,449307417.0,1852104184,2024-03-03 12:29:51,116.0,62056fe89aac9d2f369746854f0e3a55ad7153d0,1386069,,,,,,,,,,,,,,,,,,,,,,,,,,,,,,,,,,,,,,,,,,,,,,,,,,TN,,,,,,,,,,
autoland,3646670,2,6311658df04f8b9dab1d842cf1ddc69e83bd8127,linux64-qr,,False,,,102210fe594ee9b33d82058545b1ed14f4c8206e,num_static_constructors,compiler_metrics,True,compiler_metrics num_static_constructors opt valgrind,,77,,,449320356.0,1852160478,2024-03-03 20:25:15,116.0,62b681084f125b6650ad62940811d02e1a643db4,1386108,,,,,,,,,,,,,,,,,,,,,,,,,,,,,,,,,,,,,,,,,,,,,,,,,,TN,,,,,,,,,,
autoland,3646670,2,6311658df04f8b9dab1d842cf1ddc69e83bd8127,linux64-qr,,False,,,102210fe594ee9b33d82058545b1ed14f4c8206e,num_static_constructors,compiler_metrics,True,compiler_metrics num_static_constructors opt valgrind,,77,,,449337301.0,1852214649,2024-03-04 01:21:19,116.0,499cae53f42dfc8f376fd97d0a83c1f8e85e274c,1386148,,,,,,,,,,,,,,,,,,,,,,,,,,,,,,,,,,,,,,,,,,,,,,,,,,TN,,,,,,,,,,
autoland,3646670,2,6311658df04f8b9dab1d842cf1ddc69e83bd8127,linux64-qr,,False,,,102210fe594ee9b33d82058545b1ed14f4c8206e,num_static_constructors,compiler_metrics,True,compiler_metrics num_static_constructors opt valgrind,,77,,,449346864.0,1852261514,2024-03-04 06:32:50,116.0,79823348e9cf740dbe5ae11eb654b1a85ea0ecbc,1386182,,,,,,,,,,,,,,,,,,,,,,,,,,,,,,,,,,,,,,,,,,,,,,,,,,TN,,,,,,,,,,
autoland,3646670,2,6311658df04f8b9dab1d842cf1ddc69e83bd8127,linux64-qr,,False,,,102210fe594ee9b33d82058545b1ed14f4c8206e,num_static_constructors,compiler_metrics,True,compiler_metrics num_static_constructors opt valgrind,,77,,,449355302.0,1852308010,2024-03-04 08:48:22,116.0,54c13c0498731427f23aff4c7e87900a715761b0,1386226,,,,,,,,,,,,,,,,,,,,,,,,,,,,,,,,,,,,,,,,,,,,,,,,,,TN,,,,,,,,,,
autoland,3646670,2,6311658df04f8b9dab1d842cf1ddc69e83bd8127,linux64-qr,,False,,,102210fe594ee9b33d82058545b1ed14f4c8206e,num_static_constructors,compiler_metrics,True,compiler_metrics num_static_constructors opt valgrind,,77,,,449369830.0,1852377778,2024-03-04 10:49:49,116.0,8a586af3529ef8d1a3c9cc2238ff643c5169122d,1386289,,,,,,,,,,,,,,,,,,,,,,,,,,,,,,,,,,,,,,,,,,,,,,,,,,TN,,,,,,,,,,
autoland,3646670,2,6311658df04f8b9dab1d842cf1ddc69e83bd8127,linux64-qr,,False,,,102210fe594ee9b33d82058545b1ed14f4c8206e,num_static_constructors,compiler_metrics,True,compiler_metrics num_static_constructors opt valgrind,,77,,,449389903.0,1852454642,2024-03-04 12:51:58,116.0,938c019ec0d1f3f1c0932e575d8f9e9f4c387320,1386363,,,,,,,,,,,,,,,,,,,,,,,,,,,,,,,,,,,,,,,,,,,,,,,,,,TN,,,,,,,,,,
autoland,3646670,2,6311658df04f8b9dab1d842cf1ddc69e83bd8127,linux64-qr,,False,,,102210fe594ee9b33d82058545b1ed14f4c8206e,num_static_constructors,compiler_metrics,True,compiler_metrics num_static_constructors opt valgrind,,77,,,449412209.0,1852492326,2024-03-04 14:27:11,116.0,c90923a84670e17105b275c5be4a3c2842cb248e,1386418,,,,,,,,,,,,,,,,,,,,,,,,,,,,,,,,,,,,,,,,,,,,,,,,,,TN,,,,,,,,,,
autoland,3646670,2,6311658df04f8b9dab1d842cf1ddc69e83bd8127,linux64-qr,,False,,,102210fe594ee9b33d82058545b1ed14f4c8206e,num_static_constructors,compiler_metrics,True,compiler_metrics num_static_constructors opt valgrind,,77,,,449426028.0,1852524111,2024-03-04 15:17:38,116.0,e79423791be9d0d63898d13dbeefe78b548b47ca,1386461,,,,,,,,,,,,,,,,,,,,,,,,,,,,,,,,,,,,,,,,,,,,,,,,,,TN,,,,,,,,,,
autoland,3646670,2,6311658df04f8b9dab1d842cf1ddc69e83bd8127,linux64-qr,,False,,,102210fe594ee9b33d82058545b1ed14f4c8206e,num_static_constructors,compiler_metrics,True,compiler_metrics num_static_constructors opt valgrind,,77,,,449434174.0,1852568631,2024-03-04 16:31:41,116.0,6c8dfd2a5bcafec953d7303c1fc35ec76d05f6ac,1386528,,,,,,,,,,,,,,,,,,,,,,,,,,,,,,,,,,,,,,,,,,,,,,,,,,TN,,,,,,,,,,
autoland,3646670,2,6311658df04f8b9dab1d842cf1ddc69e83bd8127,linux64-qr,,False,,,102210fe594ee9b33d82058545b1ed14f4c8206e,num_static_constructors,compiler_metrics,True,compiler_metrics num_static_constructors opt valgrind,,77,,,449461252.0,1852682975,2024-03-04 19:15:00,116.0,448248e26dbfa090f403e00d747d72e8a8fe44d3,1386635,,,,,,,,,,,,,,,,,,,,,,,,,,,,,,,,,,,,,,,,,,,,,,,,,,TN,,,,,,,,,,
autoland,3646670,2,6311658df04f8b9dab1d842cf1ddc69e83bd8127,linux64-qr,,False,,,102210fe594ee9b33d82058545b1ed14f4c8206e,num_static_constructors,compiler_metrics,True,compiler_metrics num_static_constructors opt valgrind,,77,,,449471069.0,1852736683,2024-03-04 20:31:42,116.0,430bda8b01b3b00b083a0034de19b12b032caf6b,1386698,,,,,,,,,,,,,,,,,,,,,,,,,,,,,,,,,,,,,,,,,,,,,,,,,,TN,,,,,,,,,,
autoland,3646670,2,6311658df04f8b9dab1d842cf1ddc69e83bd8127,linux64-qr,,False,,,102210fe594ee9b33d82058545b1ed14f4c8206e,num_static_constructors,compiler_metrics,True,compiler_metrics num_static_constructors opt valgrind,,77,,,449479903.0,1852754190,2024-03-04 21:16:05,116.0,5b706eb2187070200b3eecb6d99a95e750c3266e,1386717,,,,,,,,,,,,,,,,,,,,,,,,,,,,,,,,,,,,,,,,,,,,,,,,,,TN,,,,,,,,,,
autoland,3646670,2,6311658df04f8b9dab1d842cf1ddc69e83bd8127,linux64-qr,,False,,,102210fe594ee9b33d82058545b1ed14f4c8206e,num_static_constructors,compiler_metrics,True,compiler_metrics num_static_constructors opt valgrind,,77,,,449516591.0,1852866959,2024-03-05 01:28:34,116.0,2b54764bcf2909b800951938d1f6fd47752c91b6,1386871,,,,,,,,,,,,,,,,,,,,,,,,,,,,,,,,,,,,,,,,,,,,,,,,,,TN,,,,,,,,,,
autoland,3646670,2,6311658df04f8b9dab1d842cf1ddc69e83bd8127,linux64-qr,,False,,,102210fe594ee9b33d82058545b1ed14f4c8206e,num_static_constructors,compiler_metrics,True,compiler_metrics num_static_constructors opt valgrind,,77,,,449539562.0,1852962574,2024-03-05 05:25:14,116.0,61bb37d1ba16985ef9e5cd99cd02912849f743a3,1386945,,,,,,,,,,,,,,,,,,,,,,,,,,,,,,,,,,,,,,,,,,,,,,,,,,TN,,,,,,,,,,
autoland,3646670,2,6311658df04f8b9dab1d842cf1ddc69e83bd8127,linux64-qr,,False,,,102210fe594ee9b33d82058545b1ed14f4c8206e,num_static_constructors,compiler_metrics,True,compiler_metrics num_static_constructors opt valgrind,,77,,,449559557.0,1853061512,2024-03-05 09:36:09,116.0,20859a1f25eb48ec31fdd24c0552b9fa83c5dcf2,1387072,,,,,,,,,,,,,,,,,,,,,,,,,,,,,,,,,,,,,,,,,,,,,,,,,,TN,,,,,,,,,,
autoland,3646670,2,6311658df04f8b9dab1d842cf1ddc69e83bd8127,linux64-qr,,False,,,102210fe594ee9b33d82058545b1ed14f4c8206e,num_static_constructors,compiler_metrics,True,compiler_metrics num_static_constructors opt valgrind,,77,,,449579908.0,1853137463,2024-03-05 11:43:18,116.0,300643546ea85a42a1f88a11595ebbb0b7157128,1387157,,,,,,,,,,,,,,,,,,,,,,,,,,,,,,,,,,,,,,,,,,,,,,,,,,TN,,,,,,,,,,
autoland,3646670,2,6311658df04f8b9dab1d842cf1ddc69e83bd8127,linux64-qr,,False,,,102210fe594ee9b33d82058545b1ed14f4c8206e,num_static_constructors,compiler_metrics,True,compiler_metrics num_static_constructors opt valgrind,,77,,,449603990.0,1853196752,2024-03-05 13:51:40,116.0,f842e559422478115a52b4f74444a3be2cacbcbb,1387230,,,,,,,,,,,,,,,,,,,,,,,,,,,,,,,,,,,,,,,,,,,,,,,,,,TN,,,,,,,,,,
autoland,3646670,2,6311658df04f8b9dab1d842cf1ddc69e83bd8127,linux64-qr,,False,,,102210fe594ee9b33d82058545b1ed14f4c8206e,num_static_constructors,compiler_metrics,True,compiler_metrics num_static_constructors opt valgrind,,77,,,449614482.0,1853225807,2024-03-05 15:52:09,116.0,adf17fc47c84c0fa237aecff550ba42344a5c629,1387348,,,,,,,,,,,,,,,,,,,,,,,,,,,,,,,,,,,,,,,,,,,,,,,,,,TN,,,,,,,,,,
autoland,3646670,2,6311658df04f8b9dab1d842cf1ddc69e83bd8127,linux64-qr,,False,,,102210fe594ee9b33d82058545b1ed14f4c8206e,num_static_constructors,compiler_metrics,True,compiler_metrics num_static_constructors opt valgrind,,77,,,449632580.0,1853294269,2024-03-05 18:26:50,116.0,de3ca4aeb98b3416fd0e2903907e557b71362c13,1387489,,,,,,,,,,,,,,,,,,,,,,,,,,,,,,,,,,,,,,,,,,,,,,,,,,TN,,,,,,,,,,
autoland,3646670,2,6311658df04f8b9dab1d842cf1ddc69e83bd8127,linux64-qr,,False,,,102210fe594ee9b33d82058545b1ed14f4c8206e,num_static_constructors,compiler_metrics,True,compiler_metrics num_static_constructors opt valgrind,,77,,,449645786.0,1853329598,2024-03-05 19:23:59,116.0,c13ff57ddd8d6b9f971a631b45c6da97b3c14fb9,1387560,,,,,,,,,,,,,,,,,,,,,,,,,,,,,,,,,,,,,,,,,,,,,,,,,,TN,,,,,,,,,,
autoland,3646670,2,6311658df04f8b9dab1d842cf1ddc69e83bd8127,linux64-qr,,False,,,102210fe594ee9b33d82058545b1ed14f4c8206e,num_static_constructors,compiler_metrics,True,compiler_metrics num_static_constructors opt valgrind,,77,,,449665065.0,1853370750,2024-03-05 20:59:25,116.0,a867027cdde6428134cd8b80ccdfc433e7f6485c,1387633,,,,,,,,,,,,,,,,,,,,,,,,,,,,,,,,,,,,,,,,,,,,,,,,,,TN,,,,,,,,,,
autoland,3646670,2,6311658df04f8b9dab1d842cf1ddc69e83bd8127,linux64-qr,,False,,,102210fe594ee9b33d82058545b1ed14f4c8206e,num_static_constructors,compiler_metrics,True,compiler_metrics num_static_constructors opt valgrind,,77,,,449669506.0,1853390844,2024-03-05 22:16:54,116.0,099f52f30c39008328dfbc02ff824310e082a8da,1387647,,,,,,,,,,,,,,,,,,,,,,,,,,,,,,,,,,,,,,,,,,,,,,,,,,TN,,,,,,,,,,
autoland,3646670,2,6311658df04f8b9dab1d842cf1ddc69e83bd8127,linux64-qr,,False,,,102210fe594ee9b33d82058545b1ed14f4c8206e,num_static_constructors,compiler_metrics,True,compiler_metrics num_static_constructors opt valgrind,,77,,,449687885.0,1853458785,2024-03-06 00:34:10,117.0,ad694926aa451a86fcdc3a83a7bc49da3f66caa0,1387822,,,,,,,,,,,,,,,,,,,,,,,,,,,,,,,,,,,,,,,,,,,,,,,,,,TN,,,,,,,,,,
autoland,3646670,2,6311658df04f8b9dab1d842cf1ddc69e83bd8127,linux64-qr,,False,,,102210fe594ee9b33d82058545b1ed14f4c8206e,num_static_constructors,compiler_metrics,True,compiler_metrics num_static_constructors opt valgrind,,77,,,449700016.0,1853486468,2024-03-06 02:53:23,117.0,488c772c72746cdfbf99e927acee696c4d6a5aef,1387831,,,,,,,,,,,,,,,,,,,,,,,,,,,,,,,,,,,,,,,,,,,,,,,,,,TN,,,,,,,,,,
autoland,3646670,2,6311658df04f8b9dab1d842cf1ddc69e83bd8127,linux64-qr,,False,,,102210fe594ee9b33d82058545b1ed14f4c8206e,num_static_constructors,compiler_metrics,True,compiler_metrics num_static_constructors opt valgrind,,77,,,449741451.0,1853732564,2024-03-06 11:19:10,116.0,ef3fdc0aff0bd69c10f34c49f7927139364a24ce,1388047,,,,,,,,,,,,,,,,,,,,,,,,,,,,,,,,,,,,,,,,,,,,,,,,,,TN,,,,,,,,,,
autoland,3646670,2,6311658df04f8b9dab1d842cf1ddc69e83bd8127,linux64-qr,,False,,,102210fe594ee9b33d82058545b1ed14f4c8206e,num_static_constructors,compiler_metrics,True,compiler_metrics num_static_constructors opt valgrind,,77,,,449771823.0,1853805927,2024-03-06 14:00:28,116.0,143c3925806ed35200c2a71e650e7e74f58520a7,1388157,,,,,,,,,,,,,,,,,,,,,,,,,,,,,,,,,,,,,,,,,,,,,,,,,,TN,,,,,,,,,,
autoland,3646670,2,6311658df04f8b9dab1d842cf1ddc69e83bd8127,linux64-qr,,False,,,102210fe594ee9b33d82058545b1ed14f4c8206e,num_static_constructors,compiler_metrics,True,compiler_metrics num_static_constructors opt valgrind,,77,,,449800357.0,1853869825,2024-03-06 16:15:16,116.0,80c146334cd815908f83c30a8b660e50cb63e210,1388272,,,,,,,,,,,,,,,,,,,,,,,,,,,,,,,,,,,,,,,,,,,,,,,,,,TN,,,,,,,,,,
autoland,3646670,2,6311658df04f8b9dab1d842cf1ddc69e83bd8127,linux64-qr,,False,,,102210fe594ee9b33d82058545b1ed14f4c8206e,num_static_constructors,compiler_metrics,True,compiler_metrics num_static_constructors opt valgrind,,77,,,449808869.0,1853917617,2024-03-06 18:03:03,116.0,03e6d6ff8bde56b645cfbc34dee452ff375ff3ca,1388329,,,,,,,,,,,,,,,,,,,,,,,,,,,,,,,,,,,,,,,,,,,,,,,,,,TN,,,,,,,,,,
autoland,3646670,2,6311658df04f8b9dab1d842cf1ddc69e83bd8127,linux64-qr,,False,,,102210fe594ee9b33d82058545b1ed14f4c8206e,num_static_constructors,compiler_metrics,True,compiler_metrics num_static_constructors opt valgrind,,77,,,449809274.0,1853917126,2024-03-06 18:05:41,116.0,f408182c4687f0490084c35cc766e637d0bdfd0f,1388333,,,,,,,,,,,,,,,,,,,,,,,,,,,,,,,,,,,,,,,,,,,,,,,,,,TN,,,,,,,,,,
autoland,3646670,2,6311658df04f8b9dab1d842cf1ddc69e83bd8127,linux64-qr,,False,,,102210fe594ee9b33d82058545b1ed14f4c8206e,num_static_constructors,compiler_metrics,True,compiler_metrics num_static_constructors opt valgrind,,77,,,449820715.0,1853943110,2024-03-06 19:12:15,116.0,34815ceebcd7431f4e5730eb227705e1f1afd44f,1388444,,,,,,,,,,,,,,,,,,,,,,,,,,,,,,,,,,,,,,,,,,,,,,,,,,TN,,,,,,,,,,
autoland,3646670,2,6311658df04f8b9dab1d842cf1ddc69e83bd8127,linux64-qr,,False,,,102210fe594ee9b33d82058545b1ed14f4c8206e,num_static_constructors,compiler_metrics,True,compiler_metrics num_static_constructors opt valgrind,,77,,,449831960.0,1854004272,2024-03-06 20:32:27,116.0,cbcc69d30489c534df28a444097bd87fcf8d8352,1388530,,,,,,,,,,,,,,,,,,,,,,,,,,,,,,,,,,,,,,,,,,,,,,,,,,TN,,,,,,,,,,
autoland,3646670,2,6311658df04f8b9dab1d842cf1ddc69e83bd8127,linux64-qr,,False,,,102210fe594ee9b33d82058545b1ed14f4c8206e,num_static_constructors,compiler_metrics,True,compiler_metrics num_static_constructors opt valgrind,,77,,,449842570.0,1854047232,2024-03-06 21:30:42,116.0,3b36c0f64b814633bc1e680e1aafcce0f2e448c4,1388586,,,,,,,,,,,,,,,,,,,,,,,,,,,,,,,,,,,,,,,,,,,,,,,,,,TN,,,,,,,,,,
autoland,3646670,2,6311658df04f8b9dab1d842cf1ddc69e83bd8127,linux64-qr,,False,,,102210fe594ee9b33d82058545b1ed14f4c8206e,num_static_constructors,compiler_metrics,True,compiler_metrics num_static_constructors opt valgrind,,77,,,449854711.0,1854104542,2024-03-06 22:58:04,116.0,98eadcb9210580189dd1cb9eb2cad1362b0c2835,1388664,,,,,,,,,,,,,,,,,,,,,,,,,,,,,,,,,,,,,,,,,,,,,,,,,,TN,,,,,,,,,,
autoland,3646670,2,6311658df04f8b9dab1d842cf1ddc69e83bd8127,linux64-qr,,False,,,102210fe594ee9b33d82058545b1ed14f4c8206e,num_static_constructors,compiler_metrics,True,compiler_metrics num_static_constructors opt valgrind,,77,,,449881343.0,1854185900,2024-03-07 01:46:01,116.0,5156f24f97bfe6856fcaa2338b49a785ee4bf0c8,1388785,,,,,,,,,,,,,,,,,,,,,,,,,,,,,,,,,,,,,,,,,,,,,,,,,,TN,,,,,,,,,,
autoland,3646670,2,6311658df04f8b9dab1d842cf1ddc69e83bd8127,linux64-qr,,False,,,102210fe594ee9b33d82058545b1ed14f4c8206e,num_static_constructors,compiler_metrics,True,compiler_metrics num_static_constructors opt valgrind,,77,,,449887239.0,1854215756,2024-03-07 03:21:51,116.0,62ed755b7c5e2b357e66b4f19a5419c685e87a47,1388820,,,,,,,,,,,,,,,,,,,,,,,,,,,,,,,,,,,,,,,,,,,,,,,,,,TN,,,,,,,,,,
autoland,3646670,2,6311658df04f8b9dab1d842cf1ddc69e83bd8127,linux64-qr,,False,,,102210fe594ee9b33d82058545b1ed14f4c8206e,num_static_constructors,compiler_metrics,True,compiler_metrics num_static_constructors opt valgrind,,77,,,449896953.0,1854324566,2024-03-07 06:37:03,116.0,d48a42b340b69771d9dc99ddf1303d3f88ae9165,1388849,,,,,,,,,,,,,,,,,,,,,,,,,,,,,,,,,,,,,,,,,,,,,,,,,,TN,,,,,,,,,,
autoland,3646670,2,6311658df04f8b9dab1d842cf1ddc69e83bd8127,linux64-qr,,False,,,102210fe594ee9b33d82058545b1ed14f4c8206e,num_static_constructors,compiler_metrics,True,compiler_metrics num_static_constructors opt valgrind,,77,,,449907160.0,1854382885,2024-03-07 10:18:27,116.0,5e941e9079ec9c59ff07079511ce200262764b45,1388871,,,,,,,,,,,,,,,,,,,,,,,,,,,,,,,,,,,,,,,,,,,,,,,,,,TN,,,,,,,,,,
autoland,3646670,2,6311658df04f8b9dab1d842cf1ddc69e83bd8127,linux64-qr,,False,,,102210fe594ee9b33d82058545b1ed14f4c8206e,num_static_constructors,compiler_metrics,True,compiler_metrics num_static_constructors opt valgrind,,77,,,449908746.0,1854387530,2024-03-07 10:49:51,116.0,cfe658475285f9b5c867bcbd191d2e1332df885e,1388876,,,,,,,,,,,,,,,,,,,,,,,,,,,,,,,,,,,,,,,,,,,,,,,,,,TN,,,,,,,,,,
autoland,3646670,2,6311658df04f8b9dab1d842cf1ddc69e83bd8127,linux64-qr,,False,,,102210fe594ee9b33d82058545b1ed14f4c8206e,num_static_constructors,compiler_metrics,True,compiler_metrics num_static_constructors opt valgrind,,77,,,449925267.0,1854450758,2024-03-07 13:27:03,116.0,0027da61966ddaf727a4c543b4541d0e175cb354,1388885,,,,,,,,,,,,,,,,,,,,,,,,,,,,,,,,,,,,,,,,,,,,,,,,,,TN,,,,,,,,,,
autoland,3646670,2,6311658df04f8b9dab1d842cf1ddc69e83bd8127,linux64-qr,,False,,,102210fe594ee9b33d82058545b1ed14f4c8206e,num_static_constructors,compiler_metrics,True,compiler_metrics num_static_constructors opt valgrind,,77,,,449930791.0,1854473004,2024-03-07 13:27:03,116.0,0027da61966ddaf727a4c543b4541d0e175cb354,1388885,,,,,,,,,,,,,,,,,,,,,,,,,,,,,,,,,,,,,,,,,,,,,,,,,,TN,,,,,,,,,,
autoland,3646670,2,6311658df04f8b9dab1d842cf1ddc69e83bd8127,linux64-qr,,False,,,102210fe594ee9b33d82058545b1ed14f4c8206e,num_static_constructors,compiler_metrics,True,compiler_metrics num_static_constructors opt valgrind,,77,,,449936640.0,1854507811,2024-03-07 15:21:39,116.0,013ba6428db7ae41167c46310f1a0d77b3106e54,1388906,,,,,,,,,,,,,,,,,,,,,,,,,,,,,,,,,,,,,,,,,,,,,,,,,,TN,,,,,,,,,,
autoland,3646670,2,6311658df04f8b9dab1d842cf1ddc69e83bd8127,linux64-qr,,False,,,102210fe594ee9b33d82058545b1ed14f4c8206e,num_static_constructors,compiler_metrics,True,compiler_metrics num_static_constructors opt valgrind,,77,,,449952970.0,1854562238,2024-03-07 17:52:49,116.0,a6417e10e864f144a71bcf347b5823ded609f862,1389030,,,,,,,,,,,,,,,,,,,,,,,,,,,,,,,,,,,,,,,,,,,,,,,,,,TN,,,,,,,,,,
autoland,3646670,2,6311658df04f8b9dab1d842cf1ddc69e83bd8127,linux64-qr,,False,,,102210fe594ee9b33d82058545b1ed14f4c8206e,num_static_constructors,compiler_metrics,True,compiler_metrics num_static_constructors opt valgrind,,77,,,449966257.0,1854621589,2024-03-07 20:11:01,116.0,c9b3f598aa024ffbe096094ee8845222b7483c50,1389147,,,,,,,,,,,,,,,,,,,,,,,,,,,,,,,,,,,,,,,,,,,,,,,,,,TN,,,,,,,,,,
autoland,3646670,2,6311658df04f8b9dab1d842cf1ddc69e83bd8127,linux64-qr,,False,,,102210fe594ee9b33d82058545b1ed14f4c8206e,num_static_constructors,compiler_metrics,True,compiler_metrics num_static_constructors opt valgrind,,77,,,449979804.0,1854693004,2024-03-07 22:18:25,116.0,58b2d4019b72d7d6300dd13d66c65b338ef96a15,1389268,,,,,,,,,,,,,,,,,,,,,,,,,,,,,,,,,,,,,,,,,,,,,,,,,,TN,,,,,,,,,,
autoland,3646670,2,6311658df04f8b9dab1d842cf1ddc69e83bd8127,linux64-qr,,False,,,102210fe594ee9b33d82058545b1ed14f4c8206e,num_static_constructors,compiler_metrics,True,compiler_metrics num_static_constructors opt valgrind,,77,,,449995529.0,1854757400,2024-03-08 00:14:27,116.0,f9c5e71ad2de0632a1d833b02eb16cd13e4eabc1,1389377,,,,,,,,,,,,,,,,,,,,,,,,,,,,,,,,,,,,,,,,,,,,,,,,,,TN,,,,,,,,,,
autoland,3646670,2,6311658df04f8b9dab1d842cf1ddc69e83bd8127,linux64-qr,,False,,,102210fe594ee9b33d82058545b1ed14f4c8206e,num_static_constructors,compiler_metrics,True,compiler_metrics num_static_constructors opt valgrind,,77,,,450003699.0,1854783388,2024-03-08 01:03:56,116.0,ac5529a784bdd0522e58c4bcdb3293674601ac52,1389404,,,,,,,,,,,,,,,,,,,,,,,,,,,,,,,,,,,,,,,,,,,,,,,,,,TN,,,,,,,,,,
autoland,3646670,2,6311658df04f8b9dab1d842cf1ddc69e83bd8127,linux64-qr,,False,,,102210fe594ee9b33d82058545b1ed14f4c8206e,num_static_constructors,compiler_metrics,True,compiler_metrics num_static_constructors opt valgrind,,77,,,450033427.0,1854960210,2024-03-08 08:07:08,116.0,f61047c33e3e32ff7ed2a785b019ef49c785dad6,1389580,,,,,,,,,,,,,,,,,,,,,,,,,,,,,,,,,,,,,,,,,,,,,,,,,,TN,,,,,,,,,,
autoland,3646670,2,6311658df04f8b9dab1d842cf1ddc69e83bd8127,linux64-qr,,False,,,102210fe594ee9b33d82058545b1ed14f4c8206e,num_static_constructors,compiler_metrics,True,compiler_metrics num_static_constructors opt valgrind,,77,,,450037365.0,1854993672,2024-03-08 09:44:20,116.0,fe38c21e5d5ba7ab071d13411995b46f31d7862c,1389593,,,,,,,,,,,,,,,,,,,,,,,,,,,,,,,,,,,,,,,,,,,,,,,,,,TN,,,,,,,,,,
autoland,3646670,2,6311658df04f8b9dab1d842cf1ddc69e83bd8127,linux64-qr,,False,,,102210fe594ee9b33d82058545b1ed14f4c8206e,num_static_constructors,compiler_metrics,True,compiler_metrics num_static_constructors opt valgrind,,77,,,450052945.0,1855051318,2024-03-08 11:54:36,116.0,4eb67922b9780b6774aa6f2601e8b46e0c82d71f,1389605,,,,,,,,,,,,,,,,,,,,,,,,,,,,,,,,,,,,,,,,,,,,,,,,,,TN,,,,,,,,,,
autoland,3646670,2,6311658df04f8b9dab1d842cf1ddc69e83bd8127,linux64-qr,,False,,,102210fe594ee9b33d82058545b1ed14f4c8206e,num_static_constructors,compiler_metrics,True,compiler_metrics num_static_constructors opt valgrind,,77,,,450062732.0,1855076114,2024-03-08 13:47:55,116.0,e38d79679348570701c9c0b244b0d905b241b83b,1389613,,,,,,,,,,,,,,,,,,,,,,,,,,,,,,,,,,,,,,,,,,,,,,,,,,TN,,,,,,,,,,
autoland,3646670,2,6311658df04f8b9dab1d842cf1ddc69e83bd8127,linux64-qr,,False,,,102210fe594ee9b33d82058545b1ed14f4c8206e,num_static_constructors,compiler_metrics,True,compiler_metrics num_static_constructors opt valgrind,,77,,,450077809.0,1855137053,2024-03-08 15:54:44,116.0,c306d54c8963e4dda4426d48bf41774947f5138d,1389685,,,,,,,,,,,,,,,,,,,,,,,,,,,,,,,,,,,,,,,,,,,,,,,,,,TN,,,,,,,,,,
autoland,3646670,2,6311658df04f8b9dab1d842cf1ddc69e83bd8127,linux64-qr,,False,,,102210fe594ee9b33d82058545b1ed14f4c8206e,num_static_constructors,compiler_metrics,True,compiler_metrics num_static_constructors opt valgrind,,77,,,450102510.0,1855234520,2024-03-08 18:38:40,116.0,cfa01ef1b9d8119a1ee278ec69a343696869e47d,1389834,,,,,,,,,,,,,,,,,,,,,,,,,,,,,,,,,,,,,,,,,,,,,,,,,,TN,,,,,,,,,,
autoland,3646670,2,6311658df04f8b9dab1d842cf1ddc69e83bd8127,linux64-qr,,False,,,102210fe594ee9b33d82058545b1ed14f4c8206e,num_static_constructors,compiler_metrics,True,compiler_metrics num_static_constructors opt valgrind,,77,,,450118345.0,1855320651,2024-03-08 21:31:44,116.0,18fc50d449a586d08eb39b5d947abd836ded0177,1390010,,,,,,,,,,,,,,,,,,,,,,,,,,,,,,,,,,,,,,,,,,,,,,,,,,TN,,,,,,,,,,
autoland,3646670,2,6311658df04f8b9dab1d842cf1ddc69e83bd8127,linux64-qr,,False,,,102210fe594ee9b33d82058545b1ed14f4c8206e,num_static_constructors,compiler_metrics,True,compiler_metrics num_static_constructors opt valgrind,,77,,,450134367.0,1855396122,2024-03-09 00:01:41,116.0,e40628b4cd80f3469e6fb5836c1e513e3e058225,1390115,,,,,,,,,,,,,,,,,,,,,,,,,,,,,,,,,,,,,,,,,,,,,,,,,,TN,,,,,,,,,,
autoland,3646670,2,6311658df04f8b9dab1d842cf1ddc69e83bd8127,linux64-qr,,False,,,102210fe594ee9b33d82058545b1ed14f4c8206e,num_static_constructors,compiler_metrics,True,compiler_metrics num_static_constructors opt valgrind,,77,,,450134262.0,1855395959,2024-03-09 00:02:45,116.0,4d67ec80ce46b924295e599b81d0db0071664eca,1390116,,,,,,,,,,,,,,,,,,,,,,,,,,,,,,,,,,,,,,,,,,,,,,,,,,TN,,,,,,,,,,
autoland,3646670,2,6311658df04f8b9dab1d842cf1ddc69e83bd8127,linux64-qr,,False,,,102210fe594ee9b33d82058545b1ed14f4c8206e,num_static_constructors,compiler_metrics,True,compiler_metrics num_static_constructors opt valgrind,,77,,,450134575.0,1855397161,2024-03-09 00:03:40,116.0,fb2eeb44f22026d0a1c7b18f8cb0786169300c1b,1390117,,,,,,,,,,,,,,,,,,,,,,,,,,,,,,,,,,,,,,,,,,,,,,,,,,TN,,,,,,,,,,
autoland,3646670,2,6311658df04f8b9dab1d842cf1ddc69e83bd8127,linux64-qr,,False,,,102210fe594ee9b33d82058545b1ed14f4c8206e,num_static_constructors,compiler_metrics,True,compiler_metrics num_static_constructors opt valgrind,,77,,,450156739.0,1855500632,2024-03-09 05:38:15,116.0,efb6c465b7de5cb34b029bb51e5b445952bdd9b2,1390162,,,,,,,,,,,,,,,,,,,,,,,,,,,,,,,,,,,,,,,,,,,,,,,,,,TN,,,,,,,,,,
autoland,3646670,2,6311658df04f8b9dab1d842cf1ddc69e83bd8127,linux64-qr,,False,,,102210fe594ee9b33d82058545b1ed14f4c8206e,num_static_constructors,compiler_metrics,True,compiler_metrics num_static_constructors opt valgrind,,77,,,450174605.0,1855556823,2024-03-09 10:41:02,116.0,1d530888568c2a44fc30d9b6567ab6195f238cb2,1390188,,,,,,,,,,,,,,,,,,,,,,,,,,,,,,,,,,,,,,,,,,,,,,,,,,TN,,,,,,,,,,
autoland,3646670,2,6311658df04f8b9dab1d842cf1ddc69e83bd8127,linux64-qr,,False,,,102210fe594ee9b33d82058545b1ed14f4c8206e,num_static_constructors,compiler_metrics,True,compiler_metrics num_static_constructors opt valgrind,,77,,,450197256.0,1855621596,2024-03-09 15:33:05,116.0,10af6b2ff03bd7512d53f3ed02f7e83dba7c57ba,1390221,,,,,,,,,,,,,,,,,,,,,,,,,,,,,,,,,,,,,,,,,,,,,,,,,,TN,,,,,,,,,,
autoland,3646670,2,6311658df04f8b9dab1d842cf1ddc69e83bd8127,linux64-qr,,False,,,102210fe594ee9b33d82058545b1ed14f4c8206e,num_static_constructors,compiler_metrics,True,compiler_metrics num_static_constructors opt valgrind,,77,,,450210483.0,1855661221,2024-03-09 20:59:44,116.0,9768cd53e66eef4a715150196cfa1138f7edf7ba,1390244,,,,,,,,,,,,,,,,,,,,,,,,,,,,,,,,,,,,,,,,,,,,,,,,,,TN,,,,,,,,,,
autoland,3646670,2,6311658df04f8b9dab1d842cf1ddc69e83bd8127,linux64-qr,,False,,,102210fe594ee9b33d82058545b1ed14f4c8206e,num_static_constructors,compiler_metrics,True,compiler_metrics num_static_constructors opt valgrind,,77,,,450250135.0,1855793372,2024-03-10 13:59:13,116.0,f8edec6de8b50f0f6809208600e5c8ab87dd12d4,1390283,,,,,,,,,,,,,,,,,,,,,,,,,,,,,,,,,,,,,,,,,,,,,,,,,,TN,,,,,,,,,,
autoland,3646670,2,6311658df04f8b9dab1d842cf1ddc69e83bd8127,linux64-qr,,False,,,102210fe594ee9b33d82058545b1ed14f4c8206e,num_static_constructors,compiler_metrics,True,compiler_metrics num_static_constructors opt valgrind,,77,,,450255540.0,1855817559,2024-03-10 18:05:45,116.0,059c20bed3da7a717ee144e4c2339499009d7c44,1390298,,,,,,,,,,,,,,,,,,,,,,,,,,,,,,,,,,,,,,,,,,,,,,,,,,TN,,,,,,,,,,
autoland,3646670,2,6311658df04f8b9dab1d842cf1ddc69e83bd8127,linux64-qr,,False,,,102210fe594ee9b33d82058545b1ed14f4c8206e,num_static_constructors,compiler_metrics,True,compiler_metrics num_static_constructors opt valgrind,,77,,,450275993.0,1855916301,2024-03-11 02:48:56,116.0,0f63ab5624960b1aa464bb2e3bd76c6cd196f186,1390365,,,,,,,,,,,,,,,,,,,,,,,,,,,,,,,,,,,,,,,,,,,,,,,,,,TN,,,,,,,,,,
autoland,3646670,2,6311658df04f8b9dab1d842cf1ddc69e83bd8127,linux64-qr,,False,,,102210fe594ee9b33d82058545b1ed14f4c8206e,num_static_constructors,compiler_metrics,True,compiler_metrics num_static_constructors opt valgrind,,77,,,450285460.0,1855967033,2024-03-11 09:18:44,116.0,343e945a502ea35f40687ffca3eab7543522fe79,1390442,,,,,,,,,,,,,,,,,,,,,,,,,,,,,,,,,,,,,,,,,,,,,,,,,,TN,,,,,,,,,,
autoland,3646670,2,6311658df04f8b9dab1d842cf1ddc69e83bd8127,linux64-qr,,False,,,102210fe594ee9b33d82058545b1ed14f4c8206e,num_static_constructors,compiler_metrics,True,compiler_metrics num_static_constructors opt valgrind,,77,,,450293266.0,1855992621,2024-03-11 09:18:44,116.0,343e945a502ea35f40687ffca3eab7543522fe79,1390442,,,,,,,,,,,,,,,,,,,,,,,,,,,,,,,,,,,,,,,,,,,,,,,,,,TN,,,,,,,,,,
autoland,3646670,2,6311658df04f8b9dab1d842cf1ddc69e83bd8127,linux64-qr,,False,,,102210fe594ee9b33d82058545b1ed14f4c8206e,num_static_constructors,compiler_metrics,True,compiler_metrics num_static_constructors opt valgrind,,77,,,450309706.0,1856064451,2024-03-11 12:32:27,116.0,856a612ce3d555ad6ec378bc99e74accba55c54a,1390498,,,,,,,,,,,,,,,,,,,,,,,,,,,,,,,,,,,,,,,,,,,,,,,,,,TN,,,,,,,,,,
autoland,3646670,2,6311658df04f8b9dab1d842cf1ddc69e83bd8127,linux64-qr,,False,,,102210fe594ee9b33d82058545b1ed14f4c8206e,num_static_constructors,compiler_metrics,True,compiler_metrics num_static_constructors opt valgrind,,77,,,450314810.0,1856077290,2024-03-11 13:24:20,116.0,23b4081496822ae44a0f120f8429c0c57a864325,1390505,,,,,,,,,,,,,,,,,,,,,,,,,,,,,,,,,,,,,,,,,,,,,,,,,,TN,,,,,,,,,,
autoland,3646670,2,6311658df04f8b9dab1d842cf1ddc69e83bd8127,linux64-qr,,False,,,102210fe594ee9b33d82058545b1ed14f4c8206e,num_static_constructors,compiler_metrics,True,compiler_metrics num_static_constructors opt valgrind,,77,,,450321373.0,1856110540,2024-03-11 14:23:46,116.0,ec25d27f83b73ab4fbd93c737d29b732042c2139,1390552,,,,,,,,,,,,,,,,,,,,,,,,,,,,,,,,,,,,,,,,,,,,,,,,,,TN,,,,,,,,,,
autoland,3646670,2,6311658df04f8b9dab1d842cf1ddc69e83bd8127,linux64-qr,,False,,,102210fe594ee9b33d82058545b1ed14f4c8206e,num_static_constructors,compiler_metrics,True,compiler_metrics num_static_constructors opt valgrind,,77,,,450335224.0,1856155230,2024-03-11 15:37:45,115.0,af98632053e3c61136faf0a81e7a44c832813159,1390632,,,,,,,,,,,,,,,,,,,,,,,,,,,,,,,,,,,,,,,,,,,,,,,,,,TN,,,,,,,,,,
autoland,3646670,2,6311658df04f8b9dab1d842cf1ddc69e83bd8127,linux64-qr,,False,,,102210fe594ee9b33d82058545b1ed14f4c8206e,num_static_constructors,compiler_metrics,True,compiler_metrics num_static_constructors opt valgrind,,77,,,450350250.0,1856223727,2024-03-11 18:03:14,115.0,b5f646ecf7f3ca586020974d36c3f4c4fca4a3a3,1390747,,,,,,,,,,,,,,,,,,,,,,,,,,,,,,,,,,,,,,,,,,,,,,,,,,TN,,,,,,,,,,
autoland,3646670,2,6311658df04f8b9dab1d842cf1ddc69e83bd8127,linux64-qr,,False,,,102210fe594ee9b33d82058545b1ed14f4c8206e,num_static_constructors,compiler_metrics,True,compiler_metrics num_static_constructors opt valgrind,,77,,,450356450.0,1856255654,2024-03-11 18:45:55,115.0,1c5001e4717cd2400565fb6605dc38afca4af34e,1390787,,,,,,,,,,,,,,,,,,,,,,,,,,,,,,,,,,,,,,,,,,,,,,,,,,TN,,,,,,,,,,
autoland,3646670,2,6311658df04f8b9dab1d842cf1ddc69e83bd8127,linux64-qr,,False,,,102210fe594ee9b33d82058545b1ed14f4c8206e,num_static_constructors,compiler_metrics,True,compiler_metrics num_static_constructors opt valgrind,,77,,,450364573.0,1856281525,2024-03-11 19:41:42,115.0,4984afdb79c55a76ef741d1667378c296f74240f,1390851,,,,,,,,,,,,,,,,,,,,,,,,,,,,,,,,,,,,,,,,,,,,,,,,,,TN,,,,,,,,,,
autoland,3646670,2,6311658df04f8b9dab1d842cf1ddc69e83bd8127,linux64-qr,,False,,,102210fe594ee9b33d82058545b1ed14f4c8206e,num_static_constructors,compiler_metrics,True,compiler_metrics num_static_constructors opt valgrind,,77,,,450379393.0,1856301315,2024-03-11 20:20:29,115.0,55b47fcee2399175ebe863c3d72306f3ce0a720d,1390898,,,,,,,,,,,,,,,,,,,,,,,,,,,,,,,,,,,,,,,,,,,,,,,,,,TN,,,,,,,,,,
autoland,3646670,2,6311658df04f8b9dab1d842cf1ddc69e83bd8127,linux64-qr,,False,,,102210fe594ee9b33d82058545b1ed14f4c8206e,num_static_constructors,compiler_metrics,True,compiler_metrics num_static_constructors opt valgrind,,77,,,450408231.0,1856397782,2024-03-11 23:58:33,115.0,1617e8ac8baa2ca174474119dac687a8dd58db4d,1391098,,,,,,,,,,,,,,,,,,,,,,,,,,,,,,,,,,,,,,,,,,,,,,,,,,TN,,,,,,,,,,
autoland,3646670,2,6311658df04f8b9dab1d842cf1ddc69e83bd8127,linux64-qr,,False,,,102210fe594ee9b33d82058545b1ed14f4c8206e,num_static_constructors,compiler_metrics,True,compiler_metrics num_static_constructors opt valgrind,,77,,,450419479.0,1856426966,2024-03-12 03:06:47,115.0,5dbe89396d7f52d57c4a21457fcf95d4e1ae24c3,1391174,,,,,,,,,,,,,,,,,,,,,,,,,,,,,,,,,,,,,,,,,,,,,,,,,,TN,,,,,,,,,,
autoland,3646670,2,6311658df04f8b9dab1d842cf1ddc69e83bd8127,linux64-qr,,False,,,102210fe594ee9b33d82058545b1ed14f4c8206e,num_static_constructors,compiler_metrics,True,compiler_metrics num_static_constructors opt valgrind,,77,,,450429078.0,1856499155,2024-03-12 07:06:36,115.0,45bdb06ed9f6ae6b675b169c0b4dbd488363098d,1391218,,,,,,,,,,,,,,,,,,,,,,,,,,,,,,,,,,,,,,,,,,,,,,,,,,TN,,,,,,,,,,
autoland,3646670,2,6311658df04f8b9dab1d842cf1ddc69e83bd8127,linux64-qr,,False,,,102210fe594ee9b33d82058545b1ed14f4c8206e,num_static_constructors,compiler_metrics,True,compiler_metrics num_static_constructors opt valgrind,,77,,,450441341.0,1856580154,2024-03-12 11:26:19,115.0,8c1e5f6bca5a8f2ab2297cff5c736e61d3a3bd27,1391230,,,,,,,,,,,,,,,,,,,,,,,,,,,,,,,,,,,,,,,,,,,,,,,,,,TN,,,,,,,,,,
autoland,3646670,2,6311658df04f8b9dab1d842cf1ddc69e83bd8127,linux64-qr,,False,,,102210fe594ee9b33d82058545b1ed14f4c8206e,num_static_constructors,compiler_metrics,True,compiler_metrics num_static_constructors opt valgrind,,77,,,450464367.0,1856641363,2024-03-12 13:22:53,115.0,cb573aad3d1312cfdfcfc8729b698de071a571d8,1391296,,,,,,,,,,,,,,,,,,,,,,,,,,,,,,,,,,,,,,,,,,,,,,,,,,TN,,,,,,,,,,
autoland,3646670,2,6311658df04f8b9dab1d842cf1ddc69e83bd8127,linux64-qr,,False,,,102210fe594ee9b33d82058545b1ed14f4c8206e,num_static_constructors,compiler_metrics,True,compiler_metrics num_static_constructors opt valgrind,,77,,,450478313.0,1856684258,2024-03-12 14:58:20,115.0,c93ce7649d8d7d874130caed9005d92be916b10e,1391396,,,,,,,,,,,,,,,,,,,,,,,,,,,,,,,,,,,,,,,,,,,,,,,,,,TN,,,,,,,,,,
autoland,3646670,2,6311658df04f8b9dab1d842cf1ddc69e83bd8127,linux64-qr,,False,,,102210fe594ee9b33d82058545b1ed14f4c8206e,num_static_constructors,compiler_metrics,True,compiler_metrics num_static_constructors opt valgrind,,77,,,450488119.0,1856703491,2024-03-12 14:58:20,115.0,c93ce7649d8d7d874130caed9005d92be916b10e,1391396,,,,,,,,,,,,,,,,,,,,,,,,,,,,,,,,,,,,,,,,,,,,,,,,,,TN,,,,,,,,,,
autoland,3646670,2,6311658df04f8b9dab1d842cf1ddc69e83bd8127,linux64-qr,,False,,,102210fe594ee9b33d82058545b1ed14f4c8206e,num_static_constructors,compiler_metrics,True,compiler_metrics num_static_constructors opt valgrind,,77,,,450494705.0,1856722396,2024-03-12 17:17:17,115.0,6b99c1c567b4980e32be17070dc0ef8e639013d9,1391545,,,,,,,,,,,,,,,,,,,,,,,,,,,,,,,,,,,,,,,,,,,,,,,,,,TN,,,,,,,,,,
autoland,3646670,2,6311658df04f8b9dab1d842cf1ddc69e83bd8127,linux64-qr,,False,,,102210fe594ee9b33d82058545b1ed14f4c8206e,num_static_constructors,compiler_metrics,True,compiler_metrics num_static_constructors opt valgrind,,77,,,450502552.0,1856765897,2024-03-12 19:37:06,115.0,d91b0606279d7c22a0119cdc8061cdeffe233787,1391673,,,,,,,,,,,,,,,,,,,,,,,,,,,,,,,,,,,,,,,,,,,,,,,,,,TN,,,,,,,,,,
autoland,3646670,2,6311658df04f8b9dab1d842cf1ddc69e83bd8127,linux64-qr,,False,,,102210fe594ee9b33d82058545b1ed14f4c8206e,num_static_constructors,compiler_metrics,True,compiler_metrics num_static_constructors opt valgrind,,77,,,450509489.0,1856786374,2024-03-12 20:36:05,115.0,6c98f67296b0705dd5dd1d7561a7a067ef01a79a,1391740,,,,,,,,,,,,,,,,,,,,,,,,,,,,,,,,,,,,,,,,,,,,,,,,,,TN,,,,,,,,,,
autoland,3646670,2,6311658df04f8b9dab1d842cf1ddc69e83bd8127,linux64-qr,,False,,,102210fe594ee9b33d82058545b1ed14f4c8206e,num_static_constructors,compiler_metrics,True,compiler_metrics num_static_constructors opt valgrind,,77,,,450535544.0,1856899725,2024-03-12 23:13:34,116.0,bb96cef2989d78eaa9d2485bb379b29449a815b2,1391824,,,,,,,,,,,,,,,,,,,,,,,,,,,,,,,,,,,,,,,,,,,,,,,,,,TN,,,,,,,,,,
autoland,3646670,2,6311658df04f8b9dab1d842cf1ddc69e83bd8127,linux64-qr,,False,,,102210fe594ee9b33d82058545b1ed14f4c8206e,num_static_constructors,compiler_metrics,True,compiler_metrics num_static_constructors opt valgrind,,77,,,450573102.0,1857028636,2024-03-13 07:01:16,116.0,2dfb9f01e06f190da79fb195ea51dac2be58dde7,1392060,,,,,,,,,,,,,,,,,,,,,,,,,,,,,,,,,,,,,,,,,,,,,,,,,,TN,,,,,,,,,,
autoland,3646670,2,6311658df04f8b9dab1d842cf1ddc69e83bd8127,linux64-qr,,False,,,102210fe594ee9b33d82058545b1ed14f4c8206e,num_static_constructors,compiler_metrics,True,compiler_metrics num_static_constructors opt valgrind,,77,,,450593946.0,1857194631,2024-03-13 11:15:45,115.0,ae0da9180abdc1990832791041b323e05082f6f8,1392165,,,,,,,,,,,,,,,,,,,,,,,,,,,,,,,,,,,,,,,,,,,,,,,,,,TN,,,,,,,,,,
autoland,3646670,2,6311658df04f8b9dab1d842cf1ddc69e83bd8127,linux64-qr,,False,,,102210fe594ee9b33d82058545b1ed14f4c8206e,num_static_constructors,compiler_metrics,True,compiler_metrics num_static_constructors opt valgrind,,77,,,450619582.0,1857284329,2024-03-13 14:06:33,115.0,5cc06d811c845cebdefab7c4ece9d9ba3b8d6ca5,1392259,,,,,,,,,,,,,,,,,,,,,,,,,,,,,,,,,,,,,,,,,,,,,,,,,,TN,,,,,,,,,,
autoland,3646670,2,6311658df04f8b9dab1d842cf1ddc69e83bd8127,linux64-qr,,False,,,102210fe594ee9b33d82058545b1ed14f4c8206e,num_static_constructors,compiler_metrics,True,compiler_metrics num_static_constructors opt valgrind,,77,,,450624052.0,1857309777,2024-03-13 15:23:46,115.0,49e9b26b528b94a9db43d4b65112add1268f64fc,1392302,,,,,,,,,,,,,,,,,,,,,,,,,,,,,,,,,,,,,,,,,,,,,,,,,,TN,,,,,,,,,,
autoland,3646670,2,6311658df04f8b9dab1d842cf1ddc69e83bd8127,linux64-qr,,False,,,102210fe594ee9b33d82058545b1ed14f4c8206e,num_static_constructors,compiler_metrics,True,compiler_metrics num_static_constructors opt valgrind,,77,,,450625182.0,1857309661,2024-03-13 15:33:19,115.0,35c5c892ca1e96f731d20bc6edd310a5d4e13bad,1392307,,,,,,,,,,,,,,,,,,,,,,,,,,,,,,,,,,,,,,,,,,,,,,,,,,TN,,,,,,,,,,
autoland,3646670,2,6311658df04f8b9dab1d842cf1ddc69e83bd8127,linux64-qr,,False,,,102210fe594ee9b33d82058545b1ed14f4c8206e,num_static_constructors,compiler_metrics,True,compiler_metrics num_static_constructors opt valgrind,,77,,,450641152.0,1857349204,2024-03-13 17:12:21,115.0,296c08d645c9ae6431a240a7ca3ff037343f21ea,1392398,,,,,,,,,,,,,,,,,,,,,,,,,,,,,,,,,,,,,,,,,,,,,,,,,,TN,,,,,,,,,,
autoland,3646670,2,6311658df04f8b9dab1d842cf1ddc69e83bd8127,linux64-qr,,False,,,102210fe594ee9b33d82058545b1ed14f4c8206e,num_static_constructors,compiler_metrics,True,compiler_metrics num_static_constructors opt valgrind,,77,,,450657076.0,1857437705,2024-03-13 19:51:52,115.0,7afa472a8cac8d854d0d9c68a3c18a590978fffe,1392525,,,,,,,,,,,,,,,,,,,,,,,,,,,,,,,,,,,,,,,,,,,,,,,,,,TN,,,,,,,,,,
autoland,3646670,2,6311658df04f8b9dab1d842cf1ddc69e83bd8127,linux64-qr,,False,,,102210fe594ee9b33d82058545b1ed14f4c8206e,num_static_constructors,compiler_metrics,True,compiler_metrics num_static_constructors opt valgrind,,77,,,450673887.0,1857540983,2024-03-13 23:03:51,116.0,8ad1f3c4526f255be193416137681428c2fb3132,1392639,,,,,,,,,,,,,,,,,,,,,,,,,,,,,,,,,,,,,,,,,,,,,,,,,,TN,,,,,,,,,,
autoland,3646670,2,6311658df04f8b9dab1d842cf1ddc69e83bd8127,linux64-qr,,False,,,102210fe594ee9b33d82058545b1ed14f4c8206e,num_static_constructors,compiler_metrics,True,compiler_metrics num_static_constructors opt valgrind,,77,,,450697582.0,1857636905,2024-03-14 04:20:25,116.0,2333872b0f5028fa1f0e9236440fe58df07a0235,1392734,,,,,,,,,,,,,,,,,,,,,,,,,,,,,,,,,,,,,,,,,,,,,,,,,,TN,,,,,,,,,,
autoland,3646670,2,6311658df04f8b9dab1d842cf1ddc69e83bd8127,linux64-qr,,False,,,102210fe594ee9b33d82058545b1ed14f4c8206e,num_static_constructors,compiler_metrics,True,compiler_metrics num_static_constructors opt valgrind,,77,,,450713383.0,1857683095,2024-03-14 06:52:21,116.0,0c82ff77321a85c36f1c5b27c99d25bad8603028,1392758,,,,,,,,,,,,,,,,,,,,,,,,,,,,,,,,,,,,,,,,,,,,,,,,,,TN,,,,,,,,,,
autoland,3646670,2,6311658df04f8b9dab1d842cf1ddc69e83bd8127,linux64-qr,,False,,,102210fe594ee9b33d82058545b1ed14f4c8206e,num_static_constructors,compiler_metrics,True,compiler_metrics num_static_constructors opt valgrind,,77,,,450733850.0,1857770347,2024-03-14 10:22:37,116.0,fd4d0d5abfa4e61ff33651e0039ff6259564e8b9,1392864,,,,,,,,,,,,,,,,,,,,,,,,,,,,,,,,,,,,,,,,,,,,,,,,,,TN,,,,,,,,,,
autoland,3646670,2,6311658df04f8b9dab1d842cf1ddc69e83bd8127,linux64-qr,,False,,,102210fe594ee9b33d82058545b1ed14f4c8206e,num_static_constructors,compiler_metrics,True,compiler_metrics num_static_constructors opt valgrind,,77,,,450739688.0,1857794269,2024-03-14 10:59:46,116.0,1f30bd08be619a6ea06444a2a6e36123f7baad65,1392883,,,,,,,,,,,,,,,,,,,,,,,,,,,,,,,,,,,,,,,,,,,,,,,,,,TN,,,,,,,,,,
autoland,3646670,2,6311658df04f8b9dab1d842cf1ddc69e83bd8127,linux64-qr,,False,,,102210fe594ee9b33d82058545b1ed14f4c8206e,num_static_constructors,compiler_metrics,True,compiler_metrics num_static_constructors opt valgrind,,77,,,450764097.0,1857889244,2024-03-14 14:04:30,116.0,00d7f0e95970baefacab200daf3486ddd862cb0f,1392964,,,,,,,,,,,,,,,,,,,,,,,,,,,,,,,,,,,,,,,,,,,,,,,,,,TN,,,,,,,,,,
autoland,3646670,2,6311658df04f8b9dab1d842cf1ddc69e83bd8127,linux64-qr,,False,,,102210fe594ee9b33d82058545b1ed14f4c8206e,num_static_constructors,compiler_metrics,True,compiler_metrics num_static_constructors opt valgrind,,77,,,450777536.0,1857926049,2024-03-14 15:40:01,116.0,60a6ed6de4aee86649aea9d7b89a3ccbea947ca8,1393058,,,,,,,,,,,,,,,,,,,,,,,,,,,,,,,,,,,,,,,,,,,,,,,,,,TN,,,,,,,,,,
autoland,3646670,2,6311658df04f8b9dab1d842cf1ddc69e83bd8127,linux64-qr,,False,,,102210fe594ee9b33d82058545b1ed14f4c8206e,num_static_constructors,compiler_metrics,True,compiler_metrics num_static_constructors opt valgrind,,77,,,450791808.0,1857973515,2024-03-14 17:45:33,116.0,e0d1a1dbfd5c36a2527b566ff831a989ca5ae5f5,1393195,,,,,,,,,,,,,,,,,,,,,,,,,,,,,,,,,,,,,,,,,,,,,,,,,,TN,,,,,,,,,,
autoland,3646670,2,6311658df04f8b9dab1d842cf1ddc69e83bd8127,linux64-qr,,False,,,102210fe594ee9b33d82058545b1ed14f4c8206e,num_static_constructors,compiler_metrics,True,compiler_metrics num_static_constructors opt valgrind,,77,,,450810885.0,1858052603,2024-03-14 20:46:30,116.0,65df374506551b71fd3759cdb913ccc38d3900ea,1393291,,,,,,,,,,,,,,,,,,,,,,,,,,,,,,,,,,,,,,,,,,,,,,,,,,TN,,,,,,,,,,
autoland,3646670,2,6311658df04f8b9dab1d842cf1ddc69e83bd8127,linux64-qr,,False,,,102210fe594ee9b33d82058545b1ed14f4c8206e,num_static_constructors,compiler_metrics,True,compiler_metrics num_static_constructors opt valgrind,,77,,,450816135.0,1858068693,2024-03-14 21:51:03,116.0,278273f1c1fdca23ad419f0bd277a616aa240d1e,1393332,,,,,,,,,,,,,,,,,,,,,,,,,,,,,,,,,,,,,,,,,,,,,,,,,,TN,,,,,,,,,,
autoland,3646670,2,6311658df04f8b9dab1d842cf1ddc69e83bd8127,linux64-qr,,False,,,102210fe594ee9b33d82058545b1ed14f4c8206e,num_static_constructors,compiler_metrics,True,compiler_metrics num_static_constructors opt valgrind,,77,,,450828660.0,1858121893,2024-03-15 00:00:33,116.0,e18af9ec05f36a6f63a2e3889d5bc27f11be4267,1393414,,,,,,,,,,,,,,,,,,,,,,,,,,,,,,,,,,,,,,,,,,,,,,,,,,TN,,,,,,,,,,
autoland,3646670,2,6311658df04f8b9dab1d842cf1ddc69e83bd8127,linux64-qr,,False,,,102210fe594ee9b33d82058545b1ed14f4c8206e,num_static_constructors,compiler_metrics,True,compiler_metrics num_static_constructors opt valgrind,,77,,,450839836.0,1858153012,2024-03-15 00:55:56,116.0,96bb1ab83924052f45e5967593fb27ba2a5f8a90,1393444,,,,,,,,,,,,,,,,,,,,,,,,,,,,,,,,,,,,,,,,,,,,,,,,,,TN,,,,,,,,,,
autoland,3646670,2,6311658df04f8b9dab1d842cf1ddc69e83bd8127,linux64-qr,,False,,,102210fe594ee9b33d82058545b1ed14f4c8206e,num_static_constructors,compiler_metrics,True,compiler_metrics num_static_constructors opt valgrind,,77,,,450855518.0,1858314119,2024-03-15 06:02:39,116.0,0eb2b661743e4b5d2ed6cf61116bc5ade9da405b,1393511,,,,,,,,,,,,,,,,,,,,,,,,,,,,,,,,,,,,,,,,,,,,,,,,,,TN,,,,,,,,,,
autoland,3646670,2,6311658df04f8b9dab1d842cf1ddc69e83bd8127,linux64-qr,,False,,,102210fe594ee9b33d82058545b1ed14f4c8206e,num_static_constructors,compiler_metrics,True,compiler_metrics num_static_constructors opt valgrind,,77,,,450869659.0,1858419854,2024-03-15 09:39:32,116.0,02d8b0bd788352c236ca20d0163498e5ee3faa07,1393552,,,,,,,,,,,,,,,,,,,,,,,,,,,,,,,,,,,,,,,,,,,,,,,,,,TN,,,,,,,,,,
autoland,3646670,2,6311658df04f8b9dab1d842cf1ddc69e83bd8127,linux64-qr,,False,,,102210fe594ee9b33d82058545b1ed14f4c8206e,num_static_constructors,compiler_metrics,True,compiler_metrics num_static_constructors opt valgrind,,77,,,450896885.0,1858521730,2024-03-15 13:35:29,116.0,d36f60fb0e0c6dd7a814e67804a9f5a1b70e3ed0,1393626,,,,,,,,,,,,,,,,,,,,,,,,,,,,,,,,,,,,,,,,,,,,,,,,,,TN,,,,,,,,,,
autoland,3646670,2,6311658df04f8b9dab1d842cf1ddc69e83bd8127,linux64-qr,,False,,,102210fe594ee9b33d82058545b1ed14f4c8206e,num_static_constructors,compiler_metrics,True,compiler_metrics num_static_constructors opt valgrind,,77,,,450899363.0,1858534680,2024-03-15 14:14:34,116.0,4b69d32113781e4489234ce2c9cf8f5b5dcbce5a,1393636,,,,,,,,,,,,,,,,,,,,,,,,,,,,,,,,,,,,,,,,,,,,,,,,,,TN,,,,,,,,,,
autoland,3646670,2,6311658df04f8b9dab1d842cf1ddc69e83bd8127,linux64-qr,,False,,,102210fe594ee9b33d82058545b1ed14f4c8206e,num_static_constructors,compiler_metrics,True,compiler_metrics num_static_constructors opt valgrind,,77,,,450910728.0,1858581709,2024-03-15 16:14:11,116.0,eff5ebeb21a902d6ed24f356b4a4b41e89ff1172,1393715,,,,,,,,,,,,,,,,,,,,,,,,,,,,,,,,,,,,,,,,,,,,,,,,,,TN,,,,,,,,,,
autoland,3646670,2,6311658df04f8b9dab1d842cf1ddc69e83bd8127,linux64-qr,,False,,,102210fe594ee9b33d82058545b1ed14f4c8206e,num_static_constructors,compiler_metrics,True,compiler_metrics num_static_constructors opt valgrind,,77,,,450942105.0,1858690298,2024-03-15 19:49:16,116.0,99d56fa2d2bb92ba11da96e8fc44d385dbf1e50b,1393881,,,,,,,,,,,,,,,,,,,,,,,,,,,,,,,,,,,,,,,,,,,,,,,,,,TN,,,,,,,,,,
autoland,3646670,2,6311658df04f8b9dab1d842cf1ddc69e83bd8127,linux64-qr,,False,,,102210fe594ee9b33d82058545b1ed14f4c8206e,num_static_constructors,compiler_metrics,True,compiler_metrics num_static_constructors opt valgrind,,77,,,450944846.0,1858706115,2024-03-15 20:55:49,116.0,f4367b1826eb51a4bbcde0cd6ae1a5b1644115d0,1393941,,,,,,,,,,,,,,,,,,,,,,,,,,,,,,,,,,,,,,,,,,,,,,,,,,TN,,,,,,,,,,
autoland,3646670,2,6311658df04f8b9dab1d842cf1ddc69e83bd8127,linux64-qr,,False,,,102210fe594ee9b33d82058545b1ed14f4c8206e,num_static_constructors,compiler_metrics,True,compiler_metrics num_static_constructors opt valgrind,,77,,,450970451.0,1858810656,2024-03-16 01:29:19,116.0,bbe046e25d1447071e399f377b669bbe9cbf3bf3,1394036,,,,,,,,,,,,,,,,,,,,,,,,,,,,,,,,,,,,,,,,,,,,,,,,,,TN,,,,,,,,,,
autoland,3646670,2,6311658df04f8b9dab1d842cf1ddc69e83bd8127,linux64-qr,,False,,,102210fe594ee9b33d82058545b1ed14f4c8206e,num_static_constructors,compiler_metrics,True,compiler_metrics num_static_constructors opt valgrind,,77,,,450977449.0,1858864522,2024-03-16 06:01:10,116.0,a7134d792577d5d0529bf81b769c32138f7bb0c0,1394058,,,,,,,,,,,,,,,,,,,,,,,,,,,,,,,,,,,,,,,,,,,,,,,,,,TN,,,,,,,,,,
autoland,3646670,2,6311658df04f8b9dab1d842cf1ddc69e83bd8127,linux64-qr,,False,,,102210fe594ee9b33d82058545b1ed14f4c8206e,num_static_constructors,compiler_metrics,True,compiler_metrics num_static_constructors opt valgrind,,77,,,451008736.0,1858983425,2024-03-16 15:16:53,116.0,a65344e02551e44aca46a84016a3a07cce9d23e6,1394103,,,,,,,,,,,,,,,,,,,,,,,,,,,,,,,,,,,,,,,,,,,,,,,,,,TN,,,,,,,,,,
autoland,3646670,2,6311658df04f8b9dab1d842cf1ddc69e83bd8127,linux64-qr,,False,,,102210fe594ee9b33d82058545b1ed14f4c8206e,num_static_constructors,compiler_metrics,True,compiler_metrics num_static_constructors opt valgrind,,77,,,451014962.0,1858991340,2024-03-16 15:16:53,116.0,a65344e02551e44aca46a84016a3a07cce9d23e6,1394103,,,,,,,,,,,,,,,,,,,,,,,,,,,,,,,,,,,,,,,,,,,,,,,,,,TN,,,,,,,,,,
autoland,3646670,2,6311658df04f8b9dab1d842cf1ddc69e83bd8127,linux64-qr,,False,,,102210fe594ee9b33d82058545b1ed14f4c8206e,num_static_constructors,compiler_metrics,True,compiler_metrics num_static_constructors opt valgrind,,77,,,451014963.0,1858991474,2024-03-16 15:16:53,116.0,a65344e02551e44aca46a84016a3a07cce9d23e6,1394103,,,,,,,,,,,,,,,,,,,,,,,,,,,,,,,,,,,,,,,,,,,,,,,,,,TN,,,,,,,,,,
autoland,3646670,2,6311658df04f8b9dab1d842cf1ddc69e83bd8127,linux64-qr,,False,,,102210fe594ee9b33d82058545b1ed14f4c8206e,num_static_constructors,compiler_metrics,True,compiler_metrics num_static_constructors opt valgrind,,77,,,451014964.0,1858991509,2024-03-16 15:16:53,116.0,a65344e02551e44aca46a84016a3a07cce9d23e6,1394103,,,,,,,,,,,,,,,,,,,,,,,,,,,,,,,,,,,,,,,,,,,,,,,,,,TN,,,,,,,,,,
autoland,3646670,2,6311658df04f8b9dab1d842cf1ddc69e83bd8127,linux64-qr,,False,,,102210fe594ee9b33d82058545b1ed14f4c8206e,num_static_constructors,compiler_metrics,True,compiler_metrics num_static_constructors opt valgrind,,77,,,451018227.0,1859033384,2024-03-16 21:40:10,116.0,bc06944d050ccff5aed2248b83d51d946814e90d,1394130,,,,,,,,,,,,,,,,,,,,,,,,,,,,,,,,,,,,,,,,,,,,,,,,,,TN,,,,,,,,,,
autoland,3646670,2,6311658df04f8b9dab1d842cf1ddc69e83bd8127,linux64-qr,,False,,,102210fe594ee9b33d82058545b1ed14f4c8206e,num_static_constructors,compiler_metrics,True,compiler_metrics num_static_constructors opt valgrind,,77,,,451038261.0,1859120118,2024-03-17 07:03:06,116.0,7ef716435af3dee46482a893f4a3b29a4d3faafe,1394146,,,,,,,,,,,,,,,,,,,,,,,,,,,,,,,,,,,,,,,,,,,,,,,,,,TN,,,,,,,,,,
autoland,3646670,2,6311658df04f8b9dab1d842cf1ddc69e83bd8127,linux64-qr,,False,,,102210fe594ee9b33d82058545b1ed14f4c8206e,num_static_constructors,compiler_metrics,True,compiler_metrics num_static_constructors opt valgrind,,77,,,451045723.0,1859145628,2024-03-17 13:56:17,116.0,47d63b18299914bf2eecdeb64fe8df0a52605aec,1394162,,,,,,,,,,,,,,,,,,,,,,,,,,,,,,,,,,,,,,,,,,,,,,,,,,TN,,,,,,,,,,
autoland,3646670,2,6311658df04f8b9dab1d842cf1ddc69e83bd8127,linux64-qr,,False,,,102210fe594ee9b33d82058545b1ed14f4c8206e,num_static_constructors,compiler_metrics,True,compiler_metrics num_static_constructors opt valgrind,,77,,,451052345.0,1859174832,2024-03-17 19:02:19,116.0,164fcac77feead59372521b0072049f25a4c9692,1394171,,,,,,,,,,,,,,,,,,,,,,,,,,,,,,,,,,,,,,,,,,,,,,,,,,TN,,,,,,,,,,
autoland,3646670,2,6311658df04f8b9dab1d842cf1ddc69e83bd8127,linux64-qr,,False,,,102210fe594ee9b33d82058545b1ed14f4c8206e,num_static_constructors,compiler_metrics,True,compiler_metrics num_static_constructors opt valgrind,,77,,,451056380.0,1859200680,2024-03-17 21:32:48,116.0,488c57bb8ceed6da3f0be935156a480cdb92bc32,1394177,,,,,,,,,,,,,,,,,,,,,,,,,,,,,,,,,,,,,,,,,,,,,,,,,,TN,,,,,,,,,,
autoland,3646670,2,6311658df04f8b9dab1d842cf1ddc69e83bd8127,linux64-qr,,False,,,102210fe594ee9b33d82058545b1ed14f4c8206e,num_static_constructors,compiler_metrics,True,compiler_metrics num_static_constructors opt valgrind,,77,,,451075937.0,1859305479,2024-03-18 01:14:25,116.0,469d4a744966c133ae480dc66643d47b77aa3209,1394186,,,,,,,,,,,,,,,,,,,,,,,,,,,,,,,,,,,,,,,,,,,,,,,,,,TN,,,,,,,,,,
autoland,3646670,2,6311658df04f8b9dab1d842cf1ddc69e83bd8127,linux64-qr,,False,,,102210fe594ee9b33d82058545b1ed14f4c8206e,num_static_constructors,compiler_metrics,True,compiler_metrics num_static_constructors opt valgrind,,77,,,451078820.0,1859375089,2024-03-18 07:02:14,116.0,9ae71156ef3c731f44e2af8d1d9c34b7eb7c6c9b,1394207,,,,,,,,,,,,,,,,,,,,,,,,,,,,,,,,,,,,,,,,,,,,,,,,,,TN,,,,,,,,,,
autoland,3646670,2,6311658df04f8b9dab1d842cf1ddc69e83bd8127,linux64-qr,,False,,,102210fe594ee9b33d82058545b1ed14f4c8206e,num_static_constructors,compiler_metrics,True,compiler_metrics num_static_constructors opt valgrind,,77,,,451088491.0,1859412588,2024-03-18 09:15:45,116.0,d3946837037d31a7b6f83b1977e57c4ea384c904,1394248,,,,,,,,,,,,,,,,,,,,,,,,,,,,,,,,,,,,,,,,,,,,,,,,,,TN,,,,,,,,,,
autoland,3646670,2,6311658df04f8b9dab1d842cf1ddc69e83bd8127,linux64-qr,,False,,,102210fe594ee9b33d82058545b1ed14f4c8206e,num_static_constructors,compiler_metrics,True,compiler_metrics num_static_constructors opt valgrind,,77,,,451102886.0,1859481235,2024-03-18 11:20:34,116.0,6c172ec3a6db9476919ca139cdcc821cc369d6ac,1394327,,,,,,,,,,,,,,,,,,,,,,,,,,,,,,,,,,,,,,,,,,,,,,,,,,TN,,,,,,,,,,
autoland,3646670,2,6311658df04f8b9dab1d842cf1ddc69e83bd8127,linux64-qr,,False,,,102210fe594ee9b33d82058545b1ed14f4c8206e,num_static_constructors,compiler_metrics,True,compiler_metrics num_static_constructors opt valgrind,,77,,,451122053.0,1859575121,2024-03-18 16:13:31,116.0,9a84c7a992c26cd844507c8b4a7215e1aa1dd56e,1394426,,,,,,,,,,,,,,,,,,,,,,,,,,,,,,,,,,,,,,,,,,,,,,,,,,TN,,,,,,,,,,
autoland,3646670,2,6311658df04f8b9dab1d842cf1ddc69e83bd8127,linux64-qr,,False,,,102210fe594ee9b33d82058545b1ed14f4c8206e,num_static_constructors,compiler_metrics,True,compiler_metrics num_static_constructors opt valgrind,,77,,,451150971.0,1859666056,2024-03-18 17:45:54,116.0,ab4a4d632bcfcdcb0f37c6791a75467e73c47795,1394460,,,,,,,,,,,,,,,,,,,,,,,,,,,,,,,,,,,,,,,,,,,,,,,,,,TN,,,,,,,,,,
autoland,3646670,2,6311658df04f8b9dab1d842cf1ddc69e83bd8127,linux64-qr,,False,,,102210fe594ee9b33d82058545b1ed14f4c8206e,num_static_constructors,compiler_metrics,True,compiler_metrics num_static_constructors opt valgrind,,77,,,451173953.0,1859771445,2024-03-18 20:20:59,116.0,3d0c771e9c28d7bad460e8683406e4a832de5d93,1394525,,,,,,,,,,,,,,,,,,,,,,,,,,,,,,,,,,,,,,,,,,,,,,,,,,TN,,,,,,,,,,
autoland,3646670,2,6311658df04f8b9dab1d842cf1ddc69e83bd8127,linux64-qr,,False,,,102210fe594ee9b33d82058545b1ed14f4c8206e,num_static_constructors,compiler_metrics,True,compiler_metrics num_static_constructors opt valgrind,,77,,,451206104.0,1859914244,2024-03-19 01:00:45,116.0,0febedb51783638cc944e4b495547ccfedb4c43f,1394573,,,,,,,,,,,,,,,,,,,,,,,,,,,,,,,,,,,,,,,,,,,,,,,,,,TN,,,,,,,,,,
autoland,3646670,2,6311658df04f8b9dab1d842cf1ddc69e83bd8127,linux64-qr,,False,,,102210fe594ee9b33d82058545b1ed14f4c8206e,num_static_constructors,compiler_metrics,True,compiler_metrics num_static_constructors opt valgrind,,77,,,451216983.0,1859933203,2024-03-19 02:14:48,116.0,bbe9914bc4cd42b5498599854f309ef38e9b1ff4,1394587,,,,,,,,,,,,,,,,,,,,,,,,,,,,,,,,,,,,,,,,,,,,,,,,,,TN,,,,,,,,,,
autoland,3646670,2,6311658df04f8b9dab1d842cf1ddc69e83bd8127,linux64-qr,,False,,,102210fe594ee9b33d82058545b1ed14f4c8206e,num_static_constructors,compiler_metrics,True,compiler_metrics num_static_constructors opt valgrind,,77,,,451217504.0,1859942838,2024-03-19 02:26:21,116.0,16ddc2d8ba870a73f3a200338e1400a51d2299c1,1394599,,,,,,,,,,,,,,,,,,,,,,,,,,,,,,,,,,,,,,,,,,,,,,,,,,TN,,,,,,,,,,
autoland,3646670,2,6311658df04f8b9dab1d842cf1ddc69e83bd8127,linux64-qr,,False,,,102210fe594ee9b33d82058545b1ed14f4c8206e,num_static_constructors,compiler_metrics,True,compiler_metrics num_static_constructors opt valgrind,,77,,,451226010.0,1859995328,2024-03-19 05:30:41,116.0,a1428617e87a31280ec3e538848d0030b46588e8,1394619,,,,,,,,,,,,,,,,,,,,,,,,,,,,,,,,,,,,,,,,,,,,,,,,,,TN,,,,,,,,,,
autoland,3646670,2,6311658df04f8b9dab1d842cf1ddc69e83bd8127,linux64-qr,,False,,,102210fe594ee9b33d82058545b1ed14f4c8206e,num_static_constructors,compiler_metrics,True,compiler_metrics num_static_constructors opt valgrind,,77,,,451228021.0,1860005355,2024-03-19 06:03:35,116.0,0fbe242e1d975dcdea4df1bc8187bd9ecfe80291,1394632,,,,,,,,,,,,,,,,,,,,,,,,,,,,,,,,,,,,,,,,,,,,,,,,,,TN,,,,,,,,,,
autoland,3646670,2,6311658df04f8b9dab1d842cf1ddc69e83bd8127,linux64-qr,,False,,,102210fe594ee9b33d82058545b1ed14f4c8206e,num_static_constructors,compiler_metrics,True,compiler_metrics num_static_constructors opt valgrind,,77,,,451234774.0,1860020767,2024-03-19 06:46:03,116.0,5684a44a2c2ce7ccb727c718d397c02e0d2d141e,1394643,,,,,,,,,,,,,,,,,,,,,,,,,,,,,,,,,,,,,,,,,,,,,,,,,,TN,,,,,,,,,,
autoland,3646670,2,6311658df04f8b9dab1d842cf1ddc69e83bd8127,linux64-qr,,False,,,102210fe594ee9b33d82058545b1ed14f4c8206e,num_static_constructors,compiler_metrics,True,compiler_metrics num_static_constructors opt valgrind,,77,,,451242116.0,1860052062,2024-03-19 08:17:39,116.0,bd45b4ccb1292ec35d0fb6c623cb70b62fecd87b,1394665,,,,,,,,,,,,,,,,,,,,,,,,,,,,,,,,,,,,,,,,,,,,,,,,,,TN,,,,,,,,,,
autoland,3646670,2,6311658df04f8b9dab1d842cf1ddc69e83bd8127,linux64-qr,,False,,,102210fe594ee9b33d82058545b1ed14f4c8206e,num_static_constructors,compiler_metrics,True,compiler_metrics num_static_constructors opt valgrind,,77,,,451262673.0,1860128963,2024-03-19 11:15:16,116.0,a4280d9d04d7841f3a7286d7cb6d9667ed276e03,1394711,,,,,,,,,,,,,,,,,,,,,,,,,,,,,,,,,,,,,,,,,,,,,,,,,,TN,,,,,,,,,,
autoland,3646670,2,6311658df04f8b9dab1d842cf1ddc69e83bd8127,linux64-qr,,False,,,102210fe594ee9b33d82058545b1ed14f4c8206e,num_static_constructors,compiler_metrics,True,compiler_metrics num_static_constructors opt valgrind,,77,,,451282418.0,1860184990,2024-03-19 12:29:38,116.0,288e23f5eef38193496f4b2e9f10613987eac27b,1394735,,,,,,,,,,,,,,,,,,,,,,,,,,,,,,,,,,,,,,,,,,,,,,,,,,TN,,,,,,,,,,
autoland,3646670,2,6311658df04f8b9dab1d842cf1ddc69e83bd8127,linux64-qr,,False,,,102210fe594ee9b33d82058545b1ed14f4c8206e,num_static_constructors,compiler_metrics,True,compiler_metrics num_static_constructors opt valgrind,,77,,,451293398.0,1860207828,2024-03-19 13:28:22,116.0,43d89580ba9c295f67bc3df94ba1aac23b435b63,1394763,,,,,,,,,,,,,,,,,,,,,,,,,,,,,,,,,,,,,,,,,,,,,,,,,,TN,,,,,,,,,,
autoland,3646670,2,6311658df04f8b9dab1d842cf1ddc69e83bd8127,linux64-qr,,False,,,102210fe594ee9b33d82058545b1ed14f4c8206e,num_static_constructors,compiler_metrics,True,compiler_metrics num_static_constructors opt valgrind,,77,,,451318642.0,1860302477,2024-03-19 15:33:57,116.0,dc2c79ec121bc45d80e22abc7b35f291f62d7386,1394830,,,,,,,,,,,,,,,,,,,,,,,,,,,,,,,,,,,,,,,,,,,,,,,,,,TN,,,,,,,,,,
autoland,3646670,2,6311658df04f8b9dab1d842cf1ddc69e83bd8127,linux64-qr,,False,,,102210fe594ee9b33d82058545b1ed14f4c8206e,num_static_constructors,compiler_metrics,True,compiler_metrics num_static_constructors opt valgrind,,77,,,451337610.0,1860368900,2024-03-19 17:03:22,116.0,3d4f500d317cd4c54e93299c01efed1c4354deb7,1394873,,,,,,,,,,,,,,,,,,,,,,,,,,,,,,,,,,,,,,,,,,,,,,,,,,TN,,,,,,,,,,
autoland,3646670,2,6311658df04f8b9dab1d842cf1ddc69e83bd8127,linux64-qr,,False,,,102210fe594ee9b33d82058545b1ed14f4c8206e,num_static_constructors,compiler_metrics,True,compiler_metrics num_static_constructors opt valgrind,,77,,,451340000.0,1860377260,2024-03-19 17:15:04,116.0,f635514491d2a8a5482389b5ac410a5744d6c4a9,1394888,,,,,,,,,,,,,,,,,,,,,,,,,,,,,,,,,,,,,,,,,,,,,,,,,,TN,,,,,,,,,,
autoland,3646670,2,6311658df04f8b9dab1d842cf1ddc69e83bd8127,linux64-qr,,False,,,102210fe594ee9b33d82058545b1ed14f4c8206e,num_static_constructors,compiler_metrics,True,compiler_metrics num_static_constructors opt valgrind,,77,,,451364215.0,1860467647,2024-03-19 19:48:40,116.0,7c0de707e2a448dd3846c81f12ee9bae3ebca9d3,1394945,,,,,,,,,,,,,,,,,,,,,,,,,,,,,,,,,,,,,,,,,,,,,,,,,,TN,,,,,,,,,,
autoland,3646670,2,6311658df04f8b9dab1d842cf1ddc69e83bd8127,linux64-qr,,False,,,102210fe594ee9b33d82058545b1ed14f4c8206e,num_static_constructors,compiler_metrics,True,compiler_metrics num_static_constructors opt valgrind,,77,,,451377018.0,1860528841,2024-03-19 21:37:57,116.0,c2431b636eb7439948076ffdc5870aef9667331e,1394974,,,,,,,,,,,,,,,,,,,,,,,,,,,,,,,,,,,,,,,,,,,,,,,,,,TN,,,,,,,,,,
autoland,3646670,2,6311658df04f8b9dab1d842cf1ddc69e83bd8127,linux64-qr,,False,,,102210fe594ee9b33d82058545b1ed14f4c8206e,num_static_constructors,compiler_metrics,True,compiler_metrics num_static_constructors opt valgrind,,77,,,451395657.0,1860614801,2024-03-20 00:04:56,116.0,25a7b6dcdd27704494317e01334be69707ff521f,1395012,,,,,,,,,,,,,,,,,,,,,,,,,,,,,,,,,,,,,,,,,,,,,,,,,,TN,,,,,,,,,,
autoland,3646670,2,6311658df04f8b9dab1d842cf1ddc69e83bd8127,linux64-qr,,False,,,102210fe594ee9b33d82058545b1ed14f4c8206e,num_static_constructors,compiler_metrics,True,compiler_metrics num_static_constructors opt valgrind,,77,,,451409890.0,1860655963,2024-03-20 02:26:54,116.0,4292b51bf30698770a79cb08bd95770de2353599,1395038,,,,,,,,,,,,,,,,,,,,,,,,,,,,,,,,,,,,,,,,,,,,,,,,,,TN,,,,,,,,,,
autoland,3646670,2,6311658df04f8b9dab1d842cf1ddc69e83bd8127,linux64-qr,,False,,,102210fe594ee9b33d82058545b1ed14f4c8206e,num_static_constructors,compiler_metrics,True,compiler_metrics num_static_constructors opt valgrind,,77,,,451423162.0,1860723701,2024-03-20 06:31:28,116.0,dbb1856b4f3345f0353d4ea33ed0f83a90420827,1395067,,,,,,,,,,,,,,,,,,,,,,,,,,,,,,,,,,,,,,,,,,,,,,,,,,TN,,,,,,,,,,
autoland,3646670,2,6311658df04f8b9dab1d842cf1ddc69e83bd8127,linux64-qr,,False,,,102210fe594ee9b33d82058545b1ed14f4c8206e,num_static_constructors,compiler_metrics,True,compiler_metrics num_static_constructors opt valgrind,,77,,,451438191.0,1860854293,2024-03-20 10:14:04,116.0,89f62e190e69ddb95685488010b5807b31491168,1395103,,,,,,,,,,,,,,,,,,,,,,,,,,,,,,,,,,,,,,,,,,,,,,,,,,TN,,,,,,,,,,
autoland,3646670,2,6311658df04f8b9dab1d842cf1ddc69e83bd8127,linux64-qr,,False,,,102210fe594ee9b33d82058545b1ed14f4c8206e,num_static_constructors,compiler_metrics,True,compiler_metrics num_static_constructors opt valgrind,,77,,,451477505.0,1860967137,2024-03-20 12:39:06,116.0,0ed193517cc122768f448a040e604ad1fc66ef23,1395151,,,,,,,,,,,,,,,,,,,,,,,,,,,,,,,,,,,,,,,,,,,,,,,,,,TN,,,,,,,,,,
autoland,3646670,2,6311658df04f8b9dab1d842cf1ddc69e83bd8127,linux64-qr,,False,,,102210fe594ee9b33d82058545b1ed14f4c8206e,num_static_constructors,compiler_metrics,True,compiler_metrics num_static_constructors opt valgrind,,77,,,451496421.0,1861003672,2024-03-20 14:37:05,116.0,533a3c2e587f7ea99fde847c499dbb77d1d7c623,1395197,,,,,,,,,,,,,,,,,,,,,,,,,,,,,,,,,,,,,,,,,,,,,,,,,,TN,,,,,,,,,,
autoland,3646670,2,6311658df04f8b9dab1d842cf1ddc69e83bd8127,linux64-qr,,False,,,102210fe594ee9b33d82058545b1ed14f4c8206e,num_static_constructors,compiler_metrics,True,compiler_metrics num_static_constructors opt valgrind,,77,,,451502984.0,1861017452,2024-03-20 15:01:26,116.0,49f6b516c694f8b513f25f9b215da350f43d13ad,1395216,,,,,,,,,,,,,,,,,,,,,,,,,,,,,,,,,,,,,,,,,,,,,,,,,,TN,,,,,,,,,,
autoland,3646670,2,6311658df04f8b9dab1d842cf1ddc69e83bd8127,linux64-qr,,False,,,102210fe594ee9b33d82058545b1ed14f4c8206e,num_static_constructors,compiler_metrics,True,compiler_metrics num_static_constructors opt valgrind,,77,,,451516990.0,1861073848,2024-03-20 16:49:51,117.0,44ee710d3a49501b5b000c7e0f6d2167c47ac041,1395254,,,,,,,,,,,,,,,,,,,,,,,,,,,,,,,,,,,,,,,,,,,,,,,,,,TN,,,,,,,,,,
autoland,3646670,2,6311658df04f8b9dab1d842cf1ddc69e83bd8127,linux64-qr,,False,,,102210fe594ee9b33d82058545b1ed14f4c8206e,num_static_constructors,compiler_metrics,True,compiler_metrics num_static_constructors opt valgrind,,77,,,451527514.0,1861116724,2024-03-20 18:00:41,116.0,931d7c9e5dead8f61bacc37fe8df093634a8ea0b,1395285,,,,,,,,,,,,,,,,,,,,,,,,,,,,,,,,,,,,,,,,,,,,,,,,,,TN,,,,,,,,,,
autoland,3646670,2,6311658df04f8b9dab1d842cf1ddc69e83bd8127,linux64-qr,,False,,,102210fe594ee9b33d82058545b1ed14f4c8206e,num_static_constructors,compiler_metrics,True,compiler_metrics num_static_constructors opt valgrind,,77,,,451547686.0,1861184783,2024-03-20 19:06:24,116.0,a54ceb09cf6c6289a4353feb9c3cb771a7651bd0,1395310,,,,,,,,,,,,,,,,,,,,,,,,,,,,,,,,,,,,,,,,,,,,,,,,,,TN,,,,,,,,,,
autoland,3646670,2,6311658df04f8b9dab1d842cf1ddc69e83bd8127,linux64-qr,,False,,,102210fe594ee9b33d82058545b1ed14f4c8206e,num_static_constructors,compiler_metrics,True,compiler_metrics num_static_constructors opt valgrind,,77,,,451549151.0,1861196213,2024-03-20 20:36:04,116.0,5eeb8f8bd97237f4bbfc090763175294fecc2a2c,1395344,,,,,,,,,,,,,,,,,,,,,,,,,,,,,,,,,,,,,,,,,,,,,,,,,,TN,,,,,,,,,,
autoland,3646670,2,6311658df04f8b9dab1d842cf1ddc69e83bd8127,linux64-qr,,False,,,102210fe594ee9b33d82058545b1ed14f4c8206e,num_static_constructors,compiler_metrics,True,compiler_metrics num_static_constructors opt valgrind,,77,,,451556628.0,1861266407,2024-03-20 21:30:57,117.0,7e65c2e3fa5893e80c6f6f8ef4deef5861f82edc,1395367,,,,,,,,,,,,,,,,,,,,,,,,,,,,,,,,,,,,,,,,,,,,,,,,,,TN,,,,,,,,,,
autoland,3646670,2,6311658df04f8b9dab1d842cf1ddc69e83bd8127,linux64-qr,,False,,,102210fe594ee9b33d82058545b1ed14f4c8206e,num_static_constructors,compiler_metrics,True,compiler_metrics num_static_constructors opt valgrind,,77,,,451583722.0,1861385661,2024-03-20 23:38:16,117.0,7bdff141ad24186f89a5466251daf5affc045661,1395404,,,,,,,,,,,,,,,,,,,,,,,,,,,,,,,,,,,,,,,,,,,,,,,,,,TN,,,,,,,,,,
autoland,3646670,2,6311658df04f8b9dab1d842cf1ddc69e83bd8127,linux64-qr,,False,,,102210fe594ee9b33d82058545b1ed14f4c8206e,num_static_constructors,compiler_metrics,True,compiler_metrics num_static_constructors opt valgrind,,77,,,451596595.0,1861430815,2024-03-21 02:02:41,117.0,cd39ad6d1934b2a8d659607d5fc0c1f88df011ba,1395495,,,,,,,,,,,,,,,,,,,,,,,,,,,,,,,,,,,,,,,,,,,,,,,,,,TN,,,,,,,,,,
autoland,3646670,2,6311658df04f8b9dab1d842cf1ddc69e83bd8127,linux64-qr,,False,,,102210fe594ee9b33d82058545b1ed14f4c8206e,num_static_constructors,compiler_metrics,True,compiler_metrics num_static_constructors opt valgrind,,77,,,451614722.0,1861493407,2024-03-21 06:23:30,117.0,ed7ada93d4ad18f5c9f613bf5ce8d5f89bdaa140,1395640,,,,,,,,,,,,,,,,,,,,,,,,,,,,,,,,,,,,,,,,,,,,,,,,,,TN,,,,,,,,,,
autoland,3646670,2,6311658df04f8b9dab1d842cf1ddc69e83bd8127,linux64-qr,,False,,,102210fe594ee9b33d82058545b1ed14f4c8206e,num_static_constructors,compiler_metrics,True,compiler_metrics num_static_constructors opt valgrind,,77,,,451623640.0,1861556525,2024-03-21 08:38:48,117.0,335ba8ea2f56243d2cb6a5bc7aa4d0d0f3c415c7,1395685,,,,,,,,,,,,,,,,,,,,,,,,,,,,,,,,,,,,,,,,,,,,,,,,,,TN,,,,,,,,,,
autoland,3646670,2,6311658df04f8b9dab1d842cf1ddc69e83bd8127,linux64-qr,,False,,,102210fe594ee9b33d82058545b1ed14f4c8206e,num_static_constructors,compiler_metrics,True,compiler_metrics num_static_constructors opt valgrind,,77,,,451654934.0,1861668621,2024-03-21 12:19:02,117.0,2d0a582672e6d0931937818815b9eecdd462463b,1395882,,,,,,,,,,,,,,,,,,,,,,,,,,,,,,,,,,,,,,,,,,,,,,,,,,TN,,,,,,,,,,
autoland,3646670,2,6311658df04f8b9dab1d842cf1ddc69e83bd8127,linux64-qr,,False,,,102210fe594ee9b33d82058545b1ed14f4c8206e,num_static_constructors,compiler_metrics,True,compiler_metrics num_static_constructors opt valgrind,,77,,,451658022.0,1861702088,2024-03-21 12:19:02,117.0,2d0a582672e6d0931937818815b9eecdd462463b,1395882,,,,,,,,,,,,,,,,,,,,,,,,,,,,,,,,,,,,,,,,,,,,,,,,,,TN,,,,,,,,,,
autoland,3646670,2,6311658df04f8b9dab1d842cf1ddc69e83bd8127,linux64-qr,,False,,,102210fe594ee9b33d82058545b1ed14f4c8206e,num_static_constructors,compiler_metrics,True,compiler_metrics num_static_constructors opt valgrind,,77,,,451658023.0,1861700341,2024-03-21 12:19:02,117.0,2d0a582672e6d0931937818815b9eecdd462463b,1395882,,,,,,,,,,,,,,,,,,,,,,,,,,,,,,,,,,,,,,,,,,,,,,,,,,TN,,,,,,,,,,
autoland,3646670,2,6311658df04f8b9dab1d842cf1ddc69e83bd8127,linux64-qr,,False,,,102210fe594ee9b33d82058545b1ed14f4c8206e,num_static_constructors,compiler_metrics,True,compiler_metrics num_static_constructors opt valgrind,,77,,,451658025.0,1861700107,2024-03-21 12:19:02,117.0,2d0a582672e6d0931937818815b9eecdd462463b,1395882,,,,,,,,,,,,,,,,,,,,,,,,,,,,,,,,,,,,,,,,,,,,,,,,,,TN,,,,,,,,,,
autoland,3646670,2,6311658df04f8b9dab1d842cf1ddc69e83bd8127,linux64-qr,,False,,,102210fe594ee9b33d82058545b1ed14f4c8206e,num_static_constructors,compiler_metrics,True,compiler_metrics num_static_constructors opt valgrind,,77,,,451667641.0,1861738962,2024-03-21 12:46:07,117.0,d90b4451e543266ae9d98982a92dafa311c75db6,1395897,,,,,,,,,,,,,,,,,,,,,,,,,,,,,,,,,,,,,,,,,,,,,,,,,,TN,,,,,,,,,,
autoland,3646670,2,6311658df04f8b9dab1d842cf1ddc69e83bd8127,linux64-qr,,False,,,102210fe594ee9b33d82058545b1ed14f4c8206e,num_static_constructors,compiler_metrics,True,compiler_metrics num_static_constructors opt valgrind,,77,,,451667510.0,1861738995,2024-03-21 13:53:06,117.0,dbfd6042b4d2b3a3b509b22f41276fdfdd6a17b0,1395978,,,,,,,,,,,,,,,,,,,,,,,,,,,,,,,,,,,,,,,,,,,,,,,,,,TN,,,,,,,,,,
autoland,3646670,2,6311658df04f8b9dab1d842cf1ddc69e83bd8127,linux64-qr,,False,,,102210fe594ee9b33d82058545b1ed14f4c8206e,num_static_constructors,compiler_metrics,True,compiler_metrics num_static_constructors opt valgrind,,77,,,451693921.0,1861819943,2024-03-21 16:17:46,117.0,7e8d750c1ade2365b54852a8976994e80a1a8ffe,1396110,,,,,,,,,,,,,,,,,,,,,,,,,,,,,,,,,,,,,,,,,,,,,,,,,,TN,,,,,,,,,,
autoland,3646670,2,6311658df04f8b9dab1d842cf1ddc69e83bd8127,linux64-qr,,False,,,102210fe594ee9b33d82058545b1ed14f4c8206e,num_static_constructors,compiler_metrics,True,compiler_metrics num_static_constructors opt valgrind,,77,,,451709328.0,1861879464,2024-03-21 17:29:27,117.0,6a09c380e669a377e8254dd93ff3485ae0ec96c4,1396220,,,,,,,,,,,,,,,,,,,,,,,,,,,,,,,,,,,,,,,,,,,,,,,,,,TN,,,,,,,,,,
autoland,3646670,2,6311658df04f8b9dab1d842cf1ddc69e83bd8127,linux64-qr,,False,,,102210fe594ee9b33d82058545b1ed14f4c8206e,num_static_constructors,compiler_metrics,True,compiler_metrics num_static_constructors opt valgrind,,77,,,451711800.0,1861877763,2024-03-21 17:37:41,117.0,80b255e4280f51402e656f055081c87b880fa792,1396234,,,,,,,,,,,,,,,,,,,,,,,,,,,,,,,,,,,,,,,,,,,,,,,,,,TN,,,,,,,,,,
autoland,3646670,2,6311658df04f8b9dab1d842cf1ddc69e83bd8127,linux64-qr,,False,,,102210fe594ee9b33d82058545b1ed14f4c8206e,num_static_constructors,compiler_metrics,True,compiler_metrics num_static_constructors opt valgrind,,77,,,451727047.0,1861927085,2024-03-21 18:47:13,117.0,c83258a2f5a9fd7b7107508c07827d9aa1a83035,1396360,,,,,,,,,,,,,,,,,,,,,,,,,,,,,,,,,,,,,,,,,,,,,,,,,,TN,,,,,,,,,,
autoland,3646670,2,6311658df04f8b9dab1d842cf1ddc69e83bd8127,linux64-qr,,False,,,102210fe594ee9b33d82058545b1ed14f4c8206e,num_static_constructors,compiler_metrics,True,compiler_metrics num_static_constructors opt valgrind,,77,,,451742044.0,1861963057,2024-03-21 19:37:16,117.0,a72436b5d5bf149182d0330c6961a8895224c72f,1396444,,,,,,,,,,,,,,,,,,,,,,,,,,,,,,,,,,,,,,,,,,,,,,,,,,TN,,,,,,,,,,
autoland,3646670,2,6311658df04f8b9dab1d842cf1ddc69e83bd8127,linux64-qr,,False,,,102210fe594ee9b33d82058545b1ed14f4c8206e,num_static_constructors,compiler_metrics,True,compiler_metrics num_static_constructors opt valgrind,,77,,,451747191.0,1861995982,2024-03-21 19:37:16,117.0,a72436b5d5bf149182d0330c6961a8895224c72f,1396444,,,,,,,,,,,,,,,,,,,,,,,,,,,,,,,,,,,,,,,,,,,,,,,,,,TN,,,,,,,,,,
autoland,3646670,2,6311658df04f8b9dab1d842cf1ddc69e83bd8127,linux64-qr,,False,,,102210fe594ee9b33d82058545b1ed14f4c8206e,num_static_constructors,compiler_metrics,True,compiler_metrics num_static_constructors opt valgrind,,77,,,451751326.0,1862022331,2024-03-21 21:19:12,117.0,3e3e5631944ec7d9d81a7c8ca0c3b5998ad044b3,1396573,,,,,,,,,,,,,,,,,,,,,,,,,,,,,,,,,,,,,,,,,,,,,,,,,,TN,,,,,,,,,,
autoland,3646670,2,6311658df04f8b9dab1d842cf1ddc69e83bd8127,linux64-qr,,False,,,102210fe594ee9b33d82058545b1ed14f4c8206e,num_static_constructors,compiler_metrics,True,compiler_metrics num_static_constructors opt valgrind,,77,,,451781280.0,1862125172,2024-03-22 00:10:06,117.0,7b83373f7a9ed15d1a8b88a00905884439ca3212,1396783,,,,,,,,,,,,,,,,,,,,,,,,,,,,,,,,,,,,,,,,,,,,,,,,,,TN,,,,,,,,,,
autoland,3646670,2,6311658df04f8b9dab1d842cf1ddc69e83bd8127,linux64-qr,,False,,,102210fe594ee9b33d82058545b1ed14f4c8206e,num_static_constructors,compiler_metrics,True,compiler_metrics num_static_constructors opt valgrind,,77,,,451810303.0,1862177060,2024-03-22 02:33:11,117.0,a64d6cbeaa4f78ec1f700f6123469eb1b3a31608,1396939,,,,,,,,,,,,,,,,,,,,,,,,,,,,,,,,,,,,,,,,,,,,,,,,,,TN,,,,,,,,,,
autoland,3646670,2,6311658df04f8b9dab1d842cf1ddc69e83bd8127,linux64-qr,,False,,,102210fe594ee9b33d82058545b1ed14f4c8206e,num_static_constructors,compiler_metrics,True,compiler_metrics num_static_constructors opt valgrind,,77,,,451835126.0,1862228727,2024-03-22 05:34:14,117.0,5d6efea5e0bbc9c3cb2231d09450c2c7dd045122,1397066,,,,,,,,,,,,,,,,,,,,,,,,,,,,,,,,,,,,,,,,,,,,,,,,,,TN,,,,,,,,,,
autoland,3646670,2,6311658df04f8b9dab1d842cf1ddc69e83bd8127,linux64-qr,,False,,,102210fe594ee9b33d82058545b1ed14f4c8206e,num_static_constructors,compiler_metrics,True,compiler_metrics num_static_constructors opt valgrind,,77,,,451842508.0,1862253740,2024-03-22 05:34:14,117.0,5d6efea5e0bbc9c3cb2231d09450c2c7dd045122,1397066,,,,,,,,,,,,,,,,,,,,,,,,,,,,,,,,,,,,,,,,,,,,,,,,,,TN,,,,,,,,,,
autoland,3646670,2,6311658df04f8b9dab1d842cf1ddc69e83bd8127,linux64-qr,,False,,,102210fe594ee9b33d82058545b1ed14f4c8206e,num_static_constructors,compiler_metrics,True,compiler_metrics num_static_constructors opt valgrind,,77,,,451858384.0,1862381035,2024-03-22 10:08:21,117.0,48b19f0a3ca9e2d02e502182cb41095a870c3c30,1397249,,,,,,,,,,,,,,,,,,,,,,,,,,,,,,,,,,,,,,,,,,,,,,,,,,TN,,,,,,,,,,
autoland,3646670,2,6311658df04f8b9dab1d842cf1ddc69e83bd8127,linux64-qr,,False,,,102210fe594ee9b33d82058545b1ed14f4c8206e,num_static_constructors,compiler_metrics,True,compiler_metrics num_static_constructors opt valgrind,,77,,,451864908.0,1862427073,2024-03-22 11:07:06,117.0,81b0c51c60e1a5b9875dd4c1f676817552b10e09,1397281,,,,,,,,,,,,,,,,,,,,,,,,,,,,,,,,,,,,,,,,,,,,,,,,,,TN,,,,,,,,,,
autoland,3646670,2,6311658df04f8b9dab1d842cf1ddc69e83bd8127,linux64-qr,,False,,,102210fe594ee9b33d82058545b1ed14f4c8206e,num_static_constructors,compiler_metrics,True,compiler_metrics num_static_constructors opt valgrind,,77,,,451889473.0,1862516869,2024-03-22 13:22:55,117.0,640f274ba8d721083e3a62631c1c96e652d0965c,1397337,,,,,,,,,,,,,,,,,,,,,,,,,,,,,,,,,,,,,,,,,,,,,,,,,,TN,,,,,,,,,,
autoland,3646670,2,6311658df04f8b9dab1d842cf1ddc69e83bd8127,linux64-qr,,False,,,102210fe594ee9b33d82058545b1ed14f4c8206e,num_static_constructors,compiler_metrics,True,compiler_metrics num_static_constructors opt valgrind,,77,,,451913051.0,1862623416,2024-03-22 16:30:59,117.0,3e4a233416bc0b274e54dc5e80d036948185a438,1397450,,,,,,,,,,,,,,,,,,,,,,,,,,,,,,,,,,,,,,,,,,,,,,,,,,TN,,,,,,,,,,
autoland,3646670,2,6311658df04f8b9dab1d842cf1ddc69e83bd8127,linux64-qr,,False,,,102210fe594ee9b33d82058545b1ed14f4c8206e,num_static_constructors,compiler_metrics,True,compiler_metrics num_static_constructors opt valgrind,,77,,,451925804.0,1862673872,2024-03-22 17:28:16,117.0,d12a19660d53686074475ffbbed160cc788ebe05,1397524,,,,,,,,,,,,,,,,,,,,,,,,,,,,,,,,,,,,,,,,,,,,,,,,,,TN,,,,,,,,,,
autoland,3646670,2,6311658df04f8b9dab1d842cf1ddc69e83bd8127,linux64-qr,,False,,,102210fe594ee9b33d82058545b1ed14f4c8206e,num_static_constructors,compiler_metrics,True,compiler_metrics num_static_constructors opt valgrind,,77,,,451965275.0,1862812134,2024-03-22 22:43:04,117.0,a008405a9171acdb92d2997564e16713185f054f,1397682,,,,,,,,,,,,,,,,,,,,,,,,,,,,,,,,,,,,,,,,,,,,,,,,,,TN,,,,,,,,,,
autoland,3646670,2,6311658df04f8b9dab1d842cf1ddc69e83bd8127,linux64-qr,,False,,,102210fe594ee9b33d82058545b1ed14f4c8206e,num_static_constructors,compiler_metrics,True,compiler_metrics num_static_constructors opt valgrind,,77,,,451975183.0,1862854571,2024-03-23 01:22:46,117.0,9e58a20210806139d9a3ff9fe1dfd77bf0062ff3,1397736,,,,,,,,,,,,,,,,,,,,,,,,,,,,,,,,,,,,,,,,,,,,,,,,,,TN,,,,,,,,,,
autoland,3646670,2,6311658df04f8b9dab1d842cf1ddc69e83bd8127,linux64-qr,,False,,,102210fe594ee9b33d82058545b1ed14f4c8206e,num_static_constructors,compiler_metrics,True,compiler_metrics num_static_constructors opt valgrind,,77,,,451975802.0,1862855819,2024-03-23 01:22:46,117.0,9e58a20210806139d9a3ff9fe1dfd77bf0062ff3,1397736,,,,,,,,,,,,,,,,,,,,,,,,,,,,,,,,,,,,,,,,,,,,,,,,,,TN,,,,,,,,,,
autoland,3646670,2,6311658df04f8b9dab1d842cf1ddc69e83bd8127,linux64-qr,,False,,,102210fe594ee9b33d82058545b1ed14f4c8206e,num_static_constructors,compiler_metrics,True,compiler_metrics num_static_constructors opt valgrind,,77,,,451976708.0,1862864472,2024-03-23 02:31:24,117.0,1eb7e11b62d46bdd2f40d1fb71734c7f4113e4a6,1397757,,,,,,,,,,,,,,,,,,,,,,,,,,,,,,,,,,,,,,,,,,,,,,,,,,TN,,,,,,,,,,
autoland,3646670,2,6311658df04f8b9dab1d842cf1ddc69e83bd8127,linux64-qr,,False,,,102210fe594ee9b33d82058545b1ed14f4c8206e,num_static_constructors,compiler_metrics,True,compiler_metrics num_static_constructors opt valgrind,,77,,,451979716.0,1862883044,2024-03-23 04:11:22,117.0,341c752f9f931ed8ca1220eb7006bdfcd026038e,1397768,,,,,,,,,,,,,,,,,,,,,,,,,,,,,,,,,,,,,,,,,,,,,,,,,,TN,,,,,,,,,,
autoland,3646670,2,6311658df04f8b9dab1d842cf1ddc69e83bd8127,linux64-qr,,False,,,102210fe594ee9b33d82058545b1ed14f4c8206e,num_static_constructors,compiler_metrics,True,compiler_metrics num_static_constructors opt valgrind,,77,,,451988066.0,1862946433,2024-03-23 08:45:37,117.0,7575296d6781e483bc76a289f68623eb548baac4,1397819,,,,,,,,,,,,,,,,,,,,,,,,,,,,,,,,,,,,,,,,,,,,,,,,,,TN,,,,,,,,,,
autoland,3646670,2,6311658df04f8b9dab1d842cf1ddc69e83bd8127,linux64-qr,,False,,,102210fe594ee9b33d82058545b1ed14f4c8206e,num_static_constructors,compiler_metrics,True,compiler_metrics num_static_constructors opt valgrind,,77,,,451996283.0,1862979246,2024-03-23 10:52:20,117.0,5d65a6e7c95f1f2e8f03aa7e56bd8b8575f0008a,1397829,,,,,,,,,,,,,,,,,,,,,,,,,,,,,,,,,,,,,,,,,,,,,,,,,,TN,,,,,,,,,,
autoland,3646670,2,6311658df04f8b9dab1d842cf1ddc69e83bd8127,linux64-qr,,False,,,102210fe594ee9b33d82058545b1ed14f4c8206e,num_static_constructors,compiler_metrics,True,compiler_metrics num_static_constructors opt valgrind,,77,,,452011000.0,1863032424,2024-03-23 13:51:59,117.0,47e43ed2bb6cad873900cd00ccf834a51f3dfe83,1397843,,,,,,,,,,,,,,,,,,,,,,,,,,,,,,,,,,,,,,,,,,,,,,,,,,TN,,,,,,,,,,
autoland,3646670,2,6311658df04f8b9dab1d842cf1ddc69e83bd8127,linux64-qr,,False,,,102210fe594ee9b33d82058545b1ed14f4c8206e,num_static_constructors,compiler_metrics,True,compiler_metrics num_static_constructors opt valgrind,,77,,,452023173.0,1863070535,2024-03-23 18:44:13,117.0,69c342123c6fdb9190169823dd12a42a77559b9f,1397871,,,,,,,,,,,,,,,,,,,,,,,,,,,,,,,,,,,,,,,,,,,,,,,,,,TN,,,,,,,,,,
autoland,3646670,2,6311658df04f8b9dab1d842cf1ddc69e83bd8127,linux64-qr,,False,,,102210fe594ee9b33d82058545b1ed14f4c8206e,num_static_constructors,compiler_metrics,True,compiler_metrics num_static_constructors opt valgrind,,77,,,452041043.0,1863142335,2024-03-24 00:54:50,117.0,c43bc8bba8a808b2f5005002f96936afa3697b34,1397899,,,,,,,,,,,,,,,,,,,,,,,,,,,,,,,,,,,,,,,,,,,,,,,,,,TN,,,,,,,,,,
autoland,3646670,2,6311658df04f8b9dab1d842cf1ddc69e83bd8127,linux64-qr,,False,,,102210fe594ee9b33d82058545b1ed14f4c8206e,num_static_constructors,compiler_metrics,True,compiler_metrics num_static_constructors opt valgrind,,77,,,452049743.0,1863194649,2024-03-24 07:02:41,117.0,fa1b327e74e89e08f7fff24dbb35f11e48736aab,1397916,,,,,,,,,,,,,,,,,,,,,,,,,,,,,,,,,,,,,,,,,,,,,,,,,,TN,,,,,,,,,,
autoland,3646670,2,6311658df04f8b9dab1d842cf1ddc69e83bd8127,linux64-qr,,False,,,102210fe594ee9b33d82058545b1ed14f4c8206e,num_static_constructors,compiler_metrics,True,compiler_metrics num_static_constructors opt valgrind,,77,,,452062324.0,1863275241,2024-03-24 11:13:54,117.0,f0597fea22797603c0e45ec1c43433afa5ed6dcd,1397937,,,,,,,,,,,,,,,,,,,,,,,,,,,,,,,,,,,,,,,,,,,,,,,,,,TN,,,,,,,,,,
autoland,3646670,2,6311658df04f8b9dab1d842cf1ddc69e83bd8127,linux64-qr,,False,,,102210fe594ee9b33d82058545b1ed14f4c8206e,num_static_constructors,compiler_metrics,True,compiler_metrics num_static_constructors opt valgrind,,77,,,452088778.0,1863338560,2024-03-24 18:59:17,117.0,6ec4249c788c48dc30dfb8737228af711e49fde2,1397954,,,,,,,,,,,,,,,,,,,,,,,,,,,,,,,,,,,,,,,,,,,,,,,,,,TN,,,,,,,,,,
autoland,3646670,2,6311658df04f8b9dab1d842cf1ddc69e83bd8127,linux64-qr,,False,,,102210fe594ee9b33d82058545b1ed14f4c8206e,num_static_constructors,compiler_metrics,True,compiler_metrics num_static_constructors opt valgrind,,77,,,452091472.0,1863351009,2024-03-24 20:18:17,117.0,bbd6fc95176301de3d5d03c13e305efa46cb13a2,1397962,,,,,,,,,,,,,,,,,,,,,,,,,,,,,,,,,,,,,,,,,,,,,,,,,,TN,,,,,,,,,,
autoland,3646670,2,6311658df04f8b9dab1d842cf1ddc69e83bd8127,linux64-qr,,False,,,102210fe594ee9b33d82058545b1ed14f4c8206e,num_static_constructors,compiler_metrics,True,compiler_metrics num_static_constructors opt valgrind,,77,,,452095583.0,1863369485,2024-03-24 23:02:44,117.0,f16b84d2aab6142f8b4fd6de574e96c2f551ebc7,1397973,,,,,,,,,,,,,,,,,,,,,,,,,,,,,,,,,,,,,,,,,,,,,,,,,,TN,,,,,,,,,,
autoland,3646670,2,6311658df04f8b9dab1d842cf1ddc69e83bd8127,linux64-qr,,False,,,102210fe594ee9b33d82058545b1ed14f4c8206e,num_static_constructors,compiler_metrics,True,compiler_metrics num_static_constructors opt valgrind,,77,,,452110267.0,1863431001,2024-03-25 03:31:22,117.0,19d905446a32ebc5b281e61c8ee49718ee784a25,1397989,,,,,,,,,,,,,,,,,,,,,,,,,,,,,,,,,,,,,,,,,,,,,,,,,,TN,,,,,,,,,,
autoland,3646670,2,6311658df04f8b9dab1d842cf1ddc69e83bd8127,linux64-qr,,False,,,102210fe594ee9b33d82058545b1ed14f4c8206e,num_static_constructors,compiler_metrics,True,compiler_metrics num_static_constructors opt valgrind,,77,,,452118147.0,1863486937,2024-03-25 08:43:58,117.0,db7773c959d542b2327b7158f769c657e46e2992,1398035,,,,,,,,,,,,,,,,,,,,,,,,,,,,,,,,,,,,,,,,,,,,,,,,,,TN,,,,,,,,,,
autoland,3646670,2,6311658df04f8b9dab1d842cf1ddc69e83bd8127,linux64-qr,,False,,,102210fe594ee9b33d82058545b1ed14f4c8206e,num_static_constructors,compiler_metrics,True,compiler_metrics num_static_constructors opt valgrind,,77,,,452122737.0,1863518228,2024-03-25 09:25:18,117.0,71c813e27dff32e4664eb9116e60097837485bfb,1398057,,,,,,,,,,,,,,,,,,,,,,,,,,,,,,,,,,,,,,,,,,,,,,,,,,TN,,,,,,,,,,
autoland,3646670,2,6311658df04f8b9dab1d842cf1ddc69e83bd8127,linux64-qr,,False,,,102210fe594ee9b33d82058545b1ed14f4c8206e,num_static_constructors,compiler_metrics,True,compiler_metrics num_static_constructors opt valgrind,,77,,,452152494.0,1863642731,2024-03-25 12:11:41,117.0,3e88f5e01d26a8bb1bab54337e76720804bd6556,1398173,,,,,,,,,,,,,,,,,,,,,,,,,,,,,,,,,,,,,,,,,,,,,,,,,,TN,,,,,,,,,,
autoland,3646670,2,6311658df04f8b9dab1d842cf1ddc69e83bd8127,linux64-qr,,False,,,102210fe594ee9b33d82058545b1ed14f4c8206e,num_static_constructors,compiler_metrics,True,compiler_metrics num_static_constructors opt valgrind,,77,,,452169050.0,1863687110,2024-03-25 13:40:37,117.0,5969005dae85cc8ac486b2f0bdbb7454b660f252,1398214,,,,,,,,,,,,,,,,,,,,,,,,,,,,,,,,,,,,,,,,,,,,,,,,,,TN,,,,,,,,,,
autoland,3646670,2,6311658df04f8b9dab1d842cf1ddc69e83bd8127,linux64-qr,,False,,,102210fe594ee9b33d82058545b1ed14f4c8206e,num_static_constructors,compiler_metrics,True,compiler_metrics num_static_constructors opt valgrind,,77,,,452174947.0,1863700831,2024-03-25 14:05:55,117.0,19dcff1ee3fcbb431110e0639c80a3ba51ee0a34,1398235,,,,,,,,,,,,,,,,,,,,,,,,,,,,,,,,,,,,,,,,,,,,,,,,,,TN,,,,,,,,,,
autoland,3646670,2,6311658df04f8b9dab1d842cf1ddc69e83bd8127,linux64-qr,,False,,,102210fe594ee9b33d82058545b1ed14f4c8206e,num_static_constructors,compiler_metrics,True,compiler_metrics num_static_constructors opt valgrind,,77,,,452192697.0,1863762025,2024-03-25 16:15:34,117.0,e9b593c502d7ae6eae48e8fe275c619f4f721999,1398332,,,,,,,,,,,,,,,,,,,,,,,,,,,,,,,,,,,,,,,,,,,,,,,,,,TN,,,,,,,,,,
autoland,3646670,2,6311658df04f8b9dab1d842cf1ddc69e83bd8127,linux64-qr,,False,,,102210fe594ee9b33d82058545b1ed14f4c8206e,num_static_constructors,compiler_metrics,True,compiler_metrics num_static_constructors opt valgrind,,77,,,452197185.0,1863813608,2024-03-25 17:00:38,117.0,9b5934ed0d6138133e3cab84d859a8e38bd43683,1398374,,,,,,,,,,,,,,,,,,,,,,,,,,,,,,,,,,,,,,,,,,,,,,,,,,TN,,,,,,,,,,
autoland,3646670,2,6311658df04f8b9dab1d842cf1ddc69e83bd8127,linux64-qr,,False,,,102210fe594ee9b33d82058545b1ed14f4c8206e,num_static_constructors,compiler_metrics,True,compiler_metrics num_static_constructors opt valgrind,,77,,,452222218.0,1863959232,2024-03-25 20:16:40,117.0,05ef22f3485b9acca72235e56c8e11abea982310,1398545,,,,,,,,,,,,,,,,,,,,,,,,,,,,,,,,,,,,,,,,,,,,,,,,,,TN,,,,,,,,,,
autoland,3646670,2,6311658df04f8b9dab1d842cf1ddc69e83bd8127,linux64-qr,,False,,,102210fe594ee9b33d82058545b1ed14f4c8206e,num_static_constructors,compiler_metrics,True,compiler_metrics num_static_constructors opt valgrind,,77,,,452271601.0,1864107556,2024-03-25 22:15:50,117.0,66738867234a2ca1d993ab5826c69cb787fdd192,1398646,,,,,,,,,,,,,,,,,,,,,,,,,,,,,,,,,,,,,,,,,,,,,,,,,,TN,,,,,,,,,,
autoland,3646670,2,6311658df04f8b9dab1d842cf1ddc69e83bd8127,linux64-qr,,False,,,102210fe594ee9b33d82058545b1ed14f4c8206e,num_static_constructors,compiler_metrics,True,compiler_metrics num_static_constructors opt valgrind,,77,,,452240325.0,1864009476,2024-03-25 22:23:51,117.0,824326575f1bd30ed0a880913aebedc08b49d7fb,1398652,,,,,,,,,,,,,,,,,,,,,,,,,,,,,,,,,,,,,,,,,,,,,,,,,,TN,,,,,,,,,,
autoland,3646670,2,6311658df04f8b9dab1d842cf1ddc69e83bd8127,linux64-qr,,False,,,102210fe594ee9b33d82058545b1ed14f4c8206e,num_static_constructors,compiler_metrics,True,compiler_metrics num_static_constructors opt valgrind,,77,,,452271475.0,1864097640,2024-03-25 22:23:51,117.0,824326575f1bd30ed0a880913aebedc08b49d7fb,1398652,,,,,,,,,,,,,,,,,,,,,,,,,,,,,,,,,,,,,,,,,,,,,,,,,,TN,,,,,,,,,,
autoland,3646670,2,6311658df04f8b9dab1d842cf1ddc69e83bd8127,linux64-qr,,False,,,102210fe594ee9b33d82058545b1ed14f4c8206e,num_static_constructors,compiler_metrics,True,compiler_metrics num_static_constructors opt valgrind,,77,,,452281364.0,1864120016,2024-03-25 22:23:51,117.0,824326575f1bd30ed0a880913aebedc08b49d7fb,1398652,,,,,,,,,,,,,,,,,,,,,,,,,,,,,,,,,,,,,,,,,,,,,,,,,,TN,,,,,,,,,,
autoland,3646670,2,6311658df04f8b9dab1d842cf1ddc69e83bd8127,linux64-qr,,False,,,102210fe594ee9b33d82058545b1ed14f4c8206e,num_static_constructors,compiler_metrics,True,compiler_metrics num_static_constructors opt valgrind,,77,,,452271597.0,1864107640,2024-03-25 22:34:02,117.0,6c102d9922eeb915545aa2dd261cc279b15d4321,1398660,,,,,,,,,,,,,,,,,,,,,,,,,,,,,,,,,,,,,,,,,,,,,,,,,,TN,,,,,,,,,,
autoland,3646670,2,6311658df04f8b9dab1d842cf1ddc69e83bd8127,linux64-qr,,False,,,102210fe594ee9b33d82058545b1ed14f4c8206e,num_static_constructors,compiler_metrics,True,compiler_metrics num_static_constructors opt valgrind,,77,,,452271477.0,1864107929,2024-03-25 22:52:12,117.0,935d47673d4131314e486197594ae3495e9a30d1,1398671,,,,,,,,,,,,,,,,,,,,,,,,,,,,,,,,,,,,,,,,,,,,,,,,,,TN,,,,,,,,,,
autoland,3646670,2,6311658df04f8b9dab1d842cf1ddc69e83bd8127,linux64-qr,,False,,,102210fe594ee9b33d82058545b1ed14f4c8206e,num_static_constructors,compiler_metrics,True,compiler_metrics num_static_constructors opt valgrind,,77,,,452271599.0,1864102873,2024-03-25 23:07:43,117.0,def04dad368f98fc9fb2e423aea42362762f156e,1398684,,,,,,,,,,,,,,,,,,,,,,,,,,,,,,,,,,,,,,,,,,,,,,,,,,TN,,,,,,,,,,
autoland,3646670,2,6311658df04f8b9dab1d842cf1ddc69e83bd8127,linux64-qr,,False,,,102210fe594ee9b33d82058545b1ed14f4c8206e,num_static_constructors,compiler_metrics,True,compiler_metrics num_static_constructors opt valgrind,,77,,,452271598.0,1864106854,2024-03-25 23:22:01,117.0,a3f5efd340eeac11459a486ce80780021528aded,1398696,,,,,,,,,,,,,,,,,,,,,,,,,,,,,,,,,,,,,,,,,,,,,,,,,,TN,,,,,,,,,,
autoland,3646670,2,6311658df04f8b9dab1d842cf1ddc69e83bd8127,linux64-qr,,False,,,102210fe594ee9b33d82058545b1ed14f4c8206e,num_static_constructors,compiler_metrics,True,compiler_metrics num_static_constructors opt valgrind,,77,,,452271478.0,1864108193,2024-03-25 23:39:13,117.0,5a052a933f6096c476bc36235dc3aeeba5b6f5af,1398708,,,,,,,,,,,,,,,,,,,,,,,,,,,,,,,,,,,,,,,,,,,,,,,,,,TN,,,,,,,,,,
autoland,3646670,2,6311658df04f8b9dab1d842cf1ddc69e83bd8127,linux64-qr,,False,,,102210fe594ee9b33d82058545b1ed14f4c8206e,num_static_constructors,compiler_metrics,True,compiler_metrics num_static_constructors opt valgrind,,77,,,452271491.0,1864109683,2024-03-26 00:05:10,117.0,9fc572599699a1b90b5caa703837bc83b7e9cb8e,1398718,,,,,,,,,,,,,,,,,,,,,,,,,,,,,,,,,,,,,,,,,,,,,,,,,,TN,,,,,,,,,,
autoland,3646670,2,6311658df04f8b9dab1d842cf1ddc69e83bd8127,linux64-qr,,False,,,102210fe594ee9b33d82058545b1ed14f4c8206e,num_static_constructors,compiler_metrics,True,compiler_metrics num_static_constructors opt valgrind,,77,,,452271492.0,1864103883,2024-03-26 00:07:04,117.0,a695fb3d1edd644d4b7b932c948843b9c51dfeed,1398720,,,,,,,,,,,,,,,,,,,,,,,,,,,,,,,,,,,,,,,,,,,,,,,,,,TN,,,,,,,,,,
autoland,3646670,2,6311658df04f8b9dab1d842cf1ddc69e83bd8127,linux64-qr,,False,,,102210fe594ee9b33d82058545b1ed14f4c8206e,num_static_constructors,compiler_metrics,True,compiler_metrics num_static_constructors opt valgrind,,77,,,452255149.0,1864072500,2024-03-26 00:18:31,117.0,af6fe1ffacb6272ced1d27e874f376c671a19461,1398725,,,,,,,,,,,,,,,,,,,,,,,,,,,,,,,,,,,,,,,,,,,,,,,,,,TN,,,,,,,,,,
autoland,3646670,2,6311658df04f8b9dab1d842cf1ddc69e83bd8127,linux64-qr,,False,,,102210fe594ee9b33d82058545b1ed14f4c8206e,num_static_constructors,compiler_metrics,True,compiler_metrics num_static_constructors opt valgrind,,77,,,452271466.0,1864109597,2024-03-26 00:18:31,117.0,af6fe1ffacb6272ced1d27e874f376c671a19461,1398725,,,,,,,,,,,,,,,,,,,,,,,,,,,,,,,,,,,,,,,,,,,,,,,,,,TN,,,,,,,,,,
autoland,3646670,2,6311658df04f8b9dab1d842cf1ddc69e83bd8127,linux64-qr,,False,,,102210fe594ee9b33d82058545b1ed14f4c8206e,num_static_constructors,compiler_metrics,True,compiler_metrics num_static_constructors opt valgrind,,77,,,452271467.0,1864100769,2024-03-26 00:18:31,117.0,af6fe1ffacb6272ced1d27e874f376c671a19461,1398725,,,,,,,,,,,,,,,,,,,,,,,,,,,,,,,,,,,,,,,,,,,,,,,,,,TN,,,,,,,,,,
autoland,3646670,2,6311658df04f8b9dab1d842cf1ddc69e83bd8127,linux64-qr,,False,,,102210fe594ee9b33d82058545b1ed14f4c8206e,num_static_constructors,compiler_metrics,True,compiler_metrics num_static_constructors opt valgrind,,77,,,452271473.0,1864100586,2024-03-26 00:18:31,117.0,af6fe1ffacb6272ced1d27e874f376c671a19461,1398725,,,,,,,,,,,,,,,,,,,,,,,,,,,,,,,,,,,,,,,,,,,,,,,,,,TN,,,,,,,,,,
autoland,3646670,2,6311658df04f8b9dab1d842cf1ddc69e83bd8127,linux64-qr,,False,,,102210fe594ee9b33d82058545b1ed14f4c8206e,num_static_constructors,compiler_metrics,True,compiler_metrics num_static_constructors opt valgrind,,77,,,452264555.0,1864085376,2024-03-26 01:24:19,117.0,f0c093accca57074b185d7b3a5a76937ae8c57ed,1398741,,,,,,,,,,,,,,,,,,,,,,,,,,,,,,,,,,,,,,,,,,,,,,,,,,TN,,,,,,,,,,
autoland,3646670,2,6311658df04f8b9dab1d842cf1ddc69e83bd8127,linux64-qr,,False,,,102210fe594ee9b33d82058545b1ed14f4c8206e,num_static_constructors,compiler_metrics,True,compiler_metrics num_static_constructors opt valgrind,,77,,,452293572.0,1864175044,2024-03-26 05:08:59,117.0,23f554ffaca794892f247ee9f5be8a5cc9e516d9,1398800,,,,,,,,,,,,,,,,,,,,,,,,,,,,,,,,,,,,,,,,,,,,,,,,,,TN,,,,,,,,,,
autoland,3646670,2,6311658df04f8b9dab1d842cf1ddc69e83bd8127,linux64-qr,,False,,,102210fe594ee9b33d82058545b1ed14f4c8206e,num_static_constructors,compiler_metrics,True,compiler_metrics num_static_constructors opt valgrind,,77,,,452296587.0,1864213537,2024-03-26 05:08:59,117.0,23f554ffaca794892f247ee9f5be8a5cc9e516d9,1398800,,,,,,,,,,,,,,,,,,,,,,,,,,,,,,,,,,,,,,,,,,,,,,,,,,TN,,,,,,,,,,
autoland,3646670,2,6311658df04f8b9dab1d842cf1ddc69e83bd8127,linux64-qr,,False,,,102210fe594ee9b33d82058545b1ed14f4c8206e,num_static_constructors,compiler_metrics,True,compiler_metrics num_static_constructors opt valgrind,,77,,,452296588.0,1864208729,2024-03-26 05:08:59,117.0,23f554ffaca794892f247ee9f5be8a5cc9e516d9,1398800,,,,,,,,,,,,,,,,,,,,,,,,,,,,,,,,,,,,,,,,,,,,,,,,,,TN,,,,,,,,,,
autoland,3646670,2,6311658df04f8b9dab1d842cf1ddc69e83bd8127,linux64-qr,,False,,,102210fe594ee9b33d82058545b1ed14f4c8206e,num_static_constructors,compiler_metrics,True,compiler_metrics num_static_constructors opt valgrind,,77,,,452295873.0,1864213172,2024-03-26 06:19:49,117.0,f76227b1c05f51b70e7d261e993b5cfa5fd8ee70,1398803,,,,,,,,,,,,,,,,,,,,,,,,,,,,,,,,,,,,,,,,,,,,,,,,,,TN,,,,,,,,,,
autoland,3646670,2,6311658df04f8b9dab1d842cf1ddc69e83bd8127,linux64-qr,,False,,,102210fe594ee9b33d82058545b1ed14f4c8206e,num_static_constructors,compiler_metrics,True,compiler_metrics num_static_constructors opt valgrind,,77,,,452307661.0,1864288607,2024-03-26 09:05:54,117.0,e02aed8fb19856047df1d2cb7de887404e2b6956,1398850,,,,,,,,,,,,,,,,,,,,,,,,,,,,,,,,,,,,,,,,,,,,,,,,,,TN,,,,,,,,,,
autoland,3646670,2,6311658df04f8b9dab1d842cf1ddc69e83bd8127,linux64-qr,,False,,,102210fe594ee9b33d82058545b1ed14f4c8206e,num_static_constructors,compiler_metrics,True,compiler_metrics num_static_constructors opt valgrind,,77,,,452323484.0,1864371189,2024-03-26 11:41:44,117.0,66c42f5f482f7f9ae7486c58600feb344e9fb757,1398928,,,,,,,,,,,,,,,,,,,,,,,,,,,,,,,,,,,,,,,,,,,,,,,,,,TN,,,,,,,,,,
autoland,3646670,2,6311658df04f8b9dab1d842cf1ddc69e83bd8127,linux64-qr,,False,,,102210fe594ee9b33d82058545b1ed14f4c8206e,num_static_constructors,compiler_metrics,True,compiler_metrics num_static_constructors opt valgrind,,77,,,452343179.0,1864399153,2024-03-26 11:41:44,117.0,66c42f5f482f7f9ae7486c58600feb344e9fb757,1398928,,,,,,,,,,,,,,,,,,,,,,,,,,,,,,,,,,,,,,,,,,,,,,,,,,TN,,,,,,,,,,
autoland,3646670,2,6311658df04f8b9dab1d842cf1ddc69e83bd8127,linux64-qr,,False,,,102210fe594ee9b33d82058545b1ed14f4c8206e,num_static_constructors,compiler_metrics,True,compiler_metrics num_static_constructors opt valgrind,,77,,,452343184.0,1864399304,2024-03-26 11:41:44,117.0,66c42f5f482f7f9ae7486c58600feb344e9fb757,1398928,,,,,,,,,,,,,,,,,,,,,,,,,,,,,,,,,,,,,,,,,,,,,,,,,,TN,,,,,,,,,,
autoland,3646670,2,6311658df04f8b9dab1d842cf1ddc69e83bd8127,linux64-qr,,False,,,102210fe594ee9b33d82058545b1ed14f4c8206e,num_static_constructors,compiler_metrics,True,compiler_metrics num_static_constructors opt valgrind,,77,,,452336772.0,1864394715,2024-03-26 12:57:56,117.0,8bfc3595e66f8c45af3a35d0489015d7522799d3,1398965,,,,,,,,,,,,,,,,,,,,,,,,,,,,,,,,,,,,,,,,,,,,,,,,,,TN,,,,,,,,,,
autoland,3646670,2,6311658df04f8b9dab1d842cf1ddc69e83bd8127,linux64-qr,,False,,,102210fe594ee9b33d82058545b1ed14f4c8206e,num_static_constructors,compiler_metrics,True,compiler_metrics num_static_constructors opt valgrind,,77,,,452349816.0,1864433059,2024-03-26 14:55:31,117.0,f8b238ccd608351dc0e56f97e470606aecffd561,1399038,,,,,,,,,,,,,,,,,,,,,,,,,,,,,,,,,,,,,,,,,,,,,,,,,,TN,,,,,,,,,,
autoland,3646670,2,6311658df04f8b9dab1d842cf1ddc69e83bd8127,linux64-qr,,False,,,102210fe594ee9b33d82058545b1ed14f4c8206e,num_static_constructors,compiler_metrics,True,compiler_metrics num_static_constructors opt valgrind,,77,,,452355333.0,1864449976,2024-03-26 14:55:31,117.0,f8b238ccd608351dc0e56f97e470606aecffd561,1399038,,,,,,,,,,,,,,,,,,,,,,,,,,,,,,,,,,,,,,,,,,,,,,,,,,TN,,,,,,,,,,
autoland,3646670,2,6311658df04f8b9dab1d842cf1ddc69e83bd8127,linux64-qr,,False,,,102210fe594ee9b33d82058545b1ed14f4c8206e,num_static_constructors,compiler_metrics,True,compiler_metrics num_static_constructors opt valgrind,,77,,,452355334.0,1864449418,2024-03-26 14:55:31,117.0,f8b238ccd608351dc0e56f97e470606aecffd561,1399038,,,,,,,,,,,,,,,,,,,,,,,,,,,,,,,,,,,,,,,,,,,,,,,,,,TN,,,,,,,,,,
autoland,3646670,2,6311658df04f8b9dab1d842cf1ddc69e83bd8127,linux64-qr,,False,,,102210fe594ee9b33d82058545b1ed14f4c8206e,num_static_constructors,compiler_metrics,True,compiler_metrics num_static_constructors opt valgrind,,77,,,452355336.0,1864459851,2024-03-26 14:55:31,117.0,f8b238ccd608351dc0e56f97e470606aecffd561,1399038,,,,,,,,,,,,,,,,,,,,,,,,,,,,,,,,,,,,,,,,,,,,,,,,,,TN,,,,,,,,,,
autoland,3646670,2,6311658df04f8b9dab1d842cf1ddc69e83bd8127,linux64-qr,,False,,,102210fe594ee9b33d82058545b1ed14f4c8206e,num_static_constructors,compiler_metrics,True,compiler_metrics num_static_constructors opt valgrind,,77,,,452360369.0,1864464890,2024-03-26 16:59:38,117.0,a95909edf99f57b3e1ff98f748fd9e2ff57447da,1399161,,,,,,,,,,,,,,,,,,,,,,,,,,,,,,,,,,,,,,,,,,,,,,,,,,TN,,,,,,,,,,
autoland,3646670,2,6311658df04f8b9dab1d842cf1ddc69e83bd8127,linux64-qr,,False,,,102210fe594ee9b33d82058545b1ed14f4c8206e,num_static_constructors,compiler_metrics,True,compiler_metrics num_static_constructors opt valgrind,,77,,,452369076.0,1864500986,2024-03-26 17:44:32,117.0,a93eeb987e4a1e533ac94ec0d1703c6f9b52b9ef,1399196,,,,,,,,,,,,,,,,,,,,,,,,,,,,,,,,,,,,,,,,,,,,,,,,,,TN,,,,,,,,,,
autoland,3646670,2,6311658df04f8b9dab1d842cf1ddc69e83bd8127,linux64-qr,,False,,,102210fe594ee9b33d82058545b1ed14f4c8206e,num_static_constructors,compiler_metrics,True,compiler_metrics num_static_constructors opt valgrind,,77,,,452379053.0,1864549606,2024-03-26 18:38:08,117.0,bc877b2f6c9e8806d71798918ab442b7019bbbaa,1399234,,,,,,,,,,,,,,,,,,,,,,,,,,,,,,,,,,,,,,,,,,,,,,,,,,TN,,,,,,,,,,
autoland,3646670,2,6311658df04f8b9dab1d842cf1ddc69e83bd8127,linux64-qr,,False,,,102210fe594ee9b33d82058545b1ed14f4c8206e,num_static_constructors,compiler_metrics,True,compiler_metrics num_static_constructors opt valgrind,,77,,,452386784.0,1864599256,2024-03-26 19:19:03,117.0,dfd96ba0e09153e6f98c22d8adcaf944059434ac,1399261,,,,,,,,,,,,,,,,,,,,,,,,,,,,,,,,,,,,,,,,,,,,,,,,,,TN,,,,,,,,,,
autoland,3646670,2,6311658df04f8b9dab1d842cf1ddc69e83bd8127,linux64-qr,,False,,,102210fe594ee9b33d82058545b1ed14f4c8206e,num_static_constructors,compiler_metrics,True,compiler_metrics num_static_constructors opt valgrind,,77,,,452405353.0,1864649500,2024-03-26 20:40:16,117.0,b32bc55017c1ed220c9e489a373875601dfb0e19,1399304,,,,,,,,,,,,,,,,,,,,,,,,,,,,,,,,,,,,,,,,,,,,,,,,,,TN,,,,,,,,,,
autoland,3646670,2,6311658df04f8b9dab1d842cf1ddc69e83bd8127,linux64-qr,,False,,,102210fe594ee9b33d82058545b1ed14f4c8206e,num_static_constructors,compiler_metrics,True,compiler_metrics num_static_constructors opt valgrind,,77,,,452417315.0,1864709588,2024-03-26 22:59:31,117.0,babb5943701ffb0ddb6991106d28f73ad2061bb6,1399480,,,,,,,,,,,,,,,,,,,,,,,,,,,,,,,,,,,,,,,,,,,,,,,,,,TN,,,,,,,,,,
autoland,3646670,2,6311658df04f8b9dab1d842cf1ddc69e83bd8127,linux64-qr,,False,,,102210fe594ee9b33d82058545b1ed14f4c8206e,num_static_constructors,compiler_metrics,True,compiler_metrics num_static_constructors opt valgrind,,77,,,452451602.0,1864849962,2024-03-27 06:25:00,117.0,1e79b6199559c2d8acfccdb5e9d5bc62033e6c15,1399622,,,,,,,,,,,,,,,,,,,,,,,,,,,,,,,,,,,,,,,,,,,,,,,,,,TN,,,,,,,,,,
autoland,3646670,2,6311658df04f8b9dab1d842cf1ddc69e83bd8127,linux64-qr,,False,,,102210fe594ee9b33d82058545b1ed14f4c8206e,num_static_constructors,compiler_metrics,True,compiler_metrics num_static_constructors opt valgrind,,77,,,452452258.0,1864850643,2024-03-27 06:38:16,117.0,622bd952017025edfe3b7763206ce176b1fd01a7,1399627,,,,,,,,,,,,,,,,,,,,,,,,,,,,,,,,,,,,,,,,,,,,,,,,,,TN,,,,,,,,,,
autoland,3646670,2,6311658df04f8b9dab1d842cf1ddc69e83bd8127,linux64-qr,,False,,,102210fe594ee9b33d82058545b1ed14f4c8206e,num_static_constructors,compiler_metrics,True,compiler_metrics num_static_constructors opt valgrind,,77,,,452461754.0,1864921780,2024-03-27 06:38:16,117.0,622bd952017025edfe3b7763206ce176b1fd01a7,1399627,,,,,,,,,,,,,,,,,,,,,,,,,,,,,,,,,,,,,,,,,,,,,,,,,,TN,,,,,,,,,,
autoland,3646670,2,6311658df04f8b9dab1d842cf1ddc69e83bd8127,linux64-qr,,False,,,102210fe594ee9b33d82058545b1ed14f4c8206e,num_static_constructors,compiler_metrics,True,compiler_metrics num_static_constructors opt valgrind,,77,,,452470264.0,1864953717,2024-03-27 06:38:16,117.0,622bd952017025edfe3b7763206ce176b1fd01a7,1399627,,,,,,,,,,,,,,,,,,,,,,,,,,,,,,,,,,,,,,,,,,,,,,,,,,TN,,,,,,,,,,
autoland,3646670,2,6311658df04f8b9dab1d842cf1ddc69e83bd8127,linux64-qr,,False,,,102210fe594ee9b33d82058545b1ed14f4c8206e,num_static_constructors,compiler_metrics,True,compiler_metrics num_static_constructors opt valgrind,,77,,,452470110.0,1864952971,2024-03-27 09:31:11,117.0,7f2993771f48536c575137e4b51984ab6d3de136,1399694,,,,,,,,,,,,,,,,,,,,,,,,,,,,,,,,,,,,,,,,,,,,,,,,,,TN,,,,,,,,,,
autoland,3646670,2,6311658df04f8b9dab1d842cf1ddc69e83bd8127,linux64-qr,,False,,,102210fe594ee9b33d82058545b1ed14f4c8206e,num_static_constructors,compiler_metrics,True,compiler_metrics num_static_constructors opt valgrind,,77,,,452498843.0,1865099536,2024-03-27 12:39:27,117.0,9c458764557de25f93134811a808f6c5b68b5683,1399790,,,,,,,,,,,,,,,,,,,,,,,,,,,,,,,,,,,,,,,,,,,,,,,,,,TN,,,,,,,,,,
autoland,3646670,2,6311658df04f8b9dab1d842cf1ddc69e83bd8127,linux64-qr,,False,,,102210fe594ee9b33d82058545b1ed14f4c8206e,num_static_constructors,compiler_metrics,True,compiler_metrics num_static_constructors opt valgrind,,77,,,452508983.0,1865143731,2024-03-27 13:38:48,117.0,bc7ca80e302a788b0c3cc63cb148c628351b4946,1399827,,,,,,,,,,,,,,,,,,,,,,,,,,,,,,,,,,,,,,,,,,,,,,,,,,TN,,,,,,,,,,
autoland,3646670,2,6311658df04f8b9dab1d842cf1ddc69e83bd8127,linux64-qr,,False,,,102210fe594ee9b33d82058545b1ed14f4c8206e,num_static_constructors,compiler_metrics,True,compiler_metrics num_static_constructors opt valgrind,,77,,,452525949.0,1865170327,2024-03-27 13:38:48,117.0,bc7ca80e302a788b0c3cc63cb148c628351b4946,1399827,,,,,,,,,,,,,,,,,,,,,,,,,,,,,,,,,,,,,,,,,,,,,,,,,,TN,,,,,,,,,,
autoland,3646670,2,6311658df04f8b9dab1d842cf1ddc69e83bd8127,linux64-qr,,False,,,102210fe594ee9b33d82058545b1ed14f4c8206e,num_static_constructors,compiler_metrics,True,compiler_metrics num_static_constructors opt valgrind,,77,,,452527890.0,1865196145,2024-03-27 13:38:48,117.0,bc7ca80e302a788b0c3cc63cb148c628351b4946,1399827,,,,,,,,,,,,,,,,,,,,,,,,,,,,,,,,,,,,,,,,,,,,,,,,,,TN,,,,,,,,,,
autoland,3646670,2,6311658df04f8b9dab1d842cf1ddc69e83bd8127,linux64-qr,,False,,,102210fe594ee9b33d82058545b1ed14f4c8206e,num_static_constructors,compiler_metrics,True,compiler_metrics num_static_constructors opt valgrind,,77,,,452535021.0,1865250097,2024-03-27 13:38:48,117.0,bc7ca80e302a788b0c3cc63cb148c628351b4946,1399827,,,,,,,,,,,,,,,,,,,,,,,,,,,,,,,,,,,,,,,,,,,,,,,,,,TN,,,,,,,,,,
autoland,3646670,2,6311658df04f8b9dab1d842cf1ddc69e83bd8127,linux64-qr,,False,,,102210fe594ee9b33d82058545b1ed14f4c8206e,num_static_constructors,compiler_metrics,True,compiler_metrics num_static_constructors opt valgrind,,77,,,452529227.0,1865233815,2024-03-27 15:45:41,117.0,f8ac03b3c764017d5704deed413c8d35c99978fd,1399897,,,,,,,,,,,,,,,,,,,,,,,,,,,,,,,,,,,,,,,,,,,,,,,,,,TN,,,,,,,,,,
autoland,3646670,2,6311658df04f8b9dab1d842cf1ddc69e83bd8127,linux64-qr,,False,,,102210fe594ee9b33d82058545b1ed14f4c8206e,num_static_constructors,compiler_metrics,True,compiler_metrics num_static_constructors opt valgrind,,77,,,452541623.0,1865274909,2024-03-27 15:45:41,117.0,f8ac03b3c764017d5704deed413c8d35c99978fd,1399897,,,,,,,,,,,,,,,,,,,,,,,,,,,,,,,,,,,,,,,,,,,,,,,,,,TN,,,,,,,,,,
autoland,3646670,2,6311658df04f8b9dab1d842cf1ddc69e83bd8127,linux64-qr,,False,,,102210fe594ee9b33d82058545b1ed14f4c8206e,num_static_constructors,compiler_metrics,True,compiler_metrics num_static_constructors opt valgrind,,77,,,452533481.0,1865255225,2024-03-27 15:58:32,117.0,58dd31405d200bdd0a2d81caa466c16bcb43b84b,1399921,,,,,,,,,,,,,,,,,,,,,,,,,,,,,,,,,,,,,,,,,,,,,,,,,,TN,,,,,,,,,,
autoland,3646670,2,6311658df04f8b9dab1d842cf1ddc69e83bd8127,linux64-qr,,False,,,102210fe594ee9b33d82058545b1ed14f4c8206e,num_static_constructors,compiler_metrics,True,compiler_metrics num_static_constructors opt valgrind,,77,,,452546973.0,1865287046,2024-03-27 15:58:32,117.0,58dd31405d200bdd0a2d81caa466c16bcb43b84b,1399921,,,,,,,,,,,,,,,,,,,,,,,,,,,,,,,,,,,,,,,,,,,,,,,,,,TN,,,,,,,,,,
autoland,3646670,2,6311658df04f8b9dab1d842cf1ddc69e83bd8127,linux64-qr,,False,,,102210fe594ee9b33d82058545b1ed14f4c8206e,num_static_constructors,compiler_metrics,True,compiler_metrics num_static_constructors opt valgrind,,77,,,452558621.0,1865380783,2024-03-27 17:44:07,117.0,5937312af5ae37b411939c2dcddbf6072d8d9cfc,1400012,,,,,,,,,,,,,,,,,,,,,,,,,,,,,,,,,,,,,,,,,,,,,,,,,,TN,,,,,,,,,,
autoland,3646670,2,6311658df04f8b9dab1d842cf1ddc69e83bd8127,linux64-qr,,False,,,102210fe594ee9b33d82058545b1ed14f4c8206e,num_static_constructors,compiler_metrics,True,compiler_metrics num_static_constructors opt valgrind,,77,,,452559866.0,1865382730,2024-03-27 19:27:15,117.0,ce4bea694d0618fb0bcb2262aae0cd1dc7f4f13a,1400095,,,,,,,,,,,,,,,,,,,,,,,,,,,,,,,,,,,,,,,,,,,,,,,,,,TN,,,,,,,,,,
autoland,3646670,2,6311658df04f8b9dab1d842cf1ddc69e83bd8127,linux64-qr,,False,,,102210fe594ee9b33d82058545b1ed14f4c8206e,num_static_constructors,compiler_metrics,True,compiler_metrics num_static_constructors opt valgrind,,77,,,452566794.0,1865411992,2024-03-27 20:37:25,117.0,43066dd9b4e30f4504495c65e0ca1dfe5bb620e1,1400142,,,,,,,,,,,,,,,,,,,,,,,,,,,,,,,,,,,,,,,,,,,,,,,,,,TN,,,,,,,,,,
autoland,3646670,2,6311658df04f8b9dab1d842cf1ddc69e83bd8127,linux64-qr,,False,,,102210fe594ee9b33d82058545b1ed14f4c8206e,num_static_constructors,compiler_metrics,True,compiler_metrics num_static_constructors opt valgrind,,77,,,452583736.0,1865467987,2024-03-27 22:47:22,117.0,9438b15cc360a41fd7dd0086eef62f77e1777c5b,1400227,,,,,,,,,,,,,,,,,,,,,,,,,,,,,,,,,,,,,,,,,,,,,,,,,,TN,,,,,,,,,,
autoland,3646670,2,6311658df04f8b9dab1d842cf1ddc69e83bd8127,linux64-qr,,False,,,102210fe594ee9b33d82058545b1ed14f4c8206e,num_static_constructors,compiler_metrics,True,compiler_metrics num_static_constructors opt valgrind,,77,,,452600543.0,1865508012,2024-03-27 22:47:22,117.0,9438b15cc360a41fd7dd0086eef62f77e1777c5b,1400227,,,,,,,,,,,,,,,,,,,,,,,,,,,,,,,,,,,,,,,,,,,,,,,,,,TN,,,,,,,,,,
autoland,3646670,2,6311658df04f8b9dab1d842cf1ddc69e83bd8127,linux64-qr,,False,,,102210fe594ee9b33d82058545b1ed14f4c8206e,num_static_constructors,compiler_metrics,True,compiler_metrics num_static_constructors opt valgrind,,77,,,452608911.0,1865520408,2024-03-28 01:10:01,117.0,b1cc62489fae8d475f67dec2d9abdf69e2d47614,1400291,,,,,,,,,,,,,,,,,,,,,,,,,,,,,,,,,,,,,,,,,,,,,,,,,,TN,,,,,,,,,,
autoland,3646670,2,6311658df04f8b9dab1d842cf1ddc69e83bd8127,linux64-qr,,False,,,102210fe594ee9b33d82058545b1ed14f4c8206e,num_static_constructors,compiler_metrics,True,compiler_metrics num_static_constructors opt valgrind,,77,,,452639581.0,1865639087,2024-03-28 09:47:39,117.0,1e7411c6b6399b5f5595f99e8d08576e473af625,1400442,,,,,,,,,,,,,,,,,,,,,,,,,,,,,,,,,,,,,,,,,,,,,,,,,,TN,,,,,,,,,,
autoland,3646670,2,6311658df04f8b9dab1d842cf1ddc69e83bd8127,linux64-qr,,False,,,102210fe594ee9b33d82058545b1ed14f4c8206e,num_static_constructors,compiler_metrics,True,compiler_metrics num_static_constructors opt valgrind,,77,,,452653652.0,1865677281,2024-03-28 09:47:39,117.0,1e7411c6b6399b5f5595f99e8d08576e473af625,1400442,,,,,,,,,,,,,,,,,,,,,,,,,,,,,,,,,,,,,,,,,,,,,,,,,,TN,,,,,,,,,,
autoland,3646670,2,6311658df04f8b9dab1d842cf1ddc69e83bd8127,linux64-qr,,False,,,102210fe594ee9b33d82058545b1ed14f4c8206e,num_static_constructors,compiler_metrics,True,compiler_metrics num_static_constructors opt valgrind,,77,,,452653660.0,1865676138,2024-03-28 09:47:39,117.0,1e7411c6b6399b5f5595f99e8d08576e473af625,1400442,,,,,,,,,,,,,,,,,,,,,,,,,,,,,,,,,,,,,,,,,,,,,,,,,,TN,,,,,,,,,,
autoland,3646670,2,6311658df04f8b9dab1d842cf1ddc69e83bd8127,linux64-qr,,False,,,102210fe594ee9b33d82058545b1ed14f4c8206e,num_static_constructors,compiler_metrics,True,compiler_metrics num_static_constructors opt valgrind,,77,,,452664765.0,1865711228,2024-03-28 09:47:39,117.0,1e7411c6b6399b5f5595f99e8d08576e473af625,1400442,,,,,,,,,,,,,,,,,,,,,,,,,,,,,,,,,,,,,,,,,,,,,,,,,,TN,,,,,,,,,,
autoland,3646670,2,6311658df04f8b9dab1d842cf1ddc69e83bd8127,linux64-qr,,False,,,102210fe594ee9b33d82058545b1ed14f4c8206e,num_static_constructors,compiler_metrics,True,compiler_metrics num_static_constructors opt valgrind,,77,,,452664766.0,1865710829,2024-03-28 09:47:39,117.0,1e7411c6b6399b5f5595f99e8d08576e473af625,1400442,,,,,,,,,,,,,,,,,,,,,,,,,,,,,,,,,,,,,,,,,,,,,,,,,,TN,,,,,,,,,,
autoland,3646670,2,6311658df04f8b9dab1d842cf1ddc69e83bd8127,linux64-qr,,False,,,102210fe594ee9b33d82058545b1ed14f4c8206e,num_static_constructors,compiler_metrics,True,compiler_metrics num_static_constructors opt valgrind,,77,,,452646314.0,1865645365,2024-03-28 10:32:02,117.0,55aaac6352fb1fbc44f600408b2bd5a63b4ae440,1400466,,,,,,,,,,,,,,,,,,,,,,,,,,,,,,,,,,,,,,,,,,,,,,,,,,TN,,,,,,,,,,
autoland,3646670,2,6311658df04f8b9dab1d842cf1ddc69e83bd8127,linux64-qr,,False,,,102210fe594ee9b33d82058545b1ed14f4c8206e,num_static_constructors,compiler_metrics,True,compiler_metrics num_static_constructors opt valgrind,,77,,,452668218.0,1865734404,2024-03-28 12:59:51,117.0,cd1211fd6e7ff8dd7e01a5d28c656615718a1689,1400531,,,,,,,,,,,,,,,,,,,,,,,,,,,,,,,,,,,,,,,,,,,,,,,,,,TN,,,,,,,,,,
autoland,3646670,2,6311658df04f8b9dab1d842cf1ddc69e83bd8127,linux64-qr,,False,,,102210fe594ee9b33d82058545b1ed14f4c8206e,num_static_constructors,compiler_metrics,True,compiler_metrics num_static_constructors opt valgrind,,77,,,452682616.0,1865800314,2024-03-28 14:53:03,117.0,1c98db62bb1a20d26f812d28d86672158450e71c,1400606,,,,,,,,,,,,,,,,,,,,,,,,,,,,,,,,,,,,,,,,,,,,,,,,,,TN,,,,,,,,,,
autoland,3646670,2,6311658df04f8b9dab1d842cf1ddc69e83bd8127,linux64-qr,,False,,,102210fe594ee9b33d82058545b1ed14f4c8206e,num_static_constructors,compiler_metrics,True,compiler_metrics num_static_constructors opt valgrind,,77,,,452684182.0,1865804289,2024-03-28 15:08:02,117.0,2b1a58a2fa54e47a357b20bda28512cebd79f732,1400620,,,,,,,,,,,,,,,,,,,,,,,,,,,,,,,,,,,,,,,,,,,,,,,,,,TN,,,,,,,,,,
autoland,3646670,2,6311658df04f8b9dab1d842cf1ddc69e83bd8127,linux64-qr,,False,,,102210fe594ee9b33d82058545b1ed14f4c8206e,num_static_constructors,compiler_metrics,True,compiler_metrics num_static_constructors opt valgrind,,77,,,452705581.0,1865882416,2024-03-28 17:35:58,117.0,e6d3be50ec4e8845074656614b2e1ec0aa51ce94,1400729,,,,,,,,,,,,,,,,,,,,,,,,,,,,,,,,,,,,,,,,,,,,,,,,,,TN,,,,,,,,,,
autoland,3646670,2,6311658df04f8b9dab1d842cf1ddc69e83bd8127,linux64-qr,,False,,,102210fe594ee9b33d82058545b1ed14f4c8206e,num_static_constructors,compiler_metrics,True,compiler_metrics num_static_constructors opt valgrind,,77,,,452717369.0,1865926057,2024-03-28 19:06:21,117.0,b9f38a3edd45f19c8f1f0e6f96e11dea269f3399,1400789,,,,,,,,,,,,,,,,,,,,,,,,,,,,,,,,,,,,,,,,,,,,,,,,,,TN,,,,,,,,,,
autoland,3646670,2,6311658df04f8b9dab1d842cf1ddc69e83bd8127,linux64-qr,,False,,,102210fe594ee9b33d82058545b1ed14f4c8206e,num_static_constructors,compiler_metrics,True,compiler_metrics num_static_constructors opt valgrind,,77,,,452725795.0,1865948920,2024-03-28 19:06:21,117.0,b9f38a3edd45f19c8f1f0e6f96e11dea269f3399,1400789,,,,,,,,,,,,,,,,,,,,,,,,,,,,,,,,,,,,,,,,,,,,,,,,,,TN,,,,,,,,,,
autoland,3646670,2,6311658df04f8b9dab1d842cf1ddc69e83bd8127,linux64-qr,,False,,,102210fe594ee9b33d82058545b1ed14f4c8206e,num_static_constructors,compiler_metrics,True,compiler_metrics num_static_constructors opt valgrind,,77,,,452725804.0,1865943182,2024-03-28 19:06:21,117.0,b9f38a3edd45f19c8f1f0e6f96e11dea269f3399,1400789,,,,,,,,,,,,,,,,,,,,,,,,,,,,,,,,,,,,,,,,,,,,,,,,,,TN,,,,,,,,,,
autoland,3646670,2,6311658df04f8b9dab1d842cf1ddc69e83bd8127,linux64-qr,,False,,,102210fe594ee9b33d82058545b1ed14f4c8206e,num_static_constructors,compiler_metrics,True,compiler_metrics num_static_constructors opt valgrind,,77,,,452725906.0,1865950499,2024-03-28 19:06:21,117.0,b9f38a3edd45f19c8f1f0e6f96e11dea269f3399,1400789,,,,,,,,,,,,,,,,,,,,,,,,,,,,,,,,,,,,,,,,,,,,,,,,,,TN,,,,,,,,,,
autoland,3646670,2,6311658df04f8b9dab1d842cf1ddc69e83bd8127,linux64-qr,,False,,,102210fe594ee9b33d82058545b1ed14f4c8206e,num_static_constructors,compiler_metrics,True,compiler_metrics num_static_constructors opt valgrind,,77,,,452733964.0,1866005516,2024-03-28 21:37:05,117.0,6423cfe0bddd449e899889bc72e6c60408a63e0d,1400869,,,,,,,,,,,,,,,,,,,,,,,,,,,,,,,,,,,,,,,,,,,,,,,,,,TN,,,,,,,,,,
autoland,3646670,2,6311658df04f8b9dab1d842cf1ddc69e83bd8127,linux64-qr,,False,,,102210fe594ee9b33d82058545b1ed14f4c8206e,num_static_constructors,compiler_metrics,True,compiler_metrics num_static_constructors opt valgrind,,77,,,452748060.0,1866037890,2024-03-28 21:37:05,117.0,6423cfe0bddd449e899889bc72e6c60408a63e0d,1400869,,,,,,,,,,,,,,,,,,,,,,,,,,,,,,,,,,,,,,,,,,,,,,,,,,TN,,,,,,,,,,
autoland,3646670,2,6311658df04f8b9dab1d842cf1ddc69e83bd8127,linux64-qr,,False,,,102210fe594ee9b33d82058545b1ed14f4c8206e,num_static_constructors,compiler_metrics,True,compiler_metrics num_static_constructors opt valgrind,,77,,,452748062.0,1866038067,2024-03-28 21:37:05,117.0,6423cfe0bddd449e899889bc72e6c60408a63e0d,1400869,,,,,,,,,,,,,,,,,,,,,,,,,,,,,,,,,,,,,,,,,,,,,,,,,,TN,,,,,,,,,,
autoland,3646670,2,6311658df04f8b9dab1d842cf1ddc69e83bd8127,linux64-qr,,False,,,102210fe594ee9b33d82058545b1ed14f4c8206e,num_static_constructors,compiler_metrics,True,compiler_metrics num_static_constructors opt valgrind,,77,,,452739289.0,1866022759,2024-03-28 23:11:00,117.0,8b46ddebfb7e99c2dd8d13182e11398381eda976,1400928,,,,,,,,,,,,,,,,,,,,,,,,,,,,,,,,,,,,,,,,,,,,,,,,,,TN,,,,,,,,,,
autoland,3646670,2,6311658df04f8b9dab1d842cf1ddc69e83bd8127,linux64-qr,,False,,,102210fe594ee9b33d82058545b1ed14f4c8206e,num_static_constructors,compiler_metrics,True,compiler_metrics num_static_constructors opt valgrind,,77,,,452753368.0,1866045507,2024-03-28 23:11:00,117.0,8b46ddebfb7e99c2dd8d13182e11398381eda976,1400928,,,,,,,,,,,,,,,,,,,,,,,,,,,,,,,,,,,,,,,,,,,,,,,,,,TN,,,,,,,,,,
autoland,3646670,2,6311658df04f8b9dab1d842cf1ddc69e83bd8127,linux64-qr,,False,,,102210fe594ee9b33d82058545b1ed14f4c8206e,num_static_constructors,compiler_metrics,True,compiler_metrics num_static_constructors opt valgrind,,77,,,452753493.0,1866059102,2024-03-28 23:11:00,117.0,8b46ddebfb7e99c2dd8d13182e11398381eda976,1400928,,,,,,,,,,,,,,,,,,,,,,,,,,,,,,,,,,,,,,,,,,,,,,,,,,TN,,,,,,,,,,
autoland,3646670,2,6311658df04f8b9dab1d842cf1ddc69e83bd8127,linux64-qr,,False,,,102210fe594ee9b33d82058545b1ed14f4c8206e,num_static_constructors,compiler_metrics,True,compiler_metrics num_static_constructors opt valgrind,,77,,,452749689.0,1866039805,2024-03-29 00:03:22,117.0,28b4eaeb70285be21ee6612c4e891e41c7949b68,1400956,,,,,,,,,,,,,,,,,,,,,,,,,,,,,,,,,,,,,,,,,,,,,,,,,,TN,,,,,,,,,,
autoland,3646670,2,6311658df04f8b9dab1d842cf1ddc69e83bd8127,linux64-qr,,False,,,102210fe594ee9b33d82058545b1ed14f4c8206e,num_static_constructors,compiler_metrics,True,compiler_metrics num_static_constructors opt valgrind,,77,,,452768857.0,1866128222,2024-03-29 04:27:46,117.0,4120fb3d12f57159ca2e6809f555312e00adda5d,1401028,,,,,,,,,,,,,,,,,,,,,,,,,,,,,,,,,,,,,,,,,,,,,,,,,,TN,,,,,,,,,,
autoland,3646670,2,6311658df04f8b9dab1d842cf1ddc69e83bd8127,linux64-qr,,False,,,102210fe594ee9b33d82058545b1ed14f4c8206e,num_static_constructors,compiler_metrics,True,compiler_metrics num_static_constructors opt valgrind,,77,,,452807518.0,1866340285,2024-03-29 12:22:16,117.0,39124d8575b2fb025ca7fd37b91e052f28e88e67,1401116,,,,,,,,,,,,,,,,,,,,,,,,,,,,,,,,,,,,,,,,,,,,,,,,,,TN,,,,,,,,,,
autoland,3646670,2,6311658df04f8b9dab1d842cf1ddc69e83bd8127,linux64-qr,,False,,,102210fe594ee9b33d82058545b1ed14f4c8206e,num_static_constructors,compiler_metrics,True,compiler_metrics num_static_constructors opt valgrind,,77,,,452815161.0,1866355453,2024-03-29 12:22:16,117.0,39124d8575b2fb025ca7fd37b91e052f28e88e67,1401116,,,,,,,,,,,,,,,,,,,,,,,,,,,,,,,,,,,,,,,,,,,,,,,,,,TN,,,,,,,,,,
autoland,3646670,2,6311658df04f8b9dab1d842cf1ddc69e83bd8127,linux64-qr,,False,,,102210fe594ee9b33d82058545b1ed14f4c8206e,num_static_constructors,compiler_metrics,True,compiler_metrics num_static_constructors opt valgrind,,77,,,452831345.0,1866376342,2024-03-29 12:22:16,117.0,39124d8575b2fb025ca7fd37b91e052f28e88e67,1401116,,,,,,,,,,,,,,,,,,,,,,,,,,,,,,,,,,,,,,,,,,,,,,,,,,TN,,,,,,,,,,
autoland,3646670,2,6311658df04f8b9dab1d842cf1ddc69e83bd8127,linux64-qr,,False,,,102210fe594ee9b33d82058545b1ed14f4c8206e,num_static_constructors,compiler_metrics,True,compiler_metrics num_static_constructors opt valgrind,,77,,,452839424.0,1866397986,2024-03-29 16:11:04,117.0,33becba24b3c497daf0c1180e5c659ed3cc9028c,1401211,,,,,,,,,,,,,,,,,,,,,,,,,,,,,,,,,,,,,,,,,,,,,,,,,,TN,,,,,,,,,,
autoland,3646670,2,6311658df04f8b9dab1d842cf1ddc69e83bd8127,linux64-qr,,False,,,102210fe594ee9b33d82058545b1ed14f4c8206e,num_static_constructors,compiler_metrics,True,compiler_metrics num_static_constructors opt valgrind,,77,,,452864342.0,1866498058,2024-03-29 20:24:43,117.0,dd4f0b5931701d3aa7f7ed94fd3ba8c45816316c,1401326,,,,,,,,,,,,,,,,,,,,,,,,,,,,,,,,,,,,,,,,,,,,,,,,,,TN,,,,,,,,,,
autoland,3646670,2,6311658df04f8b9dab1d842cf1ddc69e83bd8127,linux64-qr,,False,,,102210fe594ee9b33d82058545b1ed14f4c8206e,num_static_constructors,compiler_metrics,True,compiler_metrics num_static_constructors opt valgrind,,77,,,452885909.0,1866611624,2024-03-29 23:18:13,117.0,9f420ea1510986e266160d52d176ed7227ef5e40,1401408,,,,,,,,,,,,,,,,,,,,,,,,,,,,,,,,,,,,,,,,,,,,,,,,,,TN,,,,,,,,,,
autoland,3646670,2,6311658df04f8b9dab1d842cf1ddc69e83bd8127,linux64-qr,,False,,,102210fe594ee9b33d82058545b1ed14f4c8206e,num_static_constructors,compiler_metrics,True,compiler_metrics num_static_constructors opt valgrind,,77,,,452897938.0,1866672874,2024-03-30 04:38:25,117.0,2fe1ab05c8fa00d73df88b20df9bc87301a46d46,1401437,,,,,,,,,,,,,,,,,,,,,,,,,,,,,,,,,,,,,,,,,,,,,,,,,,TN,,,,,,,,,,
autoland,3646670,2,6311658df04f8b9dab1d842cf1ddc69e83bd8127,linux64-qr,,False,,,102210fe594ee9b33d82058545b1ed14f4c8206e,num_static_constructors,compiler_metrics,True,compiler_metrics num_static_constructors opt valgrind,,77,,,452901702.0,1866699442,2024-03-30 08:43:08,117.0,3e1a0031f44e72f557f0ec79cf8423168b952d80,1401445,,,,,,,,,,,,,,,,,,,,,,,,,,,,,,,,,,,,,,,,,,,,,,,,,,TN,,,,,,,,,,
autoland,3646670,2,6311658df04f8b9dab1d842cf1ddc69e83bd8127,linux64-qr,,False,,,102210fe594ee9b33d82058545b1ed14f4c8206e,num_static_constructors,compiler_metrics,True,compiler_metrics num_static_constructors opt valgrind,,77,,,452928913.0,1866799583,2024-03-30 16:23:17,117.0,dea770591ed30035f88966bbf45cbbcc6557cdcc,1401476,,,,,,,,,,,,,,,,,,,,,,,,,,,,,,,,,,,,,,,,,,,,,,,,,,TN,,,,,,,,,,
autoland,3646670,2,6311658df04f8b9dab1d842cf1ddc69e83bd8127,linux64-qr,,False,,,102210fe594ee9b33d82058545b1ed14f4c8206e,num_static_constructors,compiler_metrics,True,compiler_metrics num_static_constructors opt valgrind,,77,,,452931386.0,1866810328,2024-03-30 17:37:54,117.0,d7916bbe3cb4118dd9464ef3af064b13b3b0d0c4,1401479,,,,,,,,,,,,,,,,,,,,,,,,,,,,,,,,,,,,,,,,,,,,,,,,,,TN,,,,,,,,,,
autoland,3646670,2,6311658df04f8b9dab1d842cf1ddc69e83bd8127,linux64-qr,,False,,,102210fe594ee9b33d82058545b1ed14f4c8206e,num_static_constructors,compiler_metrics,True,compiler_metrics num_static_constructors opt valgrind,,77,,,452962077.0,1866922639,2024-03-31 07:04:36,117.0,579426b2f39c365731042d79d87533ac3f616461,1401509,,,,,,,,,,,,,,,,,,,,,,,,,,,,,,,,,,,,,,,,,,,,,,,,,,TN,,,,,,,,,,
autoland,3646670,2,6311658df04f8b9dab1d842cf1ddc69e83bd8127,linux64-qr,,False,,,102210fe594ee9b33d82058545b1ed14f4c8206e,num_static_constructors,compiler_metrics,True,compiler_metrics num_static_constructors opt valgrind,,77,,,452986788.0,1867008694,2024-03-31 14:47:20,117.0,dfc3fd176c4fcd62b5a28dcfedea3c509f24ebf5,1401533,,,,,,,,,,,,,,,,,,,,,,,,,,,,,,,,,,,,,,,,,,,,,,,,,,TN,,,,,,,,,,
autoland,3646670,2,6311658df04f8b9dab1d842cf1ddc69e83bd8127,linux64-qr,,False,,,102210fe594ee9b33d82058545b1ed14f4c8206e,num_static_constructors,compiler_metrics,True,compiler_metrics num_static_constructors opt valgrind,,77,,,452989554.0,1867013710,2024-03-31 14:47:20,117.0,dfc3fd176c4fcd62b5a28dcfedea3c509f24ebf5,1401533,,,,,,,,,,,,,,,,,,,,,,,,,,,,,,,,,,,,,,,,,,,,,,,,,,TN,,,,,,,,,,
autoland,3646670,2,6311658df04f8b9dab1d842cf1ddc69e83bd8127,linux64-qr,,False,,,102210fe594ee9b33d82058545b1ed14f4c8206e,num_static_constructors,compiler_metrics,True,compiler_metrics num_static_constructors opt valgrind,,77,,,452989564.0,1867014514,2024-03-31 14:47:20,117.0,dfc3fd176c4fcd62b5a28dcfedea3c509f24ebf5,1401533,,,,,,,,,,,,,,,,,,,,,,,,,,,,,,,,,,,,,,,,,,,,,,,,,,TN,,,,,,,,,,
autoland,3646670,2,6311658df04f8b9dab1d842cf1ddc69e83bd8127,linux64-qr,,False,,,102210fe594ee9b33d82058545b1ed14f4c8206e,num_static_constructors,compiler_metrics,True,compiler_metrics num_static_constructors opt valgrind,,77,,,452990881.0,1867031069,2024-03-31 19:03:22,117.0,334eacacff83840ceed0bb2077c0a2a527e491a5,1401545,,,,,,,,,,,,,,,,,,,,,,,,,,,,,,,,,,,,,,,,,,,,,,,,,,TN,,,,,,,,,,
autoland,3646670,2,6311658df04f8b9dab1d842cf1ddc69e83bd8127,linux64-qr,,False,,,102210fe594ee9b33d82058545b1ed14f4c8206e,num_static_constructors,compiler_metrics,True,compiler_metrics num_static_constructors opt valgrind,,77,,,453010080.0,1867108086,2024-04-01 07:03:36,117.0,5d97e037b69610f99c35f4bbd65d27bafc5605fc,1401600,,,,,,,,,,,,,,,,,,,,,,,,,,,,,,,,,,,,,,,,,,,,,,,,,,TN,,,,,,,,,,
autoland,3646670,2,6311658df04f8b9dab1d842cf1ddc69e83bd8127,linux64-qr,,False,,,102210fe594ee9b33d82058545b1ed14f4c8206e,num_static_constructors,compiler_metrics,True,compiler_metrics num_static_constructors opt valgrind,,77,,,453011453.0,1867110869,2024-04-01 07:20:31,117.0,f016329ce027072b1f4bb203804c2317c841b518,1401614,,,,,,,,,,,,,,,,,,,,,,,,,,,,,,,,,,,,,,,,,,,,,,,,,,TN,,,,,,,,,,
autoland,3646670,2,6311658df04f8b9dab1d842cf1ddc69e83bd8127,linux64-qr,,False,,,102210fe594ee9b33d82058545b1ed14f4c8206e,num_static_constructors,compiler_metrics,True,compiler_metrics num_static_constructors opt valgrind,,77,,,453029313.0,1867185036,2024-04-01 11:30:18,117.0,9546c05d8f57091e5d3e12129a49f11b8b027da7,1401661,,,,,,,,,,,,,,,,,,,,,,,,,,,,,,,,,,,,,,,,,,,,,,,,,,TN,,,,,,,,,,
autoland,3646670,2,6311658df04f8b9dab1d842cf1ddc69e83bd8127,linux64-qr,,False,,,102210fe594ee9b33d82058545b1ed14f4c8206e,num_static_constructors,compiler_metrics,True,compiler_metrics num_static_constructors opt valgrind,,77,,,453038070.0,1867216188,2024-04-01 11:30:18,117.0,9546c05d8f57091e5d3e12129a49f11b8b027da7,1401661,,,,,,,,,,,,,,,,,,,,,,,,,,,,,,,,,,,,,,,,,,,,,,,,,,TN,,,,,,,,,,
autoland,3646670,2,6311658df04f8b9dab1d842cf1ddc69e83bd8127,linux64-qr,,False,,,102210fe594ee9b33d82058545b1ed14f4c8206e,num_static_constructors,compiler_metrics,True,compiler_metrics num_static_constructors opt valgrind,,77,,,453040262.0,1867218983,2024-04-01 13:16:41,117.0,26157b52a8c30d72d8e065cc4a8286633ee85b63,1401687,,,,,,,,,,,,,,,,,,,,,,,,,,,,,,,,,,,,,,,,,,,,,,,,,,TN,,,,,,,,,,
autoland,3646670,2,6311658df04f8b9dab1d842cf1ddc69e83bd8127,linux64-qr,,False,,,102210fe594ee9b33d82058545b1ed14f4c8206e,num_static_constructors,compiler_metrics,True,compiler_metrics num_static_constructors opt valgrind,,77,,,453060169.0,1867247705,2024-04-01 14:54:03,117.0,7797f667ea7e8b4f298459d76806a6208f6b81ef,1401721,,,,,,,,,,,,,,,,,,,,,,,,,,,,,,,,,,,,,,,,,,,,,,,,,,TN,,,,,,,,,,
autoland,3646670,2,6311658df04f8b9dab1d842cf1ddc69e83bd8127,linux64-qr,,False,,,102210fe594ee9b33d82058545b1ed14f4c8206e,num_static_constructors,compiler_metrics,True,compiler_metrics num_static_constructors opt valgrind,,77,,,453071308.0,1867268786,2024-04-01 14:54:03,117.0,7797f667ea7e8b4f298459d76806a6208f6b81ef,1401721,,,,,,,,,,,,,,,,,,,,,,,,,,,,,,,,,,,,,,,,,,,,,,,,,,TN,,,,,,,,,,
autoland,3646670,2,6311658df04f8b9dab1d842cf1ddc69e83bd8127,linux64-qr,,False,,,102210fe594ee9b33d82058545b1ed14f4c8206e,num_static_constructors,compiler_metrics,True,compiler_metrics num_static_constructors opt valgrind,,77,,,453077386.0,1867290685,2024-04-01 17:19:53,117.0,cdd16ab5df10333f1a1eb637ecf2692e15271d17,1401785,,,,,,,,,,,,,,,,,,,,,,,,,,,,,,,,,,,,,,,,,,,,,,,,,,TN,,,,,,,,,,
autoland,3646670,2,6311658df04f8b9dab1d842cf1ddc69e83bd8127,linux64-qr,,False,,,102210fe594ee9b33d82058545b1ed14f4c8206e,num_static_constructors,compiler_metrics,True,compiler_metrics num_static_constructors opt valgrind,,77,,,453082854.0,1867321838,2024-04-01 18:19:29,117.0,57354c5689ef8a5f598978d912570706445e1034,1401826,,,,,,,,,,,,,,,,,,,,,,,,,,,,,,,,,,,,,,,,,,,,,,,,,,TN,,,,,,,,,,
autoland,3646670,2,6311658df04f8b9dab1d842cf1ddc69e83bd8127,linux64-qr,,False,,,102210fe594ee9b33d82058545b1ed14f4c8206e,num_static_constructors,compiler_metrics,True,compiler_metrics num_static_constructors opt valgrind,,77,,,453091949.0,1867379312,2024-04-01 20:00:01,117.0,4e84ef1a92405fb2e3d54eff33b6c3dc4dd5d039,1401893,,,,,,,,,,,,,,,,,,,,,,,,,,,,,,,,,,,,,,,,,,,,,,,,,,TN,,,,,,,,,,
autoland,3646670,2,6311658df04f8b9dab1d842cf1ddc69e83bd8127,linux64-qr,,False,,,102210fe594ee9b33d82058545b1ed14f4c8206e,num_static_constructors,compiler_metrics,True,compiler_metrics num_static_constructors opt valgrind,,77,,,453102629.0,1867404532,2024-04-01 20:00:01,117.0,4e84ef1a92405fb2e3d54eff33b6c3dc4dd5d039,1401893,,,,,,,,,,,,,,,,,,,,,,,,,,,,,,,,,,,,,,,,,,,,,,,,,,TN,,,,,,,,,,
autoland,3646670,2,6311658df04f8b9dab1d842cf1ddc69e83bd8127,linux64-qr,,False,,,102210fe594ee9b33d82058545b1ed14f4c8206e,num_static_constructors,compiler_metrics,True,compiler_metrics num_static_constructors opt valgrind,,77,,,453111710.0,1867436998,2024-04-01 20:00:01,117.0,4e84ef1a92405fb2e3d54eff33b6c3dc4dd5d039,1401893,,,,,,,,,,,,,,,,,,,,,,,,,,,,,,,,,,,,,,,,,,,,,,,,,,TN,,,,,,,,,,
autoland,3646670,2,6311658df04f8b9dab1d842cf1ddc69e83bd8127,linux64-qr,,False,,,102210fe594ee9b33d82058545b1ed14f4c8206e,num_static_constructors,compiler_metrics,True,compiler_metrics num_static_constructors opt valgrind,,77,,,453115307.0,1867454987,2024-04-01 22:35:55,117.0,13111643fbf4557d26174a12b2cde1954182b0ab,1402004,,,,,,,,,,,,,,,,,,,,,,,,,,,,,,,,,,,,,,,,,,,,,,,,,,TN,,,,,,,,,,
autoland,3646670,2,6311658df04f8b9dab1d842cf1ddc69e83bd8127,linux64-qr,,False,,,102210fe594ee9b33d82058545b1ed14f4c8206e,num_static_constructors,compiler_metrics,True,compiler_metrics num_static_constructors opt valgrind,,77,,,453129910.0,1867506749,2024-04-01 22:35:55,117.0,13111643fbf4557d26174a12b2cde1954182b0ab,1402004,,,,,,,,,,,,,,,,,,,,,,,,,,,,,,,,,,,,,,,,,,,,,,,,,,TN,,,,,,,,,,
autoland,3646670,2,6311658df04f8b9dab1d842cf1ddc69e83bd8127,linux64-qr,,False,,,102210fe594ee9b33d82058545b1ed14f4c8206e,num_static_constructors,compiler_metrics,True,compiler_metrics num_static_constructors opt valgrind,,77,,,453141237.0,1867548900,2024-04-01 22:35:55,117.0,13111643fbf4557d26174a12b2cde1954182b0ab,1402004,,,,,,,,,,,,,,,,,,,,,,,,,,,,,,,,,,,,,,,,,,,,,,,,,,TN,,,,,,,,,,
autoland,3646670,2,6311658df04f8b9dab1d842cf1ddc69e83bd8127,linux64-qr,,False,,,102210fe594ee9b33d82058545b1ed14f4c8206e,num_static_constructors,compiler_metrics,True,compiler_metrics num_static_constructors opt valgrind,,77,,,453116072.0,1867451970,2024-04-01 22:39:43,117.0,e7ec5d35ae0d80f4a77b6705e1a393c637da672e,1402007,,,,,,,,,,,,,,,,,,,,,,,,,,,,,,,,,,,,,,,,,,,,,,,,,,TN,,,,,,,,,,
autoland,3646670,2,6311658df04f8b9dab1d842cf1ddc69e83bd8127,linux64-qr,,False,,,102210fe594ee9b33d82058545b1ed14f4c8206e,num_static_constructors,compiler_metrics,True,compiler_metrics num_static_constructors opt valgrind,,77,,,453143246.0,1867582433,2024-04-02 04:32:43,117.0,de086751acb845c252c37aab95a7e6b265df39a6,1402085,,,,,,,,,,,,,,,,,,,,,,,,,,,,,,,,,,,,,,,,,,,,,,,,,,TN,,,,,,,,,,
autoland,3646670,2,6311658df04f8b9dab1d842cf1ddc69e83bd8127,linux64-qr,,False,,,102210fe594ee9b33d82058545b1ed14f4c8206e,num_static_constructors,compiler_metrics,True,compiler_metrics num_static_constructors opt valgrind,,77,,,453147564.0,1867601962,2024-04-02 05:56:22,117.0,b46ae85357ba6fe35ca17a346ecc3bee646bfff7,1402103,,,,,,,,,,,,,,,,,,,,,,,,,,,,,,,,,,,,,,,,,,,,,,,,,,TN,,,,,,,,,,
autoland,3646670,2,6311658df04f8b9dab1d842cf1ddc69e83bd8127,linux64-qr,,False,,,102210fe594ee9b33d82058545b1ed14f4c8206e,num_static_constructors,compiler_metrics,True,compiler_metrics num_static_constructors opt valgrind,,77,,,453156253.0,1867641474,2024-04-02 08:47:33,117.0,4df6842cb470c27ca949eaaa6d3a9b6b37d9c8fe,1402179,,,,,,,,,,,,,,,,,,,,,,,,,,,,,,,,,,,,,,,,,,,,,,,,,,TN,,,,,,,,,,
autoland,3646670,2,6311658df04f8b9dab1d842cf1ddc69e83bd8127,linux64-qr,,False,,,102210fe594ee9b33d82058545b1ed14f4c8206e,num_static_constructors,compiler_metrics,True,compiler_metrics num_static_constructors opt valgrind,,77,,,453157578.0,1867643867,2024-04-02 08:57:49,117.0,52bb75377d06cfb305446ca966c7526c9c9729c7,1402180,,,,,,,,,,,,,,,,,,,,,,,,,,,,,,,,,,,,,,,,,,,,,,,,,,TN,,,,,,,,,,
