,revision,value,repository_name,signature_id,framework_id,signature_hash,machine_platform,should_alert,has_subtests,extra_options,tags,option_collection_hash,test,suite,lower_is_better,name,parent_signature,repository_id,measurement_unit,application,job_id,entry_id,push_timestamp,push_id,single_alert_new_value,single_alert_classifier,alert_summary_prev_push_revision,alert_summary_id,single_alert_amount_pct,single_alert_prev_value,alert_summary_first_triaged,alert_summary_framework,single_alert_series_signature_framework_id,single_alert_series_signature_suite_public_name,alert_summary_related_alerts,single_alert_taskcluster_metadata_retry_id,alert_summary_prev_push_id,alert_summary_status,single_alert_status,alert_summary_assignee_username,single_alert_prev_taskcluster_metadata_task_id,alert_summary_bug_number,alert_summary_bug_due_date,single_alert_series_signature_test_public_name,alert_summary_issue_tracker,single_alert_amount_abs,single_alert_id,single_alert_taskcluster_metadata_task_id,single_alert_backfill_record_total_backfills_successful,single_alert_summary_id,single_alert_prev_taskcluster_metadata_retry_id,single_alert_is_regression,single_alert_manually_created,single_alert_classifier_email,single_alert_backfill_record_total_backfills_failed,single_alert_backfill_record_total_actions_triggered,alert_summary_assignee_email,alert_summary_creation_timestamp,single_alert_prev_profile_url,alert_summary_notes,single_alert_noise_profile,single_alert_related_summary_id,alert_summary_bug_updated,single_alert_profile_url,single_alert_backfill_record_context,single_alert_starred,single_alert_backfill_record_total_backfills_in_progress,single_alert_t_value,single_alert_series_signature_suite,single_alert_backfill_record_status,single_alert_series_signature_tags,alert_summary_triage_due_date,alert_summary_status_general
0,eb0e5efeb4144e02db4898c481ab299e4ffbe5a5,0.8630188734839321,mozilla-beta,4788727,12,83c4e198d104587f2d2886f22d06d6ee1fd3d589,linux1804-64-shippable-qr,True,False,,,102210fe594ee9b33d82058545b1ed14f4c8206e,console.log-in-loop-content-process-typedarray,damp,True,damp console.log-in-loop-content-process-typedarray opt e10s fission stylo webrender-sw,4788178,6,ms,firefox,,1705953343,2023-06-05 14:23:29,1251794,,,,,,,,,,,,,,,,,,,,,,,,,,,,,,,,,,,,,,,,,,,,,,,,,TN
1,8b6f8763d212b11acd7421760ab63612ce65bda4,0.9059597386821778,mozilla-beta,4788727,12,83c4e198d104587f2d2886f22d06d6ee1fd3d589,linux1804-64-shippable-qr,True,False,,,102210fe594ee9b33d82058545b1ed14f4c8206e,console.log-in-loop-content-process-typedarray,damp,True,damp console.log-in-loop-content-process-typedarray opt e10s fission stylo webrender-sw,4788178,6,ms,firefox,,1706033189,2023-06-05 15:57:01,1251874,,,,,,,,,,,,,,,,,,,,,,,,,,,,,,,,,,,,,,,,,,,,,,,,,TN
2,3a0243249f1d09b3f0c43845ba322404a24b2d6b,0.9574823847777822,mozilla-beta,4788727,12,83c4e198d104587f2d2886f22d06d6ee1fd3d589,linux1804-64-shippable-qr,True,False,,,102210fe594ee9b33d82058545b1ed14f4c8206e,console.log-in-loop-content-process-typedarray,damp,True,damp console.log-in-loop-content-process-typedarray opt e10s fission stylo webrender-sw,4788178,6,ms,firefox,,1706102457,2023-06-05 17:59:24,1251964,,,,,,,,,,,,,,,,,,,,,,,,,,,,,,,,,,,,,,,,,,,,,,,,,TN
3,6c846bc8f52c1e5b929c199b58a33a4dc24df8f5,0.9337715305098881,mozilla-beta,4788727,12,83c4e198d104587f2d2886f22d06d6ee1fd3d589,linux1804-64-shippable-qr,True,False,,,102210fe594ee9b33d82058545b1ed14f4c8206e,console.log-in-loop-content-process-typedarray,damp,True,damp console.log-in-loop-content-process-typedarray opt e10s fission stylo webrender-sw,4788178,6,ms,firefox,,1706192578,2023-06-05 21:08:31,1252114,,,,,,,,,,,,,,,,,,,,,,,,,,,,,,,,,,,,,,,,,,,,,,,,,TN
4,5f036ce2680a08b950cbfadd770beba129cbb195,0.8291495206577548,mozilla-beta,4788727,12,83c4e198d104587f2d2886f22d06d6ee1fd3d589,linux1804-64-shippable-qr,True,False,,,102210fe594ee9b33d82058545b1ed14f4c8206e,console.log-in-loop-content-process-typedarray,damp,True,damp console.log-in-loop-content-process-typedarray opt e10s fission stylo webrender-sw,4788178,6,ms,firefox,,1706480102,2023-06-06 09:09:48,1252381,,,,,,,,,,,,,,,,,,,,,,,,,,,,,,,,,,,,,,,,,,,,,,,,,TN
5,5d89dee91e755667a691f2b544a063709213138b,0.9325609682759382,mozilla-beta,4788727,12,83c4e198d104587f2d2886f22d06d6ee1fd3d589,linux1804-64-shippable-qr,True,False,,,102210fe594ee9b33d82058545b1ed14f4c8206e,console.log-in-loop-content-process-typedarray,damp,True,damp console.log-in-loop-content-process-typedarray opt e10s fission stylo webrender-sw,4788178,6,ms,firefox,,1706743558,2023-06-06 16:19:01,1252629,,,,,,,,,,,,,,,,,,,,,,,,,,,,,,,,,,,,,,,,,,,,,,,,,TN
6,10ed1bfdc481f14670072cdbf87a69d9212c0d6c,0.8557708605425471,mozilla-beta,4788727,12,83c4e198d104587f2d2886f22d06d6ee1fd3d589,linux1804-64-shippable-qr,True,False,,,102210fe594ee9b33d82058545b1ed14f4c8206e,console.log-in-loop-content-process-typedarray,damp,True,damp console.log-in-loop-content-process-typedarray opt e10s fission stylo webrender-sw,4788178,6,ms,firefox,,1706813917,2023-06-06 18:01:12,1252674,,,,,,,,,,,,,,,,,,,,,,,,,,,,,,,,,,,,,,,,,,,,,,,,,TN
7,bd9ba4216df4d4c08f1a70ecb66009f13ee08aaa,0.8540870060711576,mozilla-beta,4788727,12,83c4e198d104587f2d2886f22d06d6ee1fd3d589,linux1804-64-shippable-qr,True,False,,,102210fe594ee9b33d82058545b1ed14f4c8206e,console.log-in-loop-content-process-typedarray,damp,True,damp console.log-in-loop-content-process-typedarray opt e10s fission stylo webrender-sw,4788178,6,ms,firefox,,1707480261,2023-06-07 16:41:52,1253259,,,,,,,,,,,,,,,,,,,,,,,,,,,,,,,,,,,,,,,,,,,,,,,,,TN
8,eb1d2dce0bdff337836b19b97828f2dcf437f25e,0.8802875916526007,mozilla-beta,4788727,12,83c4e198d104587f2d2886f22d06d6ee1fd3d589,linux1804-64-shippable-qr,True,False,,,102210fe594ee9b33d82058545b1ed14f4c8206e,console.log-in-loop-content-process-typedarray,damp,True,damp console.log-in-loop-content-process-typedarray opt e10s fission stylo webrender-sw,4788178,6,ms,firefox,,1707494369,2023-06-07 17:56:51,1253314,,,,,,,,,,,,,,,,,,,,,,,,,,,,,,,,,,,,,,,,,,,,,,,,,TN
9,b0bc9752e921bdc9e4c9de470cbf5fcf72061330,0.9903813395820791,mozilla-beta,4788727,12,83c4e198d104587f2d2886f22d06d6ee1fd3d589,linux1804-64-shippable-qr,True,False,,,102210fe594ee9b33d82058545b1ed14f4c8206e,console.log-in-loop-content-process-typedarray,damp,True,damp console.log-in-loop-content-process-typedarray opt e10s fission stylo webrender-sw,4788178,6,ms,firefox,,1708057569,2023-06-08 13:18:16,1253873,,,,,,,,,,,,,,,,,,,,,,,,,,,,,,,,,,,,,,,,,,,,,,,,,TN
10,7123a4cb9219dc73123928c80505ef5544239e3c,0.8645957521558727,mozilla-beta,4788727,12,83c4e198d104587f2d2886f22d06d6ee1fd3d589,linux1804-64-shippable-qr,True,False,,,102210fe594ee9b33d82058545b1ed14f4c8206e,console.log-in-loop-content-process-typedarray,damp,True,damp console.log-in-loop-content-process-typedarray opt e10s fission stylo webrender-sw,4788178,6,ms,firefox,,1708225676,2023-06-08 17:59:52,1254099,,,,,,,,,,,,,,,,,,,,,,,,,,,,,,,,,,,,,,,,,,,,,,,,,TN
11,8ef0eed85dd1724df18acbc52ede7bda8d19d4ca,0.9056196187562402,mozilla-beta,4788727,12,83c4e198d104587f2d2886f22d06d6ee1fd3d589,linux1804-64-shippable-qr,True,False,,,102210fe594ee9b33d82058545b1ed14f4c8206e,console.log-in-loop-content-process-typedarray,damp,True,damp console.log-in-loop-content-process-typedarray opt e10s fission stylo webrender-sw,4788178,6,ms,firefox,,1708338831,2023-06-08 21:41:16,1254264,,,,,,,,,,,,,,,,,,,,,,,,,,,,,,,,,,,,,,,,,,,,,,,,,TN
12,7b1a019c17f8faeb278c5ff106b55a8737c63e4d,0.8917981007287703,mozilla-beta,4788727,12,83c4e198d104587f2d2886f22d06d6ee1fd3d589,linux1804-64-shippable-qr,True,False,,,102210fe594ee9b33d82058545b1ed14f4c8206e,console.log-in-loop-content-process-typedarray,damp,True,damp console.log-in-loop-content-process-typedarray opt e10s fission stylo webrender-sw,4788178,6,ms,firefox,,1708692770,2023-06-09 13:50:39,1254632,,,,,,,,,,,,,,,,,,,,,,,,,,,,,,,,,,,,,,,,,,,,,,,,,TN
13,c2d0daebef20fa875f5260a684fe17c55e129a35,0.4222561830490519,mozilla-beta,4788727,12,83c4e198d104587f2d2886f22d06d6ee1fd3d589,linux1804-64-shippable-qr,True,False,,,102210fe594ee9b33d82058545b1ed14f4c8206e,console.log-in-loop-content-process-typedarray,damp,True,damp console.log-in-loop-content-process-typedarray opt e10s fission stylo webrender-sw,4788178,6,ms,firefox,,1708843203,2023-06-09 18:01:58,1254819,,,,,,,,,,,,,,,,,,,,,,,,,,,,,,,,,,,,,,,,,,,,,,,,,TN
14,5fdbfc5f981230abe820c6b234bcf7262e366be0,0.8625470464479559,mozilla-beta,4788727,12,83c4e198d104587f2d2886f22d06d6ee1fd3d589,linux1804-64-shippable-qr,True,False,,,102210fe594ee9b33d82058545b1ed14f4c8206e,console.log-in-loop-content-process-typedarray,damp,True,damp console.log-in-loop-content-process-typedarray opt e10s fission stylo webrender-sw,4788178,6,ms,firefox,,1709201927,2023-06-10 18:00:11,1255248,,,,,,,,,,,,,,,,,,,,,,,,,,,,,,,,,,,,,,,,,,,,,,,,,TN
15,b00e6f811a19a3b7ed808efda6906dde57f88e71,0.8423222121063092,mozilla-beta,4788727,12,83c4e198d104587f2d2886f22d06d6ee1fd3d589,linux1804-64-shippable-qr,True,False,,,102210fe594ee9b33d82058545b1ed14f4c8206e,console.log-in-loop-content-process-typedarray,damp,True,damp console.log-in-loop-content-process-typedarray opt e10s fission stylo webrender-sw,4788178,6,ms,firefox,,1709475693,2023-06-11 14:48:42,1255364,,,,,,,,,,,,,,,,,,,,,,,,,,,,,,,,,,,,,,,,,,,,,,,,,TN
16,fb3ad1dbd6bbf62e33596cc17abc8bff6a4f425f,0.9817140939730256,mozilla-beta,4788727,12,83c4e198d104587f2d2886f22d06d6ee1fd3d589,linux1804-64-shippable-qr,True,False,,,102210fe594ee9b33d82058545b1ed14f4c8206e,console.log-in-loop-content-process-typedarray,damp,True,damp console.log-in-loop-content-process-typedarray opt e10s fission stylo webrender-sw,4788178,6,ms,firefox,,1709502520,2023-06-11 18:03:00,1255381,,,,,,,,,,,,,,,,,,,,,,,,,,,,,,,,,,,,,,,,,,,,,,,,,TN
17,5951b4f28e66d24853b3a42841374e1beec510f9,0.9669229668781623,mozilla-beta,4788727,12,83c4e198d104587f2d2886f22d06d6ee1fd3d589,linux1804-64-shippable-qr,True,False,,,102210fe594ee9b33d82058545b1ed14f4c8206e,console.log-in-loop-content-process-typedarray,damp,True,damp console.log-in-loop-content-process-typedarray opt e10s fission stylo webrender-sw,4788178,6,ms,firefox,,1709923120,2023-06-12 13:25:59,1255703,,,,,,,,,,,,,,,,,,,,,,,,,,,,,,,,,,,,,,,,,,,,,,,,,TN
18,795df8f2c2a47a7beef0be639b8c4796877a5c14,0.8762662096955345,mozilla-beta,4788727,12,83c4e198d104587f2d2886f22d06d6ee1fd3d589,linux1804-64-shippable-qr,True,False,,,102210fe594ee9b33d82058545b1ed14f4c8206e,console.log-in-loop-content-process-typedarray,damp,True,damp console.log-in-loop-content-process-typedarray opt e10s fission stylo webrender-sw,4788178,6,ms,firefox,,1710074810,2023-06-12 17:59:34,1255857,,,,,,,,,,,,,,,,,,,,,,,,,,,,,,,,,,,,,,,,,,,,,,,,,TN
19,1617cf9288b5d9d85d3cde49ead5c3a8452963e4,0.9519477074470046,mozilla-beta,4788727,12,83c4e198d104587f2d2886f22d06d6ee1fd3d589,linux1804-64-shippable-qr,True,False,,,102210fe594ee9b33d82058545b1ed14f4c8206e,console.log-in-loop-content-process-typedarray,damp,True,damp console.log-in-loop-content-process-typedarray opt e10s fission stylo webrender-sw,4788178,6,ms,firefox,,1710154069,2023-06-12 21:24:58,1256015,,,,,,,,,,,,,,,,,,,,,,,,,,,,,,,,,,,,,,,,,,,,,,,,,TN
20,43f24f969b5b2820fa906b6f56770b9bf8e41982,0.834021701564081,mozilla-beta,4788727,12,83c4e198d104587f2d2886f22d06d6ee1fd3d589,linux1804-64-shippable-qr,True,False,,,102210fe594ee9b33d82058545b1ed14f4c8206e,console.log-in-loop-content-process-typedarray,damp,True,damp console.log-in-loop-content-process-typedarray opt e10s fission stylo webrender-sw,4788178,6,ms,firefox,,1710555605,2023-06-13 13:44:08,1256472,,,,,,,,,,,,,,,,,,,,,,,,,,,,,,,,,,,,,,,,,,,,,,,,,TN
21,5cacd05ad73e50693f7c5cfd239e806f0e58ec8f,0.9673133544810915,mozilla-beta,4788727,12,83c4e198d104587f2d2886f22d06d6ee1fd3d589,linux1804-64-shippable-qr,True,False,,,102210fe594ee9b33d82058545b1ed14f4c8206e,console.log-in-loop-content-process-typedarray,damp,True,damp console.log-in-loop-content-process-typedarray opt e10s fission stylo webrender-sw,4788178,6,ms,firefox,,1710690912,2023-06-13 17:45:06,1256646,,,,,,,,,,,,,,,,,,,,,,,,,,,,,,,,,,,,,,,,,,,,,,,,,TN
22,c5a9aa9f93cf2309ec4a0cdabdf71b31c3bd3ab6,0.9135248308557782,mozilla-beta,4788727,12,83c4e198d104587f2d2886f22d06d6ee1fd3d589,linux1804-64-shippable-qr,True,False,,,102210fe594ee9b33d82058545b1ed14f4c8206e,console.log-in-loop-content-process-typedarray,damp,True,damp console.log-in-loop-content-process-typedarray opt e10s fission stylo webrender-sw,4788178,6,ms,firefox,,1710704555,2023-06-13 18:00:33,1256653,,,,,,,,,,,,,,,,,,,,,,,,,,,,,,,,,,,,,,,,,,,,,,,,,TN
23,66b9443a2c92f97fbf62417687051ad4e85b1800,0.8606898312852396,mozilla-beta,4788727,12,83c4e198d104587f2d2886f22d06d6ee1fd3d589,linux1804-64-shippable-qr,True,False,,,102210fe594ee9b33d82058545b1ed14f4c8206e,console.log-in-loop-content-process-typedarray,damp,True,damp console.log-in-loop-content-process-typedarray opt e10s fission stylo webrender-sw,4788178,6,ms,firefox,,1710769953,2023-06-13 19:54:13,1256729,,,,,,,,,,,,,,,,,,,,,,,,,,,,,,,,,,,,,,,,,,,,,,,,,TN
24,f6e68416dea42dbf642d2efe416f7727ac761f11,0.8960364290917551,mozilla-beta,4788727,12,83c4e198d104587f2d2886f22d06d6ee1fd3d589,linux1804-64-shippable-qr,True,False,,,102210fe594ee9b33d82058545b1ed14f4c8206e,console.log-in-loop-content-process-typedarray,damp,True,damp console.log-in-loop-content-process-typedarray opt e10s fission stylo webrender-sw,4788178,6,ms,firefox,,1711098179,2023-06-14 12:30:00,1257097,,,,,,,,,,,,,,,,,,,,,,,,,,,,,,,,,,,,,,,,,,,,,,,,,TN
25,62d1fc48dcd7fd3d026f5cad77c3092d3b93a961,0.8502705107860673,mozilla-beta,4788727,12,83c4e198d104587f2d2886f22d06d6ee1fd3d589,linux1804-64-shippable-qr,True,False,,,102210fe594ee9b33d82058545b1ed14f4c8206e,console.log-in-loop-content-process-typedarray,damp,True,damp console.log-in-loop-content-process-typedarray opt e10s fission stylo webrender-sw,4788178,6,ms,firefox,,1711252871,2023-06-14 16:03:12,1257228,,,,,,,,,,,,,,,,,,,,,,,,,,,,,,,,,,,,,,,,,,,,,,,,,TN
26,d01da3405b1219c2d0cc7b559ee0627ad5d8aa5a,0.8933008176709158,mozilla-beta,4788727,12,83c4e198d104587f2d2886f22d06d6ee1fd3d589,linux1804-64-shippable-qr,True,False,,,102210fe594ee9b33d82058545b1ed14f4c8206e,console.log-in-loop-content-process-typedarray,damp,True,damp console.log-in-loop-content-process-typedarray opt e10s fission stylo webrender-sw,4788178,6,ms,firefox,,1711283237,2023-06-14 16:07:57,1257231,,,,,,,,,,,,,,,,,,,,,,,,,,,,,,,,,,,,,,,,,,,,,,,,,TN
27,c7ff17c6e0144679b7b925a25177776fcec58f8b,0.8588225046232072,mozilla-beta,4788727,12,83c4e198d104587f2d2886f22d06d6ee1fd3d589,linux1804-64-shippable-qr,True,False,,,102210fe594ee9b33d82058545b1ed14f4c8206e,console.log-in-loop-content-process-typedarray,damp,True,damp console.log-in-loop-content-process-typedarray opt e10s fission stylo webrender-sw,4788178,6,ms,firefox,,1711339088,2023-06-14 18:02:29,1257301,,,,,,,,,,,,,,,,,,,,,,,,,,,,,,,,,,,,,,,,,,,,,,,,,TN
28,64f4243f24b70557c280aa6ddafcc846f384dba8,0.8453290306864081,mozilla-beta,4788727,12,83c4e198d104587f2d2886f22d06d6ee1fd3d589,linux1804-64-shippable-qr,True,False,,,102210fe594ee9b33d82058545b1ed14f4c8206e,console.log-in-loop-content-process-typedarray,damp,True,damp console.log-in-loop-content-process-typedarray opt e10s fission stylo webrender-sw,4788178,6,ms,firefox,,1711385096,2023-06-14 18:51:27,1257357,,,,,,,,,,,,,,,,,,,,,,,,,,,,,,,,,,,,,,,,,,,,,,,,,TN
29,a81117b03f450c9706e21d0d94dec160cc74d836,0.40893206062613974,mozilla-beta,4788727,12,83c4e198d104587f2d2886f22d06d6ee1fd3d589,linux1804-64-shippable-qr,True,False,,,102210fe594ee9b33d82058545b1ed14f4c8206e,console.log-in-loop-content-process-typedarray,damp,True,damp console.log-in-loop-content-process-typedarray opt e10s fission stylo webrender-sw,4788178,6,ms,firefox,,1711398758,2023-06-14 19:16:52,1257378,,,,,,,,,,,,,,,,,,,,,,,,,,,,,,,,,,,,,,,,,,,,,,,,,TN
30,694f250817cbf4e56d9f88ab3982978b5b1ddfeb,0.8445531019158055,mozilla-beta,4788727,12,83c4e198d104587f2d2886f22d06d6ee1fd3d589,linux1804-64-shippable-qr,True,False,,,102210fe594ee9b33d82058545b1ed14f4c8206e,console.log-in-loop-content-process-typedarray,damp,True,damp console.log-in-loop-content-process-typedarray opt e10s fission stylo webrender-sw,4788178,6,ms,firefox,,1711878776,2023-06-15 12:50:03,1257977,,,,,,,,,,,,,,,,,,,,,,,,,,,,,,,,,,,,,,,,,,,,,,,,,TN
31,eb3baa1099b7d11565cc634be3a14b4946fa26c7,0.8709951558994127,mozilla-beta,4788727,12,83c4e198d104587f2d2886f22d06d6ee1fd3d589,linux1804-64-shippable-qr,True,False,,,102210fe594ee9b33d82058545b1ed14f4c8206e,console.log-in-loop-content-process-typedarray,damp,True,damp console.log-in-loop-content-process-typedarray opt e10s fission stylo webrender-sw,4788178,6,ms,firefox,,1711902561,2023-06-15 13:23:28,1257996,,,,,,,,,,,,,,,,,,,,,,,,,,,,,,,,,,,,,,,,,,,,,,,,,TN
32,342783aaf1e5ad6a8b40b22a1618c81a719c436b,0.8169653570852184,mozilla-beta,4788727,12,83c4e198d104587f2d2886f22d06d6ee1fd3d589,linux1804-64-shippable-qr,True,False,,,102210fe594ee9b33d82058545b1ed14f4c8206e,console.log-in-loop-content-process-typedarray,damp,True,damp console.log-in-loop-content-process-typedarray opt e10s fission stylo webrender-sw,4788178,6,ms,firefox,,1712046426,2023-06-15 16:46:36,1258166,,,,,,,,,,,,,,,,,,,,,,,,,,,,,,,,,,,,,,,,,,,,,,,,,TN
33,9eef95942305594426974a54ca94dd63489c7df0,0.8057334133772738,mozilla-beta,4788727,12,83c4e198d104587f2d2886f22d06d6ee1fd3d589,linux1804-64-shippable-qr,True,False,,,102210fe594ee9b33d82058545b1ed14f4c8206e,console.log-in-loop-content-process-typedarray,damp,True,damp console.log-in-loop-content-process-typedarray opt e10s fission stylo webrender-sw,4788178,6,ms,firefox,,1712090268,2023-06-15 17:58:02,1258224,,,,,,,,,,,,,,,,,,,,,,,,,,,,,,,,,,,,,,,,,,,,,,,,,TN
34,e25852ed404ec6289f7c9f1023510a8444d4483a,0.8785649979016119,mozilla-beta,4788727,12,83c4e198d104587f2d2886f22d06d6ee1fd3d589,linux1804-64-shippable-qr,True,False,,,102210fe594ee9b33d82058545b1ed14f4c8206e,console.log-in-loop-content-process-typedarray,damp,True,damp console.log-in-loop-content-process-typedarray opt e10s fission stylo webrender-sw,4788178,6,ms,firefox,,1712588724,2023-06-16 12:17:47,1258818,,,,,,,,,,,,,,,,,,,,,,,,,,,,,,,,,,,,,,,,,,,,,,,,,TN
35,9c261dccd96ad7615ed5dfa6bb2130b2d3199fee,0.8613868484975948,mozilla-beta,4788727,12,83c4e198d104587f2d2886f22d06d6ee1fd3d589,linux1804-64-shippable-qr,True,False,,,102210fe594ee9b33d82058545b1ed14f4c8206e,console.log-in-loop-content-process-typedarray,damp,True,damp console.log-in-loop-content-process-typedarray opt e10s fission stylo webrender-sw,4788178,6,ms,firefox,,1712710824,2023-06-16 14:00:16,1258885,,,,,,,,,,,,,,,,,,,,,,,,,,,,,,,,,,,,,,,,,,,,,,,,,TN
36,2d70dba8bc4fac04fc507a6843648c65e655a9fc,0.8653366127007844,mozilla-beta,4788727,12,83c4e198d104587f2d2886f22d06d6ee1fd3d589,linux1804-64-shippable-qr,True,False,,,102210fe594ee9b33d82058545b1ed14f4c8206e,console.log-in-loop-content-process-typedarray,damp,True,damp console.log-in-loop-content-process-typedarray opt e10s fission stylo webrender-sw,4788178,6,ms,firefox,,1712802856,2023-06-16 16:25:38,1259000,,,,,,,,,,,,,,,,,,,,,,,,,,,,,,,,,,,,,,,,,,,,,,,,,TN
37,0d1afa980fd5e9592d083e71a8f7b15c55d8da7a,0.8837984716983329,mozilla-beta,4788727,12,83c4e198d104587f2d2886f22d06d6ee1fd3d589,linux1804-64-shippable-qr,True,False,,,102210fe594ee9b33d82058545b1ed14f4c8206e,console.log-in-loop-content-process-typedarray,damp,True,damp console.log-in-loop-content-process-typedarray opt e10s fission stylo webrender-sw,4788178,6,ms,firefox,,1712846726,2023-06-16 17:26:28,1259042,,,,,,,,,,,,,,,,,,,,,,,,,,,,,,,,,,,,,,,,,,,,,,,,,TN
38,674af946dedcc6cb70fb6618f3260776f1b576a3,0.8891663253900819,mozilla-beta,4788727,12,83c4e198d104587f2d2886f22d06d6ee1fd3d589,linux1804-64-shippable-qr,True,False,,,102210fe594ee9b33d82058545b1ed14f4c8206e,console.log-in-loop-content-process-typedarray,damp,True,damp console.log-in-loop-content-process-typedarray opt e10s fission stylo webrender-sw,4788178,6,ms,firefox,,1712867104,2023-06-16 18:00:51,1259071,,,,,,,,,,,,,,,,,,,,,,,,,,,,,,,,,,,,,,,,,,,,,,,,,TN
39,52a96b277058ecfdb1675b8b331a6600d9ed0a72,0.8306270232559112,mozilla-beta,4788727,12,83c4e198d104587f2d2886f22d06d6ee1fd3d589,linux1804-64-shippable-qr,True,False,,,102210fe594ee9b33d82058545b1ed14f4c8206e,console.log-in-loop-content-process-typedarray,damp,True,damp console.log-in-loop-content-process-typedarray opt e10s fission stylo webrender-sw,4788178,6,ms,firefox,,1712883358,2023-06-16 18:38:48,1259110,,,,,,,,,,,,,,,,,,,,,,,,,,,,,,,,,,,,,,,,,,,,,,,,,TN
40,a0f771ea7ef5471029c3c2df766b55bb375dec59,0.9006792335322444,mozilla-beta,4788727,12,83c4e198d104587f2d2886f22d06d6ee1fd3d589,linux1804-64-shippable-qr,True,False,,,102210fe594ee9b33d82058545b1ed14f4c8206e,console.log-in-loop-content-process-typedarray,damp,True,damp console.log-in-loop-content-process-typedarray opt e10s fission stylo webrender-sw,4788178,6,ms,firefox,,1713185241,2023-06-17 14:26:16,1259379,,,,,,,,,,,,,,,,,,,,,,,,,,,,,,,,,,,,,,,,,,,,,,,,,TN
41,9bea68f5a93823e72353cd0a13950265001dea22,0.8434993001248667,mozilla-beta,4788727,12,83c4e198d104587f2d2886f22d06d6ee1fd3d589,linux1804-64-shippable-qr,True,False,,,102210fe594ee9b33d82058545b1ed14f4c8206e,console.log-in-loop-content-process-typedarray,damp,True,damp console.log-in-loop-content-process-typedarray opt e10s fission stylo webrender-sw,4788178,6,ms,firefox,,1713231096,2023-06-17 17:58:30,1259394,,,,,,,,,,,,,,,,,,,,,,,,,,,,,,,,,,,,,,,,,,,,,,,,,TN
42,b27c9dccd8728a3110d43ec3316d685a30479f7e,0.8802494803164724,mozilla-beta,4788727,12,83c4e198d104587f2d2886f22d06d6ee1fd3d589,linux1804-64-shippable-qr,True,False,,,102210fe594ee9b33d82058545b1ed14f4c8206e,console.log-in-loop-content-process-typedarray,damp,True,damp console.log-in-loop-content-process-typedarray opt e10s fission stylo webrender-sw,4788178,6,ms,firefox,,1713504636,2023-06-18 18:02:18,1259476,,,,,,,,,,,,,,,,,,,,,,,,,,,,,,,,,,,,,,,,,,,,,,,,,TN
43,adf8be9db85188012cda047766ed806a2017ec5d,0.8307256264762395,mozilla-beta,4788727,12,83c4e198d104587f2d2886f22d06d6ee1fd3d589,linux1804-64-shippable-qr,True,False,,,102210fe594ee9b33d82058545b1ed14f4c8206e,console.log-in-loop-content-process-typedarray,damp,True,damp console.log-in-loop-content-process-typedarray opt e10s fission stylo webrender-sw,4788178,6,ms,firefox,,1714002651,2023-06-19 13:34:03,1259766,,,,,,,,,,,,,,,,,,,,,,,,,,,,,,,,,,,,,,,,,,,,,,,,,TN
44,f5a4c8a56c4084fb474ef9a83dc8099331777010,0.3385727538081005,mozilla-beta,4788727,12,83c4e198d104587f2d2886f22d06d6ee1fd3d589,linux1804-64-shippable-qr,True,False,,,102210fe594ee9b33d82058545b1ed14f4c8206e,console.log-in-loop-content-process-typedarray,damp,True,damp console.log-in-loop-content-process-typedarray opt e10s fission stylo webrender-sw,4788178,6,ms,firefox,,1714090060,2023-06-19 18:00:07,1259894,,,,,,,,,,,,,,,,,,,,,,,,,,,,,,,,,,,,,,,,,,,,,,,,,TN
45,1fd1675876cf4ace179d70ab72cf9cc67ef382fd,0.8558106141922144,mozilla-beta,4788727,12,83c4e198d104587f2d2886f22d06d6ee1fd3d589,linux1804-64-shippable-qr,True,False,,,102210fe594ee9b33d82058545b1ed14f4c8206e,console.log-in-loop-content-process-typedarray,damp,True,damp console.log-in-loop-content-process-typedarray opt e10s fission stylo webrender-sw,4788178,6,ms,firefox,,1714741064,2023-06-20 13:15:48,1260317,,,,,,,,,,,,,,,,,,,,,,,,,,,,,,,,,,,,,,,,,,,,,,,,,TN
46,0e3e70a7494b91f847545f541f60c2afdffdc973,0.8690392409097116,mozilla-beta,4788727,12,83c4e198d104587f2d2886f22d06d6ee1fd3d589,linux1804-64-shippable-qr,True,False,,,102210fe594ee9b33d82058545b1ed14f4c8206e,console.log-in-loop-content-process-typedarray,damp,True,damp console.log-in-loop-content-process-typedarray opt e10s fission stylo webrender-sw,4788178,6,ms,firefox,,1714784864,2023-06-20 14:20:56,1260368,,,,,,,,,,,,,,,,,,,,,,,,,,,,,,,,,,,,,,,,,,,,,,,,,TN
47,d80d61687ffcaa2e80424701a477210e3c29e1e4,0.9426702296285048,mozilla-beta,4788727,12,83c4e198d104587f2d2886f22d06d6ee1fd3d589,linux1804-64-shippable-qr,True,False,,,102210fe594ee9b33d82058545b1ed14f4c8206e,console.log-in-loop-content-process-typedarray,damp,True,damp console.log-in-loop-content-process-typedarray opt e10s fission stylo webrender-sw,4788178,6,ms,firefox,,1714913251,2023-06-20 16:59:19,1260535,,,,,,,,,,,,,,,,,,,,,,,,,,,,,,,,,,,,,,,,,,,,,,,,,TN
48,fdd1d4854968d51f3c174deecd5ead8c74793315,0.8532354181672055,mozilla-beta,4788727,12,83c4e198d104587f2d2886f22d06d6ee1fd3d589,linux1804-64-shippable-qr,True,False,,,102210fe594ee9b33d82058545b1ed14f4c8206e,console.log-in-loop-content-process-typedarray,damp,True,damp console.log-in-loop-content-process-typedarray opt e10s fission stylo webrender-sw,4788178,6,ms,firefox,,1714933577,2023-06-20 17:24:22,1260558,,,,,,,,,,,,,,,,,,,,,,,,,,,,,,,,,,,,,,,,,,,,,,,,,TN
49,d30b3cd164afe66b9db586154a0af4b5d4791308,0.8891153170619019,mozilla-beta,4788727,12,83c4e198d104587f2d2886f22d06d6ee1fd3d589,linux1804-64-shippable-qr,True,False,,,102210fe594ee9b33d82058545b1ed14f4c8206e,console.log-in-loop-content-process-typedarray,damp,True,damp console.log-in-loop-content-process-typedarray opt e10s fission stylo webrender-sw,4788178,6,ms,firefox,,1714945841,2023-06-20 18:00:51,1260587,,,,,,,,,,,,,,,,,,,,,,,,,,,,,,,,,,,,,,,,,,,,,,,,,TN
50,cf1d9c398e1664622904b2d01e0eb2a9b42e5d54,0.8591086697170969,mozilla-beta,4788727,12,83c4e198d104587f2d2886f22d06d6ee1fd3d589,linux1804-64-shippable-qr,True,False,,,102210fe594ee9b33d82058545b1ed14f4c8206e,console.log-in-loop-content-process-typedarray,damp,True,damp console.log-in-loop-content-process-typedarray opt e10s fission stylo webrender-sw,4788178,6,ms,firefox,,1715668601,2023-06-21 13:26:34,1261229,,,,,,,,,,,,,,,,,,,,,,,,,,,,,,,,,,,,,,,,,,,,,,,,,TN
51,3a2f506cc4b8d7f3a8d99388d68485b5603f22ca,0.8342181834546385,mozilla-beta,4788727,12,83c4e198d104587f2d2886f22d06d6ee1fd3d589,linux1804-64-shippable-qr,True,False,,,102210fe594ee9b33d82058545b1ed14f4c8206e,console.log-in-loop-content-process-typedarray,damp,True,damp console.log-in-loop-content-process-typedarray opt e10s fission stylo webrender-sw,4788178,6,ms,firefox,,1715838950,2023-06-21 18:11:33,1261396,,,,,,,,,,,,,,,,,,,,,,,,,,,,,,,,,,,,,,,,,,,,,,,,,TN
52,f3ff17245015ec7abbec1cc6ee2cfce3b96bd3d5,0.8739329007017589,mozilla-beta,4788727,12,83c4e198d104587f2d2886f22d06d6ee1fd3d589,linux1804-64-shippable-qr,True,False,,,102210fe594ee9b33d82058545b1ed14f4c8206e,console.log-in-loop-content-process-typedarray,damp,True,damp console.log-in-loop-content-process-typedarray opt e10s fission stylo webrender-sw,4788178,6,ms,firefox,,1715921310,2023-06-21 20:07:35,1261505,,,,,,,,,,,,,,,,,,,,,,,,,,,,,,,,,,,,,,,,,,,,,,,,,TN
53,7da579f6a813f30bd4f009a2a1f7911def52e572,0.8545706352235811,mozilla-beta,4788727,12,83c4e198d104587f2d2886f22d06d6ee1fd3d589,linux1804-64-shippable-qr,True,False,,,102210fe594ee9b33d82058545b1ed14f4c8206e,console.log-in-loop-content-process-typedarray,damp,True,damp console.log-in-loop-content-process-typedarray opt e10s fission stylo webrender-sw,4788178,6,ms,firefox,,1716239828,2023-06-22 12:38:03,1262084,,,,,,,,,,,,,,,,,,,,,,,,,,,,,,,,,,,,,,,,,,,,,,,,,TN
54,6722dee8d3773705cd9d4eddb3baf3333015aed2,0.9480811537993543,mozilla-beta,4788727,12,83c4e198d104587f2d2886f22d06d6ee1fd3d589,linux1804-64-shippable-qr,True,False,,,102210fe594ee9b33d82058545b1ed14f4c8206e,console.log-in-loop-content-process-typedarray,damp,True,damp console.log-in-loop-content-process-typedarray opt e10s fission stylo webrender-sw,4788178,6,ms,firefox,,1716257976,2023-06-22 13:03:32,1262107,,,,,,,,,,,,,,,,,,,,,,,,,,,,,,,,,,,,,,,,,,,,,,,,,TN
55,3673ad484e13ce731e7fc368a7e6b114d5eeee44,0.8771391315751651,mozilla-beta,4788727,12,83c4e198d104587f2d2886f22d06d6ee1fd3d589,linux1804-64-shippable-qr,True,False,,,102210fe594ee9b33d82058545b1ed14f4c8206e,console.log-in-loop-content-process-typedarray,damp,True,damp console.log-in-loop-content-process-typedarray opt e10s fission stylo webrender-sw,4788178,6,ms,firefox,,1716266137,2023-06-22 13:08:25,1262111,,,,,,,,,,,,,,,,,,,,,,,,,,,,,,,,,,,,,,,,,,,,,,,,,TN
56,027186aaa28cc91b5f9484c62413e2a3936e84ca,0.8712119734966413,mozilla-beta,4788727,12,83c4e198d104587f2d2886f22d06d6ee1fd3d589,linux1804-64-shippable-qr,True,False,,,102210fe594ee9b33d82058545b1ed14f4c8206e,console.log-in-loop-content-process-typedarray,damp,True,damp console.log-in-loop-content-process-typedarray opt e10s fission stylo webrender-sw,4788178,6,ms,firefox,,1716313561,2023-06-22 13:37:22,1262125,,,,,,,,,,,,,,,,,,,,,,,,,,,,,,,,,,,,,,,,,,,,,,,,,TN
57,6cdb4c2436de23c3699b154aa73e6710a95c98b0,0.9044948432561624,mozilla-beta,4788727,12,83c4e198d104587f2d2886f22d06d6ee1fd3d589,linux1804-64-shippable-qr,True,False,,,102210fe594ee9b33d82058545b1ed14f4c8206e,console.log-in-loop-content-process-typedarray,damp,True,damp console.log-in-loop-content-process-typedarray opt e10s fission stylo webrender-sw,4788178,6,ms,firefox,,1716380379,2023-06-22 16:12:21,1262276,,,,,,,,,,,,,,,,,,,,,,,,,,,,,,,,,,,,,,,,,,,,,,,,,TN
58,6c222240ff315735f42bc230693f4ddfa0b6ac7f,0.8551583258738229,mozilla-beta,4788727,12,83c4e198d104587f2d2886f22d06d6ee1fd3d589,linux1804-64-shippable-qr,True,False,,,102210fe594ee9b33d82058545b1ed14f4c8206e,console.log-in-loop-content-process-typedarray,damp,True,damp console.log-in-loop-content-process-typedarray opt e10s fission stylo webrender-sw,4788178,6,ms,firefox,,1717023695,2023-06-23 13:38:03,1262945,,,,,,,,,,,,,,,,,,,,,,,,,,,,,,,,,,,,,,,,,,,,,,,,,TN
59,1ba3d3c99916f850738f21670775ef715521a5df,0.8279281545764525,mozilla-beta,4788727,12,83c4e198d104587f2d2886f22d06d6ee1fd3d589,linux1804-64-shippable-qr,True,False,,,102210fe594ee9b33d82058545b1ed14f4c8206e,console.log-in-loop-content-process-typedarray,damp,True,damp console.log-in-loop-content-process-typedarray opt e10s fission stylo webrender-sw,4788178,6,ms,firefox,,1717151383,2023-06-23 18:03:44,1263072,,,,,,,,,,,,,,,,,,,,,,,,,,,,,,,,,,,,,,,,,,,,,,,,,TN
60,6e906785da867056a855a34df3f92db65b8a7c49,0.79193598261595,mozilla-beta,4788727,12,83c4e198d104587f2d2886f22d06d6ee1fd3d589,linux1804-64-shippable-qr,True,False,,,102210fe594ee9b33d82058545b1ed14f4c8206e,console.log-in-loop-content-process-typedarray,damp,True,damp console.log-in-loop-content-process-typedarray opt e10s fission stylo webrender-sw,4788178,6,ms,firefox,,1717182492,2023-06-23 18:52:54,1263096,,,,,,,,,,,,,,,,,,,,,,,,,,,,,,,,,,,,,,,,,,,,,,,,,TN
61,3b9f2c4be4f6e4271c11c1d4407eae55196c950d,0.8790399646547988,mozilla-beta,4788727,12,83c4e198d104587f2d2886f22d06d6ee1fd3d589,linux1804-64-shippable-qr,True,False,,,102210fe594ee9b33d82058545b1ed14f4c8206e,console.log-in-loop-content-process-typedarray,damp,True,damp console.log-in-loop-content-process-typedarray opt e10s fission stylo webrender-sw,4788178,6,ms,firefox,,1717316112,2023-06-24 13:12:41,1263171,,,,,,,,,,,,,,,,,,,,,,,,,,,,,,,,,,,,,,,,,,,,,,,,,TN
62,4576212ef8edf2209dd7f1b3605a741be564cf74,0.8694451177840272,mozilla-beta,4788727,12,83c4e198d104587f2d2886f22d06d6ee1fd3d589,linux1804-64-shippable-qr,True,False,,,102210fe594ee9b33d82058545b1ed14f4c8206e,console.log-in-loop-content-process-typedarray,damp,True,damp console.log-in-loop-content-process-typedarray opt e10s fission stylo webrender-sw,4788178,6,ms,firefox,,1717362577,2023-06-24 18:00:33,1263268,,,,,,,,,,,,,,,,,,,,,,,,,,,,,,,,,,,,,,,,,,,,,,,,,TN
63,fa15ea81806e25491783ce0553573fb780959801,0.8788236783942973,mozilla-beta,4788727,12,83c4e198d104587f2d2886f22d06d6ee1fd3d589,linux1804-64-shippable-qr,True,False,,,102210fe594ee9b33d82058545b1ed14f4c8206e,console.log-in-loop-content-process-typedarray,damp,True,damp console.log-in-loop-content-process-typedarray opt e10s fission stylo webrender-sw,4788178,6,ms,firefox,,1717451160,2023-06-24 22:36:22,1263284,,,,,,,,,,,,,,,,,,,,,,,,,,,,,,,,,,,,,,,,,,,,,,,,,TN
64,35de7f48bd8fa9ca1ba185a0021f2d1cafa7f49e,0.8499810288628025,mozilla-beta,4788727,12,83c4e198d104587f2d2886f22d06d6ee1fd3d589,linux1804-64-shippable-qr,True,False,,,102210fe594ee9b33d82058545b1ed14f4c8206e,console.log-in-loop-content-process-typedarray,damp,True,damp console.log-in-loop-content-process-typedarray opt e10s fission stylo webrender-sw,4788178,6,ms,firefox,,1717526220,2023-06-25 17:59:55,1263345,,,,,,,,,,,,,,,,,,,,,,,,,,,,,,,,,,,,,,,,,,,,,,,,,TN
65,f539365f51c8542b1e354b68e50907668f16878d,0.8367772139613736,mozilla-beta,4788727,12,83c4e198d104587f2d2886f22d06d6ee1fd3d589,linux1804-64-shippable-qr,True,False,,,102210fe594ee9b33d82058545b1ed14f4c8206e,console.log-in-loop-content-process-typedarray,damp,True,damp console.log-in-loop-content-process-typedarray opt e10s fission stylo webrender-sw,4788178,6,ms,firefox,,1717839291,2023-06-26 13:12:41,1263655,,,,,,,,,,,,,,,,,,,,,,,,,,,,,,,,,,,,,,,,,,,,,,,,,TN
66,035b72e275569245ab5c8844f4ddca8f5ce7da42,0.8465770280097749,mozilla-beta,4788727,12,83c4e198d104587f2d2886f22d06d6ee1fd3d589,linux1804-64-shippable-qr,True,False,,,102210fe594ee9b33d82058545b1ed14f4c8206e,console.log-in-loop-content-process-typedarray,damp,True,damp console.log-in-loop-content-process-typedarray opt e10s fission stylo webrender-sw,4788178,6,ms,firefox,,1717873813,2023-06-26 14:05:49,1263698,,,,,,,,,,,,,,,,,,,,,,,,,,,,,,,,,,,,,,,,,,,,,,,,,TN
67,d3cecb35f77946efdfc851b00241e7cfb248d4f5,0.8863986405507189,mozilla-beta,4788727,12,83c4e198d104587f2d2886f22d06d6ee1fd3d589,linux1804-64-shippable-qr,True,False,,,102210fe594ee9b33d82058545b1ed14f4c8206e,console.log-in-loop-content-process-typedarray,damp,True,damp console.log-in-loop-content-process-typedarray opt e10s fission stylo webrender-sw,4788178,6,ms,firefox,,1720969106,2023-07-04 08:05:00,1267289,,,,,,,,,,,,,,,,,,,,,,,,,,,,,,,,,,,,,,,,,,,,,,,,,TN
68,8ac42d8638fae465733db49debf49675c6b20697,0.8543797726216464,mozilla-beta,4788727,12,83c4e198d104587f2d2886f22d06d6ee1fd3d589,linux1804-64-shippable-qr,True,False,,,102210fe594ee9b33d82058545b1ed14f4c8206e,console.log-in-loop-content-process-typedarray,damp,True,damp console.log-in-loop-content-process-typedarray opt e10s fission stylo webrender-sw,4788178,6,ms,firefox,,1720950070,2023-07-04 08:13:20,1267293,,,,,,,,,,,,,,,,,,,,,,,,,,,,,,,,,,,,,,,,,,,,,,,,,TN
69,d7e3fb8cd375eaf56ea5d3a43285557eaee0a5e0,0.9661893357332918,mozilla-beta,4788727,12,83c4e198d104587f2d2886f22d06d6ee1fd3d589,linux1804-64-shippable-qr,True,False,,,102210fe594ee9b33d82058545b1ed14f4c8206e,console.log-in-loop-content-process-typedarray,damp,True,damp console.log-in-loop-content-process-typedarray opt e10s fission stylo webrender-sw,4788178,6,ms,firefox,,1721199382,2023-07-04 17:59:10,1267597,,,,,,,,,,,,,,,,,,,,,,,,,,,,,,,,,,,,,,,,,,,,,,,,,TN
70,2251a5bd1148826e0c1e6b3d0c5c6985f6284372,0.8722065875935923,mozilla-beta,4788727,12,83c4e198d104587f2d2886f22d06d6ee1fd3d589,linux1804-64-shippable-qr,True,False,,,102210fe594ee9b33d82058545b1ed14f4c8206e,console.log-in-loop-content-process-typedarray,damp,True,damp console.log-in-loop-content-process-typedarray opt e10s fission stylo webrender-sw,4788178,6,ms,firefox,,1721306501,2023-07-04 20:50:41,1267656,,,,,,,,,,,,,,,,,,,,,,,,,,,,,,,,,,,,,,,,,,,,,,,,,TN
71,c0cb0ed5b9e39efd1be1f0d0dee1d03db2f8c4af,0.9027154447760304,mozilla-beta,4788727,12,83c4e198d104587f2d2886f22d06d6ee1fd3d589,linux1804-64-shippable-qr,True,False,,,102210fe594ee9b33d82058545b1ed14f4c8206e,console.log-in-loop-content-process-typedarray,damp,True,damp console.log-in-loop-content-process-typedarray opt e10s fission stylo webrender-sw,4788178,6,ms,firefox,,1721833131,2023-07-05 18:01:37,1268100,,,,,,,,,,,,,,,,,,,,,,,,,,,,,,,,,,,,,,,,,,,,,,,,,TN
72,5b26c16edbef4a3fef8c57d63a680eb3417f22fd,0.9549810606624827,mozilla-beta,4788727,12,83c4e198d104587f2d2886f22d06d6ee1fd3d589,linux1804-64-shippable-qr,True,False,,,102210fe594ee9b33d82058545b1ed14f4c8206e,console.log-in-loop-content-process-typedarray,damp,True,damp console.log-in-loop-content-process-typedarray opt e10s fission stylo webrender-sw,4788178,6,ms,firefox,,1721952961,2023-07-05 22:18:29,1268276,,,,,,,,,,,,,,,,,,,,,,,,,,,,,,,,,,,,,,,,,,,,,,,,,TN
73,3935d29947b87bf51e6b103f3722fcf0649a883e,0.9134722607195966,mozilla-beta,4788727,12,83c4e198d104587f2d2886f22d06d6ee1fd3d589,linux1804-64-shippable-qr,True,False,,,102210fe594ee9b33d82058545b1ed14f4c8206e,console.log-in-loop-content-process-typedarray,damp,True,damp console.log-in-loop-content-process-typedarray opt e10s fission stylo webrender-sw,4788178,6,ms,firefox,,1722254912,2023-07-06 14:26:52,1268671,,,,,,,,,,,,,,,,,,,,,,,,,,,,,,,,,,,,,,,,,,,,,,,,,TN
74,b2838888a0e8eb0d0c60ef66175758b37c95f0c5,0.9196398245268012,mozilla-beta,4788727,12,83c4e198d104587f2d2886f22d06d6ee1fd3d589,linux1804-64-shippable-qr,True,False,,,102210fe594ee9b33d82058545b1ed14f4c8206e,console.log-in-loop-content-process-typedarray,damp,True,damp console.log-in-loop-content-process-typedarray opt e10s fission stylo webrender-sw,4788178,6,ms,firefox,,1722316826,2023-07-06 15:48:00,1268740,,,,,,,,,,,,,,,,,,,,,,,,,,,,,,,,,,,,,,,,,,,,,,,,,TN
75,c8d180ec428a1ceddf5cfb7d1afe16d9e09dcc78,0.8934994732118278,mozilla-beta,4788727,12,83c4e198d104587f2d2886f22d06d6ee1fd3d589,linux1804-64-shippable-qr,True,False,,,102210fe594ee9b33d82058545b1ed14f4c8206e,console.log-in-loop-content-process-typedarray,damp,True,damp console.log-in-loop-content-process-typedarray opt e10s fission stylo webrender-sw,4788178,6,ms,firefox,,1722391494,2023-07-06 18:02:11,1268824,,,,,,,,,,,,,,,,,,,,,,,,,,,,,,,,,,,,,,,,,,,,,,,,,TN
76,1b6b2288a0f47b37ab70eeb64f69bebf7442b138,0.9011081672013432,mozilla-beta,4788727,12,83c4e198d104587f2d2886f22d06d6ee1fd3d589,linux1804-64-shippable-qr,True,False,,,102210fe594ee9b33d82058545b1ed14f4c8206e,console.log-in-loop-content-process-typedarray,damp,True,damp console.log-in-loop-content-process-typedarray opt e10s fission stylo webrender-sw,4788178,6,ms,firefox,,1722461603,2023-07-06 19:39:12,1268893,,,,,,,,,,,,,,,,,,,,,,,,,,,,,,,,,,,,,,,,,,,,,,,,,TN
77,97a7b5a61f68e2ac160fe29147306071599bcab2,0.9076042742338535,mozilla-beta,4788727,12,83c4e198d104587f2d2886f22d06d6ee1fd3d589,linux1804-64-shippable-qr,True,False,,,102210fe594ee9b33d82058545b1ed14f4c8206e,console.log-in-loop-content-process-typedarray,damp,True,damp console.log-in-loop-content-process-typedarray opt e10s fission stylo webrender-sw,4788178,6,ms,firefox,,1722976196,2023-07-07 17:59:16,1269470,,,,,,,,,,,,,,,,,,,,,,,,,,,,,,,,,,,,,,,,,,,,,,,,,TN
78,8c0f8e058e2d2074662db140fe4f5ee081fc8202,0.9179907484611634,mozilla-beta,4788727,12,83c4e198d104587f2d2886f22d06d6ee1fd3d589,linux1804-64-shippable-qr,True,False,,,102210fe594ee9b33d82058545b1ed14f4c8206e,console.log-in-loop-content-process-typedarray,damp,True,damp console.log-in-loop-content-process-typedarray opt e10s fission stylo webrender-sw,4788178,6,ms,firefox,,1723025524,2023-07-07 18:52:45,1269502,,,,,,,,,,,,,,,,,,,,,,,,,,,,,,,,,,,,,,,,,,,,,,,,,TN
79,80e901c4ae8730b0252c8ec0a16be620158010a7,0.8802967853883881,mozilla-beta,4788727,12,83c4e198d104587f2d2886f22d06d6ee1fd3d589,linux1804-64-shippable-qr,True,False,,,102210fe594ee9b33d82058545b1ed14f4c8206e,console.log-in-loop-content-process-typedarray,damp,True,damp console.log-in-loop-content-process-typedarray opt e10s fission stylo webrender-sw,4788178,6,ms,firefox,,1723374068,2023-07-08 14:56:49,1269733,,,,,,,,,,,,,,,,,,,,,,,,,,,,,,,,,,,,,,,,,,,,,,,,,TN
80,412cbf20869a7438910dbeb0737a67532237ab7f,0.9349585529156563,mozilla-beta,4788727,12,83c4e198d104587f2d2886f22d06d6ee1fd3d589,linux1804-64-shippable-qr,True,False,,,102210fe594ee9b33d82058545b1ed14f4c8206e,console.log-in-loop-content-process-typedarray,damp,True,damp console.log-in-loop-content-process-typedarray opt e10s fission stylo webrender-sw,4788178,6,ms,firefox,,1723405992,2023-07-08 17:59:20,1269749,,,,,,,,,,,,,,,,,,,,,,,,,,,,,,,,,,,,,,,,,,,,,,,,,TN
81,bd50e163e8d84f51ef341846fb9f41f281917384,0.9487707644993577,mozilla-beta,4788727,12,83c4e198d104587f2d2886f22d06d6ee1fd3d589,linux1804-64-shippable-qr,True,False,,,102210fe594ee9b33d82058545b1ed14f4c8206e,console.log-in-loop-content-process-typedarray,damp,True,damp console.log-in-loop-content-process-typedarray opt e10s fission stylo webrender-sw,4788178,6,ms,firefox,,1723596172,2023-07-09 15:07:05,1269852,,,,,,,,,,,,,,,,,,,,,,,,,,,,,,,,,,,,,,,,,,,,,,,,,TN
82,d98ec7555bb1b00ef809e279882492340c88e7a5,0.9036532058403637,mozilla-beta,4788727,12,83c4e198d104587f2d2886f22d06d6ee1fd3d589,linux1804-64-shippable-qr,True,False,,,102210fe594ee9b33d82058545b1ed14f4c8206e,console.log-in-loop-content-process-typedarray,damp,True,damp console.log-in-loop-content-process-typedarray opt e10s fission stylo webrender-sw,4788178,6,ms,firefox,,1723647336,2023-07-09 17:59:49,1269878,,,,,,,,,,,,,,,,,,,,,,,,,,,,,,,,,,,,,,,,,,,,,,,,,TN
83,28f60d3dfc47352e5f5b187c3e4b4a912ed6fed7,0.8787630416001715,mozilla-beta,4788727,12,83c4e198d104587f2d2886f22d06d6ee1fd3d589,linux1804-64-shippable-qr,True,False,,,102210fe594ee9b33d82058545b1ed14f4c8206e,console.log-in-loop-content-process-typedarray,damp,True,damp console.log-in-loop-content-process-typedarray opt e10s fission stylo webrender-sw,4788178,6,ms,firefox,,1724028579,2023-07-10 13:57:38,1270196,,,,,,,,,,,,,,,,,,,,,,,,,,,,,,,,,,,,,,,,,,,,,,,,,TN
84,c80f0af649a4cd12fe9bcdaa48183f8417827feb,0.8478392104142864,mozilla-beta,4788727,12,83c4e198d104587f2d2886f22d06d6ee1fd3d589,linux1804-64-shippable-qr,True,False,,,102210fe594ee9b33d82058545b1ed14f4c8206e,console.log-in-loop-content-process-typedarray,damp,True,damp console.log-in-loop-content-process-typedarray opt e10s fission stylo webrender-sw,4788178,6,ms,firefox,,1724196283,2023-07-10 18:02:54,1270318,,,,,,,,,,,,,,,,,,,,,,,,,,,,,,,,,,,,,,,,,,,,,,,,,TN
85,1dcdc0d37b33c854558ec0ef2561545b2254d192,0.9605403565961921,mozilla-beta,4788727,12,83c4e198d104587f2d2886f22d06d6ee1fd3d589,linux1804-64-shippable-qr,True,False,,,102210fe594ee9b33d82058545b1ed14f4c8206e,console.log-in-loop-content-process-typedarray,damp,True,damp console.log-in-loop-content-process-typedarray opt e10s fission stylo webrender-sw,4788178,6,ms,firefox,,1724292649,2023-07-11 00:09:58,1270529,,,,,,,,,,,,,,,,,,,,,,,,,,,,,,,,,,,,,,,,,,,,,,,,,TN
86,a155fa3223a58c6670aaa0c7f7a621b0a8dfd812,0.9700707346076789,mozilla-beta,4788727,12,83c4e198d104587f2d2886f22d06d6ee1fd3d589,linux1804-64-shippable-qr,True,False,,,102210fe594ee9b33d82058545b1ed14f4c8206e,console.log-in-loop-content-process-typedarray,damp,True,damp console.log-in-loop-content-process-typedarray opt e10s fission stylo webrender-sw,4788178,6,ms,firefox,,1724553779,2023-07-11 12:10:33,1270743,,,,,,,,,,,,,,,,,,,,,,,,,,,,,,,,,,,,,,,,,,,,,,,,,TN
87,d59e19237835de1d09c0980460e8c18f149c2cb1,0.8590337673362307,mozilla-beta,4788727,12,83c4e198d104587f2d2886f22d06d6ee1fd3d589,linux1804-64-shippable-qr,True,False,,,102210fe594ee9b33d82058545b1ed14f4c8206e,console.log-in-loop-content-process-typedarray,damp,True,damp console.log-in-loop-content-process-typedarray opt e10s fission stylo webrender-sw,4788178,6,ms,firefox,,1724596809,2023-07-11 13:49:09,1270799,,,,,,,,,,,,,,,,,,,,,,,,,,,,,,,,,,,,,,,,,,,,,,,,,TN
88,dec4b42fd0a8e659f317a53a70de7fe0a6375b4d,0.9556986067947335,mozilla-beta,4788727,12,83c4e198d104587f2d2886f22d06d6ee1fd3d589,linux1804-64-shippable-qr,True,False,,,102210fe594ee9b33d82058545b1ed14f4c8206e,console.log-in-loop-content-process-typedarray,damp,True,damp console.log-in-loop-content-process-typedarray opt e10s fission stylo webrender-sw,4788178,6,ms,firefox,,1724738870,2023-07-11 17:59:23,1270960,,,,,,,,,,,,,,,,,,,,,,,,,,,,,,,,,,,,,,,,,,,,,,,,,TN
89,d115233f6cf619edaf715843896dd904ffc421cb,0.9396978513305085,mozilla-beta,4788727,12,83c4e198d104587f2d2886f22d06d6ee1fd3d589,linux1804-64-shippable-qr,True,False,,,102210fe594ee9b33d82058545b1ed14f4c8206e,console.log-in-loop-content-process-typedarray,damp,True,damp console.log-in-loop-content-process-typedarray opt e10s fission stylo webrender-sw,4788178,6,ms,firefox,,1724751122,2023-07-11 18:30:52,1270975,,,,,,,,,,,,,,,,,,,,,,,,,,,,,,,,,,,,,,,,,,,,,,,,,TN
90,52c1585352356cd4c42ae2b1385961b2f88be67b,0.8851264271523993,mozilla-beta,4788727,12,83c4e198d104587f2d2886f22d06d6ee1fd3d589,linux1804-64-shippable-qr,True,False,,,102210fe594ee9b33d82058545b1ed14f4c8206e,console.log-in-loop-content-process-typedarray,damp,True,damp console.log-in-loop-content-process-typedarray opt e10s fission stylo webrender-sw,4788178,6,ms,firefox,,1725238833,2023-07-12 18:58:21,1271633,,,,,,,,,,,,,,,,,,,,,,,,,,,,,,,,,,,,,,,,,,,,,,,,,TN
91,3eb5925071ba3fd23d2808498d6db974e022a597,0.9171603013194591,mozilla-beta,4788727,12,83c4e198d104587f2d2886f22d06d6ee1fd3d589,linux1804-64-shippable-qr,True,False,,,102210fe594ee9b33d82058545b1ed14f4c8206e,console.log-in-loop-content-process-typedarray,damp,True,damp console.log-in-loop-content-process-typedarray opt e10s fission stylo webrender-sw,4788178,6,ms,firefox,,1725640177,2023-07-13 14:00:45,1272156,,,,,,,,,,,,,,,,,,,,,,,,,,,,,,,,,,,,,,,,,,,,,,,,,TN
92,4444bd2d76ad1f0ef6f4aff7e59e8e9db81f2305,0.8606059444829297,mozilla-beta,4788727,12,83c4e198d104587f2d2886f22d06d6ee1fd3d589,linux1804-64-shippable-qr,True,False,,,102210fe594ee9b33d82058545b1ed14f4c8206e,console.log-in-loop-content-process-typedarray,damp,True,damp console.log-in-loop-content-process-typedarray opt e10s fission stylo webrender-sw,4788178,6,ms,firefox,,1725657672,2023-07-13 14:21:58,1272177,,,,,,,,,,,,,,,,,,,,,,,,,,,,,,,,,,,,,,,,,,,,,,,,,TN
93,7a01db8a8e8ad141961b2f5fdf44a2e771de0d46,0.9271343455191241,mozilla-beta,4788727,12,83c4e198d104587f2d2886f22d06d6ee1fd3d589,linux1804-64-shippable-qr,True,False,,,102210fe594ee9b33d82058545b1ed14f4c8206e,console.log-in-loop-content-process-typedarray,damp,True,damp console.log-in-loop-content-process-typedarray opt e10s fission stylo webrender-sw,4788178,6,ms,firefox,,1725751018,2023-07-13 16:48:18,1272282,,,,,,,,,,,,,,,,,,,,,,,,,,,,,,,,,,,,,,,,,,,,,,,,,TN
94,1871adf64271aebcccf19ede8eee47585bfadb3c,0.8459461058691824,mozilla-beta,4788727,12,83c4e198d104587f2d2886f22d06d6ee1fd3d589,linux1804-64-shippable-qr,True,False,,,102210fe594ee9b33d82058545b1ed14f4c8206e,console.log-in-loop-content-process-typedarray,damp,True,damp console.log-in-loop-content-process-typedarray opt e10s fission stylo webrender-sw,4788178,6,ms,firefox,,1725776800,2023-07-13 17:59:05,1272345,,,,,,,,,,,,,,,,,,,,,,,,,,,,,,,,,,,,,,,,,,,,,,,,,TN
95,e1d02b6887bb1dcb547f064f74c499da04158df9,0.9024831218062963,mozilla-beta,4788727,12,83c4e198d104587f2d2886f22d06d6ee1fd3d589,linux1804-64-shippable-qr,True,False,,,102210fe594ee9b33d82058545b1ed14f4c8206e,console.log-in-loop-content-process-typedarray,damp,True,damp console.log-in-loop-content-process-typedarray opt e10s fission stylo webrender-sw,4788178,6,ms,firefox,,1726193686,2023-07-14 13:29:22,1272741,,,,,,,,,,,,,,,,,,,,,,,,,,,,,,,,,,,,,,,,,,,,,,,,,TN
96,c83566264750894d2aa083bfec3b4dddcbaf26c7,0.8764215693416482,mozilla-beta,4788727,12,83c4e198d104587f2d2886f22d06d6ee1fd3d589,linux1804-64-shippable-qr,True,False,,,102210fe594ee9b33d82058545b1ed14f4c8206e,console.log-in-loop-content-process-typedarray,damp,True,damp console.log-in-loop-content-process-typedarray opt e10s fission stylo webrender-sw,4788178,6,ms,firefox,,1726244723,2023-07-14 14:18:32,1272769,,,,,,,,,,,,,,,,,,,,,,,,,,,,,,,,,,,,,,,,,,,,,,,,,TN
97,f7629ac11e34075dac560bf31065851d441abc3c,0.8205469049191483,mozilla-beta,4788727,12,83c4e198d104587f2d2886f22d06d6ee1fd3d589,linux1804-64-shippable-qr,True,False,,,102210fe594ee9b33d82058545b1ed14f4c8206e,console.log-in-loop-content-process-typedarray,damp,True,damp console.log-in-loop-content-process-typedarray opt e10s fission stylo webrender-sw,4788178,6,ms,firefox,,1726374538,2023-07-14 17:59:09,1272899,,,,,,,,,,,,,,,,,,,,,,,,,,,,,,,,,,,,,,,,,,,,,,,,,TN
98,dec6f8c6dcc74ba79246da43fd6e20d0eb7f7c0e,0.8112586554555352,mozilla-beta,4788727,12,83c4e198d104587f2d2886f22d06d6ee1fd3d589,linux1804-64-shippable-qr,True,False,,,102210fe594ee9b33d82058545b1ed14f4c8206e,console.log-in-loop-content-process-typedarray,damp,True,damp console.log-in-loop-content-process-typedarray opt e10s fission stylo webrender-sw,4788178,6,ms,firefox,,1726609189,2023-07-15 18:04:22,1273123,,,,,,,,,,,,,,,,,,,,,,,,,,,,,,,,,,,,,,,,,,,,,,,,,TN
99,9c3147a3e07e168fcaabf4b3783fd84c69a9d24e,0.9392822815857707,mozilla-beta,4788727,12,83c4e198d104587f2d2886f22d06d6ee1fd3d589,linux1804-64-shippable-qr,True,False,,,102210fe594ee9b33d82058545b1ed14f4c8206e,console.log-in-loop-content-process-typedarray,damp,True,damp console.log-in-loop-content-process-typedarray opt e10s fission stylo webrender-sw,4788178,6,ms,firefox,,1726731618,2023-07-16 13:41:25,1273177,,,,,,,,,,,,,,,,,,,,,,,,,,,,,,,,,,,,,,,,,,,,,,,,,TN
100,cd8c75069cbacdf88ad33dd00ecb9ab12c7ec1e4,0.7438061632003685,mozilla-beta,4788727,12,83c4e198d104587f2d2886f22d06d6ee1fd3d589,linux1804-64-shippable-qr,True,False,,,102210fe594ee9b33d82058545b1ed14f4c8206e,console.log-in-loop-content-process-typedarray,damp,True,damp console.log-in-loop-content-process-typedarray opt e10s fission stylo webrender-sw,4788178,6,ms,firefox,,1726761864,2023-07-16 18:03:34,1273187,,,,,,,,,,,,,,,,,,,,,,,,,,,,,,,,,,,,,,,,,,,,,,,,,TN
101,6aa12630de4d96f69b09566023e74acb81e116c4,0.9274781203978804,mozilla-beta,4788727,12,83c4e198d104587f2d2886f22d06d6ee1fd3d589,linux1804-64-shippable-qr,True,False,,,102210fe594ee9b33d82058545b1ed14f4c8206e,console.log-in-loop-content-process-typedarray,damp,True,damp console.log-in-loop-content-process-typedarray opt e10s fission stylo webrender-sw,4788178,6,ms,firefox,,1726969332,2023-07-17 15:06:07,1273493,,,,,,,,,,,,,,,,,,,,,,,,,,,,,,,,,,,,,,,,,,,,,,,,,TN
102,2ddfa7d38c38cf2a3242ea76a3326a0586a2efdc,0.828978365819137,mozilla-beta,4788727,12,83c4e198d104587f2d2886f22d06d6ee1fd3d589,linux1804-64-shippable-qr,True,False,,,102210fe594ee9b33d82058545b1ed14f4c8206e,console.log-in-loop-content-process-typedarray,damp,True,damp console.log-in-loop-content-process-typedarray opt e10s fission stylo webrender-sw,4788178,6,ms,firefox,,1727060875,2023-07-17 17:57:13,1273601,,,,,,,,,,,,,,,,,,,,,,,,,,,,,,,,,,,,,,,,,,,,,,,,,TN
103,0423f240445837264164498d5f822c75d5427177,0.8640060810686192,mozilla-beta,4788727,12,83c4e198d104587f2d2886f22d06d6ee1fd3d589,linux1804-64-shippable-qr,True,False,,,102210fe594ee9b33d82058545b1ed14f4c8206e,console.log-in-loop-content-process-typedarray,damp,True,damp console.log-in-loop-content-process-typedarray opt e10s fission stylo webrender-sw,4788178,6,ms,firefox,,1727077881,2023-07-17 18:13:26,1273620,,,,,,,,,,,,,,,,,,,,,,,,,,,,,,,,,,,,,,,,,,,,,,,,,TN
104,ba11c78ce3b0121f57637dd734e829791d2dfcc4,0.9180219363183975,mozilla-beta,4788727,12,83c4e198d104587f2d2886f22d06d6ee1fd3d589,linux1804-64-shippable-qr,True,False,,,102210fe594ee9b33d82058545b1ed14f4c8206e,console.log-in-loop-content-process-typedarray,damp,True,damp console.log-in-loop-content-process-typedarray opt e10s fission stylo webrender-sw,4788178,6,ms,firefox,,1727506363,2023-07-18 12:20:04,1274042,,,,,,,,,,,,,,,,,,,,,,,,,,,,,,,,,,,,,,,,,,,,,,,,,TN
105,fd830f72726b11de269b925cbd66ea0645dd9491,0.865115914735274,mozilla-beta,4788727,12,83c4e198d104587f2d2886f22d06d6ee1fd3d589,linux1804-64-shippable-qr,True,False,,,102210fe594ee9b33d82058545b1ed14f4c8206e,console.log-in-loop-content-process-typedarray,damp,True,damp console.log-in-loop-content-process-typedarray opt e10s fission stylo webrender-sw,4788178,6,ms,firefox,,1727639452,2023-07-18 17:47:25,1274232,,,,,,,,,,,,,,,,,,,,,,,,,,,,,,,,,,,,,,,,,,,,,,,,,TN
106,34301d4d9d7ede8d86907dd4cc41f9fc7d5d7d94,0.8326704316973537,mozilla-beta,4788727,12,83c4e198d104587f2d2886f22d06d6ee1fd3d589,linux1804-64-shippable-qr,True,False,,,102210fe594ee9b33d82058545b1ed14f4c8206e,console.log-in-loop-content-process-typedarray,damp,True,damp console.log-in-loop-content-process-typedarray opt e10s fission stylo webrender-sw,4788178,6,ms,firefox,,1727678596,2023-07-18 18:01:35,1274236,,,,,,,,,,,,,,,,,,,,,,,,,,,,,,,,,,,,,,,,,,,,,,,,,TN
107,23424f65527c2d906a02bfe4779aff416f03826d,0.9530615824931035,mozilla-beta,4788727,12,83c4e198d104587f2d2886f22d06d6ee1fd3d589,linux1804-64-shippable-qr,True,False,,,102210fe594ee9b33d82058545b1ed14f4c8206e,console.log-in-loop-content-process-typedarray,damp,True,damp console.log-in-loop-content-process-typedarray opt e10s fission stylo webrender-sw,4788178,6,ms,firefox,,1727691801,2023-07-18 18:53:23,1274269,,,,,,,,,,,,,,,,,,,,,,,,,,,,,,,,,,,,,,,,,,,,,,,,,TN
108,6f204c3c5e075defb94fcfdadf1d930df5d3f825,0.7217443849981415,mozilla-beta,4788727,12,83c4e198d104587f2d2886f22d06d6ee1fd3d589,linux1804-64-shippable-qr,True,False,,,102210fe594ee9b33d82058545b1ed14f4c8206e,console.log-in-loop-content-process-typedarray,damp,True,damp console.log-in-loop-content-process-typedarray opt e10s fission stylo webrender-sw,4788178,6,ms,firefox,,1728239215,2023-07-19 12:20:45,1274751,,,,,,,,,,,,,,,,,,,,,,,,,,,,,,,,,,,,,,,,,,,,,,,,,TN
109,4430f8a728a733f89b6ac8b245537ab570eb2292,0.8126817201882734,mozilla-beta,4788727,12,83c4e198d104587f2d2886f22d06d6ee1fd3d589,linux1804-64-shippable-qr,True,False,,,102210fe594ee9b33d82058545b1ed14f4c8206e,console.log-in-loop-content-process-typedarray,damp,True,damp console.log-in-loop-content-process-typedarray opt e10s fission stylo webrender-sw,4788178,6,ms,firefox,,1728508529,2023-07-19 18:07:09,1275008,,,,,,,,,,,,,,,,,,,,,,,,,,,,,,,,,,,,,,,,,,,,,,,,,TN
110,1904bb52d22fea887c5b39ecfd3e3104422033f9,0.8551867443394987,mozilla-beta,4788727,12,83c4e198d104587f2d2886f22d06d6ee1fd3d589,linux1804-64-shippable-qr,True,False,,,102210fe594ee9b33d82058545b1ed14f4c8206e,console.log-in-loop-content-process-typedarray,damp,True,damp console.log-in-loop-content-process-typedarray opt e10s fission stylo webrender-sw,4788178,6,ms,firefox,,1728587119,2023-07-19 19:46:06,1275079,,,,,,,,,,,,,,,,,,,,,,,,,,,,,,,,,,,,,,,,,,,,,,,,,TN
111,00c1f4a8d5f8d4a18552a30a6994608f4418116d,0.8015460611402596,mozilla-beta,4788727,12,83c4e198d104587f2d2886f22d06d6ee1fd3d589,linux1804-64-shippable-qr,True,False,,,102210fe594ee9b33d82058545b1ed14f4c8206e,console.log-in-loop-content-process-typedarray,damp,True,damp console.log-in-loop-content-process-typedarray opt e10s fission stylo webrender-sw,4788178,6,ms,firefox,,1729114709,2023-07-20 15:57:45,1275567,,,,,,,,,,,,,,,,,,,,,,,,,,,,,,,,,,,,,,,,,,,,,,,,,TN
112,a241d89b662e14a0ac4aabf56849c2b161b6d70d,0.8449620057994385,mozilla-beta,4788727,12,83c4e198d104587f2d2886f22d06d6ee1fd3d589,linux1804-64-shippable-qr,True,False,,,102210fe594ee9b33d82058545b1ed14f4c8206e,console.log-in-loop-content-process-typedarray,damp,True,damp console.log-in-loop-content-process-typedarray opt e10s fission stylo webrender-sw,4788178,6,ms,firefox,,1729191349,2023-07-20 17:59:27,1275658,,,,,,,,,,,,,,,,,,,,,,,,,,,,,,,,,,,,,,,,,,,,,,,,,TN
113,5400bd70e968c76d1d67abea7e072f5db3e06c80,0.6771863722427973,mozilla-beta,4788727,12,83c4e198d104587f2d2886f22d06d6ee1fd3d589,linux1804-64-shippable-qr,True,False,,,102210fe594ee9b33d82058545b1ed14f4c8206e,console.log-in-loop-content-process-typedarray,damp,True,damp console.log-in-loop-content-process-typedarray opt e10s fission stylo webrender-sw,4788178,6,ms,firefox,,1729266508,2023-07-20 20:00:12,1275753,,,,,,,,,,,,,,,,,,,,,,,,,,,,,,,,,,,,,,,,,,,,,,,,,TN
114,d9bbcab92460808ed9148655ab4c6e3dcf9239ef,0.8231269312782055,mozilla-beta,4788727,12,83c4e198d104587f2d2886f22d06d6ee1fd3d589,linux1804-64-shippable-qr,True,False,,,102210fe594ee9b33d82058545b1ed14f4c8206e,console.log-in-loop-content-process-typedarray,damp,True,damp console.log-in-loop-content-process-typedarray opt e10s fission stylo webrender-sw,4788178,6,ms,firefox,,1729707349,2023-07-21 16:06:45,1276242,,,,,,,,,,,,,,,,,,,,,,,,,,,,,,,,,,,,,,,,,,,,,,,,,TN
115,763d601a05a7b017806cf139e475a959e5c7912a,0.8752345630371168,mozilla-beta,4788727,12,83c4e198d104587f2d2886f22d06d6ee1fd3d589,linux1804-64-shippable-qr,True,False,,,102210fe594ee9b33d82058545b1ed14f4c8206e,console.log-in-loop-content-process-typedarray,damp,True,damp console.log-in-loop-content-process-typedarray opt e10s fission stylo webrender-sw,4788178,6,ms,firefox,,1729774871,2023-07-21 18:01:34,1276334,,,,,,,,,,,,,,,,,,,,,,,,,,,,,,,,,,,,,,,,,,,,,,,,,TN
116,5ebae42b46a0a71153c76180dd9808c42692be79,0.8310892540281505,mozilla-beta,4788727,12,83c4e198d104587f2d2886f22d06d6ee1fd3d589,linux1804-64-shippable-qr,True,False,,,102210fe594ee9b33d82058545b1ed14f4c8206e,console.log-in-loop-content-process-typedarray,damp,True,damp console.log-in-loop-content-process-typedarray opt e10s fission stylo webrender-sw,4788178,6,ms,firefox,,1730147618,2023-07-22 18:01:26,1276660,,,,,,,,,,,,,,,,,,,,,,,,,,,,,,,,,,,,,,,,,,,,,,,,,TN
117,7c3347ba3478b9ce3fde17fa0acb3ea3b06dfa38,0.6782988303909376,mozilla-beta,4788727,12,83c4e198d104587f2d2886f22d06d6ee1fd3d589,linux1804-64-shippable-qr,True,False,,,102210fe594ee9b33d82058545b1ed14f4c8206e,console.log-in-loop-content-process-typedarray,damp,True,damp console.log-in-loop-content-process-typedarray opt e10s fission stylo webrender-sw,4788178,6,ms,firefox,,1730294443,2023-07-23 15:25:49,1276709,,,,,,,,,,,,,,,,,,,,,,,,,,,,,,,,,,,,,,,,,,,,,,,,,TN
118,c26da009d2a4c447ccda98478b30b0fd5c842a79,0.6800074161729461,mozilla-beta,4788727,12,83c4e198d104587f2d2886f22d06d6ee1fd3d589,linux1804-64-shippable-qr,True,False,,,102210fe594ee9b33d82058545b1ed14f4c8206e,console.log-in-loop-content-process-typedarray,damp,True,damp console.log-in-loop-content-process-typedarray opt e10s fission stylo webrender-sw,4788178,6,ms,firefox,,1730320500,2023-07-23 17:59:43,1276731,,,,,,,,,,,,,,,,,,,,,,,,,,,,,,,,,,,,,,,,,,,,,,,,,TN
119,23b1fabe6e02b63b59821e274cdbc8766b97e74a,0.7597489385542202,mozilla-beta,4788727,12,83c4e198d104587f2d2886f22d06d6ee1fd3d589,linux1804-64-shippable-qr,True,False,,,102210fe594ee9b33d82058545b1ed14f4c8206e,console.log-in-loop-content-process-typedarray,damp,True,damp console.log-in-loop-content-process-typedarray opt e10s fission stylo webrender-sw,4788178,6,ms,firefox,,1730393656,2023-07-24 00:28:48,1276770,,,,,,,,,,,,,,,,,,,,,,,,,,,,,,,,,,,,,,,,,,,,,,,,,TN
120,316000c523d79e787604ca918d12752f1d5c1433,0.8188319752982713,mozilla-beta,4788727,12,83c4e198d104587f2d2886f22d06d6ee1fd3d589,linux1804-64-shippable-qr,True,False,,,102210fe594ee9b33d82058545b1ed14f4c8206e,console.log-in-loop-content-process-typedarray,damp,True,damp console.log-in-loop-content-process-typedarray opt e10s fission stylo webrender-sw,4788178,6,ms,firefox,,1730685176,2023-07-24 12:18:38,1276942,,,,,,,,,,,,,,,,,,,,,,,,,,,,,,,,,,,,,,,,,,,,,,,,,TN
121,f4da117c89d1c6b7d53312065fbf3b32ac05c195,0.8730014351727315,mozilla-beta,4788727,12,83c4e198d104587f2d2886f22d06d6ee1fd3d589,linux1804-64-shippable-qr,True,False,,,102210fe594ee9b33d82058545b1ed14f4c8206e,console.log-in-loop-content-process-typedarray,damp,True,damp console.log-in-loop-content-process-typedarray opt e10s fission stylo webrender-sw,4788178,6,ms,firefox,,1733555433,2023-07-31 15:02:16,1280395,,,,,,,,,,,,,,,,,,,,,,,,,,,,,,,,,,,,,,,,,,,,,,,,,TN
122,0d4550c5bbe5e5c9d652f6f76ed2b84801006a72,0.9732948055150481,mozilla-beta,4788727,12,83c4e198d104587f2d2886f22d06d6ee1fd3d589,linux1804-64-shippable-qr,True,False,,,102210fe594ee9b33d82058545b1ed14f4c8206e,console.log-in-loop-content-process-typedarray,damp,True,damp console.log-in-loop-content-process-typedarray opt e10s fission stylo webrender-sw,4788178,6,ms,firefox,,1734292230,2023-08-01 17:41:49,1281125,,,,,,,,,,,,,,,,,,,,,,,,,,,,,,,,,,,,,,,,,,,,,,,,,TN
123,d2d0e657cc37b8045725d3ec3b95537958a2a906,0.9370182395831477,mozilla-beta,4788727,12,83c4e198d104587f2d2886f22d06d6ee1fd3d589,linux1804-64-shippable-qr,True,False,,,102210fe594ee9b33d82058545b1ed14f4c8206e,console.log-in-loop-content-process-typedarray,damp,True,damp console.log-in-loop-content-process-typedarray opt e10s fission stylo webrender-sw,4788178,6,ms,firefox,,1734285072,2023-08-01 18:01:59,1281146,,,,,,,,,,,,,,,,,,,,,,,,,,,,,,,,,,,,,,,,,,,,,,,,,TN
124,0fb6863005d9a9c13e9baacd3f1b161fff28e9be,0.9074651928136719,mozilla-beta,4788727,12,83c4e198d104587f2d2886f22d06d6ee1fd3d589,linux1804-64-shippable-qr,True,False,,,102210fe594ee9b33d82058545b1ed14f4c8206e,console.log-in-loop-content-process-typedarray,damp,True,damp console.log-in-loop-content-process-typedarray opt e10s fission stylo webrender-sw,4788178,6,ms,firefox,,1734741442,2023-08-02 15:58:45,1281670,,,,,,,,,,,,,,,,,,,,,,,,,,,,,,,,,,,,,,,,,,,,,,,,,TN
125,17026ac3512076aea21a114891abaeb7d86eefd1,0.9140125335899421,mozilla-beta,4788727,12,83c4e198d104587f2d2886f22d06d6ee1fd3d589,linux1804-64-shippable-qr,True,False,,,102210fe594ee9b33d82058545b1ed14f4c8206e,console.log-in-loop-content-process-typedarray,damp,True,damp console.log-in-loop-content-process-typedarray opt e10s fission stylo webrender-sw,4788178,6,ms,firefox,,1734811205,2023-08-02 18:03:06,1281761,,,,,,,,,,,,,,,,,,,,,,,,,,,,,,,,,,,,,,,,,,,,,,,,,TN
126,65512c991660c1242db1c099b252edf75f9155df,0.9442537258580463,mozilla-beta,4788727,12,83c4e198d104587f2d2886f22d06d6ee1fd3d589,linux1804-64-shippable-qr,True,False,,,102210fe594ee9b33d82058545b1ed14f4c8206e,console.log-in-loop-content-process-typedarray,damp,True,damp console.log-in-loop-content-process-typedarray opt e10s fission stylo webrender-sw,4788178,6,ms,firefox,,1735031770,2023-08-03 00:35:45,1282034,,,,,,,,,,,,,,,,,,,,,,,,,,,,,,,,,,,,,,,,,,,,,,,,,TN
127,de78a2160c98777d7df3d1abcfa1fa1ba2fc1ebf,0.8657428599007235,mozilla-beta,4788727,12,83c4e198d104587f2d2886f22d06d6ee1fd3d589,linux1804-64-shippable-qr,True,False,,,102210fe594ee9b33d82058545b1ed14f4c8206e,console.log-in-loop-content-process-typedarray,damp,True,damp console.log-in-loop-content-process-typedarray opt e10s fission stylo webrender-sw,4788178,6,ms,firefox,,1735062498,2023-08-03 02:40:36,1282073,,,,,,,,,,,,,,,,,,,,,,,,,,,,,,,,,,,,,,,,,,,,,,,,,TN
128,38b5901830d175ff8ead19ae53ded689c990a2c2,0.8674452467539653,mozilla-beta,4788727,12,83c4e198d104587f2d2886f22d06d6ee1fd3d589,linux1804-64-shippable-qr,True,False,,,102210fe594ee9b33d82058545b1ed14f4c8206e,console.log-in-loop-content-process-typedarray,damp,True,damp console.log-in-loop-content-process-typedarray opt e10s fission stylo webrender-sw,4788178,6,ms,firefox,,1735373572,2023-08-03 15:42:06,1282357,,,,,,,,,,,,,,,,,,,,,,,,,,,,,,,,,,,,,,,,,,,,,,,,,TN
129,8aec3eecd3933c24b1ffc49b81133e628bdbd9b7,0.8146143368663452,mozilla-beta,4788727,12,83c4e198d104587f2d2886f22d06d6ee1fd3d589,linux1804-64-shippable-qr,True,False,,,102210fe594ee9b33d82058545b1ed14f4c8206e,console.log-in-loop-content-process-typedarray,damp,True,damp console.log-in-loop-content-process-typedarray opt e10s fission stylo webrender-sw,4788178,6,ms,firefox,,1735439450,2023-08-03 16:45:02,1282417,,,,,,,,,,,,,,,,,,,,,,,,,,,,,,,,,,,,,,,,,,,,,,,,,TN
130,7a8dadfc175109672e932eff3fa2b2e788227e0c,0.9592691897701786,mozilla-beta,4788727,12,83c4e198d104587f2d2886f22d06d6ee1fd3d589,linux1804-64-shippable-qr,True,False,,,102210fe594ee9b33d82058545b1ed14f4c8206e,console.log-in-loop-content-process-typedarray,damp,True,damp console.log-in-loop-content-process-typedarray opt e10s fission stylo webrender-sw,4788178,6,ms,firefox,,1735509256,2023-08-03 18:02:21,1282452,,,,,,,,,,,,,,,,,,,,,,,,,,,,,,,,,,,,,,,,,,,,,,,,,TN
131,edbfa38873a723ceaf42ead3644bfd365d31f689,0.8295629489543481,mozilla-beta,4788727,12,83c4e198d104587f2d2886f22d06d6ee1fd3d589,linux1804-64-shippable-qr,True,False,,,102210fe594ee9b33d82058545b1ed14f4c8206e,console.log-in-loop-content-process-typedarray,damp,True,damp console.log-in-loop-content-process-typedarray opt e10s fission stylo webrender-sw,4788178,6,ms,firefox,,1735682890,2023-08-04 01:00:05,1282688,,,,,,,,,,,,,,,,,,,,,,,,,,,,,,,,,,,,,,,,,,,,,,,,,TN
132,926c0c79b59e3a541f918893ea054164454095f6,0.9094545015130526,mozilla-beta,4788727,12,83c4e198d104587f2d2886f22d06d6ee1fd3d589,linux1804-64-shippable-qr,True,False,,,102210fe594ee9b33d82058545b1ed14f4c8206e,console.log-in-loop-content-process-typedarray,damp,True,damp console.log-in-loop-content-process-typedarray opt e10s fission stylo webrender-sw,4788178,6,ms,firefox,,1735700624,2023-08-04 01:46:46,1282708,,,,,,,,,,,,,,,,,,,,,,,,,,,,,,,,,,,,,,,,,,,,,,,,,TN
133,f564a62af1d5a66c0cbc395f85508fd0aba080a7,0.8620261432173368,mozilla-beta,4788727,12,83c4e198d104587f2d2886f22d06d6ee1fd3d589,linux1804-64-shippable-qr,True,False,,,102210fe594ee9b33d82058545b1ed14f4c8206e,console.log-in-loop-content-process-typedarray,damp,True,damp console.log-in-loop-content-process-typedarray opt e10s fission stylo webrender-sw,4788178,6,ms,firefox,,1736018250,2023-08-04 14:18:49,1282986,,,,,,,,,,,,,,,,,,,,,,,,,,,,,,,,,,,,,,,,,,,,,,,,,TN
134,67612b68bc23712e04e49bd79bf8c027bb9a438d,0.8563047251697524,mozilla-beta,4788727,12,83c4e198d104587f2d2886f22d06d6ee1fd3d589,linux1804-64-shippable-qr,True,False,,,102210fe594ee9b33d82058545b1ed14f4c8206e,console.log-in-loop-content-process-typedarray,damp,True,damp console.log-in-loop-content-process-typedarray opt e10s fission stylo webrender-sw,4788178,6,ms,firefox,,1736187887,2023-08-04 18:01:22,1283137,,,,,,,,,,,,,,,,,,,,,,,,,,,,,,,,,,,,,,,,,,,,,,,,,TN
135,cd87be9c7e34460013b2770c9ee2e03c35627cc7,0.9121393139202607,mozilla-beta,4788727,12,83c4e198d104587f2d2886f22d06d6ee1fd3d589,linux1804-64-shippable-qr,True,False,,,102210fe594ee9b33d82058545b1ed14f4c8206e,console.log-in-loop-content-process-typedarray,damp,True,damp console.log-in-loop-content-process-typedarray opt e10s fission stylo webrender-sw,4788178,6,ms,firefox,,1736338089,2023-08-05 00:48:58,1283292,,,,,,,,,,,,,,,,,,,,,,,,,,,,,,,,,,,,,,,,,,,,,,,,,TN
136,afd2356274aeb8ff8b60713edb74477cf7d6b3ee,0.8501806343693934,mozilla-beta,4788727,12,83c4e198d104587f2d2886f22d06d6ee1fd3d589,linux1804-64-shippable-qr,True,False,,,102210fe594ee9b33d82058545b1ed14f4c8206e,console.log-in-loop-content-process-typedarray,damp,True,damp console.log-in-loop-content-process-typedarray opt e10s fission stylo webrender-sw,4788178,6,ms,firefox,,1736498279,2023-08-05 18:00:42,1283353,,,,,,,,,,,,,,,,,,,,,,,,,,,,,,,,,,,,,,,,,,,,,,,,,TN
137,600425a20e1e547262a69eb78c1d0000a545aa8c,0.8843691756736338,mozilla-beta,4788727,12,83c4e198d104587f2d2886f22d06d6ee1fd3d589,linux1804-64-shippable-qr,True,False,,,102210fe594ee9b33d82058545b1ed14f4c8206e,console.log-in-loop-content-process-typedarray,damp,True,damp console.log-in-loop-content-process-typedarray opt e10s fission stylo webrender-sw,4788178,6,ms,firefox,,1736574753,2023-08-06 16:43:56,1283426,,,,,,,,,,,,,,,,,,,,,,,,,,,,,,,,,,,,,,,,,,,,,,,,,TN
138,fd6a630299cc7a67e2af0ea85515fa7f31773d43,0.9504426558433137,mozilla-beta,4788727,12,83c4e198d104587f2d2886f22d06d6ee1fd3d589,linux1804-64-shippable-qr,True,False,,,102210fe594ee9b33d82058545b1ed14f4c8206e,console.log-in-loop-content-process-typedarray,damp,True,damp console.log-in-loop-content-process-typedarray opt e10s fission stylo webrender-sw,4788178,6,ms,firefox,,1736587286,2023-08-06 18:01:10,1283429,,,,,,,,,,,,,,,,,,,,,,,,,,,,,,,,,,,,,,,,,,,,,,,,,TN
139,c1be2c53674ac35df4fa9981b969e0c7338db634,0.8390390179093417,mozilla-beta,4788727,12,83c4e198d104587f2d2886f22d06d6ee1fd3d589,linux1804-64-shippable-qr,True,False,,,102210fe594ee9b33d82058545b1ed14f4c8206e,console.log-in-loop-content-process-typedarray,damp,True,damp console.log-in-loop-content-process-typedarray opt e10s fission stylo webrender-sw,4788178,6,ms,firefox,,1736901794,2023-08-07 14:27:22,1283738,,,,,,,,,,,,,,,,,,,,,,,,,,,,,,,,,,,,,,,,,,,,,,,,,TN
140,0719ff67d72e82af324ff0d60454cb7b64475ea8,0.9622743338345292,mozilla-beta,4788727,12,83c4e198d104587f2d2886f22d06d6ee1fd3d589,linux1804-64-shippable-qr,True,False,,,102210fe594ee9b33d82058545b1ed14f4c8206e,console.log-in-loop-content-process-typedarray,damp,True,damp console.log-in-loop-content-process-typedarray opt e10s fission stylo webrender-sw,4788178,6,ms,firefox,,1736986543,2023-08-07 18:00:13,1283851,,,,,,,,,,,,,,,,,,,,,,,,,,,,,,,,,,,,,,,,,,,,,,,,,TN
141,2139e838f412d9530de885d86795cb20acd799ec,0.908800152252141,mozilla-beta,4788727,12,83c4e198d104587f2d2886f22d06d6ee1fd3d589,linux1804-64-shippable-qr,True,False,,,102210fe594ee9b33d82058545b1ed14f4c8206e,console.log-in-loop-content-process-typedarray,damp,True,damp console.log-in-loop-content-process-typedarray opt e10s fission stylo webrender-sw,4788178,6,ms,firefox,,1737513682,2023-08-08 17:20:55,1284441,,,,,,,,,,,,,,,,,,,,,,,,,,,,,,,,,,,,,,,,,,,,,,,,,TN
142,28729171cb22279cc197e994df3a3af4cb93dd03,0.9633565540911144,mozilla-beta,4788727,12,83c4e198d104587f2d2886f22d06d6ee1fd3d589,linux1804-64-shippable-qr,True,False,,,102210fe594ee9b33d82058545b1ed14f4c8206e,console.log-in-loop-content-process-typedarray,damp,True,damp console.log-in-loop-content-process-typedarray opt e10s fission stylo webrender-sw,4788178,6,ms,firefox,,1737532107,2023-08-08 18:01:14,1284477,,,,,,,,,,,,,,,,,,,,,,,,,,,,,,,,,,,,,,,,,,,,,,,,,TN
143,2658ff909fe46ea384283ab987ff064826d3847f,0.8785322482363469,mozilla-beta,4788727,12,83c4e198d104587f2d2886f22d06d6ee1fd3d589,linux1804-64-shippable-qr,True,False,,,102210fe594ee9b33d82058545b1ed14f4c8206e,console.log-in-loop-content-process-typedarray,damp,True,damp console.log-in-loop-content-process-typedarray opt e10s fission stylo webrender-sw,4788178,6,ms,firefox,,1737561175,2023-08-08 18:43:39,1284502,,,,,,,,,,,,,,,,,,,,,,,,,,,,,,,,,,,,,,,,,,,,,,,,,TN
144,cfdaf87ed056aaae59e32176b35e15dd0ccd4b1a,0.9307868187588353,mozilla-beta,4788727,12,83c4e198d104587f2d2886f22d06d6ee1fd3d589,linux1804-64-shippable-qr,True,False,,,102210fe594ee9b33d82058545b1ed14f4c8206e,console.log-in-loop-content-process-typedarray,damp,True,damp console.log-in-loop-content-process-typedarray opt e10s fission stylo webrender-sw,4788178,6,ms,firefox,,1737672642,2023-08-08 21:55:02,1284626,,,,,,,,,,,,,,,,,,,,,,,,,,,,,,,,,,,,,,,,,,,,,,,,,TN
145,6bd589246bd42f4ee499b2c5a66490fed5d80f39,0.8660168525526015,mozilla-beta,4788727,12,83c4e198d104587f2d2886f22d06d6ee1fd3d589,linux1804-64-shippable-qr,True,False,,,102210fe594ee9b33d82058545b1ed14f4c8206e,console.log-in-loop-content-process-typedarray,damp,True,damp console.log-in-loop-content-process-typedarray opt e10s fission stylo webrender-sw,4788178,6,ms,firefox,,1738179811,2023-08-09 18:01:13,1285212,,,,,,,,,,,,,,,,,,,,,,,,,,,,,,,,,,,,,,,,,,,,,,,,,TN
146,433d3b5055bdc140654b579bc823a855330ee44e,0.9275711687339738,mozilla-beta,4788727,12,83c4e198d104587f2d2886f22d06d6ee1fd3d589,linux1804-64-shippable-qr,True,False,,,102210fe594ee9b33d82058545b1ed14f4c8206e,console.log-in-loop-content-process-typedarray,damp,True,damp console.log-in-loop-content-process-typedarray opt e10s fission stylo webrender-sw,4788178,6,ms,firefox,,1738230399,2023-08-09 19:20:20,1285276,,,,,,,,,,,,,,,,,,,,,,,,,,,,,,,,,,,,,,,,,,,,,,,,,TN
147,fa00393d9b3fe6becf61c250b9576e461b7c5570,0.8736857003031075,mozilla-beta,4788727,12,83c4e198d104587f2d2886f22d06d6ee1fd3d589,linux1804-64-shippable-qr,True,False,,,102210fe594ee9b33d82058545b1ed14f4c8206e,console.log-in-loop-content-process-typedarray,damp,True,damp console.log-in-loop-content-process-typedarray opt e10s fission stylo webrender-sw,4788178,6,ms,firefox,,1738731985,2023-08-10 15:15:03,1285771,,,,,,,,,,,,,,,,,,,,,,,,,,,,,,,,,,,,,,,,,,,,,,,,,TN
148,3db6a1040c55acf5f5e7ae366545276b178866f9,0.9260283278163914,mozilla-beta,4788727,12,83c4e198d104587f2d2886f22d06d6ee1fd3d589,linux1804-64-shippable-qr,True,False,,,102210fe594ee9b33d82058545b1ed14f4c8206e,console.log-in-loop-content-process-typedarray,damp,True,damp console.log-in-loop-content-process-typedarray opt e10s fission stylo webrender-sw,4788178,6,ms,firefox,,1738816578,2023-08-10 17:30:49,1285856,,,,,,,,,,,,,,,,,,,,,,,,,,,,,,,,,,,,,,,,,,,,,,,,,TN
149,21c1a6306679d8bc0dad3f2c85fb5d4de03d33a5,0.9488198567950019,mozilla-beta,4788727,12,83c4e198d104587f2d2886f22d06d6ee1fd3d589,linux1804-64-shippable-qr,True,False,,,102210fe594ee9b33d82058545b1ed14f4c8206e,console.log-in-loop-content-process-typedarray,damp,True,damp console.log-in-loop-content-process-typedarray opt e10s fission stylo webrender-sw,4788178,6,ms,firefox,,1738836008,2023-08-10 17:48:51,1285874,,,,,,,,,,,,,,,,,,,,,,,,,,,,,,,,,,,,,,,,,,,,,,,,,TN
150,1c49b7aae46f2efa55d93f31c950239b146067c3,0.9161787613267824,mozilla-beta,4788727,12,83c4e198d104587f2d2886f22d06d6ee1fd3d589,linux1804-64-shippable-qr,True,False,,,102210fe594ee9b33d82058545b1ed14f4c8206e,console.log-in-loop-content-process-typedarray,damp,True,damp console.log-in-loop-content-process-typedarray opt e10s fission stylo webrender-sw,4788178,6,ms,firefox,,1738838594,2023-08-10 18:00:04,1285882,,,,,,,,,,,,,,,,,,,,,,,,,,,,,,,,,,,,,,,,,,,,,,,,,TN
151,d6ffe323ddf142af3dd664b098a59dc4973bd423,0.882449665302163,mozilla-beta,4788727,12,83c4e198d104587f2d2886f22d06d6ee1fd3d589,linux1804-64-shippable-qr,True,False,,,102210fe594ee9b33d82058545b1ed14f4c8206e,console.log-in-loop-content-process-typedarray,damp,True,damp console.log-in-loop-content-process-typedarray opt e10s fission stylo webrender-sw,4788178,6,ms,firefox,,1738896568,2023-08-10 18:18:19,1285902,,,,,,,,,,,,,,,,,,,,,,,,,,,,,,,,,,,,,,,,,,,,,,,,,TN
152,19a2c76dc9990f44dbeac102736d2e99be839317,0.2601696848070101,mozilla-beta,4788727,12,83c4e198d104587f2d2886f22d06d6ee1fd3d589,linux1804-64-shippable-qr,True,False,,,102210fe594ee9b33d82058545b1ed14f4c8206e,console.log-in-loop-content-process-typedarray,damp,True,damp console.log-in-loop-content-process-typedarray opt e10s fission stylo webrender-sw,4788178,6,ms,firefox,,1739280774,2023-08-11 15:21:13,1286357,,,,,,,,,,,,,,,,,,,,,,,,,,,,,,,,,,,,,,,,,,,,,,,,,TN
153,fe2aaa3aafcf697f35b8250eca545ed76a62162f,0.8537256809784659,mozilla-beta,4788727,12,83c4e198d104587f2d2886f22d06d6ee1fd3d589,linux1804-64-shippable-qr,True,False,,,102210fe594ee9b33d82058545b1ed14f4c8206e,console.log-in-loop-content-process-typedarray,damp,True,damp console.log-in-loop-content-process-typedarray opt e10s fission stylo webrender-sw,4788178,6,ms,firefox,,1739316906,2023-08-11 16:51:16,1286431,,,,,,,,,,,,,,,,,,,,,,,,,,,,,,,,,,,,,,,,,,,,,,,,,TN
154,bc09740beb8c1ae802df1ad952223a369daac18f,0.869272063013935,mozilla-beta,4788727,12,83c4e198d104587f2d2886f22d06d6ee1fd3d589,linux1804-64-shippable-qr,True,False,,,102210fe594ee9b33d82058545b1ed14f4c8206e,console.log-in-loop-content-process-typedarray,damp,True,damp console.log-in-loop-content-process-typedarray opt e10s fission stylo webrender-sw,4788178,6,ms,firefox,,1739350261,2023-08-11 17:58:53,1286483,,,,,,,,,,,,,,,,,,,,,,,,,,,,,,,,,,,,,,,,,,,,,,,,,TN
155,e62bf69c57f2d75551e80a25236b19d1892709b3,0.8468843982703307,mozilla-beta,4788727,12,83c4e198d104587f2d2886f22d06d6ee1fd3d589,linux1804-64-shippable-qr,True,False,,,102210fe594ee9b33d82058545b1ed14f4c8206e,console.log-in-loop-content-process-typedarray,damp,True,damp console.log-in-loop-content-process-typedarray opt e10s fission stylo webrender-sw,4788178,6,ms,firefox,,1739392677,2023-08-11 19:35:29,1286549,,,,,,,,,,,,,,,,,,,,,,,,,,,,,,,,,,,,,,,,,,,,,,,,,TN
156,19a38682aee82796d601e53801a5d4eb10664812,0.8456628228746261,mozilla-beta,4788727,12,83c4e198d104587f2d2886f22d06d6ee1fd3d589,linux1804-64-shippable-qr,True,False,,,102210fe594ee9b33d82058545b1ed14f4c8206e,console.log-in-loop-content-process-typedarray,damp,True,damp console.log-in-loop-content-process-typedarray opt e10s fission stylo webrender-sw,4788178,6,ms,firefox,,1739651894,2023-08-12 16:03:48,1286674,,,,,,,,,,,,,,,,,,,,,,,,,,,,,,,,,,,,,,,,,,,,,,,,,TN
157,77b053e8ee09973807d49b1888c31ea21118362f,0.8643104565220954,mozilla-beta,4788727,12,83c4e198d104587f2d2886f22d06d6ee1fd3d589,linux1804-64-shippable-qr,True,False,,,102210fe594ee9b33d82058545b1ed14f4c8206e,console.log-in-loop-content-process-typedarray,damp,True,damp console.log-in-loop-content-process-typedarray opt e10s fission stylo webrender-sw,4788178,6,ms,firefox,,1739684001,2023-08-12 18:00:10,1286689,,,,,,,,,,,,,,,,,,,,,,,,,,,,,,,,,,,,,,,,,,,,,,,,,TN
158,4cf69f7029b8d6f7a38adb83cd6852ac008d6be2,0.848632882612196,mozilla-beta,4788727,12,83c4e198d104587f2d2886f22d06d6ee1fd3d589,linux1804-64-shippable-qr,True,False,,,102210fe594ee9b33d82058545b1ed14f4c8206e,console.log-in-loop-content-process-typedarray,damp,True,damp console.log-in-loop-content-process-typedarray opt e10s fission stylo webrender-sw,4788178,6,ms,firefox,,1739832185,2023-08-13 16:52:58,1286761,,,,,,,,,,,,,,,,,,,,,,,,,,,,,,,,,,,,,,,,,,,,,,,,,TN
159,2300f9ca9d4fa74443ed2c5542bb1b22167a28df,0.8460093510438798,mozilla-beta,4788727,12,83c4e198d104587f2d2886f22d06d6ee1fd3d589,linux1804-64-shippable-qr,True,False,,,102210fe594ee9b33d82058545b1ed14f4c8206e,console.log-in-loop-content-process-typedarray,damp,True,damp console.log-in-loop-content-process-typedarray opt e10s fission stylo webrender-sw,4788178,6,ms,firefox,,1739845189,2023-08-13 17:23:23,1286763,,,,,,,,,,,,,,,,,,,,,,,,,,,,,,,,,,,,,,,,,,,,,,,,,TN
160,b6ac990feb967837e10ccf2232c15c9acc4542db,0.9358512308617559,mozilla-beta,4788727,12,83c4e198d104587f2d2886f22d06d6ee1fd3d589,linux1804-64-shippable-qr,True,False,,,102210fe594ee9b33d82058545b1ed14f4c8206e,console.log-in-loop-content-process-typedarray,damp,True,damp console.log-in-loop-content-process-typedarray opt e10s fission stylo webrender-sw,4788178,6,ms,firefox,,1739852970,2023-08-13 18:01:42,1286766,,,,,,,,,,,,,,,,,,,,,,,,,,,,,,,,,,,,,,,,,,,,,,,,,TN
161,a6729d7e2ba0e1ba1fbf93be5076ecdb4a1b1e40,0.8844989506501939,mozilla-beta,4788727,12,83c4e198d104587f2d2886f22d06d6ee1fd3d589,linux1804-64-shippable-qr,True,False,,,102210fe594ee9b33d82058545b1ed14f4c8206e,console.log-in-loop-content-process-typedarray,damp,True,damp console.log-in-loop-content-process-typedarray opt e10s fission stylo webrender-sw,4788178,6,ms,firefox,,1740133192,2023-08-14 15:56:31,1287055,,,,,,,,,,,,,,,,,,,,,,,,,,,,,,,,,,,,,,,,,,,,,,,,,TN
162,1d543e7b65ff57f2da7465d003f3e3e38e672120,0.8152286909609483,mozilla-beta,4788727,12,83c4e198d104587f2d2886f22d06d6ee1fd3d589,linux1804-64-shippable-qr,True,False,,,102210fe594ee9b33d82058545b1ed14f4c8206e,console.log-in-loop-content-process-typedarray,damp,True,damp console.log-in-loop-content-process-typedarray opt e10s fission stylo webrender-sw,4788178,6,ms,firefox,,1740202792,2023-08-14 17:35:08,1287114,,,,,,,,,,,,,,,,,,,,,,,,,,,,,,,,,,,,,,,,,,,,,,,,,TN
163,2272865813a3da4e06a9a59daac6a0d46d3c5c35,0.867501568449768,mozilla-beta,4788727,12,83c4e198d104587f2d2886f22d06d6ee1fd3d589,linux1804-64-shippable-qr,True,False,,,102210fe594ee9b33d82058545b1ed14f4c8206e,console.log-in-loop-content-process-typedarray,damp,True,damp console.log-in-loop-content-process-typedarray opt e10s fission stylo webrender-sw,4788178,6,ms,firefox,,1740219581,2023-08-14 18:01:52,1287134,,,,,,,,,,,,,,,,,,,,,,,,,,,,,,,,,,,,,,,,,,,,,,,,,TN
164,dbd6cb77df7c84d664880a496756071e3619f0fd,0.9119551332805509,mozilla-beta,4788727,12,83c4e198d104587f2d2886f22d06d6ee1fd3d589,linux1804-64-shippable-qr,True,False,,,102210fe594ee9b33d82058545b1ed14f4c8206e,console.log-in-loop-content-process-typedarray,damp,True,damp console.log-in-loop-content-process-typedarray opt e10s fission stylo webrender-sw,4788178,6,ms,firefox,,1740411486,2023-08-15 02:26:03,1287386,,,,,,,,,,,,,,,,,,,,,,,,,,,,,,,,,,,,,,,,,,,,,,,,,TN
165,ea32c3ece390271be2988a369cc7fbddd4f87187,0.8035544657606342,mozilla-beta,4788727,12,83c4e198d104587f2d2886f22d06d6ee1fd3d589,linux1804-64-shippable-qr,True,False,,,102210fe594ee9b33d82058545b1ed14f4c8206e,console.log-in-loop-content-process-typedarray,damp,True,damp console.log-in-loop-content-process-typedarray opt e10s fission stylo webrender-sw,4788178,6,ms,firefox,,1740687816,2023-08-15 14:12:37,1287594,,,,,,,,,,,,,,,,,,,,,,,,,,,,,,,,,,,,,,,,,,,,,,,,,TN
166,bd110f9606301510f9ddac04db25e26fc7b979f4,0.9406670739711598,mozilla-beta,4788727,12,83c4e198d104587f2d2886f22d06d6ee1fd3d589,linux1804-64-shippable-qr,True,False,,,102210fe594ee9b33d82058545b1ed14f4c8206e,console.log-in-loop-content-process-typedarray,damp,True,damp console.log-in-loop-content-process-typedarray opt e10s fission stylo webrender-sw,4788178,6,ms,firefox,,1740721818,2023-08-15 14:31:22,1287600,,,,,,,,,,,,,,,,,,,,,,,,,,,,,,,,,,,,,,,,,,,,,,,,,TN
167,39b27e45212aba8ae789db40047edcb957e5c978,0.8141522188019401,mozilla-beta,4788727,12,83c4e198d104587f2d2886f22d06d6ee1fd3d589,linux1804-64-shippable-qr,True,False,,,102210fe594ee9b33d82058545b1ed14f4c8206e,console.log-in-loop-content-process-typedarray,damp,True,damp console.log-in-loop-content-process-typedarray opt e10s fission stylo webrender-sw,4788178,6,ms,firefox,,1740857950,2023-08-15 17:55:25,1287743,,,,,,,,,,,,,,,,,,,,,,,,,,,,,,,,,,,,,,,,,,,,,,,,,TN
168,3ee3379590a3b47418b7e1dac28217fa1720c9c5,0.895762516945414,mozilla-beta,4788727,12,83c4e198d104587f2d2886f22d06d6ee1fd3d589,linux1804-64-shippable-qr,True,False,,,102210fe594ee9b33d82058545b1ed14f4c8206e,console.log-in-loop-content-process-typedarray,damp,True,damp console.log-in-loop-content-process-typedarray opt e10s fission stylo webrender-sw,4788178,6,ms,firefox,,1740838325,2023-08-15 18:00:41,1287745,,,,,,,,,,,,,,,,,,,,,,,,,,,,,,,,,,,,,,,,,,,,,,,,,TN
169,08b127aa5a361e2e83fbf254bcfa7d7defcc91bb,0.8745757054643057,mozilla-beta,4788727,12,83c4e198d104587f2d2886f22d06d6ee1fd3d589,linux1804-64-shippable-qr,True,False,,,102210fe594ee9b33d82058545b1ed14f4c8206e,console.log-in-loop-content-process-typedarray,damp,True,damp console.log-in-loop-content-process-typedarray opt e10s fission stylo webrender-sw,4788178,6,ms,firefox,,1741541907,2023-08-16 17:40:45,1288455,,,,,,,,,,,,,,,,,,,,,,,,,,,,,,,,,,,,,,,,,,,,,,,,,TN
170,d3061045db8732cf87a223291094873d2d50888a,0.8118358803819858,mozilla-beta,4788727,12,83c4e198d104587f2d2886f22d06d6ee1fd3d589,linux1804-64-shippable-qr,True,False,,,102210fe594ee9b33d82058545b1ed14f4c8206e,console.log-in-loop-content-process-typedarray,damp,True,damp console.log-in-loop-content-process-typedarray opt e10s fission stylo webrender-sw,4788178,6,ms,firefox,,1741562539,2023-08-16 18:00:54,1288466,,,,,,,,,,,,,,,,,,,,,,,,,,,,,,,,,,,,,,,,,,,,,,,,,TN
171,33901ea7ca81a824a5b24396def8e991fe7731e0,0.8045010180331857,mozilla-beta,4788727,12,83c4e198d104587f2d2886f22d06d6ee1fd3d589,linux1804-64-shippable-qr,True,False,,,102210fe594ee9b33d82058545b1ed14f4c8206e,console.log-in-loop-content-process-typedarray,damp,True,damp console.log-in-loop-content-process-typedarray opt e10s fission stylo webrender-sw,4788178,6,ms,firefox,,1741579769,2023-08-16 18:52:19,1288493,,,,,,,,,,,,,,,,,,,,,,,,,,,,,,,,,,,,,,,,,,,,,,,,,TN
172,f5d3fbc0d6e61648e703814eea4baf5806524b36,0.8688696961825118,mozilla-beta,4788727,12,83c4e198d104587f2d2886f22d06d6ee1fd3d589,linux1804-64-shippable-qr,True,False,,,102210fe594ee9b33d82058545b1ed14f4c8206e,console.log-in-loop-content-process-typedarray,damp,True,damp console.log-in-loop-content-process-typedarray opt e10s fission stylo webrender-sw,4788178,6,ms,firefox,,1742103614,2023-08-17 14:25:18,1288946,,,,,,,,,,,,,,,,,,,,,,,,,,,,,,,,,,,,,,,,,,,,,,,,,TN
173,43bf41ee652223649ecd95d0a656eeacae86ad05,0.8566675476658814,mozilla-beta,4788727,12,83c4e198d104587f2d2886f22d06d6ee1fd3d589,linux1804-64-shippable-qr,True,False,,,102210fe594ee9b33d82058545b1ed14f4c8206e,console.log-in-loop-content-process-typedarray,damp,True,damp console.log-in-loop-content-process-typedarray opt e10s fission stylo webrender-sw,4788178,6,ms,firefox,,1742201572,2023-08-17 17:00:22,1289046,,,,,,,,,,,,,,,,,,,,,,,,,,,,,,,,,,,,,,,,,,,,,,,,,TN
174,79150caa42c9af433d7077a75e3bb6024fedd445,0.8171218438093804,mozilla-beta,4788727,12,83c4e198d104587f2d2886f22d06d6ee1fd3d589,linux1804-64-shippable-qr,True,False,,,102210fe594ee9b33d82058545b1ed14f4c8206e,console.log-in-loop-content-process-typedarray,damp,True,damp console.log-in-loop-content-process-typedarray opt e10s fission stylo webrender-sw,4788178,6,ms,firefox,,1742230032,2023-08-17 17:58:56,1289083,,,,,,,,,,,,,,,,,,,,,,,,,,,,,,,,,,,,,,,,,,,,,,,,,TN
175,dd6c96bd27406158b503fdc93699a7a55299727d,0.890254615766656,mozilla-beta,4788727,12,83c4e198d104587f2d2886f22d06d6ee1fd3d589,linux1804-64-shippable-qr,True,False,,,102210fe594ee9b33d82058545b1ed14f4c8206e,console.log-in-loop-content-process-typedarray,damp,True,damp console.log-in-loop-content-process-typedarray opt e10s fission stylo webrender-sw,4788178,6,ms,firefox,,1742883515,2023-08-18 17:58:43,1289558,,,,,,,,,,,,,,,,,,,,,,,,,,,,,,,,,,,,,,,,,,,,,,,,,TN
176,cb4964f4a7d3a89de607bbb3e0f382ecbb876138,0.8195109753644405,mozilla-beta,4788727,12,83c4e198d104587f2d2886f22d06d6ee1fd3d589,linux1804-64-shippable-qr,True,False,,,102210fe594ee9b33d82058545b1ed14f4c8206e,console.log-in-loop-content-process-typedarray,damp,True,damp console.log-in-loop-content-process-typedarray opt e10s fission stylo webrender-sw,4788178,6,ms,firefox,,1742896163,2023-08-18 18:03:36,1289562,,,,,,,,,,,,,,,,,,,,,,,,,,,,,,,,,,,,,,,,,,,,,,,,,TN
177,280c96d8d9eaa71cccbf305dcd506fcb5916a426,0.9252256067925613,mozilla-beta,4788727,12,83c4e198d104587f2d2886f22d06d6ee1fd3d589,linux1804-64-shippable-qr,True,False,,,102210fe594ee9b33d82058545b1ed14f4c8206e,console.log-in-loop-content-process-typedarray,damp,True,damp console.log-in-loop-content-process-typedarray opt e10s fission stylo webrender-sw,4788178,6,ms,firefox,,1743162836,2023-08-19 18:03:16,1289766,,,,,,,,,,,,,,,,,,,,,,,,,,,,,,,,,,,,,,,,,,,,,,,,,TN
178,9763c2c83af5baabe670cc6a262f1c838c3eca85,0.8127954262532162,mozilla-beta,4788727,12,83c4e198d104587f2d2886f22d06d6ee1fd3d589,linux1804-64-shippable-qr,True,False,,,102210fe594ee9b33d82058545b1ed14f4c8206e,console.log-in-loop-content-process-typedarray,damp,True,damp console.log-in-loop-content-process-typedarray opt e10s fission stylo webrender-sw,4788178,6,ms,firefox,,1743313263,2023-08-20 18:00:02,1289838,,,,,,,,,,,,,,,,,,,,,,,,,,,,,,,,,,,,,,,,,,,,,,,,,TN
179,95093682c2bb0242a3f1016d06ee0e2d33385e4b,0.8367693566179488,mozilla-beta,4788727,12,83c4e198d104587f2d2886f22d06d6ee1fd3d589,linux1804-64-shippable-qr,True,False,,,102210fe594ee9b33d82058545b1ed14f4c8206e,console.log-in-loop-content-process-typedarray,damp,True,damp console.log-in-loop-content-process-typedarray opt e10s fission stylo webrender-sw,4788178,6,ms,firefox,,1743626349,2023-08-21 11:07:09,1289941,,,,,,,,,,,,,,,,,,,,,,,,,,,,,,,,,,,,,,,,,,,,,,,,,TN
180,a51142166ff907b88f1f41ce22c1ad1df4daac76,0.9648346363293556,mozilla-beta,4788727,12,83c4e198d104587f2d2886f22d06d6ee1fd3d589,linux1804-64-shippable-qr,True,False,,,102210fe594ee9b33d82058545b1ed14f4c8206e,console.log-in-loop-content-process-typedarray,damp,True,damp console.log-in-loop-content-process-typedarray opt e10s fission stylo webrender-sw,4788178,6,ms,firefox,,1746927915,2023-08-28 13:34:39,1292230,,,,,,,,,,,,,,,,,,,,,,,,,,,,,,,,,,,,,,,,,,,,,,,,,TN
181,dad69789a2511ed216636075c1304c3df77ef2ae,0.9312758095821514,mozilla-beta,4788727,12,83c4e198d104587f2d2886f22d06d6ee1fd3d589,linux1804-64-shippable-qr,True,False,,,102210fe594ee9b33d82058545b1ed14f4c8206e,console.log-in-loop-content-process-typedarray,damp,True,damp console.log-in-loop-content-process-typedarray opt e10s fission stylo webrender-sw,4788178,6,ms,firefox,,1747078526,2023-08-28 18:00:55,1292358,,,,,,,,,,,,,,,,,,,,,,,,,,,,,,,,,,,,,,,,,,,,,,,,,TN
182,fc9d232fe3a08afc7811940be13f3ab05148baac,0.8630419463799228,mozilla-beta,4788727,12,83c4e198d104587f2d2886f22d06d6ee1fd3d589,linux1804-64-shippable-qr,True,False,,,102210fe594ee9b33d82058545b1ed14f4c8206e,console.log-in-loop-content-process-typedarray,damp,True,damp console.log-in-loop-content-process-typedarray opt e10s fission stylo webrender-sw,4788178,6,ms,firefox,,1747695106,2023-08-29 16:17:46,1292905,,,,,,,,,,,,,,,,,,,,,,,,,,,,,,,,,,,,,,,,,,,,,,,,,TN
183,22902fb186bab153df337de03d5e5ceafb8bb289,0.8805819683144778,mozilla-beta,4788727,12,83c4e198d104587f2d2886f22d06d6ee1fd3d589,linux1804-64-shippable-qr,True,False,,,102210fe594ee9b33d82058545b1ed14f4c8206e,console.log-in-loop-content-process-typedarray,damp,True,damp console.log-in-loop-content-process-typedarray opt e10s fission stylo webrender-sw,4788178,6,ms,firefox,,1747760296,2023-08-29 18:01:58,1292972,,,,,,,,,,,,,,,,,,,,,,,,,,,,,,,,,,,,,,,,,,,,,,,,,TN
184,a7de6ba0f96a2232c89b1b0c4a851cfa706c9dff,0.9952408650130824,mozilla-beta,4788727,12,83c4e198d104587f2d2886f22d06d6ee1fd3d589,linux1804-64-shippable-qr,True,False,,,102210fe594ee9b33d82058545b1ed14f4c8206e,console.log-in-loop-content-process-typedarray,damp,True,damp console.log-in-loop-content-process-typedarray opt e10s fission stylo webrender-sw,4788178,6,ms,firefox,,1748078213,2023-08-30 16:02:19,1293406,,,,,,,,,,,,,,,,,,,,,,,,,,,,,,,,,,,,,,,,,,,,,,,,,TN
185,c9fd750d1062cdca7d7307305afab359895f4bab,0.874651445103134,mozilla-beta,4788727,12,83c4e198d104587f2d2886f22d06d6ee1fd3d589,linux1804-64-shippable-qr,True,False,,,102210fe594ee9b33d82058545b1ed14f4c8206e,console.log-in-loop-content-process-typedarray,damp,True,damp console.log-in-loop-content-process-typedarray opt e10s fission stylo webrender-sw,4788178,6,ms,firefox,,1748107130,2023-08-30 18:00:05,1293491,,,,,,,,,,,,,,,,,,,,,,,,,,,,,,,,,,,,,,,,,,,,,,,,,TN
186,bd56eca7c31c77f3fbdd6daa6d57c94c9eb8d5c8,0.8367790816906981,mozilla-beta,4788727,12,83c4e198d104587f2d2886f22d06d6ee1fd3d589,linux1804-64-shippable-qr,True,False,,,102210fe594ee9b33d82058545b1ed14f4c8206e,console.log-in-loop-content-process-typedarray,damp,True,damp console.log-in-loop-content-process-typedarray opt e10s fission stylo webrender-sw,4788178,6,ms,firefox,,1748520393,2023-08-31 13:48:52,1293926,,,,,,,,,,,,,,,,,,,,,,,,,,,,,,,,,,,,,,,,,,,,,,,,,TN
187,87b953f9d23637a6fa6ff27c3e67832db704f61b,0.8681764627318698,mozilla-beta,4788727,12,83c4e198d104587f2d2886f22d06d6ee1fd3d589,linux1804-64-shippable-qr,True,False,,,102210fe594ee9b33d82058545b1ed14f4c8206e,console.log-in-loop-content-process-typedarray,damp,True,damp console.log-in-loop-content-process-typedarray opt e10s fission stylo webrender-sw,4788178,6,ms,firefox,,1748553250,2023-08-31 16:20:56,1294000,,,,,,,,,,,,,,,,,,,,,,,,,,,,,,,,,,,,,,,,,,,,,,,,,TN
188,1af9e2938f106620e66bafc85d215e817bbbdeb8,0.8406844551234558,mozilla-beta,4788727,12,83c4e198d104587f2d2886f22d06d6ee1fd3d589,linux1804-64-shippable-qr,True,False,,,102210fe594ee9b33d82058545b1ed14f4c8206e,console.log-in-loop-content-process-typedarray,damp,True,damp console.log-in-loop-content-process-typedarray opt e10s fission stylo webrender-sw,4788178,6,ms,firefox,,1748602816,2023-08-31 18:00:26,1294060,,,,,,,,,,,,,,,,,,,,,,,,,,,,,,,,,,,,,,,,,,,,,,,,,TN
189,709d8af0c7f302527387c80c1d76d741a7aa46aa,0.808737768487108,mozilla-beta,4788727,12,83c4e198d104587f2d2886f22d06d6ee1fd3d589,linux1804-64-shippable-qr,True,False,,,102210fe594ee9b33d82058545b1ed14f4c8206e,console.log-in-loop-content-process-typedarray,damp,True,damp console.log-in-loop-content-process-typedarray opt e10s fission stylo webrender-sw,4788178,6,ms,firefox,,1749162039,2023-09-01 14:41:46,1294606,,,,,,,,,,,,,,,,,,,,,,,,,,,,,,,,,,,,,,,,,,,,,,,,,TN
190,26851a608617df78ba59a15b1b069d398838e42a,1.0,mozilla-beta,4788727,12,83c4e198d104587f2d2886f22d06d6ee1fd3d589,linux1804-64-shippable-qr,True,False,,,102210fe594ee9b33d82058545b1ed14f4c8206e,console.log-in-loop-content-process-typedarray,damp,True,damp console.log-in-loop-content-process-typedarray opt e10s fission stylo webrender-sw,4788178,6,ms,firefox,,1749263917,2023-09-01 17:59:08,1294720,,,,,,,,,,,,,,,,,,,,,,,,,,,,,,,,,,,,,,,,,,,,,,,,,TN
191,171ca118d902636a29bb5fb3a82f7a55f2089cd7,0.9776619266866171,mozilla-beta,4788727,12,83c4e198d104587f2d2886f22d06d6ee1fd3d589,linux1804-64-shippable-qr,True,False,,,102210fe594ee9b33d82058545b1ed14f4c8206e,console.log-in-loop-content-process-typedarray,damp,True,damp console.log-in-loop-content-process-typedarray opt e10s fission stylo webrender-sw,4788178,6,ms,firefox,,1749662230,2023-09-02 18:02:24,1294989,,,,,,,,,,,,,,,,,,,,,,,,,,,,,,,,,,,,,,,,,,,,,,,,,TN
192,073227d3c47f97124282de93cc52c465393d9cd5,0.9513562491360519,mozilla-beta,4788727,12,83c4e198d104587f2d2886f22d06d6ee1fd3d589,linux1804-64-shippable-qr,True,False,,,102210fe594ee9b33d82058545b1ed14f4c8206e,console.log-in-loop-content-process-typedarray,damp,True,damp console.log-in-loop-content-process-typedarray opt e10s fission stylo webrender-sw,4788178,6,ms,firefox,,1749824053,2023-09-03 14:47:55,1295067,,,,,,,,,,,,,,,,,,,,,,,,,,,,,,,,,,,,,,,,,,,,,,,,,TN
193,cb4458e15206391eeeed111562f9a786e4253c5c,0.911831122502833,mozilla-beta,4788727,12,83c4e198d104587f2d2886f22d06d6ee1fd3d589,linux1804-64-shippable-qr,True,False,,,102210fe594ee9b33d82058545b1ed14f4c8206e,console.log-in-loop-content-process-typedarray,damp,True,damp console.log-in-loop-content-process-typedarray opt e10s fission stylo webrender-sw,4788178,6,ms,firefox,,1749883106,2023-09-03 18:02:19,1295080,,,,,,,,,,,,,,,,,,,,,,,,,,,,,,,,,,,,,,,,,,,,,,,,,TN
194,9cf13283af3f62be7d96fb8820adb77b34e50f7d,0.9131714436121654,mozilla-beta,4788727,12,83c4e198d104587f2d2886f22d06d6ee1fd3d589,linux1804-64-shippable-qr,True,False,,,102210fe594ee9b33d82058545b1ed14f4c8206e,console.log-in-loop-content-process-typedarray,damp,True,damp console.log-in-loop-content-process-typedarray opt e10s fission stylo webrender-sw,4788178,6,ms,firefox,,1750164973,2023-09-04 10:55:38,1295255,,,,,,,,,,,,,,,,,,,,,,,,,,,,,,,,,,,,,,,,,,,,,,,,,TN
195,bc7cc180eaecceec758abbbce4a999eb99f759a9,0.8469833879174602,mozilla-beta,4788727,12,83c4e198d104587f2d2886f22d06d6ee1fd3d589,linux1804-64-shippable-qr,True,False,,,102210fe594ee9b33d82058545b1ed14f4c8206e,console.log-in-loop-content-process-typedarray,damp,True,damp console.log-in-loop-content-process-typedarray opt e10s fission stylo webrender-sw,4788178,6,ms,firefox,,1750218541,2023-09-04 12:18:03,1295288,,,,,,,,,,,,,,,,,,,,,,,,,,,,,,,,,,,,,,,,,,,,,,,,,TN
196,807ac900b376514e4ba55d5a926de27f55bd8153,0.9784749524232512,mozilla-beta,4788727,12,83c4e198d104587f2d2886f22d06d6ee1fd3d589,linux1804-64-shippable-qr,True,False,,,102210fe594ee9b33d82058545b1ed14f4c8206e,console.log-in-loop-content-process-typedarray,damp,True,damp console.log-in-loop-content-process-typedarray opt e10s fission stylo webrender-sw,4788178,6,ms,firefox,,1750303761,2023-09-04 18:05:52,1295382,,,,,,,,,,,,,,,,,,,,,,,,,,,,,,,,,,,,,,,,,,,,,,,,,TN
197,900e63a91516e26eb08c29cf32f0212c923e8fe0,0.9506752847341362,mozilla-beta,4788727,12,83c4e198d104587f2d2886f22d06d6ee1fd3d589,linux1804-64-shippable-qr,True,False,,,102210fe594ee9b33d82058545b1ed14f4c8206e,console.log-in-loop-content-process-typedarray,damp,True,damp console.log-in-loop-content-process-typedarray opt e10s fission stylo webrender-sw,4788178,6,ms,firefox,,1750529148,2023-09-05 08:42:26,1295556,,,,,,,,,,,,,,,,,,,,,,,,,,,,,,,,,,,,,,,,,,,,,,,,,TN
198,d67b22c7454dffe256c8e85d18b7909575fae829,0.9034508953466918,mozilla-beta,4788727,12,83c4e198d104587f2d2886f22d06d6ee1fd3d589,linux1804-64-shippable-qr,True,False,,,102210fe594ee9b33d82058545b1ed14f4c8206e,console.log-in-loop-content-process-typedarray,damp,True,damp console.log-in-loop-content-process-typedarray opt e10s fission stylo webrender-sw,4788178,6,ms,firefox,,1750753184,2023-09-05 17:59:53,1295860,,,,,,,,,,,,,,,,,,,,,,,,,,,,,,,,,,,,,,,,,,,,,,,,,TN
199,49565181b8c4ade31ef41ad72498fa2777f6d906,0.8966939019688747,mozilla-beta,4788727,12,83c4e198d104587f2d2886f22d06d6ee1fd3d589,linux1804-64-shippable-qr,True,False,,,102210fe594ee9b33d82058545b1ed14f4c8206e,console.log-in-loop-content-process-typedarray,damp,True,damp console.log-in-loop-content-process-typedarray opt e10s fission stylo webrender-sw,4788178,6,ms,firefox,,1751153399,2023-09-06 09:15:15,1296259,,,,,,,,,,,,,,,,,,,,,,,,,,,,,,,,,,,,,,,,,,,,,,,,,TN
200,d367a07b88cc72838ae620ff5f160f8152e327e7,0.8834417354231361,mozilla-beta,4788727,12,83c4e198d104587f2d2886f22d06d6ee1fd3d589,linux1804-64-shippable-qr,True,False,,,102210fe594ee9b33d82058545b1ed14f4c8206e,console.log-in-loop-content-process-typedarray,damp,True,damp console.log-in-loop-content-process-typedarray opt e10s fission stylo webrender-sw,4788178,6,ms,firefox,,1751298346,2023-09-06 14:00:22,1296398,,,,,,,,,,,,,,,,,,,,,,,,,,,,,,,,,,,,,,,,,,,,,,,,,TN
201,744de8d56d344a2d66a3292442e397102341a435,0.8994194662947868,mozilla-beta,4788727,12,83c4e198d104587f2d2886f22d06d6ee1fd3d589,linux1804-64-shippable-qr,True,False,,,102210fe594ee9b33d82058545b1ed14f4c8206e,console.log-in-loop-content-process-typedarray,damp,True,damp console.log-in-loop-content-process-typedarray opt e10s fission stylo webrender-sw,4788178,6,ms,firefox,,1751305375,2023-09-06 14:02:17,1296400,,,,,,,,,,,,,,,,,,,,,,,,,,,,,,,,,,,,,,,,,,,,,,,,,TN
202,c2849c7826f58c7fca76587765d1d24fb1015787,0.846973566238113,mozilla-beta,4788727,12,83c4e198d104587f2d2886f22d06d6ee1fd3d589,linux1804-64-shippable-qr,True,False,,,102210fe594ee9b33d82058545b1ed14f4c8206e,console.log-in-loop-content-process-typedarray,damp,True,damp console.log-in-loop-content-process-typedarray opt e10s fission stylo webrender-sw,4788178,6,ms,firefox,,1751395352,2023-09-06 18:01:29,1296562,,,,,,,,,,,,,,,,,,,,,,,,,,,,,,,,,,,,,,,,,,,,,,,,,TN
203,bf9fd7610de325961d2bad9677d3e0baed448827,0.9686749773638632,mozilla-beta,4788727,12,83c4e198d104587f2d2886f22d06d6ee1fd3d589,linux1804-64-shippable-qr,True,False,,,102210fe594ee9b33d82058545b1ed14f4c8206e,console.log-in-loop-content-process-typedarray,damp,True,damp console.log-in-loop-content-process-typedarray opt e10s fission stylo webrender-sw,4788178,6,ms,firefox,,1751745462,2023-09-07 08:55:31,1296941,,,,,,,,,,,,,,,,,,,,,,,,,,,,,,,,,,,,,,,,,,,,,,,,,TN
204,09f20f258694586b663476774d62849ff0954bf7,0.9294763169120772,mozilla-beta,4788727,12,83c4e198d104587f2d2886f22d06d6ee1fd3d589,linux1804-64-shippable-qr,True,False,,,102210fe594ee9b33d82058545b1ed14f4c8206e,console.log-in-loop-content-process-typedarray,damp,True,damp console.log-in-loop-content-process-typedarray opt e10s fission stylo webrender-sw,4788178,6,ms,firefox,,1751821938,2023-09-07 12:18:53,1297036,,,,,,,,,,,,,,,,,,,,,,,,,,,,,,,,,,,,,,,,,,,,,,,,,TN
205,ea026adc3646e302d6a990b24e6252da4c10e9e1,0.8761307349248435,mozilla-beta,4788727,12,83c4e198d104587f2d2886f22d06d6ee1fd3d589,linux1804-64-shippable-qr,True,False,,,102210fe594ee9b33d82058545b1ed14f4c8206e,console.log-in-loop-content-process-typedarray,damp,True,damp console.log-in-loop-content-process-typedarray opt e10s fission stylo webrender-sw,4788178,6,ms,firefox,,1752007068,2023-09-07 18:02:12,1297255,,,,,,,,,,,,,,,,,,,,,,,,,,,,,,,,,,,,,,,,,,,,,,,,,TN
206,0417d5350c674d59e5118d6e34bf203ff0f07416,0.918149891868961,mozilla-beta,4788727,12,83c4e198d104587f2d2886f22d06d6ee1fd3d589,linux1804-64-shippable-qr,True,False,,,102210fe594ee9b33d82058545b1ed14f4c8206e,console.log-in-loop-content-process-typedarray,damp,True,damp console.log-in-loop-content-process-typedarray opt e10s fission stylo webrender-sw,4788178,6,ms,firefox,,1752376081,2023-09-08 08:23:52,1297598,,,,,,,,,,,,,,,,,,,,,,,,,,,,,,,,,,,,,,,,,,,,,,,,,TN
207,68a05148e915734df7061df9340f975931bb1e71,0.8053746483617661,mozilla-beta,4788727,12,83c4e198d104587f2d2886f22d06d6ee1fd3d589,linux1804-64-shippable-qr,True,False,,,102210fe594ee9b33d82058545b1ed14f4c8206e,console.log-in-loop-content-process-typedarray,damp,True,damp console.log-in-loop-content-process-typedarray opt e10s fission stylo webrender-sw,4788178,6,ms,firefox,,1752402259,2023-09-08 09:27:27,1297629,,,,,,,,,,,,,,,,,,,,,,,,,,,,,,,,,,,,,,,,,,,,,,,,,TN
208,8f5759470cb595ea30d26735e3de45c3cb9deba2,0.9179001796965123,mozilla-beta,4788727,12,83c4e198d104587f2d2886f22d06d6ee1fd3d589,linux1804-64-shippable-qr,True,False,,,102210fe594ee9b33d82058545b1ed14f4c8206e,console.log-in-loop-content-process-typedarray,damp,True,damp console.log-in-loop-content-process-typedarray opt e10s fission stylo webrender-sw,4788178,6,ms,firefox,,1752579091,2023-09-08 14:37:17,1297802,,,,,,,,,,,,,,,,,,,,,,,,,,,,,,,,,,,,,,,,,,,,,,,,,TN
209,4a076ff52b5ab081ecc76c988f2cab0c999acddd,0.880684596813277,mozilla-beta,4788727,12,83c4e198d104587f2d2886f22d06d6ee1fd3d589,linux1804-64-shippable-qr,True,False,,,102210fe594ee9b33d82058545b1ed14f4c8206e,console.log-in-loop-content-process-typedarray,damp,True,damp console.log-in-loop-content-process-typedarray opt e10s fission stylo webrender-sw,4788178,6,ms,firefox,,1752690828,2023-09-08 18:02:35,1297927,,,,,,,,,,,,,,,,,,,,,,,,,,,,,,,,,,,,,,,,,,,,,,,,,TN
210,b1f3a08744ebf265beb7a3b65a23c713ba6ea987,0.8543156257846869,mozilla-beta,4788727,12,83c4e198d104587f2d2886f22d06d6ee1fd3d589,linux1804-64-shippable-qr,True,False,,,102210fe594ee9b33d82058545b1ed14f4c8206e,console.log-in-loop-content-process-typedarray,damp,True,damp console.log-in-loop-content-process-typedarray opt e10s fission stylo webrender-sw,4788178,6,ms,firefox,,1753083770,2023-09-09 14:33:38,1298228,,,,,,,,,,,,,,,,,,,,,,,,,,,,,,,,,,,,,,,,,,,,,,,,,TN
211,1d174c6b1040e055846c107322548119beb23065,0.8457152964041512,mozilla-beta,4788727,12,83c4e198d104587f2d2886f22d06d6ee1fd3d589,linux1804-64-shippable-qr,True,False,,,102210fe594ee9b33d82058545b1ed14f4c8206e,console.log-in-loop-content-process-typedarray,damp,True,damp console.log-in-loop-content-process-typedarray opt e10s fission stylo webrender-sw,4788178,6,ms,firefox,,1753112703,2023-09-09 18:01:37,1298238,,,,,,,,,,,,,,,,,,,,,,,,,,,,,,,,,,,,,,,,,,,,,,,,,TN
212,a75f9619ee113907713f385f75c08ac8340ea7a1,0.8640214737333491,mozilla-beta,4788727,12,83c4e198d104587f2d2886f22d06d6ee1fd3d589,linux1804-64-shippable-qr,True,False,,,102210fe594ee9b33d82058545b1ed14f4c8206e,console.log-in-loop-content-process-typedarray,damp,True,damp console.log-in-loop-content-process-typedarray opt e10s fission stylo webrender-sw,4788178,6,ms,firefox,,1753642164,2023-09-10 17:59:34,1298321,,,,,,,,,,,,,,,,,,,,,,,,,,,,,,,,,,,,,,,,,,,,,,,,,TN
213,85df1da62717a2f0ea9e2d3fbd6379060d39dd7a,0.8717093530000506,mozilla-beta,4788727,12,83c4e198d104587f2d2886f22d06d6ee1fd3d589,linux1804-64-shippable-qr,True,False,,,102210fe594ee9b33d82058545b1ed14f4c8206e,console.log-in-loop-content-process-typedarray,damp,True,damp console.log-in-loop-content-process-typedarray opt e10s fission stylo webrender-sw,4788178,6,ms,firefox,,1754327438,2023-09-11 18:00:35,1298770,,,,,,,,,,,,,,,,,,,,,,,,,,,,,,,,,,,,,,,,,,,,,,,,,TN
214,012efaa3025f28b8ee14042807c680e361f955d9,0.8563480693677907,mozilla-beta,4788727,12,83c4e198d104587f2d2886f22d06d6ee1fd3d589,linux1804-64-shippable-qr,True,False,,,102210fe594ee9b33d82058545b1ed14f4c8206e,console.log-in-loop-content-process-typedarray,damp,True,damp console.log-in-loop-content-process-typedarray opt e10s fission stylo webrender-sw,4788178,6,ms,firefox,,1754503320,2023-09-12 01:33:58,1298957,,,,,,,,,,,,,,,,,,,,,,,,,,,,,,,,,,,,,,,,,,,,,,,,,TN
215,339422d06ac0b44eef14a6d0e510b2c8beac74e6,0.8052934826475981,mozilla-beta,4788727,12,83c4e198d104587f2d2886f22d06d6ee1fd3d589,linux1804-64-shippable-qr,True,False,,,102210fe594ee9b33d82058545b1ed14f4c8206e,console.log-in-loop-content-process-typedarray,damp,True,damp console.log-in-loop-content-process-typedarray opt e10s fission stylo webrender-sw,4788178,6,ms,firefox,,1754675102,2023-09-12 09:08:04,1299055,,,,,,,,,,,,,,,,,,,,,,,,,,,,,,,,,,,,,,,,,,,,,,,,,TN
216,c48cbb09678ed2c9a0a51fc61520602070cd42cd,0.9137945567126615,mozilla-beta,4788727,12,83c4e198d104587f2d2886f22d06d6ee1fd3d589,linux1804-64-shippable-qr,True,False,,,102210fe594ee9b33d82058545b1ed14f4c8206e,console.log-in-loop-content-process-typedarray,damp,True,damp console.log-in-loop-content-process-typedarray opt e10s fission stylo webrender-sw,4788178,6,ms,firefox,,1754831281,2023-09-12 13:16:28,1299153,,,,,,,,,,,,,,,,,,,,,,,,,,,,,,,,,,,,,,,,,,,,,,,,,TN
217,60f49456a1d32be44cc3fa2fdb65b8276c2e10da,0.8036288368047733,mozilla-beta,4788727,12,83c4e198d104587f2d2886f22d06d6ee1fd3d589,linux1804-64-shippable-qr,True,False,,,102210fe594ee9b33d82058545b1ed14f4c8206e,console.log-in-loop-content-process-typedarray,damp,True,damp console.log-in-loop-content-process-typedarray opt e10s fission stylo webrender-sw,4788178,6,ms,firefox,,1754991889,2023-09-12 17:59:28,1299300,,,,,,,,,,,,,,,,,,,,,,,,,,,,,,,,,,,,,,,,,,,,,,,,,TN
218,afc0d34aed5f66ac43143c5868a0c280f5d5e523,0.9407371621190972,mozilla-beta,4788727,12,83c4e198d104587f2d2886f22d06d6ee1fd3d589,linux1804-64-shippable-qr,True,False,,,102210fe594ee9b33d82058545b1ed14f4c8206e,console.log-in-loop-content-process-typedarray,damp,True,damp console.log-in-loop-content-process-typedarray opt e10s fission stylo webrender-sw,4788178,6,ms,firefox,,1755624823,2023-09-13 16:12:36,1299827,,,,,,,,,,,,,,,,,,,,,,,,,,,,,,,,,,,,,,,,,,,,,,,,,TN
219,da7c1c4fbd52add0445ce7e06b7ed513fdf9b518,0.8893711315564321,mozilla-beta,4788727,12,83c4e198d104587f2d2886f22d06d6ee1fd3d589,linux1804-64-shippable-qr,True,False,,,102210fe594ee9b33d82058545b1ed14f4c8206e,console.log-in-loop-content-process-typedarray,damp,True,damp console.log-in-loop-content-process-typedarray opt e10s fission stylo webrender-sw,4788178,6,ms,firefox,,1755783482,2023-09-13 18:01:47,1299914,,,,,,,,,,,,,,,,,,,,,,,,,,,,,,,,,,,,,,,,,,,,,,,,,TN
220,cb5563d143c9a6e5f347ae0e8dbd6d64da27e6d2,0.861883052619774,mozilla-beta,4788727,12,83c4e198d104587f2d2886f22d06d6ee1fd3d589,linux1804-64-shippable-qr,True,False,,,102210fe594ee9b33d82058545b1ed14f4c8206e,console.log-in-loop-content-process-typedarray,damp,True,damp console.log-in-loop-content-process-typedarray opt e10s fission stylo webrender-sw,4788178,6,ms,firefox,,1756276289,2023-09-14 09:48:47,1300320,,,,,,,,,,,,,,,,,,,,,,,,,,,,,,,,,,,,,,,,,,,,,,,,,TN
221,fcddac3e2624e7598033e29e46487dc70d43b78d,0.9459483036711624,mozilla-beta,4788727,12,83c4e198d104587f2d2886f22d06d6ee1fd3d589,linux1804-64-shippable-qr,True,False,,,102210fe594ee9b33d82058545b1ed14f4c8206e,console.log-in-loop-content-process-typedarray,damp,True,damp console.log-in-loop-content-process-typedarray opt e10s fission stylo webrender-sw,4788178,6,ms,firefox,,1756395732,2023-09-14 12:23:01,1300406,,,,,,,,,,,,,,,,,,,,,,,,,,,,,,,,,,,,,,,,,,,,,,,,,TN
222,167be896a8f296a5e540208b4a21b4268fcfe04a,0.8765738536751453,mozilla-beta,4788727,12,83c4e198d104587f2d2886f22d06d6ee1fd3d589,linux1804-64-shippable-qr,True,False,,,102210fe594ee9b33d82058545b1ed14f4c8206e,console.log-in-loop-content-process-typedarray,damp,True,damp console.log-in-loop-content-process-typedarray opt e10s fission stylo webrender-sw,4788178,6,ms,firefox,,1756495450,2023-09-14 15:23:47,1300510,,,,,,,,,,,,,,,,,,,,,,,,,,,,,,,,,,,,,,,,,,,,,,,,,TN
223,107fd46b25d1b286078ee8ff22b7b53e0d67c6f6,0.8690250880307762,mozilla-beta,4788727,12,83c4e198d104587f2d2886f22d06d6ee1fd3d589,linux1804-64-shippable-qr,True,False,,,102210fe594ee9b33d82058545b1ed14f4c8206e,console.log-in-loop-content-process-typedarray,damp,True,damp console.log-in-loop-content-process-typedarray opt e10s fission stylo webrender-sw,4788178,6,ms,firefox,,1756506542,2023-09-14 16:08:26,1300536,,,,,,,,,,,,,,,,,,,,,,,,,,,,,,,,,,,,,,,,,,,,,,,,,TN
224,da576bd73ddbbbcd645403b2c20538f00225e55d,0.875397264791018,mozilla-beta,4788727,12,83c4e198d104587f2d2886f22d06d6ee1fd3d589,linux1804-64-shippable-qr,True,False,,,102210fe594ee9b33d82058545b1ed14f4c8206e,console.log-in-loop-content-process-typedarray,damp,True,damp console.log-in-loop-content-process-typedarray opt e10s fission stylo webrender-sw,4788178,6,ms,firefox,,1756576357,2023-09-14 18:00:32,1300604,,,,,,,,,,,,,,,,,,,,,,,,,,,,,,,,,,,,,,,,,,,,,,,,,TN
225,f67d03cc1c6635e4823cedbf06bc676f3fdc8b97,0.8152697326997966,mozilla-beta,4788727,12,83c4e198d104587f2d2886f22d06d6ee1fd3d589,linux1804-64-shippable-qr,True,False,,,102210fe594ee9b33d82058545b1ed14f4c8206e,console.log-in-loop-content-process-typedarray,damp,True,damp console.log-in-loop-content-process-typedarray opt e10s fission stylo webrender-sw,4788178,6,ms,firefox,,1757120174,2023-09-15 12:36:32,1301078,,,,,,,,,,,,,,,,,,,,,,,,,,,,,,,,,,,,,,,,,,,,,,,,,TN
226,6684af595d9e752a7dd448a76e51615254fc443e,0.8345613142888335,mozilla-beta,4788727,12,83c4e198d104587f2d2886f22d06d6ee1fd3d589,linux1804-64-shippable-qr,True,False,,,102210fe594ee9b33d82058545b1ed14f4c8206e,console.log-in-loop-content-process-typedarray,damp,True,damp console.log-in-loop-content-process-typedarray opt e10s fission stylo webrender-sw,4788178,6,ms,firefox,,1757282249,2023-09-15 17:59:24,1301325,,,,,,,,,,,,,,,,,,,,,,,,,,,,,,,,,,,,,,,,,,,,,,,,,TN
227,b37b425144f176cd814a9ae72a0296c56939cf3f,0.813767869116615,mozilla-beta,4788727,12,83c4e198d104587f2d2886f22d06d6ee1fd3d589,linux1804-64-shippable-qr,True,False,,,102210fe594ee9b33d82058545b1ed14f4c8206e,console.log-in-loop-content-process-typedarray,damp,True,damp console.log-in-loop-content-process-typedarray opt e10s fission stylo webrender-sw,4788178,6,ms,firefox,,1757693789,2023-09-16 17:59:47,1301605,,,,,,,,,,,,,,,,,,,,,,,,,,,,,,,,,,,,,,,,,,,,,,,,,TN
228,3b6b652d2e6a615905dab898689a937a81499980,0.8729761886265921,mozilla-beta,4788727,12,83c4e198d104587f2d2886f22d06d6ee1fd3d589,linux1804-64-shippable-qr,True,False,,,102210fe594ee9b33d82058545b1ed14f4c8206e,console.log-in-loop-content-process-typedarray,damp,True,damp console.log-in-loop-content-process-typedarray opt e10s fission stylo webrender-sw,4788178,6,ms,firefox,,1757828622,2023-09-17 08:58:12,1301652,,,,,,,,,,,,,,,,,,,,,,,,,,,,,,,,,,,,,,,,,,,,,,,,,TN
229,0ecbbcbc23335bfea2af64383cdd8efdb6cab735,0.8907918133242969,mozilla-beta,4788727,12,83c4e198d104587f2d2886f22d06d6ee1fd3d589,linux1804-64-shippable-qr,True,False,,,102210fe594ee9b33d82058545b1ed14f4c8206e,console.log-in-loop-content-process-typedarray,damp,True,damp console.log-in-loop-content-process-typedarray opt e10s fission stylo webrender-sw,4788178,6,ms,firefox,,1757891995,2023-09-17 11:54:43,1301659,,,,,,,,,,,,,,,,,,,,,,,,,,,,,,,,,,,,,,,,,,,,,,,,,TN
230,82a37e47cfa778e2c05294ece1ae4d81e0aa5aaf,0.8765845287134559,mozilla-beta,4788727,12,83c4e198d104587f2d2886f22d06d6ee1fd3d589,linux1804-64-shippable-qr,True,False,,,102210fe594ee9b33d82058545b1ed14f4c8206e,console.log-in-loop-content-process-typedarray,damp,True,damp console.log-in-loop-content-process-typedarray opt e10s fission stylo webrender-sw,4788178,6,ms,firefox,,1757938780,2023-09-17 18:02:18,1301672,,,,,,,,,,,,,,,,,,,,,,,,,,,,,,,,,,,,,,,,,,,,,,,,,TN
231,0b69611582d97f84f43d1ee9de0aa36defae0633,0.866185543920984,mozilla-beta,4788727,12,83c4e198d104587f2d2886f22d06d6ee1fd3d589,linux1804-64-shippable-qr,True,False,,,102210fe594ee9b33d82058545b1ed14f4c8206e,console.log-in-loop-content-process-typedarray,damp,True,damp console.log-in-loop-content-process-typedarray opt e10s fission stylo webrender-sw,4788178,6,ms,firefox,,1758106570,2023-09-18 07:34:42,1301756,,,,,,,,,,,,,,,,,,,,,,,,,,,,,,,,,,,,,,,,,,,,,,,,,TN
232,899c187a45b8e9eee5cddc89c76d3c888b023621,0.9076095553991212,mozilla-beta,4788727,12,83c4e198d104587f2d2886f22d06d6ee1fd3d589,linux1804-64-shippable-qr,True,False,,,102210fe594ee9b33d82058545b1ed14f4c8206e,console.log-in-loop-content-process-typedarray,damp,True,damp console.log-in-loop-content-process-typedarray opt e10s fission stylo webrender-sw,4788178,6,ms,firefox,,1758127593,2023-09-18 07:59:31,1301765,,,,,,,,,,,,,,,,,,,,,,,,,,,,,,,,,,,,,,,,,,,,,,,,,TN
233,45c770ff73e393c4ca15eb188d0b68d3ee091ad8,0.9054899886897818,mozilla-beta,4788727,12,83c4e198d104587f2d2886f22d06d6ee1fd3d589,linux1804-64-shippable-qr,True,False,,,102210fe594ee9b33d82058545b1ed14f4c8206e,console.log-in-loop-content-process-typedarray,damp,True,damp console.log-in-loop-content-process-typedarray opt e10s fission stylo webrender-sw,4788178,6,ms,firefox,,1758248346,2023-09-18 11:42:33,1301885,,,,,,,,,,,,,,,,,,,,,,,,,,,,,,,,,,,,,,,,,,,,,,,,,TN
234,704d786ef571a57be79a4e8bbf4b3d348da4a6af,0.9569373459776602,mozilla-beta,4788727,12,83c4e198d104587f2d2886f22d06d6ee1fd3d589,linux1804-64-shippable-qr,True,False,,,102210fe594ee9b33d82058545b1ed14f4c8206e,console.log-in-loop-content-process-typedarray,damp,True,damp console.log-in-loop-content-process-typedarray opt e10s fission stylo webrender-sw,4788178,6,ms,firefox,,1761865808,2023-09-25 13:24:00,1305837,,,,,,,,,,,,,,,,,,,,,,,,,,,,,,,,,,,,,,,,,,,,,,,,,TN
235,fe05057336fb6f145784f7b6f7f989244c228925,0.9284862594302661,mozilla-beta,4788727,12,83c4e198d104587f2d2886f22d06d6ee1fd3d589,linux1804-64-shippable-qr,True,False,,,102210fe594ee9b33d82058545b1ed14f4c8206e,console.log-in-loop-content-process-typedarray,damp,True,damp console.log-in-loop-content-process-typedarray opt e10s fission stylo webrender-sw,4788178,6,ms,firefox,,1762305127,2023-09-26 09:15:49,1306480,,,,,,,,,,,,,,,,,,,,,,,,,,,,,,,,,,,,,,,,,,,,,,,,,TN
236,09d6dd43de7eee4f04ef855c161b062d76953ffb,0.31891733535260336,mozilla-beta,4788727,12,83c4e198d104587f2d2886f22d06d6ee1fd3d589,linux1804-64-shippable-qr,True,False,,,102210fe594ee9b33d82058545b1ed14f4c8206e,console.log-in-loop-content-process-typedarray,damp,True,damp console.log-in-loop-content-process-typedarray opt e10s fission stylo webrender-sw,4788178,6,ms,firefox,,1762718145,2023-09-26 22:39:03,1307042,,,,,,,,,,,,,,,,,,,,,,,,,,,,,,,,,,,,,,,,,,,,,,,,,TN
237,32c9429bb1b909628b4702be4abf30d1c8ef9213,0.9173435480945216,mozilla-beta,4788727,12,83c4e198d104587f2d2886f22d06d6ee1fd3d589,linux1804-64-shippable-qr,True,False,,,102210fe594ee9b33d82058545b1ed14f4c8206e,console.log-in-loop-content-process-typedarray,damp,True,damp console.log-in-loop-content-process-typedarray opt e10s fission stylo webrender-sw,4788178,6,ms,firefox,,1762757601,2023-09-27 02:39:08,1307113,,,,,,,,,,,,,,,,,,,,,,,,,,,,,,,,,,,,,,,,,,,,,,,,,TN
238,6b3b2f0defd0129f296da601815862ec420c2a8d,0.8769163565659568,mozilla-beta,4788727,12,83c4e198d104587f2d2886f22d06d6ee1fd3d589,linux1804-64-shippable-qr,True,False,,,102210fe594ee9b33d82058545b1ed14f4c8206e,console.log-in-loop-content-process-typedarray,damp,True,damp console.log-in-loop-content-process-typedarray opt e10s fission stylo webrender-sw,4788178,6,ms,firefox,,1762931873,2023-09-27 09:15:17,1307246,,,,,,,,,,,,,,,,,,,,,,,,,,,,,,,,,,,,,,,,,,,,,,,,,TN
239,3d23401ea6ed6463f47303edd5a9e6a98f919ac6,0.8355827045378925,mozilla-beta,4788727,12,83c4e198d104587f2d2886f22d06d6ee1fd3d589,linux1804-64-shippable-qr,True,False,,,102210fe594ee9b33d82058545b1ed14f4c8206e,console.log-in-loop-content-process-typedarray,damp,True,damp console.log-in-loop-content-process-typedarray opt e10s fission stylo webrender-sw,4788178,6,ms,firefox,,1763333747,2023-09-27 18:36:07,1307615,,,,,,,,,,,,,,,,,,,,,,,,,,,,,,,,,,,,,,,,,,,,,,,,,TN
240,f77957643f474632b5a0c5f5b603c22b648cf284,0.8803062850455277,mozilla-beta,4788727,12,83c4e198d104587f2d2886f22d06d6ee1fd3d589,linux1804-64-shippable-qr,True,False,,,102210fe594ee9b33d82058545b1ed14f4c8206e,console.log-in-loop-content-process-typedarray,damp,True,damp console.log-in-loop-content-process-typedarray opt e10s fission stylo webrender-sw,4788178,6,ms,firefox,,1763360664,2023-09-27 18:57:18,1307635,,,,,,,,,,,,,,,,,,,,,,,,,,,,,,,,,,,,,,,,,,,,,,,,,TN
241,0862c284dac061ce42712be1910f7b2fbe48c764,0.9599373376856675,mozilla-beta,4788727,12,83c4e198d104587f2d2886f22d06d6ee1fd3d589,linux1804-64-shippable-qr,True,False,,,102210fe594ee9b33d82058545b1ed14f4c8206e,console.log-in-loop-content-process-typedarray,damp,True,damp console.log-in-loop-content-process-typedarray opt e10s fission stylo webrender-sw,4788178,6,ms,firefox,,1763494128,2023-09-27 23:22:04,1307774,,,,,,,,,,,,,,,,,,,,,,,,,,,,,,,,,,,,,,,,,,,,,,,,,TN
242,dbfa6f744d1fcb031f3482c02ca9b6a93d17c6f6,0.8466344606823601,mozilla-beta,4788727,12,83c4e198d104587f2d2886f22d06d6ee1fd3d589,linux1804-64-shippable-qr,True,False,,,102210fe594ee9b33d82058545b1ed14f4c8206e,console.log-in-loop-content-process-typedarray,damp,True,damp console.log-in-loop-content-process-typedarray opt e10s fission stylo webrender-sw,4788178,6,ms,firefox,,1763839465,2023-09-28 09:16:00,1307948,,,,,,,,,,,,,,,,,,,,,,,,,,,,,,,,,,,,,,,,,,,,,,,,,TN
243,c225843f670a40bb285d0934cdd28748011db546,0.8744831401616113,mozilla-beta,4788727,12,83c4e198d104587f2d2886f22d06d6ee1fd3d589,linux1804-64-shippable-qr,True,False,,,102210fe594ee9b33d82058545b1ed14f4c8206e,console.log-in-loop-content-process-typedarray,damp,True,damp console.log-in-loop-content-process-typedarray opt e10s fission stylo webrender-sw,4788178,6,ms,firefox,,1764039031,2023-09-28 15:47:16,1308188,,,,,,,,,,,,,,,,,,,,,,,,,,,,,,,,,,,,,,,,,,,,,,,,,TN
244,714ad1ecc496dbc1e0316ef32f004e3594afae4c,0.8201599790556076,mozilla-beta,4788727,12,83c4e198d104587f2d2886f22d06d6ee1fd3d589,linux1804-64-shippable-qr,True,False,,,102210fe594ee9b33d82058545b1ed14f4c8206e,console.log-in-loop-content-process-typedarray,damp,True,damp console.log-in-loop-content-process-typedarray opt e10s fission stylo webrender-sw,4788178,6,ms,firefox,,1764093118,2023-09-28 16:33:19,1308221,,,,,,,,,,,,,,,,,,,,,,,,,,,,,,,,,,,,,,,,,,,,,,,,,TN
245,1a41a118193dc3ad19c04b3da34ba9f08b5f4b2e,0.8830251835103637,mozilla-beta,4788727,12,83c4e198d104587f2d2886f22d06d6ee1fd3d589,linux1804-64-shippable-qr,True,False,,,102210fe594ee9b33d82058545b1ed14f4c8206e,console.log-in-loop-content-process-typedarray,damp,True,damp console.log-in-loop-content-process-typedarray opt e10s fission stylo webrender-sw,4788178,6,ms,firefox,,1764165653,2023-09-28 19:13:44,1308369,,,,,,,,,,,,,,,,,,,,,,,,,,,,,,,,,,,,,,,,,,,,,,,,,TN
246,fe5fec8379780f7d83aea22168af4bb524933291,0.8520813386400738,mozilla-beta,4788727,12,83c4e198d104587f2d2886f22d06d6ee1fd3d589,linux1804-64-shippable-qr,True,False,,,102210fe594ee9b33d82058545b1ed14f4c8206e,console.log-in-loop-content-process-typedarray,damp,True,damp console.log-in-loop-content-process-typedarray opt e10s fission stylo webrender-sw,4788178,6,ms,firefox,,1764602598,2023-09-29 09:14:27,1308654,,,,,,,,,,,,,,,,,,,,,,,,,,,,,,,,,,,,,,,,,,,,,,,,,TN
247,5f7680e645eebc437f78cdeed1261c0cfb2579cf,0.873581590501844,mozilla-beta,4788727,12,83c4e198d104587f2d2886f22d06d6ee1fd3d589,linux1804-64-shippable-qr,True,False,,,102210fe594ee9b33d82058545b1ed14f4c8206e,console.log-in-loop-content-process-typedarray,damp,True,damp console.log-in-loop-content-process-typedarray opt e10s fission stylo webrender-sw,4788178,6,ms,firefox,,1764948343,2023-09-29 17:03:59,1308871,,,,,,,,,,,,,,,,,,,,,,,,,,,,,,,,,,,,,,,,,,,,,,,,,TN
248,f112373c55ecd1ae5179e07fab55605a7bfe0d0b,0.9260669865903659,mozilla-beta,4788727,12,83c4e198d104587f2d2886f22d06d6ee1fd3d589,linux1804-64-shippable-qr,True,False,,,102210fe594ee9b33d82058545b1ed14f4c8206e,console.log-in-loop-content-process-typedarray,damp,True,damp console.log-in-loop-content-process-typedarray opt e10s fission stylo webrender-sw,4788178,6,ms,firefox,,1764982747,2023-09-29 18:35:51,1308924,,,,,,,,,,,,,,,,,,,,,,,,,,,,,,,,,,,,,,,,,,,,,,,,,TN
249,c29dafbae797813b78752227e769dffacec3830d,0.9040879520115452,mozilla-beta,4788727,12,83c4e198d104587f2d2886f22d06d6ee1fd3d589,linux1804-64-shippable-qr,True,False,,,102210fe594ee9b33d82058545b1ed14f4c8206e,console.log-in-loop-content-process-typedarray,damp,True,damp console.log-in-loop-content-process-typedarray opt e10s fission stylo webrender-sw,4788178,6,ms,firefox,,1765248763,2023-09-30 09:18:18,1309097,,,,,,,,,,,,,,,,,,,,,,,,,,,,,,,,,,,,,,,,,,,,,,,,,TN
250,75b5edb9dd8c6ea1ed868362b8ed8afff4377b7f,0.8649815509413359,mozilla-beta,4788727,12,83c4e198d104587f2d2886f22d06d6ee1fd3d589,linux1804-64-shippable-qr,True,False,,,102210fe594ee9b33d82058545b1ed14f4c8206e,console.log-in-loop-content-process-typedarray,damp,True,damp console.log-in-loop-content-process-typedarray opt e10s fission stylo webrender-sw,4788178,6,ms,firefox,,1765476235,2023-10-01 09:15:55,1309193,,,,,,,,,,,,,,,,,,,,,,,,,,,,,,,,,,,,,,,,,,,,,,,,,TN
251,79a4e78796384c8776f2b76178b4017d09e31fd4,0.9299989268607409,mozilla-beta,4788727,12,83c4e198d104587f2d2886f22d06d6ee1fd3d589,linux1804-64-shippable-qr,True,False,,,102210fe594ee9b33d82058545b1ed14f4c8206e,console.log-in-loop-content-process-typedarray,damp,True,damp console.log-in-loop-content-process-typedarray opt e10s fission stylo webrender-sw,4788178,6,ms,firefox,,1765527158,2023-10-01 13:43:42,1309232,,,,,,,,,,,,,,,,,,,,,,,,,,,,,,,,,,,,,,,,,,,,,,,,,TN
252,dd5c4288e5758af7fc35f71c3129bd1eda767278,0.8577300601594136,mozilla-beta,4788727,12,83c4e198d104587f2d2886f22d06d6ee1fd3d589,linux1804-64-shippable-qr,True,False,,,102210fe594ee9b33d82058545b1ed14f4c8206e,console.log-in-loop-content-process-typedarray,damp,True,damp console.log-in-loop-content-process-typedarray opt e10s fission stylo webrender-sw,4788178,6,ms,firefox,,1765797422,2023-10-02 09:17:55,1309401,,,,,,,,,,,,,,,,,,,,,,,,,,,,,,,,,,,,,,,,,,,,,,,,,TN
253,c8e8ea275a5a3f33358dcf77b50088ddf09f7e9b,0.8504423901749005,mozilla-beta,4788727,12,83c4e198d104587f2d2886f22d06d6ee1fd3d589,linux1804-64-shippable-qr,True,False,,,102210fe594ee9b33d82058545b1ed14f4c8206e,console.log-in-loop-content-process-typedarray,damp,True,damp console.log-in-loop-content-process-typedarray opt e10s fission stylo webrender-sw,4788178,6,ms,firefox,,1765954102,2023-10-02 13:51:16,1309578,,,,,,,,,,,,,,,,,,,,,,,,,,,,,,,,,,,,,,,,,,,,,,,,,TN
254,e5bffcfa00f5c8cd1e394ac1131fb1e3ca2a3b56,0.9188654736653192,mozilla-beta,4788727,12,83c4e198d104587f2d2886f22d06d6ee1fd3d589,linux1804-64-shippable-qr,True,False,,,102210fe594ee9b33d82058545b1ed14f4c8206e,console.log-in-loop-content-process-typedarray,damp,True,damp console.log-in-loop-content-process-typedarray opt e10s fission stylo webrender-sw,4788178,6,ms,firefox,,1766225115,2023-10-02 20:49:05,1309873,,,,,,,,,,,,,,,,,,,,,,,,,,,,,,,,,,,,,,,,,,,,,,,,,TN
255,205eb2c4bf7e71d495ab61be1d40f9ea2671340b,0.8273732618948335,mozilla-beta,4788727,12,83c4e198d104587f2d2886f22d06d6ee1fd3d589,linux1804-64-shippable-qr,True,False,,,102210fe594ee9b33d82058545b1ed14f4c8206e,console.log-in-loop-content-process-typedarray,damp,True,damp console.log-in-loop-content-process-typedarray opt e10s fission stylo webrender-sw,4788178,6,ms,firefox,,1766598450,2023-10-03 09:17:20,1310189,,,,,,,,,,,,,,,,,,,,,,,,,,,,,,,,,,,,,,,,,,,,,,,,,TN
256,118184ccfcd830d8977a794dd26064b3accc58a2,0.8867367961408226,mozilla-beta,4788727,12,83c4e198d104587f2d2886f22d06d6ee1fd3d589,linux1804-64-shippable-qr,True,False,,,102210fe594ee9b33d82058545b1ed14f4c8206e,console.log-in-loop-content-process-typedarray,damp,True,damp console.log-in-loop-content-process-typedarray opt e10s fission stylo webrender-sw,4788178,6,ms,firefox,,1766775368,2023-10-03 12:49:30,1310283,,,,,,,,,,,,,,,,,,,,,,,,,,,,,,,,,,,,,,,,,,,,,,,,,TN
257,aae1c545bad65ea0147bb9c3d884c5d0d1ebcfa2,0.907939177398942,mozilla-beta,4788727,12,83c4e198d104587f2d2886f22d06d6ee1fd3d589,linux1804-64-shippable-qr,True,False,,,102210fe594ee9b33d82058545b1ed14f4c8206e,console.log-in-loop-content-process-typedarray,damp,True,damp console.log-in-loop-content-process-typedarray opt e10s fission stylo webrender-sw,4788178,6,ms,firefox,,1767162567,2023-10-04 00:57:47,1310719,,,,,,,,,,,,,,,,,,,,,,,,,,,,,,,,,,,,,,,,,,,,,,,,,TN
258,20072380b395934aebb21065fe4a360ae9ca1e5a,0.9484600613081029,mozilla-beta,4788727,12,83c4e198d104587f2d2886f22d06d6ee1fd3d589,linux1804-64-shippable-qr,True,False,,,102210fe594ee9b33d82058545b1ed14f4c8206e,console.log-in-loop-content-process-typedarray,damp,True,damp console.log-in-loop-content-process-typedarray opt e10s fission stylo webrender-sw,4788178,6,ms,firefox,,1767170673,2023-10-04 01:13:33,1310722,,,,,,,,,,,,,,,,,,,,,,,,,,,,,,,,,,,,,,,,,,,,,,,,,TN
259,9bb86c200658a7dc1d44f05d5275db9c605599f3,0.8781693291334443,mozilla-beta,4788727,12,83c4e198d104587f2d2886f22d06d6ee1fd3d589,linux1804-64-shippable-qr,True,False,,,102210fe594ee9b33d82058545b1ed14f4c8206e,console.log-in-loop-content-process-typedarray,damp,True,damp console.log-in-loop-content-process-typedarray opt e10s fission stylo webrender-sw,4788178,6,ms,firefox,,1767214739,2023-10-04 02:01:13,1310732,,,,,,,,,,,,,,,,,,,,,,,,,,,,,,,,,,,,,,,,,,,,,,,,,TN
260,4794794a6bd29a17dd7a438eaecc95be72381860,0.927076236599798,mozilla-beta,4788727,12,83c4e198d104587f2d2886f22d06d6ee1fd3d589,linux1804-64-shippable-qr,True,False,,,102210fe594ee9b33d82058545b1ed14f4c8206e,console.log-in-loop-content-process-typedarray,damp,True,damp console.log-in-loop-content-process-typedarray opt e10s fission stylo webrender-sw,4788178,6,ms,firefox,,1767252750,2023-10-04 04:09:15,1310752,,,,,,,,,,,,,,,,,,,,,,,,,,,,,,,,,,,,,,,,,,,,,,,,,TN
261,ee94bbad8af86968bf85c48449dd7d1bece16e6a,0.8251504065410726,mozilla-beta,4788727,12,83c4e198d104587f2d2886f22d06d6ee1fd3d589,linux1804-64-shippable-qr,True,False,,,102210fe594ee9b33d82058545b1ed14f4c8206e,console.log-in-loop-content-process-typedarray,damp,True,damp console.log-in-loop-content-process-typedarray opt e10s fission stylo webrender-sw,4788178,6,ms,firefox,,1767481249,2023-10-04 09:16:11,1310854,,,,,,,,,,,,,,,,,,,,,,,,,,,,,,,,,,,,,,,,,,,,,,,,,TN
262,6066df449ff2e6a96d4dd6d81f524353c904a7e4,0.9378281900069605,mozilla-beta,4788727,12,83c4e198d104587f2d2886f22d06d6ee1fd3d589,linux1804-64-shippable-qr,True,False,,,102210fe594ee9b33d82058545b1ed14f4c8206e,console.log-in-loop-content-process-typedarray,damp,True,damp console.log-in-loop-content-process-typedarray opt e10s fission stylo webrender-sw,4788178,6,ms,firefox,,1767815320,2023-10-04 19:05:37,1311304,,,,,,,,,,,,,,,,,,,,,,,,,,,,,,,,,,,,,,,,,,,,,,,,,TN
263,580ae177f2ee1ec5f96ba0a876c77edad7dc1810,0.8754534254756585,mozilla-beta,4788727,12,83c4e198d104587f2d2886f22d06d6ee1fd3d589,linux1804-64-shippable-qr,True,False,,,102210fe594ee9b33d82058545b1ed14f4c8206e,console.log-in-loop-content-process-typedarray,damp,True,damp console.log-in-loop-content-process-typedarray opt e10s fission stylo webrender-sw,4788178,6,ms,firefox,,1768205246,2023-10-05 09:16:59,1311697,,,,,,,,,,,,,,,,,,,,,,,,,,,,,,,,,,,,,,,,,,,,,,,,,TN
264,82dc5b47405aa3b80232917dce1198d8f5fe0205,0.8954759976270785,mozilla-beta,4788727,12,83c4e198d104587f2d2886f22d06d6ee1fd3d589,linux1804-64-shippable-qr,True,False,,,102210fe594ee9b33d82058545b1ed14f4c8206e,console.log-in-loop-content-process-typedarray,damp,True,damp console.log-in-loop-content-process-typedarray opt e10s fission stylo webrender-sw,4788178,6,ms,firefox,,1768287252,2023-10-05 12:14:20,1311786,,,,,,,,,,,,,,,,,,,,,,,,,,,,,,,,,,,,,,,,,,,,,,,,,TN
265,a9b4c32cbce4e483371a4d4f0af1cb5b99ba1beb,0.9288991402890425,mozilla-beta,4788727,12,83c4e198d104587f2d2886f22d06d6ee1fd3d589,linux1804-64-shippable-qr,True,False,,,102210fe594ee9b33d82058545b1ed14f4c8206e,console.log-in-loop-content-process-typedarray,damp,True,damp console.log-in-loop-content-process-typedarray opt e10s fission stylo webrender-sw,4788178,6,ms,firefox,,1768379545,2023-10-05 13:10:58,1311851,,,,,,,,,,,,,,,,,,,,,,,,,,,,,,,,,,,,,,,,,,,,,,,,,TN
266,acc9965e45abe1aeac40ca2f04c26812adc75cda,0.8666375343849246,mozilla-beta,4788727,12,83c4e198d104587f2d2886f22d06d6ee1fd3d589,linux1804-64-shippable-qr,True,False,,,102210fe594ee9b33d82058545b1ed14f4c8206e,console.log-in-loop-content-process-typedarray,damp,True,damp console.log-in-loop-content-process-typedarray opt e10s fission stylo webrender-sw,4788178,6,ms,firefox,,1768701398,2023-10-05 18:10:23,1312101,,,,,,,,,,,,,,,,,,,,,,,,,,,,,,,,,,,,,,,,,,,,,,,,,TN
267,75404df0a34bb37b93351a424687782569f397f9,0.8425303834053626,mozilla-beta,4788727,12,83c4e198d104587f2d2886f22d06d6ee1fd3d589,linux1804-64-shippable-qr,True,False,,,102210fe594ee9b33d82058545b1ed14f4c8206e,console.log-in-loop-content-process-typedarray,damp,True,damp console.log-in-loop-content-process-typedarray opt e10s fission stylo webrender-sw,4788178,6,ms,firefox,,1769072587,2023-10-06 09:15:09,1312465,,,,,,,,,,,,,,,,,,,,,,,,,,,,,,,,,,,,,,,,,,,,,,,,,TN
268,f62bbe0bb99b812d0d79d2e5517f7584baa278fc,0.9337862308266116,mozilla-beta,4788727,12,83c4e198d104587f2d2886f22d06d6ee1fd3d589,linux1804-64-shippable-qr,True,False,,,102210fe594ee9b33d82058545b1ed14f4c8206e,console.log-in-loop-content-process-typedarray,damp,True,damp console.log-in-loop-content-process-typedarray opt e10s fission stylo webrender-sw,4788178,6,ms,firefox,,1769392429,2023-10-06 17:47:24,1312771,,,,,,,,,,,,,,,,,,,,,,,,,,,,,,,,,,,,,,,,,,,,,,,,,TN
269,f56a6c67a33ab1a140c63cace57b27168b822eec,0.8599660379208642,mozilla-beta,4788727,12,83c4e198d104587f2d2886f22d06d6ee1fd3d589,linux1804-64-shippable-qr,True,False,,,102210fe594ee9b33d82058545b1ed14f4c8206e,console.log-in-loop-content-process-typedarray,damp,True,damp console.log-in-loop-content-process-typedarray opt e10s fission stylo webrender-sw,4788178,6,ms,firefox,,1769494658,2023-10-06 18:35:27,1312821,,,,,,,,,,,,,,,,,,,,,,,,,,,,,,,,,,,,,,,,,,,,,,,,,TN
270,13a5ee763497f5cfd08fefcb509684311e9aee25,0.8484531297787896,mozilla-beta,4788727,12,83c4e198d104587f2d2886f22d06d6ee1fd3d589,linux1804-64-shippable-qr,True,False,,,102210fe594ee9b33d82058545b1ed14f4c8206e,console.log-in-loop-content-process-typedarray,damp,True,damp console.log-in-loop-content-process-typedarray opt e10s fission stylo webrender-sw,4788178,6,ms,firefox,,1769667234,2023-10-07 09:16:25,1313095,,,,,,,,,,,,,,,,,,,,,,,,,,,,,,,,,,,,,,,,,,,,,,,,,TN
271,9a2aad16b50476b91e85115698a5372c0e178481,0.9300418363287961,mozilla-beta,4788727,12,83c4e198d104587f2d2886f22d06d6ee1fd3d589,linux1804-64-shippable-qr,True,False,,,102210fe594ee9b33d82058545b1ed14f4c8206e,console.log-in-loop-content-process-typedarray,damp,True,damp console.log-in-loop-content-process-typedarray opt e10s fission stylo webrender-sw,4788178,6,ms,firefox,,1769972937,2023-10-08 09:15:29,1313212,,,,,,,,,,,,,,,,,,,,,,,,,,,,,,,,,,,,,,,,,,,,,,,,,TN
272,52bc619257d3e66e5326c753c4a1035195d1929a,0.8246871452974709,mozilla-beta,4788727,12,83c4e198d104587f2d2886f22d06d6ee1fd3d589,linux1804-64-shippable-qr,True,False,,,102210fe594ee9b33d82058545b1ed14f4c8206e,console.log-in-loop-content-process-typedarray,damp,True,damp console.log-in-loop-content-process-typedarray opt e10s fission stylo webrender-sw,4788178,6,ms,firefox,,1770080833,2023-10-08 14:12:09,1313230,,,,,,,,,,,,,,,,,,,,,,,,,,,,,,,,,,,,,,,,,,,,,,,,,TN
273,4816a8c9639e20516df1685953f8ca97052aea2b,0.8562921340987599,mozilla-beta,4788727,12,83c4e198d104587f2d2886f22d06d6ee1fd3d589,linux1804-64-shippable-qr,True,False,,,102210fe594ee9b33d82058545b1ed14f4c8206e,console.log-in-loop-content-process-typedarray,damp,True,damp console.log-in-loop-content-process-typedarray opt e10s fission stylo webrender-sw,4788178,6,ms,firefox,,1770065952,2023-10-08 14:18:48,1313231,,,,,,,,,,,,,,,,,,,,,,,,,,,,,,,,,,,,,,,,,,,,,,,,,TN
274,d4527a30756259366526e6c471ce07f48f4515ac,0.8468947834887017,mozilla-beta,4788727,12,83c4e198d104587f2d2886f22d06d6ee1fd3d589,linux1804-64-shippable-qr,True,False,,,102210fe594ee9b33d82058545b1ed14f4c8206e,console.log-in-loop-content-process-typedarray,damp,True,damp console.log-in-loop-content-process-typedarray opt e10s fission stylo webrender-sw,4788178,6,ms,firefox,,1770376096,2023-10-09 09:21:20,1313437,,,,,,,,,,,,,,,,,,,,,,,,,,,,,,,,,,,,,,,,,,,,,,,,,TN
275,2c502d3a5967e4ffe419c5d01465f41dceb956f6,0.82884693242789,mozilla-beta,4788727,12,83c4e198d104587f2d2886f22d06d6ee1fd3d589,linux1804-64-shippable-qr,True,False,,,102210fe594ee9b33d82058545b1ed14f4c8206e,console.log-in-loop-content-process-typedarray,damp,True,damp console.log-in-loop-content-process-typedarray opt e10s fission stylo webrender-sw,4788178,6,ms,firefox,,1770431646,2023-10-09 11:16:45,1313488,,,,,,,,,,,,,,,,,,,,,,,,,,,,,,,,,,,,,,,,,,,,,,,,,TN
276,f95037ec26ecbd37fce78a2acc917f42d07c5fb4,0.8195896132037799,mozilla-beta,4788727,12,83c4e198d104587f2d2886f22d06d6ee1fd3d589,linux1804-64-shippable-qr,True,False,,,102210fe594ee9b33d82058545b1ed14f4c8206e,console.log-in-loop-content-process-typedarray,damp,True,damp console.log-in-loop-content-process-typedarray opt e10s fission stylo webrender-sw,4788178,6,ms,firefox,,1770694020,2023-10-09 20:58:43,1313834,,,,,,,,,,,,,,,,,,,,,,,,,,,,,,,,,,,,,,,,,,,,,,,,,TN
277,6ca6ea6b139da8aa4264829b50988ed951574abf,0.8391345619180841,mozilla-beta,4788727,12,83c4e198d104587f2d2886f22d06d6ee1fd3d589,linux1804-64-shippable-qr,True,False,,,102210fe594ee9b33d82058545b1ed14f4c8206e,console.log-in-loop-content-process-typedarray,damp,True,damp console.log-in-loop-content-process-typedarray opt e10s fission stylo webrender-sw,4788178,6,ms,firefox,,1770930218,2023-10-10 09:17:32,1314076,,,,,,,,,,,,,,,,,,,,,,,,,,,,,,,,,,,,,,,,,,,,,,,,,TN
278,c811c2581ef0ad534e3f4051ad22d392a27379a9,0.8399145642703987,mozilla-beta,4788727,12,83c4e198d104587f2d2886f22d06d6ee1fd3d589,linux1804-64-shippable-qr,True,False,,,102210fe594ee9b33d82058545b1ed14f4c8206e,console.log-in-loop-content-process-typedarray,damp,True,damp console.log-in-loop-content-process-typedarray opt e10s fission stylo webrender-sw,4788178,6,ms,firefox,,1771028808,2023-10-10 12:36:38,1314201,,,,,,,,,,,,,,,,,,,,,,,,,,,,,,,,,,,,,,,,,,,,,,,,,TN
279,fd6c29d7603acc344157c8a5f14b7fc49b7ad07c,0.865042203836698,mozilla-beta,4788727,12,83c4e198d104587f2d2886f22d06d6ee1fd3d589,linux1804-64-shippable-qr,True,False,,,102210fe594ee9b33d82058545b1ed14f4c8206e,console.log-in-loop-content-process-typedarray,damp,True,damp console.log-in-loop-content-process-typedarray opt e10s fission stylo webrender-sw,4788178,6,ms,firefox,,1771079409,2023-10-10 14:42:07,1314306,,,,,,,,,,,,,,,,,,,,,,,,,,,,,,,,,,,,,,,,,,,,,,,,,TN
280,577dcfba9576ee660a671915f1ea3756e9d84652,0.9113683603938081,mozilla-beta,4788727,12,83c4e198d104587f2d2886f22d06d6ee1fd3d589,linux1804-64-shippable-qr,True,False,,,102210fe594ee9b33d82058545b1ed14f4c8206e,console.log-in-loop-content-process-typedarray,damp,True,damp console.log-in-loop-content-process-typedarray opt e10s fission stylo webrender-sw,4788178,6,ms,firefox,,1771388089,2023-10-10 21:51:45,1314592,,,,,,,,,,,,,,,,,,,,,,,,,,,,,,,,,,,,,,,,,,,,,,,,,TN
281,54e1383bd50714d6e9f0149e83a414e4a48cac7f,0.8601503473694692,mozilla-beta,4788727,12,83c4e198d104587f2d2886f22d06d6ee1fd3d589,linux1804-64-shippable-qr,True,False,,,102210fe594ee9b33d82058545b1ed14f4c8206e,console.log-in-loop-content-process-typedarray,damp,True,damp console.log-in-loop-content-process-typedarray opt e10s fission stylo webrender-sw,4788178,6,ms,firefox,,1771599324,2023-10-11 09:15:28,1314859,,,,,,,,,,,,,,,,,,,,,,,,,,,,,,,,,,,,,,,,,,,,,,,,,TN
282,1b37a41b6de4ddb9a207889b49d817aa2e82d43a,0.9339936936768027,mozilla-beta,4788727,12,83c4e198d104587f2d2886f22d06d6ee1fd3d589,linux1804-64-shippable-qr,True,False,,,102210fe594ee9b33d82058545b1ed14f4c8206e,console.log-in-loop-content-process-typedarray,damp,True,damp console.log-in-loop-content-process-typedarray opt e10s fission stylo webrender-sw,4788178,6,ms,firefox,,1771902347,2023-10-11 19:41:14,1315281,,,,,,,,,,,,,,,,,,,,,,,,,,,,,,,,,,,,,,,,,,,,,,,,,TN
283,5aa198b1f23a350634177ce2fdeb210d41468ad4,0.8747600954184773,mozilla-beta,4788727,12,83c4e198d104587f2d2886f22d06d6ee1fd3d589,linux1804-64-shippable-qr,True,False,,,102210fe594ee9b33d82058545b1ed14f4c8206e,console.log-in-loop-content-process-typedarray,damp,True,damp console.log-in-loop-content-process-typedarray opt e10s fission stylo webrender-sw,4788178,6,ms,firefox,,1772008760,2023-10-11 22:55:04,1315411,,,,,,,,,,,,,,,,,,,,,,,,,,,,,,,,,,,,,,,,,,,,,,,,,TN
284,bba75dc3df803f8ed22a9cb4e7d6bc274909572c,0.872693742889822,mozilla-beta,4788727,12,83c4e198d104587f2d2886f22d06d6ee1fd3d589,linux1804-64-shippable-qr,True,False,,,102210fe594ee9b33d82058545b1ed14f4c8206e,console.log-in-loop-content-process-typedarray,damp,True,damp console.log-in-loop-content-process-typedarray opt e10s fission stylo webrender-sw,4788178,6,ms,firefox,,1772113213,2023-10-12 02:52:01,1315485,,,,,,,,,,,,,,,,,,,,,,,,,,,,,,,,,,,,,,,,,,,,,,,,,TN
285,9c6b259fc70659f4aed73bc575ef934836412c9f,0.8293762726420764,mozilla-beta,4788727,12,83c4e198d104587f2d2886f22d06d6ee1fd3d589,linux1804-64-shippable-qr,True,False,,,102210fe594ee9b33d82058545b1ed14f4c8206e,console.log-in-loop-content-process-typedarray,damp,True,damp console.log-in-loop-content-process-typedarray opt e10s fission stylo webrender-sw,4788178,6,ms,firefox,,1772259866,2023-10-12 09:16:52,1315594,,,,,,,,,,,,,,,,,,,,,,,,,,,,,,,,,,,,,,,,,,,,,,,,,TN
286,f931988827a90cf966b1ad7fc5e9e4ac2baf74c8,0.8451820597204462,mozilla-beta,4788727,12,83c4e198d104587f2d2886f22d06d6ee1fd3d589,linux1804-64-shippable-qr,True,False,,,102210fe594ee9b33d82058545b1ed14f4c8206e,console.log-in-loop-content-process-typedarray,damp,True,damp console.log-in-loop-content-process-typedarray opt e10s fission stylo webrender-sw,4788178,6,ms,firefox,,1772408787,2023-10-12 13:44:47,1315758,,,,,,,,,,,,,,,,,,,,,,,,,,,,,,,,,,,,,,,,,,,,,,,,,TN
287,0d28d797a85a4ed9635545fe3467b17e8ebb4d5d,0.8279279774642005,mozilla-beta,4788727,12,83c4e198d104587f2d2886f22d06d6ee1fd3d589,linux1804-64-shippable-qr,True,False,,,102210fe594ee9b33d82058545b1ed14f4c8206e,console.log-in-loop-content-process-typedarray,damp,True,damp console.log-in-loop-content-process-typedarray opt e10s fission stylo webrender-sw,4788178,6,ms,firefox,,1772531222,2023-10-12 17:47:43,1315941,,,,,,,,,,,,,,,,,,,,,,,,,,,,,,,,,,,,,,,,,,,,,,,,,TN
288,689906410d5f8337d185caeadf063e3c3e6f9f81,0.8685659003690325,mozilla-beta,4788727,12,83c4e198d104587f2d2886f22d06d6ee1fd3d589,linux1804-64-shippable-qr,True,False,,,102210fe594ee9b33d82058545b1ed14f4c8206e,console.log-in-loop-content-process-typedarray,damp,True,damp console.log-in-loop-content-process-typedarray opt e10s fission stylo webrender-sw,4788178,6,ms,firefox,,1772800292,2023-10-13 04:28:09,1316284,,,,,,,,,,,,,,,,,,,,,,,,,,,,,,,,,,,,,,,,,,,,,,,,,TN
289,03f145d4d7d679e973ec6621b498d6ba24c3bf45,0.9035064924923377,mozilla-beta,4788727,12,83c4e198d104587f2d2886f22d06d6ee1fd3d589,linux1804-64-shippable-qr,True,False,,,102210fe594ee9b33d82058545b1ed14f4c8206e,console.log-in-loop-content-process-typedarray,damp,True,damp console.log-in-loop-content-process-typedarray opt e10s fission stylo webrender-sw,4788178,6,ms,firefox,,1772890626,2023-10-13 09:14:12,1316340,,,,,,,,,,,,,,,,,,,,,,,,,,,,,,,,,,,,,,,,,,,,,,,,,TN
290,8eac8d7bb81d2778dd919d5b8062f8cfb0ff9d84,0.829469514191512,mozilla-beta,4788727,12,83c4e198d104587f2d2886f22d06d6ee1fd3d589,linux1804-64-shippable-qr,True,False,,,102210fe594ee9b33d82058545b1ed14f4c8206e,console.log-in-loop-content-process-typedarray,damp,True,damp console.log-in-loop-content-process-typedarray opt e10s fission stylo webrender-sw,4788178,6,ms,firefox,,1773243034,2023-10-13 21:13:24,1316819,,,,,,,,,,,,,,,,,,,,,,,,,,,,,,,,,,,,,,,,,,,,,,,,,TN
291,d07f9c6281b5fc29e57d0e41beeb2dba1056da49,0.8815179904585864,mozilla-beta,4788727,12,83c4e198d104587f2d2886f22d06d6ee1fd3d589,linux1804-64-shippable-qr,True,False,,,102210fe594ee9b33d82058545b1ed14f4c8206e,console.log-in-loop-content-process-typedarray,damp,True,damp console.log-in-loop-content-process-typedarray opt e10s fission stylo webrender-sw,4788178,6,ms,firefox,,1773394378,2023-10-14 09:18:12,1316894,,,,,,,,,,,,,,,,,,,,,,,,,,,,,,,,,,,,,,,,,,,,,,,,,TN
292,383757494ccc7f8f4c932b8ec8e6ff5c146590c5,0.8410268775085834,mozilla-beta,4788727,12,83c4e198d104587f2d2886f22d06d6ee1fd3d589,linux1804-64-shippable-qr,True,False,,,102210fe594ee9b33d82058545b1ed14f4c8206e,console.log-in-loop-content-process-typedarray,damp,True,damp console.log-in-loop-content-process-typedarray opt e10s fission stylo webrender-sw,4788178,6,ms,firefox,,1773713803,2023-10-15 09:18:27,1316988,,,,,,,,,,,,,,,,,,,,,,,,,,,,,,,,,,,,,,,,,,,,,,,,,TN
293,11d1909ae147645f934856a3d3236ee83fd99444,0.8524700517272255,mozilla-beta,4788727,12,83c4e198d104587f2d2886f22d06d6ee1fd3d589,linux1804-64-shippable-qr,True,False,,,102210fe594ee9b33d82058545b1ed14f4c8206e,console.log-in-loop-content-process-typedarray,damp,True,damp console.log-in-loop-content-process-typedarray opt e10s fission stylo webrender-sw,4788178,6,ms,firefox,,1773778224,2023-10-15 14:26:14,1317018,,,,,,,,,,,,,,,,,,,,,,,,,,,,,,,,,,,,,,,,,,,,,,,,,TN
294,061cd59972a07bd5d25892827951e2356d4993a7,0.8426741502496373,mozilla-beta,4788727,12,83c4e198d104587f2d2886f22d06d6ee1fd3d589,linux1804-64-shippable-qr,True,False,,,102210fe594ee9b33d82058545b1ed14f4c8206e,console.log-in-loop-content-process-typedarray,damp,True,damp console.log-in-loop-content-process-typedarray opt e10s fission stylo webrender-sw,4788178,6,ms,firefox,,1774018886,2023-10-16 09:17:28,1317168,,,,,,,,,,,,,,,,,,,,,,,,,,,,,,,,,,,,,,,,,,,,,,,,,TN
295,f2a69b23cb0aaf2b36bac4f9f197bf4282f542c4,0.8138489382241563,mozilla-beta,4788727,12,83c4e198d104587f2d2886f22d06d6ee1fd3d589,linux1804-64-shippable-qr,True,False,,,102210fe594ee9b33d82058545b1ed14f4c8206e,console.log-in-loop-content-process-typedarray,damp,True,damp console.log-in-loop-content-process-typedarray opt e10s fission stylo webrender-sw,4788178,6,ms,firefox,,1774143376,2023-10-16 12:10:58,1317268,,,,,,,,,,,,,,,,,,,,,,,,,,,,,,,,,,,,,,,,,,,,,,,,,TN
296,97e8b9bbb11e77faf6188c7a1dde9ca93c5ed34c,0.7631930150792692,mozilla-beta,4788727,12,83c4e198d104587f2d2886f22d06d6ee1fd3d589,linux1804-64-shippable-qr,True,False,,,102210fe594ee9b33d82058545b1ed14f4c8206e,console.log-in-loop-content-process-typedarray,damp,True,damp console.log-in-loop-content-process-typedarray opt e10s fission stylo webrender-sw,4788178,6,ms,firefox,,1774327687,2023-10-16 15:50:14,1317440,,,,,,,,,,,,,,,,,,,,,,,,,,,,,,,,,,,,,,,,,,,,,,,,,TN
297,15be2499adae693a40ddfc1cb5096c90e7270986,0.9383835979242461,mozilla-beta,4788727,12,83c4e198d104587f2d2886f22d06d6ee1fd3d589,linux1804-64-shippable-qr,True,False,,,102210fe594ee9b33d82058545b1ed14f4c8206e,console.log-in-loop-content-process-typedarray,damp,True,damp console.log-in-loop-content-process-typedarray opt e10s fission stylo webrender-sw,4788178,6,ms,firefox,,1774437873,2023-10-16 20:09:52,1317580,,,,,,,,,,,,,,,,,,,,,,,,,,,,,,,,,,,,,,,,,,,,,,,,,TN
298,5474a9ed5dbd2e49f2a97baf12209cd00e38bdd9,0.5492401280649877,mozilla-beta,4788727,12,83c4e198d104587f2d2886f22d06d6ee1fd3d589,linux1804-64-shippable-qr,True,False,,,102210fe594ee9b33d82058545b1ed14f4c8206e,console.log-in-loop-content-process-typedarray,damp,True,damp console.log-in-loop-content-process-typedarray opt e10s fission stylo webrender-sw,4788178,6,ms,firefox,,1778124284,2023-10-23 13:54:43,1320858,73.19,mozilla-ldap/jdescottes@mozilla.com,15be2499adae693a40ddfc1cb5096c90e7270986,40055.0,9.65,81.01,2023-10-29 11:56:31.052739,12.0,12.0,,,,1317580.0,2.0,2.0,,,,2023-11-02 12:06:32.094842,,1.0,-7.82,182631.0,,,40055.0,,False,False,jdescottes@mozilla.com,,,,2023-10-26 12:06:32.094842,,,OK,40051.0,,,,False,,8.6,damp,,,2023-10-31 12:06:32.094842,TP
299,b03a01da2a2d576a6c92ce245e4803bcb257f2aa,0.6586930516690188,mozilla-beta,4788727,12,83c4e198d104587f2d2886f22d06d6ee1fd3d589,linux1804-64-shippable-qr,True,False,,,102210fe594ee9b33d82058545b1ed14f4c8206e,console.log-in-loop-content-process-typedarray,damp,True,damp console.log-in-loop-content-process-typedarray opt e10s fission stylo webrender-sw,4788178,6,ms,firefox,,1778529703,2023-10-23 20:46:52,1321218,,,,,,,,,,,,,,,,,,,,,,,,,,,,,,,,,,,,,,,,,,,,,,,,,TN
300,687c546af188e22f70afcf55e14005978520b7cb,0.558263047275871,mozilla-beta,4788727,12,83c4e198d104587f2d2886f22d06d6ee1fd3d589,linux1804-64-shippable-qr,True,False,,,102210fe594ee9b33d82058545b1ed14f4c8206e,console.log-in-loop-content-process-typedarray,damp,True,damp console.log-in-loop-content-process-typedarray opt e10s fission stylo webrender-sw,4788178,6,ms,firefox,,1778997691,2023-10-24 09:16:29,1321483,,,,,,,,,,,,,,,,,,,,,,,,,,,,,,,,,,,,,,,,,,,,,,,,,TN
301,a17c6aa73b0faf44667bd491440d373e3268aa40,0.7403987489112511,mozilla-beta,4788727,12,83c4e198d104587f2d2886f22d06d6ee1fd3d589,linux1804-64-shippable-qr,True,False,,,102210fe594ee9b33d82058545b1ed14f4c8206e,console.log-in-loop-content-process-typedarray,damp,True,damp console.log-in-loop-content-process-typedarray opt e10s fission stylo webrender-sw,4788178,6,ms,firefox,,1779416470,2023-10-24 18:16:48,1321817,,,,,,,,,,,,,,,,,,,,,,,,,,,,,,,,,,,,,,,,,,,,,,,,,TN
302,0e1ba587a1e6e6f571fd31b1aca0d4679e193e1d,0.5218254863079386,mozilla-beta,4788727,12,83c4e198d104587f2d2886f22d06d6ee1fd3d589,linux1804-64-shippable-qr,True,False,,,102210fe594ee9b33d82058545b1ed14f4c8206e,console.log-in-loop-content-process-typedarray,damp,True,damp console.log-in-loop-content-process-typedarray opt e10s fission stylo webrender-sw,4788178,6,ms,firefox,,1779532236,2023-10-24 18:50:37,1321847,,,,,,,,,,,,,,,,,,,,,,,,,,,,,,,,,,,,,,,,,,,,,,,,,TN
303,3b2f433ad9ff8c7fc4b9947b65b4ed12b102cd2a,0.5246185143003315,mozilla-beta,4788727,12,83c4e198d104587f2d2886f22d06d6ee1fd3d589,linux1804-64-shippable-qr,True,False,,,102210fe594ee9b33d82058545b1ed14f4c8206e,console.log-in-loop-content-process-typedarray,damp,True,damp console.log-in-loop-content-process-typedarray opt e10s fission stylo webrender-sw,4788178,6,ms,firefox,,1779452580,2023-10-24 19:08:21,1321860,,,,,,,,,,,,,,,,,,,,,,,,,,,,,,,,,,,,,,,,,,,,,,,,,TN
304,b178e6a89dd972a2b875d083da187c5e1233158d,0.7916419601785476,mozilla-beta,4788727,12,83c4e198d104587f2d2886f22d06d6ee1fd3d589,linux1804-64-shippable-qr,True,False,,,102210fe594ee9b33d82058545b1ed14f4c8206e,console.log-in-loop-content-process-typedarray,damp,True,damp console.log-in-loop-content-process-typedarray opt e10s fission stylo webrender-sw,4788178,6,ms,firefox,,1779510215,2023-10-24 19:19:30,1321871,,,,,,,,,,,,,,,,,,,,,,,,,,,,,,,,,,,,,,,,,,,,,,,,,TN
305,c3d8b4bc894010747ac1638f14d701801685ad2e,0.5551832745495036,mozilla-beta,4788727,12,83c4e198d104587f2d2886f22d06d6ee1fd3d589,linux1804-64-shippable-qr,True,False,,,102210fe594ee9b33d82058545b1ed14f4c8206e,console.log-in-loop-content-process-typedarray,damp,True,damp console.log-in-loop-content-process-typedarray opt e10s fission stylo webrender-sw,4788178,6,ms,firefox,,1779854722,2023-10-25 09:17:56,1322190,,,,,,,,,,,,,,,,,,,,,,,,,,,,,,,,,,,,,,,,,,,,,,,,,TN
306,70b3d048171ce75923409d3d9d0b2d7752cacbb9,0.6049781262344474,mozilla-beta,4788727,12,83c4e198d104587f2d2886f22d06d6ee1fd3d589,linux1804-64-shippable-qr,True,False,,,102210fe594ee9b33d82058545b1ed14f4c8206e,console.log-in-loop-content-process-typedarray,damp,True,damp console.log-in-loop-content-process-typedarray opt e10s fission stylo webrender-sw,4788178,6,ms,firefox,,1780358172,2023-10-25 20:12:08,1322523,,,,,,,,,,,,,,,,,,,,,,,,,,,,,,,,,,,,,,,,,,,,,,,,,TN
307,31e780c0f9412435072db1cdb1a74a46766ddcff,0.5785244150444955,mozilla-beta,4788727,12,83c4e198d104587f2d2886f22d06d6ee1fd3d589,linux1804-64-shippable-qr,True,False,,,102210fe594ee9b33d82058545b1ed14f4c8206e,console.log-in-loop-content-process-typedarray,damp,True,damp console.log-in-loop-content-process-typedarray opt e10s fission stylo webrender-sw,4788178,6,ms,firefox,,1780588914,2023-10-26 01:42:12,1322720,,,,,,,,,,,,,,,,,,,,,,,,,,,,,,,,,,,,,,,,,,,,,,,,,TN
308,d0592eb71b49011c614d86db88b6673c5f23485f,0.543920642118843,mozilla-beta,4788727,12,83c4e198d104587f2d2886f22d06d6ee1fd3d589,linux1804-64-shippable-qr,True,False,,,102210fe594ee9b33d82058545b1ed14f4c8206e,console.log-in-loop-content-process-typedarray,damp,True,damp console.log-in-loop-content-process-typedarray opt e10s fission stylo webrender-sw,4788178,6,ms,firefox,,1780574335,2023-10-26 01:59:39,1322727,,,,,,,,,,,,,,,,,,,,,,,,,,,,,,,,,,,,,,,,,,,,,,,,,TN
309,09df940b02395fb242a2aff8bae0a1fc78f1a0ec,0.5592441364372989,mozilla-beta,4788727,12,83c4e198d104587f2d2886f22d06d6ee1fd3d589,linux1804-64-shippable-qr,True,False,,,102210fe594ee9b33d82058545b1ed14f4c8206e,console.log-in-loop-content-process-typedarray,damp,True,damp console.log-in-loop-content-process-typedarray opt e10s fission stylo webrender-sw,4788178,6,ms,firefox,,1780834704,2023-10-26 09:18:57,1322855,,,,,,,,,,,,,,,,,,,,,,,,,,,,,,,,,,,,,,,,,,,,,,,,,TN
310,0970ac067962ef702919bed3c130ff4577c5a618,0.5777308072510623,mozilla-beta,4788727,12,83c4e198d104587f2d2886f22d06d6ee1fd3d589,linux1804-64-shippable-qr,True,False,,,102210fe594ee9b33d82058545b1ed14f4c8206e,console.log-in-loop-content-process-typedarray,damp,True,damp console.log-in-loop-content-process-typedarray opt e10s fission stylo webrender-sw,4788178,6,ms,firefox,,1781092259,2023-10-26 14:06:49,1323016,,,,,,,,,,,,,,,,,,,,,,,,,,,,,,,,,,,,,,,,,,,,,,,,,TN
311,a4b470ebb6b18254694693aa28a4019d425e5157,0.5816948370410806,mozilla-beta,4788727,12,83c4e198d104587f2d2886f22d06d6ee1fd3d589,linux1804-64-shippable-qr,True,False,,,102210fe594ee9b33d82058545b1ed14f4c8206e,console.log-in-loop-content-process-typedarray,damp,True,damp console.log-in-loop-content-process-typedarray opt e10s fission stylo webrender-sw,4788178,6,ms,firefox,,1781203154,2023-10-26 18:12:41,1323171,,,,,,,,,,,,,,,,,,,,,,,,,,,,,,,,,,,,,,,,,,,,,,,,,TN
312,34202f0fbcf07f89f3bdcefc5b6f0ba8728daf54,0.7624053002933677,mozilla-beta,4788727,12,83c4e198d104587f2d2886f22d06d6ee1fd3d589,linux1804-64-shippable-qr,True,False,,,102210fe594ee9b33d82058545b1ed14f4c8206e,console.log-in-loop-content-process-typedarray,damp,True,damp console.log-in-loop-content-process-typedarray opt e10s fission stylo webrender-sw,4788178,6,ms,firefox,,1781328242,2023-10-26 21:02:35,1323277,,,,,,,,,,,,,,,,,,,,,,,,,,,,,,,,,,,,,,,,,,,,,,,,,TN
313,c9e3fb5ed0f44a04ac88882c5481a60a2a30e222,0.5779735154390502,mozilla-beta,4788727,12,83c4e198d104587f2d2886f22d06d6ee1fd3d589,linux1804-64-shippable-qr,True,False,,,102210fe594ee9b33d82058545b1ed14f4c8206e,console.log-in-loop-content-process-typedarray,damp,True,damp console.log-in-loop-content-process-typedarray opt e10s fission stylo webrender-sw,4788178,6,ms,firefox,,1781350028,2023-10-26 21:13:50,1323289,,,,,,,,,,,,,,,,,,,,,,,,,,,,,,,,,,,,,,,,,,,,,,,,,TN
314,bf57d88eb2a3a61a5fa08f1a445dd7351f6e2b1d,0.6915603677848328,mozilla-beta,4788727,12,83c4e198d104587f2d2886f22d06d6ee1fd3d589,linux1804-64-shippable-qr,True,False,,,102210fe594ee9b33d82058545b1ed14f4c8206e,console.log-in-loop-content-process-typedarray,damp,True,damp console.log-in-loop-content-process-typedarray opt e10s fission stylo webrender-sw,4788178,6,ms,firefox,,1781544250,2023-10-27 02:28:31,1323398,,,,,,,,,,,,,,,,,,,,,,,,,,,,,,,,,,,,,,,,,,,,,,,,,TN
315,b1cb7e7b034cc16c98f513f848eb36ea5df27c09,0.7442726768689267,mozilla-beta,4788727,12,83c4e198d104587f2d2886f22d06d6ee1fd3d589,linux1804-64-shippable-qr,True,False,,,102210fe594ee9b33d82058545b1ed14f4c8206e,console.log-in-loop-content-process-typedarray,damp,True,damp console.log-in-loop-content-process-typedarray opt e10s fission stylo webrender-sw,4788178,6,ms,firefox,,1781757868,2023-10-27 09:19:01,1323519,,,,,,,,,,,,,,,,,,,,,,,,,,,,,,,,,,,,,,,,,,,,,,,,,TN
316,b97dbe58458774c79ef350e7575e44682ad7b628,0.7719965566158562,mozilla-beta,4788727,12,83c4e198d104587f2d2886f22d06d6ee1fd3d589,linux1804-64-shippable-qr,True,False,,,102210fe594ee9b33d82058545b1ed14f4c8206e,console.log-in-loop-content-process-typedarray,damp,True,damp console.log-in-loop-content-process-typedarray opt e10s fission stylo webrender-sw,4788178,6,ms,firefox,,1782155136,2023-10-27 18:38:39,1323849,,,,,,,,,,,,,,,,,,,,,,,,,,,,,,,,,,,,,,,,,,,,,,,,,TN
317,f7a6096fda1c5fd404b15a0cee8ca7f0b82aee00,0.5360184892308903,mozilla-beta,4788727,12,83c4e198d104587f2d2886f22d06d6ee1fd3d589,linux1804-64-shippable-qr,True,False,,,102210fe594ee9b33d82058545b1ed14f4c8206e,console.log-in-loop-content-process-typedarray,damp,True,damp console.log-in-loop-content-process-typedarray opt e10s fission stylo webrender-sw,4788178,6,ms,firefox,,1782124648,2023-10-27 18:54:25,1323862,,,,,,,,,,,,,,,,,,,,,,,,,,,,,,,,,,,,,,,,,,,,,,,,,TN
318,1f7ead04a319c6d28f7a8a0c148f15ababc492fa,0.7505060298267474,mozilla-beta,4788727,12,83c4e198d104587f2d2886f22d06d6ee1fd3d589,linux1804-64-shippable-qr,True,False,,,102210fe594ee9b33d82058545b1ed14f4c8206e,console.log-in-loop-content-process-typedarray,damp,True,damp console.log-in-loop-content-process-typedarray opt e10s fission stylo webrender-sw,4788178,6,ms,firefox,,1782589624,2023-10-28 09:15:28,1324045,,,,,,,,,,,,,,,,,,,,,,,,,,,,,,,,,,,,,,,,,,,,,,,,,TN
319,f8c125601213252ce34486ff451fa058381f558f,0.5379887825151073,mozilla-beta,4788727,12,83c4e198d104587f2d2886f22d06d6ee1fd3d589,linux1804-64-shippable-qr,True,False,,,102210fe594ee9b33d82058545b1ed14f4c8206e,console.log-in-loop-content-process-typedarray,damp,True,damp console.log-in-loop-content-process-typedarray opt e10s fission stylo webrender-sw,4788178,6,ms,firefox,,1782830494,2023-10-28 20:17:56,1324113,,,,,,,,,,,,,,,,,,,,,,,,,,,,,,,,,,,,,,,,,,,,,,,,,TN
320,14679f0ea712627e51e43163bc286ffad56bdf54,0.5696821020261287,mozilla-beta,4788727,12,83c4e198d104587f2d2886f22d06d6ee1fd3d589,linux1804-64-shippable-qr,True,False,,,102210fe594ee9b33d82058545b1ed14f4c8206e,console.log-in-loop-content-process-typedarray,damp,True,damp console.log-in-loop-content-process-typedarray opt e10s fission stylo webrender-sw,4788178,6,ms,firefox,,1782892195,2023-10-29 09:16:21,1324149,,,,,,,,,,,,,,,,,,,,,,,,,,,,,,,,,,,,,,,,,,,,,,,,,TN
321,48ba3b0afb19a5edcf6c904fa938052a576bcb89,0.5676547946982784,mozilla-beta,4788727,12,83c4e198d104587f2d2886f22d06d6ee1fd3d589,linux1804-64-shippable-qr,True,False,,,102210fe594ee9b33d82058545b1ed14f4c8206e,console.log-in-loop-content-process-typedarray,damp,True,damp console.log-in-loop-content-process-typedarray opt e10s fission stylo webrender-sw,4788178,6,ms,firefox,,1783229383,2023-10-30 02:36:04,1324220,,,,,,,,,,,,,,,,,,,,,,,,,,,,,,,,,,,,,,,,,,,,,,,,,TN
322,9de68f7e6fd4a13d6568549cfafbbf4de9830a32,0.7495193374777855,mozilla-beta,4788727,12,83c4e198d104587f2d2886f22d06d6ee1fd3d589,linux1804-64-shippable-qr,True,False,,,102210fe594ee9b33d82058545b1ed14f4c8206e,console.log-in-loop-content-process-typedarray,damp,True,damp console.log-in-loop-content-process-typedarray opt e10s fission stylo webrender-sw,4788178,6,ms,firefox,,1783393971,2023-10-30 09:16:20,1324285,,,,,,,,,,,,,,,,,,,,,,,,,,,,,,,,,,,,,,,,,,,,,,,,,TN
323,cc2e02baaa144a8b7924802226b7a0dae78019f9,0.5981928593009682,mozilla-beta,4788727,12,83c4e198d104587f2d2886f22d06d6ee1fd3d589,linux1804-64-shippable-qr,True,False,,,102210fe594ee9b33d82058545b1ed14f4c8206e,console.log-in-loop-content-process-typedarray,damp,True,damp console.log-in-loop-content-process-typedarray opt e10s fission stylo webrender-sw,4788178,6,ms,firefox,,1783709189,2023-10-30 17:02:01,1324586,,,,,,,,,,,,,,,,,,,,,,,,,,,,,,,,,,,,,,,,,,,,,,,,,TN
324,a68944a138e48b14870084ba2981e9c963ad930e,0.5242966530373376,mozilla-beta,4788727,12,83c4e198d104587f2d2886f22d06d6ee1fd3d589,linux1804-64-shippable-qr,True,False,,,102210fe594ee9b33d82058545b1ed14f4c8206e,console.log-in-loop-content-process-typedarray,damp,True,damp console.log-in-loop-content-process-typedarray opt e10s fission stylo webrender-sw,4788178,6,ms,firefox,,1783760417,2023-10-30 17:47:02,1324618,,,,,,,,,,,,,,,,,,,,,,,,,,,,,,,,,,,,,,,,,,,,,,,,,TN
325,7be1294f3227031fcd210f520339ce75fcf7004f,0.535593709649099,mozilla-beta,4788727,12,83c4e198d104587f2d2886f22d06d6ee1fd3d589,linux1804-64-shippable-qr,True,False,,,102210fe594ee9b33d82058545b1ed14f4c8206e,console.log-in-loop-content-process-typedarray,damp,True,damp console.log-in-loop-content-process-typedarray opt e10s fission stylo webrender-sw,4788178,6,ms,firefox,,1783727739,2023-10-30 18:00:17,1324626,,,,,,,,,,,,,,,,,,,,,,,,,,,,,,,,,,,,,,,,,,,,,,,,,TN
326,8f86cd37a37d99d960be58a89966ec2789adeecc,0.5444465366947018,mozilla-beta,4788727,12,83c4e198d104587f2d2886f22d06d6ee1fd3d589,linux1804-64-shippable-qr,True,False,,,102210fe594ee9b33d82058545b1ed14f4c8206e,console.log-in-loop-content-process-typedarray,damp,True,damp console.log-in-loop-content-process-typedarray opt e10s fission stylo webrender-sw,4788178,6,ms,firefox,,1783800455,2023-10-30 18:48:30,1324652,,,,,,,,,,,,,,,,,,,,,,,,,,,,,,,,,,,,,,,,,,,,,,,,,TN
327,d0dabe2c816558f29baf19470ce5b3e8b0df1e5b,0.5302107692138547,mozilla-beta,4788727,12,83c4e198d104587f2d2886f22d06d6ee1fd3d589,linux1804-64-shippable-qr,True,False,,,102210fe594ee9b33d82058545b1ed14f4c8206e,console.log-in-loop-content-process-typedarray,damp,True,damp console.log-in-loop-content-process-typedarray opt e10s fission stylo webrender-sw,4788178,6,ms,firefox,,1783814890,2023-10-30 19:00:54,1324656,,,,,,,,,,,,,,,,,,,,,,,,,,,,,,,,,,,,,,,,,,,,,,,,,TN
328,d8fb8c523804dc02924cb77b49e007a0abc2acc1,0.5741826853292555,mozilla-beta,4788727,12,83c4e198d104587f2d2886f22d06d6ee1fd3d589,linux1804-64-shippable-qr,True,False,,,102210fe594ee9b33d82058545b1ed14f4c8206e,console.log-in-loop-content-process-typedarray,damp,True,damp console.log-in-loop-content-process-typedarray opt e10s fission stylo webrender-sw,4788178,6,ms,firefox,,1784283590,2023-10-31 09:17:48,1324895,,,,,,,,,,,,,,,,,,,,,,,,,,,,,,,,,,,,,,,,,,,,,,,,,TN
329,a6dedbe86cd78c75a1070b8308ebda10dff87c51,0.5279354242293328,mozilla-beta,4788727,12,83c4e198d104587f2d2886f22d06d6ee1fd3d589,linux1804-64-shippable-qr,True,False,,,102210fe594ee9b33d82058545b1ed14f4c8206e,console.log-in-loop-content-process-typedarray,damp,True,damp console.log-in-loop-content-process-typedarray opt e10s fission stylo webrender-sw,4788178,6,ms,firefox,,1784494932,2023-10-31 13:58:47,1325015,,,,,,,,,,,,,,,,,,,,,,,,,,,,,,,,,,,,,,,,,,,,,,,,,TN
330,21c4c089d27455f7b69af83165892a878069f400,0.7355267934205636,mozilla-beta,4788727,12,83c4e198d104587f2d2886f22d06d6ee1fd3d589,linux1804-64-shippable-qr,True,False,,,102210fe594ee9b33d82058545b1ed14f4c8206e,console.log-in-loop-content-process-typedarray,damp,True,damp console.log-in-loop-content-process-typedarray opt e10s fission stylo webrender-sw,4788178,6,ms,firefox,,1784562128,2023-10-31 14:24:53,1325035,,,,,,,,,,,,,,,,,,,,,,,,,,,,,,,,,,,,,,,,,,,,,,,,,TN
331,497ea409d0b2c8c7f41830cefc198ceb700d2d63,0.5571693630262535,mozilla-beta,4788727,12,83c4e198d104587f2d2886f22d06d6ee1fd3d589,linux1804-64-shippable-qr,True,False,,,102210fe594ee9b33d82058545b1ed14f4c8206e,console.log-in-loop-content-process-typedarray,damp,True,damp console.log-in-loop-content-process-typedarray opt e10s fission stylo webrender-sw,4788178,6,ms,firefox,,1784574160,2023-10-31 16:19:48,1325135,,,,,,,,,,,,,,,,,,,,,,,,,,,,,,,,,,,,,,,,,,,,,,,,,TN
332,54672e6e13984a5fc53d478951425d3435da65dc,0.7342089494659887,mozilla-beta,4788727,12,83c4e198d104587f2d2886f22d06d6ee1fd3d589,linux1804-64-shippable-qr,True,False,,,102210fe594ee9b33d82058545b1ed14f4c8206e,console.log-in-loop-content-process-typedarray,damp,True,damp console.log-in-loop-content-process-typedarray opt e10s fission stylo webrender-sw,4788178,6,ms,firefox,,1784658583,2023-10-31 17:25:12,1325175,,,,,,,,,,,,,,,,,,,,,,,,,,,,,,,,,,,,,,,,,,,,,,,,,TN
333,6df364abb4816f789a765083584689223976afe6,0.5642646569042173,mozilla-beta,4788727,12,83c4e198d104587f2d2886f22d06d6ee1fd3d589,linux1804-64-shippable-qr,True,False,,,102210fe594ee9b33d82058545b1ed14f4c8206e,console.log-in-loop-content-process-typedarray,damp,True,damp console.log-in-loop-content-process-typedarray opt e10s fission stylo webrender-sw,4788178,6,ms,firefox,,1784770526,2023-10-31 19:29:15,1325236,,,,,,,,,,,,,,,,,,,,,,,,,,,,,,,,,,,,,,,,,,,,,,,,,TN
334,739f3449852d8e3d03019cd002ca378fb79676e7,0.5519155213206233,mozilla-beta,4788727,12,83c4e198d104587f2d2886f22d06d6ee1fd3d589,linux1804-64-shippable-qr,True,False,,,102210fe594ee9b33d82058545b1ed14f4c8206e,console.log-in-loop-content-process-typedarray,damp,True,damp console.log-in-loop-content-process-typedarray opt e10s fission stylo webrender-sw,4788178,6,ms,firefox,,1785048338,2023-11-01 03:02:04,1325441,,,,,,,,,,,,,,,,,,,,,,,,,,,,,,,,,,,,,,,,,,,,,,,,,TN
335,c32c921bf0c099387541a2bd4306618b2a338aac,0.7287677391001388,mozilla-beta,4788727,12,83c4e198d104587f2d2886f22d06d6ee1fd3d589,linux1804-64-shippable-qr,True,False,,,102210fe594ee9b33d82058545b1ed14f4c8206e,console.log-in-loop-content-process-typedarray,damp,True,damp console.log-in-loop-content-process-typedarray opt e10s fission stylo webrender-sw,4788178,6,ms,firefox,,1785213678,2023-11-01 09:28:03,1325520,,,,,,,,,,,,,,,,,,,,,,,,,,,,,,,,,,,,,,,,,,,,,,,,,TN
336,0808da37face51acf9b518904860c6fc9396e04a,0.5769457813512111,mozilla-beta,4788727,12,83c4e198d104587f2d2886f22d06d6ee1fd3d589,linux1804-64-shippable-qr,True,False,,,102210fe594ee9b33d82058545b1ed14f4c8206e,console.log-in-loop-content-process-typedarray,damp,True,damp console.log-in-loop-content-process-typedarray opt e10s fission stylo webrender-sw,4788178,6,ms,firefox,,1789384657,2023-11-01 13:22:55,1325609,,,,,,,,,,,,,,,,,,,,,,,,,,,,,,,,,,,,,,,,,,,,,,,,,TN
337,df324ea92314725bac06a65cec5bd7970a494119,0.5956175344670647,mozilla-beta,4788727,12,83c4e198d104587f2d2886f22d06d6ee1fd3d589,linux1804-64-shippable-qr,True,False,,,102210fe594ee9b33d82058545b1ed14f4c8206e,console.log-in-loop-content-process-typedarray,damp,True,damp console.log-in-loop-content-process-typedarray opt e10s fission stylo webrender-sw,4788178,6,ms,firefox,,1789385597,2023-11-01 13:31:00,1325613,,,,,,,,,,,,,,,,,,,,,,,,,,,,,,,,,,,,,,,,,,,,,,,,,TN
338,94c1a90e1edc0d2a5d61c18134f44b6259b47bd6,0.7571841277474944,mozilla-beta,4788727,12,83c4e198d104587f2d2886f22d06d6ee1fd3d589,linux1804-64-shippable-qr,True,False,,,102210fe594ee9b33d82058545b1ed14f4c8206e,console.log-in-loop-content-process-typedarray,damp,True,damp console.log-in-loop-content-process-typedarray opt e10s fission stylo webrender-sw,4788178,6,ms,firefox,,1789385052,2023-11-01 16:52:13,1325744,,,,,,,,,,,,,,,,,,,,,,,,,,,,,,,,,,,,,,,,,,,,,,,,,TN
339,717389b03e4f66f463593d4d489bc5bddcb0a286,0.5439111585628815,mozilla-beta,4788727,12,83c4e198d104587f2d2886f22d06d6ee1fd3d589,linux1804-64-shippable-qr,True,False,,,102210fe594ee9b33d82058545b1ed14f4c8206e,console.log-in-loop-content-process-typedarray,damp,True,damp console.log-in-loop-content-process-typedarray opt e10s fission stylo webrender-sw,4788178,6,ms,firefox,,1789385360,2023-11-01 19:55:10,1325853,,,,,,,,,,,,,,,,,,,,,,,,,,,,,,,,,,,,,,,,,,,,,,,,,TN
340,661ffaa432e4cc863263a07b7bdd27795a5df836,0.7614103480730612,mozilla-beta,4788727,12,83c4e198d104587f2d2886f22d06d6ee1fd3d589,linux1804-64-shippable-qr,True,False,,,102210fe594ee9b33d82058545b1ed14f4c8206e,console.log-in-loop-content-process-typedarray,damp,True,damp console.log-in-loop-content-process-typedarray opt e10s fission stylo webrender-sw,4788178,6,ms,firefox,,1785515202,2023-11-01 20:19:53,1325865,,,,,,,,,,,,,,,,,,,,,,,,,,,,,,,,,,,,,,,,,,,,,,,,,TN
341,52966fe3ab43a9acb012195122cc949e887f3f7a,0.7094712788736666,mozilla-beta,4788727,12,83c4e198d104587f2d2886f22d06d6ee1fd3d589,linux1804-64-shippable-qr,True,False,,,102210fe594ee9b33d82058545b1ed14f4c8206e,console.log-in-loop-content-process-typedarray,damp,True,damp console.log-in-loop-content-process-typedarray opt e10s fission stylo webrender-sw,4788178,6,ms,firefox,,1785885929,2023-11-02 09:16:17,1326068,,,,,,,,,,,,,,,,,,,,,,,,,,,,,,,,,,,,,,,,,,,,,,,,,TN
342,b93c979940b7fb53619a49044f7f0c9dcd99927b,0.5762861992283019,mozilla-beta,4788727,12,83c4e198d104587f2d2886f22d06d6ee1fd3d589,linux1804-64-shippable-qr,True,False,,,102210fe594ee9b33d82058545b1ed14f4c8206e,console.log-in-loop-content-process-typedarray,damp,True,damp console.log-in-loop-content-process-typedarray opt e10s fission stylo webrender-sw,4788178,6,ms,firefox,,1786078498,2023-11-02 13:26:23,1326186,,,,,,,,,,,,,,,,,,,,,,,,,,,,,,,,,,,,,,,,,,,,,,,,,TN
343,3de35294e81fd90cf63d3f7107110c0bcf4a461e,0.7859665752150513,mozilla-beta,4788727,12,83c4e198d104587f2d2886f22d06d6ee1fd3d589,linux1804-64-shippable-qr,True,False,,,102210fe594ee9b33d82058545b1ed14f4c8206e,console.log-in-loop-content-process-typedarray,damp,True,damp console.log-in-loop-content-process-typedarray opt e10s fission stylo webrender-sw,4788178,6,ms,firefox,,1786129055,2023-11-02 15:52:03,1326321,,,,,,,,,,,,,,,,,,,,,,,,,,,,,,,,,,,,,,,,,,,,,,,,,TN
344,fc180f625ac2b295ab3e05bde3ec29c2998dc76b,0.563346877321846,mozilla-beta,4788727,12,83c4e198d104587f2d2886f22d06d6ee1fd3d589,linux1804-64-shippable-qr,True,False,,,102210fe594ee9b33d82058545b1ed14f4c8206e,console.log-in-loop-content-process-typedarray,damp,True,damp console.log-in-loop-content-process-typedarray opt e10s fission stylo webrender-sw,4788178,6,ms,firefox,,1786157590,2023-11-02 16:31:23,1326367,,,,,,,,,,,,,,,,,,,,,,,,,,,,,,,,,,,,,,,,,,,,,,,,,TN
345,b1fe4b76180c0291b47971e0e442d50b2b46e243,0.5508670973016967,mozilla-beta,4788727,12,83c4e198d104587f2d2886f22d06d6ee1fd3d589,linux1804-64-shippable-qr,True,False,,,102210fe594ee9b33d82058545b1ed14f4c8206e,console.log-in-loop-content-process-typedarray,damp,True,damp console.log-in-loop-content-process-typedarray opt e10s fission stylo webrender-sw,4788178,6,ms,firefox,,1786300825,2023-11-02 19:37:31,1326468,,,,,,,,,,,,,,,,,,,,,,,,,,,,,,,,,,,,,,,,,,,,,,,,,TN
346,c5cefa7cf7968cb679cd9e608c644853e8bf3c5c,0.5419536656640598,mozilla-beta,4788727,12,83c4e198d104587f2d2886f22d06d6ee1fd3d589,linux1804-64-shippable-qr,True,False,,,102210fe594ee9b33d82058545b1ed14f4c8206e,console.log-in-loop-content-process-typedarray,damp,True,damp console.log-in-loop-content-process-typedarray opt e10s fission stylo webrender-sw,4788178,6,ms,firefox,,1786344986,2023-11-02 20:40:12,1326529,,,,,,,,,,,,,,,,,,,,,,,,,,,,,,,,,,,,,,,,,,,,,,,,,TN
347,10ccb989d5ffe828811dc99be6687afc0661fee6,0.7558549325077508,mozilla-beta,4788727,12,83c4e198d104587f2d2886f22d06d6ee1fd3d589,linux1804-64-shippable-qr,True,False,,,102210fe594ee9b33d82058545b1ed14f4c8206e,console.log-in-loop-content-process-typedarray,damp,True,damp console.log-in-loop-content-process-typedarray opt e10s fission stylo webrender-sw,4788178,6,ms,firefox,,1786459358,2023-11-03 02:09:01,1326660,,,,,,,,,,,,,,,,,,,,,,,,,,,,,,,,,,,,,,,,,,,,,,,,,TN
348,2dce64a161d6de039d89197b2248a11466fc7fb1,0.748423125353427,mozilla-beta,4788727,12,83c4e198d104587f2d2886f22d06d6ee1fd3d589,linux1804-64-shippable-qr,True,False,,,102210fe594ee9b33d82058545b1ed14f4c8206e,console.log-in-loop-content-process-typedarray,damp,True,damp console.log-in-loop-content-process-typedarray opt e10s fission stylo webrender-sw,4788178,6,ms,firefox,,1786611971,2023-11-03 09:17:43,1326756,,,,,,,,,,,,,,,,,,,,,,,,,,,,,,,,,,,,,,,,,,,,,,,,,TN
349,de7d0eba21d6dc9fa43711cb99724cf8bee14b09,0.5320649734681964,mozilla-beta,4788727,12,83c4e198d104587f2d2886f22d06d6ee1fd3d589,linux1804-64-shippable-qr,True,False,,,102210fe594ee9b33d82058545b1ed14f4c8206e,console.log-in-loop-content-process-typedarray,damp,True,damp console.log-in-loop-content-process-typedarray opt e10s fission stylo webrender-sw,4788178,6,ms,firefox,,1787007819,2023-11-03 20:10:06,1327141,,,,,,,,,,,,,,,,,,,,,,,,,,,,,,,,,,,,,,,,,,,,,,,,,TN
350,e236a9d8b7c953944c3ec583d1c67f4ee99b61c7,0.5327718284609593,mozilla-beta,4788727,12,83c4e198d104587f2d2886f22d06d6ee1fd3d589,linux1804-64-shippable-qr,True,False,,,102210fe594ee9b33d82058545b1ed14f4c8206e,console.log-in-loop-content-process-typedarray,damp,True,damp console.log-in-loop-content-process-typedarray opt e10s fission stylo webrender-sw,4788178,6,ms,firefox,,1787055938,2023-11-03 20:37:38,1327174,,,,,,,,,,,,,,,,,,,,,,,,,,,,,,,,,,,,,,,,,,,,,,,,,TN
351,aaed062f99d7c0ecc1574d16fc93d7aad82bfe08,0.7088382635881989,mozilla-beta,4788727,12,83c4e198d104587f2d2886f22d06d6ee1fd3d589,linux1804-64-shippable-qr,True,False,,,102210fe594ee9b33d82058545b1ed14f4c8206e,console.log-in-loop-content-process-typedarray,damp,True,damp console.log-in-loop-content-process-typedarray opt e10s fission stylo webrender-sw,4788178,6,ms,firefox,,1787235580,2023-11-04 09:15:24,1327315,,,,,,,,,,,,,,,,,,,,,,,,,,,,,,,,,,,,,,,,,,,,,,,,,TN
352,ac9cccecb9fd15c83e5a504a0a4777033d8012fc,0.553406291236425,mozilla-beta,4788727,12,83c4e198d104587f2d2886f22d06d6ee1fd3d589,linux1804-64-shippable-qr,True,False,,,102210fe594ee9b33d82058545b1ed14f4c8206e,console.log-in-loop-content-process-typedarray,damp,True,damp console.log-in-loop-content-process-typedarray opt e10s fission stylo webrender-sw,4788178,6,ms,firefox,,1787691996,2023-11-05 09:16:57,1327481,,,,,,,,,,,,,,,,,,,,,,,,,,,,,,,,,,,,,,,,,,,,,,,,,TN
353,a8eb7938131dec30c0043b6eeed4ca9727b3dcda,0.5372862265196363,mozilla-beta,4788727,12,83c4e198d104587f2d2886f22d06d6ee1fd3d589,linux1804-64-shippable-qr,True,False,,,102210fe594ee9b33d82058545b1ed14f4c8206e,console.log-in-loop-content-process-typedarray,damp,True,damp console.log-in-loop-content-process-typedarray opt e10s fission stylo webrender-sw,4788178,6,ms,firefox,,1787820030,2023-11-05 16:06:30,1327540,,,,,,,,,,,,,,,,,,,,,,,,,,,,,,,,,,,,,,,,,,,,,,,,,TN
354,fba3b198dcedf2312097e9dc1c6a57b9a25730d6,0.5488799300503149,mozilla-beta,4788727,12,83c4e198d104587f2d2886f22d06d6ee1fd3d589,linux1804-64-shippable-qr,True,False,,,102210fe594ee9b33d82058545b1ed14f4c8206e,console.log-in-loop-content-process-typedarray,damp,True,damp console.log-in-loop-content-process-typedarray opt e10s fission stylo webrender-sw,4788178,6,ms,firefox,,1788018742,2023-11-06 00:47:38,1327573,,,,,,,,,,,,,,,,,,,,,,,,,,,,,,,,,,,,,,,,,,,,,,,,,TN
355,84adf50c3d323e26c6a519a062b2417bb322ff0b,0.5142874601064444,mozilla-beta,4788727,12,83c4e198d104587f2d2886f22d06d6ee1fd3d589,linux1804-64-shippable-qr,True,False,,,102210fe594ee9b33d82058545b1ed14f4c8206e,console.log-in-loop-content-process-typedarray,damp,True,damp console.log-in-loop-content-process-typedarray opt e10s fission stylo webrender-sw,4788178,6,ms,firefox,,1788373911,2023-11-06 09:16:14,1327663,,,,,,,,,,,,,,,,,,,,,,,,,,,,,,,,,,,,,,,,,,,,,,,,,TN
356,515a8603c619c309e86df4e9288a2840561043fe,0.7014485769473557,mozilla-beta,4788727,12,83c4e198d104587f2d2886f22d06d6ee1fd3d589,linux1804-64-shippable-qr,True,False,,,102210fe594ee9b33d82058545b1ed14f4c8206e,console.log-in-loop-content-process-typedarray,damp,True,damp console.log-in-loop-content-process-typedarray opt e10s fission stylo webrender-sw,4788178,6,ms,firefox,,1788741716,2023-11-06 17:07:28,1328000,,,,,,,,,,,,,,,,,,,,,,,,,,,,,,,,,,,,,,,,,,,,,,,,,TN
357,46b44caed301798da4c8f6f69976582d1a514c7a,0.7167628936309676,mozilla-beta,4788727,12,83c4e198d104587f2d2886f22d06d6ee1fd3d589,linux1804-64-shippable-qr,True,False,,,102210fe594ee9b33d82058545b1ed14f4c8206e,console.log-in-loop-content-process-typedarray,damp,True,damp console.log-in-loop-content-process-typedarray opt e10s fission stylo webrender-sw,4788178,6,ms,firefox,,1789235826,2023-11-07 09:17:03,1328381,,,,,,,,,,,,,,,,,,,,,,,,,,,,,,,,,,,,,,,,,,,,,,,,,TN
358,34ed90e9b164d86b138e679b7d142e0974fd7816,0.5302810666761943,mozilla-beta,4788727,12,83c4e198d104587f2d2886f22d06d6ee1fd3d589,linux1804-64-shippable-qr,True,False,,,102210fe594ee9b33d82058545b1ed14f4c8206e,console.log-in-loop-content-process-typedarray,damp,True,damp console.log-in-loop-content-process-typedarray opt e10s fission stylo webrender-sw,4788178,6,ms,firefox,,1789344741,2023-11-07 13:33:14,1328471,,,,,,,,,,,,,,,,,,,,,,,,,,,,,,,,,,,,,,,,,,,,,,,,,TN
359,38f5ce2d997a124467b8065b92a79d2efa0f3827,0.7140717051827989,mozilla-beta,4788727,12,83c4e198d104587f2d2886f22d06d6ee1fd3d589,linux1804-64-shippable-qr,True,False,,,102210fe594ee9b33d82058545b1ed14f4c8206e,console.log-in-loop-content-process-typedarray,damp,True,damp console.log-in-loop-content-process-typedarray opt e10s fission stylo webrender-sw,4788178,6,ms,firefox,,1789348243,2023-11-07 14:02:57,1328489,,,,,,,,,,,,,,,,,,,,,,,,,,,,,,,,,,,,,,,,,,,,,,,,,TN
360,997eb70f590ce32a22add6eed63c87f3fdc21b14,0.5369396661482617,mozilla-beta,4788727,12,83c4e198d104587f2d2886f22d06d6ee1fd3d589,linux1804-64-shippable-qr,True,False,,,102210fe594ee9b33d82058545b1ed14f4c8206e,console.log-in-loop-content-process-typedarray,damp,True,damp console.log-in-loop-content-process-typedarray opt e10s fission stylo webrender-sw,4788178,6,ms,firefox,,1789413583,2023-11-07 17:18:39,1328543,,,,,,,,,,,,,,,,,,,,,,,,,,,,,,,,,,,,,,,,,,,,,,,,,TN
361,36f6c182a44f717167c7dcde294710b0ff59b6e0,0.7197789381492679,mozilla-beta,4788727,12,83c4e198d104587f2d2886f22d06d6ee1fd3d589,linux1804-64-shippable-qr,True,False,,,102210fe594ee9b33d82058545b1ed14f4c8206e,console.log-in-loop-content-process-typedarray,damp,True,damp console.log-in-loop-content-process-typedarray opt e10s fission stylo webrender-sw,4788178,6,ms,firefox,,1789485103,2023-11-07 19:16:33,1328549,,,,,,,,,,,,,,,,,,,,,,,,,,,,,,,,,,,,,,,,,,,,,,,,,TN
362,9405e5ab3a4a597ffdfc3fc14887fdb4554c6f8d,0.6917416985273896,mozilla-beta,4788727,12,83c4e198d104587f2d2886f22d06d6ee1fd3d589,linux1804-64-shippable-qr,True,False,,,102210fe594ee9b33d82058545b1ed14f4c8206e,console.log-in-loop-content-process-typedarray,damp,True,damp console.log-in-loop-content-process-typedarray opt e10s fission stylo webrender-sw,4788178,6,ms,firefox,,1789750169,2023-11-08 01:34:51,1328839,,,,,,,,,,,,,,,,,,,,,,,,,,,,,,,,,,,,,,,,,,,,,,,,,TN
363,e96d59e6f3e4e226bfce9975094486d29040f986,0.5406548371247362,mozilla-beta,4788727,12,83c4e198d104587f2d2886f22d06d6ee1fd3d589,linux1804-64-shippable-qr,True,False,,,102210fe594ee9b33d82058545b1ed14f4c8206e,console.log-in-loop-content-process-typedarray,damp,True,damp console.log-in-loop-content-process-typedarray opt e10s fission stylo webrender-sw,4788178,6,ms,firefox,,1789786319,2023-11-08 03:37:05,1328883,,,,,,,,,,,,,,,,,,,,,,,,,,,,,,,,,,,,,,,,,,,,,,,,,TN
364,f51aba0f79ce6370a97337d938e26b7ca57a2628,0.7784891697066811,mozilla-beta,4788727,12,83c4e198d104587f2d2886f22d06d6ee1fd3d589,linux1804-64-shippable-qr,True,False,,,102210fe594ee9b33d82058545b1ed14f4c8206e,console.log-in-loop-content-process-typedarray,damp,True,damp console.log-in-loop-content-process-typedarray opt e10s fission stylo webrender-sw,4788178,6,ms,firefox,,1789814541,2023-11-08 03:58:18,1328887,,,,,,,,,,,,,,,,,,,,,,,,,,,,,,,,,,,,,,,,,,,,,,,,,TN
365,ff455344125244fea8ba3d4d3f1c125f1d4128ef,0.7052636231321325,mozilla-beta,4788727,12,83c4e198d104587f2d2886f22d06d6ee1fd3d589,linux1804-64-shippable-qr,True,False,,,102210fe594ee9b33d82058545b1ed14f4c8206e,console.log-in-loop-content-process-typedarray,damp,True,damp console.log-in-loop-content-process-typedarray opt e10s fission stylo webrender-sw,4788178,6,ms,firefox,,1789957814,2023-11-08 09:19:43,1328960,,,,,,,,,,,,,,,,,,,,,,,,,,,,,,,,,,,,,,,,,,,,,,,,,TN
366,8b41a52794e1bbd3fba47da74ae0f35ed8e7881e,0.7058757552731123,mozilla-beta,4788727,12,83c4e198d104587f2d2886f22d06d6ee1fd3d589,linux1804-64-shippable-qr,True,False,,,102210fe594ee9b33d82058545b1ed14f4c8206e,console.log-in-loop-content-process-typedarray,damp,True,damp console.log-in-loop-content-process-typedarray opt e10s fission stylo webrender-sw,4788178,6,ms,firefox,,1790248385,2023-11-08 19:02:24,1329301,,,,,,,,,,,,,,,,,,,,,,,,,,,,,,,,,,,,,,,,,,,,,,,,,TN
367,f33d3ade665d9a85492c827858001798f824cf82,0.5256354284397582,mozilla-beta,4788727,12,83c4e198d104587f2d2886f22d06d6ee1fd3d589,linux1804-64-shippable-qr,True,False,,,102210fe594ee9b33d82058545b1ed14f4c8206e,console.log-in-loop-content-process-typedarray,damp,True,damp console.log-in-loop-content-process-typedarray opt e10s fission stylo webrender-sw,4788178,6,ms,firefox,,1790260590,2023-11-08 19:22:35,1329310,,,,,,,,,,,,,,,,,,,,,,,,,,,,,,,,,,,,,,,,,,,,,,,,,TN
368,c3cf1434c26f7cccbac13d707dcebb6f320ce8fd,0.7038105298224169,mozilla-beta,4788727,12,83c4e198d104587f2d2886f22d06d6ee1fd3d589,linux1804-64-shippable-qr,True,False,,,102210fe594ee9b33d82058545b1ed14f4c8206e,console.log-in-loop-content-process-typedarray,damp,True,damp console.log-in-loop-content-process-typedarray opt e10s fission stylo webrender-sw,4788178,6,ms,firefox,,1790776856,2023-11-09 09:18:08,1329714,,,,,,,,,,,,,,,,,,,,,,,,,,,,,,,,,,,,,,,,,,,,,,,,,TN
369,1dfb79685f27e9f11e469e5ab3e8a58fb9e58b73,0.5534545784764338,mozilla-beta,4788727,12,83c4e198d104587f2d2886f22d06d6ee1fd3d589,linux1804-64-shippable-qr,True,False,,,102210fe594ee9b33d82058545b1ed14f4c8206e,console.log-in-loop-content-process-typedarray,damp,True,damp console.log-in-loop-content-process-typedarray opt e10s fission stylo webrender-sw,4788178,6,ms,firefox,,1790958826,2023-11-09 13:29:14,1329834,,,,,,,,,,,,,,,,,,,,,,,,,,,,,,,,,,,,,,,,,,,,,,,,,TN
370,78b796c9f7f53a888614ed5392a7db7229ee834f,0.5199028201180793,mozilla-beta,4788727,12,83c4e198d104587f2d2886f22d06d6ee1fd3d589,linux1804-64-shippable-qr,True,False,,,102210fe594ee9b33d82058545b1ed14f4c8206e,console.log-in-loop-content-process-typedarray,damp,True,damp console.log-in-loop-content-process-typedarray opt e10s fission stylo webrender-sw,4788178,6,ms,firefox,,1791033226,2023-11-09 13:41:54,1329838,,,,,,,,,,,,,,,,,,,,,,,,,,,,,,,,,,,,,,,,,,,,,,,,,TN
371,03a9bf50f31d7228b355e7f9d70e29dd18babfdc,0.5710889529373828,mozilla-beta,4788727,12,83c4e198d104587f2d2886f22d06d6ee1fd3d589,linux1804-64-shippable-qr,True,False,,,102210fe594ee9b33d82058545b1ed14f4c8206e,console.log-in-loop-content-process-typedarray,damp,True,damp console.log-in-loop-content-process-typedarray opt e10s fission stylo webrender-sw,4788178,6,ms,firefox,,1791017378,2023-11-09 15:05:03,1329887,,,,,,,,,,,,,,,,,,,,,,,,,,,,,,,,,,,,,,,,,,,,,,,,,TN
372,5e9554d172fc9851c0d74bdd6990c7434c7f6cf3,0.49151306271275885,mozilla-beta,4788727,12,83c4e198d104587f2d2886f22d06d6ee1fd3d589,linux1804-64-shippable-qr,True,False,,,102210fe594ee9b33d82058545b1ed14f4c8206e,console.log-in-loop-content-process-typedarray,damp,True,damp console.log-in-loop-content-process-typedarray opt e10s fission stylo webrender-sw,4788178,6,ms,firefox,,1791064000,2023-11-09 16:40:47,1329939,,,,,,,,,,,,,,,,,,,,,,,,,,,,,,,,,,,,,,,,,,,,,,,,,TN
373,38f3cd5c2a42373d39c8ec864053d206168e22dd,0.520646514458996,mozilla-beta,4788727,12,83c4e198d104587f2d2886f22d06d6ee1fd3d589,linux1804-64-shippable-qr,True,False,,,102210fe594ee9b33d82058545b1ed14f4c8206e,console.log-in-loop-content-process-typedarray,damp,True,damp console.log-in-loop-content-process-typedarray opt e10s fission stylo webrender-sw,4788178,6,ms,firefox,,1791139141,2023-11-09 17:22:31,1329961,,,,,,,,,,,,,,,,,,,,,,,,,,,,,,,,,,,,,,,,,,,,,,,,,TN
374,b0f04f13b25453822484a6a53bc6b2b39bba4ae7,0.7006032684777659,mozilla-beta,4788727,12,83c4e198d104587f2d2886f22d06d6ee1fd3d589,linux1804-64-shippable-qr,True,False,,,102210fe594ee9b33d82058545b1ed14f4c8206e,console.log-in-loop-content-process-typedarray,damp,True,damp console.log-in-loop-content-process-typedarray opt e10s fission stylo webrender-sw,4788178,6,ms,firefox,,1791158270,2023-11-09 18:22:53,1329997,,,,,,,,,,,,,,,,,,,,,,,,,,,,,,,,,,,,,,,,,,,,,,,,,TN
375,73db5f7ddc5b694785856785df3e3d6d8c5054f5,0.5267408181991367,mozilla-beta,4788727,12,83c4e198d104587f2d2886f22d06d6ee1fd3d589,linux1804-64-shippable-qr,True,False,,,102210fe594ee9b33d82058545b1ed14f4c8206e,console.log-in-loop-content-process-typedarray,damp,True,damp console.log-in-loop-content-process-typedarray opt e10s fission stylo webrender-sw,4788178,6,ms,firefox,,1791249931,2023-11-09 20:58:42,1330116,,,,,,,,,,,,,,,,,,,,,,,,,,,,,,,,,,,,,,,,,,,,,,,,,TN
376,4033da50913992a740487deb43a255f0ad27ca9d,0.5759316044011622,mozilla-beta,4788727,12,83c4e198d104587f2d2886f22d06d6ee1fd3d589,linux1804-64-shippable-qr,True,False,,,102210fe594ee9b33d82058545b1ed14f4c8206e,console.log-in-loop-content-process-typedarray,damp,True,damp console.log-in-loop-content-process-typedarray opt e10s fission stylo webrender-sw,4788178,6,ms,firefox,,1791227923,2023-11-09 21:16:58,1330119,,,,,,,,,,,,,,,,,,,,,,,,,,,,,,,,,,,,,,,,,,,,,,,,,TN
377,05cb865cacd6b9585e3049124f490cf19705d380,0.4943153005422052,mozilla-beta,4788727,12,83c4e198d104587f2d2886f22d06d6ee1fd3d589,linux1804-64-shippable-qr,True,False,,,102210fe594ee9b33d82058545b1ed14f4c8206e,console.log-in-loop-content-process-typedarray,damp,True,damp console.log-in-loop-content-process-typedarray opt e10s fission stylo webrender-sw,4788178,6,ms,firefox,,1791350861,2023-11-09 23:34:01,1330175,,,,,,,,,,,,,,,,,,,,,,,,,,,,,,,,,,,,,,,,,,,,,,,,,TN
378,c235e860ed91d38314fe1dbcf2ecdd2db91b9bb9,0.6977622913688077,mozilla-beta,4788727,12,83c4e198d104587f2d2886f22d06d6ee1fd3d589,linux1804-64-shippable-qr,True,False,,,102210fe594ee9b33d82058545b1ed14f4c8206e,console.log-in-loop-content-process-typedarray,damp,True,damp console.log-in-loop-content-process-typedarray opt e10s fission stylo webrender-sw,4788178,6,ms,firefox,,1791500647,2023-11-10 03:58:58,1330254,,,,,,,,,,,,,,,,,,,,,,,,,,,,,,,,,,,,,,,,,,,,,,,,,TN
379,c9cafe13464891df5979172a1cea00ceb1c89615,0.7477115366330969,mozilla-beta,4788727,12,83c4e198d104587f2d2886f22d06d6ee1fd3d589,linux1804-64-shippable-qr,True,False,,,102210fe594ee9b33d82058545b1ed14f4c8206e,console.log-in-loop-content-process-typedarray,damp,True,damp console.log-in-loop-content-process-typedarray opt e10s fission stylo webrender-sw,4788178,6,ms,firefox,,1791651903,2023-11-10 08:26:24,1330300,,,,,,,,,,,,,,,,,,,,,,,,,,,,,,,,,,,,,,,,,,,,,,,,,TN
380,79c92eeab276a93d9b1d5cc754e2bb395e76ebf3,0.5474728054202109,mozilla-beta,4788727,12,83c4e198d104587f2d2886f22d06d6ee1fd3d589,linux1804-64-shippable-qr,True,False,,,102210fe594ee9b33d82058545b1ed14f4c8206e,console.log-in-loop-content-process-typedarray,damp,True,damp console.log-in-loop-content-process-typedarray opt e10s fission stylo webrender-sw,4788178,6,ms,firefox,,1791670510,2023-11-10 09:17:50,1330325,,,,,,,,,,,,,,,,,,,,,,,,,,,,,,,,,,,,,,,,,,,,,,,,,TN
381,833ba8fe101b84f0d4e7dbe07363af1f91c20b18,0.5272858569990833,mozilla-beta,4788727,12,83c4e198d104587f2d2886f22d06d6ee1fd3d589,linux1804-64-shippable-qr,True,False,,,102210fe594ee9b33d82058545b1ed14f4c8206e,console.log-in-loop-content-process-typedarray,damp,True,damp console.log-in-loop-content-process-typedarray opt e10s fission stylo webrender-sw,4788178,6,ms,firefox,,1792371258,2023-11-11 09:17:06,1330685,,,,,,,,,,,,,,,,,,,,,,,,,,,,,,,,,,,,,,,,,,,,,,,,,TN
382,a1334e8e601add3495509f96d677cff89b4693b1,0.7257530953787072,mozilla-beta,4788727,12,83c4e198d104587f2d2886f22d06d6ee1fd3d589,linux1804-64-shippable-qr,True,False,,,102210fe594ee9b33d82058545b1ed14f4c8206e,console.log-in-loop-content-process-typedarray,damp,True,damp console.log-in-loop-content-process-typedarray opt e10s fission stylo webrender-sw,4788178,6,ms,firefox,,1792824550,2023-11-12 09:16:19,1330777,,,,,,,,,,,,,,,,,,,,,,,,,,,,,,,,,,,,,,,,,,,,,,,,,TN
383,39694175bf62c4c07f2001ab520f7e410eec192b,0.5450228277564171,mozilla-beta,4788727,12,83c4e198d104587f2d2886f22d06d6ee1fd3d589,linux1804-64-shippable-qr,True,False,,,102210fe594ee9b33d82058545b1ed14f4c8206e,console.log-in-loop-content-process-typedarray,damp,True,damp console.log-in-loop-content-process-typedarray opt e10s fission stylo webrender-sw,4788178,6,ms,firefox,,1793157818,2023-11-13 09:20:35,1330927,,,,,,,,,,,,,,,,,,,,,,,,,,,,,,,,,,,,,,,,,,,,,,,,,TN
384,e2b2510f97612093f381ee1f4220e71ff949d845,0.5461729464096128,mozilla-beta,4788727,12,83c4e198d104587f2d2886f22d06d6ee1fd3d589,linux1804-64-shippable-qr,True,False,,,102210fe594ee9b33d82058545b1ed14f4c8206e,console.log-in-loop-content-process-typedarray,damp,True,damp console.log-in-loop-content-process-typedarray opt e10s fission stylo webrender-sw,4788178,6,ms,firefox,,1793388889,2023-11-13 14:12:00,1331051,,,,,,,,,,,,,,,,,,,,,,,,,,,,,,,,,,,,,,,,,,,,,,,,,TN
385,d6c8c84a26388612d432fd27aadcc8cdc1bc4e07,0.5562052927420047,mozilla-beta,4788727,12,83c4e198d104587f2d2886f22d06d6ee1fd3d589,linux1804-64-shippable-qr,True,False,,,102210fe594ee9b33d82058545b1ed14f4c8206e,console.log-in-loop-content-process-typedarray,damp,True,damp console.log-in-loop-content-process-typedarray opt e10s fission stylo webrender-sw,4788178,6,ms,firefox,,1797232366,2023-11-20 15:49:37,1334745,,,,,,,,,,,,,,,,,,,,,,,,,,,,,,,,,,,,,,,,,,,,,,,,,TN
386,7c525212b0a40c1f9ca40c7a7dd04825767c444c,0.5675523916151768,mozilla-beta,4788727,12,83c4e198d104587f2d2886f22d06d6ee1fd3d589,linux1804-64-shippable-qr,True,False,,,102210fe594ee9b33d82058545b1ed14f4c8206e,console.log-in-loop-content-process-typedarray,damp,True,damp console.log-in-loop-content-process-typedarray opt e10s fission stylo webrender-sw,4788178,6,ms,firefox,,1797834366,2023-11-21 09:16:19,1335327,,,,,,,,,,,,,,,,,,,,,,,,,,,,,,,,,,,,,,,,,,,,,,,,,TN
387,f2fa5dbe8e76996e929aebba1ccfe170e0a231ed,0.7631608289529401,mozilla-beta,4788727,12,83c4e198d104587f2d2886f22d06d6ee1fd3d589,linux1804-64-shippable-qr,True,False,,,102210fe594ee9b33d82058545b1ed14f4c8206e,console.log-in-loop-content-process-typedarray,damp,True,damp console.log-in-loop-content-process-typedarray opt e10s fission stylo webrender-sw,4788178,6,ms,firefox,,1798043880,2023-11-21 15:08:03,1335577,,,,,,,,,,,,,,,,,,,,,,,,,,,,,,,,,,,,,,,,,,,,,,,,,TN
388,e86366dbad4958dc3a70d6f76351ede9d78dbca4,0.5272892060306669,mozilla-beta,4788727,12,83c4e198d104587f2d2886f22d06d6ee1fd3d589,linux1804-64-shippable-qr,True,False,,,102210fe594ee9b33d82058545b1ed14f4c8206e,console.log-in-loop-content-process-typedarray,damp,True,damp console.log-in-loop-content-process-typedarray opt e10s fission stylo webrender-sw,4788178,6,ms,firefox,,1798078072,2023-11-21 15:10:55,1335580,,,,,,,,,,,,,,,,,,,,,,,,,,,,,,,,,,,,,,,,,,,,,,,,,TN
389,ae7ec6bbf12f4bf101eb93a4eec56237e2c94711,0.5238312342445304,mozilla-beta,4788727,12,83c4e198d104587f2d2886f22d06d6ee1fd3d589,linux1804-64-shippable-qr,True,False,,,102210fe594ee9b33d82058545b1ed14f4c8206e,console.log-in-loop-content-process-typedarray,damp,True,damp console.log-in-loop-content-process-typedarray opt e10s fission stylo webrender-sw,4788178,6,ms,firefox,,1798051425,2023-11-21 15:26:40,1335594,,,,,,,,,,,,,,,,,,,,,,,,,,,,,,,,,,,,,,,,,,,,,,,,,TN
390,850029a700cfcd62c70e1153778fcac0c0accbd5,0.5317556871749591,mozilla-beta,4788727,12,83c4e198d104587f2d2886f22d06d6ee1fd3d589,linux1804-64-shippable-qr,True,False,,,102210fe594ee9b33d82058545b1ed14f4c8206e,console.log-in-loop-content-process-typedarray,damp,True,damp console.log-in-loop-content-process-typedarray opt e10s fission stylo webrender-sw,4788178,6,ms,firefox,,1798618457,2023-11-22 09:19:04,1336139,,,,,,,,,,,,,,,,,,,,,,,,,,,,,,,,,,,,,,,,,,,,,,,,,TN
391,14a07890399d7fede9ff72d30f69469e83896f21,0.5398913062117252,mozilla-beta,4788727,12,83c4e198d104587f2d2886f22d06d6ee1fd3d589,linux1804-64-shippable-qr,True,False,,,102210fe594ee9b33d82058545b1ed14f4c8206e,console.log-in-loop-content-process-typedarray,damp,True,damp console.log-in-loop-content-process-typedarray opt e10s fission stylo webrender-sw,4788178,6,ms,firefox,,1799001806,2023-11-22 19:21:33,1336564,,,,,,,,,,,,,,,,,,,,,,,,,,,,,,,,,,,,,,,,,,,,,,,,,TN
392,40509a3a99ddbed1f837b0a394d68ba95dc592ae,0.7537078328939959,mozilla-beta,4788727,12,83c4e198d104587f2d2886f22d06d6ee1fd3d589,linux1804-64-shippable-qr,True,False,,,102210fe594ee9b33d82058545b1ed14f4c8206e,console.log-in-loop-content-process-typedarray,damp,True,damp console.log-in-loop-content-process-typedarray opt e10s fission stylo webrender-sw,4788178,6,ms,firefox,,1799103903,2023-11-22 20:38:02,1336613,,,,,,,,,,,,,,,,,,,,,,,,,,,,,,,,,,,,,,,,,,,,,,,,,TN
393,2e013f4ee88a4fb15ea4f5f8a438541d18bf8c4f,0.550031368994754,mozilla-beta,4788727,12,83c4e198d104587f2d2886f22d06d6ee1fd3d589,linux1804-64-shippable-qr,True,False,,,102210fe594ee9b33d82058545b1ed14f4c8206e,console.log-in-loop-content-process-typedarray,damp,True,damp console.log-in-loop-content-process-typedarray opt e10s fission stylo webrender-sw,4788178,6,ms,firefox,,1799537573,2023-11-23 09:18:18,1336824,,,,,,,,,,,,,,,,,,,,,,,,,,,,,,,,,,,,,,,,,,,,,,,,,TN
394,e2d0a18759309d8d69b72e5fc1f26d7570df19e9,0.739389772620874,mozilla-beta,4788727,12,83c4e198d104587f2d2886f22d06d6ee1fd3d589,linux1804-64-shippable-qr,True,False,,,102210fe594ee9b33d82058545b1ed14f4c8206e,console.log-in-loop-content-process-typedarray,damp,True,damp console.log-in-loop-content-process-typedarray opt e10s fission stylo webrender-sw,4788178,6,ms,firefox,,1799779942,2023-11-23 15:17:32,1337048,,,,,,,,,,,,,,,,,,,,,,,,,,,,,,,,,,,,,,,,,,,,,,,,,TN
395,f5ed817bca36dcf683dcbf037a3122509c21e33c,0.5249417280568069,mozilla-beta,4788727,12,83c4e198d104587f2d2886f22d06d6ee1fd3d589,linux1804-64-shippable-qr,True,False,,,102210fe594ee9b33d82058545b1ed14f4c8206e,console.log-in-loop-content-process-typedarray,damp,True,damp console.log-in-loop-content-process-typedarray opt e10s fission stylo webrender-sw,4788178,6,ms,firefox,,1799852342,2023-11-23 16:48:11,1337100,,,,,,,,,,,,,,,,,,,,,,,,,,,,,,,,,,,,,,,,,,,,,,,,,TN
396,0ebfc2cc8b6ff18c0e37d80523ea5eb997c7d5e1,0.6987426559800789,mozilla-beta,4788727,12,83c4e198d104587f2d2886f22d06d6ee1fd3d589,linux1804-64-shippable-qr,True,False,,,102210fe594ee9b33d82058545b1ed14f4c8206e,console.log-in-loop-content-process-typedarray,damp,True,damp console.log-in-loop-content-process-typedarray opt e10s fission stylo webrender-sw,4788178,6,ms,firefox,,1799895297,2023-11-23 18:38:27,1337195,,,,,,,,,,,,,,,,,,,,,,,,,,,,,,,,,,,,,,,,,,,,,,,,,TN
397,f5b525d6b641f9bf120912b729d84800fed945e4,0.7570183506808301,mozilla-beta,4788727,12,83c4e198d104587f2d2886f22d06d6ee1fd3d589,linux1804-64-shippable-qr,True,False,,,102210fe594ee9b33d82058545b1ed14f4c8206e,console.log-in-loop-content-process-typedarray,damp,True,damp console.log-in-loop-content-process-typedarray opt e10s fission stylo webrender-sw,4788178,6,ms,firefox,,1799920860,2023-11-23 19:14:24,1337218,,,,,,,,,,,,,,,,,,,,,,,,,,,,,,,,,,,,,,,,,,,,,,,,,TN
398,63e4626951c04bbd1987f0e48b03e96cb2af7457,0.6000960753454758,mozilla-beta,4788727,12,83c4e198d104587f2d2886f22d06d6ee1fd3d589,linux1804-64-shippable-qr,True,False,,,102210fe594ee9b33d82058545b1ed14f4c8206e,console.log-in-loop-content-process-typedarray,damp,True,damp console.log-in-loop-content-process-typedarray opt e10s fission stylo webrender-sw,4788178,6,ms,firefox,,1799941395,2023-11-23 19:59:59,1337233,,,,,,,,,,,,,,,,,,,,,,,,,,,,,,,,,,,,,,,,,,,,,,,,,TN
399,97f726c68ad098e3376af09d49d8e89361b016a6,0.5769868069889403,mozilla-beta,4788727,12,83c4e198d104587f2d2886f22d06d6ee1fd3d589,linux1804-64-shippable-qr,True,False,,,102210fe594ee9b33d82058545b1ed14f4c8206e,console.log-in-loop-content-process-typedarray,damp,True,damp console.log-in-loop-content-process-typedarray opt e10s fission stylo webrender-sw,4788178,6,ms,firefox,,1800297633,2023-11-24 09:15:12,1337432,,,,,,,,,,,,,,,,,,,,,,,,,,,,,,,,,,,,,,,,,,,,,,,,,TN
400,1a3e4add92e41944bafb12b17fa66335af9af3a8,0.7408047384933418,mozilla-beta,4788727,12,83c4e198d104587f2d2886f22d06d6ee1fd3d589,linux1804-64-shippable-qr,True,False,,,102210fe594ee9b33d82058545b1ed14f4c8206e,console.log-in-loop-content-process-typedarray,damp,True,damp console.log-in-loop-content-process-typedarray opt e10s fission stylo webrender-sw,4788178,6,ms,firefox,,1800536384,2023-11-24 16:49:36,1337659,,,,,,,,,,,,,,,,,,,,,,,,,,,,,,,,,,,,,,,,,,,,,,,,,TN
401,6d0a62974b9b656be959cbc5c28072dba236c9a1,0.585867666073506,mozilla-beta,4788727,12,83c4e198d104587f2d2886f22d06d6ee1fd3d589,linux1804-64-shippable-qr,True,False,,,102210fe594ee9b33d82058545b1ed14f4c8206e,console.log-in-loop-content-process-typedarray,damp,True,damp console.log-in-loop-content-process-typedarray opt e10s fission stylo webrender-sw,4788178,6,ms,firefox,,1800602605,2023-11-24 19:26:24,1337720,,,,,,,,,,,,,,,,,,,,,,,,,,,,,,,,,,,,,,,,,,,,,,,,,TN
402,7bb0d2c11841a1ee47bcd3d93a7930c8e870cf38,0.757088583738752,mozilla-beta,4788727,12,83c4e198d104587f2d2886f22d06d6ee1fd3d589,linux1804-64-shippable-qr,True,False,,,102210fe594ee9b33d82058545b1ed14f4c8206e,console.log-in-loop-content-process-typedarray,damp,True,damp console.log-in-loop-content-process-typedarray opt e10s fission stylo webrender-sw,4788178,6,ms,firefox,,1800808725,2023-11-25 09:17:02,1337839,,,,,,,,,,,,,,,,,,,,,,,,,,,,,,,,,,,,,,,,,,,,,,,,,TN
403,2dab338879f00d7e06ba1d26794b0c47fe241084,0.5227109670562058,mozilla-beta,4788727,12,83c4e198d104587f2d2886f22d06d6ee1fd3d589,linux1804-64-shippable-qr,True,False,,,102210fe594ee9b33d82058545b1ed14f4c8206e,console.log-in-loop-content-process-typedarray,damp,True,damp console.log-in-loop-content-process-typedarray opt e10s fission stylo webrender-sw,4788178,6,ms,firefox,,1800878864,2023-11-25 14:39:21,1337868,,,,,,,,,,,,,,,,,,,,,,,,,,,,,,,,,,,,,,,,,,,,,,,,,TN
404,27f764d7fcefdc9fd2f61cdca2aa5fc58a71f4c3,0.5743782816585821,mozilla-beta,4788727,12,83c4e198d104587f2d2886f22d06d6ee1fd3d589,linux1804-64-shippable-qr,True,False,,,102210fe594ee9b33d82058545b1ed14f4c8206e,console.log-in-loop-content-process-typedarray,damp,True,damp console.log-in-loop-content-process-typedarray opt e10s fission stylo webrender-sw,4788178,6,ms,firefox,,1800977816,2023-11-26 09:14:56,1337923,,,,,,,,,,,,,,,,,,,,,,,,,,,,,,,,,,,,,,,,,,,,,,,,,TN
405,6731f3f1d5fbe50d8ef2db31b54734d886c575d9,0.5491235399006826,mozilla-beta,4788727,12,83c4e198d104587f2d2886f22d06d6ee1fd3d589,linux1804-64-shippable-qr,True,False,,,102210fe594ee9b33d82058545b1ed14f4c8206e,console.log-in-loop-content-process-typedarray,damp,True,damp console.log-in-loop-content-process-typedarray opt e10s fission stylo webrender-sw,4788178,6,ms,firefox,,1801052156,2023-11-26 19:05:04,1337952,,,,,,,,,,,,,,,,,,,,,,,,,,,,,,,,,,,,,,,,,,,,,,,,,TN
406,30ce6d1c901acbf2c75595616796c67a117d0e89,0.5282541779773249,mozilla-beta,4788727,12,83c4e198d104587f2d2886f22d06d6ee1fd3d589,linux1804-64-shippable-qr,True,False,,,102210fe594ee9b33d82058545b1ed14f4c8206e,console.log-in-loop-content-process-typedarray,damp,True,damp console.log-in-loop-content-process-typedarray opt e10s fission stylo webrender-sw,4788178,6,ms,firefox,,1801076998,2023-11-26 19:58:34,1337957,,,,,,,,,,,,,,,,,,,,,,,,,,,,,,,,,,,,,,,,,,,,,,,,,TN
407,6d4d6a99b1a66f36129039e40dd79f37e4f86f8f,0.7427843704234478,mozilla-beta,4788727,12,83c4e198d104587f2d2886f22d06d6ee1fd3d589,linux1804-64-shippable-qr,True,False,,,102210fe594ee9b33d82058545b1ed14f4c8206e,console.log-in-loop-content-process-typedarray,damp,True,damp console.log-in-loop-content-process-typedarray opt e10s fission stylo webrender-sw,4788178,6,ms,firefox,,1801276151,2023-11-27 09:17:58,1338056,,,,,,,,,,,,,,,,,,,,,,,,,,,,,,,,,,,,,,,,,,,,,,,,,TN
408,22785f6abc940d353708807dbadc7ca1899f9be4,0.5250347441907501,mozilla-beta,4788727,12,83c4e198d104587f2d2886f22d06d6ee1fd3d589,linux1804-64-shippable-qr,True,False,,,102210fe594ee9b33d82058545b1ed14f4c8206e,console.log-in-loop-content-process-typedarray,damp,True,damp console.log-in-loop-content-process-typedarray opt e10s fission stylo webrender-sw,4788178,6,ms,firefox,,1801543834,2023-11-27 17:32:57,1338393,,,,,,,,,,,,,,,,,,,,,,,,,,,,,,,,,,,,,,,,,,,,,,,,,TN
409,155655e47125a4651f979dd526be3225c2d0b362,0.5344227722559505,mozilla-beta,4788727,12,83c4e198d104587f2d2886f22d06d6ee1fd3d589,linux1804-64-shippable-qr,True,False,,,102210fe594ee9b33d82058545b1ed14f4c8206e,console.log-in-loop-content-process-typedarray,damp,True,damp console.log-in-loop-content-process-typedarray opt e10s fission stylo webrender-sw,4788178,6,ms,firefox,,1801727333,2023-11-27 22:16:43,1338584,,,,,,,,,,,,,,,,,,,,,,,,,,,,,,,,,,,,,,,,,,,,,,,,,TN
410,d33d3f4a57d58a0f7e5e713c6743fea942f723c5,0.5395068277174766,mozilla-beta,4788727,12,83c4e198d104587f2d2886f22d06d6ee1fd3d589,linux1804-64-shippable-qr,True,False,,,102210fe594ee9b33d82058545b1ed14f4c8206e,console.log-in-loop-content-process-typedarray,damp,True,damp console.log-in-loop-content-process-typedarray opt e10s fission stylo webrender-sw,4788178,6,ms,firefox,,1801735144,2023-11-27 22:27:53,1338597,,,,,,,,,,,,,,,,,,,,,,,,,,,,,,,,,,,,,,,,,,,,,,,,,TN
411,17705099714d6adc36e2222e53c5627edbc9d656,0.5772902968812144,mozilla-beta,4788727,12,83c4e198d104587f2d2886f22d06d6ee1fd3d589,linux1804-64-shippable-qr,True,False,,,102210fe594ee9b33d82058545b1ed14f4c8206e,console.log-in-loop-content-process-typedarray,damp,True,damp console.log-in-loop-content-process-typedarray opt e10s fission stylo webrender-sw,4788178,6,ms,firefox,,1802007667,2023-11-28 09:16:16,1338880,,,,,,,,,,,,,,,,,,,,,,,,,,,,,,,,,,,,,,,,,,,,,,,,,TN
412,267e2c2143d0e7732e12ee912c982da08ed3cfb3,0.5330742395785135,mozilla-beta,4788727,12,83c4e198d104587f2d2886f22d06d6ee1fd3d589,linux1804-64-shippable-qr,True,False,,,102210fe594ee9b33d82058545b1ed14f4c8206e,console.log-in-loop-content-process-typedarray,damp,True,damp console.log-in-loop-content-process-typedarray opt e10s fission stylo webrender-sw,4788178,6,ms,firefox,,1802183945,2023-11-28 14:06:18,1339040,,,,,,,,,,,,,,,,,,,,,,,,,,,,,,,,,,,,,,,,,,,,,,,,,TN
413,5ece1826f540e2d1024b784ca24bd0a9ab803d88,0.5367633267509451,mozilla-beta,4788727,12,83c4e198d104587f2d2886f22d06d6ee1fd3d589,linux1804-64-shippable-qr,True,False,,,102210fe594ee9b33d82058545b1ed14f4c8206e,console.log-in-loop-content-process-typedarray,damp,True,damp console.log-in-loop-content-process-typedarray opt e10s fission stylo webrender-sw,4788178,6,ms,firefox,,1802314337,2023-11-28 18:01:37,1339207,,,,,,,,,,,,,,,,,,,,,,,,,,,,,,,,,,,,,,,,,,,,,,,,,TN
414,5b886155d8f15f2a6b77a369aa6bd34f271b5179,0.6897868784134693,mozilla-beta,4788727,12,83c4e198d104587f2d2886f22d06d6ee1fd3d589,linux1804-64-shippable-qr,True,False,,,102210fe594ee9b33d82058545b1ed14f4c8206e,console.log-in-loop-content-process-typedarray,damp,True,damp console.log-in-loop-content-process-typedarray opt e10s fission stylo webrender-sw,4788178,6,ms,firefox,,1802398612,2023-11-28 18:56:38,1339250,,,,,,,,,,,,,,,,,,,,,,,,,,,,,,,,,,,,,,,,,,,,,,,,,TN
415,54bded7d814a16ec819b55ed9dabee819a5ab3d7,0.6066787580663457,mozilla-beta,4788727,12,83c4e198d104587f2d2886f22d06d6ee1fd3d589,linux1804-64-shippable-qr,True,False,,,102210fe594ee9b33d82058545b1ed14f4c8206e,console.log-in-loop-content-process-typedarray,damp,True,damp console.log-in-loop-content-process-typedarray opt e10s fission stylo webrender-sw,4788178,6,ms,firefox,,1802540580,2023-11-29 01:18:21,1339512,,,,,,,,,,,,,,,,,,,,,,,,,,,,,,,,,,,,,,,,,,,,,,,,,TN
416,deb04a41bcf2831f1f022865506bed3889189890,0.5435762070944357,mozilla-beta,4788727,12,83c4e198d104587f2d2886f22d06d6ee1fd3d589,linux1804-64-shippable-qr,True,False,,,102210fe594ee9b33d82058545b1ed14f4c8206e,console.log-in-loop-content-process-typedarray,damp,True,damp console.log-in-loop-content-process-typedarray opt e10s fission stylo webrender-sw,4788178,6,ms,firefox,,1802718551,2023-11-29 06:49:04,1339621,,,,,,,,,,,,,,,,,,,,,,,,,,,,,,,,,,,,,,,,,,,,,,,,,TN
417,dea294d4ae5a1a40f6bfd6e29b7d07fe56b7f472,0.5471717789983477,mozilla-beta,4788727,12,83c4e198d104587f2d2886f22d06d6ee1fd3d589,linux1804-64-shippable-qr,True,False,,,102210fe594ee9b33d82058545b1ed14f4c8206e,console.log-in-loop-content-process-typedarray,damp,True,damp console.log-in-loop-content-process-typedarray opt e10s fission stylo webrender-sw,4788178,6,ms,firefox,,1802798340,2023-11-29 09:18:15,1339673,,,,,,,,,,,,,,,,,,,,,,,,,,,,,,,,,,,,,,,,,,,,,,,,,TN
418,e98d3fec31d0b40a3913c13b0ee47cefb4d1e59e,0.579336748433211,mozilla-beta,4788727,12,83c4e198d104587f2d2886f22d06d6ee1fd3d589,linux1804-64-shippable-qr,True,False,,,102210fe594ee9b33d82058545b1ed14f4c8206e,console.log-in-loop-content-process-typedarray,damp,True,damp console.log-in-loop-content-process-typedarray opt e10s fission stylo webrender-sw,4788178,6,ms,firefox,,1803121213,2023-11-29 18:19:02,1339978,,,,,,,,,,,,,,,,,,,,,,,,,,,,,,,,,,,,,,,,,,,,,,,,,TN
419,7f11f5cf2f8ef7fb54eea8d499ae7df1097763cc,0.5419542936075605,mozilla-beta,4788727,12,83c4e198d104587f2d2886f22d06d6ee1fd3d589,linux1804-64-shippable-qr,True,False,,,102210fe594ee9b33d82058545b1ed14f4c8206e,console.log-in-loop-content-process-typedarray,damp,True,damp console.log-in-loop-content-process-typedarray opt e10s fission stylo webrender-sw,4788178,6,ms,firefox,,1803130741,2023-11-29 19:19:47,1340032,,,,,,,,,,,,,,,,,,,,,,,,,,,,,,,,,,,,,,,,,,,,,,,,,TN
420,ca8ce1830705b459fc5202429667589f2934b17c,0.5359261815460439,mozilla-beta,4788727,12,83c4e198d104587f2d2886f22d06d6ee1fd3d589,linux1804-64-shippable-qr,True,False,,,102210fe594ee9b33d82058545b1ed14f4c8206e,console.log-in-loop-content-process-typedarray,damp,True,damp console.log-in-loop-content-process-typedarray opt e10s fission stylo webrender-sw,4788178,6,ms,firefox,,1803247661,2023-11-29 22:50:54,1340165,,,,,,,,,,,,,,,,,,,,,,,,,,,,,,,,,,,,,,,,,,,,,,,,,TN
421,5974796cd9cd088eb58006e6594138d3bc8e7d39,0.2359684067166643,mozilla-beta,4788727,12,83c4e198d104587f2d2886f22d06d6ee1fd3d589,linux1804-64-shippable-qr,True,False,,,102210fe594ee9b33d82058545b1ed14f4c8206e,console.log-in-loop-content-process-typedarray,damp,True,damp console.log-in-loop-content-process-typedarray opt e10s fission stylo webrender-sw,4788178,6,ms,firefox,,1803551110,2023-11-30 09:17:04,1340410,,,,,,,,,,,,,,,,,,,,,,,,,,,,,,,,,,,,,,,,,,,,,,,,,TN
422,20d769c8e7c11b7510e1eaed3d456b930cf6ea46,0.5469701769536259,mozilla-beta,4788727,12,83c4e198d104587f2d2886f22d06d6ee1fd3d589,linux1804-64-shippable-qr,True,False,,,102210fe594ee9b33d82058545b1ed14f4c8206e,console.log-in-loop-content-process-typedarray,damp,True,damp console.log-in-loop-content-process-typedarray opt e10s fission stylo webrender-sw,4788178,6,ms,firefox,,1803779216,2023-11-30 16:11:24,1340661,,,,,,,,,,,,,,,,,,,,,,,,,,,,,,,,,,,,,,,,,,,,,,,,,TN
423,c1852b5f0fd3cae3ab6e22effca4d9f2689aeeeb,0.6008119308608011,mozilla-beta,4788727,12,83c4e198d104587f2d2886f22d06d6ee1fd3d589,linux1804-64-shippable-qr,True,False,,,102210fe594ee9b33d82058545b1ed14f4c8206e,console.log-in-loop-content-process-typedarray,damp,True,damp console.log-in-loop-content-process-typedarray opt e10s fission stylo webrender-sw,4788178,6,ms,firefox,,1803802597,2023-11-30 16:34:04,1340692,,,,,,,,,,,,,,,,,,,,,,,,,,,,,,,,,,,,,,,,,,,,,,,,,TN
424,bc9f83635d02d18d06ea0e35565f7bb49b2c7608,0.7665100699182843,mozilla-beta,4788727,12,83c4e198d104587f2d2886f22d06d6ee1fd3d589,linux1804-64-shippable-qr,True,False,,,102210fe594ee9b33d82058545b1ed14f4c8206e,console.log-in-loop-content-process-typedarray,damp,True,damp console.log-in-loop-content-process-typedarray opt e10s fission stylo webrender-sw,4788178,6,ms,firefox,,1803819383,2023-11-30 16:43:33,1340700,,,,,,,,,,,,,,,,,,,,,,,,,,,,,,,,,,,,,,,,,,,,,,,,,TN
425,5df38003afc947e7f0932dd9984f2e4d57e9a685,0.5959912252150512,mozilla-beta,4788727,12,83c4e198d104587f2d2886f22d06d6ee1fd3d589,linux1804-64-shippable-qr,True,False,,,102210fe594ee9b33d82058545b1ed14f4c8206e,console.log-in-loop-content-process-typedarray,damp,True,damp console.log-in-loop-content-process-typedarray opt e10s fission stylo webrender-sw,4788178,6,ms,firefox,,1803870922,2023-11-30 18:34:41,1340791,,,,,,,,,,,,,,,,,,,,,,,,,,,,,,,,,,,,,,,,,,,,,,,,,TN
426,8e00ed90450f29ee0286348a831fc0980397f8e7,0.5632417048471279,mozilla-beta,4788727,12,83c4e198d104587f2d2886f22d06d6ee1fd3d589,linux1804-64-shippable-qr,True,False,,,102210fe594ee9b33d82058545b1ed14f4c8206e,console.log-in-loop-content-process-typedarray,damp,True,damp console.log-in-loop-content-process-typedarray opt e10s fission stylo webrender-sw,4788178,6,ms,firefox,,1803946013,2023-11-30 21:01:12,1340913,,,,,,,,,,,,,,,,,,,,,,,,,,,,,,,,,,,,,,,,,,,,,,,,,TN
427,b69108b34355f592bd1781a9a072e6816b3eb0b1,0.5748362295345606,mozilla-beta,4788727,12,83c4e198d104587f2d2886f22d06d6ee1fd3d589,linux1804-64-shippable-qr,True,False,,,102210fe594ee9b33d82058545b1ed14f4c8206e,console.log-in-loop-content-process-typedarray,damp,True,damp console.log-in-loop-content-process-typedarray opt e10s fission stylo webrender-sw,4788178,6,ms,firefox,,1804028003,2023-12-01 00:27:30,1341043,,,,,,,,,,,,,,,,,,,,,,,,,,,,,,,,,,,,,,,,,,,,,,,,,TN
428,186477afbdb47280ec0ea49732727996821b2082,0.5363583837412187,mozilla-beta,4788727,12,83c4e198d104587f2d2886f22d06d6ee1fd3d589,linux1804-64-shippable-qr,True,False,,,102210fe594ee9b33d82058545b1ed14f4c8206e,console.log-in-loop-content-process-typedarray,damp,True,damp console.log-in-loop-content-process-typedarray opt e10s fission stylo webrender-sw,4788178,6,ms,firefox,,1804041588,2023-12-01 00:39:11,1341051,,,,,,,,,,,,,,,,,,,,,,,,,,,,,,,,,,,,,,,,,,,,,,,,,TN
429,f0af2050e7b01c1d1b2b95693754359cc62706a8,0.5693169126662454,mozilla-beta,4788727,12,83c4e198d104587f2d2886f22d06d6ee1fd3d589,linux1804-64-shippable-qr,True,False,,,102210fe594ee9b33d82058545b1ed14f4c8206e,console.log-in-loop-content-process-typedarray,damp,True,damp console.log-in-loop-content-process-typedarray opt e10s fission stylo webrender-sw,4788178,6,ms,firefox,,1804047335,2023-12-01 00:47:04,1341055,,,,,,,,,,,,,,,,,,,,,,,,,,,,,,,,,,,,,,,,,,,,,,,,,TN
430,dcc730175085df9656d49fc3ee0e7db73111c6e8,0.5741488407882689,mozilla-beta,4788727,12,83c4e198d104587f2d2886f22d06d6ee1fd3d589,linux1804-64-shippable-qr,True,False,,,102210fe594ee9b33d82058545b1ed14f4c8206e,console.log-in-loop-content-process-typedarray,damp,True,damp console.log-in-loop-content-process-typedarray opt e10s fission stylo webrender-sw,4788178,6,ms,firefox,,1804266703,2023-12-01 09:17:38,1341197,,,,,,,,,,,,,,,,,,,,,,,,,,,,,,,,,,,,,,,,,,,,,,,,,TN
431,383a7dba37fdf47229b38b1bd3e13d91524826dd,0.542845329240004,mozilla-beta,4788727,12,83c4e198d104587f2d2886f22d06d6ee1fd3d589,linux1804-64-shippable-qr,True,False,,,102210fe594ee9b33d82058545b1ed14f4c8206e,console.log-in-loop-content-process-typedarray,damp,True,damp console.log-in-loop-content-process-typedarray opt e10s fission stylo webrender-sw,4788178,6,ms,firefox,,1804498583,2023-12-01 17:19:46,1341530,,,,,,,,,,,,,,,,,,,,,,,,,,,,,,,,,,,,,,,,,,,,,,,,,TN
432,838d79d0dcef3ff65de416651b2599f57334a424,0.5597446717590673,mozilla-beta,4788727,12,83c4e198d104587f2d2886f22d06d6ee1fd3d589,linux1804-64-shippable-qr,True,False,,,102210fe594ee9b33d82058545b1ed14f4c8206e,console.log-in-loop-content-process-typedarray,damp,True,damp console.log-in-loop-content-process-typedarray opt e10s fission stylo webrender-sw,4788178,6,ms,firefox,,1804528062,2023-12-01 17:50:39,1341548,,,,,,,,,,,,,,,,,,,,,,,,,,,,,,,,,,,,,,,,,,,,,,,,,TN
433,a4b9591b34ba710765e9f09d3d4e58d21f188792,0.48785012374908066,mozilla-beta,4788727,12,83c4e198d104587f2d2886f22d06d6ee1fd3d589,linux1804-64-shippable-qr,True,False,,,102210fe594ee9b33d82058545b1ed14f4c8206e,console.log-in-loop-content-process-typedarray,damp,True,damp console.log-in-loop-content-process-typedarray opt e10s fission stylo webrender-sw,4788178,6,ms,firefox,,1804637252,2023-12-01 21:01:48,1341681,,,,,,,,,,,,,,,,,,,,,,,,,,,,,,,,,,,,,,,,,,,,,,,,,TN
434,138cd0d7d6566dfa59c44eff260c1bd4d7d3c240,0.719674280910187,mozilla-beta,4788727,12,83c4e198d104587f2d2886f22d06d6ee1fd3d589,linux1804-64-shippable-qr,True,False,,,102210fe594ee9b33d82058545b1ed14f4c8206e,console.log-in-loop-content-process-typedarray,damp,True,damp console.log-in-loop-content-process-typedarray opt e10s fission stylo webrender-sw,4788178,6,ms,firefox,,1804871739,2023-12-02 09:21:37,1341841,,,,,,,,,,,,,,,,,,,,,,,,,,,,,,,,,,,,,,,,,,,,,,,,,TN
435,804fcc8f051c181e41f5eee888e30a5ca7752f0d,0.6953322629849721,mozilla-beta,4788727,12,83c4e198d104587f2d2886f22d06d6ee1fd3d589,linux1804-64-shippable-qr,True,False,,,102210fe594ee9b33d82058545b1ed14f4c8206e,console.log-in-loop-content-process-typedarray,damp,True,damp console.log-in-loop-content-process-typedarray opt e10s fission stylo webrender-sw,4788178,6,ms,firefox,,1804962695,2023-12-02 15:29:47,1341864,,,,,,,,,,,,,,,,,,,,,,,,,,,,,,,,,,,,,,,,,,,,,,,,,TN
436,f0c0cb9e9377b5529e313d5919557d03a6feb7a5,0.5345164002321288,mozilla-beta,4788727,12,83c4e198d104587f2d2886f22d06d6ee1fd3d589,linux1804-64-shippable-qr,True,False,,,102210fe594ee9b33d82058545b1ed14f4c8206e,console.log-in-loop-content-process-typedarray,damp,True,damp console.log-in-loop-content-process-typedarray opt e10s fission stylo webrender-sw,4788178,6,ms,firefox,,1804967476,2023-12-02 15:34:35,1341866,,,,,,,,,,,,,,,,,,,,,,,,,,,,,,,,,,,,,,,,,,,,,,,,,TN
437,4d5fc29c0701152d1ac86db779f2f737b8bef95c,0.5696009524130505,mozilla-beta,4788727,12,83c4e198d104587f2d2886f22d06d6ee1fd3d589,linux1804-64-shippable-qr,True,False,,,102210fe594ee9b33d82058545b1ed14f4c8206e,console.log-in-loop-content-process-typedarray,damp,True,damp console.log-in-loop-content-process-typedarray opt e10s fission stylo webrender-sw,4788178,6,ms,firefox,,1805166141,2023-12-03 09:17:20,1341957,,,,,,,,,,,,,,,,,,,,,,,,,,,,,,,,,,,,,,,,,,,,,,,,,TN
438,8833c90233aa15657607f5823c7f2f0a9e9acba5,0.7122457905852677,mozilla-beta,4788727,12,83c4e198d104587f2d2886f22d06d6ee1fd3d589,linux1804-64-shippable-qr,True,False,,,102210fe594ee9b33d82058545b1ed14f4c8206e,console.log-in-loop-content-process-typedarray,damp,True,damp console.log-in-loop-content-process-typedarray opt e10s fission stylo webrender-sw,4788178,6,ms,firefox,,1805308315,2023-12-03 18:26:48,1342035,,,,,,,,,,,,,,,,,,,,,,,,,,,,,,,,,,,,,,,,,,,,,,,,,TN
439,aea0bf951d563e36e9e968d12062d8a38a88d3d9,0.6992864871967037,mozilla-beta,4788727,12,83c4e198d104587f2d2886f22d06d6ee1fd3d589,linux1804-64-shippable-qr,True,False,,,102210fe594ee9b33d82058545b1ed14f4c8206e,console.log-in-loop-content-process-typedarray,damp,True,damp console.log-in-loop-content-process-typedarray opt e10s fission stylo webrender-sw,4788178,6,ms,firefox,,1805324064,2023-12-03 18:27:35,1342036,,,,,,,,,,,,,,,,,,,,,,,,,,,,,,,,,,,,,,,,,,,,,,,,,TN
440,c8d8e41a083bbad80659ee42b25afe1f9a01fa80,0.5197576202747562,mozilla-beta,4788727,12,83c4e198d104587f2d2886f22d06d6ee1fd3d589,linux1804-64-shippable-qr,True,False,,,102210fe594ee9b33d82058545b1ed14f4c8206e,console.log-in-loop-content-process-typedarray,damp,True,damp console.log-in-loop-content-process-typedarray opt e10s fission stylo webrender-sw,4788178,6,ms,firefox,,1805346968,2023-12-03 18:40:01,1342038,,,,,,,,,,,,,,,,,,,,,,,,,,,,,,,,,,,,,,,,,,,,,,,,,TN
441,f9258827fbd87e7abbafd5aaee4f4beb2ca122f7,0.49139043663079107,mozilla-beta,4788727,12,83c4e198d104587f2d2886f22d06d6ee1fd3d589,linux1804-64-shippable-qr,True,False,,,102210fe594ee9b33d82058545b1ed14f4c8206e,console.log-in-loop-content-process-typedarray,damp,True,damp console.log-in-loop-content-process-typedarray opt e10s fission stylo webrender-sw,4788178,6,ms,firefox,,1805351090,2023-12-03 18:57:23,1342040,,,,,,,,,,,,,,,,,,,,,,,,,,,,,,,,,,,,,,,,,,,,,,,,,TN
442,c8602eedb54af9596786fffadd7e6362d241c4ee,0.7227041723862473,mozilla-beta,4788727,12,83c4e198d104587f2d2886f22d06d6ee1fd3d589,linux1804-64-shippable-qr,True,False,,,102210fe594ee9b33d82058545b1ed14f4c8206e,console.log-in-loop-content-process-typedarray,damp,True,damp console.log-in-loop-content-process-typedarray opt e10s fission stylo webrender-sw,4788178,6,ms,firefox,,1805613278,2023-12-04 09:21:59,1342185,,,,,,,,,,,,,,,,,,,,,,,,,,,,,,,,,,,,,,,,,,,,,,,,,TN
443,843493d0e456170ac7bc6844fb9ef91b4d02e5e9,0.22206691445740456,mozilla-beta,4788727,12,83c4e198d104587f2d2886f22d06d6ee1fd3d589,linux1804-64-shippable-qr,True,False,,,102210fe594ee9b33d82058545b1ed14f4c8206e,console.log-in-loop-content-process-typedarray,damp,True,damp console.log-in-loop-content-process-typedarray opt e10s fission stylo webrender-sw,4788178,6,ms,firefox,,1805970591,2023-12-04 20:17:46,1342642,,,,,,,,,,,,,,,,,,,,,,,,,,,,,,,,,,,,,,,,,,,,,,,,,TN
444,0fdd8c90220fed2b73becbf0d813ffa9eb3c7f23,0.69761198747244,mozilla-beta,4788727,12,83c4e198d104587f2d2886f22d06d6ee1fd3d589,linux1804-64-shippable-qr,True,False,,,102210fe594ee9b33d82058545b1ed14f4c8206e,console.log-in-loop-content-process-typedarray,damp,True,damp console.log-in-loop-content-process-typedarray opt e10s fission stylo webrender-sw,4788178,6,ms,firefox,,1805988476,2023-12-04 20:26:14,1342655,,,,,,,,,,,,,,,,,,,,,,,,,,,,,,,,,,,,,,,,,,,,,,,,,TN
445,7db3ae9df06c21bc1dc107b2d9e0b5ce5f18eb27,0.526616775219034,mozilla-beta,4788727,12,83c4e198d104587f2d2886f22d06d6ee1fd3d589,linux1804-64-shippable-qr,True,False,,,102210fe594ee9b33d82058545b1ed14f4c8206e,console.log-in-loop-content-process-typedarray,damp,True,damp console.log-in-loop-content-process-typedarray opt e10s fission stylo webrender-sw,4788178,6,ms,firefox,,1805956137,2023-12-04 20:40:00,1342665,,,,,,,,,,,,,,,,,,,,,,,,,,,,,,,,,,,,,,,,,,,,,,,,,TN
446,79cedc5de788e8665170f4145cd8e2ac74552c2d,0.5457494066134987,mozilla-beta,4788727,12,83c4e198d104587f2d2886f22d06d6ee1fd3d589,linux1804-64-shippable-qr,True,False,,,102210fe594ee9b33d82058545b1ed14f4c8206e,console.log-in-loop-content-process-typedarray,damp,True,damp console.log-in-loop-content-process-typedarray opt e10s fission stylo webrender-sw,4788178,6,ms,firefox,,1806064851,2023-12-04 20:44:16,1342666,,,,,,,,,,,,,,,,,,,,,,,,,,,,,,,,,,,,,,,,,,,,,,,,,TN
447,32290dab6b678439d5a9346514c6c0efd6b866cb,0.5340108574640015,mozilla-beta,4788727,12,83c4e198d104587f2d2886f22d06d6ee1fd3d589,linux1804-64-shippable-qr,True,False,,,102210fe594ee9b33d82058545b1ed14f4c8206e,console.log-in-loop-content-process-typedarray,damp,True,damp console.log-in-loop-content-process-typedarray opt e10s fission stylo webrender-sw,4788178,6,ms,firefox,,1806080098,2023-12-04 22:24:42,1342759,,,,,,,,,,,,,,,,,,,,,,,,,,,,,,,,,,,,,,,,,,,,,,,,,TN
448,7ffa218447b7cea3e8dc9de65ef8ac8fdb9760ec,0.5657208094255473,mozilla-beta,4788727,12,83c4e198d104587f2d2886f22d06d6ee1fd3d589,linux1804-64-shippable-qr,True,False,,,102210fe594ee9b33d82058545b1ed14f4c8206e,console.log-in-loop-content-process-typedarray,damp,True,damp console.log-in-loop-content-process-typedarray opt e10s fission stylo webrender-sw,4788178,6,ms,firefox,,1806338592,2023-12-05 09:19:15,1342979,,,,,,,,,,,,,,,,,,,,,,,,,,,,,,,,,,,,,,,,,,,,,,,,,TN
449,8efc47a15d03b85e09c24116074a3bfa31478ee7,0.682478244778931,mozilla-beta,4788727,12,83c4e198d104587f2d2886f22d06d6ee1fd3d589,linux1804-64-shippable-qr,True,False,,,102210fe594ee9b33d82058545b1ed14f4c8206e,console.log-in-loop-content-process-typedarray,damp,True,damp console.log-in-loop-content-process-typedarray opt e10s fission stylo webrender-sw,4788178,6,ms,firefox,,1806542854,2023-12-05 17:04:28,1343225,,,,,,,,,,,,,,,,,,,,,,,,,,,,,,,,,,,,,,,,,,,,,,,,,TN
450,65a56f16214376ccf707703cb731546d83e80909,0.7319512190998205,mozilla-beta,4788727,12,83c4e198d104587f2d2886f22d06d6ee1fd3d589,linux1804-64-shippable-qr,True,False,,,102210fe594ee9b33d82058545b1ed14f4c8206e,console.log-in-loop-content-process-typedarray,damp,True,damp console.log-in-loop-content-process-typedarray opt e10s fission stylo webrender-sw,4788178,6,ms,firefox,,1806544626,2023-12-05 17:06:05,1343227,,,,,,,,,,,,,,,,,,,,,,,,,,,,,,,,,,,,,,,,,,,,,,,,,TN
451,8202a7fccea2848a528130713fb7554afe47451c,0.7095733116312037,mozilla-beta,4788727,12,83c4e198d104587f2d2886f22d06d6ee1fd3d589,linux1804-64-shippable-qr,True,False,,,102210fe594ee9b33d82058545b1ed14f4c8206e,console.log-in-loop-content-process-typedarray,damp,True,damp console.log-in-loop-content-process-typedarray opt e10s fission stylo webrender-sw,4788178,6,ms,firefox,,1806585038,2023-12-05 17:26:05,1343245,,,,,,,,,,,,,,,,,,,,,,,,,,,,,,,,,,,,,,,,,,,,,,,,,TN
452,ca3cddabbfe345abca9f97a2b17965a32ff7ae0c,0.5633038068427161,mozilla-beta,4788727,12,83c4e198d104587f2d2886f22d06d6ee1fd3d589,linux1804-64-shippable-qr,True,False,,,102210fe594ee9b33d82058545b1ed14f4c8206e,console.log-in-loop-content-process-typedarray,damp,True,damp console.log-in-loop-content-process-typedarray opt e10s fission stylo webrender-sw,4788178,6,ms,firefox,,1806634202,2023-12-05 18:50:17,1343323,,,,,,,,,,,,,,,,,,,,,,,,,,,,,,,,,,,,,,,,,,,,,,,,,TN
453,3388eeb5680071dadb101541f663a6400ef7226c,0.7112427073023935,mozilla-beta,4788727,12,83c4e198d104587f2d2886f22d06d6ee1fd3d589,linux1804-64-shippable-qr,True,False,,,102210fe594ee9b33d82058545b1ed14f4c8206e,console.log-in-loop-content-process-typedarray,damp,True,damp console.log-in-loop-content-process-typedarray opt e10s fission stylo webrender-sw,4788178,6,ms,firefox,,1806727356,2023-12-05 21:13:36,1343425,,,,,,,,,,,,,,,,,,,,,,,,,,,,,,,,,,,,,,,,,,,,,,,,,TN
454,522d7c9bba9aa012d7f9a119fdb716b9aed38d13,0.7149550444829211,mozilla-beta,4788727,12,83c4e198d104587f2d2886f22d06d6ee1fd3d589,linux1804-64-shippable-qr,True,False,,,102210fe594ee9b33d82058545b1ed14f4c8206e,console.log-in-loop-content-process-typedarray,damp,True,damp console.log-in-loop-content-process-typedarray opt e10s fission stylo webrender-sw,4788178,6,ms,firefox,,1806844923,2023-12-05 22:10:23,1343461,,,,,,,,,,,,,,,,,,,,,,,,,,,,,,,,,,,,,,,,,,,,,,,,,TN
455,3343ddaf516b0a250a42f9247d2ffc693d2dddd3,0.4932310515452505,mozilla-beta,4788727,12,83c4e198d104587f2d2886f22d06d6ee1fd3d589,linux1804-64-shippable-qr,True,False,,,102210fe594ee9b33d82058545b1ed14f4c8206e,console.log-in-loop-content-process-typedarray,damp,True,damp console.log-in-loop-content-process-typedarray opt e10s fission stylo webrender-sw,4788178,6,ms,firefox,,1807015698,2023-12-06 09:17:31,1343658,,,,,,,,,,,,,,,,,,,,,,,,,,,,,,,,,,,,,,,,,,,,,,,,,TN
456,c50cc8f9601c19cdd6660c7129586943e15efd3f,0.5117453035667574,mozilla-beta,4788727,12,83c4e198d104587f2d2886f22d06d6ee1fd3d589,linux1804-64-shippable-qr,True,False,,,102210fe594ee9b33d82058545b1ed14f4c8206e,console.log-in-loop-content-process-typedarray,damp,True,damp console.log-in-loop-content-process-typedarray opt e10s fission stylo webrender-sw,4788178,6,ms,firefox,,1807260628,2023-12-06 18:02:06,1343974,,,,,,,,,,,,,,,,,,,,,,,,,,,,,,,,,,,,,,,,,,,,,,,,,TN
457,8071f36fd32538652a1d6970fd9c73eda69f9de9,0.5110555801589789,mozilla-beta,4788727,12,83c4e198d104587f2d2886f22d06d6ee1fd3d589,linux1804-64-shippable-qr,True,False,,,102210fe594ee9b33d82058545b1ed14f4c8206e,console.log-in-loop-content-process-typedarray,damp,True,damp console.log-in-loop-content-process-typedarray opt e10s fission stylo webrender-sw,4788178,6,ms,firefox,,1807286224,2023-12-06 18:11:10,1343984,,,,,,,,,,,,,,,,,,,,,,,,,,,,,,,,,,,,,,,,,,,,,,,,,TN
458,d71b34b14199c3c83d7b9ccde852c75f230fd5fa,0.5175832775764966,mozilla-beta,4788727,12,83c4e198d104587f2d2886f22d06d6ee1fd3d589,linux1804-64-shippable-qr,True,False,,,102210fe594ee9b33d82058545b1ed14f4c8206e,console.log-in-loop-content-process-typedarray,damp,True,damp console.log-in-loop-content-process-typedarray opt e10s fission stylo webrender-sw,4788178,6,ms,firefox,,1807415520,2023-12-06 22:31:31,1344171,,,,,,,,,,,,,,,,,,,,,,,,,,,,,,,,,,,,,,,,,,,,,,,,,TN
459,4b4492de7d4c01197e22f5398ea02198276131c4,0.7392530419632988,mozilla-beta,4788727,12,83c4e198d104587f2d2886f22d06d6ee1fd3d589,linux1804-64-shippable-qr,True,False,,,102210fe594ee9b33d82058545b1ed14f4c8206e,console.log-in-loop-content-process-typedarray,damp,True,damp console.log-in-loop-content-process-typedarray opt e10s fission stylo webrender-sw,4788178,6,ms,firefox,,1807476733,2023-12-07 01:23:09,1344248,,,,,,,,,,,,,,,,,,,,,,,,,,,,,,,,,,,,,,,,,,,,,,,,,TN
460,9a9c77f076c860d86d4d9a9a9a8e225a62120892,0.49428346864035166,mozilla-beta,4788727,12,83c4e198d104587f2d2886f22d06d6ee1fd3d589,linux1804-64-shippable-qr,True,False,,,102210fe594ee9b33d82058545b1ed14f4c8206e,console.log-in-loop-content-process-typedarray,damp,True,damp console.log-in-loop-content-process-typedarray opt e10s fission stylo webrender-sw,4788178,6,ms,firefox,,1807644610,2023-12-07 09:16:02,1344351,,,,,,,,,,,,,,,,,,,,,,,,,,,,,,,,,,,,,,,,,,,,,,,,,TN
461,493e6a075f075a9715627441c1b47aab7d11dce0,0.7177108628014781,mozilla-beta,4788727,12,83c4e198d104587f2d2886f22d06d6ee1fd3d589,linux1804-64-shippable-qr,True,False,,,102210fe594ee9b33d82058545b1ed14f4c8206e,console.log-in-loop-content-process-typedarray,damp,True,damp console.log-in-loop-content-process-typedarray opt e10s fission stylo webrender-sw,4788178,6,ms,firefox,,1807825133,2023-12-07 16:19:45,1344598,,,,,,,,,,,,,,,,,,,,,,,,,,,,,,,,,,,,,,,,,,,,,,,,,TN
462,fb0fcda9a042c99c06319d8fe93d73d721eda5f5,0.5447795238272546,mozilla-beta,4788727,12,83c4e198d104587f2d2886f22d06d6ee1fd3d589,linux1804-64-shippable-qr,True,False,,,102210fe594ee9b33d82058545b1ed14f4c8206e,console.log-in-loop-content-process-typedarray,damp,True,damp console.log-in-loop-content-process-typedarray opt e10s fission stylo webrender-sw,4788178,6,ms,firefox,,1807914786,2023-12-07 17:47:37,1344666,,,,,,,,,,,,,,,,,,,,,,,,,,,,,,,,,,,,,,,,,,,,,,,,,TN
463,51a56df86ac2d6bb944e334c6343b2345073e15e,0.5126187245809057,mozilla-beta,4788727,12,83c4e198d104587f2d2886f22d06d6ee1fd3d589,linux1804-64-shippable-qr,True,False,,,102210fe594ee9b33d82058545b1ed14f4c8206e,console.log-in-loop-content-process-typedarray,damp,True,damp console.log-in-loop-content-process-typedarray opt e10s fission stylo webrender-sw,4788178,6,ms,firefox,,1807928158,2023-12-07 17:53:52,1344668,,,,,,,,,,,,,,,,,,,,,,,,,,,,,,,,,,,,,,,,,,,,,,,,,TN
464,889c2b945041a3cdfba4f89a49812c637bb8cbe9,0.5353107969801658,mozilla-beta,4788727,12,83c4e198d104587f2d2886f22d06d6ee1fd3d589,linux1804-64-shippable-qr,True,False,,,102210fe594ee9b33d82058545b1ed14f4c8206e,console.log-in-loop-content-process-typedarray,damp,True,damp console.log-in-loop-content-process-typedarray opt e10s fission stylo webrender-sw,4788178,6,ms,firefox,,1808018086,2023-12-07 19:14:40,1344721,,,,,,,,,,,,,,,,,,,,,,,,,,,,,,,,,,,,,,,,,,,,,,,,,TN
465,c6f495f8acbd581a02831e19545cf10e64f9b203,0.7304373279847289,mozilla-beta,4788727,12,83c4e198d104587f2d2886f22d06d6ee1fd3d589,linux1804-64-shippable-qr,True,False,,,102210fe594ee9b33d82058545b1ed14f4c8206e,console.log-in-loop-content-process-typedarray,damp,True,damp console.log-in-loop-content-process-typedarray opt e10s fission stylo webrender-sw,4788178,6,ms,firefox,,1808156720,2023-12-08 00:59:51,1344893,,,,,,,,,,,,,,,,,,,,,,,,,,,,,,,,,,,,,,,,,,,,,,,,,TN
466,fdb26a484d45cd102b37dbfcdbb7ebac7e84e9bb,0.569980165843063,mozilla-beta,4788727,12,83c4e198d104587f2d2886f22d06d6ee1fd3d589,linux1804-64-shippable-qr,True,False,,,102210fe594ee9b33d82058545b1ed14f4c8206e,console.log-in-loop-content-process-typedarray,damp,True,damp console.log-in-loop-content-process-typedarray opt e10s fission stylo webrender-sw,4788178,6,ms,firefox,,1808259482,2023-12-08 02:53:28,1344920,,,,,,,,,,,,,,,,,,,,,,,,,,,,,,,,,,,,,,,,,,,,,,,,,TN
467,f86cb690ce3d2d4b7cdda07cc40be83b3ca1cb21,0.5495914704672291,mozilla-beta,4788727,12,83c4e198d104587f2d2886f22d06d6ee1fd3d589,linux1804-64-shippable-qr,True,False,,,102210fe594ee9b33d82058545b1ed14f4c8206e,console.log-in-loop-content-process-typedarray,damp,True,damp console.log-in-loop-content-process-typedarray opt e10s fission stylo webrender-sw,4788178,6,ms,firefox,,1808274410,2023-12-08 02:54:11,1344921,,,,,,,,,,,,,,,,,,,,,,,,,,,,,,,,,,,,,,,,,,,,,,,,,TN
468,53dff28f7a8dacddf8920b47dc2e164827ee389f,0.4956047421321941,mozilla-beta,4788727,12,83c4e198d104587f2d2886f22d06d6ee1fd3d589,linux1804-64-shippable-qr,True,False,,,102210fe594ee9b33d82058545b1ed14f4c8206e,console.log-in-loop-content-process-typedarray,damp,True,damp console.log-in-loop-content-process-typedarray opt e10s fission stylo webrender-sw,4788178,6,ms,firefox,,1808301026,2023-12-08 03:24:16,1344933,,,,,,,,,,,,,,,,,,,,,,,,,,,,,,,,,,,,,,,,,,,,,,,,,TN
469,8fb6d84ab2c8e1fc73fb741955546550fed32953,0.5522848003635135,mozilla-beta,4788727,12,83c4e198d104587f2d2886f22d06d6ee1fd3d589,linux1804-64-shippable-qr,True,False,,,102210fe594ee9b33d82058545b1ed14f4c8206e,console.log-in-loop-content-process-typedarray,damp,True,damp console.log-in-loop-content-process-typedarray opt e10s fission stylo webrender-sw,4788178,6,ms,firefox,,1808372689,2023-12-08 05:24:13,1344960,,,,,,,,,,,,,,,,,,,,,,,,,,,,,,,,,,,,,,,,,,,,,,,,,TN
470,33d20ee6d74a51f9a1eca8570f5f2d94af9609a0,0.4896369287415063,mozilla-beta,4788727,12,83c4e198d104587f2d2886f22d06d6ee1fd3d589,linux1804-64-shippable-qr,True,False,,,102210fe594ee9b33d82058545b1ed14f4c8206e,console.log-in-loop-content-process-typedarray,damp,True,damp console.log-in-loop-content-process-typedarray opt e10s fission stylo webrender-sw,4788178,6,ms,firefox,,1808535064,2023-12-08 09:18:59,1345062,,,,,,,,,,,,,,,,,,,,,,,,,,,,,,,,,,,,,,,,,,,,,,,,,TN
471,04ac6c4c9815403fe1bc22ae2de74f6c208ef16b,0.5174691689836921,mozilla-beta,4788727,12,83c4e198d104587f2d2886f22d06d6ee1fd3d589,linux1804-64-shippable-qr,True,False,,,102210fe594ee9b33d82058545b1ed14f4c8206e,console.log-in-loop-content-process-typedarray,damp,True,damp console.log-in-loop-content-process-typedarray opt e10s fission stylo webrender-sw,4788178,6,ms,firefox,,1815946451,2023-12-08 13:28:59,1345145,,,,,,,,,,,,,,,,,,,,,,,,,,,,,,,,,,,,,,,,,,,,,,,,,TN
472,ab96c6443c0a5b9c6e1c4eb88149e375a55f3f0d,0.6862799109383158,mozilla-beta,4788727,12,83c4e198d104587f2d2886f22d06d6ee1fd3d589,linux1804-64-shippable-qr,True,False,,,102210fe594ee9b33d82058545b1ed14f4c8206e,console.log-in-loop-content-process-typedarray,damp,True,damp console.log-in-loop-content-process-typedarray opt e10s fission stylo webrender-sw,4788178,6,ms,firefox,,1815976274,2023-12-08 13:37:58,1345148,,,,,,,,,,,,,,,,,,,,,,,,,,,,,,,,,,,,,,,,,,,,,,,,,TN
473,6f311fb807efeaba8f321db9a69db0e7179f45ec,0.6924679231599664,mozilla-beta,4788727,12,83c4e198d104587f2d2886f22d06d6ee1fd3d589,linux1804-64-shippable-qr,True,False,,,102210fe594ee9b33d82058545b1ed14f4c8206e,console.log-in-loop-content-process-typedarray,damp,True,damp console.log-in-loop-content-process-typedarray opt e10s fission stylo webrender-sw,4788178,6,ms,firefox,,1815951024,2023-12-08 16:52:32,1345244,,,,,,,,,,,,,,,,,,,,,,,,,,,,,,,,,,,,,,,,,,,,,,,,,TN
474,f894e72577fa55658068ec536788461fd0c9423f,0.7119399338292975,mozilla-beta,4788727,12,83c4e198d104587f2d2886f22d06d6ee1fd3d589,linux1804-64-shippable-qr,True,False,,,102210fe594ee9b33d82058545b1ed14f4c8206e,console.log-in-loop-content-process-typedarray,damp,True,damp console.log-in-loop-content-process-typedarray opt e10s fission stylo webrender-sw,4788178,6,ms,firefox,,1815947360,2023-12-08 17:11:03,1345256,,,,,,,,,,,,,,,,,,,,,,,,,,,,,,,,,,,,,,,,,,,,,,,,,TN
475,44539b631fb141b44e44e05dfabd57eb0e0409e7,0.5254393973803904,mozilla-beta,4788727,12,83c4e198d104587f2d2886f22d06d6ee1fd3d589,linux1804-64-shippable-qr,True,False,,,102210fe594ee9b33d82058545b1ed14f4c8206e,console.log-in-loop-content-process-typedarray,damp,True,damp console.log-in-loop-content-process-typedarray opt e10s fission stylo webrender-sw,4788178,6,ms,firefox,,1808910025,2023-12-08 21:11:28,1345379,,,,,,,,,,,,,,,,,,,,,,,,,,,,,,,,,,,,,,,,,,,,,,,,,TN
476,0d0badd455a091e8a612c6d928c5bd21d9f1eb37,0.5112139024100508,mozilla-beta,4788727,12,83c4e198d104587f2d2886f22d06d6ee1fd3d589,linux1804-64-shippable-qr,True,False,,,102210fe594ee9b33d82058545b1ed14f4c8206e,console.log-in-loop-content-process-typedarray,damp,True,damp console.log-in-loop-content-process-typedarray opt e10s fission stylo webrender-sw,4788178,6,ms,firefox,,1809135049,2023-12-09 09:16:34,1345556,,,,,,,,,,,,,,,,,,,,,,,,,,,,,,,,,,,,,,,,,,,,,,,,,TN
477,6a9e312a931647090c6a0b9ec475aff210820f37,0.573832582712809,mozilla-beta,4788727,12,83c4e198d104587f2d2886f22d06d6ee1fd3d589,linux1804-64-shippable-qr,True,False,,,102210fe594ee9b33d82058545b1ed14f4c8206e,console.log-in-loop-content-process-typedarray,damp,True,damp console.log-in-loop-content-process-typedarray opt e10s fission stylo webrender-sw,4788178,6,ms,firefox,,1809317193,2023-12-09 20:09:11,1345633,,,,,,,,,,,,,,,,,,,,,,,,,,,,,,,,,,,,,,,,,,,,,,,,,TN
478,3ddf53b5057afd7be06db2f104f6fafe714a95be,0.6888042757473092,mozilla-beta,4788727,12,83c4e198d104587f2d2886f22d06d6ee1fd3d589,linux1804-64-shippable-qr,True,False,,,102210fe594ee9b33d82058545b1ed14f4c8206e,console.log-in-loop-content-process-typedarray,damp,True,damp console.log-in-loop-content-process-typedarray opt e10s fission stylo webrender-sw,4788178,6,ms,firefox,,1809400439,2023-12-10 09:18:35,1345666,,,,,,,,,,,,,,,,,,,,,,,,,,,,,,,,,,,,,,,,,,,,,,,,,TN
479,bd5ca949886cdde37c181fccd3ec8070be726249,0.4858998763514779,mozilla-beta,4788727,12,83c4e198d104587f2d2886f22d06d6ee1fd3d589,linux1804-64-shippable-qr,True,False,,,102210fe594ee9b33d82058545b1ed14f4c8206e,console.log-in-loop-content-process-typedarray,damp,True,damp console.log-in-loop-content-process-typedarray opt e10s fission stylo webrender-sw,4788178,6,ms,firefox,,1809596077,2023-12-11 09:17:58,1345869,,,,,,,,,,,,,,,,,,,,,,,,,,,,,,,,,,,,,,,,,,,,,,,,,TN
480,ab6d9d1dae754aeedf99fe61fe143ffc088b5801,0.6792517426034768,mozilla-beta,4788727,12,83c4e198d104587f2d2886f22d06d6ee1fd3d589,linux1804-64-shippable-qr,True,False,,,102210fe594ee9b33d82058545b1ed14f4c8206e,console.log-in-loop-content-process-typedarray,damp,True,damp console.log-in-loop-content-process-typedarray opt e10s fission stylo webrender-sw,4788178,6,ms,firefox,,1809731737,2023-12-11 13:31:00,1346038,,,,,,,,,,,,,,,,,,,,,,,,,,,,,,,,,,,,,,,,,,,,,,,,,TN
481,1f258ddd281c5658ba33f08cd8d4d738a82ba133,0.7070401556139623,mozilla-beta,4788727,12,83c4e198d104587f2d2886f22d06d6ee1fd3d589,linux1804-64-shippable-qr,True,False,,,102210fe594ee9b33d82058545b1ed14f4c8206e,console.log-in-loop-content-process-typedarray,damp,True,damp console.log-in-loop-content-process-typedarray opt e10s fission stylo webrender-sw,4788178,6,ms,firefox,,1813802184,2023-12-18 15:32:01,1350241,,,,,,,,,,,,,,,,,,,,,,,,,,,,,,,,,,,,,,,,,,,,,,,,,TN
482,0152bfc35103b64cec60d0bd86912c290c913997,0.5302227484423483,mozilla-beta,4788727,12,83c4e198d104587f2d2886f22d06d6ee1fd3d589,linux1804-64-shippable-qr,True,False,,,102210fe594ee9b33d82058545b1ed14f4c8206e,console.log-in-loop-content-process-typedarray,damp,True,damp console.log-in-loop-content-process-typedarray opt e10s fission stylo webrender-sw,4788178,6,ms,firefox,,1814238716,2023-12-19 09:15:36,1350796,,,,,,,,,,,,,,,,,,,,,,,,,,,,,,,,,,,,,,,,,,,,,,,,,TN
483,f3221cd6b4cb549c114cd0f89b5b931761fd2d2f,0.5269358026859936,mozilla-beta,4788727,12,83c4e198d104587f2d2886f22d06d6ee1fd3d589,linux1804-64-shippable-qr,True,False,,,102210fe594ee9b33d82058545b1ed14f4c8206e,console.log-in-loop-content-process-typedarray,damp,True,damp console.log-in-loop-content-process-typedarray opt e10s fission stylo webrender-sw,4788178,6,ms,firefox,,1814438248,2023-12-19 14:05:23,1350931,,,,,,,,,,,,,,,,,,,,,,,,,,,,,,,,,,,,,,,,,,,,,,,,,TN
484,48d2052b377a35b0f40e52b8efad5e0ea10e0ebe,0.5773745379080872,mozilla-beta,4788727,12,83c4e198d104587f2d2886f22d06d6ee1fd3d589,linux1804-64-shippable-qr,True,False,,,102210fe594ee9b33d82058545b1ed14f4c8206e,console.log-in-loop-content-process-typedarray,damp,True,damp console.log-in-loop-content-process-typedarray opt e10s fission stylo webrender-sw,4788178,6,ms,firefox,,1814584146,2023-12-19 17:44:05,1351107,,,,,,,,,,,,,,,,,,,,,,,,,,,,,,,,,,,,,,,,,,,,,,,,,TN
485,2804a1edd2e2b165a9d83b4c7956d9257fcd9173,0.531558496835451,mozilla-beta,4788727,12,83c4e198d104587f2d2886f22d06d6ee1fd3d589,linux1804-64-shippable-qr,True,False,,,102210fe594ee9b33d82058545b1ed14f4c8206e,console.log-in-loop-content-process-typedarray,damp,True,damp console.log-in-loop-content-process-typedarray opt e10s fission stylo webrender-sw,4788178,6,ms,firefox,,1814641362,2023-12-19 20:10:25,1351235,,,,,,,,,,,,,,,,,,,,,,,,,,,,,,,,,,,,,,,,,,,,,,,,,TN
486,b7ece1e33b35ebd16a925d6ecc739c3ad77dd1f4,0.5490454494992192,mozilla-beta,4788727,12,83c4e198d104587f2d2886f22d06d6ee1fd3d589,linux1804-64-shippable-qr,True,False,,,102210fe594ee9b33d82058545b1ed14f4c8206e,console.log-in-loop-content-process-typedarray,damp,True,damp console.log-in-loop-content-process-typedarray opt e10s fission stylo webrender-sw,4788178,6,ms,firefox,,1814706648,2023-12-19 22:08:30,1351304,,,,,,,,,,,,,,,,,,,,,,,,,,,,,,,,,,,,,,,,,,,,,,,,,TN
487,38d6648efdab35f24c45e4cace5abbbced639cac,0.7629901893499307,mozilla-beta,4788727,12,83c4e198d104587f2d2886f22d06d6ee1fd3d589,linux1804-64-shippable-qr,True,False,,,102210fe594ee9b33d82058545b1ed14f4c8206e,console.log-in-loop-content-process-typedarray,damp,True,damp console.log-in-loop-content-process-typedarray opt e10s fission stylo webrender-sw,4788178,6,ms,firefox,,1814749610,2023-12-19 23:29:52,1351361,,,,,,,,,,,,,,,,,,,,,,,,,,,,,,,,,,,,,,,,,,,,,,,,,TN
488,801d50e1262aeaa95f7cefd05aa6f1b1f38a2839,0.5233106047328788,mozilla-beta,4788727,12,83c4e198d104587f2d2886f22d06d6ee1fd3d589,linux1804-64-shippable-qr,True,False,,,102210fe594ee9b33d82058545b1ed14f4c8206e,console.log-in-loop-content-process-typedarray,damp,True,damp console.log-in-loop-content-process-typedarray opt e10s fission stylo webrender-sw,4788178,6,ms,firefox,,1814795657,2023-12-20 00:43:23,1351404,,,,,,,,,,,,,,,,,,,,,,,,,,,,,,,,,,,,,,,,,,,,,,,,,TN
489,b59f4253f067b27b8146f50070dab45b1ae1143d,0.788210313713329,mozilla-beta,4788727,12,83c4e198d104587f2d2886f22d06d6ee1fd3d589,linux1804-64-shippable-qr,True,False,,,102210fe594ee9b33d82058545b1ed14f4c8206e,console.log-in-loop-content-process-typedarray,damp,True,damp console.log-in-loop-content-process-typedarray opt e10s fission stylo webrender-sw,4788178,6,ms,firefox,,1815060309,2023-12-20 09:15:47,1351516,,,,,,,,,,,,,,,,,,,,,,,,,,,,,,,,,,,,,,,,,,,,,,,,,TN
490,d232be861a328e78800a0cf688cb1e0fc4b6d7b1,0.7255842752015766,mozilla-beta,4788727,12,83c4e198d104587f2d2886f22d06d6ee1fd3d589,linux1804-64-shippable-qr,True,False,,,102210fe594ee9b33d82058545b1ed14f4c8206e,console.log-in-loop-content-process-typedarray,damp,True,damp console.log-in-loop-content-process-typedarray opt e10s fission stylo webrender-sw,4788178,6,ms,firefox,,1815349823,2023-12-20 18:29:59,1351847,,,,,,,,,,,,,,,,,,,,,,,,,,,,,,,,,,,,,,,,,,,,,,,,,TN
491,e22171c631916516af9850a4517e112b47e1ee4d,0.5360736516464653,mozilla-beta,4788727,12,83c4e198d104587f2d2886f22d06d6ee1fd3d589,linux1804-64-shippable-qr,True,False,,,102210fe594ee9b33d82058545b1ed14f4c8206e,console.log-in-loop-content-process-typedarray,damp,True,damp console.log-in-loop-content-process-typedarray opt e10s fission stylo webrender-sw,4788178,6,ms,firefox,,1815700592,2023-12-21 09:13:55,1352196,,,,,,,,,,,,,,,,,,,,,,,,,,,,,,,,,,,,,,,,,,,,,,,,,TN
492,166a76402d36808fc0d3213ae9b04c79a022ecb2,0.5480983658899401,mozilla-beta,4788727,12,83c4e198d104587f2d2886f22d06d6ee1fd3d589,linux1804-64-shippable-qr,True,False,,,102210fe594ee9b33d82058545b1ed14f4c8206e,console.log-in-loop-content-process-typedarray,damp,True,damp console.log-in-loop-content-process-typedarray opt e10s fission stylo webrender-sw,4788178,6,ms,firefox,,1815893745,2023-12-21 14:05:30,1352334,,,,,,,,,,,,,,,,,,,,,,,,,,,,,,,,,,,,,,,,,,,,,,,,,TN
493,92e67500ede8a4679cee7310bd6f47e6a8864f7f,0.5745657308243386,mozilla-beta,4788727,12,83c4e198d104587f2d2886f22d06d6ee1fd3d589,linux1804-64-shippable-qr,True,False,,,102210fe594ee9b33d82058545b1ed14f4c8206e,console.log-in-loop-content-process-typedarray,damp,True,damp console.log-in-loop-content-process-typedarray opt e10s fission stylo webrender-sw,4788178,6,ms,firefox,,1815928612,2023-12-21 15:57:13,1352385,,,,,,,,,,,,,,,,,,,,,,,,,,,,,,,,,,,,,,,,,,,,,,,,,TN
494,1c60f9444193c2214d05b990ca8de5f21602c02d,0.5701339153778759,mozilla-beta,4788727,12,83c4e198d104587f2d2886f22d06d6ee1fd3d589,linux1804-64-shippable-qr,True,False,,,102210fe594ee9b33d82058545b1ed14f4c8206e,console.log-in-loop-content-process-typedarray,damp,True,damp console.log-in-loop-content-process-typedarray opt e10s fission stylo webrender-sw,4788178,6,ms,firefox,,1816258714,2023-12-22 09:19:04,1352815,,,,,,,,,,,,,,,,,,,,,,,,,,,,,,,,,,,,,,,,,,,,,,,,,TN
495,ebe8cd77bd6265537942ecc0fd5929b39a183349,0.5922411631251965,mozilla-beta,4788727,12,83c4e198d104587f2d2886f22d06d6ee1fd3d589,linux1804-64-shippable-qr,True,False,,,102210fe594ee9b33d82058545b1ed14f4c8206e,console.log-in-loop-content-process-typedarray,damp,True,damp console.log-in-loop-content-process-typedarray opt e10s fission stylo webrender-sw,4788178,6,ms,firefox,,1816684468,2023-12-23 09:18:03,1353219,,,,,,,,,,,,,,,,,,,,,,,,,,,,,,,,,,,,,,,,,,,,,,,,,TN
496,bf3d8bf27ed2607d79aeb394073c1f5f724d486f,0.5409209885343675,mozilla-beta,4788727,12,83c4e198d104587f2d2886f22d06d6ee1fd3d589,linux1804-64-shippable-qr,True,False,,,102210fe594ee9b33d82058545b1ed14f4c8206e,console.log-in-loop-content-process-typedarray,damp,True,damp console.log-in-loop-content-process-typedarray opt e10s fission stylo webrender-sw,4788178,6,ms,firefox,,1816740290,2023-12-23 13:08:04,1353232,,,,,,,,,,,,,,,,,,,,,,,,,,,,,,,,,,,,,,,,,,,,,,,,,TN
497,3950331ebe49694e7238b420c47f6a01427be159,0.5553295692686366,mozilla-beta,4788727,12,83c4e198d104587f2d2886f22d06d6ee1fd3d589,linux1804-64-shippable-qr,True,False,,,102210fe594ee9b33d82058545b1ed14f4c8206e,console.log-in-loop-content-process-typedarray,damp,True,damp console.log-in-loop-content-process-typedarray opt e10s fission stylo webrender-sw,4788178,6,ms,firefox,,1816883556,2023-12-24 09:20:14,1353292,,,,,,,,,,,,,,,,,,,,,,,,,,,,,,,,,,,,,,,,,,,,,,,,,TN
498,32cf5092b68da66884e036eed5ee6916662a069d,0.5380354757448171,mozilla-beta,4788727,12,83c4e198d104587f2d2886f22d06d6ee1fd3d589,linux1804-64-shippable-qr,True,False,,,102210fe594ee9b33d82058545b1ed14f4c8206e,console.log-in-loop-content-process-typedarray,damp,True,damp console.log-in-loop-content-process-typedarray opt e10s fission stylo webrender-sw,4788178,6,ms,firefox,,1816936678,2023-12-24 14:21:21,1353309,,,,,,,,,,,,,,,,,,,,,,,,,,,,,,,,,,,,,,,,,,,,,,,,,TN
499,b746eaca3b44cb1c2649d868cc61b8d32dbcea85,0.553581922184704,mozilla-beta,4788727,12,83c4e198d104587f2d2886f22d06d6ee1fd3d589,linux1804-64-shippable-qr,True,False,,,102210fe594ee9b33d82058545b1ed14f4c8206e,console.log-in-loop-content-process-typedarray,damp,True,damp console.log-in-loop-content-process-typedarray opt e10s fission stylo webrender-sw,4788178,6,ms,firefox,,1816970667,2023-12-24 18:08:55,1353316,,,,,,,,,,,,,,,,,,,,,,,,,,,,,,,,,,,,,,,,,,,,,,,,,TN
500,c2d411c2cd6807243bf48a2e91da535433fe96d9,0.5222938677056748,mozilla-beta,4788727,12,83c4e198d104587f2d2886f22d06d6ee1fd3d589,linux1804-64-shippable-qr,True,False,,,102210fe594ee9b33d82058545b1ed14f4c8206e,console.log-in-loop-content-process-typedarray,damp,True,damp console.log-in-loop-content-process-typedarray opt e10s fission stylo webrender-sw,4788178,6,ms,firefox,,1817114867,2023-12-25 09:20:40,1353352,,,,,,,,,,,,,,,,,,,,,,,,,,,,,,,,,,,,,,,,,,,,,,,,,TN
501,774defdd83b1cc70bc4bfd2d8e8ac399356ba060,0.7845987695046315,mozilla-beta,4788727,12,83c4e198d104587f2d2886f22d06d6ee1fd3d589,linux1804-64-shippable-qr,True,False,,,102210fe594ee9b33d82058545b1ed14f4c8206e,console.log-in-loop-content-process-typedarray,damp,True,damp console.log-in-loop-content-process-typedarray opt e10s fission stylo webrender-sw,4788178,6,ms,firefox,441405344.0,1817396930,2023-12-26 09:17:04,1353474,,,,,,,,,,,,,,,,,,,,,,,,,,,,,,,,,,,,,,,,,,,,,,,,,TN
502,6a0b69643235fb22627489e7db8f064a3d6eb07a,0.7725406615513015,mozilla-beta,4788727,12,83c4e198d104587f2d2886f22d06d6ee1fd3d589,linux1804-64-shippable-qr,True,False,,,102210fe594ee9b33d82058545b1ed14f4c8206e,console.log-in-loop-content-process-typedarray,damp,True,damp console.log-in-loop-content-process-typedarray opt e10s fission stylo webrender-sw,4788178,6,ms,firefox,441463257.0,1817615102,2023-12-27 09:15:52,1353610,,,,,,,,,,,,,,,,,,,,,,,,,,,,,,,,,,,,,,,,,,,,,,,,,TN
503,27ca88feead4203bdc5c0f36f4f34268d3605b28,0.5357078343430226,mozilla-beta,4788727,12,83c4e198d104587f2d2886f22d06d6ee1fd3d589,linux1804-64-shippable-qr,True,False,,,102210fe594ee9b33d82058545b1ed14f4c8206e,console.log-in-loop-content-process-typedarray,damp,True,damp console.log-in-loop-content-process-typedarray opt e10s fission stylo webrender-sw,4788178,6,ms,firefox,441493802.0,1817755777,2023-12-27 15:04:24,1353655,,,,,,,,,,,,,,,,,,,,,,,,,,,,,,,,,,,,,,,,,,,,,,,,,TN
504,6e491630343186350032a55e62c782032d28449e,0.5597060290862119,mozilla-beta,4788727,12,83c4e198d104587f2d2886f22d06d6ee1fd3d589,linux1804-64-shippable-qr,True,False,,,102210fe594ee9b33d82058545b1ed14f4c8206e,console.log-in-loop-content-process-typedarray,damp,True,damp console.log-in-loop-content-process-typedarray opt e10s fission stylo webrender-sw,4788178,6,ms,firefox,441542804.0,1817963637,2023-12-28 09:18:43,1353829,,,,,,,,,,,,,,,,,,,,,,,,,,,,,,,,,,,,,,,,,,,,,,,,,TN
505,abd0b579c448559e2125c126d9b455b2b4766535,0.5443927911772026,mozilla-beta,4788727,12,83c4e198d104587f2d2886f22d06d6ee1fd3d589,linux1804-64-shippable-qr,True,False,,,102210fe594ee9b33d82058545b1ed14f4c8206e,console.log-in-loop-content-process-typedarray,damp,True,damp console.log-in-loop-content-process-typedarray opt e10s fission stylo webrender-sw,4788178,6,ms,firefox,441554272.0,1818039231,2023-12-28 13:58:06,1353836,,,,,,,,,,,,,,,,,,,,,,,,,,,,,,,,,,,,,,,,,,,,,,,,,TN
506,771a2196d9a139556d6528d78e62711fb8f9127c,0.5502492814677047,mozilla-beta,4788727,12,83c4e198d104587f2d2886f22d06d6ee1fd3d589,linux1804-64-shippable-qr,True,False,,,102210fe594ee9b33d82058545b1ed14f4c8206e,console.log-in-loop-content-process-typedarray,damp,True,damp console.log-in-loop-content-process-typedarray opt e10s fission stylo webrender-sw,4788178,6,ms,firefox,441568609.0,1818133366,2023-12-28 16:36:48,1353845,,,,,,,,,,,,,,,,,,,,,,,,,,,,,,,,,,,,,,,,,,,,,,,,,TN
507,3ac9c7492298abed5fbb594e32f30336517bf0f7,0.5748906674000076,mozilla-beta,4788727,12,83c4e198d104587f2d2886f22d06d6ee1fd3d589,linux1804-64-shippable-qr,True,False,,,102210fe594ee9b33d82058545b1ed14f4c8206e,console.log-in-loop-content-process-typedarray,damp,True,damp console.log-in-loop-content-process-typedarray opt e10s fission stylo webrender-sw,4788178,6,ms,firefox,441625988.0,1818396493,2023-12-29 09:15:51,1354119,,,,,,,,,,,,,,,,,,,,,,,,,,,,,,,,,,,,,,,,,,,,,,,,,TN
508,4031612cf0c85769716c58ec8fe3ac662dcd7e09,0.5766190092485441,mozilla-beta,4788727,12,83c4e198d104587f2d2886f22d06d6ee1fd3d589,linux1804-64-shippable-qr,True,False,,,102210fe594ee9b33d82058545b1ed14f4c8206e,console.log-in-loop-content-process-typedarray,damp,True,damp console.log-in-loop-content-process-typedarray opt e10s fission stylo webrender-sw,4788178,6,ms,firefox,441674094.0,1818543462,2023-12-29 16:44:10,1354191,,,,,,,,,,,,,,,,,,,,,,,,,,,,,,,,,,,,,,,,,,,,,,,,,TN
509,cdce8efb5ae9f353e88bc7867b70cae181f78353,0.7084584866192798,mozilla-beta,4788727,12,83c4e198d104587f2d2886f22d06d6ee1fd3d589,linux1804-64-shippable-qr,True,False,,,102210fe594ee9b33d82058545b1ed14f4c8206e,console.log-in-loop-content-process-typedarray,damp,True,damp console.log-in-loop-content-process-typedarray opt e10s fission stylo webrender-sw,4788178,6,ms,firefox,441725978.0,1818757069,2023-12-30 09:19:21,1354361,,,,,,,,,,,,,,,,,,,,,,,,,,,,,,,,,,,,,,,,,,,,,,,,,TN
510,1d19517b592a0b31570d9442a4a8a5d8cc667f66,0.2497524574525376,mozilla-beta,4788727,12,83c4e198d104587f2d2886f22d06d6ee1fd3d589,linux1804-64-shippable-qr,True,False,,,102210fe594ee9b33d82058545b1ed14f4c8206e,console.log-in-loop-content-process-typedarray,damp,True,damp console.log-in-loop-content-process-typedarray opt e10s fission stylo webrender-sw,4788178,6,ms,firefox,441756887.0,1818857398,2023-12-30 16:43:07,1354390,,,,,,,,,,,,,,,,,,,,,,,,,,,,,,,,,,,,,,,,,,,,,,,,,TN
511,70a4581491ae3cc33cfb0408af55077a2f3aaaf9,0.7591703128309302,mozilla-beta,4788727,12,83c4e198d104587f2d2886f22d06d6ee1fd3d589,linux1804-64-shippable-qr,True,False,,,102210fe594ee9b33d82058545b1ed14f4c8206e,console.log-in-loop-content-process-typedarray,damp,True,damp console.log-in-loop-content-process-typedarray opt e10s fission stylo webrender-sw,4788178,6,ms,firefox,441793498.0,1819072231,2023-12-31 09:19:49,1354445,,,,,,,,,,,,,,,,,,,,,,,,,,,,,,,,,,,,,,,,,,,,,,,,,TN
512,3b8c3b52e3cc57b9e1c6d2346428768905531486,0.7607358724198523,mozilla-beta,4788727,12,83c4e198d104587f2d2886f22d06d6ee1fd3d589,linux1804-64-shippable-qr,True,False,,,102210fe594ee9b33d82058545b1ed14f4c8206e,console.log-in-loop-content-process-typedarray,damp,True,damp console.log-in-loop-content-process-typedarray opt e10s fission stylo webrender-sw,4788178,6,ms,firefox,441809414.0,1819117734,2023-12-31 16:07:45,1354468,,,,,,,,,,,,,,,,,,,,,,,,,,,,,,,,,,,,,,,,,,,,,,,,,TN
513,d574fe402f781ac71cbaa148e64720d7afce55ad,0.7409418716787499,mozilla-beta,4788727,12,83c4e198d104587f2d2886f22d06d6ee1fd3d589,linux1804-64-shippable-qr,True,False,,,102210fe594ee9b33d82058545b1ed14f4c8206e,console.log-in-loop-content-process-typedarray,damp,True,damp console.log-in-loop-content-process-typedarray opt e10s fission stylo webrender-sw,4788178,6,ms,firefox,441851471.0,1819300360,2024-01-01 09:16:50,1354535,,,,,,,,,,,,,,,,,,,,,,,,,,,,,,,,,,,,,,,,,,,,,,,,,TN
514,c734b9367c9411770b4b8a55868a17b22d493b31,0.5315529258501268,mozilla-beta,4788727,12,83c4e198d104587f2d2886f22d06d6ee1fd3d589,linux1804-64-shippable-qr,True,False,,,102210fe594ee9b33d82058545b1ed14f4c8206e,console.log-in-loop-content-process-typedarray,damp,True,damp console.log-in-loop-content-process-typedarray opt e10s fission stylo webrender-sw,4788178,6,ms,firefox,441884683.0,1819477523,2024-01-02 09:17:57,1354631,,,,,,,,,,,,,,,,,,,,,,,,,,,,,,,,,,,,,,,,,,,,,,,,,TN
515,a513ab11b0aaecdeff1b63357ba724e0c5f25486,0.7236957433727023,mozilla-beta,4788727,12,83c4e198d104587f2d2886f22d06d6ee1fd3d589,linux1804-64-shippable-qr,True,False,,,102210fe594ee9b33d82058545b1ed14f4c8206e,console.log-in-loop-content-process-typedarray,damp,True,damp console.log-in-loop-content-process-typedarray opt e10s fission stylo webrender-sw,4788178,6,ms,firefox,441926361.0,1819601778,2024-01-02 14:35:27,1354755,,,,,,,,,,,,,,,,,,,,,,,,,,,,,,,,,,,,,,,,,,,,,,,,,TN
516,f39f01284ccdd75760c8b9f303074ec62e1e4b76,0.5413162225725228,mozilla-beta,4788727,12,83c4e198d104587f2d2886f22d06d6ee1fd3d589,linux1804-64-shippable-qr,True,False,,,102210fe594ee9b33d82058545b1ed14f4c8206e,console.log-in-loop-content-process-typedarray,damp,True,damp console.log-in-loop-content-process-typedarray opt e10s fission stylo webrender-sw,4788178,6,ms,firefox,441940839.0,1819680879,2024-01-02 17:25:43,1354852,,,,,,,,,,,,,,,,,,,,,,,,,,,,,,,,,,,,,,,,,,,,,,,,,TN
517,cabd1794168d6cacdf7c9608c179db5754c4577a,0.5489370407006633,mozilla-beta,4788727,12,83c4e198d104587f2d2886f22d06d6ee1fd3d589,linux1804-64-shippable-qr,True,False,,,102210fe594ee9b33d82058545b1ed14f4c8206e,console.log-in-loop-content-process-typedarray,damp,True,damp console.log-in-loop-content-process-typedarray opt e10s fission stylo webrender-sw,4788178,6,ms,firefox,441947680.0,1819725874,2024-01-02 18:54:52,1354898,,,,,,,,,,,,,,,,,,,,,,,,,,,,,,,,,,,,,,,,,,,,,,,,,TN
518,61e3c5bd45677be9e6d96ecf27802bfdca8d27c9,0.5586471876465882,mozilla-beta,4788727,12,83c4e198d104587f2d2886f22d06d6ee1fd3d589,linux1804-64-shippable-qr,True,False,,,102210fe594ee9b33d82058545b1ed14f4c8206e,console.log-in-loop-content-process-typedarray,damp,True,damp console.log-in-loop-content-process-typedarray opt e10s fission stylo webrender-sw,4788178,6,ms,firefox,441998829.0,1819930964,2024-01-03 09:14:24,1355076,,,,,,,,,,,,,,,,,,,,,,,,,,,,,,,,,,,,,,,,,,,,,,,,,TN
519,ce04c347f4fd2a7d1eecd4f07bf6021a57c81bf5,0.5615873798182851,mozilla-beta,4788727,12,83c4e198d104587f2d2886f22d06d6ee1fd3d589,linux1804-64-shippable-qr,True,False,,,102210fe594ee9b33d82058545b1ed14f4c8206e,console.log-in-loop-content-process-typedarray,damp,True,damp console.log-in-loop-content-process-typedarray opt e10s fission stylo webrender-sw,4788178,6,ms,firefox,442124185.0,1820438317,2024-01-04 09:15:57,1355534,,,,,,,,,,,,,,,,,,,,,,,,,,,,,,,,,,,,,,,,,,,,,,,,,TN
520,906e2d5a9cd68ea63b45a4fa631ac9c9b8e36d2d,0.5684621528428733,mozilla-beta,4788727,12,83c4e198d104587f2d2886f22d06d6ee1fd3d589,linux1804-64-shippable-qr,True,False,,,102210fe594ee9b33d82058545b1ed14f4c8206e,console.log-in-loop-content-process-typedarray,damp,True,damp console.log-in-loop-content-process-typedarray opt e10s fission stylo webrender-sw,4788178,6,ms,firefox,442168010.0,1820574261,2024-01-04 14:58:07,1355672,,,,,,,,,,,,,,,,,,,,,,,,,,,,,,,,,,,,,,,,,,,,,,,,,TN
521,32b176eac997edeb8ab017935a010c47614cfc76,0.5632352966038705,mozilla-beta,4788727,12,83c4e198d104587f2d2886f22d06d6ee1fd3d589,linux1804-64-shippable-qr,True,False,,,102210fe594ee9b33d82058545b1ed14f4c8206e,console.log-in-loop-content-process-typedarray,damp,True,damp console.log-in-loop-content-process-typedarray opt e10s fission stylo webrender-sw,4788178,6,ms,firefox,442182000.0,1820647013,2024-01-04 16:53:04,1355759,,,,,,,,,,,,,,,,,,,,,,,,,,,,,,,,,,,,,,,,,,,,,,,,,TN
522,3f5e8c91e6991a90fd63431eef19bf49d39d4f47,0.593586733197558,mozilla-beta,4788727,12,83c4e198d104587f2d2886f22d06d6ee1fd3d589,linux1804-64-shippable-qr,True,False,,,102210fe594ee9b33d82058545b1ed14f4c8206e,console.log-in-loop-content-process-typedarray,damp,True,damp console.log-in-loop-content-process-typedarray opt e10s fission stylo webrender-sw,4788178,6,ms,firefox,442203350.0,1820746415,2024-01-04 20:03:49,1355880,,,,,,,,,,,,,,,,,,,,,,,,,,,,,,,,,,,,,,,,,,,,,,,,,TN
523,50a511fceab95e6b9ab40bea401c53de8de48345,0.5823917576466622,mozilla-beta,4788727,12,83c4e198d104587f2d2886f22d06d6ee1fd3d589,linux1804-64-shippable-qr,True,False,,,102210fe594ee9b33d82058545b1ed14f4c8206e,console.log-in-loop-content-process-typedarray,damp,True,damp console.log-in-loop-content-process-typedarray opt e10s fission stylo webrender-sw,4788178,6,ms,firefox,442240894.0,1820935685,2024-01-05 01:09:39,1356047,,,,,,,,,,,,,,,,,,,,,,,,,,,,,,,,,,,,,,,,,,,,,,,,,TN
524,4dd67d833673e72bfe942beefb346a5533803217,0.7464370368766189,mozilla-beta,4788727,12,83c4e198d104587f2d2886f22d06d6ee1fd3d589,linux1804-64-shippable-qr,True,False,,,102210fe594ee9b33d82058545b1ed14f4c8206e,console.log-in-loop-content-process-typedarray,damp,True,damp console.log-in-loop-content-process-typedarray opt e10s fission stylo webrender-sw,4788178,6,ms,firefox,442270849.0,1821112620,2024-01-05 09:16:09,1356158,,,,,,,,,,,,,,,,,,,,,,,,,,,,,,,,,,,,,,,,,,,,,,,,,TN
525,ac8ebcaf2a5b7ea753e5da4e1a2f97176783acde,0.5502868131637775,mozilla-beta,4788727,12,83c4e198d104587f2d2886f22d06d6ee1fd3d589,linux1804-64-shippable-qr,True,False,,,102210fe594ee9b33d82058545b1ed14f4c8206e,console.log-in-loop-content-process-typedarray,damp,True,damp console.log-in-loop-content-process-typedarray opt e10s fission stylo webrender-sw,4788178,6,ms,firefox,442343781.0,1821345170,2024-01-05 18:22:11,1356402,,,,,,,,,,,,,,,,,,,,,,,,,,,,,,,,,,,,,,,,,,,,,,,,,TN
526,58135a2e05a61896dedbfdb92828f8447dd08839,0.5424402091180252,mozilla-beta,4788727,12,83c4e198d104587f2d2886f22d06d6ee1fd3d589,linux1804-64-shippable-qr,True,False,,,102210fe594ee9b33d82058545b1ed14f4c8206e,console.log-in-loop-content-process-typedarray,damp,True,damp console.log-in-loop-content-process-typedarray opt e10s fission stylo webrender-sw,4788178,6,ms,firefox,442356565.0,1821412485,2024-01-05 20:49:22,1356458,,,,,,,,,,,,,,,,,,,,,,,,,,,,,,,,,,,,,,,,,,,,,,,,,TN
527,485470488b1abea00facf0175c325c8d063e4977,0.5421455426361201,mozilla-beta,4788727,12,83c4e198d104587f2d2886f22d06d6ee1fd3d589,linux1804-64-shippable-qr,True,False,,,102210fe594ee9b33d82058545b1ed14f4c8206e,console.log-in-loop-content-process-typedarray,damp,True,damp console.log-in-loop-content-process-typedarray opt e10s fission stylo webrender-sw,4788178,6,ms,firefox,442383238.0,1821517043,2024-01-06 01:09:09,1356562,,,,,,,,,,,,,,,,,,,,,,,,,,,,,,,,,,,,,,,,,,,,,,,,,TN
528,9c528f6a2d3f298f85c0fbfb5dbf90c07c731bde,0.504553080984389,mozilla-beta,4788727,12,83c4e198d104587f2d2886f22d06d6ee1fd3d589,linux1804-64-shippable-qr,True,False,,,102210fe594ee9b33d82058545b1ed14f4c8206e,console.log-in-loop-content-process-typedarray,damp,True,damp console.log-in-loop-content-process-typedarray opt e10s fission stylo webrender-sw,4788178,6,ms,firefox,442399338.0,1821630021,2024-01-06 09:15:28,1356605,,,,,,,,,,,,,,,,,,,,,,,,,,,,,,,,,,,,,,,,,,,,,,,,,TN
529,2e9b153efbb6f856c8ed87b95cf1ac9dd20a45b7,0.5351364541209511,mozilla-beta,4788727,12,83c4e198d104587f2d2886f22d06d6ee1fd3d589,linux1804-64-shippable-qr,True,False,,,102210fe594ee9b33d82058545b1ed14f4c8206e,console.log-in-loop-content-process-typedarray,damp,True,damp console.log-in-loop-content-process-typedarray opt e10s fission stylo webrender-sw,4788178,6,ms,firefox,442421632.0,1821717524,2024-01-06 15:19:54,1356645,,,,,,,,,,,,,,,,,,,,,,,,,,,,,,,,,,,,,,,,,,,,,,,,,TN
530,5e75cc52b6ad48285de6f9fed2b0fb5794abfbd2,0.5513692266336463,mozilla-beta,4788727,12,83c4e198d104587f2d2886f22d06d6ee1fd3d589,linux1804-64-shippable-qr,True,False,,,102210fe594ee9b33d82058545b1ed14f4c8206e,console.log-in-loop-content-process-typedarray,damp,True,damp console.log-in-loop-content-process-typedarray opt e10s fission stylo webrender-sw,4788178,6,ms,firefox,442457639.0,1821864331,2024-01-07 09:17:56,1356692,,,,,,,,,,,,,,,,,,,,,,,,,,,,,,,,,,,,,,,,,,,,,,,,,TN
531,885ea847d3331c863d19212766658950b11e5407,0.6869496850662538,mozilla-beta,4788727,12,83c4e198d104587f2d2886f22d06d6ee1fd3d589,linux1804-64-shippable-qr,True,False,,,102210fe594ee9b33d82058545b1ed14f4c8206e,console.log-in-loop-content-process-typedarray,damp,True,damp console.log-in-loop-content-process-typedarray opt e10s fission stylo webrender-sw,4788178,6,ms,firefox,442473620.0,1821945295,2024-01-07 18:28:43,1356730,,,,,,,,,,,,,,,,,,,,,,,,,,,,,,,,,,,,,,,,,,,,,,,,,TN
532,ed03304f78a28b0a0ecf2c2c791a58bb2c37e2e1,0.7143781898821819,mozilla-beta,4788727,12,83c4e198d104587f2d2886f22d06d6ee1fd3d589,linux1804-64-shippable-qr,True,False,,,102210fe594ee9b33d82058545b1ed14f4c8206e,console.log-in-loop-content-process-typedarray,damp,True,damp console.log-in-loop-content-process-typedarray opt e10s fission stylo webrender-sw,4788178,6,ms,firefox,442505017.0,1822135500,2024-01-08 09:17:55,1356809,,,,,,,,,,,,,,,,,,,,,,,,,,,,,,,,,,,,,,,,,,,,,,,,,TN
533,cb26dd9df7797b99f7ec437a612c4ff4cd0ce0cb,0.7051620734080237,mozilla-beta,4788727,12,83c4e198d104587f2d2886f22d06d6ee1fd3d589,linux1804-64-shippable-qr,True,False,,,102210fe594ee9b33d82058545b1ed14f4c8206e,console.log-in-loop-content-process-typedarray,damp,True,damp console.log-in-loop-content-process-typedarray opt e10s fission stylo webrender-sw,4788178,6,ms,firefox,442611368.0,1822531851,2024-01-08 22:54:52,1357275,,,,,,,,,,,,,,,,,,,,,,,,,,,,,,,,,,,,,,,,,,,,,,,,,TN
534,c0d623436ac17c8638fcbb38b63ceb7fd275a48e,0.559463014976989,mozilla-beta,4788727,12,83c4e198d104587f2d2886f22d06d6ee1fd3d589,linux1804-64-shippable-qr,True,False,,,102210fe594ee9b33d82058545b1ed14f4c8206e,console.log-in-loop-content-process-typedarray,damp,True,damp console.log-in-loop-content-process-typedarray opt e10s fission stylo webrender-sw,4788178,6,ms,firefox,442620444.0,1822558717,2024-01-08 23:52:49,1357287,,,,,,,,,,,,,,,,,,,,,,,,,,,,,,,,,,,,,,,,,,,,,,,,,TN
535,c9cd85e698c4e4cb8bbefc33ea5a425cbad37065,0.7072735251560904,mozilla-beta,4788727,12,83c4e198d104587f2d2886f22d06d6ee1fd3d589,linux1804-64-shippable-qr,True,False,,,102210fe594ee9b33d82058545b1ed14f4c8206e,console.log-in-loop-content-process-typedarray,damp,True,damp console.log-in-loop-content-process-typedarray opt e10s fission stylo webrender-sw,4788178,6,ms,firefox,442658418.0,1822828351,2024-01-09 09:17:15,1357420,,,,,,,,,,,,,,,,,,,,,,,,,,,,,,,,,,,,,,,,,,,,,,,,,TN
536,a767de77c36f2217078b0bfe677f2fd5156d2981,0.5245645755693733,mozilla-beta,4788727,12,83c4e198d104587f2d2886f22d06d6ee1fd3d589,linux1804-64-shippable-qr,True,False,,,102210fe594ee9b33d82058545b1ed14f4c8206e,console.log-in-loop-content-process-typedarray,damp,True,damp console.log-in-loop-content-process-typedarray opt e10s fission stylo webrender-sw,4788178,6,ms,firefox,442696508.0,1822984354,2024-01-09 13:49:14,1357515,,,,,,,,,,,,,,,,,,,,,,,,,,,,,,,,,,,,,,,,,,,,,,,,,TN
537,ae62b3513025e2c8ca8e1d2832fa67c1ff5f1d37,0.725766378797501,mozilla-beta,4788727,12,83c4e198d104587f2d2886f22d06d6ee1fd3d589,linux1804-64-shippable-qr,True,False,,,102210fe594ee9b33d82058545b1ed14f4c8206e,console.log-in-loop-content-process-typedarray,damp,True,damp console.log-in-loop-content-process-typedarray opt e10s fission stylo webrender-sw,4788178,6,ms,firefox,442716058.0,1823033151,2024-01-09 15:29:01,1357572,,,,,,,,,,,,,,,,,,,,,,,,,,,,,,,,,,,,,,,,,,,,,,,,,TN
538,1c73ddceaf7f1ded154a275d7652f31cf7dbdcee,0.5281427743716018,mozilla-beta,4788727,12,83c4e198d104587f2d2886f22d06d6ee1fd3d589,linux1804-64-shippable-qr,True,False,,,102210fe594ee9b33d82058545b1ed14f4c8206e,console.log-in-loop-content-process-typedarray,damp,True,damp console.log-in-loop-content-process-typedarray opt e10s fission stylo webrender-sw,4788178,6,ms,firefox,442729301.0,1823120693,2024-01-09 17:28:56,1357647,,,,,,,,,,,,,,,,,,,,,,,,,,,,,,,,,,,,,,,,,,,,,,,,,TN
539,3415efad3e4089c6866cd14dd6e6020c0e00d28d,0.533774187193647,mozilla-beta,4788727,12,83c4e198d104587f2d2886f22d06d6ee1fd3d589,linux1804-64-shippable-qr,True,False,,,102210fe594ee9b33d82058545b1ed14f4c8206e,console.log-in-loop-content-process-typedarray,damp,True,damp console.log-in-loop-content-process-typedarray opt e10s fission stylo webrender-sw,4788178,6,ms,firefox,442757045.0,1823261219,2024-01-09 21:35:52,1357808,,,,,,,,,,,,,,,,,,,,,,,,,,,,,,,,,,,,,,,,,,,,,,,,,TN
540,b8b36a4962ceb8a64e2b1379cfebb98d97f30db1,0.4959101802592123,mozilla-beta,4788727,12,83c4e198d104587f2d2886f22d06d6ee1fd3d589,linux1804-64-shippable-qr,True,False,,,102210fe594ee9b33d82058545b1ed14f4c8206e,console.log-in-loop-content-process-typedarray,damp,True,damp console.log-in-loop-content-process-typedarray opt e10s fission stylo webrender-sw,4788178,6,ms,firefox,442806565.0,1823552250,2024-01-10 09:14:43,1358061,,,,,,,,,,,,,,,,,,,,,,,,,,,,,,,,,,,,,,,,,,,,,,,,,TN
541,1c947b443a61a5c9c43752744026ea5a72952407,0.704498498208852,mozilla-beta,4788727,12,83c4e198d104587f2d2886f22d06d6ee1fd3d589,linux1804-64-shippable-qr,True,False,,,102210fe594ee9b33d82058545b1ed14f4c8206e,console.log-in-loop-content-process-typedarray,damp,True,damp console.log-in-loop-content-process-typedarray opt e10s fission stylo webrender-sw,4788178,6,ms,firefox,442871291.0,1823793251,2024-01-10 17:59:27,1358338,,,,,,,,,,,,,,,,,,,,,,,,,,,,,,,,,,,,,,,,,,,,,,,,,TN
542,058f5ecca74f78917ffc085b9d15fde3c2d1b19e,0.5340372149871575,mozilla-beta,4788727,12,83c4e198d104587f2d2886f22d06d6ee1fd3d589,linux1804-64-shippable-qr,True,False,,,102210fe594ee9b33d82058545b1ed14f4c8206e,console.log-in-loop-content-process-typedarray,damp,True,damp console.log-in-loop-content-process-typedarray opt e10s fission stylo webrender-sw,4788178,6,ms,firefox,442884827.0,1823857159,2024-01-10 20:48:24,1358423,,,,,,,,,,,,,,,,,,,,,,,,,,,,,,,,,,,,,,,,,,,,,,,,,TN
543,992288afe8d0ffa9e60b761be9093c8e6eb3fbb7,0.6991008896589763,mozilla-beta,4788727,12,83c4e198d104587f2d2886f22d06d6ee1fd3d589,linux1804-64-shippable-qr,True,False,,,102210fe594ee9b33d82058545b1ed14f4c8206e,console.log-in-loop-content-process-typedarray,damp,True,damp console.log-in-loop-content-process-typedarray opt e10s fission stylo webrender-sw,4788178,6,ms,firefox,442937487.0,1824098963,2024-01-11 09:17:43,1358656,,,,,,,,,,,,,,,,,,,,,,,,,,,,,,,,,,,,,,,,,,,,,,,,,TN
544,9a06019252c118922797ed16d4e13e1ad117443f,0.4828254652960329,mozilla-beta,4788727,12,83c4e198d104587f2d2886f22d06d6ee1fd3d589,linux1804-64-shippable-qr,True,False,,,102210fe594ee9b33d82058545b1ed14f4c8206e,console.log-in-loop-content-process-typedarray,damp,True,damp console.log-in-loop-content-process-typedarray opt e10s fission stylo webrender-sw,4788178,6,ms,firefox,442967003.0,1824183763,2024-01-11 13:18:39,1358732,,,,,,,,,,,,,,,,,,,,,,,,,,,,,,,,,,,,,,,,,,,,,,,,,TN
545,16c6d6fd0b7b91c42098ca497227afc85200e274,0.5333952796848402,mozilla-beta,4788727,12,83c4e198d104587f2d2886f22d06d6ee1fd3d589,linux1804-64-shippable-qr,True,False,,,102210fe594ee9b33d82058545b1ed14f4c8206e,console.log-in-loop-content-process-typedarray,damp,True,damp console.log-in-loop-content-process-typedarray opt e10s fission stylo webrender-sw,4788178,6,ms,firefox,442977083.0,1824230663,2024-01-11 14:26:20,1358780,,,,,,,,,,,,,,,,,,,,,,,,,,,,,,,,,,,,,,,,,,,,,,,,,TN
546,d260003b40f752bb45d999ed00928e630c7c66a7,0.7162333280012003,mozilla-beta,4788727,12,83c4e198d104587f2d2886f22d06d6ee1fd3d589,linux1804-64-shippable-qr,True,False,,,102210fe594ee9b33d82058545b1ed14f4c8206e,console.log-in-loop-content-process-typedarray,damp,True,damp console.log-in-loop-content-process-typedarray opt e10s fission stylo webrender-sw,4788178,6,ms,firefox,442991500.0,1824313068,2024-01-11 16:43:59,1358856,,,,,,,,,,,,,,,,,,,,,,,,,,,,,,,,,,,,,,,,,,,,,,,,,TN
547,9715d8623d12cc7ebaf509c0ad27fcf5199aff43,0.558362890281964,mozilla-beta,4788727,12,83c4e198d104587f2d2886f22d06d6ee1fd3d589,linux1804-64-shippable-qr,True,False,,,102210fe594ee9b33d82058545b1ed14f4c8206e,console.log-in-loop-content-process-typedarray,damp,True,damp console.log-in-loop-content-process-typedarray opt e10s fission stylo webrender-sw,4788178,6,ms,firefox,443012159.0,1824363411,2024-01-11 19:01:33,1358950,,,,,,,,,,,,,,,,,,,,,,,,,,,,,,,,,,,,,,,,,,,,,,,,,TN
548,f1680a61c0147d32a705da518f11c7c5ba058c0b,0.4950743231434047,mozilla-beta,4788727,12,83c4e198d104587f2d2886f22d06d6ee1fd3d589,linux1804-64-shippable-qr,True,False,,,102210fe594ee9b33d82058545b1ed14f4c8206e,console.log-in-loop-content-process-typedarray,damp,True,damp console.log-in-loop-content-process-typedarray opt e10s fission stylo webrender-sw,4788178,6,ms,firefox,443030884.0,1824450985,2024-01-11 21:09:26,1359049,,,,,,,,,,,,,,,,,,,,,,,,,,,,,,,,,,,,,,,,,,,,,,,,,TN
549,430bc538df76d847c89d2f0c061edc59172f2afa,0.7502685061974583,mozilla-beta,4788727,12,83c4e198d104587f2d2886f22d06d6ee1fd3d589,linux1804-64-shippable-qr,True,False,,,102210fe594ee9b33d82058545b1ed14f4c8206e,console.log-in-loop-content-process-typedarray,damp,True,damp console.log-in-loop-content-process-typedarray opt e10s fission stylo webrender-sw,4788178,6,ms,firefox,443096798.0,1824841732,2024-01-12 09:19:33,1359270,,,,,,,,,,,,,,,,,,,,,,,,,,,,,,,,,,,,,,,,,,,,,,,,,TN
550,d56ebec50f6228accfba323f545852eb51da095a,0.5813527205769824,mozilla-beta,4788727,12,83c4e198d104587f2d2886f22d06d6ee1fd3d589,linux1804-64-shippable-qr,True,False,,,102210fe594ee9b33d82058545b1ed14f4c8206e,console.log-in-loop-content-process-typedarray,damp,True,damp console.log-in-loop-content-process-typedarray opt e10s fission stylo webrender-sw,4788178,6,ms,firefox,444495838.0,1831534995,2024-01-12 13:27:37,1359354,,,,,,,,,,,,,,,,,,,,,,,,,,,,,,,,,,,,,,,,,,,,,,,,,TN
551,cf1a24ccde5da4f29d658d0b071580a109897391,0.5783801168634644,mozilla-beta,4788727,12,83c4e198d104587f2d2886f22d06d6ee1fd3d589,linux1804-64-shippable-qr,True,False,,,102210fe594ee9b33d82058545b1ed14f4c8206e,console.log-in-loop-content-process-typedarray,damp,True,damp console.log-in-loop-content-process-typedarray opt e10s fission stylo webrender-sw,4788178,6,ms,firefox,444495347.0,1831532882,2024-01-12 13:35:00,1359359,,,,,,,,,,,,,,,,,,,,,,,,,,,,,,,,,,,,,,,,,,,,,,,,,TN
552,fb94c25db6e8899fa524e0c7c9f347ac2d3950ca,0.4694305462762043,mozilla-beta,4788727,12,83c4e198d104587f2d2886f22d06d6ee1fd3d589,linux1804-64-shippable-qr,True,False,,,102210fe594ee9b33d82058545b1ed14f4c8206e,console.log-in-loop-content-process-typedarray,damp,True,damp console.log-in-loop-content-process-typedarray opt e10s fission stylo webrender-sw,4788178,6,ms,firefox,444495349.0,1831532819,2024-01-12 16:07:08,1359480,,,,,,,,,,,,,,,,,,,,,,,,,,,,,,,,,,,,,,,,,,,,,,,,,TN
553,9f0414b9764fcc6de9cfbaa2ca0478dee81004e6,0.7195768369699991,mozilla-beta,4788727,12,83c4e198d104587f2d2886f22d06d6ee1fd3d589,linux1804-64-shippable-qr,True,False,,,102210fe594ee9b33d82058545b1ed14f4c8206e,console.log-in-loop-content-process-typedarray,damp,True,damp console.log-in-loop-content-process-typedarray opt e10s fission stylo webrender-sw,4788178,6,ms,firefox,444506391.0,1831600110,2024-01-12 16:45:22,1359518,,,,,,,,,,,,,,,,,,,,,,,,,,,,,,,,,,,,,,,,,,,,,,,,,TN
554,959d0f8f4396d1d80484b553645b1803f3dd9be7,0.6908246273940559,mozilla-beta,4788727,12,83c4e198d104587f2d2886f22d06d6ee1fd3d589,linux1804-64-shippable-qr,True,False,,,102210fe594ee9b33d82058545b1ed14f4c8206e,console.log-in-loop-content-process-typedarray,damp,True,damp console.log-in-loop-content-process-typedarray opt e10s fission stylo webrender-sw,4788178,6,ms,firefox,443208891.0,1825441300,2024-01-13 09:16:07,1359847,,,,,,,,,,,,,,,,,,,,,,,,,,,,,,,,,,,,,,,,,,,,,,,,,TN
555,44093ca559de6f3beaeb00abec708d5c4ab40e4d,0.4829285446259637,mozilla-beta,4788727,12,83c4e198d104587f2d2886f22d06d6ee1fd3d589,linux1804-64-shippable-qr,True,False,,,102210fe594ee9b33d82058545b1ed14f4c8206e,console.log-in-loop-content-process-typedarray,damp,True,damp console.log-in-loop-content-process-typedarray opt e10s fission stylo webrender-sw,4788178,6,ms,firefox,443230577.0,1825534242,2024-01-13 16:02:48,1359890,,,,,,,,,,,,,,,,,,,,,,,,,,,,,,,,,,,,,,,,,,,,,,,,,TN
556,e218ab8c6c4ad6f20e76fe6d04737516fa8cc066,0.5658964725760351,mozilla-beta,4788727,12,83c4e198d104587f2d2886f22d06d6ee1fd3d589,linux1804-64-shippable-qr,True,False,,,102210fe594ee9b33d82058545b1ed14f4c8206e,console.log-in-loop-content-process-typedarray,damp,True,damp console.log-in-loop-content-process-typedarray opt e10s fission stylo webrender-sw,4788178,6,ms,firefox,443243039.0,1825590326,2024-01-13 22:16:30,1359907,,,,,,,,,,,,,,,,,,,,,,,,,,,,,,,,,,,,,,,,,,,,,,,,,TN
557,ab41b123c54d2dd534bf90a30be6cd952ce32701,0.5238934650490137,mozilla-beta,4788727,12,83c4e198d104587f2d2886f22d06d6ee1fd3d589,linux1804-64-shippable-qr,True,False,,,102210fe594ee9b33d82058545b1ed14f4c8206e,console.log-in-loop-content-process-typedarray,damp,True,damp console.log-in-loop-content-process-typedarray opt e10s fission stylo webrender-sw,4788178,6,ms,firefox,443265783.0,1825677505,2024-01-14 09:15:54,1359931,,,,,,,,,,,,,,,,,,,,,,,,,,,,,,,,,,,,,,,,,,,,,,,,,TN
558,a6cacb7e4e89168e25318dc76342bdc0f68a1f6a,0.5858419203927019,mozilla-beta,4788727,12,83c4e198d104587f2d2886f22d06d6ee1fd3d589,linux1804-64-shippable-qr,True,False,,,102210fe594ee9b33d82058545b1ed14f4c8206e,console.log-in-loop-content-process-typedarray,damp,True,damp console.log-in-loop-content-process-typedarray opt e10s fission stylo webrender-sw,4788178,6,ms,firefox,443278891.0,1825778993,2024-01-14 15:27:17,1359950,,,,,,,,,,,,,,,,,,,,,,,,,,,,,,,,,,,,,,,,,,,,,,,,,TN
559,eca25a6c75b2b48b5d51e33799cfa5619ec4b41b,0.5345226474643114,mozilla-beta,4788727,12,83c4e198d104587f2d2886f22d06d6ee1fd3d589,linux1804-64-shippable-qr,True,False,,,102210fe594ee9b33d82058545b1ed14f4c8206e,console.log-in-loop-content-process-typedarray,damp,True,damp console.log-in-loop-content-process-typedarray opt e10s fission stylo webrender-sw,4788178,6,ms,firefox,443316407.0,1825943799,2024-01-15 09:20:30,1360049,,,,,,,,,,,,,,,,,,,,,,,,,,,,,,,,,,,,,,,,,,,,,,,,,TN
560,c846bf199dfcaa66ba615dda08ed63002a9a4f5b,0.5467849497415513,mozilla-beta,4788727,12,83c4e198d104587f2d2886f22d06d6ee1fd3d589,linux1804-64-shippable-qr,True,False,,,102210fe594ee9b33d82058545b1ed14f4c8206e,console.log-in-loop-content-process-typedarray,damp,True,damp console.log-in-loop-content-process-typedarray opt e10s fission stylo webrender-sw,4788178,6,ms,firefox,443346054.0,1826060809,2024-01-15 13:24:03,1360131,,,,,,,,,,,,,,,,,,,,,,,,,,,,,,,,,,,,,,,,,,,,,,,,,TN
561,c6160723962a82923b2eb3ed4ab471dedcd541b2,0.6583211159424343,mozilla-beta,4788727,12,83c4e198d104587f2d2886f22d06d6ee1fd3d589,linux1804-64-shippable-qr,True,False,,,102210fe594ee9b33d82058545b1ed14f4c8206e,console.log-in-loop-content-process-typedarray,damp,True,damp console.log-in-loop-content-process-typedarray opt e10s fission stylo webrender-sw,4788178,6,ms,firefox,444127492.0,1829797445,2024-01-22 11:29:22,1363744,,,,,,,,,,,,,,,,,,,,,,,,,,,,,,,,,,,,,,,,,,,,,,,,,TN
562,1849dfd4ad15cc21f294ed2bb5e95364a5ba7140,0.5056443178646561,mozilla-beta,4788727,12,83c4e198d104587f2d2886f22d06d6ee1fd3d589,linux1804-64-shippable-qr,True,False,,,102210fe594ee9b33d82058545b1ed14f4c8206e,console.log-in-loop-content-process-typedarray,damp,True,damp console.log-in-loop-content-process-typedarray opt e10s fission stylo webrender-sw,4788178,6,ms,firefox,444166075.0,1829974868,2024-01-22 15:46:15,1363910,,,,,,,,,,,,,,,,,,,,,,,,,,,,,,,,,,,,,,,,,,,,,,,,,TN
563,a1ee3c36f7e989b25781c96cb9a1c05d8019b6cf,0.4219965364894809,mozilla-beta,4788727,12,83c4e198d104587f2d2886f22d06d6ee1fd3d589,linux1804-64-shippable-qr,True,False,,,102210fe594ee9b33d82058545b1ed14f4c8206e,console.log-in-loop-content-process-typedarray,damp,True,damp console.log-in-loop-content-process-typedarray opt e10s fission stylo webrender-sw,4788178,6,ms,firefox,444193202.0,1830060148,2024-01-22 17:47:55,1364018,,,,,,,,,,,,,,,,,,,,,,,,,,,,,,,,,,,,,,,,,,,,,,,,,TN
564,907ecf82b6894587f638cc66a3b504fb613f799c,0.47496256692320005,mozilla-beta,4788727,12,83c4e198d104587f2d2886f22d06d6ee1fd3d589,linux1804-64-shippable-qr,True,False,,,102210fe594ee9b33d82058545b1ed14f4c8206e,console.log-in-loop-content-process-typedarray,damp,True,damp console.log-in-loop-content-process-typedarray opt e10s fission stylo webrender-sw,4788178,6,ms,firefox,444273549.0,1830461783,2024-01-23 09:18:19,1364457,,,,,,,,,,,,,,,,,,,,,,,,,,,,,,,,,,,,,,,,,,,,,,,,,TN
565,910cf83cb449ad5a555da886fec6b064e22043bd,0.6405024159319375,mozilla-beta,4788727,12,83c4e198d104587f2d2886f22d06d6ee1fd3d589,linux1804-64-shippable-qr,True,False,,,102210fe594ee9b33d82058545b1ed14f4c8206e,console.log-in-loop-content-process-typedarray,damp,True,damp console.log-in-loop-content-process-typedarray opt e10s fission stylo webrender-sw,4788178,6,ms,firefox,444326739.0,1830714419,2024-01-23 16:21:35,1364713,,,,,,,,,,,,,,,,,,,,,,,,,,,,,,,,,,,,,,,,,,,,,,,,,TN
566,547151893bb442136e4a9b2f8c4b541895aa3e1e,0.5826946356965839,mozilla-beta,4788727,12,83c4e198d104587f2d2886f22d06d6ee1fd3d589,linux1804-64-shippable-qr,True,False,,,102210fe594ee9b33d82058545b1ed14f4c8206e,console.log-in-loop-content-process-typedarray,damp,True,damp console.log-in-loop-content-process-typedarray opt e10s fission stylo webrender-sw,4788178,6,ms,firefox,444329924.0,1830742067,2024-01-23 16:37:03,1364733,,,,,,,,,,,,,,,,,,,,,,,,,,,,,,,,,,,,,,,,,,,,,,,,,TN
567,ade0334006fbd178e5fdd21f3be572da0801a978,0.466364008665332,mozilla-beta,4788727,12,83c4e198d104587f2d2886f22d06d6ee1fd3d589,linux1804-64-shippable-qr,True,False,,,102210fe594ee9b33d82058545b1ed14f4c8206e,console.log-in-loop-content-process-typedarray,damp,True,damp console.log-in-loop-content-process-typedarray opt e10s fission stylo webrender-sw,4788178,6,ms,firefox,444336047.0,1830775185,2024-01-23 17:01:05,1364758,,,,,,,,,,,,,,,,,,,,,,,,,,,,,,,,,,,,,,,,,,,,,,,,,TN
568,e3af39ea2780b6c6e53d63e7d0bc9bca40e59bdd,0.6356444362078748,mozilla-beta,4788727,12,83c4e198d104587f2d2886f22d06d6ee1fd3d589,linux1804-64-shippable-qr,True,False,,,102210fe594ee9b33d82058545b1ed14f4c8206e,console.log-in-loop-content-process-typedarray,damp,True,damp console.log-in-loop-content-process-typedarray opt e10s fission stylo webrender-sw,4788178,6,ms,firefox,444410311.0,1831183120,2024-01-24 07:46:30,1365279,,,,,,,,,,,,,,,,,,,,,,,,,,,,,,,,,,,,,,,,,,,,,,,,,TN
569,a341c4cfe66c45bb2908deb2809c6927497b0690,0.6378548292995379,mozilla-beta,4788727,12,83c4e198d104587f2d2886f22d06d6ee1fd3d589,linux1804-64-shippable-qr,True,False,,,102210fe594ee9b33d82058545b1ed14f4c8206e,console.log-in-loop-content-process-typedarray,damp,True,damp console.log-in-loop-content-process-typedarray opt e10s fission stylo webrender-sw,4788178,6,ms,firefox,444425139.0,1831249794,2024-01-24 09:17:45,1365303,,,,,,,,,,,,,,,,,,,,,,,,,,,,,,,,,,,,,,,,,,,,,,,,,TN
570,826c3bfca9fb43d3d63c58f52dc0a11475591511,0.45544746967367855,mozilla-beta,4788727,12,83c4e198d104587f2d2886f22d06d6ee1fd3d589,linux1804-64-shippable-qr,True,False,,,102210fe594ee9b33d82058545b1ed14f4c8206e,console.log-in-loop-content-process-typedarray,damp,True,damp console.log-in-loop-content-process-typedarray opt e10s fission stylo webrender-sw,4788178,6,ms,firefox,444436162.0,1831283839,2024-01-24 10:10:04,1365331,,,,,,,,,,,,,,,,,,,,,,,,,,,,,,,,,,,,,,,,,,,,,,,,,TN
571,190710fe87f9f6d48f6d39ac3aed4ed8b89ce3e6,0.47357292810261375,mozilla-beta,4788727,12,83c4e198d104587f2d2886f22d06d6ee1fd3d589,linux1804-64-shippable-qr,True,False,,,102210fe594ee9b33d82058545b1ed14f4c8206e,console.log-in-loop-content-process-typedarray,damp,True,damp console.log-in-loop-content-process-typedarray opt e10s fission stylo webrender-sw,4788178,6,ms,firefox,444445990.0,1831322340,2024-01-24 10:20:23,1365334,,,,,,,,,,,,,,,,,,,,,,,,,,,,,,,,,,,,,,,,,,,,,,,,,TN
572,aca480ec983e358d61afa4f987f90abc8d01636a,0.4773053433719352,mozilla-beta,4788727,12,83c4e198d104587f2d2886f22d06d6ee1fd3d589,linux1804-64-shippable-qr,True,False,,,102210fe594ee9b33d82058545b1ed14f4c8206e,console.log-in-loop-content-process-typedarray,damp,True,damp console.log-in-loop-content-process-typedarray opt e10s fission stylo webrender-sw,4788178,6,ms,firefox,444564717.0,1831892208,2024-01-25 08:17:18,1366099,,,,,,,,,,,,,,,,,,,,,,,,,,,,,,,,,,,,,,,,,,,,,,,,,TN
573,01412b6a709468aeafa6f8f6dc28b7d0586a3ee9,0.6678767566013559,mozilla-beta,4788727,12,83c4e198d104587f2d2886f22d06d6ee1fd3d589,linux1804-64-shippable-qr,True,False,,,102210fe594ee9b33d82058545b1ed14f4c8206e,console.log-in-loop-content-process-typedarray,damp,True,damp console.log-in-loop-content-process-typedarray opt e10s fission stylo webrender-sw,4788178,6,ms,firefox,444570960.0,1831931401,2024-01-25 09:16:24,1366119,,,,,,,,,,,,,,,,,,,,,,,,,,,,,,,,,,,,,,,,,,,,,,,,,TN
574,c0a71cb5e7b2999e78e5db5ed9e7df1b04f536a9,0.6779300343814758,mozilla-beta,4788727,12,83c4e198d104587f2d2886f22d06d6ee1fd3d589,linux1804-64-shippable-qr,True,False,,,102210fe594ee9b33d82058545b1ed14f4c8206e,console.log-in-loop-content-process-typedarray,damp,True,damp console.log-in-loop-content-process-typedarray opt e10s fission stylo webrender-sw,4788178,6,ms,firefox,444594989.0,1832015999,2024-01-25 11:40:50,1366197,,,,,,,,,,,,,,,,,,,,,,,,,,,,,,,,,,,,,,,,,,,,,,,,,TN
575,390710073437ce59c6f7f62270eb9330d73e6fca,0.6783525920096438,mozilla-beta,4788727,12,83c4e198d104587f2d2886f22d06d6ee1fd3d589,linux1804-64-shippable-qr,True,False,,,102210fe594ee9b33d82058545b1ed14f4c8206e,console.log-in-loop-content-process-typedarray,damp,True,damp console.log-in-loop-content-process-typedarray opt e10s fission stylo webrender-sw,4788178,6,ms,firefox,444645235.0,1832299526,2024-01-25 19:55:43,1366536,,,,,,,,,,,,,,,,,,,,,,,,,,,,,,,,,,,,,,,,,,,,,,,,,TN
576,c05637a5653cb097918ec5b22dd71b5279169ddb,0.5028167529833576,mozilla-beta,4788727,12,83c4e198d104587f2d2886f22d06d6ee1fd3d589,linux1804-64-shippable-qr,True,False,,,102210fe594ee9b33d82058545b1ed14f4c8206e,console.log-in-loop-content-process-typedarray,damp,True,damp console.log-in-loop-content-process-typedarray opt e10s fission stylo webrender-sw,4788178,6,ms,firefox,444713129.0,1832599368,2024-01-26 08:22:35,1366833,,,,,,,,,,,,,,,,,,,,,,,,,,,,,,,,,,,,,,,,,,,,,,,,,TN
577,e552c30b3f85cc56279a47561e2d60959e2257d2,0.47486412471412187,mozilla-beta,4788727,12,83c4e198d104587f2d2886f22d06d6ee1fd3d589,linux1804-64-shippable-qr,True,False,,,102210fe594ee9b33d82058545b1ed14f4c8206e,console.log-in-loop-content-process-typedarray,damp,True,damp console.log-in-loop-content-process-typedarray opt e10s fission stylo webrender-sw,4788178,6,ms,firefox,444716636.0,1832631436,2024-01-26 08:30:00,1366836,,,,,,,,,,,,,,,,,,,,,,,,,,,,,,,,,,,,,,,,,,,,,,,,,TN
578,e22e283373bd323eeb3f3cc73810cf33dff95e72,0.6668994028981956,mozilla-beta,4788727,12,83c4e198d104587f2d2886f22d06d6ee1fd3d589,linux1804-64-shippable-qr,True,False,,,102210fe594ee9b33d82058545b1ed14f4c8206e,console.log-in-loop-content-process-typedarray,damp,True,damp console.log-in-loop-content-process-typedarray opt e10s fission stylo webrender-sw,4788178,6,ms,firefox,444717164.0,1832652747,2024-01-26 09:16:53,1366862,,,,,,,,,,,,,,,,,,,,,,,,,,,,,,,,,,,,,,,,,,,,,,,,,TN
579,aad4bcfe43cfbfc141d35fa756e9b9cc2683da95,0.6575788707016561,mozilla-beta,4788727,12,83c4e198d104587f2d2886f22d06d6ee1fd3d589,linux1804-64-shippable-qr,True,False,,,102210fe594ee9b33d82058545b1ed14f4c8206e,console.log-in-loop-content-process-typedarray,damp,True,damp console.log-in-loop-content-process-typedarray opt e10s fission stylo webrender-sw,4788178,6,ms,firefox,444862023.0,1833488385,2024-01-27 09:16:18,1367460,,,,,,,,,,,,,,,,,,,,,,,,,,,,,,,,,,,,,,,,,,,,,,,,,TN
580,377509ad7f1c94e37f8ee0560d01586a06a25c5a,0.6686135113622589,mozilla-beta,4788727,12,83c4e198d104587f2d2886f22d06d6ee1fd3d589,linux1804-64-shippable-qr,True,False,,,102210fe594ee9b33d82058545b1ed14f4c8206e,console.log-in-loop-content-process-typedarray,damp,True,damp console.log-in-loop-content-process-typedarray opt e10s fission stylo webrender-sw,4788178,6,ms,firefox,444917295.0,1833806948,2024-01-28 09:14:37,1367551,,,,,,,,,,,,,,,,,,,,,,,,,,,,,,,,,,,,,,,,,,,,,,,,,TN
581,8ac8d5e3f345fb5c9ffad36d03b770d93f82e5f9,0.4842883319817668,mozilla-beta,4788727,12,83c4e198d104587f2d2886f22d06d6ee1fd3d589,linux1804-64-shippable-qr,True,False,,,102210fe594ee9b33d82058545b1ed14f4c8206e,console.log-in-loop-content-process-typedarray,damp,True,damp console.log-in-loop-content-process-typedarray opt e10s fission stylo webrender-sw,4788178,6,ms,firefox,444929964.0,1833849168,2024-01-28 10:21:01,1367559,,,,,,,,,,,,,,,,,,,,,,,,,,,,,,,,,,,,,,,,,,,,,,,,,TN
582,700859e125b5bd40b76e7ae9e6a3746e1d17fcd6,0.4986200943025465,mozilla-beta,4788727,12,83c4e198d104587f2d2886f22d06d6ee1fd3d589,linux1804-64-shippable-qr,True,False,,,102210fe594ee9b33d82058545b1ed14f4c8206e,console.log-in-loop-content-process-typedarray,damp,True,damp console.log-in-loop-content-process-typedarray opt e10s fission stylo webrender-sw,4788178,6,ms,firefox,444931595.0,1833867932,2024-01-28 10:22:49,1367561,,,,,,,,,,,,,,,,,,,,,,,,,,,,,,,,,,,,,,,,,,,,,,,,,TN
583,62a7361b983c43fe12d448bb9b391d85725a0b5a,0.4956461541966073,mozilla-beta,4788727,12,83c4e198d104587f2d2886f22d06d6ee1fd3d589,linux1804-64-shippable-qr,True,False,,,102210fe594ee9b33d82058545b1ed14f4c8206e,console.log-in-loop-content-process-typedarray,damp,True,damp console.log-in-loop-content-process-typedarray opt e10s fission stylo webrender-sw,4788178,6,ms,firefox,444934733.0,1833878048,2024-01-28 10:36:00,1367563,,,,,,,,,,,,,,,,,,,,,,,,,,,,,,,,,,,,,,,,,,,,,,,,,TN
584,0caf7b959d3adda31471443eb0918c601108fc83,0.44862029154132665,mozilla-beta,4788727,12,83c4e198d104587f2d2886f22d06d6ee1fd3d589,linux1804-64-shippable-qr,True,False,,,102210fe594ee9b33d82058545b1ed14f4c8206e,console.log-in-loop-content-process-typedarray,damp,True,damp console.log-in-loop-content-process-typedarray opt e10s fission stylo webrender-sw,4788178,6,ms,firefox,444939006.0,1833894739,2024-01-28 11:02:29,1367564,,,,,,,,,,,,,,,,,,,,,,,,,,,,,,,,,,,,,,,,,,,,,,,,,TN
585,c4f60b3ed4c5502cebfae95869686d6cc67cef42,0.6499665378604407,mozilla-beta,4788727,12,83c4e198d104587f2d2886f22d06d6ee1fd3d589,linux1804-64-shippable-qr,True,False,,,102210fe594ee9b33d82058545b1ed14f4c8206e,console.log-in-loop-content-process-typedarray,damp,True,damp console.log-in-loop-content-process-typedarray opt e10s fission stylo webrender-sw,4788178,6,ms,firefox,444945045.0,1833963129,2024-01-28 13:59:26,1367583,,,,,,,,,,,,,,,,,,,,,,,,,,,,,,,,,,,,,,,,,,,,,,,,,TN
586,28597dc87a4c08a1de0828ffc3295ee3e28ca823,0.5125599072124833,mozilla-beta,4788727,12,83c4e198d104587f2d2886f22d06d6ee1fd3d589,linux1804-64-shippable-qr,True,False,,,102210fe594ee9b33d82058545b1ed14f4c8206e,console.log-in-loop-content-process-typedarray,damp,True,damp console.log-in-loop-content-process-typedarray opt e10s fission stylo webrender-sw,4788178,6,ms,firefox,444951711.0,1834032079,2024-01-28 17:17:02,1367591,,,,,,,,,,,,,,,,,,,,,,,,,,,,,,,,,,,,,,,,,,,,,,,,,TN
587,31e067248e3c5326ee178777c2939075b50f9cda,0.492973804051438,mozilla-beta,4788727,12,83c4e198d104587f2d2886f22d06d6ee1fd3d589,linux1804-64-shippable-qr,True,False,,,102210fe594ee9b33d82058545b1ed14f4c8206e,console.log-in-loop-content-process-typedarray,damp,True,damp console.log-in-loop-content-process-typedarray opt e10s fission stylo webrender-sw,4788178,6,ms,firefox,444976879.0,1834141042,2024-01-29 06:52:42,1367650,,,,,,,,,,,,,,,,,,,,,,,,,,,,,,,,,,,,,,,,,,,,,,,,,TN
588,bb21c53d7097fdb571daf0972443e7b7b528fd6d,0.4852132121552848,mozilla-beta,4788727,12,83c4e198d104587f2d2886f22d06d6ee1fd3d589,linux1804-64-shippable-qr,True,False,,,102210fe594ee9b33d82058545b1ed14f4c8206e,console.log-in-loop-content-process-typedarray,damp,True,damp console.log-in-loop-content-process-typedarray opt e10s fission stylo webrender-sw,4788178,6,ms,firefox,444991012.0,1834201711,2024-01-29 09:17:30,1367700,,,,,,,,,,,,,,,,,,,,,,,,,,,,,,,,,,,,,,,,,,,,,,,,,TN
589,7c6883e22d12922c8434135aba2908d12c258ba5,0.50424859282302,mozilla-beta,4788727,12,83c4e198d104587f2d2886f22d06d6ee1fd3d589,linux1804-64-shippable-qr,True,False,,,102210fe594ee9b33d82058545b1ed14f4c8206e,console.log-in-loop-content-process-typedarray,damp,True,damp console.log-in-loop-content-process-typedarray opt e10s fission stylo webrender-sw,4788178,6,ms,firefox,445144537.0,1835061590,2024-01-30 09:17:42,1368488,,,,,,,,,,,,,,,,,,,,,,,,,,,,,,,,,,,,,,,,,,,,,,,,,TN
590,610e2e71c0a96cbd0118a581ad50c27c3eae5214,0.4851844877684326,mozilla-beta,4788727,12,83c4e198d104587f2d2886f22d06d6ee1fd3d589,linux1804-64-shippable-qr,True,False,,,102210fe594ee9b33d82058545b1ed14f4c8206e,console.log-in-loop-content-process-typedarray,damp,True,damp console.log-in-loop-content-process-typedarray opt e10s fission stylo webrender-sw,4788178,6,ms,firefox,445180841.0,1835226274,2024-01-30 12:12:36,1368564,,,,,,,,,,,,,,,,,,,,,,,,,,,,,,,,,,,,,,,,,,,,,,,,,TN
591,8d79725961720ff9be553f8fde3ba11c379df5be,0.4422224657067906,mozilla-beta,4788727,12,83c4e198d104587f2d2886f22d06d6ee1fd3d589,linux1804-64-shippable-qr,True,False,,,102210fe594ee9b33d82058545b1ed14f4c8206e,console.log-in-loop-content-process-typedarray,damp,True,damp console.log-in-loop-content-process-typedarray opt e10s fission stylo webrender-sw,4788178,6,ms,firefox,445174844.0,1835174253,2024-01-30 12:18:29,1368566,,,,,,,,,,,,,,,,,,,,,,,,,,,,,,,,,,,,,,,,,,,,,,,,,TN
592,1bcabb7122306682ad71cb1934050ada5ccc09ce,0.47931682330501424,mozilla-beta,4788727,12,83c4e198d104587f2d2886f22d06d6ee1fd3d589,linux1804-64-shippable-qr,True,False,,,102210fe594ee9b33d82058545b1ed14f4c8206e,console.log-in-loop-content-process-typedarray,damp,True,damp console.log-in-loop-content-process-typedarray opt e10s fission stylo webrender-sw,4788178,6,ms,firefox,445178867.0,1835203543,2024-01-30 12:47:52,1368585,,,,,,,,,,,,,,,,,,,,,,,,,,,,,,,,,,,,,,,,,,,,,,,,,TN
593,bac162dca4dbd72e204fbbd2a4bf2f05930997c4,0.4888911734580108,mozilla-beta,4788727,12,83c4e198d104587f2d2886f22d06d6ee1fd3d589,linux1804-64-shippable-qr,True,False,,,102210fe594ee9b33d82058545b1ed14f4c8206e,console.log-in-loop-content-process-typedarray,damp,True,damp console.log-in-loop-content-process-typedarray opt e10s fission stylo webrender-sw,4788178,6,ms,firefox,445199467.0,1835271467,2024-01-30 14:42:31,1368662,,,,,,,,,,,,,,,,,,,,,,,,,,,,,,,,,,,,,,,,,,,,,,,,,TN
594,e8bfa642a6583259b6afb963c4ab24cec7fe364b,0.6188884419040761,mozilla-beta,4788727,12,83c4e198d104587f2d2886f22d06d6ee1fd3d589,linux1804-64-shippable-qr,True,False,,,102210fe594ee9b33d82058545b1ed14f4c8206e,console.log-in-loop-content-process-typedarray,damp,True,damp console.log-in-loop-content-process-typedarray opt e10s fission stylo webrender-sw,4788178,6,ms,firefox,445200319.0,1835299557,2024-01-30 14:46:49,1368663,,,,,,,,,,,,,,,,,,,,,,,,,,,,,,,,,,,,,,,,,,,,,,,,,TN
595,badb0c014722faab9e694a5d451a4dc5c524f08b,0.461671274671295,mozilla-beta,4788727,12,83c4e198d104587f2d2886f22d06d6ee1fd3d589,linux1804-64-shippable-qr,True,False,,,102210fe594ee9b33d82058545b1ed14f4c8206e,console.log-in-loop-content-process-typedarray,damp,True,damp console.log-in-loop-content-process-typedarray opt e10s fission stylo webrender-sw,4788178,6,ms,firefox,445210788.0,1835320054,2024-01-30 14:50:42,1368665,,,,,,,,,,,,,,,,,,,,,,,,,,,,,,,,,,,,,,,,,,,,,,,,,TN
596,bb9a936c0644ab6ea6d8e6b8f62fa7787b809a5e,0.4675662788256698,mozilla-beta,4788727,12,83c4e198d104587f2d2886f22d06d6ee1fd3d589,linux1804-64-shippable-qr,True,False,,,102210fe594ee9b33d82058545b1ed14f4c8206e,console.log-in-loop-content-process-typedarray,damp,True,damp console.log-in-loop-content-process-typedarray opt e10s fission stylo webrender-sw,4788178,6,ms,firefox,445211663.0,1835354612,2024-01-30 15:32:30,1368693,,,,,,,,,,,,,,,,,,,,,,,,,,,,,,,,,,,,,,,,,,,,,,,,,TN
597,0d874603541fa5871c1e3677d49b108d5fcb1bed,0.49966726243470605,mozilla-beta,4788727,12,83c4e198d104587f2d2886f22d06d6ee1fd3d589,linux1804-64-shippable-qr,True,False,,,102210fe594ee9b33d82058545b1ed14f4c8206e,console.log-in-loop-content-process-typedarray,damp,True,damp console.log-in-loop-content-process-typedarray opt e10s fission stylo webrender-sw,4788178,6,ms,firefox,445217069.0,1835363453,2024-01-30 17:06:51,1368762,,,,,,,,,,,,,,,,,,,,,,,,,,,,,,,,,,,,,,,,,,,,,,,,,TN
598,814c511db3bf80ee923c7e26d7248df7690afbc7,0.4743070905842699,mozilla-beta,4788727,12,83c4e198d104587f2d2886f22d06d6ee1fd3d589,linux1804-64-shippable-qr,True,False,,,102210fe594ee9b33d82058545b1ed14f4c8206e,console.log-in-loop-content-process-typedarray,damp,True,damp console.log-in-loop-content-process-typedarray opt e10s fission stylo webrender-sw,4788178,6,ms,firefox,445230519.0,1835432200,2024-01-30 17:22:21,1368764,,,,,,,,,,,,,,,,,,,,,,,,,,,,,,,,,,,,,,,,,,,,,,,,,TN
599,59d56668c362e68738a8561c397961027b0a62d3,0.4492449181463787,mozilla-beta,4788727,12,83c4e198d104587f2d2886f22d06d6ee1fd3d589,linux1804-64-shippable-qr,True,False,,,102210fe594ee9b33d82058545b1ed14f4c8206e,console.log-in-loop-content-process-typedarray,damp,True,damp console.log-in-loop-content-process-typedarray opt e10s fission stylo webrender-sw,4788178,6,ms,firefox,445315309.0,1835900630,2024-01-31 09:16:40,1369245,,,,,,,,,,,,,,,,,,,,,,,,,,,,,,,,,,,,,,,,,,,,,,,,,TN
600,e98c8386087ddb2af9037734fa58033a1020756c,0.6631182656588823,mozilla-beta,4788727,12,83c4e198d104587f2d2886f22d06d6ee1fd3d589,linux1804-64-shippable-qr,True,False,,,102210fe594ee9b33d82058545b1ed14f4c8206e,console.log-in-loop-content-process-typedarray,damp,True,damp console.log-in-loop-content-process-typedarray opt e10s fission stylo webrender-sw,4788178,6,ms,firefox,445411474.0,1836284616,2024-01-31 19:51:02,1369600,,,,,,,,,,,,,,,,,,,,,,,,,,,,,,,,,,,,,,,,,,,,,,,,,TN
601,f1a16b3d1da6ccd5b17c214f7ff9ada27bf91c17,0.5147817320949986,mozilla-beta,4788727,12,83c4e198d104587f2d2886f22d06d6ee1fd3d589,linux1804-64-shippable-qr,True,False,,,102210fe594ee9b33d82058545b1ed14f4c8206e,console.log-in-loop-content-process-typedarray,damp,True,damp console.log-in-loop-content-process-typedarray opt e10s fission stylo webrender-sw,4788178,6,ms,firefox,445409349.0,1836281760,2024-01-31 19:52:12,1369605,,,,,,,,,,,,,,,,,,,,,,,,,,,,,,,,,,,,,,,,,,,,,,,,,TN
602,ad203e66852383f625e1c40a24f1486ce811f053,0.6663091199686484,mozilla-beta,4788727,12,83c4e198d104587f2d2886f22d06d6ee1fd3d589,linux1804-64-shippable-qr,True,False,,,102210fe594ee9b33d82058545b1ed14f4c8206e,console.log-in-loop-content-process-typedarray,damp,True,damp console.log-in-loop-content-process-typedarray opt e10s fission stylo webrender-sw,4788178,6,ms,firefox,445473869.0,1836636048,2024-02-01 09:17:30,1369924,,,,,,,,,,,,,,,,,,,,,,,,,,,,,,,,,,,,,,,,,,,,,,,,,TN
603,828272c423683913577d66e2e1246f33d50c4b8e,0.5849506271424691,mozilla-beta,4788727,12,83c4e198d104587f2d2886f22d06d6ee1fd3d589,linux1804-64-shippable-qr,True,False,,,102210fe594ee9b33d82058545b1ed14f4c8206e,console.log-in-loop-content-process-typedarray,damp,True,damp console.log-in-loop-content-process-typedarray opt e10s fission stylo webrender-sw,4788178,6,ms,firefox,445480909.0,1836643806,2024-02-01 09:55:18,1369960,,,,,,,,,,,,,,,,,,,,,,,,,,,,,,,,,,,,,,,,,,,,,,,,,TN
604,49d14b310e92729c505231844bd7849442cf26f9,0.4322053188257575,mozilla-beta,4788727,12,83c4e198d104587f2d2886f22d06d6ee1fd3d589,linux1804-64-shippable-qr,True,False,,,102210fe594ee9b33d82058545b1ed14f4c8206e,console.log-in-loop-content-process-typedarray,damp,True,damp console.log-in-loop-content-process-typedarray opt e10s fission stylo webrender-sw,4788178,6,ms,firefox,445501671.0,1836720521,2024-02-01 11:40:29,1370025,,,,,,,,,,,,,,,,,,,,,,,,,,,,,,,,,,,,,,,,,,,,,,,,,TN
605,7fdcb4812fde5b6100168d0f55a31f1b77644044,0.43805523986189865,mozilla-beta,4788727,12,83c4e198d104587f2d2886f22d06d6ee1fd3d589,linux1804-64-shippable-qr,True,False,,,102210fe594ee9b33d82058545b1ed14f4c8206e,console.log-in-loop-content-process-typedarray,damp,True,damp console.log-in-loop-content-process-typedarray opt e10s fission stylo webrender-sw,4788178,6,ms,firefox,445545417.0,1836955714,2024-02-01 14:02:56,1370098,,,,,,,,,,,,,,,,,,,,,,,,,,,,,,,,,,,,,,,,,,,,,,,,,TN
606,4433675287c19d1febab18a61d020c28e9fbe778,0.5653171867071527,mozilla-beta,4788727,12,83c4e198d104587f2d2886f22d06d6ee1fd3d589,linux1804-64-shippable-qr,True,False,,,102210fe594ee9b33d82058545b1ed14f4c8206e,console.log-in-loop-content-process-typedarray,damp,True,damp console.log-in-loop-content-process-typedarray opt e10s fission stylo webrender-sw,4788178,6,ms,firefox,445532072.0,1836806217,2024-02-01 14:13:24,1370108,,,,,,,,,,,,,,,,,,,,,,,,,,,,,,,,,,,,,,,,,,,,,,,,,TN
607,c51c59c74488225b3f0a6446e13296789a5fddee,0.6419653631231497,mozilla-beta,4788727,12,83c4e198d104587f2d2886f22d06d6ee1fd3d589,linux1804-64-shippable-qr,True,False,,,102210fe594ee9b33d82058545b1ed14f4c8206e,console.log-in-loop-content-process-typedarray,damp,True,damp console.log-in-loop-content-process-typedarray opt e10s fission stylo webrender-sw,4788178,6,ms,firefox,445546369.0,1836978774,2024-02-01 14:19:11,1370117,,,,,,,,,,,,,,,,,,,,,,,,,,,,,,,,,,,,,,,,,,,,,,,,,TN
608,edd7d6c869f5dd8a8f9525139a2cdd3286f0b104,0.6433968004350676,mozilla-beta,4788727,12,83c4e198d104587f2d2886f22d06d6ee1fd3d589,linux1804-64-shippable-qr,True,False,,,102210fe594ee9b33d82058545b1ed14f4c8206e,console.log-in-loop-content-process-typedarray,damp,True,damp console.log-in-loop-content-process-typedarray opt e10s fission stylo webrender-sw,4788178,6,ms,firefox,445535888.0,1836837926,2024-02-01 14:35:28,1370134,,,,,,,,,,,,,,,,,,,,,,,,,,,,,,,,,,,,,,,,,,,,,,,,,TN
609,39a24ad65fa1c188491f77f5989116325ece07c0,0.41908780589398464,mozilla-beta,4788727,12,83c4e198d104587f2d2886f22d06d6ee1fd3d589,linux1804-64-shippable-qr,True,False,,,102210fe594ee9b33d82058545b1ed14f4c8206e,console.log-in-loop-content-process-typedarray,damp,True,damp console.log-in-loop-content-process-typedarray opt e10s fission stylo webrender-sw,4788178,6,ms,firefox,445537872.0,1836871748,2024-02-01 14:45:34,1370145,,,,,,,,,,,,,,,,,,,,,,,,,,,,,,,,,,,,,,,,,,,,,,,,,TN
610,4981454a7cb64ddb865b16a2e340da23010c0234,0.5763939156788802,mozilla-beta,4788727,12,83c4e198d104587f2d2886f22d06d6ee1fd3d589,linux1804-64-shippable-qr,True,False,,,102210fe594ee9b33d82058545b1ed14f4c8206e,console.log-in-loop-content-process-typedarray,damp,True,damp console.log-in-loop-content-process-typedarray opt e10s fission stylo webrender-sw,4788178,6,ms,firefox,445540935.0,1836910848,2024-02-01 14:55:52,1370155,,,,,,,,,,,,,,,,,,,,,,,,,,,,,,,,,,,,,,,,,,,,,,,,,TN
611,4c0f3596adddb0c1c9fe6c27165bf86798d2f1f6,0.47326196729359893,mozilla-beta,4788727,12,83c4e198d104587f2d2886f22d06d6ee1fd3d589,linux1804-64-shippable-qr,True,False,,,102210fe594ee9b33d82058545b1ed14f4c8206e,console.log-in-loop-content-process-typedarray,damp,True,damp console.log-in-loop-content-process-typedarray opt e10s fission stylo webrender-sw,4788178,6,ms,firefox,445544464.0,1836941466,2024-02-01 15:13:15,1370168,,,,,,,,,,,,,,,,,,,,,,,,,,,,,,,,,,,,,,,,,,,,,,,,,TN
612,c9147db5b900da6c93e1ef516fcee4d9375322ac,0.4372439208433092,mozilla-beta,4788727,12,83c4e198d104587f2d2886f22d06d6ee1fd3d589,linux1804-64-shippable-qr,True,False,,,102210fe594ee9b33d82058545b1ed14f4c8206e,console.log-in-loop-content-process-typedarray,damp,True,damp console.log-in-loop-content-process-typedarray opt e10s fission stylo webrender-sw,4788178,6,ms,firefox,445551339.0,1837015040,2024-02-01 15:45:31,1370182,,,,,,,,,,,,,,,,,,,,,,,,,,,,,,,,,,,,,,,,,,,,,,,,,TN
613,9fde9b753918580c63434a4056f7a0cfc2bbefda,0.4678578860960769,mozilla-beta,4788727,12,83c4e198d104587f2d2886f22d06d6ee1fd3d589,linux1804-64-shippable-qr,True,False,,,102210fe594ee9b33d82058545b1ed14f4c8206e,console.log-in-loop-content-process-typedarray,damp,True,damp console.log-in-loop-content-process-typedarray opt e10s fission stylo webrender-sw,4788178,6,ms,firefox,445561404.0,1837061465,2024-02-01 16:34:05,1370232,,,,,,,,,,,,,,,,,,,,,,,,,,,,,,,,,,,,,,,,,,,,,,,,,TN
614,a8f990a1461e92ea29b178d183739ab4279d355b,0.41732769654813007,mozilla-beta,4788727,12,83c4e198d104587f2d2886f22d06d6ee1fd3d589,linux1804-64-shippable-qr,True,False,,,102210fe594ee9b33d82058545b1ed14f4c8206e,console.log-in-loop-content-process-typedarray,damp,True,damp console.log-in-loop-content-process-typedarray opt e10s fission stylo webrender-sw,4788178,6,ms,firefox,445652249.0,1837392420,2024-02-02 09:03:54,1370723,,,,,,,,,,,,,,,,,,,,,,,,,,,,,,,,,,,,,,,,,,,,,,,,,TN
615,ad9f945b0588b8e71d2bc8a24a4bae78ac518fe7,0.47464234797395033,mozilla-beta,4788727,12,83c4e198d104587f2d2886f22d06d6ee1fd3d589,linux1804-64-shippable-qr,True,False,,,102210fe594ee9b33d82058545b1ed14f4c8206e,console.log-in-loop-content-process-typedarray,damp,True,damp console.log-in-loop-content-process-typedarray opt e10s fission stylo webrender-sw,4788178,6,ms,firefox,445655791.0,1837414119,2024-02-02 09:16:30,1370728,,,,,,,,,,,,,,,,,,,,,,,,,,,,,,,,,,,,,,,,,,,,,,,,,TN
616,2a92c9f6ad73c6919eca1fda86f98e644f90bced,0.40518362474873415,mozilla-beta,4788727,12,83c4e198d104587f2d2886f22d06d6ee1fd3d589,linux1804-64-shippable-qr,True,False,,,102210fe594ee9b33d82058545b1ed14f4c8206e,console.log-in-loop-content-process-typedarray,damp,True,damp console.log-in-loop-content-process-typedarray opt e10s fission stylo webrender-sw,4788178,6,ms,firefox,445741377.0,1837774661,2024-02-02 18:17:20,1371042,,,,,,,,,,,,,,,,,,,,,,,,,,,,,,,,,,,,,,,,,,,,,,,,,TN
617,7514647daa8f9fce23b12cb76cda187c12c65ec9,0.44014902868828365,mozilla-beta,4788727,12,83c4e198d104587f2d2886f22d06d6ee1fd3d589,linux1804-64-shippable-qr,True,False,,,102210fe594ee9b33d82058545b1ed14f4c8206e,console.log-in-loop-content-process-typedarray,damp,True,damp console.log-in-loop-content-process-typedarray opt e10s fission stylo webrender-sw,4788178,6,ms,firefox,445813817.0,1838082234,2024-02-03 09:17:37,1371371,,,,,,,,,,,,,,,,,,,,,,,,,,,,,,,,,,,,,,,,,,,,,,,,,TN
618,b90706774a91a89aad7410bc904246d5f0cc89d6,0.42851030644370214,mozilla-beta,4788727,12,83c4e198d104587f2d2886f22d06d6ee1fd3d589,linux1804-64-shippable-qr,True,False,,,102210fe594ee9b33d82058545b1ed14f4c8206e,console.log-in-loop-content-process-typedarray,damp,True,damp console.log-in-loop-content-process-typedarray opt e10s fission stylo webrender-sw,4788178,6,ms,firefox,445854155.0,1838279329,2024-02-04 07:01:15,1371494,,,,,,,,,,,,,,,,,,,,,,,,,,,,,,,,,,,,,,,,,,,,,,,,,TN
619,97a9e1afca4b4f861b1f512ecb74d9beae03701f,0.4011409571194062,mozilla-beta,4788727,12,83c4e198d104587f2d2886f22d06d6ee1fd3d589,linux1804-64-shippable-qr,True,False,,,102210fe594ee9b33d82058545b1ed14f4c8206e,console.log-in-loop-content-process-typedarray,damp,True,damp console.log-in-loop-content-process-typedarray opt e10s fission stylo webrender-sw,4788178,6,ms,firefox,445854486.0,1838294462,2024-02-04 07:10:52,1371498,,,,,,,,,,,,,,,,,,,,,,,,,,,,,,,,,,,,,,,,,,,,,,,,,TN
620,2e2c077318b2178732ec140527e75b30638a12c7,0.39159597539779334,mozilla-beta,4788727,12,83c4e198d104587f2d2886f22d06d6ee1fd3d589,linux1804-64-shippable-qr,True,False,,,102210fe594ee9b33d82058545b1ed14f4c8206e,console.log-in-loop-content-process-typedarray,damp,True,damp console.log-in-loop-content-process-typedarray opt e10s fission stylo webrender-sw,4788178,6,ms,firefox,445862606.0,1838321504,2024-02-04 09:20:23,1371504,,,,,,,,,,,,,,,,,,,,,,,,,,,,,,,,,,,,,,,,,,,,,,,,,TN
621,b65739114a8d799c15f643b020b341e2822d28c3,0.4170536716938673,mozilla-beta,4788727,12,83c4e198d104587f2d2886f22d06d6ee1fd3d589,linux1804-64-shippable-qr,True,False,,,102210fe594ee9b33d82058545b1ed14f4c8206e,console.log-in-loop-content-process-typedarray,damp,True,damp console.log-in-loop-content-process-typedarray opt e10s fission stylo webrender-sw,4788178,6,ms,firefox,445924959.0,1838735231,2024-02-05 08:56:25,1371648,,,,,,,,,,,,,,,,,,,,,,,,,,,,,,,,,,,,,,,,,,,,,,,,,TN
622,5b697b0438ae5c3ccf005657eae8e3c59d97a05e,0.40127583614895235,mozilla-beta,4788727,12,83c4e198d104587f2d2886f22d06d6ee1fd3d589,linux1804-64-shippable-qr,True,False,,,102210fe594ee9b33d82058545b1ed14f4c8206e,console.log-in-loop-content-process-typedarray,damp,True,damp console.log-in-loop-content-process-typedarray opt e10s fission stylo webrender-sw,4788178,6,ms,firefox,445929269.0,1838762759,2024-02-05 09:17:25,1371659,,,,,,,,,,,,,,,,,,,,,,,,,,,,,,,,,,,,,,,,,,,,,,,,,TN
623,562b0ae0eca50b88282d822fb79af7f8bbf5f9cc,0.3887344693688517,mozilla-beta,4788727,12,83c4e198d104587f2d2886f22d06d6ee1fd3d589,linux1804-64-shippable-qr,True,False,,,102210fe594ee9b33d82058545b1ed14f4c8206e,console.log-in-loop-content-process-typedarray,damp,True,damp console.log-in-loop-content-process-typedarray opt e10s fission stylo webrender-sw,4788178,6,ms,firefox,446101711.0,1839488092,2024-02-06 08:23:02,1372463,,,,,,,,,,,,,,,,,,,,,,,,,,,,,,,,,,,,,,,,,,,,,,,,,TN
624,7e1760ca80cfe6f02a0679e3725187bc2b3ad7d1,0.5548363760546855,mozilla-beta,4788727,12,83c4e198d104587f2d2886f22d06d6ee1fd3d589,linux1804-64-shippable-qr,True,False,,,102210fe594ee9b33d82058545b1ed14f4c8206e,console.log-in-loop-content-process-typedarray,damp,True,damp console.log-in-loop-content-process-typedarray opt e10s fission stylo webrender-sw,4788178,6,ms,firefox,446117671.0,1839585243,2024-02-06 09:14:55,1372486,,,,,,,,,,,,,,,,,,,,,,,,,,,,,,,,,,,,,,,,,,,,,,,,,TN
625,88875300ae7440640f4c3c699b32b8dfac80f396,0.4576829321996092,mozilla-beta,4788727,12,83c4e198d104587f2d2886f22d06d6ee1fd3d589,linux1804-64-shippable-qr,True,False,,,102210fe594ee9b33d82058545b1ed14f4c8206e,console.log-in-loop-content-process-typedarray,damp,True,damp console.log-in-loop-content-process-typedarray opt e10s fission stylo webrender-sw,4788178,6,ms,firefox,446111111.0,1839523422,2024-02-06 09:19:06,1372488,,,,,,,,,,,,,,,,,,,,,,,,,,,,,,,,,,,,,,,,,,,,,,,,,TN
626,6839f8c0d14e712d154a0c8c37fc55087e65f252,0.5752834218666916,mozilla-beta,4788727,12,83c4e198d104587f2d2886f22d06d6ee1fd3d589,linux1804-64-shippable-qr,True,False,,,102210fe594ee9b33d82058545b1ed14f4c8206e,console.log-in-loop-content-process-typedarray,damp,True,damp console.log-in-loop-content-process-typedarray opt e10s fission stylo webrender-sw,4788178,6,ms,firefox,446116533.0,1839580804,2024-02-06 10:09:38,1372523,,,,,,,,,,,,,,,,,,,,,,,,,,,,,,,,,,,,,,,,,,,,,,,,,TN
627,a778bae14c05a2fbe1ba67854cec9accdad55bb3,0.4252599907209227,mozilla-beta,4788727,12,83c4e198d104587f2d2886f22d06d6ee1fd3d589,linux1804-64-shippable-qr,True,False,,,102210fe594ee9b33d82058545b1ed14f4c8206e,console.log-in-loop-content-process-typedarray,damp,True,damp console.log-in-loop-content-process-typedarray opt e10s fission stylo webrender-sw,4788178,6,ms,firefox,446140774.0,1839621423,2024-02-06 11:38:33,1372580,,,,,,,,,,,,,,,,,,,,,,,,,,,,,,,,,,,,,,,,,,,,,,,,,TN
628,65e6d3b19e698ac57830fd1c3d90d4c760ef5eb6,0.43995889063636007,mozilla-beta,4788727,12,83c4e198d104587f2d2886f22d06d6ee1fd3d589,linux1804-64-shippable-qr,True,False,,,102210fe594ee9b33d82058545b1ed14f4c8206e,console.log-in-loop-content-process-typedarray,damp,True,damp console.log-in-loop-content-process-typedarray opt e10s fission stylo webrender-sw,4788178,6,ms,firefox,446155138.0,1839682395,2024-02-06 12:51:40,1372610,,,,,,,,,,,,,,,,,,,,,,,,,,,,,,,,,,,,,,,,,,,,,,,,,TN
629,5dbb0a9f6cb8c0e0aad5b159d134d45f637cb4d1,0.5511102885231423,mozilla-beta,4788727,12,83c4e198d104587f2d2886f22d06d6ee1fd3d589,linux1804-64-shippable-qr,True,False,,,102210fe594ee9b33d82058545b1ed14f4c8206e,console.log-in-loop-content-process-typedarray,damp,True,damp console.log-in-loop-content-process-typedarray opt e10s fission stylo webrender-sw,4788178,6,ms,firefox,446156914.0,1839696748,2024-02-06 12:53:03,1372613,,,,,,,,,,,,,,,,,,,,,,,,,,,,,,,,,,,,,,,,,,,,,,,,,TN
630,d2c9c9c08cc1f40358a5d2292ddf2a06d364b36f,0.4402954039128657,mozilla-beta,4788727,12,83c4e198d104587f2d2886f22d06d6ee1fd3d589,linux1804-64-shippable-qr,True,False,,,102210fe594ee9b33d82058545b1ed14f4c8206e,console.log-in-loop-content-process-typedarray,damp,True,damp console.log-in-loop-content-process-typedarray opt e10s fission stylo webrender-sw,4788178,6,ms,firefox,446166509.0,1839732245,2024-02-06 12:54:32,1372616,,,,,,,,,,,,,,,,,,,,,,,,,,,,,,,,,,,,,,,,,,,,,,,,,TN
631,0f621f6f45f23281875371b9b4ed76fe855e10ce,0.5560656960861854,mozilla-beta,4788727,12,83c4e198d104587f2d2886f22d06d6ee1fd3d589,linux1804-64-shippable-qr,True,False,,,102210fe594ee9b33d82058545b1ed14f4c8206e,console.log-in-loop-content-process-typedarray,damp,True,damp console.log-in-loop-content-process-typedarray opt e10s fission stylo webrender-sw,4788178,6,ms,firefox,446164737.0,1839706404,2024-02-06 13:21:23,1372641,,,,,,,,,,,,,,,,,,,,,,,,,,,,,,,,,,,,,,,,,,,,,,,,,TN
632,fdc4382bbff93e443cb4f76c802464c452a1c722,0.5184027920618961,mozilla-beta,4788727,12,83c4e198d104587f2d2886f22d06d6ee1fd3d589,linux1804-64-shippable-qr,True,False,,,102210fe594ee9b33d82058545b1ed14f4c8206e,console.log-in-loop-content-process-typedarray,damp,True,damp console.log-in-loop-content-process-typedarray opt e10s fission stylo webrender-sw,4788178,6,ms,firefox,446185734.0,1839792563,2024-02-06 14:10:46,1372680,,,,,,,,,,,,,,,,,,,,,,,,,,,,,,,,,,,,,,,,,,,,,,,,,TN
633,a0dafd6bb65c8b87928ff36551826cf901a6ff09,0.39793031454087435,mozilla-beta,4788727,12,83c4e198d104587f2d2886f22d06d6ee1fd3d589,linux1804-64-shippable-qr,True,False,,,102210fe594ee9b33d82058545b1ed14f4c8206e,console.log-in-loop-content-process-typedarray,damp,True,damp console.log-in-loop-content-process-typedarray opt e10s fission stylo webrender-sw,4788178,6,ms,firefox,446177554.0,1839757078,2024-02-06 14:28:58,1372692,,,,,,,,,,,,,,,,,,,,,,,,,,,,,,,,,,,,,,,,,,,,,,,,,TN
634,c1ef3ef6dd3f38275d611b90c8ef24e0b15cc720,0.5728095179480608,mozilla-beta,4788727,12,83c4e198d104587f2d2886f22d06d6ee1fd3d589,linux1804-64-shippable-qr,True,False,,,102210fe594ee9b33d82058545b1ed14f4c8206e,console.log-in-loop-content-process-typedarray,damp,True,damp console.log-in-loop-content-process-typedarray opt e10s fission stylo webrender-sw,4788178,6,ms,firefox,446206976.0,1839872370,2024-02-06 17:18:58,1372811,,,,,,,,,,,,,,,,,,,,,,,,,,,,,,,,,,,,,,,,,,,,,,,,,TN
635,a55f4e64f3a796aac14d741f6a0e9f82e3f768e1,0.3981609146913563,mozilla-beta,4788727,12,83c4e198d104587f2d2886f22d06d6ee1fd3d589,linux1804-64-shippable-qr,True,False,,,102210fe594ee9b33d82058545b1ed14f4c8206e,console.log-in-loop-content-process-typedarray,damp,True,damp console.log-in-loop-content-process-typedarray opt e10s fission stylo webrender-sw,4788178,6,ms,firefox,446208766.0,1839880407,2024-02-06 17:25:35,1372823,,,,,,,,,,,,,,,,,,,,,,,,,,,,,,,,,,,,,,,,,,,,,,,,,TN
636,5cb029591fdb20d1b3fc101ab5f982f71ae93ea9,0.5484316106402529,mozilla-beta,4788727,12,83c4e198d104587f2d2886f22d06d6ee1fd3d589,linux1804-64-shippable-qr,True,False,,,102210fe594ee9b33d82058545b1ed14f4c8206e,console.log-in-loop-content-process-typedarray,damp,True,damp console.log-in-loop-content-process-typedarray opt e10s fission stylo webrender-sw,4788178,6,ms,firefox,446232571.0,1839982324,2024-02-06 18:19:27,1372868,,,,,,,,,,,,,,,,,,,,,,,,,,,,,,,,,,,,,,,,,,,,,,,,,TN
637,945276c7a9a1f818cd476baf76784dacf0786d2a,0.4392037967070048,mozilla-beta,4788727,12,83c4e198d104587f2d2886f22d06d6ee1fd3d589,linux1804-64-shippable-qr,True,False,,,102210fe594ee9b33d82058545b1ed14f4c8206e,console.log-in-loop-content-process-typedarray,damp,True,damp console.log-in-loop-content-process-typedarray opt e10s fission stylo webrender-sw,4788178,6,ms,firefox,446235447.0,1839998632,2024-02-06 19:41:20,1372956,,,,,,,,,,,,,,,,,,,,,,,,,,,,,,,,,,,,,,,,,,,,,,,,,TN
638,ba9cc6824f222a00819ee368fd177b9a9e1a1ca4,0.41243100974679425,mozilla-beta,4788727,12,83c4e198d104587f2d2886f22d06d6ee1fd3d589,linux1804-64-shippable-qr,True,False,,,102210fe594ee9b33d82058545b1ed14f4c8206e,console.log-in-loop-content-process-typedarray,damp,True,damp console.log-in-loop-content-process-typedarray opt e10s fission stylo webrender-sw,4788178,6,ms,firefox,446243281.0,1840063892,2024-02-06 19:56:07,1372970,,,,,,,,,,,,,,,,,,,,,,,,,,,,,,,,,,,,,,,,,,,,,,,,,TN
639,10eea88357d1ac2220fb23638cf6c39d0cbba003,0.4342818311570862,mozilla-beta,4788727,12,83c4e198d104587f2d2886f22d06d6ee1fd3d589,linux1804-64-shippable-qr,True,False,,,102210fe594ee9b33d82058545b1ed14f4c8206e,console.log-in-loop-content-process-typedarray,damp,True,damp console.log-in-loop-content-process-typedarray opt e10s fission stylo webrender-sw,4788178,6,ms,firefox,446237061.0,1840023599,2024-02-06 20:12:27,1372975,,,,,,,,,,,,,,,,,,,,,,,,,,,,,,,,,,,,,,,,,,,,,,,,,TN
640,7c72700cb8d9ccf71ec62fd8331a84674c18571f,0.4478683695311565,mozilla-beta,4788727,12,83c4e198d104587f2d2886f22d06d6ee1fd3d589,linux1804-64-shippable-qr,True,False,,,102210fe594ee9b33d82058545b1ed14f4c8206e,console.log-in-loop-content-process-typedarray,damp,True,damp console.log-in-loop-content-process-typedarray opt e10s fission stylo webrender-sw,4788178,6,ms,firefox,446240863.0,1840050957,2024-02-06 20:35:55,1372986,,,,,,,,,,,,,,,,,,,,,,,,,,,,,,,,,,,,,,,,,,,,,,,,,TN
641,77245ebf8e08ef46554065f805d1c0f0310c6c9a,0.4369337650900764,mozilla-beta,4788727,12,83c4e198d104587f2d2886f22d06d6ee1fd3d589,linux1804-64-shippable-qr,True,False,,,102210fe594ee9b33d82058545b1ed14f4c8206e,console.log-in-loop-content-process-typedarray,damp,True,damp console.log-in-loop-content-process-typedarray opt e10s fission stylo webrender-sw,4788178,6,ms,firefox,446290565.0,1840338202,2024-02-07 07:29:13,1373224,,,,,,,,,,,,,,,,,,,,,,,,,,,,,,,,,,,,,,,,,,,,,,,,,TN
642,1b4583d75b472438e6fed793d30383ca4755bb5a,0.39922898206909396,mozilla-beta,4788727,12,83c4e198d104587f2d2886f22d06d6ee1fd3d589,linux1804-64-shippable-qr,True,False,,,102210fe594ee9b33d82058545b1ed14f4c8206e,console.log-in-loop-content-process-typedarray,damp,True,damp console.log-in-loop-content-process-typedarray opt e10s fission stylo webrender-sw,4788178,6,ms,firefox,446302284.0,1840370173,2024-02-07 08:18:56,1373235,,,,,,,,,,,,,,,,,,,,,,,,,,,,,,,,,,,,,,,,,,,,,,,,,TN
643,e771748109c1517e64c4d3074c8945d0ef233fff,0.4063769909932824,mozilla-beta,4788727,12,83c4e198d104587f2d2886f22d06d6ee1fd3d589,linux1804-64-shippable-qr,True,False,,,102210fe594ee9b33d82058545b1ed14f4c8206e,console.log-in-loop-content-process-typedarray,damp,True,damp console.log-in-loop-content-process-typedarray opt e10s fission stylo webrender-sw,4788178,6,ms,firefox,446305962.0,1840403729,2024-02-07 09:19:58,1373258,,,,,,,,,,,,,,,,,,,,,,,,,,,,,,,,,,,,,,,,,,,,,,,,,TN
644,8f21e7fc0c1b4e1c6bdc2e14432a397e36e0389e,0.4297104834592518,mozilla-beta,4788727,12,83c4e198d104587f2d2886f22d06d6ee1fd3d589,linux1804-64-shippable-qr,True,False,,,102210fe594ee9b33d82058545b1ed14f4c8206e,console.log-in-loop-content-process-typedarray,damp,True,damp console.log-in-loop-content-process-typedarray opt e10s fission stylo webrender-sw,4788178,6,ms,firefox,446400951.0,1840708300,2024-02-07 17:29:11,1373631,,,,,,,,,,,,,,,,,,,,,,,,,,,,,,,,,,,,,,,,,,,,,,,,,TN
645,1b91d8eb60be8c797901bd71b5b44054d9714ed0,0.40164078399210723,mozilla-beta,4788727,12,83c4e198d104587f2d2886f22d06d6ee1fd3d589,linux1804-64-shippable-qr,True,False,,,102210fe594ee9b33d82058545b1ed14f4c8206e,console.log-in-loop-content-process-typedarray,damp,True,damp console.log-in-loop-content-process-typedarray opt e10s fission stylo webrender-sw,4788178,6,ms,firefox,446420813.0,1840812400,2024-02-07 17:31:28,1373632,,,,,,,,,,,,,,,,,,,,,,,,,,,,,,,,,,,,,,,,,,,,,,,,,TN
646,9808901a87ff413ae45b151156e099f99b0fcde2,0.4126380861700376,mozilla-beta,4788727,12,83c4e198d104587f2d2886f22d06d6ee1fd3d589,linux1804-64-shippable-qr,True,False,,,102210fe594ee9b33d82058545b1ed14f4c8206e,console.log-in-loop-content-process-typedarray,damp,True,damp console.log-in-loop-content-process-typedarray opt e10s fission stylo webrender-sw,4788178,6,ms,firefox,446404610.0,1840722885,2024-02-07 18:08:14,1373669,,,,,,,,,,,,,,,,,,,,,,,,,,,,,,,,,,,,,,,,,,,,,,,,,TN
647,453cb7680c52898d60ca64d2d736fe15600a9198,0.42963160410333057,mozilla-beta,4788727,12,83c4e198d104587f2d2886f22d06d6ee1fd3d589,linux1804-64-shippable-qr,True,False,,,102210fe594ee9b33d82058545b1ed14f4c8206e,console.log-in-loop-content-process-typedarray,damp,True,damp console.log-in-loop-content-process-typedarray opt e10s fission stylo webrender-sw,4788178,6,ms,firefox,446447907.0,1840924065,2024-02-07 23:59:27,1373889,,,,,,,,,,,,,,,,,,,,,,,,,,,,,,,,,,,,,,,,,,,,,,,,,TN
648,f51ca575b57686fd78dc5b0e7a89a1bda6aa1e3b,0.5670876490691104,mozilla-beta,4788727,12,83c4e198d104587f2d2886f22d06d6ee1fd3d589,linux1804-64-shippable-qr,True,False,,,102210fe594ee9b33d82058545b1ed14f4c8206e,console.log-in-loop-content-process-typedarray,damp,True,damp console.log-in-loop-content-process-typedarray opt e10s fission stylo webrender-sw,4788178,6,ms,firefox,446478353.0,1841103569,2024-02-08 08:14:23,1374017,,,,,,,,,,,,,,,,,,,,,,,,,,,,,,,,,,,,,,,,,,,,,,,,,TN
649,ddb2e51f3f167c097cecfda69ea5d9219bac8406,0.4274746184056353,mozilla-beta,4788727,12,83c4e198d104587f2d2886f22d06d6ee1fd3d589,linux1804-64-shippable-qr,True,False,,,102210fe594ee9b33d82058545b1ed14f4c8206e,console.log-in-loop-content-process-typedarray,damp,True,damp console.log-in-loop-content-process-typedarray opt e10s fission stylo webrender-sw,4788178,6,ms,firefox,446493970.0,1841155895,2024-02-08 09:19:05,1374036,,,,,,,,,,,,,,,,,,,,,,,,,,,,,,,,,,,,,,,,,,,,,,,,,TN
650,bba1c4f836c2d5b770bb3db1cfb39b611608dbe3,0.42339499872037756,mozilla-beta,4788727,12,83c4e198d104587f2d2886f22d06d6ee1fd3d589,linux1804-64-shippable-qr,True,False,,,102210fe594ee9b33d82058545b1ed14f4c8206e,console.log-in-loop-content-process-typedarray,damp,True,damp console.log-in-loop-content-process-typedarray opt e10s fission stylo webrender-sw,4788178,6,ms,firefox,446497830.0,1841163546,2024-02-08 11:27:56,1374095,,,,,,,,,,,,,,,,,,,,,,,,,,,,,,,,,,,,,,,,,,,,,,,,,TN
651,c0153173d3d82e7c4c4c035f47140d8c3d959074,0.40328639831847335,mozilla-beta,4788727,12,83c4e198d104587f2d2886f22d06d6ee1fd3d589,linux1804-64-shippable-qr,True,False,,,102210fe594ee9b33d82058545b1ed14f4c8206e,console.log-in-loop-content-process-typedarray,damp,True,damp console.log-in-loop-content-process-typedarray opt e10s fission stylo webrender-sw,4788178,6,ms,firefox,446501738.0,1841178785,2024-02-08 12:17:00,1374105,,,,,,,,,,,,,,,,,,,,,,,,,,,,,,,,,,,,,,,,,,,,,,,,,TN
652,adf50cae563ee49db51713af8c792eb00fc75e61,0.4225874312613218,mozilla-beta,4788727,12,83c4e198d104587f2d2886f22d06d6ee1fd3d589,linux1804-64-shippable-qr,True,False,,,102210fe594ee9b33d82058545b1ed14f4c8206e,console.log-in-loop-content-process-typedarray,damp,True,damp console.log-in-loop-content-process-typedarray opt e10s fission stylo webrender-sw,4788178,6,ms,firefox,446510334.0,1841219369,2024-02-08 13:22:33,1374115,,,,,,,,,,,,,,,,,,,,,,,,,,,,,,,,,,,,,,,,,,,,,,,,,TN
653,ee866bff81793c45aecb3f5d7d8f4bd0ea93555b,0.4152784112000405,mozilla-beta,4788727,12,83c4e198d104587f2d2886f22d06d6ee1fd3d589,linux1804-64-shippable-qr,True,False,,,102210fe594ee9b33d82058545b1ed14f4c8206e,console.log-in-loop-content-process-typedarray,damp,True,damp console.log-in-loop-content-process-typedarray opt e10s fission stylo webrender-sw,4788178,6,ms,firefox,446542440.0,1841346052,2024-02-08 17:32:32,1374322,,,,,,,,,,,,,,,,,,,,,,,,,,,,,,,,,,,,,,,,,,,,,,,,,TN
654,98cb75795f830804c6bbbbb8427c6911e6cac7d5,0.5779999856700115,mozilla-beta,4788727,12,83c4e198d104587f2d2886f22d06d6ee1fd3d589,linux1804-64-shippable-qr,True,False,,,102210fe594ee9b33d82058545b1ed14f4c8206e,console.log-in-loop-content-process-typedarray,damp,True,damp console.log-in-loop-content-process-typedarray opt e10s fission stylo webrender-sw,4788178,6,ms,firefox,446561445.0,1841413742,2024-02-08 19:44:44,1374447,,,,,,,,,,,,,,,,,,,,,,,,,,,,,,,,,,,,,,,,,,,,,,,,,TN
655,2994ba711bf024346bee4f7f674bf655fee51d94,0.4233076179763531,mozilla-beta,4788727,12,83c4e198d104587f2d2886f22d06d6ee1fd3d589,linux1804-64-shippable-qr,True,False,,,102210fe594ee9b33d82058545b1ed14f4c8206e,console.log-in-loop-content-process-typedarray,damp,True,damp console.log-in-loop-content-process-typedarray opt e10s fission stylo webrender-sw,4788178,6,ms,firefox,446572194.0,1841485924,2024-02-08 20:39:56,1374478,,,,,,,,,,,,,,,,,,,,,,,,,,,,,,,,,,,,,,,,,,,,,,,,,TN
656,97dd2042617d14565270931303e2df2f84f4a8a9,0.43765272812034484,mozilla-beta,4788727,12,83c4e198d104587f2d2886f22d06d6ee1fd3d589,linux1804-64-shippable-qr,True,False,,,102210fe594ee9b33d82058545b1ed14f4c8206e,console.log-in-loop-content-process-typedarray,damp,True,damp console.log-in-loop-content-process-typedarray opt e10s fission stylo webrender-sw,4788178,6,ms,firefox,446639201.0,1841748620,2024-02-09 08:31:04,1374719,,,,,,,,,,,,,,,,,,,,,,,,,,,,,,,,,,,,,,,,,,,,,,,,,TN
657,c5825068e5e0ce55bb2147e8de9e7f19615ca3d6,0.40948891764371087,mozilla-beta,4788727,12,83c4e198d104587f2d2886f22d06d6ee1fd3d589,linux1804-64-shippable-qr,True,False,,,102210fe594ee9b33d82058545b1ed14f4c8206e,console.log-in-loop-content-process-typedarray,damp,True,damp console.log-in-loop-content-process-typedarray opt e10s fission stylo webrender-sw,4788178,6,ms,firefox,446643349.0,1841775617,2024-02-09 09:18:12,1374738,,,,,,,,,,,,,,,,,,,,,,,,,,,,,,,,,,,,,,,,,,,,,,,,,TN
658,2f3df14b985728e0bcb6a2510d7773bce4749363,0.4024378213228075,mozilla-beta,4788727,12,83c4e198d104587f2d2886f22d06d6ee1fd3d589,linux1804-64-shippable-qr,True,False,,,102210fe594ee9b33d82058545b1ed14f4c8206e,console.log-in-loop-content-process-typedarray,damp,True,damp console.log-in-loop-content-process-typedarray opt e10s fission stylo webrender-sw,4788178,6,ms,firefox,446655786.0,1841819775,2024-02-09 10:24:25,1374773,,,,,,,,,,,,,,,,,,,,,,,,,,,,,,,,,,,,,,,,,,,,,,,,,TN
659,1bb55a790d7a3fdbb2b9723e962f28d26d99e7b6,0.562113177787487,mozilla-beta,4788727,12,83c4e198d104587f2d2886f22d06d6ee1fd3d589,linux1804-64-shippable-qr,True,False,,,102210fe594ee9b33d82058545b1ed14f4c8206e,console.log-in-loop-content-process-typedarray,damp,True,damp console.log-in-loop-content-process-typedarray opt e10s fission stylo webrender-sw,4788178,6,ms,firefox,446709852.0,1841967906,2024-02-09 14:42:41,1374899,,,,,,,,,,,,,,,,,,,,,,,,,,,,,,,,,,,,,,,,,,,,,,,,,TN
660,1ecc0a4e5e12282711e6fa3f8d0226dd515d03f7,0.38362777574140594,mozilla-beta,4788727,12,83c4e198d104587f2d2886f22d06d6ee1fd3d589,linux1804-64-shippable-qr,True,False,,,102210fe594ee9b33d82058545b1ed14f4c8206e,console.log-in-loop-content-process-typedarray,damp,True,damp console.log-in-loop-content-process-typedarray opt e10s fission stylo webrender-sw,4788178,6,ms,firefox,446792034.0,1842306165,2024-02-10 09:17:14,1375372,,,,,,,,,,,,,,,,,,,,,,,,,,,,,,,,,,,,,,,,,,,,,,,,,TN
661,bfd9eaa704ca4a8e93ea0464631390ffa5a0c1fc,0.563897664219486,mozilla-beta,4788727,12,83c4e198d104587f2d2886f22d06d6ee1fd3d589,linux1804-64-shippable-qr,True,False,,,102210fe594ee9b33d82058545b1ed14f4c8206e,console.log-in-loop-content-process-typedarray,damp,True,damp console.log-in-loop-content-process-typedarray opt e10s fission stylo webrender-sw,4788178,6,ms,firefox,446850457.0,1842553497,2024-02-11 09:17:32,1375470,,,,,,,,,,,,,,,,,,,,,,,,,,,,,,,,,,,,,,,,,,,,,,,,,TN
662,935359ea03adb54539530b07e6314e7d1c8eea56,0.37933919580237374,mozilla-beta,4788727,12,83c4e198d104587f2d2886f22d06d6ee1fd3d589,linux1804-64-shippable-qr,True,False,,,102210fe594ee9b33d82058545b1ed14f4c8206e,console.log-in-loop-content-process-typedarray,damp,True,damp console.log-in-loop-content-process-typedarray opt e10s fission stylo webrender-sw,4788178,6,ms,firefox,446866026.0,1842586886,2024-02-11 11:34:20,1375479,,,,,,,,,,,,,,,,,,,,,,,,,,,,,,,,,,,,,,,,,,,,,,,,,TN
663,229f1ec7ec2bbd7b577592168557c93e0cc13a01,0.5969250093044174,mozilla-beta,4788727,12,83c4e198d104587f2d2886f22d06d6ee1fd3d589,linux1804-64-shippable-qr,True,False,,,102210fe594ee9b33d82058545b1ed14f4c8206e,console.log-in-loop-content-process-typedarray,damp,True,damp console.log-in-loop-content-process-typedarray opt e10s fission stylo webrender-sw,4788178,6,ms,firefox,446900702.0,1842779063,2024-02-12 09:17:44,1375646,,,,,,,,,,,,,,,,,,,,,,,,,,,,,,,,,,,,,,,,,,,,,,,,,TN
664,efbd175193a69c684c78a68adc4e1862a82ad7b4,0.8846359228245859,mozilla-beta,4788727,12,83c4e198d104587f2d2886f22d06d6ee1fd3d589,linux1804-64-shippable-qr,True,False,,,102210fe594ee9b33d82058545b1ed14f4c8206e,console.log-in-loop-content-process-typedarray,damp,True,damp console.log-in-loop-content-process-typedarray opt e10s fission stylo webrender-sw,4788178,6,ms,firefox,447616216.0,1845293017,2024-02-19 09:25:31,1378775,,,,,,,,,,,,,,,,,,,,,,,,,,,,,,,,,,,,,,,,,,,,,,,,,TN
665,68158ab7c66395248f28b96d9f7f86e11d2e8d60,0.8398236734835107,mozilla-beta,4788727,12,83c4e198d104587f2d2886f22d06d6ee1fd3d589,linux1804-64-shippable-qr,True,False,,,102210fe594ee9b33d82058545b1ed14f4c8206e,console.log-in-loop-content-process-typedarray,damp,True,damp console.log-in-loop-content-process-typedarray opt e10s fission stylo webrender-sw,4788178,6,ms,firefox,447738957.0,1845751349,2024-02-20 09:20:55,1379160,,,,,,,,,,,,,,,,,,,,,,,,,,,,,,,,,,,,,,,,,,,,,,,,,TN
666,f52b92d785d0346848c447a502d5d50bebd2ea53,0.6187322611011492,mozilla-beta,4788727,12,83c4e198d104587f2d2886f22d06d6ee1fd3d589,linux1804-64-shippable-qr,True,False,,,102210fe594ee9b33d82058545b1ed14f4c8206e,console.log-in-loop-content-process-typedarray,damp,True,damp console.log-in-loop-content-process-typedarray opt e10s fission stylo webrender-sw,4788178,6,ms,firefox,447876109.0,1846245728,2024-02-21 09:15:58,1379816,,,,,,,,,,,,,,,,,,,,,,,,,,,,,,,,,,,,,,,,,,,,,,,,,TN
667,92ad84fbd2d3ab2c2d05d5080455a140a126cff5,0.7190725822909649,mozilla-beta,4788727,12,83c4e198d104587f2d2886f22d06d6ee1fd3d589,linux1804-64-shippable-qr,True,False,,,102210fe594ee9b33d82058545b1ed14f4c8206e,console.log-in-loop-content-process-typedarray,damp,True,damp console.log-in-loop-content-process-typedarray opt e10s fission stylo webrender-sw,4788178,6,ms,firefox,448049762.0,1847048149,2024-02-22 09:17:41,1380500,,,,,,,,,,,,,,,,,,,,,,,,,,,,,,,,,,,,,,,,,,,,,,,,,TN
668,1ec7aaea5f3d1777524a7330e076d096399ae4f5,0.7333277194117436,mozilla-beta,4788727,12,83c4e198d104587f2d2886f22d06d6ee1fd3d589,linux1804-64-shippable-qr,True,False,,,102210fe594ee9b33d82058545b1ed14f4c8206e,console.log-in-loop-content-process-typedarray,damp,True,damp console.log-in-loop-content-process-typedarray opt e10s fission stylo webrender-sw,4788178,6,ms,firefox,448192127.0,1847710563,2024-02-23 09:17:06,1381265,,,,,,,,,,,,,,,,,,,,,,,,,,,,,,,,,,,,,,,,,,,,,,,,,TN
669,957eaa7c057ac32303286a9f151e40393de97f35,0.7938770201764993,mozilla-beta,4788727,12,83c4e198d104587f2d2886f22d06d6ee1fd3d589,linux1804-64-shippable-qr,True,False,,,102210fe594ee9b33d82058545b1ed14f4c8206e,console.log-in-loop-content-process-typedarray,damp,True,damp console.log-in-loop-content-process-typedarray opt e10s fission stylo webrender-sw,4788178,6,ms,firefox,448336534.0,1848265485,2024-02-24 09:17:22,1381908,,,,,,,,,,,,,,,,,,,,,,,,,,,,,,,,,,,,,,,,,,,,,,,,,TN
670,934697c1247f8a7f0990d97d055540f17de9b474,0.7999707120742583,mozilla-beta,4788727,12,83c4e198d104587f2d2886f22d06d6ee1fd3d589,linux1804-64-shippable-qr,True,False,,,102210fe594ee9b33d82058545b1ed14f4c8206e,console.log-in-loop-content-process-typedarray,damp,True,damp console.log-in-loop-content-process-typedarray opt e10s fission stylo webrender-sw,4788178,6,ms,firefox,448390747.0,1848445656,2024-02-25 09:17:37,1382031,,,,,,,,,,,,,,,,,,,,,,,,,,,,,,,,,,,,,,,,,,,,,,,,,TN
671,ae07067467cc71fb031882787bfc03933b389664,0.7615790072391175,mozilla-beta,4788727,12,83c4e198d104587f2d2886f22d06d6ee1fd3d589,linux1804-64-shippable-qr,True,False,,,102210fe594ee9b33d82058545b1ed14f4c8206e,console.log-in-loop-content-process-typedarray,damp,True,damp console.log-in-loop-content-process-typedarray opt e10s fission stylo webrender-sw,4788178,6,ms,firefox,448444980.0,1848634233,2024-02-26 09:19:39,1382178,,,,,,,,,,,,,,,,,,,,,,,,,,,,,,,,,,,,,,,,,,,,,,,,,TN
672,0999ed6a09f562ac5680ce7111c3611857a93c49,0.7008188945924112,mozilla-beta,4788727,12,83c4e198d104587f2d2886f22d06d6ee1fd3d589,linux1804-64-shippable-qr,True,False,,,102210fe594ee9b33d82058545b1ed14f4c8206e,console.log-in-loop-content-process-typedarray,damp,True,damp console.log-in-loop-content-process-typedarray opt e10s fission stylo webrender-sw,4788178,6,ms,firefox,448601982.0,1849280142,2024-02-27 09:15:26,1382853,,,,,,,,,,,,,,,,,,,,,,,,,,,,,,,,,,,,,,,,,,,,,,,,,TN
673,401ddd57f906d5e7ca764f87db82b58a9532b1b7,0.7478958138795511,mozilla-beta,4788727,12,83c4e198d104587f2d2886f22d06d6ee1fd3d589,linux1804-64-shippable-qr,True,False,,,102210fe594ee9b33d82058545b1ed14f4c8206e,console.log-in-loop-content-process-typedarray,damp,True,damp console.log-in-loop-content-process-typedarray opt e10s fission stylo webrender-sw,4788178,6,ms,firefox,448756847.0,1849879194,2024-02-28 09:17:14,1383641,,,,,,,,,,,,,,,,,,,,,,,,,,,,,,,,,,,,,,,,,,,,,,,,,TN
674,47a022d40eee30f09c94e7ed9ab0c07c76658c43,0.6667206483338255,mozilla-beta,4788727,12,83c4e198d104587f2d2886f22d06d6ee1fd3d589,linux1804-64-shippable-qr,True,False,,,102210fe594ee9b33d82058545b1ed14f4c8206e,console.log-in-loop-content-process-typedarray,damp,True,damp console.log-in-loop-content-process-typedarray opt e10s fission stylo webrender-sw,4788178,6,ms,firefox,448942638.0,1850595940,2024-02-29 09:18:56,1384386,,,,,,,,,,,,,,,,,,,,,,,,,,,,,,,,,,,,,,,,,,,,,,,,,TN
675,4460e94868c1046b2812fc3a0940966d4a98a7c5,0.7322625824366971,mozilla-beta,4788727,12,83c4e198d104587f2d2886f22d06d6ee1fd3d589,linux1804-64-shippable-qr,True,False,,,102210fe594ee9b33d82058545b1ed14f4c8206e,console.log-in-loop-content-process-typedarray,damp,True,damp console.log-in-loop-content-process-typedarray opt e10s fission stylo webrender-sw,4788178,6,ms,firefox,449086680.0,1851239656,2024-03-01 09:18:52,1385270,,,,,,,,,,,,,,,,,,,,,,,,,,,,,,,,,,,,,,,,,,,,,,,,,TN
676,1cb56ccffcba9313d8620178c2972a667fcfb441,0.6578695924108029,mozilla-beta,4788727,12,83c4e198d104587f2d2886f22d06d6ee1fd3d589,linux1804-64-shippable-qr,True,False,,,102210fe594ee9b33d82058545b1ed14f4c8206e,console.log-in-loop-content-process-typedarray,damp,True,damp console.log-in-loop-content-process-typedarray opt e10s fission stylo webrender-sw,4788178,6,ms,firefox,449201594.0,1851680643,2024-03-02 09:17:43,1385896,,,,,,,,,,,,,,,,,,,,,,,,,,,,,,,,,,,,,,,,,,,,,,,,,TN
677,bfdc95d345acc33d49664c07e599896f13fcfe83,0.5934112793615021,mozilla-beta,4788727,12,83c4e198d104587f2d2886f22d06d6ee1fd3d589,linux1804-64-shippable-qr,True,False,,,102210fe594ee9b33d82058545b1ed14f4c8206e,console.log-in-loop-content-process-typedarray,damp,True,damp console.log-in-loop-content-process-typedarray opt e10s fission stylo webrender-sw,4788178,6,ms,firefox,449305947.0,1852089665,2024-03-03 09:19:05,1386049,,,,,,,,,,,,,,,,,,,,,,,,,,,,,,,,,,,,,,,,,,,,,,,,,TN
678,27d659cebabdf65399b834419b955970b7063987,0.8198932319049193,mozilla-beta,4788727,12,83c4e198d104587f2d2886f22d06d6ee1fd3d589,linux1804-64-shippable-qr,True,False,,,102210fe594ee9b33d82058545b1ed14f4c8206e,console.log-in-loop-content-process-typedarray,damp,True,damp console.log-in-loop-content-process-typedarray opt e10s fission stylo webrender-sw,4788178,6,ms,firefox,449382339.0,1852419148,2024-03-04 09:17:53,1386240,,,,,,,,,,,,,,,,,,,,,,,,,,,,,,,,,,,,,,,,,,,,,,,,,TN
679,ca3c73cda9454065f94c8042e1ab22f3b63d37e4,0.5767216699495523,mozilla-beta,4788727,12,83c4e198d104587f2d2886f22d06d6ee1fd3d589,linux1804-64-shippable-qr,True,False,,,102210fe594ee9b33d82058545b1ed14f4c8206e,console.log-in-loop-content-process-typedarray,damp,True,damp console.log-in-loop-content-process-typedarray opt e10s fission stylo webrender-sw,4788178,6,ms,firefox,449584631.0,1853113299,2024-03-05 09:18:16,1387064,,,,,,,,,,,,,,,,,,,,,,,,,,,,,,,,,,,,,,,,,,,,,,,,,TN
680,e3e0e69d83f0a2b2c37c8c08e660f9e1258c0cdb,0.7397990307289821,mozilla-beta,4788727,12,83c4e198d104587f2d2886f22d06d6ee1fd3d589,linux1804-64-shippable-qr,True,False,,,102210fe594ee9b33d82058545b1ed14f4c8206e,console.log-in-loop-content-process-typedarray,damp,True,damp console.log-in-loop-content-process-typedarray opt e10s fission stylo webrender-sw,4788178,6,ms,firefox,449755635.0,1853753683,2024-03-06 10:47:56,1388026,,,,,,,,,,,,,,,,,,,,,,,,,,,,,,,,,,,,,,,,,,,,,,,,,TN
681,f8d8807e88c8d0cef0e81df53f18d2599dba30c0,0.6794214000385108,mozilla-beta,4788727,12,83c4e198d104587f2d2886f22d06d6ee1fd3d589,linux1804-64-shippable-qr,True,False,,,102210fe594ee9b33d82058545b1ed14f4c8206e,console.log-in-loop-content-process-typedarray,damp,True,damp console.log-in-loop-content-process-typedarray opt e10s fission stylo webrender-sw,4788178,6,ms,firefox,449915308.0,1854403944,2024-03-07 09:17:51,1388859,,,,,,,,,,,,,,,,,,,,,,,,,,,,,,,,,,,,,,,,,,,,,,,,,TN
682,70ebd4ce1fd92e981156d6ee8b4c83924bbcf9bc,0.7983502959907618,mozilla-beta,4788727,12,83c4e198d104587f2d2886f22d06d6ee1fd3d589,linux1804-64-shippable-qr,True,False,,,102210fe594ee9b33d82058545b1ed14f4c8206e,console.log-in-loop-content-process-typedarray,damp,True,damp console.log-in-loop-content-process-typedarray opt e10s fission stylo webrender-sw,4788178,6,ms,firefox,450053202.0,1855041063,2024-03-08 09:16:26,1389590,,,,,,,,,,,,,,,,,,,,,,,,,,,,,,,,,,,,,,,,,,,,,,,,,TN
683,cf5738c4ba92559e15bf68b7425362ee9cf06c4f,0.562932627868439,mozilla-beta,4788727,12,83c4e198d104587f2d2886f22d06d6ee1fd3d589,linux1804-64-shippable-qr,True,False,,,102210fe594ee9b33d82058545b1ed14f4c8206e,console.log-in-loop-content-process-typedarray,damp,True,damp console.log-in-loop-content-process-typedarray opt e10s fission stylo webrender-sw,4788178,6,ms,firefox,450187640.0,1855579663,2024-03-09 09:18:50,1390177,,,,,,,,,,,,,,,,,,,,,,,,,,,,,,,,,,,,,,,,,,,,,,,,,TN
684,540aff2c4e3fb06d8f2d7237c0f97e2607f66db2,0.6829196729123073,mozilla-beta,4788727,12,83c4e198d104587f2d2886f22d06d6ee1fd3d589,linux1804-64-shippable-qr,True,False,,,102210fe594ee9b33d82058545b1ed14f4c8206e,console.log-in-loop-content-process-typedarray,damp,True,damp console.log-in-loop-content-process-typedarray opt e10s fission stylo webrender-sw,4788178,6,ms,firefox,450245345.0,1855776465,2024-03-10 09:17:47,1390270,,,,,,,,,,,,,,,,,,,,,,,,,,,,,,,,,,,,,,,,,,,,,,,,,TN
685,0cf99846ae207384b7b0d487a0c2bdc891c41b98,0.7391057167728619,mozilla-beta,4788727,12,83c4e198d104587f2d2886f22d06d6ee1fd3d589,linux1804-64-shippable-qr,True,False,,,102210fe594ee9b33d82058545b1ed14f4c8206e,console.log-in-loop-content-process-typedarray,damp,True,damp console.log-in-loop-content-process-typedarray opt e10s fission stylo webrender-sw,4788178,6,ms,firefox,450307444.0,1856048645,2024-03-11 09:18:41,1390441,,,,,,,,,,,,,,,,,,,,,,,,,,,,,,,,,,,,,,,,,,,,,,,,,TN
686,0e1d5dc220c3bfb832d713de0ad1146da80622aa,0.6396109294681867,mozilla-beta,4788727,12,83c4e198d104587f2d2886f22d06d6ee1fd3d589,linux1804-64-shippable-qr,True,False,,,102210fe594ee9b33d82058545b1ed14f4c8206e,console.log-in-loop-content-process-typedarray,damp,True,damp console.log-in-loop-content-process-typedarray opt e10s fission stylo webrender-sw,4788178,6,ms,firefox,450466531.0,1856634330,2024-03-11 14:13:13,1390540,,,,,,,,,,,,,,,,,,,,,,,,,,,,,,,,,,,,,,,,,,,,,,,,,TN
687,566939372e5a2716a9508a1acde76dc7c4a2511d,0.6532554157505381,mozilla-beta,4788727,12,83c4e198d104587f2d2886f22d06d6ee1fd3d589,linux1804-64-shippable-qr,True,False,,,102210fe594ee9b33d82058545b1ed14f4c8206e,console.log-in-loop-content-process-typedarray,damp,True,damp console.log-in-loop-content-process-typedarray opt e10s fission stylo webrender-sw,4788178,6,ms,firefox,451102597.0,1859470093,2024-03-18 08:55:08,1394231,,,,,,,,,,,,,,,,,,,,,,,,,,,,,,,,,,,,,,,,,,,,,,,,,TN
688,0a6626ed41f59eb0256321549dcb596810cde22a,0.8541578187692225,mozilla-beta,4788727,12,83c4e198d104587f2d2886f22d06d6ee1fd3d589,linux1804-64-shippable-qr,True,False,,,102210fe594ee9b33d82058545b1ed14f4c8206e,console.log-in-loop-content-process-typedarray,damp,True,damp console.log-in-loop-content-process-typedarray opt e10s fission stylo webrender-sw,4788178,6,ms,firefox,451274455.0,1860138576,2024-03-19 09:38:35,1394680,,,,,,,,,,,,,,,,,,,,,,,,,,,,,,,,,,,,,,,,,,,,,,,,,TN
689,ffae974400aead10a82798846de082587d2f8981,0.8288774601394433,mozilla-beta,4788727,12,83c4e198d104587f2d2886f22d06d6ee1fd3d589,linux1804-64-shippable-qr,True,False,,,102210fe594ee9b33d82058545b1ed14f4c8206e,console.log-in-loop-content-process-typedarray,damp,True,damp console.log-in-loop-content-process-typedarray opt e10s fission stylo webrender-sw,4788178,6,ms,firefox,451456288.0,1860882417,2024-03-20 09:17:24,1395090,,,,,,,,,,,,,,,,,,,,,,,,,,,,,,,,,,,,,,,,,,,,,,,,,TN
690,5ef320087fe3720e882d8e1c7a12b1295c818ebd,0.7814756203780169,mozilla-beta,4788727,12,83c4e198d104587f2d2886f22d06d6ee1fd3d589,linux1804-64-shippable-qr,True,False,,,102210fe594ee9b33d82058545b1ed14f4c8206e,console.log-in-loop-content-process-typedarray,damp,True,damp console.log-in-loop-content-process-typedarray opt e10s fission stylo webrender-sw,4788178,6,ms,firefox,451651030.0,1861642724,2024-03-21 09:16:03,1395733,,,,,,,,,,,,,,,,,,,,,,,,,,,,,,,,,,,,,,,,,,,,,,,,,TN
691,ee89d28fdf0e54ffce41da17f83535e68cbb3c2d,0.7589455090813524,mozilla-beta,4788727,12,83c4e198d104587f2d2886f22d06d6ee1fd3d589,linux1804-64-shippable-qr,True,False,,,102210fe594ee9b33d82058545b1ed14f4c8206e,console.log-in-loop-content-process-typedarray,damp,True,damp console.log-in-loop-content-process-typedarray opt e10s fission stylo webrender-sw,4788178,6,ms,firefox,451876247.0,1862443851,2024-03-22 09:16:22,1397233,,,,,,,,,,,,,,,,,,,,,,,,,,,,,,,,,,,,,,,,,,,,,,,,,TN
692,77e3a282dfd4685e94c03ecd5b18624226e19b27,0.0,mozilla-beta,4788727,12,83c4e198d104587f2d2886f22d06d6ee1fd3d589,linux1804-64-shippable-qr,True,False,,,102210fe594ee9b33d82058545b1ed14f4c8206e,console.log-in-loop-content-process-typedarray,damp,True,damp console.log-in-loop-content-process-typedarray opt e10s fission stylo webrender-sw,4788178,6,ms,firefox,452005217.0,1863000839,2024-03-23 09:19:32,1397823,,,,,,,,,,,,,,,,,,,,,,,,,,,,,,,,,,,,,,,,,,,,,,,,,TN
693,3d85a80706c8f8aa0641870ddd524cfea4891444,0.7396067673302671,mozilla-beta,4788727,12,83c4e198d104587f2d2886f22d06d6ee1fd3d589,linux1804-64-shippable-qr,True,False,,,102210fe594ee9b33d82058545b1ed14f4c8206e,console.log-in-loop-content-process-typedarray,damp,True,damp console.log-in-loop-content-process-typedarray opt e10s fission stylo webrender-sw,4788178,6,ms,firefox,452071178.0,1863275720,2024-03-24 09:20:06,1397933,,,,,,,,,,,,,,,,,,,,,,,,,,,,,,,,,,,,,,,,,,,,,,,,,TN
694,e44d7c643476811488fd811c8bba2509843641c1,0.7774638185836276,mozilla-beta,4788727,12,83c4e198d104587f2d2886f22d06d6ee1fd3d589,linux1804-64-shippable-qr,True,False,,,102210fe594ee9b33d82058545b1ed14f4c8206e,console.log-in-loop-content-process-typedarray,damp,True,damp console.log-in-loop-content-process-typedarray opt e10s fission stylo webrender-sw,4788178,6,ms,firefox,452147231.0,1863599029,2024-03-25 09:14:08,1398053,,,,,,,,,,,,,,,,,,,,,,,,,,,,,,,,,,,,,,,,,,,,,,,,,TN
695,d301ddf00248b484c7738710f6c8b8505b83f314,0.7478675564249202,mozilla-beta,4788727,12,83c4e198d104587f2d2886f22d06d6ee1fd3d589,linux1804-64-shippable-qr,True,False,,,102210fe594ee9b33d82058545b1ed14f4c8206e,console.log-in-loop-content-process-typedarray,damp,True,damp console.log-in-loop-content-process-typedarray opt e10s fission stylo webrender-sw,4788178,6,ms,firefox,452325939.0,1864344379,2024-03-26 09:15:47,1398856,,,,,,,,,,,,,,,,,,,,,,,,,,,,,,,,,,,,,,,,,,,,,,,,,TN
696,2961c0291c90821915e323eb718526343c9002f6,0.6951428333822323,mozilla-beta,4788727,12,83c4e198d104587f2d2886f22d06d6ee1fd3d589,linux1804-64-shippable-qr,True,False,,,102210fe594ee9b33d82058545b1ed14f4c8206e,console.log-in-loop-content-process-typedarray,damp,True,damp console.log-in-loop-content-process-typedarray opt e10s fission stylo webrender-sw,4788178,6,ms,firefox,452491681.0,1865041027,2024-03-27 09:22:50,1399681,,,,,,,,,,,,,,,,,,,,,,,,,,,,,,,,,,,,,,,,,,,,,,,,,TN
697,d8ff3d0abda00419cb16fc609e8bd1b548a22f20,0.6786823589193904,mozilla-beta,4788727,12,83c4e198d104587f2d2886f22d06d6ee1fd3d589,linux1804-64-shippable-qr,True,False,,,102210fe594ee9b33d82058545b1ed14f4c8206e,console.log-in-loop-content-process-typedarray,damp,True,damp console.log-in-loop-content-process-typedarray opt e10s fission stylo webrender-sw,4788178,6,ms,firefox,452664599.0,1865693436,2024-03-28 09:19:58,1400430,,,,,,,,,,,,,,,,,,,,,,,,,,,,,,,,,,,,,,,,,,,,,,,,,TN
698,9d8459103ff084e7123569e4154861e4814b1a5c,0.7651704572579603,mozilla-beta,4788727,12,83c4e198d104587f2d2886f22d06d6ee1fd3d589,linux1804-64-shippable-qr,True,False,,,102210fe594ee9b33d82058545b1ed14f4c8206e,console.log-in-loop-content-process-typedarray,damp,True,damp console.log-in-loop-content-process-typedarray opt e10s fission stylo webrender-sw,4788178,6,ms,firefox,452805313.0,1866309871,2024-03-29 09:19:18,1401077,,,,,,,,,,,,,,,,,,,,,,,,,,,,,,,,,,,,,,,,,,,,,,,,,TN
699,fba6666cd8c543502ed302f3b88b3f3a3ad1b0a5,0.7993210965405928,mozilla-beta,4788727,12,83c4e198d104587f2d2886f22d06d6ee1fd3d589,linux1804-64-shippable-qr,True,False,,,102210fe594ee9b33d82058545b1ed14f4c8206e,console.log-in-loop-content-process-typedarray,damp,True,damp console.log-in-loop-content-process-typedarray opt e10s fission stylo webrender-sw,4788178,6,ms,firefox,452920359.0,1866758311,2024-03-30 09:18:58,1401447,,,,,,,,,,,,,,,,,,,,,,,,,,,,,,,,,,,,,,,,,,,,,,,,,TN
700,6d71e191ef0c59ab08e1f033675d55f11f8d745f,0.6006669725341185,mozilla-beta,4788727,12,83c4e198d104587f2d2886f22d06d6ee1fd3d589,linux1804-64-shippable-qr,True,False,,,102210fe594ee9b33d82058545b1ed14f4c8206e,console.log-in-loop-content-process-typedarray,damp,True,damp console.log-in-loop-content-process-typedarray opt e10s fission stylo webrender-sw,4788178,6,ms,firefox,452976769.0,1866986019,2024-03-31 09:17:23,1401517,,,,,,,,,,,,,,,,,,,,,,,,,,,,,,,,,,,,,,,,,,,,,,,,,TN
701,705c01f25fd07ab305f171f08f4ec807d926b61a,0.7217103955471411,mozilla-beta,4788727,12,83c4e198d104587f2d2886f22d06d6ee1fd3d589,linux1804-64-shippable-qr,True,False,,,102210fe594ee9b33d82058545b1ed14f4c8206e,console.log-in-loop-content-process-typedarray,damp,True,damp console.log-in-loop-content-process-typedarray opt e10s fission stylo webrender-sw,4788178,6,ms,firefox,453033742.0,1867174809,2024-04-01 09:16:00,1401632,,,,,,,,,,,,,,,,,,,,,,,,,,,,,,,,,,,,,,,,,,,,,,,,,TN
702,e16ab0e5c2ea33875bc9659e41e54fb7247aac99,0.7575372734744663,mozilla-beta,4788727,12,83c4e198d104587f2d2886f22d06d6ee1fd3d589,linux1804-64-shippable-qr,True,False,,,102210fe594ee9b33d82058545b1ed14f4c8206e,console.log-in-loop-content-process-typedarray,damp,True,damp console.log-in-loop-content-process-typedarray opt e10s fission stylo webrender-sw,4788178,6,ms,firefox,453182036.0,1867722922,2024-04-02 09:18:04,1402189,,,,,,,,,,,,,,,,,,,,,,,,,,,,,,,,,,,,,,,,,,,,,,,,,TN
703,112b84c83c8e3dfdce67608701b29c4a5174cfc0,0.8621392374399859,mozilla-beta,4788727,12,83c4e198d104587f2d2886f22d06d6ee1fd3d589,linux1804-64-shippable-qr,True,False,,,102210fe594ee9b33d82058545b1ed14f4c8206e,console.log-in-loop-content-process-typedarray,damp,True,damp console.log-in-loop-content-process-typedarray opt e10s fission stylo webrender-sw,4788178,6,ms,firefox,453324824.0,1868313737,2024-04-03 09:16:02,1402980,,,,,,,,,,,,,,,,,,,,,,,,,,,,,,,,,,,,,,,,,,,,,,,,,TN
704,848a5dd2f03333916deef2de0bd480f76ee8e2ec,0.7489771485748462,mozilla-beta,4788727,12,83c4e198d104587f2d2886f22d06d6ee1fd3d589,linux1804-64-shippable-qr,True,False,,,102210fe594ee9b33d82058545b1ed14f4c8206e,console.log-in-loop-content-process-typedarray,damp,True,damp console.log-in-loop-content-process-typedarray opt e10s fission stylo webrender-sw,4788178,6,ms,firefox,453487706.0,1868898668,2024-04-04 09:18:18,1403785,,,,,,,,,,,,,,,,,,,,,,,,,,,,,,,,,,,,,,,,,,,,,,,,,TN
705,86f05a3e07907e08cf22b59ea204a889fdd3a50f,0.7719928855618012,mozilla-beta,4788727,12,83c4e198d104587f2d2886f22d06d6ee1fd3d589,linux1804-64-shippable-qr,True,False,,,102210fe594ee9b33d82058545b1ed14f4c8206e,console.log-in-loop-content-process-typedarray,damp,True,damp console.log-in-loop-content-process-typedarray opt e10s fission stylo webrender-sw,4788178,6,ms,firefox,453620307.0,1869457102,2024-04-05 09:18:28,1404535,,,,,,,,,,,,,,,,,,,,,,,,,,,,,,,,,,,,,,,,,,,,,,,,,TN
706,da83bf954eeaf0d60535435699e22d1bdab9b0c9,0.6792219716441723,mozilla-beta,4788727,12,83c4e198d104587f2d2886f22d06d6ee1fd3d589,linux1804-64-shippable-qr,True,False,,,102210fe594ee9b33d82058545b1ed14f4c8206e,console.log-in-loop-content-process-typedarray,damp,True,damp console.log-in-loop-content-process-typedarray opt e10s fission stylo webrender-sw,4788178,6,ms,firefox,453755949.0,1870037491,2024-04-06 09:20:39,1405215,,,,,,,,,,,,,,,,,,,,,,,,,,,,,,,,,,,,,,,,,,,,,,,,,TN
707,dad2699f2155c61aebd7d696cc82932726b75e3c,0.7383772862876339,mozilla-beta,4788727,12,83c4e198d104587f2d2886f22d06d6ee1fd3d589,linux1804-64-shippable-qr,True,False,,,102210fe594ee9b33d82058545b1ed14f4c8206e,console.log-in-loop-content-process-typedarray,damp,True,damp console.log-in-loop-content-process-typedarray opt e10s fission stylo webrender-sw,4788178,6,ms,firefox,453820378.0,1870294615,2024-04-07 09:17:44,1405323,,,,,,,,,,,,,,,,,,,,,,,,,,,,,,,,,,,,,,,,,,,,,,,,,TN
708,8d35730992fa27721373e9a72c891e9dc91b1e24,0.7834662654698188,mozilla-beta,4788727,12,83c4e198d104587f2d2886f22d06d6ee1fd3d589,linux1804-64-shippable-qr,True,False,,,102210fe594ee9b33d82058545b1ed14f4c8206e,console.log-in-loop-content-process-typedarray,damp,True,damp console.log-in-loop-content-process-typedarray opt e10s fission stylo webrender-sw,4788178,6,ms,firefox,453884399.0,1870585206,2024-04-08 09:22:27,1405479,,,,,,,,,,,,,,,,,,,,,,,,,,,,,,,,,,,,,,,,,,,,,,,,,TN
709,4e51542f4ccd3c2e5ba3ad9f16cfb13c2b967ba9,0.6677414750440067,mozilla-beta,4788727,12,83c4e198d104587f2d2886f22d06d6ee1fd3d589,linux1804-64-shippable-qr,True,False,,,102210fe594ee9b33d82058545b1ed14f4c8206e,console.log-in-loop-content-process-typedarray,damp,True,damp console.log-in-loop-content-process-typedarray opt e10s fission stylo webrender-sw,4788178,6,ms,firefox,454060661.0,1871299240,2024-04-08 15:33:15,1405725,,,,,,,,,,,,,,,,,,,,,,,,,,,,,,,,,,,,,,,,,,,,,,,,,TN
710,661ff1b9ed7bf303e9169dceb043702b7d51ef20,0.6687308079756606,mozilla-beta,4788727,12,83c4e198d104587f2d2886f22d06d6ee1fd3d589,linux1804-64-shippable-qr,True,False,,,102210fe594ee9b33d82058545b1ed14f4c8206e,console.log-in-loop-content-process-typedarray,damp,True,damp console.log-in-loop-content-process-typedarray opt e10s fission stylo webrender-sw,4788178,6,ms,firefox,454534399.0,1873936341,2024-04-15 10:01:36,1408728,,,,,,,,,,,,,,,,,,,,,,,,,,,,,,,,,,,,,,,,,,,,,,,,,TN
711,636d77d668ab9281936ff63e48accb5b1ff475da,0.6136141195817904,mozilla-beta,4788727,12,83c4e198d104587f2d2886f22d06d6ee1fd3d589,linux1804-64-shippable-qr,True,False,,,102210fe594ee9b33d82058545b1ed14f4c8206e,console.log-in-loop-content-process-typedarray,damp,True,damp console.log-in-loop-content-process-typedarray opt e10s fission stylo webrender-sw,4788178,6,ms,firefox,454714167.0,1874729921,2024-04-16 09:39:32,1409497,,,,,,,,,,,,,,,,,,,,,,,,,,,,,,,,,,,,,,,,,,,,,,,,,TN
712,de50e72d13d30fea9aa987c75dbc16e138261f33,0.7571526822724421,mozilla-beta,4788727,12,83c4e198d104587f2d2886f22d06d6ee1fd3d589,linux1804-64-shippable-qr,True,False,,,102210fe594ee9b33d82058545b1ed14f4c8206e,console.log-in-loop-content-process-typedarray,damp,True,damp console.log-in-loop-content-process-typedarray opt e10s fission stylo webrender-sw,4788178,6,ms,firefox,454840342.0,1875373431,2024-04-17 09:19:40,1410379,,,,,,,,,,,,,,,,,,,,,,,,,,,,,,,,,,,,,,,,,,,,,,,,,TN
713,a863a33698239851dc5fd23f3c949f866d1f0f34,0.7887280611256182,mozilla-beta,4788727,12,83c4e198d104587f2d2886f22d06d6ee1fd3d589,linux1804-64-shippable-qr,True,False,,,102210fe594ee9b33d82058545b1ed14f4c8206e,console.log-in-loop-content-process-typedarray,damp,True,damp console.log-in-loop-content-process-typedarray opt e10s fission stylo webrender-sw,4788178,6,ms,firefox,454988085.0,1876003596,2024-04-18 09:20:53,1411325,,,,,,,,,,,,,,,,,,,,,,,,,,,,,,,,,,,,,,,,,,,,,,,,,TN
714,c0fa9fa5581346bd24fb8df1e56520a1ab09c320,0.7013278829989251,mozilla-beta,4788727,12,83c4e198d104587f2d2886f22d06d6ee1fd3d589,linux1804-64-shippable-qr,True,False,,,102210fe594ee9b33d82058545b1ed14f4c8206e,console.log-in-loop-content-process-typedarray,damp,True,damp console.log-in-loop-content-process-typedarray opt e10s fission stylo webrender-sw,4788178,6,ms,firefox,455141153.0,1876962658,2024-04-19 09:26:09,1412122,,,,,,,,,,,,,,,,,,,,,,,,,,,,,,,,,,,,,,,,,,,,,,,,,TN
715,08c5ccbc227d2a7a3b9c2e25c028672c95324e46,0.564380794237362,mozilla-beta,4788727,12,83c4e198d104587f2d2886f22d06d6ee1fd3d589,linux1804-64-shippable-qr,True,False,,,102210fe594ee9b33d82058545b1ed14f4c8206e,console.log-in-loop-content-process-typedarray,damp,True,damp console.log-in-loop-content-process-typedarray opt e10s fission stylo webrender-sw,4788178,6,ms,firefox,455265910.0,1877567876,2024-04-20 09:20:43,1412720,,,,,,,,,,,,,,,,,,,,,,,,,,,,,,,,,,,,,,,,,,,,,,,,,TN
716,5fcb3101ac687798d63cc828dd860f176e504485,0.5817191497227188,mozilla-beta,4788727,12,83c4e198d104587f2d2886f22d06d6ee1fd3d589,linux1804-64-shippable-qr,True,False,,,102210fe594ee9b33d82058545b1ed14f4c8206e,console.log-in-loop-content-process-typedarray,damp,True,damp console.log-in-loop-content-process-typedarray opt e10s fission stylo webrender-sw,4788178,6,ms,firefox,455306868.0,1877748012,2024-04-21 09:21:28,1412801,,,,,,,,,,,,,,,,,,,,,,,,,,,,,,,,,,,,,,,,,,,,,,,,,TN
717,9d4b914d92b130add8f178e9b5ca738ff713d826,0.6063302977636131,mozilla-beta,4788727,12,83c4e198d104587f2d2886f22d06d6ee1fd3d589,linux1804-64-shippable-qr,True,False,,,102210fe594ee9b33d82058545b1ed14f4c8206e,console.log-in-loop-content-process-typedarray,damp,True,damp console.log-in-loop-content-process-typedarray opt e10s fission stylo webrender-sw,4788178,6,ms,firefox,455361829.0,1878102438,2024-04-22 09:19:40,1412983,,,,,,,,,,,,,,,,,,,,,,,,,,,,,,,,,,,,,,,,,,,,,,,,,TN
718,5cdb2f8e60b06efb312a22abddb6cf9062a03bde,0.6588733358392402,mozilla-beta,4788727,12,83c4e198d104587f2d2886f22d06d6ee1fd3d589,linux1804-64-shippable-qr,True,False,,,102210fe594ee9b33d82058545b1ed14f4c8206e,console.log-in-loop-content-process-typedarray,damp,True,damp console.log-in-loop-content-process-typedarray opt e10s fission stylo webrender-sw,4788178,6,ms,firefox,455538637.0,1878896164,2024-04-23 11:56:00,1413922,,,,,,,,,,,,,,,,,,,,,,,,,,,,,,,,,,,,,,,,,,,,,,,,,TN
719,5238516b327c5721e0ca31a9cdc2b52972aab980,0.5740190336095585,mozilla-beta,4788727,12,83c4e198d104587f2d2886f22d06d6ee1fd3d589,linux1804-64-shippable-qr,True,False,,,102210fe594ee9b33d82058545b1ed14f4c8206e,console.log-in-loop-content-process-typedarray,damp,True,damp console.log-in-loop-content-process-typedarray opt e10s fission stylo webrender-sw,4788178,6,ms,firefox,455670616.0,1879718645,2024-04-24 09:17:56,1414697,,,,,,,,,,,,,,,,,,,,,,,,,,,,,,,,,,,,,,,,,,,,,,,,,TN
720,bc66aa65643eb49777eb4b9aa39688abf685bb04,0.5624143330182156,mozilla-beta,4788727,12,83c4e198d104587f2d2886f22d06d6ee1fd3d589,linux1804-64-shippable-qr,True,False,,,102210fe594ee9b33d82058545b1ed14f4c8206e,console.log-in-loop-content-process-typedarray,damp,True,damp console.log-in-loop-content-process-typedarray opt e10s fission stylo webrender-sw,4788178,6,ms,firefox,455818194.0,534934,2024-04-25 09:21:28,1415835,,,,,,,,,,,,,,,,,,,,,,,,,,,,,,,,,,,,,,,,,,,,,,,,,TN
721,33536b8cf71a5cdaa174a5f02fc8fde525c0fa91,0.5258584288644879,mozilla-beta,4788727,12,83c4e198d104587f2d2886f22d06d6ee1fd3d589,linux1804-64-shippable-qr,True,False,,,102210fe594ee9b33d82058545b1ed14f4c8206e,console.log-in-loop-content-process-typedarray,damp,True,damp console.log-in-loop-content-process-typedarray opt e10s fission stylo webrender-sw,4788178,6,ms,firefox,455982509.0,1268099,2024-04-26 09:17:20,1416660,,,,,,,,,,,,,,,,,,,,,,,,,,,,,,,,,,,,,,,,,,,,,,,,,TN
722,6095688cc01d96bc2f3e2f065304c0e411a65cfa,0.5564336870398652,mozilla-beta,4788727,12,83c4e198d104587f2d2886f22d06d6ee1fd3d589,linux1804-64-shippable-qr,True,False,,,102210fe594ee9b33d82058545b1ed14f4c8206e,console.log-in-loop-content-process-typedarray,damp,True,damp console.log-in-loop-content-process-typedarray opt e10s fission stylo webrender-sw,4788178,6,ms,firefox,456110227.0,1815900,2024-04-27 09:17:32,1417247,,,,,,,,,,,,,,,,,,,,,,,,,,,,,,,,,,,,,,,,,,,,,,,,,TN
723,b7da94d4ea323cf6227112f6b413d76b135a62b4,0.47766327112953944,mozilla-beta,4788727,12,83c4e198d104587f2d2886f22d06d6ee1fd3d589,linux1804-64-shippable-qr,True,False,,,102210fe594ee9b33d82058545b1ed14f4c8206e,console.log-in-loop-content-process-typedarray,damp,True,damp console.log-in-loop-content-process-typedarray opt e10s fission stylo webrender-sw,4788178,6,ms,firefox,456179241.0,2150046,2024-04-28 09:20:44,1417375,,,,,,,,,,,,,,,,,,,,,,,,,,,,,,,,,,,,,,,,,,,,,,,,,TN
724,eabc48135fde74a52c97a390c112adfe37d93772,0.7938415011197062,mozilla-beta,4788727,12,83c4e198d104587f2d2886f22d06d6ee1fd3d589,linux1804-64-shippable-qr,True,False,,,102210fe594ee9b33d82058545b1ed14f4c8206e,console.log-in-loop-content-process-typedarray,damp,True,damp console.log-in-loop-content-process-typedarray opt e10s fission stylo webrender-sw,4788178,6,ms,firefox,456240953.0,2487270,2024-04-29 09:17:43,1417533,,,,,,,,,,,,,,,,,,,,,,,,,,,,,,,,,,,,,,,,,,,,,,,,,TN
725,6d159a881cdd423e3c82ccde5d9bfd0afb27dee8,0.5898830262139696,mozilla-beta,4788727,12,83c4e198d104587f2d2886f22d06d6ee1fd3d589,linux1804-64-shippable-qr,True,False,,,102210fe594ee9b33d82058545b1ed14f4c8206e,console.log-in-loop-content-process-typedarray,damp,True,damp console.log-in-loop-content-process-typedarray opt e10s fission stylo webrender-sw,4788178,6,ms,firefox,456407672.0,3453170,2024-04-30 09:14:45,1418361,,,,,,,,,,,,,,,,,,,,,,,,,,,,,,,,,,,,,,,,,,,,,,,,,TN
726,2c1b332c32fbb367785158b4dd9888dcad9e3b43,0.5905295342325751,mozilla-beta,4788727,12,83c4e198d104587f2d2886f22d06d6ee1fd3d589,linux1804-64-shippable-qr,True,False,,,102210fe594ee9b33d82058545b1ed14f4c8206e,console.log-in-loop-content-process-typedarray,damp,True,damp console.log-in-loop-content-process-typedarray opt e10s fission stylo webrender-sw,4788178,6,ms,firefox,456673841.0,4653471,2024-05-02 09:18:48,1419643,,,,,,,,,,,,,,,,,,,,,,,,,,,,,,,,,,,,,,,,,,,,,,,,,TN
727,7245a1e9161d303fa04d28e3b29ff4176c10f9fe,0.5037761056413341,mozilla-beta,4788727,12,83c4e198d104587f2d2886f22d06d6ee1fd3d589,linux1804-64-shippable-qr,True,False,,,102210fe594ee9b33d82058545b1ed14f4c8206e,console.log-in-loop-content-process-typedarray,damp,True,damp console.log-in-loop-content-process-typedarray opt e10s fission stylo webrender-sw,4788178,6,ms,firefox,456826176.0,5444815,2024-05-03 09:17:35,1420493,,,,,,,,,,,,,,,,,,,,,,,,,,,,,,,,,,,,,,,,,,,,,,,,,TN
728,1f075135dc3c0a87ad33c7686f35064010169efe,0.5997391619579098,mozilla-beta,4788727,12,83c4e198d104587f2d2886f22d06d6ee1fd3d589,linux1804-64-shippable-qr,True,False,,,102210fe594ee9b33d82058545b1ed14f4c8206e,console.log-in-loop-content-process-typedarray,damp,True,damp console.log-in-loop-content-process-typedarray opt e10s fission stylo webrender-sw,4788178,6,ms,firefox,456962401.0,6258830,2024-05-04 09:19:04,1421173,,,,,,,,,,,,,,,,,,,,,,,,,,,,,,,,,,,,,,,,,,,,,,,,,TN
729,247ffa71e901a9d3a97fcb408c22633e145033f4,0.770868786308494,mozilla-beta,4788727,12,83c4e198d104587f2d2886f22d06d6ee1fd3d589,linux1804-64-shippable-qr,True,False,,,102210fe594ee9b33d82058545b1ed14f4c8206e,console.log-in-loop-content-process-typedarray,damp,True,damp console.log-in-loop-content-process-typedarray opt e10s fission stylo webrender-sw,4788178,6,ms,firefox,457019572.0,6574046,2024-05-05 09:16:13,1421425,,,,,,,,,,,,,,,,,,,,,,,,,,,,,,,,,,,,,,,,,,,,,,,,,TN
730,1d9f6a8927e833a3af5199d5abc8cfbd59d5d1c3,0.48320018651529395,mozilla-beta,4788727,12,83c4e198d104587f2d2886f22d06d6ee1fd3d589,linux1804-64-shippable-qr,True,False,,,102210fe594ee9b33d82058545b1ed14f4c8206e,console.log-in-loop-content-process-typedarray,damp,True,damp console.log-in-loop-content-process-typedarray opt e10s fission stylo webrender-sw,4788178,6,ms,firefox,457087586.0,6981059,2024-05-06 09:19:25,1421578,,,,,,,,,,,,,,,,,,,,,,,,,,,,,,,,,,,,,,,,,,,,,,,,,TN
